LabResultID,EncounterID,PatientID,TestCode,TestName,ResultValue,Units,RefLow,RefHigh,AbnormalFlag,Priority,OrderDateTime,CollectedDateTime,ResultedDateTime
LAB700001,ENC100001,PT10493,GLU,Glucose,104,mg/dL,70,99,H,Routine,2024-01-01 07:08,2024-01-01 07:33,2024-01-01 09:09
LAB700002,ENC100001,PT10493,CREAT,Creatinine,0.9,mg/dL,0.6,1.3,N,Routine,2024-01-01 06:38,2024-01-01 06:53,2024-01-01 09:14
LAB700003,ENC100001,PT10493,WBC,White Blood Cell Count,5.3,K/uL,4.5,11,N,STAT,2024-01-01 06:30,2024-01-01 06:47,2024-01-01 07:10
LAB700004,ENC100001,PT10493,HGB,Hemoglobin,13,g/dL,12,17.5,N,STAT,2024-01-01 06:42,2024-01-01 06:51,2024-01-01 07:31
LAB700005,ENC100001,PT10493,NA,Sodium,137,mmol/L,136,145,N,STAT,2024-01-01 06:14,2024-01-01 06:45,2024-01-01 07:53
LAB700006,ENC100001,PT10493,K,Potassium,4,mmol/L,3.5,5.1,N,STAT,2024-01-01 06:51,2024-01-01 06:57,2024-01-01 08:08
LAB700007,ENC100001,PT10493,INR,Prothrombin Time INR,1.1,ratio,0.8,1.2,N,STAT,2024-01-01 06:58,2024-01-01 07:32,2024-01-01 08:32
LAB700008,ENC100004,PT12694,GLU,Glucose,231,mg/dL,70,99,H,STAT,2024-01-01 08:46,2024-01-01 08:50,2024-01-01 09:20
LAB700009,ENC100004,PT12694,CREAT,Creatinine,0.88,mg/dL,0.6,1.3,N,STAT,2024-01-01 09:30,2024-01-01 09:36,2024-01-01 10:28
LAB700010,ENC100015,PT11800,A1C,Hemoglobin A1c,6.8,%,4,5.6,H,Routine,2024-01-01 13:19,2024-01-01 13:28,2024-01-02 04:35
LAB700011,ENC100015,PT11800,GLU,Glucose,165,mg/dL,70,99,H,Routine,2024-01-01 13:23,2024-01-01 13:48,2024-01-01 15:07
LAB700012,ENC100015,PT11800,CREAT,Creatinine,0.71,mg/dL,0.6,1.3,N,Routine,2024-01-01 13:29,2024-01-01 13:36,2024-01-01 16:34
LAB700013,ENC100022,PT12529,GLU,Glucose,88,mg/dL,70,99,N,STAT,2024-01-01 18:20,2024-01-01 18:54,2024-01-01 19:32
LAB700014,ENC100022,PT12529,CREAT,Creatinine,0.94,mg/dL,0.6,1.3,N,Routine,2024-01-01 17:54,2024-01-01 18:16,2024-01-01 20:07
LAB700015,ENC100022,PT12529,WBC,White Blood Cell Count,6.8,K/uL,4.5,11,N,STAT,2024-01-01 18:42,2024-01-01 19:05,2024-01-01 19:33
LAB700016,ENC100022,PT12529,HGB,Hemoglobin,13,g/dL,12,17.5,N,Routine,2024-01-01 18:33,2024-01-01 18:56,2024-01-01 22:43
LAB700017,ENC100023,PT13907,A1C,Hemoglobin A1c,7.1,%,4,5.6,H,Routine,2024-01-01 14:55,2024-01-01 15:11,2024-01-02 19:29
LAB700018,ENC100027,PT12101,LDL,LDL Cholesterol,132,mg/dL,0,99,H,Routine,2024-01-01 15:48,2024-01-01 16:22,2024-01-02 23:24
LAB700019,ENC100027,PT12101,A1C,Hemoglobin A1c,5.1,%,4,5.6,N,Routine,2024-01-01 15:57,2024-01-01 16:05,2024-01-01 23:36
LAB700020,ENC100029,PT11894,GLU,Glucose,92,mg/dL,70,99,N,STAT,2024-01-01 17:06,2024-01-01 17:27,2024-01-01 18:16
LAB700021,ENC100029,PT11894,CREAT,Creatinine,0.39,mg/dL,0.6,1.3,L,STAT,2024-01-01 16:15,2024-01-01 16:31,2024-01-01 17:29
LAB700022,ENC100034,PT10353,GLU,Glucose,107,mg/dL,70,99,H,Routine,2024-01-01 18:59,2024-01-01 19:23,2024-01-01 21:24
LAB700023,ENC100034,PT10353,CREAT,Creatinine,0.64,mg/dL,0.6,1.3,N,STAT,2024-01-01 19:24,2024-01-01 19:55,2024-01-01 20:22
LAB700024,ENC100034,PT10353,WBC,White Blood Cell Count,5.7,K/uL,4.5,11,N,STAT,2024-01-01 19:26,2024-01-01 19:45,2024-01-01 21:49
LAB700025,ENC100034,PT10353,HGB,Hemoglobin,16.2,g/dL,12,17.5,N,Routine,2024-01-01 19:21,2024-01-01 19:33,2024-01-02 00:02
LAB700026,ENC100034,PT10353,TROP,"Troponin I, High Sensitivity",6,ng/L,0,34,N,STAT,2024-01-01 18:52,2024-01-01 19:11,2024-01-01 20:09
LAB700027,ENC100034,PT10353,BNP,B-Type Natriuretic Peptide,2141,pg/mL,0,100,H,STAT,2024-01-01 18:48,2024-01-01 19:20,2024-01-01 20:23
LAB700028,ENC100035,PT13560,GLU,Glucose,127,mg/dL,70,99,H,STAT,2024-01-01 17:40,2024-01-01 18:11,2024-01-01 18:36
LAB700029,ENC100035,PT13560,CREAT,Creatinine,1.06,mg/dL,0.6,1.3,N,STAT,2024-01-01 18:30,2024-01-01 18:38,2024-01-01 19:11
LAB700030,ENC100035,PT13560,WBC,White Blood Cell Count,5.4,K/uL,4.5,11,N,Routine,2024-01-01 18:13,2024-01-01 18:25,2024-01-01 22:16
LAB700031,ENC100035,PT13560,HGB,Hemoglobin,11.7,g/dL,12,17.5,L,STAT,2024-01-01 18:41,2024-01-01 19:01,2024-01-01 21:36
LAB700032,ENC100035,PT13560,TROP,"Troponin I, High Sensitivity",88,ng/L,0,34,H,STAT,2024-01-01 18:34,2024-01-01 18:48,2024-01-01 19:13
LAB700033,ENC100035,PT13560,BNP,B-Type Natriuretic Peptide,747,pg/mL,0,100,H,STAT,2024-01-01 18:44,2024-01-01 19:04,2024-01-01 19:51
LAB700034,ENC100036,PT10916,GLU,Glucose,125,mg/dL,70,99,H,STAT,2024-01-01 20:23,2024-01-01 20:55,2024-01-01 21:55
LAB700035,ENC100036,PT10916,CREAT,Creatinine,0.86,mg/dL,0.6,1.3,N,STAT,2024-01-01 19:35,2024-01-01 20:09,2024-01-01 20:45
LAB700036,ENC100036,PT10916,WBC,White Blood Cell Count,8.2,K/uL,4.5,11,N,Routine,2024-01-01 20:02,2024-01-01 20:24,2024-01-01 23:48
LAB700037,ENC100036,PT10916,HGB,Hemoglobin,15,g/dL,12,17.5,N,STAT,2024-01-01 20:27,2024-01-01 20:39,2024-01-01 21:35
LAB700038,ENC100036,PT10916,NA,Sodium,139,mmol/L,136,145,N,Routine,2024-01-01 20:36,2024-01-01 21:06,2024-01-02 05:24
LAB700039,ENC100036,PT10916,K,Potassium,4.3,mmol/L,3.5,5.1,N,STAT,2024-01-01 20:36,2024-01-01 20:42,2024-01-01 21:37
LAB700040,ENC100036,PT10916,BUN,Blood Urea Nitrogen,16,mg/dL,7,20,N,STAT,2024-01-01 19:48,2024-01-01 20:00,2024-01-01 20:54
LAB700041,ENC100036,PT10916,PLT,Platelet Count,186,K/uL,150,400,N,STAT,2024-01-01 20:30,2024-01-01 20:37,2024-01-01 21:48
LAB700042,ENC100037,PT13215,GLU,Glucose,91,mg/dL,70,99,N,Routine,2024-01-02 01:38,2024-01-02 01:57,2024-01-02 08:51
LAB700043,ENC100037,PT13215,CREAT,Creatinine,1.2,mg/dL,0.6,1.3,N,STAT,2024-01-02 01:03,2024-01-02 01:27,2024-01-02 03:40
LAB700044,ENC100037,PT13215,WBC,White Blood Cell Count,9.5,K/uL,4.5,11,N,Routine,2024-01-02 01:26,2024-01-02 01:38,2024-01-02 05:11
LAB700045,ENC100037,PT13215,HGB,Hemoglobin,12.8,g/dL,12,17.5,N,STAT,2024-01-02 00:39,2024-01-02 01:14,2024-01-02 02:10
LAB700046,ENC100037,PT13215,INR,Prothrombin Time INR,1.2,ratio,0.8,1.2,N,STAT,2024-01-02 01:18,2024-01-02 01:37,2024-01-02 02:40
LAB700047,ENC100038,PT10663,GLU,Glucose,128,mg/dL,70,99,H,Routine,2024-01-01 20:48,2024-01-01 21:17,2024-01-02 00:14
LAB700048,ENC100038,PT10663,CREAT,Creatinine,0.78,mg/dL,0.6,1.3,N,STAT,2024-01-01 20:53,2024-01-01 21:24,2024-01-01 22:43
LAB700049,ENC100038,PT10663,WBC,White Blood Cell Count,5.3,K/uL,4.5,11,N,Routine,2024-01-01 20:56,2024-01-01 21:15,2024-01-02 00:06
LAB700050,ENC100038,PT10663,HGB,Hemoglobin,14.4,g/dL,12,17.5,N,STAT,2024-01-01 20:45,2024-01-01 21:07,2024-01-01 21:52
LAB700051,ENC100038,PT10663,BUN,Blood Urea Nitrogen,16,mg/dL,7,20,N,Routine,2024-01-01 19:56,2024-01-01 20:24,2024-01-02 04:01
LAB700052,ENC100038,PT10663,PLT,Platelet Count,318,K/uL,150,400,N,STAT,2024-01-01 20:28,2024-01-01 20:38,2024-01-01 21:38
LAB700053,ENC100040,PT12479,TROP,"Troponin I, High Sensitivity",6,ng/L,0,34,N,STAT,2024-01-02 07:12,2024-01-02 07:28,2024-01-02 08:06
LAB700054,ENC100042,PT10969,TROP,"Troponin I, High Sensitivity",1,ng/L,0,34,N,STAT,2024-01-02 08:10,2024-01-02 08:32,2024-01-02 09:22
LAB700055,ENC100044,PT11969,GLU,Glucose,78,mg/dL,70,99,N,STAT,2024-01-02 09:24,2024-01-02 09:35,2024-01-02 10:03
LAB700056,ENC100044,PT11969,CREAT,Creatinine,0.8,mg/dL,0.6,1.3,N,Routine,2024-01-02 09:02,2024-01-02 09:37,2024-01-02 10:46
LAB700057,ENC100044,PT11969,WBC,White Blood Cell Count,7.1,K/uL,4.5,11,N,STAT,2024-01-02 09:35,2024-01-02 09:50,2024-01-02 10:35
LAB700058,ENC100045,PT11632,A1C,Hemoglobin A1c,11.2,%,4,5.6,H,Routine,2024-01-02 09:08,2024-01-02 09:27,2024-01-02 21:16
LAB700059,ENC100048,PT10002,GLU,Glucose,188,mg/dL,70,99,H,STAT,2024-01-02 13:12,2024-01-02 13:32,2024-01-02 14:02
LAB700060,ENC100048,PT10002,CREAT,Creatinine,0.91,mg/dL,0.6,1.3,N,Routine,2024-01-02 13:19,2024-01-02 13:28,2024-01-02 14:55
LAB700061,ENC100048,PT10002,WBC,White Blood Cell Count,6.3,K/uL,4.5,11,N,Routine,2024-01-02 13:53,2024-01-02 13:58,2024-01-02 18:44
LAB700062,ENC100048,PT10002,HGB,Hemoglobin,12.3,g/dL,12,17.5,N,Routine,2024-01-02 14:01,2024-01-02 14:32,2024-01-02 18:42
LAB700063,ENC100050,PT11897,GLU,Glucose,189,mg/dL,70,99,H,Routine,2024-01-02 15:53,2024-01-02 16:27,2024-01-02 20:04
LAB700064,ENC100050,PT11897,CREAT,Creatinine,0.77,mg/dL,0.6,1.3,N,STAT,2024-01-02 15:07,2024-01-02 15:15,2024-01-02 15:45
LAB700065,ENC100050,PT11897,WBC,White Blood Cell Count,3.8,K/uL,4.5,11,L,STAT,2024-01-02 16:06,2024-01-02 16:11,2024-01-02 17:03
LAB700066,ENC100050,PT11897,HGB,Hemoglobin,9.9,g/dL,12,17.5,L,Routine,2024-01-02 15:35,2024-01-02 15:51,2024-01-03 00:01
LAB700067,ENC100054,PT11788,A1C,Hemoglobin A1c,7.9,%,4,5.6,H,Routine,2024-01-02 12:43,2024-01-02 13:08,2024-01-02 18:31
LAB700068,ENC100055,PT13829,WBC,White Blood Cell Count,6,K/uL,4.5,11,N,Routine,2024-01-02 13:10,2024-01-02 13:38,2024-01-02 17:01
LAB700069,ENC100055,PT13829,HGB,Hemoglobin,9.2,g/dL,12,17.5,L,Routine,2024-01-02 13:23,2024-01-02 13:42,2024-01-02 16:12
LAB700070,ENC100055,PT13829,PLT,Platelet Count,139,K/uL,150,400,L,Routine,2024-01-02 13:23,2024-01-02 13:33,2024-01-02 15:09
LAB700071,ENC100056,PT13204,GLU,Glucose,129,mg/dL,70,99,H,STAT,2024-01-02 16:13,2024-01-02 16:19,2024-01-02 16:45
LAB700072,ENC100056,PT13204,CREAT,Creatinine,0.74,mg/dL,0.6,1.3,N,STAT,2024-01-02 17:13,2024-01-02 17:29,2024-01-02 18:59
LAB700073,ENC100056,PT13204,WBC,White Blood Cell Count,7.4,K/uL,4.5,11,N,STAT,2024-01-02 16:45,2024-01-02 17:10,2024-01-02 17:55
LAB700074,ENC100056,PT13204,HGB,Hemoglobin,15.8,g/dL,12,17.5,N,Routine,2024-01-02 17:21,2024-01-02 17:43,2024-01-02 21:44
LAB700075,ENC100057,PT13103,GLU,Glucose,194,mg/dL,70,99,H,Routine,2024-01-02 17:00,2024-01-02 17:35,2024-01-02 22:40
LAB700076,ENC100057,PT13103,CREAT,Creatinine,1.35,mg/dL,0.6,1.3,H,STAT,2024-01-02 17:14,2024-01-02 17:46,2024-01-02 18:12
LAB700077,ENC100057,PT13103,WBC,White Blood Cell Count,18.5,K/uL,4.5,11,H,STAT,2024-01-02 17:11,2024-01-02 17:26,2024-01-02 18:51
LAB700078,ENC100057,PT13103,HGB,Hemoglobin,13.3,g/dL,12,17.5,N,STAT,2024-01-02 16:29,2024-01-02 16:51,2024-01-02 17:46
LAB700079,ENC100057,PT13103,BUN,Blood Urea Nitrogen,10,mg/dL,7,20,N,Routine,2024-01-02 17:06,2024-01-02 17:35,2024-01-02 20:16
LAB700080,ENC100057,PT13103,PLT,Platelet Count,283,K/uL,150,400,N,STAT,2024-01-02 16:31,2024-01-02 16:51,2024-01-02 18:09
LAB700081,ENC100057,PT13103,LACT,Lactate,1.6,mmol/L,0.5,2,N,STAT,2024-01-02 16:53,2024-01-02 16:59,2024-01-02 17:46
LAB700082,ENC100058,PT12550,GLU,Glucose,109,mg/dL,70,99,H,Routine,2024-01-02 16:04,2024-01-02 16:09,2024-01-02 19:33
LAB700083,ENC100058,PT12550,CREAT,Creatinine,0.41,mg/dL,0.6,1.3,L,Routine,2024-01-02 15:20,2024-01-02 15:38,2024-01-02 18:30
LAB700084,ENC100058,PT12550,WBC,White Blood Cell Count,6.6,K/uL,4.5,11,N,STAT,2024-01-02 15:21,2024-01-02 15:51,2024-01-02 16:23
LAB700085,ENC100058,PT12550,HGB,Hemoglobin,12.7,g/dL,12,17.5,N,STAT,2024-01-02 15:25,2024-01-02 16:00,2024-01-02 16:53
LAB700086,ENC100061,PT10526,GLU,Glucose,516,mg/dL,70,99,HH,Routine,2024-01-02 21:11,2024-01-02 21:31,2024-01-02 23:09
LAB700087,ENC100061,PT10526,CREAT,Creatinine,0.86,mg/dL,0.6,1.3,N,STAT,2024-01-02 21:22,2024-01-02 21:33,2024-01-02 22:32
LAB700088,ENC100061,PT10526,WBC,White Blood Cell Count,6,K/uL,4.5,11,N,Routine,2024-01-02 21:20,2024-01-02 21:40,2024-01-02 23:43
LAB700089,ENC100061,PT10526,HGB,Hemoglobin,17,g/dL,12,17.5,N,STAT,2024-01-02 20:27,2024-01-02 20:45,2024-01-02 21:53
LAB700090,ENC100061,PT10526,NA,Sodium,138,mmol/L,136,145,N,Routine,2024-01-02 21:16,2024-01-02 21:45,2024-01-02 23:56
LAB700091,ENC100061,PT10526,K,Potassium,4.4,mmol/L,3.5,5.1,N,STAT,2024-01-02 20:37,2024-01-02 20:46,2024-01-02 21:50
LAB700092,ENC100061,PT10526,BUN,Blood Urea Nitrogen,6,mg/dL,7,20,L,Routine,2024-01-02 21:10,2024-01-02 21:31,2024-01-03 01:12
LAB700093,ENC100061,PT10526,PLT,Platelet Count,214,K/uL,150,400,N,Routine,2024-01-02 20:29,2024-01-02 20:47,2024-01-02 22:12
LAB700094,ENC100061,PT10526,A1C,Hemoglobin A1c,9.5,%,4,5.6,H,STAT,2024-01-02 21:26,2024-01-02 21:32,2024-01-02 22:12
LAB700095,ENC100063,PT10064,A1C,Hemoglobin A1c,10.5,%,4,5.6,H,Routine,2024-01-02 16:11,2024-01-02 16:45,2024-01-03 10:44
LAB700096,ENC100067,PT13861,GLU,Glucose,67,mg/dL,70,99,L,STAT,2024-01-02 18:53,2024-01-02 19:26,2024-01-02 20:05
LAB700097,ENC100067,PT13861,CREAT,Creatinine,1.19,mg/dL,0.6,1.3,N,Routine,2024-01-02 18:59,2024-01-02 19:19,2024-01-02 21:54
LAB700098,ENC100069,PT13448,GLU,Glucose,107,mg/dL,70,99,H,Routine,2024-01-03 00:56,2024-01-03 01:03,2024-01-03 06:24
LAB700099,ENC100069,PT13448,CREAT,Creatinine,0.63,mg/dL,0.6,1.3,N,STAT,2024-01-03 01:07,2024-01-03 01:15,2024-01-03 01:51
LAB700100,ENC100069,PT13448,WBC,White Blood Cell Count,8.5,K/uL,4.5,11,N,Routine,2024-01-03 00:53,2024-01-03 01:25,2024-01-03 05:05
LAB700101,ENC100069,PT13448,HGB,Hemoglobin,17.4,g/dL,12,17.5,N,STAT,2024-01-03 00:14,2024-01-03 00:40,2024-01-03 01:15
LAB700102,ENC100069,PT13448,NA,Sodium,138,mmol/L,136,145,N,Routine,2024-01-03 00:28,2024-01-03 00:50,2024-01-03 03:32
LAB700103,ENC100069,PT13448,K,Potassium,4.2,mmol/L,3.5,5.1,N,STAT,2024-01-03 00:57,2024-01-03 01:25,2024-01-03 01:55
LAB700104,ENC100069,PT13448,BUN,Blood Urea Nitrogen,16,mg/dL,7,20,N,STAT,2024-01-03 00:33,2024-01-03 01:03,2024-01-03 01:52
LAB700105,ENC100069,PT13448,PLT,Platelet Count,259,K/uL,150,400,N,Routine,2024-01-03 00:21,2024-01-03 00:29,2024-01-03 02:18
LAB700106,ENC100069,PT13448,TROP,"Troponin I, High Sensitivity",514,ng/L,0,34,H,STAT,2024-01-03 00:53,2024-01-03 01:09,2024-01-03 02:55
LAB700107,ENC100071,PT10081,GLU,Glucose,107,mg/dL,70,99,H,Routine,2024-01-02 22:33,2024-01-02 22:46,2024-01-03 00:06
LAB700108,ENC100071,PT10081,CREAT,Creatinine,1.33,mg/dL,0.6,1.3,H,STAT,2024-01-02 21:50,2024-01-02 22:23,2024-01-02 22:45
LAB700109,ENC100071,PT10081,WBC,White Blood Cell Count,9.4,K/uL,4.5,11,N,STAT,2024-01-02 21:54,2024-01-02 22:04,2024-01-02 23:02
LAB700110,ENC100071,PT10081,HGB,Hemoglobin,15.4,g/dL,12,17.5,N,STAT,2024-01-02 22:37,2024-01-02 22:58,2024-01-02 23:53
LAB700111,ENC100071,PT10081,TROP,"Troponin I, High Sensitivity",4,ng/L,0,34,N,STAT,2024-01-02 21:33,2024-01-02 21:59,2024-01-02 22:41
LAB700112,ENC100073,PT10558,GLU,Glucose,90,mg/dL,70,99,N,Routine,2024-01-03 01:34,2024-01-03 02:04,2024-01-03 03:18
LAB700113,ENC100073,PT10558,CREAT,Creatinine,1.03,mg/dL,0.6,1.3,N,Routine,2024-01-03 01:14,2024-01-03 01:24,2024-01-03 05:13
LAB700114,ENC100073,PT10558,WBC,White Blood Cell Count,12.9,K/uL,4.5,11,H,STAT,2024-01-03 01:12,2024-01-03 01:36,2024-01-03 03:06
LAB700115,ENC100073,PT10558,HGB,Hemoglobin,15.4,g/dL,12,17.5,N,STAT,2024-01-03 01:12,2024-01-03 01:45,2024-01-03 03:00
LAB700116,ENC100074,PT10637,GLU,Glucose,120,mg/dL,70,99,H,Routine,2024-01-03 00:22,2024-01-03 00:47,2024-01-03 02:20
LAB700117,ENC100074,PT10637,CREAT,Creatinine,0.44,mg/dL,0.6,1.3,L,Routine,2024-01-03 00:09,2024-01-03 00:14,2024-01-03 09:12
LAB700118,ENC100076,PT12293,GLU,Glucose,226,mg/dL,70,99,H,Routine,2024-01-03 04:59,2024-01-03 05:33,2024-01-03 08:09
LAB700119,ENC100076,PT12293,CREAT,Creatinine,1.64,mg/dL,0.6,1.3,H,STAT,2024-01-03 04:26,2024-01-03 04:48,2024-01-03 05:21
LAB700120,ENC100076,PT12293,WBC,White Blood Cell Count,18.4,K/uL,4.5,11,H,STAT,2024-01-03 04:21,2024-01-03 04:52,2024-01-03 05:53
LAB700121,ENC100076,PT12293,HGB,Hemoglobin,12.1,g/dL,12,17.5,N,STAT,2024-01-03 04:41,2024-01-03 05:07,2024-01-03 05:40
LAB700122,ENC100076,PT12293,BUN,Blood Urea Nitrogen,14,mg/dL,7,20,N,STAT,2024-01-03 04:14,2024-01-03 04:38,2024-01-03 05:19
LAB700123,ENC100076,PT12293,PLT,Platelet Count,274,K/uL,150,400,N,STAT,2024-01-03 04:09,2024-01-03 04:44,2024-01-03 06:09
LAB700124,ENC100076,PT12293,LACT,Lactate,7.9,mmol/L,0.5,2,HH,STAT,2024-01-03 04:55,2024-01-03 05:05,2024-01-03 06:37
LAB700125,ENC100077,PT11089,GLU,Glucose,94,mg/dL,70,99,N,Routine,2024-01-03 03:06,2024-01-03 03:21,2024-01-03 04:38
LAB700126,ENC100077,PT11089,CREAT,Creatinine,0.87,mg/dL,0.6,1.3,N,STAT,2024-01-03 03:34,2024-01-03 03:42,2024-01-03 05:05
LAB700127,ENC100078,PT10369,GLU,Glucose,394,mg/dL,70,99,H,Routine,2024-01-03 08:03,2024-01-03 08:36,2024-01-03 12:14
LAB700128,ENC100078,PT10369,CREAT,Creatinine,1.15,mg/dL,0.6,1.3,N,Routine,2024-01-03 08:40,2024-01-03 08:50,2024-01-03 10:17
LAB700129,ENC100078,PT10369,WBC,White Blood Cell Count,7.1,K/uL,4.5,11,N,STAT,2024-01-03 08:18,2024-01-03 08:42,2024-01-03 09:10
LAB700130,ENC100078,PT10369,HGB,Hemoglobin,12.4,g/dL,12,17.5,N,STAT,2024-01-03 08:25,2024-01-03 08:53,2024-01-03 09:21
LAB700131,ENC100078,PT10369,NA,Sodium,142,mmol/L,136,145,N,STAT,2024-01-03 08:22,2024-01-03 08:54,2024-01-03 09:58
LAB700132,ENC100078,PT10369,K,Potassium,4.8,mmol/L,3.5,5.1,N,STAT,2024-01-03 08:11,2024-01-03 08:31,2024-01-03 09:07
LAB700133,ENC100078,PT10369,BUN,Blood Urea Nitrogen,19,mg/dL,7,20,N,Routine,2024-01-03 08:42,2024-01-03 08:56,2024-01-03 13:43
LAB700134,ENC100078,PT10369,PLT,Platelet Count,269,K/uL,150,400,N,STAT,2024-01-03 08:18,2024-01-03 08:52,2024-01-03 09:18
LAB700135,ENC100078,PT10369,A1C,Hemoglobin A1c,11,%,4,5.6,H,STAT,2024-01-03 08:05,2024-01-03 08:16,2024-01-03 09:11
LAB700136,ENC100079,PT12924,A1C,Hemoglobin A1c,7,%,4,5.6,H,Routine,2024-01-03 08:16,2024-01-03 08:34,2024-01-04 04:53
LAB700137,ENC100079,PT12924,GLU,Glucose,130,mg/dL,70,99,H,Routine,2024-01-03 08:30,2024-01-03 08:56,2024-01-03 12:58
LAB700138,ENC100079,PT12924,CREAT,Creatinine,0.82,mg/dL,0.6,1.3,N,Routine,2024-01-03 08:17,2024-01-03 08:45,2024-01-03 16:03
LAB700139,ENC100080,PT10039,GLU,Glucose,125,mg/dL,70,99,H,STAT,2024-01-03 09:08,2024-01-03 09:35,2024-01-03 10:10
LAB700140,ENC100080,PT10039,CREAT,Creatinine,0.51,mg/dL,0.6,1.3,L,STAT,2024-01-03 09:30,2024-01-03 09:55,2024-01-03 10:52
LAB700141,ENC100081,PT11273,GLU,Glucose,105,mg/dL,70,99,H,STAT,2024-01-03 11:48,2024-01-03 12:06,2024-01-03 13:05
LAB700142,ENC100081,PT11273,CREAT,Creatinine,1.29,mg/dL,0.6,1.3,N,Routine,2024-01-03 11:45,2024-01-03 11:52,2024-01-03 14:23
LAB700143,ENC100081,PT11273,WBC,White Blood Cell Count,5.1,K/uL,4.5,11,N,STAT,2024-01-03 11:42,2024-01-03 12:05,2024-01-03 13:16
LAB700144,ENC100081,PT11273,HGB,Hemoglobin,14,g/dL,12,17.5,N,Routine,2024-01-03 11:09,2024-01-03 11:17,2024-01-03 12:22
LAB700145,ENC100083,PT13661,LDL,LDL Cholesterol,134,mg/dL,0,99,H,Routine,2024-01-03 09:58,2024-01-03 10:07,2024-01-04 00:00
LAB700146,ENC100087,PT11281,GLU,Glucose,141,mg/dL,70,99,H,STAT,2024-01-03 12:46,2024-01-03 12:50,2024-01-03 13:14
LAB700147,ENC100087,PT11281,CREAT,Creatinine,0.95,mg/dL,0.6,1.3,N,STAT,2024-01-03 12:46,2024-01-03 13:11,2024-01-03 13:59
LAB700148,ENC100087,PT11281,WBC,White Blood Cell Count,4.6,K/uL,4.5,11,N,STAT,2024-01-03 13:14,2024-01-03 13:25,2024-01-03 13:57
LAB700149,ENC100087,PT11281,HGB,Hemoglobin,13.9,g/dL,12,17.5,N,STAT,2024-01-03 13:46,2024-01-03 13:58,2024-01-03 15:07
LAB700150,ENC100087,PT11281,INR,Prothrombin Time INR,1.1,ratio,0.8,1.2,N,STAT,2024-01-03 13:18,2024-01-03 13:49,2024-01-03 15:05
LAB700151,ENC100088,PT10210,GLU,Glucose,71,mg/dL,70,99,N,STAT,2024-01-03 14:08,2024-01-03 14:40,2024-01-03 15:11
LAB700152,ENC100088,PT10210,CREAT,Creatinine,0.75,mg/dL,0.6,1.3,N,Routine,2024-01-03 13:52,2024-01-03 13:56,2024-01-03 15:23
LAB700153,ENC100088,PT10210,WBC,White Blood Cell Count,4.3,K/uL,4.5,11,L,STAT,2024-01-03 13:23,2024-01-03 13:37,2024-01-03 13:51
LAB700154,ENC100088,PT10210,HGB,Hemoglobin,13.6,g/dL,12,17.5,N,STAT,2024-01-03 13:30,2024-01-03 14:03,2024-01-03 15:02
LAB700155,ENC100088,PT10210,NA,Sodium,139,mmol/L,136,145,N,Routine,2024-01-03 13:46,2024-01-03 14:11,2024-01-03 23:52
LAB700156,ENC100088,PT10210,K,Potassium,4.4,mmol/L,3.5,5.1,N,STAT,2024-01-03 13:18,2024-01-03 13:41,2024-01-03 14:19
LAB700157,ENC100089,PT10550,GLU,Glucose,127,mg/dL,70,99,H,Routine,2024-01-03 13:58,2024-01-03 14:06,2024-01-03 17:34
LAB700158,ENC100089,PT10550,CREAT,Creatinine,0.68,mg/dL,0.6,1.3,N,STAT,2024-01-03 13:57,2024-01-03 14:19,2024-01-03 15:10
LAB700159,ENC100089,PT10550,WBC,White Blood Cell Count,5.6,K/uL,4.5,11,N,Routine,2024-01-03 14:34,2024-01-03 14:44,2024-01-03 16:45
LAB700160,ENC100089,PT10550,HGB,Hemoglobin,13.8,g/dL,12,17.5,N,STAT,2024-01-03 13:37,2024-01-03 14:12,2024-01-03 15:10
LAB700161,ENC100089,PT10550,INR,Prothrombin Time INR,1.1,ratio,0.8,1.2,N,STAT,2024-01-03 14:25,2024-01-03 14:30,2024-01-03 14:55
LAB700162,ENC100091,PT11851,A1C,Hemoglobin A1c,11.8,%,4,5.6,H,Routine,2024-01-03 12:26,2024-01-03 12:38,2024-01-03 17:45
LAB700163,ENC100091,PT11851,GLU,Glucose,445,mg/dL,70,99,H,Routine,2024-01-03 12:42,2024-01-03 13:04,2024-01-03 16:30
LAB700164,ENC100091,PT11851,CREAT,Creatinine,1.14,mg/dL,0.6,1.3,N,Routine,2024-01-03 12:37,2024-01-03 13:12,2024-01-03 15:38
LAB700165,ENC100092,PT11156,GLU,Glucose,102,mg/dL,70,99,H,STAT,2024-01-03 15:22,2024-01-03 15:34,2024-01-03 16:07
LAB700166,ENC100092,PT11156,CREAT,Creatinine,1.05,mg/dL,0.6,1.3,N,Routine,2024-01-03 16:15,2024-01-03 16:43,2024-01-03 18:36
LAB700167,ENC100092,PT11156,WBC,White Blood Cell Count,8.8,K/uL,4.5,11,N,STAT,2024-01-03 16:05,2024-01-03 16:40,2024-01-03 17:14
LAB700168,ENC100092,PT11156,HGB,Hemoglobin,14,g/dL,12,17.5,N,STAT,2024-01-03 15:23,2024-01-03 15:45,2024-01-03 16:18
LAB700169,ENC100092,PT11156,NA,Sodium,139,mmol/L,136,145,N,STAT,2024-01-03 15:29,2024-01-03 15:55,2024-01-03 16:51
LAB700170,ENC100092,PT11156,K,Potassium,4.1,mmol/L,3.5,5.1,N,STAT,2024-01-03 15:33,2024-01-03 16:00,2024-01-03 16:36
LAB700171,ENC100098,PT13629,A1C,Hemoglobin A1c,10.7,%,4,5.6,H,Routine,2024-01-03 15:08,2024-01-03 15:29,2024-01-04 04:17
LAB700172,ENC100101,PT12732,WBC,White Blood Cell Count,9,K/uL,4.5,11,N,Routine,2024-01-03 16:42,2024-01-03 16:52,2024-01-03 18:15
LAB700173,ENC100101,PT12732,HGB,Hemoglobin,14.9,g/dL,12,17.5,N,Routine,2024-01-03 16:49,2024-01-03 16:58,2024-01-03 20:53
LAB700174,ENC100101,PT12732,PLT,Platelet Count,187,K/uL,150,400,N,Routine,2024-01-03 16:41,2024-01-03 16:59,2024-01-03 21:55
LAB700175,ENC100102,PT10331,GLU,Glucose,77,mg/dL,70,99,N,STAT,2024-01-03 21:07,2024-01-03 21:35,2024-01-03 22:24
LAB700176,ENC100102,PT10331,CREAT,Creatinine,1.09,mg/dL,0.6,1.3,N,Routine,2024-01-03 20:45,2024-01-03 21:05,2024-01-03 22:41
LAB700177,ENC100102,PT10331,WBC,White Blood Cell Count,8,K/uL,4.5,11,N,STAT,2024-01-03 20:19,2024-01-03 20:48,2024-01-03 22:13
LAB700178,ENC100102,PT10331,HGB,Hemoglobin,13.7,g/dL,12,17.5,N,STAT,2024-01-03 21:07,2024-01-03 21:23,2024-01-03 21:48
LAB700179,ENC100103,PT13487,GLU,Glucose,94,mg/dL,70,99,N,STAT,2024-01-03 18:09,2024-01-03 18:20,2024-01-03 18:57
LAB700180,ENC100103,PT13487,CREAT,Creatinine,0.56,mg/dL,0.6,1.3,L,STAT,2024-01-03 17:17,2024-01-03 17:31,2024-01-03 18:17
LAB700181,ENC100103,PT13487,WBC,White Blood Cell Count,5.1,K/uL,4.5,11,N,STAT,2024-01-03 17:38,2024-01-03 18:05,2024-01-03 18:49
LAB700182,ENC100103,PT13487,HGB,Hemoglobin,14.3,g/dL,12,17.5,N,Routine,2024-01-03 17:21,2024-01-03 17:25,2024-01-03 18:13
LAB700183,ENC100105,PT12346,GLU,Glucose,116,mg/dL,70,99,H,Routine,2024-01-03 22:02,2024-01-03 22:16,2024-01-03 23:53
LAB700184,ENC100105,PT12346,CREAT,Creatinine,0.81,mg/dL,0.6,1.3,N,Routine,2024-01-03 22:37,2024-01-03 23:03,2024-01-04 00:55
LAB700185,ENC100105,PT12346,WBC,White Blood Cell Count,10.2,K/uL,4.5,11,N,Routine,2024-01-03 21:39,2024-01-03 21:52,2024-01-04 00:55
LAB700186,ENC100105,PT12346,HGB,Hemoglobin,13.1,g/dL,12,17.5,N,Routine,2024-01-03 22:28,2024-01-03 22:46,2024-01-04 00:40
LAB700187,ENC100106,PT13337,GLU,Glucose,120,mg/dL,70,99,H,STAT,2024-01-03 18:53,2024-01-03 19:24,2024-01-03 20:09
LAB700188,ENC100106,PT13337,CREAT,Creatinine,0.86,mg/dL,0.6,1.3,N,Routine,2024-01-03 18:21,2024-01-03 18:34,2024-01-03 23:13
LAB700189,ENC100106,PT13337,WBC,White Blood Cell Count,3.9,K/uL,4.5,11,L,STAT,2024-01-03 19:09,2024-01-03 19:25,2024-01-03 20:03
LAB700190,ENC100106,PT13337,HGB,Hemoglobin,15.1,g/dL,12,17.5,N,STAT,2024-01-03 18:43,2024-01-03 18:49,2024-01-03 20:16
LAB700191,ENC100106,PT13337,NA,Sodium,138,mmol/L,136,145,N,Routine,2024-01-03 18:53,2024-01-03 19:25,2024-01-03 22:01
LAB700192,ENC100106,PT13337,K,Potassium,4.2,mmol/L,3.5,5.1,N,STAT,2024-01-03 18:32,2024-01-03 18:39,2024-01-03 19:15
LAB700193,ENC100106,PT13337,BUN,Blood Urea Nitrogen,17,mg/dL,7,20,N,STAT,2024-01-03 18:47,2024-01-03 19:12,2024-01-03 20:16
LAB700194,ENC100106,PT13337,PLT,Platelet Count,290,K/uL,150,400,N,STAT,2024-01-03 19:18,2024-01-03 19:36,2024-01-03 21:25
LAB700195,ENC100106,PT13337,INR,Prothrombin Time INR,3.1,ratio,0.8,1.2,H,STAT,2024-01-03 19:10,2024-01-03 19:44,2024-01-03 20:43
LAB700196,ENC100107,PT13548,GLU,Glucose,188,mg/dL,70,99,H,STAT,2024-01-03 21:47,2024-01-03 22:19,2024-01-03 23:02
LAB700197,ENC100107,PT13548,CREAT,Creatinine,0.82,mg/dL,0.6,1.3,N,STAT,2024-01-03 22:56,2024-01-03 23:16,2024-01-04 00:45
LAB700198,ENC100107,PT13548,WBC,White Blood Cell Count,7.2,K/uL,4.5,11,N,STAT,2024-01-03 22:37,2024-01-03 22:46,2024-01-03 23:25
LAB700199,ENC100107,PT13548,HGB,Hemoglobin,13.4,g/dL,12,17.5,N,STAT,2024-01-03 22:52,2024-01-03 23:23,2024-01-04 00:09
LAB700200,ENC100107,PT13548,TROP,"Troponin I, High Sensitivity",59,ng/L,0,34,H,STAT,2024-01-03 21:57,2024-01-03 22:21,2024-01-03 23:09
LAB700201,ENC100107,PT13548,BNP,B-Type Natriuretic Peptide,447,pg/mL,0,100,H,STAT,2024-01-03 22:24,2024-01-03 22:30,2024-01-03 23:10
LAB700202,ENC100108,PT13569,GLU,Glucose,110,mg/dL,70,99,H,STAT,2024-01-03 19:43,2024-01-03 20:00,2024-01-03 20:37
LAB700203,ENC100108,PT13569,CREAT,Creatinine,0.87,mg/dL,0.6,1.3,N,Routine,2024-01-03 19:38,2024-01-03 20:11,2024-01-04 00:26
LAB700204,ENC100109,PT12715,GLU,Glucose,112,mg/dL,70,99,H,Routine,2024-01-03 23:45,2024-01-03 23:57,2024-01-04 05:05
LAB700205,ENC100109,PT12715,CREAT,Creatinine,1.04,mg/dL,0.6,1.3,N,STAT,2024-01-03 22:51,2024-01-03 22:57,2024-01-03 23:50
LAB700206,ENC100109,PT12715,WBC,White Blood Cell Count,18.2,K/uL,4.5,11,H,STAT,2024-01-03 23:19,2024-01-03 23:28,2024-01-04 00:09
LAB700207,ENC100109,PT12715,HGB,Hemoglobin,14.8,g/dL,12,17.5,N,STAT,2024-01-03 23:47,2024-01-03 23:59,2024-01-04 01:30
LAB700208,ENC100109,PT12715,NA,Sodium,140,mmol/L,136,145,N,STAT,2024-01-03 23:51,2024-01-04 00:24,2024-01-04 01:06
LAB700209,ENC100109,PT12715,K,Potassium,3.9,mmol/L,3.5,5.1,N,STAT,2024-01-03 23:05,2024-01-03 23:36,2024-01-04 00:00
LAB700210,ENC100112,PT12126,GLU,Glucose,118,mg/dL,70,99,H,Routine,2024-01-04 02:36,2024-01-04 02:50,2024-01-04 09:37
LAB700211,ENC100112,PT12126,CREAT,Creatinine,1.15,mg/dL,0.6,1.3,N,STAT,2024-01-04 03:07,2024-01-04 03:15,2024-01-04 03:52
LAB700212,ENC100112,PT12126,WBC,White Blood Cell Count,6.9,K/uL,4.5,11,N,STAT,2024-01-04 03:36,2024-01-04 04:00,2024-01-04 04:33
LAB700213,ENC100112,PT12126,HGB,Hemoglobin,13.8,g/dL,12,17.5,N,STAT,2024-01-04 03:37,2024-01-04 03:44,2024-01-04 04:17
LAB700214,ENC100112,PT12126,BUN,Blood Urea Nitrogen,15,mg/dL,7,20,N,STAT,2024-01-04 03:41,2024-01-04 04:12,2024-01-04 05:13
LAB700215,ENC100112,PT12126,PLT,Platelet Count,224,K/uL,150,400,N,Routine,2024-01-04 03:15,2024-01-04 03:36,2024-01-04 07:10
LAB700216,ENC100113,PT12756,GLU,Glucose,100,mg/dL,70,99,H,STAT,2024-01-04 01:05,2024-01-04 01:18,2024-01-04 02:10
LAB700217,ENC100113,PT12756,CREAT,Creatinine,0.97,mg/dL,0.6,1.3,N,STAT,2024-01-04 01:11,2024-01-04 01:18,2024-01-04 01:36
LAB700218,ENC100113,PT12756,WBC,White Blood Cell Count,5.9,K/uL,4.5,11,N,Routine,2024-01-04 01:23,2024-01-04 01:38,2024-01-04 04:46
LAB700219,ENC100113,PT12756,HGB,Hemoglobin,15.2,g/dL,12,17.5,N,STAT,2024-01-04 01:46,2024-01-04 02:16,2024-01-04 03:17
LAB700220,ENC100113,PT12756,LACT,Lactate,2.2,mmol/L,0.5,2,H,STAT,2024-01-04 02:05,2024-01-04 02:37,2024-01-04 04:05
LAB700221,ENC100114,PT11677,GLU,Glucose,132,mg/dL,70,99,H,Routine,2024-01-04 06:07,2024-01-04 06:27,2024-01-04 07:45
LAB700222,ENC100114,PT11677,CREAT,Creatinine,1.06,mg/dL,0.6,1.3,N,STAT,2024-01-04 06:37,2024-01-04 06:57,2024-01-04 08:20
LAB700223,ENC100114,PT11677,WBC,White Blood Cell Count,18.9,K/uL,4.5,11,H,STAT,2024-01-04 06:24,2024-01-04 06:32,2024-01-04 07:39
LAB700224,ENC100114,PT11677,HGB,Hemoglobin,12.8,g/dL,12,17.5,N,STAT,2024-01-04 06:47,2024-01-04 07:17,2024-01-04 07:52
LAB700225,ENC100114,PT11677,NA,Sodium,140,mmol/L,136,145,N,STAT,2024-01-04 06:29,2024-01-04 06:44,2024-01-04 07:13
LAB700226,ENC100114,PT11677,K,Potassium,4.2,mmol/L,3.5,5.1,N,STAT,2024-01-04 06:10,2024-01-04 06:34,2024-01-04 07:59
LAB700227,ENC100114,PT11677,LACT,Lactate,3.9,mmol/L,0.5,2,H,STAT,2024-01-04 06:53,2024-01-04 07:08,2024-01-04 07:56
LAB700228,ENC100115,PT12380,GLU,Glucose,82,mg/dL,70,99,N,Routine,2024-01-04 08:16,2024-01-04 08:50,2024-01-04 11:31
LAB700229,ENC100115,PT12380,CREAT,Creatinine,1.01,mg/dL,0.6,1.3,N,Routine,2024-01-04 08:48,2024-01-04 09:12,2024-01-04 12:15
LAB700230,ENC100115,PT12380,TROP,"Troponin I, High Sensitivity",46,ng/L,0,34,H,STAT,2024-01-04 08:55,2024-01-04 09:01,2024-01-04 09:39
LAB700231,ENC100117,PT10079,TROP,"Troponin I, High Sensitivity",8,ng/L,0,34,N,STAT,2024-01-04 08:32,2024-01-04 08:45,2024-01-04 09:11
LAB700232,ENC100119,PT11093,A1C,Hemoglobin A1c,8.1,%,4,5.6,H,Routine,2024-01-04 09:12,2024-01-04 09:44,2024-01-05 06:30
LAB700233,ENC100121,PT13531,A1C,Hemoglobin A1c,11.6,%,4,5.6,H,Routine,2024-01-04 09:58,2024-01-04 10:28,2024-01-04 15:42
LAB700234,ENC100124,PT12514,GLU,Glucose,100,mg/dL,70,99,H,Routine,2024-01-04 11:23,2024-01-04 11:36,2024-01-04 13:22
LAB700235,ENC100124,PT12514,CREAT,Creatinine,0.57,mg/dL,0.6,1.3,L,STAT,2024-01-04 11:32,2024-01-04 11:50,2024-01-04 12:51
LAB700236,ENC100125,PT10480,GLU,Glucose,113,mg/dL,70,99,H,Routine,2024-01-04 17:40,2024-01-04 18:14,2024-01-04 23:27
LAB700237,ENC100125,PT10480,CREAT,Creatinine,0.28,mg/dL,0.6,1.3,L,STAT,2024-01-04 17:26,2024-01-04 17:39,2024-01-04 18:51
LAB700238,ENC100125,PT10480,WBC,White Blood Cell Count,7.2,K/uL,4.5,11,N,Routine,2024-01-04 16:47,2024-01-04 17:00,2024-01-04 19:29
LAB700239,ENC100125,PT10480,HGB,Hemoglobin,14.8,g/dL,12,17.5,N,STAT,2024-01-04 17:40,2024-01-04 18:10,2024-01-04 18:35
LAB700240,ENC100126,PT11218,GLU,Glucose,155,mg/dL,70,99,H,STAT,2024-01-04 14:34,2024-01-04 14:38,2024-01-04 15:34
LAB700241,ENC100126,PT11218,CREAT,Creatinine,1.2,mg/dL,0.6,1.3,N,STAT,2024-01-04 14:20,2024-01-04 14:43,2024-01-04 15:30
LAB700242,ENC100126,PT11218,WBC,White Blood Cell Count,10.3,K/uL,4.5,11,N,Routine,2024-01-04 14:13,2024-01-04 14:44,2024-01-04 18:30
LAB700243,ENC100126,PT11218,HGB,Hemoglobin,14.5,g/dL,12,17.5,N,STAT,2024-01-04 14:32,2024-01-04 14:44,2024-01-04 15:32
LAB700244,ENC100126,PT11218,LACT,Lactate,2.2,mmol/L,0.5,2,H,STAT,2024-01-04 15:07,2024-01-04 15:13,2024-01-04 16:16
LAB700245,ENC100133,PT12403,WBC,White Blood Cell Count,8.3,K/uL,4.5,11,N,Routine,2024-01-04 13:43,2024-01-04 14:07,2024-01-04 16:55
LAB700246,ENC100133,PT12403,HGB,Hemoglobin,13.1,g/dL,12,17.5,N,Routine,2024-01-04 13:22,2024-01-04 13:46,2024-01-04 15:48
LAB700247,ENC100133,PT12403,PLT,Platelet Count,274,K/uL,150,400,N,Routine,2024-01-04 13:34,2024-01-04 14:07,2024-01-04 16:04
LAB700248,ENC100134,PT13270,LDL,LDL Cholesterol,148,mg/dL,0,99,H,Routine,2024-01-04 13:49,2024-01-04 13:53,2024-01-05 00:29
LAB700249,ENC100134,PT13270,TSH,Thyroid Stimulating Hormone,2.57,mIU/L,0.4,4,N,Routine,2024-01-04 13:49,2024-01-04 14:15,2024-01-04 23:44
LAB700250,ENC100138,PT12622,A1C,Hemoglobin A1c,9.6,%,4,5.6,H,Routine,2024-01-04 14:45,2024-01-04 14:50,2024-01-05 13:45
LAB700251,ENC100139,PT10699,GLU,Glucose,171,mg/dL,70,99,H,STAT,2024-01-04 18:58,2024-01-04 19:25,2024-01-04 20:40
LAB700252,ENC100139,PT10699,CREAT,Creatinine,1.66,mg/dL,0.6,1.3,H,STAT,2024-01-04 19:24,2024-01-04 19:50,2024-01-04 20:49
LAB700253,ENC100139,PT10699,WBC,White Blood Cell Count,10,K/uL,4.5,11,N,STAT,2024-01-04 18:44,2024-01-04 18:54,2024-01-04 19:44
LAB700254,ENC100139,PT10699,HGB,Hemoglobin,13.4,g/dL,12,17.5,N,Routine,2024-01-04 19:21,2024-01-04 19:29,2024-01-04 23:02
LAB700255,ENC100140,PT10756,GLU,Glucose,116,mg/dL,70,99,H,STAT,2024-01-04 19:21,2024-01-04 19:44,2024-01-04 20:24
LAB700256,ENC100140,PT10756,CREAT,Creatinine,0.86,mg/dL,0.6,1.3,N,Routine,2024-01-04 18:56,2024-01-04 19:22,2024-01-05 04:35
LAB700257,ENC100140,PT10756,WBC,White Blood Cell Count,7,K/uL,4.5,11,N,Routine,2024-01-04 18:55,2024-01-04 19:08,2024-01-04 21:32
LAB700258,ENC100140,PT10756,HGB,Hemoglobin,13.6,g/dL,12,17.5,N,Routine,2024-01-04 19:06,2024-01-04 19:21,2024-01-04 20:30
LAB700259,ENC100141,PT11240,A1C,Hemoglobin A1c,10.4,%,4,5.6,H,Routine,2024-01-04 15:37,2024-01-04 16:09,2024-01-05 12:02
LAB700260,ENC100142,PT10615,GLU,Glucose,170,mg/dL,70,99,H,Routine,2024-01-04 19:03,2024-01-04 19:18,2024-01-04 21:05
LAB700261,ENC100142,PT10615,CREAT,Creatinine,1.74,mg/dL,0.6,1.3,H,STAT,2024-01-04 18:57,2024-01-04 19:02,2024-01-04 20:11
LAB700262,ENC100142,PT10615,WBC,White Blood Cell Count,11.9,K/uL,4.5,11,H,STAT,2024-01-04 19:46,2024-01-04 20:10,2024-01-04 20:56
LAB700263,ENC100142,PT10615,HGB,Hemoglobin,15.3,g/dL,12,17.5,N,STAT,2024-01-04 19:56,2024-01-04 20:11,2024-01-04 21:05
LAB700264,ENC100142,PT10615,LACT,Lactate,4.4,mmol/L,0.5,2,HH,STAT,2024-01-04 18:58,2024-01-04 19:33,2024-01-04 20:10
LAB700265,ENC100143,PT13874,GLU,Glucose,180,mg/dL,70,99,H,STAT,2024-01-04 16:37,2024-01-04 16:59,2024-01-04 17:42
LAB700266,ENC100143,PT13874,CREAT,Creatinine,2.43,mg/dL,0.6,1.3,H,Routine,2024-01-04 16:37,2024-01-04 16:43,2024-01-04 18:39
LAB700267,ENC100144,PT10090,A1C,Hemoglobin A1c,7.8,%,4,5.6,H,Routine,2024-01-04 16:13,2024-01-04 16:43,2024-01-05 11:43
LAB700268,ENC100144,PT10090,GLU,Glucose,143,mg/dL,70,99,H,Routine,2024-01-04 16:05,2024-01-04 16:29,2024-01-04 21:01
LAB700269,ENC100144,PT10090,CREAT,Creatinine,0.72,mg/dL,0.6,1.3,N,Routine,2024-01-04 16:26,2024-01-04 16:48,2024-01-04 18:48
LAB700270,ENC100145,PT10046,LDL,LDL Cholesterol,105,mg/dL,0,99,H,Routine,2024-01-04 16:30,2024-01-04 16:47,2024-01-05 13:31
LAB700271,ENC100147,PT11024,WBC,White Blood Cell Count,8.7,K/uL,4.5,11,N,Routine,2024-01-04 16:20,2024-01-04 16:54,2024-01-04 19:04
LAB700272,ENC100147,PT11024,HGB,Hemoglobin,9.4,g/dL,12,17.5,L,Routine,2024-01-04 16:29,2024-01-04 16:44,2024-01-04 18:17
LAB700273,ENC100147,PT11024,PLT,Platelet Count,253,K/uL,150,400,N,Routine,2024-01-04 16:22,2024-01-04 16:45,2024-01-04 19:01
LAB700274,ENC100148,PT11197,WBC,White Blood Cell Count,6.7,K/uL,4.5,11,N,Routine,2024-01-04 16:41,2024-01-04 16:53,2024-01-04 23:50
LAB700275,ENC100148,PT11197,HGB,Hemoglobin,14.9,g/dL,12,17.5,N,Routine,2024-01-04 16:30,2024-01-04 16:39,2024-01-04 20:34
LAB700276,ENC100148,PT11197,PLT,Platelet Count,342,K/uL,150,400,N,Routine,2024-01-04 16:28,2024-01-04 16:45,2024-01-04 18:49
LAB700277,ENC100149,PT13853,GLU,Glucose,212,mg/dL,70,99,H,STAT,2024-01-04 19:51,2024-01-04 20:12,2024-01-04 21:21
LAB700278,ENC100149,PT13853,CREAT,Creatinine,1.11,mg/dL,0.6,1.3,N,STAT,2024-01-04 20:14,2024-01-04 20:43,2024-01-04 21:57
LAB700279,ENC100149,PT13853,WBC,White Blood Cell Count,4.8,K/uL,4.5,11,N,Routine,2024-01-04 20:24,2024-01-04 20:37,2024-01-05 00:52
LAB700280,ENC100149,PT13853,HGB,Hemoglobin,15.5,g/dL,12,17.5,N,STAT,2024-01-04 20:46,2024-01-04 21:05,2024-01-04 21:39
LAB700281,ENC100150,PT13985,GLU,Glucose,199,mg/dL,70,99,H,Routine,2024-01-04 19:07,2024-01-04 19:17,2024-01-05 00:39
LAB700282,ENC100150,PT13985,CREAT,Creatinine,1.23,mg/dL,0.6,1.3,N,STAT,2024-01-04 19:19,2024-01-04 19:45,2024-01-04 20:43
LAB700283,ENC100150,PT13985,WBC,White Blood Cell Count,6.9,K/uL,4.5,11,N,STAT,2024-01-04 20:04,2024-01-04 20:33,2024-01-04 21:00
LAB700284,ENC100150,PT13985,HGB,Hemoglobin,13.3,g/dL,12,17.5,N,Routine,2024-01-04 19:51,2024-01-04 20:17,2024-01-05 00:47
LAB700285,ENC100151,PT12582,GLU,Glucose,121,mg/dL,70,99,H,STAT,2024-01-05 00:17,2024-01-05 00:22,2024-01-05 00:46
LAB700286,ENC100151,PT12582,CREAT,Creatinine,0.51,mg/dL,0.6,1.3,L,STAT,2024-01-05 00:20,2024-01-05 00:49,2024-01-05 01:20
LAB700287,ENC100151,PT12582,WBC,White Blood Cell Count,7.5,K/uL,4.5,11,N,STAT,2024-01-05 00:14,2024-01-05 00:43,2024-01-05 01:14
LAB700288,ENC100151,PT12582,HGB,Hemoglobin,13.1,g/dL,12,17.5,N,STAT,2024-01-05 00:15,2024-01-05 00:26,2024-01-05 00:59
LAB700289,ENC100151,PT12582,BUN,Blood Urea Nitrogen,15,mg/dL,7,20,N,Routine,2024-01-04 23:51,2024-01-05 00:15,2024-01-05 01:50
LAB700290,ENC100151,PT12582,PLT,Platelet Count,318,K/uL,150,400,N,Routine,2024-01-04 23:49,2024-01-05 00:21,2024-01-05 01:18
LAB700291,ENC100152,PT13113,GLU,Glucose,117,mg/dL,70,99,H,Routine,2024-01-04 20:35,2024-01-04 20:45,2024-01-04 22:51
LAB700292,ENC100152,PT13113,CREAT,Creatinine,0.85,mg/dL,0.6,1.3,N,Routine,2024-01-04 20:27,2024-01-04 20:58,2024-01-05 00:00
LAB700293,ENC100152,PT13113,WBC,White Blood Cell Count,6.3,K/uL,4.5,11,N,STAT,2024-01-04 20:04,2024-01-04 20:26,2024-01-04 21:15
LAB700294,ENC100152,PT13113,HGB,Hemoglobin,13.7,g/dL,12,17.5,N,Routine,2024-01-04 19:42,2024-01-04 20:09,2024-01-04 23:36
LAB700295,ENC100153,PT10921,GLU,Glucose,112,mg/dL,70,99,H,STAT,2024-01-04 20:16,2024-01-04 20:29,2024-01-04 21:27
LAB700296,ENC100153,PT10921,CREAT,Creatinine,0.94,mg/dL,0.6,1.3,N,STAT,2024-01-04 20:12,2024-01-04 20:19,2024-01-04 20:53
LAB700297,ENC100153,PT10921,WBC,White Blood Cell Count,7.6,K/uL,4.5,11,N,Routine,2024-01-04 20:05,2024-01-04 20:27,2024-01-05 01:46
LAB700298,ENC100155,PT12386,GLU,Glucose,87,mg/dL,70,99,N,STAT,2024-01-04 23:49,2024-01-05 00:10,2024-01-05 01:03
LAB700299,ENC100155,PT12386,CREAT,Creatinine,0.77,mg/dL,0.6,1.3,N,STAT,2024-01-04 23:54,2024-01-05 00:13,2024-01-05 01:01
LAB700300,ENC100155,PT12386,WBC,White Blood Cell Count,6.7,K/uL,4.5,11,N,STAT,2024-01-04 23:06,2024-01-04 23:27,2024-01-05 00:02
LAB700301,ENC100155,PT12386,HGB,Hemoglobin,13.3,g/dL,12,17.5,N,STAT,2024-01-04 23:07,2024-01-04 23:28,2024-01-05 00:57
LAB700302,ENC100156,PT13485,TROP,"Troponin I, High Sensitivity",1,ng/L,0,34,N,STAT,2024-01-04 21:04,2024-01-04 21:17,2024-01-04 22:46
LAB700303,ENC100157,PT11510,GLU,Glucose,99,mg/dL,70,99,N,Routine,2024-01-04 20:53,2024-01-04 20:58,2024-01-04 22:29
LAB700304,ENC100157,PT11510,CREAT,Creatinine,1.13,mg/dL,0.6,1.3,N,STAT,2024-01-04 21:51,2024-01-04 22:22,2024-01-04 22:48
LAB700305,ENC100157,PT11510,WBC,White Blood Cell Count,7.1,K/uL,4.5,11,N,STAT,2024-01-04 20:58,2024-01-04 21:14,2024-01-04 22:09
LAB700306,ENC100157,PT11510,HGB,Hemoglobin,13.7,g/dL,12,17.5,N,Routine,2024-01-04 21:53,2024-01-04 22:19,2024-01-05 06:13
LAB700307,ENC100158,PT12399,GLU,Glucose,102,mg/dL,70,99,H,Routine,2024-01-05 01:41,2024-01-05 02:13,2024-01-05 04:05
LAB700308,ENC100158,PT12399,CREAT,Creatinine,1,mg/dL,0.6,1.3,N,Routine,2024-01-05 01:51,2024-01-05 02:01,2024-01-05 08:07
LAB700309,ENC100158,PT12399,WBC,White Blood Cell Count,7.4,K/uL,4.5,11,N,Routine,2024-01-05 01:42,2024-01-05 01:59,2024-01-05 06:10
LAB700310,ENC100158,PT12399,HGB,Hemoglobin,14.6,g/dL,12,17.5,N,STAT,2024-01-05 02:22,2024-01-05 02:27,2024-01-05 02:55
LAB700311,ENC100159,PT10697,GLU,Glucose,103,mg/dL,70,99,H,STAT,2024-01-05 00:49,2024-01-05 00:53,2024-01-05 02:30
LAB700312,ENC100159,PT10697,CREAT,Creatinine,0.51,mg/dL,0.6,1.3,L,Routine,2024-01-04 23:54,2024-01-05 00:11,2024-01-05 02:30
LAB700313,ENC100159,PT10697,WBC,White Blood Cell Count,7.4,K/uL,4.5,11,N,Routine,2024-01-05 00:21,2024-01-05 00:40,2024-01-05 01:52
LAB700314,ENC100159,PT10697,HGB,Hemoglobin,13.9,g/dL,12,17.5,N,Routine,2024-01-05 00:17,2024-01-05 00:42,2024-01-05 02:19
LAB700315,ENC100159,PT10697,LACT,Lactate,1.6,mmol/L,0.5,2,N,STAT,2024-01-05 00:12,2024-01-05 00:21,2024-01-05 00:54
LAB700316,ENC100160,PT11531,GLU,Glucose,123,mg/dL,70,99,H,Routine,2024-01-05 06:22,2024-01-05 06:33,2024-01-05 07:57
LAB700317,ENC100160,PT11531,CREAT,Creatinine,1.08,mg/dL,0.6,1.3,N,STAT,2024-01-05 06:49,2024-01-05 06:58,2024-01-05 07:39
LAB700318,ENC100160,PT11531,WBC,White Blood Cell Count,5.7,K/uL,4.5,11,N,STAT,2024-01-05 06:29,2024-01-05 06:42,2024-01-05 07:16
LAB700319,ENC100160,PT11531,HGB,Hemoglobin,13.3,g/dL,12,17.5,N,Routine,2024-01-05 06:47,2024-01-05 07:12,2024-01-05 10:40
LAB700320,ENC100163,PT12983,WBC,White Blood Cell Count,7.5,K/uL,4.5,11,N,Routine,2024-01-05 09:14,2024-01-05 09:42,2024-01-05 15:10
LAB700321,ENC100163,PT12983,HGB,Hemoglobin,16,g/dL,12,17.5,N,Routine,2024-01-05 08:56,2024-01-05 09:00,2024-01-05 15:19
LAB700322,ENC100163,PT12983,PLT,Platelet Count,223,K/uL,150,400,N,Routine,2024-01-05 09:00,2024-01-05 09:18,2024-01-05 16:04
LAB700323,ENC100165,PT12245,GLU,Glucose,87,mg/dL,70,99,N,Routine,2024-01-05 14:40,2024-01-05 15:12,2024-01-05 17:07
LAB700324,ENC100165,PT12245,CREAT,Creatinine,0.83,mg/dL,0.6,1.3,N,STAT,2024-01-05 14:16,2024-01-05 14:46,2024-01-05 15:13
LAB700325,ENC100165,PT12245,WBC,White Blood Cell Count,13,K/uL,4.5,11,H,STAT,2024-01-05 14:27,2024-01-05 14:49,2024-01-05 15:25
LAB700326,ENC100165,PT12245,HGB,Hemoglobin,15.5,g/dL,12,17.5,N,STAT,2024-01-05 14:21,2024-01-05 14:41,2024-01-05 15:14
LAB700327,ENC100167,PT11757,GLU,Glucose,101,mg/dL,70,99,H,STAT,2024-01-05 14:00,2024-01-05 14:33,2024-01-05 15:16
LAB700328,ENC100167,PT11757,CREAT,Creatinine,1.96,mg/dL,0.6,1.3,H,STAT,2024-01-05 14:45,2024-01-05 14:53,2024-01-05 15:19
LAB700329,ENC100167,PT11757,WBC,White Blood Cell Count,12.5,K/uL,4.5,11,H,STAT,2024-01-05 14:55,2024-01-05 15:11,2024-01-05 15:53
LAB700330,ENC100167,PT11757,HGB,Hemoglobin,10.5,g/dL,12,17.5,L,Routine,2024-01-05 14:22,2024-01-05 14:57,2024-01-05 17:43
LAB700331,ENC100168,PT12606,GLU,Glucose,80,mg/dL,70,99,N,STAT,2024-01-05 12:42,2024-01-05 12:56,2024-01-05 14:09
LAB700332,ENC100168,PT12606,CREAT,Creatinine,0.81,mg/dL,0.6,1.3,N,Routine,2024-01-05 12:36,2024-01-05 12:42,2024-01-05 14:25
LAB700333,ENC100169,PT11958,GLU,Glucose,154,mg/dL,70,99,H,Routine,2024-01-05 14:38,2024-01-05 14:47,2024-01-05 18:43
LAB700334,ENC100169,PT11958,CREAT,Creatinine,0.63,mg/dL,0.6,1.3,N,Routine,2024-01-05 14:46,2024-01-05 15:00,2024-01-05 18:47
LAB700335,ENC100169,PT11958,WBC,White Blood Cell Count,11.1,K/uL,4.5,11,H,STAT,2024-01-05 14:15,2024-01-05 14:37,2024-01-05 15:02
LAB700336,ENC100169,PT11958,HGB,Hemoglobin,14.5,g/dL,12,17.5,N,Routine,2024-01-05 14:26,2024-01-05 14:41,2024-01-05 21:22
LAB700337,ENC100170,PT12226,GLU,Glucose,118,mg/dL,70,99,H,Routine,2024-01-05 15:28,2024-01-05 15:43,2024-01-05 19:16
LAB700338,ENC100170,PT12226,CREAT,Creatinine,1.18,mg/dL,0.6,1.3,N,STAT,2024-01-05 14:51,2024-01-05 15:02,2024-01-05 15:48
LAB700339,ENC100170,PT12226,WBC,White Blood Cell Count,9.7,K/uL,4.5,11,N,Routine,2024-01-05 15:16,2024-01-05 15:41,2024-01-05 19:12
LAB700340,ENC100170,PT12226,HGB,Hemoglobin,14.7,g/dL,12,17.5,N,STAT,2024-01-05 15:29,2024-01-05 15:33,2024-01-05 16:06
LAB700341,ENC100170,PT12226,TROP,"Troponin I, High Sensitivity",9,ng/L,0,34,N,STAT,2024-01-05 15:45,2024-01-05 16:10,2024-01-05 17:02
LAB700342,ENC100170,PT12226,BNP,B-Type Natriuretic Peptide,963,pg/mL,0,100,H,Routine,2024-01-05 15:44,2024-01-05 16:17,2024-01-05 18:25
LAB700343,ENC100173,PT13818,GLU,Glucose,171,mg/dL,70,99,H,STAT,2024-01-05 13:48,2024-01-05 13:57,2024-01-05 14:50
LAB700344,ENC100173,PT13818,CREAT,Creatinine,0.67,mg/dL,0.6,1.3,N,STAT,2024-01-05 14:01,2024-01-05 14:36,2024-01-05 15:43
LAB700345,ENC100173,PT13818,WBC,White Blood Cell Count,9.1,K/uL,4.5,11,N,STAT,2024-01-05 13:42,2024-01-05 14:16,2024-01-05 14:42
LAB700346,ENC100173,PT13818,HGB,Hemoglobin,11.9,g/dL,12,17.5,L,Routine,2024-01-05 14:40,2024-01-05 15:04,2024-01-05 17:41
LAB700347,ENC100174,PT13747,GLU,Glucose,84,mg/dL,70,99,N,STAT,2024-01-05 18:57,2024-01-05 19:05,2024-01-05 20:05
LAB700348,ENC100174,PT13747,CREAT,Creatinine,1.21,mg/dL,0.6,1.3,N,Routine,2024-01-05 17:59,2024-01-05 18:30,2024-01-06 00:31
LAB700349,ENC100174,PT13747,WBC,White Blood Cell Count,8.1,K/uL,4.5,11,N,STAT,2024-01-05 18:31,2024-01-05 18:47,2024-01-05 19:12
LAB700350,ENC100174,PT13747,HGB,Hemoglobin,13.9,g/dL,12,17.5,N,Routine,2024-01-05 18:41,2024-01-05 18:56,2024-01-05 23:05
LAB700351,ENC100177,PT11805,GLU,Glucose,126,mg/dL,70,99,H,Routine,2024-01-05 15:00,2024-01-05 15:08,2024-01-05 18:21
LAB700352,ENC100177,PT11805,CREAT,Creatinine,0.6,mg/dL,0.6,1.3,N,Routine,2024-01-05 15:29,2024-01-05 15:37,2024-01-05 18:18
LAB700353,ENC100177,PT11805,WBC,White Blood Cell Count,5.7,K/uL,4.5,11,N,STAT,2024-01-05 15:02,2024-01-05 15:26,2024-01-05 16:19
LAB700354,ENC100177,PT11805,HGB,Hemoglobin,12.8,g/dL,12,17.5,N,STAT,2024-01-05 14:41,2024-01-05 14:50,2024-01-05 16:16
LAB700355,ENC100178,PT13827,GLU,Glucose,265,mg/dL,70,99,H,STAT,2024-01-05 15:33,2024-01-05 16:05,2024-01-05 17:18
LAB700356,ENC100178,PT13827,CREAT,Creatinine,1.02,mg/dL,0.6,1.3,N,STAT,2024-01-05 15:44,2024-01-05 15:59,2024-01-05 16:31
LAB700357,ENC100178,PT13827,WBC,White Blood Cell Count,8.8,K/uL,4.5,11,N,STAT,2024-01-05 15:28,2024-01-05 15:51,2024-01-05 17:12
LAB700358,ENC100178,PT13827,HGB,Hemoglobin,13.3,g/dL,12,17.5,N,STAT,2024-01-05 15:16,2024-01-05 15:23,2024-01-05 15:56
LAB700359,ENC100178,PT13827,A1C,Hemoglobin A1c,11.4,%,4,5.6,H,Routine,2024-01-05 15:08,2024-01-05 15:40,2024-01-06 08:51
LAB700360,ENC100184,PT11204,GLU,Glucose,97,mg/dL,70,99,N,Routine,2024-01-05 18:26,2024-01-05 18:58,2024-01-05 21:25
LAB700361,ENC100184,PT11204,CREAT,Creatinine,2.56,mg/dL,0.6,1.3,H,Routine,2024-01-05 18:26,2024-01-05 18:57,2024-01-05 23:50
LAB700362,ENC100184,PT11204,WBC,White Blood Cell Count,8.1,K/uL,4.5,11,N,STAT,2024-01-05 18:38,2024-01-05 19:09,2024-01-05 20:15
LAB700363,ENC100184,PT11204,HGB,Hemoglobin,13.2,g/dL,12,17.5,N,STAT,2024-01-05 18:33,2024-01-05 19:08,2024-01-05 19:49
LAB700364,ENC100184,PT11204,TROP,"Troponin I, High Sensitivity",8,ng/L,0,34,N,STAT,2024-01-05 17:50,2024-01-05 18:13,2024-01-05 19:24
LAB700365,ENC100184,PT11204,BNP,B-Type Natriuretic Peptide,1228,pg/mL,0,100,H,Routine,2024-01-05 18:06,2024-01-05 18:11,2024-01-05 19:40
LAB700366,ENC100185,PT11549,GLU,Glucose,54,mg/dL,70,99,L,STAT,2024-01-05 22:24,2024-01-05 22:53,2024-01-05 23:38
LAB700367,ENC100185,PT11549,CREAT,Creatinine,1.1,mg/dL,0.6,1.3,N,Routine,2024-01-05 22:19,2024-01-05 22:45,2024-01-06 04:45
LAB700368,ENC100185,PT11549,WBC,White Blood Cell Count,7,K/uL,4.5,11,N,STAT,2024-01-05 22:02,2024-01-05 22:21,2024-01-05 23:16
LAB700369,ENC100185,PT11549,HGB,Hemoglobin,13.6,g/dL,12,17.5,N,STAT,2024-01-05 21:49,2024-01-05 22:22,2024-01-05 22:51
LAB700370,ENC100186,PT12719,GLU,Glucose,88,mg/dL,70,99,N,Routine,2024-01-05 18:22,2024-01-05 18:48,2024-01-05 23:13
LAB700371,ENC100186,PT12719,CREAT,Creatinine,0.68,mg/dL,0.6,1.3,N,Routine,2024-01-05 19:25,2024-01-05 19:45,2024-01-06 01:47
LAB700372,ENC100186,PT12719,WBC,White Blood Cell Count,5.1,K/uL,4.5,11,N,STAT,2024-01-05 18:31,2024-01-05 19:01,2024-01-05 19:32
LAB700373,ENC100186,PT12719,HGB,Hemoglobin,14.9,g/dL,12,17.5,N,STAT,2024-01-05 18:48,2024-01-05 19:18,2024-01-05 20:00
LAB700374,ENC100187,PT10650,GLU,Glucose,101,mg/dL,70,99,H,STAT,2024-01-05 19:10,2024-01-05 19:42,2024-01-05 21:15
LAB700375,ENC100187,PT10650,CREAT,Creatinine,1.42,mg/dL,0.6,1.3,H,Routine,2024-01-05 19:09,2024-01-05 19:40,2024-01-05 23:11
LAB700376,ENC100187,PT10650,WBC,White Blood Cell Count,10,K/uL,4.5,11,N,STAT,2024-01-05 19:01,2024-01-05 19:23,2024-01-05 20:40
LAB700377,ENC100187,PT10650,HGB,Hemoglobin,12.3,g/dL,12,17.5,N,Routine,2024-01-05 19:35,2024-01-05 20:09,2024-01-05 23:06
LAB700378,ENC100189,PT11716,GLU,Glucose,77,mg/dL,70,99,N,STAT,2024-01-05 22:37,2024-01-05 22:55,2024-01-05 23:42
LAB700379,ENC100189,PT11716,CREAT,Creatinine,0.78,mg/dL,0.6,1.3,N,STAT,2024-01-05 21:57,2024-01-05 22:20,2024-01-05 22:47
LAB700380,ENC100189,PT11716,WBC,White Blood Cell Count,16.7,K/uL,4.5,11,H,Routine,2024-01-05 22:08,2024-01-05 22:29,2024-01-06 04:58
LAB700381,ENC100189,PT11716,HGB,Hemoglobin,15.1,g/dL,12,17.5,N,Routine,2024-01-05 22:37,2024-01-05 23:02,2024-01-06 01:40
LAB700382,ENC100190,PT11838,GLU,Glucose,118,mg/dL,70,99,H,STAT,2024-01-05 22:45,2024-01-05 22:56,2024-01-05 23:36
LAB700383,ENC100190,PT11838,CREAT,Creatinine,0.76,mg/dL,0.6,1.3,N,STAT,2024-01-05 22:45,2024-01-05 23:05,2024-01-06 00:06
LAB700384,ENC100190,PT11838,WBC,White Blood Cell Count,3.2,K/uL,4.5,11,L,STAT,2024-01-05 22:54,2024-01-05 23:22,2024-01-06 00:35
LAB700385,ENC100190,PT11838,HGB,Hemoglobin,15.3,g/dL,12,17.5,N,STAT,2024-01-05 23:32,2024-01-05 23:38,2024-01-06 01:07
LAB700386,ENC100190,PT11838,BUN,Blood Urea Nitrogen,16,mg/dL,7,20,N,STAT,2024-01-05 22:33,2024-01-05 23:02,2024-01-05 23:45
LAB700387,ENC100190,PT11838,PLT,Platelet Count,260,K/uL,150,400,N,STAT,2024-01-05 22:58,2024-01-05 23:09,2024-01-06 00:12
LAB700388,ENC100191,PT12535,GLU,Glucose,119,mg/dL,70,99,H,STAT,2024-01-05 19:45,2024-01-05 20:17,2024-01-05 21:12
LAB700389,ENC100191,PT12535,CREAT,Creatinine,2.19,mg/dL,0.6,1.3,H,STAT,2024-01-05 20:22,2024-01-05 20:44,2024-01-05 21:38
LAB700390,ENC100191,PT12535,WBC,White Blood Cell Count,24.6,K/uL,4.5,11,H,STAT,2024-01-05 20:00,2024-01-05 20:22,2024-01-05 21:02
LAB700391,ENC100191,PT12535,HGB,Hemoglobin,13.2,g/dL,12,17.5,N,Routine,2024-01-05 20:01,2024-01-05 20:32,2024-01-05 23:00
LAB700392,ENC100191,PT12535,LACT,Lactate,5.9,mmol/L,0.5,2,HH,STAT,2024-01-05 20:27,2024-01-05 20:53,2024-01-05 21:37
LAB700393,ENC100193,PT13228,GLU,Glucose,81,mg/dL,70,99,N,Routine,2024-01-05 23:56,2024-01-06 00:24,2024-01-06 02:55
LAB700394,ENC100193,PT13228,CREAT,Creatinine,0.38,mg/dL,0.6,1.3,L,Routine,2024-01-05 23:42,2024-01-06 00:03,2024-01-06 02:28
LAB700395,ENC100193,PT13228,WBC,White Blood Cell Count,9.2,K/uL,4.5,11,N,STAT,2024-01-05 23:56,2024-01-06 00:07,2024-01-06 00:50
LAB700396,ENC100193,PT13228,HGB,Hemoglobin,11.6,g/dL,12,17.5,L,STAT,2024-01-05 23:28,2024-01-05 23:45,2024-01-06 00:54
LAB700397,ENC100194,PT13434,GLU,Glucose,186,mg/dL,70,99,H,Routine,2024-01-06 02:19,2024-01-06 02:47,2024-01-06 04:48
LAB700398,ENC100194,PT13434,CREAT,Creatinine,1.37,mg/dL,0.6,1.3,H,STAT,2024-01-06 02:00,2024-01-06 02:32,2024-01-06 03:31
LAB700399,ENC100194,PT13434,WBC,White Blood Cell Count,19.9,K/uL,4.5,11,H,Routine,2024-01-06 02:36,2024-01-06 03:01,2024-01-06 06:37
LAB700400,ENC100194,PT13434,HGB,Hemoglobin,14,g/dL,12,17.5,N,STAT,2024-01-06 02:09,2024-01-06 02:31,2024-01-06 03:05
LAB700401,ENC100195,PT10869,TROP,"Troponin I, High Sensitivity",2,ng/L,0,34,N,STAT,2024-01-06 01:47,2024-01-06 02:03,2024-01-06 02:52
LAB700402,ENC100196,PT13500,GLU,Glucose,107,mg/dL,70,99,H,Routine,2024-01-06 01:27,2024-01-06 01:58,2024-01-06 12:25
LAB700403,ENC100196,PT13500,CREAT,Creatinine,1.04,mg/dL,0.6,1.3,N,STAT,2024-01-06 01:48,2024-01-06 01:54,2024-01-06 02:29
LAB700404,ENC100196,PT13500,WBC,White Blood Cell Count,4.7,K/uL,4.5,11,N,STAT,2024-01-06 01:25,2024-01-06 01:59,2024-01-06 03:01
LAB700405,ENC100196,PT13500,HGB,Hemoglobin,12.6,g/dL,12,17.5,N,STAT,2024-01-06 02:21,2024-01-06 02:54,2024-01-06 03:37
LAB700406,ENC100196,PT13500,INR,Prothrombin Time INR,1,ratio,0.8,1.2,N,STAT,2024-01-06 02:09,2024-01-06 02:29,2024-01-06 03:02
LAB700407,ENC100197,PT11960,GLU,Glucose,132,mg/dL,70,99,H,Routine,2024-01-06 13:56,2024-01-06 14:20,2024-01-06 16:08
LAB700408,ENC100197,PT11960,CREAT,Creatinine,0.84,mg/dL,0.6,1.3,N,STAT,2024-01-06 14:11,2024-01-06 14:20,2024-01-06 15:12
LAB700409,ENC100197,PT11960,WBC,White Blood Cell Count,8.7,K/uL,4.5,11,N,Routine,2024-01-06 14:04,2024-01-06 14:14,2024-01-06 19:44
LAB700410,ENC100197,PT11960,HGB,Hemoglobin,14.4,g/dL,12,17.5,N,STAT,2024-01-06 13:59,2024-01-06 14:31,2024-01-06 15:13
LAB700411,ENC100197,PT11960,NA,Sodium,138,mmol/L,136,145,N,Routine,2024-01-06 14:07,2024-01-06 14:21,2024-01-06 19:45
LAB700412,ENC100197,PT11960,K,Potassium,3.9,mmol/L,3.5,5.1,N,STAT,2024-01-06 13:56,2024-01-06 14:07,2024-01-06 15:22
LAB700413,ENC100198,PT12442,GLU,Glucose,122,mg/dL,70,99,H,STAT,2024-01-06 09:16,2024-01-06 09:31,2024-01-06 10:34
LAB700414,ENC100198,PT12442,CREAT,Creatinine,1.04,mg/dL,0.6,1.3,N,Routine,2024-01-06 10:12,2024-01-06 10:18,2024-01-06 16:30
LAB700415,ENC100199,PT13296,GLU,Glucose,105,mg/dL,70,99,H,Routine,2024-01-06 09:52,2024-01-06 10:08,2024-01-06 12:42
LAB700416,ENC100199,PT13296,CREAT,Creatinine,1,mg/dL,0.6,1.3,N,Routine,2024-01-06 09:36,2024-01-06 09:52,2024-01-06 12:12
LAB700417,ENC100199,PT13296,WBC,White Blood Cell Count,3.6,K/uL,4.5,11,L,STAT,2024-01-06 09:21,2024-01-06 09:32,2024-01-06 10:05
LAB700418,ENC100199,PT13296,HGB,Hemoglobin,11.4,g/dL,12,17.5,L,STAT,2024-01-06 10:12,2024-01-06 10:32,2024-01-06 11:33
LAB700419,ENC100199,PT13296,NA,Sodium,140,mmol/L,136,145,N,STAT,2024-01-06 09:48,2024-01-06 09:57,2024-01-06 10:57
LAB700420,ENC100199,PT13296,K,Potassium,5.1,mmol/L,3.5,5.1,N,STAT,2024-01-06 09:26,2024-01-06 09:42,2024-01-06 10:32
LAB700421,ENC100200,PT13027,GLU,Glucose,126,mg/dL,70,99,H,Routine,2024-01-06 12:08,2024-01-06 12:33,2024-01-06 14:56
LAB700422,ENC100200,PT13027,CREAT,Creatinine,0.87,mg/dL,0.6,1.3,N,STAT,2024-01-06 12:16,2024-01-06 12:51,2024-01-06 13:30
LAB700423,ENC100200,PT13027,WBC,White Blood Cell Count,9.2,K/uL,4.5,11,N,STAT,2024-01-06 11:39,2024-01-06 12:03,2024-01-06 12:53
LAB700424,ENC100200,PT13027,HGB,Hemoglobin,11.3,g/dL,12,17.5,L,STAT,2024-01-06 12:04,2024-01-06 12:18,2024-01-06 12:46
LAB700425,ENC100200,PT13027,TROP,"Troponin I, High Sensitivity",249,ng/L,0,34,H,STAT,2024-01-06 12:07,2024-01-06 12:25,2024-01-06 13:05
LAB700426,ENC100202,PT10452,GLU,Glucose,150,mg/dL,70,99,H,STAT,2024-01-06 11:38,2024-01-06 12:04,2024-01-06 12:46
LAB700427,ENC100202,PT10452,CREAT,Creatinine,1.77,mg/dL,0.6,1.3,H,STAT,2024-01-06 12:15,2024-01-06 12:47,2024-01-06 13:16
LAB700428,ENC100202,PT10452,WBC,White Blood Cell Count,12.5,K/uL,4.5,11,H,STAT,2024-01-06 11:39,2024-01-06 11:45,2024-01-06 12:16
LAB700429,ENC100202,PT10452,HGB,Hemoglobin,13.5,g/dL,12,17.5,N,STAT,2024-01-06 12:21,2024-01-06 12:39,2024-01-06 13:09
LAB700430,ENC100203,PT10862,GLU,Glucose,120,mg/dL,70,99,H,STAT,2024-01-06 15:39,2024-01-06 15:45,2024-01-06 16:29
LAB700431,ENC100203,PT10862,CREAT,Creatinine,0.89,mg/dL,0.6,1.3,N,Routine,2024-01-06 15:29,2024-01-06 15:35,2024-01-06 22:20
LAB700432,ENC100203,PT10862,WBC,White Blood Cell Count,22.4,K/uL,4.5,11,H,Routine,2024-01-06 15:36,2024-01-06 16:07,2024-01-06 18:29
LAB700433,ENC100203,PT10862,HGB,Hemoglobin,13.5,g/dL,12,17.5,N,STAT,2024-01-06 14:54,2024-01-06 15:08,2024-01-06 16:10
LAB700434,ENC100205,PT12448,GLU,Glucose,107,mg/dL,70,99,H,STAT,2024-01-06 13:41,2024-01-06 14:14,2024-01-06 14:42
LAB700435,ENC100205,PT12448,CREAT,Creatinine,0.84,mg/dL,0.6,1.3,N,STAT,2024-01-06 13:04,2024-01-06 13:19,2024-01-06 13:46
LAB700436,ENC100205,PT12448,WBC,White Blood Cell Count,7.4,K/uL,4.5,11,N,STAT,2024-01-06 12:44,2024-01-06 13:02,2024-01-06 13:40
LAB700437,ENC100205,PT12448,HGB,Hemoglobin,12.5,g/dL,12,17.5,N,Routine,2024-01-06 13:23,2024-01-06 13:46,2024-01-06 18:33
LAB700438,ENC100207,PT13711,GLU,Glucose,150,mg/dL,70,99,H,STAT,2024-01-06 17:08,2024-01-06 17:15,2024-01-06 18:21
LAB700439,ENC100207,PT13711,CREAT,Creatinine,1.14,mg/dL,0.6,1.3,N,STAT,2024-01-06 17:00,2024-01-06 17:17,2024-01-06 18:05
LAB700440,ENC100207,PT13711,WBC,White Blood Cell Count,8.6,K/uL,4.5,11,N,Routine,2024-01-06 17:13,2024-01-06 17:39,2024-01-06 20:07
LAB700441,ENC100207,PT13711,HGB,Hemoglobin,12.8,g/dL,12,17.5,N,Routine,2024-01-06 17:11,2024-01-06 17:44,2024-01-06 19:31
LAB700442,ENC100208,PT13374,GLU,Glucose,107,mg/dL,70,99,H,STAT,2024-01-06 15:15,2024-01-06 15:45,2024-01-06 16:02
LAB700443,ENC100208,PT13374,CREAT,Creatinine,1.07,mg/dL,0.6,1.3,N,STAT,2024-01-06 15:39,2024-01-06 15:45,2024-01-06 16:37
LAB700444,ENC100208,PT13374,WBC,White Blood Cell Count,6.5,K/uL,4.5,11,N,STAT,2024-01-06 15:53,2024-01-06 15:58,2024-01-06 16:54
LAB700445,ENC100208,PT13374,HGB,Hemoglobin,17.1,g/dL,12,17.5,N,Routine,2024-01-06 15:18,2024-01-06 15:48,2024-01-06 18:53
LAB700446,ENC100212,PT13854,GLU,Glucose,168,mg/dL,70,99,H,Routine,2024-01-06 19:49,2024-01-06 20:14,2024-01-07 00:25
LAB700447,ENC100212,PT13854,CREAT,Creatinine,1.07,mg/dL,0.6,1.3,N,Routine,2024-01-06 19:44,2024-01-06 20:03,2024-01-07 01:36
LAB700448,ENC100212,PT13854,WBC,White Blood Cell Count,12.9,K/uL,4.5,11,H,STAT,2024-01-06 19:19,2024-01-06 19:34,2024-01-06 20:53
LAB700449,ENC100212,PT13854,HGB,Hemoglobin,15.4,g/dL,12,17.5,N,STAT,2024-01-06 19:14,2024-01-06 19:34,2024-01-06 20:24
LAB700450,ENC100214,PT11354,GLU,Glucose,218,mg/dL,70,99,H,STAT,2024-01-06 20:48,2024-01-06 20:54,2024-01-06 22:09
LAB700451,ENC100214,PT11354,CREAT,Creatinine,1.04,mg/dL,0.6,1.3,N,STAT,2024-01-06 20:48,2024-01-06 21:16,2024-01-06 22:26
LAB700452,ENC100214,PT11354,WBC,White Blood Cell Count,8.1,K/uL,4.5,11,N,STAT,2024-01-06 21:33,2024-01-06 21:41,2024-01-06 22:21
LAB700453,ENC100217,PT10115,GLU,Glucose,116,mg/dL,70,99,H,Routine,2024-01-07 02:24,2024-01-07 02:33,2024-01-07 06:03
LAB700454,ENC100217,PT10115,CREAT,Creatinine,0.94,mg/dL,0.6,1.3,N,STAT,2024-01-07 02:07,2024-01-07 02:29,2024-01-07 03:30
LAB700455,ENC100217,PT10115,WBC,White Blood Cell Count,8.9,K/uL,4.5,11,N,Routine,2024-01-07 02:11,2024-01-07 02:44,2024-01-07 08:06
LAB700456,ENC100218,PT12961,GLU,Glucose,79,mg/dL,70,99,N,STAT,2024-01-07 06:43,2024-01-07 06:51,2024-01-07 07:33
LAB700457,ENC100218,PT12961,CREAT,Creatinine,0.92,mg/dL,0.6,1.3,N,STAT,2024-01-07 06:13,2024-01-07 06:28,2024-01-07 06:56
LAB700458,ENC100218,PT12961,WBC,White Blood Cell Count,8.9,K/uL,4.5,11,N,STAT,2024-01-07 06:41,2024-01-07 06:45,2024-01-07 07:28
LAB700459,ENC100218,PT12961,HGB,Hemoglobin,14.3,g/dL,12,17.5,N,Routine,2024-01-07 06:37,2024-01-07 07:12,2024-01-07 14:06
LAB700460,ENC100218,PT12961,NA,Sodium,141,mmol/L,136,145,N,STAT,2024-01-07 05:51,2024-01-07 05:59,2024-01-07 06:26
LAB700461,ENC100218,PT12961,K,Potassium,4,mmol/L,3.5,5.1,N,STAT,2024-01-07 06:14,2024-01-07 06:24,2024-01-07 06:48
LAB700462,ENC100219,PT12276,GLU,Glucose,115,mg/dL,70,99,H,STAT,2024-01-07 07:57,2024-01-07 08:14,2024-01-07 09:10
LAB700463,ENC100219,PT12276,CREAT,Creatinine,1.31,mg/dL,0.6,1.3,H,STAT,2024-01-07 08:14,2024-01-07 08:38,2024-01-07 09:08
LAB700464,ENC100219,PT12276,WBC,White Blood Cell Count,9.2,K/uL,4.5,11,N,STAT,2024-01-07 07:38,2024-01-07 08:12,2024-01-07 08:50
LAB700465,ENC100219,PT12276,HGB,Hemoglobin,6.1,g/dL,12,17.5,LL,Routine,2024-01-07 07:43,2024-01-07 07:49,2024-01-07 10:50
LAB700466,ENC100219,PT12276,NA,Sodium,139,mmol/L,136,145,N,STAT,2024-01-07 07:40,2024-01-07 08:08,2024-01-07 09:03
LAB700467,ENC100219,PT12276,K,Potassium,4.1,mmol/L,3.5,5.1,N,STAT,2024-01-07 07:37,2024-01-07 08:12,2024-01-07 08:43
LAB700468,ENC100219,PT12276,INR,Prothrombin Time INR,1,ratio,0.8,1.2,N,STAT,2024-01-07 07:51,2024-01-07 07:57,2024-01-07 08:44
LAB700469,ENC100220,PT13412,TROP,"Troponin I, High Sensitivity",11,ng/L,0,34,N,STAT,2024-01-07 11:03,2024-01-07 11:36,2024-01-07 11:55
LAB700470,ENC100221,PT13155,GLU,Glucose,118,mg/dL,70,99,H,STAT,2024-01-07 11:27,2024-01-07 11:50,2024-01-07 12:56
LAB700471,ENC100221,PT13155,CREAT,Creatinine,0.48,mg/dL,0.6,1.3,L,STAT,2024-01-07 11:49,2024-01-07 11:57,2024-01-07 12:57
LAB700472,ENC100221,PT13155,WBC,White Blood Cell Count,6.2,K/uL,4.5,11,N,STAT,2024-01-07 11:40,2024-01-07 12:08,2024-01-07 13:29
LAB700473,ENC100221,PT13155,HGB,Hemoglobin,13.9,g/dL,12,17.5,N,STAT,2024-01-07 12:12,2024-01-07 12:18,2024-01-07 13:06
LAB700474,ENC100222,PT13208,GLU,Glucose,105,mg/dL,70,99,H,STAT,2024-01-07 13:39,2024-01-07 14:11,2024-01-07 14:58
LAB700475,ENC100222,PT13208,CREAT,Creatinine,0.85,mg/dL,0.6,1.3,N,Routine,2024-01-07 13:56,2024-01-07 14:06,2024-01-07 15:54
LAB700476,ENC100222,PT13208,WBC,White Blood Cell Count,5.6,K/uL,4.5,11,N,Routine,2024-01-07 14:37,2024-01-07 14:45,2024-01-08 00:58
LAB700477,ENC100222,PT13208,HGB,Hemoglobin,11.4,g/dL,12,17.5,L,Routine,2024-01-07 14:34,2024-01-07 14:54,2024-01-07 16:48
LAB700478,ENC100222,PT13208,NA,Sodium,141,mmol/L,136,145,N,STAT,2024-01-07 14:01,2024-01-07 14:18,2024-01-07 14:56
LAB700479,ENC100222,PT13208,K,Potassium,3.6,mmol/L,3.5,5.1,N,STAT,2024-01-07 13:30,2024-01-07 13:43,2024-01-07 14:56
LAB700480,ENC100222,PT13208,LACT,Lactate,2.4,mmol/L,0.5,2,H,STAT,2024-01-07 13:35,2024-01-07 13:56,2024-01-07 14:39
LAB700481,ENC100223,PT10518,GLU,Glucose,95,mg/dL,70,99,N,STAT,2024-01-07 12:36,2024-01-07 13:02,2024-01-07 13:30
LAB700482,ENC100223,PT10518,CREAT,Creatinine,0.78,mg/dL,0.6,1.3,N,Routine,2024-01-07 13:02,2024-01-07 13:08,2024-01-07 15:18
LAB700483,ENC100223,PT10518,WBC,White Blood Cell Count,8.8,K/uL,4.5,11,N,STAT,2024-01-07 13:14,2024-01-07 13:31,2024-01-07 14:10
LAB700484,ENC100223,PT10518,TROP,"Troponin I, High Sensitivity",45,ng/L,0,34,H,STAT,2024-01-07 12:49,2024-01-07 13:16,2024-01-07 13:54
LAB700485,ENC100225,PT11402,GLU,Glucose,114,mg/dL,70,99,H,Routine,2024-01-07 14:59,2024-01-07 15:25,2024-01-07 18:11
LAB700486,ENC100225,PT11402,CREAT,Creatinine,2.14,mg/dL,0.6,1.3,H,STAT,2024-01-07 13:58,2024-01-07 14:22,2024-01-07 15:35
LAB700487,ENC100225,PT11402,WBC,White Blood Cell Count,7.3,K/uL,4.5,11,N,STAT,2024-01-07 14:29,2024-01-07 14:48,2024-01-07 15:21
LAB700488,ENC100225,PT11402,HGB,Hemoglobin,9,g/dL,12,17.5,L,Routine,2024-01-07 14:23,2024-01-07 14:46,2024-01-07 20:46
LAB700489,ENC100225,PT11402,NA,Sodium,139,mmol/L,136,145,N,Routine,2024-01-07 14:40,2024-01-07 14:51,2024-01-07 17:29
LAB700490,ENC100225,PT11402,K,Potassium,5.4,mmol/L,3.5,5.1,H,STAT,2024-01-07 14:43,2024-01-07 14:54,2024-01-07 15:30
LAB700491,ENC100226,PT11550,GLU,Glucose,117,mg/dL,70,99,H,STAT,2024-01-07 18:48,2024-01-07 19:22,2024-01-07 20:19
LAB700492,ENC100226,PT11550,CREAT,Creatinine,2.27,mg/dL,0.6,1.3,H,STAT,2024-01-07 18:00,2024-01-07 18:04,2024-01-07 18:51
LAB700493,ENC100226,PT11550,WBC,White Blood Cell Count,9.2,K/uL,4.5,11,N,Routine,2024-01-07 17:48,2024-01-07 18:07,2024-01-08 01:00
LAB700494,ENC100226,PT11550,HGB,Hemoglobin,12.7,g/dL,12,17.5,N,STAT,2024-01-07 18:27,2024-01-07 18:35,2024-01-07 19:28
LAB700495,ENC100226,PT11550,BUN,Blood Urea Nitrogen,18,mg/dL,7,20,N,STAT,2024-01-07 17:56,2024-01-07 18:04,2024-01-07 18:37
LAB700496,ENC100226,PT11550,PLT,Platelet Count,192,K/uL,150,400,N,Routine,2024-01-07 18:06,2024-01-07 18:41,2024-01-07 23:39
LAB700497,ENC100226,PT11550,TROP,"Troponin I, High Sensitivity",66,ng/L,0,34,H,STAT,2024-01-07 18:30,2024-01-07 18:55,2024-01-07 20:01
LAB700498,ENC100227,PT10776,GLU,Glucose,101,mg/dL,70,99,H,STAT,2024-01-07 18:44,2024-01-07 19:01,2024-01-07 19:32
LAB700499,ENC100227,PT10776,CREAT,Creatinine,1.11,mg/dL,0.6,1.3,N,STAT,2024-01-07 18:51,2024-01-07 19:19,2024-01-07 19:43
LAB700500,ENC100227,PT10776,WBC,White Blood Cell Count,9.4,K/uL,4.5,11,N,STAT,2024-01-07 18:26,2024-01-07 18:47,2024-01-07 19:49
LAB700501,ENC100227,PT10776,HGB,Hemoglobin,15.5,g/dL,12,17.5,N,STAT,2024-01-07 18:35,2024-01-07 18:55,2024-01-07 20:08
LAB700502,ENC100227,PT10776,INR,Prothrombin Time INR,1,ratio,0.8,1.2,N,Routine,2024-01-07 18:45,2024-01-07 18:57,2024-01-08 00:20
LAB700503,ENC100230,PT10861,GLU,Glucose,312,mg/dL,70,99,H,STAT,2024-01-07 22:32,2024-01-07 23:04,2024-01-07 23:45
LAB700504,ENC100230,PT10861,CREAT,Creatinine,0.91,mg/dL,0.6,1.3,N,STAT,2024-01-07 22:17,2024-01-07 22:49,2024-01-08 00:45
LAB700505,ENC100230,PT10861,WBC,White Blood Cell Count,5.4,K/uL,4.5,11,N,STAT,2024-01-07 22:06,2024-01-07 22:26,2024-01-07 22:43
LAB700506,ENC100230,PT10861,HGB,Hemoglobin,13.9,g/dL,12,17.5,N,Routine,2024-01-07 22:48,2024-01-07 23:13,2024-01-08 01:11
LAB700507,ENC100230,PT10861,NA,Sodium,133,mmol/L,136,145,L,STAT,2024-01-07 22:10,2024-01-07 22:20,2024-01-07 22:53
LAB700508,ENC100230,PT10861,K,Potassium,3.9,mmol/L,3.5,5.1,N,STAT,2024-01-07 22:04,2024-01-07 22:09,2024-01-07 22:36
LAB700509,ENC100230,PT10861,BUN,Blood Urea Nitrogen,5,mg/dL,7,20,L,STAT,2024-01-07 22:43,2024-01-07 23:07,2024-01-08 00:13
LAB700510,ENC100230,PT10861,PLT,Platelet Count,303,K/uL,150,400,N,STAT,2024-01-07 23:03,2024-01-07 23:38,2024-01-08 00:21
LAB700511,ENC100230,PT10861,A1C,Hemoglobin A1c,8.9,%,4,5.6,H,Routine,2024-01-07 22:27,2024-01-07 22:49,2024-01-08 11:29
LAB700512,ENC100232,PT10586,GLU,Glucose,101,mg/dL,70,99,H,STAT,2024-01-07 19:59,2024-01-07 20:06,2024-01-07 21:03
LAB700513,ENC100232,PT10586,CREAT,Creatinine,0.97,mg/dL,0.6,1.3,N,STAT,2024-01-07 20:41,2024-01-07 21:01,2024-01-07 22:23
LAB700514,ENC100233,PT10932,GLU,Glucose,123,mg/dL,70,99,H,Routine,2024-01-08 01:08,2024-01-08 01:34,2024-01-08 03:42
LAB700515,ENC100233,PT10932,CREAT,Creatinine,1.15,mg/dL,0.6,1.3,N,STAT,2024-01-08 01:06,2024-01-08 01:24,2024-01-08 02:03
LAB700516,ENC100233,PT10932,WBC,White Blood Cell Count,6.5,K/uL,4.5,11,N,STAT,2024-01-08 01:24,2024-01-08 01:31,2024-01-08 02:29
LAB700517,ENC100233,PT10932,HGB,Hemoglobin,13.4,g/dL,12,17.5,N,Routine,2024-01-08 00:53,2024-01-08 00:57,2024-01-08 03:09
LAB700518,ENC100233,PT10932,TROP,"Troponin I, High Sensitivity",336,ng/L,0,34,H,STAT,2024-01-08 00:36,2024-01-08 00:42,2024-01-08 01:11
LAB700519,ENC100234,PT13276,GLU,Glucose,125,mg/dL,70,99,H,STAT,2024-01-07 23:37,2024-01-07 23:55,2024-01-08 00:54
LAB700520,ENC100234,PT13276,CREAT,Creatinine,0.36,mg/dL,0.6,1.3,L,STAT,2024-01-07 22:51,2024-01-07 23:22,2024-01-08 00:16
LAB700521,ENC100234,PT13276,WBC,White Blood Cell Count,3.8,K/uL,4.5,11,L,STAT,2024-01-07 23:05,2024-01-07 23:14,2024-01-07 23:39
LAB700522,ENC100234,PT13276,HGB,Hemoglobin,14.2,g/dL,12,17.5,N,Routine,2024-01-07 22:39,2024-01-07 22:43,2024-01-08 00:13
LAB700523,ENC100235,PT11436,GLU,Glucose,236,mg/dL,70,99,H,Routine,2024-01-08 01:27,2024-01-08 01:54,2024-01-08 03:13
LAB700524,ENC100235,PT11436,CREAT,Creatinine,0.95,mg/dL,0.6,1.3,N,STAT,2024-01-08 01:52,2024-01-08 02:06,2024-01-08 02:54
LAB700525,ENC100235,PT11436,WBC,White Blood Cell Count,8.2,K/uL,4.5,11,N,STAT,2024-01-08 01:58,2024-01-08 02:13,2024-01-08 04:13
LAB700526,ENC100235,PT11436,HGB,Hemoglobin,14,g/dL,12,17.5,N,STAT,2024-01-08 01:53,2024-01-08 01:57,2024-01-08 02:58
LAB700527,ENC100235,PT11436,NA,Sodium,139,mmol/L,136,145,N,Routine,2024-01-08 01:48,2024-01-08 02:21,2024-01-08 04:50
LAB700528,ENC100235,PT11436,K,Potassium,4.2,mmol/L,3.5,5.1,N,STAT,2024-01-08 00:59,2024-01-08 01:27,2024-01-08 02:04
LAB700529,ENC100235,PT11436,TROP,"Troponin I, High Sensitivity",72,ng/L,0,34,H,STAT,2024-01-08 01:34,2024-01-08 01:48,2024-01-08 02:42
LAB700530,ENC100236,PT10064,GLU,Glucose,100,mg/dL,70,99,H,STAT,2024-01-08 02:48,2024-01-08 03:22,2024-01-08 03:48
LAB700531,ENC100236,PT10064,CREAT,Creatinine,1.11,mg/dL,0.6,1.3,N,Routine,2024-01-08 02:58,2024-01-08 03:16,2024-01-08 07:55
LAB700532,ENC100236,PT10064,WBC,White Blood Cell Count,17.3,K/uL,4.5,11,H,STAT,2024-01-08 02:40,2024-01-08 03:00,2024-01-08 03:49
LAB700533,ENC100236,PT10064,HGB,Hemoglobin,11.9,g/dL,12,17.5,L,STAT,2024-01-08 02:56,2024-01-08 03:06,2024-01-08 03:45
LAB700534,ENC100236,PT10064,NA,Sodium,140,mmol/L,136,145,N,STAT,2024-01-08 02:28,2024-01-08 02:34,2024-01-08 03:05
LAB700535,ENC100236,PT10064,K,Potassium,3.7,mmol/L,3.5,5.1,N,STAT,2024-01-08 03:16,2024-01-08 03:22,2024-01-08 04:07
LAB700536,ENC100239,PT10841,GLU,Glucose,67,mg/dL,70,99,L,STAT,2024-01-08 07:21,2024-01-08 07:49,2024-01-08 08:37
LAB700537,ENC100239,PT10841,CREAT,Creatinine,1.21,mg/dL,0.6,1.3,N,Routine,2024-01-08 07:17,2024-01-08 07:29,2024-01-08 12:52
LAB700538,ENC100239,PT10841,WBC,White Blood Cell Count,21.3,K/uL,4.5,11,H,STAT,2024-01-08 06:59,2024-01-08 07:27,2024-01-08 08:07
LAB700539,ENC100239,PT10841,HGB,Hemoglobin,12,g/dL,12,17.5,N,STAT,2024-01-08 07:18,2024-01-08 07:46,2024-01-08 08:38
LAB700540,ENC100239,PT10841,BUN,Blood Urea Nitrogen,15,mg/dL,7,20,N,Routine,2024-01-08 06:35,2024-01-08 06:42,2024-01-08 08:00
LAB700541,ENC100239,PT10841,PLT,Platelet Count,288,K/uL,150,400,N,Routine,2024-01-08 06:32,2024-01-08 06:38,2024-01-08 11:10
LAB700542,ENC100241,PT13778,GLU,Glucose,83,mg/dL,70,99,N,Routine,2024-01-08 09:49,2024-01-08 10:22,2024-01-08 13:29
LAB700543,ENC100241,PT13778,CREAT,Creatinine,1,mg/dL,0.6,1.3,N,Routine,2024-01-08 09:41,2024-01-08 10:09,2024-01-08 11:07
LAB700544,ENC100241,PT13778,WBC,White Blood Cell Count,18,K/uL,4.5,11,H,Routine,2024-01-08 08:44,2024-01-08 09:13,2024-01-08 11:57
LAB700545,ENC100241,PT13778,HGB,Hemoglobin,12.3,g/dL,12,17.5,N,STAT,2024-01-08 09:51,2024-01-08 10:24,2024-01-08 11:11
LAB700546,ENC100242,PT10170,GLU,Glucose,81,mg/dL,70,99,N,STAT,2024-01-08 06:43,2024-01-08 06:58,2024-01-08 07:57
LAB700547,ENC100242,PT10170,CREAT,Creatinine,0.96,mg/dL,0.6,1.3,N,STAT,2024-01-08 05:45,2024-01-08 06:16,2024-01-08 06:51
LAB700548,ENC100242,PT10170,WBC,White Blood Cell Count,7.8,K/uL,4.5,11,N,STAT,2024-01-08 06:35,2024-01-08 06:54,2024-01-08 07:28
LAB700549,ENC100242,PT10170,HGB,Hemoglobin,14.1,g/dL,12,17.5,N,Routine,2024-01-08 06:37,2024-01-08 07:06,2024-01-08 10:12
LAB700550,ENC100244,PT12104,GLU,Glucose,125,mg/dL,70,99,H,STAT,2024-01-08 08:51,2024-01-08 09:05,2024-01-08 09:49
LAB700551,ENC100244,PT12104,CREAT,Creatinine,1.14,mg/dL,0.6,1.3,N,STAT,2024-01-08 08:45,2024-01-08 09:05,2024-01-08 10:00
LAB700552,ENC100244,PT12104,WBC,White Blood Cell Count,8.7,K/uL,4.5,11,N,Routine,2024-01-08 09:12,2024-01-08 09:27,2024-01-08 13:08
LAB700553,ENC100246,PT12126,GLU,Glucose,124,mg/dL,70,99,H,Routine,2024-01-08 13:51,2024-01-08 14:22,2024-01-08 19:47
LAB700554,ENC100246,PT12126,CREAT,Creatinine,2.46,mg/dL,0.6,1.3,H,STAT,2024-01-08 14:08,2024-01-08 14:12,2024-01-08 14:47
LAB700555,ENC100246,PT12126,WBC,White Blood Cell Count,7.1,K/uL,4.5,11,N,STAT,2024-01-08 13:50,2024-01-08 14:05,2024-01-08 14:39
LAB700556,ENC100246,PT12126,HGB,Hemoglobin,15.3,g/dL,12,17.5,N,STAT,2024-01-08 14:19,2024-01-08 14:35,2024-01-08 15:36
LAB700557,ENC100246,PT12126,NA,Sodium,143,mmol/L,136,145,N,Routine,2024-01-08 14:21,2024-01-08 14:39,2024-01-08 18:02
LAB700558,ENC100246,PT12126,K,Potassium,4.9,mmol/L,3.5,5.1,N,STAT,2024-01-08 13:35,2024-01-08 13:47,2024-01-08 14:18
LAB700559,ENC100246,PT12126,BUN,Blood Urea Nitrogen,12,mg/dL,7,20,N,STAT,2024-01-08 13:38,2024-01-08 13:49,2024-01-08 14:37
LAB700560,ENC100246,PT12126,PLT,Platelet Count,336,K/uL,150,400,N,STAT,2024-01-08 14:16,2024-01-08 14:29,2024-01-08 15:24
LAB700561,ENC100247,PT12212,GLU,Glucose,114,mg/dL,70,99,H,STAT,2024-01-08 10:45,2024-01-08 11:05,2024-01-08 11:50
LAB700562,ENC100247,PT12212,CREAT,Creatinine,0.92,mg/dL,0.6,1.3,N,STAT,2024-01-08 10:36,2024-01-08 10:46,2024-01-08 11:08
LAB700563,ENC100247,PT12212,WBC,White Blood Cell Count,5.9,K/uL,4.5,11,N,STAT,2024-01-08 10:35,2024-01-08 10:42,2024-01-08 11:36
LAB700564,ENC100247,PT12212,HGB,Hemoglobin,13,g/dL,12,17.5,N,STAT,2024-01-08 11:40,2024-01-08 12:07,2024-01-08 12:40
LAB700565,ENC100251,PT11896,GLU,Glucose,301,mg/dL,70,99,H,STAT,2024-01-08 15:05,2024-01-08 15:24,2024-01-08 16:22
LAB700566,ENC100251,PT11896,CREAT,Creatinine,0.84,mg/dL,0.6,1.3,N,Routine,2024-01-08 15:40,2024-01-08 15:55,2024-01-08 18:12
LAB700567,ENC100251,PT11896,WBC,White Blood Cell Count,9.1,K/uL,4.5,11,N,STAT,2024-01-08 16:01,2024-01-08 16:12,2024-01-08 17:12
LAB700568,ENC100251,PT11896,HGB,Hemoglobin,13.2,g/dL,12,17.5,N,STAT,2024-01-08 15:41,2024-01-08 16:01,2024-01-08 16:45
LAB700569,ENC100251,PT11896,NA,Sodium,142,mmol/L,136,145,N,STAT,2024-01-08 15:03,2024-01-08 15:24,2024-01-08 15:50
LAB700570,ENC100251,PT11896,K,Potassium,3.8,mmol/L,3.5,5.1,N,STAT,2024-01-08 16:07,2024-01-08 16:41,2024-01-08 17:45
LAB700571,ENC100251,PT11896,A1C,Hemoglobin A1c,9.6,%,4,5.6,H,STAT,2024-01-08 15:59,2024-01-08 16:32,2024-01-08 17:10
LAB700572,ENC100253,PT12447,GLU,Glucose,109,mg/dL,70,99,H,Routine,2024-01-08 12:00,2024-01-08 12:17,2024-01-08 13:38
LAB700573,ENC100253,PT12447,CREAT,Creatinine,0.91,mg/dL,0.6,1.3,N,STAT,2024-01-08 11:58,2024-01-08 12:27,2024-01-08 13:52
LAB700574,ENC100253,PT12447,WBC,White Blood Cell Count,8,K/uL,4.5,11,N,Routine,2024-01-08 11:53,2024-01-08 12:21,2024-01-08 16:12
LAB700575,ENC100253,PT12447,HGB,Hemoglobin,13.2,g/dL,12,17.5,N,STAT,2024-01-08 12:57,2024-01-08 13:13,2024-01-08 14:33
LAB700576,ENC100253,PT12447,TROP,"Troponin I, High Sensitivity",8,ng/L,0,34,N,STAT,2024-01-08 12:55,2024-01-08 13:03,2024-01-08 13:59
LAB700577,ENC100254,PT12240,GLU,Glucose,73,mg/dL,70,99,N,Routine,2024-01-08 18:32,2024-01-08 19:02,2024-01-08 22:09
LAB700578,ENC100254,PT12240,CREAT,Creatinine,1.16,mg/dL,0.6,1.3,N,Routine,2024-01-08 18:14,2024-01-08 18:43,2024-01-08 21:43
LAB700579,ENC100254,PT12240,WBC,White Blood Cell Count,9.5,K/uL,4.5,11,N,Routine,2024-01-08 18:19,2024-01-08 18:37,2024-01-09 01:34
LAB700580,ENC100254,PT12240,HGB,Hemoglobin,10.5,g/dL,12,17.5,L,STAT,2024-01-08 17:53,2024-01-08 18:02,2024-01-08 18:35
LAB700581,ENC100255,PT13412,GLU,Glucose,232,mg/dL,70,99,H,STAT,2024-01-08 13:16,2024-01-08 13:21,2024-01-08 14:28
LAB700582,ENC100255,PT13412,CREAT,Creatinine,0.8,mg/dL,0.6,1.3,N,STAT,2024-01-08 12:43,2024-01-08 12:51,2024-01-08 13:25
LAB700583,ENC100255,PT13412,WBC,White Blood Cell Count,5.2,K/uL,4.5,11,N,Routine,2024-01-08 13:08,2024-01-08 13:40,2024-01-08 17:08
LAB700584,ENC100255,PT13412,HGB,Hemoglobin,11.6,g/dL,12,17.5,L,Routine,2024-01-08 13:17,2024-01-08 13:46,2024-01-08 16:46
LAB700585,ENC100256,PT12077,GLU,Glucose,74,mg/dL,70,99,N,STAT,2024-01-08 12:54,2024-01-08 13:16,2024-01-08 14:12
LAB700586,ENC100256,PT12077,CREAT,Creatinine,1.12,mg/dL,0.6,1.3,N,Routine,2024-01-08 12:32,2024-01-08 12:39,2024-01-08 15:01
LAB700587,ENC100258,PT13249,GLU,Glucose,183,mg/dL,70,99,H,STAT,2024-01-08 13:14,2024-01-08 13:22,2024-01-08 14:36
LAB700588,ENC100258,PT13249,CREAT,Creatinine,0.9,mg/dL,0.6,1.3,N,STAT,2024-01-08 13:22,2024-01-08 13:52,2024-01-08 14:19
LAB700589,ENC100258,PT13249,WBC,White Blood Cell Count,5.8,K/uL,4.5,11,N,Routine,2024-01-08 13:00,2024-01-08 13:15,2024-01-08 17:55
LAB700590,ENC100258,PT13249,HGB,Hemoglobin,14.4,g/dL,12,17.5,N,STAT,2024-01-08 13:41,2024-01-08 13:47,2024-01-08 14:29
LAB700591,ENC100258,PT13249,NA,Sodium,127,mmol/L,136,145,L,STAT,2024-01-08 13:14,2024-01-08 13:18,2024-01-08 14:24
LAB700592,ENC100258,PT13249,K,Potassium,4.1,mmol/L,3.5,5.1,N,STAT,2024-01-08 14:01,2024-01-08 14:27,2024-01-08 14:52
LAB700593,ENC100259,PT11215,GLU,Glucose,101,mg/dL,70,99,H,Routine,2024-01-08 17:47,2024-01-08 18:16,2024-01-08 21:41
LAB700594,ENC100259,PT11215,CREAT,Creatinine,1.13,mg/dL,0.6,1.3,N,Routine,2024-01-08 17:35,2024-01-08 17:39,2024-01-09 01:36
LAB700595,ENC100259,PT11215,WBC,White Blood Cell Count,15.1,K/uL,4.5,11,H,STAT,2024-01-08 18:24,2024-01-08 18:32,2024-01-08 19:04
LAB700596,ENC100259,PT11215,HGB,Hemoglobin,12.7,g/dL,12,17.5,N,Routine,2024-01-08 18:06,2024-01-08 18:17,2024-01-08 19:41
LAB700597,ENC100262,PT11262,WBC,White Blood Cell Count,9.8,K/uL,4.5,11,N,Routine,2024-01-08 14:35,2024-01-08 15:01,2024-01-08 18:05
LAB700598,ENC100262,PT11262,HGB,Hemoglobin,15,g/dL,12,17.5,N,Routine,2024-01-08 14:35,2024-01-08 14:50,2024-01-08 15:38
LAB700599,ENC100262,PT11262,PLT,Platelet Count,246,K/uL,150,400,N,Routine,2024-01-08 14:43,2024-01-08 15:00,2024-01-08 19:14
LAB700600,ENC100266,PT12137,A1C,Hemoglobin A1c,8.7,%,4,5.6,H,Routine,2024-01-08 16:12,2024-01-08 16:29,2024-01-09 02:54
LAB700601,ENC100267,PT12264,LDL,LDL Cholesterol,127,mg/dL,0,99,H,Routine,2024-01-08 16:14,2024-01-08 16:39,2024-01-09 11:13
LAB700602,ENC100267,PT12264,A1C,Hemoglobin A1c,9.8,%,4,5.6,H,Routine,2024-01-08 16:15,2024-01-08 16:49,2024-01-09 05:16
LAB700603,ENC100269,PT11634,GLU,Glucose,87,mg/dL,70,99,N,STAT,2024-01-08 22:38,2024-01-08 22:55,2024-01-08 23:33
LAB700604,ENC100269,PT11634,CREAT,Creatinine,0.68,mg/dL,0.6,1.3,N,STAT,2024-01-08 23:10,2024-01-08 23:19,2024-01-09 00:00
LAB700605,ENC100269,PT11634,WBC,White Blood Cell Count,8.9,K/uL,4.5,11,N,STAT,2024-01-08 22:54,2024-01-08 23:16,2024-01-08 23:55
LAB700606,ENC100269,PT11634,HGB,Hemoglobin,15.2,g/dL,12,17.5,N,STAT,2024-01-08 22:44,2024-01-08 23:18,2024-01-09 00:04
LAB700607,ENC100269,PT11634,NA,Sodium,142,mmol/L,136,145,N,Routine,2024-01-08 23:30,2024-01-08 23:49,2024-01-09 01:26
LAB700608,ENC100269,PT11634,K,Potassium,4.1,mmol/L,3.5,5.1,N,STAT,2024-01-08 22:43,2024-01-08 23:16,2024-01-08 23:55
LAB700609,ENC100269,PT11634,BUN,Blood Urea Nitrogen,18,mg/dL,7,20,N,Routine,2024-01-08 22:57,2024-01-08 23:17,2024-01-09 02:40
LAB700610,ENC100269,PT11634,PLT,Platelet Count,193,K/uL,150,400,N,Routine,2024-01-08 22:23,2024-01-08 22:27,2024-01-09 02:33
LAB700611,ENC100270,PT13783,GLU,Glucose,100,mg/dL,70,99,H,STAT,2024-01-08 18:59,2024-01-08 19:03,2024-01-08 20:36
LAB700612,ENC100270,PT13783,CREAT,Creatinine,1.41,mg/dL,0.6,1.3,H,STAT,2024-01-08 19:07,2024-01-08 19:24,2024-01-08 20:25
LAB700613,ENC100270,PT13783,WBC,White Blood Cell Count,18.9,K/uL,4.5,11,H,STAT,2024-01-08 19:14,2024-01-08 19:31,2024-01-08 20:30
LAB700614,ENC100270,PT13783,HGB,Hemoglobin,14.3,g/dL,12,17.5,N,STAT,2024-01-08 18:39,2024-01-08 18:52,2024-01-08 20:03
LAB700615,ENC100270,PT13783,LACT,Lactate,2.7,mmol/L,0.5,2,H,STAT,2024-01-08 19:23,2024-01-08 19:55,2024-01-08 20:28
LAB700616,ENC100271,PT13069,GLU,Glucose,285,mg/dL,70,99,H,Routine,2024-01-09 00:30,2024-01-09 00:35,2024-01-09 03:48
LAB700617,ENC100271,PT13069,CREAT,Creatinine,0.9,mg/dL,0.6,1.3,N,Routine,2024-01-09 00:31,2024-01-09 01:00,2024-01-09 02:24
LAB700618,ENC100271,PT13069,WBC,White Blood Cell Count,4.2,K/uL,4.5,11,L,STAT,2024-01-09 01:02,2024-01-09 01:27,2024-01-09 02:20
LAB700619,ENC100271,PT13069,HGB,Hemoglobin,13,g/dL,12,17.5,N,STAT,2024-01-09 00:48,2024-01-09 00:56,2024-01-09 02:02
LAB700620,ENC100273,PT11910,GLU,Glucose,132,mg/dL,70,99,H,STAT,2024-01-08 22:30,2024-01-08 22:55,2024-01-08 23:31
LAB700621,ENC100273,PT11910,CREAT,Creatinine,1.07,mg/dL,0.6,1.3,N,Routine,2024-01-08 22:22,2024-01-08 22:33,2024-01-09 03:52
LAB700622,ENC100273,PT11910,WBC,White Blood Cell Count,9.2,K/uL,4.5,11,N,STAT,2024-01-08 22:13,2024-01-08 22:22,2024-01-08 23:37
LAB700623,ENC100273,PT11910,HGB,Hemoglobin,16.2,g/dL,12,17.5,N,STAT,2024-01-08 22:29,2024-01-08 22:45,2024-01-08 23:22
LAB700624,ENC100273,PT11910,NA,Sodium,138,mmol/L,136,145,N,STAT,2024-01-08 22:44,2024-01-08 23:10,2024-01-08 23:47
LAB700625,ENC100273,PT11910,K,Potassium,4.3,mmol/L,3.5,5.1,N,STAT,2024-01-08 21:54,2024-01-08 22:07,2024-01-08 23:16
LAB700626,ENC100273,PT11910,TROP,"Troponin I, High Sensitivity",1058,ng/L,0,34,H,STAT,2024-01-08 22:00,2024-01-08 22:08,2024-01-08 22:48
LAB700627,ENC100275,PT11153,GLU,Glucose,98,mg/dL,70,99,N,Routine,2024-01-08 23:28,2024-01-08 23:38,2024-01-09 02:48
LAB700628,ENC100275,PT11153,CREAT,Creatinine,0.49,mg/dL,0.6,1.3,L,STAT,2024-01-08 23:35,2024-01-08 23:42,2024-01-09 00:17
LAB700629,ENC100275,PT11153,WBC,White Blood Cell Count,6.3,K/uL,4.5,11,N,STAT,2024-01-08 23:26,2024-01-08 23:44,2024-01-09 00:31
LAB700630,ENC100276,PT10440,GLU,Glucose,83,mg/dL,70,99,N,STAT,2024-01-09 01:52,2024-01-09 02:07,2024-01-09 02:52
LAB700631,ENC100276,PT10440,CREAT,Creatinine,0.82,mg/dL,0.6,1.3,N,STAT,2024-01-09 02:38,2024-01-09 03:05,2024-01-09 03:32
LAB700632,ENC100276,PT10440,WBC,White Blood Cell Count,12.9,K/uL,4.5,11,H,STAT,2024-01-09 02:46,2024-01-09 03:06,2024-01-09 03:50
LAB700633,ENC100276,PT10440,HGB,Hemoglobin,11.9,g/dL,12,17.5,L,Routine,2024-01-09 02:41,2024-01-09 02:57,2024-01-09 05:43
LAB700634,ENC100276,PT10440,NA,Sodium,136,mmol/L,136,145,N,STAT,2024-01-09 02:42,2024-01-09 02:55,2024-01-09 03:36
LAB700635,ENC100276,PT10440,K,Potassium,4.3,mmol/L,3.5,5.1,N,STAT,2024-01-09 01:45,2024-01-09 01:57,2024-01-09 03:03
LAB700636,ENC100276,PT10440,TROP,"Troponin I, High Sensitivity",6,ng/L,0,34,N,STAT,2024-01-09 01:51,2024-01-09 02:01,2024-01-09 02:32
LAB700637,ENC100276,PT10440,BNP,B-Type Natriuretic Peptide,1732,pg/mL,0,100,H,STAT,2024-01-09 01:49,2024-01-09 02:22,2024-01-09 03:02
LAB700638,ENC100278,PT11565,GLU,Glucose,84,mg/dL,70,99,N,STAT,2024-01-09 08:45,2024-01-09 09:03,2024-01-09 10:24
LAB700639,ENC100278,PT11565,CREAT,Creatinine,0.71,mg/dL,0.6,1.3,N,Routine,2024-01-09 07:51,2024-01-09 08:26,2024-01-09 11:22
LAB700640,ENC100278,PT11565,WBC,White Blood Cell Count,8.4,K/uL,4.5,11,N,Routine,2024-01-09 08:40,2024-01-09 09:02,2024-01-09 11:31
LAB700641,ENC100278,PT11565,HGB,Hemoglobin,14.1,g/dL,12,17.5,N,STAT,2024-01-09 08:50,2024-01-09 09:25,2024-01-09 10:14
LAB700642,ENC100282,PT13054,GLU,Glucose,97,mg/dL,70,99,N,Routine,2024-01-09 09:52,2024-01-09 10:04,2024-01-09 12:19
LAB700643,ENC100282,PT13054,CREAT,Creatinine,0.84,mg/dL,0.6,1.3,N,Routine,2024-01-09 10:18,2024-01-09 10:25,2024-01-09 12:40
LAB700644,ENC100282,PT13054,WBC,White Blood Cell Count,8.5,K/uL,4.5,11,N,STAT,2024-01-09 09:30,2024-01-09 09:44,2024-01-09 10:37
LAB700645,ENC100282,PT13054,HGB,Hemoglobin,14.8,g/dL,12,17.5,N,STAT,2024-01-09 10:04,2024-01-09 10:37,2024-01-09 11:33
LAB700646,ENC100282,PT13054,NA,Sodium,138,mmol/L,136,145,N,STAT,2024-01-09 09:40,2024-01-09 09:57,2024-01-09 10:21
LAB700647,ENC100282,PT13054,K,Potassium,4.5,mmol/L,3.5,5.1,N,STAT,2024-01-09 09:59,2024-01-09 10:09,2024-01-09 11:03
LAB700648,ENC100285,PT13595,GLU,Glucose,110,mg/dL,70,99,H,STAT,2024-01-09 10:04,2024-01-09 10:19,2024-01-09 11:12
LAB700649,ENC100285,PT13595,CREAT,Creatinine,1.01,mg/dL,0.6,1.3,N,STAT,2024-01-09 10:55,2024-01-09 11:14,2024-01-09 12:35
LAB700650,ENC100285,PT13595,WBC,White Blood Cell Count,11.8,K/uL,4.5,11,H,Routine,2024-01-09 10:53,2024-01-09 11:24,2024-01-09 14:28
LAB700651,ENC100285,PT13595,HGB,Hemoglobin,13.6,g/dL,12,17.5,N,Routine,2024-01-09 11:00,2024-01-09 11:16,2024-01-09 13:15
LAB700652,ENC100288,PT12950,A1C,Hemoglobin A1c,8.6,%,4,5.6,H,Routine,2024-01-09 10:29,2024-01-09 11:04,2024-01-09 21:01
LAB700653,ENC100289,PT12026,LDL,LDL Cholesterol,171,mg/dL,0,99,H,Routine,2024-01-09 10:45,2024-01-09 11:05,2024-01-10 03:45
LAB700654,ENC100293,PT10396,WBC,White Blood Cell Count,10.5,K/uL,4.5,11,N,Routine,2024-01-09 12:11,2024-01-09 12:45,2024-01-09 15:55
LAB700655,ENC100293,PT10396,HGB,Hemoglobin,15.6,g/dL,12,17.5,N,Routine,2024-01-09 12:25,2024-01-09 12:38,2024-01-09 15:58
LAB700656,ENC100293,PT10396,PLT,Platelet Count,241,K/uL,150,400,N,Routine,2024-01-09 12:21,2024-01-09 12:37,2024-01-09 17:57
LAB700657,ENC100296,PT12923,GLU,Glucose,87,mg/dL,70,99,N,Routine,2024-01-09 15:56,2024-01-09 16:15,2024-01-09 18:02
LAB700658,ENC100296,PT12923,CREAT,Creatinine,1.18,mg/dL,0.6,1.3,N,STAT,2024-01-09 16:03,2024-01-09 16:09,2024-01-09 17:11
LAB700659,ENC100296,PT12923,WBC,White Blood Cell Count,8.6,K/uL,4.5,11,N,Routine,2024-01-09 16:08,2024-01-09 16:27,2024-01-09 20:05
LAB700660,ENC100296,PT12923,HGB,Hemoglobin,16.8,g/dL,12,17.5,N,STAT,2024-01-09 16:31,2024-01-09 16:53,2024-01-09 17:32
LAB700661,ENC100296,PT12923,NA,Sodium,139,mmol/L,136,145,N,Routine,2024-01-09 15:54,2024-01-09 16:00,2024-01-09 17:31
LAB700662,ENC100296,PT12923,K,Potassium,4.1,mmol/L,3.5,5.1,N,STAT,2024-01-09 16:44,2024-01-09 17:02,2024-01-09 19:04
LAB700663,ENC100296,PT12923,TROP,"Troponin I, High Sensitivity",8,ng/L,0,34,N,STAT,2024-01-09 16:08,2024-01-09 16:26,2024-01-09 17:44
LAB700664,ENC100298,PT13476,LDL,LDL Cholesterol,113,mg/dL,0,99,H,Routine,2024-01-09 13:55,2024-01-09 14:04,2024-01-10 14:48
LAB700665,ENC100298,PT13476,A1C,Hemoglobin A1c,9,%,4,5.6,H,Routine,2024-01-09 13:57,2024-01-09 14:21,2024-01-09 20:33
LAB700666,ENC100300,PT11349,A1C,Hemoglobin A1c,8.9,%,4,5.6,H,STAT,2024-01-09 15:31,2024-01-09 16:05,2024-01-09 17:03
LAB700667,ENC100301,PT12717,GLU,Glucose,125,mg/dL,70,99,H,Routine,2024-01-09 15:34,2024-01-09 15:38,2024-01-09 17:33
LAB700668,ENC100301,PT12717,CREAT,Creatinine,0.91,mg/dL,0.6,1.3,N,Routine,2024-01-09 14:59,2024-01-09 15:04,2024-01-09 22:13
LAB700669,ENC100301,PT12717,WBC,White Blood Cell Count,5.1,K/uL,4.5,11,N,STAT,2024-01-09 14:48,2024-01-09 15:08,2024-01-09 15:51
LAB700670,ENC100301,PT12717,HGB,Hemoglobin,14.7,g/dL,12,17.5,N,Routine,2024-01-09 14:47,2024-01-09 15:11,2024-01-09 17:11
LAB700671,ENC100302,PT12359,LDL,LDL Cholesterol,116,mg/dL,0,99,H,Routine,2024-01-09 15:27,2024-01-09 15:43,2024-01-10 12:14
LAB700672,ENC100303,PT13445,LDL,LDL Cholesterol,127,mg/dL,0,99,H,Routine,2024-01-09 15:36,2024-01-09 15:53,2024-01-09 22:45
LAB700673,ENC100305,PT11920,GLU,Glucose,89,mg/dL,70,99,N,STAT,2024-01-09 15:40,2024-01-09 15:55,2024-01-09 17:01
LAB700674,ENC100305,PT11920,CREAT,Creatinine,0.93,mg/dL,0.6,1.3,N,STAT,2024-01-09 16:08,2024-01-09 16:40,2024-01-09 17:32
LAB700675,ENC100305,PT11920,WBC,White Blood Cell Count,7.6,K/uL,4.5,11,N,STAT,2024-01-09 15:57,2024-01-09 16:15,2024-01-09 16:50
LAB700676,ENC100306,PT12595,GLU,Glucose,76,mg/dL,70,99,N,Routine,2024-01-09 16:17,2024-01-09 16:32,2024-01-09 17:57
LAB700677,ENC100306,PT12595,CREAT,Creatinine,1.01,mg/dL,0.6,1.3,N,STAT,2024-01-09 15:59,2024-01-09 16:30,2024-01-09 16:58
LAB700678,ENC100306,PT12595,WBC,White Blood Cell Count,7.7,K/uL,4.5,11,N,STAT,2024-01-09 15:44,2024-01-09 16:09,2024-01-09 16:40
LAB700679,ENC100307,PT10296,GLU,Glucose,119,mg/dL,70,99,H,Routine,2024-01-09 16:03,2024-01-09 16:14,2024-01-09 18:31
LAB700680,ENC100307,PT10296,CREAT,Creatinine,1.78,mg/dL,0.6,1.3,H,STAT,2024-01-09 16:10,2024-01-09 16:23,2024-01-09 16:56
LAB700681,ENC100307,PT10296,WBC,White Blood Cell Count,26.2,K/uL,4.5,11,H,STAT,2024-01-09 16:44,2024-01-09 16:48,2024-01-09 17:39
LAB700682,ENC100307,PT10296,HGB,Hemoglobin,12.8,g/dL,12,17.5,N,Routine,2024-01-09 16:48,2024-01-09 16:57,2024-01-09 18:28
LAB700683,ENC100307,PT10296,BUN,Blood Urea Nitrogen,12,mg/dL,7,20,N,STAT,2024-01-09 16:28,2024-01-09 16:54,2024-01-09 17:53
LAB700684,ENC100307,PT10296,PLT,Platelet Count,273,K/uL,150,400,N,Routine,2024-01-09 16:19,2024-01-09 16:54,2024-01-09 20:16
LAB700685,ENC100307,PT10296,LACT,Lactate,3.3,mmol/L,0.5,2,H,STAT,2024-01-09 16:18,2024-01-09 16:28,2024-01-09 17:07
LAB700686,ENC100309,PT10164,WBC,White Blood Cell Count,9.1,K/uL,4.5,11,N,Routine,2024-01-09 16:03,2024-01-09 16:11,2024-01-09 23:11
LAB700687,ENC100309,PT10164,HGB,Hemoglobin,13.4,g/dL,12,17.5,N,Routine,2024-01-09 15:54,2024-01-09 16:27,2024-01-09 23:30
LAB700688,ENC100309,PT10164,PLT,Platelet Count,317,K/uL,150,400,N,Routine,2024-01-09 15:59,2024-01-09 16:11,2024-01-09 20:19
LAB700689,ENC100311,PT10527,GLU,Glucose,76,mg/dL,70,99,N,STAT,2024-01-09 19:11,2024-01-09 19:42,2024-01-09 20:45
LAB700690,ENC100311,PT10527,CREAT,Creatinine,1.42,mg/dL,0.6,1.3,H,Routine,2024-01-09 19:25,2024-01-09 19:53,2024-01-09 21:41
LAB700691,ENC100311,PT10527,WBC,White Blood Cell Count,7.2,K/uL,4.5,11,N,Routine,2024-01-09 18:52,2024-01-09 19:07,2024-01-10 00:30
LAB700692,ENC100311,PT10527,HGB,Hemoglobin,9.9,g/dL,12,17.5,L,STAT,2024-01-09 19:24,2024-01-09 19:37,2024-01-09 20:25
LAB700693,ENC100311,PT10527,TROP,"Troponin I, High Sensitivity",5,ng/L,0,34,N,STAT,2024-01-09 18:26,2024-01-09 18:36,2024-01-09 19:19
LAB700694,ENC100311,PT10527,BNP,B-Type Natriuretic Peptide,362,pg/mL,0,100,H,STAT,2024-01-09 19:19,2024-01-09 19:31,2024-01-09 20:12
LAB700695,ENC100312,PT12042,GLU,Glucose,102,mg/dL,70,99,H,Routine,2024-01-09 20:08,2024-01-09 20:19,2024-01-09 21:40
LAB700696,ENC100312,PT12042,CREAT,Creatinine,0.95,mg/dL,0.6,1.3,N,STAT,2024-01-09 20:54,2024-01-09 21:03,2024-01-09 21:43
LAB700697,ENC100312,PT12042,WBC,White Blood Cell Count,6.4,K/uL,4.5,11,N,STAT,2024-01-09 21:14,2024-01-09 21:22,2024-01-09 21:53
LAB700698,ENC100312,PT12042,HGB,Hemoglobin,13.1,g/dL,12,17.5,N,Routine,2024-01-09 20:19,2024-01-09 20:32,2024-01-09 22:08
LAB700699,ENC100314,PT13551,GLU,Glucose,123,mg/dL,70,99,H,Routine,2024-01-09 18:55,2024-01-09 19:08,2024-01-10 00:06
LAB700700,ENC100314,PT13551,CREAT,Creatinine,1.05,mg/dL,0.6,1.3,N,STAT,2024-01-09 18:32,2024-01-09 18:37,2024-01-09 19:34
LAB700701,ENC100314,PT13551,WBC,White Blood Cell Count,6.4,K/uL,4.5,11,N,STAT,2024-01-09 19:37,2024-01-09 19:51,2024-01-09 20:25
LAB700702,ENC100314,PT13551,HGB,Hemoglobin,12.8,g/dL,12,17.5,N,STAT,2024-01-09 18:42,2024-01-09 19:10,2024-01-09 20:04
LAB700703,ENC100314,PT13551,NA,Sodium,141,mmol/L,136,145,N,Routine,2024-01-09 19:39,2024-01-09 20:12,2024-01-09 22:10
LAB700704,ENC100314,PT13551,K,Potassium,4,mmol/L,3.5,5.1,N,STAT,2024-01-09 19:27,2024-01-09 19:47,2024-01-09 20:39
LAB700705,ENC100315,PT13355,GLU,Glucose,87,mg/dL,70,99,N,STAT,2024-01-09 19:28,2024-01-09 20:01,2024-01-09 20:56
LAB700706,ENC100315,PT13355,CREAT,Creatinine,0.92,mg/dL,0.6,1.3,N,Routine,2024-01-09 18:46,2024-01-09 18:55,2024-01-09 22:08
LAB700707,ENC100315,PT13355,WBC,White Blood Cell Count,8.4,K/uL,4.5,11,N,Routine,2024-01-09 19:35,2024-01-09 19:56,2024-01-09 23:44
LAB700708,ENC100315,PT13355,HGB,Hemoglobin,12.9,g/dL,12,17.5,N,Routine,2024-01-09 19:20,2024-01-09 19:47,2024-01-09 22:22
LAB700709,ENC100316,PT13931,GLU,Glucose,96,mg/dL,70,99,N,STAT,2024-01-10 00:04,2024-01-10 00:28,2024-01-10 01:33
LAB700710,ENC100316,PT13931,CREAT,Creatinine,0.91,mg/dL,0.6,1.3,N,Routine,2024-01-09 23:25,2024-01-09 23:40,2024-01-10 04:32
LAB700711,ENC100316,PT13931,WBC,White Blood Cell Count,7.5,K/uL,4.5,11,N,STAT,2024-01-09 23:42,2024-01-10 00:07,2024-01-10 00:59
LAB700712,ENC100316,PT13931,HGB,Hemoglobin,12.2,g/dL,12,17.5,N,Routine,2024-01-09 23:44,2024-01-09 23:50,2024-01-10 02:24
LAB700713,ENC100316,PT13931,LACT,Lactate,1.7,mmol/L,0.5,2,N,STAT,2024-01-10 00:05,2024-01-10 00:30,2024-01-10 01:23
LAB700714,ENC100317,PT13351,GLU,Glucose,178,mg/dL,70,99,H,STAT,2024-01-09 23:10,2024-01-09 23:41,2024-01-10 00:44
LAB700715,ENC100317,PT13351,CREAT,Creatinine,0.89,mg/dL,0.6,1.3,N,STAT,2024-01-09 23:23,2024-01-09 23:29,2024-01-10 00:32
LAB700716,ENC100317,PT13351,WBC,White Blood Cell Count,11.4,K/uL,4.5,11,H,STAT,2024-01-09 23:23,2024-01-09 23:55,2024-01-10 00:39
LAB700717,ENC100317,PT13351,HGB,Hemoglobin,13.2,g/dL,12,17.5,N,STAT,2024-01-09 23:54,2024-01-09 23:59,2024-01-10 00:52
LAB700718,ENC100317,PT13351,BUN,Blood Urea Nitrogen,18,mg/dL,7,20,N,STAT,2024-01-09 23:45,2024-01-10 00:13,2024-01-10 00:48
LAB700719,ENC100317,PT13351,PLT,Platelet Count,328,K/uL,150,400,N,STAT,2024-01-10 00:02,2024-01-10 00:37,2024-01-10 01:00
LAB700720,ENC100317,PT13351,LACT,Lactate,1.8,mmol/L,0.5,2,N,STAT,2024-01-09 23:45,2024-01-10 00:15,2024-01-10 00:57
LAB700721,ENC100319,PT10465,GLU,Glucose,142,mg/dL,70,99,H,STAT,2024-01-10 00:15,2024-01-10 00:36,2024-01-10 02:01
LAB700722,ENC100319,PT10465,CREAT,Creatinine,2.55,mg/dL,0.6,1.3,H,STAT,2024-01-10 00:39,2024-01-10 01:12,2024-01-10 01:56
LAB700723,ENC100319,PT10465,WBC,White Blood Cell Count,9.1,K/uL,4.5,11,N,STAT,2024-01-10 00:25,2024-01-10 00:31,2024-01-10 01:08
LAB700724,ENC100319,PT10465,HGB,Hemoglobin,9.1,g/dL,12,17.5,L,Routine,2024-01-10 01:00,2024-01-10 01:16,2024-01-10 03:47
LAB700725,ENC100320,PT12175,GLU,Glucose,82,mg/dL,70,99,N,Routine,2024-01-09 23:39,2024-01-10 00:11,2024-01-10 03:39
LAB700726,ENC100320,PT12175,CREAT,Creatinine,0.69,mg/dL,0.6,1.3,N,Routine,2024-01-09 22:36,2024-01-09 22:56,2024-01-10 00:50
LAB700727,ENC100320,PT12175,WBC,White Blood Cell Count,6.4,K/uL,4.5,11,N,Routine,2024-01-09 23:07,2024-01-09 23:18,2024-01-10 03:08
LAB700728,ENC100320,PT12175,HGB,Hemoglobin,12.2,g/dL,12,17.5,N,STAT,2024-01-09 23:23,2024-01-09 23:44,2024-01-10 00:20
LAB700729,ENC100325,PT12704,GLU,Glucose,85,mg/dL,70,99,N,Routine,2024-01-10 09:16,2024-01-10 09:27,2024-01-10 12:04
LAB700730,ENC100325,PT12704,CREAT,Creatinine,0.71,mg/dL,0.6,1.3,N,Routine,2024-01-10 09:01,2024-01-10 09:07,2024-01-10 13:16
LAB700731,ENC100325,PT12704,WBC,White Blood Cell Count,4.7,K/uL,4.5,11,N,Routine,2024-01-10 09:18,2024-01-10 09:44,2024-01-10 10:45
LAB700732,ENC100325,PT12704,HGB,Hemoglobin,14.1,g/dL,12,17.5,N,STAT,2024-01-10 08:58,2024-01-10 09:07,2024-01-10 09:50
LAB700733,ENC100325,PT12704,NA,Sodium,137,mmol/L,136,145,N,STAT,2024-01-10 09:33,2024-01-10 09:38,2024-01-10 11:07
LAB700734,ENC100325,PT12704,K,Potassium,4.1,mmol/L,3.5,5.1,N,STAT,2024-01-10 09:25,2024-01-10 09:33,2024-01-10 10:11
LAB700735,ENC100327,PT12505,WBC,White Blood Cell Count,6.2,K/uL,4.5,11,N,Routine,2024-01-10 09:29,2024-01-10 09:47,2024-01-10 12:26
LAB700736,ENC100327,PT12505,HGB,Hemoglobin,12.5,g/dL,12,17.5,N,Routine,2024-01-10 09:11,2024-01-10 09:44,2024-01-10 11:44
LAB700737,ENC100327,PT12505,PLT,Platelet Count,366,K/uL,150,400,N,Routine,2024-01-10 09:05,2024-01-10 09:21,2024-01-10 12:23
LAB700738,ENC100330,PT12424,GLU,Glucose,125,mg/dL,70,99,H,Routine,2024-01-10 14:34,2024-01-10 15:01,2024-01-10 17:14
LAB700739,ENC100330,PT12424,CREAT,Creatinine,0.37,mg/dL,0.6,1.3,L,Routine,2024-01-10 14:08,2024-01-10 14:28,2024-01-10 17:55
LAB700740,ENC100330,PT12424,WBC,White Blood Cell Count,6.3,K/uL,4.5,11,N,Routine,2024-01-10 14:45,2024-01-10 15:17,2024-01-10 17:44
LAB700741,ENC100330,PT12424,HGB,Hemoglobin,13,g/dL,12,17.5,N,STAT,2024-01-10 14:46,2024-01-10 14:50,2024-01-10 15:34
LAB700742,ENC100337,PT13723,GLU,Glucose,141,mg/dL,70,99,H,STAT,2024-01-10 16:52,2024-01-10 17:04,2024-01-10 18:10
LAB700743,ENC100337,PT13723,CREAT,Creatinine,1.06,mg/dL,0.6,1.3,N,Routine,2024-01-10 17:50,2024-01-10 18:10,2024-01-10 21:57
LAB700744,ENC100337,PT13723,WBC,White Blood Cell Count,7.7,K/uL,4.5,11,N,Routine,2024-01-10 16:50,2024-01-10 17:03,2024-01-10 18:53
LAB700745,ENC100337,PT13723,HGB,Hemoglobin,12.5,g/dL,12,17.5,N,Routine,2024-01-10 17:03,2024-01-10 17:08,2024-01-10 19:07
LAB700746,ENC100337,PT13723,LACT,Lactate,1.6,mmol/L,0.5,2,N,STAT,2024-01-10 17:23,2024-01-10 17:55,2024-01-10 18:36
LAB700747,ENC100338,PT11953,GLU,Glucose,114,mg/dL,70,99,H,Routine,2024-01-10 18:42,2024-01-10 19:03,2024-01-10 20:33
LAB700748,ENC100338,PT11953,CREAT,Creatinine,0.91,mg/dL,0.6,1.3,N,STAT,2024-01-10 18:59,2024-01-10 19:13,2024-01-10 20:25
LAB700749,ENC100338,PT11953,WBC,White Blood Cell Count,20.2,K/uL,4.5,11,H,STAT,2024-01-10 18:53,2024-01-10 19:20,2024-01-10 20:06
LAB700750,ENC100338,PT11953,HGB,Hemoglobin,12.9,g/dL,12,17.5,N,Routine,2024-01-10 18:53,2024-01-10 19:08,2024-01-11 00:13
LAB700751,ENC100340,PT10470,GLU,Glucose,102,mg/dL,70,99,H,STAT,2024-01-10 19:33,2024-01-10 19:56,2024-01-10 20:38
LAB700752,ENC100340,PT10470,CREAT,Creatinine,0.56,mg/dL,0.6,1.3,L,STAT,2024-01-10 19:22,2024-01-10 19:53,2024-01-10 20:19
LAB700753,ENC100340,PT10470,WBC,White Blood Cell Count,5.7,K/uL,4.5,11,N,STAT,2024-01-10 19:01,2024-01-10 19:07,2024-01-10 20:12
LAB700754,ENC100340,PT10470,HGB,Hemoglobin,11.7,g/dL,12,17.5,L,Routine,2024-01-10 19:17,2024-01-10 19:42,2024-01-10 21:05
LAB700755,ENC100342,PT10027,GLU,Glucose,70,mg/dL,70,99,N,Routine,2024-01-10 17:02,2024-01-10 17:37,2024-01-11 02:37
LAB700756,ENC100342,PT10027,CREAT,Creatinine,0.8,mg/dL,0.6,1.3,N,STAT,2024-01-10 17:31,2024-01-10 17:39,2024-01-10 19:08
LAB700757,ENC100342,PT10027,WBC,White Blood Cell Count,9.7,K/uL,4.5,11,N,STAT,2024-01-10 17:01,2024-01-10 17:28,2024-01-10 18:05
LAB700758,ENC100342,PT10027,HGB,Hemoglobin,13.8,g/dL,12,17.5,N,Routine,2024-01-10 16:41,2024-01-10 16:58,2024-01-10 19:59
LAB700759,ENC100343,PT10877,GLU,Glucose,96,mg/dL,70,99,N,STAT,2024-01-10 20:28,2024-01-10 20:32,2024-01-10 21:04
LAB700760,ENC100343,PT10877,CREAT,Creatinine,1.01,mg/dL,0.6,1.3,N,STAT,2024-01-10 20:29,2024-01-10 21:02,2024-01-10 21:56
LAB700761,ENC100343,PT10877,WBC,White Blood Cell Count,7.5,K/uL,4.5,11,N,STAT,2024-01-10 20:43,2024-01-10 20:50,2024-01-10 21:26
LAB700762,ENC100343,PT10877,HGB,Hemoglobin,14.2,g/dL,12,17.5,N,STAT,2024-01-10 21:17,2024-01-10 21:42,2024-01-10 23:02
LAB700763,ENC100344,PT10706,GLU,Glucose,189,mg/dL,70,99,H,Routine,2024-01-10 19:34,2024-01-10 19:46,2024-01-10 23:54
LAB700764,ENC100344,PT10706,CREAT,Creatinine,0.72,mg/dL,0.6,1.3,N,STAT,2024-01-10 18:39,2024-01-10 18:58,2024-01-10 19:28
LAB700765,ENC100344,PT10706,WBC,White Blood Cell Count,6.6,K/uL,4.5,11,N,STAT,2024-01-10 19:28,2024-01-10 19:53,2024-01-10 20:18
LAB700766,ENC100344,PT10706,HGB,Hemoglobin,11.3,g/dL,12,17.5,L,Routine,2024-01-10 18:46,2024-01-10 18:52,2024-01-11 02:57
LAB700767,ENC100344,PT10706,BUN,Blood Urea Nitrogen,17,mg/dL,7,20,N,STAT,2024-01-10 18:51,2024-01-10 19:09,2024-01-10 19:24
LAB700768,ENC100344,PT10706,PLT,Platelet Count,168,K/uL,150,400,N,Routine,2024-01-10 19:23,2024-01-10 19:55,2024-01-10 21:40
LAB700769,ENC100346,PT12348,GLU,Glucose,117,mg/dL,70,99,H,Routine,2024-01-11 00:59,2024-01-11 01:21,2024-01-11 02:46
LAB700770,ENC100346,PT12348,CREAT,Creatinine,0.96,mg/dL,0.6,1.3,N,Routine,2024-01-11 00:34,2024-01-11 00:55,2024-01-11 05:45
LAB700771,ENC100346,PT12348,WBC,White Blood Cell Count,9.5,K/uL,4.5,11,N,STAT,2024-01-11 00:55,2024-01-11 01:01,2024-01-11 01:52
LAB700772,ENC100346,PT12348,HGB,Hemoglobin,11.6,g/dL,12,17.5,L,STAT,2024-01-11 01:06,2024-01-11 01:36,2024-01-11 02:12
LAB700773,ENC100347,PT10789,GLU,Glucose,248,mg/dL,70,99,H,Routine,2024-01-11 00:27,2024-01-11 00:41,2024-01-11 02:19
LAB700774,ENC100347,PT10789,CREAT,Creatinine,0.81,mg/dL,0.6,1.3,N,STAT,2024-01-11 01:23,2024-01-11 01:51,2024-01-11 02:18
LAB700775,ENC100347,PT10789,WBC,White Blood Cell Count,16.7,K/uL,4.5,11,H,Routine,2024-01-11 00:58,2024-01-11 01:19,2024-01-11 04:13
LAB700776,ENC100347,PT10789,HGB,Hemoglobin,12.8,g/dL,12,17.5,N,Routine,2024-01-11 01:12,2024-01-11 01:25,2024-01-11 04:42
LAB700777,ENC100347,PT10789,BUN,Blood Urea Nitrogen,14,mg/dL,7,20,N,STAT,2024-01-11 00:57,2024-01-11 01:12,2024-01-11 02:05
LAB700778,ENC100347,PT10789,PLT,Platelet Count,282,K/uL,150,400,N,Routine,2024-01-11 01:20,2024-01-11 01:33,2024-01-11 03:58
LAB700779,ENC100350,PT11278,GLU,Glucose,123,mg/dL,70,99,H,STAT,2024-01-11 02:23,2024-01-11 02:48,2024-01-11 03:46
LAB700780,ENC100350,PT11278,CREAT,Creatinine,2.01,mg/dL,0.6,1.3,H,STAT,2024-01-11 01:47,2024-01-11 02:21,2024-01-11 02:59
LAB700781,ENC100350,PT11278,WBC,White Blood Cell Count,8.4,K/uL,4.5,11,N,STAT,2024-01-11 02:17,2024-01-11 02:36,2024-01-11 03:02
LAB700782,ENC100353,PT10810,GLU,Glucose,85,mg/dL,70,99,N,STAT,2024-01-11 09:38,2024-01-11 10:01,2024-01-11 10:43
LAB700783,ENC100353,PT10810,CREAT,Creatinine,0.97,mg/dL,0.6,1.3,N,STAT,2024-01-11 09:15,2024-01-11 09:48,2024-01-11 10:24
LAB700784,ENC100353,PT10810,TROP,"Troponin I, High Sensitivity",12,ng/L,0,34,N,STAT,2024-01-11 09:09,2024-01-11 09:21,2024-01-11 10:02
LAB700785,ENC100354,PT10608,LDL,LDL Cholesterol,141,mg/dL,0,99,H,Routine,2024-01-11 09:45,2024-01-11 10:19,2024-01-12 08:37
LAB700786,ENC100354,PT10608,A1C,Hemoglobin A1c,6.3,%,4,5.6,H,Routine,2024-01-11 09:25,2024-01-11 09:32,2024-01-11 19:18
LAB700787,ENC100355,PT12782,GLU,Glucose,117,mg/dL,70,99,H,STAT,2024-01-11 10:10,2024-01-11 10:17,2024-01-11 11:31
LAB700788,ENC100355,PT12782,CREAT,Creatinine,0.89,mg/dL,0.6,1.3,N,STAT,2024-01-11 10:22,2024-01-11 10:51,2024-01-11 11:16
LAB700789,ENC100355,PT12782,WBC,White Blood Cell Count,13.8,K/uL,4.5,11,H,Routine,2024-01-11 09:40,2024-01-11 10:00,2024-01-11 12:32
LAB700790,ENC100355,PT12782,HGB,Hemoglobin,9.3,g/dL,12,17.5,L,STAT,2024-01-11 10:18,2024-01-11 10:50,2024-01-11 11:15
LAB700791,ENC100356,PT13311,GLU,Glucose,327,mg/dL,70,99,H,STAT,2024-01-11 12:28,2024-01-11 13:00,2024-01-11 14:01
LAB700792,ENC100356,PT13311,CREAT,Creatinine,0.59,mg/dL,0.6,1.3,L,Routine,2024-01-11 12:26,2024-01-11 12:58,2024-01-11 16:35
LAB700793,ENC100356,PT13311,WBC,White Blood Cell Count,10.2,K/uL,4.5,11,N,STAT,2024-01-11 12:04,2024-01-11 12:23,2024-01-11 13:03
LAB700794,ENC100356,PT13311,HGB,Hemoglobin,13.2,g/dL,12,17.5,N,Routine,2024-01-11 12:16,2024-01-11 12:28,2024-01-11 15:34
LAB700795,ENC100356,PT13311,TROP,"Troponin I, High Sensitivity",567,ng/L,0,34,H,STAT,2024-01-11 12:40,2024-01-11 12:57,2024-01-11 13:48
LAB700796,ENC100358,PT13232,GLU,Glucose,130,mg/dL,70,99,H,STAT,2024-01-11 14:00,2024-01-11 14:15,2024-01-11 14:50
LAB700797,ENC100358,PT13232,CREAT,Creatinine,0.67,mg/dL,0.6,1.3,N,STAT,2024-01-11 14:54,2024-01-11 15:27,2024-01-11 16:13
LAB700798,ENC100358,PT13232,WBC,White Blood Cell Count,6.9,K/uL,4.5,11,N,STAT,2024-01-11 14:46,2024-01-11 14:52,2024-01-11 15:51
LAB700799,ENC100358,PT13232,HGB,Hemoglobin,13.5,g/dL,12,17.5,N,Routine,2024-01-11 13:47,2024-01-11 14:16,2024-01-11 16:15
LAB700800,ENC100358,PT13232,LACT,Lactate,3.4,mmol/L,0.5,2,H,STAT,2024-01-11 13:53,2024-01-11 14:26,2024-01-11 14:59
LAB700801,ENC100361,PT10606,GLU,Glucose,124,mg/dL,70,99,H,STAT,2024-01-11 14:56,2024-01-11 15:21,2024-01-11 16:11
LAB700802,ENC100361,PT10606,CREAT,Creatinine,1.24,mg/dL,0.6,1.3,N,STAT,2024-01-11 15:10,2024-01-11 15:18,2024-01-11 16:41
LAB700803,ENC100361,PT10606,WBC,White Blood Cell Count,19.6,K/uL,4.5,11,H,STAT,2024-01-11 14:56,2024-01-11 15:25,2024-01-11 15:44
LAB700804,ENC100361,PT10606,HGB,Hemoglobin,12.2,g/dL,12,17.5,N,STAT,2024-01-11 15:24,2024-01-11 15:40,2024-01-11 16:12
LAB700805,ENC100361,PT10606,NA,Sodium,139,mmol/L,136,145,N,Routine,2024-01-11 15:25,2024-01-11 15:40,2024-01-11 16:56
LAB700806,ENC100361,PT10606,K,Potassium,4.1,mmol/L,3.5,5.1,N,STAT,2024-01-11 15:35,2024-01-11 15:45,2024-01-11 16:17
LAB700807,ENC100363,PT11252,A1C,Hemoglobin A1c,10,%,4,5.6,H,Routine,2024-01-11 12:10,2024-01-11 12:37,2024-01-11 23:15
LAB700808,ENC100365,PT10634,LDL,LDL Cholesterol,204,mg/dL,0,99,H,Routine,2024-01-11 12:38,2024-01-11 13:11,2024-01-12 08:37
LAB700809,ENC100367,PT13209,GLU,Glucose,97,mg/dL,70,99,N,STAT,2024-01-11 13:04,2024-01-11 13:39,2024-01-11 14:17
LAB700810,ENC100367,PT13209,CREAT,Creatinine,0.31,mg/dL,0.6,1.3,L,STAT,2024-01-11 13:14,2024-01-11 13:42,2024-01-11 14:12
LAB700811,ENC100367,PT13209,WBC,White Blood Cell Count,6.2,K/uL,4.5,11,N,STAT,2024-01-11 13:19,2024-01-11 13:33,2024-01-11 14:07
LAB700812,ENC100368,PT13821,LDL,LDL Cholesterol,35,mg/dL,0,99,N,Routine,2024-01-11 13:13,2024-01-11 13:18,2024-01-12 00:17
LAB700813,ENC100368,PT13821,A1C,Hemoglobin A1c,8,%,4,5.6,H,Routine,2024-01-11 13:14,2024-01-11 13:27,2024-01-12 01:12
LAB700814,ENC100368,PT13821,TSH,Thyroid Stimulating Hormone,1.98,mIU/L,0.4,4,N,Routine,2024-01-11 13:11,2024-01-11 13:22,2024-01-11 20:53
LAB700815,ENC100373,PT12069,WBC,White Blood Cell Count,7.9,K/uL,4.5,11,N,Routine,2024-01-11 16:10,2024-01-11 16:36,2024-01-11 19:11
LAB700816,ENC100373,PT12069,HGB,Hemoglobin,13.1,g/dL,12,17.5,N,Routine,2024-01-11 16:20,2024-01-11 16:26,2024-01-11 21:12
LAB700817,ENC100373,PT12069,PLT,Platelet Count,231,K/uL,150,400,N,Routine,2024-01-11 16:21,2024-01-11 16:37,2024-01-11 18:45
LAB700818,ENC100374,PT13038,LDL,LDL Cholesterol,80,mg/dL,0,99,N,Routine,2024-01-11 16:33,2024-01-11 16:45,2024-01-12 04:18
LAB700819,ENC100375,PT10492,GLU,Glucose,79,mg/dL,70,99,N,Routine,2024-01-11 17:00,2024-01-11 17:12,2024-01-11 18:59
LAB700820,ENC100375,PT10492,CREAT,Creatinine,0.93,mg/dL,0.6,1.3,N,STAT,2024-01-11 16:40,2024-01-11 16:56,2024-01-11 17:31
LAB700821,ENC100376,PT12808,WBC,White Blood Cell Count,8.3,K/uL,4.5,11,N,Routine,2024-01-11 16:46,2024-01-11 17:13,2024-01-11 21:48
LAB700822,ENC100376,PT12808,HGB,Hemoglobin,10.8,g/dL,12,17.5,L,Routine,2024-01-11 16:54,2024-01-11 17:23,2024-01-11 18:58
LAB700823,ENC100376,PT12808,PLT,Platelet Count,180,K/uL,150,400,N,Routine,2024-01-11 16:36,2024-01-11 17:11,2024-01-11 18:55
LAB700824,ENC100377,PT11200,GLU,Glucose,143,mg/dL,70,99,H,STAT,2024-01-11 17:10,2024-01-11 17:24,2024-01-11 18:07
LAB700825,ENC100377,PT11200,CREAT,Creatinine,1.39,mg/dL,0.6,1.3,H,STAT,2024-01-11 16:36,2024-01-11 16:49,2024-01-11 17:17
LAB700826,ENC100379,PT12329,GLU,Glucose,134,mg/dL,70,99,H,STAT,2024-01-11 21:05,2024-01-11 21:32,2024-01-11 22:20
LAB700827,ENC100379,PT12329,CREAT,Creatinine,1.04,mg/dL,0.6,1.3,N,Routine,2024-01-11 20:55,2024-01-11 21:27,2024-01-11 23:43
LAB700828,ENC100379,PT12329,WBC,White Blood Cell Count,8.3,K/uL,4.5,11,N,Routine,2024-01-11 21:34,2024-01-11 21:55,2024-01-11 23:59
LAB700829,ENC100379,PT12329,HGB,Hemoglobin,8.7,g/dL,12,17.5,L,STAT,2024-01-11 21:10,2024-01-11 21:29,2024-01-11 21:57
LAB700830,ENC100379,PT12329,INR,Prothrombin Time INR,1.1,ratio,0.8,1.2,N,STAT,2024-01-11 20:54,2024-01-11 21:26,2024-01-11 21:50
LAB700831,ENC100380,PT11508,GLU,Glucose,109,mg/dL,70,99,H,STAT,2024-01-11 19:03,2024-01-11 19:26,2024-01-11 20:36
LAB700832,ENC100380,PT11508,CREAT,Creatinine,1.06,mg/dL,0.6,1.3,N,STAT,2024-01-11 19:13,2024-01-11 19:39,2024-01-11 20:05
LAB700833,ENC100380,PT11508,WBC,White Blood Cell Count,12.5,K/uL,4.5,11,H,STAT,2024-01-11 19:31,2024-01-11 19:57,2024-01-11 20:41
LAB700834,ENC100380,PT11508,HGB,Hemoglobin,12.5,g/dL,12,17.5,N,STAT,2024-01-11 20:12,2024-01-11 20:22,2024-01-11 21:36
LAB700835,ENC100381,PT13864,GLU,Glucose,110,mg/dL,70,99,H,Routine,2024-01-11 23:39,2024-01-12 00:11,2024-01-12 05:11
LAB700836,ENC100381,PT13864,CREAT,Creatinine,1.31,mg/dL,0.6,1.3,H,STAT,2024-01-11 23:19,2024-01-11 23:33,2024-01-12 00:03
LAB700837,ENC100381,PT13864,WBC,White Blood Cell Count,7.7,K/uL,4.5,11,N,STAT,2024-01-11 23:50,2024-01-12 00:23,2024-01-12 01:34
LAB700838,ENC100381,PT13864,HGB,Hemoglobin,13.8,g/dL,12,17.5,N,STAT,2024-01-11 23:32,2024-01-11 23:53,2024-01-12 00:26
LAB700839,ENC100381,PT13864,NA,Sodium,139,mmol/L,136,145,N,Routine,2024-01-11 23:56,2024-01-12 00:08,2024-01-12 02:06
LAB700840,ENC100381,PT13864,K,Potassium,4.4,mmol/L,3.5,5.1,N,STAT,2024-01-11 23:23,2024-01-11 23:38,2024-01-12 00:27
LAB700841,ENC100386,PT11833,GLU,Glucose,116,mg/dL,70,99,H,STAT,2024-01-12 07:40,2024-01-12 08:09,2024-01-12 08:36
LAB700842,ENC100386,PT11833,CREAT,Creatinine,1.03,mg/dL,0.6,1.3,N,STAT,2024-01-12 08:00,2024-01-12 08:31,2024-01-12 09:28
LAB700843,ENC100386,PT11833,WBC,White Blood Cell Count,8.5,K/uL,4.5,11,N,STAT,2024-01-12 07:19,2024-01-12 07:41,2024-01-12 09:12
LAB700844,ENC100386,PT11833,HGB,Hemoglobin,14.7,g/dL,12,17.5,N,STAT,2024-01-12 07:29,2024-01-12 08:02,2024-01-12 08:23
LAB700845,ENC100387,PT13978,GLU,Glucose,348,mg/dL,70,99,H,STAT,2024-01-12 10:09,2024-01-12 10:25,2024-01-12 11:35
LAB700846,ENC100387,PT13978,CREAT,Creatinine,0.97,mg/dL,0.6,1.3,N,STAT,2024-01-12 10:10,2024-01-12 10:20,2024-01-12 11:10
LAB700847,ENC100387,PT13978,WBC,White Blood Cell Count,12.2,K/uL,4.5,11,H,STAT,2024-01-12 10:48,2024-01-12 11:06,2024-01-12 11:30
LAB700848,ENC100387,PT13978,HGB,Hemoglobin,13.5,g/dL,12,17.5,N,STAT,2024-01-12 10:24,2024-01-12 10:32,2024-01-12 11:25
LAB700849,ENC100387,PT13978,BUN,Blood Urea Nitrogen,13,mg/dL,7,20,N,STAT,2024-01-12 10:02,2024-01-12 10:28,2024-01-12 11:02
LAB700850,ENC100387,PT13978,PLT,Platelet Count,219,K/uL,150,400,N,Routine,2024-01-12 10:48,2024-01-12 11:19,2024-01-12 12:58
LAB700851,ENC100392,PT13376,GLU,Glucose,98,mg/dL,70,99,N,Routine,2024-01-12 10:16,2024-01-12 10:45,2024-01-12 15:36
LAB700852,ENC100392,PT13376,CREAT,Creatinine,1.16,mg/dL,0.6,1.3,N,Routine,2024-01-12 10:01,2024-01-12 10:20,2024-01-12 12:07
LAB700853,ENC100392,PT13376,WBC,White Blood Cell Count,8.8,K/uL,4.5,11,N,Routine,2024-01-12 09:57,2024-01-12 10:21,2024-01-12 11:30
LAB700854,ENC100392,PT13376,HGB,Hemoglobin,15.7,g/dL,12,17.5,N,STAT,2024-01-12 10:05,2024-01-12 10:20,2024-01-12 11:11
LAB700855,ENC100394,PT13004,LDL,LDL Cholesterol,163,mg/dL,0,99,H,Routine,2024-01-12 10:22,2024-01-12 10:46,2024-01-12 19:31
LAB700856,ENC100398,PT10480,GLU,Glucose,102,mg/dL,70,99,H,Routine,2024-01-12 15:18,2024-01-12 15:34,2024-01-12 17:19
LAB700857,ENC100398,PT10480,CREAT,Creatinine,0.35,mg/dL,0.6,1.3,L,STAT,2024-01-12 14:50,2024-01-12 15:06,2024-01-12 18:02
LAB700858,ENC100398,PT10480,WBC,White Blood Cell Count,8.9,K/uL,4.5,11,N,STAT,2024-01-12 14:45,2024-01-12 15:07,2024-01-12 16:02
LAB700859,ENC100398,PT10480,HGB,Hemoglobin,12.7,g/dL,12,17.5,N,STAT,2024-01-12 14:54,2024-01-12 15:19,2024-01-12 15:50
LAB700860,ENC100400,PT10718,LDL,LDL Cholesterol,180,mg/dL,0,99,H,Routine,2024-01-12 12:42,2024-01-12 13:12,2024-01-13 05:47
LAB700861,ENC100400,PT10718,A1C,Hemoglobin A1c,7.1,%,4,5.6,H,Routine,2024-01-12 12:21,2024-01-12 12:46,2024-01-13 12:33
LAB700862,ENC100402,PT13273,GLU,Glucose,63,mg/dL,70,99,L,Routine,2024-01-12 15:08,2024-01-12 15:16,2024-01-12 17:44
LAB700863,ENC100402,PT13273,CREAT,Creatinine,1.08,mg/dL,0.6,1.3,N,STAT,2024-01-12 15:14,2024-01-12 15:27,2024-01-12 16:09
LAB700864,ENC100402,PT13273,WBC,White Blood Cell Count,7.1,K/uL,4.5,11,N,STAT,2024-01-12 14:21,2024-01-12 14:26,2024-01-12 14:57
LAB700865,ENC100402,PT13273,HGB,Hemoglobin,13.6,g/dL,12,17.5,N,Routine,2024-01-12 15:06,2024-01-12 15:36,2024-01-12 17:20
LAB700866,ENC100404,PT13890,GLU,Glucose,92,mg/dL,70,99,N,STAT,2024-01-12 18:18,2024-01-12 18:45,2024-01-12 19:09
LAB700867,ENC100404,PT13890,CREAT,Creatinine,0.64,mg/dL,0.6,1.3,N,STAT,2024-01-12 17:47,2024-01-12 18:18,2024-01-12 19:02
LAB700868,ENC100404,PT13890,WBC,White Blood Cell Count,13.3,K/uL,4.5,11,H,Routine,2024-01-12 18:09,2024-01-12 18:37,2024-01-12 23:28
LAB700869,ENC100404,PT13890,HGB,Hemoglobin,15,g/dL,12,17.5,N,Routine,2024-01-12 18:09,2024-01-12 18:35,2024-01-12 22:07
LAB700870,ENC100406,PT12764,GLU,Glucose,77,mg/dL,70,99,N,STAT,2024-01-12 15:20,2024-01-12 15:53,2024-01-12 16:22
LAB700871,ENC100406,PT12764,CREAT,Creatinine,0.97,mg/dL,0.6,1.3,N,Routine,2024-01-12 14:50,2024-01-12 14:54,2024-01-12 19:12
LAB700872,ENC100406,PT12764,WBC,White Blood Cell Count,9.8,K/uL,4.5,11,N,STAT,2024-01-12 15:41,2024-01-12 16:11,2024-01-12 17:34
LAB700873,ENC100406,PT12764,HGB,Hemoglobin,13.9,g/dL,12,17.5,N,STAT,2024-01-12 14:41,2024-01-12 14:59,2024-01-12 15:46
LAB700874,ENC100408,PT12373,GLU,Glucose,151,mg/dL,70,99,H,STAT,2024-01-12 16:13,2024-01-12 16:33,2024-01-12 17:21
LAB700875,ENC100408,PT12373,CREAT,Creatinine,1.01,mg/dL,0.6,1.3,N,Routine,2024-01-12 16:20,2024-01-12 16:26,2024-01-12 17:35
LAB700876,ENC100408,PT12373,WBC,White Blood Cell Count,6.9,K/uL,4.5,11,N,Routine,2024-01-12 15:54,2024-01-12 16:04,2024-01-12 19:23
LAB700877,ENC100408,PT12373,HGB,Hemoglobin,13.3,g/dL,12,17.5,N,STAT,2024-01-12 15:29,2024-01-12 15:55,2024-01-12 16:54
LAB700878,ENC100409,PT11195,GLU,Glucose,92,mg/dL,70,99,N,STAT,2024-01-12 19:29,2024-01-12 19:48,2024-01-12 21:06
LAB700879,ENC100409,PT11195,CREAT,Creatinine,0.51,mg/dL,0.6,1.3,L,STAT,2024-01-12 18:51,2024-01-12 19:01,2024-01-12 19:39
LAB700880,ENC100409,PT11195,WBC,White Blood Cell Count,9.1,K/uL,4.5,11,N,STAT,2024-01-12 18:48,2024-01-12 19:07,2024-01-12 19:27
LAB700881,ENC100409,PT11195,HGB,Hemoglobin,12.2,g/dL,12,17.5,N,STAT,2024-01-12 19:25,2024-01-12 19:51,2024-01-12 20:36
LAB700882,ENC100412,PT13440,GLU,Glucose,193,mg/dL,70,99,H,STAT,2024-01-12 20:10,2024-01-12 20:29,2024-01-12 20:47
LAB700883,ENC100412,PT13440,CREAT,Creatinine,0.81,mg/dL,0.6,1.3,N,STAT,2024-01-12 20:38,2024-01-12 21:13,2024-01-12 21:49
LAB700884,ENC100412,PT13440,WBC,White Blood Cell Count,10.2,K/uL,4.5,11,N,Routine,2024-01-12 20:54,2024-01-12 21:07,2024-01-12 22:25
LAB700885,ENC100412,PT13440,HGB,Hemoglobin,12.9,g/dL,12,17.5,N,STAT,2024-01-12 20:59,2024-01-12 21:25,2024-01-12 21:57
LAB700886,ENC100412,PT13440,NA,Sodium,139,mmol/L,136,145,N,Routine,2024-01-12 21:16,2024-01-12 21:44,2024-01-13 00:26
LAB700887,ENC100412,PT13440,K,Potassium,4.5,mmol/L,3.5,5.1,N,STAT,2024-01-12 20:50,2024-01-12 21:17,2024-01-12 21:53
LAB700888,ENC100414,PT11330,GLU,Glucose,96,mg/dL,70,99,N,Routine,2024-01-12 22:41,2024-01-12 23:02,2024-01-13 01:02
LAB700889,ENC100414,PT11330,CREAT,Creatinine,1.07,mg/dL,0.6,1.3,N,STAT,2024-01-12 22:32,2024-01-12 22:40,2024-01-12 23:44
LAB700890,ENC100414,PT11330,WBC,White Blood Cell Count,5.7,K/uL,4.5,11,N,STAT,2024-01-12 22:12,2024-01-12 22:41,2024-01-13 00:13
LAB700891,ENC100414,PT11330,HGB,Hemoglobin,16.9,g/dL,12,17.5,N,Routine,2024-01-12 22:32,2024-01-12 22:50,2024-01-13 01:34
LAB700892,ENC100414,PT11330,NA,Sodium,141,mmol/L,136,145,N,Routine,2024-01-12 22:07,2024-01-12 22:15,2024-01-13 03:20
LAB700893,ENC100414,PT11330,K,Potassium,4.2,mmol/L,3.5,5.1,N,STAT,2024-01-12 22:24,2024-01-12 22:34,2024-01-12 23:30
LAB700894,ENC100416,PT10912,GLU,Glucose,93,mg/dL,70,99,N,STAT,2024-01-12 21:07,2024-01-12 21:27,2024-01-12 21:52
LAB700895,ENC100416,PT10912,CREAT,Creatinine,1.27,mg/dL,0.6,1.3,N,Routine,2024-01-12 20:49,2024-01-12 21:08,2024-01-13 01:53
LAB700896,ENC100419,PT10047,GLU,Glucose,108,mg/dL,70,99,H,STAT,2024-01-13 05:30,2024-01-13 05:41,2024-01-13 06:49
LAB700897,ENC100419,PT10047,CREAT,Creatinine,0.37,mg/dL,0.6,1.3,L,Routine,2024-01-13 04:43,2024-01-13 04:54,2024-01-13 06:21
LAB700898,ENC100419,PT10047,WBC,White Blood Cell Count,6,K/uL,4.5,11,N,STAT,2024-01-13 05:28,2024-01-13 05:41,2024-01-13 06:54
LAB700899,ENC100419,PT10047,HGB,Hemoglobin,14.5,g/dL,12,17.5,N,Routine,2024-01-13 04:24,2024-01-13 04:43,2024-01-13 08:04
LAB700900,ENC100419,PT10047,NA,Sodium,140,mmol/L,136,145,N,STAT,2024-01-13 04:51,2024-01-13 05:16,2024-01-13 06:29
LAB700901,ENC100419,PT10047,K,Potassium,3.9,mmol/L,3.5,5.1,N,STAT,2024-01-13 04:58,2024-01-13 05:09,2024-01-13 05:37
LAB700902,ENC100420,PT11539,GLU,Glucose,106,mg/dL,70,99,H,Routine,2024-01-13 03:29,2024-01-13 03:45,2024-01-13 04:35
LAB700903,ENC100420,PT11539,CREAT,Creatinine,0.82,mg/dL,0.6,1.3,N,Routine,2024-01-13 03:39,2024-01-13 03:54,2024-01-13 06:21
LAB700904,ENC100420,PT11539,WBC,White Blood Cell Count,7,K/uL,4.5,11,N,STAT,2024-01-13 02:44,2024-01-13 03:12,2024-01-13 03:53
LAB700905,ENC100420,PT11539,HGB,Hemoglobin,13.8,g/dL,12,17.5,N,STAT,2024-01-13 03:02,2024-01-13 03:13,2024-01-13 04:30
LAB700906,ENC100420,PT11539,NA,Sodium,138,mmol/L,136,145,N,STAT,2024-01-13 03:03,2024-01-13 03:12,2024-01-13 04:26
LAB700907,ENC100420,PT11539,K,Potassium,3.8,mmol/L,3.5,5.1,N,STAT,2024-01-13 03:17,2024-01-13 03:47,2024-01-13 04:56
LAB700908,ENC100420,PT11539,TROP,"Troponin I, High Sensitivity",1830,ng/L,0,34,H,STAT,2024-01-13 03:27,2024-01-13 03:36,2024-01-13 04:37
LAB700909,ENC100421,PT11688,GLU,Glucose,104,mg/dL,70,99,H,Routine,2024-01-13 07:41,2024-01-13 08:06,2024-01-13 18:51
LAB700910,ENC100421,PT11688,CREAT,Creatinine,3.3,mg/dL,0.6,1.3,H,Routine,2024-01-13 08:18,2024-01-13 08:37,2024-01-13 11:26
LAB700911,ENC100421,PT11688,WBC,White Blood Cell Count,7.9,K/uL,4.5,11,N,STAT,2024-01-13 07:38,2024-01-13 07:57,2024-01-13 09:19
LAB700912,ENC100421,PT11688,HGB,Hemoglobin,9.8,g/dL,12,17.5,L,Routine,2024-01-13 08:07,2024-01-13 08:15,2024-01-13 10:34
LAB700913,ENC100421,PT11688,NA,Sodium,138,mmol/L,136,145,N,Routine,2024-01-13 07:36,2024-01-13 07:47,2024-01-13 09:34
LAB700914,ENC100421,PT11688,K,Potassium,4.9,mmol/L,3.5,5.1,N,STAT,2024-01-13 08:05,2024-01-13 08:20,2024-01-13 09:07
LAB700915,ENC100422,PT11001,GLU,Glucose,102,mg/dL,70,99,H,STAT,2024-01-13 10:46,2024-01-13 11:14,2024-01-13 11:44
LAB700916,ENC100422,PT11001,CREAT,Creatinine,0.77,mg/dL,0.6,1.3,N,STAT,2024-01-13 11:30,2024-01-13 11:46,2024-01-13 12:12
LAB700917,ENC100422,PT11001,WBC,White Blood Cell Count,16.4,K/uL,4.5,11,H,STAT,2024-01-13 11:14,2024-01-13 11:32,2024-01-13 11:59
LAB700918,ENC100422,PT11001,HGB,Hemoglobin,12.7,g/dL,12,17.5,N,Routine,2024-01-13 10:31,2024-01-13 10:55,2024-01-13 15:44
LAB700919,ENC100423,PT11394,GLU,Glucose,108,mg/dL,70,99,H,STAT,2024-01-13 08:34,2024-01-13 08:39,2024-01-13 09:40
LAB700920,ENC100423,PT11394,CREAT,Creatinine,1.24,mg/dL,0.6,1.3,N,Routine,2024-01-13 08:06,2024-01-13 08:25,2024-01-13 09:47
LAB700921,ENC100423,PT11394,WBC,White Blood Cell Count,6.9,K/uL,4.5,11,N,STAT,2024-01-13 07:53,2024-01-13 08:26,2024-01-13 09:11
LAB700922,ENC100423,PT11394,HGB,Hemoglobin,13.1,g/dL,12,17.5,N,Routine,2024-01-13 08:29,2024-01-13 08:46,2024-01-13 13:10
LAB700923,ENC100424,PT11430,GLU,Glucose,97,mg/dL,70,99,N,STAT,2024-01-13 11:36,2024-01-13 11:41,2024-01-13 13:17
LAB700924,ENC100424,PT11430,CREAT,Creatinine,2.97,mg/dL,0.6,1.3,H,Routine,2024-01-13 11:42,2024-01-13 11:51,2024-01-13 13:39
LAB700925,ENC100424,PT11430,WBC,White Blood Cell Count,8.9,K/uL,4.5,11,N,STAT,2024-01-13 11:12,2024-01-13 11:47,2024-01-13 12:15
LAB700926,ENC100424,PT11430,HGB,Hemoglobin,16.3,g/dL,12,17.5,N,Routine,2024-01-13 12:18,2024-01-13 12:25,2024-01-13 14:08
LAB700927,ENC100424,PT11430,NA,Sodium,140,mmol/L,136,145,N,STAT,2024-01-13 11:47,2024-01-13 11:53,2024-01-13 12:38
LAB700928,ENC100424,PT11430,K,Potassium,6,mmol/L,3.5,5.1,H,STAT,2024-01-13 11:39,2024-01-13 12:05,2024-01-13 12:46
LAB700929,ENC100425,PT12932,GLU,Glucose,128,mg/dL,70,99,H,Routine,2024-01-13 11:58,2024-01-13 12:13,2024-01-13 14:15
LAB700930,ENC100425,PT12932,CREAT,Creatinine,0.61,mg/dL,0.6,1.3,N,STAT,2024-01-13 11:46,2024-01-13 12:00,2024-01-13 12:49
LAB700931,ENC100425,PT12932,WBC,White Blood Cell Count,8.7,K/uL,4.5,11,N,Routine,2024-01-13 11:52,2024-01-13 12:16,2024-01-13 15:15
LAB700932,ENC100425,PT12932,HGB,Hemoglobin,10.8,g/dL,12,17.5,L,Routine,2024-01-13 12:35,2024-01-13 12:53,2024-01-13 14:11
LAB700933,ENC100426,PT12922,GLU,Glucose,109,mg/dL,70,99,H,Routine,2024-01-13 09:43,2024-01-13 09:50,2024-01-13 13:41
LAB700934,ENC100426,PT12922,CREAT,Creatinine,0.93,mg/dL,0.6,1.3,N,STAT,2024-01-13 10:22,2024-01-13 10:38,2024-01-13 11:04
LAB700935,ENC100426,PT12922,WBC,White Blood Cell Count,16.2,K/uL,4.5,11,H,STAT,2024-01-13 09:31,2024-01-13 09:48,2024-01-13 10:42
LAB700936,ENC100426,PT12922,HGB,Hemoglobin,12.6,g/dL,12,17.5,N,STAT,2024-01-13 09:33,2024-01-13 09:38,2024-01-13 10:11
LAB700937,ENC100427,PT10651,GLU,Glucose,83,mg/dL,70,99,N,Routine,2024-01-13 15:15,2024-01-13 15:49,2024-01-13 19:57
LAB700938,ENC100427,PT10651,CREAT,Creatinine,0.79,mg/dL,0.6,1.3,N,STAT,2024-01-13 15:40,2024-01-13 15:50,2024-01-13 16:39
LAB700939,ENC100427,PT10651,WBC,White Blood Cell Count,14,K/uL,4.5,11,H,Routine,2024-01-13 15:22,2024-01-13 15:27,2024-01-13 18:19
LAB700940,ENC100427,PT10651,HGB,Hemoglobin,13,g/dL,12,17.5,N,STAT,2024-01-13 14:48,2024-01-13 15:07,2024-01-13 15:48
LAB700941,ENC100429,PT11570,GLU,Glucose,120,mg/dL,70,99,H,STAT,2024-01-13 11:42,2024-01-13 12:06,2024-01-13 13:04
LAB700942,ENC100429,PT11570,CREAT,Creatinine,1.06,mg/dL,0.6,1.3,N,Routine,2024-01-13 11:51,2024-01-13 11:55,2024-01-13 17:08
LAB700943,ENC100431,PT11242,GLU,Glucose,217,mg/dL,70,99,H,STAT,2024-01-13 16:08,2024-01-13 16:40,2024-01-13 17:13
LAB700944,ENC100431,PT11242,CREAT,Creatinine,1.03,mg/dL,0.6,1.3,N,STAT,2024-01-13 16:38,2024-01-13 17:05,2024-01-13 18:04
LAB700945,ENC100431,PT11242,WBC,White Blood Cell Count,5.8,K/uL,4.5,11,N,STAT,2024-01-13 15:36,2024-01-13 15:44,2024-01-13 16:21
LAB700946,ENC100431,PT11242,HGB,Hemoglobin,15.6,g/dL,12,17.5,N,STAT,2024-01-13 15:35,2024-01-13 15:57,2024-01-13 17:13
LAB700947,ENC100431,PT11242,NA,Sodium,139,mmol/L,136,145,N,STAT,2024-01-13 16:18,2024-01-13 16:24,2024-01-13 16:49
LAB700948,ENC100431,PT11242,K,Potassium,4.4,mmol/L,3.5,5.1,N,STAT,2024-01-13 15:51,2024-01-13 15:59,2024-01-13 17:04
LAB700949,ENC100433,PT13349,GLU,Glucose,136,mg/dL,70,99,H,Routine,2024-01-13 18:22,2024-01-13 18:39,2024-01-13 20:05
LAB700950,ENC100433,PT13349,CREAT,Creatinine,1.08,mg/dL,0.6,1.3,N,STAT,2024-01-13 18:38,2024-01-13 18:52,2024-01-13 19:35
LAB700951,ENC100433,PT13349,WBC,White Blood Cell Count,7.2,K/uL,4.5,11,N,STAT,2024-01-13 18:01,2024-01-13 18:30,2024-01-13 19:05
LAB700952,ENC100433,PT13349,HGB,Hemoglobin,16,g/dL,12,17.5,N,STAT,2024-01-13 17:32,2024-01-13 18:03,2024-01-13 18:45
LAB700953,ENC100434,PT11711,GLU,Glucose,116,mg/dL,70,99,H,STAT,2024-01-13 15:13,2024-01-13 15:25,2024-01-13 16:04
LAB700954,ENC100434,PT11711,CREAT,Creatinine,0.81,mg/dL,0.6,1.3,N,STAT,2024-01-13 14:48,2024-01-13 14:58,2024-01-13 15:40
LAB700955,ENC100434,PT11711,WBC,White Blood Cell Count,6.3,K/uL,4.5,11,N,Routine,2024-01-13 14:47,2024-01-13 15:02,2024-01-13 20:47
LAB700956,ENC100434,PT11711,HGB,Hemoglobin,13.4,g/dL,12,17.5,N,STAT,2024-01-13 14:26,2024-01-13 14:40,2024-01-13 15:47
LAB700957,ENC100436,PT11973,GLU,Glucose,122,mg/dL,70,99,H,STAT,2024-01-13 18:40,2024-01-13 19:05,2024-01-13 19:50
LAB700958,ENC100436,PT11973,CREAT,Creatinine,0.43,mg/dL,0.6,1.3,L,STAT,2024-01-13 17:49,2024-01-13 18:23,2024-01-13 18:54
LAB700959,ENC100436,PT11973,WBC,White Blood Cell Count,6.2,K/uL,4.5,11,N,STAT,2024-01-13 18:54,2024-01-13 19:03,2024-01-13 19:24
LAB700960,ENC100436,PT11973,HGB,Hemoglobin,12.3,g/dL,12,17.5,N,Routine,2024-01-13 18:27,2024-01-13 18:59,2024-01-13 23:21
LAB700961,ENC100436,PT11973,NA,Sodium,144,mmol/L,136,145,N,STAT,2024-01-13 17:55,2024-01-13 18:29,2024-01-13 18:55
LAB700962,ENC100436,PT11973,K,Potassium,4.3,mmol/L,3.5,5.1,N,STAT,2024-01-13 18:23,2024-01-13 18:33,2024-01-13 19:04
LAB700963,ENC100437,PT13027,GLU,Glucose,179,mg/dL,70,99,H,STAT,2024-01-13 18:28,2024-01-13 18:58,2024-01-13 20:01
LAB700964,ENC100437,PT13027,CREAT,Creatinine,1.13,mg/dL,0.6,1.3,N,Routine,2024-01-13 18:10,2024-01-13 18:15,2024-01-13 20:13
LAB700965,ENC100437,PT13027,WBC,White Blood Cell Count,9.3,K/uL,4.5,11,N,Routine,2024-01-13 19:14,2024-01-13 19:27,2024-01-13 21:33
LAB700966,ENC100437,PT13027,HGB,Hemoglobin,13.1,g/dL,12,17.5,N,STAT,2024-01-13 18:19,2024-01-13 18:40,2024-01-13 19:30
LAB700967,ENC100437,PT13027,NA,Sodium,137,mmol/L,136,145,N,STAT,2024-01-13 18:51,2024-01-13 19:10,2024-01-13 20:06
LAB700968,ENC100437,PT13027,K,Potassium,3.9,mmol/L,3.5,5.1,N,STAT,2024-01-13 18:47,2024-01-13 18:56,2024-01-13 19:33
LAB700969,ENC100437,PT13027,BUN,Blood Urea Nitrogen,14,mg/dL,7,20,N,STAT,2024-01-13 18:40,2024-01-13 19:09,2024-01-13 19:33
LAB700970,ENC100437,PT13027,PLT,Platelet Count,284,K/uL,150,400,N,STAT,2024-01-13 18:18,2024-01-13 18:48,2024-01-13 19:06
LAB700971,ENC100438,PT12280,GLU,Glucose,128,mg/dL,70,99,H,STAT,2024-01-13 17:25,2024-01-13 17:54,2024-01-13 18:30
LAB700972,ENC100438,PT12280,CREAT,Creatinine,0.83,mg/dL,0.6,1.3,N,Routine,2024-01-13 17:02,2024-01-13 17:23,2024-01-13 20:50
LAB700973,ENC100438,PT12280,WBC,White Blood Cell Count,12.6,K/uL,4.5,11,H,STAT,2024-01-13 17:26,2024-01-13 17:56,2024-01-13 18:56
LAB700974,ENC100438,PT12280,HGB,Hemoglobin,13.6,g/dL,12,17.5,N,Routine,2024-01-13 16:45,2024-01-13 17:02,2024-01-13 20:36
LAB700975,ENC100440,PT13029,GLU,Glucose,190,mg/dL,70,99,H,STAT,2024-01-13 23:00,2024-01-13 23:26,2024-01-14 00:08
LAB700976,ENC100440,PT13029,CREAT,Creatinine,0.44,mg/dL,0.6,1.3,L,Routine,2024-01-13 23:16,2024-01-13 23:37,2024-01-14 01:09
LAB700977,ENC100440,PT13029,WBC,White Blood Cell Count,19.3,K/uL,4.5,11,H,Routine,2024-01-13 22:39,2024-01-13 23:02,2024-01-14 01:12
LAB700978,ENC100440,PT13029,HGB,Hemoglobin,15.4,g/dL,12,17.5,N,STAT,2024-01-13 22:47,2024-01-13 23:00,2024-01-13 23:24
LAB700979,ENC100440,PT13029,NA,Sodium,141,mmol/L,136,145,N,STAT,2024-01-13 23:35,2024-01-14 00:08,2024-01-14 01:24
LAB700980,ENC100440,PT13029,K,Potassium,4,mmol/L,3.5,5.1,N,STAT,2024-01-13 22:42,2024-01-13 23:03,2024-01-13 23:44
LAB700981,ENC100440,PT13029,LACT,Lactate,5.7,mmol/L,0.5,2,HH,STAT,2024-01-13 22:47,2024-01-13 23:18,2024-01-13 23:47
LAB700982,ENC100442,PT12756,GLU,Glucose,91,mg/dL,70,99,N,STAT,2024-01-14 01:08,2024-01-14 01:34,2024-01-14 02:17
LAB700983,ENC100442,PT12756,CREAT,Creatinine,1.02,mg/dL,0.6,1.3,N,Routine,2024-01-14 00:49,2024-01-14 01:00,2024-01-14 03:18
LAB700984,ENC100442,PT12756,WBC,White Blood Cell Count,10,K/uL,4.5,11,N,Routine,2024-01-14 00:44,2024-01-14 01:01,2024-01-14 04:09
LAB700985,ENC100442,PT12756,HGB,Hemoglobin,14,g/dL,12,17.5,N,STAT,2024-01-14 00:59,2024-01-14 01:34,2024-01-14 02:10
LAB700986,ENC100442,PT12756,NA,Sodium,138,mmol/L,136,145,N,Routine,2024-01-14 00:41,2024-01-14 00:46,2024-01-14 03:44
LAB700987,ENC100442,PT12756,K,Potassium,4.8,mmol/L,3.5,5.1,N,STAT,2024-01-14 00:42,2024-01-14 01:17,2024-01-14 02:11
LAB700988,ENC100442,PT12756,LACT,Lactate,5.7,mmol/L,0.5,2,HH,STAT,2024-01-14 00:50,2024-01-14 01:04,2024-01-14 01:39
LAB700989,ENC100443,PT13185,TROP,"Troponin I, High Sensitivity",8,ng/L,0,34,N,STAT,2024-01-13 22:55,2024-01-13 23:28,2024-01-13 23:58
LAB700990,ENC100444,PT10555,GLU,Glucose,178,mg/dL,70,99,H,STAT,2024-01-14 03:42,2024-01-14 04:13,2024-01-14 04:49
LAB700991,ENC100444,PT10555,CREAT,Creatinine,1,mg/dL,0.6,1.3,N,STAT,2024-01-14 02:46,2024-01-14 03:16,2024-01-14 04:03
LAB700992,ENC100444,PT10555,WBC,White Blood Cell Count,6,K/uL,4.5,11,N,STAT,2024-01-14 02:46,2024-01-14 02:50,2024-01-14 05:16
LAB700993,ENC100444,PT10555,HGB,Hemoglobin,15.1,g/dL,12,17.5,N,Routine,2024-01-14 03:26,2024-01-14 03:37,2024-01-14 06:09
LAB700994,ENC100444,PT10555,TROP,"Troponin I, High Sensitivity",36,ng/L,0,34,H,STAT,2024-01-14 03:40,2024-01-14 03:59,2024-01-14 05:13
LAB700995,ENC100444,PT10555,BNP,B-Type Natriuretic Peptide,1095,pg/mL,0,100,H,Routine,2024-01-14 03:18,2024-01-14 03:44,2024-01-14 06:23
LAB700996,ENC100446,PT13477,GLU,Glucose,124,mg/dL,70,99,H,STAT,2024-01-14 02:55,2024-01-14 03:21,2024-01-14 04:05
LAB700997,ENC100446,PT13477,CREAT,Creatinine,0.97,mg/dL,0.6,1.3,N,STAT,2024-01-14 02:43,2024-01-14 02:47,2024-01-14 03:18
LAB700998,ENC100446,PT13477,WBC,White Blood Cell Count,4.9,K/uL,4.5,11,N,STAT,2024-01-14 02:42,2024-01-14 02:48,2024-01-14 03:52
LAB700999,ENC100446,PT13477,HGB,Hemoglobin,16.2,g/dL,12,17.5,N,Routine,2024-01-14 02:41,2024-01-14 02:52,2024-01-14 04:56
LAB701000,ENC100449,PT11413,GLU,Glucose,89,mg/dL,70,99,N,STAT,2024-01-14 09:15,2024-01-14 09:26,2024-01-14 09:48
LAB701001,ENC100449,PT11413,CREAT,Creatinine,0.82,mg/dL,0.6,1.3,N,Routine,2024-01-14 09:39,2024-01-14 09:43,2024-01-14 11:56
LAB701002,ENC100449,PT11413,WBC,White Blood Cell Count,2.6,K/uL,4.5,11,L,Routine,2024-01-14 09:35,2024-01-14 09:44,2024-01-14 12:26
LAB701003,ENC100449,PT11413,HGB,Hemoglobin,15.4,g/dL,12,17.5,N,STAT,2024-01-14 08:53,2024-01-14 09:23,2024-01-14 09:57
LAB701004,ENC100449,PT11413,LACT,Lactate,1.6,mmol/L,0.5,2,N,STAT,2024-01-14 09:18,2024-01-14 09:42,2024-01-14 11:15
LAB701005,ENC100450,PT13196,GLU,Glucose,232,mg/dL,70,99,H,STAT,2024-01-14 11:06,2024-01-14 11:25,2024-01-14 12:50
LAB701006,ENC100450,PT13196,CREAT,Creatinine,1.47,mg/dL,0.6,1.3,H,STAT,2024-01-14 10:33,2024-01-14 10:54,2024-01-14 12:35
LAB701007,ENC100450,PT13196,WBC,White Blood Cell Count,8.2,K/uL,4.5,11,N,Routine,2024-01-14 10:36,2024-01-14 10:45,2024-01-14 13:35
LAB701008,ENC100450,PT13196,HGB,Hemoglobin,17.5,g/dL,12,17.5,N,STAT,2024-01-14 11:03,2024-01-14 11:38,2024-01-14 11:55
LAB701009,ENC100451,PT10625,GLU,Glucose,116,mg/dL,70,99,H,Routine,2024-01-14 10:57,2024-01-14 11:09,2024-01-14 13:18
LAB701010,ENC100451,PT10625,CREAT,Creatinine,0.78,mg/dL,0.6,1.3,N,Routine,2024-01-14 10:48,2024-01-14 11:10,2024-01-14 12:27
LAB701011,ENC100451,PT10625,WBC,White Blood Cell Count,8.8,K/uL,4.5,11,N,STAT,2024-01-14 11:20,2024-01-14 11:54,2024-01-14 13:01
LAB701012,ENC100451,PT10625,HGB,Hemoglobin,16,g/dL,12,17.5,N,Routine,2024-01-14 10:25,2024-01-14 10:46,2024-01-14 14:46
LAB701013,ENC100451,PT10625,TROP,"Troponin I, High Sensitivity",70,ng/L,0,34,H,STAT,2024-01-14 10:26,2024-01-14 10:57,2024-01-14 11:28
LAB701014,ENC100451,PT10625,BNP,B-Type Natriuretic Peptide,738,pg/mL,0,100,H,Routine,2024-01-14 11:12,2024-01-14 11:45,2024-01-14 14:40
LAB701015,ENC100454,PT10440,GLU,Glucose,72,mg/dL,70,99,N,STAT,2024-01-14 15:55,2024-01-14 16:05,2024-01-14 17:00
LAB701016,ENC100454,PT10440,CREAT,Creatinine,0.9,mg/dL,0.6,1.3,N,STAT,2024-01-14 15:00,2024-01-14 15:09,2024-01-14 15:49
LAB701017,ENC100454,PT10440,WBC,White Blood Cell Count,8.6,K/uL,4.5,11,N,STAT,2024-01-14 15:37,2024-01-14 16:01,2024-01-14 17:02
LAB701018,ENC100454,PT10440,HGB,Hemoglobin,10.9,g/dL,12,17.5,L,STAT,2024-01-14 15:35,2024-01-14 15:44,2024-01-14 16:29
LAB701019,ENC100454,PT10440,BUN,Blood Urea Nitrogen,13,mg/dL,7,20,N,Routine,2024-01-14 15:47,2024-01-14 16:04,2024-01-14 18:33
LAB701020,ENC100454,PT10440,PLT,Platelet Count,221,K/uL,150,400,N,STAT,2024-01-14 15:51,2024-01-14 16:19,2024-01-14 17:15
LAB701021,ENC100454,PT10440,TROP,"Troponin I, High Sensitivity",35,ng/L,0,34,H,STAT,2024-01-14 15:58,2024-01-14 16:29,2024-01-14 17:21
LAB701022,ENC100454,PT10440,BNP,B-Type Natriuretic Peptide,809,pg/mL,0,100,H,Routine,2024-01-14 15:07,2024-01-14 15:25,2024-01-14 16:21
LAB701023,ENC100455,PT11999,GLU,Glucose,98,mg/dL,70,99,N,STAT,2024-01-14 14:31,2024-01-14 15:03,2024-01-14 15:37
LAB701024,ENC100455,PT11999,CREAT,Creatinine,0.45,mg/dL,0.6,1.3,L,STAT,2024-01-14 14:54,2024-01-14 15:25,2024-01-14 16:16
LAB701025,ENC100455,PT11999,WBC,White Blood Cell Count,10.7,K/uL,4.5,11,N,STAT,2024-01-14 15:08,2024-01-14 15:39,2024-01-14 16:30
LAB701026,ENC100455,PT11999,HGB,Hemoglobin,13.6,g/dL,12,17.5,N,Routine,2024-01-14 14:33,2024-01-14 14:44,2024-01-15 04:59
LAB701027,ENC100456,PT11492,GLU,Glucose,90,mg/dL,70,99,N,STAT,2024-01-14 17:42,2024-01-14 17:53,2024-01-14 19:33
LAB701028,ENC100456,PT11492,CREAT,Creatinine,0.28,mg/dL,0.6,1.3,L,STAT,2024-01-14 17:54,2024-01-14 18:15,2024-01-14 19:05
LAB701029,ENC100456,PT11492,WBC,White Blood Cell Count,20.8,K/uL,4.5,11,H,STAT,2024-01-14 17:12,2024-01-14 17:22,2024-01-14 18:16
LAB701030,ENC100456,PT11492,HGB,Hemoglobin,13,g/dL,12,17.5,N,Routine,2024-01-14 18:05,2024-01-14 18:11,2024-01-14 20:20
LAB701031,ENC100457,PT13977,GLU,Glucose,83,mg/dL,70,99,N,STAT,2024-01-14 19:52,2024-01-14 20:11,2024-01-14 20:47
LAB701032,ENC100457,PT13977,CREAT,Creatinine,0.68,mg/dL,0.6,1.3,N,STAT,2024-01-14 19:18,2024-01-14 19:42,2024-01-14 20:17
LAB701033,ENC100457,PT13977,WBC,White Blood Cell Count,16.4,K/uL,4.5,11,H,STAT,2024-01-14 19:58,2024-01-14 20:24,2024-01-14 20:44
LAB701034,ENC100457,PT13977,HGB,Hemoglobin,14.4,g/dL,12,17.5,N,Routine,2024-01-14 20:19,2024-01-14 20:24,2024-01-14 23:23
LAB701035,ENC100458,PT11822,GLU,Glucose,231,mg/dL,70,99,H,STAT,2024-01-14 17:16,2024-01-14 17:37,2024-01-14 18:33
LAB701036,ENC100458,PT11822,CREAT,Creatinine,0.83,mg/dL,0.6,1.3,N,STAT,2024-01-14 17:07,2024-01-14 17:35,2024-01-14 18:12
LAB701037,ENC100458,PT11822,WBC,White Blood Cell Count,7.3,K/uL,4.5,11,N,STAT,2024-01-14 16:46,2024-01-14 17:16,2024-01-14 17:58
LAB701038,ENC100458,PT11822,HGB,Hemoglobin,11.6,g/dL,12,17.5,L,STAT,2024-01-14 17:17,2024-01-14 17:23,2024-01-14 18:30
LAB701039,ENC100460,PT12991,GLU,Glucose,116,mg/dL,70,99,H,Routine,2024-01-15 00:23,2024-01-15 00:48,2024-01-15 03:28
LAB701040,ENC100460,PT12991,CREAT,Creatinine,0.55,mg/dL,0.6,1.3,L,STAT,2024-01-15 00:36,2024-01-15 00:53,2024-01-15 01:33
LAB701041,ENC100460,PT12991,WBC,White Blood Cell Count,7.6,K/uL,4.5,11,N,Routine,2024-01-15 00:29,2024-01-15 00:48,2024-01-15 03:13
LAB701042,ENC100460,PT12991,HGB,Hemoglobin,17.8,g/dL,12,17.5,H,STAT,2024-01-15 00:12,2024-01-15 00:44,2024-01-15 01:49
LAB701043,ENC100460,PT12991,NA,Sodium,142,mmol/L,136,145,N,Routine,2024-01-15 00:36,2024-01-15 00:47,2024-01-15 05:36
LAB701044,ENC100460,PT12991,K,Potassium,3.9,mmol/L,3.5,5.1,N,STAT,2024-01-15 00:54,2024-01-15 01:11,2024-01-15 01:42
LAB701045,ENC100461,PT12701,GLU,Glucose,83,mg/dL,70,99,N,STAT,2024-01-15 00:24,2024-01-15 00:43,2024-01-15 01:20
LAB701046,ENC100461,PT12701,CREAT,Creatinine,1.13,mg/dL,0.6,1.3,N,STAT,2024-01-15 00:24,2024-01-15 00:33,2024-01-15 01:39
LAB701047,ENC100461,PT12701,WBC,White Blood Cell Count,6.2,K/uL,4.5,11,N,STAT,2024-01-14 23:47,2024-01-14 23:58,2024-01-15 00:58
LAB701048,ENC100461,PT12701,HGB,Hemoglobin,13.1,g/dL,12,17.5,N,STAT,2024-01-15 00:21,2024-01-15 00:34,2024-01-15 00:58
LAB701049,ENC100461,PT12701,TROP,"Troponin I, High Sensitivity",114,ng/L,0,34,H,STAT,2024-01-14 23:54,2024-01-15 00:28,2024-01-15 01:21
LAB701050,ENC100462,PT12676,GLU,Glucose,104,mg/dL,70,99,H,STAT,2024-01-15 00:48,2024-01-15 01:13,2024-01-15 02:10
LAB701051,ENC100462,PT12676,CREAT,Creatinine,1.04,mg/dL,0.6,1.3,N,STAT,2024-01-15 01:07,2024-01-15 01:38,2024-01-15 02:12
LAB701052,ENC100462,PT12676,WBC,White Blood Cell Count,7.2,K/uL,4.5,11,N,Routine,2024-01-15 01:38,2024-01-15 02:04,2024-01-15 04:16
LAB701053,ENC100462,PT12676,HGB,Hemoglobin,12.5,g/dL,12,17.5,N,STAT,2024-01-15 00:37,2024-01-15 01:10,2024-01-15 02:13
LAB701054,ENC100464,PT13166,GLU,Glucose,96,mg/dL,70,99,N,STAT,2024-01-14 21:04,2024-01-14 21:22,2024-01-14 23:00
LAB701055,ENC100464,PT13166,CREAT,Creatinine,0.73,mg/dL,0.6,1.3,N,STAT,2024-01-14 22:03,2024-01-14 22:21,2024-01-14 23:28
LAB701056,ENC100464,PT13166,WBC,White Blood Cell Count,7.8,K/uL,4.5,11,N,STAT,2024-01-14 21:18,2024-01-14 21:44,2024-01-14 22:50
LAB701057,ENC100464,PT13166,HGB,Hemoglobin,14.6,g/dL,12,17.5,N,STAT,2024-01-14 21:37,2024-01-14 22:10,2024-01-14 23:00
LAB701058,ENC100465,PT10283,GLU,Glucose,123,mg/dL,70,99,H,STAT,2024-01-15 00:40,2024-01-15 00:52,2024-01-15 01:34
LAB701059,ENC100465,PT10283,CREAT,Creatinine,1.02,mg/dL,0.6,1.3,N,Routine,2024-01-15 00:24,2024-01-15 00:41,2024-01-15 04:03
LAB701060,ENC100465,PT10283,WBC,White Blood Cell Count,12.4,K/uL,4.5,11,H,STAT,2024-01-15 01:02,2024-01-15 01:14,2024-01-15 01:55
LAB701061,ENC100465,PT10283,HGB,Hemoglobin,12.4,g/dL,12,17.5,N,STAT,2024-01-15 01:00,2024-01-15 01:12,2024-01-15 02:02
LAB701062,ENC100466,PT13195,GLU,Glucose,103,mg/dL,70,99,H,STAT,2024-01-15 01:21,2024-01-15 01:25,2024-01-15 02:08
LAB701063,ENC100466,PT13195,CREAT,Creatinine,0.26,mg/dL,0.6,1.3,L,Routine,2024-01-15 02:08,2024-01-15 02:16,2024-01-15 08:27
LAB701064,ENC100466,PT13195,WBC,White Blood Cell Count,5.3,K/uL,4.5,11,N,STAT,2024-01-15 01:51,2024-01-15 02:11,2024-01-15 02:49
LAB701065,ENC100466,PT13195,HGB,Hemoglobin,14.9,g/dL,12,17.5,N,STAT,2024-01-15 01:50,2024-01-15 02:20,2024-01-15 03:41
LAB701066,ENC100467,PT10546,GLU,Glucose,126,mg/dL,70,99,H,Routine,2024-01-15 01:54,2024-01-15 02:13,2024-01-15 03:34
LAB701067,ENC100467,PT10546,CREAT,Creatinine,1.13,mg/dL,0.6,1.3,N,Routine,2024-01-15 02:59,2024-01-15 03:11,2024-01-15 07:34
LAB701068,ENC100467,PT10546,WBC,White Blood Cell Count,10.5,K/uL,4.5,11,N,STAT,2024-01-15 02:47,2024-01-15 03:00,2024-01-15 03:42
LAB701069,ENC100467,PT10546,HGB,Hemoglobin,13.4,g/dL,12,17.5,N,STAT,2024-01-15 02:40,2024-01-15 03:01,2024-01-15 04:20
LAB701070,ENC100467,PT10546,NA,Sodium,140,mmol/L,136,145,N,Routine,2024-01-15 02:04,2024-01-15 02:31,2024-01-15 04:56
LAB701071,ENC100467,PT10546,K,Potassium,3.6,mmol/L,3.5,5.1,N,STAT,2024-01-15 02:28,2024-01-15 02:47,2024-01-15 04:13
LAB701072,ENC100467,PT10546,BUN,Blood Urea Nitrogen,20,mg/dL,7,20,N,STAT,2024-01-15 02:55,2024-01-15 03:26,2024-01-15 04:33
LAB701073,ENC100467,PT10546,PLT,Platelet Count,248,K/uL,150,400,N,Routine,2024-01-15 02:34,2024-01-15 03:04,2024-01-15 04:04
LAB701074,ENC100469,PT12141,GLU,Glucose,96,mg/dL,70,99,N,STAT,2024-01-15 02:44,2024-01-15 03:11,2024-01-15 04:14
LAB701075,ENC100469,PT12141,CREAT,Creatinine,1.05,mg/dL,0.6,1.3,N,Routine,2024-01-15 02:33,2024-01-15 02:47,2024-01-15 04:42
LAB701076,ENC100469,PT12141,WBC,White Blood Cell Count,7.8,K/uL,4.5,11,N,STAT,2024-01-15 01:47,2024-01-15 02:07,2024-01-15 02:46
LAB701077,ENC100469,PT12141,HGB,Hemoglobin,14.2,g/dL,12,17.5,N,STAT,2024-01-15 02:28,2024-01-15 02:43,2024-01-15 03:11
LAB701078,ENC100469,PT12141,NA,Sodium,140,mmol/L,136,145,N,STAT,2024-01-15 02:17,2024-01-15 02:49,2024-01-15 04:03
LAB701079,ENC100469,PT12141,K,Potassium,4.3,mmol/L,3.5,5.1,N,STAT,2024-01-15 02:35,2024-01-15 02:41,2024-01-15 03:17
LAB701080,ENC100470,PT12535,GLU,Glucose,173,mg/dL,70,99,H,STAT,2024-01-15 05:25,2024-01-15 05:36,2024-01-15 06:20
LAB701081,ENC100470,PT12535,CREAT,Creatinine,1.71,mg/dL,0.6,1.3,H,STAT,2024-01-15 05:16,2024-01-15 05:22,2024-01-15 06:20
LAB701082,ENC100470,PT12535,WBC,White Blood Cell Count,19,K/uL,4.5,11,H,Routine,2024-01-15 05:50,2024-01-15 06:19,2024-01-15 10:25
LAB701083,ENC100470,PT12535,HGB,Hemoglobin,15.9,g/dL,12,17.5,N,STAT,2024-01-15 05:12,2024-01-15 05:44,2024-01-15 06:45
LAB701084,ENC100470,PT12535,NA,Sodium,138,mmol/L,136,145,N,STAT,2024-01-15 04:50,2024-01-15 05:04,2024-01-15 05:42
LAB701085,ENC100470,PT12535,K,Potassium,4.3,mmol/L,3.5,5.1,N,STAT,2024-01-15 05:48,2024-01-15 06:11,2024-01-15 07:36
LAB701086,ENC100470,PT12535,LACT,Lactate,2.8,mmol/L,0.5,2,H,STAT,2024-01-15 04:54,2024-01-15 05:02,2024-01-15 06:14
LAB701087,ENC100472,PT12444,GLU,Glucose,105,mg/dL,70,99,H,STAT,2024-01-15 06:03,2024-01-15 06:26,2024-01-15 07:45
LAB701088,ENC100472,PT12444,CREAT,Creatinine,0.51,mg/dL,0.6,1.3,L,STAT,2024-01-15 05:54,2024-01-15 06:02,2024-01-15 06:37
LAB701089,ENC100472,PT12444,WBC,White Blood Cell Count,8.1,K/uL,4.5,11,N,STAT,2024-01-15 05:23,2024-01-15 05:27,2024-01-15 05:53
LAB701090,ENC100472,PT12444,HGB,Hemoglobin,13.3,g/dL,12,17.5,N,STAT,2024-01-15 05:38,2024-01-15 06:11,2024-01-15 07:06
LAB701091,ENC100473,PT11121,GLU,Glucose,190,mg/dL,70,99,H,STAT,2024-01-15 07:38,2024-01-15 08:12,2024-01-15 08:33
LAB701092,ENC100473,PT11121,CREAT,Creatinine,0.98,mg/dL,0.6,1.3,N,STAT,2024-01-15 08:02,2024-01-15 08:30,2024-01-15 09:14
LAB701093,ENC100473,PT11121,WBC,White Blood Cell Count,7.1,K/uL,4.5,11,N,Routine,2024-01-15 07:53,2024-01-15 08:00,2024-01-15 10:08
LAB701094,ENC100473,PT11121,HGB,Hemoglobin,14,g/dL,12,17.5,N,STAT,2024-01-15 08:02,2024-01-15 08:33,2024-01-15 09:19
LAB701095,ENC100474,PT10335,GLU,Glucose,164,mg/dL,70,99,H,Routine,2024-01-15 09:44,2024-01-15 10:04,2024-01-15 13:29
LAB701096,ENC100474,PT10335,CREAT,Creatinine,1.58,mg/dL,0.6,1.3,H,STAT,2024-01-15 09:00,2024-01-15 09:35,2024-01-15 10:26
LAB701097,ENC100474,PT10335,WBC,White Blood Cell Count,18.7,K/uL,4.5,11,H,Routine,2024-01-15 09:38,2024-01-15 09:46,2024-01-15 12:42
LAB701098,ENC100474,PT10335,HGB,Hemoglobin,12.7,g/dL,12,17.5,N,STAT,2024-01-15 08:51,2024-01-15 09:10,2024-01-15 10:04
LAB701099,ENC100474,PT10335,LACT,Lactate,1.7,mmol/L,0.5,2,N,STAT,2024-01-15 09:45,2024-01-15 10:02,2024-01-15 11:03
LAB701100,ENC100476,PT13084,WBC,White Blood Cell Count,7.5,K/uL,4.5,11,N,Routine,2024-01-15 08:20,2024-01-15 08:34,2024-01-15 13:11
LAB701101,ENC100476,PT13084,HGB,Hemoglobin,13.5,g/dL,12,17.5,N,Routine,2024-01-15 08:40,2024-01-15 08:44,2024-01-15 11:49
LAB701102,ENC100476,PT13084,PLT,Platelet Count,208,K/uL,150,400,N,Routine,2024-01-15 08:27,2024-01-15 08:31,2024-01-15 11:28
LAB701103,ENC100477,PT12134,GLU,Glucose,133,mg/dL,70,99,H,STAT,2024-01-15 09:20,2024-01-15 09:34,2024-01-15 10:25
LAB701104,ENC100477,PT12134,CREAT,Creatinine,1.06,mg/dL,0.6,1.3,N,Routine,2024-01-15 09:08,2024-01-15 09:21,2024-01-15 11:07
LAB701105,ENC100477,PT12134,WBC,White Blood Cell Count,9.7,K/uL,4.5,11,N,Routine,2024-01-15 08:28,2024-01-15 08:46,2024-01-15 12:34
LAB701106,ENC100477,PT12134,HGB,Hemoglobin,15.8,g/dL,12,17.5,N,Routine,2024-01-15 08:47,2024-01-15 09:14,2024-01-15 11:31
LAB701107,ENC100478,PT12085,A1C,Hemoglobin A1c,9.7,%,4,5.6,H,Routine,2024-01-15 08:42,2024-01-15 09:08,2024-01-16 03:12
LAB701108,ENC100478,PT12085,GLU,Glucose,318,mg/dL,70,99,H,Routine,2024-01-15 08:44,2024-01-15 08:58,2024-01-15 13:21
LAB701109,ENC100478,PT12085,CREAT,Creatinine,0.82,mg/dL,0.6,1.3,N,Routine,2024-01-15 08:48,2024-01-15 08:59,2024-01-15 11:38
LAB701110,ENC100479,PT13157,GLU,Glucose,116,mg/dL,70,99,H,STAT,2024-01-15 09:23,2024-01-15 09:34,2024-01-15 10:25
LAB701111,ENC100479,PT13157,CREAT,Creatinine,0.27,mg/dL,0.6,1.3,L,Routine,2024-01-15 10:13,2024-01-15 10:19,2024-01-15 13:53
LAB701112,ENC100479,PT13157,WBC,White Blood Cell Count,6.9,K/uL,4.5,11,N,STAT,2024-01-15 09:20,2024-01-15 09:50,2024-01-15 10:23
LAB701113,ENC100479,PT13157,HGB,Hemoglobin,15.3,g/dL,12,17.5,N,STAT,2024-01-15 09:54,2024-01-15 10:26,2024-01-15 10:55
LAB701114,ENC100481,PT11842,GLU,Glucose,74,mg/dL,70,99,N,STAT,2024-01-15 10:31,2024-01-15 11:00,2024-01-15 11:41
LAB701115,ENC100481,PT11842,CREAT,Creatinine,1.19,mg/dL,0.6,1.3,N,Routine,2024-01-15 10:46,2024-01-15 11:09,2024-01-15 15:32
LAB701116,ENC100483,PT13657,GLU,Glucose,104,mg/dL,70,99,H,STAT,2024-01-15 10:28,2024-01-15 10:56,2024-01-15 11:39
LAB701117,ENC100483,PT13657,CREAT,Creatinine,0.75,mg/dL,0.6,1.3,N,Routine,2024-01-15 10:51,2024-01-15 11:10,2024-01-15 14:20
LAB701118,ENC100483,PT13657,WBC,White Blood Cell Count,6.2,K/uL,4.5,11,N,Routine,2024-01-15 10:15,2024-01-15 10:47,2024-01-15 15:58
LAB701119,ENC100483,PT13657,HGB,Hemoglobin,11,g/dL,12,17.5,L,STAT,2024-01-15 10:06,2024-01-15 10:28,2024-01-15 11:50
LAB701120,ENC100485,PT13439,GLU,Glucose,130,mg/dL,70,99,H,STAT,2024-01-15 15:10,2024-01-15 15:27,2024-01-15 15:56
LAB701121,ENC100485,PT13439,CREAT,Creatinine,1.59,mg/dL,0.6,1.3,H,Routine,2024-01-15 15:32,2024-01-15 15:52,2024-01-15 17:31
LAB701122,ENC100485,PT13439,WBC,White Blood Cell Count,21.8,K/uL,4.5,11,H,STAT,2024-01-15 15:42,2024-01-15 16:16,2024-01-15 17:08
LAB701123,ENC100485,PT13439,HGB,Hemoglobin,14.8,g/dL,12,17.5,N,Routine,2024-01-15 15:13,2024-01-15 15:32,2024-01-15 17:54
LAB701124,ENC100485,PT13439,LACT,Lactate,5.8,mmol/L,0.5,2,HH,STAT,2024-01-15 15:12,2024-01-15 15:30,2024-01-15 16:11
LAB701125,ENC100486,PT12929,LDL,LDL Cholesterol,117,mg/dL,0,99,H,Routine,2024-01-15 11:44,2024-01-15 12:09,2024-01-16 06:05
LAB701126,ENC100486,PT12929,TSH,Thyroid Stimulating Hormone,4.65,mIU/L,0.4,4,H,Routine,2024-01-15 11:39,2024-01-15 11:49,2024-01-16 03:12
LAB701127,ENC100487,PT12126,GLU,Glucose,78,mg/dL,70,99,N,STAT,2024-01-15 14:41,2024-01-15 15:07,2024-01-15 15:34
LAB701128,ENC100487,PT12126,CREAT,Creatinine,3.16,mg/dL,0.6,1.3,H,Routine,2024-01-15 14:40,2024-01-15 14:59,2024-01-15 17:27
LAB701129,ENC100487,PT12126,WBC,White Blood Cell Count,10.4,K/uL,4.5,11,N,Routine,2024-01-15 15:30,2024-01-15 15:39,2024-01-15 18:23
LAB701130,ENC100487,PT12126,HGB,Hemoglobin,14.7,g/dL,12,17.5,N,STAT,2024-01-15 15:15,2024-01-15 15:28,2024-01-15 17:12
LAB701131,ENC100487,PT12126,NA,Sodium,139,mmol/L,136,145,N,STAT,2024-01-15 15:01,2024-01-15 15:14,2024-01-15 15:53
LAB701132,ENC100487,PT12126,K,Potassium,4.7,mmol/L,3.5,5.1,N,STAT,2024-01-15 14:58,2024-01-15 15:32,2024-01-15 16:46
LAB701133,ENC100487,PT12126,BUN,Blood Urea Nitrogen,10,mg/dL,7,20,N,Routine,2024-01-15 15:21,2024-01-15 15:46,2024-01-15 17:36
LAB701134,ENC100487,PT12126,PLT,Platelet Count,287,K/uL,150,400,N,Routine,2024-01-15 14:45,2024-01-15 15:14,2024-01-15 18:10
LAB701135,ENC100490,PT11224,GLU,Glucose,103,mg/dL,70,99,H,Routine,2024-01-15 16:49,2024-01-15 16:54,2024-01-15 17:57
LAB701136,ENC100490,PT11224,CREAT,Creatinine,0.71,mg/dL,0.6,1.3,N,STAT,2024-01-15 16:15,2024-01-15 16:50,2024-01-15 17:14
LAB701137,ENC100490,PT11224,WBC,White Blood Cell Count,9.3,K/uL,4.5,11,N,STAT,2024-01-15 16:12,2024-01-15 16:43,2024-01-15 17:16
LAB701138,ENC100490,PT11224,HGB,Hemoglobin,12.2,g/dL,12,17.5,N,Routine,2024-01-15 16:53,2024-01-15 17:21,2024-01-15 21:33
LAB701139,ENC100490,PT11224,TROP,"Troponin I, High Sensitivity",10,ng/L,0,34,N,STAT,2024-01-15 16:19,2024-01-15 16:38,2024-01-15 17:29
LAB701140,ENC100490,PT11224,BNP,B-Type Natriuretic Peptide,698,pg/mL,0,100,H,STAT,2024-01-15 16:54,2024-01-15 17:04,2024-01-15 17:38
LAB701141,ENC100492,PT10142,A1C,Hemoglobin A1c,5.9,%,4,5.6,H,Routine,2024-01-15 13:34,2024-01-15 13:48,2024-01-16 00:47
LAB701142,ENC100492,PT10142,GLU,Glucose,134,mg/dL,70,99,H,Routine,2024-01-15 13:32,2024-01-15 13:57,2024-01-16 00:29
LAB701143,ENC100492,PT10142,CREAT,Creatinine,1.62,mg/dL,0.6,1.3,H,Routine,2024-01-15 13:29,2024-01-15 13:48,2024-01-15 17:16
LAB701144,ENC100496,PT13709,GLU,Glucose,80,mg/dL,70,99,N,Routine,2024-01-15 18:17,2024-01-15 18:36,2024-01-15 22:07
LAB701145,ENC100496,PT13709,CREAT,Creatinine,1,mg/dL,0.6,1.3,N,STAT,2024-01-15 18:04,2024-01-15 18:36,2024-01-15 19:01
LAB701146,ENC100496,PT13709,WBC,White Blood Cell Count,8,K/uL,4.5,11,N,Routine,2024-01-15 18:39,2024-01-15 18:44,2024-01-15 23:08
LAB701147,ENC100496,PT13709,HGB,Hemoglobin,12.2,g/dL,12,17.5,N,STAT,2024-01-15 18:08,2024-01-15 18:22,2024-01-15 19:15
LAB701148,ENC100496,PT13709,NA,Sodium,141,mmol/L,136,145,N,STAT,2024-01-15 17:58,2024-01-15 18:04,2024-01-15 18:33
LAB701149,ENC100496,PT13709,K,Potassium,4.6,mmol/L,3.5,5.1,N,STAT,2024-01-15 18:25,2024-01-15 18:42,2024-01-15 19:07
LAB701150,ENC100496,PT13709,TROP,"Troponin I, High Sensitivity",9,ng/L,0,34,N,STAT,2024-01-15 18:15,2024-01-15 18:50,2024-01-15 19:59
LAB701151,ENC100498,PT12883,GLU,Glucose,154,mg/dL,70,99,H,STAT,2024-01-15 15:57,2024-01-15 16:25,2024-01-15 17:03
LAB701152,ENC100498,PT12883,CREAT,Creatinine,0.63,mg/dL,0.6,1.3,N,STAT,2024-01-15 16:10,2024-01-15 16:15,2024-01-15 16:52
LAB701153,ENC100499,PT12056,GLU,Glucose,141,mg/dL,70,99,H,STAT,2024-01-15 17:04,2024-01-15 17:29,2024-01-15 19:09
LAB701154,ENC100499,PT12056,CREAT,Creatinine,0.89,mg/dL,0.6,1.3,N,STAT,2024-01-15 16:27,2024-01-15 16:49,2024-01-15 17:35
LAB701155,ENC100499,PT12056,WBC,White Blood Cell Count,8.5,K/uL,4.5,11,N,Routine,2024-01-15 16:08,2024-01-15 16:27,2024-01-15 18:48
LAB701156,ENC100499,PT12056,HGB,Hemoglobin,14.1,g/dL,12,17.5,N,STAT,2024-01-15 16:02,2024-01-15 16:33,2024-01-15 17:11
LAB701157,ENC100502,PT11992,GLU,Glucose,124,mg/dL,70,99,H,STAT,2024-01-15 18:47,2024-01-15 19:22,2024-01-15 20:28
LAB701158,ENC100502,PT11992,CREAT,Creatinine,1.28,mg/dL,0.6,1.3,N,Routine,2024-01-15 18:49,2024-01-15 18:58,2024-01-15 21:44
LAB701159,ENC100502,PT11992,WBC,White Blood Cell Count,6.3,K/uL,4.5,11,N,STAT,2024-01-15 18:44,2024-01-15 19:17,2024-01-15 20:06
LAB701160,ENC100506,PT11318,GLU,Glucose,131,mg/dL,70,99,H,Routine,2024-01-15 19:32,2024-01-15 20:02,2024-01-16 02:08
LAB701161,ENC100506,PT11318,CREAT,Creatinine,0.45,mg/dL,0.6,1.3,L,Routine,2024-01-15 20:12,2024-01-15 20:40,2024-01-16 00:48
LAB701162,ENC100506,PT11318,WBC,White Blood Cell Count,7.5,K/uL,4.5,11,N,STAT,2024-01-15 19:35,2024-01-15 19:50,2024-01-15 20:42
LAB701163,ENC100506,PT11318,HGB,Hemoglobin,15.8,g/dL,12,17.5,N,STAT,2024-01-15 20:08,2024-01-15 20:23,2024-01-15 20:51
LAB701164,ENC100507,PT13684,GLU,Glucose,105,mg/dL,70,99,H,STAT,2024-01-15 23:36,2024-01-15 23:50,2024-01-16 01:01
LAB701165,ENC100507,PT13684,CREAT,Creatinine,0.66,mg/dL,0.6,1.3,N,STAT,2024-01-15 23:33,2024-01-15 23:42,2024-01-16 00:10
LAB701166,ENC100507,PT13684,WBC,White Blood Cell Count,13.7,K/uL,4.5,11,H,STAT,2024-01-15 22:57,2024-01-15 23:13,2024-01-15 23:48
LAB701167,ENC100507,PT13684,HGB,Hemoglobin,11.4,g/dL,12,17.5,L,STAT,2024-01-15 23:39,2024-01-16 00:14,2024-01-16 00:36
LAB701168,ENC100508,PT10454,GLU,Glucose,120,mg/dL,70,99,H,STAT,2024-01-15 23:20,2024-01-15 23:47,2024-01-16 00:25
LAB701169,ENC100508,PT10454,CREAT,Creatinine,0.84,mg/dL,0.6,1.3,N,STAT,2024-01-15 22:23,2024-01-15 22:40,2024-01-15 23:55
LAB701170,ENC100508,PT10454,WBC,White Blood Cell Count,7.3,K/uL,4.5,11,N,STAT,2024-01-15 23:29,2024-01-15 23:46,2024-01-16 00:33
LAB701171,ENC100508,PT10454,HGB,Hemoglobin,16.3,g/dL,12,17.5,N,STAT,2024-01-15 22:31,2024-01-15 23:06,2024-01-16 00:17
LAB701172,ENC100509,PT11281,GLU,Glucose,106,mg/dL,70,99,H,STAT,2024-01-15 22:26,2024-01-15 22:43,2024-01-15 23:27
LAB701173,ENC100509,PT11281,CREAT,Creatinine,1.06,mg/dL,0.6,1.3,N,STAT,2024-01-15 22:49,2024-01-15 23:00,2024-01-16 00:07
LAB701174,ENC100509,PT11281,WBC,White Blood Cell Count,8,K/uL,4.5,11,N,STAT,2024-01-15 23:26,2024-01-15 23:36,2024-01-16 00:31
LAB701175,ENC100509,PT11281,HGB,Hemoglobin,11.4,g/dL,12,17.5,L,STAT,2024-01-15 23:25,2024-01-15 23:43,2024-01-16 00:18
LAB701176,ENC100509,PT11281,NA,Sodium,140,mmol/L,136,145,N,STAT,2024-01-15 23:01,2024-01-15 23:30,2024-01-16 00:04
LAB701177,ENC100509,PT11281,K,Potassium,4.3,mmol/L,3.5,5.1,N,STAT,2024-01-15 23:19,2024-01-15 23:37,2024-01-16 00:25
LAB701178,ENC100512,PT10366,GLU,Glucose,99,mg/dL,70,99,N,STAT,2024-01-15 22:17,2024-01-15 22:51,2024-01-15 23:35
LAB701179,ENC100512,PT10366,CREAT,Creatinine,1.14,mg/dL,0.6,1.3,N,STAT,2024-01-15 21:48,2024-01-15 22:23,2024-01-15 23:13
LAB701180,ENC100512,PT10366,TROP,"Troponin I, High Sensitivity",8,ng/L,0,34,N,STAT,2024-01-15 22:49,2024-01-15 22:53,2024-01-15 23:46
LAB701181,ENC100513,PT12427,GLU,Glucose,93,mg/dL,70,99,N,STAT,2024-01-16 01:12,2024-01-16 01:24,2024-01-16 01:52
LAB701182,ENC100513,PT12427,CREAT,Creatinine,1.27,mg/dL,0.6,1.3,N,STAT,2024-01-16 00:58,2024-01-16 01:18,2024-01-16 02:21
LAB701183,ENC100513,PT12427,WBC,White Blood Cell Count,14.5,K/uL,4.5,11,H,Routine,2024-01-16 01:47,2024-01-16 02:05,2024-01-16 05:56
LAB701184,ENC100513,PT12427,HGB,Hemoglobin,13.4,g/dL,12,17.5,N,STAT,2024-01-16 01:15,2024-01-16 01:44,2024-01-16 02:30
LAB701185,ENC100514,PT11851,GLU,Glucose,415,mg/dL,70,99,H,STAT,2024-01-16 06:56,2024-01-16 07:11,2024-01-16 08:32
LAB701186,ENC100514,PT11851,CREAT,Creatinine,0.64,mg/dL,0.6,1.3,N,STAT,2024-01-16 07:52,2024-01-16 08:12,2024-01-16 08:56
LAB701187,ENC100514,PT11851,WBC,White Blood Cell Count,4.5,K/uL,4.5,11,N,STAT,2024-01-16 07:26,2024-01-16 07:55,2024-01-16 08:43
LAB701188,ENC100514,PT11851,HGB,Hemoglobin,14.9,g/dL,12,17.5,N,STAT,2024-01-16 06:51,2024-01-16 07:14,2024-01-16 07:50
LAB701189,ENC100514,PT11851,NA,Sodium,140,mmol/L,136,145,N,Routine,2024-01-16 07:14,2024-01-16 07:43,2024-01-16 10:58
LAB701190,ENC100514,PT11851,K,Potassium,4.5,mmol/L,3.5,5.1,N,STAT,2024-01-16 07:43,2024-01-16 07:56,2024-01-16 09:36
LAB701191,ENC100514,PT11851,A1C,Hemoglobin A1c,12.8,%,4,5.6,H,STAT,2024-01-16 07:18,2024-01-16 07:24,2024-01-16 07:50
LAB701192,ENC100515,PT12843,GLU,Glucose,90,mg/dL,70,99,N,STAT,2024-01-16 04:34,2024-01-16 05:00,2024-01-16 05:19
LAB701193,ENC100515,PT12843,CREAT,Creatinine,1.07,mg/dL,0.6,1.3,N,Routine,2024-01-16 05:19,2024-01-16 05:47,2024-01-16 08:07
LAB701194,ENC100515,PT12843,WBC,White Blood Cell Count,6.8,K/uL,4.5,11,N,STAT,2024-01-16 04:14,2024-01-16 04:29,2024-01-16 05:00
LAB701195,ENC100515,PT12843,HGB,Hemoglobin,8.1,g/dL,12,17.5,L,Routine,2024-01-16 04:21,2024-01-16 04:55,2024-01-16 08:33
LAB701196,ENC100516,PT13923,A1C,Hemoglobin A1c,11,%,4,5.6,H,Routine,2024-01-16 08:21,2024-01-16 08:34,2024-01-16 23:19
LAB701197,ENC100518,PT11661,GLU,Glucose,58,mg/dL,70,99,L,Routine,2024-01-16 09:11,2024-01-16 09:15,2024-01-16 13:46
LAB701198,ENC100518,PT11661,CREAT,Creatinine,1.08,mg/dL,0.6,1.3,N,Routine,2024-01-16 09:12,2024-01-16 09:16,2024-01-16 19:11
LAB701199,ENC100518,PT11661,WBC,White Blood Cell Count,3.7,K/uL,4.5,11,L,Routine,2024-01-16 09:44,2024-01-16 10:16,2024-01-16 13:23
LAB701200,ENC100518,PT11661,HGB,Hemoglobin,14.7,g/dL,12,17.5,N,STAT,2024-01-16 09:24,2024-01-16 09:36,2024-01-16 09:53
LAB701201,ENC100518,PT11661,NA,Sodium,137,mmol/L,136,145,N,Routine,2024-01-16 09:46,2024-01-16 10:04,2024-01-16 12:59
LAB701202,ENC100518,PT11661,K,Potassium,4.5,mmol/L,3.5,5.1,N,STAT,2024-01-16 09:32,2024-01-16 09:36,2024-01-16 10:32
LAB701203,ENC100518,PT11661,BUN,Blood Urea Nitrogen,7,mg/dL,7,20,N,Routine,2024-01-16 09:43,2024-01-16 10:12,2024-01-16 11:58
LAB701204,ENC100518,PT11661,PLT,Platelet Count,203,K/uL,150,400,N,Routine,2024-01-16 09:32,2024-01-16 09:38,2024-01-16 13:08
LAB701205,ENC100519,PT12180,GLU,Glucose,123,mg/dL,70,99,H,Routine,2024-01-16 12:06,2024-01-16 12:16,2024-01-16 14:46
LAB701206,ENC100519,PT12180,CREAT,Creatinine,0.75,mg/dL,0.6,1.3,N,STAT,2024-01-16 11:39,2024-01-16 11:43,2024-01-16 14:04
LAB701207,ENC100519,PT12180,WBC,White Blood Cell Count,10.8,K/uL,4.5,11,N,Routine,2024-01-16 11:54,2024-01-16 12:06,2024-01-16 14:02
LAB701208,ENC100519,PT12180,HGB,Hemoglobin,12.7,g/dL,12,17.5,N,STAT,2024-01-16 12:06,2024-01-16 12:16,2024-01-16 12:45
LAB701209,ENC100522,PT11599,LDL,LDL Cholesterol,97,mg/dL,0,99,N,Routine,2024-01-16 09:52,2024-01-16 10:04,2024-01-16 18:56
LAB701210,ENC100524,PT12403,GLU,Glucose,110,mg/dL,70,99,H,Routine,2024-01-16 13:54,2024-01-16 13:58,2024-01-16 18:43
LAB701211,ENC100524,PT12403,CREAT,Creatinine,0.86,mg/dL,0.6,1.3,N,STAT,2024-01-16 14:07,2024-01-16 14:33,2024-01-16 15:12
LAB701212,ENC100524,PT12403,WBC,White Blood Cell Count,8,K/uL,4.5,11,N,Routine,2024-01-16 14:54,2024-01-16 15:18,2024-01-16 18:11
LAB701213,ENC100524,PT12403,HGB,Hemoglobin,13.1,g/dL,12,17.5,N,STAT,2024-01-16 14:24,2024-01-16 14:56,2024-01-16 15:19
LAB701214,ENC100524,PT12403,NA,Sodium,145,mmol/L,136,145,N,STAT,2024-01-16 14:54,2024-01-16 15:09,2024-01-16 16:02
LAB701215,ENC100524,PT12403,K,Potassium,4.4,mmol/L,3.5,5.1,N,STAT,2024-01-16 14:20,2024-01-16 14:24,2024-01-16 15:15
LAB701216,ENC100525,PT13637,LDL,LDL Cholesterol,133,mg/dL,0,99,H,Routine,2024-01-16 10:06,2024-01-16 10:27,2024-01-17 03:46
LAB701217,ENC100526,PT13311,A1C,Hemoglobin A1c,5,%,4,5.6,N,Routine,2024-01-16 10:38,2024-01-16 10:45,2024-01-16 17:37
LAB701218,ENC100536,PT12548,GLU,Glucose,83,mg/dL,70,99,N,Routine,2024-01-16 17:46,2024-01-16 18:07,2024-01-16 19:28
LAB701219,ENC100536,PT12548,CREAT,Creatinine,0.78,mg/dL,0.6,1.3,N,STAT,2024-01-16 16:45,2024-01-16 17:05,2024-01-16 17:36
LAB701220,ENC100536,PT12548,WBC,White Blood Cell Count,6,K/uL,4.5,11,N,STAT,2024-01-16 17:25,2024-01-16 17:50,2024-01-16 18:35
LAB701221,ENC100536,PT12548,HGB,Hemoglobin,14.9,g/dL,12,17.5,N,STAT,2024-01-16 17:06,2024-01-16 17:20,2024-01-16 18:17
LAB701222,ENC100536,PT12548,NA,Sodium,140,mmol/L,136,145,N,Routine,2024-01-16 16:55,2024-01-16 17:26,2024-01-16 19:29
LAB701223,ENC100536,PT12548,K,Potassium,3.9,mmol/L,3.5,5.1,N,STAT,2024-01-16 17:45,2024-01-16 18:06,2024-01-16 18:36
LAB701224,ENC100536,PT12548,TROP,"Troponin I, High Sensitivity",9,ng/L,0,34,N,STAT,2024-01-16 17:41,2024-01-16 18:06,2024-01-16 18:52
LAB701225,ENC100538,PT12169,GLU,Glucose,94,mg/dL,70,99,N,Routine,2024-01-16 16:41,2024-01-16 17:09,2024-01-16 18:45
LAB701226,ENC100538,PT12169,CREAT,Creatinine,0.84,mg/dL,0.6,1.3,N,STAT,2024-01-16 15:48,2024-01-16 16:10,2024-01-16 17:27
LAB701227,ENC100538,PT12169,WBC,White Blood Cell Count,6.4,K/uL,4.5,11,N,Routine,2024-01-16 16:09,2024-01-16 16:41,2024-01-16 18:18
LAB701228,ENC100538,PT12169,HGB,Hemoglobin,7.1,g/dL,12,17.5,L,Routine,2024-01-16 16:14,2024-01-16 16:31,2024-01-16 20:50
LAB701229,ENC100538,PT12169,NA,Sodium,141,mmol/L,136,145,N,STAT,2024-01-16 16:17,2024-01-16 16:26,2024-01-16 16:58
LAB701230,ENC100538,PT12169,K,Potassium,4.7,mmol/L,3.5,5.1,N,STAT,2024-01-16 16:20,2024-01-16 16:45,2024-01-16 17:31
LAB701231,ENC100538,PT12169,BUN,Blood Urea Nitrogen,17,mg/dL,7,20,N,STAT,2024-01-16 15:50,2024-01-16 16:06,2024-01-16 16:53
LAB701232,ENC100538,PT12169,PLT,Platelet Count,250,K/uL,150,400,N,Routine,2024-01-16 16:31,2024-01-16 16:53,2024-01-16 17:49
LAB701233,ENC100538,PT12169,INR,Prothrombin Time INR,1.1,ratio,0.8,1.2,N,STAT,2024-01-16 16:19,2024-01-16 16:48,2024-01-16 17:44
LAB701234,ENC100539,PT10939,LDL,LDL Cholesterol,145,mg/dL,0,99,H,Routine,2024-01-16 13:45,2024-01-16 14:06,2024-01-17 09:57
LAB701235,ENC100539,PT10939,TSH,Thyroid Stimulating Hormone,0.24,mIU/L,0.4,4,L,Routine,2024-01-16 13:42,2024-01-16 13:57,2024-01-17 03:17
LAB701236,ENC100542,PT13199,GLU,Glucose,107,mg/dL,70,99,H,STAT,2024-01-16 14:24,2024-01-16 14:59,2024-01-16 15:32
LAB701237,ENC100542,PT13199,CREAT,Creatinine,0.98,mg/dL,0.6,1.3,N,STAT,2024-01-16 14:33,2024-01-16 14:46,2024-01-16 15:48
LAB701238,ENC100542,PT13199,WBC,White Blood Cell Count,10,K/uL,4.5,11,N,Routine,2024-01-16 15:05,2024-01-16 15:11,2024-01-16 16:33
LAB701239,ENC100542,PT13199,HGB,Hemoglobin,14.2,g/dL,12,17.5,N,STAT,2024-01-16 14:21,2024-01-16 14:25,2024-01-16 15:07
LAB701240,ENC100542,PT13199,NA,Sodium,144,mmol/L,136,145,N,STAT,2024-01-16 15:27,2024-01-16 15:40,2024-01-16 16:27
LAB701241,ENC100542,PT13199,K,Potassium,3.8,mmol/L,3.5,5.1,N,STAT,2024-01-16 14:47,2024-01-16 15:06,2024-01-16 15:57
LAB701242,ENC100550,PT10567,GLU,Glucose,256,mg/dL,70,99,H,STAT,2024-01-16 16:06,2024-01-16 16:13,2024-01-16 17:04
LAB701243,ENC100550,PT10567,CREAT,Creatinine,1.16,mg/dL,0.6,1.3,N,Routine,2024-01-16 16:01,2024-01-16 16:24,2024-01-16 19:09
LAB701244,ENC100550,PT10567,WBC,White Blood Cell Count,11.1,K/uL,4.5,11,H,STAT,2024-01-16 15:48,2024-01-16 16:20,2024-01-16 16:55
LAB701245,ENC100551,PT12543,A1C,Hemoglobin A1c,5.6,%,4,5.6,N,Routine,2024-01-16 15:57,2024-01-16 16:01,2024-01-16 21:28
LAB701246,ENC100551,PT12543,GLU,Glucose,100,mg/dL,70,99,H,Routine,2024-01-16 16:06,2024-01-16 16:21,2024-01-16 20:05
LAB701247,ENC100551,PT12543,CREAT,Creatinine,0.91,mg/dL,0.6,1.3,N,Routine,2024-01-16 16:04,2024-01-16 16:10,2024-01-16 18:44
LAB701248,ENC100552,PT11376,GLU,Glucose,117,mg/dL,70,99,H,Routine,2024-01-16 19:55,2024-01-16 20:14,2024-01-16 22:23
LAB701249,ENC100552,PT11376,CREAT,Creatinine,0.63,mg/dL,0.6,1.3,N,STAT,2024-01-16 19:53,2024-01-16 20:07,2024-01-16 20:54
LAB701250,ENC100552,PT11376,WBC,White Blood Cell Count,6.5,K/uL,4.5,11,N,STAT,2024-01-16 20:17,2024-01-16 20:43,2024-01-16 21:38
LAB701251,ENC100552,PT11376,HGB,Hemoglobin,15.4,g/dL,12,17.5,N,STAT,2024-01-16 20:13,2024-01-16 20:21,2024-01-16 21:47
LAB701252,ENC100555,PT10666,GLU,Glucose,110,mg/dL,70,99,H,STAT,2024-01-16 21:00,2024-01-16 21:29,2024-01-16 21:58
LAB701253,ENC100555,PT10666,CREAT,Creatinine,0.88,mg/dL,0.6,1.3,N,STAT,2024-01-16 20:02,2024-01-16 20:31,2024-01-16 21:38
LAB701254,ENC100555,PT10666,WBC,White Blood Cell Count,8.4,K/uL,4.5,11,N,STAT,2024-01-16 20:41,2024-01-16 20:52,2024-01-16 21:19
LAB701255,ENC100555,PT10666,HGB,Hemoglobin,14.6,g/dL,12,17.5,N,STAT,2024-01-16 20:47,2024-01-16 20:56,2024-01-16 22:10
LAB701256,ENC100555,PT10666,TROP,"Troponin I, High Sensitivity",64,ng/L,0,34,H,STAT,2024-01-16 20:21,2024-01-16 20:25,2024-01-16 21:59
LAB701257,ENC100555,PT10666,BNP,B-Type Natriuretic Peptide,404,pg/mL,0,100,H,STAT,2024-01-16 20:58,2024-01-16 21:20,2024-01-16 22:15
LAB701258,ENC100556,PT13553,GLU,Glucose,123,mg/dL,70,99,H,STAT,2024-01-16 23:13,2024-01-16 23:28,2024-01-17 00:23
LAB701259,ENC100556,PT13553,CREAT,Creatinine,1.16,mg/dL,0.6,1.3,N,STAT,2024-01-16 23:21,2024-01-16 23:49,2024-01-17 01:00
LAB701260,ENC100556,PT13553,WBC,White Blood Cell Count,11.9,K/uL,4.5,11,H,Routine,2024-01-16 23:00,2024-01-16 23:27,2024-01-17 03:37
LAB701261,ENC100556,PT13553,HGB,Hemoglobin,15.5,g/dL,12,17.5,N,Routine,2024-01-16 23:01,2024-01-16 23:36,2024-01-17 00:55
LAB701262,ENC100557,PT12517,GLU,Glucose,77,mg/dL,70,99,N,Routine,2024-01-16 19:53,2024-01-16 20:21,2024-01-17 00:41
LAB701263,ENC100557,PT12517,CREAT,Creatinine,1.19,mg/dL,0.6,1.3,N,STAT,2024-01-16 19:59,2024-01-16 20:09,2024-01-16 21:00
LAB701264,ENC100557,PT12517,WBC,White Blood Cell Count,7.6,K/uL,4.5,11,N,STAT,2024-01-16 20:26,2024-01-16 20:56,2024-01-16 21:27
LAB701265,ENC100557,PT12517,TROP,"Troponin I, High Sensitivity",11,ng/L,0,34,N,STAT,2024-01-16 19:57,2024-01-16 20:07,2024-01-16 20:46
LAB701266,ENC100558,PT12758,GLU,Glucose,98,mg/dL,70,99,N,Routine,2024-01-16 20:12,2024-01-16 20:43,2024-01-17 01:07
LAB701267,ENC100558,PT12758,CREAT,Creatinine,1.01,mg/dL,0.6,1.3,N,STAT,2024-01-16 19:40,2024-01-16 20:02,2024-01-16 21:23
LAB701268,ENC100558,PT12758,WBC,White Blood Cell Count,4.6,K/uL,4.5,11,N,STAT,2024-01-16 19:41,2024-01-16 19:55,2024-01-16 20:25
LAB701269,ENC100558,PT12758,HGB,Hemoglobin,16.5,g/dL,12,17.5,N,STAT,2024-01-16 20:10,2024-01-16 20:22,2024-01-16 21:07
LAB701270,ENC100558,PT12758,NA,Sodium,138,mmol/L,136,145,N,Routine,2024-01-16 20:07,2024-01-16 20:13,2024-01-16 21:45
LAB701271,ENC100558,PT12758,K,Potassium,4.3,mmol/L,3.5,5.1,N,STAT,2024-01-16 19:33,2024-01-16 19:54,2024-01-16 20:33
LAB701272,ENC100558,PT12758,BUN,Blood Urea Nitrogen,19,mg/dL,7,20,N,STAT,2024-01-16 20:28,2024-01-16 20:45,2024-01-16 21:29
LAB701273,ENC100558,PT12758,PLT,Platelet Count,211,K/uL,150,400,N,Routine,2024-01-16 20:15,2024-01-16 20:27,2024-01-16 21:47
LAB701274,ENC100559,PT13595,GLU,Glucose,87,mg/dL,70,99,N,Routine,2024-01-17 00:48,2024-01-17 00:57,2024-01-17 02:50
LAB701275,ENC100559,PT13595,CREAT,Creatinine,1.14,mg/dL,0.6,1.3,N,Routine,2024-01-17 00:13,2024-01-17 00:45,2024-01-17 03:24
LAB701276,ENC100559,PT13595,WBC,White Blood Cell Count,3.8,K/uL,4.5,11,L,STAT,2024-01-17 00:07,2024-01-17 00:12,2024-01-17 00:45
LAB701277,ENC100559,PT13595,HGB,Hemoglobin,11.4,g/dL,12,17.5,L,STAT,2024-01-17 00:27,2024-01-17 00:32,2024-01-17 01:23
LAB701278,ENC100559,PT13595,NA,Sodium,137,mmol/L,136,145,N,Routine,2024-01-17 00:04,2024-01-17 00:10,2024-01-17 02:16
LAB701279,ENC100559,PT13595,K,Potassium,3.9,mmol/L,3.5,5.1,N,STAT,2024-01-17 00:20,2024-01-17 00:24,2024-01-17 01:10
LAB701280,ENC100559,PT13595,TROP,"Troponin I, High Sensitivity",78,ng/L,0,34,H,STAT,2024-01-17 00:05,2024-01-17 00:14,2024-01-17 00:41
LAB701281,ENC100559,PT13595,BNP,B-Type Natriuretic Peptide,399,pg/mL,0,100,H,STAT,2024-01-17 00:25,2024-01-17 00:44,2024-01-17 01:31
LAB701282,ENC100560,PT10319,GLU,Glucose,161,mg/dL,70,99,H,STAT,2024-01-16 23:22,2024-01-16 23:43,2024-01-17 00:40
LAB701283,ENC100560,PT10319,CREAT,Creatinine,1.03,mg/dL,0.6,1.3,N,Routine,2024-01-16 23:06,2024-01-16 23:19,2024-01-17 03:10
LAB701284,ENC100560,PT10319,WBC,White Blood Cell Count,8.2,K/uL,4.5,11,N,Routine,2024-01-16 23:36,2024-01-16 23:45,2024-01-17 04:11
LAB701285,ENC100560,PT10319,HGB,Hemoglobin,8.2,g/dL,12,17.5,L,STAT,2024-01-16 23:12,2024-01-16 23:43,2024-01-17 00:32
LAB701286,ENC100560,PT10319,BUN,Blood Urea Nitrogen,9,mg/dL,7,20,N,STAT,2024-01-16 22:56,2024-01-16 23:00,2024-01-16 23:42
LAB701287,ENC100560,PT10319,PLT,Platelet Count,181,K/uL,150,400,N,Routine,2024-01-16 22:53,2024-01-16 23:05,2024-01-17 01:48
LAB701288,ENC100560,PT10319,LACT,Lactate,1.3,mmol/L,0.5,2,N,STAT,2024-01-16 23:44,2024-01-16 23:59,2024-01-17 02:17
LAB701289,ENC100560,PT10319,INR,Prothrombin Time INR,1,ratio,0.8,1.2,N,STAT,2024-01-16 23:21,2024-01-16 23:25,2024-01-16 23:53
LAB701290,ENC100561,PT11390,GLU,Glucose,228,mg/dL,70,99,H,STAT,2024-01-16 23:45,2024-01-16 23:59,2024-01-17 00:39
LAB701291,ENC100561,PT11390,CREAT,Creatinine,0.49,mg/dL,0.6,1.3,L,Routine,2024-01-16 23:25,2024-01-16 23:49,2024-01-17 06:01
LAB701292,ENC100561,PT11390,WBC,White Blood Cell Count,7,K/uL,4.5,11,N,STAT,2024-01-16 23:56,2024-01-17 00:12,2024-01-17 00:56
LAB701293,ENC100561,PT11390,HGB,Hemoglobin,12.9,g/dL,12,17.5,N,STAT,2024-01-16 23:31,2024-01-17 00:00,2024-01-17 01:18
LAB701294,ENC100562,PT11449,GLU,Glucose,138,mg/dL,70,99,H,STAT,2024-01-17 03:03,2024-01-17 03:10,2024-01-17 04:08
LAB701295,ENC100562,PT11449,CREAT,Creatinine,0.86,mg/dL,0.6,1.3,N,STAT,2024-01-17 03:00,2024-01-17 03:14,2024-01-17 04:06
LAB701296,ENC100562,PT11449,WBC,White Blood Cell Count,5.7,K/uL,4.5,11,N,STAT,2024-01-17 02:22,2024-01-17 02:41,2024-01-17 04:17
LAB701297,ENC100562,PT11449,HGB,Hemoglobin,13.3,g/dL,12,17.5,N,STAT,2024-01-17 02:57,2024-01-17 03:12,2024-01-17 04:45
LAB701298,ENC100562,PT11449,NA,Sodium,138,mmol/L,136,145,N,Routine,2024-01-17 03:01,2024-01-17 03:23,2024-01-17 06:13
LAB701299,ENC100562,PT11449,K,Potassium,4,mmol/L,3.5,5.1,N,STAT,2024-01-17 02:13,2024-01-17 02:45,2024-01-17 03:10
LAB701300,ENC100562,PT11449,TROP,"Troponin I, High Sensitivity",42,ng/L,0,34,H,STAT,2024-01-17 02:22,2024-01-17 02:45,2024-01-17 03:37
LAB701301,ENC100563,PT10141,GLU,Glucose,87,mg/dL,70,99,N,Routine,2024-01-17 03:14,2024-01-17 03:31,2024-01-17 10:19
LAB701302,ENC100563,PT10141,CREAT,Creatinine,1.07,mg/dL,0.6,1.3,N,STAT,2024-01-17 02:49,2024-01-17 03:12,2024-01-17 03:45
LAB701303,ENC100563,PT10141,WBC,White Blood Cell Count,8.2,K/uL,4.5,11,N,STAT,2024-01-17 02:38,2024-01-17 03:01,2024-01-17 03:45
LAB701304,ENC100563,PT10141,HGB,Hemoglobin,13.9,g/dL,12,17.5,N,STAT,2024-01-17 03:16,2024-01-17 03:50,2024-01-17 05:22
LAB701305,ENC100565,PT10824,GLU,Glucose,141,mg/dL,70,99,H,STAT,2024-01-17 01:44,2024-01-17 02:02,2024-01-17 02:36
LAB701306,ENC100565,PT10824,CREAT,Creatinine,1.02,mg/dL,0.6,1.3,N,Routine,2024-01-17 01:22,2024-01-17 01:28,2024-01-17 03:28
LAB701307,ENC100565,PT10824,WBC,White Blood Cell Count,9.3,K/uL,4.5,11,N,STAT,2024-01-17 01:34,2024-01-17 01:50,2024-01-17 02:49
LAB701308,ENC100565,PT10824,HGB,Hemoglobin,17,g/dL,12,17.5,N,STAT,2024-01-17 01:42,2024-01-17 01:55,2024-01-17 02:22
LAB701309,ENC100567,PT12463,GLU,Glucose,104,mg/dL,70,99,H,Routine,2024-01-17 09:03,2024-01-17 09:14,2024-01-17 12:48
LAB701310,ENC100567,PT12463,CREAT,Creatinine,0.2,mg/dL,0.6,1.3,L,STAT,2024-01-17 08:50,2024-01-17 09:01,2024-01-17 09:45
LAB701311,ENC100567,PT12463,WBC,White Blood Cell Count,18.4,K/uL,4.5,11,H,STAT,2024-01-17 08:49,2024-01-17 08:58,2024-01-17 09:31
LAB701312,ENC100568,PT11572,GLU,Glucose,119,mg/dL,70,99,H,STAT,2024-01-17 08:13,2024-01-17 08:41,2024-01-17 09:20
LAB701313,ENC100568,PT11572,CREAT,Creatinine,0.76,mg/dL,0.6,1.3,N,STAT,2024-01-17 09:09,2024-01-17 09:36,2024-01-17 10:24
LAB701314,ENC100568,PT11572,WBC,White Blood Cell Count,7.3,K/uL,4.5,11,N,Routine,2024-01-17 08:57,2024-01-17 09:03,2024-01-17 13:34
LAB701315,ENC100568,PT11572,HGB,Hemoglobin,13.6,g/dL,12,17.5,N,STAT,2024-01-17 08:30,2024-01-17 08:51,2024-01-17 09:26
LAB701316,ENC100568,PT11572,NA,Sodium,137,mmol/L,136,145,N,STAT,2024-01-17 08:26,2024-01-17 08:52,2024-01-17 09:48
LAB701317,ENC100568,PT11572,K,Potassium,3.8,mmol/L,3.5,5.1,N,STAT,2024-01-17 08:21,2024-01-17 08:40,2024-01-17 09:22
LAB701318,ENC100574,PT10375,A1C,Hemoglobin A1c,5.3,%,4,5.6,N,Routine,2024-01-17 09:47,2024-01-17 09:54,2024-01-17 22:42
LAB701319,ENC100574,PT10375,GLU,Glucose,97,mg/dL,70,99,N,Routine,2024-01-17 10:00,2024-01-17 10:27,2024-01-17 12:34
LAB701320,ENC100574,PT10375,CREAT,Creatinine,2.07,mg/dL,0.6,1.3,H,Routine,2024-01-17 09:38,2024-01-17 09:58,2024-01-17 12:31
LAB701321,ENC100575,PT10143,WBC,White Blood Cell Count,4.4,K/uL,4.5,11,L,Routine,2024-01-17 10:11,2024-01-17 10:37,2024-01-17 12:30
LAB701322,ENC100575,PT10143,HGB,Hemoglobin,15.9,g/dL,12,17.5,N,Routine,2024-01-17 10:20,2024-01-17 10:35,2024-01-17 12:38
LAB701323,ENC100575,PT10143,PLT,Platelet Count,274,K/uL,150,400,N,Routine,2024-01-17 10:11,2024-01-17 10:28,2024-01-17 14:59
LAB701324,ENC100576,PT11696,GLU,Glucose,176,mg/dL,70,99,H,Routine,2024-01-17 10:31,2024-01-17 10:37,2024-01-17 15:32
LAB701325,ENC100576,PT11696,CREAT,Creatinine,0.8,mg/dL,0.6,1.3,N,Routine,2024-01-17 11:30,2024-01-17 11:59,2024-01-17 13:20
LAB701326,ENC100576,PT11696,WBC,White Blood Cell Count,7.7,K/uL,4.5,11,N,Routine,2024-01-17 11:27,2024-01-17 11:43,2024-01-17 15:36
LAB701327,ENC100576,PT11696,HGB,Hemoglobin,13.1,g/dL,12,17.5,N,STAT,2024-01-17 10:59,2024-01-17 11:11,2024-01-17 11:39
LAB701328,ENC100576,PT11696,NA,Sodium,135,mmol/L,136,145,L,Routine,2024-01-17 10:41,2024-01-17 10:46,2024-01-17 16:18
LAB701329,ENC100576,PT11696,K,Potassium,3.9,mmol/L,3.5,5.1,N,STAT,2024-01-17 11:04,2024-01-17 11:16,2024-01-17 11:59
LAB701330,ENC100577,PT13282,A1C,Hemoglobin A1c,10.2,%,4,5.6,H,Routine,2024-01-17 10:48,2024-01-17 11:04,2024-01-17 18:26
LAB701331,ENC100577,PT13282,GLU,Glucose,85,mg/dL,70,99,N,Routine,2024-01-17 10:58,2024-01-17 11:26,2024-01-17 13:36
LAB701332,ENC100577,PT13282,CREAT,Creatinine,1.41,mg/dL,0.6,1.3,H,Routine,2024-01-17 10:57,2024-01-17 11:04,2024-01-17 13:57
LAB701333,ENC100580,PT13196,A1C,Hemoglobin A1c,8.5,%,4,5.6,H,Routine,2024-01-17 11:30,2024-01-17 12:04,2024-01-17 19:27
LAB701334,ENC100581,PT12494,A1C,Hemoglobin A1c,9.3,%,4,5.6,H,Routine,2024-01-17 11:27,2024-01-17 11:48,2024-01-17 18:44
LAB701335,ENC100581,PT12494,GLU,Glucose,193,mg/dL,70,99,H,Routine,2024-01-17 11:39,2024-01-17 12:11,2024-01-17 16:03
LAB701336,ENC100581,PT12494,CREAT,Creatinine,0.73,mg/dL,0.6,1.3,N,Routine,2024-01-17 11:35,2024-01-17 12:05,2024-01-17 16:28
LAB701337,ENC100582,PT13546,GLU,Glucose,108,mg/dL,70,99,H,Routine,2024-01-17 12:48,2024-01-17 13:01,2024-01-17 16:09
LAB701338,ENC100582,PT13546,CREAT,Creatinine,0.67,mg/dL,0.6,1.3,N,STAT,2024-01-17 12:25,2024-01-17 12:52,2024-01-17 13:25
LAB701339,ENC100582,PT13546,WBC,White Blood Cell Count,7.1,K/uL,4.5,11,N,Routine,2024-01-17 11:53,2024-01-17 12:25,2024-01-17 13:40
LAB701340,ENC100582,PT13546,HGB,Hemoglobin,15.8,g/dL,12,17.5,N,STAT,2024-01-17 12:18,2024-01-17 12:34,2024-01-17 12:56
LAB701341,ENC100582,PT13546,NA,Sodium,139,mmol/L,136,145,N,Routine,2024-01-17 12:50,2024-01-17 13:06,2024-01-17 14:12
LAB701342,ENC100582,PT13546,K,Potassium,3.4,mmol/L,3.5,5.1,L,STAT,2024-01-17 11:49,2024-01-17 12:07,2024-01-17 13:53
LAB701343,ENC100582,PT13546,BUN,Blood Urea Nitrogen,13,mg/dL,7,20,N,Routine,2024-01-17 12:45,2024-01-17 12:49,2024-01-17 15:24
LAB701344,ENC100582,PT13546,PLT,Platelet Count,257,K/uL,150,400,N,Routine,2024-01-17 12:51,2024-01-17 13:20,2024-01-17 17:36
LAB701345,ENC100582,PT13546,TROP,"Troponin I, High Sensitivity",10,ng/L,0,34,N,STAT,2024-01-17 12:35,2024-01-17 12:54,2024-01-17 13:48
LAB701346,ENC100582,PT13546,BNP,B-Type Natriuretic Peptide,1650,pg/mL,0,100,H,Routine,2024-01-17 12:28,2024-01-17 12:57,2024-01-17 15:37
LAB701347,ENC100585,PT12696,LDL,LDL Cholesterol,118,mg/dL,0,99,H,Routine,2024-01-17 12:21,2024-01-17 12:56,2024-01-18 02:18
LAB701348,ENC100587,PT13488,GLU,Glucose,263,mg/dL,70,99,H,Routine,2024-01-17 13:28,2024-01-17 13:45,2024-01-17 14:53
LAB701349,ENC100587,PT13488,CREAT,Creatinine,0.77,mg/dL,0.6,1.3,N,Routine,2024-01-17 13:45,2024-01-17 13:56,2024-01-17 15:52
LAB701350,ENC100587,PT13488,WBC,White Blood Cell Count,6.9,K/uL,4.5,11,N,Routine,2024-01-17 13:06,2024-01-17 13:37,2024-01-17 18:54
LAB701351,ENC100587,PT13488,HGB,Hemoglobin,14.8,g/dL,12,17.5,N,STAT,2024-01-17 12:44,2024-01-17 13:18,2024-01-17 14:05
LAB701352,ENC100587,PT13488,TROP,"Troponin I, High Sensitivity",1,ng/L,0,34,N,STAT,2024-01-17 12:44,2024-01-17 13:19,2024-01-17 13:51
LAB701353,ENC100590,PT11489,LDL,LDL Cholesterol,140,mg/dL,0,99,H,Routine,2024-01-17 13:40,2024-01-17 14:06,2024-01-18 04:40
LAB701354,ENC100590,PT11489,A1C,Hemoglobin A1c,7.6,%,4,5.6,H,Routine,2024-01-17 13:22,2024-01-17 13:49,2024-01-18 20:35
LAB701355,ENC100590,PT11489,TSH,Thyroid Stimulating Hormone,1.09,mIU/L,0.4,4,N,Routine,2024-01-17 13:33,2024-01-17 14:05,2024-01-17 20:23
LAB701356,ENC100591,PT11481,GLU,Glucose,154,mg/dL,70,99,H,STAT,2024-01-17 14:08,2024-01-17 14:29,2024-01-17 15:06
LAB701357,ENC100591,PT11481,CREAT,Creatinine,1.35,mg/dL,0.6,1.3,H,STAT,2024-01-17 14:02,2024-01-17 14:31,2024-01-17 15:46
LAB701358,ENC100591,PT11481,WBC,White Blood Cell Count,7.5,K/uL,4.5,11,N,Routine,2024-01-17 14:29,2024-01-17 14:57,2024-01-17 16:59
LAB701359,ENC100591,PT11481,HGB,Hemoglobin,12.1,g/dL,12,17.5,N,Routine,2024-01-17 13:48,2024-01-17 13:55,2024-01-17 16:10
LAB701360,ENC100591,PT11481,NA,Sodium,139,mmol/L,136,145,N,STAT,2024-01-17 14:38,2024-01-17 14:47,2024-01-17 15:52
LAB701361,ENC100591,PT11481,K,Potassium,4.2,mmol/L,3.5,5.1,N,STAT,2024-01-17 14:29,2024-01-17 14:35,2024-01-17 16:12
LAB701362,ENC100592,PT10952,GLU,Glucose,105,mg/dL,70,99,H,Routine,2024-01-17 13:51,2024-01-17 14:17,2024-01-17 16:31
LAB701363,ENC100592,PT10952,CREAT,Creatinine,0.82,mg/dL,0.6,1.3,N,STAT,2024-01-17 13:43,2024-01-17 13:53,2024-01-17 14:21
LAB701364,ENC100592,PT10952,WBC,White Blood Cell Count,10.1,K/uL,4.5,11,N,STAT,2024-01-17 14:19,2024-01-17 14:42,2024-01-17 15:57
LAB701365,ENC100592,PT10952,HGB,Hemoglobin,13.4,g/dL,12,17.5,N,Routine,2024-01-17 13:59,2024-01-17 14:30,2024-01-17 15:55
LAB701366,ENC100592,PT10952,NA,Sodium,141,mmol/L,136,145,N,Routine,2024-01-17 13:41,2024-01-17 14:14,2024-01-17 16:08
LAB701367,ENC100592,PT10952,K,Potassium,4,mmol/L,3.5,5.1,N,STAT,2024-01-17 14:22,2024-01-17 14:50,2024-01-17 15:50
LAB701368,ENC100593,PT12097,GLU,Glucose,128,mg/dL,70,99,H,STAT,2024-01-17 16:31,2024-01-17 16:43,2024-01-17 18:10
LAB701369,ENC100593,PT12097,CREAT,Creatinine,1.17,mg/dL,0.6,1.3,N,STAT,2024-01-17 16:31,2024-01-17 16:41,2024-01-17 17:40
LAB701370,ENC100593,PT12097,WBC,White Blood Cell Count,7.4,K/uL,4.5,11,N,STAT,2024-01-17 17:15,2024-01-17 17:48,2024-01-17 18:14
LAB701371,ENC100593,PT12097,HGB,Hemoglobin,14,g/dL,12,17.5,N,STAT,2024-01-17 16:46,2024-01-17 17:02,2024-01-17 18:09
LAB701372,ENC100595,PT12598,GLU,Glucose,206,mg/dL,70,99,H,STAT,2024-01-17 18:29,2024-01-17 18:53,2024-01-17 19:46
LAB701373,ENC100595,PT12598,CREAT,Creatinine,0.98,mg/dL,0.6,1.3,N,STAT,2024-01-17 19:00,2024-01-17 19:19,2024-01-17 20:09
LAB701374,ENC100595,PT12598,WBC,White Blood Cell Count,6.4,K/uL,4.5,11,N,STAT,2024-01-17 19:10,2024-01-17 19:22,2024-01-17 20:30
LAB701375,ENC100595,PT12598,HGB,Hemoglobin,14,g/dL,12,17.5,N,STAT,2024-01-17 18:36,2024-01-17 19:00,2024-01-17 21:50
LAB701376,ENC100595,PT12598,INR,Prothrombin Time INR,1,ratio,0.8,1.2,N,Routine,2024-01-17 18:24,2024-01-17 18:34,2024-01-17 23:25
LAB701377,ENC100596,PT11156,GLU,Glucose,105,mg/dL,70,99,H,Routine,2024-01-17 15:10,2024-01-17 15:29,2024-01-17 20:01
LAB701378,ENC100596,PT11156,CREAT,Creatinine,1.46,mg/dL,0.6,1.3,H,Routine,2024-01-17 14:30,2024-01-17 14:51,2024-01-17 22:07
LAB701379,ENC100597,PT10691,LDL,LDL Cholesterol,162,mg/dL,0,99,H,Routine,2024-01-17 14:40,2024-01-17 14:47,2024-01-17 23:39
LAB701380,ENC100598,PT13231,A1C,Hemoglobin A1c,8.5,%,4,5.6,H,Routine,2024-01-17 14:38,2024-01-17 14:45,2024-01-18 08:07
LAB701381,ENC100599,PT12285,GLU,Glucose,74,mg/dL,70,99,N,STAT,2024-01-17 16:18,2024-01-17 16:36,2024-01-17 18:02
LAB701382,ENC100599,PT12285,CREAT,Creatinine,0.42,mg/dL,0.6,1.3,L,Routine,2024-01-17 16:40,2024-01-17 16:51,2024-01-17 17:57
LAB701383,ENC100599,PT12285,WBC,White Blood Cell Count,8.9,K/uL,4.5,11,N,STAT,2024-01-17 16:23,2024-01-17 16:53,2024-01-17 17:17
LAB701384,ENC100599,PT12285,HGB,Hemoglobin,11.8,g/dL,12,17.5,L,Routine,2024-01-17 16:16,2024-01-17 16:41,2024-01-17 18:57
LAB701385,ENC100601,PT11571,GLU,Glucose,110,mg/dL,70,99,H,Routine,2024-01-17 16:33,2024-01-17 16:44,2024-01-17 19:36
LAB701386,ENC100601,PT11571,CREAT,Creatinine,0.9,mg/dL,0.6,1.3,N,STAT,2024-01-17 16:44,2024-01-17 16:54,2024-01-17 17:40
LAB701387,ENC100601,PT11571,WBC,White Blood Cell Count,4,K/uL,4.5,11,L,STAT,2024-01-17 16:28,2024-01-17 16:52,2024-01-17 18:19
LAB701388,ENC100601,PT11571,HGB,Hemoglobin,11.9,g/dL,12,17.5,L,STAT,2024-01-17 17:19,2024-01-17 17:40,2024-01-17 18:29
LAB701389,ENC100601,PT11571,NA,Sodium,140,mmol/L,136,145,N,Routine,2024-01-17 16:42,2024-01-17 17:08,2024-01-17 19:14
LAB701390,ENC100601,PT11571,K,Potassium,4.1,mmol/L,3.5,5.1,N,STAT,2024-01-17 16:42,2024-01-17 17:07,2024-01-17 17:50
LAB701391,ENC100601,PT11571,TROP,"Troponin I, High Sensitivity",11,ng/L,0,34,N,STAT,2024-01-17 16:56,2024-01-17 17:17,2024-01-17 17:49
LAB701392,ENC100603,PT11650,GLU,Glucose,163,mg/dL,70,99,H,Routine,2024-01-17 18:44,2024-01-17 19:10,2024-01-17 22:35
LAB701393,ENC100603,PT11650,CREAT,Creatinine,1.24,mg/dL,0.6,1.3,N,Routine,2024-01-17 18:46,2024-01-17 18:53,2024-01-17 19:49
LAB701394,ENC100605,PT11897,GLU,Glucose,221,mg/dL,70,99,H,STAT,2024-01-17 23:31,2024-01-17 23:54,2024-01-18 00:39
LAB701395,ENC100605,PT11897,CREAT,Creatinine,0.83,mg/dL,0.6,1.3,N,STAT,2024-01-17 23:40,2024-01-17 23:47,2024-01-18 00:49
LAB701396,ENC100605,PT11897,WBC,White Blood Cell Count,7,K/uL,4.5,11,N,STAT,2024-01-17 22:52,2024-01-17 23:23,2024-01-18 00:24
LAB701397,ENC100605,PT11897,HGB,Hemoglobin,10.8,g/dL,12,17.5,L,STAT,2024-01-17 23:05,2024-01-17 23:12,2024-01-18 00:05
LAB701398,ENC100606,PT10382,GLU,Glucose,103,mg/dL,70,99,H,Routine,2024-01-17 19:12,2024-01-17 19:32,2024-01-17 21:53
LAB701399,ENC100606,PT10382,CREAT,Creatinine,0.37,mg/dL,0.6,1.3,L,STAT,2024-01-17 19:49,2024-01-17 20:24,2024-01-17 21:10
LAB701400,ENC100606,PT10382,WBC,White Blood Cell Count,6.7,K/uL,4.5,11,N,STAT,2024-01-17 19:46,2024-01-17 20:10,2024-01-17 20:52
LAB701401,ENC100609,PT13517,GLU,Glucose,257,mg/dL,70,99,H,STAT,2024-01-17 23:22,2024-01-17 23:29,2024-01-18 00:28
LAB701402,ENC100609,PT13517,CREAT,Creatinine,0.99,mg/dL,0.6,1.3,N,STAT,2024-01-18 00:12,2024-01-18 00:29,2024-01-18 01:13
LAB701403,ENC100609,PT13517,WBC,White Blood Cell Count,7.5,K/uL,4.5,11,N,STAT,2024-01-17 23:09,2024-01-17 23:44,2024-01-18 00:37
LAB701404,ENC100609,PT13517,HGB,Hemoglobin,16.9,g/dL,12,17.5,N,STAT,2024-01-17 23:13,2024-01-17 23:35,2024-01-18 00:32
LAB701405,ENC100611,PT11637,GLU,Glucose,104,mg/dL,70,99,H,STAT,2024-01-18 01:21,2024-01-18 01:33,2024-01-18 02:02
LAB701406,ENC100611,PT11637,CREAT,Creatinine,1.37,mg/dL,0.6,1.3,H,STAT,2024-01-18 00:57,2024-01-18 01:29,2024-01-18 02:07
LAB701407,ENC100611,PT11637,WBC,White Blood Cell Count,10.5,K/uL,4.5,11,N,STAT,2024-01-18 00:59,2024-01-18 01:19,2024-01-18 02:04
LAB701408,ENC100611,PT11637,HGB,Hemoglobin,15.7,g/dL,12,17.5,N,Routine,2024-01-18 00:57,2024-01-18 01:30,2024-01-18 02:55
LAB701409,ENC100612,PT11957,GLU,Glucose,97,mg/dL,70,99,N,STAT,2024-01-18 04:38,2024-01-18 05:05,2024-01-18 05:31
LAB701410,ENC100612,PT11957,CREAT,Creatinine,2.1,mg/dL,0.6,1.3,H,STAT,2024-01-18 05:04,2024-01-18 05:21,2024-01-18 05:53
LAB701411,ENC100612,PT11957,WBC,White Blood Cell Count,10.1,K/uL,4.5,11,N,Routine,2024-01-18 05:02,2024-01-18 05:11,2024-01-18 06:41
LAB701412,ENC100612,PT11957,HGB,Hemoglobin,10.6,g/dL,12,17.5,L,STAT,2024-01-18 04:59,2024-01-18 05:23,2024-01-18 06:10
LAB701413,ENC100613,PT12818,GLU,Glucose,90,mg/dL,70,99,N,Routine,2024-01-18 07:51,2024-01-18 08:04,2024-01-18 11:55
LAB701414,ENC100613,PT12818,CREAT,Creatinine,1.02,mg/dL,0.6,1.3,N,Routine,2024-01-18 06:57,2024-01-18 07:15,2024-01-18 08:55
LAB701415,ENC100613,PT12818,WBC,White Blood Cell Count,9.5,K/uL,4.5,11,N,STAT,2024-01-18 07:48,2024-01-18 08:22,2024-01-18 09:10
LAB701416,ENC100613,PT12818,HGB,Hemoglobin,10.3,g/dL,12,17.5,L,STAT,2024-01-18 07:32,2024-01-18 07:45,2024-01-18 08:32
LAB701417,ENC100613,PT12818,LACT,Lactate,2.6,mmol/L,0.5,2,H,STAT,2024-01-18 07:31,2024-01-18 07:46,2024-01-18 08:28
LAB701418,ENC100615,PT11418,GLU,Glucose,93,mg/dL,70,99,N,Routine,2024-01-18 04:55,2024-01-18 05:21,2024-01-18 09:38
LAB701419,ENC100615,PT11418,CREAT,Creatinine,0.84,mg/dL,0.6,1.3,N,STAT,2024-01-18 04:14,2024-01-18 04:23,2024-01-18 05:29
LAB701420,ENC100615,PT11418,WBC,White Blood Cell Count,3.8,K/uL,4.5,11,L,STAT,2024-01-18 04:37,2024-01-18 04:54,2024-01-18 05:34
LAB701421,ENC100615,PT11418,HGB,Hemoglobin,17.6,g/dL,12,17.5,H,Routine,2024-01-18 04:33,2024-01-18 04:42,2024-01-18 06:46
LAB701422,ENC100615,PT11418,NA,Sodium,137,mmol/L,136,145,N,Routine,2024-01-18 04:42,2024-01-18 05:07,2024-01-18 06:37
LAB701423,ENC100615,PT11418,K,Potassium,4.1,mmol/L,3.5,5.1,N,STAT,2024-01-18 05:05,2024-01-18 05:26,2024-01-18 06:41
LAB701424,ENC100619,PT11197,GLU,Glucose,100,mg/dL,70,99,H,Routine,2024-01-18 12:03,2024-01-18 12:32,2024-01-18 15:32
LAB701425,ENC100619,PT11197,CREAT,Creatinine,1.04,mg/dL,0.6,1.3,N,STAT,2024-01-18 11:35,2024-01-18 11:58,2024-01-18 12:38
LAB701426,ENC100619,PT11197,WBC,White Blood Cell Count,5.6,K/uL,4.5,11,N,STAT,2024-01-18 12:23,2024-01-18 12:45,2024-01-18 13:43
LAB701427,ENC100619,PT11197,HGB,Hemoglobin,14.2,g/dL,12,17.5,N,Routine,2024-01-18 11:16,2024-01-18 11:25,2024-01-18 15:48
LAB701428,ENC100620,PT13970,LDL,LDL Cholesterol,83,mg/dL,0,99,N,Routine,2024-01-18 08:42,2024-01-18 09:10,2024-01-18 19:09
LAB701429,ENC100620,PT13970,A1C,Hemoglobin A1c,5,%,4,5.6,N,Routine,2024-01-18 08:36,2024-01-18 08:40,2024-01-18 20:04
LAB701430,ENC100620,PT13970,TSH,Thyroid Stimulating Hormone,1.09,mIU/L,0.4,4,N,Routine,2024-01-18 08:50,2024-01-18 09:05,2024-01-18 21:05
LAB701431,ENC100622,PT13406,GLU,Glucose,83,mg/dL,70,99,N,STAT,2024-01-18 10:01,2024-01-18 10:36,2024-01-18 11:15
LAB701432,ENC100622,PT13406,CREAT,Creatinine,1.09,mg/dL,0.6,1.3,N,Routine,2024-01-18 10:13,2024-01-18 10:35,2024-01-18 15:28
LAB701433,ENC100622,PT13406,WBC,White Blood Cell Count,7.5,K/uL,4.5,11,N,Routine,2024-01-18 09:18,2024-01-18 09:44,2024-01-18 14:04
LAB701434,ENC100622,PT13406,HGB,Hemoglobin,10,g/dL,12,17.5,L,STAT,2024-01-18 10:19,2024-01-18 10:35,2024-01-18 10:55
LAB701435,ENC100623,PT11786,GLU,Glucose,104,mg/dL,70,99,H,Routine,2024-01-18 09:57,2024-01-18 10:19,2024-01-18 13:04
LAB701436,ENC100623,PT11786,CREAT,Creatinine,0.55,mg/dL,0.6,1.3,L,STAT,2024-01-18 09:45,2024-01-18 10:12,2024-01-18 11:05
LAB701437,ENC100624,PT10821,INR,Prothrombin Time INR,1,ratio,0.8,1.2,N,Routine,2024-01-18 10:48,2024-01-18 11:11,2024-01-18 13:55
LAB701438,ENC100625,PT11514,GLU,Glucose,113,mg/dL,70,99,H,STAT,2024-01-18 14:12,2024-01-18 14:34,2024-01-18 15:08
LAB701439,ENC100625,PT11514,CREAT,Creatinine,1.1,mg/dL,0.6,1.3,N,Routine,2024-01-18 14:10,2024-01-18 14:15,2024-01-18 20:47
LAB701440,ENC100625,PT11514,WBC,White Blood Cell Count,6.8,K/uL,4.5,11,N,STAT,2024-01-18 14:12,2024-01-18 14:37,2024-01-18 14:55
LAB701441,ENC100625,PT11514,HGB,Hemoglobin,10.7,g/dL,12,17.5,L,STAT,2024-01-18 14:51,2024-01-18 15:13,2024-01-18 15:45
LAB701442,ENC100625,PT11514,BUN,Blood Urea Nitrogen,12,mg/dL,7,20,N,STAT,2024-01-18 14:08,2024-01-18 14:31,2024-01-18 16:16
LAB701443,ENC100625,PT11514,PLT,Platelet Count,273,K/uL,150,400,N,Routine,2024-01-18 14:30,2024-01-18 14:46,2024-01-18 17:13
LAB701444,ENC100625,PT11514,LACT,Lactate,2.5,mmol/L,0.5,2,H,STAT,2024-01-18 14:22,2024-01-18 14:26,2024-01-18 15:20
LAB701445,ENC100625,PT11514,INR,Prothrombin Time INR,1.1,ratio,0.8,1.2,N,STAT,2024-01-18 14:49,2024-01-18 15:03,2024-01-18 16:18
LAB701446,ENC100629,PT11355,GLU,Glucose,88,mg/dL,70,99,N,STAT,2024-01-18 14:39,2024-01-18 15:09,2024-01-18 16:06
LAB701447,ENC100629,PT11355,CREAT,Creatinine,1.09,mg/dL,0.6,1.3,N,Routine,2024-01-18 15:13,2024-01-18 15:46,2024-01-18 18:14
LAB701448,ENC100629,PT11355,WBC,White Blood Cell Count,12.8,K/uL,4.5,11,H,STAT,2024-01-18 14:48,2024-01-18 14:59,2024-01-18 15:33
LAB701449,ENC100629,PT11355,HGB,Hemoglobin,15.4,g/dL,12,17.5,N,STAT,2024-01-18 15:25,2024-01-18 15:36,2024-01-18 16:08
LAB701450,ENC100632,PT11985,GLU,Glucose,109,mg/dL,70,99,H,Routine,2024-01-18 12:59,2024-01-18 13:08,2024-01-18 17:42
LAB701451,ENC100632,PT11985,CREAT,Creatinine,1,mg/dL,0.6,1.3,N,Routine,2024-01-18 13:30,2024-01-18 13:51,2024-01-18 19:01
LAB701452,ENC100632,PT11985,WBC,White Blood Cell Count,2.3,K/uL,4.5,11,L,Routine,2024-01-18 13:22,2024-01-18 13:39,2024-01-18 17:43
LAB701453,ENC100632,PT11985,HGB,Hemoglobin,12.1,g/dL,12,17.5,N,STAT,2024-01-18 12:43,2024-01-18 13:01,2024-01-18 14:07
LAB701454,ENC100632,PT11985,NA,Sodium,140,mmol/L,136,145,N,STAT,2024-01-18 12:38,2024-01-18 13:11,2024-01-18 13:58
LAB701455,ENC100632,PT11985,K,Potassium,4.5,mmol/L,3.5,5.1,N,STAT,2024-01-18 13:25,2024-01-18 13:31,2024-01-18 14:18
LAB701456,ENC100640,PT12883,LDL,LDL Cholesterol,161,mg/dL,0,99,H,Routine,2024-01-18 14:19,2024-01-18 14:28,2024-01-19 05:38
LAB701457,ENC100640,PT12883,A1C,Hemoglobin A1c,6.7,%,4,5.6,H,Routine,2024-01-18 14:08,2024-01-18 14:25,2024-01-19 09:52
LAB701458,ENC100644,PT13028,GLU,Glucose,217,mg/dL,70,99,H,STAT,2024-01-18 16:03,2024-01-18 16:30,2024-01-18 16:52
LAB701459,ENC100644,PT13028,CREAT,Creatinine,1.93,mg/dL,0.6,1.3,H,Routine,2024-01-18 15:34,2024-01-18 15:49,2024-01-18 17:06
LAB701460,ENC100644,PT13028,WBC,White Blood Cell Count,8.6,K/uL,4.5,11,N,Routine,2024-01-18 15:52,2024-01-18 16:17,2024-01-18 18:38
LAB701461,ENC100644,PT13028,HGB,Hemoglobin,10.9,g/dL,12,17.5,L,Routine,2024-01-18 15:57,2024-01-18 16:18,2024-01-18 20:38
LAB701462,ENC100644,PT13028,TROP,"Troponin I, High Sensitivity",0,ng/L,0,34,N,STAT,2024-01-18 15:34,2024-01-18 15:40,2024-01-18 16:17
LAB701463,ENC100644,PT13028,BNP,B-Type Natriuretic Peptide,1008,pg/mL,0,100,H,Routine,2024-01-18 15:01,2024-01-18 15:14,2024-01-18 18:02
LAB701464,ENC100645,PT10994,GLU,Glucose,107,mg/dL,70,99,H,Routine,2024-01-18 21:09,2024-01-18 21:30,2024-01-18 23:36
LAB701465,ENC100645,PT10994,CREAT,Creatinine,0.43,mg/dL,0.6,1.3,L,STAT,2024-01-18 20:33,2024-01-18 21:00,2024-01-18 21:41
LAB701466,ENC100645,PT10994,WBC,White Blood Cell Count,6.3,K/uL,4.5,11,N,STAT,2024-01-18 21:16,2024-01-18 21:22,2024-01-18 23:12
LAB701467,ENC100645,PT10994,HGB,Hemoglobin,14.3,g/dL,12,17.5,N,STAT,2024-01-18 20:22,2024-01-18 20:57,2024-01-18 21:29
LAB701468,ENC100645,PT10994,BUN,Blood Urea Nitrogen,21,mg/dL,7,20,H,STAT,2024-01-18 20:36,2024-01-18 20:53,2024-01-18 21:43
LAB701469,ENC100645,PT10994,PLT,Platelet Count,315,K/uL,150,400,N,STAT,2024-01-18 20:50,2024-01-18 21:25,2024-01-18 22:43
LAB701470,ENC100646,PT10796,GLU,Glucose,143,mg/dL,70,99,H,Routine,2024-01-18 18:17,2024-01-18 18:51,2024-01-18 23:59
LAB701471,ENC100646,PT10796,CREAT,Creatinine,1.09,mg/dL,0.6,1.3,N,STAT,2024-01-18 17:33,2024-01-18 17:37,2024-01-18 18:12
LAB701472,ENC100646,PT10796,WBC,White Blood Cell Count,5.8,K/uL,4.5,11,N,Routine,2024-01-18 18:17,2024-01-18 18:41,2024-01-18 21:42
LAB701473,ENC100646,PT10796,HGB,Hemoglobin,12.8,g/dL,12,17.5,N,Routine,2024-01-18 18:14,2024-01-18 18:28,2024-01-19 00:22
LAB701474,ENC100647,PT11560,GLU,Glucose,463,mg/dL,70,99,H,STAT,2024-01-18 18:44,2024-01-18 19:03,2024-01-18 19:31
LAB701475,ENC100647,PT11560,CREAT,Creatinine,1.09,mg/dL,0.6,1.3,N,STAT,2024-01-18 18:09,2024-01-18 18:23,2024-01-18 18:59
LAB701476,ENC100647,PT11560,A1C,Hemoglobin A1c,9.8,%,4,5.6,H,Routine,2024-01-18 18:59,2024-01-18 19:22,2024-01-19 12:50
LAB701477,ENC100648,PT10644,GLU,Glucose,54,mg/dL,70,99,L,STAT,2024-01-18 20:58,2024-01-18 21:07,2024-01-18 21:55
LAB701478,ENC100648,PT10644,CREAT,Creatinine,0.82,mg/dL,0.6,1.3,N,Routine,2024-01-18 21:19,2024-01-18 21:34,2024-01-18 22:43
LAB701479,ENC100648,PT10644,WBC,White Blood Cell Count,10.5,K/uL,4.5,11,N,Routine,2024-01-18 20:59,2024-01-18 21:11,2024-01-19 01:57
LAB701480,ENC100648,PT10644,HGB,Hemoglobin,12.5,g/dL,12,17.5,N,STAT,2024-01-18 20:47,2024-01-18 21:21,2024-01-18 22:29
LAB701481,ENC100648,PT10644,NA,Sodium,140,mmol/L,136,145,N,Routine,2024-01-18 21:31,2024-01-18 21:35,2024-01-18 22:54
LAB701482,ENC100648,PT10644,K,Potassium,4,mmol/L,3.5,5.1,N,STAT,2024-01-18 21:29,2024-01-18 22:03,2024-01-18 22:37
LAB701483,ENC100649,PT13922,GLU,Glucose,104,mg/dL,70,99,H,Routine,2024-01-19 00:23,2024-01-19 00:50,2024-01-19 03:13
LAB701484,ENC100649,PT13922,CREAT,Creatinine,0.73,mg/dL,0.6,1.3,N,Routine,2024-01-19 00:38,2024-01-19 00:55,2024-01-19 03:06
LAB701485,ENC100649,PT13922,WBC,White Blood Cell Count,9.5,K/uL,4.5,11,N,STAT,2024-01-19 00:33,2024-01-19 01:08,2024-01-19 02:28
LAB701486,ENC100649,PT13922,HGB,Hemoglobin,15.2,g/dL,12,17.5,N,STAT,2024-01-19 00:07,2024-01-19 00:38,2024-01-19 01:17
LAB701487,ENC100650,PT11135,GLU,Glucose,106,mg/dL,70,99,H,STAT,2024-01-18 21:46,2024-01-18 22:12,2024-01-18 23:29
LAB701488,ENC100650,PT11135,CREAT,Creatinine,2.09,mg/dL,0.6,1.3,H,STAT,2024-01-18 21:43,2024-01-18 21:50,2024-01-18 22:27
LAB701489,ENC100650,PT11135,WBC,White Blood Cell Count,8.8,K/uL,4.5,11,N,Routine,2024-01-18 21:41,2024-01-18 22:12,2024-01-19 01:33
LAB701490,ENC100650,PT11135,HGB,Hemoglobin,12.5,g/dL,12,17.5,N,STAT,2024-01-18 21:21,2024-01-18 21:51,2024-01-18 22:31
LAB701491,ENC100653,PT13686,GLU,Glucose,468,mg/dL,70,99,H,Routine,2024-01-19 00:10,2024-01-19 00:44,2024-01-19 05:05
LAB701492,ENC100653,PT13686,CREAT,Creatinine,0.59,mg/dL,0.6,1.3,L,STAT,2024-01-19 00:28,2024-01-19 00:45,2024-01-19 01:29
LAB701493,ENC100653,PT13686,WBC,White Blood Cell Count,7.9,K/uL,4.5,11,N,STAT,2024-01-19 01:01,2024-01-19 01:22,2024-01-19 02:10
LAB701494,ENC100653,PT13686,A1C,Hemoglobin A1c,12.4,%,4,5.6,H,STAT,2024-01-19 01:04,2024-01-19 01:27,2024-01-19 02:57
LAB701495,ENC100654,PT12815,GLU,Glucose,120,mg/dL,70,99,H,STAT,2024-01-19 06:16,2024-01-19 06:34,2024-01-19 07:38
LAB701496,ENC100654,PT12815,CREAT,Creatinine,0.93,mg/dL,0.6,1.3,N,STAT,2024-01-19 06:24,2024-01-19 06:44,2024-01-19 08:22
LAB701497,ENC100654,PT12815,WBC,White Blood Cell Count,8.5,K/uL,4.5,11,N,STAT,2024-01-19 05:40,2024-01-19 06:11,2024-01-19 06:42
LAB701498,ENC100654,PT12815,HGB,Hemoglobin,11.9,g/dL,12,17.5,L,Routine,2024-01-19 06:11,2024-01-19 06:18,2024-01-19 12:28
LAB701499,ENC100655,PT10448,GLU,Glucose,107,mg/dL,70,99,H,STAT,2024-01-19 06:46,2024-01-19 07:16,2024-01-19 08:12
LAB701500,ENC100655,PT10448,CREAT,Creatinine,0.98,mg/dL,0.6,1.3,N,STAT,2024-01-19 06:45,2024-01-19 06:50,2024-01-19 08:07
LAB701501,ENC100655,PT10448,WBC,White Blood Cell Count,7.1,K/uL,4.5,11,N,Routine,2024-01-19 06:00,2024-01-19 06:26,2024-01-19 09:04
LAB701502,ENC100655,PT10448,HGB,Hemoglobin,11.9,g/dL,12,17.5,L,STAT,2024-01-19 06:18,2024-01-19 06:27,2024-01-19 07:26
LAB701503,ENC100655,PT10448,NA,Sodium,142,mmol/L,136,145,N,STAT,2024-01-19 06:13,2024-01-19 06:38,2024-01-19 06:56
LAB701504,ENC100655,PT10448,K,Potassium,4.1,mmol/L,3.5,5.1,N,STAT,2024-01-19 05:51,2024-01-19 06:04,2024-01-19 07:04
LAB701505,ENC100655,PT10448,BUN,Blood Urea Nitrogen,7,mg/dL,7,20,N,STAT,2024-01-19 06:15,2024-01-19 06:29,2024-01-19 07:02
LAB701506,ENC100655,PT10448,PLT,Platelet Count,245,K/uL,150,400,N,STAT,2024-01-19 06:30,2024-01-19 06:52,2024-01-19 07:42
LAB701507,ENC100658,PT13823,GLU,Glucose,118,mg/dL,70,99,H,STAT,2024-01-19 12:25,2024-01-19 12:37,2024-01-19 12:58
LAB701508,ENC100658,PT13823,CREAT,Creatinine,0.9,mg/dL,0.6,1.3,N,STAT,2024-01-19 12:37,2024-01-19 13:00,2024-01-19 14:36
LAB701509,ENC100658,PT13823,WBC,White Blood Cell Count,18.4,K/uL,4.5,11,H,STAT,2024-01-19 12:24,2024-01-19 12:58,2024-01-19 13:36
LAB701510,ENC100658,PT13823,HGB,Hemoglobin,14.8,g/dL,12,17.5,N,STAT,2024-01-19 12:44,2024-01-19 12:53,2024-01-19 14:17
LAB701511,ENC100658,PT13823,NA,Sodium,142,mmol/L,136,145,N,STAT,2024-01-19 13:18,2024-01-19 13:41,2024-01-19 14:32
LAB701512,ENC100658,PT13823,K,Potassium,4.3,mmol/L,3.5,5.1,N,STAT,2024-01-19 12:51,2024-01-19 13:21,2024-01-19 14:01
LAB701513,ENC100658,PT13823,BUN,Blood Urea Nitrogen,17,mg/dL,7,20,N,STAT,2024-01-19 12:14,2024-01-19 12:33,2024-01-19 13:11
LAB701514,ENC100658,PT13823,PLT,Platelet Count,312,K/uL,150,400,N,Routine,2024-01-19 13:07,2024-01-19 13:40,2024-01-19 16:06
LAB701515,ENC100661,PT13428,LDL,LDL Cholesterol,78,mg/dL,0,99,N,Routine,2024-01-19 09:23,2024-01-19 09:39,2024-01-20 05:23
LAB701516,ENC100662,PT12524,A1C,Hemoglobin A1c,7.3,%,4,5.6,H,Routine,2024-01-19 10:51,2024-01-19 11:15,2024-01-19 21:03
LAB701517,ENC100662,PT12524,GLU,Glucose,217,mg/dL,70,99,H,Routine,2024-01-19 10:40,2024-01-19 11:10,2024-01-19 12:54
LAB701518,ENC100662,PT12524,CREAT,Creatinine,0.69,mg/dL,0.6,1.3,N,Routine,2024-01-19 10:37,2024-01-19 11:01,2024-01-19 19:42
LAB701519,ENC100663,PT10092,A1C,Hemoglobin A1c,8.5,%,4,5.6,H,Routine,2024-01-19 11:05,2024-01-19 11:16,2024-01-19 19:35
LAB701520,ENC100663,PT10092,GLU,Glucose,370,mg/dL,70,99,H,Routine,2024-01-19 11:02,2024-01-19 11:34,2024-01-19 14:22
LAB701521,ENC100663,PT10092,CREAT,Creatinine,1.05,mg/dL,0.6,1.3,N,Routine,2024-01-19 11:03,2024-01-19 11:29,2024-01-19 18:22
LAB701522,ENC100664,PT13738,WBC,White Blood Cell Count,4.8,K/uL,4.5,11,N,Routine,2024-01-19 11:19,2024-01-19 11:28,2024-01-19 18:48
LAB701523,ENC100664,PT13738,HGB,Hemoglobin,15.9,g/dL,12,17.5,N,Routine,2024-01-19 11:08,2024-01-19 11:43,2024-01-19 15:07
LAB701524,ENC100664,PT13738,PLT,Platelet Count,252,K/uL,150,400,N,Routine,2024-01-19 11:15,2024-01-19 11:20,2024-01-19 17:13
LAB701525,ENC100665,PT11930,A1C,Hemoglobin A1c,5.5,%,4,5.6,N,Routine,2024-01-19 11:22,2024-01-19 11:39,2024-01-20 02:44
LAB701526,ENC100665,PT11930,GLU,Glucose,116,mg/dL,70,99,H,Routine,2024-01-19 11:22,2024-01-19 11:37,2024-01-19 13:55
LAB701527,ENC100665,PT11930,CREAT,Creatinine,1.11,mg/dL,0.6,1.3,N,Routine,2024-01-19 11:41,2024-01-19 11:50,2024-01-19 14:56
LAB701528,ENC100666,PT10686,GLU,Glucose,95,mg/dL,70,99,N,STAT,2024-01-19 14:09,2024-01-19 14:13,2024-01-19 15:00
LAB701529,ENC100666,PT10686,CREAT,Creatinine,1.03,mg/dL,0.6,1.3,N,Routine,2024-01-19 14:09,2024-01-19 14:31,2024-01-19 17:17
LAB701530,ENC100666,PT10686,WBC,White Blood Cell Count,5.7,K/uL,4.5,11,N,STAT,2024-01-19 13:43,2024-01-19 14:12,2024-01-19 14:49
LAB701531,ENC100666,PT10686,HGB,Hemoglobin,15,g/dL,12,17.5,N,STAT,2024-01-19 14:22,2024-01-19 14:26,2024-01-19 15:06
LAB701532,ENC100670,PT13307,GLU,Glucose,96,mg/dL,70,99,N,Routine,2024-01-19 17:45,2024-01-19 17:56,2024-01-19 20:38
LAB701533,ENC100670,PT13307,CREAT,Creatinine,1.11,mg/dL,0.6,1.3,N,Routine,2024-01-19 17:22,2024-01-19 17:40,2024-01-20 00:51
LAB701534,ENC100670,PT13307,WBC,White Blood Cell Count,16.7,K/uL,4.5,11,H,STAT,2024-01-19 17:08,2024-01-19 17:35,2024-01-19 18:06
LAB701535,ENC100670,PT13307,HGB,Hemoglobin,14.4,g/dL,12,17.5,N,STAT,2024-01-19 17:03,2024-01-19 17:12,2024-01-19 17:57
LAB701536,ENC100672,PT12966,GLU,Glucose,85,mg/dL,70,99,N,STAT,2024-01-19 19:13,2024-01-19 19:26,2024-01-19 21:27
LAB701537,ENC100672,PT12966,CREAT,Creatinine,0.75,mg/dL,0.6,1.3,N,Routine,2024-01-19 19:11,2024-01-19 19:32,2024-01-19 23:47
LAB701538,ENC100672,PT12966,WBC,White Blood Cell Count,7.5,K/uL,4.5,11,N,STAT,2024-01-19 20:03,2024-01-19 20:35,2024-01-19 21:12
LAB701539,ENC100672,PT12966,HGB,Hemoglobin,12.7,g/dL,12,17.5,N,STAT,2024-01-19 18:55,2024-01-19 19:20,2024-01-19 20:28
LAB701540,ENC100672,PT12966,TROP,"Troponin I, High Sensitivity",10,ng/L,0,34,N,STAT,2024-01-19 19:15,2024-01-19 19:35,2024-01-19 20:36
LAB701541,ENC100672,PT12966,BNP,B-Type Natriuretic Peptide,565,pg/mL,0,100,H,STAT,2024-01-19 19:23,2024-01-19 19:28,2024-01-19 20:22
LAB701542,ENC100673,PT12391,GLU,Glucose,104,mg/dL,70,99,H,Routine,2024-01-19 23:35,2024-01-20 00:10,2024-01-20 03:37
LAB701543,ENC100673,PT12391,CREAT,Creatinine,0.44,mg/dL,0.6,1.3,L,STAT,2024-01-19 23:51,2024-01-20 00:14,2024-01-20 00:53
LAB701544,ENC100673,PT12391,WBC,White Blood Cell Count,8.5,K/uL,4.5,11,N,Routine,2024-01-19 23:08,2024-01-19 23:22,2024-01-20 01:14
LAB701545,ENC100673,PT12391,HGB,Hemoglobin,14.5,g/dL,12,17.5,N,Routine,2024-01-19 23:35,2024-01-19 23:45,2024-01-20 05:04
LAB701546,ENC100675,PT12139,GLU,Glucose,86,mg/dL,70,99,N,STAT,2024-01-19 23:30,2024-01-19 23:50,2024-01-20 00:40
LAB701547,ENC100675,PT12139,CREAT,Creatinine,1.39,mg/dL,0.6,1.3,H,STAT,2024-01-20 00:24,2024-01-20 00:48,2024-01-20 01:38
LAB701548,ENC100675,PT12139,WBC,White Blood Cell Count,10,K/uL,4.5,11,N,STAT,2024-01-19 23:50,2024-01-19 23:56,2024-01-20 00:27
LAB701549,ENC100675,PT12139,HGB,Hemoglobin,12.1,g/dL,12,17.5,N,STAT,2024-01-20 00:18,2024-01-20 00:25,2024-01-20 01:30
LAB701550,ENC100675,PT12139,NA,Sodium,139,mmol/L,136,145,N,STAT,2024-01-20 00:05,2024-01-20 00:31,2024-01-20 01:20
LAB701551,ENC100675,PT12139,K,Potassium,4.3,mmol/L,3.5,5.1,N,STAT,2024-01-19 23:30,2024-01-19 23:54,2024-01-20 00:48
LAB701552,ENC100675,PT12139,INR,Prothrombin Time INR,1.1,ratio,0.8,1.2,N,STAT,2024-01-20 00:10,2024-01-20 00:42,2024-01-20 01:36
LAB701553,ENC100676,PT12322,GLU,Glucose,156,mg/dL,70,99,H,Routine,2024-01-20 01:43,2024-01-20 01:56,2024-01-20 04:01
LAB701554,ENC100676,PT12322,CREAT,Creatinine,0.89,mg/dL,0.6,1.3,N,STAT,2024-01-20 01:51,2024-01-20 02:08,2024-01-20 02:32
LAB701555,ENC100676,PT12322,WBC,White Blood Cell Count,6,K/uL,4.5,11,N,STAT,2024-01-20 01:23,2024-01-20 01:34,2024-01-20 02:49
LAB701556,ENC100676,PT12322,HGB,Hemoglobin,14.4,g/dL,12,17.5,N,STAT,2024-01-20 01:52,2024-01-20 02:02,2024-01-20 02:34
LAB701557,ENC100677,PT11608,GLU,Glucose,82,mg/dL,70,99,N,STAT,2024-01-20 00:13,2024-01-20 00:35,2024-01-20 01:30
LAB701558,ENC100677,PT11608,CREAT,Creatinine,1.05,mg/dL,0.6,1.3,N,Routine,2024-01-20 00:36,2024-01-20 00:53,2024-01-20 04:41
LAB701559,ENC100677,PT11608,WBC,White Blood Cell Count,6.2,K/uL,4.5,11,N,STAT,2024-01-20 01:15,2024-01-20 01:35,2024-01-20 03:24
LAB701560,ENC100677,PT11608,HGB,Hemoglobin,15.9,g/dL,12,17.5,N,Routine,2024-01-20 00:53,2024-01-20 00:57,2024-01-20 04:21
LAB701561,ENC100677,PT11608,TROP,"Troponin I, High Sensitivity",98,ng/L,0,34,H,STAT,2024-01-20 01:11,2024-01-20 01:33,2024-01-20 03:19
LAB701562,ENC100678,PT12196,GLU,Glucose,110,mg/dL,70,99,H,STAT,2024-01-19 23:21,2024-01-19 23:47,2024-01-20 00:37
LAB701563,ENC100678,PT12196,CREAT,Creatinine,0.5,mg/dL,0.6,1.3,L,Routine,2024-01-19 22:45,2024-01-19 23:03,2024-01-20 01:57
LAB701564,ENC100678,PT12196,WBC,White Blood Cell Count,5.4,K/uL,4.5,11,N,STAT,2024-01-19 23:37,2024-01-20 00:10,2024-01-20 00:35
LAB701565,ENC100678,PT12196,HGB,Hemoglobin,14.8,g/dL,12,17.5,N,STAT,2024-01-19 23:31,2024-01-20 00:05,2024-01-20 00:53
LAB701566,ENC100678,PT12196,BUN,Blood Urea Nitrogen,20,mg/dL,7,20,N,STAT,2024-01-19 22:32,2024-01-19 23:07,2024-01-19 23:49
LAB701567,ENC100678,PT12196,PLT,Platelet Count,266,K/uL,150,400,N,STAT,2024-01-19 22:44,2024-01-19 23:03,2024-01-19 23:38
LAB701568,ENC100678,PT12196,TROP,"Troponin I, High Sensitivity",93,ng/L,0,34,H,STAT,2024-01-19 22:44,2024-01-19 22:54,2024-01-19 23:31
LAB701569,ENC100678,PT12196,BNP,B-Type Natriuretic Peptide,1433,pg/mL,0,100,H,STAT,2024-01-19 23:36,2024-01-19 23:50,2024-01-20 01:00
LAB701570,ENC100680,PT11611,GLU,Glucose,77,mg/dL,70,99,N,STAT,2024-01-20 09:45,2024-01-20 09:50,2024-01-20 10:45
LAB701571,ENC100680,PT11611,CREAT,Creatinine,1.07,mg/dL,0.6,1.3,N,STAT,2024-01-20 09:25,2024-01-20 09:57,2024-01-20 10:35
LAB701572,ENC100680,PT11611,WBC,White Blood Cell Count,7.8,K/uL,4.5,11,N,Routine,2024-01-20 09:44,2024-01-20 10:04,2024-01-20 14:51
LAB701573,ENC100680,PT11611,HGB,Hemoglobin,12.2,g/dL,12,17.5,N,STAT,2024-01-20 09:42,2024-01-20 10:12,2024-01-20 11:24
LAB701574,ENC100681,PT10086,GLU,Glucose,137,mg/dL,70,99,H,STAT,2024-01-20 12:25,2024-01-20 12:42,2024-01-20 13:45
LAB701575,ENC100681,PT10086,CREAT,Creatinine,1.18,mg/dL,0.6,1.3,N,Routine,2024-01-20 12:23,2024-01-20 12:58,2024-01-20 14:01
LAB701576,ENC100681,PT10086,WBC,White Blood Cell Count,11.1,K/uL,4.5,11,H,Routine,2024-01-20 13:00,2024-01-20 13:21,2024-01-20 17:10
LAB701577,ENC100681,PT10086,HGB,Hemoglobin,14.5,g/dL,12,17.5,N,STAT,2024-01-20 13:03,2024-01-20 13:20,2024-01-20 13:52
LAB701578,ENC100684,PT11943,GLU,Glucose,178,mg/dL,70,99,H,STAT,2024-01-20 12:20,2024-01-20 12:29,2024-01-20 13:15
LAB701579,ENC100684,PT11943,CREAT,Creatinine,1.07,mg/dL,0.6,1.3,N,STAT,2024-01-20 12:59,2024-01-20 13:04,2024-01-20 13:36
LAB701580,ENC100684,PT11943,WBC,White Blood Cell Count,8.7,K/uL,4.5,11,N,STAT,2024-01-20 12:55,2024-01-20 13:29,2024-01-20 15:02
LAB701581,ENC100685,PT10709,GLU,Glucose,123,mg/dL,70,99,H,STAT,2024-01-20 15:27,2024-01-20 15:54,2024-01-20 16:28
LAB701582,ENC100685,PT10709,CREAT,Creatinine,0.6,mg/dL,0.6,1.3,N,STAT,2024-01-20 16:25,2024-01-20 16:57,2024-01-20 17:28
LAB701583,ENC100685,PT10709,WBC,White Blood Cell Count,8.8,K/uL,4.5,11,N,STAT,2024-01-20 16:31,2024-01-20 16:54,2024-01-20 17:26
LAB701584,ENC100685,PT10709,HGB,Hemoglobin,13.9,g/dL,12,17.5,N,STAT,2024-01-20 15:28,2024-01-20 15:49,2024-01-20 16:26
LAB701585,ENC100685,PT10709,NA,Sodium,140,mmol/L,136,145,N,STAT,2024-01-20 15:42,2024-01-20 16:05,2024-01-20 16:47
LAB701586,ENC100685,PT10709,K,Potassium,4.6,mmol/L,3.5,5.1,N,STAT,2024-01-20 15:35,2024-01-20 15:57,2024-01-20 17:35
LAB701587,ENC100687,PT11414,GLU,Glucose,164,mg/dL,70,99,H,STAT,2024-01-20 17:38,2024-01-20 18:13,2024-01-20 18:54
LAB701588,ENC100687,PT11414,CREAT,Creatinine,1,mg/dL,0.6,1.3,N,STAT,2024-01-20 18:09,2024-01-20 18:14,2024-01-20 19:09
LAB701589,ENC100687,PT11414,WBC,White Blood Cell Count,6,K/uL,4.5,11,N,STAT,2024-01-20 17:57,2024-01-20 18:01,2024-01-20 18:46
LAB701590,ENC100687,PT11414,HGB,Hemoglobin,13.2,g/dL,12,17.5,N,STAT,2024-01-20 17:44,2024-01-20 18:18,2024-01-20 19:19
LAB701591,ENC100688,PT11178,GLU,Glucose,110,mg/dL,70,99,H,STAT,2024-01-20 18:28,2024-01-20 18:55,2024-01-20 19:29
LAB701592,ENC100688,PT11178,CREAT,Creatinine,0.74,mg/dL,0.6,1.3,N,STAT,2024-01-20 18:33,2024-01-20 18:50,2024-01-20 19:29
LAB701593,ENC100688,PT11178,WBC,White Blood Cell Count,6.6,K/uL,4.5,11,N,STAT,2024-01-20 18:22,2024-01-20 18:44,2024-01-20 19:27
LAB701594,ENC100688,PT11178,HGB,Hemoglobin,13.7,g/dL,12,17.5,N,STAT,2024-01-20 18:35,2024-01-20 18:43,2024-01-20 19:52
LAB701595,ENC100688,PT11178,BUN,Blood Urea Nitrogen,13,mg/dL,7,20,N,Routine,2024-01-20 18:59,2024-01-20 19:28,2024-01-20 21:36
LAB701596,ENC100688,PT11178,PLT,Platelet Count,119,K/uL,150,400,L,STAT,2024-01-20 18:39,2024-01-20 18:57,2024-01-20 19:58
LAB701597,ENC100689,PT10177,GLU,Glucose,97,mg/dL,70,99,N,STAT,2024-01-20 16:17,2024-01-20 16:41,2024-01-20 17:40
LAB701598,ENC100689,PT10177,CREAT,Creatinine,4.46,mg/dL,0.6,1.3,H,Routine,2024-01-20 16:03,2024-01-20 16:29,2024-01-20 21:20
LAB701599,ENC100689,PT10177,WBC,White Blood Cell Count,7.1,K/uL,4.5,11,N,STAT,2024-01-20 16:42,2024-01-20 17:05,2024-01-20 17:48
LAB701600,ENC100689,PT10177,HGB,Hemoglobin,15.7,g/dL,12,17.5,N,STAT,2024-01-20 16:11,2024-01-20 16:41,2024-01-20 17:19
LAB701601,ENC100689,PT10177,NA,Sodium,136,mmol/L,136,145,N,STAT,2024-01-20 15:40,2024-01-20 16:05,2024-01-20 17:12
LAB701602,ENC100689,PT10177,K,Potassium,5.4,mmol/L,3.5,5.1,H,STAT,2024-01-20 16:39,2024-01-20 17:13,2024-01-20 17:39
LAB701603,ENC100691,PT11805,GLU,Glucose,116,mg/dL,70,99,H,STAT,2024-01-20 19:04,2024-01-20 19:23,2024-01-20 20:20
LAB701604,ENC100691,PT11805,CREAT,Creatinine,0.86,mg/dL,0.6,1.3,N,STAT,2024-01-20 19:14,2024-01-20 19:30,2024-01-20 20:00
LAB701605,ENC100691,PT11805,WBC,White Blood Cell Count,8.7,K/uL,4.5,11,N,Routine,2024-01-20 18:55,2024-01-20 19:22,2024-01-20 21:45
LAB701606,ENC100691,PT11805,HGB,Hemoglobin,14,g/dL,12,17.5,N,STAT,2024-01-20 19:02,2024-01-20 19:37,2024-01-20 21:10
LAB701607,ENC100693,PT10244,GLU,Glucose,440,mg/dL,70,99,H,Routine,2024-01-20 22:54,2024-01-20 23:11,2024-01-21 02:06
LAB701608,ENC100693,PT10244,CREAT,Creatinine,1.01,mg/dL,0.6,1.3,N,Routine,2024-01-20 23:35,2024-01-20 23:48,2024-01-21 05:26
LAB701609,ENC100693,PT10244,WBC,White Blood Cell Count,9.7,K/uL,4.5,11,N,Routine,2024-01-20 22:38,2024-01-20 23:10,2024-01-21 03:04
LAB701610,ENC100693,PT10244,HGB,Hemoglobin,15.1,g/dL,12,17.5,N,STAT,2024-01-20 22:36,2024-01-20 22:43,2024-01-20 23:22
LAB701611,ENC100693,PT10244,NA,Sodium,139,mmol/L,136,145,N,Routine,2024-01-20 23:16,2024-01-20 23:39,2024-01-21 01:39
LAB701612,ENC100693,PT10244,K,Potassium,5,mmol/L,3.5,5.1,N,STAT,2024-01-20 23:40,2024-01-20 23:55,2024-01-21 00:26
LAB701613,ENC100693,PT10244,A1C,Hemoglobin A1c,9.9,%,4,5.6,H,STAT,2024-01-20 23:24,2024-01-20 23:43,2024-01-21 00:08
LAB701614,ENC100694,PT11125,GLU,Glucose,86,mg/dL,70,99,N,STAT,2024-01-20 21:51,2024-01-20 22:06,2024-01-20 23:18
LAB701615,ENC100694,PT11125,CREAT,Creatinine,4.72,mg/dL,0.6,1.3,H,Routine,2024-01-20 21:36,2024-01-20 22:00,2024-01-21 00:33
LAB701616,ENC100694,PT11125,WBC,White Blood Cell Count,5.7,K/uL,4.5,11,N,STAT,2024-01-20 22:14,2024-01-20 22:38,2024-01-21 00:07
LAB701617,ENC100694,PT11125,HGB,Hemoglobin,10.7,g/dL,12,17.5,L,Routine,2024-01-20 22:32,2024-01-20 22:58,2024-01-21 01:18
LAB701618,ENC100694,PT11125,NA,Sodium,142,mmol/L,136,145,N,STAT,2024-01-20 22:02,2024-01-20 22:27,2024-01-20 23:44
LAB701619,ENC100694,PT11125,K,Potassium,5.6,mmol/L,3.5,5.1,H,STAT,2024-01-20 21:33,2024-01-20 21:45,2024-01-20 22:07
LAB701620,ENC100696,PT13758,GLU,Glucose,106,mg/dL,70,99,H,Routine,2024-01-20 23:35,2024-01-21 00:00,2024-01-21 04:03
LAB701621,ENC100696,PT13758,CREAT,Creatinine,0.83,mg/dL,0.6,1.3,N,Routine,2024-01-20 23:37,2024-01-21 00:08,2024-01-21 02:46
LAB701622,ENC100696,PT13758,WBC,White Blood Cell Count,5.9,K/uL,4.5,11,N,Routine,2024-01-20 22:57,2024-01-20 23:07,2024-01-21 01:31
LAB701623,ENC100696,PT13758,HGB,Hemoglobin,13.8,g/dL,12,17.5,N,STAT,2024-01-20 23:37,2024-01-20 23:50,2024-01-21 00:56
LAB701624,ENC100696,PT13758,NA,Sodium,137,mmol/L,136,145,N,STAT,2024-01-20 23:36,2024-01-21 00:07,2024-01-21 00:38
LAB701625,ENC100696,PT13758,K,Potassium,3.7,mmol/L,3.5,5.1,N,STAT,2024-01-20 23:36,2024-01-20 23:48,2024-01-21 00:28
LAB701626,ENC100697,PT13276,GLU,Glucose,122,mg/dL,70,99,H,Routine,2024-01-21 01:04,2024-01-21 01:19,2024-01-21 02:43
LAB701627,ENC100697,PT13276,CREAT,Creatinine,0.42,mg/dL,0.6,1.3,L,Routine,2024-01-21 01:17,2024-01-21 01:34,2024-01-21 03:57
LAB701628,ENC100701,PT11505,GLU,Glucose,398,mg/dL,70,99,H,STAT,2024-01-21 08:53,2024-01-21 09:16,2024-01-21 10:11
LAB701629,ENC100701,PT11505,CREAT,Creatinine,0.96,mg/dL,0.6,1.3,N,STAT,2024-01-21 09:17,2024-01-21 09:51,2024-01-21 10:35
LAB701630,ENC100701,PT11505,WBC,White Blood Cell Count,10.3,K/uL,4.5,11,N,STAT,2024-01-21 09:50,2024-01-21 10:02,2024-01-21 10:26
LAB701631,ENC100701,PT11505,A1C,Hemoglobin A1c,11.4,%,4,5.6,H,Routine,2024-01-21 09:39,2024-01-21 09:57,2024-01-22 01:15
LAB701632,ENC100702,PT11260,GLU,Glucose,84,mg/dL,70,99,N,STAT,2024-01-21 13:54,2024-01-21 14:18,2024-01-21 15:18
LAB701633,ENC100702,PT11260,CREAT,Creatinine,0.84,mg/dL,0.6,1.3,N,Routine,2024-01-21 14:14,2024-01-21 14:22,2024-01-21 19:55
LAB701634,ENC100702,PT11260,WBC,White Blood Cell Count,6.9,K/uL,4.5,11,N,STAT,2024-01-21 13:32,2024-01-21 13:36,2024-01-21 14:14
LAB701635,ENC100702,PT11260,HGB,Hemoglobin,15.3,g/dL,12,17.5,N,Routine,2024-01-21 14:08,2024-01-21 14:35,2024-01-21 21:15
LAB701636,ENC100704,PT13692,GLU,Glucose,101,mg/dL,70,99,H,Routine,2024-01-21 13:54,2024-01-21 14:09,2024-01-21 16:57
LAB701637,ENC100704,PT13692,CREAT,Creatinine,1.04,mg/dL,0.6,1.3,N,STAT,2024-01-21 13:38,2024-01-21 13:59,2024-01-21 14:30
LAB701638,ENC100704,PT13692,WBC,White Blood Cell Count,8.5,K/uL,4.5,11,N,STAT,2024-01-21 13:32,2024-01-21 14:02,2024-01-21 15:13
LAB701639,ENC100704,PT13692,HGB,Hemoglobin,11.6,g/dL,12,17.5,L,STAT,2024-01-21 13:27,2024-01-21 13:43,2024-01-21 14:15
LAB701640,ENC100704,PT13692,BUN,Blood Urea Nitrogen,18,mg/dL,7,20,N,STAT,2024-01-21 14:11,2024-01-21 14:37,2024-01-21 15:38
LAB701641,ENC100704,PT13692,PLT,Platelet Count,327,K/uL,150,400,N,STAT,2024-01-21 14:09,2024-01-21 14:32,2024-01-21 15:53
LAB701642,ENC100704,PT13692,TROP,"Troponin I, High Sensitivity",10,ng/L,0,34,N,STAT,2024-01-21 14:00,2024-01-21 14:18,2024-01-21 14:42
LAB701643,ENC100704,PT13692,BNP,B-Type Natriuretic Peptide,985,pg/mL,0,100,H,Routine,2024-01-21 13:33,2024-01-21 13:41,2024-01-21 19:49
LAB701644,ENC100705,PT13195,GLU,Glucose,76,mg/dL,70,99,N,STAT,2024-01-21 19:54,2024-01-21 20:14,2024-01-21 20:51
LAB701645,ENC100705,PT13195,CREAT,Creatinine,0.38,mg/dL,0.6,1.3,L,Routine,2024-01-21 19:49,2024-01-21 20:16,2024-01-21 21:26
LAB701646,ENC100705,PT13195,WBC,White Blood Cell Count,8.4,K/uL,4.5,11,N,STAT,2024-01-21 19:27,2024-01-21 19:52,2024-01-21 20:27
LAB701647,ENC100705,PT13195,HGB,Hemoglobin,17.1,g/dL,12,17.5,N,STAT,2024-01-21 20:24,2024-01-21 20:59,2024-01-21 21:44
LAB701648,ENC100706,PT11909,GLU,Glucose,105,mg/dL,70,99,H,STAT,2024-01-21 17:01,2024-01-21 17:10,2024-01-21 18:23
LAB701649,ENC100706,PT11909,CREAT,Creatinine,0.93,mg/dL,0.6,1.3,N,STAT,2024-01-21 17:28,2024-01-21 17:49,2024-01-21 18:24
LAB701650,ENC100706,PT11909,WBC,White Blood Cell Count,6.8,K/uL,4.5,11,N,STAT,2024-01-21 17:32,2024-01-21 17:42,2024-01-21 19:00
LAB701651,ENC100706,PT11909,HGB,Hemoglobin,11.6,g/dL,12,17.5,L,STAT,2024-01-21 17:00,2024-01-21 17:20,2024-01-21 17:48
LAB701652,ENC100706,PT11909,NA,Sodium,137,mmol/L,136,145,N,STAT,2024-01-21 17:27,2024-01-21 17:38,2024-01-21 18:43
LAB701653,ENC100706,PT11909,K,Potassium,3.9,mmol/L,3.5,5.1,N,STAT,2024-01-21 17:11,2024-01-21 17:45,2024-01-21 18:01
LAB701654,ENC100706,PT11909,TROP,"Troponin I, High Sensitivity",76,ng/L,0,34,H,STAT,2024-01-21 16:50,2024-01-21 17:19,2024-01-21 18:30
LAB701655,ENC100706,PT11909,BNP,B-Type Natriuretic Peptide,327,pg/mL,0,100,H,STAT,2024-01-21 17:03,2024-01-21 17:25,2024-01-21 18:06
LAB701656,ENC100707,PT10191,GLU,Glucose,103,mg/dL,70,99,H,STAT,2024-01-21 18:09,2024-01-21 18:19,2024-01-21 19:11
LAB701657,ENC100707,PT10191,CREAT,Creatinine,0.91,mg/dL,0.6,1.3,N,Routine,2024-01-21 18:08,2024-01-21 18:37,2024-01-21 23:29
LAB701658,ENC100707,PT10191,WBC,White Blood Cell Count,6.7,K/uL,4.5,11,N,STAT,2024-01-21 18:09,2024-01-21 18:30,2024-01-21 19:29
LAB701659,ENC100707,PT10191,HGB,Hemoglobin,13.7,g/dL,12,17.5,N,STAT,2024-01-21 18:36,2024-01-21 19:03,2024-01-21 19:26
LAB701660,ENC100707,PT10191,TROP,"Troponin I, High Sensitivity",5,ng/L,0,34,N,STAT,2024-01-21 18:37,2024-01-21 19:00,2024-01-21 19:44
LAB701661,ENC100708,PT13376,GLU,Glucose,119,mg/dL,70,99,H,STAT,2024-01-22 01:38,2024-01-22 01:50,2024-01-22 02:30
LAB701662,ENC100708,PT13376,CREAT,Creatinine,1.03,mg/dL,0.6,1.3,N,STAT,2024-01-22 01:18,2024-01-22 01:37,2024-01-22 02:13
LAB701663,ENC100708,PT13376,WBC,White Blood Cell Count,4.9,K/uL,4.5,11,N,STAT,2024-01-22 01:46,2024-01-22 01:58,2024-01-22 02:32
LAB701664,ENC100708,PT13376,HGB,Hemoglobin,13.9,g/dL,12,17.5,N,STAT,2024-01-22 01:44,2024-01-22 01:51,2024-01-22 02:42
LAB701665,ENC100709,PT10142,GLU,Glucose,117,mg/dL,70,99,H,Routine,2024-01-22 00:13,2024-01-22 00:17,2024-01-22 03:21
LAB701666,ENC100709,PT10142,CREAT,Creatinine,2.62,mg/dL,0.6,1.3,H,STAT,2024-01-21 23:53,2024-01-21 23:58,2024-01-22 01:07
LAB701667,ENC100709,PT10142,WBC,White Blood Cell Count,7.4,K/uL,4.5,11,N,STAT,2024-01-21 23:55,2024-01-22 00:06,2024-01-22 00:43
LAB701668,ENC100712,PT11100,GLU,Glucose,85,mg/dL,70,99,N,Routine,2024-01-22 06:02,2024-01-22 06:32,2024-01-22 08:59
LAB701669,ENC100712,PT11100,CREAT,Creatinine,0.92,mg/dL,0.6,1.3,N,STAT,2024-01-22 06:03,2024-01-22 06:12,2024-01-22 07:18
LAB701670,ENC100712,PT11100,WBC,White Blood Cell Count,20.5,K/uL,4.5,11,H,STAT,2024-01-22 05:22,2024-01-22 05:49,2024-01-22 06:44
LAB701671,ENC100712,PT11100,HGB,Hemoglobin,15.9,g/dL,12,17.5,N,Routine,2024-01-22 05:36,2024-01-22 05:50,2024-01-22 09:49
LAB701672,ENC100713,PT10590,GLU,Glucose,165,mg/dL,70,99,H,Routine,2024-01-22 06:50,2024-01-22 07:17,2024-01-22 09:20
LAB701673,ENC100713,PT10590,CREAT,Creatinine,0.89,mg/dL,0.6,1.3,N,Routine,2024-01-22 06:50,2024-01-22 07:15,2024-01-22 10:18
LAB701674,ENC100713,PT10590,WBC,White Blood Cell Count,10.9,K/uL,4.5,11,N,STAT,2024-01-22 05:47,2024-01-22 05:59,2024-01-22 06:43
LAB701675,ENC100713,PT10590,HGB,Hemoglobin,15.5,g/dL,12,17.5,N,STAT,2024-01-22 05:49,2024-01-22 06:16,2024-01-22 07:08
LAB701676,ENC100713,PT10590,NA,Sodium,139,mmol/L,136,145,N,STAT,2024-01-22 06:26,2024-01-22 06:45,2024-01-22 07:28
LAB701677,ENC100713,PT10590,K,Potassium,4.3,mmol/L,3.5,5.1,N,STAT,2024-01-22 06:05,2024-01-22 06:16,2024-01-22 07:14
LAB701678,ENC100714,PT13382,GLU,Glucose,84,mg/dL,70,99,N,STAT,2024-01-22 07:21,2024-01-22 07:43,2024-01-22 08:11
LAB701679,ENC100714,PT13382,CREAT,Creatinine,0.67,mg/dL,0.6,1.3,N,STAT,2024-01-22 07:29,2024-01-22 07:57,2024-01-22 08:40
LAB701680,ENC100714,PT13382,WBC,White Blood Cell Count,6.9,K/uL,4.5,11,N,Routine,2024-01-22 07:59,2024-01-22 08:09,2024-01-22 10:06
LAB701681,ENC100714,PT13382,HGB,Hemoglobin,13.7,g/dL,12,17.5,N,STAT,2024-01-22 07:53,2024-01-22 08:06,2024-01-22 08:53
LAB701682,ENC100716,PT11863,A1C,Hemoglobin A1c,5.9,%,4,5.6,H,Routine,2024-01-22 08:20,2024-01-22 08:32,2024-01-22 23:10
LAB701683,ENC100717,PT10432,A1C,Hemoglobin A1c,7.2,%,4,5.6,H,Routine,2024-01-22 09:07,2024-01-22 09:33,2024-01-22 16:19
LAB701684,ENC100717,PT10432,GLU,Glucose,157,mg/dL,70,99,H,Routine,2024-01-22 08:53,2024-01-22 09:05,2024-01-22 10:59
LAB701685,ENC100717,PT10432,CREAT,Creatinine,0.87,mg/dL,0.6,1.3,N,Routine,2024-01-22 08:55,2024-01-22 09:06,2024-01-22 15:32
LAB701686,ENC100719,PT11242,GLU,Glucose,170,mg/dL,70,99,H,Routine,2024-01-22 12:32,2024-01-22 12:50,2024-01-22 14:32
LAB701687,ENC100719,PT11242,CREAT,Creatinine,0.99,mg/dL,0.6,1.3,N,STAT,2024-01-22 12:47,2024-01-22 12:53,2024-01-22 13:45
LAB701688,ENC100719,PT11242,WBC,White Blood Cell Count,13.2,K/uL,4.5,11,H,STAT,2024-01-22 12:51,2024-01-22 13:12,2024-01-22 14:51
LAB701689,ENC100719,PT11242,HGB,Hemoglobin,14.8,g/dL,12,17.5,N,Routine,2024-01-22 13:36,2024-01-22 13:41,2024-01-22 18:13
LAB701690,ENC100719,PT11242,NA,Sodium,136,mmol/L,136,145,N,STAT,2024-01-22 13:26,2024-01-22 13:39,2024-01-22 14:38
LAB701691,ENC100719,PT11242,K,Potassium,4.1,mmol/L,3.5,5.1,N,STAT,2024-01-22 13:11,2024-01-22 13:42,2024-01-22 14:33
LAB701692,ENC100720,PT13936,GLU,Glucose,216,mg/dL,70,99,H,Routine,2024-01-22 11:25,2024-01-22 11:44,2024-01-22 15:23
LAB701693,ENC100720,PT13936,CREAT,Creatinine,2.24,mg/dL,0.6,1.3,H,STAT,2024-01-22 11:25,2024-01-22 11:49,2024-01-22 12:35
LAB701694,ENC100726,PT10862,GLU,Glucose,198,mg/dL,70,99,H,STAT,2024-01-22 16:23,2024-01-22 16:49,2024-01-22 17:22
LAB701695,ENC100726,PT10862,CREAT,Creatinine,2.03,mg/dL,0.6,1.3,H,STAT,2024-01-22 16:50,2024-01-22 16:54,2024-01-22 17:26
LAB701696,ENC100726,PT10862,WBC,White Blood Cell Count,20.4,K/uL,4.5,11,H,STAT,2024-01-22 16:39,2024-01-22 17:13,2024-01-22 17:42
LAB701697,ENC100726,PT10862,HGB,Hemoglobin,13.8,g/dL,12,17.5,N,Routine,2024-01-22 16:10,2024-01-22 16:33,2024-01-22 18:36
LAB701698,ENC100726,PT10862,NA,Sodium,139,mmol/L,136,145,N,STAT,2024-01-22 16:56,2024-01-22 17:15,2024-01-22 18:04
LAB701699,ENC100726,PT10862,K,Potassium,4.5,mmol/L,3.5,5.1,N,STAT,2024-01-22 16:11,2024-01-22 16:40,2024-01-22 17:51
LAB701700,ENC100726,PT10862,BUN,Blood Urea Nitrogen,17,mg/dL,7,20,N,STAT,2024-01-22 17:04,2024-01-22 17:13,2024-01-22 17:49
LAB701701,ENC100726,PT10862,PLT,Platelet Count,227,K/uL,150,400,N,Routine,2024-01-22 17:09,2024-01-22 17:42,2024-01-22 20:06
LAB701702,ENC100726,PT10862,LACT,Lactate,4,mmol/L,0.5,2,H,STAT,2024-01-22 17:10,2024-01-22 17:38,2024-01-22 18:18
LAB701703,ENC100728,PT12291,WBC,White Blood Cell Count,6.6,K/uL,4.5,11,N,Routine,2024-01-22 13:29,2024-01-22 13:45,2024-01-22 14:33
LAB701704,ENC100728,PT12291,HGB,Hemoglobin,15.2,g/dL,12,17.5,N,Routine,2024-01-22 13:14,2024-01-22 13:44,2024-01-22 15:13
LAB701705,ENC100728,PT12291,PLT,Platelet Count,202,K/uL,150,400,N,Routine,2024-01-22 13:26,2024-01-22 13:37,2024-01-22 17:08
LAB701706,ENC100729,PT10642,GLU,Glucose,131,mg/dL,70,99,H,STAT,2024-01-22 13:44,2024-01-22 13:51,2024-01-22 14:22
LAB701707,ENC100729,PT10642,CREAT,Creatinine,0.66,mg/dL,0.6,1.3,N,STAT,2024-01-22 14:29,2024-01-22 14:55,2024-01-22 15:15
LAB701708,ENC100731,PT11738,WBC,White Blood Cell Count,9.5,K/uL,4.5,11,N,Routine,2024-01-22 14:09,2024-01-22 14:17,2024-01-22 16:13
LAB701709,ENC100731,PT11738,HGB,Hemoglobin,15.6,g/dL,12,17.5,N,Routine,2024-01-22 13:57,2024-01-22 14:02,2024-01-22 20:09
LAB701710,ENC100731,PT11738,PLT,Platelet Count,286,K/uL,150,400,N,Routine,2024-01-22 13:56,2024-01-22 14:14,2024-01-22 16:02
LAB701711,ENC100734,PT12701,LDL,LDL Cholesterol,159,mg/dL,0,99,H,Routine,2024-01-22 15:21,2024-01-22 15:27,2024-01-22 23:08
LAB701712,ENC100736,PT11828,A1C,Hemoglobin A1c,9.8,%,4,5.6,H,Routine,2024-01-22 16:14,2024-01-22 16:29,2024-01-23 09:47
LAB701713,ENC100737,PT12222,GLU,Glucose,117,mg/dL,70,99,H,Routine,2024-01-22 21:06,2024-01-22 21:25,2024-01-23 00:23
LAB701714,ENC100737,PT12222,CREAT,Creatinine,0.79,mg/dL,0.6,1.3,N,STAT,2024-01-22 20:44,2024-01-22 20:57,2024-01-22 21:35
LAB701715,ENC100737,PT12222,WBC,White Blood Cell Count,9,K/uL,4.5,11,N,STAT,2024-01-22 20:56,2024-01-22 21:10,2024-01-22 22:05
LAB701716,ENC100737,PT12222,HGB,Hemoglobin,12.9,g/dL,12,17.5,N,STAT,2024-01-22 20:25,2024-01-22 20:31,2024-01-22 21:04
LAB701717,ENC100737,PT12222,NA,Sodium,138,mmol/L,136,145,N,Routine,2024-01-22 20:53,2024-01-22 21:26,2024-01-22 23:17
LAB701718,ENC100737,PT12222,K,Potassium,4.2,mmol/L,3.5,5.1,N,STAT,2024-01-22 21:03,2024-01-22 21:37,2024-01-22 22:41
LAB701719,ENC100739,PT11737,GLU,Glucose,107,mg/dL,70,99,H,Routine,2024-01-22 22:00,2024-01-22 22:10,2024-01-23 00:41
LAB701720,ENC100739,PT11737,CREAT,Creatinine,1.12,mg/dL,0.6,1.3,N,STAT,2024-01-22 21:30,2024-01-22 22:04,2024-01-22 22:36
LAB701721,ENC100739,PT11737,WBC,White Blood Cell Count,6.5,K/uL,4.5,11,N,STAT,2024-01-22 22:01,2024-01-22 22:20,2024-01-22 22:55
LAB701722,ENC100739,PT11737,HGB,Hemoglobin,14.6,g/dL,12,17.5,N,Routine,2024-01-22 21:09,2024-01-22 21:16,2024-01-23 00:35
LAB701723,ENC100742,PT12087,GLU,Glucose,79,mg/dL,70,99,N,Routine,2024-01-23 00:11,2024-01-23 00:40,2024-01-23 05:41
LAB701724,ENC100742,PT12087,CREAT,Creatinine,0.92,mg/dL,0.6,1.3,N,Routine,2024-01-23 00:39,2024-01-23 00:54,2024-01-23 02:15
LAB701725,ENC100742,PT12087,WBC,White Blood Cell Count,8.8,K/uL,4.5,11,N,STAT,2024-01-23 01:00,2024-01-23 01:10,2024-01-23 01:55
LAB701726,ENC100742,PT12087,HGB,Hemoglobin,12.1,g/dL,12,17.5,N,Routine,2024-01-23 00:22,2024-01-23 00:45,2024-01-23 02:30
LAB701727,ENC100744,PT10417,GLU,Glucose,120,mg/dL,70,99,H,STAT,2024-01-23 06:06,2024-01-23 06:25,2024-01-23 07:47
LAB701728,ENC100744,PT10417,CREAT,Creatinine,0.67,mg/dL,0.6,1.3,N,STAT,2024-01-23 06:02,2024-01-23 06:33,2024-01-23 07:17
LAB701729,ENC100749,PT10686,WBC,White Blood Cell Count,4.8,K/uL,4.5,11,N,Routine,2024-01-23 10:11,2024-01-23 10:40,2024-01-23 14:01
LAB701730,ENC100749,PT10686,HGB,Hemoglobin,12.5,g/dL,12,17.5,N,Routine,2024-01-23 09:53,2024-01-23 09:57,2024-01-23 12:32
LAB701731,ENC100749,PT10686,PLT,Platelet Count,243,K/uL,150,400,N,Routine,2024-01-23 10:04,2024-01-23 10:23,2024-01-23 14:18
LAB701732,ENC100751,PT12085,WBC,White Blood Cell Count,8.1,K/uL,4.5,11,N,Routine,2024-01-23 10:36,2024-01-23 10:45,2024-01-23 16:08
LAB701733,ENC100751,PT12085,HGB,Hemoglobin,14.1,g/dL,12,17.5,N,Routine,2024-01-23 10:22,2024-01-23 10:50,2024-01-23 15:26
LAB701734,ENC100751,PT12085,PLT,Platelet Count,280,K/uL,150,400,N,Routine,2024-01-23 10:22,2024-01-23 10:33,2024-01-23 12:39
LAB701735,ENC100752,PT12669,A1C,Hemoglobin A1c,5.7,%,4,5.6,H,Routine,2024-01-23 10:37,2024-01-23 11:02,2024-01-24 10:45
LAB701736,ENC100753,PT12125,A1C,Hemoglobin A1c,7.4,%,4,5.6,H,Routine,2024-01-23 11:22,2024-01-23 11:42,2024-01-25 02:05
LAB701737,ENC100759,PT12758,LDL,LDL Cholesterol,119,mg/dL,0,99,H,Routine,2024-01-23 13:26,2024-01-23 13:41,2024-01-24 03:05
LAB701738,ENC100762,PT11191,A1C,Hemoglobin A1c,10,%,4,5.6,H,Routine,2024-01-23 14:59,2024-01-23 15:04,2024-01-24 09:23
LAB701739,ENC100765,PT11534,LDL,LDL Cholesterol,78,mg/dL,0,99,N,Routine,2024-01-23 15:24,2024-01-23 15:42,2024-01-24 08:32
LAB701740,ENC100766,PT12924,GLU,Glucose,112,mg/dL,70,99,H,STAT,2024-01-23 20:41,2024-01-23 20:58,2024-01-23 21:56
LAB701741,ENC100766,PT12924,CREAT,Creatinine,1.23,mg/dL,0.6,1.3,N,Routine,2024-01-23 20:08,2024-01-23 20:33,2024-01-23 23:38
LAB701742,ENC100766,PT12924,WBC,White Blood Cell Count,6,K/uL,4.5,11,N,STAT,2024-01-23 19:35,2024-01-23 19:41,2024-01-23 20:24
LAB701743,ENC100766,PT12924,HGB,Hemoglobin,14.4,g/dL,12,17.5,N,STAT,2024-01-23 19:39,2024-01-23 19:52,2024-01-23 20:25
LAB701744,ENC100766,PT12924,NA,Sodium,140,mmol/L,136,145,N,STAT,2024-01-23 19:36,2024-01-23 20:05,2024-01-23 21:07
LAB701745,ENC100766,PT12924,K,Potassium,4.4,mmol/L,3.5,5.1,N,STAT,2024-01-23 19:36,2024-01-23 20:04,2024-01-23 21:07
LAB701746,ENC100769,PT12108,A1C,Hemoglobin A1c,5.8,%,4,5.6,H,Routine,2024-01-23 16:12,2024-01-23 16:41,2024-01-24 05:09
LAB701747,ENC100769,PT12108,GLU,Glucose,121,mg/dL,70,99,H,Routine,2024-01-23 16:15,2024-01-23 16:21,2024-01-23 19:07
LAB701748,ENC100769,PT12108,CREAT,Creatinine,0.91,mg/dL,0.6,1.3,N,Routine,2024-01-23 16:30,2024-01-23 16:56,2024-01-23 22:45
LAB701749,ENC100770,PT12010,GLU,Glucose,116,mg/dL,70,99,H,STAT,2024-01-23 17:06,2024-01-23 17:15,2024-01-23 18:24
LAB701750,ENC100770,PT12010,CREAT,Creatinine,0.96,mg/dL,0.6,1.3,N,Routine,2024-01-23 17:07,2024-01-23 17:14,2024-01-23 19:29
LAB701751,ENC100770,PT12010,WBC,White Blood Cell Count,14,K/uL,4.5,11,H,Routine,2024-01-23 17:02,2024-01-23 17:30,2024-01-23 22:16
LAB701752,ENC100770,PT12010,HGB,Hemoglobin,14.3,g/dL,12,17.5,N,STAT,2024-01-23 16:28,2024-01-23 16:49,2024-01-23 18:03
LAB701753,ENC100771,PT10637,GLU,Glucose,122,mg/dL,70,99,H,STAT,2024-01-23 16:19,2024-01-23 16:23,2024-01-23 16:55
LAB701754,ENC100771,PT10637,CREAT,Creatinine,0.23,mg/dL,0.6,1.3,L,Routine,2024-01-23 17:06,2024-01-23 17:26,2024-01-23 22:50
LAB701755,ENC100773,PT10990,GLU,Glucose,125,mg/dL,70,99,H,STAT,2024-01-23 17:15,2024-01-23 17:43,2024-01-23 18:27
LAB701756,ENC100773,PT10990,CREAT,Creatinine,0.62,mg/dL,0.6,1.3,N,Routine,2024-01-23 17:20,2024-01-23 17:46,2024-01-23 20:54
LAB701757,ENC100774,PT12513,GLU,Glucose,118,mg/dL,70,99,H,STAT,2024-01-23 18:04,2024-01-23 18:34,2024-01-23 19:19
LAB701758,ENC100774,PT12513,CREAT,Creatinine,2.54,mg/dL,0.6,1.3,H,STAT,2024-01-23 18:22,2024-01-23 18:51,2024-01-23 19:26
LAB701759,ENC100775,PT13820,GLU,Glucose,73,mg/dL,70,99,N,STAT,2024-01-23 17:57,2024-01-23 18:14,2024-01-23 19:10
LAB701760,ENC100775,PT13820,CREAT,Creatinine,0.75,mg/dL,0.6,1.3,N,STAT,2024-01-23 17:56,2024-01-23 18:23,2024-01-23 19:16
LAB701761,ENC100776,PT13500,GLU,Glucose,121,mg/dL,70,99,H,STAT,2024-01-23 19:31,2024-01-23 19:46,2024-01-23 20:46
LAB701762,ENC100776,PT13500,CREAT,Creatinine,1.17,mg/dL,0.6,1.3,N,Routine,2024-01-23 19:08,2024-01-23 19:18,2024-01-23 23:54
LAB701763,ENC100776,PT13500,WBC,White Blood Cell Count,11.9,K/uL,4.5,11,H,STAT,2024-01-23 19:02,2024-01-23 19:13,2024-01-23 19:36
LAB701764,ENC100776,PT13500,HGB,Hemoglobin,14.9,g/dL,12,17.5,N,STAT,2024-01-23 20:01,2024-01-23 20:26,2024-01-23 21:27
LAB701765,ENC100777,PT10479,GLU,Glucose,108,mg/dL,70,99,H,STAT,2024-01-24 00:23,2024-01-24 00:34,2024-01-24 00:55
LAB701766,ENC100777,PT10479,CREAT,Creatinine,0.56,mg/dL,0.6,1.3,L,STAT,2024-01-23 23:31,2024-01-24 00:06,2024-01-24 01:14
LAB701767,ENC100777,PT10479,WBC,White Blood Cell Count,7.5,K/uL,4.5,11,N,Routine,2024-01-24 00:17,2024-01-24 00:43,2024-01-24 01:40
LAB701768,ENC100777,PT10479,HGB,Hemoglobin,12.6,g/dL,12,17.5,N,STAT,2024-01-23 23:59,2024-01-24 00:04,2024-01-24 01:17
LAB701769,ENC100778,PT11259,GLU,Glucose,250,mg/dL,70,99,H,STAT,2024-01-23 22:26,2024-01-23 22:47,2024-01-23 23:47
LAB701770,ENC100778,PT11259,CREAT,Creatinine,0.67,mg/dL,0.6,1.3,N,STAT,2024-01-23 22:58,2024-01-23 23:20,2024-01-24 00:24
LAB701771,ENC100779,PT13761,GLU,Glucose,100,mg/dL,70,99,H,STAT,2024-01-24 03:30,2024-01-24 03:54,2024-01-24 04:53
LAB701772,ENC100779,PT13761,CREAT,Creatinine,0.96,mg/dL,0.6,1.3,N,Routine,2024-01-24 02:34,2024-01-24 02:58,2024-01-24 08:29
LAB701773,ENC100779,PT13761,WBC,White Blood Cell Count,13.4,K/uL,4.5,11,H,STAT,2024-01-24 02:33,2024-01-24 02:37,2024-01-24 03:02
LAB701774,ENC100779,PT13761,HGB,Hemoglobin,15.7,g/dL,12,17.5,N,Routine,2024-01-24 03:01,2024-01-24 03:31,2024-01-24 07:38
LAB701775,ENC100780,PT11609,GLU,Glucose,105,mg/dL,70,99,H,Routine,2024-01-24 02:32,2024-01-24 02:59,2024-01-24 07:33
LAB701776,ENC100780,PT11609,CREAT,Creatinine,1.12,mg/dL,0.6,1.3,N,STAT,2024-01-24 03:03,2024-01-24 03:23,2024-01-24 04:28
LAB701777,ENC100780,PT11609,WBC,White Blood Cell Count,13.9,K/uL,4.5,11,H,Routine,2024-01-24 02:30,2024-01-24 02:51,2024-01-24 08:09
LAB701778,ENC100781,PT10390,GLU,Glucose,80,mg/dL,70,99,N,STAT,2024-01-24 06:43,2024-01-24 06:48,2024-01-24 07:06
LAB701779,ENC100781,PT10390,CREAT,Creatinine,0.95,mg/dL,0.6,1.3,N,Routine,2024-01-24 06:37,2024-01-24 07:00,2024-01-24 12:07
LAB701780,ENC100781,PT10390,WBC,White Blood Cell Count,6.7,K/uL,4.5,11,N,STAT,2024-01-24 06:23,2024-01-24 06:38,2024-01-24 07:44
LAB701781,ENC100781,PT10390,HGB,Hemoglobin,12.8,g/dL,12,17.5,N,STAT,2024-01-24 06:29,2024-01-24 06:53,2024-01-24 07:55
LAB701782,ENC100782,PT10600,GLU,Glucose,76,mg/dL,70,99,N,STAT,2024-01-24 06:59,2024-01-24 07:23,2024-01-24 08:44
LAB701783,ENC100782,PT10600,CREAT,Creatinine,0.59,mg/dL,0.6,1.3,L,STAT,2024-01-24 07:06,2024-01-24 07:14,2024-01-24 08:36
LAB701784,ENC100782,PT10600,WBC,White Blood Cell Count,9.3,K/uL,4.5,11,N,STAT,2024-01-24 07:23,2024-01-24 07:55,2024-01-24 09:25
LAB701785,ENC100782,PT10600,HGB,Hemoglobin,13.6,g/dL,12,17.5,N,Routine,2024-01-24 07:20,2024-01-24 07:31,2024-01-24 09:32
LAB701786,ENC100783,PT11979,GLU,Glucose,123,mg/dL,70,99,H,STAT,2024-01-24 09:36,2024-01-24 09:40,2024-01-24 10:17
LAB701787,ENC100783,PT11979,CREAT,Creatinine,0.7,mg/dL,0.6,1.3,N,STAT,2024-01-24 09:14,2024-01-24 09:35,2024-01-24 10:08
LAB701788,ENC100783,PT11979,WBC,White Blood Cell Count,7.5,K/uL,4.5,11,N,Routine,2024-01-24 09:20,2024-01-24 09:40,2024-01-24 12:19
LAB701789,ENC100784,PT10054,GLU,Glucose,102,mg/dL,70,99,H,STAT,2024-01-24 12:24,2024-01-24 12:29,2024-01-24 13:01
LAB701790,ENC100784,PT10054,CREAT,Creatinine,0.81,mg/dL,0.6,1.3,N,Routine,2024-01-24 12:44,2024-01-24 12:56,2024-01-24 22:07
LAB701791,ENC100784,PT10054,WBC,White Blood Cell Count,5.6,K/uL,4.5,11,N,STAT,2024-01-24 12:32,2024-01-24 12:39,2024-01-24 13:26
LAB701792,ENC100784,PT10054,HGB,Hemoglobin,13.2,g/dL,12,17.5,N,Routine,2024-01-24 12:17,2024-01-24 12:27,2024-01-24 14:15
LAB701793,ENC100784,PT10054,NA,Sodium,134,mmol/L,136,145,L,Routine,2024-01-24 12:54,2024-01-24 13:05,2024-01-24 14:54
LAB701794,ENC100784,PT10054,K,Potassium,3.7,mmol/L,3.5,5.1,N,STAT,2024-01-24 12:17,2024-01-24 12:25,2024-01-24 13:13
LAB701795,ENC100785,PT11973,GLU,Glucose,130,mg/dL,70,99,H,Routine,2024-01-24 13:02,2024-01-24 13:21,2024-01-24 19:46
LAB701796,ENC100785,PT11973,CREAT,Creatinine,0.44,mg/dL,0.6,1.3,L,Routine,2024-01-24 13:42,2024-01-24 13:50,2024-01-24 16:56
LAB701797,ENC100785,PT11973,WBC,White Blood Cell Count,6.3,K/uL,4.5,11,N,Routine,2024-01-24 13:44,2024-01-24 13:56,2024-01-24 14:55
LAB701798,ENC100785,PT11973,HGB,Hemoglobin,13.6,g/dL,12,17.5,N,STAT,2024-01-24 13:22,2024-01-24 13:35,2024-01-24 14:35
LAB701799,ENC100785,PT11973,NA,Sodium,140,mmol/L,136,145,N,Routine,2024-01-24 13:35,2024-01-24 14:01,2024-01-25 05:01
LAB701800,ENC100785,PT11973,K,Potassium,4.1,mmol/L,3.5,5.1,N,STAT,2024-01-24 13:25,2024-01-24 13:35,2024-01-24 14:01
LAB701801,ENC100786,PT11788,A1C,Hemoglobin A1c,9.2,%,4,5.6,H,Routine,2024-01-24 09:25,2024-01-24 09:48,2024-01-24 15:53
LAB701802,ENC100789,PT13627,GLU,Glucose,96,mg/dL,70,99,N,STAT,2024-01-24 14:03,2024-01-24 14:19,2024-01-24 15:05
LAB701803,ENC100789,PT13627,CREAT,Creatinine,1.1,mg/dL,0.6,1.3,N,STAT,2024-01-24 14:49,2024-01-24 15:23,2024-01-24 16:11
LAB701804,ENC100789,PT13627,WBC,White Blood Cell Count,8.8,K/uL,4.5,11,N,Routine,2024-01-24 14:02,2024-01-24 14:07,2024-01-24 16:20
LAB701805,ENC100789,PT13627,HGB,Hemoglobin,11.8,g/dL,12,17.5,L,STAT,2024-01-24 14:01,2024-01-24 14:07,2024-01-24 14:45
LAB701806,ENC100789,PT13627,BUN,Blood Urea Nitrogen,14,mg/dL,7,20,N,STAT,2024-01-24 14:30,2024-01-24 14:44,2024-01-24 15:27
LAB701807,ENC100789,PT13627,PLT,Platelet Count,243,K/uL,150,400,N,Routine,2024-01-24 14:09,2024-01-24 14:28,2024-01-24 19:41
LAB701808,ENC100789,PT13627,LACT,Lactate,2.9,mmol/L,0.5,2,H,STAT,2024-01-24 14:23,2024-01-24 14:33,2024-01-24 15:30
LAB701809,ENC100790,PT13423,GLU,Glucose,82,mg/dL,70,99,N,STAT,2024-01-24 12:25,2024-01-24 12:54,2024-01-24 13:55
LAB701810,ENC100790,PT13423,CREAT,Creatinine,1,mg/dL,0.6,1.3,N,Routine,2024-01-24 13:07,2024-01-24 13:15,2024-01-24 15:17
LAB701811,ENC100790,PT13423,WBC,White Blood Cell Count,4.8,K/uL,4.5,11,N,Routine,2024-01-24 12:50,2024-01-24 12:54,2024-01-24 15:18
LAB701812,ENC100790,PT13423,HGB,Hemoglobin,14.9,g/dL,12,17.5,N,STAT,2024-01-24 12:55,2024-01-24 13:16,2024-01-24 14:20
LAB701813,ENC100790,PT13423,NA,Sodium,136,mmol/L,136,145,N,Routine,2024-01-24 12:13,2024-01-24 12:17,2024-01-24 15:55
LAB701814,ENC100790,PT13423,K,Potassium,3.7,mmol/L,3.5,5.1,N,STAT,2024-01-24 13:01,2024-01-24 13:22,2024-01-24 14:05
LAB701815,ENC100790,PT13423,BUN,Blood Urea Nitrogen,21,mg/dL,7,20,H,Routine,2024-01-24 12:16,2024-01-24 12:27,2024-01-24 20:06
LAB701816,ENC100790,PT13423,PLT,Platelet Count,209,K/uL,150,400,N,STAT,2024-01-24 13:22,2024-01-24 13:40,2024-01-24 14:12
LAB701817,ENC100791,PT13472,GLU,Glucose,109,mg/dL,70,99,H,STAT,2024-01-24 10:51,2024-01-24 11:14,2024-01-24 12:13
LAB701818,ENC100791,PT13472,CREAT,Creatinine,0.43,mg/dL,0.6,1.3,L,STAT,2024-01-24 10:56,2024-01-24 11:12,2024-01-24 11:38
LAB701819,ENC100791,PT13472,WBC,White Blood Cell Count,5.9,K/uL,4.5,11,N,Routine,2024-01-24 11:02,2024-01-24 11:10,2024-01-24 14:52
LAB701820,ENC100792,PT13844,GLU,Glucose,118,mg/dL,70,99,H,STAT,2024-01-24 11:29,2024-01-24 12:04,2024-01-24 12:57
LAB701821,ENC100792,PT13844,CREAT,Creatinine,1.67,mg/dL,0.6,1.3,H,Routine,2024-01-24 11:19,2024-01-24 11:28,2024-01-24 14:51
LAB701822,ENC100792,PT13844,WBC,White Blood Cell Count,14.5,K/uL,4.5,11,H,STAT,2024-01-24 11:20,2024-01-24 11:43,2024-01-24 12:09
LAB701823,ENC100793,PT11812,GLU,Glucose,82,mg/dL,70,99,N,Routine,2024-01-24 15:25,2024-01-24 15:59,2024-01-24 19:13
LAB701824,ENC100793,PT11812,CREAT,Creatinine,0.98,mg/dL,0.6,1.3,N,Routine,2024-01-24 15:45,2024-01-24 15:55,2024-01-24 20:59
LAB701825,ENC100793,PT11812,WBC,White Blood Cell Count,9.3,K/uL,4.5,11,N,Routine,2024-01-24 15:41,2024-01-24 15:57,2024-01-24 17:08
LAB701826,ENC100793,PT11812,HGB,Hemoglobin,11.8,g/dL,12,17.5,L,Routine,2024-01-24 16:14,2024-01-24 16:47,2024-01-24 20:43
LAB701827,ENC100794,PT10769,GLU,Glucose,240,mg/dL,70,99,H,STAT,2024-01-24 11:58,2024-01-24 12:12,2024-01-24 12:57
LAB701828,ENC100794,PT10769,CREAT,Creatinine,1.13,mg/dL,0.6,1.3,N,STAT,2024-01-24 12:25,2024-01-24 12:59,2024-01-24 13:27
LAB701829,ENC100794,PT10769,TROP,"Troponin I, High Sensitivity",9,ng/L,0,34,N,STAT,2024-01-24 12:18,2024-01-24 12:30,2024-01-24 13:18
LAB701830,ENC100795,PT12467,GLU,Glucose,275,mg/dL,70,99,H,Routine,2024-01-24 14:44,2024-01-24 14:56,2024-01-24 16:58
LAB701831,ENC100795,PT12467,CREAT,Creatinine,1.12,mg/dL,0.6,1.3,N,Routine,2024-01-24 15:00,2024-01-24 15:20,2024-01-24 18:46
LAB701832,ENC100795,PT12467,WBC,White Blood Cell Count,6.8,K/uL,4.5,11,N,STAT,2024-01-24 14:31,2024-01-24 14:35,2024-01-24 14:59
LAB701833,ENC100795,PT12467,HGB,Hemoglobin,9.4,g/dL,12,17.5,L,Routine,2024-01-24 14:16,2024-01-24 14:41,2024-01-24 17:58
LAB701834,ENC100795,PT12467,BUN,Blood Urea Nitrogen,20,mg/dL,7,20,N,Routine,2024-01-24 14:22,2024-01-24 14:34,2024-01-24 17:04
LAB701835,ENC100795,PT12467,PLT,Platelet Count,290,K/uL,150,400,N,STAT,2024-01-24 14:24,2024-01-24 14:45,2024-01-24 15:35
LAB701836,ENC100798,PT11834,GLU,Glucose,98,mg/dL,70,99,N,STAT,2024-01-24 12:49,2024-01-24 13:22,2024-01-24 14:00
LAB701837,ENC100798,PT11834,CREAT,Creatinine,0.8,mg/dL,0.6,1.3,N,Routine,2024-01-24 13:27,2024-01-24 14:00,2024-01-24 15:54
LAB701838,ENC100798,PT11834,WBC,White Blood Cell Count,7.2,K/uL,4.5,11,N,STAT,2024-01-24 13:06,2024-01-24 13:23,2024-01-24 14:06
LAB701839,ENC100798,PT11834,HGB,Hemoglobin,13.1,g/dL,12,17.5,N,STAT,2024-01-24 12:57,2024-01-24 13:14,2024-01-24 13:46
LAB701840,ENC100798,PT11834,NA,Sodium,119,mmol/L,136,145,LL,STAT,2024-01-24 12:31,2024-01-24 13:06,2024-01-24 13:37
LAB701841,ENC100798,PT11834,K,Potassium,3.8,mmol/L,3.5,5.1,N,STAT,2024-01-24 12:53,2024-01-24 13:27,2024-01-24 14:55
LAB701842,ENC100799,PT11259,INR,Prothrombin Time INR,1.1,ratio,0.8,1.2,N,Routine,2024-01-24 12:24,2024-01-24 12:33,2024-01-24 15:17
LAB701843,ENC100801,PT11803,GLU,Glucose,132,mg/dL,70,99,H,Routine,2024-01-24 13:01,2024-01-24 13:36,2024-01-24 15:41
LAB701844,ENC100801,PT11803,CREAT,Creatinine,0.96,mg/dL,0.6,1.3,N,Routine,2024-01-24 13:02,2024-01-24 13:07,2024-01-24 15:47
LAB701845,ENC100802,PT12317,GLU,Glucose,103,mg/dL,70,99,H,STAT,2024-01-24 12:46,2024-01-24 13:10,2024-01-24 13:46
LAB701846,ENC100802,PT12317,CREAT,Creatinine,0.44,mg/dL,0.6,1.3,L,STAT,2024-01-24 13:41,2024-01-24 14:15,2024-01-24 15:09
LAB701847,ENC100802,PT12317,WBC,White Blood Cell Count,7.8,K/uL,4.5,11,N,Routine,2024-01-24 13:01,2024-01-24 13:11,2024-01-24 16:47
LAB701848,ENC100802,PT12317,TROP,"Troponin I, High Sensitivity",1,ng/L,0,34,N,STAT,2024-01-24 13:24,2024-01-24 13:35,2024-01-24 14:06
LAB701849,ENC100803,PT10658,GLU,Glucose,77,mg/dL,70,99,N,Routine,2024-01-24 17:06,2024-01-24 17:36,2024-01-24 20:06
LAB701850,ENC100803,PT10658,CREAT,Creatinine,1.08,mg/dL,0.6,1.3,N,STAT,2024-01-24 17:46,2024-01-24 18:19,2024-01-24 20:10
LAB701851,ENC100803,PT10658,WBC,White Blood Cell Count,10.8,K/uL,4.5,11,N,Routine,2024-01-24 18:01,2024-01-24 18:09,2024-01-24 19:54
LAB701852,ENC100803,PT10658,HGB,Hemoglobin,13.9,g/dL,12,17.5,N,STAT,2024-01-24 17:02,2024-01-24 17:11,2024-01-24 18:17
LAB701853,ENC100803,PT10658,BUN,Blood Urea Nitrogen,2,mg/dL,7,20,L,STAT,2024-01-24 17:22,2024-01-24 17:46,2024-01-24 19:16
LAB701854,ENC100803,PT10658,PLT,Platelet Count,253,K/uL,150,400,N,Routine,2024-01-24 17:51,2024-01-24 18:15,2024-01-24 20:46
LAB701855,ENC100804,PT13756,GLU,Glucose,108,mg/dL,70,99,H,STAT,2024-01-24 17:03,2024-01-24 17:22,2024-01-24 18:14
LAB701856,ENC100804,PT13756,CREAT,Creatinine,0.94,mg/dL,0.6,1.3,N,STAT,2024-01-24 16:44,2024-01-24 17:00,2024-01-24 17:45
LAB701857,ENC100804,PT13756,WBC,White Blood Cell Count,9,K/uL,4.5,11,N,STAT,2024-01-24 17:05,2024-01-24 17:22,2024-01-24 17:58
LAB701858,ENC100804,PT13756,HGB,Hemoglobin,15.7,g/dL,12,17.5,N,STAT,2024-01-24 16:50,2024-01-24 17:13,2024-01-24 18:04
LAB701859,ENC100805,PT10893,INR,Prothrombin Time INR,1.5,ratio,0.8,1.2,H,Routine,2024-01-24 13:11,2024-01-24 13:40,2024-01-24 15:48
LAB701860,ENC100808,PT10453,LDL,LDL Cholesterol,89,mg/dL,0,99,N,Routine,2024-01-24 15:08,2024-01-24 15:43,2024-01-25 17:17
LAB701861,ENC100808,PT10453,TSH,Thyroid Stimulating Hormone,1.62,mIU/L,0.4,4,N,Routine,2024-01-24 15:13,2024-01-24 15:24,2024-01-25 01:43
LAB701862,ENC100809,PT12801,GLU,Glucose,83,mg/dL,70,99,N,Routine,2024-01-24 16:44,2024-01-24 16:51,2024-01-24 19:50
LAB701863,ENC100809,PT12801,CREAT,Creatinine,0.95,mg/dL,0.6,1.3,N,STAT,2024-01-24 17:03,2024-01-24 17:26,2024-01-24 17:59
LAB701864,ENC100809,PT12801,WBC,White Blood Cell Count,13.5,K/uL,4.5,11,H,Routine,2024-01-24 16:37,2024-01-24 17:00,2024-01-24 18:42
LAB701865,ENC100812,PT13853,GLU,Glucose,179,mg/dL,70,99,H,STAT,2024-01-24 20:39,2024-01-24 21:11,2024-01-24 22:37
LAB701866,ENC100812,PT13853,CREAT,Creatinine,0.48,mg/dL,0.6,1.3,L,Routine,2024-01-24 20:31,2024-01-24 20:54,2024-01-25 02:24
LAB701867,ENC100812,PT13853,WBC,White Blood Cell Count,15.3,K/uL,4.5,11,H,STAT,2024-01-24 20:42,2024-01-24 21:16,2024-01-24 22:27
LAB701868,ENC100812,PT13853,HGB,Hemoglobin,12.2,g/dL,12,17.5,N,Routine,2024-01-24 20:29,2024-01-24 20:41,2024-01-24 22:23
LAB701869,ENC100812,PT13853,LACT,Lactate,2.4,mmol/L,0.5,2,H,STAT,2024-01-24 20:38,2024-01-24 21:11,2024-01-24 21:56
LAB701870,ENC100813,PT13613,WBC,White Blood Cell Count,7.2,K/uL,4.5,11,N,Routine,2024-01-24 16:40,2024-01-24 17:06,2024-01-24 18:10
LAB701871,ENC100813,PT13613,HGB,Hemoglobin,14.5,g/dL,12,17.5,N,Routine,2024-01-24 16:56,2024-01-24 17:01,2024-01-24 20:13
LAB701872,ENC100813,PT13613,PLT,Platelet Count,218,K/uL,150,400,N,Routine,2024-01-24 16:38,2024-01-24 17:02,2024-01-24 18:55
LAB701873,ENC100817,PT10667,GLU,Glucose,102,mg/dL,70,99,H,Routine,2024-01-24 19:09,2024-01-24 19:26,2024-01-24 21:27
LAB701874,ENC100817,PT10667,CREAT,Creatinine,0.93,mg/dL,0.6,1.3,N,STAT,2024-01-24 19:19,2024-01-24 19:48,2024-01-24 20:26
LAB701875,ENC100817,PT10667,WBC,White Blood Cell Count,8.3,K/uL,4.5,11,N,STAT,2024-01-24 19:01,2024-01-24 19:11,2024-01-24 20:00
LAB701876,ENC100817,PT10667,HGB,Hemoglobin,14.3,g/dL,12,17.5,N,STAT,2024-01-24 19:09,2024-01-24 19:38,2024-01-24 20:30
LAB701877,ENC100818,PT13256,GLU,Glucose,127,mg/dL,70,99,H,STAT,2024-01-24 20:56,2024-01-24 21:02,2024-01-24 21:54
LAB701878,ENC100818,PT13256,CREAT,Creatinine,1.2,mg/dL,0.6,1.3,N,Routine,2024-01-24 20:41,2024-01-24 20:56,2024-01-25 00:40
LAB701879,ENC100818,PT13256,WBC,White Blood Cell Count,9.8,K/uL,4.5,11,N,STAT,2024-01-24 21:17,2024-01-24 21:25,2024-01-24 22:16
LAB701880,ENC100818,PT13256,HGB,Hemoglobin,14.7,g/dL,12,17.5,N,Routine,2024-01-24 20:31,2024-01-24 20:36,2024-01-24 23:50
LAB701881,ENC100819,PT10655,GLU,Glucose,339,mg/dL,70,99,H,Routine,2024-01-24 23:26,2024-01-24 23:54,2024-01-25 01:34
LAB701882,ENC100819,PT10655,CREAT,Creatinine,0.61,mg/dL,0.6,1.3,N,STAT,2024-01-24 23:51,2024-01-25 00:26,2024-01-25 01:04
LAB701883,ENC100819,PT10655,WBC,White Blood Cell Count,7,K/uL,4.5,11,N,Routine,2024-01-24 23:01,2024-01-24 23:35,2024-01-25 02:23
LAB701884,ENC100819,PT10655,HGB,Hemoglobin,11.7,g/dL,12,17.5,L,Routine,2024-01-24 23:01,2024-01-24 23:33,2024-01-25 01:55
LAB701885,ENC100819,PT10655,NA,Sodium,139,mmol/L,136,145,N,Routine,2024-01-24 23:50,2024-01-25 00:19,2024-01-25 07:04
LAB701886,ENC100819,PT10655,K,Potassium,4.4,mmol/L,3.5,5.1,N,STAT,2024-01-24 23:14,2024-01-24 23:34,2024-01-25 00:26
LAB701887,ENC100819,PT10655,A1C,Hemoglobin A1c,9.1,%,4,5.6,H,Routine,2024-01-24 23:09,2024-01-24 23:14,2024-01-25 16:20
LAB701888,ENC100820,PT12601,GLU,Glucose,98,mg/dL,70,99,N,STAT,2024-01-24 23:55,2024-01-25 00:11,2024-01-25 00:41
LAB701889,ENC100820,PT12601,CREAT,Creatinine,1.01,mg/dL,0.6,1.3,N,STAT,2024-01-25 00:07,2024-01-25 00:19,2024-01-25 01:06
LAB701890,ENC100820,PT12601,WBC,White Blood Cell Count,3.7,K/uL,4.5,11,L,Routine,2024-01-25 00:16,2024-01-25 00:20,2024-01-25 05:49
LAB701891,ENC100820,PT12601,HGB,Hemoglobin,14.1,g/dL,12,17.5,N,Routine,2024-01-24 23:31,2024-01-24 23:46,2024-01-25 02:27
LAB701892,ENC100821,PT11696,GLU,Glucose,194,mg/dL,70,99,H,STAT,2024-01-24 23:36,2024-01-24 23:47,2024-01-25 00:23
LAB701893,ENC100821,PT11696,CREAT,Creatinine,1.11,mg/dL,0.6,1.3,N,STAT,2024-01-24 23:37,2024-01-25 00:05,2024-01-25 00:28
LAB701894,ENC100821,PT11696,WBC,White Blood Cell Count,6,K/uL,4.5,11,N,STAT,2024-01-24 23:41,2024-01-24 23:55,2024-01-25 00:29
LAB701895,ENC100821,PT11696,HGB,Hemoglobin,16.8,g/dL,12,17.5,N,Routine,2024-01-25 00:23,2024-01-25 00:44,2024-01-25 04:19
LAB701896,ENC100821,PT11696,NA,Sodium,145,mmol/L,136,145,N,Routine,2024-01-25 00:16,2024-01-25 00:35,2024-01-25 03:00
LAB701897,ENC100821,PT11696,K,Potassium,4.2,mmol/L,3.5,5.1,N,STAT,2024-01-25 00:41,2024-01-25 00:56,2024-01-25 02:00
LAB701898,ENC100823,PT11516,GLU,Glucose,116,mg/dL,70,99,H,STAT,2024-01-24 21:50,2024-01-24 21:59,2024-01-24 22:54
LAB701899,ENC100823,PT11516,CREAT,Creatinine,0.96,mg/dL,0.6,1.3,N,STAT,2024-01-24 20:52,2024-01-24 20:59,2024-01-24 21:39
LAB701900,ENC100823,PT11516,WBC,White Blood Cell Count,7.8,K/uL,4.5,11,N,STAT,2024-01-24 21:42,2024-01-24 22:16,2024-01-24 23:38
LAB701901,ENC100823,PT11516,HGB,Hemoglobin,15.2,g/dL,12,17.5,N,Routine,2024-01-24 21:09,2024-01-24 21:29,2024-01-25 01:07
LAB701902,ENC100823,PT11516,BUN,Blood Urea Nitrogen,15,mg/dL,7,20,N,Routine,2024-01-24 21:26,2024-01-24 21:49,2024-01-25 00:06
LAB701903,ENC100823,PT11516,PLT,Platelet Count,293,K/uL,150,400,N,STAT,2024-01-24 21:28,2024-01-24 21:52,2024-01-24 22:42
LAB701904,ENC100824,PT13496,GLU,Glucose,79,mg/dL,70,99,N,STAT,2024-01-25 01:53,2024-01-25 02:18,2024-01-25 03:16
LAB701905,ENC100824,PT13496,CREAT,Creatinine,0.45,mg/dL,0.6,1.3,L,Routine,2024-01-25 02:22,2024-01-25 02:38,2024-01-25 05:02
LAB701906,ENC100824,PT13496,WBC,White Blood Cell Count,9.1,K/uL,4.5,11,N,Routine,2024-01-25 02:17,2024-01-25 02:31,2024-01-25 05:21
LAB701907,ENC100824,PT13496,HGB,Hemoglobin,12.5,g/dL,12,17.5,N,Routine,2024-01-25 01:33,2024-01-25 01:51,2024-01-25 03:16
LAB701908,ENC100825,PT11745,GLU,Glucose,97,mg/dL,70,99,N,STAT,2024-01-24 21:53,2024-01-24 22:07,2024-01-24 23:35
LAB701909,ENC100825,PT11745,CREAT,Creatinine,0.43,mg/dL,0.6,1.3,L,STAT,2024-01-24 21:57,2024-01-24 22:23,2024-01-24 23:19
LAB701910,ENC100825,PT11745,WBC,White Blood Cell Count,7.1,K/uL,4.5,11,N,STAT,2024-01-24 21:47,2024-01-24 21:58,2024-01-24 22:58
LAB701911,ENC100825,PT11745,HGB,Hemoglobin,11.9,g/dL,12,17.5,L,STAT,2024-01-24 22:39,2024-01-24 22:56,2024-01-24 23:16
LAB701912,ENC100826,PT10236,GLU,Glucose,137,mg/dL,70,99,H,STAT,2024-01-25 00:11,2024-01-25 00:41,2024-01-25 01:35
LAB701913,ENC100826,PT10236,CREAT,Creatinine,0.89,mg/dL,0.6,1.3,N,Routine,2024-01-25 00:53,2024-01-25 01:26,2024-01-25 08:21
LAB701914,ENC100826,PT10236,WBC,White Blood Cell Count,9.5,K/uL,4.5,11,N,STAT,2024-01-25 00:56,2024-01-25 01:13,2024-01-25 02:27
LAB701915,ENC100826,PT10236,HGB,Hemoglobin,12.5,g/dL,12,17.5,N,STAT,2024-01-25 00:17,2024-01-25 00:42,2024-01-25 01:21
LAB701916,ENC100826,PT10236,NA,Sodium,134,mmol/L,136,145,L,STAT,2024-01-25 00:04,2024-01-25 00:39,2024-01-25 01:31
LAB701917,ENC100826,PT10236,K,Potassium,4.6,mmol/L,3.5,5.1,N,STAT,2024-01-25 00:19,2024-01-25 00:33,2024-01-25 01:58
LAB701918,ENC100826,PT10236,LACT,Lactate,5.7,mmol/L,0.5,2,HH,STAT,2024-01-25 00:32,2024-01-25 01:04,2024-01-25 01:47
LAB701919,ENC100828,PT13372,GLU,Glucose,106,mg/dL,70,99,H,STAT,2024-01-25 09:47,2024-01-25 10:12,2024-01-25 10:44
LAB701920,ENC100828,PT13372,CREAT,Creatinine,1.14,mg/dL,0.6,1.3,N,STAT,2024-01-25 09:14,2024-01-25 09:34,2024-01-25 10:38
LAB701921,ENC100828,PT13372,WBC,White Blood Cell Count,7.5,K/uL,4.5,11,N,STAT,2024-01-25 09:24,2024-01-25 09:42,2024-01-25 10:53
LAB701922,ENC100828,PT13372,HGB,Hemoglobin,13,g/dL,12,17.5,N,Routine,2024-01-25 09:22,2024-01-25 09:32,2024-01-25 11:21
LAB701923,ENC100828,PT13372,BUN,Blood Urea Nitrogen,8,mg/dL,7,20,N,Routine,2024-01-25 08:56,2024-01-25 09:18,2024-01-25 11:29
LAB701924,ENC100828,PT13372,PLT,Platelet Count,276,K/uL,150,400,N,Routine,2024-01-25 09:57,2024-01-25 10:09,2024-01-25 12:58
LAB701925,ENC100828,PT13372,LACT,Lactate,1.8,mmol/L,0.5,2,N,STAT,2024-01-25 09:33,2024-01-25 09:52,2024-01-25 10:45
LAB701926,ENC100829,PT12605,GLU,Glucose,107,mg/dL,70,99,H,STAT,2024-01-25 10:36,2024-01-25 10:52,2024-01-25 11:32
LAB701927,ENC100829,PT12605,CREAT,Creatinine,0.81,mg/dL,0.6,1.3,N,Routine,2024-01-25 10:43,2024-01-25 10:59,2024-01-25 14:00
LAB701928,ENC100829,PT12605,WBC,White Blood Cell Count,14.1,K/uL,4.5,11,H,STAT,2024-01-25 09:57,2024-01-25 10:14,2024-01-25 10:50
LAB701929,ENC100829,PT12605,HGB,Hemoglobin,14.5,g/dL,12,17.5,N,Routine,2024-01-25 10:06,2024-01-25 10:30,2024-01-25 12:44
LAB701930,ENC100831,PT10143,LDL,LDL Cholesterol,114,mg/dL,0,99,H,Routine,2024-01-25 10:44,2024-01-25 11:03,2024-01-26 02:36
LAB701931,ENC100831,PT10143,A1C,Hemoglobin A1c,9.9,%,4,5.6,H,Routine,2024-01-25 11:00,2024-01-25 11:07,2024-01-26 09:16
LAB701932,ENC100832,PT10330,GLU,Glucose,192,mg/dL,70,99,H,STAT,2024-01-25 14:07,2024-01-25 14:13,2024-01-25 15:01
LAB701933,ENC100832,PT10330,CREAT,Creatinine,1.83,mg/dL,0.6,1.3,H,Routine,2024-01-25 14:12,2024-01-25 14:33,2024-01-25 18:35
LAB701934,ENC100832,PT10330,WBC,White Blood Cell Count,27.7,K/uL,4.5,11,H,Routine,2024-01-25 14:48,2024-01-25 14:59,2024-01-25 17:04
LAB701935,ENC100832,PT10330,HGB,Hemoglobin,12.1,g/dL,12,17.5,N,Routine,2024-01-25 14:59,2024-01-25 15:13,2024-01-25 17:11
LAB701936,ENC100832,PT10330,LACT,Lactate,4.7,mmol/L,0.5,2,HH,STAT,2024-01-25 14:47,2024-01-25 15:15,2024-01-25 16:21
LAB701937,ENC100833,PT12060,GLU,Glucose,110,mg/dL,70,99,H,Routine,2024-01-25 11:08,2024-01-25 11:19,2024-01-25 14:34
LAB701938,ENC100833,PT12060,CREAT,Creatinine,0.98,mg/dL,0.6,1.3,N,STAT,2024-01-25 11:12,2024-01-25 11:34,2024-01-25 12:43
LAB701939,ENC100833,PT12060,WBC,White Blood Cell Count,12.6,K/uL,4.5,11,H,Routine,2024-01-25 11:04,2024-01-25 11:28,2024-01-25 15:52
LAB701940,ENC100833,PT12060,HGB,Hemoglobin,13,g/dL,12,17.5,N,STAT,2024-01-25 11:48,2024-01-25 12:06,2024-01-25 12:40
LAB701941,ENC100834,PT12778,GLU,Glucose,109,mg/dL,70,99,H,Routine,2024-01-25 14:36,2024-01-25 15:09,2024-01-25 17:59
LAB701942,ENC100834,PT12778,CREAT,Creatinine,1.07,mg/dL,0.6,1.3,N,STAT,2024-01-25 14:32,2024-01-25 14:45,2024-01-25 15:41
LAB701943,ENC100834,PT12778,WBC,White Blood Cell Count,14.2,K/uL,4.5,11,H,Routine,2024-01-25 15:10,2024-01-25 15:34,2024-01-25 17:56
LAB701944,ENC100834,PT12778,HGB,Hemoglobin,15.7,g/dL,12,17.5,N,Routine,2024-01-25 14:38,2024-01-25 14:43,2024-01-25 16:14
LAB701945,ENC100835,PT11216,A1C,Hemoglobin A1c,10.3,%,4,5.6,H,Routine,2024-01-25 11:59,2024-01-25 12:13,2024-01-25 20:38
LAB701946,ENC100835,PT11216,GLU,Glucose,417,mg/dL,70,99,H,Routine,2024-01-25 11:46,2024-01-25 11:50,2024-01-25 13:46
LAB701947,ENC100835,PT11216,CREAT,Creatinine,0.74,mg/dL,0.6,1.3,N,Routine,2024-01-25 11:58,2024-01-25 12:02,2024-01-25 14:54
LAB701948,ENC100837,PT10781,GLU,Glucose,86,mg/dL,70,99,N,Routine,2024-01-25 15:12,2024-01-25 15:23,2024-01-25 18:50
LAB701949,ENC100837,PT10781,CREAT,Creatinine,0.73,mg/dL,0.6,1.3,N,STAT,2024-01-25 15:13,2024-01-25 15:45,2024-01-25 16:23
LAB701950,ENC100837,PT10781,WBC,White Blood Cell Count,16,K/uL,4.5,11,H,STAT,2024-01-25 15:27,2024-01-25 15:41,2024-01-25 16:57
LAB701951,ENC100837,PT10781,HGB,Hemoglobin,14.4,g/dL,12,17.5,N,Routine,2024-01-25 15:27,2024-01-25 15:33,2024-01-25 17:21
LAB701952,ENC100838,PT13782,GLU,Glucose,148,mg/dL,70,99,H,STAT,2024-01-25 16:37,2024-01-25 17:06,2024-01-25 18:26
LAB701953,ENC100838,PT13782,CREAT,Creatinine,2.21,mg/dL,0.6,1.3,H,STAT,2024-01-25 16:30,2024-01-25 16:50,2024-01-25 17:23
LAB701954,ENC100838,PT13782,WBC,White Blood Cell Count,18.7,K/uL,4.5,11,H,STAT,2024-01-25 16:14,2024-01-25 16:40,2024-01-25 17:40
LAB701955,ENC100838,PT13782,HGB,Hemoglobin,13.6,g/dL,12,17.5,N,STAT,2024-01-25 15:59,2024-01-25 16:32,2024-01-25 17:08
LAB701956,ENC100838,PT13782,LACT,Lactate,4.2,mmol/L,0.5,2,HH,STAT,2024-01-25 16:42,2024-01-25 17:13,2024-01-25 17:47
LAB701957,ENC100839,PT10595,GLU,Glucose,138,mg/dL,70,99,H,Routine,2024-01-25 15:49,2024-01-25 16:23,2024-01-25 18:15
LAB701958,ENC100839,PT10595,CREAT,Creatinine,2.46,mg/dL,0.6,1.3,H,Routine,2024-01-25 15:47,2024-01-25 15:56,2024-01-25 18:23
LAB701959,ENC100839,PT10595,WBC,White Blood Cell Count,8.2,K/uL,4.5,11,N,STAT,2024-01-25 16:16,2024-01-25 16:22,2024-01-25 16:58
LAB701960,ENC100839,PT10595,HGB,Hemoglobin,10.7,g/dL,12,17.5,L,STAT,2024-01-25 15:49,2024-01-25 15:53,2024-01-25 16:48
LAB701961,ENC100839,PT10595,NA,Sodium,140,mmol/L,136,145,N,STAT,2024-01-25 15:23,2024-01-25 15:51,2024-01-25 17:07
LAB701962,ENC100839,PT10595,K,Potassium,4.7,mmol/L,3.5,5.1,N,STAT,2024-01-25 16:18,2024-01-25 16:31,2024-01-25 17:15
LAB701963,ENC100843,PT13169,WBC,White Blood Cell Count,6.6,K/uL,4.5,11,N,Routine,2024-01-25 14:00,2024-01-25 14:27,2024-01-25 17:43
LAB701964,ENC100843,PT13169,HGB,Hemoglobin,10.7,g/dL,12,17.5,L,Routine,2024-01-25 14:01,2024-01-25 14:23,2024-01-25 17:25
LAB701965,ENC100843,PT13169,PLT,Platelet Count,180,K/uL,150,400,N,Routine,2024-01-25 13:52,2024-01-25 14:08,2024-01-25 17:06
LAB701966,ENC100844,PT10719,A1C,Hemoglobin A1c,8.1,%,4,5.6,H,Routine,2024-01-25 14:31,2024-01-25 14:45,2024-01-26 10:04
LAB701967,ENC100844,PT10719,GLU,Glucose,188,mg/dL,70,99,H,Routine,2024-01-25 14:31,2024-01-25 14:43,2024-01-25 16:00
LAB701968,ENC100844,PT10719,CREAT,Creatinine,1.07,mg/dL,0.6,1.3,N,Routine,2024-01-25 14:32,2024-01-25 14:59,2024-01-25 18:08
LAB701969,ENC100846,PT11675,GLU,Glucose,123,mg/dL,70,99,H,STAT,2024-01-25 19:54,2024-01-25 20:16,2024-01-25 20:51
LAB701970,ENC100846,PT11675,CREAT,Creatinine,0.61,mg/dL,0.6,1.3,N,STAT,2024-01-25 20:21,2024-01-25 20:45,2024-01-25 21:21
LAB701971,ENC100846,PT11675,WBC,White Blood Cell Count,3.6,K/uL,4.5,11,L,STAT,2024-01-25 19:47,2024-01-25 20:17,2024-01-25 20:55
LAB701972,ENC100846,PT11675,HGB,Hemoglobin,13.1,g/dL,12,17.5,N,Routine,2024-01-25 20:22,2024-01-25 20:57,2024-01-25 23:28
LAB701973,ENC100847,PT10559,GLU,Glucose,81,mg/dL,70,99,N,STAT,2024-01-25 15:46,2024-01-25 16:17,2024-01-25 16:53
LAB701974,ENC100847,PT10559,CREAT,Creatinine,0.9,mg/dL,0.6,1.3,N,STAT,2024-01-25 15:45,2024-01-25 16:14,2024-01-25 16:48
LAB701975,ENC100847,PT10559,WBC,White Blood Cell Count,10.8,K/uL,4.5,11,N,STAT,2024-01-25 16:16,2024-01-25 16:24,2024-01-25 17:18
LAB701976,ENC100847,PT10559,HGB,Hemoglobin,13.2,g/dL,12,17.5,N,STAT,2024-01-25 16:11,2024-01-25 16:43,2024-01-25 17:28
LAB701977,ENC100852,PT11673,A1C,Hemoglobin A1c,5.4,%,4,5.6,N,Routine,2024-01-25 16:45,2024-01-25 17:07,2024-01-26 01:52
LAB701978,ENC100853,PT10454,GLU,Glucose,104,mg/dL,70,99,H,Routine,2024-01-25 20:48,2024-01-25 21:05,2024-01-25 22:44
LAB701979,ENC100853,PT10454,CREAT,Creatinine,1.28,mg/dL,0.6,1.3,N,STAT,2024-01-25 20:21,2024-01-25 20:53,2024-01-25 21:17
LAB701980,ENC100853,PT10454,WBC,White Blood Cell Count,5.6,K/uL,4.5,11,N,STAT,2024-01-25 20:40,2024-01-25 21:03,2024-01-25 22:10
LAB701981,ENC100853,PT10454,HGB,Hemoglobin,8.5,g/dL,12,17.5,L,STAT,2024-01-25 20:33,2024-01-25 21:07,2024-01-25 21:44
LAB701982,ENC100853,PT10454,NA,Sodium,143,mmol/L,136,145,N,Routine,2024-01-25 20:33,2024-01-25 20:42,2024-01-25 22:13
LAB701983,ENC100853,PT10454,K,Potassium,4.8,mmol/L,3.5,5.1,N,STAT,2024-01-25 20:07,2024-01-25 20:30,2024-01-25 21:08
LAB701984,ENC100853,PT10454,BUN,Blood Urea Nitrogen,16,mg/dL,7,20,N,Routine,2024-01-25 20:45,2024-01-25 20:49,2024-01-25 22:25
LAB701985,ENC100853,PT10454,PLT,Platelet Count,323,K/uL,150,400,N,STAT,2024-01-25 19:45,2024-01-25 19:55,2024-01-25 20:34
LAB701986,ENC100853,PT10454,LACT,Lactate,2.1,mmol/L,0.5,2,H,STAT,2024-01-25 20:21,2024-01-25 20:44,2024-01-25 21:19
LAB701987,ENC100853,PT10454,INR,Prothrombin Time INR,1,ratio,0.8,1.2,N,STAT,2024-01-25 19:47,2024-01-25 20:00,2024-01-25 20:43
LAB701988,ENC100855,PT11873,GLU,Glucose,121,mg/dL,70,99,H,STAT,2024-01-25 22:21,2024-01-25 22:33,2024-01-25 23:30
LAB701989,ENC100855,PT11873,CREAT,Creatinine,1.1,mg/dL,0.6,1.3,N,STAT,2024-01-25 21:53,2024-01-25 22:24,2024-01-25 22:50
LAB701990,ENC100855,PT11873,WBC,White Blood Cell Count,7.2,K/uL,4.5,11,N,Routine,2024-01-25 21:58,2024-01-25 22:31,2024-01-26 00:17
LAB701991,ENC100855,PT11873,HGB,Hemoglobin,12.6,g/dL,12,17.5,N,Routine,2024-01-25 22:20,2024-01-25 22:48,2024-01-26 00:35
LAB701992,ENC100856,PT13821,GLU,Glucose,113,mg/dL,70,99,H,Routine,2024-01-25 18:19,2024-01-25 18:46,2024-01-25 22:22
LAB701993,ENC100856,PT13821,CREAT,Creatinine,0.87,mg/dL,0.6,1.3,N,STAT,2024-01-25 17:28,2024-01-25 17:57,2024-01-25 18:39
LAB701994,ENC100856,PT13821,WBC,White Blood Cell Count,6.7,K/uL,4.5,11,N,STAT,2024-01-25 18:24,2024-01-25 18:36,2024-01-25 19:15
LAB701995,ENC100856,PT13821,HGB,Hemoglobin,11.9,g/dL,12,17.5,L,STAT,2024-01-25 17:45,2024-01-25 18:06,2024-01-25 18:39
LAB701996,ENC100857,PT11107,GLU,Glucose,119,mg/dL,70,99,H,Routine,2024-01-25 21:20,2024-01-25 21:37,2024-01-26 01:02
LAB701997,ENC100857,PT11107,CREAT,Creatinine,1.22,mg/dL,0.6,1.3,N,Routine,2024-01-25 21:53,2024-01-25 22:26,2024-01-26 00:24
LAB701998,ENC100857,PT11107,WBC,White Blood Cell Count,12,K/uL,4.5,11,H,STAT,2024-01-25 21:25,2024-01-25 21:51,2024-01-25 22:20
LAB701999,ENC100857,PT11107,HGB,Hemoglobin,14.3,g/dL,12,17.5,N,Routine,2024-01-25 21:31,2024-01-25 21:49,2024-01-25 23:41
LAB702000,ENC100858,PT11848,GLU,Glucose,80,mg/dL,70,99,N,STAT,2024-01-25 23:30,2024-01-25 23:56,2024-01-26 01:36
LAB702001,ENC100858,PT11848,CREAT,Creatinine,1.13,mg/dL,0.6,1.3,N,STAT,2024-01-25 23:44,2024-01-25 23:49,2024-01-26 01:13
LAB702002,ENC100858,PT11848,WBC,White Blood Cell Count,3.5,K/uL,4.5,11,L,Routine,2024-01-25 23:24,2024-01-25 23:28,2024-01-26 03:31
LAB702003,ENC100858,PT11848,HGB,Hemoglobin,11.7,g/dL,12,17.5,L,STAT,2024-01-25 23:30,2024-01-25 23:49,2024-01-26 00:22
LAB702004,ENC100858,PT11848,NA,Sodium,140,mmol/L,136,145,N,Routine,2024-01-25 23:28,2024-01-25 23:59,2024-01-26 05:43
LAB702005,ENC100858,PT11848,K,Potassium,4.6,mmol/L,3.5,5.1,N,STAT,2024-01-25 23:30,2024-01-26 00:03,2024-01-26 00:34
LAB702006,ENC100858,PT11848,TROP,"Troponin I, High Sensitivity",11,ng/L,0,34,N,STAT,2024-01-25 23:45,2024-01-26 00:08,2024-01-26 00:49
LAB702007,ENC100858,PT11848,BNP,B-Type Natriuretic Peptide,813,pg/mL,0,100,H,STAT,2024-01-25 23:11,2024-01-25 23:33,2024-01-26 00:02
LAB702008,ENC100859,PT10594,GLU,Glucose,101,mg/dL,70,99,H,STAT,2024-01-26 04:13,2024-01-26 04:28,2024-01-26 05:45
LAB702009,ENC100859,PT10594,CREAT,Creatinine,1.09,mg/dL,0.6,1.3,N,STAT,2024-01-26 03:25,2024-01-26 03:44,2024-01-26 04:58
LAB702010,ENC100859,PT10594,WBC,White Blood Cell Count,6.8,K/uL,4.5,11,N,STAT,2024-01-26 03:53,2024-01-26 04:15,2024-01-26 05:17
LAB702011,ENC100859,PT10594,HGB,Hemoglobin,12.9,g/dL,12,17.5,N,Routine,2024-01-26 03:17,2024-01-26 03:39,2024-01-26 05:52
LAB702012,ENC100860,PT13651,GLU,Glucose,55,mg/dL,70,99,L,STAT,2024-01-26 00:25,2024-01-26 00:31,2024-01-26 01:48
LAB702013,ENC100860,PT13651,CREAT,Creatinine,1.23,mg/dL,0.6,1.3,N,STAT,2024-01-26 00:54,2024-01-26 01:16,2024-01-26 02:27
LAB702014,ENC100860,PT13651,WBC,White Blood Cell Count,7.4,K/uL,4.5,11,N,STAT,2024-01-26 00:03,2024-01-26 00:35,2024-01-26 01:45
LAB702015,ENC100861,PT10450,GLU,Glucose,80,mg/dL,70,99,N,Routine,2024-01-26 03:40,2024-01-26 04:05,2024-01-26 07:51
LAB702016,ENC100861,PT10450,CREAT,Creatinine,1.11,mg/dL,0.6,1.3,N,Routine,2024-01-26 04:07,2024-01-26 04:17,2024-01-26 08:42
LAB702017,ENC100861,PT10450,WBC,White Blood Cell Count,11.7,K/uL,4.5,11,H,STAT,2024-01-26 04:27,2024-01-26 04:37,2024-01-26 05:37
LAB702018,ENC100861,PT10450,HGB,Hemoglobin,15.4,g/dL,12,17.5,N,Routine,2024-01-26 04:13,2024-01-26 04:46,2024-01-26 07:47
LAB702019,ENC100861,PT10450,NA,Sodium,140,mmol/L,136,145,N,Routine,2024-01-26 04:09,2024-01-26 04:38,2024-01-26 08:59
LAB702020,ENC100861,PT10450,K,Potassium,4.6,mmol/L,3.5,5.1,N,STAT,2024-01-26 04:03,2024-01-26 04:19,2024-01-26 04:56
LAB702021,ENC100862,PT13545,TROP,"Troponin I, High Sensitivity",10,ng/L,0,34,N,STAT,2024-01-26 03:10,2024-01-26 03:24,2024-01-26 04:01
LAB702022,ENC100863,PT11408,GLU,Glucose,121,mg/dL,70,99,H,STAT,2024-01-26 05:34,2024-01-26 05:42,2024-01-26 06:13
LAB702023,ENC100863,PT11408,CREAT,Creatinine,0.35,mg/dL,0.6,1.3,L,STAT,2024-01-26 06:16,2024-01-26 06:48,2024-01-26 07:25
LAB702024,ENC100863,PT11408,WBC,White Blood Cell Count,8.3,K/uL,4.5,11,N,STAT,2024-01-26 05:30,2024-01-26 05:57,2024-01-26 06:31
LAB702025,ENC100863,PT11408,HGB,Hemoglobin,12.2,g/dL,12,17.5,N,STAT,2024-01-26 05:40,2024-01-26 06:07,2024-01-26 07:21
LAB702026,ENC100864,PT10766,GLU,Glucose,140,mg/dL,70,99,H,STAT,2024-01-26 04:56,2024-01-26 05:09,2024-01-26 05:48
LAB702027,ENC100864,PT10766,CREAT,Creatinine,0.73,mg/dL,0.6,1.3,N,Routine,2024-01-26 04:59,2024-01-26 05:28,2024-01-26 09:24
LAB702028,ENC100864,PT10766,WBC,White Blood Cell Count,8,K/uL,4.5,11,N,STAT,2024-01-26 04:47,2024-01-26 04:55,2024-01-26 05:43
LAB702029,ENC100864,PT10766,HGB,Hemoglobin,11.5,g/dL,12,17.5,L,STAT,2024-01-26 04:41,2024-01-26 05:08,2024-01-26 05:59
LAB702030,ENC100864,PT10766,TROP,"Troponin I, High Sensitivity",1,ng/L,0,34,N,STAT,2024-01-26 04:39,2024-01-26 05:01,2024-01-26 05:30
LAB702031,ENC100865,PT13836,GLU,Glucose,100,mg/dL,70,99,H,STAT,2024-01-26 06:27,2024-01-26 06:37,2024-01-26 07:23
LAB702032,ENC100865,PT13836,CREAT,Creatinine,1.26,mg/dL,0.6,1.3,N,STAT,2024-01-26 05:19,2024-01-26 05:49,2024-01-26 06:26
LAB702033,ENC100865,PT13836,WBC,White Blood Cell Count,5.9,K/uL,4.5,11,N,Routine,2024-01-26 05:37,2024-01-26 06:12,2024-01-26 10:48
LAB702034,ENC100865,PT13836,HGB,Hemoglobin,13.6,g/dL,12,17.5,N,Routine,2024-01-26 05:22,2024-01-26 05:38,2024-01-26 06:47
LAB702035,ENC100867,PT13991,INR,Prothrombin Time INR,1.1,ratio,0.8,1.2,N,Routine,2024-01-26 08:21,2024-01-26 08:42,2024-01-26 12:11
LAB702036,ENC100874,PT12238,GLU,Glucose,129,mg/dL,70,99,H,STAT,2024-01-26 13:30,2024-01-26 13:59,2024-01-26 15:08
LAB702037,ENC100874,PT12238,CREAT,Creatinine,1.19,mg/dL,0.6,1.3,N,STAT,2024-01-26 14:18,2024-01-26 14:28,2024-01-26 14:45
LAB702038,ENC100874,PT12238,WBC,White Blood Cell Count,8.6,K/uL,4.5,11,N,STAT,2024-01-26 13:35,2024-01-26 13:47,2024-01-26 14:43
LAB702039,ENC100874,PT12238,HGB,Hemoglobin,15.9,g/dL,12,17.5,N,STAT,2024-01-26 13:47,2024-01-26 14:01,2024-01-26 14:43
LAB702040,ENC100880,PT11889,A1C,Hemoglobin A1c,5.7,%,4,5.6,H,Routine,2024-01-26 14:41,2024-01-26 14:47,2024-01-27 10:53
LAB702041,ENC100880,PT11889,GLU,Glucose,109,mg/dL,70,99,H,Routine,2024-01-26 14:27,2024-01-26 15:00,2024-01-26 17:29
LAB702042,ENC100880,PT11889,CREAT,Creatinine,1.17,mg/dL,0.6,1.3,N,Routine,2024-01-26 14:35,2024-01-26 14:56,2024-01-26 17:39
LAB702043,ENC100886,PT11135,GLU,Glucose,97,mg/dL,70,99,N,STAT,2024-01-26 20:23,2024-01-26 20:29,2024-01-26 21:28
LAB702044,ENC100886,PT11135,CREAT,Creatinine,3.35,mg/dL,0.6,1.3,H,Routine,2024-01-26 19:52,2024-01-26 20:00,2024-01-26 23:17
LAB702045,ENC100886,PT11135,WBC,White Blood Cell Count,6.9,K/uL,4.5,11,N,STAT,2024-01-26 20:11,2024-01-26 20:23,2024-01-26 21:03
LAB702046,ENC100886,PT11135,HGB,Hemoglobin,12.2,g/dL,12,17.5,N,STAT,2024-01-26 19:39,2024-01-26 20:01,2024-01-26 20:30
LAB702047,ENC100886,PT11135,NA,Sodium,141,mmol/L,136,145,N,STAT,2024-01-26 20:18,2024-01-26 20:34,2024-01-26 21:02
LAB702048,ENC100886,PT11135,K,Potassium,4.9,mmol/L,3.5,5.1,N,STAT,2024-01-26 19:32,2024-01-26 20:02,2024-01-26 20:39
LAB702049,ENC100887,PT13765,GLU,Glucose,130,mg/dL,70,99,H,Routine,2024-01-26 19:51,2024-01-26 20:07,2024-01-27 01:02
LAB702050,ENC100887,PT13765,CREAT,Creatinine,0.81,mg/dL,0.6,1.3,N,STAT,2024-01-26 20:38,2024-01-26 20:49,2024-01-26 21:32
LAB702051,ENC100887,PT13765,WBC,White Blood Cell Count,7.2,K/uL,4.5,11,N,STAT,2024-01-26 19:58,2024-01-26 20:18,2024-01-26 21:35
LAB702052,ENC100887,PT13765,HGB,Hemoglobin,14.6,g/dL,12,17.5,N,STAT,2024-01-26 20:31,2024-01-26 20:51,2024-01-26 21:57
LAB702053,ENC100887,PT13765,NA,Sodium,140,mmol/L,136,145,N,Routine,2024-01-26 20:59,2024-01-26 21:16,2024-01-27 01:43
LAB702054,ENC100887,PT13765,K,Potassium,3.7,mmol/L,3.5,5.1,N,STAT,2024-01-26 20:18,2024-01-26 20:52,2024-01-26 21:14
LAB702055,ENC100889,PT10762,GLU,Glucose,80,mg/dL,70,99,N,STAT,2024-01-27 00:24,2024-01-27 00:43,2024-01-27 01:51
LAB702056,ENC100889,PT10762,CREAT,Creatinine,0.64,mg/dL,0.6,1.3,N,Routine,2024-01-27 00:10,2024-01-27 00:36,2024-01-27 06:51
LAB702057,ENC100889,PT10762,WBC,White Blood Cell Count,9.9,K/uL,4.5,11,N,Routine,2024-01-27 00:04,2024-01-27 00:24,2024-01-27 02:36
LAB702058,ENC100889,PT10762,HGB,Hemoglobin,16.5,g/dL,12,17.5,N,STAT,2024-01-26 23:50,2024-01-26 23:58,2024-01-27 00:45
LAB702059,ENC100889,PT10762,TROP,"Troponin I, High Sensitivity",9,ng/L,0,34,N,STAT,2024-01-27 00:31,2024-01-27 01:01,2024-01-27 01:57
LAB702060,ENC100891,PT11586,GLU,Glucose,99,mg/dL,70,99,N,STAT,2024-01-27 12:40,2024-01-27 12:51,2024-01-27 13:40
LAB702061,ENC100891,PT11586,CREAT,Creatinine,2.54,mg/dL,0.6,1.3,H,Routine,2024-01-27 13:00,2024-01-27 13:05,2024-01-27 14:37
LAB702062,ENC100891,PT11586,WBC,White Blood Cell Count,6.5,K/uL,4.5,11,N,STAT,2024-01-27 12:07,2024-01-27 12:15,2024-01-27 13:08
LAB702063,ENC100891,PT11586,HGB,Hemoglobin,10.7,g/dL,12,17.5,L,Routine,2024-01-27 12:26,2024-01-27 12:34,2024-01-27 15:19
LAB702064,ENC100892,PT10690,GLU,Glucose,89,mg/dL,70,99,N,STAT,2024-01-27 09:45,2024-01-27 09:59,2024-01-27 10:36
LAB702065,ENC100892,PT10690,CREAT,Creatinine,0.94,mg/dL,0.6,1.3,N,STAT,2024-01-27 09:30,2024-01-27 09:39,2024-01-27 10:18
LAB702066,ENC100892,PT10690,WBC,White Blood Cell Count,10.9,K/uL,4.5,11,N,Routine,2024-01-27 10:15,2024-01-27 10:38,2024-01-27 13:50
LAB702067,ENC100892,PT10690,HGB,Hemoglobin,11.9,g/dL,12,17.5,L,STAT,2024-01-27 09:20,2024-01-27 09:41,2024-01-27 10:15
LAB702068,ENC100893,PT11839,GLU,Glucose,84,mg/dL,70,99,N,STAT,2024-01-27 11:17,2024-01-27 11:23,2024-01-27 12:12
LAB702069,ENC100893,PT11839,CREAT,Creatinine,0.88,mg/dL,0.6,1.3,N,STAT,2024-01-27 11:07,2024-01-27 11:41,2024-01-27 12:21
LAB702070,ENC100893,PT11839,WBC,White Blood Cell Count,8.5,K/uL,4.5,11,N,Routine,2024-01-27 10:44,2024-01-27 11:12,2024-01-27 13:06
LAB702071,ENC100893,PT11839,HGB,Hemoglobin,15.4,g/dL,12,17.5,N,STAT,2024-01-27 10:35,2024-01-27 11:06,2024-01-27 11:35
LAB702072,ENC100894,PT11134,GLU,Glucose,102,mg/dL,70,99,H,STAT,2024-01-27 14:31,2024-01-27 14:59,2024-01-27 16:00
LAB702073,ENC100894,PT11134,CREAT,Creatinine,0.95,mg/dL,0.6,1.3,N,Routine,2024-01-27 14:57,2024-01-27 15:29,2024-01-27 20:46
LAB702074,ENC100894,PT11134,WBC,White Blood Cell Count,8.8,K/uL,4.5,11,N,STAT,2024-01-27 14:27,2024-01-27 14:33,2024-01-27 15:08
LAB702075,ENC100894,PT11134,HGB,Hemoglobin,13.9,g/dL,12,17.5,N,STAT,2024-01-27 14:58,2024-01-27 15:24,2024-01-27 16:05
LAB702076,ENC100894,PT11134,NA,Sodium,138,mmol/L,136,145,N,STAT,2024-01-27 14:52,2024-01-27 15:09,2024-01-27 15:55
LAB702077,ENC100894,PT11134,K,Potassium,3.7,mmol/L,3.5,5.1,N,STAT,2024-01-27 14:50,2024-01-27 15:14,2024-01-27 16:02
LAB702078,ENC100895,PT12750,GLU,Glucose,120,mg/dL,70,99,H,STAT,2024-01-27 15:44,2024-01-27 16:06,2024-01-27 17:33
LAB702079,ENC100895,PT12750,CREAT,Creatinine,0.69,mg/dL,0.6,1.3,N,STAT,2024-01-27 14:55,2024-01-27 15:26,2024-01-27 16:27
LAB702080,ENC100895,PT12750,WBC,White Blood Cell Count,7.6,K/uL,4.5,11,N,STAT,2024-01-27 14:50,2024-01-27 15:22,2024-01-27 16:10
LAB702081,ENC100895,PT12750,HGB,Hemoglobin,16.4,g/dL,12,17.5,N,Routine,2024-01-27 15:28,2024-01-27 15:56,2024-01-27 17:57
LAB702082,ENC100895,PT12750,BUN,Blood Urea Nitrogen,6,mg/dL,7,20,L,STAT,2024-01-27 15:03,2024-01-27 15:20,2024-01-27 15:53
LAB702083,ENC100895,PT12750,PLT,Platelet Count,209,K/uL,150,400,N,STAT,2024-01-27 14:44,2024-01-27 15:13,2024-01-27 16:12
LAB702084,ENC100895,PT12750,TROP,"Troponin I, High Sensitivity",53,ng/L,0,34,H,STAT,2024-01-27 14:57,2024-01-27 15:32,2024-01-27 16:02
LAB702085,ENC100895,PT12750,BNP,B-Type Natriuretic Peptide,1769,pg/mL,0,100,H,Routine,2024-01-27 15:29,2024-01-27 15:36,2024-01-27 19:18
LAB702086,ENC100896,PT10949,GLU,Glucose,114,mg/dL,70,99,H,STAT,2024-01-27 19:22,2024-01-27 19:46,2024-01-27 20:41
LAB702087,ENC100896,PT10949,CREAT,Creatinine,1.1,mg/dL,0.6,1.3,N,STAT,2024-01-27 18:31,2024-01-27 19:01,2024-01-27 19:42
LAB702088,ENC100896,PT10949,WBC,White Blood Cell Count,11,K/uL,4.5,11,N,STAT,2024-01-27 18:30,2024-01-27 18:56,2024-01-27 19:47
LAB702089,ENC100896,PT10949,HGB,Hemoglobin,13.6,g/dL,12,17.5,N,STAT,2024-01-27 18:31,2024-01-27 19:06,2024-01-27 19:48
LAB702090,ENC100897,PT10326,GLU,Glucose,113,mg/dL,70,99,H,STAT,2024-01-27 15:00,2024-01-27 15:31,2024-01-27 15:50
LAB702091,ENC100897,PT10326,CREAT,Creatinine,0.62,mg/dL,0.6,1.3,N,STAT,2024-01-27 14:08,2024-01-27 14:36,2024-01-27 14:52
LAB702092,ENC100897,PT10326,WBC,White Blood Cell Count,8.9,K/uL,4.5,11,N,STAT,2024-01-27 14:14,2024-01-27 14:35,2024-01-27 14:58
LAB702093,ENC100897,PT10326,HGB,Hemoglobin,13,g/dL,12,17.5,N,Routine,2024-01-27 14:08,2024-01-27 14:36,2024-01-27 20:52
LAB702094,ENC100899,PT10033,GLU,Glucose,102,mg/dL,70,99,H,Routine,2024-01-27 20:49,2024-01-27 21:10,2024-01-28 03:18
LAB702095,ENC100899,PT10033,CREAT,Creatinine,1.05,mg/dL,0.6,1.3,N,Routine,2024-01-27 20:27,2024-01-27 20:41,2024-01-28 01:39
LAB702096,ENC100899,PT10033,WBC,White Blood Cell Count,6.8,K/uL,4.5,11,N,Routine,2024-01-27 20:27,2024-01-27 21:01,2024-01-27 23:14
LAB702097,ENC100899,PT10033,HGB,Hemoglobin,15.1,g/dL,12,17.5,N,STAT,2024-01-27 20:31,2024-01-27 20:52,2024-01-27 21:40
LAB702098,ENC100899,PT10033,TROP,"Troponin I, High Sensitivity",5,ng/L,0,34,N,STAT,2024-01-27 21:08,2024-01-27 21:34,2024-01-27 22:28
LAB702099,ENC100900,PT13444,GLU,Glucose,106,mg/dL,70,99,H,Routine,2024-01-27 18:17,2024-01-27 18:21,2024-01-27 20:20
LAB702100,ENC100900,PT13444,CREAT,Creatinine,1.15,mg/dL,0.6,1.3,N,STAT,2024-01-27 18:21,2024-01-27 18:51,2024-01-27 19:42
LAB702101,ENC100900,PT13444,WBC,White Blood Cell Count,7.1,K/uL,4.5,11,N,STAT,2024-01-27 18:55,2024-01-27 19:28,2024-01-27 19:59
LAB702102,ENC100900,PT13444,HGB,Hemoglobin,12.5,g/dL,12,17.5,N,Routine,2024-01-27 19:13,2024-01-27 19:45,2024-01-27 22:34
LAB702103,ENC100900,PT13444,INR,Prothrombin Time INR,1.1,ratio,0.8,1.2,N,STAT,2024-01-27 18:54,2024-01-27 19:07,2024-01-27 19:52
LAB702104,ENC100901,PT13231,GLU,Glucose,256,mg/dL,70,99,H,STAT,2024-01-27 19:03,2024-01-27 19:33,2024-01-27 20:03
LAB702105,ENC100901,PT13231,CREAT,Creatinine,2.01,mg/dL,0.6,1.3,H,STAT,2024-01-27 18:55,2024-01-27 19:19,2024-01-27 20:17
LAB702106,ENC100901,PT13231,WBC,White Blood Cell Count,14.7,K/uL,4.5,11,H,Routine,2024-01-27 18:45,2024-01-27 19:04,2024-01-27 21:37
LAB702107,ENC100901,PT13231,HGB,Hemoglobin,8.4,g/dL,12,17.5,L,STAT,2024-01-27 18:52,2024-01-27 19:22,2024-01-27 20:08
LAB702108,ENC100901,PT13231,NA,Sodium,143,mmol/L,136,145,N,STAT,2024-01-27 19:11,2024-01-27 19:31,2024-01-27 20:30
LAB702109,ENC100901,PT13231,K,Potassium,4.7,mmol/L,3.5,5.1,N,STAT,2024-01-27 19:20,2024-01-27 19:37,2024-01-27 20:45
LAB702110,ENC100902,PT13692,GLU,Glucose,117,mg/dL,70,99,H,STAT,2024-01-27 22:22,2024-01-27 22:53,2024-01-27 23:51
LAB702111,ENC100902,PT13692,CREAT,Creatinine,1.13,mg/dL,0.6,1.3,N,Routine,2024-01-27 21:48,2024-01-27 21:52,2024-01-28 01:17
LAB702112,ENC100902,PT13692,WBC,White Blood Cell Count,17.4,K/uL,4.5,11,H,Routine,2024-01-27 22:08,2024-01-27 22:43,2024-01-28 04:53
LAB702113,ENC100902,PT13692,HGB,Hemoglobin,15.2,g/dL,12,17.5,N,STAT,2024-01-27 21:29,2024-01-27 21:48,2024-01-27 22:55
LAB702114,ENC100902,PT13692,NA,Sodium,140,mmol/L,136,145,N,Routine,2024-01-27 22:16,2024-01-27 22:47,2024-01-28 12:48
LAB702115,ENC100902,PT13692,K,Potassium,4.5,mmol/L,3.5,5.1,N,STAT,2024-01-27 22:11,2024-01-27 22:29,2024-01-27 23:02
LAB702116,ENC100904,PT10211,GLU,Glucose,146,mg/dL,70,99,H,Routine,2024-01-28 00:43,2024-01-28 01:03,2024-01-28 02:30
LAB702117,ENC100904,PT10211,CREAT,Creatinine,0.9,mg/dL,0.6,1.3,N,STAT,2024-01-28 00:49,2024-01-28 00:55,2024-01-28 01:26
LAB702118,ENC100904,PT10211,WBC,White Blood Cell Count,10.8,K/uL,4.5,11,N,Routine,2024-01-28 01:34,2024-01-28 01:56,2024-01-28 04:42
LAB702119,ENC100904,PT10211,HGB,Hemoglobin,13.4,g/dL,12,17.5,N,STAT,2024-01-28 01:05,2024-01-28 01:14,2024-01-28 01:50
LAB702120,ENC100904,PT10211,NA,Sodium,144,mmol/L,136,145,N,Routine,2024-01-28 00:35,2024-01-28 00:47,2024-01-28 05:40
LAB702121,ENC100904,PT10211,K,Potassium,4.7,mmol/L,3.5,5.1,N,STAT,2024-01-28 01:10,2024-01-28 01:36,2024-01-28 02:13
LAB702122,ENC100905,PT10314,GLU,Glucose,106,mg/dL,70,99,H,Routine,2024-01-27 20:38,2024-01-27 21:06,2024-01-28 00:29
LAB702123,ENC100905,PT10314,CREAT,Creatinine,0.78,mg/dL,0.6,1.3,N,STAT,2024-01-27 20:55,2024-01-27 21:18,2024-01-27 22:03
LAB702124,ENC100905,PT10314,WBC,White Blood Cell Count,1.2,K/uL,4.5,11,L,Routine,2024-01-27 21:00,2024-01-27 21:06,2024-01-27 23:34
LAB702125,ENC100905,PT10314,HGB,Hemoglobin,14,g/dL,12,17.5,N,Routine,2024-01-27 21:27,2024-01-27 22:01,2024-01-28 00:24
LAB702126,ENC100906,PT12528,GLU,Glucose,94,mg/dL,70,99,N,Routine,2024-01-27 19:23,2024-01-27 19:32,2024-01-27 21:31
LAB702127,ENC100906,PT12528,CREAT,Creatinine,0.62,mg/dL,0.6,1.3,N,Routine,2024-01-27 19:22,2024-01-27 19:44,2024-01-28 00:28
LAB702128,ENC100906,PT12528,WBC,White Blood Cell Count,9.8,K/uL,4.5,11,N,Routine,2024-01-27 19:37,2024-01-27 20:05,2024-01-28 02:51
LAB702129,ENC100906,PT12528,HGB,Hemoglobin,13.3,g/dL,12,17.5,N,STAT,2024-01-27 20:01,2024-01-27 20:12,2024-01-27 20:47
LAB702130,ENC100909,PT10906,GLU,Glucose,247,mg/dL,70,99,H,STAT,2024-01-28 01:02,2024-01-28 01:12,2024-01-28 02:06
LAB702131,ENC100909,PT10906,CREAT,Creatinine,0.91,mg/dL,0.6,1.3,N,STAT,2024-01-28 01:12,2024-01-28 01:31,2024-01-28 02:02
LAB702132,ENC100909,PT10906,WBC,White Blood Cell Count,5.4,K/uL,4.5,11,N,Routine,2024-01-28 00:48,2024-01-28 01:23,2024-01-28 10:40
LAB702133,ENC100909,PT10906,HGB,Hemoglobin,13,g/dL,12,17.5,N,STAT,2024-01-28 00:36,2024-01-28 01:01,2024-01-28 02:12
LAB702134,ENC100909,PT10906,BUN,Blood Urea Nitrogen,16,mg/dL,7,20,N,Routine,2024-01-28 00:41,2024-01-28 01:00,2024-01-28 03:39
LAB702135,ENC100909,PT10906,PLT,Platelet Count,176,K/uL,150,400,N,STAT,2024-01-28 00:53,2024-01-28 01:07,2024-01-28 01:45
LAB702136,ENC100910,PT11508,GLU,Glucose,145,mg/dL,70,99,H,STAT,2024-01-27 23:27,2024-01-27 23:35,2024-01-28 00:30
LAB702137,ENC100910,PT11508,CREAT,Creatinine,2.65,mg/dL,0.6,1.3,H,STAT,2024-01-27 22:26,2024-01-27 22:42,2024-01-27 23:55
LAB702138,ENC100910,PT11508,WBC,White Blood Cell Count,17.9,K/uL,4.5,11,H,STAT,2024-01-27 22:30,2024-01-27 22:48,2024-01-28 00:28
LAB702139,ENC100910,PT11508,HGB,Hemoglobin,10.2,g/dL,12,17.5,L,Routine,2024-01-27 23:31,2024-01-27 23:46,2024-01-28 03:02
LAB702140,ENC100910,PT11508,LACT,Lactate,3.3,mmol/L,0.5,2,H,STAT,2024-01-27 22:26,2024-01-27 22:46,2024-01-28 00:32
LAB702141,ENC100911,PT12930,GLU,Glucose,75,mg/dL,70,99,N,Routine,2024-01-27 23:26,2024-01-27 23:55,2024-01-28 01:17
LAB702142,ENC100911,PT12930,CREAT,Creatinine,0.93,mg/dL,0.6,1.3,N,STAT,2024-01-27 22:54,2024-01-27 22:59,2024-01-28 00:14
LAB702143,ENC100912,PT11764,GLU,Glucose,134,mg/dL,70,99,H,STAT,2024-01-27 23:16,2024-01-27 23:35,2024-01-28 00:07
LAB702144,ENC100912,PT11764,CREAT,Creatinine,1.01,mg/dL,0.6,1.3,N,STAT,2024-01-28 00:02,2024-01-28 00:08,2024-01-28 01:10
LAB702145,ENC100912,PT11764,WBC,White Blood Cell Count,7.5,K/uL,4.5,11,N,STAT,2024-01-27 23:53,2024-01-28 00:28,2024-01-28 01:11
LAB702146,ENC100914,PT10930,GLU,Glucose,99,mg/dL,70,99,N,STAT,2024-01-28 03:45,2024-01-28 04:19,2024-01-28 05:23
LAB702147,ENC100914,PT10930,CREAT,Creatinine,0.86,mg/dL,0.6,1.3,N,Routine,2024-01-28 03:01,2024-01-28 03:27,2024-01-28 08:04
LAB702148,ENC100914,PT10930,WBC,White Blood Cell Count,6.5,K/uL,4.5,11,N,STAT,2024-01-28 03:36,2024-01-28 03:58,2024-01-28 04:32
LAB702149,ENC100914,PT10930,HGB,Hemoglobin,12.8,g/dL,12,17.5,N,STAT,2024-01-28 03:59,2024-01-28 04:18,2024-01-28 05:51
LAB702150,ENC100914,PT10930,NA,Sodium,145,mmol/L,136,145,N,Routine,2024-01-28 03:20,2024-01-28 03:35,2024-01-28 06:26
LAB702151,ENC100914,PT10930,K,Potassium,3.8,mmol/L,3.5,5.1,N,STAT,2024-01-28 03:06,2024-01-28 03:30,2024-01-28 04:27
LAB702152,ENC100915,PT10912,GLU,Glucose,119,mg/dL,70,99,H,STAT,2024-01-28 01:10,2024-01-28 01:25,2024-01-28 01:52
LAB702153,ENC100915,PT10912,CREAT,Creatinine,1.03,mg/dL,0.6,1.3,N,STAT,2024-01-28 00:57,2024-01-28 01:05,2024-01-28 01:23
LAB702154,ENC100915,PT10912,WBC,White Blood Cell Count,11,K/uL,4.5,11,N,STAT,2024-01-28 01:09,2024-01-28 01:18,2024-01-28 02:13
LAB702155,ENC100916,PT10398,GLU,Glucose,224,mg/dL,70,99,H,Routine,2024-01-28 05:40,2024-01-28 06:12,2024-01-28 08:14
LAB702156,ENC100916,PT10398,CREAT,Creatinine,0.76,mg/dL,0.6,1.3,N,STAT,2024-01-28 05:42,2024-01-28 05:46,2024-01-28 06:17
LAB702157,ENC100916,PT10398,WBC,White Blood Cell Count,9.3,K/uL,4.5,11,N,STAT,2024-01-28 05:44,2024-01-28 06:11,2024-01-28 06:29
LAB702158,ENC100916,PT10398,HGB,Hemoglobin,13.9,g/dL,12,17.5,N,Routine,2024-01-28 04:39,2024-01-28 04:58,2024-01-28 08:00
LAB702159,ENC100916,PT10398,TROP,"Troponin I, High Sensitivity",60,ng/L,0,34,H,STAT,2024-01-28 04:43,2024-01-28 05:07,2024-01-28 05:58
LAB702160,ENC100916,PT10398,BNP,B-Type Natriuretic Peptide,2821,pg/mL,0,100,H,STAT,2024-01-28 05:27,2024-01-28 05:57,2024-01-28 06:36
LAB702161,ENC100918,PT12062,GLU,Glucose,71,mg/dL,70,99,N,STAT,2024-01-28 07:35,2024-01-28 08:07,2024-01-28 08:36
LAB702162,ENC100918,PT12062,CREAT,Creatinine,0.96,mg/dL,0.6,1.3,N,Routine,2024-01-28 07:15,2024-01-28 07:22,2024-01-28 13:00
LAB702163,ENC100918,PT12062,WBC,White Blood Cell Count,7.2,K/uL,4.5,11,N,Routine,2024-01-28 07:24,2024-01-28 07:43,2024-01-28 10:03
LAB702164,ENC100919,PT12055,GLU,Glucose,128,mg/dL,70,99,H,Routine,2024-01-28 09:23,2024-01-28 09:30,2024-01-28 12:03
LAB702165,ENC100919,PT12055,CREAT,Creatinine,1.07,mg/dL,0.6,1.3,N,STAT,2024-01-28 08:28,2024-01-28 08:53,2024-01-28 09:35
LAB702166,ENC100919,PT12055,WBC,White Blood Cell Count,7,K/uL,4.5,11,N,STAT,2024-01-28 09:10,2024-01-28 09:15,2024-01-28 10:09
LAB702167,ENC100919,PT12055,HGB,Hemoglobin,13.2,g/dL,12,17.5,N,STAT,2024-01-28 08:52,2024-01-28 09:06,2024-01-28 09:20
LAB702168,ENC100920,PT12490,GLU,Glucose,115,mg/dL,70,99,H,STAT,2024-01-28 09:05,2024-01-28 09:17,2024-01-28 10:38
LAB702169,ENC100920,PT12490,CREAT,Creatinine,1.96,mg/dL,0.6,1.3,H,Routine,2024-01-28 09:07,2024-01-28 09:13,2024-01-28 12:44
LAB702170,ENC100920,PT12490,WBC,White Blood Cell Count,9.7,K/uL,4.5,11,N,Routine,2024-01-28 08:59,2024-01-28 09:26,2024-01-28 11:31
LAB702171,ENC100920,PT12490,HGB,Hemoglobin,9.6,g/dL,12,17.5,L,STAT,2024-01-28 09:28,2024-01-28 09:38,2024-01-28 10:13
LAB702172,ENC100920,PT12490,NA,Sodium,142,mmol/L,136,145,N,STAT,2024-01-28 09:25,2024-01-28 09:39,2024-01-28 10:25
LAB702173,ENC100920,PT12490,K,Potassium,4,mmol/L,3.5,5.1,N,STAT,2024-01-28 09:05,2024-01-28 09:27,2024-01-28 10:09
LAB702174,ENC100920,PT12490,BUN,Blood Urea Nitrogen,12,mg/dL,7,20,N,STAT,2024-01-28 08:58,2024-01-28 09:20,2024-01-28 10:10
LAB702175,ENC100920,PT12490,PLT,Platelet Count,289,K/uL,150,400,N,Routine,2024-01-28 09:27,2024-01-28 09:44,2024-01-28 10:44
LAB702176,ENC100921,PT13020,GLU,Glucose,94,mg/dL,70,99,N,STAT,2024-01-28 09:55,2024-01-28 09:59,2024-01-28 11:06
LAB702177,ENC100921,PT13020,CREAT,Creatinine,0.45,mg/dL,0.6,1.3,L,STAT,2024-01-28 10:48,2024-01-28 11:06,2024-01-28 11:48
LAB702178,ENC100921,PT13020,WBC,White Blood Cell Count,8.5,K/uL,4.5,11,N,Routine,2024-01-28 10:24,2024-01-28 10:41,2024-01-28 14:21
LAB702179,ENC100922,PT13923,GLU,Glucose,123,mg/dL,70,99,H,Routine,2024-01-28 11:04,2024-01-28 11:39,2024-01-28 13:04
LAB702180,ENC100922,PT13923,CREAT,Creatinine,0.88,mg/dL,0.6,1.3,N,STAT,2024-01-28 10:36,2024-01-28 11:09,2024-01-28 11:25
LAB702181,ENC100925,PT10701,GLU,Glucose,132,mg/dL,70,99,H,Routine,2024-01-28 11:00,2024-01-28 11:05,2024-01-28 15:33
LAB702182,ENC100925,PT10701,CREAT,Creatinine,1.1,mg/dL,0.6,1.3,N,STAT,2024-01-28 11:40,2024-01-28 11:59,2024-01-28 13:37
LAB702183,ENC100925,PT10701,WBC,White Blood Cell Count,5.8,K/uL,4.5,11,N,Routine,2024-01-28 11:18,2024-01-28 11:51,2024-01-28 14:26
LAB702184,ENC100928,PT13300,GLU,Glucose,113,mg/dL,70,99,H,STAT,2024-01-28 16:36,2024-01-28 17:09,2024-01-28 17:49
LAB702185,ENC100928,PT13300,CREAT,Creatinine,0.65,mg/dL,0.6,1.3,N,STAT,2024-01-28 17:23,2024-01-28 17:30,2024-01-28 18:26
LAB702186,ENC100928,PT13300,WBC,White Blood Cell Count,6.5,K/uL,4.5,11,N,Routine,2024-01-28 17:21,2024-01-28 17:42,2024-01-28 21:03
LAB702187,ENC100928,PT13300,HGB,Hemoglobin,16.3,g/dL,12,17.5,N,Routine,2024-01-28 16:33,2024-01-28 16:39,2024-01-28 19:39
LAB702188,ENC100930,PT12403,GLU,Glucose,94,mg/dL,70,99,N,Routine,2024-01-28 20:43,2024-01-28 21:09,2024-01-28 23:21
LAB702189,ENC100930,PT12403,CREAT,Creatinine,1.61,mg/dL,0.6,1.3,H,STAT,2024-01-28 20:29,2024-01-28 20:52,2024-01-28 21:35
LAB702190,ENC100930,PT12403,WBC,White Blood Cell Count,14.7,K/uL,4.5,11,H,STAT,2024-01-28 19:54,2024-01-28 20:08,2024-01-28 20:47
LAB702191,ENC100930,PT12403,HGB,Hemoglobin,11.8,g/dL,12,17.5,L,STAT,2024-01-28 20:12,2024-01-28 20:22,2024-01-28 20:58
LAB702192,ENC100930,PT12403,NA,Sodium,137,mmol/L,136,145,N,Routine,2024-01-28 20:06,2024-01-28 20:13,2024-01-28 23:43
LAB702193,ENC100930,PT12403,K,Potassium,4.7,mmol/L,3.5,5.1,N,STAT,2024-01-28 20:34,2024-01-28 21:04,2024-01-28 21:55
LAB702194,ENC100933,PT10375,GLU,Glucose,73,mg/dL,70,99,N,STAT,2024-01-29 00:01,2024-01-29 00:22,2024-01-29 01:54
LAB702195,ENC100933,PT10375,CREAT,Creatinine,3.41,mg/dL,0.6,1.3,H,STAT,2024-01-29 00:46,2024-01-29 01:20,2024-01-29 01:55
LAB702196,ENC100933,PT10375,WBC,White Blood Cell Count,6.6,K/uL,4.5,11,N,STAT,2024-01-28 23:45,2024-01-28 23:51,2024-01-29 00:50
LAB702197,ENC100933,PT10375,HGB,Hemoglobin,9.5,g/dL,12,17.5,L,Routine,2024-01-28 23:50,2024-01-29 00:06,2024-01-29 02:39
LAB702198,ENC100933,PT10375,NA,Sodium,137,mmol/L,136,145,N,Routine,2024-01-29 00:32,2024-01-29 00:42,2024-01-29 02:55
LAB702199,ENC100933,PT10375,K,Potassium,5.8,mmol/L,3.5,5.1,H,STAT,2024-01-28 23:41,2024-01-29 00:10,2024-01-29 01:49
LAB702200,ENC100934,PT11040,GLU,Glucose,86,mg/dL,70,99,N,Routine,2024-01-29 00:10,2024-01-29 00:40,2024-01-29 04:57
LAB702201,ENC100934,PT11040,CREAT,Creatinine,0.99,mg/dL,0.6,1.3,N,Routine,2024-01-29 00:35,2024-01-29 00:41,2024-01-29 02:38
LAB702202,ENC100934,PT11040,WBC,White Blood Cell Count,5.9,K/uL,4.5,11,N,Routine,2024-01-29 00:55,2024-01-29 01:28,2024-01-29 12:00
LAB702203,ENC100934,PT11040,HGB,Hemoglobin,14,g/dL,12,17.5,N,Routine,2024-01-29 00:22,2024-01-29 00:46,2024-01-29 02:37
LAB702204,ENC100934,PT11040,BUN,Blood Urea Nitrogen,19,mg/dL,7,20,N,STAT,2024-01-29 00:16,2024-01-29 00:33,2024-01-29 01:04
LAB702205,ENC100934,PT11040,PLT,Platelet Count,247,K/uL,150,400,N,Routine,2024-01-29 00:52,2024-01-29 01:12,2024-01-29 02:40
LAB702206,ENC100934,PT11040,TROP,"Troponin I, High Sensitivity",50,ng/L,0,34,H,STAT,2024-01-29 00:01,2024-01-29 00:20,2024-01-29 01:08
LAB702207,ENC100934,PT11040,BNP,B-Type Natriuretic Peptide,1114,pg/mL,0,100,H,STAT,2024-01-29 00:57,2024-01-29 01:17,2024-01-29 01:50
LAB702208,ENC100935,PT10876,GLU,Glucose,66,mg/dL,70,99,L,Routine,2024-01-29 02:52,2024-01-29 02:58,2024-01-29 06:37
LAB702209,ENC100935,PT10876,CREAT,Creatinine,1.2,mg/dL,0.6,1.3,N,STAT,2024-01-29 02:04,2024-01-29 02:17,2024-01-29 03:43
LAB702210,ENC100936,PT11689,GLU,Glucose,96,mg/dL,70,99,N,Routine,2024-01-29 12:07,2024-01-29 12:30,2024-01-29 18:44
LAB702211,ENC100936,PT11689,CREAT,Creatinine,1.06,mg/dL,0.6,1.3,N,STAT,2024-01-29 12:14,2024-01-29 12:20,2024-01-29 13:31
LAB702212,ENC100936,PT11689,WBC,White Blood Cell Count,9.5,K/uL,4.5,11,N,STAT,2024-01-29 12:08,2024-01-29 12:35,2024-01-29 13:55
LAB702213,ENC100936,PT11689,HGB,Hemoglobin,11.8,g/dL,12,17.5,L,STAT,2024-01-29 12:02,2024-01-29 12:18,2024-01-29 13:18
LAB702214,ENC100936,PT11689,LACT,Lactate,2,mmol/L,0.5,2,N,STAT,2024-01-29 12:12,2024-01-29 12:36,2024-01-29 13:19
LAB702215,ENC100938,PT11777,GLU,Glucose,102,mg/dL,70,99,H,Routine,2024-01-29 11:19,2024-01-29 11:44,2024-01-29 16:33
LAB702216,ENC100938,PT11777,CREAT,Creatinine,1.37,mg/dL,0.6,1.3,H,Routine,2024-01-29 11:31,2024-01-29 12:02,2024-01-29 15:17
LAB702217,ENC100938,PT11777,WBC,White Blood Cell Count,7.2,K/uL,4.5,11,N,STAT,2024-01-29 11:26,2024-01-29 11:50,2024-01-29 12:36
LAB702218,ENC100938,PT11777,HGB,Hemoglobin,14.3,g/dL,12,17.5,N,Routine,2024-01-29 11:14,2024-01-29 11:39,2024-01-29 13:16
LAB702219,ENC100938,PT11777,NA,Sodium,141,mmol/L,136,145,N,Routine,2024-01-29 11:38,2024-01-29 12:12,2024-01-29 14:28
LAB702220,ENC100938,PT11777,K,Potassium,3.9,mmol/L,3.5,5.1,N,STAT,2024-01-29 11:33,2024-01-29 11:40,2024-01-29 12:40
LAB702221,ENC100938,PT11777,LACT,Lactate,3.1,mmol/L,0.5,2,H,STAT,2024-01-29 11:32,2024-01-29 11:54,2024-01-29 12:56
LAB702222,ENC100941,PT11869,GLU,Glucose,77,mg/dL,70,99,N,Routine,2024-01-29 11:16,2024-01-29 11:38,2024-01-29 14:59
LAB702223,ENC100941,PT11869,CREAT,Creatinine,1.31,mg/dL,0.6,1.3,H,Routine,2024-01-29 11:30,2024-01-29 11:45,2024-01-29 14:11
LAB702224,ENC100943,PT11903,A1C,Hemoglobin A1c,11.4,%,4,5.6,H,Routine,2024-01-29 11:35,2024-01-29 11:54,2024-01-30 00:54
LAB702225,ENC100943,PT11903,GLU,Glucose,66,mg/dL,70,99,L,Routine,2024-01-29 11:42,2024-01-29 12:01,2024-01-29 16:19
LAB702226,ENC100943,PT11903,CREAT,Creatinine,0.74,mg/dL,0.6,1.3,N,Routine,2024-01-29 11:43,2024-01-29 11:59,2024-01-29 14:48
LAB702227,ENC100944,PT11268,GLU,Glucose,217,mg/dL,70,99,H,STAT,2024-01-29 12:54,2024-01-29 13:20,2024-01-29 14:06
LAB702228,ENC100944,PT11268,CREAT,Creatinine,1.56,mg/dL,0.6,1.3,H,Routine,2024-01-29 12:32,2024-01-29 12:50,2024-01-29 15:52
LAB702229,ENC100944,PT11268,WBC,White Blood Cell Count,11.5,K/uL,4.5,11,H,STAT,2024-01-29 13:03,2024-01-29 13:08,2024-01-29 13:53
LAB702230,ENC100947,PT10606,GLU,Glucose,127,mg/dL,70,99,H,Routine,2024-01-29 13:38,2024-01-29 13:42,2024-01-29 18:06
LAB702231,ENC100947,PT10606,CREAT,Creatinine,1.45,mg/dL,0.6,1.3,H,STAT,2024-01-29 13:09,2024-01-29 13:29,2024-01-29 14:18
LAB702232,ENC100947,PT10606,WBC,White Blood Cell Count,6.5,K/uL,4.5,11,N,STAT,2024-01-29 14:03,2024-01-29 14:20,2024-01-29 15:24
LAB702233,ENC100947,PT10606,HGB,Hemoglobin,13.6,g/dL,12,17.5,N,STAT,2024-01-29 13:15,2024-01-29 13:23,2024-01-29 14:01
LAB702234,ENC100948,PT10217,A1C,Hemoglobin A1c,9.9,%,4,5.6,H,Routine,2024-01-29 13:22,2024-01-29 13:51,2024-01-30 02:52
LAB702235,ENC100948,PT10217,GLU,Glucose,397,mg/dL,70,99,H,Routine,2024-01-29 13:28,2024-01-29 14:01,2024-01-29 19:46
LAB702236,ENC100948,PT10217,CREAT,Creatinine,1.97,mg/dL,0.6,1.3,H,Routine,2024-01-29 13:14,2024-01-29 13:21,2024-01-29 19:20
LAB702237,ENC100950,PT13832,GLU,Glucose,96,mg/dL,70,99,N,STAT,2024-01-29 14:23,2024-01-29 14:58,2024-01-29 15:26
LAB702238,ENC100950,PT13832,CREAT,Creatinine,1.82,mg/dL,0.6,1.3,H,STAT,2024-01-29 14:35,2024-01-29 14:44,2024-01-29 16:27
LAB702239,ENC100950,PT13832,TROP,"Troponin I, High Sensitivity",1,ng/L,0,34,N,STAT,2024-01-29 14:20,2024-01-29 14:51,2024-01-29 15:34
LAB702240,ENC100951,PT13008,GLU,Glucose,113,mg/dL,70,99,H,STAT,2024-01-29 17:30,2024-01-29 17:45,2024-01-29 18:35
LAB702241,ENC100951,PT13008,CREAT,Creatinine,1.15,mg/dL,0.6,1.3,N,Routine,2024-01-29 17:06,2024-01-29 17:29,2024-01-29 21:31
LAB702242,ENC100951,PT13008,WBC,White Blood Cell Count,3.7,K/uL,4.5,11,L,STAT,2024-01-29 17:10,2024-01-29 17:39,2024-01-29 18:04
LAB702243,ENC100951,PT13008,HGB,Hemoglobin,12.6,g/dL,12,17.5,N,STAT,2024-01-29 18:09,2024-01-29 18:36,2024-01-29 19:20
LAB702244,ENC100952,PT13423,GLU,Glucose,88,mg/dL,70,99,N,STAT,2024-01-29 13:51,2024-01-29 14:10,2024-01-29 15:30
LAB702245,ENC100952,PT13423,CREAT,Creatinine,0.75,mg/dL,0.6,1.3,N,Routine,2024-01-29 14:09,2024-01-29 14:20,2024-01-29 18:50
LAB702246,ENC100952,PT13423,WBC,White Blood Cell Count,7.7,K/uL,4.5,11,N,STAT,2024-01-29 14:02,2024-01-29 14:16,2024-01-29 15:05
LAB702247,ENC100952,PT13423,HGB,Hemoglobin,14.7,g/dL,12,17.5,N,Routine,2024-01-29 14:20,2024-01-29 14:43,2024-01-29 16:26
LAB702248,ENC100952,PT13423,TROP,"Troponin I, High Sensitivity",6,ng/L,0,34,N,STAT,2024-01-29 13:48,2024-01-29 14:06,2024-01-29 15:05
LAB702249,ENC100956,PT13760,GLU,Glucose,114,mg/dL,70,99,H,Routine,2024-01-29 15:16,2024-01-29 15:33,2024-01-29 18:35
LAB702250,ENC100956,PT13760,CREAT,Creatinine,1.72,mg/dL,0.6,1.3,H,STAT,2024-01-29 15:44,2024-01-29 16:09,2024-01-29 16:56
LAB702251,ENC100956,PT13760,WBC,White Blood Cell Count,13.4,K/uL,4.5,11,H,STAT,2024-01-29 15:50,2024-01-29 16:05,2024-01-29 16:33
LAB702252,ENC100957,PT12196,LDL,LDL Cholesterol,141,mg/dL,0,99,H,Routine,2024-01-29 15:15,2024-01-29 15:32,2024-01-30 07:33
LAB702253,ENC100957,PT12196,A1C,Hemoglobin A1c,5.5,%,4,5.6,N,Routine,2024-01-29 14:52,2024-01-29 15:13,2024-01-30 17:45
LAB702254,ENC100957,PT12196,TSH,Thyroid Stimulating Hormone,1.78,mIU/L,0.4,4,N,Routine,2024-01-29 15:12,2024-01-29 15:46,2024-01-30 06:35
LAB702255,ENC100958,PT10255,GLU,Glucose,111,mg/dL,70,99,H,STAT,2024-01-29 18:52,2024-01-29 19:23,2024-01-29 19:57
LAB702256,ENC100958,PT10255,CREAT,Creatinine,1.62,mg/dL,0.6,1.3,H,STAT,2024-01-29 19:09,2024-01-29 19:14,2024-01-29 20:05
LAB702257,ENC100958,PT10255,WBC,White Blood Cell Count,6,K/uL,4.5,11,N,Routine,2024-01-29 19:15,2024-01-29 19:30,2024-01-29 21:33
LAB702258,ENC100958,PT10255,HGB,Hemoglobin,12.3,g/dL,12,17.5,N,Routine,2024-01-29 19:40,2024-01-29 20:07,2024-01-29 23:05
LAB702259,ENC100958,PT10255,NA,Sodium,141,mmol/L,136,145,N,Routine,2024-01-29 19:14,2024-01-29 19:44,2024-01-29 23:33
LAB702260,ENC100958,PT10255,K,Potassium,4.9,mmol/L,3.5,5.1,N,STAT,2024-01-29 19:14,2024-01-29 19:47,2024-01-29 20:31
LAB702261,ENC100959,PT10908,GLU,Glucose,94,mg/dL,70,99,N,STAT,2024-01-29 15:47,2024-01-29 16:07,2024-01-29 16:35
LAB702262,ENC100959,PT10908,CREAT,Creatinine,0.97,mg/dL,0.6,1.3,N,STAT,2024-01-29 15:52,2024-01-29 16:04,2024-01-29 17:00
LAB702263,ENC100959,PT10908,WBC,White Blood Cell Count,7.5,K/uL,4.5,11,N,STAT,2024-01-29 16:02,2024-01-29 16:30,2024-01-29 16:52
LAB702264,ENC100959,PT10908,HGB,Hemoglobin,14.9,g/dL,12,17.5,N,STAT,2024-01-29 15:47,2024-01-29 16:19,2024-01-29 16:43
LAB702265,ENC100959,PT10908,NA,Sodium,139,mmol/L,136,145,N,Routine,2024-01-29 16:15,2024-01-29 16:26,2024-01-29 19:48
LAB702266,ENC100959,PT10908,K,Potassium,4.3,mmol/L,3.5,5.1,N,STAT,2024-01-29 15:59,2024-01-29 16:30,2024-01-29 19:57
LAB702267,ENC100961,PT13389,A1C,Hemoglobin A1c,12.3,%,4,5.6,H,Routine,2024-01-29 15:53,2024-01-29 16:10,2024-01-29 23:11
LAB702268,ENC100961,PT13389,GLU,Glucose,163,mg/dL,70,99,H,Routine,2024-01-29 15:51,2024-01-29 16:13,2024-01-29 19:58
LAB702269,ENC100961,PT13389,CREAT,Creatinine,1.15,mg/dL,0.6,1.3,N,Routine,2024-01-29 16:11,2024-01-29 16:22,2024-01-29 17:41
LAB702270,ENC100963,PT12464,GLU,Glucose,118,mg/dL,70,99,H,Routine,2024-01-29 18:17,2024-01-29 18:29,2024-01-29 22:03
LAB702271,ENC100963,PT12464,CREAT,Creatinine,0.82,mg/dL,0.6,1.3,N,STAT,2024-01-29 19:06,2024-01-29 19:32,2024-01-29 20:01
LAB702272,ENC100963,PT12464,WBC,White Blood Cell Count,7.2,K/uL,4.5,11,N,Routine,2024-01-29 19:18,2024-01-29 19:53,2024-01-30 01:00
LAB702273,ENC100966,PT10057,GLU,Glucose,105,mg/dL,70,99,H,STAT,2024-01-30 04:06,2024-01-30 04:24,2024-01-30 05:51
LAB702274,ENC100966,PT10057,CREAT,Creatinine,1.12,mg/dL,0.6,1.3,N,STAT,2024-01-30 04:32,2024-01-30 04:55,2024-01-30 05:43
LAB702275,ENC100966,PT10057,WBC,White Blood Cell Count,9.4,K/uL,4.5,11,N,STAT,2024-01-30 03:57,2024-01-30 04:05,2024-01-30 04:23
LAB702276,ENC100966,PT10057,HGB,Hemoglobin,14.8,g/dL,12,17.5,N,STAT,2024-01-30 03:33,2024-01-30 03:52,2024-01-30 06:15
LAB702277,ENC100966,PT10057,NA,Sodium,138,mmol/L,136,145,N,Routine,2024-01-30 03:52,2024-01-30 04:10,2024-01-30 11:20
LAB702278,ENC100966,PT10057,K,Potassium,4.5,mmol/L,3.5,5.1,N,STAT,2024-01-30 03:28,2024-01-30 03:45,2024-01-30 04:17
LAB702279,ENC100966,PT10057,TROP,"Troponin I, High Sensitivity",75,ng/L,0,34,H,STAT,2024-01-30 04:26,2024-01-30 04:56,2024-01-30 05:55
LAB702280,ENC100966,PT10057,BNP,B-Type Natriuretic Peptide,987,pg/mL,0,100,H,STAT,2024-01-30 04:19,2024-01-30 04:36,2024-01-30 05:12
LAB702281,ENC100968,PT12809,GLU,Glucose,125,mg/dL,70,99,H,STAT,2024-01-30 02:12,2024-01-30 02:20,2024-01-30 02:44
LAB702282,ENC100968,PT12809,CREAT,Creatinine,0.93,mg/dL,0.6,1.3,N,STAT,2024-01-30 01:40,2024-01-30 01:55,2024-01-30 02:31
LAB702283,ENC100969,PT10950,GLU,Glucose,90,mg/dL,70,99,N,STAT,2024-01-30 07:01,2024-01-30 07:17,2024-01-30 07:58
LAB702284,ENC100969,PT10950,CREAT,Creatinine,0.5,mg/dL,0.6,1.3,L,STAT,2024-01-30 06:33,2024-01-30 06:39,2024-01-30 07:18
LAB702285,ENC100969,PT10950,WBC,White Blood Cell Count,16.2,K/uL,4.5,11,H,STAT,2024-01-30 06:58,2024-01-30 07:06,2024-01-30 08:06
LAB702286,ENC100969,PT10950,HGB,Hemoglobin,15.5,g/dL,12,17.5,N,Routine,2024-01-30 06:46,2024-01-30 06:58,2024-01-30 09:26
LAB702287,ENC100974,PT10345,GLU,Glucose,96,mg/dL,70,99,N,STAT,2024-01-30 10:09,2024-01-30 10:19,2024-01-30 11:08
LAB702288,ENC100974,PT10345,CREAT,Creatinine,0.9,mg/dL,0.6,1.3,N,STAT,2024-01-30 10:37,2024-01-30 10:55,2024-01-30 11:53
LAB702289,ENC100974,PT10345,INR,Prothrombin Time INR,1,ratio,0.8,1.2,N,STAT,2024-01-30 10:32,2024-01-30 11:07,2024-01-30 11:39
LAB702290,ENC100978,PT10315,A1C,Hemoglobin A1c,5.7,%,4,5.6,H,Routine,2024-01-30 10:32,2024-01-30 11:03,2024-01-31 14:39
LAB702291,ENC100978,PT10315,GLU,Glucose,72,mg/dL,70,99,N,Routine,2024-01-30 10:40,2024-01-30 10:49,2024-01-30 12:40
LAB702292,ENC100978,PT10315,CREAT,Creatinine,0.97,mg/dL,0.6,1.3,N,Routine,2024-01-30 10:26,2024-01-30 10:45,2024-01-30 13:48
LAB702293,ENC100979,PT13303,A1C,Hemoglobin A1c,6.3,%,4,5.6,H,Routine,2024-01-30 10:32,2024-01-30 10:59,2024-01-31 05:06
LAB702294,ENC100979,PT13303,GLU,Glucose,194,mg/dL,70,99,H,Routine,2024-01-30 10:26,2024-01-30 10:35,2024-01-30 13:35
LAB702295,ENC100979,PT13303,CREAT,Creatinine,0.46,mg/dL,0.6,1.3,L,Routine,2024-01-30 10:44,2024-01-30 11:15,2024-01-30 12:33
LAB702296,ENC100985,PT12586,LDL,LDL Cholesterol,165,mg/dL,0,99,H,Routine,2024-01-30 12:04,2024-01-30 12:12,2024-01-30 23:06
LAB702297,ENC100987,PT10374,LDL,LDL Cholesterol,147,mg/dL,0,99,H,Routine,2024-01-30 12:39,2024-01-30 13:03,2024-01-30 19:32
LAB702298,ENC100987,PT10374,TSH,Thyroid Stimulating Hormone,2.73,mIU/L,0.4,4,N,Routine,2024-01-30 12:24,2024-01-30 12:45,2024-01-30 20:55
LAB702299,ENC100988,PT12547,A1C,Hemoglobin A1c,9,%,4,5.6,H,Routine,2024-01-30 12:53,2024-01-30 13:27,2024-01-31 14:15
LAB702300,ENC100988,PT12547,GLU,Glucose,268,mg/dL,70,99,H,Routine,2024-01-30 12:50,2024-01-30 13:21,2024-01-30 17:12
LAB702301,ENC100988,PT12547,CREAT,Creatinine,0.88,mg/dL,0.6,1.3,N,Routine,2024-01-30 12:53,2024-01-30 13:14,2024-01-30 15:31
LAB702302,ENC100992,PT12315,GLU,Glucose,108,mg/dL,70,99,H,Routine,2024-01-30 18:18,2024-01-30 18:29,2024-01-31 00:26
LAB702303,ENC100992,PT12315,CREAT,Creatinine,0.98,mg/dL,0.6,1.3,N,Routine,2024-01-30 18:08,2024-01-30 18:30,2024-01-30 20:30
LAB702304,ENC100992,PT12315,WBC,White Blood Cell Count,17,K/uL,4.5,11,H,STAT,2024-01-30 18:26,2024-01-30 18:35,2024-01-30 19:06
LAB702305,ENC100992,PT12315,HGB,Hemoglobin,11.8,g/dL,12,17.5,L,STAT,2024-01-30 17:56,2024-01-30 18:13,2024-01-30 18:57
LAB702306,ENC100992,PT12315,NA,Sodium,141,mmol/L,136,145,N,Routine,2024-01-30 17:48,2024-01-30 18:13,2024-01-30 21:03
LAB702307,ENC100992,PT12315,K,Potassium,4.3,mmol/L,3.5,5.1,N,STAT,2024-01-30 17:56,2024-01-30 18:17,2024-01-30 19:08
LAB702308,ENC100993,PT12113,WBC,White Blood Cell Count,8.1,K/uL,4.5,11,N,Routine,2024-01-30 14:26,2024-01-30 14:36,2024-01-30 15:54
LAB702309,ENC100993,PT12113,HGB,Hemoglobin,10.6,g/dL,12,17.5,L,Routine,2024-01-30 14:42,2024-01-30 15:05,2024-01-31 02:14
LAB702310,ENC100993,PT12113,PLT,Platelet Count,197,K/uL,150,400,N,Routine,2024-01-30 14:41,2024-01-30 14:55,2024-01-30 16:22
LAB702311,ENC100994,PT10479,GLU,Glucose,111,mg/dL,70,99,H,STAT,2024-01-30 17:26,2024-01-30 17:45,2024-01-30 18:09
LAB702312,ENC100994,PT10479,CREAT,Creatinine,0.54,mg/dL,0.6,1.3,L,STAT,2024-01-30 17:42,2024-01-30 18:11,2024-01-30 19:41
LAB702313,ENC100994,PT10479,WBC,White Blood Cell Count,8.2,K/uL,4.5,11,N,Routine,2024-01-30 17:18,2024-01-30 17:50,2024-01-31 00:01
LAB702314,ENC100994,PT10479,HGB,Hemoglobin,13.6,g/dL,12,17.5,N,Routine,2024-01-30 17:28,2024-01-30 17:55,2024-01-30 22:18
LAB702315,ENC100995,PT10550,LDL,LDL Cholesterol,73,mg/dL,0,99,N,Routine,2024-01-30 15:41,2024-01-30 15:49,2024-01-31 12:23
LAB702316,ENC100996,PT12721,LDL,LDL Cholesterol,180,mg/dL,0,99,H,Routine,2024-01-30 15:47,2024-01-30 15:58,2024-01-31 11:17
LAB702317,ENC100997,PT10608,LDL,LDL Cholesterol,180,mg/dL,0,99,H,Routine,2024-01-30 15:51,2024-01-30 16:02,2024-01-31 02:22
LAB702318,ENC100998,PT12086,LDL,LDL Cholesterol,87,mg/dL,0,99,N,Routine,2024-01-30 16:10,2024-01-30 16:17,2024-01-31 12:21
LAB702319,ENC100999,PT13274,GLU,Glucose,150,mg/dL,70,99,H,STAT,2024-01-30 16:41,2024-01-30 17:13,2024-01-30 17:45
LAB702320,ENC100999,PT13274,CREAT,Creatinine,0.64,mg/dL,0.6,1.3,N,STAT,2024-01-30 16:49,2024-01-30 17:09,2024-01-30 18:36
LAB702321,ENC100999,PT13274,WBC,White Blood Cell Count,3.1,K/uL,4.5,11,L,STAT,2024-01-30 17:34,2024-01-30 18:02,2024-01-30 18:51
LAB702322,ENC100999,PT13274,HGB,Hemoglobin,10.2,g/dL,12,17.5,L,Routine,2024-01-30 17:17,2024-01-30 17:22,2024-01-30 20:39
LAB702323,ENC100999,PT13274,LACT,Lactate,1.6,mmol/L,0.5,2,N,STAT,2024-01-30 17:43,2024-01-30 17:59,2024-01-30 18:49
LAB702324,ENC100999,PT13274,INR,Prothrombin Time INR,1,ratio,0.8,1.2,N,Routine,2024-01-30 16:49,2024-01-30 16:56,2024-01-30 21:06
LAB702325,ENC101000,PT13595,GLU,Glucose,164,mg/dL,70,99,H,STAT,2024-01-30 19:51,2024-01-30 20:24,2024-01-30 21:25
LAB702326,ENC101000,PT13595,CREAT,Creatinine,0.93,mg/dL,0.6,1.3,N,Routine,2024-01-30 19:51,2024-01-30 20:25,2024-01-31 00:10
LAB702327,ENC101000,PT13595,WBC,White Blood Cell Count,2.3,K/uL,4.5,11,L,STAT,2024-01-30 19:04,2024-01-30 19:15,2024-01-30 20:03
LAB702328,ENC101000,PT13595,HGB,Hemoglobin,14.4,g/dL,12,17.5,N,Routine,2024-01-30 19:15,2024-01-30 19:36,2024-01-30 22:04
LAB702329,ENC101000,PT13595,BUN,Blood Urea Nitrogen,10,mg/dL,7,20,N,STAT,2024-01-30 19:49,2024-01-30 20:07,2024-01-30 21:06
LAB702330,ENC101000,PT13595,PLT,Platelet Count,266,K/uL,150,400,N,Routine,2024-01-30 19:16,2024-01-30 19:40,2024-01-31 00:08
LAB702331,ENC101000,PT13595,LACT,Lactate,1.7,mmol/L,0.5,2,N,STAT,2024-01-30 18:59,2024-01-30 19:28,2024-01-30 20:19
LAB702332,ENC101001,PT11167,GLU,Glucose,203,mg/dL,70,99,H,STAT,2024-01-30 20:55,2024-01-30 21:26,2024-01-30 22:37
LAB702333,ENC101001,PT11167,CREAT,Creatinine,1.08,mg/dL,0.6,1.3,N,Routine,2024-01-30 20:14,2024-01-30 20:22,2024-01-30 23:37
LAB702334,ENC101001,PT11167,WBC,White Blood Cell Count,5,K/uL,4.5,11,N,STAT,2024-01-30 20:41,2024-01-30 20:51,2024-01-30 21:39
LAB702335,ENC101001,PT11167,HGB,Hemoglobin,14,g/dL,12,17.5,N,STAT,2024-01-30 20:41,2024-01-30 21:07,2024-01-30 21:59
LAB702336,ENC101002,PT11722,GLU,Glucose,102,mg/dL,70,99,H,STAT,2024-01-30 19:25,2024-01-30 19:55,2024-01-30 20:38
LAB702337,ENC101002,PT11722,CREAT,Creatinine,0.96,mg/dL,0.6,1.3,N,STAT,2024-01-30 19:26,2024-01-30 19:33,2024-01-30 20:52
LAB702338,ENC101002,PT11722,WBC,White Blood Cell Count,6.7,K/uL,4.5,11,N,Routine,2024-01-30 19:39,2024-01-30 19:55,2024-01-30 22:09
LAB702339,ENC101002,PT11722,HGB,Hemoglobin,14.1,g/dL,12,17.5,N,Routine,2024-01-30 19:57,2024-01-30 20:15,2024-01-31 02:01
LAB702340,ENC101006,PT12193,GLU,Glucose,225,mg/dL,70,99,H,Routine,2024-01-31 01:20,2024-01-31 01:26,2024-01-31 09:21
LAB702341,ENC101006,PT12193,CREAT,Creatinine,1.3,mg/dL,0.6,1.3,N,STAT,2024-01-31 00:59,2024-01-31 01:27,2024-01-31 02:17
LAB702342,ENC101006,PT12193,WBC,White Blood Cell Count,8.2,K/uL,4.5,11,N,STAT,2024-01-31 01:38,2024-01-31 02:00,2024-01-31 02:48
LAB702343,ENC101006,PT12193,HGB,Hemoglobin,9.9,g/dL,12,17.5,L,STAT,2024-01-31 01:17,2024-01-31 01:29,2024-01-31 02:13
LAB702344,ENC101006,PT12193,NA,Sodium,140,mmol/L,136,145,N,STAT,2024-01-31 00:57,2024-01-31 01:09,2024-01-31 01:48
LAB702345,ENC101006,PT12193,K,Potassium,4.2,mmol/L,3.5,5.1,N,STAT,2024-01-31 01:46,2024-01-31 02:02,2024-01-31 02:37
LAB702346,ENC101006,PT12193,BUN,Blood Urea Nitrogen,13,mg/dL,7,20,N,STAT,2024-01-31 00:53,2024-01-31 01:27,2024-01-31 02:12
LAB702347,ENC101006,PT12193,PLT,Platelet Count,274,K/uL,150,400,N,STAT,2024-01-31 01:42,2024-01-31 01:48,2024-01-31 02:47
LAB702348,ENC101006,PT12193,LACT,Lactate,1.3,mmol/L,0.5,2,N,STAT,2024-01-31 01:12,2024-01-31 01:43,2024-01-31 02:33
LAB702349,ENC101008,PT12047,GLU,Glucose,105,mg/dL,70,99,H,Routine,2024-01-31 04:40,2024-01-31 05:11,2024-01-31 07:58
LAB702350,ENC101008,PT12047,CREAT,Creatinine,2.22,mg/dL,0.6,1.3,H,STAT,2024-01-31 04:42,2024-01-31 05:07,2024-01-31 05:38
LAB702351,ENC101008,PT12047,WBC,White Blood Cell Count,5.7,K/uL,4.5,11,N,Routine,2024-01-31 03:59,2024-01-31 04:32,2024-01-31 09:12
LAB702352,ENC101008,PT12047,HGB,Hemoglobin,9.3,g/dL,12,17.5,L,STAT,2024-01-31 03:44,2024-01-31 03:48,2024-01-31 05:09
LAB702353,ENC101008,PT12047,TROP,"Troponin I, High Sensitivity",4,ng/L,0,34,N,STAT,2024-01-31 03:45,2024-01-31 04:18,2024-01-31 05:06
LAB702354,ENC101009,PT13604,GLU,Glucose,127,mg/dL,70,99,H,Routine,2024-01-31 02:18,2024-01-31 02:24,2024-01-31 05:04
LAB702355,ENC101009,PT13604,CREAT,Creatinine,0.94,mg/dL,0.6,1.3,N,STAT,2024-01-31 01:57,2024-01-31 02:20,2024-01-31 03:35
LAB702356,ENC101010,PT12185,GLU,Glucose,125,mg/dL,70,99,H,Routine,2024-01-31 07:16,2024-01-31 07:37,2024-01-31 11:13
LAB702357,ENC101010,PT12185,CREAT,Creatinine,1.01,mg/dL,0.6,1.3,N,STAT,2024-01-31 06:54,2024-01-31 07:06,2024-01-31 07:57
LAB702358,ENC101010,PT12185,WBC,White Blood Cell Count,7.5,K/uL,4.5,11,N,Routine,2024-01-31 06:57,2024-01-31 07:24,2024-01-31 11:02
LAB702359,ENC101010,PT12185,HGB,Hemoglobin,14.1,g/dL,12,17.5,N,STAT,2024-01-31 07:05,2024-01-31 07:15,2024-01-31 08:02
LAB702360,ENC101016,PT13928,A1C,Hemoglobin A1c,12.1,%,4,5.6,H,Routine,2024-01-31 10:59,2024-01-31 11:08,2024-01-31 18:44
LAB702361,ENC101016,PT13928,GLU,Glucose,284,mg/dL,70,99,H,Routine,2024-01-31 11:11,2024-01-31 11:38,2024-01-31 15:23
LAB702362,ENC101016,PT13928,CREAT,Creatinine,0.93,mg/dL,0.6,1.3,N,Routine,2024-01-31 11:03,2024-01-31 11:10,2024-01-31 12:06
LAB702363,ENC101017,PT11977,A1C,Hemoglobin A1c,10.7,%,4,5.6,H,STAT,2024-01-31 11:34,2024-01-31 11:59,2024-01-31 12:46
LAB702364,ENC101019,PT12945,LDL,LDL Cholesterol,114,mg/dL,0,99,H,Routine,2024-01-31 11:52,2024-01-31 12:20,2024-01-31 16:39
LAB702365,ENC101019,PT12945,TSH,Thyroid Stimulating Hormone,0.58,mIU/L,0.4,4,N,Routine,2024-01-31 11:52,2024-01-31 12:18,2024-02-01 17:45
LAB702366,ENC101020,PT12641,GLU,Glucose,146,mg/dL,70,99,H,STAT,2024-01-31 12:54,2024-01-31 13:21,2024-01-31 13:43
LAB702367,ENC101020,PT12641,CREAT,Creatinine,1.33,mg/dL,0.6,1.3,H,Routine,2024-01-31 12:28,2024-01-31 12:38,2024-01-31 16:14
LAB702368,ENC101020,PT12641,WBC,White Blood Cell Count,4.6,K/uL,4.5,11,N,STAT,2024-01-31 12:18,2024-01-31 12:43,2024-01-31 13:51
LAB702369,ENC101020,PT12641,HGB,Hemoglobin,11.7,g/dL,12,17.5,L,STAT,2024-01-31 12:23,2024-01-31 12:33,2024-01-31 13:15
LAB702370,ENC101021,PT12938,GLU,Glucose,95,mg/dL,70,99,N,Routine,2024-01-31 12:14,2024-01-31 12:25,2024-01-31 16:36
LAB702371,ENC101021,PT12938,CREAT,Creatinine,0.82,mg/dL,0.6,1.3,N,STAT,2024-01-31 12:21,2024-01-31 12:48,2024-01-31 13:27
LAB702372,ENC101023,PT13236,TROP,"Troponin I, High Sensitivity",37,ng/L,0,34,H,STAT,2024-01-31 13:04,2024-01-31 13:35,2024-01-31 14:09
LAB702373,ENC101028,PT12691,WBC,White Blood Cell Count,4.7,K/uL,4.5,11,N,Routine,2024-01-31 15:06,2024-01-31 15:34,2024-01-31 21:30
LAB702374,ENC101028,PT12691,HGB,Hemoglobin,14.8,g/dL,12,17.5,N,Routine,2024-01-31 15:20,2024-01-31 15:41,2024-01-31 19:46
LAB702375,ENC101028,PT12691,PLT,Platelet Count,256,K/uL,150,400,N,Routine,2024-01-31 15:20,2024-01-31 15:31,2024-01-31 19:13
LAB702376,ENC101029,PT11205,WBC,White Blood Cell Count,7.8,K/uL,4.5,11,N,Routine,2024-01-31 15:27,2024-01-31 15:53,2024-01-31 18:01
LAB702377,ENC101029,PT11205,HGB,Hemoglobin,12.7,g/dL,12,17.5,N,Routine,2024-01-31 15:08,2024-01-31 15:17,2024-01-31 17:39
LAB702378,ENC101029,PT11205,PLT,Platelet Count,273,K/uL,150,400,N,Routine,2024-01-31 15:24,2024-01-31 15:55,2024-01-31 18:52
LAB702379,ENC101030,PT12019,GLU,Glucose,300,mg/dL,70,99,H,Routine,2024-01-31 20:28,2024-01-31 20:44,2024-02-01 00:36
LAB702380,ENC101030,PT12019,CREAT,Creatinine,0.38,mg/dL,0.6,1.3,L,Routine,2024-01-31 20:03,2024-01-31 20:27,2024-01-31 21:43
LAB702381,ENC101030,PT12019,WBC,White Blood Cell Count,5.4,K/uL,4.5,11,N,Routine,2024-01-31 19:35,2024-01-31 19:52,2024-01-31 22:15
LAB702382,ENC101030,PT12019,HGB,Hemoglobin,13.9,g/dL,12,17.5,N,Routine,2024-01-31 20:32,2024-01-31 20:44,2024-02-01 00:58
LAB702383,ENC101034,PT13910,GLU,Glucose,114,mg/dL,70,99,H,STAT,2024-01-31 18:48,2024-01-31 19:04,2024-01-31 21:10
LAB702384,ENC101034,PT13910,CREAT,Creatinine,1.02,mg/dL,0.6,1.3,N,STAT,2024-01-31 18:32,2024-01-31 18:56,2024-01-31 19:57
LAB702385,ENC101035,PT10519,GLU,Glucose,223,mg/dL,70,99,H,STAT,2024-01-31 18:54,2024-01-31 19:10,2024-01-31 20:08
LAB702386,ENC101035,PT10519,CREAT,Creatinine,0.85,mg/dL,0.6,1.3,N,Routine,2024-01-31 19:09,2024-01-31 19:21,2024-01-31 23:54
LAB702387,ENC101035,PT10519,WBC,White Blood Cell Count,9.3,K/uL,4.5,11,N,STAT,2024-01-31 19:04,2024-01-31 19:16,2024-01-31 19:43
LAB702388,ENC101035,PT10519,HGB,Hemoglobin,15.1,g/dL,12,17.5,N,STAT,2024-01-31 19:21,2024-01-31 19:36,2024-01-31 20:13
LAB702389,ENC101035,PT10519,NA,Sodium,140,mmol/L,136,145,N,Routine,2024-01-31 18:24,2024-01-31 18:49,2024-01-31 20:21
LAB702390,ENC101035,PT10519,K,Potassium,4.2,mmol/L,3.5,5.1,N,STAT,2024-01-31 19:02,2024-01-31 19:23,2024-01-31 19:46
LAB702391,ENC101035,PT10519,INR,Prothrombin Time INR,1,ratio,0.8,1.2,N,Routine,2024-01-31 18:36,2024-01-31 18:56,2024-01-31 20:07
LAB702392,ENC101036,PT12454,GLU,Glucose,95,mg/dL,70,99,N,STAT,2024-01-31 18:57,2024-01-31 19:15,2024-01-31 19:35
LAB702393,ENC101036,PT12454,CREAT,Creatinine,0.85,mg/dL,0.6,1.3,N,STAT,2024-01-31 19:26,2024-01-31 19:43,2024-01-31 20:21
LAB702394,ENC101037,PT13301,GLU,Glucose,208,mg/dL,70,99,H,Routine,2024-01-31 22:50,2024-01-31 22:58,2024-01-31 23:51
LAB702395,ENC101037,PT13301,CREAT,Creatinine,1.04,mg/dL,0.6,1.3,N,Routine,2024-01-31 22:31,2024-01-31 22:39,2024-02-01 03:42
LAB702396,ENC101037,PT13301,WBC,White Blood Cell Count,6.7,K/uL,4.5,11,N,Routine,2024-01-31 23:22,2024-01-31 23:29,2024-02-01 01:46
LAB702397,ENC101037,PT13301,HGB,Hemoglobin,14.3,g/dL,12,17.5,N,STAT,2024-01-31 23:01,2024-01-31 23:29,2024-02-01 00:07
LAB702398,ENC101037,PT13301,NA,Sodium,142,mmol/L,136,145,N,STAT,2024-01-31 23:21,2024-01-31 23:56,2024-02-01 01:08
LAB702399,ENC101037,PT13301,K,Potassium,4.1,mmol/L,3.5,5.1,N,STAT,2024-01-31 22:27,2024-01-31 22:45,2024-01-31 23:19
LAB702400,ENC101040,PT12173,GLU,Glucose,123,mg/dL,70,99,H,STAT,2024-01-31 20:12,2024-01-31 20:38,2024-01-31 21:10
LAB702401,ENC101040,PT12173,CREAT,Creatinine,1.06,mg/dL,0.6,1.3,N,STAT,2024-01-31 19:37,2024-01-31 19:52,2024-01-31 20:46
LAB702402,ENC101040,PT12173,WBC,White Blood Cell Count,8.3,K/uL,4.5,11,N,STAT,2024-01-31 19:51,2024-01-31 20:23,2024-01-31 21:35
LAB702403,ENC101040,PT12173,HGB,Hemoglobin,14.3,g/dL,12,17.5,N,Routine,2024-01-31 20:16,2024-01-31 20:50,2024-02-01 00:26
LAB702404,ENC101043,PT11780,WBC,White Blood Cell Count,5.3,K/uL,4.5,11,N,Routine,2024-02-01 08:21,2024-02-01 08:45,2024-02-01 11:15
LAB702405,ENC101043,PT11780,HGB,Hemoglobin,13.4,g/dL,12,17.5,N,Routine,2024-02-01 08:21,2024-02-01 08:42,2024-02-01 16:31
LAB702406,ENC101043,PT11780,PLT,Platelet Count,206,K/uL,150,400,N,Routine,2024-02-01 08:10,2024-02-01 08:18,2024-02-01 10:51
LAB702407,ENC101044,PT13955,GLU,Glucose,119,mg/dL,70,99,H,Routine,2024-02-01 08:52,2024-02-01 09:07,2024-02-01 10:28
LAB702408,ENC101044,PT13955,CREAT,Creatinine,0.76,mg/dL,0.6,1.3,N,STAT,2024-02-01 09:38,2024-02-01 09:45,2024-02-01 11:11
LAB702409,ENC101044,PT13955,WBC,White Blood Cell Count,7.9,K/uL,4.5,11,N,STAT,2024-02-01 08:36,2024-02-01 08:46,2024-02-01 09:24
LAB702410,ENC101045,PT10414,GLU,Glucose,99,mg/dL,70,99,N,Routine,2024-02-01 10:01,2024-02-01 10:17,2024-02-01 12:44
LAB702411,ENC101045,PT10414,CREAT,Creatinine,1.12,mg/dL,0.6,1.3,N,STAT,2024-02-01 10:02,2024-02-01 10:31,2024-02-01 11:20
LAB702412,ENC101045,PT10414,WBC,White Blood Cell Count,8.5,K/uL,4.5,11,N,STAT,2024-02-01 09:07,2024-02-01 09:13,2024-02-01 09:51
LAB702413,ENC101045,PT10414,TROP,"Troponin I, High Sensitivity",68,ng/L,0,34,H,STAT,2024-02-01 09:27,2024-02-01 09:42,2024-02-01 10:12
LAB702414,ENC101048,PT11373,WBC,White Blood Cell Count,5.3,K/uL,4.5,11,N,Routine,2024-02-01 09:41,2024-02-01 10:16,2024-02-01 12:00
LAB702415,ENC101048,PT11373,HGB,Hemoglobin,16.4,g/dL,12,17.5,N,Routine,2024-02-01 09:59,2024-02-01 10:12,2024-02-01 13:25
LAB702416,ENC101048,PT11373,PLT,Platelet Count,285,K/uL,150,400,N,Routine,2024-02-01 09:54,2024-02-01 10:10,2024-02-01 15:26
LAB702417,ENC101049,PT12668,GLU,Glucose,118,mg/dL,70,99,H,Routine,2024-02-01 09:39,2024-02-01 09:49,2024-02-01 13:18
LAB702418,ENC101049,PT12668,CREAT,Creatinine,0.98,mg/dL,0.6,1.3,N,STAT,2024-02-01 10:24,2024-02-01 10:29,2024-02-01 11:10
LAB702419,ENC101049,PT12668,WBC,White Blood Cell Count,15.6,K/uL,4.5,11,H,STAT,2024-02-01 09:53,2024-02-01 10:15,2024-02-01 10:47
LAB702420,ENC101050,PT12359,WBC,White Blood Cell Count,8.8,K/uL,4.5,11,N,Routine,2024-02-01 09:52,2024-02-01 10:25,2024-02-01 13:41
LAB702421,ENC101050,PT12359,HGB,Hemoglobin,11.2,g/dL,12,17.5,L,Routine,2024-02-01 09:59,2024-02-01 10:14,2024-02-01 13:32
LAB702422,ENC101050,PT12359,PLT,Platelet Count,218,K/uL,150,400,N,Routine,2024-02-01 09:58,2024-02-01 10:25,2024-02-01 11:36
LAB702423,ENC101051,PT13734,GLU,Glucose,88,mg/dL,70,99,N,STAT,2024-02-01 13:16,2024-02-01 13:45,2024-02-01 15:00
LAB702424,ENC101051,PT13734,CREAT,Creatinine,1.14,mg/dL,0.6,1.3,N,STAT,2024-02-01 13:11,2024-02-01 13:20,2024-02-01 14:24
LAB702425,ENC101051,PT13734,WBC,White Blood Cell Count,4.9,K/uL,4.5,11,N,STAT,2024-02-01 12:32,2024-02-01 12:45,2024-02-01 13:35
LAB702426,ENC101051,PT13734,HGB,Hemoglobin,12.5,g/dL,12,17.5,N,STAT,2024-02-01 13:17,2024-02-01 13:49,2024-02-01 14:12
LAB702427,ENC101051,PT13734,NA,Sodium,144,mmol/L,136,145,N,STAT,2024-02-01 13:34,2024-02-01 13:41,2024-02-01 14:14
LAB702428,ENC101051,PT13734,K,Potassium,4.5,mmol/L,3.5,5.1,N,STAT,2024-02-01 12:57,2024-02-01 13:02,2024-02-01 13:52
LAB702429,ENC101052,PT13245,A1C,Hemoglobin A1c,5.3,%,4,5.6,N,Routine,2024-02-01 11:09,2024-02-01 11:19,2024-02-02 03:23
LAB702430,ENC101052,PT13245,GLU,Glucose,105,mg/dL,70,99,H,Routine,2024-02-01 11:00,2024-02-01 11:04,2024-02-01 14:19
LAB702431,ENC101052,PT13245,CREAT,Creatinine,0.95,mg/dL,0.6,1.3,N,Routine,2024-02-01 11:05,2024-02-01 11:11,2024-02-01 13:15
LAB702432,ENC101057,PT10011,GLU,Glucose,113,mg/dL,70,99,H,Routine,2024-02-01 13:13,2024-02-01 13:38,2024-02-01 15:29
LAB702433,ENC101057,PT10011,CREAT,Creatinine,2.93,mg/dL,0.6,1.3,H,STAT,2024-02-01 12:40,2024-02-01 13:12,2024-02-01 14:06
LAB702434,ENC101057,PT10011,WBC,White Blood Cell Count,5,K/uL,4.5,11,N,STAT,2024-02-01 12:43,2024-02-01 12:56,2024-02-01 13:50
LAB702435,ENC101057,PT10011,HGB,Hemoglobin,9.6,g/dL,12,17.5,L,STAT,2024-02-01 12:55,2024-02-01 13:25,2024-02-01 14:15
LAB702436,ENC101057,PT10011,NA,Sodium,142,mmol/L,136,145,N,Routine,2024-02-01 12:57,2024-02-01 13:20,2024-02-01 19:03
LAB702437,ENC101057,PT10011,K,Potassium,5.5,mmol/L,3.5,5.1,H,STAT,2024-02-01 13:03,2024-02-01 13:26,2024-02-01 14:18
LAB702438,ENC101058,PT10784,LDL,LDL Cholesterol,136,mg/dL,0,99,H,Routine,2024-02-01 12:42,2024-02-01 13:01,2024-02-02 18:56
LAB702439,ENC101058,PT10784,A1C,Hemoglobin A1c,5.7,%,4,5.6,H,Routine,2024-02-01 12:24,2024-02-01 12:34,2024-02-02 03:27
LAB702440,ENC101058,PT10784,TSH,Thyroid Stimulating Hormone,7.19,mIU/L,0.4,4,H,Routine,2024-02-01 12:22,2024-02-01 12:41,2024-02-01 23:15
LAB702441,ENC101059,PT11622,GLU,Glucose,99,mg/dL,70,99,N,STAT,2024-02-01 13:36,2024-02-01 14:04,2024-02-01 15:01
LAB702442,ENC101059,PT11622,CREAT,Creatinine,1.21,mg/dL,0.6,1.3,N,Routine,2024-02-01 13:04,2024-02-01 13:36,2024-02-01 20:42
LAB702443,ENC101060,PT12690,WBC,White Blood Cell Count,8.9,K/uL,4.5,11,N,Routine,2024-02-01 12:57,2024-02-01 13:08,2024-02-01 19:20
LAB702444,ENC101060,PT12690,HGB,Hemoglobin,10.2,g/dL,12,17.5,L,Routine,2024-02-01 12:52,2024-02-01 13:05,2024-02-01 16:10
LAB702445,ENC101060,PT12690,PLT,Platelet Count,224,K/uL,150,400,N,Routine,2024-02-01 13:03,2024-02-01 13:31,2024-02-01 19:01
LAB702446,ENC101061,PT13095,GLU,Glucose,116,mg/dL,70,99,H,Routine,2024-02-01 16:42,2024-02-01 17:03,2024-02-01 18:56
LAB702447,ENC101061,PT13095,CREAT,Creatinine,0.52,mg/dL,0.6,1.3,L,STAT,2024-02-01 17:24,2024-02-01 17:59,2024-02-01 18:40
LAB702448,ENC101061,PT13095,WBC,White Blood Cell Count,18.4,K/uL,4.5,11,H,Routine,2024-02-01 16:36,2024-02-01 16:45,2024-02-01 21:46
LAB702449,ENC101061,PT13095,HGB,Hemoglobin,15.3,g/dL,12,17.5,N,Routine,2024-02-01 17:29,2024-02-01 18:01,2024-02-01 20:54
LAB702450,ENC101061,PT13095,LACT,Lactate,6.7,mmol/L,0.5,2,HH,STAT,2024-02-01 17:31,2024-02-01 17:52,2024-02-01 18:43
LAB702451,ENC101062,PT13260,GLU,Glucose,80,mg/dL,70,99,N,STAT,2024-02-01 13:44,2024-02-01 14:09,2024-02-01 14:51
LAB702452,ENC101062,PT13260,CREAT,Creatinine,0.92,mg/dL,0.6,1.3,N,STAT,2024-02-01 13:29,2024-02-01 13:33,2024-02-01 14:35
LAB702453,ENC101062,PT13260,WBC,White Blood Cell Count,10.8,K/uL,4.5,11,N,STAT,2024-02-01 13:57,2024-02-01 14:17,2024-02-01 14:45
LAB702454,ENC101064,PT11035,GLU,Glucose,125,mg/dL,70,99,H,STAT,2024-02-01 14:18,2024-02-01 14:29,2024-02-01 15:32
LAB702455,ENC101064,PT11035,CREAT,Creatinine,0.98,mg/dL,0.6,1.3,N,STAT,2024-02-01 14:22,2024-02-01 14:43,2024-02-01 15:26
LAB702456,ENC101064,PT11035,WBC,White Blood Cell Count,6.6,K/uL,4.5,11,N,Routine,2024-02-01 14:44,2024-02-01 14:54,2024-02-01 18:21
LAB702457,ENC101064,PT11035,HGB,Hemoglobin,13.5,g/dL,12,17.5,N,Routine,2024-02-01 14:25,2024-02-01 14:38,2024-02-01 16:56
LAB702458,ENC101064,PT11035,TROP,"Troponin I, High Sensitivity",31,ng/L,0,34,N,STAT,2024-02-01 15:02,2024-02-01 15:19,2024-02-01 16:15
LAB702459,ENC101064,PT11035,BNP,B-Type Natriuretic Peptide,746,pg/mL,0,100,H,Routine,2024-02-01 14:09,2024-02-01 14:13,2024-02-01 16:31
LAB702460,ENC101068,PT11210,GLU,Glucose,99,mg/dL,70,99,N,STAT,2024-02-01 19:41,2024-02-01 19:59,2024-02-01 21:09
LAB702461,ENC101068,PT11210,CREAT,Creatinine,1.04,mg/dL,0.6,1.3,N,STAT,2024-02-01 19:42,2024-02-01 19:54,2024-02-01 20:44
LAB702462,ENC101068,PT11210,WBC,White Blood Cell Count,14.9,K/uL,4.5,11,H,Routine,2024-02-01 18:59,2024-02-01 19:18,2024-02-01 23:54
LAB702463,ENC101068,PT11210,HGB,Hemoglobin,13.7,g/dL,12,17.5,N,Routine,2024-02-01 18:56,2024-02-01 19:02,2024-02-01 21:03
LAB702464,ENC101069,PT11357,GLU,Glucose,118,mg/dL,70,99,H,Routine,2024-02-01 19:14,2024-02-01 19:36,2024-02-01 22:23
LAB702465,ENC101069,PT11357,CREAT,Creatinine,1.05,mg/dL,0.6,1.3,N,Routine,2024-02-01 18:43,2024-02-01 18:50,2024-02-01 20:18
LAB702466,ENC101069,PT11357,WBC,White Blood Cell Count,10,K/uL,4.5,11,N,Routine,2024-02-01 18:45,2024-02-01 19:07,2024-02-01 23:53
LAB702467,ENC101069,PT11357,HGB,Hemoglobin,13.2,g/dL,12,17.5,N,STAT,2024-02-01 18:33,2024-02-01 19:05,2024-02-01 19:56
LAB702468,ENC101069,PT11357,NA,Sodium,142,mmol/L,136,145,N,STAT,2024-02-01 19:16,2024-02-01 19:50,2024-02-01 20:51
LAB702469,ENC101069,PT11357,K,Potassium,4.3,mmol/L,3.5,5.1,N,STAT,2024-02-01 18:37,2024-02-01 18:51,2024-02-01 19:41
LAB702470,ENC101069,PT11357,TROP,"Troponin I, High Sensitivity",46,ng/L,0,34,H,STAT,2024-02-01 18:37,2024-02-01 19:12,2024-02-01 20:11
LAB702471,ENC101069,PT11357,BNP,B-Type Natriuretic Peptide,1330,pg/mL,0,100,H,Routine,2024-02-01 18:31,2024-02-01 18:48,2024-02-01 20:02
LAB702472,ENC101070,PT13502,LDL,LDL Cholesterol,47,mg/dL,0,99,N,Routine,2024-02-01 16:43,2024-02-01 16:52,2024-02-01 23:00
LAB702473,ENC101070,PT13502,A1C,Hemoglobin A1c,8.4,%,4,5.6,H,Routine,2024-02-01 16:43,2024-02-01 17:12,2024-02-02 02:24
LAB702474,ENC101070,PT13502,TSH,Thyroid Stimulating Hormone,0.25,mIU/L,0.4,4,L,Routine,2024-02-01 16:48,2024-02-01 17:22,2024-02-02 06:36
LAB702475,ENC101072,PT10483,GLU,Glucose,104,mg/dL,70,99,H,STAT,2024-02-01 18:54,2024-02-01 19:27,2024-02-01 20:35
LAB702476,ENC101072,PT10483,CREAT,Creatinine,1.11,mg/dL,0.6,1.3,N,Routine,2024-02-01 18:25,2024-02-01 18:44,2024-02-01 20:47
LAB702477,ENC101072,PT10483,WBC,White Blood Cell Count,6.1,K/uL,4.5,11,N,STAT,2024-02-01 18:25,2024-02-01 18:45,2024-02-01 19:21
LAB702478,ENC101077,PT12753,GLU,Glucose,120,mg/dL,70,99,H,STAT,2024-02-02 03:29,2024-02-02 03:57,2024-02-02 04:24
LAB702479,ENC101077,PT12753,CREAT,Creatinine,0.56,mg/dL,0.6,1.3,L,Routine,2024-02-02 03:51,2024-02-02 04:03,2024-02-02 05:33
LAB702480,ENC101077,PT12753,WBC,White Blood Cell Count,6,K/uL,4.5,11,N,Routine,2024-02-02 02:53,2024-02-02 03:09,2024-02-02 04:51
LAB702481,ENC101077,PT12753,HGB,Hemoglobin,14.5,g/dL,12,17.5,N,STAT,2024-02-02 03:11,2024-02-02 03:44,2024-02-02 04:32
LAB702482,ENC101078,PT13227,GLU,Glucose,103,mg/dL,70,99,H,STAT,2024-02-02 04:16,2024-02-02 04:24,2024-02-02 05:19
LAB702483,ENC101078,PT13227,CREAT,Creatinine,0.84,mg/dL,0.6,1.3,N,STAT,2024-02-02 04:11,2024-02-02 04:34,2024-02-02 05:05
LAB702484,ENC101078,PT13227,WBC,White Blood Cell Count,6.9,K/uL,4.5,11,N,Routine,2024-02-02 04:14,2024-02-02 04:49,2024-02-02 09:24
LAB702485,ENC101078,PT13227,HGB,Hemoglobin,13.2,g/dL,12,17.5,N,Routine,2024-02-02 04:03,2024-02-02 04:33,2024-02-02 09:27
LAB702486,ENC101080,PT13782,GLU,Glucose,122,mg/dL,70,99,H,STAT,2024-02-02 08:16,2024-02-02 08:35,2024-02-02 09:10
LAB702487,ENC101080,PT13782,CREAT,Creatinine,0.87,mg/dL,0.6,1.3,N,STAT,2024-02-02 08:16,2024-02-02 08:30,2024-02-02 09:16
LAB702488,ENC101080,PT13782,WBC,White Blood Cell Count,5.6,K/uL,4.5,11,N,STAT,2024-02-02 08:22,2024-02-02 08:56,2024-02-02 10:09
LAB702489,ENC101080,PT13782,HGB,Hemoglobin,12.5,g/dL,12,17.5,N,STAT,2024-02-02 07:54,2024-02-02 08:22,2024-02-02 09:20
LAB702490,ENC101084,PT10284,GLU,Glucose,223,mg/dL,70,99,H,STAT,2024-02-02 11:42,2024-02-02 12:03,2024-02-02 12:50
LAB702491,ENC101084,PT10284,CREAT,Creatinine,1.03,mg/dL,0.6,1.3,N,STAT,2024-02-02 12:11,2024-02-02 12:41,2024-02-02 13:26
LAB702492,ENC101084,PT10284,WBC,White Blood Cell Count,10,K/uL,4.5,11,N,Routine,2024-02-02 11:59,2024-02-02 12:14,2024-02-02 15:51
LAB702493,ENC101084,PT10284,HGB,Hemoglobin,13.4,g/dL,12,17.5,N,Routine,2024-02-02 11:50,2024-02-02 12:07,2024-02-02 13:27
LAB702494,ENC101084,PT10284,NA,Sodium,138,mmol/L,136,145,N,STAT,2024-02-02 12:36,2024-02-02 12:52,2024-02-02 13:37
LAB702495,ENC101084,PT10284,K,Potassium,4.4,mmol/L,3.5,5.1,N,STAT,2024-02-02 12:15,2024-02-02 12:30,2024-02-02 13:00
LAB702496,ENC101084,PT10284,BUN,Blood Urea Nitrogen,11,mg/dL,7,20,N,STAT,2024-02-02 12:20,2024-02-02 12:53,2024-02-02 14:03
LAB702497,ENC101084,PT10284,PLT,Platelet Count,227,K/uL,150,400,N,STAT,2024-02-02 12:07,2024-02-02 12:23,2024-02-02 13:01
LAB702498,ENC101084,PT10284,TROP,"Troponin I, High Sensitivity",13,ng/L,0,34,N,STAT,2024-02-02 12:39,2024-02-02 13:05,2024-02-02 13:31
LAB702499,ENC101087,PT13442,GLU,Glucose,110,mg/dL,70,99,H,STAT,2024-02-02 15:02,2024-02-02 15:33,2024-02-02 15:51
LAB702500,ENC101087,PT13442,CREAT,Creatinine,5.61,mg/dL,0.6,1.3,H,STAT,2024-02-02 15:20,2024-02-02 15:51,2024-02-02 16:56
LAB702501,ENC101087,PT13442,WBC,White Blood Cell Count,8.9,K/uL,4.5,11,N,STAT,2024-02-02 16:06,2024-02-02 16:19,2024-02-02 16:58
LAB702502,ENC101087,PT13442,HGB,Hemoglobin,12.9,g/dL,12,17.5,N,Routine,2024-02-02 15:21,2024-02-02 15:49,2024-02-02 18:26
LAB702503,ENC101087,PT13442,NA,Sodium,136,mmol/L,136,145,N,STAT,2024-02-02 16:00,2024-02-02 16:31,2024-02-02 17:23
LAB702504,ENC101087,PT13442,K,Potassium,5.9,mmol/L,3.5,5.1,H,STAT,2024-02-02 15:40,2024-02-02 15:58,2024-02-02 17:31
LAB702505,ENC101088,PT12681,GLU,Glucose,114,mg/dL,70,99,H,Routine,2024-02-02 11:23,2024-02-02 11:55,2024-02-02 17:27
LAB702506,ENC101088,PT12681,CREAT,Creatinine,0.81,mg/dL,0.6,1.3,N,Routine,2024-02-02 12:05,2024-02-02 12:39,2024-02-02 17:48
LAB702507,ENC101088,PT12681,WBC,White Blood Cell Count,8.9,K/uL,4.5,11,N,STAT,2024-02-02 11:55,2024-02-02 12:03,2024-02-02 12:29
LAB702508,ENC101088,PT12681,HGB,Hemoglobin,15.3,g/dL,12,17.5,N,STAT,2024-02-02 11:39,2024-02-02 11:55,2024-02-02 12:44
LAB702509,ENC101088,PT12681,NA,Sodium,143,mmol/L,136,145,N,STAT,2024-02-02 12:09,2024-02-02 12:44,2024-02-02 13:51
LAB702510,ENC101088,PT12681,K,Potassium,3.1,mmol/L,3.5,5.1,L,STAT,2024-02-02 11:34,2024-02-02 11:54,2024-02-02 12:41
LAB702511,ENC101088,PT12681,INR,Prothrombin Time INR,1,ratio,0.8,1.2,N,Routine,2024-02-02 11:18,2024-02-02 11:45,2024-02-02 15:20
LAB702512,ENC101089,PT10134,GLU,Glucose,343,mg/dL,70,99,H,STAT,2024-02-02 11:47,2024-02-02 12:02,2024-02-02 12:42
LAB702513,ENC101089,PT10134,CREAT,Creatinine,1.17,mg/dL,0.6,1.3,N,Routine,2024-02-02 11:28,2024-02-02 12:02,2024-02-02 16:33
LAB702514,ENC101089,PT10134,WBC,White Blood Cell Count,7.8,K/uL,4.5,11,N,Routine,2024-02-02 12:05,2024-02-02 12:12,2024-02-02 14:28
LAB702515,ENC101089,PT10134,HGB,Hemoglobin,12.7,g/dL,12,17.5,N,Routine,2024-02-02 12:19,2024-02-02 12:39,2024-02-02 20:50
LAB702516,ENC101089,PT10134,NA,Sodium,137,mmol/L,136,145,N,STAT,2024-02-02 12:00,2024-02-02 12:04,2024-02-02 12:51
LAB702517,ENC101089,PT10134,K,Potassium,3.7,mmol/L,3.5,5.1,N,STAT,2024-02-02 12:22,2024-02-02 12:48,2024-02-02 13:34
LAB702518,ENC101089,PT10134,A1C,Hemoglobin A1c,10.1,%,4,5.6,H,Routine,2024-02-02 11:50,2024-02-02 12:00,2024-02-03 09:22
LAB702519,ENC101093,PT13928,WBC,White Blood Cell Count,8,K/uL,4.5,11,N,Routine,2024-02-02 13:05,2024-02-02 13:18,2024-02-02 15:07
LAB702520,ENC101093,PT13928,HGB,Hemoglobin,16.1,g/dL,12,17.5,N,Routine,2024-02-02 13:08,2024-02-02 13:27,2024-02-02 15:49
LAB702521,ENC101093,PT13928,PLT,Platelet Count,235,K/uL,150,400,N,Routine,2024-02-02 12:58,2024-02-02 13:11,2024-02-02 17:33
LAB702522,ENC101099,PT11913,GLU,Glucose,116,mg/dL,70,99,H,Routine,2024-02-02 17:04,2024-02-02 17:13,2024-02-02 19:24
LAB702523,ENC101099,PT11913,CREAT,Creatinine,2.41,mg/dL,0.6,1.3,H,STAT,2024-02-02 17:06,2024-02-02 17:17,2024-02-02 17:48
LAB702524,ENC101099,PT11913,WBC,White Blood Cell Count,7.9,K/uL,4.5,11,N,Routine,2024-02-02 17:46,2024-02-02 17:55,2024-02-02 20:02
LAB702525,ENC101099,PT11913,INR,Prothrombin Time INR,1,ratio,0.8,1.2,N,Routine,2024-02-02 17:04,2024-02-02 17:08,2024-02-02 19:40
LAB702526,ENC101102,PT13860,GLU,Glucose,113,mg/dL,70,99,H,STAT,2024-02-03 01:44,2024-02-03 01:54,2024-02-03 02:27
LAB702527,ENC101102,PT13860,CREAT,Creatinine,0.87,mg/dL,0.6,1.3,N,STAT,2024-02-03 01:39,2024-02-03 01:57,2024-02-03 02:58
LAB702528,ENC101102,PT13860,WBC,White Blood Cell Count,6.2,K/uL,4.5,11,N,STAT,2024-02-03 01:24,2024-02-03 01:34,2024-02-03 02:06
LAB702529,ENC101102,PT13860,HGB,Hemoglobin,14.7,g/dL,12,17.5,N,STAT,2024-02-03 01:56,2024-02-03 02:08,2024-02-03 03:07
LAB702530,ENC101102,PT13860,NA,Sodium,141,mmol/L,136,145,N,Routine,2024-02-03 02:19,2024-02-03 02:31,2024-02-03 05:26
LAB702531,ENC101102,PT13860,K,Potassium,4.3,mmol/L,3.5,5.1,N,STAT,2024-02-03 02:06,2024-02-03 02:14,2024-02-03 02:45
LAB702532,ENC101102,PT13860,LACT,Lactate,1.3,mmol/L,0.5,2,N,STAT,2024-02-03 02:08,2024-02-03 02:36,2024-02-03 03:37
LAB702533,ENC101104,PT13365,GLU,Glucose,87,mg/dL,70,99,N,STAT,2024-02-03 13:19,2024-02-03 13:37,2024-02-03 14:32
LAB702534,ENC101104,PT13365,CREAT,Creatinine,0.68,mg/dL,0.6,1.3,N,STAT,2024-02-03 13:13,2024-02-03 13:27,2024-02-03 14:11
LAB702535,ENC101104,PT13365,WBC,White Blood Cell Count,13.2,K/uL,4.5,11,H,STAT,2024-02-03 12:52,2024-02-03 13:17,2024-02-03 14:53
LAB702536,ENC101104,PT13365,HGB,Hemoglobin,14.3,g/dL,12,17.5,N,STAT,2024-02-03 12:43,2024-02-03 12:50,2024-02-03 13:20
LAB702537,ENC101105,PT11206,GLU,Glucose,119,mg/dL,70,99,H,Routine,2024-02-03 13:41,2024-02-03 14:02,2024-02-03 15:59
LAB702538,ENC101105,PT11206,CREAT,Creatinine,1.06,mg/dL,0.6,1.3,N,STAT,2024-02-03 14:19,2024-02-03 14:27,2024-02-03 14:46
LAB702539,ENC101105,PT11206,WBC,White Blood Cell Count,7.4,K/uL,4.5,11,N,STAT,2024-02-03 13:38,2024-02-03 14:06,2024-02-03 14:25
LAB702540,ENC101105,PT11206,HGB,Hemoglobin,14.2,g/dL,12,17.5,N,Routine,2024-02-03 13:59,2024-02-03 14:12,2024-02-03 19:44
LAB702541,ENC101106,PT12770,GLU,Glucose,100,mg/dL,70,99,H,STAT,2024-02-03 13:19,2024-02-03 13:40,2024-02-03 14:27
LAB702542,ENC101106,PT12770,CREAT,Creatinine,0.52,mg/dL,0.6,1.3,L,Routine,2024-02-03 12:32,2024-02-03 12:41,2024-02-03 19:00
LAB702543,ENC101106,PT12770,WBC,White Blood Cell Count,5.2,K/uL,4.5,11,N,STAT,2024-02-03 13:24,2024-02-03 13:39,2024-02-03 14:21
LAB702544,ENC101106,PT12770,HGB,Hemoglobin,13.9,g/dL,12,17.5,N,STAT,2024-02-03 12:32,2024-02-03 12:47,2024-02-03 13:16
LAB702545,ENC101107,PT13796,GLU,Glucose,96,mg/dL,70,99,N,STAT,2024-02-03 12:51,2024-02-03 13:19,2024-02-03 13:42
LAB702546,ENC101107,PT13796,CREAT,Creatinine,0.77,mg/dL,0.6,1.3,N,STAT,2024-02-03 13:38,2024-02-03 14:05,2024-02-03 14:47
LAB702547,ENC101107,PT13796,WBC,White Blood Cell Count,3.8,K/uL,4.5,11,L,STAT,2024-02-03 13:38,2024-02-03 13:53,2024-02-03 14:57
LAB702548,ENC101107,PT13796,HGB,Hemoglobin,15.5,g/dL,12,17.5,N,Routine,2024-02-03 12:46,2024-02-03 12:59,2024-02-03 14:53
LAB702549,ENC101107,PT13796,TROP,"Troponin I, High Sensitivity",74,ng/L,0,34,H,STAT,2024-02-03 13:10,2024-02-03 13:45,2024-02-03 14:40
LAB702550,ENC101107,PT13796,BNP,B-Type Natriuretic Peptide,1391,pg/mL,0,100,H,STAT,2024-02-03 13:35,2024-02-03 13:43,2024-02-03 14:18
LAB702551,ENC101108,PT13755,GLU,Glucose,106,mg/dL,70,99,H,Routine,2024-02-03 16:33,2024-02-03 16:49,2024-02-03 19:02
LAB702552,ENC101108,PT13755,CREAT,Creatinine,2.32,mg/dL,0.6,1.3,H,Routine,2024-02-03 16:09,2024-02-03 16:31,2024-02-03 20:12
LAB702553,ENC101108,PT13755,WBC,White Blood Cell Count,9.1,K/uL,4.5,11,N,Routine,2024-02-03 15:44,2024-02-03 16:02,2024-02-03 17:59
LAB702554,ENC101108,PT13755,HGB,Hemoglobin,9.3,g/dL,12,17.5,L,Routine,2024-02-03 16:17,2024-02-03 16:22,2024-02-03 17:47
LAB702555,ENC101110,PT11453,GLU,Glucose,101,mg/dL,70,99,H,STAT,2024-02-03 17:27,2024-02-03 17:49,2024-02-03 18:37
LAB702556,ENC101110,PT11453,CREAT,Creatinine,1.2,mg/dL,0.6,1.3,N,STAT,2024-02-03 17:41,2024-02-03 18:07,2024-02-03 18:35
LAB702557,ENC101110,PT11453,TROP,"Troponin I, High Sensitivity",13,ng/L,0,34,N,STAT,2024-02-03 17:25,2024-02-03 17:48,2024-02-03 18:17
LAB702558,ENC101111,PT13107,GLU,Glucose,83,mg/dL,70,99,N,Routine,2024-02-03 18:11,2024-02-03 18:19,2024-02-03 22:17
LAB702559,ENC101111,PT13107,CREAT,Creatinine,1.24,mg/dL,0.6,1.3,N,STAT,2024-02-03 18:11,2024-02-03 18:33,2024-02-03 20:22
LAB702560,ENC101111,PT13107,WBC,White Blood Cell Count,5.6,K/uL,4.5,11,N,STAT,2024-02-03 17:32,2024-02-03 17:47,2024-02-03 19:42
LAB702561,ENC101112,PT11385,GLU,Glucose,99,mg/dL,70,99,N,Routine,2024-02-03 19:05,2024-02-03 19:27,2024-02-03 22:04
LAB702562,ENC101112,PT11385,CREAT,Creatinine,0.95,mg/dL,0.6,1.3,N,STAT,2024-02-03 18:35,2024-02-03 18:44,2024-02-03 19:08
LAB702563,ENC101113,PT11199,GLU,Glucose,81,mg/dL,70,99,N,Routine,2024-02-03 21:21,2024-02-03 21:40,2024-02-03 23:59
LAB702564,ENC101113,PT11199,CREAT,Creatinine,2.93,mg/dL,0.6,1.3,H,STAT,2024-02-03 21:13,2024-02-03 21:20,2024-02-03 22:10
LAB702565,ENC101113,PT11199,WBC,White Blood Cell Count,6.6,K/uL,4.5,11,N,STAT,2024-02-03 20:28,2024-02-03 20:49,2024-02-03 21:35
LAB702566,ENC101113,PT11199,HGB,Hemoglobin,11.1,g/dL,12,17.5,L,STAT,2024-02-03 20:22,2024-02-03 20:55,2024-02-03 21:18
LAB702567,ENC101113,PT11199,NA,Sodium,140,mmol/L,136,145,N,Routine,2024-02-03 21:18,2024-02-03 21:48,2024-02-04 02:42
LAB702568,ENC101113,PT11199,K,Potassium,5.5,mmol/L,3.5,5.1,H,STAT,2024-02-03 20:57,2024-02-03 21:08,2024-02-03 23:24
LAB702569,ENC101114,PT10821,GLU,Glucose,150,mg/dL,70,99,H,Routine,2024-02-03 23:08,2024-02-03 23:30,2024-02-04 00:40
LAB702570,ENC101114,PT10821,CREAT,Creatinine,1.02,mg/dL,0.6,1.3,N,STAT,2024-02-03 22:42,2024-02-03 22:47,2024-02-03 23:37
LAB702571,ENC101114,PT10821,WBC,White Blood Cell Count,7.5,K/uL,4.5,11,N,STAT,2024-02-03 23:07,2024-02-03 23:12,2024-02-03 23:47
LAB702572,ENC101114,PT10821,HGB,Hemoglobin,12.7,g/dL,12,17.5,N,STAT,2024-02-03 23:00,2024-02-03 23:12,2024-02-03 23:57
LAB702573,ENC101118,PT13007,GLU,Glucose,123,mg/dL,70,99,H,STAT,2024-02-03 21:04,2024-02-03 21:25,2024-02-03 23:00
LAB702574,ENC101118,PT13007,CREAT,Creatinine,1.1,mg/dL,0.6,1.3,N,STAT,2024-02-03 21:07,2024-02-03 21:31,2024-02-03 22:12
LAB702575,ENC101118,PT13007,WBC,White Blood Cell Count,3.7,K/uL,4.5,11,L,STAT,2024-02-03 20:43,2024-02-03 21:10,2024-02-03 21:51
LAB702576,ENC101118,PT13007,HGB,Hemoglobin,14.2,g/dL,12,17.5,N,STAT,2024-02-03 21:12,2024-02-03 21:46,2024-02-03 23:08
LAB702577,ENC101119,PT11730,GLU,Glucose,239,mg/dL,70,99,H,Routine,2024-02-03 20:52,2024-02-03 21:12,2024-02-04 08:42
LAB702578,ENC101119,PT11730,CREAT,Creatinine,1.01,mg/dL,0.6,1.3,N,STAT,2024-02-03 21:35,2024-02-03 21:57,2024-02-03 23:01
LAB702579,ENC101120,PT12001,GLU,Glucose,114,mg/dL,70,99,H,Routine,2024-02-04 00:54,2024-02-04 01:07,2024-02-04 05:15
LAB702580,ENC101120,PT12001,CREAT,Creatinine,1.13,mg/dL,0.6,1.3,N,STAT,2024-02-04 00:16,2024-02-04 00:36,2024-02-04 01:32
LAB702581,ENC101120,PT12001,WBC,White Blood Cell Count,4.9,K/uL,4.5,11,N,STAT,2024-02-04 00:08,2024-02-04 00:43,2024-02-04 01:19
LAB702582,ENC101120,PT12001,HGB,Hemoglobin,10.3,g/dL,12,17.5,L,STAT,2024-02-04 00:13,2024-02-04 00:29,2024-02-04 01:14
LAB702583,ENC101120,PT12001,NA,Sodium,141,mmol/L,136,145,N,STAT,2024-02-04 00:55,2024-02-04 01:24,2024-02-04 01:58
LAB702584,ENC101120,PT12001,K,Potassium,5.4,mmol/L,3.5,5.1,H,STAT,2024-02-04 00:12,2024-02-04 00:25,2024-02-04 01:15
LAB702585,ENC101121,PT10040,GLU,Glucose,109,mg/dL,70,99,H,STAT,2024-02-03 23:02,2024-02-03 23:14,2024-02-04 00:32
LAB702586,ENC101121,PT10040,CREAT,Creatinine,0.96,mg/dL,0.6,1.3,N,Routine,2024-02-03 22:56,2024-02-03 23:08,2024-02-04 00:36
LAB702587,ENC101121,PT10040,WBC,White Blood Cell Count,5.9,K/uL,4.5,11,N,STAT,2024-02-03 22:25,2024-02-03 22:55,2024-02-03 23:43
LAB702588,ENC101121,PT10040,HGB,Hemoglobin,13.5,g/dL,12,17.5,N,Routine,2024-02-03 22:50,2024-02-03 23:23,2024-02-04 02:32
LAB702589,ENC101122,PT11093,GLU,Glucose,277,mg/dL,70,99,H,Routine,2024-02-03 23:15,2024-02-03 23:23,2024-02-04 05:19
LAB702590,ENC101122,PT11093,CREAT,Creatinine,0.89,mg/dL,0.6,1.3,N,STAT,2024-02-04 00:01,2024-02-04 00:21,2024-02-04 00:56
LAB702591,ENC101122,PT11093,A1C,Hemoglobin A1c,11.7,%,4,5.6,H,STAT,2024-02-03 23:19,2024-02-03 23:31,2024-02-04 00:28
LAB702592,ENC101123,PT11580,GLU,Glucose,270,mg/dL,70,99,H,STAT,2024-02-04 11:46,2024-02-04 12:02,2024-02-04 12:25
LAB702593,ENC101123,PT11580,CREAT,Creatinine,0.71,mg/dL,0.6,1.3,N,STAT,2024-02-04 12:35,2024-02-04 12:45,2024-02-04 13:30
LAB702594,ENC101123,PT11580,WBC,White Blood Cell Count,6.6,K/uL,4.5,11,N,Routine,2024-02-04 12:05,2024-02-04 12:23,2024-02-04 15:46
LAB702595,ENC101123,PT11580,HGB,Hemoglobin,13.1,g/dL,12,17.5,N,Routine,2024-02-04 12:03,2024-02-04 12:33,2024-02-04 13:51
LAB702596,ENC101123,PT11580,NA,Sodium,140,mmol/L,136,145,N,STAT,2024-02-04 12:00,2024-02-04 12:08,2024-02-04 13:03
LAB702597,ENC101123,PT11580,K,Potassium,4.2,mmol/L,3.5,5.1,N,STAT,2024-02-04 12:32,2024-02-04 13:04,2024-02-04 14:02
LAB702598,ENC101123,PT11580,BUN,Blood Urea Nitrogen,11,mg/dL,7,20,N,STAT,2024-02-04 11:52,2024-02-04 12:18,2024-02-04 12:49
LAB702599,ENC101123,PT11580,PLT,Platelet Count,271,K/uL,150,400,N,Routine,2024-02-04 12:30,2024-02-04 12:45,2024-02-04 15:56
LAB702600,ENC101123,PT11580,A1C,Hemoglobin A1c,11,%,4,5.6,H,STAT,2024-02-04 12:44,2024-02-04 13:02,2024-02-04 14:12
LAB702601,ENC101124,PT11089,GLU,Glucose,107,mg/dL,70,99,H,Routine,2024-02-04 09:13,2024-02-04 09:35,2024-02-04 13:03
LAB702602,ENC101124,PT11089,CREAT,Creatinine,0.66,mg/dL,0.6,1.3,N,STAT,2024-02-04 08:40,2024-02-04 08:46,2024-02-04 09:37
LAB702603,ENC101124,PT11089,WBC,White Blood Cell Count,11,K/uL,4.5,11,N,STAT,2024-02-04 09:16,2024-02-04 09:29,2024-02-04 10:14
LAB702604,ENC101125,PT10637,GLU,Glucose,96,mg/dL,70,99,N,STAT,2024-02-04 12:01,2024-02-04 12:32,2024-02-04 13:07
LAB702605,ENC101125,PT10637,CREAT,Creatinine,0.35,mg/dL,0.6,1.3,L,STAT,2024-02-04 12:04,2024-02-04 12:21,2024-02-04 13:25
LAB702606,ENC101125,PT10637,WBC,White Blood Cell Count,9,K/uL,4.5,11,N,STAT,2024-02-04 12:31,2024-02-04 12:40,2024-02-04 13:39
LAB702607,ENC101125,PT10637,HGB,Hemoglobin,16.2,g/dL,12,17.5,N,Routine,2024-02-04 12:35,2024-02-04 13:01,2024-02-04 15:47
LAB702608,ENC101127,PT13280,GLU,Glucose,179,mg/dL,70,99,H,Routine,2024-02-04 15:02,2024-02-04 15:08,2024-02-04 19:00
LAB702609,ENC101127,PT13280,CREAT,Creatinine,0.71,mg/dL,0.6,1.3,N,STAT,2024-02-04 14:52,2024-02-04 15:04,2024-02-04 16:37
LAB702610,ENC101127,PT13280,WBC,White Blood Cell Count,7.1,K/uL,4.5,11,N,STAT,2024-02-04 15:11,2024-02-04 15:46,2024-02-04 16:19
LAB702611,ENC101127,PT13280,HGB,Hemoglobin,15.9,g/dL,12,17.5,N,Routine,2024-02-04 15:05,2024-02-04 15:33,2024-02-04 19:21
LAB702612,ENC101128,PT13078,GLU,Glucose,99,mg/dL,70,99,N,STAT,2024-02-04 13:23,2024-02-04 13:36,2024-02-04 14:15
LAB702613,ENC101128,PT13078,CREAT,Creatinine,0.92,mg/dL,0.6,1.3,N,STAT,2024-02-04 13:42,2024-02-04 14:07,2024-02-04 14:38
LAB702614,ENC101128,PT13078,WBC,White Blood Cell Count,8.9,K/uL,4.5,11,N,Routine,2024-02-04 12:45,2024-02-04 12:57,2024-02-04 15:25
LAB702615,ENC101128,PT13078,HGB,Hemoglobin,12.3,g/dL,12,17.5,N,Routine,2024-02-04 12:58,2024-02-04 13:32,2024-02-04 15:36
LAB702616,ENC101130,PT12560,GLU,Glucose,133,mg/dL,70,99,H,STAT,2024-02-04 17:04,2024-02-04 17:34,2024-02-04 18:18
LAB702617,ENC101130,PT12560,CREAT,Creatinine,0.69,mg/dL,0.6,1.3,N,STAT,2024-02-04 17:28,2024-02-04 17:44,2024-02-04 18:26
LAB702618,ENC101130,PT12560,WBC,White Blood Cell Count,8.3,K/uL,4.5,11,N,Routine,2024-02-04 16:48,2024-02-04 16:58,2024-02-04 18:52
LAB702619,ENC101130,PT12560,HGB,Hemoglobin,14.6,g/dL,12,17.5,N,STAT,2024-02-04 17:34,2024-02-04 18:02,2024-02-04 18:47
LAB702620,ENC101131,PT13759,GLU,Glucose,124,mg/dL,70,99,H,STAT,2024-02-04 21:51,2024-02-04 22:20,2024-02-04 22:51
LAB702621,ENC101131,PT13759,CREAT,Creatinine,0.78,mg/dL,0.6,1.3,N,STAT,2024-02-04 22:02,2024-02-04 22:36,2024-02-04 23:19
LAB702622,ENC101131,PT13759,WBC,White Blood Cell Count,8.5,K/uL,4.5,11,N,Routine,2024-02-04 22:32,2024-02-04 23:04,2024-02-05 02:13
LAB702623,ENC101131,PT13759,HGB,Hemoglobin,15.5,g/dL,12,17.5,N,STAT,2024-02-04 21:50,2024-02-04 22:12,2024-02-04 23:08
LAB702624,ENC101132,PT13133,GLU,Glucose,118,mg/dL,70,99,H,STAT,2024-02-04 18:09,2024-02-04 18:40,2024-02-04 19:18
LAB702625,ENC101132,PT13133,CREAT,Creatinine,1.26,mg/dL,0.6,1.3,N,STAT,2024-02-04 18:11,2024-02-04 18:40,2024-02-04 20:06
LAB702626,ENC101132,PT13133,WBC,White Blood Cell Count,6.1,K/uL,4.5,11,N,Routine,2024-02-04 18:32,2024-02-04 19:05,2024-02-04 20:41
LAB702627,ENC101134,PT13097,GLU,Glucose,91,mg/dL,70,99,N,Routine,2024-02-04 21:43,2024-02-04 22:00,2024-02-05 01:33
LAB702628,ENC101134,PT13097,CREAT,Creatinine,0.96,mg/dL,0.6,1.3,N,STAT,2024-02-04 21:44,2024-02-04 22:12,2024-02-04 23:23
LAB702629,ENC101134,PT13097,WBC,White Blood Cell Count,18.7,K/uL,4.5,11,H,Routine,2024-02-04 21:40,2024-02-04 21:59,2024-02-05 00:47
LAB702630,ENC101134,PT13097,HGB,Hemoglobin,8.5,g/dL,12,17.5,L,Routine,2024-02-04 20:54,2024-02-04 21:16,2024-02-04 23:59
LAB702631,ENC101134,PT13097,NA,Sodium,141,mmol/L,136,145,N,Routine,2024-02-04 21:35,2024-02-04 22:02,2024-02-05 01:29
LAB702632,ENC101134,PT13097,K,Potassium,4.1,mmol/L,3.5,5.1,N,STAT,2024-02-04 21:20,2024-02-04 21:43,2024-02-04 22:58
LAB702633,ENC101134,PT13097,BUN,Blood Urea Nitrogen,19,mg/dL,7,20,N,STAT,2024-02-04 20:56,2024-02-04 21:19,2024-02-04 22:35
LAB702634,ENC101134,PT13097,PLT,Platelet Count,318,K/uL,150,400,N,STAT,2024-02-04 21:52,2024-02-04 22:03,2024-02-04 23:11
LAB702635,ENC101134,PT13097,LACT,Lactate,6.8,mmol/L,0.5,2,HH,STAT,2024-02-04 20:53,2024-02-04 21:26,2024-02-04 22:22
LAB702636,ENC101135,PT11134,GLU,Glucose,83,mg/dL,70,99,N,Routine,2024-02-05 02:51,2024-02-05 03:14,2024-02-05 05:39
LAB702637,ENC101135,PT11134,CREAT,Creatinine,1.09,mg/dL,0.6,1.3,N,STAT,2024-02-05 02:15,2024-02-05 02:32,2024-02-05 03:18
LAB702638,ENC101135,PT11134,WBC,White Blood Cell Count,1,K/uL,4.5,11,L,STAT,2024-02-05 02:09,2024-02-05 02:18,2024-02-05 03:20
LAB702639,ENC101135,PT11134,HGB,Hemoglobin,11.4,g/dL,12,17.5,L,STAT,2024-02-05 02:05,2024-02-05 02:36,2024-02-05 03:07
LAB702640,ENC101136,PT10590,GLU,Glucose,170,mg/dL,70,99,H,STAT,2024-02-05 03:01,2024-02-05 03:36,2024-02-05 04:26
LAB702641,ENC101136,PT10590,CREAT,Creatinine,2.12,mg/dL,0.6,1.3,H,Routine,2024-02-05 03:01,2024-02-05 03:32,2024-02-05 06:58
LAB702642,ENC101136,PT10590,WBC,White Blood Cell Count,16.7,K/uL,4.5,11,H,STAT,2024-02-05 03:12,2024-02-05 03:29,2024-02-05 03:51
LAB702643,ENC101136,PT10590,HGB,Hemoglobin,15.1,g/dL,12,17.5,N,STAT,2024-02-05 03:03,2024-02-05 03:16,2024-02-05 04:25
LAB702644,ENC101136,PT10590,LACT,Lactate,3.5,mmol/L,0.5,2,H,STAT,2024-02-05 02:48,2024-02-05 03:21,2024-02-05 04:38
LAB702645,ENC101138,PT12877,GLU,Glucose,120,mg/dL,70,99,H,Routine,2024-02-05 00:16,2024-02-05 00:24,2024-02-05 02:33
LAB702646,ENC101138,PT12877,CREAT,Creatinine,1.13,mg/dL,0.6,1.3,N,Routine,2024-02-05 00:06,2024-02-05 00:11,2024-02-05 05:05
LAB702647,ENC101139,PT11832,GLU,Glucose,259,mg/dL,70,99,H,STAT,2024-02-05 03:54,2024-02-05 04:19,2024-02-05 04:41
LAB702648,ENC101139,PT11832,CREAT,Creatinine,0.7,mg/dL,0.6,1.3,N,Routine,2024-02-05 04:07,2024-02-05 04:21,2024-02-05 05:50
LAB702649,ENC101139,PT11832,WBC,White Blood Cell Count,15.8,K/uL,4.5,11,H,Routine,2024-02-05 04:13,2024-02-05 04:44,2024-02-05 07:28
LAB702650,ENC101139,PT11832,HGB,Hemoglobin,16.5,g/dL,12,17.5,N,Routine,2024-02-05 04:02,2024-02-05 04:20,2024-02-05 06:49
LAB702651,ENC101140,PT13361,GLU,Glucose,121,mg/dL,70,99,H,STAT,2024-02-05 04:44,2024-02-05 04:50,2024-02-05 05:38
LAB702652,ENC101140,PT13361,CREAT,Creatinine,1.09,mg/dL,0.6,1.3,N,STAT,2024-02-05 04:33,2024-02-05 04:56,2024-02-05 05:24
LAB702653,ENC101140,PT13361,WBC,White Blood Cell Count,8.9,K/uL,4.5,11,N,Routine,2024-02-05 04:45,2024-02-05 04:54,2024-02-05 07:48
LAB702654,ENC101140,PT13361,HGB,Hemoglobin,11.6,g/dL,12,17.5,L,Routine,2024-02-05 04:30,2024-02-05 05:01,2024-02-05 07:30
LAB702655,ENC101141,PT13269,GLU,Glucose,121,mg/dL,70,99,H,STAT,2024-02-05 07:14,2024-02-05 07:23,2024-02-05 08:17
LAB702656,ENC101141,PT13269,CREAT,Creatinine,1.19,mg/dL,0.6,1.3,N,STAT,2024-02-05 06:37,2024-02-05 06:56,2024-02-05 07:47
LAB702657,ENC101141,PT13269,WBC,White Blood Cell Count,7.3,K/uL,4.5,11,N,STAT,2024-02-05 06:25,2024-02-05 06:44,2024-02-05 07:36
LAB702658,ENC101141,PT13269,HGB,Hemoglobin,13,g/dL,12,17.5,N,Routine,2024-02-05 06:46,2024-02-05 07:15,2024-02-05 08:30
LAB702659,ENC101141,PT13269,BUN,Blood Urea Nitrogen,16,mg/dL,7,20,N,STAT,2024-02-05 07:17,2024-02-05 07:44,2024-02-05 08:22
LAB702660,ENC101141,PT13269,PLT,Platelet Count,240,K/uL,150,400,N,STAT,2024-02-05 07:25,2024-02-05 07:48,2024-02-05 08:47
LAB702661,ENC101142,PT10714,GLU,Glucose,217,mg/dL,70,99,H,Routine,2024-02-05 07:22,2024-02-05 07:52,2024-02-05 11:42
LAB702662,ENC101142,PT10714,CREAT,Creatinine,1.07,mg/dL,0.6,1.3,N,Routine,2024-02-05 07:49,2024-02-05 08:11,2024-02-05 12:45
LAB702663,ENC101142,PT10714,WBC,White Blood Cell Count,6.5,K/uL,4.5,11,N,Routine,2024-02-05 07:24,2024-02-05 07:40,2024-02-05 09:25
LAB702664,ENC101142,PT10714,HGB,Hemoglobin,14,g/dL,12,17.5,N,STAT,2024-02-05 07:35,2024-02-05 08:04,2024-02-05 08:49
LAB702665,ENC101145,PT12372,WBC,White Blood Cell Count,6.1,K/uL,4.5,11,N,Routine,2024-02-05 08:30,2024-02-05 08:38,2024-02-05 13:28
LAB702666,ENC101145,PT12372,HGB,Hemoglobin,12.7,g/dL,12,17.5,N,Routine,2024-02-05 08:23,2024-02-05 08:30,2024-02-05 15:05
LAB702667,ENC101145,PT12372,PLT,Platelet Count,221,K/uL,150,400,N,Routine,2024-02-05 08:38,2024-02-05 09:07,2024-02-05 12:53
LAB702668,ENC101148,PT11560,GLU,Glucose,216,mg/dL,70,99,H,STAT,2024-02-05 09:27,2024-02-05 09:51,2024-02-05 10:48
LAB702669,ENC101148,PT11560,CREAT,Creatinine,2.31,mg/dL,0.6,1.3,H,STAT,2024-02-05 09:28,2024-02-05 09:45,2024-02-05 11:02
LAB702670,ENC101148,PT11560,WBC,White Blood Cell Count,8.2,K/uL,4.5,11,N,Routine,2024-02-05 09:09,2024-02-05 09:28,2024-02-05 12:31
LAB702671,ENC101148,PT11560,HGB,Hemoglobin,12.8,g/dL,12,17.5,N,STAT,2024-02-05 09:40,2024-02-05 09:58,2024-02-05 10:27
LAB702672,ENC101148,PT11560,NA,Sodium,136,mmol/L,136,145,N,STAT,2024-02-05 09:11,2024-02-05 09:38,2024-02-05 10:12
LAB702673,ENC101148,PT11560,K,Potassium,4.6,mmol/L,3.5,5.1,N,STAT,2024-02-05 09:25,2024-02-05 09:34,2024-02-05 10:03
LAB702674,ENC101150,PT10365,GLU,Glucose,98,mg/dL,70,99,N,STAT,2024-02-05 10:09,2024-02-05 10:32,2024-02-05 12:19
LAB702675,ENC101150,PT10365,CREAT,Creatinine,0.82,mg/dL,0.6,1.3,N,STAT,2024-02-05 10:13,2024-02-05 10:27,2024-02-05 10:57
LAB702676,ENC101150,PT10365,WBC,White Blood Cell Count,7.9,K/uL,4.5,11,N,Routine,2024-02-05 09:26,2024-02-05 09:33,2024-02-05 11:05
LAB702677,ENC101151,PT12594,GLU,Glucose,289,mg/dL,70,99,H,STAT,2024-02-05 11:02,2024-02-05 11:26,2024-02-05 11:55
LAB702678,ENC101151,PT12594,CREAT,Creatinine,1.14,mg/dL,0.6,1.3,N,STAT,2024-02-05 10:28,2024-02-05 10:34,2024-02-05 11:35
LAB702679,ENC101151,PT12594,WBC,White Blood Cell Count,4.6,K/uL,4.5,11,N,STAT,2024-02-05 10:43,2024-02-05 10:54,2024-02-05 11:29
LAB702680,ENC101152,PT12821,GLU,Glucose,89,mg/dL,70,99,N,Routine,2024-02-05 14:36,2024-02-05 14:58,2024-02-05 17:06
LAB702681,ENC101152,PT12821,CREAT,Creatinine,0.84,mg/dL,0.6,1.3,N,STAT,2024-02-05 13:59,2024-02-05 14:09,2024-02-05 14:56
LAB702682,ENC101152,PT12821,WBC,White Blood Cell Count,9.7,K/uL,4.5,11,N,Routine,2024-02-05 14:42,2024-02-05 15:01,2024-02-05 18:10
LAB702683,ENC101152,PT12821,HGB,Hemoglobin,12.5,g/dL,12,17.5,N,STAT,2024-02-05 14:27,2024-02-05 14:31,2024-02-05 15:13
LAB702684,ENC101152,PT12821,NA,Sodium,140,mmol/L,136,145,N,STAT,2024-02-05 14:49,2024-02-05 14:53,2024-02-05 15:35
LAB702685,ENC101152,PT12821,K,Potassium,4.2,mmol/L,3.5,5.1,N,STAT,2024-02-05 14:41,2024-02-05 14:48,2024-02-05 15:14
LAB702686,ENC101155,PT12973,GLU,Glucose,73,mg/dL,70,99,N,Routine,2024-02-05 16:33,2024-02-05 16:40,2024-02-05 19:14
LAB702687,ENC101155,PT12973,CREAT,Creatinine,0.98,mg/dL,0.6,1.3,N,STAT,2024-02-05 16:26,2024-02-05 17:01,2024-02-05 17:49
LAB702688,ENC101155,PT12973,WBC,White Blood Cell Count,9.9,K/uL,4.5,11,N,STAT,2024-02-05 16:01,2024-02-05 16:35,2024-02-05 17:39
LAB702689,ENC101155,PT12973,HGB,Hemoglobin,13.2,g/dL,12,17.5,N,STAT,2024-02-05 16:22,2024-02-05 16:37,2024-02-05 17:32
LAB702690,ENC101155,PT12973,INR,Prothrombin Time INR,1.9,ratio,0.8,1.2,H,Routine,2024-02-05 16:53,2024-02-05 17:08,2024-02-05 21:11
LAB702691,ENC101157,PT11786,LDL,LDL Cholesterol,92,mg/dL,0,99,N,Routine,2024-02-05 13:38,2024-02-05 13:43,2024-02-06 00:54
LAB702692,ENC101157,PT11786,A1C,Hemoglobin A1c,5.5,%,4,5.6,N,Routine,2024-02-05 13:36,2024-02-05 14:02,2024-02-06 06:16
LAB702693,ENC101157,PT11786,TSH,Thyroid Stimulating Hormone,2.51,mIU/L,0.4,4,N,Routine,2024-02-05 13:32,2024-02-05 13:45,2024-02-06 01:51
LAB702694,ENC101158,PT10780,GLU,Glucose,93,mg/dL,70,99,N,STAT,2024-02-05 14:51,2024-02-05 15:00,2024-02-05 15:36
LAB702695,ENC101158,PT10780,CREAT,Creatinine,2.15,mg/dL,0.6,1.3,H,STAT,2024-02-05 14:22,2024-02-05 14:45,2024-02-05 15:16
LAB702696,ENC101158,PT10780,TROP,"Troponin I, High Sensitivity",8,ng/L,0,34,N,STAT,2024-02-05 13:51,2024-02-05 13:56,2024-02-05 14:25
LAB702697,ENC101160,PT13336,WBC,White Blood Cell Count,6.6,K/uL,4.5,11,N,Routine,2024-02-05 14:18,2024-02-05 14:30,2024-02-05 18:06
LAB702698,ENC101160,PT13336,HGB,Hemoglobin,10.5,g/dL,12,17.5,L,Routine,2024-02-05 14:24,2024-02-05 14:56,2024-02-05 16:05
LAB702699,ENC101160,PT13336,PLT,Platelet Count,159,K/uL,150,400,N,Routine,2024-02-05 14:29,2024-02-05 14:40,2024-02-05 19:31
LAB702700,ENC101161,PT11066,GLU,Glucose,105,mg/dL,70,99,H,STAT,2024-02-05 15:18,2024-02-05 15:50,2024-02-05 16:26
LAB702701,ENC101161,PT11066,CREAT,Creatinine,0.76,mg/dL,0.6,1.3,N,STAT,2024-02-05 15:36,2024-02-05 16:06,2024-02-05 17:17
LAB702702,ENC101161,PT11066,WBC,White Blood Cell Count,10.7,K/uL,4.5,11,N,STAT,2024-02-05 15:30,2024-02-05 15:48,2024-02-05 17:24
LAB702703,ENC101161,PT11066,HGB,Hemoglobin,13.2,g/dL,12,17.5,N,Routine,2024-02-05 15:18,2024-02-05 15:29,2024-02-05 19:45
LAB702704,ENC101165,PT11213,GLU,Glucose,115,mg/dL,70,99,H,Routine,2024-02-05 15:48,2024-02-05 16:07,2024-02-05 19:45
LAB702705,ENC101165,PT11213,CREAT,Creatinine,0.53,mg/dL,0.6,1.3,L,Routine,2024-02-05 16:09,2024-02-05 16:31,2024-02-05 18:27
LAB702706,ENC101165,PT11213,WBC,White Blood Cell Count,9.4,K/uL,4.5,11,N,STAT,2024-02-05 15:49,2024-02-05 16:18,2024-02-05 16:45
LAB702707,ENC101165,PT11213,HGB,Hemoglobin,12.6,g/dL,12,17.5,N,STAT,2024-02-05 15:37,2024-02-05 16:10,2024-02-05 17:00
LAB702708,ENC101167,PT12138,LDL,LDL Cholesterol,139,mg/dL,0,99,H,Routine,2024-02-05 16:09,2024-02-05 16:40,2024-02-06 12:05
LAB702709,ENC101167,PT12138,A1C,Hemoglobin A1c,5.7,%,4,5.6,H,Routine,2024-02-05 16:22,2024-02-05 16:53,2024-02-06 03:26
LAB702710,ENC101170,PT10731,GLU,Glucose,130,mg/dL,70,99,H,Routine,2024-02-05 17:44,2024-02-05 18:15,2024-02-05 21:36
LAB702711,ENC101170,PT10731,CREAT,Creatinine,1.17,mg/dL,0.6,1.3,N,Routine,2024-02-05 17:36,2024-02-05 17:43,2024-02-05 19:48
LAB702712,ENC101170,PT10731,WBC,White Blood Cell Count,10.8,K/uL,4.5,11,N,Routine,2024-02-05 17:59,2024-02-05 18:06,2024-02-05 20:39
LAB702713,ENC101171,PT11569,GLU,Glucose,117,mg/dL,70,99,H,STAT,2024-02-05 18:18,2024-02-05 18:47,2024-02-05 20:00
LAB702714,ENC101171,PT11569,CREAT,Creatinine,1.02,mg/dL,0.6,1.3,N,STAT,2024-02-05 18:07,2024-02-05 18:19,2024-02-05 19:10
LAB702715,ENC101171,PT11569,WBC,White Blood Cell Count,5.5,K/uL,4.5,11,N,Routine,2024-02-05 18:38,2024-02-05 18:58,2024-02-05 22:08
LAB702716,ENC101171,PT11569,HGB,Hemoglobin,13,g/dL,12,17.5,N,Routine,2024-02-05 18:42,2024-02-05 18:48,2024-02-06 02:02
LAB702717,ENC101172,PT12381,GLU,Glucose,136,mg/dL,70,99,H,STAT,2024-02-05 21:06,2024-02-05 21:28,2024-02-05 22:01
LAB702718,ENC101172,PT12381,CREAT,Creatinine,0.86,mg/dL,0.6,1.3,N,Routine,2024-02-05 22:13,2024-02-05 22:34,2024-02-06 00:50
LAB702719,ENC101172,PT12381,WBC,White Blood Cell Count,6.4,K/uL,4.5,11,N,STAT,2024-02-05 21:40,2024-02-05 21:44,2024-02-05 22:20
LAB702720,ENC101172,PT12381,HGB,Hemoglobin,16.3,g/dL,12,17.5,N,STAT,2024-02-05 21:09,2024-02-05 21:32,2024-02-05 21:57
LAB702721,ENC101173,PT12950,GLU,Glucose,240,mg/dL,70,99,H,Routine,2024-02-05 19:33,2024-02-05 19:43,2024-02-05 21:59
LAB702722,ENC101173,PT12950,CREAT,Creatinine,0.92,mg/dL,0.6,1.3,N,STAT,2024-02-05 18:57,2024-02-05 19:19,2024-02-05 20:01
LAB702723,ENC101173,PT12950,WBC,White Blood Cell Count,9.1,K/uL,4.5,11,N,STAT,2024-02-05 19:21,2024-02-05 19:55,2024-02-05 21:33
LAB702724,ENC101175,PT12558,GLU,Glucose,116,mg/dL,70,99,H,Routine,2024-02-05 20:04,2024-02-05 20:35,2024-02-05 22:55
LAB702725,ENC101175,PT12558,CREAT,Creatinine,0.79,mg/dL,0.6,1.3,N,STAT,2024-02-05 20:01,2024-02-05 20:13,2024-02-05 20:45
LAB702726,ENC101175,PT12558,WBC,White Blood Cell Count,11.6,K/uL,4.5,11,H,Routine,2024-02-05 19:11,2024-02-05 19:35,2024-02-05 21:48
LAB702727,ENC101176,PT13320,GLU,Glucose,138,mg/dL,70,99,H,Routine,2024-02-05 20:15,2024-02-05 20:30,2024-02-05 23:18
LAB702728,ENC101176,PT13320,CREAT,Creatinine,0.85,mg/dL,0.6,1.3,N,Routine,2024-02-05 20:35,2024-02-05 20:54,2024-02-05 22:30
LAB702729,ENC101176,PT13320,WBC,White Blood Cell Count,8.7,K/uL,4.5,11,N,STAT,2024-02-05 19:32,2024-02-05 20:00,2024-02-05 21:22
LAB702730,ENC101176,PT13320,HGB,Hemoglobin,15.7,g/dL,12,17.5,N,STAT,2024-02-05 20:18,2024-02-05 20:33,2024-02-05 21:06
LAB702731,ENC101177,PT10945,GLU,Glucose,80,mg/dL,70,99,N,STAT,2024-02-05 23:24,2024-02-05 23:50,2024-02-06 00:09
LAB702732,ENC101177,PT10945,CREAT,Creatinine,0.61,mg/dL,0.6,1.3,N,STAT,2024-02-05 23:03,2024-02-05 23:36,2024-02-06 00:47
LAB702733,ENC101177,PT10945,WBC,White Blood Cell Count,6.5,K/uL,4.5,11,N,STAT,2024-02-05 23:33,2024-02-05 23:45,2024-02-06 00:16
LAB702734,ENC101177,PT10945,HGB,Hemoglobin,14.2,g/dL,12,17.5,N,STAT,2024-02-05 23:43,2024-02-05 23:55,2024-02-06 01:08
LAB702735,ENC101177,PT10945,NA,Sodium,140,mmol/L,136,145,N,Routine,2024-02-05 23:13,2024-02-05 23:20,2024-02-06 04:25
LAB702736,ENC101177,PT10945,K,Potassium,4.1,mmol/L,3.5,5.1,N,STAT,2024-02-05 22:59,2024-02-05 23:32,2024-02-06 00:06
LAB702737,ENC101178,PT11685,GLU,Glucose,104,mg/dL,70,99,H,STAT,2024-02-05 20:06,2024-02-05 20:22,2024-02-05 20:56
LAB702738,ENC101178,PT11685,CREAT,Creatinine,1.94,mg/dL,0.6,1.3,H,STAT,2024-02-05 20:24,2024-02-05 20:33,2024-02-05 21:29
LAB702739,ENC101178,PT11685,WBC,White Blood Cell Count,6.8,K/uL,4.5,11,N,STAT,2024-02-05 20:18,2024-02-05 20:34,2024-02-05 22:03
LAB702740,ENC101178,PT11685,HGB,Hemoglobin,11.5,g/dL,12,17.5,L,STAT,2024-02-05 20:20,2024-02-05 20:35,2024-02-05 21:30
LAB702741,ENC101178,PT11685,TROP,"Troponin I, High Sensitivity",4,ng/L,0,34,N,STAT,2024-02-05 20:49,2024-02-05 21:08,2024-02-05 22:17
LAB702742,ENC101180,PT13591,GLU,Glucose,99,mg/dL,70,99,N,Routine,2024-02-06 10:29,2024-02-06 10:55,2024-02-06 13:24
LAB702743,ENC101180,PT13591,CREAT,Creatinine,0.77,mg/dL,0.6,1.3,N,STAT,2024-02-06 10:45,2024-02-06 10:54,2024-02-06 12:15
LAB702744,ENC101180,PT13591,WBC,White Blood Cell Count,16,K/uL,4.5,11,H,Routine,2024-02-06 10:14,2024-02-06 10:39,2024-02-06 12:53
LAB702745,ENC101180,PT13591,HGB,Hemoglobin,15,g/dL,12,17.5,N,Routine,2024-02-06 10:11,2024-02-06 10:22,2024-02-06 13:33
LAB702746,ENC101180,PT13591,NA,Sodium,139,mmol/L,136,145,N,STAT,2024-02-06 10:25,2024-02-06 10:37,2024-02-06 11:16
LAB702747,ENC101180,PT13591,K,Potassium,4.4,mmol/L,3.5,5.1,N,STAT,2024-02-06 09:54,2024-02-06 10:16,2024-02-06 13:25
LAB702748,ENC101181,PT10489,GLU,Glucose,96,mg/dL,70,99,N,Routine,2024-02-06 05:56,2024-02-06 06:23,2024-02-06 09:08
LAB702749,ENC101181,PT10489,CREAT,Creatinine,0.84,mg/dL,0.6,1.3,N,STAT,2024-02-06 06:40,2024-02-06 07:01,2024-02-06 07:57
LAB702750,ENC101181,PT10489,WBC,White Blood Cell Count,4.4,K/uL,4.5,11,L,Routine,2024-02-06 05:57,2024-02-06 06:28,2024-02-06 07:42
LAB702751,ENC101181,PT10489,HGB,Hemoglobin,15.1,g/dL,12,17.5,N,Routine,2024-02-06 06:40,2024-02-06 07:05,2024-02-06 09:37
LAB702752,ENC101182,PT13669,GLU,Glucose,103,mg/dL,70,99,H,Routine,2024-02-06 07:05,2024-02-06 07:28,2024-02-06 12:25
LAB702753,ENC101182,PT13669,CREAT,Creatinine,0.62,mg/dL,0.6,1.3,N,Routine,2024-02-06 07:21,2024-02-06 07:37,2024-02-06 09:41
LAB702754,ENC101182,PT13669,WBC,White Blood Cell Count,9.4,K/uL,4.5,11,N,Routine,2024-02-06 06:37,2024-02-06 06:49,2024-02-06 10:23
LAB702755,ENC101182,PT13669,HGB,Hemoglobin,13.4,g/dL,12,17.5,N,STAT,2024-02-06 07:02,2024-02-06 07:31,2024-02-06 08:15
LAB702756,ENC101182,PT13669,NA,Sodium,142,mmol/L,136,145,N,STAT,2024-02-06 06:54,2024-02-06 07:25,2024-02-06 08:00
LAB702757,ENC101182,PT13669,K,Potassium,4.5,mmol/L,3.5,5.1,N,STAT,2024-02-06 06:53,2024-02-06 06:57,2024-02-06 07:21
LAB702758,ENC101185,PT12712,GLU,Glucose,106,mg/dL,70,99,H,Routine,2024-02-06 09:35,2024-02-06 10:05,2024-02-06 12:41
LAB702759,ENC101185,PT12712,CREAT,Creatinine,1.27,mg/dL,0.6,1.3,N,STAT,2024-02-06 09:37,2024-02-06 09:41,2024-02-06 10:19
LAB702760,ENC101185,PT12712,WBC,White Blood Cell Count,9.5,K/uL,4.5,11,N,STAT,2024-02-06 09:01,2024-02-06 09:21,2024-02-06 10:31
LAB702761,ENC101185,PT12712,INR,Prothrombin Time INR,1.4,ratio,0.8,1.2,H,STAT,2024-02-06 09:04,2024-02-06 09:36,2024-02-06 10:37
LAB702762,ENC101187,PT11863,GLU,Glucose,173,mg/dL,70,99,H,STAT,2024-02-06 14:21,2024-02-06 14:25,2024-02-06 14:54
LAB702763,ENC101187,PT11863,CREAT,Creatinine,0.63,mg/dL,0.6,1.3,N,STAT,2024-02-06 14:04,2024-02-06 14:37,2024-02-06 15:07
LAB702764,ENC101187,PT11863,WBC,White Blood Cell Count,13.3,K/uL,4.5,11,H,STAT,2024-02-06 14:19,2024-02-06 14:49,2024-02-06 15:24
LAB702765,ENC101187,PT11863,HGB,Hemoglobin,14.3,g/dL,12,17.5,N,STAT,2024-02-06 13:41,2024-02-06 13:59,2024-02-06 14:54
LAB702766,ENC101188,PT12748,LDL,LDL Cholesterol,96,mg/dL,0,99,N,Routine,2024-02-06 09:46,2024-02-06 09:55,2024-02-06 22:02
LAB702767,ENC101193,PT11089,GLU,Glucose,93,mg/dL,70,99,N,STAT,2024-02-06 14:03,2024-02-06 14:28,2024-02-06 15:27
LAB702768,ENC101193,PT11089,CREAT,Creatinine,0.64,mg/dL,0.6,1.3,N,Routine,2024-02-06 14:08,2024-02-06 14:39,2024-02-06 17:03
LAB702769,ENC101193,PT11089,WBC,White Blood Cell Count,7.6,K/uL,4.5,11,N,STAT,2024-02-06 14:52,2024-02-06 15:10,2024-02-06 16:02
LAB702770,ENC101193,PT11089,HGB,Hemoglobin,14.6,g/dL,12,17.5,N,STAT,2024-02-06 14:40,2024-02-06 15:12,2024-02-06 16:01
LAB702771,ENC101194,PT12854,GLU,Glucose,94,mg/dL,70,99,N,STAT,2024-02-06 12:27,2024-02-06 12:47,2024-02-06 13:10
LAB702772,ENC101194,PT12854,CREAT,Creatinine,0.93,mg/dL,0.6,1.3,N,Routine,2024-02-06 12:54,2024-02-06 13:01,2024-02-06 17:45
LAB702773,ENC101195,PT11973,GLU,Glucose,113,mg/dL,70,99,H,STAT,2024-02-06 12:34,2024-02-06 12:49,2024-02-06 13:23
LAB702774,ENC101195,PT11973,CREAT,Creatinine,0.37,mg/dL,0.6,1.3,L,STAT,2024-02-06 12:25,2024-02-06 12:34,2024-02-06 13:33
LAB702775,ENC101196,PT11726,GLU,Glucose,98,mg/dL,70,99,N,STAT,2024-02-06 14:45,2024-02-06 15:20,2024-02-06 16:08
LAB702776,ENC101196,PT11726,CREAT,Creatinine,1.04,mg/dL,0.6,1.3,N,STAT,2024-02-06 14:37,2024-02-06 14:45,2024-02-06 15:54
LAB702777,ENC101196,PT11726,WBC,White Blood Cell Count,6.4,K/uL,4.5,11,N,Routine,2024-02-06 14:35,2024-02-06 14:54,2024-02-06 15:57
LAB702778,ENC101196,PT11726,HGB,Hemoglobin,13.6,g/dL,12,17.5,N,STAT,2024-02-06 15:26,2024-02-06 15:31,2024-02-06 17:20
LAB702779,ENC101197,PT12936,GLU,Glucose,121,mg/dL,70,99,H,Routine,2024-02-06 13:10,2024-02-06 13:35,2024-02-06 14:39
LAB702780,ENC101197,PT12936,CREAT,Creatinine,0.74,mg/dL,0.6,1.3,N,STAT,2024-02-06 12:47,2024-02-06 13:02,2024-02-06 14:36
LAB702781,ENC101197,PT12936,WBC,White Blood Cell Count,5.6,K/uL,4.5,11,N,STAT,2024-02-06 12:59,2024-02-06 13:14,2024-02-06 14:02
LAB702782,ENC101197,PT12936,HGB,Hemoglobin,15.6,g/dL,12,17.5,N,STAT,2024-02-06 13:19,2024-02-06 13:41,2024-02-06 14:47
LAB702783,ENC101203,PT10197,GLU,Glucose,93,mg/dL,70,99,N,STAT,2024-02-06 18:30,2024-02-06 18:51,2024-02-06 19:55
LAB702784,ENC101203,PT10197,CREAT,Creatinine,0.94,mg/dL,0.6,1.3,N,STAT,2024-02-06 17:43,2024-02-06 18:01,2024-02-06 19:37
LAB702785,ENC101203,PT10197,WBC,White Blood Cell Count,7.3,K/uL,4.5,11,N,STAT,2024-02-06 18:13,2024-02-06 18:38,2024-02-06 19:36
LAB702786,ENC101203,PT10197,HGB,Hemoglobin,13.9,g/dL,12,17.5,N,STAT,2024-02-06 18:14,2024-02-06 18:20,2024-02-06 19:46
LAB702787,ENC101204,PT12522,LDL,LDL Cholesterol,174,mg/dL,0,99,H,Routine,2024-02-06 14:27,2024-02-06 15:01,2024-02-07 01:20
LAB702788,ENC101205,PT13919,GLU,Glucose,107,mg/dL,70,99,H,STAT,2024-02-06 17:47,2024-02-06 18:20,2024-02-06 19:07
LAB702789,ENC101205,PT13919,CREAT,Creatinine,1.25,mg/dL,0.6,1.3,N,STAT,2024-02-06 17:20,2024-02-06 17:33,2024-02-06 18:41
LAB702790,ENC101205,PT13919,WBC,White Blood Cell Count,8.2,K/uL,4.5,11,N,Routine,2024-02-06 17:45,2024-02-06 18:00,2024-02-06 23:35
LAB702791,ENC101205,PT13919,HGB,Hemoglobin,11.7,g/dL,12,17.5,L,STAT,2024-02-06 17:51,2024-02-06 18:04,2024-02-06 19:09
LAB702792,ENC101206,PT13197,WBC,White Blood Cell Count,7.5,K/uL,4.5,11,N,Routine,2024-02-06 14:40,2024-02-06 15:05,2024-02-06 17:00
LAB702793,ENC101206,PT13197,HGB,Hemoglobin,10.5,g/dL,12,17.5,L,Routine,2024-02-06 14:59,2024-02-06 15:26,2024-02-06 18:35
LAB702794,ENC101206,PT13197,PLT,Platelet Count,224,K/uL,150,400,N,Routine,2024-02-06 14:58,2024-02-06 15:11,2024-02-06 21:19
LAB702795,ENC101207,PT12504,TROP,"Troponin I, High Sensitivity",91,ng/L,0,34,H,STAT,2024-02-06 14:49,2024-02-06 15:10,2024-02-06 15:49
LAB702796,ENC101207,PT12504,BNP,B-Type Natriuretic Peptide,647,pg/mL,0,100,H,STAT,2024-02-06 15:52,2024-02-06 15:56,2024-02-06 17:01
LAB702797,ENC101209,PT10475,A1C,Hemoglobin A1c,9.5,%,4,5.6,H,Routine,2024-02-06 15:29,2024-02-06 15:36,2024-02-07 11:47
LAB702798,ENC101209,PT10475,GLU,Glucose,212,mg/dL,70,99,H,Routine,2024-02-06 15:14,2024-02-06 15:48,2024-02-06 18:49
LAB702799,ENC101209,PT10475,CREAT,Creatinine,1.08,mg/dL,0.6,1.3,N,Routine,2024-02-06 15:17,2024-02-06 15:21,2024-02-06 19:16
LAB702800,ENC101212,PT10121,LDL,LDL Cholesterol,111,mg/dL,0,99,H,Routine,2024-02-06 15:45,2024-02-06 16:04,2024-02-07 04:43
LAB702801,ENC101215,PT11309,GLU,Glucose,121,mg/dL,70,99,H,STAT,2024-02-06 16:49,2024-02-06 16:59,2024-02-06 17:45
LAB702802,ENC101215,PT11309,CREAT,Creatinine,1.1,mg/dL,0.6,1.3,N,Routine,2024-02-06 16:45,2024-02-06 17:00,2024-02-06 18:55
LAB702803,ENC101215,PT11309,WBC,White Blood Cell Count,3.9,K/uL,4.5,11,L,STAT,2024-02-06 16:56,2024-02-06 17:00,2024-02-06 17:43
LAB702804,ENC101215,PT11309,HGB,Hemoglobin,14,g/dL,12,17.5,N,STAT,2024-02-06 16:54,2024-02-06 17:08,2024-02-06 17:45
LAB702805,ENC101215,PT11309,NA,Sodium,139,mmol/L,136,145,N,Routine,2024-02-06 17:22,2024-02-06 17:36,2024-02-06 22:52
LAB702806,ENC101215,PT11309,K,Potassium,3.9,mmol/L,3.5,5.1,N,STAT,2024-02-06 17:19,2024-02-06 17:25,2024-02-06 17:39
LAB702807,ENC101218,PT13936,GLU,Glucose,261,mg/dL,70,99,H,Routine,2024-02-06 17:18,2024-02-06 17:26,2024-02-06 20:20
LAB702808,ENC101218,PT13936,CREAT,Creatinine,2.38,mg/dL,0.6,1.3,H,STAT,2024-02-06 17:34,2024-02-06 18:04,2024-02-06 18:46
LAB702809,ENC101218,PT13936,WBC,White Blood Cell Count,7.6,K/uL,4.5,11,N,Routine,2024-02-06 17:47,2024-02-06 18:15,2024-02-06 21:17
LAB702810,ENC101218,PT13936,HGB,Hemoglobin,9.1,g/dL,12,17.5,L,STAT,2024-02-06 18:05,2024-02-06 18:30,2024-02-06 19:06
LAB702811,ENC101219,PT12166,GLU,Glucose,128,mg/dL,70,99,H,STAT,2024-02-06 19:43,2024-02-06 19:57,2024-02-06 20:17
LAB702812,ENC101219,PT12166,CREAT,Creatinine,1.03,mg/dL,0.6,1.3,N,STAT,2024-02-06 18:55,2024-02-06 19:14,2024-02-06 20:30
LAB702813,ENC101219,PT12166,WBC,White Blood Cell Count,17.1,K/uL,4.5,11,H,STAT,2024-02-06 18:48,2024-02-06 19:08,2024-02-06 20:28
LAB702814,ENC101219,PT12166,HGB,Hemoglobin,11.3,g/dL,12,17.5,L,STAT,2024-02-06 19:45,2024-02-06 19:59,2024-02-06 20:21
LAB702815,ENC101219,PT12166,NA,Sodium,137,mmol/L,136,145,N,Routine,2024-02-06 19:30,2024-02-06 20:01,2024-02-07 00:57
LAB702816,ENC101219,PT12166,K,Potassium,4.8,mmol/L,3.5,5.1,N,STAT,2024-02-06 19:37,2024-02-06 19:43,2024-02-06 21:09
LAB702817,ENC101219,PT12166,BUN,Blood Urea Nitrogen,15,mg/dL,7,20,N,Routine,2024-02-06 19:26,2024-02-06 19:37,2024-02-06 21:00
LAB702818,ENC101219,PT12166,PLT,Platelet Count,291,K/uL,150,400,N,STAT,2024-02-06 19:27,2024-02-06 19:33,2024-02-06 20:25
LAB702819,ENC101220,PT12337,GLU,Glucose,119,mg/dL,70,99,H,STAT,2024-02-06 22:25,2024-02-06 22:35,2024-02-06 23:10
LAB702820,ENC101220,PT12337,CREAT,Creatinine,0.48,mg/dL,0.6,1.3,L,Routine,2024-02-06 23:14,2024-02-06 23:20,2024-02-07 00:28
LAB702821,ENC101220,PT12337,WBC,White Blood Cell Count,7.9,K/uL,4.5,11,N,STAT,2024-02-06 23:13,2024-02-06 23:37,2024-02-07 00:19
LAB702822,ENC101220,PT12337,HGB,Hemoglobin,12.8,g/dL,12,17.5,N,Routine,2024-02-06 22:42,2024-02-06 23:13,2024-02-07 01:32
LAB702823,ENC101220,PT12337,INR,Prothrombin Time INR,0.9,ratio,0.8,1.2,N,STAT,2024-02-06 22:29,2024-02-06 22:44,2024-02-06 23:58
LAB702824,ENC101222,PT11517,GLU,Glucose,95,mg/dL,70,99,N,STAT,2024-02-06 23:56,2024-02-07 00:27,2024-02-07 00:55
LAB702825,ENC101222,PT11517,CREAT,Creatinine,1.12,mg/dL,0.6,1.3,N,STAT,2024-02-07 00:21,2024-02-07 00:37,2024-02-07 01:34
LAB702826,ENC101222,PT11517,WBC,White Blood Cell Count,12.6,K/uL,4.5,11,H,STAT,2024-02-06 23:52,2024-02-07 00:20,2024-02-07 00:53
LAB702827,ENC101225,PT11122,GLU,Glucose,114,mg/dL,70,99,H,STAT,2024-02-07 04:03,2024-02-07 04:13,2024-02-07 04:57
LAB702828,ENC101225,PT11122,CREAT,Creatinine,0.57,mg/dL,0.6,1.3,L,Routine,2024-02-07 03:46,2024-02-07 03:59,2024-02-07 14:08
LAB702829,ENC101225,PT11122,WBC,White Blood Cell Count,9.7,K/uL,4.5,11,N,STAT,2024-02-07 04:02,2024-02-07 04:09,2024-02-07 05:13
LAB702830,ENC101225,PT11122,HGB,Hemoglobin,15.1,g/dL,12,17.5,N,Routine,2024-02-07 04:24,2024-02-07 04:29,2024-02-07 06:48
LAB702831,ENC101226,PT11753,GLU,Glucose,97,mg/dL,70,99,N,Routine,2024-02-07 06:34,2024-02-07 07:08,2024-02-07 10:16
LAB702832,ENC101226,PT11753,CREAT,Creatinine,0.65,mg/dL,0.6,1.3,N,STAT,2024-02-07 06:18,2024-02-07 06:29,2024-02-07 07:07
LAB702833,ENC101226,PT11753,WBC,White Blood Cell Count,7,K/uL,4.5,11,N,Routine,2024-02-07 06:46,2024-02-07 07:17,2024-02-07 10:02
LAB702834,ENC101226,PT11753,HGB,Hemoglobin,16,g/dL,12,17.5,N,Routine,2024-02-07 06:21,2024-02-07 06:45,2024-02-07 11:39
LAB702835,ENC101226,PT11753,TROP,"Troponin I, High Sensitivity",5,ng/L,0,34,N,STAT,2024-02-07 06:00,2024-02-07 06:23,2024-02-07 06:55
LAB702836,ENC101227,PT11521,GLU,Glucose,91,mg/dL,70,99,N,Routine,2024-02-07 12:01,2024-02-07 12:14,2024-02-07 15:12
LAB702837,ENC101227,PT11521,CREAT,Creatinine,0.87,mg/dL,0.6,1.3,N,STAT,2024-02-07 11:14,2024-02-07 11:19,2024-02-07 12:18
LAB702838,ENC101227,PT11521,WBC,White Blood Cell Count,7.4,K/uL,4.5,11,N,Routine,2024-02-07 11:13,2024-02-07 11:23,2024-02-07 13:42
LAB702839,ENC101227,PT11521,HGB,Hemoglobin,12.9,g/dL,12,17.5,N,STAT,2024-02-07 11:28,2024-02-07 11:49,2024-02-07 12:32
LAB702840,ENC101227,PT11521,NA,Sodium,139,mmol/L,136,145,N,Routine,2024-02-07 11:20,2024-02-07 11:39,2024-02-07 15:08
LAB702841,ENC101227,PT11521,K,Potassium,4.1,mmol/L,3.5,5.1,N,STAT,2024-02-07 11:38,2024-02-07 12:12,2024-02-07 12:48
LAB702842,ENC101228,PT12530,GLU,Glucose,49,mg/dL,70,99,L,STAT,2024-02-07 11:04,2024-02-07 11:27,2024-02-07 12:40
LAB702843,ENC101228,PT12530,CREAT,Creatinine,0.95,mg/dL,0.6,1.3,N,STAT,2024-02-07 11:04,2024-02-07 11:13,2024-02-07 11:52
LAB702844,ENC101228,PT12530,WBC,White Blood Cell Count,11.9,K/uL,4.5,11,H,Routine,2024-02-07 11:32,2024-02-07 11:54,2024-02-07 13:13
LAB702845,ENC101228,PT12530,HGB,Hemoglobin,12.3,g/dL,12,17.5,N,STAT,2024-02-07 11:11,2024-02-07 11:34,2024-02-07 12:33
LAB702846,ENC101236,PT12044,GLU,Glucose,124,mg/dL,70,99,H,STAT,2024-02-07 15:54,2024-02-07 16:06,2024-02-07 16:38
LAB702847,ENC101236,PT12044,CREAT,Creatinine,0.52,mg/dL,0.6,1.3,L,Routine,2024-02-07 15:37,2024-02-07 16:06,2024-02-07 19:38
LAB702848,ENC101236,PT12044,WBC,White Blood Cell Count,20,K/uL,4.5,11,H,Routine,2024-02-07 15:42,2024-02-07 15:48,2024-02-07 17:20
LAB702849,ENC101236,PT12044,HGB,Hemoglobin,13.3,g/dL,12,17.5,N,STAT,2024-02-07 15:30,2024-02-07 16:01,2024-02-07 16:55
LAB702850,ENC101239,PT10706,A1C,Hemoglobin A1c,8.7,%,4,5.6,H,Routine,2024-02-07 14:41,2024-02-07 14:54,2024-02-08 20:28
LAB702851,ENC101241,PT12191,WBC,White Blood Cell Count,6.7,K/uL,4.5,11,N,Routine,2024-02-07 14:20,2024-02-07 14:49,2024-02-07 18:13
LAB702852,ENC101241,PT12191,HGB,Hemoglobin,16.5,g/dL,12,17.5,N,Routine,2024-02-07 14:21,2024-02-07 14:32,2024-02-07 16:09
LAB702853,ENC101241,PT12191,PLT,Platelet Count,380,K/uL,150,400,N,Routine,2024-02-07 14:35,2024-02-07 15:08,2024-02-07 20:35
LAB702854,ENC101242,PT11916,GLU,Glucose,97,mg/dL,70,99,N,Routine,2024-02-07 15:09,2024-02-07 15:22,2024-02-07 20:12
LAB702855,ENC101242,PT11916,CREAT,Creatinine,1.16,mg/dL,0.6,1.3,N,STAT,2024-02-07 15:33,2024-02-07 15:47,2024-02-07 16:40
LAB702856,ENC101242,PT11916,WBC,White Blood Cell Count,6.9,K/uL,4.5,11,N,Routine,2024-02-07 15:32,2024-02-07 15:51,2024-02-07 17:33
LAB702857,ENC101242,PT11916,HGB,Hemoglobin,13.2,g/dL,12,17.5,N,Routine,2024-02-07 15:00,2024-02-07 15:06,2024-02-07 16:49
LAB702858,ENC101243,PT11037,LDL,LDL Cholesterol,114,mg/dL,0,99,H,Routine,2024-02-07 15:13,2024-02-07 15:30,2024-02-08 11:45
LAB702859,ENC101244,PT10373,GLU,Glucose,73,mg/dL,70,99,N,STAT,2024-02-07 15:59,2024-02-07 16:21,2024-02-07 17:20
LAB702860,ENC101244,PT10373,CREAT,Creatinine,0.48,mg/dL,0.6,1.3,L,STAT,2024-02-07 16:07,2024-02-07 16:23,2024-02-07 17:04
LAB702861,ENC101244,PT10373,WBC,White Blood Cell Count,17.5,K/uL,4.5,11,H,STAT,2024-02-07 15:30,2024-02-07 16:01,2024-02-07 16:25
LAB702862,ENC101244,PT10373,HGB,Hemoglobin,11.8,g/dL,12,17.5,L,Routine,2024-02-07 15:13,2024-02-07 15:23,2024-02-07 16:51
LAB702863,ENC101247,PT12499,GLU,Glucose,94,mg/dL,70,99,N,STAT,2024-02-07 19:28,2024-02-07 19:56,2024-02-07 20:13
LAB702864,ENC101247,PT12499,CREAT,Creatinine,1.29,mg/dL,0.6,1.3,N,STAT,2024-02-07 18:57,2024-02-07 19:26,2024-02-07 20:10
LAB702865,ENC101247,PT12499,WBC,White Blood Cell Count,7.2,K/uL,4.5,11,N,STAT,2024-02-07 18:41,2024-02-07 18:59,2024-02-07 19:24
LAB702866,ENC101252,PT13464,GLU,Glucose,106,mg/dL,70,99,H,STAT,2024-02-08 00:41,2024-02-08 01:02,2024-02-08 01:34
LAB702867,ENC101252,PT13464,CREAT,Creatinine,0.92,mg/dL,0.6,1.3,N,STAT,2024-02-08 00:41,2024-02-08 00:57,2024-02-08 01:39
LAB702868,ENC101252,PT13464,WBC,White Blood Cell Count,6.8,K/uL,4.5,11,N,STAT,2024-02-08 00:28,2024-02-08 00:50,2024-02-08 01:30
LAB702869,ENC101252,PT13464,HGB,Hemoglobin,14,g/dL,12,17.5,N,STAT,2024-02-08 00:47,2024-02-08 01:04,2024-02-08 01:45
LAB702870,ENC101252,PT13464,TROP,"Troponin I, High Sensitivity",51,ng/L,0,34,H,STAT,2024-02-08 00:16,2024-02-08 00:39,2024-02-08 01:32
LAB702871,ENC101252,PT13464,BNP,B-Type Natriuretic Peptide,1209,pg/mL,0,100,H,STAT,2024-02-08 00:31,2024-02-08 00:50,2024-02-08 01:39
LAB702872,ENC101253,PT10565,GLU,Glucose,109,mg/dL,70,99,H,Routine,2024-02-08 02:06,2024-02-08 02:40,2024-02-08 03:52
LAB702873,ENC101253,PT10565,CREAT,Creatinine,0.98,mg/dL,0.6,1.3,N,STAT,2024-02-08 01:21,2024-02-08 01:56,2024-02-08 02:50
LAB702874,ENC101253,PT10565,WBC,White Blood Cell Count,19.7,K/uL,4.5,11,H,Routine,2024-02-08 01:54,2024-02-08 02:22,2024-02-08 04:19
LAB702875,ENC101253,PT10565,HGB,Hemoglobin,15.9,g/dL,12,17.5,N,Routine,2024-02-08 02:03,2024-02-08 02:09,2024-02-08 05:22
LAB702876,ENC101254,PT12601,GLU,Glucose,96,mg/dL,70,99,N,Routine,2024-02-08 06:33,2024-02-08 06:44,2024-02-08 09:34
LAB702877,ENC101254,PT12601,CREAT,Creatinine,0.74,mg/dL,0.6,1.3,N,STAT,2024-02-08 07:25,2024-02-08 07:40,2024-02-08 08:33
LAB702878,ENC101254,PT12601,WBC,White Blood Cell Count,6.1,K/uL,4.5,11,N,STAT,2024-02-08 07:34,2024-02-08 07:56,2024-02-08 08:43
LAB702879,ENC101254,PT12601,HGB,Hemoglobin,14.7,g/dL,12,17.5,N,Routine,2024-02-08 06:35,2024-02-08 07:08,2024-02-08 11:13
LAB702880,ENC101255,PT12475,GLU,Glucose,319,mg/dL,70,99,H,STAT,2024-02-08 10:51,2024-02-08 10:56,2024-02-08 11:38
LAB702881,ENC101255,PT12475,CREAT,Creatinine,0.99,mg/dL,0.6,1.3,N,STAT,2024-02-08 10:26,2024-02-08 10:34,2024-02-08 10:59
LAB702882,ENC101255,PT12475,WBC,White Blood Cell Count,6.5,K/uL,4.5,11,N,STAT,2024-02-08 11:04,2024-02-08 11:16,2024-02-08 12:44
LAB702883,ENC101255,PT12475,HGB,Hemoglobin,13.5,g/dL,12,17.5,N,Routine,2024-02-08 10:55,2024-02-08 11:26,2024-02-08 12:50
LAB702884,ENC101255,PT12475,NA,Sodium,140,mmol/L,136,145,N,Routine,2024-02-08 10:43,2024-02-08 11:01,2024-02-08 15:16
LAB702885,ENC101255,PT12475,K,Potassium,4.3,mmol/L,3.5,5.1,N,STAT,2024-02-08 11:30,2024-02-08 11:45,2024-02-08 12:40
LAB702886,ENC101255,PT12475,A1C,Hemoglobin A1c,11.9,%,4,5.6,H,Routine,2024-02-08 10:45,2024-02-08 10:54,2024-02-08 22:58
LAB702887,ENC101256,PT11367,GLU,Glucose,111,mg/dL,70,99,H,STAT,2024-02-08 11:16,2024-02-08 11:27,2024-02-08 12:00
LAB702888,ENC101256,PT11367,CREAT,Creatinine,0.55,mg/dL,0.6,1.3,L,Routine,2024-02-08 10:28,2024-02-08 10:32,2024-02-08 13:35
LAB702889,ENC101256,PT11367,WBC,White Blood Cell Count,14.6,K/uL,4.5,11,H,Routine,2024-02-08 11:27,2024-02-08 11:56,2024-02-08 13:29
LAB702890,ENC101256,PT11367,HGB,Hemoglobin,13.7,g/dL,12,17.5,N,STAT,2024-02-08 11:15,2024-02-08 11:50,2024-02-08 12:31
LAB702891,ENC101256,PT11367,NA,Sodium,139,mmol/L,136,145,N,STAT,2024-02-08 10:38,2024-02-08 10:52,2024-02-08 11:25
LAB702892,ENC101256,PT11367,K,Potassium,4.1,mmol/L,3.5,5.1,N,STAT,2024-02-08 10:42,2024-02-08 11:09,2024-02-08 11:41
LAB702893,ENC101258,PT13178,GLU,Glucose,119,mg/dL,70,99,H,STAT,2024-02-08 10:07,2024-02-08 10:31,2024-02-08 11:10
LAB702894,ENC101258,PT13178,CREAT,Creatinine,1.3,mg/dL,0.6,1.3,N,STAT,2024-02-08 09:13,2024-02-08 09:24,2024-02-08 10:35
LAB702895,ENC101261,PT11374,GLU,Glucose,82,mg/dL,70,99,N,STAT,2024-02-08 11:31,2024-02-08 11:50,2024-02-08 12:57
LAB702896,ENC101261,PT11374,CREAT,Creatinine,1.02,mg/dL,0.6,1.3,N,STAT,2024-02-08 11:15,2024-02-08 11:26,2024-02-08 12:18
LAB702897,ENC101261,PT11374,WBC,White Blood Cell Count,23.8,K/uL,4.5,11,H,STAT,2024-02-08 11:38,2024-02-08 12:05,2024-02-08 12:36
LAB702898,ENC101262,PT12105,GLU,Glucose,114,mg/dL,70,99,H,STAT,2024-02-08 12:16,2024-02-08 12:38,2024-02-08 13:58
LAB702899,ENC101262,PT12105,CREAT,Creatinine,0.92,mg/dL,0.6,1.3,N,STAT,2024-02-08 11:31,2024-02-08 11:39,2024-02-08 12:42
LAB702900,ENC101262,PT12105,WBC,White Blood Cell Count,8.1,K/uL,4.5,11,N,Routine,2024-02-08 12:18,2024-02-08 12:45,2024-02-08 15:55
LAB702901,ENC101262,PT12105,HGB,Hemoglobin,12.8,g/dL,12,17.5,N,STAT,2024-02-08 12:15,2024-02-08 12:40,2024-02-08 13:40
LAB702902,ENC101267,PT12674,LDL,LDL Cholesterol,158,mg/dL,0,99,H,Routine,2024-02-08 12:13,2024-02-08 12:25,2024-02-08 18:38
LAB702903,ENC101267,PT12674,A1C,Hemoglobin A1c,8,%,4,5.6,H,Routine,2024-02-08 12:11,2024-02-08 12:28,2024-02-08 20:26
LAB702904,ENC101270,PT12534,GLU,Glucose,95,mg/dL,70,99,N,Routine,2024-02-08 16:37,2024-02-08 17:01,2024-02-08 18:21
LAB702905,ENC101270,PT12534,CREAT,Creatinine,0.78,mg/dL,0.6,1.3,N,STAT,2024-02-08 15:44,2024-02-08 16:11,2024-02-08 16:57
LAB702906,ENC101270,PT12534,WBC,White Blood Cell Count,6.5,K/uL,4.5,11,N,Routine,2024-02-08 15:36,2024-02-08 16:02,2024-02-09 00:48
LAB702907,ENC101270,PT12534,HGB,Hemoglobin,5.7,g/dL,12,17.5,LL,Routine,2024-02-08 16:22,2024-02-08 16:50,2024-02-08 19:12
LAB702908,ENC101270,PT12534,NA,Sodium,140,mmol/L,136,145,N,STAT,2024-02-08 15:44,2024-02-08 15:48,2024-02-08 16:21
LAB702909,ENC101270,PT12534,K,Potassium,4,mmol/L,3.5,5.1,N,STAT,2024-02-08 16:44,2024-02-08 16:59,2024-02-08 17:44
LAB702910,ENC101270,PT12534,INR,Prothrombin Time INR,1,ratio,0.8,1.2,N,STAT,2024-02-08 16:27,2024-02-08 16:42,2024-02-08 17:32
LAB702911,ENC101273,PT13179,A1C,Hemoglobin A1c,4.8,%,4,5.6,N,Routine,2024-02-08 13:40,2024-02-08 14:09,2024-02-09 00:45
LAB702912,ENC101275,PT13574,GLU,Glucose,106,mg/dL,70,99,H,Routine,2024-02-08 14:27,2024-02-08 14:56,2024-02-08 17:21
LAB702913,ENC101275,PT13574,CREAT,Creatinine,0.71,mg/dL,0.6,1.3,N,Routine,2024-02-08 14:44,2024-02-08 15:14,2024-02-08 16:57
LAB702914,ENC101277,PT10203,GLU,Glucose,120,mg/dL,70,99,H,Routine,2024-02-08 16:29,2024-02-08 16:44,2024-02-08 19:27
LAB702915,ENC101277,PT10203,CREAT,Creatinine,0.68,mg/dL,0.6,1.3,N,STAT,2024-02-08 16:18,2024-02-08 16:31,2024-02-08 17:27
LAB702916,ENC101277,PT10203,WBC,White Blood Cell Count,13.8,K/uL,4.5,11,H,STAT,2024-02-08 16:36,2024-02-08 16:46,2024-02-08 17:21
LAB702917,ENC101277,PT10203,HGB,Hemoglobin,14.4,g/dL,12,17.5,N,STAT,2024-02-08 15:50,2024-02-08 15:59,2024-02-08 16:46
LAB702918,ENC101281,PT13668,GLU,Glucose,113,mg/dL,70,99,H,STAT,2024-02-08 20:52,2024-02-08 21:09,2024-02-08 21:38
LAB702919,ENC101281,PT13668,CREAT,Creatinine,1.16,mg/dL,0.6,1.3,N,STAT,2024-02-08 20:33,2024-02-08 20:44,2024-02-08 21:29
LAB702920,ENC101281,PT13668,WBC,White Blood Cell Count,8.3,K/uL,4.5,11,N,STAT,2024-02-08 20:32,2024-02-08 21:04,2024-02-08 22:16
LAB702921,ENC101281,PT13668,HGB,Hemoglobin,14.6,g/dL,12,17.5,N,STAT,2024-02-08 21:28,2024-02-08 22:01,2024-02-08 23:05
LAB702922,ENC101281,PT13668,TROP,"Troponin I, High Sensitivity",7,ng/L,0,34,N,STAT,2024-02-08 20:28,2024-02-08 20:40,2024-02-08 21:12
LAB702923,ENC101282,PT11290,GLU,Glucose,101,mg/dL,70,99,H,STAT,2024-02-08 20:27,2024-02-08 20:50,2024-02-08 21:19
LAB702924,ENC101282,PT11290,CREAT,Creatinine,0.77,mg/dL,0.6,1.3,N,Routine,2024-02-08 20:18,2024-02-08 20:47,2024-02-08 23:56
LAB702925,ENC101282,PT11290,WBC,White Blood Cell Count,6.4,K/uL,4.5,11,N,Routine,2024-02-08 19:56,2024-02-08 20:27,2024-02-08 23:30
LAB702926,ENC101282,PT11290,HGB,Hemoglobin,14.6,g/dL,12,17.5,N,STAT,2024-02-08 20:24,2024-02-08 20:54,2024-02-08 21:28
LAB702927,ENC101283,PT13151,GLU,Glucose,104,mg/dL,70,99,H,STAT,2024-02-08 17:48,2024-02-08 17:58,2024-02-08 18:37
LAB702928,ENC101283,PT13151,CREAT,Creatinine,1.29,mg/dL,0.6,1.3,N,Routine,2024-02-08 17:05,2024-02-08 17:17,2024-02-08 19:07
LAB702929,ENC101284,PT12583,GLU,Glucose,93,mg/dL,70,99,N,Routine,2024-02-08 21:22,2024-02-08 21:41,2024-02-09 03:34
LAB702930,ENC101284,PT12583,CREAT,Creatinine,0.79,mg/dL,0.6,1.3,N,Routine,2024-02-08 21:26,2024-02-08 21:52,2024-02-09 01:24
LAB702931,ENC101284,PT12583,WBC,White Blood Cell Count,9.8,K/uL,4.5,11,N,STAT,2024-02-08 21:34,2024-02-08 21:48,2024-02-08 22:27
LAB702932,ENC101284,PT12583,HGB,Hemoglobin,15.5,g/dL,12,17.5,N,Routine,2024-02-08 20:45,2024-02-08 21:17,2024-02-09 00:40
LAB702933,ENC101285,PT13967,GLU,Glucose,88,mg/dL,70,99,N,STAT,2024-02-08 21:40,2024-02-08 21:53,2024-02-08 22:36
LAB702934,ENC101285,PT13967,CREAT,Creatinine,1.07,mg/dL,0.6,1.3,N,STAT,2024-02-08 21:32,2024-02-08 21:42,2024-02-08 22:01
LAB702935,ENC101285,PT13967,WBC,White Blood Cell Count,6.8,K/uL,4.5,11,N,STAT,2024-02-08 21:56,2024-02-08 22:27,2024-02-08 23:22
LAB702936,ENC101285,PT13967,HGB,Hemoglobin,13.9,g/dL,12,17.5,N,STAT,2024-02-08 21:28,2024-02-08 21:58,2024-02-08 22:36
LAB702937,ENC101285,PT13967,BUN,Blood Urea Nitrogen,12,mg/dL,7,20,N,Routine,2024-02-08 21:17,2024-02-08 21:45,2024-02-08 23:57
LAB702938,ENC101285,PT13967,PLT,Platelet Count,269,K/uL,150,400,N,Routine,2024-02-08 22:12,2024-02-08 22:36,2024-02-09 02:06
LAB702939,ENC101286,PT11370,GLU,Glucose,126,mg/dL,70,99,H,STAT,2024-02-08 19:17,2024-02-08 19:22,2024-02-08 20:26
LAB702940,ENC101286,PT11370,CREAT,Creatinine,1,mg/dL,0.6,1.3,N,Routine,2024-02-08 18:57,2024-02-08 19:18,2024-02-08 21:29
LAB702941,ENC101287,PT11952,GLU,Glucose,128,mg/dL,70,99,H,STAT,2024-02-08 22:46,2024-02-08 23:16,2024-02-09 00:20
LAB702942,ENC101287,PT11952,CREAT,Creatinine,1.11,mg/dL,0.6,1.3,N,Routine,2024-02-08 23:05,2024-02-08 23:11,2024-02-09 07:34
LAB702943,ENC101287,PT11952,WBC,White Blood Cell Count,6,K/uL,4.5,11,N,Routine,2024-02-08 23:41,2024-02-09 00:02,2024-02-09 03:37
LAB702944,ENC101287,PT11952,HGB,Hemoglobin,13.5,g/dL,12,17.5,N,STAT,2024-02-08 23:17,2024-02-08 23:42,2024-02-09 01:24
LAB702945,ENC101287,PT11952,NA,Sodium,144,mmol/L,136,145,N,STAT,2024-02-08 23:07,2024-02-08 23:12,2024-02-08 23:44
LAB702946,ENC101287,PT11952,K,Potassium,4.4,mmol/L,3.5,5.1,N,STAT,2024-02-08 23:02,2024-02-08 23:37,2024-02-09 00:30
LAB702947,ENC101287,PT11952,TROP,"Troponin I, High Sensitivity",52,ng/L,0,34,H,STAT,2024-02-08 23:07,2024-02-08 23:13,2024-02-09 00:19
LAB702948,ENC101287,PT11952,BNP,B-Type Natriuretic Peptide,1455,pg/mL,0,100,H,STAT,2024-02-08 22:45,2024-02-08 23:04,2024-02-08 23:35
LAB702949,ENC101288,PT10873,GLU,Glucose,107,mg/dL,70,99,H,Routine,2024-02-09 00:53,2024-02-09 01:10,2024-02-09 03:44
LAB702950,ENC101288,PT10873,CREAT,Creatinine,0.79,mg/dL,0.6,1.3,N,Routine,2024-02-09 00:48,2024-02-09 01:22,2024-02-09 05:55
LAB702951,ENC101288,PT10873,WBC,White Blood Cell Count,5.8,K/uL,4.5,11,N,Routine,2024-02-09 00:56,2024-02-09 01:08,2024-02-09 02:44
LAB702952,ENC101288,PT10873,HGB,Hemoglobin,15.6,g/dL,12,17.5,N,Routine,2024-02-09 00:57,2024-02-09 01:11,2024-02-09 03:56
LAB702953,ENC101289,PT12223,GLU,Glucose,145,mg/dL,70,99,H,Routine,2024-02-08 21:20,2024-02-08 21:38,2024-02-08 23:08
LAB702954,ENC101289,PT12223,CREAT,Creatinine,1.78,mg/dL,0.6,1.3,H,STAT,2024-02-08 21:23,2024-02-08 21:54,2024-02-08 22:48
LAB702955,ENC101289,PT12223,WBC,White Blood Cell Count,8.9,K/uL,4.5,11,N,STAT,2024-02-08 21:21,2024-02-08 21:29,2024-02-08 22:18
LAB702956,ENC101289,PT12223,HGB,Hemoglobin,9.5,g/dL,12,17.5,L,STAT,2024-02-08 21:06,2024-02-08 21:18,2024-02-08 22:02
LAB702957,ENC101289,PT12223,LACT,Lactate,1.5,mmol/L,0.5,2,N,STAT,2024-02-08 22:13,2024-02-08 22:44,2024-02-08 23:23
LAB702958,ENC101291,PT11002,GLU,Glucose,84,mg/dL,70,99,N,STAT,2024-02-09 04:01,2024-02-09 04:17,2024-02-09 05:14
LAB702959,ENC101291,PT11002,CREAT,Creatinine,1.23,mg/dL,0.6,1.3,N,STAT,2024-02-09 03:54,2024-02-09 04:07,2024-02-09 05:19
LAB702960,ENC101291,PT11002,WBC,White Blood Cell Count,15.2,K/uL,4.5,11,H,STAT,2024-02-09 04:40,2024-02-09 05:12,2024-02-09 06:11
LAB702961,ENC101291,PT11002,HGB,Hemoglobin,14.8,g/dL,12,17.5,N,STAT,2024-02-09 03:49,2024-02-09 04:18,2024-02-09 05:01
LAB702962,ENC101291,PT11002,BUN,Blood Urea Nitrogen,21,mg/dL,7,20,H,Routine,2024-02-09 04:35,2024-02-09 04:47,2024-02-09 07:21
LAB702963,ENC101291,PT11002,PLT,Platelet Count,225,K/uL,150,400,N,STAT,2024-02-09 04:21,2024-02-09 04:41,2024-02-09 05:09
LAB702964,ENC101292,PT12514,GLU,Glucose,94,mg/dL,70,99,N,STAT,2024-02-09 01:54,2024-02-09 02:22,2024-02-09 02:43
LAB702965,ENC101292,PT12514,CREAT,Creatinine,0.43,mg/dL,0.6,1.3,L,Routine,2024-02-09 01:09,2024-02-09 01:42,2024-02-09 06:06
LAB702966,ENC101292,PT12514,WBC,White Blood Cell Count,7.3,K/uL,4.5,11,N,Routine,2024-02-09 02:09,2024-02-09 02:21,2024-02-09 06:35
LAB702967,ENC101292,PT12514,HGB,Hemoglobin,11.6,g/dL,12,17.5,L,STAT,2024-02-09 01:38,2024-02-09 02:03,2024-02-09 02:37
LAB702968,ENC101293,PT13936,GLU,Glucose,165,mg/dL,70,99,H,STAT,2024-02-09 07:57,2024-02-09 08:10,2024-02-09 08:44
LAB702969,ENC101293,PT13936,CREAT,Creatinine,1.8,mg/dL,0.6,1.3,H,Routine,2024-02-09 07:36,2024-02-09 07:58,2024-02-09 11:48
LAB702970,ENC101293,PT13936,WBC,White Blood Cell Count,8.7,K/uL,4.5,11,N,Routine,2024-02-09 07:58,2024-02-09 08:29,2024-02-09 12:21
LAB702971,ENC101293,PT13936,HGB,Hemoglobin,11.2,g/dL,12,17.5,L,STAT,2024-02-09 07:52,2024-02-09 08:26,2024-02-09 09:09
LAB702972,ENC101295,PT10452,GLU,Glucose,81,mg/dL,70,99,N,Routine,2024-02-09 08:59,2024-02-09 09:09,2024-02-09 12:01
LAB702973,ENC101295,PT10452,CREAT,Creatinine,3.92,mg/dL,0.6,1.3,H,Routine,2024-02-09 08:08,2024-02-09 08:21,2024-02-09 10:30
LAB702974,ENC101295,PT10452,WBC,White Blood Cell Count,4.6,K/uL,4.5,11,N,STAT,2024-02-09 08:36,2024-02-09 08:58,2024-02-09 09:45
LAB702975,ENC101295,PT10452,HGB,Hemoglobin,10.9,g/dL,12,17.5,L,STAT,2024-02-09 08:38,2024-02-09 08:45,2024-02-09 09:31
LAB702976,ENC101295,PT10452,NA,Sodium,142,mmol/L,136,145,N,STAT,2024-02-09 08:46,2024-02-09 09:06,2024-02-09 09:57
LAB702977,ENC101295,PT10452,K,Potassium,6.5,mmol/L,3.5,5.1,HH,STAT,2024-02-09 08:49,2024-02-09 09:07,2024-02-09 10:25
LAB702978,ENC101298,PT13869,LDL,LDL Cholesterol,42,mg/dL,0,99,N,Routine,2024-02-09 09:22,2024-02-09 09:48,2024-02-10 03:09
LAB702979,ENC101298,PT13869,A1C,Hemoglobin A1c,6,%,4,5.6,H,Routine,2024-02-09 09:05,2024-02-09 09:19,2024-02-09 18:24
LAB702980,ENC101299,PT10713,GLU,Glucose,138,mg/dL,70,99,H,STAT,2024-02-09 11:53,2024-02-09 12:26,2024-02-09 13:24
LAB702981,ENC101299,PT10713,CREAT,Creatinine,0.91,mg/dL,0.6,1.3,N,Routine,2024-02-09 12:43,2024-02-09 12:56,2024-02-09 15:17
LAB702982,ENC101299,PT10713,WBC,White Blood Cell Count,9.3,K/uL,4.5,11,N,STAT,2024-02-09 12:18,2024-02-09 12:25,2024-02-09 12:50
LAB702983,ENC101299,PT10713,HGB,Hemoglobin,11.6,g/dL,12,17.5,L,Routine,2024-02-09 12:01,2024-02-09 12:15,2024-02-09 14:13
LAB702984,ENC101299,PT10713,NA,Sodium,139,mmol/L,136,145,N,STAT,2024-02-09 11:52,2024-02-09 12:19,2024-02-09 13:18
LAB702985,ENC101299,PT10713,K,Potassium,4.2,mmol/L,3.5,5.1,N,STAT,2024-02-09 12:51,2024-02-09 13:20,2024-02-09 14:06
LAB702986,ENC101300,PT10029,GLU,Glucose,70,mg/dL,70,99,N,Routine,2024-02-09 09:28,2024-02-09 09:55,2024-02-09 13:07
LAB702987,ENC101300,PT10029,CREAT,Creatinine,1.19,mg/dL,0.6,1.3,N,Routine,2024-02-09 09:36,2024-02-09 10:00,2024-02-09 15:17
LAB702988,ENC101300,PT10029,WBC,White Blood Cell Count,7.3,K/uL,4.5,11,N,STAT,2024-02-09 10:15,2024-02-09 10:28,2024-02-09 11:06
LAB702989,ENC101300,PT10029,TROP,"Troponin I, High Sensitivity",4,ng/L,0,34,N,STAT,2024-02-09 09:39,2024-02-09 10:05,2024-02-09 10:55
LAB702990,ENC101301,PT12608,GLU,Glucose,207,mg/dL,70,99,H,Routine,2024-02-09 13:59,2024-02-09 14:16,2024-02-09 15:09
LAB702991,ENC101301,PT12608,CREAT,Creatinine,0.87,mg/dL,0.6,1.3,N,Routine,2024-02-09 14:04,2024-02-09 14:38,2024-02-09 21:28
LAB702992,ENC101301,PT12608,WBC,White Blood Cell Count,12.8,K/uL,4.5,11,H,Routine,2024-02-09 13:20,2024-02-09 13:41,2024-02-09 14:56
LAB702993,ENC101301,PT12608,HGB,Hemoglobin,13.1,g/dL,12,17.5,N,STAT,2024-02-09 13:43,2024-02-09 13:47,2024-02-09 14:37
LAB702994,ENC101303,PT10421,WBC,White Blood Cell Count,7.4,K/uL,4.5,11,N,Routine,2024-02-09 09:53,2024-02-09 10:22,2024-02-09 13:26
LAB702995,ENC101303,PT10421,HGB,Hemoglobin,14.3,g/dL,12,17.5,N,Routine,2024-02-09 09:37,2024-02-09 10:02,2024-02-09 12:10
LAB702996,ENC101303,PT10421,PLT,Platelet Count,236,K/uL,150,400,N,Routine,2024-02-09 09:35,2024-02-09 09:52,2024-02-09 13:14
LAB702997,ENC101304,PT13274,GLU,Glucose,94,mg/dL,70,99,N,STAT,2024-02-09 10:00,2024-02-09 10:33,2024-02-09 11:10
LAB702998,ENC101304,PT13274,CREAT,Creatinine,0.99,mg/dL,0.6,1.3,N,Routine,2024-02-09 10:01,2024-02-09 10:18,2024-02-09 15:26
LAB702999,ENC101304,PT13274,WBC,White Blood Cell Count,5.7,K/uL,4.5,11,N,STAT,2024-02-09 10:07,2024-02-09 10:25,2024-02-09 11:03
LAB703000,ENC101308,PT12522,LDL,LDL Cholesterol,123,mg/dL,0,99,H,Routine,2024-02-09 10:40,2024-02-09 10:56,2024-02-10 00:37
LAB703001,ENC101308,PT12522,A1C,Hemoglobin A1c,4.5,%,4,5.6,N,Routine,2024-02-09 10:25,2024-02-09 10:50,2024-02-10 04:56
LAB703002,ENC101309,PT12670,GLU,Glucose,100,mg/dL,70,99,H,STAT,2024-02-09 13:49,2024-02-09 14:19,2024-02-09 15:06
LAB703003,ENC101309,PT12670,CREAT,Creatinine,1.19,mg/dL,0.6,1.3,N,Routine,2024-02-09 14:49,2024-02-09 14:59,2024-02-09 16:02
LAB703004,ENC101309,PT12670,WBC,White Blood Cell Count,7.6,K/uL,4.5,11,N,STAT,2024-02-09 14:46,2024-02-09 15:02,2024-02-09 15:39
LAB703005,ENC101309,PT12670,HGB,Hemoglobin,11.7,g/dL,12,17.5,L,STAT,2024-02-09 14:40,2024-02-09 15:13,2024-02-09 15:51
LAB703006,ENC101309,PT12670,INR,Prothrombin Time INR,1,ratio,0.8,1.2,N,Routine,2024-02-09 14:22,2024-02-09 14:30,2024-02-09 17:00
LAB703007,ENC101311,PT10586,GLU,Glucose,109,mg/dL,70,99,H,STAT,2024-02-09 11:45,2024-02-09 11:50,2024-02-09 12:37
LAB703008,ENC101311,PT10586,CREAT,Creatinine,0.63,mg/dL,0.6,1.3,N,Routine,2024-02-09 11:08,2024-02-09 11:25,2024-02-09 13:35
LAB703009,ENC101312,PT12604,GLU,Glucose,79,mg/dL,70,99,N,Routine,2024-02-09 11:44,2024-02-09 11:49,2024-02-09 15:41
LAB703010,ENC101312,PT12604,CREAT,Creatinine,0.67,mg/dL,0.6,1.3,N,Routine,2024-02-09 12:05,2024-02-09 12:39,2024-02-09 16:27
LAB703011,ENC101312,PT12604,WBC,White Blood Cell Count,10.3,K/uL,4.5,11,N,STAT,2024-02-09 11:41,2024-02-09 12:00,2024-02-09 12:46
LAB703012,ENC101312,PT12604,HGB,Hemoglobin,14,g/dL,12,17.5,N,STAT,2024-02-09 11:16,2024-02-09 11:44,2024-02-09 12:17
LAB703013,ENC101312,PT12604,NA,Sodium,141,mmol/L,136,145,N,Routine,2024-02-09 11:42,2024-02-09 12:01,2024-02-09 14:38
LAB703014,ENC101312,PT12604,K,Potassium,4.1,mmol/L,3.5,5.1,N,STAT,2024-02-09 11:40,2024-02-09 11:53,2024-02-09 12:35
LAB703015,ENC101312,PT12604,BUN,Blood Urea Nitrogen,17,mg/dL,7,20,N,Routine,2024-02-09 11:01,2024-02-09 11:32,2024-02-09 15:14
LAB703016,ENC101312,PT12604,PLT,Platelet Count,325,K/uL,150,400,N,Routine,2024-02-09 11:08,2024-02-09 11:38,2024-02-09 17:13
LAB703017,ENC101312,PT12604,A1C,Hemoglobin A1c,8.7,%,4,5.6,H,STAT,2024-02-09 10:58,2024-02-09 11:02,2024-02-09 11:44
LAB703018,ENC101313,PT11101,GLU,Glucose,182,mg/dL,70,99,H,Routine,2024-02-09 11:54,2024-02-09 12:08,2024-02-09 13:34
LAB703019,ENC101313,PT11101,CREAT,Creatinine,0.88,mg/dL,0.6,1.3,N,STAT,2024-02-09 12:09,2024-02-09 12:32,2024-02-09 13:24
LAB703020,ENC101313,PT11101,WBC,White Blood Cell Count,5.9,K/uL,4.5,11,N,Routine,2024-02-09 12:02,2024-02-09 12:29,2024-02-09 18:06
LAB703021,ENC101313,PT11101,HGB,Hemoglobin,15.6,g/dL,12,17.5,N,STAT,2024-02-09 12:18,2024-02-09 12:39,2024-02-09 13:10
LAB703022,ENC101313,PT11101,NA,Sodium,140,mmol/L,136,145,N,STAT,2024-02-09 11:47,2024-02-09 11:52,2024-02-09 12:49
LAB703023,ENC101313,PT11101,K,Potassium,4.5,mmol/L,3.5,5.1,N,STAT,2024-02-09 12:15,2024-02-09 12:47,2024-02-09 13:59
LAB703024,ENC101314,PT13398,GLU,Glucose,178,mg/dL,70,99,H,STAT,2024-02-09 13:29,2024-02-09 13:52,2024-02-09 14:45
LAB703025,ENC101314,PT13398,CREAT,Creatinine,1.02,mg/dL,0.6,1.3,N,Routine,2024-02-09 14:03,2024-02-09 14:37,2024-02-09 18:23
LAB703026,ENC101314,PT13398,WBC,White Blood Cell Count,8.4,K/uL,4.5,11,N,STAT,2024-02-09 14:24,2024-02-09 14:29,2024-02-09 15:13
LAB703027,ENC101314,PT13398,HGB,Hemoglobin,15.7,g/dL,12,17.5,N,STAT,2024-02-09 13:45,2024-02-09 14:10,2024-02-09 15:12
LAB703028,ENC101314,PT13398,NA,Sodium,142,mmol/L,136,145,N,STAT,2024-02-09 13:25,2024-02-09 13:57,2024-02-09 14:18
LAB703029,ENC101314,PT13398,K,Potassium,3.9,mmol/L,3.5,5.1,N,STAT,2024-02-09 14:06,2024-02-09 14:29,2024-02-09 15:44
LAB703030,ENC101315,PT10366,GLU,Glucose,130,mg/dL,70,99,H,Routine,2024-02-09 12:08,2024-02-09 12:38,2024-02-09 15:35
LAB703031,ENC101315,PT10366,CREAT,Creatinine,1.2,mg/dL,0.6,1.3,N,Routine,2024-02-09 12:06,2024-02-09 12:16,2024-02-09 14:44
LAB703032,ENC101315,PT10366,WBC,White Blood Cell Count,6.7,K/uL,4.5,11,N,STAT,2024-02-09 11:49,2024-02-09 11:53,2024-02-09 12:43
LAB703033,ENC101315,PT10366,HGB,Hemoglobin,14.6,g/dL,12,17.5,N,STAT,2024-02-09 11:55,2024-02-09 12:29,2024-02-09 13:12
LAB703034,ENC101316,PT10160,GLU,Glucose,128,mg/dL,70,99,H,STAT,2024-02-09 15:02,2024-02-09 15:37,2024-02-09 16:26
LAB703035,ENC101316,PT10160,CREAT,Creatinine,1.05,mg/dL,0.6,1.3,N,STAT,2024-02-09 14:07,2024-02-09 14:34,2024-02-09 15:22
LAB703036,ENC101316,PT10160,WBC,White Blood Cell Count,6.5,K/uL,4.5,11,N,STAT,2024-02-09 14:49,2024-02-09 15:08,2024-02-09 15:43
LAB703037,ENC101316,PT10160,HGB,Hemoglobin,11.4,g/dL,12,17.5,L,Routine,2024-02-09 14:12,2024-02-09 14:24,2024-02-09 18:41
LAB703038,ENC101316,PT10160,TROP,"Troponin I, High Sensitivity",11,ng/L,0,34,N,STAT,2024-02-09 15:02,2024-02-09 15:35,2024-02-09 16:21
LAB703039,ENC101317,PT12916,GLU,Glucose,111,mg/dL,70,99,H,STAT,2024-02-09 19:14,2024-02-09 19:37,2024-02-09 20:02
LAB703040,ENC101317,PT12916,CREAT,Creatinine,0.86,mg/dL,0.6,1.3,N,Routine,2024-02-09 19:13,2024-02-09 19:19,2024-02-09 20:37
LAB703041,ENC101317,PT12916,WBC,White Blood Cell Count,11.9,K/uL,4.5,11,H,Routine,2024-02-09 19:11,2024-02-09 19:44,2024-02-09 21:59
LAB703042,ENC101317,PT12916,HGB,Hemoglobin,15.8,g/dL,12,17.5,N,Routine,2024-02-09 18:50,2024-02-09 19:03,2024-02-10 02:24
LAB703043,ENC101317,PT12916,BUN,Blood Urea Nitrogen,7,mg/dL,7,20,N,Routine,2024-02-09 18:45,2024-02-09 19:11,2024-02-10 01:27
LAB703044,ENC101317,PT12916,PLT,Platelet Count,311,K/uL,150,400,N,Routine,2024-02-09 18:51,2024-02-09 19:00,2024-02-09 21:00
LAB703045,ENC101320,PT11908,GLU,Glucose,89,mg/dL,70,99,N,STAT,2024-02-09 13:59,2024-02-09 14:34,2024-02-09 15:12
LAB703046,ENC101320,PT11908,CREAT,Creatinine,1.12,mg/dL,0.6,1.3,N,STAT,2024-02-09 14:25,2024-02-09 14:35,2024-02-09 15:37
LAB703047,ENC101320,PT11908,WBC,White Blood Cell Count,9.3,K/uL,4.5,11,N,STAT,2024-02-09 13:45,2024-02-09 14:06,2024-02-09 14:36
LAB703048,ENC101320,PT11908,HGB,Hemoglobin,13.9,g/dL,12,17.5,N,STAT,2024-02-09 13:41,2024-02-09 13:51,2024-02-09 15:37
LAB703049,ENC101321,PT10914,GLU,Glucose,207,mg/dL,70,99,H,STAT,2024-02-09 13:43,2024-02-09 14:14,2024-02-09 14:54
LAB703050,ENC101321,PT10914,CREAT,Creatinine,0.53,mg/dL,0.6,1.3,L,Routine,2024-02-09 13:32,2024-02-09 13:40,2024-02-09 20:52
LAB703051,ENC101321,PT10914,WBC,White Blood Cell Count,11.1,K/uL,4.5,11,H,Routine,2024-02-09 13:32,2024-02-09 13:49,2024-02-09 15:51
LAB703052,ENC101321,PT10914,HGB,Hemoglobin,11.5,g/dL,12,17.5,L,Routine,2024-02-09 14:26,2024-02-09 14:41,2024-02-09 17:00
LAB703053,ENC101326,PT12856,GLU,Glucose,155,mg/dL,70,99,H,STAT,2024-02-09 19:09,2024-02-09 19:39,2024-02-09 21:00
LAB703054,ENC101326,PT12856,CREAT,Creatinine,0.74,mg/dL,0.6,1.3,N,STAT,2024-02-09 19:07,2024-02-09 19:35,2024-02-09 20:22
LAB703055,ENC101326,PT12856,WBC,White Blood Cell Count,6.3,K/uL,4.5,11,N,STAT,2024-02-09 18:44,2024-02-09 19:16,2024-02-09 19:45
LAB703056,ENC101326,PT12856,HGB,Hemoglobin,13.4,g/dL,12,17.5,N,Routine,2024-02-09 19:07,2024-02-09 19:13,2024-02-09 21:21
LAB703057,ENC101326,PT12856,NA,Sodium,122,mmol/L,136,145,L,STAT,2024-02-09 18:57,2024-02-09 19:27,2024-02-09 20:27
LAB703058,ENC101326,PT12856,K,Potassium,4.1,mmol/L,3.5,5.1,N,STAT,2024-02-09 19:20,2024-02-09 19:37,2024-02-09 20:05
LAB703059,ENC101327,PT13421,A1C,Hemoglobin A1c,7.6,%,4,5.6,H,Routine,2024-02-09 14:39,2024-02-09 15:12,2024-02-11 02:08
LAB703060,ENC101328,PT12175,GLU,Glucose,115,mg/dL,70,99,H,STAT,2024-02-09 19:37,2024-02-09 20:04,2024-02-09 20:35
LAB703061,ENC101328,PT12175,CREAT,Creatinine,0.78,mg/dL,0.6,1.3,N,STAT,2024-02-09 20:07,2024-02-09 20:15,2024-02-09 21:02
LAB703062,ENC101328,PT12175,WBC,White Blood Cell Count,7.2,K/uL,4.5,11,N,Routine,2024-02-09 19:26,2024-02-09 19:35,2024-02-09 22:04
LAB703063,ENC101328,PT12175,HGB,Hemoglobin,10.1,g/dL,12,17.5,L,Routine,2024-02-09 20:19,2024-02-09 20:40,2024-02-09 23:30
LAB703064,ENC101328,PT12175,INR,Prothrombin Time INR,1.1,ratio,0.8,1.2,N,STAT,2024-02-09 19:23,2024-02-09 19:40,2024-02-09 20:23
LAB703065,ENC101329,PT10905,GLU,Glucose,61,mg/dL,70,99,L,STAT,2024-02-09 19:25,2024-02-09 19:48,2024-02-09 20:25
LAB703066,ENC101329,PT10905,CREAT,Creatinine,1.6,mg/dL,0.6,1.3,H,STAT,2024-02-09 19:50,2024-02-09 20:23,2024-02-09 22:08
LAB703067,ENC101329,PT10905,WBC,White Blood Cell Count,4.1,K/uL,4.5,11,L,STAT,2024-02-09 19:21,2024-02-09 19:45,2024-02-09 20:58
LAB703068,ENC101329,PT10905,HGB,Hemoglobin,10,g/dL,12,17.5,L,Routine,2024-02-09 20:28,2024-02-09 20:42,2024-02-09 21:42
LAB703069,ENC101332,PT11226,GLU,Glucose,120,mg/dL,70,99,H,STAT,2024-02-09 16:39,2024-02-09 17:08,2024-02-09 17:42
LAB703070,ENC101332,PT11226,CREAT,Creatinine,1.25,mg/dL,0.6,1.3,N,STAT,2024-02-09 16:51,2024-02-09 17:02,2024-02-09 18:16
LAB703071,ENC101332,PT11226,WBC,White Blood Cell Count,7.1,K/uL,4.5,11,N,Routine,2024-02-09 17:33,2024-02-09 17:58,2024-02-09 21:16
LAB703072,ENC101332,PT11226,HGB,Hemoglobin,14.1,g/dL,12,17.5,N,STAT,2024-02-09 17:06,2024-02-09 17:12,2024-02-09 17:42
LAB703073,ENC101333,PT12770,GLU,Glucose,100,mg/dL,70,99,H,STAT,2024-02-09 21:20,2024-02-09 21:38,2024-02-09 22:08
LAB703074,ENC101333,PT12770,CREAT,Creatinine,1.07,mg/dL,0.6,1.3,N,STAT,2024-02-09 21:36,2024-02-09 22:07,2024-02-09 23:25
LAB703075,ENC101333,PT12770,WBC,White Blood Cell Count,16.4,K/uL,4.5,11,H,STAT,2024-02-09 21:45,2024-02-09 22:17,2024-02-09 22:56
LAB703076,ENC101333,PT12770,HGB,Hemoglobin,13.6,g/dL,12,17.5,N,STAT,2024-02-09 22:08,2024-02-09 22:22,2024-02-09 23:03
LAB703077,ENC101335,PT13149,GLU,Glucose,157,mg/dL,70,99,H,STAT,2024-02-09 21:57,2024-02-09 22:10,2024-02-09 22:39
LAB703078,ENC101335,PT13149,CREAT,Creatinine,0.99,mg/dL,0.6,1.3,N,STAT,2024-02-09 22:26,2024-02-09 22:59,2024-02-09 23:27
LAB703079,ENC101335,PT13149,WBC,White Blood Cell Count,7.1,K/uL,4.5,11,N,STAT,2024-02-09 22:30,2024-02-09 22:47,2024-02-09 23:44
LAB703080,ENC101335,PT13149,HGB,Hemoglobin,13.2,g/dL,12,17.5,N,Routine,2024-02-09 22:11,2024-02-09 22:46,2024-02-10 01:32
LAB703081,ENC101336,PT12035,GLU,Glucose,101,mg/dL,70,99,H,STAT,2024-02-09 19:10,2024-02-09 19:29,2024-02-09 20:29
LAB703082,ENC101336,PT12035,CREAT,Creatinine,0.85,mg/dL,0.6,1.3,N,STAT,2024-02-09 18:45,2024-02-09 18:49,2024-02-09 19:17
LAB703083,ENC101336,PT12035,WBC,White Blood Cell Count,5.9,K/uL,4.5,11,N,STAT,2024-02-09 18:54,2024-02-09 19:27,2024-02-09 19:53
LAB703084,ENC101336,PT12035,HGB,Hemoglobin,10.8,g/dL,12,17.5,L,STAT,2024-02-09 19:01,2024-02-09 19:20,2024-02-09 20:10
LAB703085,ENC101336,PT12035,TROP,"Troponin I, High Sensitivity",414,ng/L,0,34,H,STAT,2024-02-09 18:22,2024-02-09 18:39,2024-02-09 19:26
LAB703086,ENC101337,PT10139,GLU,Glucose,101,mg/dL,70,99,H,STAT,2024-02-09 19:03,2024-02-09 19:36,2024-02-09 20:11
LAB703087,ENC101337,PT10139,CREAT,Creatinine,0.98,mg/dL,0.6,1.3,N,Routine,2024-02-09 19:26,2024-02-09 19:55,2024-02-09 21:51
LAB703088,ENC101337,PT10139,WBC,White Blood Cell Count,8.4,K/uL,4.5,11,N,Routine,2024-02-09 18:33,2024-02-09 19:08,2024-02-09 20:55
LAB703089,ENC101337,PT10139,HGB,Hemoglobin,15.5,g/dL,12,17.5,N,STAT,2024-02-09 18:49,2024-02-09 19:10,2024-02-09 19:59
LAB703090,ENC101337,PT10139,TROP,"Troponin I, High Sensitivity",10,ng/L,0,34,N,STAT,2024-02-09 19:25,2024-02-09 19:49,2024-02-09 20:49
LAB703091,ENC101338,PT11437,GLU,Glucose,132,mg/dL,70,99,H,Routine,2024-02-09 19:55,2024-02-09 20:14,2024-02-09 22:30
LAB703092,ENC101338,PT11437,CREAT,Creatinine,1.14,mg/dL,0.6,1.3,N,Routine,2024-02-09 19:48,2024-02-09 20:03,2024-02-09 21:29
LAB703093,ENC101338,PT11437,TROP,"Troponin I, High Sensitivity",9,ng/L,0,34,N,STAT,2024-02-09 18:53,2024-02-09 19:12,2024-02-09 19:50
LAB703094,ENC101340,PT11928,GLU,Glucose,85,mg/dL,70,99,N,Routine,2024-02-09 20:21,2024-02-09 20:28,2024-02-09 22:07
LAB703095,ENC101340,PT11928,CREAT,Creatinine,0.84,mg/dL,0.6,1.3,N,STAT,2024-02-09 19:21,2024-02-09 19:42,2024-02-09 20:19
LAB703096,ENC101340,PT11928,WBC,White Blood Cell Count,17.6,K/uL,4.5,11,H,Routine,2024-02-09 20:03,2024-02-09 20:13,2024-02-09 23:24
LAB703097,ENC101340,PT11928,HGB,Hemoglobin,14.3,g/dL,12,17.5,N,STAT,2024-02-09 19:22,2024-02-09 19:52,2024-02-09 20:36
LAB703098,ENC101341,PT10819,GLU,Glucose,111,mg/dL,70,99,H,STAT,2024-02-09 22:05,2024-02-09 22:29,2024-02-09 22:58
LAB703099,ENC101341,PT10819,CREAT,Creatinine,1.17,mg/dL,0.6,1.3,N,STAT,2024-02-09 22:08,2024-02-09 22:42,2024-02-09 23:49
LAB703100,ENC101341,PT10819,WBC,White Blood Cell Count,11.4,K/uL,4.5,11,H,Routine,2024-02-09 22:20,2024-02-09 22:42,2024-02-10 01:56
LAB703101,ENC101341,PT10819,HGB,Hemoglobin,10.2,g/dL,12,17.5,L,STAT,2024-02-09 22:19,2024-02-09 22:41,2024-02-09 23:11
LAB703102,ENC101342,PT12697,GLU,Glucose,113,mg/dL,70,99,H,Routine,2024-02-09 21:37,2024-02-09 22:11,2024-02-10 03:25
LAB703103,ENC101342,PT12697,CREAT,Creatinine,0.45,mg/dL,0.6,1.3,L,STAT,2024-02-09 22:13,2024-02-09 22:33,2024-02-09 23:00
LAB703104,ENC101342,PT12697,WBC,White Blood Cell Count,9.9,K/uL,4.5,11,N,STAT,2024-02-09 22:29,2024-02-09 22:37,2024-02-09 23:21
LAB703105,ENC101342,PT12697,HGB,Hemoglobin,14.6,g/dL,12,17.5,N,Routine,2024-02-09 22:04,2024-02-09 22:32,2024-02-10 00:38
LAB703106,ENC101342,PT12697,INR,Prothrombin Time INR,1.1,ratio,0.8,1.2,N,Routine,2024-02-09 21:55,2024-02-09 22:25,2024-02-10 01:36
LAB703107,ENC101343,PT12222,GLU,Glucose,106,mg/dL,70,99,H,STAT,2024-02-09 22:17,2024-02-09 22:34,2024-02-09 23:13
LAB703108,ENC101343,PT12222,CREAT,Creatinine,0.56,mg/dL,0.6,1.3,L,Routine,2024-02-09 22:16,2024-02-09 22:48,2024-02-10 00:22
LAB703109,ENC101343,PT12222,WBC,White Blood Cell Count,14.3,K/uL,4.5,11,H,STAT,2024-02-09 22:33,2024-02-09 22:45,2024-02-09 23:14
LAB703110,ENC101343,PT12222,HGB,Hemoglobin,11.3,g/dL,12,17.5,L,STAT,2024-02-09 22:25,2024-02-09 22:51,2024-02-09 23:27
LAB703111,ENC101345,PT11174,GLU,Glucose,108,mg/dL,70,99,H,STAT,2024-02-09 20:40,2024-02-09 21:04,2024-02-09 21:58
LAB703112,ENC101345,PT11174,CREAT,Creatinine,0.74,mg/dL,0.6,1.3,N,STAT,2024-02-09 21:37,2024-02-09 22:04,2024-02-09 22:36
LAB703113,ENC101345,PT11174,WBC,White Blood Cell Count,8.5,K/uL,4.5,11,N,STAT,2024-02-09 21:28,2024-02-09 21:36,2024-02-09 22:12
LAB703114,ENC101346,PT10171,GLU,Glucose,120,mg/dL,70,99,H,STAT,2024-02-09 20:53,2024-02-09 21:24,2024-02-09 22:13
LAB703115,ENC101346,PT10171,CREAT,Creatinine,1.12,mg/dL,0.6,1.3,N,STAT,2024-02-09 21:18,2024-02-09 21:26,2024-02-09 22:08
LAB703116,ENC101346,PT10171,WBC,White Blood Cell Count,9.6,K/uL,4.5,11,N,STAT,2024-02-09 20:55,2024-02-09 21:05,2024-02-09 22:05
LAB703117,ENC101346,PT10171,HGB,Hemoglobin,15.8,g/dL,12,17.5,N,STAT,2024-02-09 20:47,2024-02-09 21:16,2024-02-09 21:54
LAB703118,ENC101346,PT10171,TROP,"Troponin I, High Sensitivity",0,ng/L,0,34,N,STAT,2024-02-09 21:23,2024-02-09 21:44,2024-02-09 22:18
LAB703119,ENC101351,PT12992,GLU,Glucose,106,mg/dL,70,99,H,Routine,2024-02-10 13:06,2024-02-10 13:29,2024-02-10 17:32
LAB703120,ENC101351,PT12992,CREAT,Creatinine,1.11,mg/dL,0.6,1.3,N,STAT,2024-02-10 13:17,2024-02-10 13:27,2024-02-10 14:00
LAB703121,ENC101353,PT10167,GLU,Glucose,232,mg/dL,70,99,H,STAT,2024-02-10 14:14,2024-02-10 14:25,2024-02-10 15:29
LAB703122,ENC101353,PT10167,CREAT,Creatinine,0.9,mg/dL,0.6,1.3,N,Routine,2024-02-10 13:26,2024-02-10 13:45,2024-02-10 17:21
LAB703123,ENC101353,PT10167,WBC,White Blood Cell Count,8.1,K/uL,4.5,11,N,STAT,2024-02-10 14:25,2024-02-10 14:58,2024-02-10 16:06
LAB703124,ENC101353,PT10167,HGB,Hemoglobin,9.5,g/dL,12,17.5,L,STAT,2024-02-10 13:43,2024-02-10 14:10,2024-02-10 15:41
LAB703125,ENC101353,PT10167,NA,Sodium,141,mmol/L,136,145,N,STAT,2024-02-10 13:58,2024-02-10 14:04,2024-02-10 15:17
LAB703126,ENC101353,PT10167,K,Potassium,4.4,mmol/L,3.5,5.1,N,STAT,2024-02-10 14:11,2024-02-10 14:18,2024-02-10 15:00
LAB703127,ENC101353,PT10167,LACT,Lactate,1.3,mmol/L,0.5,2,N,STAT,2024-02-10 13:33,2024-02-10 13:40,2024-02-10 14:20
LAB703128,ENC101353,PT10167,INR,Prothrombin Time INR,1.1,ratio,0.8,1.2,N,STAT,2024-02-10 14:22,2024-02-10 14:34,2024-02-10 15:13
LAB703129,ENC101354,PT11461,GLU,Glucose,106,mg/dL,70,99,H,Routine,2024-02-10 14:05,2024-02-10 14:24,2024-02-10 17:53
LAB703130,ENC101354,PT11461,CREAT,Creatinine,0.9,mg/dL,0.6,1.3,N,STAT,2024-02-10 13:46,2024-02-10 13:56,2024-02-10 15:26
LAB703131,ENC101356,PT10398,GLU,Glucose,192,mg/dL,70,99,H,STAT,2024-02-10 18:37,2024-02-10 18:50,2024-02-10 19:24
LAB703132,ENC101356,PT10398,CREAT,Creatinine,0.56,mg/dL,0.6,1.3,L,STAT,2024-02-10 19:01,2024-02-10 19:08,2024-02-10 20:31
LAB703133,ENC101356,PT10398,WBC,White Blood Cell Count,10.3,K/uL,4.5,11,N,STAT,2024-02-10 18:57,2024-02-10 19:12,2024-02-10 20:10
LAB703134,ENC101356,PT10398,HGB,Hemoglobin,12.9,g/dL,12,17.5,N,STAT,2024-02-10 18:20,2024-02-10 18:38,2024-02-10 20:30
LAB703135,ENC101356,PT10398,NA,Sodium,139,mmol/L,136,145,N,Routine,2024-02-10 18:53,2024-02-10 19:16,2024-02-10 20:59
LAB703136,ENC101356,PT10398,K,Potassium,4.1,mmol/L,3.5,5.1,N,STAT,2024-02-10 18:36,2024-02-10 18:59,2024-02-10 20:20
LAB703137,ENC101356,PT10398,TROP,"Troponin I, High Sensitivity",151,ng/L,0,34,H,STAT,2024-02-10 18:27,2024-02-10 18:39,2024-02-10 19:17
LAB703138,ENC101357,PT11285,GLU,Glucose,109,mg/dL,70,99,H,STAT,2024-02-10 17:40,2024-02-10 18:10,2024-02-10 19:12
LAB703139,ENC101357,PT11285,CREAT,Creatinine,0.92,mg/dL,0.6,1.3,N,STAT,2024-02-10 17:00,2024-02-10 17:10,2024-02-10 17:58
LAB703140,ENC101357,PT11285,WBC,White Blood Cell Count,6.4,K/uL,4.5,11,N,STAT,2024-02-10 17:13,2024-02-10 17:18,2024-02-10 18:28
LAB703141,ENC101358,PT10074,GLU,Glucose,118,mg/dL,70,99,H,STAT,2024-02-10 22:02,2024-02-10 22:30,2024-02-10 23:15
LAB703142,ENC101358,PT10074,CREAT,Creatinine,1.47,mg/dL,0.6,1.3,H,Routine,2024-02-10 21:48,2024-02-10 22:10,2024-02-11 01:37
LAB703143,ENC101358,PT10074,WBC,White Blood Cell Count,3.5,K/uL,4.5,11,L,Routine,2024-02-10 21:27,2024-02-10 22:00,2024-02-11 01:21
LAB703144,ENC101358,PT10074,HGB,Hemoglobin,9.3,g/dL,12,17.5,L,STAT,2024-02-10 22:08,2024-02-10 22:42,2024-02-10 23:38
LAB703145,ENC101359,PT12264,GLU,Glucose,134,mg/dL,70,99,H,STAT,2024-02-10 22:33,2024-02-10 23:05,2024-02-10 23:43
LAB703146,ENC101359,PT12264,CREAT,Creatinine,2.58,mg/dL,0.6,1.3,H,STAT,2024-02-10 22:04,2024-02-10 22:32,2024-02-10 23:08
LAB703147,ENC101359,PT12264,WBC,White Blood Cell Count,21.5,K/uL,4.5,11,H,Routine,2024-02-10 22:13,2024-02-10 22:21,2024-02-10 23:48
LAB703148,ENC101359,PT12264,HGB,Hemoglobin,15.7,g/dL,12,17.5,N,STAT,2024-02-10 22:27,2024-02-10 22:32,2024-02-10 23:23
LAB703149,ENC101359,PT12264,NA,Sodium,139,mmol/L,136,145,N,STAT,2024-02-10 22:40,2024-02-10 22:52,2024-02-10 23:22
LAB703150,ENC101359,PT12264,K,Potassium,4.3,mmol/L,3.5,5.1,N,STAT,2024-02-10 22:28,2024-02-10 22:49,2024-02-10 23:35
LAB703151,ENC101359,PT12264,LACT,Lactate,2.4,mmol/L,0.5,2,H,STAT,2024-02-10 22:04,2024-02-10 22:38,2024-02-10 23:07
LAB703152,ENC101360,PT10352,GLU,Glucose,162,mg/dL,70,99,H,STAT,2024-02-10 23:24,2024-02-10 23:45,2024-02-11 00:37
LAB703153,ENC101360,PT10352,CREAT,Creatinine,0.64,mg/dL,0.6,1.3,N,Routine,2024-02-11 00:20,2024-02-11 00:40,2024-02-11 05:27
LAB703154,ENC101360,PT10352,WBC,White Blood Cell Count,6.1,K/uL,4.5,11,N,STAT,2024-02-11 00:01,2024-02-11 00:16,2024-02-11 01:00
LAB703155,ENC101360,PT10352,HGB,Hemoglobin,13.8,g/dL,12,17.5,N,Routine,2024-02-11 00:19,2024-02-11 00:52,2024-02-11 03:41
LAB703156,ENC101360,PT10352,TROP,"Troponin I, High Sensitivity",39,ng/L,0,34,H,STAT,2024-02-10 23:44,2024-02-11 00:11,2024-02-11 01:27
LAB703157,ENC101360,PT10352,BNP,B-Type Natriuretic Peptide,1961,pg/mL,0,100,H,STAT,2024-02-10 23:40,2024-02-11 00:09,2024-02-11 01:22
LAB703158,ENC101362,PT10686,GLU,Glucose,103,mg/dL,70,99,H,Routine,2024-02-11 03:06,2024-02-11 03:30,2024-02-11 06:55
LAB703159,ENC101362,PT10686,CREAT,Creatinine,0.85,mg/dL,0.6,1.3,N,Routine,2024-02-11 03:00,2024-02-11 03:32,2024-02-11 06:34
LAB703160,ENC101362,PT10686,WBC,White Blood Cell Count,9.4,K/uL,4.5,11,N,STAT,2024-02-11 02:03,2024-02-11 02:24,2024-02-11 03:37
LAB703161,ENC101362,PT10686,HGB,Hemoglobin,14.5,g/dL,12,17.5,N,Routine,2024-02-11 02:01,2024-02-11 02:32,2024-02-11 08:28
LAB703162,ENC101362,PT10686,NA,Sodium,125,mmol/L,136,145,L,Routine,2024-02-11 02:37,2024-02-11 02:41,2024-02-11 06:55
LAB703163,ENC101362,PT10686,K,Potassium,4.1,mmol/L,3.5,5.1,N,STAT,2024-02-11 02:49,2024-02-11 03:03,2024-02-11 03:50
LAB703164,ENC101364,PT10255,GLU,Glucose,253,mg/dL,70,99,H,Routine,2024-02-11 03:29,2024-02-11 03:50,2024-02-11 07:06
LAB703165,ENC101364,PT10255,CREAT,Creatinine,2.27,mg/dL,0.6,1.3,H,STAT,2024-02-11 03:18,2024-02-11 03:49,2024-02-11 04:38
LAB703166,ENC101364,PT10255,WBC,White Blood Cell Count,14,K/uL,4.5,11,H,Routine,2024-02-11 03:49,2024-02-11 04:22,2024-02-11 05:47
LAB703167,ENC101364,PT10255,HGB,Hemoglobin,10.7,g/dL,12,17.5,L,STAT,2024-02-11 04:14,2024-02-11 04:48,2024-02-11 05:14
LAB703168,ENC101365,PT12913,GLU,Glucose,105,mg/dL,70,99,H,Routine,2024-02-11 02:22,2024-02-11 02:52,2024-02-11 09:00
LAB703169,ENC101365,PT12913,CREAT,Creatinine,1.06,mg/dL,0.6,1.3,N,Routine,2024-02-11 02:02,2024-02-11 02:15,2024-02-11 06:51
LAB703170,ENC101365,PT12913,WBC,White Blood Cell Count,8.9,K/uL,4.5,11,N,Routine,2024-02-11 01:34,2024-02-11 01:57,2024-02-11 03:33
LAB703171,ENC101366,PT11705,GLU,Glucose,70,mg/dL,70,99,N,STAT,2024-02-11 01:59,2024-02-11 02:26,2024-02-11 02:47
LAB703172,ENC101366,PT11705,CREAT,Creatinine,1.82,mg/dL,0.6,1.3,H,STAT,2024-02-11 02:20,2024-02-11 02:38,2024-02-11 03:06
LAB703173,ENC101366,PT11705,WBC,White Blood Cell Count,7.2,K/uL,4.5,11,N,STAT,2024-02-11 02:33,2024-02-11 02:40,2024-02-11 03:35
LAB703174,ENC101367,PT10603,GLU,Glucose,102,mg/dL,70,99,H,Routine,2024-02-11 04:10,2024-02-11 04:21,2024-02-11 07:26
LAB703175,ENC101367,PT10603,CREAT,Creatinine,0.45,mg/dL,0.6,1.3,L,STAT,2024-02-11 03:44,2024-02-11 04:15,2024-02-11 04:50
LAB703176,ENC101367,PT10603,WBC,White Blood Cell Count,9,K/uL,4.5,11,N,STAT,2024-02-11 04:04,2024-02-11 04:25,2024-02-11 05:26
LAB703177,ENC101367,PT10603,HGB,Hemoglobin,12.5,g/dL,12,17.5,N,Routine,2024-02-11 04:37,2024-02-11 04:58,2024-02-11 06:52
LAB703178,ENC101367,PT10603,NA,Sodium,144,mmol/L,136,145,N,STAT,2024-02-11 03:57,2024-02-11 04:28,2024-02-11 05:52
LAB703179,ENC101367,PT10603,K,Potassium,3.7,mmol/L,3.5,5.1,N,STAT,2024-02-11 03:45,2024-02-11 04:16,2024-02-11 04:38
LAB703180,ENC101368,PT12191,GLU,Glucose,148,mg/dL,70,99,H,Routine,2024-02-11 05:20,2024-02-11 05:39,2024-02-11 09:24
LAB703181,ENC101368,PT12191,CREAT,Creatinine,0.92,mg/dL,0.6,1.3,N,Routine,2024-02-11 05:25,2024-02-11 05:39,2024-02-11 07:57
LAB703182,ENC101368,PT12191,WBC,White Blood Cell Count,8.4,K/uL,4.5,11,N,Routine,2024-02-11 06:01,2024-02-11 06:11,2024-02-11 08:57
LAB703183,ENC101368,PT12191,HGB,Hemoglobin,14.7,g/dL,12,17.5,N,STAT,2024-02-11 05:53,2024-02-11 06:02,2024-02-11 06:20
LAB703184,ENC101368,PT12191,NA,Sodium,143,mmol/L,136,145,N,Routine,2024-02-11 05:33,2024-02-11 05:47,2024-02-11 08:35
LAB703185,ENC101368,PT12191,K,Potassium,4.2,mmol/L,3.5,5.1,N,STAT,2024-02-11 05:23,2024-02-11 05:47,2024-02-11 06:35
LAB703186,ENC101369,PT10042,GLU,Glucose,94,mg/dL,70,99,N,Routine,2024-02-11 05:33,2024-02-11 05:50,2024-02-11 07:39
LAB703187,ENC101369,PT10042,CREAT,Creatinine,0.88,mg/dL,0.6,1.3,N,STAT,2024-02-11 06:05,2024-02-11 06:39,2024-02-11 08:09
LAB703188,ENC101369,PT10042,WBC,White Blood Cell Count,3.8,K/uL,4.5,11,L,Routine,2024-02-11 05:15,2024-02-11 05:19,2024-02-11 07:05
LAB703189,ENC101369,PT10042,HGB,Hemoglobin,16,g/dL,12,17.5,N,Routine,2024-02-11 05:54,2024-02-11 06:20,2024-02-11 08:09
LAB703190,ENC101370,PT13011,GLU,Glucose,107,mg/dL,70,99,H,STAT,2024-02-11 07:03,2024-02-11 07:11,2024-02-11 08:07
LAB703191,ENC101370,PT13011,CREAT,Creatinine,0.81,mg/dL,0.6,1.3,N,Routine,2024-02-11 06:23,2024-02-11 06:52,2024-02-11 12:33
LAB703192,ENC101373,PT10235,GLU,Glucose,86,mg/dL,70,99,N,STAT,2024-02-11 16:13,2024-02-11 16:28,2024-02-11 17:21
LAB703193,ENC101373,PT10235,CREAT,Creatinine,1.19,mg/dL,0.6,1.3,N,STAT,2024-02-11 16:42,2024-02-11 17:14,2024-02-11 18:25
LAB703194,ENC101373,PT10235,WBC,White Blood Cell Count,6.9,K/uL,4.5,11,N,STAT,2024-02-11 15:57,2024-02-11 16:28,2024-02-11 16:49
LAB703195,ENC101373,PT10235,HGB,Hemoglobin,13.5,g/dL,12,17.5,N,STAT,2024-02-11 16:43,2024-02-11 16:57,2024-02-11 18:12
LAB703196,ENC101373,PT10235,NA,Sodium,143,mmol/L,136,145,N,Routine,2024-02-11 16:36,2024-02-11 16:56,2024-02-11 18:00
LAB703197,ENC101373,PT10235,K,Potassium,4.2,mmol/L,3.5,5.1,N,STAT,2024-02-11 16:34,2024-02-11 16:51,2024-02-11 17:57
LAB703198,ENC101373,PT10235,TROP,"Troponin I, High Sensitivity",792,ng/L,0,34,H,STAT,2024-02-11 16:33,2024-02-11 17:05,2024-02-11 17:58
LAB703199,ENC101376,PT11629,GLU,Glucose,115,mg/dL,70,99,H,STAT,2024-02-11 17:55,2024-02-11 17:59,2024-02-11 18:24
LAB703200,ENC101376,PT11629,CREAT,Creatinine,0.73,mg/dL,0.6,1.3,N,STAT,2024-02-11 17:45,2024-02-11 18:04,2024-02-11 18:45
LAB703201,ENC101376,PT11629,WBC,White Blood Cell Count,10.4,K/uL,4.5,11,N,STAT,2024-02-11 18:01,2024-02-11 18:06,2024-02-11 19:13
LAB703202,ENC101376,PT11629,HGB,Hemoglobin,13.6,g/dL,12,17.5,N,STAT,2024-02-11 18:34,2024-02-11 18:46,2024-02-11 19:54
LAB703203,ENC101377,PT13595,GLU,Glucose,147,mg/dL,70,99,H,STAT,2024-02-11 20:46,2024-02-11 20:54,2024-02-11 22:04
LAB703204,ENC101377,PT13595,CREAT,Creatinine,1.18,mg/dL,0.6,1.3,N,Routine,2024-02-11 20:33,2024-02-11 20:42,2024-02-12 01:25
LAB703205,ENC101377,PT13595,WBC,White Blood Cell Count,14.9,K/uL,4.5,11,H,STAT,2024-02-11 20:34,2024-02-11 20:40,2024-02-11 21:57
LAB703206,ENC101377,PT13595,HGB,Hemoglobin,14.4,g/dL,12,17.5,N,Routine,2024-02-11 20:55,2024-02-11 21:03,2024-02-12 02:54
LAB703207,ENC101377,PT13595,LACT,Lactate,3.8,mmol/L,0.5,2,H,STAT,2024-02-11 20:36,2024-02-11 20:52,2024-02-11 21:37
LAB703208,ENC101379,PT11210,GLU,Glucose,99,mg/dL,70,99,N,STAT,2024-02-11 23:02,2024-02-11 23:07,2024-02-12 00:07
LAB703209,ENC101379,PT11210,CREAT,Creatinine,1,mg/dL,0.6,1.3,N,Routine,2024-02-11 23:04,2024-02-11 23:27,2024-02-12 01:46
LAB703210,ENC101379,PT11210,WBC,White Blood Cell Count,8.4,K/uL,4.5,11,N,STAT,2024-02-12 00:02,2024-02-12 00:28,2024-02-12 01:51
LAB703211,ENC101379,PT11210,HGB,Hemoglobin,15.1,g/dL,12,17.5,N,Routine,2024-02-11 23:42,2024-02-11 23:47,2024-02-12 02:48
LAB703212,ENC101380,PT13973,GLU,Glucose,98,mg/dL,70,99,N,STAT,2024-02-11 18:22,2024-02-11 18:45,2024-02-11 19:08
LAB703213,ENC101380,PT13973,CREAT,Creatinine,0.91,mg/dL,0.6,1.3,N,STAT,2024-02-11 18:37,2024-02-11 19:07,2024-02-11 19:56
LAB703214,ENC101380,PT13973,WBC,White Blood Cell Count,9.4,K/uL,4.5,11,N,Routine,2024-02-11 18:35,2024-02-11 19:07,2024-02-11 22:07
LAB703215,ENC101380,PT13973,HGB,Hemoglobin,15.8,g/dL,12,17.5,N,STAT,2024-02-11 19:11,2024-02-11 19:17,2024-02-11 19:58
LAB703216,ENC101382,PT10855,GLU,Glucose,81,mg/dL,70,99,N,Routine,2024-02-11 19:55,2024-02-11 20:25,2024-02-11 22:35
LAB703217,ENC101382,PT10855,CREAT,Creatinine,0.87,mg/dL,0.6,1.3,N,STAT,2024-02-11 19:54,2024-02-11 20:20,2024-02-11 21:22
LAB703218,ENC101382,PT10855,WBC,White Blood Cell Count,6.6,K/uL,4.5,11,N,Routine,2024-02-11 20:25,2024-02-11 20:49,2024-02-12 00:40
LAB703219,ENC101383,PT13391,GLU,Glucose,93,mg/dL,70,99,N,Routine,2024-02-11 20:56,2024-02-11 21:18,2024-02-11 23:03
LAB703220,ENC101383,PT13391,CREAT,Creatinine,1.09,mg/dL,0.6,1.3,N,Routine,2024-02-11 21:11,2024-02-11 21:31,2024-02-11 23:06
LAB703221,ENC101383,PT13391,WBC,White Blood Cell Count,15.6,K/uL,4.5,11,H,Routine,2024-02-11 21:02,2024-02-11 21:14,2024-02-12 00:36
LAB703222,ENC101384,PT13064,GLU,Glucose,84,mg/dL,70,99,N,STAT,2024-02-11 21:51,2024-02-11 22:01,2024-02-11 22:49
LAB703223,ENC101384,PT13064,CREAT,Creatinine,0.65,mg/dL,0.6,1.3,N,STAT,2024-02-11 22:09,2024-02-11 22:33,2024-02-11 23:02
LAB703224,ENC101384,PT13064,WBC,White Blood Cell Count,8.4,K/uL,4.5,11,N,Routine,2024-02-11 21:14,2024-02-11 21:25,2024-02-11 23:22
LAB703225,ENC101384,PT13064,HGB,Hemoglobin,15.5,g/dL,12,17.5,N,Routine,2024-02-11 22:17,2024-02-11 22:41,2024-02-12 01:44
LAB703226,ENC101384,PT13064,NA,Sodium,138,mmol/L,136,145,N,Routine,2024-02-11 21:50,2024-02-11 22:08,2024-02-11 23:16
LAB703227,ENC101384,PT13064,K,Potassium,4.4,mmol/L,3.5,5.1,N,STAT,2024-02-11 22:05,2024-02-11 22:18,2024-02-11 23:13
LAB703228,ENC101385,PT10197,GLU,Glucose,121,mg/dL,70,99,H,STAT,2024-02-12 02:13,2024-02-12 02:45,2024-02-12 03:09
LAB703229,ENC101385,PT10197,CREAT,Creatinine,0.67,mg/dL,0.6,1.3,N,Routine,2024-02-12 02:04,2024-02-12 02:20,2024-02-12 05:08
LAB703230,ENC101385,PT10197,WBC,White Blood Cell Count,7.6,K/uL,4.5,11,N,STAT,2024-02-12 01:40,2024-02-12 01:53,2024-02-12 02:44
LAB703231,ENC101385,PT10197,HGB,Hemoglobin,13.3,g/dL,12,17.5,N,STAT,2024-02-12 01:45,2024-02-12 02:04,2024-02-12 02:49
LAB703232,ENC101385,PT10197,BUN,Blood Urea Nitrogen,22,mg/dL,7,20,H,STAT,2024-02-12 02:30,2024-02-12 02:35,2024-02-12 03:01
LAB703233,ENC101385,PT10197,PLT,Platelet Count,217,K/uL,150,400,N,STAT,2024-02-12 01:31,2024-02-12 01:39,2024-02-12 02:28
LAB703234,ENC101387,PT13279,GLU,Glucose,107,mg/dL,70,99,H,Routine,2024-02-12 03:42,2024-02-12 03:53,2024-02-12 09:04
LAB703235,ENC101387,PT13279,CREAT,Creatinine,0.85,mg/dL,0.6,1.3,N,STAT,2024-02-12 03:39,2024-02-12 04:06,2024-02-12 04:31
LAB703236,ENC101387,PT13279,WBC,White Blood Cell Count,4.3,K/uL,4.5,11,L,STAT,2024-02-12 03:33,2024-02-12 03:48,2024-02-12 04:50
LAB703237,ENC101387,PT13279,HGB,Hemoglobin,13.2,g/dL,12,17.5,N,STAT,2024-02-12 03:12,2024-02-12 03:38,2024-02-12 04:41
LAB703238,ENC101387,PT13279,NA,Sodium,139,mmol/L,136,145,N,Routine,2024-02-12 03:25,2024-02-12 03:58,2024-02-12 05:29
LAB703239,ENC101387,PT13279,K,Potassium,4.9,mmol/L,3.5,5.1,N,STAT,2024-02-12 02:38,2024-02-12 03:06,2024-02-12 03:48
LAB703240,ENC101391,PT13626,GLU,Glucose,90,mg/dL,70,99,N,STAT,2024-02-12 08:21,2024-02-12 08:35,2024-02-12 09:51
LAB703241,ENC101391,PT13626,CREAT,Creatinine,0.92,mg/dL,0.6,1.3,N,STAT,2024-02-12 07:27,2024-02-12 07:36,2024-02-12 08:15
LAB703242,ENC101391,PT13626,WBC,White Blood Cell Count,8.5,K/uL,4.5,11,N,STAT,2024-02-12 07:35,2024-02-12 07:57,2024-02-12 08:42
LAB703243,ENC101391,PT13626,HGB,Hemoglobin,14.2,g/dL,12,17.5,N,Routine,2024-02-12 08:15,2024-02-12 08:34,2024-02-12 11:20
LAB703244,ENC101392,PT12596,LDL,LDL Cholesterol,167,mg/dL,0,99,H,Routine,2024-02-12 08:20,2024-02-12 08:45,2024-02-13 11:15
LAB703245,ENC101394,PT11943,GLU,Glucose,120,mg/dL,70,99,H,STAT,2024-02-12 12:26,2024-02-12 12:30,2024-02-12 13:31
LAB703246,ENC101394,PT11943,CREAT,Creatinine,0.82,mg/dL,0.6,1.3,N,Routine,2024-02-12 12:23,2024-02-12 12:34,2024-02-12 18:27
LAB703247,ENC101394,PT11943,WBC,White Blood Cell Count,11.1,K/uL,4.5,11,H,STAT,2024-02-12 12:05,2024-02-12 12:24,2024-02-12 13:27
LAB703248,ENC101394,PT11943,HGB,Hemoglobin,17.2,g/dL,12,17.5,N,STAT,2024-02-12 12:05,2024-02-12 12:29,2024-02-12 12:54
LAB703249,ENC101394,PT11943,BUN,Blood Urea Nitrogen,16,mg/dL,7,20,N,STAT,2024-02-12 11:59,2024-02-12 12:26,2024-02-12 13:17
LAB703250,ENC101394,PT11943,PLT,Platelet Count,288,K/uL,150,400,N,STAT,2024-02-12 11:28,2024-02-12 11:46,2024-02-12 12:29
LAB703251,ENC101397,PT12745,A1C,Hemoglobin A1c,7.2,%,4,5.6,H,Routine,2024-02-12 10:05,2024-02-12 10:31,2024-02-14 00:51
LAB703252,ENC101399,PT10476,GLU,Glucose,228,mg/dL,70,99,H,Routine,2024-02-12 11:54,2024-02-12 12:27,2024-02-12 15:21
LAB703253,ENC101399,PT10476,CREAT,Creatinine,0.76,mg/dL,0.6,1.3,N,STAT,2024-02-12 11:01,2024-02-12 11:20,2024-02-12 12:28
LAB703254,ENC101399,PT10476,WBC,White Blood Cell Count,12,K/uL,4.5,11,H,STAT,2024-02-12 11:23,2024-02-12 11:44,2024-02-12 12:23
LAB703255,ENC101400,PT12543,GLU,Glucose,121,mg/dL,70,99,H,Routine,2024-02-12 11:43,2024-02-12 11:58,2024-02-12 13:39
LAB703256,ENC101400,PT12543,CREAT,Creatinine,1.03,mg/dL,0.6,1.3,N,Routine,2024-02-12 11:15,2024-02-12 11:41,2024-02-12 15:03
LAB703257,ENC101400,PT12543,WBC,White Blood Cell Count,8.3,K/uL,4.5,11,N,STAT,2024-02-12 11:44,2024-02-12 11:58,2024-02-12 13:08
LAB703258,ENC101400,PT12543,HGB,Hemoglobin,13.3,g/dL,12,17.5,N,STAT,2024-02-12 11:00,2024-02-12 11:16,2024-02-12 11:48
LAB703259,ENC101400,PT12543,NA,Sodium,139,mmol/L,136,145,N,Routine,2024-02-12 11:57,2024-02-12 12:21,2024-02-12 15:36
LAB703260,ENC101400,PT12543,K,Potassium,4.1,mmol/L,3.5,5.1,N,STAT,2024-02-12 11:37,2024-02-12 12:04,2024-02-12 12:40
LAB703261,ENC101401,PT13023,WBC,White Blood Cell Count,5.4,K/uL,4.5,11,N,Routine,2024-02-12 11:18,2024-02-12 11:43,2024-02-12 15:09
LAB703262,ENC101401,PT13023,HGB,Hemoglobin,12.4,g/dL,12,17.5,N,Routine,2024-02-12 11:13,2024-02-12 11:40,2024-02-12 13:26
LAB703263,ENC101401,PT13023,PLT,Platelet Count,208,K/uL,150,400,N,Routine,2024-02-12 11:22,2024-02-12 11:52,2024-02-12 14:13
LAB703264,ENC101402,PT11050,WBC,White Blood Cell Count,8,K/uL,4.5,11,N,Routine,2024-02-12 11:28,2024-02-12 11:38,2024-02-12 14:56
LAB703265,ENC101402,PT11050,HGB,Hemoglobin,15,g/dL,12,17.5,N,Routine,2024-02-12 11:40,2024-02-12 11:48,2024-02-12 13:09
LAB703266,ENC101402,PT11050,PLT,Platelet Count,351,K/uL,150,400,N,Routine,2024-02-12 11:23,2024-02-12 11:39,2024-02-12 14:55
LAB703267,ENC101403,PT12244,GLU,Glucose,150,mg/dL,70,99,H,Routine,2024-02-12 15:29,2024-02-12 15:57,2024-02-12 17:46
LAB703268,ENC101403,PT12244,CREAT,Creatinine,0.87,mg/dL,0.6,1.3,N,STAT,2024-02-12 16:11,2024-02-12 16:20,2024-02-12 18:18
LAB703269,ENC101403,PT12244,WBC,White Blood Cell Count,5.8,K/uL,4.5,11,N,STAT,2024-02-12 15:32,2024-02-12 15:47,2024-02-12 16:24
LAB703270,ENC101403,PT12244,HGB,Hemoglobin,13.2,g/dL,12,17.5,N,Routine,2024-02-12 15:13,2024-02-12 15:20,2024-02-12 16:42
LAB703271,ENC101405,PT10220,WBC,White Blood Cell Count,6,K/uL,4.5,11,N,Routine,2024-02-12 13:14,2024-02-12 13:37,2024-02-12 15:11
LAB703272,ENC101405,PT10220,HGB,Hemoglobin,13.4,g/dL,12,17.5,N,Routine,2024-02-12 13:13,2024-02-12 13:19,2024-02-12 15:26
LAB703273,ENC101405,PT10220,PLT,Platelet Count,364,K/uL,150,400,N,Routine,2024-02-12 12:53,2024-02-12 13:04,2024-02-12 14:42
LAB703274,ENC101406,PT12909,GLU,Glucose,101,mg/dL,70,99,H,STAT,2024-02-12 17:31,2024-02-12 17:40,2024-02-12 18:37
LAB703275,ENC101406,PT12909,CREAT,Creatinine,2.03,mg/dL,0.6,1.3,H,STAT,2024-02-12 17:47,2024-02-12 18:06,2024-02-12 18:45
LAB703276,ENC101406,PT12909,WBC,White Blood Cell Count,5.8,K/uL,4.5,11,N,STAT,2024-02-12 17:11,2024-02-12 17:36,2024-02-12 18:04
LAB703277,ENC101406,PT12909,HGB,Hemoglobin,11.7,g/dL,12,17.5,L,STAT,2024-02-12 17:28,2024-02-12 17:52,2024-02-12 18:21
LAB703278,ENC101406,PT12909,TROP,"Troponin I, High Sensitivity",1046,ng/L,0,34,H,STAT,2024-02-12 18:14,2024-02-12 18:40,2024-02-12 19:37
LAB703279,ENC101411,PT12002,GLU,Glucose,143,mg/dL,70,99,H,STAT,2024-02-12 18:30,2024-02-12 18:40,2024-02-12 19:24
LAB703280,ENC101411,PT12002,CREAT,Creatinine,0.87,mg/dL,0.6,1.3,N,Routine,2024-02-12 18:39,2024-02-12 19:10,2024-02-12 21:06
LAB703281,ENC101411,PT12002,WBC,White Blood Cell Count,8,K/uL,4.5,11,N,STAT,2024-02-12 18:58,2024-02-12 19:25,2024-02-12 20:26
LAB703282,ENC101411,PT12002,HGB,Hemoglobin,12.6,g/dL,12,17.5,N,Routine,2024-02-12 18:29,2024-02-12 18:59,2024-02-12 21:17
LAB703283,ENC101411,PT12002,TROP,"Troponin I, High Sensitivity",8,ng/L,0,34,N,STAT,2024-02-12 18:14,2024-02-12 18:31,2024-02-12 19:00
LAB703284,ENC101418,PT13928,GLU,Glucose,93,mg/dL,70,99,N,STAT,2024-02-12 17:53,2024-02-12 18:06,2024-02-12 18:37
LAB703285,ENC101418,PT13928,CREAT,Creatinine,0.91,mg/dL,0.6,1.3,N,STAT,2024-02-12 17:53,2024-02-12 18:22,2024-02-12 20:06
LAB703286,ENC101418,PT13928,WBC,White Blood Cell Count,7.1,K/uL,4.5,11,N,STAT,2024-02-12 17:40,2024-02-12 18:08,2024-02-12 19:03
LAB703287,ENC101418,PT13928,HGB,Hemoglobin,15.5,g/dL,12,17.5,N,STAT,2024-02-12 17:08,2024-02-12 17:18,2024-02-12 17:54
LAB703288,ENC101420,PT10138,GLU,Glucose,95,mg/dL,70,99,N,STAT,2024-02-12 21:27,2024-02-12 21:37,2024-02-12 22:25
LAB703289,ENC101420,PT10138,CREAT,Creatinine,0.88,mg/dL,0.6,1.3,N,STAT,2024-02-12 21:26,2024-02-12 21:47,2024-02-12 22:10
LAB703290,ENC101420,PT10138,WBC,White Blood Cell Count,6.8,K/uL,4.5,11,N,STAT,2024-02-12 21:33,2024-02-12 21:52,2024-02-12 22:41
LAB703291,ENC101420,PT10138,HGB,Hemoglobin,11.7,g/dL,12,17.5,L,STAT,2024-02-12 21:30,2024-02-12 21:53,2024-02-12 22:26
LAB703292,ENC101420,PT10138,NA,Sodium,141,mmol/L,136,145,N,STAT,2024-02-12 21:14,2024-02-12 21:37,2024-02-12 22:23
LAB703293,ENC101420,PT10138,K,Potassium,3.7,mmol/L,3.5,5.1,N,STAT,2024-02-12 20:51,2024-02-12 21:15,2024-02-12 21:47
LAB703294,ENC101420,PT10138,BUN,Blood Urea Nitrogen,16,mg/dL,7,20,N,STAT,2024-02-12 21:41,2024-02-12 22:12,2024-02-12 22:37
LAB703295,ENC101420,PT10138,PLT,Platelet Count,195,K/uL,150,400,N,STAT,2024-02-12 21:14,2024-02-12 21:42,2024-02-12 22:14
LAB703296,ENC101420,PT10138,INR,Prothrombin Time INR,1.1,ratio,0.8,1.2,N,STAT,2024-02-12 21:08,2024-02-12 21:33,2024-02-12 22:23
LAB703297,ENC101421,PT10587,GLU,Glucose,68,mg/dL,70,99,L,STAT,2024-02-12 19:03,2024-02-12 19:32,2024-02-12 20:03
LAB703298,ENC101421,PT10587,CREAT,Creatinine,1.04,mg/dL,0.6,1.3,N,STAT,2024-02-12 18:47,2024-02-12 19:20,2024-02-12 19:50
LAB703299,ENC101421,PT10587,WBC,White Blood Cell Count,8.5,K/uL,4.5,11,N,Routine,2024-02-12 19:09,2024-02-12 19:14,2024-02-12 23:30
LAB703300,ENC101421,PT10587,HGB,Hemoglobin,15.4,g/dL,12,17.5,N,STAT,2024-02-12 18:31,2024-02-12 18:35,2024-02-12 19:27
LAB703301,ENC101423,PT11922,GLU,Glucose,116,mg/dL,70,99,H,STAT,2024-02-12 19:44,2024-02-12 19:56,2024-02-12 20:25
LAB703302,ENC101423,PT11922,CREAT,Creatinine,1.99,mg/dL,0.6,1.3,H,Routine,2024-02-12 20:00,2024-02-12 20:04,2024-02-12 22:41
LAB703303,ENC101423,PT11922,WBC,White Blood Cell Count,6.7,K/uL,4.5,11,N,Routine,2024-02-12 20:13,2024-02-12 20:29,2024-02-12 22:42
LAB703304,ENC101423,PT11922,HGB,Hemoglobin,10.5,g/dL,12,17.5,L,STAT,2024-02-12 19:42,2024-02-12 20:17,2024-02-12 21:09
LAB703305,ENC101423,PT11922,TROP,"Troponin I, High Sensitivity",4,ng/L,0,34,N,STAT,2024-02-12 19:30,2024-02-12 19:35,2024-02-12 20:29
LAB703306,ENC101425,PT11106,GLU,Glucose,101,mg/dL,70,99,H,Routine,2024-02-12 22:27,2024-02-12 22:50,2024-02-13 02:16
LAB703307,ENC101425,PT11106,CREAT,Creatinine,0.91,mg/dL,0.6,1.3,N,STAT,2024-02-12 22:50,2024-02-12 23:08,2024-02-12 23:38
LAB703308,ENC101425,PT11106,WBC,White Blood Cell Count,10.6,K/uL,4.5,11,N,STAT,2024-02-12 22:13,2024-02-12 22:31,2024-02-12 23:31
LAB703309,ENC101425,PT11106,HGB,Hemoglobin,13.8,g/dL,12,17.5,N,STAT,2024-02-12 22:20,2024-02-12 22:41,2024-02-12 23:22
LAB703310,ENC101425,PT11106,NA,Sodium,137,mmol/L,136,145,N,Routine,2024-02-12 22:58,2024-02-12 23:12,2024-02-13 03:39
LAB703311,ENC101425,PT11106,K,Potassium,4.7,mmol/L,3.5,5.1,N,STAT,2024-02-12 22:23,2024-02-12 22:45,2024-02-12 23:07
LAB703312,ENC101425,PT11106,INR,Prothrombin Time INR,1.1,ratio,0.8,1.2,N,Routine,2024-02-12 22:12,2024-02-12 22:39,2024-02-13 00:01
LAB703313,ENC101427,PT13495,GLU,Glucose,93,mg/dL,70,99,N,Routine,2024-02-12 23:07,2024-02-12 23:42,2024-02-13 05:05
LAB703314,ENC101427,PT13495,CREAT,Creatinine,0.92,mg/dL,0.6,1.3,N,Routine,2024-02-12 22:58,2024-02-12 23:13,2024-02-13 02:28
LAB703315,ENC101427,PT13495,WBC,White Blood Cell Count,14.2,K/uL,4.5,11,H,STAT,2024-02-12 22:55,2024-02-12 23:25,2024-02-13 00:26
LAB703316,ENC101427,PT13495,HGB,Hemoglobin,16.5,g/dL,12,17.5,N,STAT,2024-02-12 23:09,2024-02-12 23:21,2024-02-13 00:28
LAB703317,ENC101427,PT13495,BUN,Blood Urea Nitrogen,14,mg/dL,7,20,N,Routine,2024-02-12 23:04,2024-02-12 23:24,2024-02-13 00:04
LAB703318,ENC101427,PT13495,PLT,Platelet Count,243,K/uL,150,400,N,Routine,2024-02-12 22:51,2024-02-12 23:20,2024-02-13 02:30
LAB703319,ENC101429,PT13116,GLU,Glucose,107,mg/dL,70,99,H,Routine,2024-02-13 00:36,2024-02-13 00:53,2024-02-13 08:37
LAB703320,ENC101429,PT13116,CREAT,Creatinine,1.5,mg/dL,0.6,1.3,H,STAT,2024-02-13 01:26,2024-02-13 01:37,2024-02-13 03:01
LAB703321,ENC101429,PT13116,WBC,White Blood Cell Count,6.5,K/uL,4.5,11,N,STAT,2024-02-13 01:19,2024-02-13 01:44,2024-02-13 02:34
LAB703322,ENC101429,PT13116,HGB,Hemoglobin,10.3,g/dL,12,17.5,L,STAT,2024-02-13 01:29,2024-02-13 01:48,2024-02-13 02:17
LAB703323,ENC101430,PT11468,GLU,Glucose,120,mg/dL,70,99,H,Routine,2024-02-13 00:53,2024-02-13 01:16,2024-02-13 03:14
LAB703324,ENC101430,PT11468,CREAT,Creatinine,1.01,mg/dL,0.6,1.3,N,STAT,2024-02-13 00:59,2024-02-13 01:21,2024-02-13 01:39
LAB703325,ENC101430,PT11468,WBC,White Blood Cell Count,4,K/uL,4.5,11,L,Routine,2024-02-13 00:43,2024-02-13 01:10,2024-02-13 04:24
LAB703326,ENC101430,PT11468,HGB,Hemoglobin,8.5,g/dL,12,17.5,L,STAT,2024-02-13 00:50,2024-02-13 01:17,2024-02-13 02:14
LAB703327,ENC101430,PT11468,INR,Prothrombin Time INR,1.2,ratio,0.8,1.2,N,Routine,2024-02-13 01:00,2024-02-13 01:09,2024-02-13 05:08
LAB703328,ENC101431,PT12975,GLU,Glucose,115,mg/dL,70,99,H,STAT,2024-02-13 05:19,2024-02-13 05:49,2024-02-13 06:20
LAB703329,ENC101431,PT12975,CREAT,Creatinine,0.78,mg/dL,0.6,1.3,N,Routine,2024-02-13 05:10,2024-02-13 05:41,2024-02-13 07:50
LAB703330,ENC101431,PT12975,WBC,White Blood Cell Count,4.5,K/uL,4.5,11,N,STAT,2024-02-13 04:55,2024-02-13 05:19,2024-02-13 05:58
LAB703331,ENC101431,PT12975,HGB,Hemoglobin,14.6,g/dL,12,17.5,N,Routine,2024-02-13 04:59,2024-02-13 05:30,2024-02-13 10:30
LAB703332,ENC101431,PT12975,TROP,"Troponin I, High Sensitivity",7,ng/L,0,34,N,STAT,2024-02-13 04:31,2024-02-13 04:35,2024-02-13 06:02
LAB703333,ENC101432,PT10030,GLU,Glucose,114,mg/dL,70,99,H,STAT,2024-02-13 11:53,2024-02-13 12:15,2024-02-13 13:05
LAB703334,ENC101432,PT10030,CREAT,Creatinine,1.3,mg/dL,0.6,1.3,N,STAT,2024-02-13 11:39,2024-02-13 11:49,2024-02-13 12:38
LAB703335,ENC101432,PT10030,WBC,White Blood Cell Count,8.8,K/uL,4.5,11,N,Routine,2024-02-13 12:11,2024-02-13 12:20,2024-02-13 15:18
LAB703336,ENC101432,PT10030,HGB,Hemoglobin,11.1,g/dL,12,17.5,L,STAT,2024-02-13 11:24,2024-02-13 11:30,2024-02-13 12:32
LAB703337,ENC101432,PT10030,LACT,Lactate,1.6,mmol/L,0.5,2,N,STAT,2024-02-13 12:10,2024-02-13 12:37,2024-02-13 13:30
LAB703338,ENC101433,PT10948,GLU,Glucose,118,mg/dL,70,99,H,Routine,2024-02-13 11:46,2024-02-13 12:05,2024-02-13 14:37
LAB703339,ENC101433,PT10948,CREAT,Creatinine,0.51,mg/dL,0.6,1.3,L,STAT,2024-02-13 12:22,2024-02-13 12:40,2024-02-13 13:45
LAB703340,ENC101433,PT10948,WBC,White Blood Cell Count,9.5,K/uL,4.5,11,N,STAT,2024-02-13 12:03,2024-02-13 12:35,2024-02-13 14:07
LAB703341,ENC101433,PT10948,HGB,Hemoglobin,13,g/dL,12,17.5,N,STAT,2024-02-13 12:16,2024-02-13 12:24,2024-02-13 12:54
LAB703342,ENC101436,PT12781,WBC,White Blood Cell Count,7.5,K/uL,4.5,11,N,Routine,2024-02-13 08:59,2024-02-13 09:20,2024-02-13 12:09
LAB703343,ENC101436,PT12781,HGB,Hemoglobin,12.1,g/dL,12,17.5,N,Routine,2024-02-13 09:00,2024-02-13 09:10,2024-02-13 10:26
LAB703344,ENC101436,PT12781,PLT,Platelet Count,307,K/uL,150,400,N,Routine,2024-02-13 08:48,2024-02-13 09:21,2024-02-13 12:38
LAB703345,ENC101439,PT13413,WBC,White Blood Cell Count,9.6,K/uL,4.5,11,N,Routine,2024-02-13 10:01,2024-02-13 10:17,2024-02-13 13:24
LAB703346,ENC101439,PT13413,HGB,Hemoglobin,8.7,g/dL,12,17.5,L,Routine,2024-02-13 10:10,2024-02-13 10:30,2024-02-13 12:29
LAB703347,ENC101439,PT13413,PLT,Platelet Count,186,K/uL,150,400,N,Routine,2024-02-13 09:53,2024-02-13 09:57,2024-02-13 12:25
LAB703348,ENC101440,PT10781,GLU,Glucose,96,mg/dL,70,99,N,Routine,2024-02-13 10:31,2024-02-13 10:43,2024-02-13 13:50
LAB703349,ENC101440,PT10781,CREAT,Creatinine,1.18,mg/dL,0.6,1.3,N,STAT,2024-02-13 10:54,2024-02-13 11:16,2024-02-13 12:21
LAB703350,ENC101440,PT10781,WBC,White Blood Cell Count,16.6,K/uL,4.5,11,H,STAT,2024-02-13 11:17,2024-02-13 11:34,2024-02-13 12:16
LAB703351,ENC101440,PT10781,HGB,Hemoglobin,17.9,g/dL,12,17.5,H,STAT,2024-02-13 10:25,2024-02-13 10:29,2024-02-13 11:21
LAB703352,ENC101442,PT13336,LDL,LDL Cholesterol,165,mg/dL,0,99,H,Routine,2024-02-13 11:12,2024-02-13 11:44,2024-02-14 04:32
LAB703353,ENC101442,PT13336,TSH,Thyroid Stimulating Hormone,0.05,mIU/L,0.4,4,L,Routine,2024-02-13 11:12,2024-02-13 11:22,2024-02-14 09:09
LAB703354,ENC101443,PT13464,GLU,Glucose,92,mg/dL,70,99,N,Routine,2024-02-13 13:44,2024-02-13 14:17,2024-02-13 18:49
LAB703355,ENC101443,PT13464,CREAT,Creatinine,0.89,mg/dL,0.6,1.3,N,Routine,2024-02-13 14:28,2024-02-13 14:58,2024-02-13 17:24
LAB703356,ENC101443,PT13464,WBC,White Blood Cell Count,12,K/uL,4.5,11,H,STAT,2024-02-13 14:35,2024-02-13 15:06,2024-02-13 15:44
LAB703357,ENC101443,PT13464,HGB,Hemoglobin,12.8,g/dL,12,17.5,N,STAT,2024-02-13 13:47,2024-02-13 13:54,2024-02-13 14:31
LAB703358,ENC101443,PT13464,NA,Sodium,140,mmol/L,136,145,N,Routine,2024-02-13 14:07,2024-02-13 14:32,2024-02-13 16:20
LAB703359,ENC101443,PT13464,K,Potassium,3.7,mmol/L,3.5,5.1,N,STAT,2024-02-13 14:13,2024-02-13 14:22,2024-02-13 14:51
LAB703360,ENC101444,PT12588,GLU,Glucose,97,mg/dL,70,99,N,Routine,2024-02-13 11:19,2024-02-13 11:43,2024-02-13 14:27
LAB703361,ENC101444,PT12588,CREAT,Creatinine,0.82,mg/dL,0.6,1.3,N,STAT,2024-02-13 11:43,2024-02-13 12:17,2024-02-13 13:05
LAB703362,ENC101444,PT12588,WBC,White Blood Cell Count,15.9,K/uL,4.5,11,H,Routine,2024-02-13 11:30,2024-02-13 11:52,2024-02-13 13:04
LAB703363,ENC101444,PT12588,HGB,Hemoglobin,14.1,g/dL,12,17.5,N,Routine,2024-02-13 11:40,2024-02-13 12:11,2024-02-13 16:32
LAB703364,ENC101445,PT11197,LDL,LDL Cholesterol,180,mg/dL,0,99,H,Routine,2024-02-13 11:15,2024-02-13 11:44,2024-02-13 19:51
LAB703365,ENC101445,PT11197,TSH,Thyroid Stimulating Hormone,1.35,mIU/L,0.4,4,N,Routine,2024-02-13 11:12,2024-02-13 11:31,2024-02-14 04:55
LAB703366,ENC101448,PT10173,GLU,Glucose,195,mg/dL,70,99,H,Routine,2024-02-13 12:54,2024-02-13 13:28,2024-02-13 17:00
LAB703367,ENC101448,PT10173,CREAT,Creatinine,1.27,mg/dL,0.6,1.3,N,STAT,2024-02-13 12:53,2024-02-13 13:14,2024-02-13 14:03
LAB703368,ENC101454,PT13353,LDL,LDL Cholesterol,76,mg/dL,0,99,N,Routine,2024-02-13 13:30,2024-02-13 13:42,2024-02-14 00:01
LAB703369,ENC101455,PT10389,LDL,LDL Cholesterol,119,mg/dL,0,99,H,Routine,2024-02-13 13:48,2024-02-13 14:07,2024-02-14 02:44
LAB703370,ENC101458,PT11641,GLU,Glucose,122,mg/dL,70,99,H,Routine,2024-02-13 15:23,2024-02-13 15:45,2024-02-13 17:00
LAB703371,ENC101458,PT11641,CREAT,Creatinine,1.09,mg/dL,0.6,1.3,N,Routine,2024-02-13 15:22,2024-02-13 15:44,2024-02-14 02:25
LAB703372,ENC101458,PT11641,WBC,White Blood Cell Count,11.9,K/uL,4.5,11,H,STAT,2024-02-13 15:17,2024-02-13 15:47,2024-02-13 16:29
LAB703373,ENC101458,PT11641,HGB,Hemoglobin,13.6,g/dL,12,17.5,N,Routine,2024-02-13 15:11,2024-02-13 15:26,2024-02-13 18:55
LAB703374,ENC101459,PT12429,A1C,Hemoglobin A1c,9.2,%,4,5.6,H,Routine,2024-02-13 14:42,2024-02-13 15:07,2024-02-14 00:43
LAB703375,ENC101459,PT12429,GLU,Glucose,219,mg/dL,70,99,H,Routine,2024-02-13 14:45,2024-02-13 15:04,2024-02-13 17:35
LAB703376,ENC101459,PT12429,CREAT,Creatinine,1.13,mg/dL,0.6,1.3,N,Routine,2024-02-13 14:31,2024-02-13 14:44,2024-02-13 16:10
LAB703377,ENC101460,PT13196,GLU,Glucose,216,mg/dL,70,99,H,STAT,2024-02-13 15:24,2024-02-13 15:49,2024-02-13 16:10
LAB703378,ENC101460,PT13196,CREAT,Creatinine,0.92,mg/dL,0.6,1.3,N,STAT,2024-02-13 15:21,2024-02-13 15:43,2024-02-13 18:01
LAB703379,ENC101460,PT13196,WBC,White Blood Cell Count,7.2,K/uL,4.5,11,N,Routine,2024-02-13 15:40,2024-02-13 15:58,2024-02-13 17:37
LAB703380,ENC101460,PT13196,TROP,"Troponin I, High Sensitivity",12,ng/L,0,34,N,STAT,2024-02-13 16:06,2024-02-13 16:30,2024-02-13 17:26
LAB703381,ENC101461,PT13033,GLU,Glucose,95,mg/dL,70,99,N,STAT,2024-02-13 20:28,2024-02-13 21:01,2024-02-13 21:28
LAB703382,ENC101461,PT13033,CREAT,Creatinine,0.95,mg/dL,0.6,1.3,N,Routine,2024-02-13 19:59,2024-02-13 20:24,2024-02-14 00:49
LAB703383,ENC101461,PT13033,WBC,White Blood Cell Count,5.7,K/uL,4.5,11,N,Routine,2024-02-13 19:38,2024-02-13 20:00,2024-02-14 00:01
LAB703384,ENC101461,PT13033,HGB,Hemoglobin,14.5,g/dL,12,17.5,N,STAT,2024-02-13 20:23,2024-02-13 20:39,2024-02-13 21:46
LAB703385,ENC101462,PT12516,A1C,Hemoglobin A1c,10.4,%,4,5.6,H,STAT,2024-02-13 16:43,2024-02-13 17:15,2024-02-13 17:46
LAB703386,ENC101463,PT13492,GLU,Glucose,94,mg/dL,70,99,N,STAT,2024-02-13 23:52,2024-02-14 00:16,2024-02-14 01:05
LAB703387,ENC101463,PT13492,CREAT,Creatinine,1.1,mg/dL,0.6,1.3,N,STAT,2024-02-14 00:20,2024-02-14 00:34,2024-02-14 01:20
LAB703388,ENC101463,PT13492,WBC,White Blood Cell Count,8.8,K/uL,4.5,11,N,Routine,2024-02-13 23:35,2024-02-13 23:54,2024-02-14 05:22
LAB703389,ENC101463,PT13492,HGB,Hemoglobin,14.5,g/dL,12,17.5,N,Routine,2024-02-13 23:58,2024-02-14 00:02,2024-02-14 01:36
LAB703390,ENC101463,PT13492,TROP,"Troponin I, High Sensitivity",4,ng/L,0,34,N,STAT,2024-02-14 00:05,2024-02-14 00:37,2024-02-14 02:56
LAB703391,ENC101463,PT13492,BNP,B-Type Natriuretic Peptide,963,pg/mL,0,100,H,STAT,2024-02-13 23:49,2024-02-14 00:02,2024-02-14 00:42
LAB703392,ENC101464,PT12819,GLU,Glucose,113,mg/dL,70,99,H,Routine,2024-02-14 00:39,2024-02-14 00:44,2024-02-14 02:06
LAB703393,ENC101464,PT12819,CREAT,Creatinine,0.72,mg/dL,0.6,1.3,N,Routine,2024-02-13 23:58,2024-02-14 00:05,2024-02-14 04:01
LAB703394,ENC101464,PT12819,WBC,White Blood Cell Count,8,K/uL,4.5,11,N,Routine,2024-02-14 00:41,2024-02-14 00:57,2024-02-14 03:00
LAB703395,ENC101464,PT12819,HGB,Hemoglobin,16.7,g/dL,12,17.5,N,Routine,2024-02-14 00:46,2024-02-14 00:56,2024-02-14 04:09
LAB703396,ENC101465,PT12775,GLU,Glucose,190,mg/dL,70,99,H,Routine,2024-02-13 23:23,2024-02-13 23:31,2024-02-14 02:04
LAB703397,ENC101465,PT12775,CREAT,Creatinine,1.06,mg/dL,0.6,1.3,N,Routine,2024-02-14 00:28,2024-02-14 00:33,2024-02-14 04:06
LAB703398,ENC101465,PT12775,WBC,White Blood Cell Count,7.5,K/uL,4.5,11,N,STAT,2024-02-13 23:24,2024-02-13 23:50,2024-02-14 00:15
LAB703399,ENC101465,PT12775,HGB,Hemoglobin,15.5,g/dL,12,17.5,N,STAT,2024-02-14 00:29,2024-02-14 00:33,2024-02-14 01:09
LAB703400,ENC101465,PT12775,LACT,Lactate,2,mmol/L,0.5,2,N,STAT,2024-02-14 00:24,2024-02-14 00:41,2024-02-14 01:32
LAB703401,ENC101466,PT12978,GLU,Glucose,109,mg/dL,70,99,H,Routine,2024-02-13 21:25,2024-02-13 21:52,2024-02-13 23:21
LAB703402,ENC101466,PT12978,CREAT,Creatinine,0.74,mg/dL,0.6,1.3,N,STAT,2024-02-13 21:30,2024-02-13 21:55,2024-02-13 22:28
LAB703403,ENC101467,PT11242,GLU,Glucose,204,mg/dL,70,99,H,STAT,2024-02-14 02:42,2024-02-14 02:55,2024-02-14 03:46
LAB703404,ENC101467,PT11242,CREAT,Creatinine,1.04,mg/dL,0.6,1.3,N,STAT,2024-02-14 02:13,2024-02-14 02:29,2024-02-14 04:00
LAB703405,ENC101467,PT11242,WBC,White Blood Cell Count,10.6,K/uL,4.5,11,N,STAT,2024-02-14 02:15,2024-02-14 02:38,2024-02-14 03:19
LAB703406,ENC101467,PT11242,HGB,Hemoglobin,13.8,g/dL,12,17.5,N,STAT,2024-02-14 02:06,2024-02-14 02:39,2024-02-14 03:06
LAB703407,ENC101468,PT12424,GLU,Glucose,101,mg/dL,70,99,H,STAT,2024-02-14 01:09,2024-02-14 01:41,2024-02-14 02:27
LAB703408,ENC101468,PT12424,CREAT,Creatinine,0.6,mg/dL,0.6,1.3,N,STAT,2024-02-14 01:08,2024-02-14 01:14,2024-02-14 01:42
LAB703409,ENC101468,PT12424,WBC,White Blood Cell Count,8.7,K/uL,4.5,11,N,STAT,2024-02-14 00:42,2024-02-14 00:56,2024-02-14 02:06
LAB703410,ENC101468,PT12424,HGB,Hemoglobin,12,g/dL,12,17.5,N,Routine,2024-02-14 00:54,2024-02-14 01:23,2024-02-14 09:23
LAB703411,ENC101469,PT13354,GLU,Glucose,114,mg/dL,70,99,H,STAT,2024-02-14 02:09,2024-02-14 02:25,2024-02-14 02:56
LAB703412,ENC101469,PT13354,CREAT,Creatinine,0.79,mg/dL,0.6,1.3,N,Routine,2024-02-14 02:25,2024-02-14 02:59,2024-02-14 05:48
LAB703413,ENC101469,PT13354,WBC,White Blood Cell Count,6.9,K/uL,4.5,11,N,STAT,2024-02-14 02:18,2024-02-14 02:43,2024-02-14 03:29
LAB703414,ENC101469,PT13354,HGB,Hemoglobin,16.2,g/dL,12,17.5,N,Routine,2024-02-14 02:47,2024-02-14 02:54,2024-02-14 05:57
LAB703415,ENC101470,PT13262,GLU,Glucose,104,mg/dL,70,99,H,Routine,2024-02-14 03:29,2024-02-14 03:37,2024-02-14 05:15
LAB703416,ENC101470,PT13262,CREAT,Creatinine,3.84,mg/dL,0.6,1.3,H,STAT,2024-02-14 03:14,2024-02-14 03:36,2024-02-14 04:31
LAB703417,ENC101470,PT13262,WBC,White Blood Cell Count,7.7,K/uL,4.5,11,N,STAT,2024-02-14 03:14,2024-02-14 03:48,2024-02-14 04:36
LAB703418,ENC101470,PT13262,HGB,Hemoglobin,10.3,g/dL,12,17.5,L,STAT,2024-02-14 03:36,2024-02-14 03:53,2024-02-14 04:20
LAB703419,ENC101470,PT13262,NA,Sodium,142,mmol/L,136,145,N,STAT,2024-02-14 03:51,2024-02-14 03:57,2024-02-14 04:39
LAB703420,ENC101470,PT13262,K,Potassium,5.9,mmol/L,3.5,5.1,H,STAT,2024-02-14 03:26,2024-02-14 03:47,2024-02-14 04:49
LAB703421,ENC101471,PT12198,GLU,Glucose,198,mg/dL,70,99,H,STAT,2024-02-14 04:05,2024-02-14 04:16,2024-02-14 05:02
LAB703422,ENC101471,PT12198,CREAT,Creatinine,0.83,mg/dL,0.6,1.3,N,STAT,2024-02-14 04:03,2024-02-14 04:30,2024-02-14 05:29
LAB703423,ENC101471,PT12198,WBC,White Blood Cell Count,7.5,K/uL,4.5,11,N,Routine,2024-02-14 04:24,2024-02-14 04:38,2024-02-14 09:21
LAB703424,ENC101471,PT12198,HGB,Hemoglobin,13.4,g/dL,12,17.5,N,STAT,2024-02-14 04:32,2024-02-14 04:52,2024-02-14 05:42
LAB703425,ENC101473,PT13610,GLU,Glucose,141,mg/dL,70,99,H,Routine,2024-02-14 07:20,2024-02-14 07:41,2024-02-14 12:21
LAB703426,ENC101473,PT13610,CREAT,Creatinine,2.9,mg/dL,0.6,1.3,H,Routine,2024-02-14 06:56,2024-02-14 07:05,2024-02-14 13:16
LAB703427,ENC101473,PT13610,WBC,White Blood Cell Count,25.9,K/uL,4.5,11,H,STAT,2024-02-14 06:52,2024-02-14 06:56,2024-02-14 08:11
LAB703428,ENC101473,PT13610,HGB,Hemoglobin,13.6,g/dL,12,17.5,N,STAT,2024-02-14 07:38,2024-02-14 07:45,2024-02-14 08:28
LAB703429,ENC101473,PT13610,LACT,Lactate,3.6,mmol/L,0.5,2,H,STAT,2024-02-14 07:12,2024-02-14 07:33,2024-02-14 08:48
LAB703430,ENC101474,PT12243,GLU,Glucose,147,mg/dL,70,99,H,Routine,2024-02-14 05:00,2024-02-14 05:04,2024-02-14 08:45
LAB703431,ENC101474,PT12243,CREAT,Creatinine,1.36,mg/dL,0.6,1.3,H,STAT,2024-02-14 05:13,2024-02-14 05:20,2024-02-14 05:50
LAB703432,ENC101474,PT12243,WBC,White Blood Cell Count,24.6,K/uL,4.5,11,H,STAT,2024-02-14 05:10,2024-02-14 05:31,2024-02-14 06:12
LAB703433,ENC101474,PT12243,HGB,Hemoglobin,14.5,g/dL,12,17.5,N,Routine,2024-02-14 04:34,2024-02-14 04:58,2024-02-14 08:12
LAB703434,ENC101474,PT12243,LACT,Lactate,2,mmol/L,0.5,2,N,STAT,2024-02-14 04:45,2024-02-14 05:01,2024-02-14 05:52
LAB703435,ENC101477,PT12832,GLU,Glucose,85,mg/dL,70,99,N,STAT,2024-02-14 12:25,2024-02-14 12:49,2024-02-14 13:37
LAB703436,ENC101477,PT12832,CREAT,Creatinine,2.23,mg/dL,0.6,1.3,H,STAT,2024-02-14 12:02,2024-02-14 12:27,2024-02-14 13:10
LAB703437,ENC101477,PT12832,WBC,White Blood Cell Count,8.2,K/uL,4.5,11,N,STAT,2024-02-14 12:05,2024-02-14 12:29,2024-02-14 13:44
LAB703438,ENC101477,PT12832,HGB,Hemoglobin,9.8,g/dL,12,17.5,L,STAT,2024-02-14 11:42,2024-02-14 12:17,2024-02-14 12:41
LAB703439,ENC101478,PT12548,WBC,White Blood Cell Count,5.7,K/uL,4.5,11,N,Routine,2024-02-14 09:29,2024-02-14 09:41,2024-02-14 19:07
LAB703440,ENC101478,PT12548,HGB,Hemoglobin,15.7,g/dL,12,17.5,N,Routine,2024-02-14 09:25,2024-02-14 09:32,2024-02-14 17:01
LAB703441,ENC101478,PT12548,PLT,Platelet Count,334,K/uL,150,400,N,Routine,2024-02-14 09:18,2024-02-14 09:28,2024-02-14 10:53
LAB703442,ENC101483,PT11340,A1C,Hemoglobin A1c,5.3,%,4,5.6,N,Routine,2024-02-14 10:06,2024-02-14 10:19,2024-02-15 10:37
LAB703443,ENC101483,PT11340,GLU,Glucose,88,mg/dL,70,99,N,Routine,2024-02-14 10:13,2024-02-14 10:30,2024-02-14 11:45
LAB703444,ENC101483,PT11340,CREAT,Creatinine,0.99,mg/dL,0.6,1.3,N,Routine,2024-02-14 10:15,2024-02-14 10:38,2024-02-14 13:26
LAB703445,ENC101484,PT13097,GLU,Glucose,90,mg/dL,70,99,N,Routine,2024-02-14 10:16,2024-02-14 10:41,2024-02-14 14:00
LAB703446,ENC101484,PT13097,CREAT,Creatinine,0.84,mg/dL,0.6,1.3,N,STAT,2024-02-14 11:09,2024-02-14 11:23,2024-02-14 12:24
LAB703447,ENC101484,PT13097,WBC,White Blood Cell Count,7.1,K/uL,4.5,11,N,STAT,2024-02-14 10:46,2024-02-14 10:53,2024-02-14 11:29
LAB703448,ENC101484,PT13097,HGB,Hemoglobin,9.5,g/dL,12,17.5,L,STAT,2024-02-14 10:34,2024-02-14 10:52,2024-02-14 12:01
LAB703449,ENC101484,PT13097,NA,Sodium,139,mmol/L,136,145,N,STAT,2024-02-14 10:18,2024-02-14 10:27,2024-02-14 10:45
LAB703450,ENC101484,PT13097,K,Potassium,4.1,mmol/L,3.5,5.1,N,STAT,2024-02-14 10:29,2024-02-14 10:35,2024-02-14 11:07
LAB703451,ENC101484,PT13097,BUN,Blood Urea Nitrogen,10,mg/dL,7,20,N,Routine,2024-02-14 11:16,2024-02-14 11:33,2024-02-14 16:16
LAB703452,ENC101484,PT13097,PLT,Platelet Count,233,K/uL,150,400,N,Routine,2024-02-14 10:27,2024-02-14 10:37,2024-02-14 14:02
LAB703453,ENC101485,PT11923,GLU,Glucose,121,mg/dL,70,99,H,Routine,2024-02-14 14:52,2024-02-14 14:56,2024-02-14 18:28
LAB703454,ENC101485,PT11923,CREAT,Creatinine,0.72,mg/dL,0.6,1.3,N,Routine,2024-02-14 14:26,2024-02-14 14:32,2024-02-14 18:58
LAB703455,ENC101485,PT11923,WBC,White Blood Cell Count,9.1,K/uL,4.5,11,N,STAT,2024-02-14 14:19,2024-02-14 14:34,2024-02-14 15:24
LAB703456,ENC101485,PT11923,HGB,Hemoglobin,15.7,g/dL,12,17.5,N,STAT,2024-02-14 14:39,2024-02-14 14:57,2024-02-14 15:32
LAB703457,ENC101485,PT11923,NA,Sodium,136,mmol/L,136,145,N,STAT,2024-02-14 14:58,2024-02-14 15:33,2024-02-14 17:40
LAB703458,ENC101485,PT11923,K,Potassium,4.2,mmol/L,3.5,5.1,N,STAT,2024-02-14 14:22,2024-02-14 14:55,2024-02-14 15:52
LAB703459,ENC101485,PT11923,TROP,"Troponin I, High Sensitivity",9,ng/L,0,34,N,STAT,2024-02-14 14:13,2024-02-14 14:36,2024-02-14 15:07
LAB703460,ENC101485,PT11923,BNP,B-Type Natriuretic Peptide,522,pg/mL,0,100,H,Routine,2024-02-14 14:46,2024-02-14 14:59,2024-02-14 16:06
LAB703461,ENC101496,PT11346,GLU,Glucose,120,mg/dL,70,99,H,STAT,2024-02-14 18:11,2024-02-14 18:18,2024-02-14 19:09
LAB703462,ENC101496,PT11346,CREAT,Creatinine,0.34,mg/dL,0.6,1.3,L,STAT,2024-02-14 17:52,2024-02-14 18:21,2024-02-14 18:53
LAB703463,ENC101496,PT11346,WBC,White Blood Cell Count,6.1,K/uL,4.5,11,N,STAT,2024-02-14 18:30,2024-02-14 18:59,2024-02-14 19:15
LAB703464,ENC101496,PT11346,HGB,Hemoglobin,11.5,g/dL,12,17.5,L,Routine,2024-02-14 18:05,2024-02-14 18:21,2024-02-14 21:57
LAB703465,ENC101496,PT11346,TROP,"Troponin I, High Sensitivity",7,ng/L,0,34,N,STAT,2024-02-14 17:39,2024-02-14 17:49,2024-02-14 18:50
LAB703466,ENC101497,PT13959,GLU,Glucose,91,mg/dL,70,99,N,Routine,2024-02-14 14:15,2024-02-14 14:50,2024-02-14 17:19
LAB703467,ENC101497,PT13959,CREAT,Creatinine,0.71,mg/dL,0.6,1.3,N,STAT,2024-02-14 13:57,2024-02-14 14:09,2024-02-14 14:49
LAB703468,ENC101497,PT13959,WBC,White Blood Cell Count,8.4,K/uL,4.5,11,N,STAT,2024-02-14 14:39,2024-02-14 14:53,2024-02-14 15:30
LAB703469,ENC101497,PT13959,HGB,Hemoglobin,13.7,g/dL,12,17.5,N,STAT,2024-02-14 14:25,2024-02-14 14:57,2024-02-14 15:41
LAB703470,ENC101497,PT13959,TROP,"Troponin I, High Sensitivity",8,ng/L,0,34,N,STAT,2024-02-14 14:30,2024-02-14 14:57,2024-02-14 15:56
LAB703471,ENC101500,PT11149,LDL,LDL Cholesterol,188,mg/dL,0,99,H,Routine,2024-02-14 16:06,2024-02-14 16:35,2024-02-15 08:31
LAB703472,ENC101502,PT10291,TROP,"Troponin I, High Sensitivity",6,ng/L,0,34,N,STAT,2024-02-14 17:00,2024-02-14 17:10,2024-02-14 18:23
LAB703473,ENC101503,PT11322,LDL,LDL Cholesterol,100,mg/dL,0,99,H,Routine,2024-02-14 16:53,2024-02-14 17:19,2024-02-15 07:33
LAB703474,ENC101505,PT10798,GLU,Glucose,105,mg/dL,70,99,H,STAT,2024-02-14 18:25,2024-02-14 18:36,2024-02-14 19:44
LAB703475,ENC101505,PT10798,CREAT,Creatinine,0.93,mg/dL,0.6,1.3,N,STAT,2024-02-14 18:48,2024-02-14 19:18,2024-02-14 19:43
LAB703476,ENC101505,PT10798,WBC,White Blood Cell Count,12.6,K/uL,4.5,11,H,STAT,2024-02-14 18:48,2024-02-14 19:02,2024-02-14 19:48
LAB703477,ENC101505,PT10798,HGB,Hemoglobin,12.9,g/dL,12,17.5,N,STAT,2024-02-14 18:50,2024-02-14 19:03,2024-02-14 19:42
LAB703478,ENC101506,PT11321,GLU,Glucose,100,mg/dL,70,99,H,STAT,2024-02-14 19:40,2024-02-14 20:04,2024-02-14 20:43
LAB703479,ENC101506,PT11321,CREAT,Creatinine,1.05,mg/dL,0.6,1.3,N,Routine,2024-02-14 19:35,2024-02-14 19:47,2024-02-14 22:27
LAB703480,ENC101506,PT11321,WBC,White Blood Cell Count,8.3,K/uL,4.5,11,N,Routine,2024-02-14 18:50,2024-02-14 18:57,2024-02-14 23:57
LAB703481,ENC101506,PT11321,HGB,Hemoglobin,13.7,g/dL,12,17.5,N,STAT,2024-02-14 19:18,2024-02-14 19:24,2024-02-14 19:50
LAB703482,ENC101507,PT13306,GLU,Glucose,93,mg/dL,70,99,N,STAT,2024-02-14 19:48,2024-02-14 19:52,2024-02-14 20:37
LAB703483,ENC101507,PT13306,CREAT,Creatinine,1,mg/dL,0.6,1.3,N,STAT,2024-02-14 19:52,2024-02-14 20:13,2024-02-14 21:15
LAB703484,ENC101507,PT13306,WBC,White Blood Cell Count,6.1,K/uL,4.5,11,N,Routine,2024-02-14 19:08,2024-02-14 19:13,2024-02-14 21:40
LAB703485,ENC101507,PT13306,HGB,Hemoglobin,15.4,g/dL,12,17.5,N,Routine,2024-02-14 19:23,2024-02-14 19:52,2024-02-14 23:41
LAB703486,ENC101507,PT13306,NA,Sodium,120,mmol/L,136,145,L,STAT,2024-02-14 19:10,2024-02-14 19:36,2024-02-14 20:09
LAB703487,ENC101507,PT13306,K,Potassium,3.8,mmol/L,3.5,5.1,N,STAT,2024-02-14 19:51,2024-02-14 20:04,2024-02-14 21:44
LAB703488,ENC101508,PT12215,GLU,Glucose,113,mg/dL,70,99,H,STAT,2024-02-14 22:26,2024-02-14 22:31,2024-02-14 23:06
LAB703489,ENC101508,PT12215,CREAT,Creatinine,0.74,mg/dL,0.6,1.3,N,STAT,2024-02-14 22:11,2024-02-14 22:17,2024-02-14 23:05
LAB703490,ENC101508,PT12215,WBC,White Blood Cell Count,12.4,K/uL,4.5,11,H,Routine,2024-02-14 22:57,2024-02-14 23:06,2024-02-15 00:58
LAB703491,ENC101508,PT12215,HGB,Hemoglobin,14.1,g/dL,12,17.5,N,STAT,2024-02-14 23:03,2024-02-14 23:07,2024-02-14 23:41
LAB703492,ENC101509,PT10211,GLU,Glucose,85,mg/dL,70,99,N,Routine,2024-02-14 22:27,2024-02-14 22:54,2024-02-15 01:12
LAB703493,ENC101509,PT10211,CREAT,Creatinine,0.88,mg/dL,0.6,1.3,N,STAT,2024-02-14 21:54,2024-02-14 22:02,2024-02-14 22:41
LAB703494,ENC101509,PT10211,WBC,White Blood Cell Count,9.9,K/uL,4.5,11,N,Routine,2024-02-14 22:26,2024-02-14 22:38,2024-02-15 01:34
LAB703495,ENC101509,PT10211,HGB,Hemoglobin,12.8,g/dL,12,17.5,N,STAT,2024-02-14 22:37,2024-02-14 23:05,2024-02-14 23:31
LAB703496,ENC101509,PT10211,NA,Sodium,137,mmol/L,136,145,N,Routine,2024-02-14 22:33,2024-02-14 23:06,2024-02-15 04:40
LAB703497,ENC101509,PT10211,K,Potassium,4.2,mmol/L,3.5,5.1,N,STAT,2024-02-14 22:13,2024-02-14 22:43,2024-02-14 23:20
LAB703498,ENC101510,PT10405,GLU,Glucose,104,mg/dL,70,99,H,Routine,2024-02-14 23:15,2024-02-14 23:31,2024-02-15 01:38
LAB703499,ENC101510,PT10405,CREAT,Creatinine,1.76,mg/dL,0.6,1.3,H,STAT,2024-02-14 23:24,2024-02-14 23:36,2024-02-15 00:18
LAB703500,ENC101510,PT10405,WBC,White Blood Cell Count,14.3,K/uL,4.5,11,H,STAT,2024-02-14 23:41,2024-02-15 00:06,2024-02-15 01:41
LAB703501,ENC101510,PT10405,HGB,Hemoglobin,9.2,g/dL,12,17.5,L,STAT,2024-02-14 23:28,2024-02-14 23:51,2024-02-15 00:22
LAB703502,ENC101510,PT10405,NA,Sodium,137,mmol/L,136,145,N,Routine,2024-02-14 23:47,2024-02-15 00:22,2024-02-15 04:35
LAB703503,ENC101510,PT10405,K,Potassium,4.5,mmol/L,3.5,5.1,N,STAT,2024-02-14 23:48,2024-02-15 00:03,2024-02-15 00:35
LAB703504,ENC101511,PT13672,GLU,Glucose,69,mg/dL,70,99,L,STAT,2024-02-15 01:32,2024-02-15 01:51,2024-02-15 03:12
LAB703505,ENC101511,PT13672,CREAT,Creatinine,0.8,mg/dL,0.6,1.3,N,Routine,2024-02-15 01:56,2024-02-15 02:30,2024-02-15 07:15
LAB703506,ENC101511,PT13672,WBC,White Blood Cell Count,11.7,K/uL,4.5,11,H,Routine,2024-02-15 01:46,2024-02-15 01:53,2024-02-15 09:49
LAB703507,ENC101511,PT13672,HGB,Hemoglobin,13.5,g/dL,12,17.5,N,STAT,2024-02-15 02:15,2024-02-15 02:37,2024-02-15 03:35
LAB703508,ENC101511,PT13672,NA,Sodium,120,mmol/L,136,145,L,STAT,2024-02-15 02:29,2024-02-15 02:54,2024-02-15 03:49
LAB703509,ENC101511,PT13672,K,Potassium,4.1,mmol/L,3.5,5.1,N,STAT,2024-02-15 02:36,2024-02-15 02:51,2024-02-15 03:17
LAB703510,ENC101512,PT12898,GLU,Glucose,109,mg/dL,70,99,H,Routine,2024-02-15 01:56,2024-02-15 02:20,2024-02-15 07:22
LAB703511,ENC101512,PT12898,CREAT,Creatinine,1.43,mg/dL,0.6,1.3,H,STAT,2024-02-15 01:31,2024-02-15 02:04,2024-02-15 02:38
LAB703512,ENC101512,PT12898,WBC,White Blood Cell Count,15.4,K/uL,4.5,11,H,Routine,2024-02-15 02:10,2024-02-15 02:22,2024-02-15 04:46
LAB703513,ENC101512,PT12898,HGB,Hemoglobin,12.9,g/dL,12,17.5,N,STAT,2024-02-15 02:09,2024-02-15 02:40,2024-02-15 03:18
LAB703514,ENC101513,PT10238,GLU,Glucose,110,mg/dL,70,99,H,STAT,2024-02-14 23:45,2024-02-15 00:04,2024-02-15 00:50
LAB703515,ENC101513,PT10238,CREAT,Creatinine,1.14,mg/dL,0.6,1.3,N,Routine,2024-02-15 00:13,2024-02-15 00:19,2024-02-15 03:57
LAB703516,ENC101513,PT10238,WBC,White Blood Cell Count,7.7,K/uL,4.5,11,N,STAT,2024-02-14 23:25,2024-02-14 23:47,2024-02-15 00:33
LAB703517,ENC101515,PT10517,GLU,Glucose,157,mg/dL,70,99,H,STAT,2024-02-15 00:22,2024-02-15 00:32,2024-02-15 01:21
LAB703518,ENC101515,PT10517,CREAT,Creatinine,1.11,mg/dL,0.6,1.3,N,Routine,2024-02-14 23:48,2024-02-15 00:18,2024-02-15 02:19
LAB703519,ENC101515,PT10517,WBC,White Blood Cell Count,4.9,K/uL,4.5,11,N,STAT,2024-02-15 00:07,2024-02-15 00:20,2024-02-15 01:02
LAB703520,ENC101515,PT10517,HGB,Hemoglobin,15.3,g/dL,12,17.5,N,Routine,2024-02-15 00:56,2024-02-15 01:01,2024-02-15 02:29
LAB703521,ENC101517,PT12342,GLU,Glucose,98,mg/dL,70,99,N,STAT,2024-02-15 07:30,2024-02-15 07:59,2024-02-15 08:35
LAB703522,ENC101517,PT12342,CREAT,Creatinine,0.75,mg/dL,0.6,1.3,N,STAT,2024-02-15 07:11,2024-02-15 07:16,2024-02-15 07:56
LAB703523,ENC101517,PT12342,WBC,White Blood Cell Count,9.6,K/uL,4.5,11,N,STAT,2024-02-15 07:45,2024-02-15 08:15,2024-02-15 08:47
LAB703524,ENC101517,PT12342,HGB,Hemoglobin,13.8,g/dL,12,17.5,N,Routine,2024-02-15 07:14,2024-02-15 07:41,2024-02-15 11:36
LAB703525,ENC101517,PT12342,NA,Sodium,140,mmol/L,136,145,N,Routine,2024-02-15 07:02,2024-02-15 07:21,2024-02-15 09:14
LAB703526,ENC101517,PT12342,K,Potassium,4,mmol/L,3.5,5.1,N,STAT,2024-02-15 07:41,2024-02-15 08:09,2024-02-15 09:04
LAB703527,ENC101518,PT12648,A1C,Hemoglobin A1c,7.9,%,4,5.6,H,Routine,2024-02-15 09:02,2024-02-15 09:08,2024-02-16 12:56
LAB703528,ENC101519,PT12693,GLU,Glucose,111,mg/dL,70,99,H,Routine,2024-02-15 13:10,2024-02-15 13:44,2024-02-15 19:51
LAB703529,ENC101519,PT12693,CREAT,Creatinine,1.06,mg/dL,0.6,1.3,N,STAT,2024-02-15 13:01,2024-02-15 13:15,2024-02-15 13:48
LAB703530,ENC101519,PT12693,WBC,White Blood Cell Count,16.9,K/uL,4.5,11,H,STAT,2024-02-15 12:35,2024-02-15 12:51,2024-02-15 14:25
LAB703531,ENC101519,PT12693,HGB,Hemoglobin,15.8,g/dL,12,17.5,N,STAT,2024-02-15 12:56,2024-02-15 13:19,2024-02-15 14:30
LAB703532,ENC101524,PT13087,A1C,Hemoglobin A1c,8.7,%,4,5.6,H,Routine,2024-02-15 11:07,2024-02-15 11:28,2024-02-15 21:25
LAB703533,ENC101526,PT12821,GLU,Glucose,105,mg/dL,70,99,H,Routine,2024-02-15 11:10,2024-02-15 11:35,2024-02-15 18:37
LAB703534,ENC101526,PT12821,CREAT,Creatinine,0.94,mg/dL,0.6,1.3,N,Routine,2024-02-15 12:02,2024-02-15 12:18,2024-02-15 14:38
LAB703535,ENC101526,PT12821,WBC,White Blood Cell Count,4.2,K/uL,4.5,11,L,STAT,2024-02-15 11:44,2024-02-15 12:17,2024-02-15 12:53
LAB703536,ENC101526,PT12821,HGB,Hemoglobin,13.2,g/dL,12,17.5,N,Routine,2024-02-15 12:03,2024-02-15 12:38,2024-02-15 15:08
LAB703537,ENC101526,PT12821,TROP,"Troponin I, High Sensitivity",13,ng/L,0,34,N,STAT,2024-02-15 11:17,2024-02-15 11:28,2024-02-15 12:40
LAB703538,ENC101527,PT12126,GLU,Glucose,86,mg/dL,70,99,N,Routine,2024-02-15 11:30,2024-02-15 11:47,2024-02-15 15:58
LAB703539,ENC101527,PT12126,CREAT,Creatinine,0.96,mg/dL,0.6,1.3,N,STAT,2024-02-15 12:16,2024-02-15 12:39,2024-02-15 13:28
LAB703540,ENC101527,PT12126,WBC,White Blood Cell Count,6.1,K/uL,4.5,11,N,Routine,2024-02-15 11:35,2024-02-15 11:53,2024-02-15 14:50
LAB703541,ENC101527,PT12126,HGB,Hemoglobin,13.1,g/dL,12,17.5,N,Routine,2024-02-15 12:01,2024-02-15 12:21,2024-02-15 15:05
LAB703542,ENC101530,PT11152,GLU,Glucose,104,mg/dL,70,99,H,STAT,2024-02-15 13:01,2024-02-15 13:15,2024-02-15 14:21
LAB703543,ENC101530,PT11152,CREAT,Creatinine,1.19,mg/dL,0.6,1.3,N,STAT,2024-02-15 12:42,2024-02-15 13:07,2024-02-15 14:15
LAB703544,ENC101530,PT11152,WBC,White Blood Cell Count,5.8,K/uL,4.5,11,N,Routine,2024-02-15 12:43,2024-02-15 12:53,2024-02-15 14:13
LAB703545,ENC101530,PT11152,HGB,Hemoglobin,14.1,g/dL,12,17.5,N,Routine,2024-02-15 12:17,2024-02-15 12:24,2024-02-15 14:29
LAB703546,ENC101532,PT11998,GLU,Glucose,136,mg/dL,70,99,H,Routine,2024-02-15 12:24,2024-02-15 12:38,2024-02-15 15:33
LAB703547,ENC101532,PT11998,CREAT,Creatinine,2.57,mg/dL,0.6,1.3,H,STAT,2024-02-15 13:12,2024-02-15 13:18,2024-02-15 13:45
LAB703548,ENC101532,PT11998,WBC,White Blood Cell Count,6.9,K/uL,4.5,11,N,STAT,2024-02-15 12:28,2024-02-15 12:53,2024-02-15 13:20
LAB703549,ENC101536,PT12681,LDL,LDL Cholesterol,137,mg/dL,0,99,H,Routine,2024-02-15 14:39,2024-02-15 15:05,2024-02-16 07:36
LAB703550,ENC101538,PT13733,GLU,Glucose,78,mg/dL,70,99,N,STAT,2024-02-15 16:42,2024-02-15 16:53,2024-02-15 17:38
LAB703551,ENC101538,PT13733,CREAT,Creatinine,0.45,mg/dL,0.6,1.3,L,Routine,2024-02-15 17:08,2024-02-15 17:30,2024-02-15 19:47
LAB703552,ENC101539,PT11335,GLU,Glucose,85,mg/dL,70,99,N,Routine,2024-02-15 17:46,2024-02-15 18:06,2024-02-15 20:37
LAB703553,ENC101539,PT11335,CREAT,Creatinine,0.95,mg/dL,0.6,1.3,N,STAT,2024-02-15 18:02,2024-02-15 18:32,2024-02-15 19:34
LAB703554,ENC101541,PT12644,GLU,Glucose,92,mg/dL,70,99,N,Routine,2024-02-15 23:04,2024-02-15 23:08,2024-02-16 02:56
LAB703555,ENC101541,PT12644,CREAT,Creatinine,0.94,mg/dL,0.6,1.3,N,STAT,2024-02-15 22:39,2024-02-15 23:14,2024-02-15 23:59
LAB703556,ENC101541,PT12644,WBC,White Blood Cell Count,15.8,K/uL,4.5,11,H,STAT,2024-02-15 22:42,2024-02-15 22:54,2024-02-15 23:51
LAB703557,ENC101541,PT12644,HGB,Hemoglobin,12.9,g/dL,12,17.5,N,Routine,2024-02-15 22:27,2024-02-15 22:43,2024-02-16 00:42
LAB703558,ENC101541,PT12644,NA,Sodium,141,mmol/L,136,145,N,Routine,2024-02-15 22:50,2024-02-15 23:11,2024-02-16 04:35
LAB703559,ENC101541,PT12644,K,Potassium,3.7,mmol/L,3.5,5.1,N,STAT,2024-02-15 23:24,2024-02-15 23:51,2024-02-16 00:32
LAB703560,ENC101541,PT12644,BUN,Blood Urea Nitrogen,20,mg/dL,7,20,N,STAT,2024-02-15 22:25,2024-02-15 22:36,2024-02-15 23:33
LAB703561,ENC101541,PT12644,PLT,Platelet Count,212,K/uL,150,400,N,STAT,2024-02-15 23:24,2024-02-15 23:40,2024-02-16 00:30
LAB703562,ENC101542,PT13816,GLU,Glucose,96,mg/dL,70,99,N,STAT,2024-02-15 20:50,2024-02-15 21:20,2024-02-15 21:55
LAB703563,ENC101542,PT13816,CREAT,Creatinine,1.02,mg/dL,0.6,1.3,N,STAT,2024-02-15 20:27,2024-02-15 20:59,2024-02-15 22:18
LAB703564,ENC101542,PT13816,WBC,White Blood Cell Count,9.3,K/uL,4.5,11,N,Routine,2024-02-15 20:06,2024-02-15 20:36,2024-02-15 22:51
LAB703565,ENC101542,PT13816,TROP,"Troponin I, High Sensitivity",13,ng/L,0,34,N,STAT,2024-02-15 20:12,2024-02-15 20:28,2024-02-15 20:55
LAB703566,ENC101543,PT13735,GLU,Glucose,146,mg/dL,70,99,H,STAT,2024-02-16 00:53,2024-02-16 01:08,2024-02-16 01:51
LAB703567,ENC101543,PT13735,CREAT,Creatinine,1.91,mg/dL,0.6,1.3,H,STAT,2024-02-16 01:34,2024-02-16 02:09,2024-02-16 03:06
LAB703568,ENC101543,PT13735,WBC,White Blood Cell Count,24.4,K/uL,4.5,11,H,Routine,2024-02-16 01:40,2024-02-16 01:51,2024-02-16 05:07
LAB703569,ENC101543,PT13735,HGB,Hemoglobin,14.8,g/dL,12,17.5,N,Routine,2024-02-16 01:48,2024-02-16 01:55,2024-02-16 04:47
LAB703570,ENC101543,PT13735,LACT,Lactate,3.8,mmol/L,0.5,2,H,STAT,2024-02-16 01:28,2024-02-16 01:54,2024-02-16 02:39
LAB703571,ENC101544,PT13090,GLU,Glucose,150,mg/dL,70,99,H,STAT,2024-02-16 04:29,2024-02-16 04:40,2024-02-16 05:23
LAB703572,ENC101544,PT13090,CREAT,Creatinine,0.64,mg/dL,0.6,1.3,N,STAT,2024-02-16 05:00,2024-02-16 05:35,2024-02-16 06:46
LAB703573,ENC101544,PT13090,WBC,White Blood Cell Count,8.4,K/uL,4.5,11,N,STAT,2024-02-16 05:05,2024-02-16 05:20,2024-02-16 06:08
LAB703574,ENC101544,PT13090,HGB,Hemoglobin,13.8,g/dL,12,17.5,N,Routine,2024-02-16 05:11,2024-02-16 05:39,2024-02-16 08:49
LAB703575,ENC101544,PT13090,TROP,"Troponin I, High Sensitivity",39,ng/L,0,34,H,STAT,2024-02-16 05:23,2024-02-16 05:31,2024-02-16 06:35
LAB703576,ENC101544,PT13090,BNP,B-Type Natriuretic Peptide,886,pg/mL,0,100,H,STAT,2024-02-16 04:55,2024-02-16 05:08,2024-02-16 05:46
LAB703577,ENC101545,PT12662,GLU,Glucose,87,mg/dL,70,99,N,STAT,2024-02-16 02:51,2024-02-16 03:14,2024-02-16 04:54
LAB703578,ENC101545,PT12662,CREAT,Creatinine,3.22,mg/dL,0.6,1.3,H,STAT,2024-02-16 02:54,2024-02-16 03:22,2024-02-16 03:57
LAB703579,ENC101545,PT12662,WBC,White Blood Cell Count,5.5,K/uL,4.5,11,N,STAT,2024-02-16 03:39,2024-02-16 04:06,2024-02-16 04:41
LAB703580,ENC101545,PT12662,HGB,Hemoglobin,10.2,g/dL,12,17.5,L,STAT,2024-02-16 03:54,2024-02-16 03:58,2024-02-16 04:47
LAB703581,ENC101545,PT12662,NA,Sodium,136,mmol/L,136,145,N,Routine,2024-02-16 03:56,2024-02-16 04:19,2024-02-16 06:36
LAB703582,ENC101545,PT12662,K,Potassium,4.4,mmol/L,3.5,5.1,N,STAT,2024-02-16 03:37,2024-02-16 03:44,2024-02-16 04:51
LAB703583,ENC101545,PT12662,INR,Prothrombin Time INR,2.7,ratio,0.8,1.2,H,Routine,2024-02-16 03:06,2024-02-16 03:32,2024-02-16 06:57
LAB703584,ENC101546,PT13794,GLU,Glucose,115,mg/dL,70,99,H,Routine,2024-02-16 06:58,2024-02-16 07:28,2024-02-16 10:05
LAB703585,ENC101546,PT13794,CREAT,Creatinine,0.95,mg/dL,0.6,1.3,N,STAT,2024-02-16 06:24,2024-02-16 06:46,2024-02-16 07:45
LAB703586,ENC101546,PT13794,WBC,White Blood Cell Count,6.9,K/uL,4.5,11,N,STAT,2024-02-16 07:16,2024-02-16 07:43,2024-02-16 09:04
LAB703587,ENC101546,PT13794,HGB,Hemoglobin,12.8,g/dL,12,17.5,N,Routine,2024-02-16 07:04,2024-02-16 07:21,2024-02-16 09:32
LAB703588,ENC101547,PT13043,GLU,Glucose,143,mg/dL,70,99,H,STAT,2024-02-16 07:22,2024-02-16 07:47,2024-02-16 08:26
LAB703589,ENC101547,PT13043,CREAT,Creatinine,1.12,mg/dL,0.6,1.3,N,STAT,2024-02-16 06:38,2024-02-16 06:58,2024-02-16 08:00
LAB703590,ENC101547,PT13043,WBC,White Blood Cell Count,6.2,K/uL,4.5,11,N,Routine,2024-02-16 07:26,2024-02-16 07:49,2024-02-16 08:53
LAB703591,ENC101547,PT13043,HGB,Hemoglobin,9.8,g/dL,12,17.5,L,STAT,2024-02-16 07:08,2024-02-16 07:21,2024-02-16 07:46
LAB703592,ENC101547,PT13043,NA,Sodium,140,mmol/L,136,145,N,STAT,2024-02-16 07:23,2024-02-16 07:47,2024-02-16 08:40
LAB703593,ENC101547,PT13043,K,Potassium,3.5,mmol/L,3.5,5.1,N,STAT,2024-02-16 07:03,2024-02-16 07:30,2024-02-16 07:59
LAB703594,ENC101549,PT11722,WBC,White Blood Cell Count,7.6,K/uL,4.5,11,N,Routine,2024-02-16 08:45,2024-02-16 08:53,2024-02-16 10:20
LAB703595,ENC101549,PT11722,HGB,Hemoglobin,13.2,g/dL,12,17.5,N,Routine,2024-02-16 08:58,2024-02-16 09:23,2024-02-16 11:36
LAB703596,ENC101549,PT11722,PLT,Platelet Count,268,K/uL,150,400,N,Routine,2024-02-16 08:36,2024-02-16 08:48,2024-02-16 11:57
LAB703597,ENC101553,PT13386,GLU,Glucose,187,mg/dL,70,99,H,Routine,2024-02-16 13:28,2024-02-16 13:54,2024-02-16 17:31
LAB703598,ENC101553,PT13386,CREAT,Creatinine,0.9,mg/dL,0.6,1.3,N,STAT,2024-02-16 14:18,2024-02-16 14:43,2024-02-16 15:37
LAB703599,ENC101553,PT13386,WBC,White Blood Cell Count,6.3,K/uL,4.5,11,N,STAT,2024-02-16 14:19,2024-02-16 14:49,2024-02-16 15:24
LAB703600,ENC101553,PT13386,HGB,Hemoglobin,13.7,g/dL,12,17.5,N,STAT,2024-02-16 13:46,2024-02-16 14:06,2024-02-16 15:10
LAB703601,ENC101553,PT13386,TROP,"Troponin I, High Sensitivity",5,ng/L,0,34,N,STAT,2024-02-16 14:20,2024-02-16 14:30,2024-02-16 15:14
LAB703602,ENC101555,PT12474,WBC,White Blood Cell Count,9.9,K/uL,4.5,11,N,Routine,2024-02-16 10:56,2024-02-16 11:19,2024-02-16 12:39
LAB703603,ENC101555,PT12474,HGB,Hemoglobin,14.7,g/dL,12,17.5,N,Routine,2024-02-16 11:14,2024-02-16 11:19,2024-02-16 13:07
LAB703604,ENC101555,PT12474,PLT,Platelet Count,207,K/uL,150,400,N,Routine,2024-02-16 11:13,2024-02-16 11:42,2024-02-16 13:38
LAB703605,ENC101557,PT13707,GLU,Glucose,158,mg/dL,70,99,H,STAT,2024-02-16 12:50,2024-02-16 13:20,2024-02-16 14:15
LAB703606,ENC101557,PT13707,CREAT,Creatinine,0.68,mg/dL,0.6,1.3,N,Routine,2024-02-16 11:50,2024-02-16 12:11,2024-02-16 15:29
LAB703607,ENC101557,PT13707,WBC,White Blood Cell Count,7.7,K/uL,4.5,11,N,Routine,2024-02-16 12:13,2024-02-16 12:33,2024-02-16 17:00
LAB703608,ENC101557,PT13707,HGB,Hemoglobin,17.3,g/dL,12,17.5,N,STAT,2024-02-16 12:46,2024-02-16 13:15,2024-02-16 14:27
LAB703609,ENC101557,PT13707,NA,Sodium,139,mmol/L,136,145,N,STAT,2024-02-16 12:24,2024-02-16 12:54,2024-02-16 13:40
LAB703610,ENC101557,PT13707,K,Potassium,4.5,mmol/L,3.5,5.1,N,STAT,2024-02-16 12:40,2024-02-16 12:54,2024-02-16 13:12
LAB703611,ENC101558,PT13032,GLU,Glucose,83,mg/dL,70,99,N,STAT,2024-02-16 14:50,2024-02-16 15:04,2024-02-16 15:36
LAB703612,ENC101558,PT13032,CREAT,Creatinine,0.79,mg/dL,0.6,1.3,N,Routine,2024-02-16 15:32,2024-02-16 15:46,2024-02-16 18:06
LAB703613,ENC101558,PT13032,WBC,White Blood Cell Count,3.7,K/uL,4.5,11,L,STAT,2024-02-16 14:57,2024-02-16 15:03,2024-02-16 16:23
LAB703614,ENC101558,PT13032,HGB,Hemoglobin,15.2,g/dL,12,17.5,N,Routine,2024-02-16 14:59,2024-02-16 15:12,2024-02-16 19:46
LAB703615,ENC101558,PT13032,NA,Sodium,138,mmol/L,136,145,N,STAT,2024-02-16 15:30,2024-02-16 15:54,2024-02-16 16:58
LAB703616,ENC101558,PT13032,K,Potassium,4.4,mmol/L,3.5,5.1,N,STAT,2024-02-16 15:10,2024-02-16 15:45,2024-02-16 16:40
LAB703617,ENC101559,PT11737,GLU,Glucose,159,mg/dL,70,99,H,STAT,2024-02-16 13:10,2024-02-16 13:40,2024-02-16 14:13
LAB703618,ENC101559,PT11737,CREAT,Creatinine,1.33,mg/dL,0.6,1.3,H,STAT,2024-02-16 13:16,2024-02-16 13:45,2024-02-16 14:38
LAB703619,ENC101559,PT11737,WBC,White Blood Cell Count,2.9,K/uL,4.5,11,L,STAT,2024-02-16 13:15,2024-02-16 13:23,2024-02-16 14:05
LAB703620,ENC101559,PT11737,HGB,Hemoglobin,14,g/dL,12,17.5,N,STAT,2024-02-16 12:25,2024-02-16 12:34,2024-02-16 13:20
LAB703621,ENC101559,PT11737,NA,Sodium,141,mmol/L,136,145,N,Routine,2024-02-16 12:24,2024-02-16 12:30,2024-02-16 16:59
LAB703622,ENC101559,PT11737,K,Potassium,4.2,mmol/L,3.5,5.1,N,STAT,2024-02-16 12:22,2024-02-16 12:56,2024-02-16 13:31
LAB703623,ENC101559,PT11737,LACT,Lactate,3.4,mmol/L,0.5,2,H,STAT,2024-02-16 12:32,2024-02-16 13:06,2024-02-16 14:12
LAB703624,ENC101560,PT13475,GLU,Glucose,127,mg/dL,70,99,H,Routine,2024-02-16 12:35,2024-02-16 12:51,2024-02-16 15:36
LAB703625,ENC101560,PT13475,CREAT,Creatinine,0.51,mg/dL,0.6,1.3,L,STAT,2024-02-16 12:52,2024-02-16 13:14,2024-02-16 14:18
LAB703626,ENC101560,PT13475,WBC,White Blood Cell Count,7.1,K/uL,4.5,11,N,Routine,2024-02-16 13:25,2024-02-16 13:52,2024-02-16 17:12
LAB703627,ENC101560,PT13475,HGB,Hemoglobin,12.8,g/dL,12,17.5,N,STAT,2024-02-16 12:45,2024-02-16 12:59,2024-02-16 13:47
LAB703628,ENC101561,PT12272,GLU,Glucose,96,mg/dL,70,99,N,Routine,2024-02-16 18:22,2024-02-16 18:30,2024-02-16 20:10
LAB703629,ENC101561,PT12272,CREAT,Creatinine,1.05,mg/dL,0.6,1.3,N,STAT,2024-02-16 18:11,2024-02-16 18:29,2024-02-16 19:06
LAB703630,ENC101561,PT12272,WBC,White Blood Cell Count,8.7,K/uL,4.5,11,N,STAT,2024-02-16 18:06,2024-02-16 18:36,2024-02-16 19:48
LAB703631,ENC101561,PT12272,HGB,Hemoglobin,14,g/dL,12,17.5,N,Routine,2024-02-16 18:24,2024-02-16 18:33,2024-02-16 19:49
LAB703632,ENC101561,PT12272,NA,Sodium,143,mmol/L,136,145,N,Routine,2024-02-16 18:03,2024-02-16 18:38,2024-02-17 00:36
LAB703633,ENC101561,PT12272,K,Potassium,4.5,mmol/L,3.5,5.1,N,STAT,2024-02-16 18:04,2024-02-16 18:22,2024-02-16 18:49
LAB703634,ENC101561,PT12272,BUN,Blood Urea Nitrogen,7,mg/dL,7,20,N,STAT,2024-02-16 17:54,2024-02-16 18:06,2024-02-16 19:21
LAB703635,ENC101561,PT12272,PLT,Platelet Count,217,K/uL,150,400,N,STAT,2024-02-16 17:42,2024-02-16 18:15,2024-02-16 18:51
LAB703636,ENC101562,PT13820,A1C,Hemoglobin A1c,8.4,%,4,5.6,H,Routine,2024-02-16 12:55,2024-02-16 13:24,2024-02-17 09:49
LAB703637,ENC101563,PT11908,GLU,Glucose,130,mg/dL,70,99,H,Routine,2024-02-16 15:59,2024-02-16 16:09,2024-02-16 19:32
LAB703638,ENC101563,PT11908,CREAT,Creatinine,1.02,mg/dL,0.6,1.3,N,STAT,2024-02-16 16:00,2024-02-16 16:09,2024-02-16 16:59
LAB703639,ENC101563,PT11908,WBC,White Blood Cell Count,11.1,K/uL,4.5,11,H,STAT,2024-02-16 17:02,2024-02-16 17:14,2024-02-16 18:20
LAB703640,ENC101563,PT11908,HGB,Hemoglobin,14.6,g/dL,12,17.5,N,STAT,2024-02-16 16:56,2024-02-16 17:13,2024-02-16 17:31
LAB703641,ENC101567,PT13072,GLU,Glucose,246,mg/dL,70,99,H,STAT,2024-02-16 17:49,2024-02-16 17:54,2024-02-16 18:47
LAB703642,ENC101567,PT13072,CREAT,Creatinine,0.89,mg/dL,0.6,1.3,N,Routine,2024-02-16 18:01,2024-02-16 18:19,2024-02-16 19:28
LAB703643,ENC101567,PT13072,WBC,White Blood Cell Count,18.7,K/uL,4.5,11,H,Routine,2024-02-16 17:55,2024-02-16 18:12,2024-02-16 21:59
LAB703644,ENC101567,PT13072,HGB,Hemoglobin,16.4,g/dL,12,17.5,N,STAT,2024-02-16 18:42,2024-02-16 18:59,2024-02-16 19:56
LAB703645,ENC101570,PT11284,LDL,LDL Cholesterol,108,mg/dL,0,99,H,Routine,2024-02-16 14:55,2024-02-16 15:10,2024-02-17 22:08
LAB703646,ENC101573,PT10887,GLU,Glucose,118,mg/dL,70,99,H,Routine,2024-02-16 17:57,2024-02-16 18:18,2024-02-16 23:52
LAB703647,ENC101573,PT10887,CREAT,Creatinine,0.91,mg/dL,0.6,1.3,N,STAT,2024-02-16 17:17,2024-02-16 17:28,2024-02-16 18:13
LAB703648,ENC101573,PT10887,WBC,White Blood Cell Count,12,K/uL,4.5,11,H,STAT,2024-02-16 17:12,2024-02-16 17:46,2024-02-16 18:30
LAB703649,ENC101573,PT10887,HGB,Hemoglobin,13.8,g/dL,12,17.5,N,Routine,2024-02-16 18:06,2024-02-16 18:23,2024-02-16 20:11
LAB703650,ENC101574,PT10562,GLU,Glucose,90,mg/dL,70,99,N,STAT,2024-02-16 15:33,2024-02-16 15:48,2024-02-16 16:29
LAB703651,ENC101574,PT10562,CREAT,Creatinine,0.64,mg/dL,0.6,1.3,N,Routine,2024-02-16 15:25,2024-02-16 15:35,2024-02-16 17:18
LAB703652,ENC101574,PT10562,WBC,White Blood Cell Count,9.5,K/uL,4.5,11,N,STAT,2024-02-16 15:53,2024-02-16 16:12,2024-02-16 16:54
LAB703653,ENC101574,PT10562,HGB,Hemoglobin,11.5,g/dL,12,17.5,L,STAT,2024-02-16 15:20,2024-02-16 15:35,2024-02-16 16:43
LAB703654,ENC101575,PT10191,GLU,Glucose,91,mg/dL,70,99,N,STAT,2024-02-16 15:58,2024-02-16 16:25,2024-02-16 16:54
LAB703655,ENC101575,PT10191,CREAT,Creatinine,0.92,mg/dL,0.6,1.3,N,STAT,2024-02-16 16:02,2024-02-16 16:23,2024-02-16 17:06
LAB703656,ENC101575,PT10191,WBC,White Blood Cell Count,6.5,K/uL,4.5,11,N,STAT,2024-02-16 15:48,2024-02-16 16:01,2024-02-16 16:45
LAB703657,ENC101575,PT10191,HGB,Hemoglobin,13.8,g/dL,12,17.5,N,Routine,2024-02-16 15:34,2024-02-16 16:08,2024-02-16 21:51
LAB703658,ENC101577,PT11440,GLU,Glucose,40,mg/dL,70,99,L,Routine,2024-02-16 15:41,2024-02-16 15:46,2024-02-16 18:00
LAB703659,ENC101577,PT11440,CREAT,Creatinine,0.44,mg/dL,0.6,1.3,L,STAT,2024-02-16 15:57,2024-02-16 16:28,2024-02-16 17:04
LAB703660,ENC101577,PT11440,WBC,White Blood Cell Count,14.1,K/uL,4.5,11,H,STAT,2024-02-16 16:12,2024-02-16 16:18,2024-02-16 16:54
LAB703661,ENC101577,PT11440,HGB,Hemoglobin,12.3,g/dL,12,17.5,N,STAT,2024-02-16 15:41,2024-02-16 15:57,2024-02-16 16:44
LAB703662,ENC101578,PT12071,TROP,"Troponin I, High Sensitivity",52,ng/L,0,34,H,STAT,2024-02-16 15:45,2024-02-16 16:09,2024-02-16 17:10
LAB703663,ENC101578,PT12071,BNP,B-Type Natriuretic Peptide,398,pg/mL,0,100,H,Routine,2024-02-16 15:57,2024-02-16 16:18,2024-02-16 19:04
LAB703664,ENC101579,PT11866,GLU,Glucose,119,mg/dL,70,99,H,STAT,2024-02-16 16:31,2024-02-16 16:47,2024-02-16 17:05
LAB703665,ENC101579,PT11866,CREAT,Creatinine,0.9,mg/dL,0.6,1.3,N,STAT,2024-02-16 16:28,2024-02-16 16:50,2024-02-16 17:38
LAB703666,ENC101579,PT11866,WBC,White Blood Cell Count,8.1,K/uL,4.5,11,N,STAT,2024-02-16 16:38,2024-02-16 16:46,2024-02-16 17:13
LAB703667,ENC101580,PT11638,LDL,LDL Cholesterol,179,mg/dL,0,99,H,Routine,2024-02-16 16:00,2024-02-16 16:13,2024-02-17 10:46
LAB703668,ENC101582,PT10613,LDL,LDL Cholesterol,76,mg/dL,0,99,N,Routine,2024-02-16 16:45,2024-02-16 17:05,2024-02-17 23:16
LAB703669,ENC101582,PT10613,A1C,Hemoglobin A1c,5.3,%,4,5.6,N,Routine,2024-02-16 16:46,2024-02-16 17:10,2024-02-18 02:18
LAB703670,ENC101583,PT12578,GLU,Glucose,107,mg/dL,70,99,H,STAT,2024-02-16 21:27,2024-02-16 21:43,2024-02-16 22:50
LAB703671,ENC101583,PT12578,CREAT,Creatinine,1.76,mg/dL,0.6,1.3,H,STAT,2024-02-16 22:08,2024-02-16 22:16,2024-02-16 23:00
LAB703672,ENC101583,PT12578,WBC,White Blood Cell Count,11.3,K/uL,4.5,11,H,Routine,2024-02-16 22:20,2024-02-16 22:46,2024-02-17 00:24
LAB703673,ENC101583,PT12578,HGB,Hemoglobin,10.6,g/dL,12,17.5,L,STAT,2024-02-16 22:21,2024-02-16 22:34,2024-02-16 23:11
LAB703674,ENC101584,PT13893,GLU,Glucose,117,mg/dL,70,99,H,Routine,2024-02-16 18:18,2024-02-16 18:34,2024-02-17 00:44
LAB703675,ENC101584,PT13893,CREAT,Creatinine,1.09,mg/dL,0.6,1.3,N,STAT,2024-02-16 18:39,2024-02-16 19:00,2024-02-16 19:52
LAB703676,ENC101584,PT13893,WBC,White Blood Cell Count,9.6,K/uL,4.5,11,N,STAT,2024-02-16 18:24,2024-02-16 18:51,2024-02-16 20:04
LAB703677,ENC101584,PT13893,TROP,"Troponin I, High Sensitivity",9,ng/L,0,34,N,STAT,2024-02-16 18:23,2024-02-16 18:57,2024-02-16 19:47
LAB703678,ENC101585,PT12326,GLU,Glucose,117,mg/dL,70,99,H,STAT,2024-02-16 23:19,2024-02-16 23:38,2024-02-17 00:10
LAB703679,ENC101585,PT12326,CREAT,Creatinine,1.6,mg/dL,0.6,1.3,H,Routine,2024-02-16 23:34,2024-02-16 23:49,2024-02-17 01:27
LAB703680,ENC101585,PT12326,WBC,White Blood Cell Count,7.9,K/uL,4.5,11,N,STAT,2024-02-16 23:31,2024-02-16 23:46,2024-02-17 00:00
LAB703681,ENC101585,PT12326,HGB,Hemoglobin,9.3,g/dL,12,17.5,L,Routine,2024-02-16 23:18,2024-02-16 23:25,2024-02-17 02:42
LAB703682,ENC101585,PT12326,NA,Sodium,141,mmol/L,136,145,N,STAT,2024-02-16 23:03,2024-02-16 23:17,2024-02-17 00:00
LAB703683,ENC101585,PT12326,K,Potassium,4.5,mmol/L,3.5,5.1,N,STAT,2024-02-16 23:00,2024-02-16 23:22,2024-02-17 00:02
LAB703684,ENC101585,PT12326,INR,Prothrombin Time INR,0.9,ratio,0.8,1.2,N,Routine,2024-02-16 23:34,2024-02-17 00:07,2024-02-17 04:02
LAB703685,ENC101586,PT12263,GLU,Glucose,218,mg/dL,70,99,H,STAT,2024-02-16 19:00,2024-02-16 19:15,2024-02-16 19:52
LAB703686,ENC101586,PT12263,CREAT,Creatinine,0.85,mg/dL,0.6,1.3,N,STAT,2024-02-16 19:35,2024-02-16 19:51,2024-02-16 20:25
LAB703687,ENC101586,PT12263,WBC,White Blood Cell Count,8,K/uL,4.5,11,N,STAT,2024-02-16 19:30,2024-02-16 19:37,2024-02-16 21:00
LAB703688,ENC101586,PT12263,HGB,Hemoglobin,13.8,g/dL,12,17.5,N,STAT,2024-02-16 18:41,2024-02-16 18:46,2024-02-16 20:15
LAB703689,ENC101586,PT12263,INR,Prothrombin Time INR,0.9,ratio,0.8,1.2,N,Routine,2024-02-16 18:45,2024-02-16 19:15,2024-02-16 23:04
LAB703690,ENC101587,PT11941,GLU,Glucose,110,mg/dL,70,99,H,Routine,2024-02-17 00:17,2024-02-17 00:26,2024-02-17 05:56
LAB703691,ENC101587,PT11941,CREAT,Creatinine,1.14,mg/dL,0.6,1.3,N,STAT,2024-02-16 23:59,2024-02-17 00:24,2024-02-17 01:15
LAB703692,ENC101587,PT11941,WBC,White Blood Cell Count,8.6,K/uL,4.5,11,N,STAT,2024-02-17 00:38,2024-02-17 01:04,2024-02-17 02:13
LAB703693,ENC101587,PT11941,HGB,Hemoglobin,15.2,g/dL,12,17.5,N,Routine,2024-02-17 00:16,2024-02-17 00:36,2024-02-17 08:16
LAB703694,ENC101587,PT11941,TROP,"Troponin I, High Sensitivity",79,ng/L,0,34,H,STAT,2024-02-17 00:56,2024-02-17 01:30,2024-02-17 02:51
LAB703695,ENC101587,PT11941,BNP,B-Type Natriuretic Peptide,717,pg/mL,0,100,H,Routine,2024-02-17 00:53,2024-02-17 01:08,2024-02-17 08:54
LAB703696,ENC101588,PT12317,GLU,Glucose,95,mg/dL,70,99,N,STAT,2024-02-17 01:10,2024-02-17 01:36,2024-02-17 02:11
LAB703697,ENC101588,PT12317,CREAT,Creatinine,0.77,mg/dL,0.6,1.3,N,Routine,2024-02-17 00:40,2024-02-17 01:11,2024-02-17 02:41
LAB703698,ENC101589,PT11635,GLU,Glucose,79,mg/dL,70,99,N,Routine,2024-02-17 12:23,2024-02-17 12:36,2024-02-17 14:40
LAB703699,ENC101589,PT11635,CREAT,Creatinine,0.63,mg/dL,0.6,1.3,N,Routine,2024-02-17 12:15,2024-02-17 12:29,2024-02-17 15:58
LAB703700,ENC101589,PT11635,WBC,White Blood Cell Count,2.8,K/uL,4.5,11,L,STAT,2024-02-17 12:28,2024-02-17 12:40,2024-02-17 13:07
LAB703701,ENC101589,PT11635,HGB,Hemoglobin,17.2,g/dL,12,17.5,N,STAT,2024-02-17 12:54,2024-02-17 13:20,2024-02-17 14:16
LAB703702,ENC101590,PT13392,GLU,Glucose,119,mg/dL,70,99,H,Routine,2024-02-17 11:42,2024-02-17 11:57,2024-02-17 14:07
LAB703703,ENC101590,PT13392,CREAT,Creatinine,1.1,mg/dL,0.6,1.3,N,STAT,2024-02-17 12:43,2024-02-17 12:49,2024-02-17 13:22
LAB703704,ENC101590,PT13392,WBC,White Blood Cell Count,1.1,K/uL,4.5,11,L,Routine,2024-02-17 12:35,2024-02-17 12:44,2024-02-17 17:11
LAB703705,ENC101590,PT13392,HGB,Hemoglobin,13.5,g/dL,12,17.5,N,STAT,2024-02-17 12:16,2024-02-17 12:40,2024-02-17 13:36
LAB703706,ENC101591,PT11802,GLU,Glucose,104,mg/dL,70,99,H,Routine,2024-02-17 15:37,2024-02-17 15:47,2024-02-17 17:19
LAB703707,ENC101591,PT11802,CREAT,Creatinine,2.47,mg/dL,0.6,1.3,H,STAT,2024-02-17 15:52,2024-02-17 16:18,2024-02-17 17:01
LAB703708,ENC101591,PT11802,WBC,White Blood Cell Count,7.8,K/uL,4.5,11,N,STAT,2024-02-17 16:05,2024-02-17 16:32,2024-02-17 17:04
LAB703709,ENC101591,PT11802,HGB,Hemoglobin,11.7,g/dL,12,17.5,L,STAT,2024-02-17 15:17,2024-02-17 15:49,2024-02-17 16:36
LAB703710,ENC101591,PT11802,NA,Sodium,137,mmol/L,136,145,N,STAT,2024-02-17 15:08,2024-02-17 15:25,2024-02-17 15:57
LAB703711,ENC101591,PT11802,K,Potassium,4.4,mmol/L,3.5,5.1,N,STAT,2024-02-17 15:12,2024-02-17 15:39,2024-02-17 16:32
LAB703712,ENC101593,PT11224,GLU,Glucose,118,mg/dL,70,99,H,STAT,2024-02-17 18:39,2024-02-17 18:47,2024-02-17 20:05
LAB703713,ENC101593,PT11224,CREAT,Creatinine,1.36,mg/dL,0.6,1.3,H,STAT,2024-02-17 18:42,2024-02-17 18:59,2024-02-17 19:40
LAB703714,ENC101593,PT11224,WBC,White Blood Cell Count,7.9,K/uL,4.5,11,N,Routine,2024-02-17 17:43,2024-02-17 17:59,2024-02-17 19:19
LAB703715,ENC101593,PT11224,HGB,Hemoglobin,15.4,g/dL,12,17.5,N,Routine,2024-02-17 17:54,2024-02-17 18:15,2024-02-18 00:16
LAB703716,ENC101594,PT10950,GLU,Glucose,78,mg/dL,70,99,N,STAT,2024-02-17 15:14,2024-02-17 15:47,2024-02-17 16:43
LAB703717,ENC101594,PT10950,CREAT,Creatinine,0.51,mg/dL,0.6,1.3,L,Routine,2024-02-17 15:29,2024-02-17 15:55,2024-02-17 17:17
LAB703718,ENC101594,PT10950,WBC,White Blood Cell Count,7.4,K/uL,4.5,11,N,Routine,2024-02-17 14:42,2024-02-17 15:05,2024-02-17 17:50
LAB703719,ENC101595,PT11926,TROP,"Troponin I, High Sensitivity",1,ng/L,0,34,N,STAT,2024-02-17 18:09,2024-02-17 18:35,2024-02-17 19:08
LAB703720,ENC101595,PT11926,BNP,B-Type Natriuretic Peptide,557,pg/mL,0,100,H,STAT,2024-02-17 18:05,2024-02-17 18:19,2024-02-17 18:48
LAB703721,ENC101596,PT13138,GLU,Glucose,137,mg/dL,70,99,H,STAT,2024-02-17 17:51,2024-02-17 18:11,2024-02-17 18:57
LAB703722,ENC101596,PT13138,CREAT,Creatinine,0.4,mg/dL,0.6,1.3,L,STAT,2024-02-17 18:40,2024-02-17 19:07,2024-02-17 19:44
LAB703723,ENC101598,PT10363,GLU,Glucose,86,mg/dL,70,99,N,STAT,2024-02-17 20:39,2024-02-17 21:09,2024-02-17 21:59
LAB703724,ENC101598,PT10363,CREAT,Creatinine,0.37,mg/dL,0.6,1.3,L,Routine,2024-02-17 20:36,2024-02-17 20:55,2024-02-18 00:38
LAB703725,ENC101598,PT10363,WBC,White Blood Cell Count,7.6,K/uL,4.5,11,N,STAT,2024-02-17 20:56,2024-02-17 21:20,2024-02-17 22:20
LAB703726,ENC101599,PT13680,GLU,Glucose,121,mg/dL,70,99,H,STAT,2024-02-17 23:19,2024-02-17 23:45,2024-02-18 00:19
LAB703727,ENC101599,PT13680,CREAT,Creatinine,1.43,mg/dL,0.6,1.3,H,STAT,2024-02-17 23:04,2024-02-17 23:20,2024-02-18 00:15
LAB703728,ENC101599,PT13680,WBC,White Blood Cell Count,7.3,K/uL,4.5,11,N,STAT,2024-02-17 22:48,2024-02-17 23:20,2024-02-18 00:07
LAB703729,ENC101600,PT13892,GLU,Glucose,110,mg/dL,70,99,H,Routine,2024-02-18 00:23,2024-02-18 00:55,2024-02-18 03:04
LAB703730,ENC101600,PT13892,CREAT,Creatinine,1.01,mg/dL,0.6,1.3,N,STAT,2024-02-18 00:23,2024-02-18 00:46,2024-02-18 01:38
LAB703731,ENC101600,PT13892,WBC,White Blood Cell Count,8.7,K/uL,4.5,11,N,Routine,2024-02-18 00:09,2024-02-18 00:25,2024-02-18 01:51
LAB703732,ENC101600,PT13892,HGB,Hemoglobin,13.4,g/dL,12,17.5,N,STAT,2024-02-18 00:33,2024-02-18 00:55,2024-02-18 02:09
LAB703733,ENC101603,PT11617,GLU,Glucose,115,mg/dL,70,99,H,Routine,2024-02-18 03:15,2024-02-18 03:38,2024-02-18 05:29
LAB703734,ENC101603,PT11617,CREAT,Creatinine,0.81,mg/dL,0.6,1.3,N,Routine,2024-02-18 03:20,2024-02-18 03:30,2024-02-18 08:50
LAB703735,ENC101604,PT12067,GLU,Glucose,131,mg/dL,70,99,H,STAT,2024-02-18 07:39,2024-02-18 08:05,2024-02-18 08:28
LAB703736,ENC101604,PT12067,CREAT,Creatinine,0.82,mg/dL,0.6,1.3,N,Routine,2024-02-18 07:17,2024-02-18 07:22,2024-02-18 09:24
LAB703737,ENC101604,PT12067,WBC,White Blood Cell Count,8.9,K/uL,4.5,11,N,STAT,2024-02-18 07:23,2024-02-18 07:39,2024-02-18 08:14
LAB703738,ENC101604,PT12067,HGB,Hemoglobin,13.9,g/dL,12,17.5,N,STAT,2024-02-18 07:38,2024-02-18 07:53,2024-02-18 08:22
LAB703739,ENC101605,PT10422,GLU,Glucose,192,mg/dL,70,99,H,Routine,2024-02-18 07:15,2024-02-18 07:40,2024-02-18 13:04
LAB703740,ENC101605,PT10422,CREAT,Creatinine,0.57,mg/dL,0.6,1.3,L,STAT,2024-02-18 07:39,2024-02-18 07:52,2024-02-18 08:59
LAB703741,ENC101605,PT10422,WBC,White Blood Cell Count,9.1,K/uL,4.5,11,N,STAT,2024-02-18 07:31,2024-02-18 08:06,2024-02-18 08:41
LAB703742,ENC101605,PT10422,HGB,Hemoglobin,13.5,g/dL,12,17.5,N,Routine,2024-02-18 08:02,2024-02-18 08:33,2024-02-18 10:14
LAB703743,ENC101607,PT11672,GLU,Glucose,260,mg/dL,70,99,H,STAT,2024-02-18 12:00,2024-02-18 12:12,2024-02-18 13:18
LAB703744,ENC101607,PT11672,CREAT,Creatinine,1.06,mg/dL,0.6,1.3,N,Routine,2024-02-18 11:33,2024-02-18 11:47,2024-02-18 16:17
LAB703745,ENC101607,PT11672,WBC,White Blood Cell Count,4.3,K/uL,4.5,11,L,STAT,2024-02-18 11:30,2024-02-18 12:00,2024-02-18 12:43
LAB703746,ENC101607,PT11672,HGB,Hemoglobin,16.7,g/dL,12,17.5,N,STAT,2024-02-18 11:24,2024-02-18 11:44,2024-02-18 12:12
LAB703747,ENC101609,PT13476,GLU,Glucose,344,mg/dL,70,99,H,STAT,2024-02-18 13:47,2024-02-18 14:18,2024-02-18 15:25
LAB703748,ENC101609,PT13476,CREAT,Creatinine,1.1,mg/dL,0.6,1.3,N,STAT,2024-02-18 12:50,2024-02-18 13:18,2024-02-18 14:16
LAB703749,ENC101609,PT13476,WBC,White Blood Cell Count,8,K/uL,4.5,11,N,STAT,2024-02-18 13:07,2024-02-18 13:30,2024-02-18 14:15
LAB703750,ENC101609,PT13476,HGB,Hemoglobin,13.2,g/dL,12,17.5,N,Routine,2024-02-18 12:55,2024-02-18 13:17,2024-02-18 15:37
LAB703751,ENC101609,PT13476,TROP,"Troponin I, High Sensitivity",31,ng/L,0,34,N,STAT,2024-02-18 13:47,2024-02-18 14:04,2024-02-18 14:22
LAB703752,ENC101609,PT13476,BNP,B-Type Natriuretic Peptide,978,pg/mL,0,100,H,STAT,2024-02-18 13:48,2024-02-18 14:20,2024-02-18 15:14
LAB703753,ENC101610,PT10904,GLU,Glucose,79,mg/dL,70,99,N,STAT,2024-02-18 18:39,2024-02-18 18:45,2024-02-18 20:03
LAB703754,ENC101610,PT10904,CREAT,Creatinine,1.06,mg/dL,0.6,1.3,N,STAT,2024-02-18 18:35,2024-02-18 18:51,2024-02-18 20:05
LAB703755,ENC101610,PT10904,WBC,White Blood Cell Count,8.1,K/uL,4.5,11,N,Routine,2024-02-18 18:54,2024-02-18 19:21,2024-02-18 20:19
LAB703756,ENC101610,PT10904,HGB,Hemoglobin,13.6,g/dL,12,17.5,N,STAT,2024-02-18 18:16,2024-02-18 18:30,2024-02-18 18:57
LAB703757,ENC101611,PT13248,GLU,Glucose,87,mg/dL,70,99,N,STAT,2024-02-18 15:04,2024-02-18 15:11,2024-02-18 16:03
LAB703758,ENC101611,PT13248,CREAT,Creatinine,0.55,mg/dL,0.6,1.3,L,STAT,2024-02-18 14:47,2024-02-18 15:09,2024-02-18 15:53
LAB703759,ENC101611,PT13248,WBC,White Blood Cell Count,12.6,K/uL,4.5,11,H,STAT,2024-02-18 14:50,2024-02-18 15:21,2024-02-18 16:13
LAB703760,ENC101611,PT13248,HGB,Hemoglobin,16.7,g/dL,12,17.5,N,STAT,2024-02-18 15:45,2024-02-18 16:03,2024-02-18 16:41
LAB703761,ENC101613,PT12713,GLU,Glucose,127,mg/dL,70,99,H,STAT,2024-02-18 16:45,2024-02-18 17:19,2024-02-18 18:03
LAB703762,ENC101613,PT12713,CREAT,Creatinine,1.45,mg/dL,0.6,1.3,H,Routine,2024-02-18 17:12,2024-02-18 17:43,2024-02-18 22:43
LAB703763,ENC101613,PT12713,WBC,White Blood Cell Count,21.6,K/uL,4.5,11,H,Routine,2024-02-18 17:06,2024-02-18 17:32,2024-02-18 19:16
LAB703764,ENC101613,PT12713,HGB,Hemoglobin,13.3,g/dL,12,17.5,N,STAT,2024-02-18 16:46,2024-02-18 17:04,2024-02-18 18:03
LAB703765,ENC101613,PT12713,NA,Sodium,143,mmol/L,136,145,N,Routine,2024-02-18 16:55,2024-02-18 17:04,2024-02-18 20:07
LAB703766,ENC101613,PT12713,K,Potassium,4.1,mmol/L,3.5,5.1,N,STAT,2024-02-18 16:56,2024-02-18 17:15,2024-02-18 18:03
LAB703767,ENC101613,PT12713,LACT,Lactate,1.9,mmol/L,0.5,2,N,STAT,2024-02-18 17:17,2024-02-18 17:42,2024-02-18 18:28
LAB703768,ENC101614,PT10807,GLU,Glucose,146,mg/dL,70,99,H,Routine,2024-02-18 17:21,2024-02-18 17:55,2024-02-18 21:13
LAB703769,ENC101614,PT10807,CREAT,Creatinine,1.17,mg/dL,0.6,1.3,N,STAT,2024-02-18 16:49,2024-02-18 17:24,2024-02-18 17:52
LAB703770,ENC101614,PT10807,WBC,White Blood Cell Count,6.4,K/uL,4.5,11,N,Routine,2024-02-18 17:38,2024-02-18 18:02,2024-02-18 22:41
LAB703771,ENC101614,PT10807,TROP,"Troponin I, High Sensitivity",13,ng/L,0,34,N,STAT,2024-02-18 16:39,2024-02-18 17:09,2024-02-18 17:58
LAB703772,ENC101616,PT12783,GLU,Glucose,120,mg/dL,70,99,H,Routine,2024-02-18 22:55,2024-02-18 23:00,2024-02-19 00:02
LAB703773,ENC101616,PT12783,CREAT,Creatinine,1.05,mg/dL,0.6,1.3,N,STAT,2024-02-18 22:51,2024-02-18 22:55,2024-02-18 23:37
LAB703774,ENC101616,PT12783,WBC,White Blood Cell Count,10.8,K/uL,4.5,11,N,STAT,2024-02-18 22:47,2024-02-18 23:09,2024-02-19 00:13
LAB703775,ENC101616,PT12783,HGB,Hemoglobin,16.1,g/dL,12,17.5,N,Routine,2024-02-18 23:32,2024-02-19 00:05,2024-02-19 01:36
LAB703776,ENC101616,PT12783,NA,Sodium,137,mmol/L,136,145,N,STAT,2024-02-18 23:11,2024-02-18 23:37,2024-02-19 00:18
LAB703777,ENC101616,PT12783,K,Potassium,4,mmol/L,3.5,5.1,N,STAT,2024-02-18 23:04,2024-02-18 23:29,2024-02-18 23:50
LAB703778,ENC101616,PT12783,TROP,"Troponin I, High Sensitivity",43,ng/L,0,34,H,STAT,2024-02-18 23:10,2024-02-18 23:38,2024-02-19 01:20
LAB703779,ENC101616,PT12783,BNP,B-Type Natriuretic Peptide,761,pg/mL,0,100,H,Routine,2024-02-18 23:10,2024-02-18 23:18,2024-02-19 01:45
LAB703780,ENC101618,PT10226,GLU,Glucose,111,mg/dL,70,99,H,STAT,2024-02-18 19:25,2024-02-18 19:46,2024-02-18 20:22
LAB703781,ENC101618,PT10226,CREAT,Creatinine,1.12,mg/dL,0.6,1.3,N,STAT,2024-02-18 19:09,2024-02-18 19:28,2024-02-18 20:28
LAB703782,ENC101619,PT10598,GLU,Glucose,104,mg/dL,70,99,H,Routine,2024-02-18 23:23,2024-02-18 23:46,2024-02-19 04:31
LAB703783,ENC101619,PT10598,CREAT,Creatinine,0.75,mg/dL,0.6,1.3,N,Routine,2024-02-18 23:31,2024-02-19 00:01,2024-02-19 02:44
LAB703784,ENC101619,PT10598,WBC,White Blood Cell Count,18.4,K/uL,4.5,11,H,Routine,2024-02-18 23:05,2024-02-18 23:09,2024-02-19 05:39
LAB703785,ENC101619,PT10598,HGB,Hemoglobin,14.8,g/dL,12,17.5,N,STAT,2024-02-18 23:34,2024-02-19 00:00,2024-02-19 00:39
LAB703786,ENC101620,PT13499,GLU,Glucose,84,mg/dL,70,99,N,STAT,2024-02-19 00:33,2024-02-19 01:01,2024-02-19 01:44
LAB703787,ENC101620,PT13499,CREAT,Creatinine,1.27,mg/dL,0.6,1.3,N,Routine,2024-02-18 23:30,2024-02-18 23:50,2024-02-19 02:31
LAB703788,ENC101620,PT13499,WBC,White Blood Cell Count,11.6,K/uL,4.5,11,H,Routine,2024-02-19 00:06,2024-02-19 00:24,2024-02-19 04:58
LAB703789,ENC101620,PT13499,HGB,Hemoglobin,14.8,g/dL,12,17.5,N,STAT,2024-02-19 00:28,2024-02-19 00:56,2024-02-19 01:44
LAB703790,ENC101620,PT13499,TROP,"Troponin I, High Sensitivity",9,ng/L,0,34,N,STAT,2024-02-19 00:27,2024-02-19 00:48,2024-02-19 01:28
LAB703791,ENC101622,PT10352,GLU,Glucose,198,mg/dL,70,99,H,STAT,2024-02-19 04:46,2024-02-19 04:52,2024-02-19 05:23
LAB703792,ENC101622,PT10352,CREAT,Creatinine,0.94,mg/dL,0.6,1.3,N,STAT,2024-02-19 05:28,2024-02-19 05:36,2024-02-19 06:48
LAB703793,ENC101622,PT10352,WBC,White Blood Cell Count,7.6,K/uL,4.5,11,N,STAT,2024-02-19 05:18,2024-02-19 05:33,2024-02-19 06:06
LAB703794,ENC101622,PT10352,HGB,Hemoglobin,13.2,g/dL,12,17.5,N,STAT,2024-02-19 05:27,2024-02-19 05:56,2024-02-19 06:47
LAB703795,ENC101622,PT10352,TROP,"Troponin I, High Sensitivity",9,ng/L,0,34,N,STAT,2024-02-19 05:25,2024-02-19 05:47,2024-02-19 06:35
LAB703796,ENC101622,PT10352,BNP,B-Type Natriuretic Peptide,1192,pg/mL,0,100,H,STAT,2024-02-19 04:50,2024-02-19 04:58,2024-02-19 05:58
LAB703797,ENC101623,PT11029,GLU,Glucose,73,mg/dL,70,99,N,Routine,2024-02-19 06:01,2024-02-19 06:10,2024-02-19 10:47
LAB703798,ENC101623,PT11029,CREAT,Creatinine,0.81,mg/dL,0.6,1.3,N,Routine,2024-02-19 06:46,2024-02-19 07:01,2024-02-19 10:00
LAB703799,ENC101623,PT11029,WBC,White Blood Cell Count,8.1,K/uL,4.5,11,N,STAT,2024-02-19 06:05,2024-02-19 06:13,2024-02-19 06:45
LAB703800,ENC101623,PT11029,HGB,Hemoglobin,14,g/dL,12,17.5,N,STAT,2024-02-19 06:43,2024-02-19 07:09,2024-02-19 08:01
LAB703801,ENC101627,PT13677,GLU,Glucose,107,mg/dL,70,99,H,STAT,2024-02-19 14:42,2024-02-19 15:01,2024-02-19 15:28
LAB703802,ENC101627,PT13677,CREAT,Creatinine,0.77,mg/dL,0.6,1.3,N,Routine,2024-02-19 14:23,2024-02-19 14:29,2024-02-19 18:28
LAB703803,ENC101627,PT13677,WBC,White Blood Cell Count,8.3,K/uL,4.5,11,N,STAT,2024-02-19 14:15,2024-02-19 14:23,2024-02-19 14:52
LAB703804,ENC101627,PT13677,HGB,Hemoglobin,13.7,g/dL,12,17.5,N,Routine,2024-02-19 14:38,2024-02-19 15:12,2024-02-19 17:42
LAB703805,ENC101627,PT13677,TROP,"Troponin I, High Sensitivity",40,ng/L,0,34,H,STAT,2024-02-19 14:42,2024-02-19 14:47,2024-02-19 15:46
LAB703806,ENC101627,PT13677,BNP,B-Type Natriuretic Peptide,761,pg/mL,0,100,H,Routine,2024-02-19 14:34,2024-02-19 14:43,2024-02-19 17:21
LAB703807,ENC101629,PT12197,A1C,Hemoglobin A1c,8.5,%,4,5.6,H,Routine,2024-02-19 09:57,2024-02-19 10:30,2024-02-20 08:24
LAB703808,ENC101629,PT12197,GLU,Glucose,279,mg/dL,70,99,H,Routine,2024-02-19 10:05,2024-02-19 10:25,2024-02-19 12:49
LAB703809,ENC101629,PT12197,CREAT,Creatinine,0.6,mg/dL,0.6,1.3,N,Routine,2024-02-19 09:59,2024-02-19 10:13,2024-02-19 12:36
LAB703810,ENC101631,PT13400,GLU,Glucose,117,mg/dL,70,99,H,STAT,2024-02-19 11:24,2024-02-19 11:53,2024-02-19 12:26
LAB703811,ENC101631,PT13400,CREAT,Creatinine,0.92,mg/dL,0.6,1.3,N,STAT,2024-02-19 11:14,2024-02-19 11:23,2024-02-19 12:08
LAB703812,ENC101631,PT13400,WBC,White Blood Cell Count,15.2,K/uL,4.5,11,H,Routine,2024-02-19 11:13,2024-02-19 11:39,2024-02-19 12:19
LAB703813,ENC101631,PT13400,HGB,Hemoglobin,14.1,g/dL,12,17.5,N,STAT,2024-02-19 10:50,2024-02-19 11:03,2024-02-19 12:04
LAB703814,ENC101632,PT11015,WBC,White Blood Cell Count,7.8,K/uL,4.5,11,N,Routine,2024-02-19 11:59,2024-02-19 12:28,2024-02-19 16:54
LAB703815,ENC101632,PT11015,HGB,Hemoglobin,15.8,g/dL,12,17.5,N,Routine,2024-02-19 11:52,2024-02-19 12:23,2024-02-19 14:56
LAB703816,ENC101632,PT11015,PLT,Platelet Count,229,K/uL,150,400,N,Routine,2024-02-19 12:15,2024-02-19 12:47,2024-02-19 16:23
LAB703817,ENC101634,PT13595,GLU,Glucose,89,mg/dL,70,99,N,STAT,2024-02-19 14:19,2024-02-19 14:42,2024-02-19 15:11
LAB703818,ENC101634,PT13595,CREAT,Creatinine,1.37,mg/dL,0.6,1.3,H,Routine,2024-02-19 15:27,2024-02-19 15:59,2024-02-19 17:04
LAB703819,ENC101634,PT13595,WBC,White Blood Cell Count,8.3,K/uL,4.5,11,N,Routine,2024-02-19 15:17,2024-02-19 15:33,2024-02-19 19:18
LAB703820,ENC101634,PT13595,HGB,Hemoglobin,14.5,g/dL,12,17.5,N,STAT,2024-02-19 15:07,2024-02-19 15:15,2024-02-19 16:13
LAB703821,ENC101638,PT11435,GLU,Glucose,104,mg/dL,70,99,H,STAT,2024-02-19 13:56,2024-02-19 14:21,2024-02-19 15:02
LAB703822,ENC101638,PT11435,CREAT,Creatinine,2.01,mg/dL,0.6,1.3,H,Routine,2024-02-19 14:00,2024-02-19 14:05,2024-02-19 17:54
LAB703823,ENC101638,PT11435,WBC,White Blood Cell Count,8.4,K/uL,4.5,11,N,STAT,2024-02-19 13:36,2024-02-19 13:51,2024-02-19 14:54
LAB703824,ENC101638,PT11435,TROP,"Troponin I, High Sensitivity",1,ng/L,0,34,N,STAT,2024-02-19 14:03,2024-02-19 14:38,2024-02-19 14:56
LAB703825,ENC101643,PT10001,TROP,"Troponin I, High Sensitivity",4,ng/L,0,34,N,STAT,2024-02-19 14:39,2024-02-19 15:04,2024-02-19 15:53
LAB703826,ENC101644,PT11692,GLU,Glucose,120,mg/dL,70,99,H,STAT,2024-02-19 14:33,2024-02-19 15:08,2024-02-19 17:13
LAB703827,ENC101644,PT11692,CREAT,Creatinine,0.24,mg/dL,0.6,1.3,L,STAT,2024-02-19 14:33,2024-02-19 15:08,2024-02-19 16:44
LAB703828,ENC101644,PT11692,WBC,White Blood Cell Count,9.4,K/uL,4.5,11,N,STAT,2024-02-19 14:56,2024-02-19 15:12,2024-02-19 16:03
LAB703829,ENC101644,PT11692,HGB,Hemoglobin,15.8,g/dL,12,17.5,N,Routine,2024-02-19 15:04,2024-02-19 15:17,2024-02-19 16:48
LAB703830,ENC101649,PT11738,GLU,Glucose,141,mg/dL,70,99,H,STAT,2024-02-19 19:19,2024-02-19 19:37,2024-02-19 20:26
LAB703831,ENC101649,PT11738,CREAT,Creatinine,1.14,mg/dL,0.6,1.3,N,Routine,2024-02-19 19:48,2024-02-19 20:23,2024-02-20 06:29
LAB703832,ENC101649,PT11738,WBC,White Blood Cell Count,4.7,K/uL,4.5,11,N,STAT,2024-02-19 19:41,2024-02-19 20:06,2024-02-19 21:00
LAB703833,ENC101649,PT11738,HGB,Hemoglobin,14.1,g/dL,12,17.5,N,STAT,2024-02-19 19:05,2024-02-19 19:19,2024-02-19 20:26
LAB703834,ENC101649,PT11738,NA,Sodium,135,mmol/L,136,145,L,STAT,2024-02-19 19:40,2024-02-19 19:59,2024-02-19 21:11
LAB703835,ENC101649,PT11738,K,Potassium,4.6,mmol/L,3.5,5.1,N,STAT,2024-02-19 19:45,2024-02-19 20:17,2024-02-19 20:52
LAB703836,ENC101649,PT11738,TROP,"Troponin I, High Sensitivity",92,ng/L,0,34,H,STAT,2024-02-19 19:49,2024-02-19 19:57,2024-02-19 20:19
LAB703837,ENC101649,PT11738,BNP,B-Type Natriuretic Peptide,1170,pg/mL,0,100,H,STAT,2024-02-19 19:23,2024-02-19 19:45,2024-02-19 20:36
LAB703838,ENC101651,PT12727,GLU,Glucose,126,mg/dL,70,99,H,STAT,2024-02-19 17:22,2024-02-19 17:46,2024-02-19 18:34
LAB703839,ENC101651,PT12727,CREAT,Creatinine,0.77,mg/dL,0.6,1.3,N,Routine,2024-02-19 16:53,2024-02-19 17:28,2024-02-19 20:09
LAB703840,ENC101651,PT12727,WBC,White Blood Cell Count,9.1,K/uL,4.5,11,N,Routine,2024-02-19 17:02,2024-02-19 17:13,2024-02-20 01:02
LAB703841,ENC101651,PT12727,HGB,Hemoglobin,14.6,g/dL,12,17.5,N,STAT,2024-02-19 16:45,2024-02-19 17:00,2024-02-19 17:17
LAB703842,ENC101652,PT10973,GLU,Glucose,134,mg/dL,70,99,H,Routine,2024-02-19 17:45,2024-02-19 18:06,2024-02-19 21:42
LAB703843,ENC101652,PT10973,CREAT,Creatinine,0.97,mg/dL,0.6,1.3,N,STAT,2024-02-19 17:23,2024-02-19 17:57,2024-02-19 19:18
LAB703844,ENC101653,PT13484,GLU,Glucose,177,mg/dL,70,99,H,Routine,2024-02-19 22:38,2024-02-19 23:00,2024-02-20 03:45
LAB703845,ENC101653,PT13484,CREAT,Creatinine,0.49,mg/dL,0.6,1.3,L,STAT,2024-02-19 22:32,2024-02-19 23:03,2024-02-19 23:24
LAB703846,ENC101653,PT13484,WBC,White Blood Cell Count,8.8,K/uL,4.5,11,N,STAT,2024-02-19 22:17,2024-02-19 22:29,2024-02-19 23:17
LAB703847,ENC101653,PT13484,HGB,Hemoglobin,13,g/dL,12,17.5,N,STAT,2024-02-19 22:16,2024-02-19 22:21,2024-02-19 23:07
LAB703848,ENC101653,PT13484,NA,Sodium,140,mmol/L,136,145,N,STAT,2024-02-19 22:35,2024-02-19 22:56,2024-02-19 23:17
LAB703849,ENC101653,PT13484,K,Potassium,4.1,mmol/L,3.5,5.1,N,STAT,2024-02-19 21:56,2024-02-19 22:08,2024-02-19 22:42
LAB703850,ENC101655,PT12031,GLU,Glucose,95,mg/dL,70,99,N,STAT,2024-02-19 19:56,2024-02-19 20:30,2024-02-19 21:14
LAB703851,ENC101655,PT12031,CREAT,Creatinine,1.13,mg/dL,0.6,1.3,N,Routine,2024-02-19 19:05,2024-02-19 19:36,2024-02-19 21:46
LAB703852,ENC101655,PT12031,WBC,White Blood Cell Count,6.3,K/uL,4.5,11,N,STAT,2024-02-19 19:48,2024-02-19 20:13,2024-02-19 20:58
LAB703853,ENC101655,PT12031,HGB,Hemoglobin,12.4,g/dL,12,17.5,N,STAT,2024-02-19 19:06,2024-02-19 19:18,2024-02-19 19:56
LAB703854,ENC101656,PT10646,GLU,Glucose,85,mg/dL,70,99,N,Routine,2024-02-19 19:53,2024-02-19 20:21,2024-02-19 22:09
LAB703855,ENC101656,PT10646,CREAT,Creatinine,0.62,mg/dL,0.6,1.3,N,STAT,2024-02-19 19:57,2024-02-19 20:12,2024-02-19 21:07
LAB703856,ENC101656,PT10646,WBC,White Blood Cell Count,6.7,K/uL,4.5,11,N,STAT,2024-02-19 19:38,2024-02-19 19:54,2024-02-19 20:57
LAB703857,ENC101656,PT10646,HGB,Hemoglobin,14.4,g/dL,12,17.5,N,STAT,2024-02-19 19:48,2024-02-19 20:07,2024-02-19 20:51
LAB703858,ENC101656,PT10646,NA,Sodium,138,mmol/L,136,145,N,Routine,2024-02-19 20:11,2024-02-19 20:18,2024-02-19 22:52
LAB703859,ENC101656,PT10646,K,Potassium,4.2,mmol/L,3.5,5.1,N,STAT,2024-02-19 20:13,2024-02-19 20:18,2024-02-19 21:47
LAB703860,ENC101657,PT12039,GLU,Glucose,112,mg/dL,70,99,H,STAT,2024-02-19 19:46,2024-02-19 20:05,2024-02-19 20:55
LAB703861,ENC101657,PT12039,CREAT,Creatinine,1.16,mg/dL,0.6,1.3,N,Routine,2024-02-19 19:56,2024-02-19 20:30,2024-02-19 22:00
LAB703862,ENC101657,PT12039,WBC,White Blood Cell Count,10,K/uL,4.5,11,N,Routine,2024-02-19 20:48,2024-02-19 21:14,2024-02-19 22:31
LAB703863,ENC101657,PT12039,HGB,Hemoglobin,14.2,g/dL,12,17.5,N,Routine,2024-02-19 20:29,2024-02-19 20:45,2024-02-20 00:15
LAB703864,ENC101658,PT12809,GLU,Glucose,77,mg/dL,70,99,N,Routine,2024-02-19 20:36,2024-02-19 21:06,2024-02-19 22:42
LAB703865,ENC101658,PT12809,CREAT,Creatinine,0.82,mg/dL,0.6,1.3,N,STAT,2024-02-19 20:38,2024-02-19 21:10,2024-02-19 21:25
LAB703866,ENC101658,PT12809,WBC,White Blood Cell Count,4.2,K/uL,4.5,11,L,Routine,2024-02-19 21:00,2024-02-19 21:10,2024-02-19 22:48
LAB703867,ENC101658,PT12809,HGB,Hemoglobin,13.6,g/dL,12,17.5,N,Routine,2024-02-19 21:11,2024-02-19 21:41,2024-02-20 01:15
LAB703868,ENC101659,PT11216,GLU,Glucose,104,mg/dL,70,99,H,Routine,2024-02-19 21:10,2024-02-19 21:20,2024-02-20 02:06
LAB703869,ENC101659,PT11216,CREAT,Creatinine,0.97,mg/dL,0.6,1.3,N,Routine,2024-02-19 21:53,2024-02-19 22:05,2024-02-20 03:59
LAB703870,ENC101659,PT11216,WBC,White Blood Cell Count,0.5,K/uL,4.5,11,LL,STAT,2024-02-19 22:01,2024-02-19 22:18,2024-02-19 23:28
LAB703871,ENC101659,PT11216,HGB,Hemoglobin,11.6,g/dL,12,17.5,L,Routine,2024-02-19 21:56,2024-02-19 22:15,2024-02-20 01:07
LAB703872,ENC101659,PT11216,NA,Sodium,135,mmol/L,136,145,L,STAT,2024-02-19 22:01,2024-02-19 22:33,2024-02-19 23:37
LAB703873,ENC101659,PT11216,K,Potassium,3.7,mmol/L,3.5,5.1,N,STAT,2024-02-19 21:12,2024-02-19 21:43,2024-02-19 22:12
LAB703874,ENC101659,PT11216,BUN,Blood Urea Nitrogen,13,mg/dL,7,20,N,Routine,2024-02-19 21:16,2024-02-19 21:23,2024-02-19 23:16
LAB703875,ENC101659,PT11216,PLT,Platelet Count,17,K/uL,150,400,LL,Routine,2024-02-19 21:31,2024-02-19 22:06,2024-02-20 00:20
LAB703876,ENC101660,PT10629,GLU,Glucose,118,mg/dL,70,99,H,Routine,2024-02-19 22:25,2024-02-19 22:55,2024-02-20 03:43
LAB703877,ENC101660,PT10629,CREAT,Creatinine,0.77,mg/dL,0.6,1.3,N,STAT,2024-02-19 22:45,2024-02-19 22:53,2024-02-19 23:45
LAB703878,ENC101661,PT11836,GLU,Glucose,137,mg/dL,70,99,H,STAT,2024-02-19 22:26,2024-02-19 22:50,2024-02-19 23:39
LAB703879,ENC101661,PT11836,CREAT,Creatinine,0.64,mg/dL,0.6,1.3,N,STAT,2024-02-19 22:41,2024-02-19 23:11,2024-02-19 23:27
LAB703880,ENC101662,PT12664,GLU,Glucose,106,mg/dL,70,99,H,STAT,2024-02-20 03:41,2024-02-20 03:57,2024-02-20 04:40
LAB703881,ENC101662,PT12664,CREAT,Creatinine,0.65,mg/dL,0.6,1.3,N,Routine,2024-02-20 02:39,2024-02-20 03:00,2024-02-20 05:13
LAB703882,ENC101662,PT12664,WBC,White Blood Cell Count,5,K/uL,4.5,11,N,STAT,2024-02-20 03:42,2024-02-20 04:02,2024-02-20 04:25
LAB703883,ENC101662,PT12664,HGB,Hemoglobin,14.3,g/dL,12,17.5,N,STAT,2024-02-20 03:38,2024-02-20 03:50,2024-02-20 04:34
LAB703884,ENC101663,PT10218,GLU,Glucose,120,mg/dL,70,99,H,STAT,2024-02-20 01:36,2024-02-20 01:42,2024-02-20 02:24
LAB703885,ENC101663,PT10218,CREAT,Creatinine,0.92,mg/dL,0.6,1.3,N,STAT,2024-02-20 01:14,2024-02-20 01:20,2024-02-20 03:11
LAB703886,ENC101664,PT11665,GLU,Glucose,97,mg/dL,70,99,N,Routine,2024-02-20 04:45,2024-02-20 05:09,2024-02-20 07:02
LAB703887,ENC101664,PT11665,CREAT,Creatinine,2.28,mg/dL,0.6,1.3,H,Routine,2024-02-20 05:31,2024-02-20 05:55,2024-02-20 08:08
LAB703888,ENC101664,PT11665,WBC,White Blood Cell Count,12.4,K/uL,4.5,11,H,STAT,2024-02-20 05:24,2024-02-20 05:50,2024-02-20 06:29
LAB703889,ENC101664,PT11665,HGB,Hemoglobin,13.8,g/dL,12,17.5,N,STAT,2024-02-20 04:35,2024-02-20 04:47,2024-02-20 05:47
LAB703890,ENC101664,PT11665,NA,Sodium,139,mmol/L,136,145,N,STAT,2024-02-20 05:23,2024-02-20 05:46,2024-02-20 06:12
LAB703891,ENC101664,PT11665,K,Potassium,4.3,mmol/L,3.5,5.1,N,STAT,2024-02-20 04:46,2024-02-20 05:16,2024-02-20 06:13
LAB703892,ENC101664,PT11665,LACT,Lactate,2.2,mmol/L,0.5,2,H,STAT,2024-02-20 04:35,2024-02-20 04:59,2024-02-20 05:43
LAB703893,ENC101665,PT10490,GLU,Glucose,135,mg/dL,70,99,H,Routine,2024-02-20 04:34,2024-02-20 05:09,2024-02-20 07:30
LAB703894,ENC101665,PT10490,CREAT,Creatinine,1.03,mg/dL,0.6,1.3,N,STAT,2024-02-20 05:21,2024-02-20 05:33,2024-02-20 06:11
LAB703895,ENC101665,PT10490,WBC,White Blood Cell Count,4.7,K/uL,4.5,11,N,Routine,2024-02-20 04:55,2024-02-20 05:18,2024-02-20 07:49
LAB703896,ENC101665,PT10490,HGB,Hemoglobin,12.9,g/dL,12,17.5,N,Routine,2024-02-20 04:41,2024-02-20 05:03,2024-02-20 19:31
LAB703897,ENC101665,PT10490,BUN,Blood Urea Nitrogen,21,mg/dL,7,20,H,STAT,2024-02-20 04:27,2024-02-20 04:40,2024-02-20 05:20
LAB703898,ENC101665,PT10490,PLT,Platelet Count,275,K/uL,150,400,N,STAT,2024-02-20 04:56,2024-02-20 05:28,2024-02-20 06:43
LAB703899,ENC101667,PT13077,GLU,Glucose,115,mg/dL,70,99,H,STAT,2024-02-20 05:16,2024-02-20 05:23,2024-02-20 06:32
LAB703900,ENC101667,PT13077,CREAT,Creatinine,1.18,mg/dL,0.6,1.3,N,STAT,2024-02-20 04:56,2024-02-20 05:03,2024-02-20 05:23
LAB703901,ENC101667,PT13077,WBC,White Blood Cell Count,8.7,K/uL,4.5,11,N,STAT,2024-02-20 04:33,2024-02-20 04:51,2024-02-20 06:09
LAB703902,ENC101667,PT13077,TROP,"Troponin I, High Sensitivity",8,ng/L,0,34,N,STAT,2024-02-20 04:41,2024-02-20 05:12,2024-02-20 05:51
LAB703903,ENC101668,PT10318,A1C,Hemoglobin A1c,6.1,%,4,5.6,H,Routine,2024-02-20 08:42,2024-02-20 08:58,2024-02-21 06:34
LAB703904,ENC101668,PT10318,GLU,Glucose,122,mg/dL,70,99,H,Routine,2024-02-20 08:43,2024-02-20 09:00,2024-02-20 11:38
LAB703905,ENC101668,PT10318,CREAT,Creatinine,0.95,mg/dL,0.6,1.3,N,Routine,2024-02-20 08:55,2024-02-20 09:21,2024-02-20 13:29
LAB703906,ENC101673,PT13995,LDL,LDL Cholesterol,39,mg/dL,0,99,N,Routine,2024-02-20 10:37,2024-02-20 11:02,2024-02-20 18:16
LAB703907,ENC101673,PT13995,A1C,Hemoglobin A1c,4.7,%,4,5.6,N,Routine,2024-02-20 10:49,2024-02-20 11:22,2024-02-21 07:39
LAB703908,ENC101676,PT10378,GLU,Glucose,70,mg/dL,70,99,N,STAT,2024-02-20 11:34,2024-02-20 11:53,2024-02-20 12:50
LAB703909,ENC101676,PT10378,CREAT,Creatinine,1.07,mg/dL,0.6,1.3,N,STAT,2024-02-20 12:26,2024-02-20 12:58,2024-02-20 13:45
LAB703910,ENC101678,PT11310,A1C,Hemoglobin A1c,8.4,%,4,5.6,H,Routine,2024-02-20 11:55,2024-02-20 12:24,2024-02-22 01:43
LAB703911,ENC101680,PT12311,GLU,Glucose,102,mg/dL,70,99,H,Routine,2024-02-20 13:12,2024-02-20 13:33,2024-02-20 18:21
LAB703912,ENC101680,PT12311,CREAT,Creatinine,0.68,mg/dL,0.6,1.3,N,STAT,2024-02-20 13:12,2024-02-20 13:46,2024-02-20 14:08
LAB703913,ENC101680,PT12311,WBC,White Blood Cell Count,9.8,K/uL,4.5,11,N,STAT,2024-02-20 13:07,2024-02-20 13:24,2024-02-20 13:47
LAB703914,ENC101680,PT12311,HGB,Hemoglobin,16,g/dL,12,17.5,N,Routine,2024-02-20 12:55,2024-02-20 13:25,2024-02-20 19:06
LAB703915,ENC101681,PT11155,A1C,Hemoglobin A1c,6.8,%,4,5.6,H,Routine,2024-02-20 12:54,2024-02-20 13:26,2024-02-20 20:31
LAB703916,ENC101685,PT13034,GLU,Glucose,110,mg/dL,70,99,H,STAT,2024-02-20 17:57,2024-02-20 18:31,2024-02-20 19:46
LAB703917,ENC101685,PT13034,CREAT,Creatinine,1.12,mg/dL,0.6,1.3,N,Routine,2024-02-20 18:53,2024-02-20 18:57,2024-02-20 22:30
LAB703918,ENC101685,PT13034,WBC,White Blood Cell Count,16,K/uL,4.5,11,H,STAT,2024-02-20 18:06,2024-02-20 18:17,2024-02-20 18:59
LAB703919,ENC101685,PT13034,HGB,Hemoglobin,14.8,g/dL,12,17.5,N,Routine,2024-02-20 18:52,2024-02-20 19:02,2024-02-20 23:35
LAB703920,ENC101687,PT12878,LDL,LDL Cholesterol,98,mg/dL,0,99,N,Routine,2024-02-20 15:06,2024-02-20 15:34,2024-02-21 15:59
LAB703921,ENC101687,PT12878,A1C,Hemoglobin A1c,5.6,%,4,5.6,N,Routine,2024-02-20 15:22,2024-02-20 15:49,2024-02-21 04:33
LAB703922,ENC101688,PT13874,GLU,Glucose,206,mg/dL,70,99,H,STAT,2024-02-20 19:23,2024-02-20 19:48,2024-02-20 20:49
LAB703923,ENC101688,PT13874,CREAT,Creatinine,2.29,mg/dL,0.6,1.3,H,STAT,2024-02-20 19:56,2024-02-20 20:27,2024-02-20 21:55
LAB703924,ENC101688,PT13874,WBC,White Blood Cell Count,12.1,K/uL,4.5,11,H,Routine,2024-02-20 19:35,2024-02-20 19:55,2024-02-20 23:05
LAB703925,ENC101688,PT13874,HGB,Hemoglobin,11.3,g/dL,12,17.5,L,STAT,2024-02-20 20:03,2024-02-20 20:18,2024-02-20 21:58
LAB703926,ENC101689,PT12560,GLU,Glucose,85,mg/dL,70,99,N,STAT,2024-02-20 16:26,2024-02-20 16:33,2024-02-20 17:25
LAB703927,ENC101689,PT12560,CREAT,Creatinine,0.8,mg/dL,0.6,1.3,N,STAT,2024-02-20 15:52,2024-02-20 16:10,2024-02-20 16:38
LAB703928,ENC101689,PT12560,WBC,White Blood Cell Count,10.7,K/uL,4.5,11,N,STAT,2024-02-20 16:55,2024-02-20 17:20,2024-02-20 18:01
LAB703929,ENC101689,PT12560,HGB,Hemoglobin,12.6,g/dL,12,17.5,N,STAT,2024-02-20 16:11,2024-02-20 16:28,2024-02-20 16:59
LAB703930,ENC101694,PT10743,LDL,LDL Cholesterol,154,mg/dL,0,99,H,Routine,2024-02-20 16:55,2024-02-20 17:21,2024-02-21 08:30
LAB703931,ENC101697,PT10723,GLU,Glucose,113,mg/dL,70,99,H,STAT,2024-02-20 17:55,2024-02-20 18:05,2024-02-20 20:28
LAB703932,ENC101697,PT10723,CREAT,Creatinine,0.94,mg/dL,0.6,1.3,N,STAT,2024-02-20 18:09,2024-02-20 18:38,2024-02-20 19:34
LAB703933,ENC101697,PT10723,WBC,White Blood Cell Count,8,K/uL,4.5,11,N,STAT,2024-02-20 17:50,2024-02-20 18:20,2024-02-20 18:52
LAB703934,ENC101697,PT10723,HGB,Hemoglobin,13.4,g/dL,12,17.5,N,Routine,2024-02-20 17:47,2024-02-20 18:12,2024-02-20 21:44
LAB703935,ENC101697,PT10723,NA,Sodium,138,mmol/L,136,145,N,Routine,2024-02-20 18:25,2024-02-20 18:44,2024-02-20 19:24
LAB703936,ENC101697,PT10723,K,Potassium,4.9,mmol/L,3.5,5.1,N,STAT,2024-02-20 18:14,2024-02-20 18:30,2024-02-20 19:15
LAB703937,ENC101698,PT10026,GLU,Glucose,90,mg/dL,70,99,N,STAT,2024-02-20 18:57,2024-02-20 19:28,2024-02-20 19:58
LAB703938,ENC101698,PT10026,CREAT,Creatinine,1.06,mg/dL,0.6,1.3,N,STAT,2024-02-20 18:19,2024-02-20 18:47,2024-02-20 19:11
LAB703939,ENC101698,PT10026,WBC,White Blood Cell Count,10.6,K/uL,4.5,11,N,STAT,2024-02-20 18:32,2024-02-20 18:45,2024-02-20 19:25
LAB703940,ENC101699,PT10834,GLU,Glucose,106,mg/dL,70,99,H,STAT,2024-02-20 19:08,2024-02-20 19:36,2024-02-20 20:42
LAB703941,ENC101699,PT10834,CREAT,Creatinine,0.65,mg/dL,0.6,1.3,N,STAT,2024-02-20 18:59,2024-02-20 19:31,2024-02-20 20:27
LAB703942,ENC101699,PT10834,WBC,White Blood Cell Count,9.5,K/uL,4.5,11,N,Routine,2024-02-20 18:10,2024-02-20 18:42,2024-02-20 22:44
LAB703943,ENC101699,PT10834,HGB,Hemoglobin,11.5,g/dL,12,17.5,L,STAT,2024-02-20 18:38,2024-02-20 18:58,2024-02-20 19:21
LAB703944,ENC101699,PT10834,NA,Sodium,138,mmol/L,136,145,N,Routine,2024-02-20 18:24,2024-02-20 18:39,2024-02-20 21:04
LAB703945,ENC101699,PT10834,K,Potassium,4.4,mmol/L,3.5,5.1,N,STAT,2024-02-20 18:30,2024-02-20 18:51,2024-02-20 19:16
LAB703946,ENC101699,PT10834,BUN,Blood Urea Nitrogen,11,mg/dL,7,20,N,Routine,2024-02-20 18:41,2024-02-20 19:06,2024-02-20 23:03
LAB703947,ENC101699,PT10834,PLT,Platelet Count,235,K/uL,150,400,N,Routine,2024-02-20 18:23,2024-02-20 18:32,2024-02-20 22:20
LAB703948,ENC101700,PT10167,GLU,Glucose,126,mg/dL,70,99,H,STAT,2024-02-20 20:36,2024-02-20 20:58,2024-02-20 21:29
LAB703949,ENC101700,PT10167,CREAT,Creatinine,1.11,mg/dL,0.6,1.3,N,STAT,2024-02-20 20:14,2024-02-20 20:28,2024-02-20 21:05
LAB703950,ENC101700,PT10167,WBC,White Blood Cell Count,8.2,K/uL,4.5,11,N,STAT,2024-02-20 20:04,2024-02-20 20:14,2024-02-20 20:47
LAB703951,ENC101700,PT10167,HGB,Hemoglobin,10.5,g/dL,12,17.5,L,STAT,2024-02-20 20:21,2024-02-20 20:53,2024-02-20 22:16
LAB703952,ENC101700,PT10167,LACT,Lactate,3.3,mmol/L,0.5,2,H,STAT,2024-02-20 20:43,2024-02-20 20:57,2024-02-20 21:43
LAB703953,ENC101700,PT10167,INR,Prothrombin Time INR,1.1,ratio,0.8,1.2,N,Routine,2024-02-20 21:04,2024-02-20 21:33,2024-02-21 02:47
LAB703954,ENC101701,PT11475,GLU,Glucose,101,mg/dL,70,99,H,Routine,2024-02-20 23:06,2024-02-20 23:24,2024-02-21 00:57
LAB703955,ENC101701,PT11475,CREAT,Creatinine,0.47,mg/dL,0.6,1.3,L,STAT,2024-02-20 22:28,2024-02-20 22:57,2024-02-20 23:58
LAB703956,ENC101701,PT11475,WBC,White Blood Cell Count,7.6,K/uL,4.5,11,N,STAT,2024-02-20 23:15,2024-02-20 23:41,2024-02-21 01:14
LAB703957,ENC101701,PT11475,HGB,Hemoglobin,13,g/dL,12,17.5,N,STAT,2024-02-20 22:47,2024-02-20 22:55,2024-02-20 23:54
LAB703958,ENC101701,PT11475,TROP,"Troponin I, High Sensitivity",84,ng/L,0,34,H,STAT,2024-02-20 23:16,2024-02-20 23:47,2024-02-21 00:20
LAB703959,ENC101701,PT11475,BNP,B-Type Natriuretic Peptide,2653,pg/mL,0,100,H,Routine,2024-02-20 23:09,2024-02-20 23:14,2024-02-21 04:16
LAB703960,ENC101702,PT10515,GLU,Glucose,87,mg/dL,70,99,N,Routine,2024-02-20 20:48,2024-02-20 21:09,2024-02-21 01:32
LAB703961,ENC101702,PT10515,CREAT,Creatinine,1.26,mg/dL,0.6,1.3,N,Routine,2024-02-20 20:28,2024-02-20 21:01,2024-02-21 00:46
LAB703962,ENC101702,PT10515,WBC,White Blood Cell Count,7.4,K/uL,4.5,11,N,Routine,2024-02-20 19:57,2024-02-20 20:08,2024-02-21 01:24
LAB703963,ENC101704,PT10464,GLU,Glucose,233,mg/dL,70,99,H,STAT,2024-02-20 22:09,2024-02-20 22:32,2024-02-20 23:20
LAB703964,ENC101704,PT10464,CREAT,Creatinine,0.76,mg/dL,0.6,1.3,N,Routine,2024-02-20 22:16,2024-02-20 22:29,2024-02-21 08:40
LAB703965,ENC101704,PT10464,A1C,Hemoglobin A1c,12.4,%,4,5.6,H,STAT,2024-02-20 22:45,2024-02-20 23:17,2024-02-20 23:55
LAB703966,ENC101705,PT12514,GLU,Glucose,91,mg/dL,70,99,N,STAT,2024-02-21 01:55,2024-02-21 02:09,2024-02-21 03:27
LAB703967,ENC101705,PT12514,CREAT,Creatinine,0.3,mg/dL,0.6,1.3,L,Routine,2024-02-21 01:40,2024-02-21 02:14,2024-02-21 08:23
LAB703968,ENC101705,PT12514,WBC,White Blood Cell Count,9.2,K/uL,4.5,11,N,STAT,2024-02-21 01:18,2024-02-21 01:47,2024-02-21 02:39
LAB703969,ENC101706,PT12681,GLU,Glucose,105,mg/dL,70,99,H,Routine,2024-02-21 05:24,2024-02-21 05:45,2024-02-21 14:34
LAB703970,ENC101706,PT12681,CREAT,Creatinine,0.93,mg/dL,0.6,1.3,N,STAT,2024-02-21 05:19,2024-02-21 05:45,2024-02-21 06:10
LAB703971,ENC101706,PT12681,WBC,White Blood Cell Count,6.9,K/uL,4.5,11,N,Routine,2024-02-21 05:07,2024-02-21 05:15,2024-02-21 06:22
LAB703972,ENC101706,PT12681,HGB,Hemoglobin,9.2,g/dL,12,17.5,L,STAT,2024-02-21 05:04,2024-02-21 05:32,2024-02-21 06:25
LAB703973,ENC101706,PT12681,INR,Prothrombin Time INR,1.2,ratio,0.8,1.2,N,STAT,2024-02-21 04:38,2024-02-21 04:43,2024-02-21 05:07
LAB703974,ENC101707,PT12563,GLU,Glucose,138,mg/dL,70,99,H,Routine,2024-02-21 08:52,2024-02-21 08:58,2024-02-21 10:14
LAB703975,ENC101707,PT12563,CREAT,Creatinine,0.83,mg/dL,0.6,1.3,N,STAT,2024-02-21 09:00,2024-02-21 09:06,2024-02-21 09:40
LAB703976,ENC101707,PT12563,WBC,White Blood Cell Count,19.9,K/uL,4.5,11,H,Routine,2024-02-21 08:45,2024-02-21 09:16,2024-02-21 13:07
LAB703977,ENC101707,PT12563,HGB,Hemoglobin,17.1,g/dL,12,17.5,N,STAT,2024-02-21 09:24,2024-02-21 09:33,2024-02-21 10:25
LAB703978,ENC101708,PT10740,GLU,Glucose,104,mg/dL,70,99,H,Routine,2024-02-21 08:07,2024-02-21 08:29,2024-02-21 09:55
LAB703979,ENC101708,PT10740,CREAT,Creatinine,1.84,mg/dL,0.6,1.3,H,Routine,2024-02-21 07:20,2024-02-21 07:42,2024-02-21 09:41
LAB703980,ENC101709,PT11679,WBC,White Blood Cell Count,8.7,K/uL,4.5,11,N,Routine,2024-02-21 08:15,2024-02-21 08:37,2024-02-21 10:01
LAB703981,ENC101709,PT11679,HGB,Hemoglobin,12.8,g/dL,12,17.5,N,Routine,2024-02-21 08:13,2024-02-21 08:37,2024-02-21 10:01
LAB703982,ENC101709,PT11679,PLT,Platelet Count,200,K/uL,150,400,N,Routine,2024-02-21 08:26,2024-02-21 08:46,2024-02-21 11:07
LAB703983,ENC101710,PT10062,GLU,Glucose,132,mg/dL,70,99,H,Routine,2024-02-21 13:48,2024-02-21 14:02,2024-02-21 17:50
LAB703984,ENC101710,PT10062,CREAT,Creatinine,0.84,mg/dL,0.6,1.3,N,STAT,2024-02-21 13:40,2024-02-21 13:57,2024-02-21 14:51
LAB703985,ENC101710,PT10062,WBC,White Blood Cell Count,5.3,K/uL,4.5,11,N,STAT,2024-02-21 13:29,2024-02-21 13:41,2024-02-21 14:32
LAB703986,ENC101710,PT10062,HGB,Hemoglobin,12.1,g/dL,12,17.5,N,STAT,2024-02-21 13:34,2024-02-21 13:38,2024-02-21 14:10
LAB703987,ENC101712,PT10471,INR,Prothrombin Time INR,1.1,ratio,0.8,1.2,N,STAT,2024-02-21 09:16,2024-02-21 09:21,2024-02-21 10:04
LAB703988,ENC101714,PT10753,LDL,LDL Cholesterol,114,mg/dL,0,99,H,Routine,2024-02-21 09:26,2024-02-21 09:45,2024-02-21 17:43
LAB703989,ENC101714,PT10753,A1C,Hemoglobin A1c,5.3,%,4,5.6,N,Routine,2024-02-21 09:42,2024-02-21 10:12,2024-02-22 02:00
LAB703990,ENC101715,PT10874,GLU,Glucose,119,mg/dL,70,99,H,STAT,2024-02-21 13:22,2024-02-21 13:57,2024-02-21 14:33
LAB703991,ENC101715,PT10874,CREAT,Creatinine,0.87,mg/dL,0.6,1.3,N,Routine,2024-02-21 13:55,2024-02-21 14:06,2024-02-21 16:18
LAB703992,ENC101715,PT10874,WBC,White Blood Cell Count,5.8,K/uL,4.5,11,N,STAT,2024-02-21 13:40,2024-02-21 14:04,2024-02-21 14:51
LAB703993,ENC101715,PT10874,HGB,Hemoglobin,14.2,g/dL,12,17.5,N,STAT,2024-02-21 13:30,2024-02-21 13:37,2024-02-21 14:29
LAB703994,ENC101715,PT10874,NA,Sodium,132,mmol/L,136,145,L,STAT,2024-02-21 13:25,2024-02-21 13:41,2024-02-21 14:05
LAB703995,ENC101715,PT10874,K,Potassium,3.8,mmol/L,3.5,5.1,N,STAT,2024-02-21 13:41,2024-02-21 14:06,2024-02-21 14:45
LAB703996,ENC101716,PT11837,GLU,Glucose,79,mg/dL,70,99,N,STAT,2024-02-21 14:50,2024-02-21 15:08,2024-02-21 15:56
LAB703997,ENC101716,PT11837,CREAT,Creatinine,0.93,mg/dL,0.6,1.3,N,Routine,2024-02-21 13:43,2024-02-21 13:51,2024-02-21 19:17
LAB703998,ENC101716,PT11837,WBC,White Blood Cell Count,6.7,K/uL,4.5,11,N,STAT,2024-02-21 14:01,2024-02-21 14:28,2024-02-21 15:07
LAB703999,ENC101716,PT11837,HGB,Hemoglobin,14.1,g/dL,12,17.5,N,Routine,2024-02-21 14:00,2024-02-21 14:20,2024-02-21 15:51
LAB704000,ENC101716,PT11837,BUN,Blood Urea Nitrogen,14,mg/dL,7,20,N,STAT,2024-02-21 13:44,2024-02-21 14:15,2024-02-21 16:31
LAB704001,ENC101716,PT11837,PLT,Platelet Count,172,K/uL,150,400,N,STAT,2024-02-21 14:46,2024-02-21 15:00,2024-02-21 15:53
LAB704002,ENC101719,PT12267,GLU,Glucose,96,mg/dL,70,99,N,STAT,2024-02-21 16:13,2024-02-21 16:35,2024-02-21 17:22
LAB704003,ENC101719,PT12267,CREAT,Creatinine,0.93,mg/dL,0.6,1.3,N,Routine,2024-02-21 16:46,2024-02-21 17:08,2024-02-21 22:07
LAB704004,ENC101719,PT12267,WBC,White Blood Cell Count,6.4,K/uL,4.5,11,N,Routine,2024-02-21 16:58,2024-02-21 17:33,2024-02-21 19:28
LAB704005,ENC101719,PT12267,HGB,Hemoglobin,10.6,g/dL,12,17.5,L,STAT,2024-02-21 16:35,2024-02-21 16:55,2024-02-21 18:30
LAB704006,ENC101721,PT13059,GLU,Glucose,111,mg/dL,70,99,H,Routine,2024-02-21 16:37,2024-02-21 16:44,2024-02-21 20:25
LAB704007,ENC101721,PT13059,CREAT,Creatinine,0.42,mg/dL,0.6,1.3,L,Routine,2024-02-21 15:47,2024-02-21 16:20,2024-02-21 18:04
LAB704008,ENC101721,PT13059,WBC,White Blood Cell Count,12.9,K/uL,4.5,11,H,STAT,2024-02-21 16:10,2024-02-21 16:45,2024-02-21 17:31
LAB704009,ENC101721,PT13059,HGB,Hemoglobin,15.4,g/dL,12,17.5,N,Routine,2024-02-21 16:40,2024-02-21 17:02,2024-02-21 19:40
LAB704010,ENC101721,PT13059,NA,Sodium,142,mmol/L,136,145,N,STAT,2024-02-21 16:21,2024-02-21 16:46,2024-02-21 17:30
LAB704011,ENC101721,PT13059,K,Potassium,3.9,mmol/L,3.5,5.1,N,STAT,2024-02-21 16:41,2024-02-21 16:46,2024-02-21 18:50
LAB704012,ENC101722,PT13682,GLU,Glucose,115,mg/dL,70,99,H,Routine,2024-02-21 15:49,2024-02-21 16:06,2024-02-21 19:35
LAB704013,ENC101722,PT13682,CREAT,Creatinine,0.81,mg/dL,0.6,1.3,N,STAT,2024-02-21 14:58,2024-02-21 15:24,2024-02-21 16:24
LAB704014,ENC101722,PT13682,WBC,White Blood Cell Count,8,K/uL,4.5,11,N,STAT,2024-02-21 14:53,2024-02-21 14:58,2024-02-21 16:34
LAB704015,ENC101722,PT13682,HGB,Hemoglobin,15.3,g/dL,12,17.5,N,Routine,2024-02-21 15:52,2024-02-21 16:10,2024-02-21 18:36
LAB704016,ENC101724,PT13067,GLU,Glucose,90,mg/dL,70,99,N,STAT,2024-02-21 16:45,2024-02-21 17:00,2024-02-21 17:36
LAB704017,ENC101724,PT13067,CREAT,Creatinine,0.93,mg/dL,0.6,1.3,N,STAT,2024-02-21 17:14,2024-02-21 17:23,2024-02-21 18:27
LAB704018,ENC101724,PT13067,WBC,White Blood Cell Count,3,K/uL,4.5,11,L,STAT,2024-02-21 16:59,2024-02-21 17:13,2024-02-21 18:04
LAB704019,ENC101724,PT13067,HGB,Hemoglobin,14.4,g/dL,12,17.5,N,STAT,2024-02-21 16:59,2024-02-21 17:19,2024-02-21 18:10
LAB704020,ENC101725,PT13821,GLU,Glucose,225,mg/dL,70,99,H,STAT,2024-02-21 13:47,2024-02-21 14:15,2024-02-21 15:51
LAB704021,ENC101725,PT13821,CREAT,Creatinine,1.03,mg/dL,0.6,1.3,N,STAT,2024-02-21 14:25,2024-02-21 14:56,2024-02-21 15:33
LAB704022,ENC101725,PT13821,WBC,White Blood Cell Count,9,K/uL,4.5,11,N,STAT,2024-02-21 14:25,2024-02-21 14:56,2024-02-21 16:01
LAB704023,ENC101725,PT13821,HGB,Hemoglobin,14.4,g/dL,12,17.5,N,Routine,2024-02-21 13:45,2024-02-21 14:00,2024-02-21 16:28
LAB704024,ENC101731,PT10348,GLU,Glucose,96,mg/dL,70,99,N,Routine,2024-02-21 14:49,2024-02-21 15:12,2024-02-21 19:42
LAB704025,ENC101731,PT10348,CREAT,Creatinine,0.88,mg/dL,0.6,1.3,N,STAT,2024-02-21 15:02,2024-02-21 15:24,2024-02-21 15:58
LAB704026,ENC101731,PT10348,WBC,White Blood Cell Count,8.2,K/uL,4.5,11,N,STAT,2024-02-21 15:20,2024-02-21 15:28,2024-02-21 15:53
LAB704027,ENC101731,PT10348,HGB,Hemoglobin,12.4,g/dL,12,17.5,N,STAT,2024-02-21 14:58,2024-02-21 15:07,2024-02-21 16:04
LAB704028,ENC101733,PT11308,WBC,White Blood Cell Count,10.2,K/uL,4.5,11,N,Routine,2024-02-21 15:12,2024-02-21 15:31,2024-02-21 18:34
LAB704029,ENC101733,PT11308,HGB,Hemoglobin,12.3,g/dL,12,17.5,N,Routine,2024-02-21 15:00,2024-02-21 15:18,2024-02-21 17:42
LAB704030,ENC101733,PT11308,PLT,Platelet Count,340,K/uL,150,400,N,Routine,2024-02-21 14:54,2024-02-21 15:28,2024-02-21 16:19
LAB704031,ENC101738,PT13655,A1C,Hemoglobin A1c,7.2,%,4,5.6,H,Routine,2024-02-21 16:05,2024-02-21 16:22,2024-02-22 08:52
LAB704032,ENC101739,PT12594,A1C,Hemoglobin A1c,9.2,%,4,5.6,H,Routine,2024-02-21 16:49,2024-02-21 17:08,2024-02-22 06:19
LAB704033,ENC101740,PT11226,A1C,Hemoglobin A1c,4.9,%,4,5.6,N,Routine,2024-02-21 16:41,2024-02-21 16:49,2024-02-21 22:03
LAB704034,ENC101740,PT11226,GLU,Glucose,114,mg/dL,70,99,H,Routine,2024-02-21 16:48,2024-02-21 16:59,2024-02-21 18:17
LAB704035,ENC101740,PT11226,CREAT,Creatinine,0.8,mg/dL,0.6,1.3,N,Routine,2024-02-21 16:40,2024-02-21 17:08,2024-02-21 20:35
LAB704036,ENC101741,PT12804,WBC,White Blood Cell Count,6.4,K/uL,4.5,11,N,Routine,2024-02-21 16:44,2024-02-21 16:52,2024-02-21 18:52
LAB704037,ENC101741,PT12804,HGB,Hemoglobin,13.2,g/dL,12,17.5,N,Routine,2024-02-21 16:39,2024-02-21 16:44,2024-02-21 18:59
LAB704038,ENC101741,PT12804,PLT,Platelet Count,207,K/uL,150,400,N,Routine,2024-02-21 16:44,2024-02-21 17:11,2024-02-21 20:52
LAB704039,ENC101742,PT13511,GLU,Glucose,110,mg/dL,70,99,H,Routine,2024-02-21 18:34,2024-02-21 18:46,2024-02-21 23:36
LAB704040,ENC101742,PT13511,CREAT,Creatinine,0.34,mg/dL,0.6,1.3,L,Routine,2024-02-21 19:09,2024-02-21 19:38,2024-02-21 22:21
LAB704041,ENC101743,PT10020,GLU,Glucose,109,mg/dL,70,99,H,STAT,2024-02-22 00:41,2024-02-22 01:10,2024-02-22 01:56
LAB704042,ENC101743,PT10020,CREAT,Creatinine,1.19,mg/dL,0.6,1.3,N,STAT,2024-02-22 00:48,2024-02-22 00:58,2024-02-22 02:34
LAB704043,ENC101743,PT10020,WBC,White Blood Cell Count,8.8,K/uL,4.5,11,N,STAT,2024-02-22 00:03,2024-02-22 00:17,2024-02-22 01:13
LAB704044,ENC101743,PT10020,HGB,Hemoglobin,14.7,g/dL,12,17.5,N,STAT,2024-02-22 00:40,2024-02-22 00:50,2024-02-22 02:11
LAB704045,ENC101743,PT10020,BUN,Blood Urea Nitrogen,15,mg/dL,7,20,N,STAT,2024-02-22 00:03,2024-02-22 00:28,2024-02-22 01:21
LAB704046,ENC101743,PT10020,PLT,Platelet Count,253,K/uL,150,400,N,STAT,2024-02-22 01:01,2024-02-22 01:06,2024-02-22 02:01
LAB704047,ENC101745,PT11454,GLU,Glucose,109,mg/dL,70,99,H,STAT,2024-02-21 23:04,2024-02-21 23:38,2024-02-22 00:33
LAB704048,ENC101745,PT11454,CREAT,Creatinine,0.89,mg/dL,0.6,1.3,N,STAT,2024-02-21 23:00,2024-02-21 23:27,2024-02-22 00:22
LAB704049,ENC101745,PT11454,WBC,White Blood Cell Count,5.8,K/uL,4.5,11,N,STAT,2024-02-21 23:18,2024-02-21 23:41,2024-02-21 23:57
LAB704050,ENC101745,PT11454,HGB,Hemoglobin,11.9,g/dL,12,17.5,L,Routine,2024-02-21 23:42,2024-02-22 00:01,2024-02-22 02:21
LAB704051,ENC101746,PT10842,GLU,Glucose,122,mg/dL,70,99,H,STAT,2024-02-22 02:13,2024-02-22 02:20,2024-02-22 02:55
LAB704052,ENC101746,PT10842,CREAT,Creatinine,2.01,mg/dL,0.6,1.3,H,Routine,2024-02-22 02:20,2024-02-22 02:42,2024-02-22 06:38
LAB704053,ENC101746,PT10842,WBC,White Blood Cell Count,15.5,K/uL,4.5,11,H,Routine,2024-02-22 02:53,2024-02-22 03:24,2024-02-22 06:18
LAB704054,ENC101746,PT10842,HGB,Hemoglobin,9.9,g/dL,12,17.5,L,STAT,2024-02-22 02:26,2024-02-22 02:37,2024-02-22 03:54
LAB704055,ENC101747,PT13680,GLU,Glucose,105,mg/dL,70,99,H,STAT,2024-02-22 03:11,2024-02-22 03:37,2024-02-22 04:19
LAB704056,ENC101747,PT13680,CREAT,Creatinine,0.92,mg/dL,0.6,1.3,N,Routine,2024-02-22 02:32,2024-02-22 03:04,2024-02-22 05:21
LAB704057,ENC101747,PT13680,WBC,White Blood Cell Count,8,K/uL,4.5,11,N,STAT,2024-02-22 02:44,2024-02-22 02:58,2024-02-22 03:48
LAB704058,ENC101747,PT13680,HGB,Hemoglobin,13.2,g/dL,12,17.5,N,STAT,2024-02-22 02:25,2024-02-22 02:53,2024-02-22 03:24
LAB704059,ENC101750,PT10654,GLU,Glucose,126,mg/dL,70,99,H,STAT,2024-02-22 10:33,2024-02-22 10:57,2024-02-22 12:06
LAB704060,ENC101750,PT10654,CREAT,Creatinine,1.4,mg/dL,0.6,1.3,H,STAT,2024-02-22 10:56,2024-02-22 11:10,2024-02-22 12:22
LAB704061,ENC101750,PT10654,WBC,White Blood Cell Count,7.9,K/uL,4.5,11,N,STAT,2024-02-22 10:04,2024-02-22 10:23,2024-02-22 11:07
LAB704062,ENC101750,PT10654,HGB,Hemoglobin,11.8,g/dL,12,17.5,L,STAT,2024-02-22 09:57,2024-02-22 10:01,2024-02-22 10:57
LAB704063,ENC101754,PT13068,GLU,Glucose,147,mg/dL,70,99,H,STAT,2024-02-22 10:49,2024-02-22 11:01,2024-02-22 11:49
LAB704064,ENC101754,PT13068,CREAT,Creatinine,0.64,mg/dL,0.6,1.3,N,Routine,2024-02-22 10:32,2024-02-22 10:53,2024-02-22 17:31
LAB704065,ENC101754,PT13068,WBC,White Blood Cell Count,10.5,K/uL,4.5,11,N,STAT,2024-02-22 10:16,2024-02-22 10:31,2024-02-22 11:32
LAB704066,ENC101754,PT13068,HGB,Hemoglobin,10.6,g/dL,12,17.5,L,Routine,2024-02-22 10:06,2024-02-22 10:10,2024-02-22 11:54
LAB704067,ENC101754,PT13068,TROP,"Troponin I, High Sensitivity",1,ng/L,0,34,N,STAT,2024-02-22 10:19,2024-02-22 10:33,2024-02-22 11:23
LAB704068,ENC101754,PT13068,BNP,B-Type Natriuretic Peptide,2048,pg/mL,0,100,H,STAT,2024-02-22 09:54,2024-02-22 10:13,2024-02-22 11:47
LAB704069,ENC101760,PT12793,GLU,Glucose,85,mg/dL,70,99,N,STAT,2024-02-22 16:22,2024-02-22 16:44,2024-02-22 17:20
LAB704070,ENC101760,PT12793,CREAT,Creatinine,0.89,mg/dL,0.6,1.3,N,Routine,2024-02-22 16:42,2024-02-22 17:03,2024-02-22 22:33
LAB704071,ENC101760,PT12793,WBC,White Blood Cell Count,13.4,K/uL,4.5,11,H,Routine,2024-02-22 16:38,2024-02-22 16:44,2024-02-22 19:38
LAB704072,ENC101760,PT12793,HGB,Hemoglobin,10.6,g/dL,12,17.5,L,Routine,2024-02-22 16:19,2024-02-22 16:49,2024-02-22 20:06
LAB704073,ENC101761,PT10103,GLU,Glucose,89,mg/dL,70,99,N,STAT,2024-02-22 13:23,2024-02-22 13:50,2024-02-22 14:54
LAB704074,ENC101761,PT10103,CREAT,Creatinine,0.93,mg/dL,0.6,1.3,N,STAT,2024-02-22 12:57,2024-02-22 13:06,2024-02-22 14:14
LAB704075,ENC101761,PT10103,WBC,White Blood Cell Count,6.6,K/uL,4.5,11,N,STAT,2024-02-22 13:36,2024-02-22 14:11,2024-02-22 15:33
LAB704076,ENC101761,PT10103,HGB,Hemoglobin,15.1,g/dL,12,17.5,N,STAT,2024-02-22 13:25,2024-02-22 13:31,2024-02-22 14:10
LAB704077,ENC101763,PT11771,GLU,Glucose,130,mg/dL,70,99,H,STAT,2024-02-22 14:24,2024-02-22 14:29,2024-02-22 15:26
LAB704078,ENC101763,PT11771,CREAT,Creatinine,0.45,mg/dL,0.6,1.3,L,Routine,2024-02-22 14:24,2024-02-22 14:52,2024-02-22 16:38
LAB704079,ENC101765,PT11106,GLU,Glucose,109,mg/dL,70,99,H,STAT,2024-02-22 14:29,2024-02-22 14:52,2024-02-22 15:36
LAB704080,ENC101765,PT11106,CREAT,Creatinine,0.92,mg/dL,0.6,1.3,N,Routine,2024-02-22 13:53,2024-02-22 13:57,2024-02-22 18:15
LAB704081,ENC101768,PT11656,WBC,White Blood Cell Count,11.4,K/uL,4.5,11,H,Routine,2024-02-22 14:34,2024-02-22 15:05,2024-02-22 17:15
LAB704082,ENC101768,PT11656,HGB,Hemoglobin,12.7,g/dL,12,17.5,N,Routine,2024-02-22 14:22,2024-02-22 14:48,2024-02-22 17:16
LAB704083,ENC101768,PT11656,PLT,Platelet Count,260,K/uL,150,400,N,Routine,2024-02-22 14:44,2024-02-22 14:56,2024-02-22 17:31
LAB704084,ENC101770,PT12636,GLU,Glucose,155,mg/dL,70,99,H,Routine,2024-02-22 17:11,2024-02-22 17:46,2024-02-22 21:20
LAB704085,ENC101770,PT12636,CREAT,Creatinine,0.72,mg/dL,0.6,1.3,N,STAT,2024-02-22 17:09,2024-02-22 17:38,2024-02-22 19:03
LAB704086,ENC101770,PT12636,WBC,White Blood Cell Count,12.2,K/uL,4.5,11,H,Routine,2024-02-22 16:51,2024-02-22 17:03,2024-02-22 19:11
LAB704087,ENC101770,PT12636,HGB,Hemoglobin,13.6,g/dL,12,17.5,N,STAT,2024-02-22 17:50,2024-02-22 18:13,2024-02-22 18:55
LAB704088,ENC101771,PT11138,GLU,Glucose,107,mg/dL,70,99,H,STAT,2024-02-22 16:00,2024-02-22 16:10,2024-02-22 16:46
LAB704089,ENC101771,PT11138,CREAT,Creatinine,0.7,mg/dL,0.6,1.3,N,STAT,2024-02-22 15:26,2024-02-22 15:41,2024-02-22 16:25
LAB704090,ENC101771,PT11138,WBC,White Blood Cell Count,5.9,K/uL,4.5,11,N,STAT,2024-02-22 16:13,2024-02-22 16:33,2024-02-22 17:01
LAB704091,ENC101771,PT11138,HGB,Hemoglobin,10.8,g/dL,12,17.5,L,STAT,2024-02-22 16:21,2024-02-22 16:56,2024-02-22 18:37
LAB704092,ENC101771,PT11138,TROP,"Troponin I, High Sensitivity",59,ng/L,0,34,H,STAT,2024-02-22 15:23,2024-02-22 15:42,2024-02-22 16:27
LAB704093,ENC101771,PT11138,BNP,B-Type Natriuretic Peptide,682,pg/mL,0,100,H,STAT,2024-02-22 16:11,2024-02-22 16:42,2024-02-22 17:02
LAB704094,ENC101772,PT11204,GLU,Glucose,128,mg/dL,70,99,H,STAT,2024-02-22 15:47,2024-02-22 16:15,2024-02-22 17:32
LAB704095,ENC101772,PT11204,CREAT,Creatinine,1.91,mg/dL,0.6,1.3,H,STAT,2024-02-22 16:17,2024-02-22 16:28,2024-02-22 17:37
LAB704096,ENC101772,PT11204,WBC,White Blood Cell Count,6,K/uL,4.5,11,N,Routine,2024-02-22 15:57,2024-02-22 16:27,2024-02-22 18:27
LAB704097,ENC101772,PT11204,HGB,Hemoglobin,10.6,g/dL,12,17.5,L,STAT,2024-02-22 16:12,2024-02-22 16:33,2024-02-22 17:13
LAB704098,ENC101772,PT11204,TROP,"Troponin I, High Sensitivity",69,ng/L,0,34,H,STAT,2024-02-22 16:34,2024-02-22 17:08,2024-02-22 17:45
LAB704099,ENC101772,PT11204,BNP,B-Type Natriuretic Peptide,1181,pg/mL,0,100,H,STAT,2024-02-22 16:41,2024-02-22 17:02,2024-02-22 17:27
LAB704100,ENC101775,PT11548,GLU,Glucose,123,mg/dL,70,99,H,STAT,2024-02-22 16:48,2024-02-22 17:14,2024-02-22 17:41
LAB704101,ENC101775,PT11548,CREAT,Creatinine,1.1,mg/dL,0.6,1.3,N,STAT,2024-02-22 17:08,2024-02-22 17:15,2024-02-22 18:05
LAB704102,ENC101775,PT11548,WBC,White Blood Cell Count,9.7,K/uL,4.5,11,N,STAT,2024-02-22 17:07,2024-02-22 17:16,2024-02-22 18:18
LAB704103,ENC101775,PT11548,HGB,Hemoglobin,14,g/dL,12,17.5,N,Routine,2024-02-22 16:40,2024-02-22 16:47,2024-02-22 19:55
LAB704104,ENC101777,PT13929,GLU,Glucose,366,mg/dL,70,99,H,STAT,2024-02-22 17:54,2024-02-22 18:01,2024-02-22 18:46
LAB704105,ENC101777,PT13929,CREAT,Creatinine,1.11,mg/dL,0.6,1.3,N,Routine,2024-02-22 17:11,2024-02-22 17:42,2024-02-22 19:31
LAB704106,ENC101777,PT13929,A1C,Hemoglobin A1c,13.2,%,4,5.6,H,STAT,2024-02-22 17:03,2024-02-22 17:12,2024-02-22 18:05
LAB704107,ENC101779,PT12684,GLU,Glucose,96,mg/dL,70,99,N,Routine,2024-02-22 18:06,2024-02-22 18:22,2024-02-22 20:14
LAB704108,ENC101779,PT12684,CREAT,Creatinine,1.15,mg/dL,0.6,1.3,N,Routine,2024-02-22 17:29,2024-02-22 17:41,2024-02-22 22:34
LAB704109,ENC101780,PT12664,GLU,Glucose,99,mg/dL,70,99,N,STAT,2024-02-22 18:21,2024-02-22 18:53,2024-02-22 19:34
LAB704110,ENC101780,PT12664,CREAT,Creatinine,0.47,mg/dL,0.6,1.3,L,STAT,2024-02-22 18:41,2024-02-22 18:55,2024-02-22 20:13
LAB704111,ENC101782,PT12176,GLU,Glucose,284,mg/dL,70,99,H,STAT,2024-02-22 18:09,2024-02-22 18:42,2024-02-22 19:29
LAB704112,ENC101782,PT12176,CREAT,Creatinine,0.96,mg/dL,0.6,1.3,N,STAT,2024-02-22 18:35,2024-02-22 18:43,2024-02-22 19:16
LAB704113,ENC101782,PT12176,WBC,White Blood Cell Count,7,K/uL,4.5,11,N,STAT,2024-02-22 18:36,2024-02-22 18:56,2024-02-22 19:21
LAB704114,ENC101782,PT12176,HGB,Hemoglobin,9.7,g/dL,12,17.5,L,Routine,2024-02-22 19:02,2024-02-22 19:08,2024-02-22 22:12
LAB704115,ENC101783,PT12174,GLU,Glucose,136,mg/dL,70,99,H,STAT,2024-02-22 22:46,2024-02-22 22:56,2024-02-22 23:40
LAB704116,ENC101783,PT12174,CREAT,Creatinine,0.98,mg/dL,0.6,1.3,N,STAT,2024-02-22 22:45,2024-02-22 23:00,2024-02-23 00:32
LAB704117,ENC101783,PT12174,WBC,White Blood Cell Count,6.9,K/uL,4.5,11,N,STAT,2024-02-22 22:38,2024-02-22 23:08,2024-02-23 00:11
LAB704118,ENC101783,PT12174,HGB,Hemoglobin,14.8,g/dL,12,17.5,N,Routine,2024-02-22 22:31,2024-02-22 23:00,2024-02-23 04:15
LAB704119,ENC101783,PT12174,NA,Sodium,141,mmol/L,136,145,N,STAT,2024-02-22 22:37,2024-02-22 22:41,2024-02-22 23:26
LAB704120,ENC101783,PT12174,K,Potassium,4.4,mmol/L,3.5,5.1,N,STAT,2024-02-22 21:55,2024-02-22 22:04,2024-02-22 22:56
LAB704121,ENC101785,PT13019,GLU,Glucose,111,mg/dL,70,99,H,Routine,2024-02-22 18:42,2024-02-22 18:53,2024-02-22 20:59
LAB704122,ENC101785,PT13019,CREAT,Creatinine,0.95,mg/dL,0.6,1.3,N,STAT,2024-02-22 18:44,2024-02-22 19:04,2024-02-22 19:25
LAB704123,ENC101785,PT13019,WBC,White Blood Cell Count,15.7,K/uL,4.5,11,H,STAT,2024-02-22 19:35,2024-02-22 20:10,2024-02-22 21:18
LAB704124,ENC101785,PT13019,HGB,Hemoglobin,12.7,g/dL,12,17.5,N,STAT,2024-02-22 18:44,2024-02-22 18:50,2024-02-22 19:46
LAB704125,ENC101787,PT12532,GLU,Glucose,101,mg/dL,70,99,H,STAT,2024-02-22 21:12,2024-02-22 21:25,2024-02-22 22:16
LAB704126,ENC101787,PT12532,CREAT,Creatinine,0.51,mg/dL,0.6,1.3,L,STAT,2024-02-22 20:50,2024-02-22 21:08,2024-02-22 21:40
LAB704127,ENC101788,PT13881,GLU,Glucose,103,mg/dL,70,99,H,STAT,2024-02-23 00:51,2024-02-23 01:06,2024-02-23 01:35
LAB704128,ENC101788,PT13881,CREAT,Creatinine,0.95,mg/dL,0.6,1.3,N,STAT,2024-02-23 00:20,2024-02-23 00:30,2024-02-23 01:39
LAB704129,ENC101788,PT13881,WBC,White Blood Cell Count,4,K/uL,4.5,11,L,Routine,2024-02-23 00:27,2024-02-23 00:54,2024-02-23 04:40
LAB704130,ENC101788,PT13881,HGB,Hemoglobin,14,g/dL,12,17.5,N,STAT,2024-02-23 00:36,2024-02-23 00:50,2024-02-23 01:18
LAB704131,ENC101789,PT12113,GLU,Glucose,76,mg/dL,70,99,N,Routine,2024-02-22 23:33,2024-02-22 23:47,2024-02-23 01:02
LAB704132,ENC101789,PT12113,CREAT,Creatinine,1.93,mg/dL,0.6,1.3,H,Routine,2024-02-23 00:34,2024-02-23 01:00,2024-02-23 01:48
LAB704133,ENC101789,PT12113,WBC,White Blood Cell Count,15,K/uL,4.5,11,H,STAT,2024-02-22 23:32,2024-02-22 23:51,2024-02-23 01:04
LAB704134,ENC101789,PT12113,HGB,Hemoglobin,8.6,g/dL,12,17.5,L,STAT,2024-02-22 23:31,2024-02-22 23:35,2024-02-23 00:08
LAB704135,ENC101789,PT12113,LACT,Lactate,5.6,mmol/L,0.5,2,HH,STAT,2024-02-22 23:48,2024-02-23 00:17,2024-02-23 00:56
LAB704136,ENC101790,PT12061,GLU,Glucose,113,mg/dL,70,99,H,Routine,2024-02-22 23:25,2024-02-22 23:37,2024-02-23 01:59
LAB704137,ENC101790,PT12061,CREAT,Creatinine,0.57,mg/dL,0.6,1.3,L,Routine,2024-02-22 23:18,2024-02-22 23:42,2024-02-23 02:22
LAB704138,ENC101790,PT12061,WBC,White Blood Cell Count,16.5,K/uL,4.5,11,H,STAT,2024-02-22 23:28,2024-02-22 23:52,2024-02-23 00:46
LAB704139,ENC101790,PT12061,HGB,Hemoglobin,13.1,g/dL,12,17.5,N,STAT,2024-02-23 00:13,2024-02-23 00:36,2024-02-23 01:07
LAB704140,ENC101792,PT10422,GLU,Glucose,123,mg/dL,70,99,H,STAT,2024-02-23 10:41,2024-02-23 11:06,2024-02-23 11:35
LAB704141,ENC101792,PT10422,CREAT,Creatinine,1.95,mg/dL,0.6,1.3,H,STAT,2024-02-23 09:50,2024-02-23 09:54,2024-02-23 10:32
LAB704142,ENC101792,PT10422,WBC,White Blood Cell Count,9.7,K/uL,4.5,11,N,STAT,2024-02-23 10:28,2024-02-23 10:59,2024-02-23 11:54
LAB704143,ENC101792,PT10422,HGB,Hemoglobin,14.7,g/dL,12,17.5,N,STAT,2024-02-23 09:52,2024-02-23 10:27,2024-02-23 10:56
LAB704144,ENC101792,PT10422,NA,Sodium,140,mmol/L,136,145,N,Routine,2024-02-23 10:33,2024-02-23 10:41,2024-02-23 13:44
LAB704145,ENC101792,PT10422,K,Potassium,5.1,mmol/L,3.5,5.1,N,STAT,2024-02-23 10:05,2024-02-23 10:19,2024-02-23 12:09
LAB704146,ENC101793,PT11824,GLU,Glucose,108,mg/dL,70,99,H,STAT,2024-02-23 08:46,2024-02-23 08:55,2024-02-23 09:51
LAB704147,ENC101793,PT11824,CREAT,Creatinine,1.23,mg/dL,0.6,1.3,N,STAT,2024-02-23 08:32,2024-02-23 08:36,2024-02-23 09:46
LAB704148,ENC101793,PT11824,WBC,White Blood Cell Count,6.7,K/uL,4.5,11,N,STAT,2024-02-23 08:08,2024-02-23 08:19,2024-02-23 09:32
LAB704149,ENC101794,PT11422,LDL,LDL Cholesterol,121,mg/dL,0,99,H,Routine,2024-02-23 08:40,2024-02-23 08:53,2024-02-24 02:18
LAB704150,ENC101798,PT12064,GLU,Glucose,118,mg/dL,70,99,H,STAT,2024-02-23 11:39,2024-02-23 11:49,2024-02-23 12:25
LAB704151,ENC101798,PT12064,CREAT,Creatinine,0.92,mg/dL,0.6,1.3,N,Routine,2024-02-23 11:21,2024-02-23 11:39,2024-02-23 16:12
LAB704152,ENC101798,PT12064,WBC,White Blood Cell Count,5.2,K/uL,4.5,11,N,STAT,2024-02-23 12:01,2024-02-23 12:34,2024-02-23 13:00
LAB704153,ENC101798,PT12064,HGB,Hemoglobin,12.8,g/dL,12,17.5,N,Routine,2024-02-23 11:09,2024-02-23 11:19,2024-02-23 14:56
LAB704154,ENC101798,PT12064,NA,Sodium,140,mmol/L,136,145,N,STAT,2024-02-23 11:42,2024-02-23 12:07,2024-02-23 12:53
LAB704155,ENC101798,PT12064,K,Potassium,4.4,mmol/L,3.5,5.1,N,STAT,2024-02-23 11:40,2024-02-23 12:11,2024-02-23 12:45
LAB704156,ENC101798,PT12064,INR,Prothrombin Time INR,1,ratio,0.8,1.2,N,Routine,2024-02-23 11:37,2024-02-23 11:50,2024-02-23 14:32
LAB704157,ENC101799,PT11366,GLU,Glucose,75,mg/dL,70,99,N,STAT,2024-02-23 10:21,2024-02-23 10:45,2024-02-23 11:10
LAB704158,ENC101799,PT11366,CREAT,Creatinine,0.4,mg/dL,0.6,1.3,L,Routine,2024-02-23 09:37,2024-02-23 10:02,2024-02-23 12:14
LAB704159,ENC101799,PT11366,WBC,White Blood Cell Count,8.9,K/uL,4.5,11,N,STAT,2024-02-23 09:26,2024-02-23 09:57,2024-02-23 11:30
LAB704160,ENC101799,PT11366,HGB,Hemoglobin,13.7,g/dL,12,17.5,N,Routine,2024-02-23 09:38,2024-02-23 09:43,2024-02-23 11:57
LAB704161,ENC101800,PT11472,LDL,LDL Cholesterol,99,mg/dL,0,99,N,Routine,2024-02-23 09:20,2024-02-23 09:54,2024-02-24 06:25
LAB704162,ENC101800,PT11472,TSH,Thyroid Stimulating Hormone,2.35,mIU/L,0.4,4,N,Routine,2024-02-23 09:41,2024-02-23 10:03,2024-02-23 21:16
LAB704163,ENC101804,PT11207,WBC,White Blood Cell Count,7.8,K/uL,4.5,11,N,Routine,2024-02-23 10:29,2024-02-23 11:03,2024-02-23 17:18
LAB704164,ENC101804,PT11207,HGB,Hemoglobin,14.1,g/dL,12,17.5,N,Routine,2024-02-23 10:29,2024-02-23 10:57,2024-02-23 13:39
LAB704165,ENC101804,PT11207,PLT,Platelet Count,126,K/uL,150,400,L,Routine,2024-02-23 10:45,2024-02-23 11:13,2024-02-23 15:48
LAB704166,ENC101805,PT11104,GLU,Glucose,90,mg/dL,70,99,N,Routine,2024-02-23 11:31,2024-02-23 11:56,2024-02-23 16:30
LAB704167,ENC101805,PT11104,CREAT,Creatinine,0.49,mg/dL,0.6,1.3,L,STAT,2024-02-23 11:24,2024-02-23 11:31,2024-02-23 12:31
LAB704168,ENC101805,PT11104,WBC,White Blood Cell Count,9.1,K/uL,4.5,11,N,STAT,2024-02-23 11:37,2024-02-23 12:00,2024-02-23 12:40
LAB704169,ENC101805,PT11104,HGB,Hemoglobin,13.8,g/dL,12,17.5,N,Routine,2024-02-23 11:29,2024-02-23 11:33,2024-02-23 14:35
LAB704170,ENC101805,PT11104,BUN,Blood Urea Nitrogen,20,mg/dL,7,20,N,STAT,2024-02-23 11:20,2024-02-23 11:32,2024-02-23 12:26
LAB704171,ENC101805,PT11104,PLT,Platelet Count,242,K/uL,150,400,N,STAT,2024-02-23 11:09,2024-02-23 11:40,2024-02-23 12:49
LAB704172,ENC101805,PT11104,TROP,"Troponin I, High Sensitivity",10,ng/L,0,34,N,STAT,2024-02-23 11:09,2024-02-23 11:24,2024-02-23 12:25
LAB704173,ENC101805,PT11104,BNP,B-Type Natriuretic Peptide,435,pg/mL,0,100,H,STAT,2024-02-23 11:15,2024-02-23 11:41,2024-02-23 12:36
LAB704174,ENC101806,PT13476,GLU,Glucose,423,mg/dL,70,99,H,STAT,2024-02-23 14:29,2024-02-23 14:37,2024-02-23 15:46
LAB704175,ENC101806,PT13476,CREAT,Creatinine,1.01,mg/dL,0.6,1.3,N,STAT,2024-02-23 14:59,2024-02-23 15:15,2024-02-23 16:12
LAB704176,ENC101806,PT13476,WBC,White Blood Cell Count,7.5,K/uL,4.5,11,N,Routine,2024-02-23 14:13,2024-02-23 14:22,2024-02-23 17:44
LAB704177,ENC101806,PT13476,HGB,Hemoglobin,11.2,g/dL,12,17.5,L,STAT,2024-02-23 14:09,2024-02-23 14:31,2024-02-23 15:14
LAB704178,ENC101806,PT13476,NA,Sodium,141,mmol/L,136,145,N,STAT,2024-02-23 14:27,2024-02-23 14:53,2024-02-23 16:21
LAB704179,ENC101806,PT13476,K,Potassium,4.4,mmol/L,3.5,5.1,N,STAT,2024-02-23 13:54,2024-02-23 14:25,2024-02-23 15:21
LAB704180,ENC101806,PT13476,A1C,Hemoglobin A1c,8,%,4,5.6,H,Routine,2024-02-23 14:26,2024-02-23 14:35,2024-02-24 00:11
LAB704181,ENC101808,PT11589,GLU,Glucose,112,mg/dL,70,99,H,STAT,2024-02-23 12:27,2024-02-23 12:40,2024-02-23 13:33
LAB704182,ENC101808,PT11589,CREAT,Creatinine,1.52,mg/dL,0.6,1.3,H,STAT,2024-02-23 12:14,2024-02-23 12:30,2024-02-23 13:05
LAB704183,ENC101812,PT13790,LDL,LDL Cholesterol,114,mg/dL,0,99,H,Routine,2024-02-23 12:30,2024-02-23 12:40,2024-02-24 02:47
LAB704184,ENC101813,PT13055,LDL,LDL Cholesterol,84,mg/dL,0,99,N,Routine,2024-02-23 12:25,2024-02-23 12:56,2024-02-24 10:13
LAB704185,ENC101817,PT11110,LDL,LDL Cholesterol,134,mg/dL,0,99,H,Routine,2024-02-23 13:20,2024-02-23 13:52,2024-02-24 13:02
LAB704186,ENC101817,PT11110,A1C,Hemoglobin A1c,5.6,%,4,5.6,N,Routine,2024-02-23 13:05,2024-02-23 13:11,2024-02-24 13:16
LAB704187,ENC101817,PT11110,TSH,Thyroid Stimulating Hormone,1.09,mIU/L,0.4,4,N,Routine,2024-02-23 13:22,2024-02-23 13:42,2024-02-24 15:21
LAB704188,ENC101818,PT10948,INR,Prothrombin Time INR,2.8,ratio,0.8,1.2,H,Routine,2024-02-23 13:50,2024-02-23 14:20,2024-02-23 19:37
LAB704189,ENC101819,PT11616,LDL,LDL Cholesterol,136,mg/dL,0,99,H,Routine,2024-02-23 14:27,2024-02-23 14:41,2024-02-24 01:26
LAB704190,ENC101819,PT11616,TSH,Thyroid Stimulating Hormone,6,mIU/L,0.4,4,H,Routine,2024-02-23 14:40,2024-02-23 15:06,2024-02-23 23:18
LAB704191,ENC101821,PT12338,GLU,Glucose,119,mg/dL,70,99,H,Routine,2024-02-23 15:53,2024-02-23 16:09,2024-02-24 02:04
LAB704192,ENC101821,PT12338,CREAT,Creatinine,0.8,mg/dL,0.6,1.3,N,Routine,2024-02-23 15:34,2024-02-23 15:52,2024-02-23 21:34
LAB704193,ENC101821,PT12338,WBC,White Blood Cell Count,6,K/uL,4.5,11,N,Routine,2024-02-23 16:11,2024-02-23 16:30,2024-02-23 21:22
LAB704194,ENC101822,PT12364,LDL,LDL Cholesterol,112,mg/dL,0,99,H,Routine,2024-02-23 15:28,2024-02-23 15:51,2024-02-24 08:39
LAB704195,ENC101822,PT12364,A1C,Hemoglobin A1c,5.3,%,4,5.6,N,Routine,2024-02-23 15:29,2024-02-23 15:55,2024-02-23 22:33
LAB704196,ENC101823,PT11262,A1C,Hemoglobin A1c,11,%,4,5.6,H,Routine,2024-02-23 16:22,2024-02-23 16:53,2024-02-24 13:08
LAB704197,ENC101825,PT12554,GLU,Glucose,154,mg/dL,70,99,H,STAT,2024-02-23 17:54,2024-02-23 18:14,2024-02-23 18:56
LAB704198,ENC101825,PT12554,CREAT,Creatinine,0.69,mg/dL,0.6,1.3,N,STAT,2024-02-23 17:38,2024-02-23 17:58,2024-02-23 18:55
LAB704199,ENC101825,PT12554,WBC,White Blood Cell Count,10,K/uL,4.5,11,N,Routine,2024-02-23 18:09,2024-02-23 18:44,2024-02-23 19:24
LAB704200,ENC101825,PT12554,HGB,Hemoglobin,13.7,g/dL,12,17.5,N,Routine,2024-02-23 17:54,2024-02-23 18:19,2024-02-23 20:57
LAB704201,ENC101827,PT10452,GLU,Glucose,220,mg/dL,70,99,H,STAT,2024-02-23 21:53,2024-02-23 22:06,2024-02-23 22:41
LAB704202,ENC101827,PT10452,CREAT,Creatinine,2.5,mg/dL,0.6,1.3,H,Routine,2024-02-23 22:32,2024-02-23 23:04,2024-02-24 03:26
LAB704203,ENC101827,PT10452,WBC,White Blood Cell Count,7.9,K/uL,4.5,11,N,STAT,2024-02-23 22:37,2024-02-23 23:07,2024-02-23 23:47
LAB704204,ENC101827,PT10452,HGB,Hemoglobin,11,g/dL,12,17.5,L,Routine,2024-02-23 21:51,2024-02-23 22:03,2024-02-24 00:36
LAB704205,ENC101827,PT10452,NA,Sodium,137,mmol/L,136,145,N,Routine,2024-02-23 22:04,2024-02-23 22:23,2024-02-24 00:05
LAB704206,ENC101827,PT10452,K,Potassium,4,mmol/L,3.5,5.1,N,STAT,2024-02-23 22:20,2024-02-23 22:25,2024-02-23 23:12
LAB704207,ENC101830,PT12166,GLU,Glucose,79,mg/dL,70,99,N,Routine,2024-02-24 00:39,2024-02-24 00:47,2024-02-24 03:19
LAB704208,ENC101830,PT12166,CREAT,Creatinine,0.59,mg/dL,0.6,1.3,L,STAT,2024-02-24 00:23,2024-02-24 00:31,2024-02-24 01:45
LAB704209,ENC101830,PT12166,WBC,White Blood Cell Count,11.1,K/uL,4.5,11,H,Routine,2024-02-24 00:28,2024-02-24 00:44,2024-02-24 02:13
LAB704210,ENC101830,PT12166,HGB,Hemoglobin,10.3,g/dL,12,17.5,L,Routine,2024-02-24 00:02,2024-02-24 00:21,2024-02-24 03:03
LAB704211,ENC101832,PT12198,GLU,Glucose,206,mg/dL,70,99,H,STAT,2024-02-24 03:57,2024-02-24 04:12,2024-02-24 04:34
LAB704212,ENC101832,PT12198,CREAT,Creatinine,0.78,mg/dL,0.6,1.3,N,STAT,2024-02-24 04:35,2024-02-24 05:00,2024-02-24 05:29
LAB704213,ENC101832,PT12198,WBC,White Blood Cell Count,6.8,K/uL,4.5,11,N,STAT,2024-02-24 04:30,2024-02-24 05:05,2024-02-24 06:28
LAB704214,ENC101832,PT12198,HGB,Hemoglobin,12.6,g/dL,12,17.5,N,Routine,2024-02-24 03:47,2024-02-24 03:53,2024-02-24 11:16
LAB704215,ENC101833,PT13238,GLU,Glucose,304,mg/dL,70,99,H,Routine,2024-02-24 02:19,2024-02-24 02:35,2024-02-24 04:20
LAB704216,ENC101833,PT13238,CREAT,Creatinine,1.27,mg/dL,0.6,1.3,N,STAT,2024-02-24 03:01,2024-02-24 03:35,2024-02-24 04:33
LAB704217,ENC101833,PT13238,WBC,White Blood Cell Count,7.7,K/uL,4.5,11,N,STAT,2024-02-24 02:34,2024-02-24 02:59,2024-02-24 03:40
LAB704218,ENC101833,PT13238,HGB,Hemoglobin,11.2,g/dL,12,17.5,L,STAT,2024-02-24 02:51,2024-02-24 03:16,2024-02-24 04:37
LAB704219,ENC101833,PT13238,NA,Sodium,137,mmol/L,136,145,N,STAT,2024-02-24 02:18,2024-02-24 02:51,2024-02-24 03:59
LAB704220,ENC101833,PT13238,K,Potassium,4.2,mmol/L,3.5,5.1,N,STAT,2024-02-24 03:04,2024-02-24 03:23,2024-02-24 04:08
LAB704221,ENC101833,PT13238,A1C,Hemoglobin A1c,7.7,%,4,5.6,H,STAT,2024-02-24 02:21,2024-02-24 02:33,2024-02-24 03:18
LAB704222,ENC101834,PT11348,GLU,Glucose,125,mg/dL,70,99,H,Routine,2024-02-24 04:58,2024-02-24 05:07,2024-02-24 09:50
LAB704223,ENC101834,PT11348,CREAT,Creatinine,1,mg/dL,0.6,1.3,N,STAT,2024-02-24 05:07,2024-02-24 05:15,2024-02-24 05:46
LAB704224,ENC101834,PT11348,WBC,White Blood Cell Count,10.1,K/uL,4.5,11,N,STAT,2024-02-24 05:01,2024-02-24 05:25,2024-02-24 05:54
LAB704225,ENC101834,PT11348,HGB,Hemoglobin,14.9,g/dL,12,17.5,N,STAT,2024-02-24 05:22,2024-02-24 05:56,2024-02-24 06:21
LAB704226,ENC101834,PT11348,NA,Sodium,139,mmol/L,136,145,N,Routine,2024-02-24 05:38,2024-02-24 05:48,2024-02-24 07:50
LAB704227,ENC101834,PT11348,K,Potassium,4.3,mmol/L,3.5,5.1,N,STAT,2024-02-24 05:11,2024-02-24 05:45,2024-02-24 06:27
LAB704228,ENC101834,PT11348,BUN,Blood Urea Nitrogen,9,mg/dL,7,20,N,Routine,2024-02-24 04:48,2024-02-24 05:18,2024-02-24 06:46
LAB704229,ENC101834,PT11348,PLT,Platelet Count,165,K/uL,150,400,N,STAT,2024-02-24 04:42,2024-02-24 04:47,2024-02-24 05:01
LAB704230,ENC101835,PT11276,GLU,Glucose,96,mg/dL,70,99,N,Routine,2024-02-24 05:24,2024-02-24 05:39,2024-02-24 07:17
LAB704231,ENC101835,PT11276,CREAT,Creatinine,0.96,mg/dL,0.6,1.3,N,STAT,2024-02-24 05:18,2024-02-24 05:33,2024-02-24 06:06
LAB704232,ENC101835,PT11276,WBC,White Blood Cell Count,13.6,K/uL,4.5,11,H,STAT,2024-02-24 04:53,2024-02-24 05:05,2024-02-24 06:02
LAB704233,ENC101835,PT11276,HGB,Hemoglobin,15.9,g/dL,12,17.5,N,Routine,2024-02-24 04:57,2024-02-24 05:31,2024-02-24 09:24
LAB704234,ENC101838,PT10080,GLU,Glucose,114,mg/dL,70,99,H,STAT,2024-02-24 10:26,2024-02-24 10:37,2024-02-24 12:03
LAB704235,ENC101838,PT10080,CREAT,Creatinine,1.19,mg/dL,0.6,1.3,N,STAT,2024-02-24 10:47,2024-02-24 11:07,2024-02-24 12:19
LAB704236,ENC101838,PT10080,WBC,White Blood Cell Count,6.1,K/uL,4.5,11,N,STAT,2024-02-24 10:28,2024-02-24 10:44,2024-02-24 10:59
LAB704237,ENC101838,PT10080,HGB,Hemoglobin,12.8,g/dL,12,17.5,N,STAT,2024-02-24 10:34,2024-02-24 10:47,2024-02-24 11:46
LAB704238,ENC101839,PT12773,GLU,Glucose,201,mg/dL,70,99,H,Routine,2024-02-24 11:58,2024-02-24 12:06,2024-02-24 14:43
LAB704239,ENC101839,PT12773,CREAT,Creatinine,0.85,mg/dL,0.6,1.3,N,STAT,2024-02-24 11:55,2024-02-24 12:23,2024-02-24 13:30
LAB704240,ENC101839,PT12773,WBC,White Blood Cell Count,8.6,K/uL,4.5,11,N,STAT,2024-02-24 11:21,2024-02-24 11:47,2024-02-24 12:28
LAB704241,ENC101839,PT12773,HGB,Hemoglobin,14.2,g/dL,12,17.5,N,STAT,2024-02-24 12:00,2024-02-24 12:31,2024-02-24 13:08
LAB704242,ENC101839,PT12773,TROP,"Troponin I, High Sensitivity",248,ng/L,0,34,H,STAT,2024-02-24 11:02,2024-02-24 11:22,2024-02-24 11:54
LAB704243,ENC101840,PT10841,GLU,Glucose,492,mg/dL,70,99,H,STAT,2024-02-24 10:15,2024-02-24 10:36,2024-02-24 11:08
LAB704244,ENC101840,PT10841,CREAT,Creatinine,1.07,mg/dL,0.6,1.3,N,Routine,2024-02-24 09:25,2024-02-24 09:37,2024-02-24 12:20
LAB704245,ENC101840,PT10841,WBC,White Blood Cell Count,4.1,K/uL,4.5,11,L,STAT,2024-02-24 09:27,2024-02-24 09:57,2024-02-24 10:27
LAB704246,ENC101840,PT10841,HGB,Hemoglobin,13.5,g/dL,12,17.5,N,Routine,2024-02-24 10:22,2024-02-24 10:44,2024-02-24 16:09
LAB704247,ENC101840,PT10841,A1C,Hemoglobin A1c,14.3,%,4,5.6,H,STAT,2024-02-24 09:50,2024-02-24 09:54,2024-02-24 11:12
LAB704248,ENC101841,PT10440,GLU,Glucose,81,mg/dL,70,99,N,Routine,2024-02-24 14:05,2024-02-24 14:16,2024-02-24 16:14
LAB704249,ENC101841,PT10440,CREAT,Creatinine,0.66,mg/dL,0.6,1.3,N,STAT,2024-02-24 14:33,2024-02-24 15:07,2024-02-24 15:34
LAB704250,ENC101841,PT10440,WBC,White Blood Cell Count,9.6,K/uL,4.5,11,N,STAT,2024-02-24 13:52,2024-02-24 14:23,2024-02-24 15:08
LAB704251,ENC101841,PT10440,HGB,Hemoglobin,15.6,g/dL,12,17.5,N,STAT,2024-02-24 14:33,2024-02-24 14:53,2024-02-24 16:03
LAB704252,ENC101842,PT11618,A1C,Hemoglobin A1c,11.2,%,4,5.6,H,Routine,2024-02-24 11:12,2024-02-24 11:39,2024-02-24 19:00
LAB704253,ENC101843,PT10126,GLU,Glucose,91,mg/dL,70,99,N,STAT,2024-02-24 10:55,2024-02-24 11:22,2024-02-24 12:01
LAB704254,ENC101843,PT10126,CREAT,Creatinine,1.1,mg/dL,0.6,1.3,N,Routine,2024-02-24 11:45,2024-02-24 11:59,2024-02-24 14:24
LAB704255,ENC101843,PT10126,WBC,White Blood Cell Count,6.5,K/uL,4.5,11,N,Routine,2024-02-24 11:04,2024-02-24 11:08,2024-02-24 13:48
LAB704256,ENC101843,PT10126,HGB,Hemoglobin,12.4,g/dL,12,17.5,N,STAT,2024-02-24 11:30,2024-02-24 11:59,2024-02-24 12:24
LAB704257,ENC101844,PT11494,TROP,"Troponin I, High Sensitivity",0,ng/L,0,34,N,STAT,2024-02-24 12:24,2024-02-24 12:46,2024-02-24 13:01
LAB704258,ENC101845,PT12774,GLU,Glucose,110,mg/dL,70,99,H,STAT,2024-02-24 12:51,2024-02-24 13:26,2024-02-24 14:31
LAB704259,ENC101845,PT12774,CREAT,Creatinine,1.2,mg/dL,0.6,1.3,N,STAT,2024-02-24 12:50,2024-02-24 13:02,2024-02-24 13:52
LAB704260,ENC101845,PT12774,WBC,White Blood Cell Count,6.2,K/uL,4.5,11,N,Routine,2024-02-24 13:21,2024-02-24 13:53,2024-02-24 17:52
LAB704261,ENC101846,PT11986,GLU,Glucose,134,mg/dL,70,99,H,Routine,2024-02-24 18:29,2024-02-24 18:55,2024-02-24 22:49
LAB704262,ENC101846,PT11986,CREAT,Creatinine,1.05,mg/dL,0.6,1.3,N,STAT,2024-02-24 18:46,2024-02-24 19:04,2024-02-24 20:11
LAB704263,ENC101846,PT11986,WBC,White Blood Cell Count,14.2,K/uL,4.5,11,H,STAT,2024-02-24 18:43,2024-02-24 18:59,2024-02-24 19:58
LAB704264,ENC101846,PT11986,HGB,Hemoglobin,14.1,g/dL,12,17.5,N,STAT,2024-02-24 18:08,2024-02-24 18:21,2024-02-24 18:58
LAB704265,ENC101846,PT11986,NA,Sodium,141,mmol/L,136,145,N,Routine,2024-02-24 18:37,2024-02-24 19:06,2024-02-24 23:18
LAB704266,ENC101846,PT11986,K,Potassium,4.6,mmol/L,3.5,5.1,N,STAT,2024-02-24 18:06,2024-02-24 18:13,2024-02-24 18:44
LAB704267,ENC101847,PT10239,GLU,Glucose,96,mg/dL,70,99,N,Routine,2024-02-24 19:19,2024-02-24 19:44,2024-02-25 00:12
LAB704268,ENC101847,PT10239,CREAT,Creatinine,1.03,mg/dL,0.6,1.3,N,Routine,2024-02-24 19:57,2024-02-24 20:19,2024-02-25 00:35
LAB704269,ENC101847,PT10239,WBC,White Blood Cell Count,8.4,K/uL,4.5,11,N,Routine,2024-02-24 19:28,2024-02-24 19:42,2024-02-24 22:00
LAB704270,ENC101847,PT10239,HGB,Hemoglobin,12.6,g/dL,12,17.5,N,STAT,2024-02-24 19:31,2024-02-24 19:53,2024-02-24 20:49
LAB704271,ENC101847,PT10239,NA,Sodium,137,mmol/L,136,145,N,STAT,2024-02-24 19:59,2024-02-24 20:09,2024-02-24 20:50
LAB704272,ENC101847,PT10239,K,Potassium,4.8,mmol/L,3.5,5.1,N,STAT,2024-02-24 19:03,2024-02-24 19:22,2024-02-24 21:02
LAB704273,ENC101851,PT12448,GLU,Glucose,132,mg/dL,70,99,H,STAT,2024-02-24 19:06,2024-02-24 19:26,2024-02-24 20:42
LAB704274,ENC101851,PT12448,CREAT,Creatinine,0.98,mg/dL,0.6,1.3,N,STAT,2024-02-24 18:23,2024-02-24 18:45,2024-02-24 20:01
LAB704275,ENC101851,PT12448,WBC,White Blood Cell Count,7.1,K/uL,4.5,11,N,STAT,2024-02-24 19:18,2024-02-24 19:23,2024-02-24 20:00
LAB704276,ENC101851,PT12448,HGB,Hemoglobin,13.7,g/dL,12,17.5,N,Routine,2024-02-24 18:28,2024-02-24 18:47,2024-02-24 21:54
LAB704277,ENC101851,PT12448,BUN,Blood Urea Nitrogen,10,mg/dL,7,20,N,STAT,2024-02-24 19:10,2024-02-24 19:31,2024-02-24 20:50
LAB704278,ENC101851,PT12448,PLT,Platelet Count,230,K/uL,150,400,N,STAT,2024-02-24 19:11,2024-02-24 19:22,2024-02-24 20:13
LAB704279,ENC101852,PT10554,GLU,Glucose,165,mg/dL,70,99,H,Routine,2024-02-24 19:13,2024-02-24 19:28,2024-02-24 22:41
LAB704280,ENC101852,PT10554,CREAT,Creatinine,0.98,mg/dL,0.6,1.3,N,Routine,2024-02-24 19:03,2024-02-24 19:24,2024-02-24 21:54
LAB704281,ENC101852,PT10554,WBC,White Blood Cell Count,12.2,K/uL,4.5,11,H,Routine,2024-02-24 18:46,2024-02-24 18:53,2024-02-24 23:21
LAB704282,ENC101853,PT11696,GLU,Glucose,176,mg/dL,70,99,H,STAT,2024-02-24 21:23,2024-02-24 21:34,2024-02-24 21:53
LAB704283,ENC101853,PT11696,CREAT,Creatinine,0.83,mg/dL,0.6,1.3,N,STAT,2024-02-24 21:54,2024-02-24 22:24,2024-02-24 23:07
LAB704284,ENC101853,PT11696,WBC,White Blood Cell Count,7.2,K/uL,4.5,11,N,Routine,2024-02-24 22:15,2024-02-24 22:20,2024-02-25 00:17
LAB704285,ENC101853,PT11696,HGB,Hemoglobin,14.1,g/dL,12,17.5,N,STAT,2024-02-24 21:55,2024-02-24 22:21,2024-02-24 23:01
LAB704286,ENC101853,PT11696,BUN,Blood Urea Nitrogen,12,mg/dL,7,20,N,STAT,2024-02-24 22:04,2024-02-24 22:20,2024-02-24 23:22
LAB704287,ENC101853,PT11696,PLT,Platelet Count,275,K/uL,150,400,N,Routine,2024-02-24 22:20,2024-02-24 22:55,2024-02-25 01:30
LAB704288,ENC101854,PT12595,GLU,Glucose,99,mg/dL,70,99,N,STAT,2024-02-24 19:52,2024-02-24 20:20,2024-02-24 21:25
LAB704289,ENC101854,PT12595,CREAT,Creatinine,0.89,mg/dL,0.6,1.3,N,STAT,2024-02-24 20:41,2024-02-24 21:10,2024-02-24 21:52
LAB704290,ENC101855,PT13761,GLU,Glucose,93,mg/dL,70,99,N,Routine,2024-02-24 22:53,2024-02-24 23:05,2024-02-25 00:44
LAB704291,ENC101855,PT13761,CREAT,Creatinine,1.31,mg/dL,0.6,1.3,H,STAT,2024-02-24 22:49,2024-02-24 22:56,2024-02-24 23:30
LAB704292,ENC101855,PT13761,WBC,White Blood Cell Count,7.6,K/uL,4.5,11,N,Routine,2024-02-24 23:38,2024-02-25 00:10,2024-02-25 02:46
LAB704293,ENC101855,PT13761,HGB,Hemoglobin,12.3,g/dL,12,17.5,N,STAT,2024-02-24 23:31,2024-02-24 23:51,2024-02-25 00:32
LAB704294,ENC101856,PT13819,GLU,Glucose,97,mg/dL,70,99,N,STAT,2024-02-24 21:40,2024-02-24 21:48,2024-02-24 23:15
LAB704295,ENC101856,PT13819,CREAT,Creatinine,0.79,mg/dL,0.6,1.3,N,Routine,2024-02-24 21:05,2024-02-24 21:20,2024-02-25 00:15
LAB704296,ENC101857,PT12399,GLU,Glucose,106,mg/dL,70,99,H,Routine,2024-02-25 01:41,2024-02-25 01:58,2024-02-25 03:30
LAB704297,ENC101857,PT12399,CREAT,Creatinine,1.01,mg/dL,0.6,1.3,N,STAT,2024-02-25 02:19,2024-02-25 02:45,2024-02-25 03:38
LAB704298,ENC101857,PT12399,WBC,White Blood Cell Count,8.5,K/uL,4.5,11,N,Routine,2024-02-25 02:06,2024-02-25 02:12,2024-02-25 04:43
LAB704299,ENC101857,PT12399,HGB,Hemoglobin,13.3,g/dL,12,17.5,N,STAT,2024-02-25 01:27,2024-02-25 02:00,2024-02-25 02:46
LAB704300,ENC101859,PT10531,GLU,Glucose,126,mg/dL,70,99,H,STAT,2024-02-25 00:41,2024-02-25 00:45,2024-02-25 01:37
LAB704301,ENC101859,PT10531,CREAT,Creatinine,0.96,mg/dL,0.6,1.3,N,Routine,2024-02-24 23:57,2024-02-25 00:20,2024-02-25 03:30
LAB704302,ENC101859,PT10531,WBC,White Blood Cell Count,6.7,K/uL,4.5,11,N,Routine,2024-02-25 00:23,2024-02-25 00:40,2024-02-25 03:17
LAB704303,ENC101859,PT10531,HGB,Hemoglobin,15.8,g/dL,12,17.5,N,STAT,2024-02-25 00:14,2024-02-25 00:37,2024-02-25 01:35
LAB704304,ENC101860,PT12894,GLU,Glucose,111,mg/dL,70,99,H,STAT,2024-02-25 02:57,2024-02-25 03:30,2024-02-25 04:14
LAB704305,ENC101860,PT12894,CREAT,Creatinine,1.99,mg/dL,0.6,1.3,H,STAT,2024-02-25 03:09,2024-02-25 03:32,2024-02-25 04:28
LAB704306,ENC101860,PT12894,WBC,White Blood Cell Count,10.4,K/uL,4.5,11,N,STAT,2024-02-25 03:14,2024-02-25 03:46,2024-02-25 04:25
LAB704307,ENC101860,PT12894,HGB,Hemoglobin,13.3,g/dL,12,17.5,N,STAT,2024-02-25 02:28,2024-02-25 02:48,2024-02-25 04:51
LAB704308,ENC101860,PT12894,NA,Sodium,143,mmol/L,136,145,N,STAT,2024-02-25 02:57,2024-02-25 03:10,2024-02-25 03:53
LAB704309,ENC101860,PT12894,K,Potassium,5,mmol/L,3.5,5.1,N,STAT,2024-02-25 02:47,2024-02-25 03:15,2024-02-25 04:04
LAB704310,ENC101861,PT12531,GLU,Glucose,133,mg/dL,70,99,H,Routine,2024-02-25 02:48,2024-02-25 03:04,2024-02-25 06:37
LAB704311,ENC101861,PT12531,CREAT,Creatinine,0.86,mg/dL,0.6,1.3,N,STAT,2024-02-25 02:40,2024-02-25 02:51,2024-02-25 03:29
LAB704312,ENC101861,PT12531,WBC,White Blood Cell Count,9.2,K/uL,4.5,11,N,STAT,2024-02-25 03:11,2024-02-25 03:30,2024-02-25 04:15
LAB704313,ENC101862,PT10733,GLU,Glucose,86,mg/dL,70,99,N,Routine,2024-02-25 03:18,2024-02-25 03:49,2024-02-25 06:49
LAB704314,ENC101862,PT10733,CREAT,Creatinine,0.81,mg/dL,0.6,1.3,N,STAT,2024-02-25 04:12,2024-02-25 04:43,2024-02-25 05:57
LAB704315,ENC101862,PT10733,WBC,White Blood Cell Count,6.2,K/uL,4.5,11,N,Routine,2024-02-25 03:48,2024-02-25 04:14,2024-02-25 07:11
LAB704316,ENC101862,PT10733,HGB,Hemoglobin,12,g/dL,12,17.5,N,STAT,2024-02-25 03:46,2024-02-25 03:53,2024-02-25 04:44
LAB704317,ENC101863,PT11488,GLU,Glucose,115,mg/dL,70,99,H,Routine,2024-02-25 09:48,2024-02-25 10:02,2024-02-25 12:18
LAB704318,ENC101863,PT11488,CREAT,Creatinine,0.87,mg/dL,0.6,1.3,N,Routine,2024-02-25 09:47,2024-02-25 10:13,2024-02-25 11:45
LAB704319,ENC101863,PT11488,WBC,White Blood Cell Count,15.1,K/uL,4.5,11,H,STAT,2024-02-25 09:35,2024-02-25 09:56,2024-02-25 10:49
LAB704320,ENC101863,PT11488,HGB,Hemoglobin,16.9,g/dL,12,17.5,N,Routine,2024-02-25 10:00,2024-02-25 10:28,2024-02-25 14:23
LAB704321,ENC101865,PT12529,GLU,Glucose,118,mg/dL,70,99,H,STAT,2024-02-25 10:35,2024-02-25 10:48,2024-02-25 11:47
LAB704322,ENC101865,PT12529,CREAT,Creatinine,0.88,mg/dL,0.6,1.3,N,STAT,2024-02-25 11:04,2024-02-25 11:24,2024-02-25 12:12
LAB704323,ENC101865,PT12529,WBC,White Blood Cell Count,5.7,K/uL,4.5,11,N,Routine,2024-02-25 11:23,2024-02-25 11:46,2024-02-25 13:37
LAB704324,ENC101865,PT12529,HGB,Hemoglobin,14.4,g/dL,12,17.5,N,Routine,2024-02-25 10:25,2024-02-25 10:46,2024-02-25 14:02
LAB704325,ENC101866,PT13204,GLU,Glucose,83,mg/dL,70,99,N,Routine,2024-02-25 11:14,2024-02-25 11:35,2024-02-25 14:16
LAB704326,ENC101866,PT13204,CREAT,Creatinine,0.97,mg/dL,0.6,1.3,N,STAT,2024-02-25 10:46,2024-02-25 10:51,2024-02-25 11:17
LAB704327,ENC101866,PT13204,WBC,White Blood Cell Count,7.1,K/uL,4.5,11,N,Routine,2024-02-25 10:47,2024-02-25 11:16,2024-02-25 14:43
LAB704328,ENC101866,PT13204,HGB,Hemoglobin,17.7,g/dL,12,17.5,H,Routine,2024-02-25 10:40,2024-02-25 11:02,2024-02-25 14:14
LAB704329,ENC101866,PT13204,LACT,Lactate,3.4,mmol/L,0.5,2,H,STAT,2024-02-25 11:10,2024-02-25 11:21,2024-02-25 12:17
LAB704330,ENC101868,PT10198,GLU,Glucose,101,mg/dL,70,99,H,STAT,2024-02-25 12:10,2024-02-25 12:18,2024-02-25 13:03
LAB704331,ENC101868,PT10198,CREAT,Creatinine,0.8,mg/dL,0.6,1.3,N,STAT,2024-02-25 12:35,2024-02-25 12:43,2024-02-25 13:30
LAB704332,ENC101868,PT10198,WBC,White Blood Cell Count,6.3,K/uL,4.5,11,N,Routine,2024-02-25 12:00,2024-02-25 12:11,2024-02-25 13:48
LAB704333,ENC101868,PT10198,HGB,Hemoglobin,13.5,g/dL,12,17.5,N,STAT,2024-02-25 12:52,2024-02-25 13:17,2024-02-25 14:07
LAB704334,ENC101869,PT12662,GLU,Glucose,118,mg/dL,70,99,H,STAT,2024-02-25 13:22,2024-02-25 13:39,2024-02-25 14:40
LAB704335,ENC101869,PT12662,CREAT,Creatinine,2.16,mg/dL,0.6,1.3,H,STAT,2024-02-25 12:49,2024-02-25 13:03,2024-02-25 13:53
LAB704336,ENC101869,PT12662,WBC,White Blood Cell Count,8.5,K/uL,4.5,11,N,Routine,2024-02-25 13:33,2024-02-25 13:47,2024-02-25 15:18
LAB704337,ENC101871,PT10086,GLU,Glucose,121,mg/dL,70,99,H,STAT,2024-02-25 20:56,2024-02-25 21:11,2024-02-25 21:46
LAB704338,ENC101871,PT10086,CREAT,Creatinine,0.81,mg/dL,0.6,1.3,N,STAT,2024-02-25 21:07,2024-02-25 21:40,2024-02-25 22:30
LAB704339,ENC101871,PT10086,WBC,White Blood Cell Count,15.2,K/uL,4.5,11,H,Routine,2024-02-25 21:16,2024-02-25 21:51,2024-02-25 23:15
LAB704340,ENC101871,PT10086,HGB,Hemoglobin,14.3,g/dL,12,17.5,N,Routine,2024-02-25 20:51,2024-02-25 21:00,2024-02-26 00:48
LAB704341,ENC101872,PT10862,GLU,Glucose,106,mg/dL,70,99,H,Routine,2024-02-25 19:58,2024-02-25 20:30,2024-02-26 00:18
LAB704342,ENC101872,PT10862,CREAT,Creatinine,0.75,mg/dL,0.6,1.3,N,STAT,2024-02-25 20:34,2024-02-25 20:54,2024-02-25 21:26
LAB704343,ENC101872,PT10862,WBC,White Blood Cell Count,8.2,K/uL,4.5,11,N,STAT,2024-02-25 20:00,2024-02-25 20:05,2024-02-25 21:04
LAB704344,ENC101872,PT10862,HGB,Hemoglobin,11.9,g/dL,12,17.5,L,Routine,2024-02-25 20:27,2024-02-25 20:32,2024-02-25 22:29
LAB704345,ENC101873,PT11062,GLU,Glucose,95,mg/dL,70,99,N,STAT,2024-02-25 20:09,2024-02-25 20:14,2024-02-25 20:55
LAB704346,ENC101873,PT11062,CREAT,Creatinine,1.05,mg/dL,0.6,1.3,N,STAT,2024-02-25 20:21,2024-02-25 20:44,2024-02-25 22:03
LAB704347,ENC101874,PT13109,GLU,Glucose,130,mg/dL,70,99,H,STAT,2024-02-25 23:51,2024-02-26 00:26,2024-02-26 00:53
LAB704348,ENC101874,PT13109,CREAT,Creatinine,1.02,mg/dL,0.6,1.3,N,STAT,2024-02-25 23:47,2024-02-26 00:18,2024-02-26 00:42
LAB704349,ENC101874,PT13109,WBC,White Blood Cell Count,9.2,K/uL,4.5,11,N,STAT,2024-02-25 23:59,2024-02-26 00:33,2024-02-26 01:41
LAB704350,ENC101874,PT13109,HGB,Hemoglobin,13.9,g/dL,12,17.5,N,Routine,2024-02-25 23:49,2024-02-26 00:16,2024-02-26 04:51
LAB704351,ENC101875,PT12119,GLU,Glucose,450,mg/dL,70,99,H,STAT,2024-02-25 21:14,2024-02-25 21:34,2024-02-25 22:14
LAB704352,ENC101875,PT12119,CREAT,Creatinine,0.68,mg/dL,0.6,1.3,N,STAT,2024-02-25 20:57,2024-02-25 21:14,2024-02-25 21:53
LAB704353,ENC101875,PT12119,WBC,White Blood Cell Count,8.1,K/uL,4.5,11,N,STAT,2024-02-25 21:45,2024-02-25 22:00,2024-02-25 23:14
LAB704354,ENC101875,PT12119,HGB,Hemoglobin,14.8,g/dL,12,17.5,N,Routine,2024-02-25 21:46,2024-02-25 22:09,2024-02-26 02:38
LAB704355,ENC101875,PT12119,A1C,Hemoglobin A1c,12.8,%,4,5.6,H,STAT,2024-02-25 21:35,2024-02-25 22:07,2024-02-25 23:12
LAB704356,ENC101876,PT10277,GLU,Glucose,62,mg/dL,70,99,L,STAT,2024-02-25 21:01,2024-02-25 21:35,2024-02-25 21:59
LAB704357,ENC101876,PT10277,CREAT,Creatinine,1.01,mg/dL,0.6,1.3,N,STAT,2024-02-25 21:47,2024-02-25 22:14,2024-02-25 23:07
LAB704358,ENC101876,PT10277,WBC,White Blood Cell Count,7.1,K/uL,4.5,11,N,Routine,2024-02-25 20:51,2024-02-25 21:23,2024-02-25 23:14
LAB704359,ENC101876,PT10277,TROP,"Troponin I, High Sensitivity",7,ng/L,0,34,N,STAT,2024-02-25 21:52,2024-02-25 22:15,2024-02-25 23:14
LAB704360,ENC101878,PT11941,GLU,Glucose,92,mg/dL,70,99,N,Routine,2024-02-26 05:11,2024-02-26 05:30,2024-02-26 07:08
LAB704361,ENC101878,PT11941,CREAT,Creatinine,0.79,mg/dL,0.6,1.3,N,STAT,2024-02-26 04:28,2024-02-26 04:33,2024-02-26 05:47
LAB704362,ENC101878,PT11941,WBC,White Blood Cell Count,8.4,K/uL,4.5,11,N,STAT,2024-02-26 04:40,2024-02-26 05:15,2024-02-26 05:54
LAB704363,ENC101878,PT11941,HGB,Hemoglobin,13,g/dL,12,17.5,N,Routine,2024-02-26 04:58,2024-02-26 05:14,2024-02-26 06:46
LAB704364,ENC101878,PT11941,TROP,"Troponin I, High Sensitivity",4,ng/L,0,34,N,STAT,2024-02-26 05:04,2024-02-26 05:39,2024-02-26 06:24
LAB704365,ENC101878,PT11941,BNP,B-Type Natriuretic Peptide,1152,pg/mL,0,100,H,STAT,2024-02-26 05:00,2024-02-26 05:21,2024-02-26 06:51
LAB704366,ENC101879,PT10235,GLU,Glucose,105,mg/dL,70,99,H,STAT,2024-02-26 04:56,2024-02-26 05:19,2024-02-26 05:52
LAB704367,ENC101879,PT10235,CREAT,Creatinine,0.78,mg/dL,0.6,1.3,N,STAT,2024-02-26 03:57,2024-02-26 04:14,2024-02-26 05:02
LAB704368,ENC101879,PT10235,WBC,White Blood Cell Count,17.9,K/uL,4.5,11,H,STAT,2024-02-26 04:20,2024-02-26 04:27,2024-02-26 05:33
LAB704369,ENC101880,PT13532,GLU,Glucose,100,mg/dL,70,99,H,STAT,2024-02-26 08:39,2024-02-26 09:05,2024-02-26 09:44
LAB704370,ENC101880,PT13532,CREAT,Creatinine,0.76,mg/dL,0.6,1.3,N,Routine,2024-02-26 08:41,2024-02-26 08:45,2024-02-26 10:37
LAB704371,ENC101880,PT13532,WBC,White Blood Cell Count,14.6,K/uL,4.5,11,H,Routine,2024-02-26 08:09,2024-02-26 08:25,2024-02-26 09:42
LAB704372,ENC101880,PT13532,HGB,Hemoglobin,12.2,g/dL,12,17.5,N,STAT,2024-02-26 08:10,2024-02-26 08:19,2024-02-26 09:02
LAB704373,ENC101881,PT12321,GLU,Glucose,51,mg/dL,70,99,L,Routine,2024-02-26 08:13,2024-02-26 08:18,2024-02-26 10:41
LAB704374,ENC101881,PT12321,CREAT,Creatinine,0.95,mg/dL,0.6,1.3,N,STAT,2024-02-26 08:06,2024-02-26 08:37,2024-02-26 09:49
LAB704375,ENC101881,PT12321,WBC,White Blood Cell Count,8.6,K/uL,4.5,11,N,STAT,2024-02-26 07:28,2024-02-26 07:54,2024-02-26 08:23
LAB704376,ENC101881,PT12321,HGB,Hemoglobin,14.6,g/dL,12,17.5,N,Routine,2024-02-26 07:04,2024-02-26 07:25,2024-02-26 08:56
LAB704377,ENC101881,PT12321,NA,Sodium,142,mmol/L,136,145,N,Routine,2024-02-26 07:47,2024-02-26 08:16,2024-02-26 09:58
LAB704378,ENC101881,PT12321,K,Potassium,4.6,mmol/L,3.5,5.1,N,STAT,2024-02-26 07:05,2024-02-26 07:11,2024-02-26 07:31
LAB704379,ENC101882,PT10965,GLU,Glucose,94,mg/dL,70,99,N,STAT,2024-02-26 11:15,2024-02-26 11:43,2024-02-26 12:44
LAB704380,ENC101882,PT10965,CREAT,Creatinine,1.22,mg/dL,0.6,1.3,N,STAT,2024-02-26 11:27,2024-02-26 11:34,2024-02-26 12:32
LAB704381,ENC101882,PT10965,WBC,White Blood Cell Count,9.5,K/uL,4.5,11,N,Routine,2024-02-26 10:57,2024-02-26 11:19,2024-02-26 15:46
LAB704382,ENC101882,PT10965,HGB,Hemoglobin,9.9,g/dL,12,17.5,L,Routine,2024-02-26 10:57,2024-02-26 11:27,2024-02-26 18:14
LAB704383,ENC101882,PT10965,NA,Sodium,141,mmol/L,136,145,N,Routine,2024-02-26 11:18,2024-02-26 11:24,2024-02-26 13:10
LAB704384,ENC101882,PT10965,K,Potassium,4.2,mmol/L,3.5,5.1,N,STAT,2024-02-26 10:37,2024-02-26 11:09,2024-02-26 11:48
LAB704385,ENC101887,PT11712,LDL,LDL Cholesterol,126,mg/dL,0,99,H,Routine,2024-02-26 09:40,2024-02-26 10:04,2024-02-26 20:01
LAB704386,ENC101887,PT11712,A1C,Hemoglobin A1c,5.6,%,4,5.6,N,Routine,2024-02-26 09:31,2024-02-26 09:40,2024-02-27 01:42
LAB704387,ENC101888,PT11124,LDL,LDL Cholesterol,116,mg/dL,0,99,H,Routine,2024-02-26 10:03,2024-02-26 10:17,2024-02-27 00:01
LAB704388,ENC101888,PT11124,TSH,Thyroid Stimulating Hormone,1.87,mIU/L,0.4,4,N,Routine,2024-02-26 09:56,2024-02-26 10:08,2024-02-26 20:59
LAB704389,ENC101889,PT10615,WBC,White Blood Cell Count,6.9,K/uL,4.5,11,N,Routine,2024-02-26 10:03,2024-02-26 10:29,2024-02-26 12:24
LAB704390,ENC101889,PT10615,HGB,Hemoglobin,13.5,g/dL,12,17.5,N,Routine,2024-02-26 10:10,2024-02-26 10:33,2024-02-26 13:01
LAB704391,ENC101889,PT10615,PLT,Platelet Count,231,K/uL,150,400,N,Routine,2024-02-26 10:01,2024-02-26 10:21,2024-02-26 12:06
LAB704392,ENC101890,PT11722,GLU,Glucose,80,mg/dL,70,99,N,STAT,2024-02-26 11:01,2024-02-26 11:29,2024-02-26 12:44
LAB704393,ENC101890,PT11722,CREAT,Creatinine,0.87,mg/dL,0.6,1.3,N,STAT,2024-02-26 10:39,2024-02-26 11:03,2024-02-26 11:41
LAB704394,ENC101890,PT11722,WBC,White Blood Cell Count,5.3,K/uL,4.5,11,N,Routine,2024-02-26 10:53,2024-02-26 11:21,2024-02-26 14:23
LAB704395,ENC101890,PT11722,HGB,Hemoglobin,13.3,g/dL,12,17.5,N,Routine,2024-02-26 10:00,2024-02-26 10:32,2024-02-26 12:52
LAB704396,ENC101891,PT10347,GLU,Glucose,137,mg/dL,70,99,H,STAT,2024-02-26 12:37,2024-02-26 13:12,2024-02-26 13:50
LAB704397,ENC101891,PT10347,CREAT,Creatinine,0.73,mg/dL,0.6,1.3,N,STAT,2024-02-26 12:40,2024-02-26 12:49,2024-02-26 13:10
LAB704398,ENC101891,PT10347,WBC,White Blood Cell Count,17.8,K/uL,4.5,11,H,Routine,2024-02-26 13:16,2024-02-26 13:43,2024-02-26 15:32
LAB704399,ENC101891,PT10347,HGB,Hemoglobin,11.2,g/dL,12,17.5,L,STAT,2024-02-26 12:32,2024-02-26 12:50,2024-02-26 13:41
LAB704400,ENC101891,PT10347,NA,Sodium,140,mmol/L,136,145,N,Routine,2024-02-26 12:34,2024-02-26 12:39,2024-02-26 16:11
LAB704401,ENC101891,PT10347,K,Potassium,4.2,mmol/L,3.5,5.1,N,STAT,2024-02-26 13:38,2024-02-26 13:43,2024-02-26 14:55
LAB704402,ENC101892,PT11564,A1C,Hemoglobin A1c,10.2,%,4,5.6,H,STAT,2024-02-26 10:33,2024-02-26 10:52,2024-02-26 11:37
LAB704403,ENC101893,PT12713,GLU,Glucose,158,mg/dL,70,99,H,Routine,2024-02-26 14:42,2024-02-26 15:10,2024-02-26 16:34
LAB704404,ENC101893,PT12713,CREAT,Creatinine,2.09,mg/dL,0.6,1.3,H,STAT,2024-02-26 15:35,2024-02-26 15:45,2024-02-26 16:58
LAB704405,ENC101893,PT12713,WBC,White Blood Cell Count,24.3,K/uL,4.5,11,H,STAT,2024-02-26 15:05,2024-02-26 15:16,2024-02-26 15:48
LAB704406,ENC101893,PT12713,HGB,Hemoglobin,12.2,g/dL,12,17.5,N,Routine,2024-02-26 14:44,2024-02-26 14:51,2024-02-26 18:35
LAB704407,ENC101893,PT12713,LACT,Lactate,5,mmol/L,0.5,2,HH,STAT,2024-02-26 14:52,2024-02-26 15:16,2024-02-26 16:10
LAB704408,ENC101894,PT11013,GLU,Glucose,126,mg/dL,70,99,H,STAT,2024-02-26 10:49,2024-02-26 11:06,2024-02-26 11:41
LAB704409,ENC101894,PT11013,CREAT,Creatinine,1.26,mg/dL,0.6,1.3,N,STAT,2024-02-26 11:42,2024-02-26 12:00,2024-02-26 12:37
LAB704410,ENC101894,PT11013,WBC,White Blood Cell Count,8.1,K/uL,4.5,11,N,STAT,2024-02-26 11:14,2024-02-26 11:32,2024-02-26 12:06
LAB704411,ENC101894,PT11013,HGB,Hemoglobin,12.8,g/dL,12,17.5,N,STAT,2024-02-26 11:45,2024-02-26 12:17,2024-02-26 12:33
LAB704412,ENC101896,PT12789,GLU,Glucose,132,mg/dL,70,99,H,Routine,2024-02-26 10:59,2024-02-26 11:16,2024-02-26 12:31
LAB704413,ENC101896,PT12789,CREAT,Creatinine,1.3,mg/dL,0.6,1.3,N,Routine,2024-02-26 11:55,2024-02-26 12:07,2024-02-26 14:03
LAB704414,ENC101897,PT10688,WBC,White Blood Cell Count,6.4,K/uL,4.5,11,N,Routine,2024-02-26 11:06,2024-02-26 11:22,2024-02-26 13:21
LAB704415,ENC101897,PT10688,HGB,Hemoglobin,12.1,g/dL,12,17.5,N,Routine,2024-02-26 11:24,2024-02-26 11:55,2024-02-26 18:23
LAB704416,ENC101897,PT10688,PLT,Platelet Count,196,K/uL,150,400,N,Routine,2024-02-26 11:12,2024-02-26 11:25,2024-02-26 15:36
LAB704417,ENC101902,PT13128,WBC,White Blood Cell Count,4.7,K/uL,4.5,11,N,Routine,2024-02-26 12:22,2024-02-26 12:38,2024-02-26 15:45
LAB704418,ENC101902,PT13128,HGB,Hemoglobin,13.9,g/dL,12,17.5,N,Routine,2024-02-26 12:45,2024-02-26 12:52,2024-02-26 14:04
LAB704419,ENC101902,PT13128,PLT,Platelet Count,295,K/uL,150,400,N,Routine,2024-02-26 12:29,2024-02-26 12:37,2024-02-26 15:23
LAB704420,ENC101903,PT10493,GLU,Glucose,82,mg/dL,70,99,N,Routine,2024-02-26 16:38,2024-02-26 17:09,2024-02-26 20:11
LAB704421,ENC101903,PT10493,CREAT,Creatinine,0.81,mg/dL,0.6,1.3,N,STAT,2024-02-26 16:31,2024-02-26 16:41,2024-02-26 17:07
LAB704422,ENC101903,PT10493,WBC,White Blood Cell Count,5.1,K/uL,4.5,11,N,STAT,2024-02-26 16:05,2024-02-26 16:28,2024-02-26 17:15
LAB704423,ENC101903,PT10493,HGB,Hemoglobin,13.7,g/dL,12,17.5,N,STAT,2024-02-26 16:07,2024-02-26 16:27,2024-02-26 17:37
LAB704424,ENC101904,PT10646,GLU,Glucose,87,mg/dL,70,99,N,STAT,2024-02-26 15:33,2024-02-26 15:41,2024-02-26 16:43
LAB704425,ENC101904,PT10646,CREAT,Creatinine,0.92,mg/dL,0.6,1.3,N,Routine,2024-02-26 15:58,2024-02-26 16:33,2024-02-26 18:34
LAB704426,ENC101904,PT10646,WBC,White Blood Cell Count,9.3,K/uL,4.5,11,N,Routine,2024-02-26 15:37,2024-02-26 15:48,2024-02-26 18:48
LAB704427,ENC101904,PT10646,HGB,Hemoglobin,14.9,g/dL,12,17.5,N,Routine,2024-02-26 15:51,2024-02-26 16:19,2024-02-26 17:38
LAB704428,ENC101907,PT10101,GLU,Glucose,98,mg/dL,70,99,N,Routine,2024-02-26 19:40,2024-02-26 20:15,2024-02-27 02:51
LAB704429,ENC101907,PT10101,CREAT,Creatinine,0.94,mg/dL,0.6,1.3,N,Routine,2024-02-26 19:50,2024-02-26 20:16,2024-02-26 23:09
LAB704430,ENC101907,PT10101,WBC,White Blood Cell Count,6.5,K/uL,4.5,11,N,STAT,2024-02-26 19:54,2024-02-26 20:03,2024-02-26 21:06
LAB704431,ENC101907,PT10101,HGB,Hemoglobin,12.3,g/dL,12,17.5,N,Routine,2024-02-26 19:08,2024-02-26 19:32,2024-02-27 02:29
LAB704432,ENC101907,PT10101,BUN,Blood Urea Nitrogen,11,mg/dL,7,20,N,STAT,2024-02-26 19:04,2024-02-26 19:38,2024-02-26 20:19
LAB704433,ENC101907,PT10101,PLT,Platelet Count,255,K/uL,150,400,N,STAT,2024-02-26 19:54,2024-02-26 19:58,2024-02-26 20:57
LAB704434,ENC101907,PT10101,TROP,"Troponin I, High Sensitivity",689,ng/L,0,34,H,STAT,2024-02-26 19:37,2024-02-26 19:56,2024-02-26 20:51
LAB704435,ENC101909,PT11376,GLU,Glucose,102,mg/dL,70,99,H,Routine,2024-02-26 19:43,2024-02-26 19:55,2024-02-27 00:12
LAB704436,ENC101909,PT11376,CREAT,Creatinine,1.33,mg/dL,0.6,1.3,H,STAT,2024-02-26 19:27,2024-02-26 19:57,2024-02-26 20:24
LAB704437,ENC101909,PT11376,WBC,White Blood Cell Count,7.7,K/uL,4.5,11,N,Routine,2024-02-26 19:25,2024-02-26 19:59,2024-02-26 22:59
LAB704438,ENC101909,PT11376,HGB,Hemoglobin,13.8,g/dL,12,17.5,N,Routine,2024-02-26 19:41,2024-02-26 19:51,2024-02-27 02:17
LAB704439,ENC101909,PT11376,BUN,Blood Urea Nitrogen,7,mg/dL,7,20,N,Routine,2024-02-26 19:13,2024-02-26 19:44,2024-02-26 22:43
LAB704440,ENC101909,PT11376,PLT,Platelet Count,208,K/uL,150,400,N,STAT,2024-02-26 18:55,2024-02-26 19:01,2024-02-26 20:10
LAB704441,ENC101909,PT11376,TROP,"Troponin I, High Sensitivity",2,ng/L,0,34,N,STAT,2024-02-26 19:20,2024-02-26 19:33,2024-02-26 20:42
LAB704442,ENC101911,PT12649,LDL,LDL Cholesterol,153,mg/dL,0,99,H,Routine,2024-02-26 17:00,2024-02-26 17:14,2024-02-27 09:10
LAB704443,ENC101913,PT10800,GLU,Glucose,110,mg/dL,70,99,H,STAT,2024-02-26 19:09,2024-02-26 19:16,2024-02-26 20:24
LAB704444,ENC101913,PT10800,CREAT,Creatinine,0.5,mg/dL,0.6,1.3,L,STAT,2024-02-26 19:08,2024-02-26 19:18,2024-02-26 20:42
LAB704445,ENC101914,PT11368,GLU,Glucose,105,mg/dL,70,99,H,Routine,2024-02-26 23:29,2024-02-26 23:35,2024-02-27 05:44
LAB704446,ENC101914,PT11368,CREAT,Creatinine,1.8,mg/dL,0.6,1.3,H,STAT,2024-02-26 23:51,2024-02-27 00:01,2024-02-27 00:47
LAB704447,ENC101914,PT11368,WBC,White Blood Cell Count,8.2,K/uL,4.5,11,N,STAT,2024-02-27 00:05,2024-02-27 00:16,2024-02-27 00:58
LAB704448,ENC101914,PT11368,HGB,Hemoglobin,12.5,g/dL,12,17.5,N,STAT,2024-02-26 23:25,2024-02-26 23:38,2024-02-27 00:06
LAB704449,ENC101914,PT11368,NA,Sodium,137,mmol/L,136,145,N,STAT,2024-02-27 00:21,2024-02-27 00:40,2024-02-27 01:22
LAB704450,ENC101914,PT11368,K,Potassium,3.8,mmol/L,3.5,5.1,N,STAT,2024-02-27 00:08,2024-02-27 00:19,2024-02-27 01:18
LAB704451,ENC101915,PT12465,GLU,Glucose,88,mg/dL,70,99,N,STAT,2024-02-26 21:20,2024-02-26 21:25,2024-02-26 22:15
LAB704452,ENC101915,PT12465,CREAT,Creatinine,0.4,mg/dL,0.6,1.3,L,Routine,2024-02-26 21:31,2024-02-26 22:02,2024-02-27 00:12
LAB704453,ENC101915,PT12465,WBC,White Blood Cell Count,6.7,K/uL,4.5,11,N,STAT,2024-02-26 21:25,2024-02-26 21:47,2024-02-26 23:19
LAB704454,ENC101916,PT13239,GLU,Glucose,119,mg/dL,70,99,H,Routine,2024-02-27 00:51,2024-02-27 01:21,2024-02-27 03:50
LAB704455,ENC101916,PT13239,CREAT,Creatinine,2.34,mg/dL,0.6,1.3,H,STAT,2024-02-27 01:08,2024-02-27 01:37,2024-02-27 02:16
LAB704456,ENC101916,PT13239,WBC,White Blood Cell Count,21.6,K/uL,4.5,11,H,STAT,2024-02-27 00:42,2024-02-27 01:13,2024-02-27 01:35
LAB704457,ENC101916,PT13239,HGB,Hemoglobin,14.8,g/dL,12,17.5,N,Routine,2024-02-27 00:57,2024-02-27 01:07,2024-02-27 03:58
LAB704458,ENC101916,PT13239,LACT,Lactate,3.9,mmol/L,0.5,2,H,STAT,2024-02-27 00:59,2024-02-27 01:18,2024-02-27 01:43
LAB704459,ENC101919,PT10152,GLU,Glucose,150,mg/dL,70,99,H,STAT,2024-02-27 08:04,2024-02-27 08:16,2024-02-27 09:02
LAB704460,ENC101919,PT10152,CREAT,Creatinine,3.34,mg/dL,0.6,1.3,H,STAT,2024-02-27 08:07,2024-02-27 08:42,2024-02-27 09:17
LAB704461,ENC101919,PT10152,WBC,White Blood Cell Count,3.9,K/uL,4.5,11,L,STAT,2024-02-27 07:32,2024-02-27 08:00,2024-02-27 09:03
LAB704462,ENC101919,PT10152,HGB,Hemoglobin,13,g/dL,12,17.5,N,STAT,2024-02-27 07:44,2024-02-27 08:03,2024-02-27 08:43
LAB704463,ENC101919,PT10152,NA,Sodium,138,mmol/L,136,145,N,Routine,2024-02-27 07:33,2024-02-27 07:39,2024-02-27 09:48
LAB704464,ENC101919,PT10152,K,Potassium,6,mmol/L,3.5,5.1,H,STAT,2024-02-27 08:30,2024-02-27 09:04,2024-02-27 09:48
LAB704465,ENC101920,PT11079,GLU,Glucose,92,mg/dL,70,99,N,Routine,2024-02-27 07:46,2024-02-27 07:59,2024-02-27 09:07
LAB704466,ENC101920,PT11079,CREAT,Creatinine,0.8,mg/dL,0.6,1.3,N,Routine,2024-02-27 07:51,2024-02-27 08:26,2024-02-27 10:50
LAB704467,ENC101920,PT11079,TROP,"Troponin I, High Sensitivity",10,ng/L,0,34,N,STAT,2024-02-27 08:14,2024-02-27 08:47,2024-02-27 09:45
LAB704468,ENC101920,PT11079,BNP,B-Type Natriuretic Peptide,1837,pg/mL,0,100,H,Routine,2024-02-27 07:29,2024-02-27 07:35,2024-02-27 11:37
LAB704469,ENC101921,PT13032,GLU,Glucose,78,mg/dL,70,99,N,Routine,2024-02-27 08:27,2024-02-27 08:32,2024-02-27 12:08
LAB704470,ENC101921,PT13032,CREAT,Creatinine,1.02,mg/dL,0.6,1.3,N,Routine,2024-02-27 07:48,2024-02-27 08:20,2024-02-27 10:36
LAB704471,ENC101922,PT13917,GLU,Glucose,109,mg/dL,70,99,H,STAT,2024-02-27 08:56,2024-02-27 09:11,2024-02-27 09:52
LAB704472,ENC101922,PT13917,CREAT,Creatinine,1,mg/dL,0.6,1.3,N,STAT,2024-02-27 08:26,2024-02-27 08:32,2024-02-27 08:51
LAB704473,ENC101923,PT13305,GLU,Glucose,244,mg/dL,70,99,H,STAT,2024-02-27 08:30,2024-02-27 08:36,2024-02-27 09:11
LAB704474,ENC101923,PT13305,CREAT,Creatinine,0.74,mg/dL,0.6,1.3,N,Routine,2024-02-27 08:11,2024-02-27 08:21,2024-02-27 11:40
LAB704475,ENC101923,PT13305,WBC,White Blood Cell Count,15.5,K/uL,4.5,11,H,STAT,2024-02-27 09:04,2024-02-27 09:32,2024-02-27 10:27
LAB704476,ENC101924,PT11955,GLU,Glucose,74,mg/dL,70,99,N,Routine,2024-02-27 11:23,2024-02-27 11:42,2024-02-27 13:54
LAB704477,ENC101924,PT11955,CREAT,Creatinine,1.33,mg/dL,0.6,1.3,H,Routine,2024-02-27 12:04,2024-02-27 12:17,2024-02-27 15:28
LAB704478,ENC101924,PT11955,WBC,White Blood Cell Count,8.7,K/uL,4.5,11,N,Routine,2024-02-27 11:42,2024-02-27 12:00,2024-02-27 16:34
LAB704479,ENC101924,PT11955,HGB,Hemoglobin,11.6,g/dL,12,17.5,L,STAT,2024-02-27 11:27,2024-02-27 11:52,2024-02-27 13:21
LAB704480,ENC101926,PT13768,WBC,White Blood Cell Count,6.7,K/uL,4.5,11,N,Routine,2024-02-27 09:56,2024-02-27 10:08,2024-02-27 12:21
LAB704481,ENC101926,PT13768,HGB,Hemoglobin,9.1,g/dL,12,17.5,L,Routine,2024-02-27 10:09,2024-02-27 10:27,2024-02-27 14:41
LAB704482,ENC101926,PT13768,PLT,Platelet Count,242,K/uL,150,400,N,Routine,2024-02-27 10:03,2024-02-27 10:36,2024-02-27 11:52
LAB704483,ENC101927,PT10284,A1C,Hemoglobin A1c,7.3,%,4,5.6,H,Routine,2024-02-27 10:07,2024-02-27 10:17,2024-02-28 06:52
LAB704484,ENC101929,PT13243,GLU,Glucose,96,mg/dL,70,99,N,STAT,2024-02-27 11:16,2024-02-27 11:40,2024-02-27 12:20
LAB704485,ENC101929,PT13243,CREAT,Creatinine,0.91,mg/dL,0.6,1.3,N,STAT,2024-02-27 11:25,2024-02-27 11:54,2024-02-27 12:38
LAB704486,ENC101929,PT13243,WBC,White Blood Cell Count,10.5,K/uL,4.5,11,N,STAT,2024-02-27 11:59,2024-02-27 12:22,2024-02-27 13:07
LAB704487,ENC101929,PT13243,HGB,Hemoglobin,11.8,g/dL,12,17.5,L,STAT,2024-02-27 11:52,2024-02-27 12:17,2024-02-27 13:14
LAB704488,ENC101936,PT10016,GLU,Glucose,96,mg/dL,70,99,N,STAT,2024-02-27 13:09,2024-02-27 13:25,2024-02-27 14:09
LAB704489,ENC101936,PT10016,CREAT,Creatinine,0.89,mg/dL,0.6,1.3,N,Routine,2024-02-27 14:02,2024-02-27 14:24,2024-02-27 16:13
LAB704490,ENC101936,PT10016,WBC,White Blood Cell Count,11.9,K/uL,4.5,11,H,STAT,2024-02-27 12:59,2024-02-27 13:10,2024-02-27 14:10
LAB704491,ENC101936,PT10016,HGB,Hemoglobin,14.8,g/dL,12,17.5,N,STAT,2024-02-27 14:00,2024-02-27 14:22,2024-02-27 14:55
LAB704492,ENC101937,PT13421,GLU,Glucose,252,mg/dL,70,99,H,STAT,2024-02-27 13:28,2024-02-27 13:51,2024-02-27 14:58
LAB704493,ENC101937,PT13421,CREAT,Creatinine,1.09,mg/dL,0.6,1.3,N,Routine,2024-02-27 13:40,2024-02-27 14:09,2024-02-27 15:29
LAB704494,ENC101937,PT13421,WBC,White Blood Cell Count,4.9,K/uL,4.5,11,N,STAT,2024-02-27 14:13,2024-02-27 14:19,2024-02-27 15:25
LAB704495,ENC101937,PT13421,HGB,Hemoglobin,16,g/dL,12,17.5,N,STAT,2024-02-27 13:34,2024-02-27 13:58,2024-02-27 14:37
LAB704496,ENC101938,PT11862,GLU,Glucose,96,mg/dL,70,99,N,STAT,2024-02-27 13:21,2024-02-27 13:48,2024-02-27 14:08
LAB704497,ENC101938,PT11862,CREAT,Creatinine,1.09,mg/dL,0.6,1.3,N,Routine,2024-02-27 13:16,2024-02-27 13:25,2024-02-27 18:11
LAB704498,ENC101938,PT11862,WBC,White Blood Cell Count,7.1,K/uL,4.5,11,N,STAT,2024-02-27 13:51,2024-02-27 13:55,2024-02-27 14:22
LAB704499,ENC101938,PT11862,HGB,Hemoglobin,14.9,g/dL,12,17.5,N,STAT,2024-02-27 13:46,2024-02-27 14:09,2024-02-27 14:48
LAB704500,ENC101938,PT11862,NA,Sodium,139,mmol/L,136,145,N,STAT,2024-02-27 13:47,2024-02-27 13:56,2024-02-27 14:53
LAB704501,ENC101938,PT11862,K,Potassium,4.7,mmol/L,3.5,5.1,N,STAT,2024-02-27 13:36,2024-02-27 13:58,2024-02-27 14:50
LAB704502,ENC101939,PT10219,GLU,Glucose,94,mg/dL,70,99,N,STAT,2024-02-27 17:31,2024-02-27 17:48,2024-02-27 18:19
LAB704503,ENC101939,PT10219,CREAT,Creatinine,0.79,mg/dL,0.6,1.3,N,Routine,2024-02-27 17:09,2024-02-27 17:18,2024-02-28 02:26
LAB704504,ENC101939,PT10219,WBC,White Blood Cell Count,9.2,K/uL,4.5,11,N,Routine,2024-02-27 16:54,2024-02-27 17:16,2024-02-27 19:25
LAB704505,ENC101939,PT10219,HGB,Hemoglobin,14.2,g/dL,12,17.5,N,STAT,2024-02-27 16:40,2024-02-27 17:06,2024-02-27 18:11
LAB704506,ENC101939,PT10219,NA,Sodium,141,mmol/L,136,145,N,STAT,2024-02-27 17:16,2024-02-27 17:49,2024-02-27 18:14
LAB704507,ENC101939,PT10219,K,Potassium,4.1,mmol/L,3.5,5.1,N,STAT,2024-02-27 17:15,2024-02-27 17:47,2024-02-27 18:27
LAB704508,ENC101943,PT11085,TROP,"Troponin I, High Sensitivity",1,ng/L,0,34,N,STAT,2024-02-27 15:38,2024-02-27 16:02,2024-02-27 16:36
LAB704509,ENC101944,PT13982,GLU,Glucose,73,mg/dL,70,99,N,STAT,2024-02-27 19:03,2024-02-27 19:37,2024-02-27 20:07
LAB704510,ENC101944,PT13982,CREAT,Creatinine,0.8,mg/dL,0.6,1.3,N,Routine,2024-02-27 19:30,2024-02-27 19:37,2024-02-27 21:57
LAB704511,ENC101944,PT13982,WBC,White Blood Cell Count,8.5,K/uL,4.5,11,N,Routine,2024-02-27 19:09,2024-02-27 19:13,2024-02-27 20:56
LAB704512,ENC101944,PT13982,HGB,Hemoglobin,13.3,g/dL,12,17.5,N,Routine,2024-02-27 19:38,2024-02-27 20:05,2024-02-28 00:32
LAB704513,ENC101945,PT13629,WBC,White Blood Cell Count,7,K/uL,4.5,11,N,Routine,2024-02-27 16:05,2024-02-27 16:33,2024-02-27 19:44
LAB704514,ENC101945,PT13629,HGB,Hemoglobin,9.3,g/dL,12,17.5,L,Routine,2024-02-27 15:57,2024-02-27 16:03,2024-02-27 18:38
LAB704515,ENC101945,PT13629,PLT,Platelet Count,217,K/uL,150,400,N,Routine,2024-02-27 16:10,2024-02-27 16:39,2024-02-27 19:22
LAB704516,ENC101946,PT11261,GLU,Glucose,94,mg/dL,70,99,N,Routine,2024-02-27 16:57,2024-02-27 17:05,2024-02-27 17:59
LAB704517,ENC101946,PT11261,CREAT,Creatinine,0.56,mg/dL,0.6,1.3,L,Routine,2024-02-27 17:10,2024-02-27 17:44,2024-02-27 18:27
LAB704518,ENC101946,PT11261,WBC,White Blood Cell Count,6.4,K/uL,4.5,11,N,STAT,2024-02-27 16:23,2024-02-27 16:29,2024-02-27 17:21
LAB704519,ENC101947,PT12816,LDL,LDL Cholesterol,127,mg/dL,0,99,H,Routine,2024-02-27 16:49,2024-02-27 16:53,2024-02-28 07:26
LAB704520,ENC101947,PT12816,A1C,Hemoglobin A1c,5.3,%,4,5.6,N,Routine,2024-02-27 16:47,2024-02-27 17:03,2024-02-28 08:03
LAB704521,ENC101949,PT10495,GLU,Glucose,198,mg/dL,70,99,H,Routine,2024-02-27 21:18,2024-02-27 21:53,2024-02-27 22:42
LAB704522,ENC101949,PT10495,CREAT,Creatinine,1.22,mg/dL,0.6,1.3,N,STAT,2024-02-27 21:08,2024-02-27 21:15,2024-02-27 21:50
LAB704523,ENC101949,PT10495,WBC,White Blood Cell Count,30.2,K/uL,4.5,11,HH,Routine,2024-02-27 21:47,2024-02-27 21:51,2024-02-28 01:17
LAB704524,ENC101949,PT10495,HGB,Hemoglobin,8.9,g/dL,12,17.5,L,Routine,2024-02-27 21:43,2024-02-27 22:13,2024-02-27 23:46
LAB704525,ENC101949,PT10495,BUN,Blood Urea Nitrogen,20,mg/dL,7,20,N,Routine,2024-02-27 21:05,2024-02-27 21:34,2024-02-28 02:42
LAB704526,ENC101949,PT10495,PLT,Platelet Count,275,K/uL,150,400,N,Routine,2024-02-27 21:09,2024-02-27 21:41,2024-02-28 00:25
LAB704527,ENC101949,PT10495,LACT,Lactate,2.1,mmol/L,0.5,2,H,STAT,2024-02-27 21:25,2024-02-27 21:59,2024-02-27 22:37
LAB704528,ENC101951,PT12828,GLU,Glucose,117,mg/dL,70,99,H,STAT,2024-02-27 22:54,2024-02-27 23:20,2024-02-27 23:44
LAB704529,ENC101951,PT12828,CREAT,Creatinine,1.51,mg/dL,0.6,1.3,H,Routine,2024-02-27 22:47,2024-02-27 23:20,2024-02-28 05:55
LAB704530,ENC101951,PT12828,WBC,White Blood Cell Count,7.2,K/uL,4.5,11,N,STAT,2024-02-27 23:09,2024-02-27 23:37,2024-02-28 00:44
LAB704531,ENC101951,PT12828,HGB,Hemoglobin,10.1,g/dL,12,17.5,L,STAT,2024-02-27 22:55,2024-02-27 23:06,2024-02-28 00:02
LAB704532,ENC101951,PT12828,TROP,"Troponin I, High Sensitivity",155,ng/L,0,34,H,STAT,2024-02-27 22:31,2024-02-27 22:46,2024-02-27 23:28
LAB704533,ENC101953,PT10459,GLU,Glucose,102,mg/dL,70,99,H,Routine,2024-02-27 23:15,2024-02-27 23:27,2024-02-28 01:32
LAB704534,ENC101953,PT10459,CREAT,Creatinine,0.82,mg/dL,0.6,1.3,N,STAT,2024-02-28 00:10,2024-02-28 00:26,2024-02-28 01:19
LAB704535,ENC101953,PT10459,WBC,White Blood Cell Count,10.4,K/uL,4.5,11,N,Routine,2024-02-27 23:23,2024-02-27 23:29,2024-02-28 01:49
LAB704536,ENC101954,PT10057,GLU,Glucose,86,mg/dL,70,99,N,Routine,2024-02-28 07:15,2024-02-28 07:50,2024-02-28 09:58
LAB704537,ENC101954,PT10057,CREAT,Creatinine,0.75,mg/dL,0.6,1.3,N,STAT,2024-02-28 07:50,2024-02-28 07:55,2024-02-28 08:30
LAB704538,ENC101954,PT10057,WBC,White Blood Cell Count,10.7,K/uL,4.5,11,N,Routine,2024-02-28 07:33,2024-02-28 08:00,2024-02-28 09:39
LAB704539,ENC101954,PT10057,HGB,Hemoglobin,13.4,g/dL,12,17.5,N,STAT,2024-02-28 08:04,2024-02-28 08:32,2024-02-28 09:25
LAB704540,ENC101954,PT10057,TROP,"Troponin I, High Sensitivity",94,ng/L,0,34,H,STAT,2024-02-28 07:11,2024-02-28 07:15,2024-02-28 07:46
LAB704541,ENC101954,PT10057,BNP,B-Type Natriuretic Peptide,1860,pg/mL,0,100,H,STAT,2024-02-28 08:19,2024-02-28 08:39,2024-02-28 09:07
LAB704542,ENC101956,PT13090,GLU,Glucose,187,mg/dL,70,99,H,STAT,2024-02-28 10:22,2024-02-28 10:31,2024-02-28 11:38
LAB704543,ENC101956,PT13090,CREAT,Creatinine,0.93,mg/dL,0.6,1.3,N,STAT,2024-02-28 10:05,2024-02-28 10:33,2024-02-28 11:24
LAB704544,ENC101956,PT13090,WBC,White Blood Cell Count,12.1,K/uL,4.5,11,H,STAT,2024-02-28 09:58,2024-02-28 10:30,2024-02-28 11:02
LAB704545,ENC101956,PT13090,HGB,Hemoglobin,17.8,g/dL,12,17.5,H,Routine,2024-02-28 10:55,2024-02-28 11:10,2024-02-28 14:07
LAB704546,ENC101956,PT13090,BUN,Blood Urea Nitrogen,11,mg/dL,7,20,N,STAT,2024-02-28 11:01,2024-02-28 11:07,2024-02-28 11:58
LAB704547,ENC101956,PT13090,PLT,Platelet Count,299,K/uL,150,400,N,STAT,2024-02-28 09:58,2024-02-28 10:02,2024-02-28 10:24
LAB704548,ENC101958,PT13465,LDL,LDL Cholesterol,175,mg/dL,0,99,H,Routine,2024-02-28 09:01,2024-02-28 09:10,2024-02-29 09:16
LAB704549,ENC101960,PT10971,LDL,LDL Cholesterol,104,mg/dL,0,99,H,Routine,2024-02-28 09:20,2024-02-28 09:49,2024-02-28 22:59
LAB704550,ENC101960,PT10971,A1C,Hemoglobin A1c,5.9,%,4,5.6,H,Routine,2024-02-28 09:24,2024-02-28 09:35,2024-02-29 02:31
LAB704551,ENC101961,PT10452,GLU,Glucose,250,mg/dL,70,99,H,STAT,2024-02-28 11:59,2024-02-28 12:17,2024-02-28 13:16
LAB704552,ENC101961,PT10452,CREAT,Creatinine,1.59,mg/dL,0.6,1.3,H,Routine,2024-02-28 12:18,2024-02-28 12:36,2024-02-28 14:06
LAB704553,ENC101961,PT10452,WBC,White Blood Cell Count,6.7,K/uL,4.5,11,N,STAT,2024-02-28 11:51,2024-02-28 11:56,2024-02-28 12:23
LAB704554,ENC101961,PT10452,HGB,Hemoglobin,9.3,g/dL,12,17.5,L,Routine,2024-02-28 11:52,2024-02-28 12:07,2024-02-28 15:18
LAB704555,ENC101962,PT10139,GLU,Glucose,107,mg/dL,70,99,H,STAT,2024-02-28 10:27,2024-02-28 10:41,2024-02-28 11:06
LAB704556,ENC101962,PT10139,CREAT,Creatinine,0.87,mg/dL,0.6,1.3,N,Routine,2024-02-28 10:30,2024-02-28 11:04,2024-02-28 13:25
LAB704557,ENC101962,PT10139,WBC,White Blood Cell Count,8.8,K/uL,4.5,11,N,STAT,2024-02-28 09:49,2024-02-28 10:09,2024-02-28 10:51
LAB704558,ENC101962,PT10139,HGB,Hemoglobin,13.7,g/dL,12,17.5,N,STAT,2024-02-28 09:49,2024-02-28 10:08,2024-02-28 11:20
LAB704559,ENC101962,PT10139,NA,Sodium,139,mmol/L,136,145,N,STAT,2024-02-28 10:17,2024-02-28 10:35,2024-02-28 11:19
LAB704560,ENC101962,PT10139,K,Potassium,4.2,mmol/L,3.5,5.1,N,STAT,2024-02-28 10:04,2024-02-28 10:23,2024-02-28 11:30
LAB704561,ENC101962,PT10139,BUN,Blood Urea Nitrogen,21,mg/dL,7,20,H,STAT,2024-02-28 10:48,2024-02-28 11:05,2024-02-28 13:24
LAB704562,ENC101962,PT10139,PLT,Platelet Count,227,K/uL,150,400,N,STAT,2024-02-28 10:25,2024-02-28 10:49,2024-02-28 11:19
LAB704563,ENC101965,PT13490,GLU,Glucose,75,mg/dL,70,99,N,STAT,2024-02-28 13:32,2024-02-28 13:53,2024-02-28 14:19
LAB704564,ENC101965,PT13490,CREAT,Creatinine,0.94,mg/dL,0.6,1.3,N,STAT,2024-02-28 13:02,2024-02-28 13:15,2024-02-28 13:47
LAB704565,ENC101965,PT13490,WBC,White Blood Cell Count,23.9,K/uL,4.5,11,H,STAT,2024-02-28 13:17,2024-02-28 13:45,2024-02-28 14:20
LAB704566,ENC101965,PT13490,HGB,Hemoglobin,13.1,g/dL,12,17.5,N,Routine,2024-02-28 13:27,2024-02-28 13:41,2024-02-28 16:06
LAB704567,ENC101966,PT10824,GLU,Glucose,95,mg/dL,70,99,N,STAT,2024-02-28 11:58,2024-02-28 12:29,2024-02-28 13:20
LAB704568,ENC101966,PT10824,CREAT,Creatinine,0.73,mg/dL,0.6,1.3,N,STAT,2024-02-28 12:41,2024-02-28 13:01,2024-02-28 13:45
LAB704569,ENC101967,PT11771,GLU,Glucose,98,mg/dL,70,99,N,Routine,2024-02-28 12:51,2024-02-28 13:13,2024-02-28 15:28
LAB704570,ENC101967,PT11771,CREAT,Creatinine,0.38,mg/dL,0.6,1.3,L,STAT,2024-02-28 12:40,2024-02-28 13:05,2024-02-28 14:22
LAB704571,ENC101967,PT11771,WBC,White Blood Cell Count,8.6,K/uL,4.5,11,N,Routine,2024-02-28 12:38,2024-02-28 12:58,2024-02-28 14:20
LAB704572,ENC101969,PT12041,GLU,Glucose,123,mg/dL,70,99,H,STAT,2024-02-28 13:22,2024-02-28 13:55,2024-02-28 14:59
LAB704573,ENC101969,PT12041,CREAT,Creatinine,1.15,mg/dL,0.6,1.3,N,STAT,2024-02-28 13:07,2024-02-28 13:28,2024-02-28 13:53
LAB704574,ENC101969,PT12041,WBC,White Blood Cell Count,8.8,K/uL,4.5,11,N,Routine,2024-02-28 13:52,2024-02-28 13:58,2024-02-28 15:00
LAB704575,ENC101969,PT12041,HGB,Hemoglobin,13.2,g/dL,12,17.5,N,STAT,2024-02-28 13:48,2024-02-28 14:11,2024-02-28 14:50
LAB704576,ENC101974,PT11564,GLU,Glucose,259,mg/dL,70,99,H,STAT,2024-02-28 17:34,2024-02-28 17:38,2024-02-28 18:41
LAB704577,ENC101974,PT11564,CREAT,Creatinine,1.61,mg/dL,0.6,1.3,H,Routine,2024-02-28 17:20,2024-02-28 17:55,2024-02-28 22:03
LAB704578,ENC101974,PT11564,WBC,White Blood Cell Count,15.3,K/uL,4.5,11,H,STAT,2024-02-28 17:54,2024-02-28 18:05,2024-02-28 18:34
LAB704579,ENC101974,PT11564,HGB,Hemoglobin,9,g/dL,12,17.5,L,STAT,2024-02-28 17:51,2024-02-28 18:25,2024-02-28 19:22
LAB704580,ENC101976,PT13951,GLU,Glucose,101,mg/dL,70,99,H,Routine,2024-02-28 15:15,2024-02-28 15:48,2024-02-28 18:27
LAB704581,ENC101976,PT13951,CREAT,Creatinine,2.09,mg/dL,0.6,1.3,H,STAT,2024-02-28 14:32,2024-02-28 14:58,2024-02-28 15:13
LAB704582,ENC101976,PT13951,WBC,White Blood Cell Count,5.2,K/uL,4.5,11,N,Routine,2024-02-28 15:17,2024-02-28 15:41,2024-02-28 20:19
LAB704583,ENC101976,PT13951,HGB,Hemoglobin,11.1,g/dL,12,17.5,L,Routine,2024-02-28 14:19,2024-02-28 14:54,2024-02-28 16:57
LAB704584,ENC101977,PT13876,GLU,Glucose,140,mg/dL,70,99,H,STAT,2024-02-28 14:44,2024-02-28 15:08,2024-02-28 16:07
LAB704585,ENC101977,PT13876,CREAT,Creatinine,0.85,mg/dL,0.6,1.3,N,Routine,2024-02-28 15:01,2024-02-28 15:34,2024-02-28 17:24
LAB704586,ENC101983,PT10756,WBC,White Blood Cell Count,7.3,K/uL,4.5,11,N,Routine,2024-02-28 16:45,2024-02-28 17:12,2024-02-28 20:00
LAB704587,ENC101983,PT10756,HGB,Hemoglobin,13.6,g/dL,12,17.5,N,Routine,2024-02-28 16:26,2024-02-28 16:51,2024-02-28 20:32
LAB704588,ENC101983,PT10756,PLT,Platelet Count,287,K/uL,150,400,N,Routine,2024-02-28 16:21,2024-02-28 16:52,2024-02-28 21:43
LAB704589,ENC101987,PT12737,GLU,Glucose,114,mg/dL,70,99,H,Routine,2024-02-29 02:43,2024-02-29 03:04,2024-02-29 05:13
LAB704590,ENC101987,PT12737,CREAT,Creatinine,1.18,mg/dL,0.6,1.3,N,STAT,2024-02-29 02:44,2024-02-29 02:57,2024-02-29 03:40
LAB704591,ENC101987,PT12737,WBC,White Blood Cell Count,6.1,K/uL,4.5,11,N,STAT,2024-02-29 02:40,2024-02-29 02:52,2024-02-29 03:23
LAB704592,ENC101987,PT12737,HGB,Hemoglobin,15.3,g/dL,12,17.5,N,Routine,2024-02-29 02:32,2024-02-29 02:39,2024-02-29 03:59
LAB704593,ENC101989,PT10384,GLU,Glucose,124,mg/dL,70,99,H,Routine,2024-02-29 05:23,2024-02-29 05:58,2024-02-29 09:35
LAB704594,ENC101989,PT10384,CREAT,Creatinine,0.8,mg/dL,0.6,1.3,N,Routine,2024-02-29 04:41,2024-02-29 04:51,2024-02-29 08:26
LAB704595,ENC101989,PT10384,WBC,White Blood Cell Count,15.5,K/uL,4.5,11,H,STAT,2024-02-29 04:57,2024-02-29 05:27,2024-02-29 06:03
LAB704596,ENC101989,PT10384,HGB,Hemoglobin,12.2,g/dL,12,17.5,N,STAT,2024-02-29 04:52,2024-02-29 05:18,2024-02-29 05:56
LAB704597,ENC101989,PT10384,NA,Sodium,139,mmol/L,136,145,N,STAT,2024-02-29 05:25,2024-02-29 05:57,2024-02-29 06:41
LAB704598,ENC101989,PT10384,K,Potassium,4.3,mmol/L,3.5,5.1,N,STAT,2024-02-29 05:03,2024-02-29 05:21,2024-02-29 05:42
LAB704599,ENC101990,PT13786,GLU,Glucose,246,mg/dL,70,99,H,STAT,2024-02-29 08:16,2024-02-29 08:50,2024-02-29 09:42
LAB704600,ENC101990,PT13786,CREAT,Creatinine,1.03,mg/dL,0.6,1.3,N,STAT,2024-02-29 07:39,2024-02-29 07:54,2024-02-29 08:14
LAB704601,ENC101990,PT13786,WBC,White Blood Cell Count,11.6,K/uL,4.5,11,H,STAT,2024-02-29 08:24,2024-02-29 08:52,2024-02-29 09:38
LAB704602,ENC101990,PT13786,HGB,Hemoglobin,15.4,g/dL,12,17.5,N,STAT,2024-02-29 08:13,2024-02-29 08:44,2024-02-29 09:44
LAB704603,ENC101994,PT13306,GLU,Glucose,84,mg/dL,70,99,N,STAT,2024-02-29 10:30,2024-02-29 10:49,2024-02-29 11:28
LAB704604,ENC101994,PT13306,CREAT,Creatinine,0.8,mg/dL,0.6,1.3,N,Routine,2024-02-29 10:15,2024-02-29 10:20,2024-02-29 12:25
LAB704605,ENC101994,PT13306,WBC,White Blood Cell Count,5.3,K/uL,4.5,11,N,Routine,2024-02-29 09:41,2024-02-29 10:06,2024-02-29 14:26
LAB704606,ENC101994,PT13306,HGB,Hemoglobin,13.2,g/dL,12,17.5,N,STAT,2024-02-29 10:29,2024-02-29 10:55,2024-02-29 11:44
LAB704607,ENC101994,PT13306,TROP,"Troponin I, High Sensitivity",66,ng/L,0,34,H,STAT,2024-02-29 10:04,2024-02-29 10:23,2024-02-29 12:18
LAB704608,ENC101994,PT13306,BNP,B-Type Natriuretic Peptide,839,pg/mL,0,100,H,Routine,2024-02-29 09:51,2024-02-29 10:01,2024-02-29 11:37
LAB704609,ENC101996,PT11753,GLU,Glucose,162,mg/dL,70,99,H,Routine,2024-02-29 14:59,2024-02-29 15:06,2024-02-29 19:13
LAB704610,ENC101996,PT11753,CREAT,Creatinine,1.72,mg/dL,0.6,1.3,H,Routine,2024-02-29 15:56,2024-02-29 16:11,2024-02-29 23:38
LAB704611,ENC101996,PT11753,WBC,White Blood Cell Count,20.6,K/uL,4.5,11,H,STAT,2024-02-29 15:16,2024-02-29 15:21,2024-02-29 15:52
LAB704612,ENC101996,PT11753,HGB,Hemoglobin,12.7,g/dL,12,17.5,N,STAT,2024-02-29 15:41,2024-02-29 16:00,2024-02-29 16:58
LAB704613,ENC101996,PT11753,LACT,Lactate,1.1,mmol/L,0.5,2,N,STAT,2024-02-29 15:48,2024-02-29 16:16,2024-02-29 17:09
LAB704614,ENC101999,PT11266,A1C,Hemoglobin A1c,5.5,%,4,5.6,N,Routine,2024-02-29 12:15,2024-02-29 12:28,2024-02-29 18:14
LAB704615,ENC102000,PT10058,WBC,White Blood Cell Count,7.3,K/uL,4.5,11,N,Routine,2024-02-29 12:19,2024-02-29 12:54,2024-02-29 17:42
LAB704616,ENC102000,PT10058,HGB,Hemoglobin,13.4,g/dL,12,17.5,N,Routine,2024-02-29 12:19,2024-02-29 12:52,2024-02-29 14:31
LAB704617,ENC102000,PT10058,PLT,Platelet Count,303,K/uL,150,400,N,Routine,2024-02-29 12:24,2024-02-29 12:59,2024-02-29 19:04
LAB704618,ENC102002,PT11976,A1C,Hemoglobin A1c,11.3,%,4,5.6,H,Routine,2024-02-29 12:51,2024-02-29 13:25,2024-02-29 21:18
LAB704619,ENC102002,PT11976,GLU,Glucose,619,mg/dL,70,99,HH,Routine,2024-02-29 12:59,2024-02-29 13:25,2024-02-29 15:31
LAB704620,ENC102002,PT11976,CREAT,Creatinine,1.29,mg/dL,0.6,1.3,N,Routine,2024-02-29 12:54,2024-02-29 13:21,2024-02-29 15:02
LAB704621,ENC102006,PT13128,GLU,Glucose,106,mg/dL,70,99,H,STAT,2024-02-29 17:39,2024-02-29 17:55,2024-02-29 18:37
LAB704622,ENC102006,PT13128,CREAT,Creatinine,0.74,mg/dL,0.6,1.3,N,Routine,2024-02-29 17:26,2024-02-29 17:52,2024-02-29 22:34
LAB704623,ENC102006,PT13128,WBC,White Blood Cell Count,7.9,K/uL,4.5,11,N,Routine,2024-02-29 17:48,2024-02-29 18:17,2024-03-01 00:18
LAB704624,ENC102006,PT13128,HGB,Hemoglobin,10.8,g/dL,12,17.5,L,Routine,2024-02-29 17:38,2024-02-29 18:10,2024-03-01 00:00
LAB704625,ENC102007,PT12790,LDL,LDL Cholesterol,172,mg/dL,0,99,H,Routine,2024-02-29 13:41,2024-02-29 13:46,2024-03-01 05:07
LAB704626,ENC102007,PT12790,A1C,Hemoglobin A1c,5.1,%,4,5.6,N,Routine,2024-02-29 13:55,2024-02-29 14:03,2024-02-29 18:31
LAB704627,ENC102009,PT12263,GLU,Glucose,281,mg/dL,70,99,H,Routine,2024-02-29 20:19,2024-02-29 20:24,2024-02-29 22:54
LAB704628,ENC102009,PT12263,CREAT,Creatinine,1.13,mg/dL,0.6,1.3,N,STAT,2024-02-29 20:28,2024-02-29 20:58,2024-02-29 21:41
LAB704629,ENC102009,PT12263,WBC,White Blood Cell Count,5.9,K/uL,4.5,11,N,STAT,2024-02-29 20:23,2024-02-29 20:47,2024-02-29 21:26
LAB704630,ENC102009,PT12263,HGB,Hemoglobin,12.9,g/dL,12,17.5,N,Routine,2024-02-29 20:15,2024-02-29 20:45,2024-03-01 00:47
LAB704631,ENC102009,PT12263,NA,Sodium,142,mmol/L,136,145,N,Routine,2024-02-29 20:33,2024-02-29 21:03,2024-03-01 01:34
LAB704632,ENC102009,PT12263,K,Potassium,4.8,mmol/L,3.5,5.1,N,STAT,2024-02-29 20:27,2024-02-29 20:33,2024-02-29 20:59
LAB704633,ENC102009,PT12263,A1C,Hemoglobin A1c,9.7,%,4,5.6,H,Routine,2024-02-29 20:47,2024-02-29 20:59,2024-03-01 10:41
LAB704634,ENC102010,PT13569,GLU,Glucose,87,mg/dL,70,99,N,STAT,2024-02-29 14:44,2024-02-29 15:11,2024-02-29 15:42
LAB704635,ENC102010,PT13569,CREAT,Creatinine,1.06,mg/dL,0.6,1.3,N,STAT,2024-02-29 14:21,2024-02-29 14:35,2024-02-29 15:07
LAB704636,ENC102010,PT13569,WBC,White Blood Cell Count,7.1,K/uL,4.5,11,N,STAT,2024-02-29 15:10,2024-02-29 15:18,2024-02-29 15:58
LAB704637,ENC102010,PT13569,HGB,Hemoglobin,13,g/dL,12,17.5,N,STAT,2024-02-29 15:29,2024-02-29 15:40,2024-02-29 16:20
LAB704638,ENC102010,PT13569,TROP,"Troponin I, High Sensitivity",10,ng/L,0,34,N,STAT,2024-02-29 14:52,2024-02-29 15:12,2024-02-29 15:56
LAB704639,ENC102011,PT11095,GLU,Glucose,251,mg/dL,70,99,H,Routine,2024-02-29 19:03,2024-02-29 19:33,2024-02-29 23:13
LAB704640,ENC102011,PT11095,CREAT,Creatinine,0.84,mg/dL,0.6,1.3,N,Routine,2024-02-29 18:49,2024-02-29 19:16,2024-02-29 21:46
LAB704641,ENC102011,PT11095,WBC,White Blood Cell Count,5.9,K/uL,4.5,11,N,STAT,2024-02-29 18:33,2024-02-29 18:37,2024-02-29 19:19
LAB704642,ENC102011,PT11095,HGB,Hemoglobin,15,g/dL,12,17.5,N,Routine,2024-02-29 18:32,2024-02-29 18:54,2024-03-01 01:29
LAB704643,ENC102011,PT11095,NA,Sodium,144,mmol/L,136,145,N,Routine,2024-02-29 19:34,2024-02-29 19:38,2024-03-01 01:34
LAB704644,ENC102011,PT11095,K,Potassium,4.4,mmol/L,3.5,5.1,N,STAT,2024-02-29 19:35,2024-02-29 19:59,2024-02-29 20:41
LAB704645,ENC102011,PT11095,A1C,Hemoglobin A1c,10.6,%,4,5.6,H,Routine,2024-02-29 18:49,2024-02-29 19:19,2024-03-01 22:05
LAB704646,ENC102013,PT13847,TROP,"Troponin I, High Sensitivity",7,ng/L,0,34,N,STAT,2024-02-29 17:56,2024-02-29 18:12,2024-02-29 19:01
LAB704647,ENC102015,PT11816,GLU,Glucose,258,mg/dL,70,99,H,STAT,2024-02-29 22:41,2024-02-29 22:50,2024-02-29 23:31
LAB704648,ENC102015,PT11816,CREAT,Creatinine,1.07,mg/dL,0.6,1.3,N,STAT,2024-02-29 23:20,2024-02-29 23:48,2024-03-01 01:07
LAB704649,ENC102015,PT11816,WBC,White Blood Cell Count,14.6,K/uL,4.5,11,H,Routine,2024-02-29 22:21,2024-02-29 22:48,2024-03-01 05:39
LAB704650,ENC102015,PT11816,HGB,Hemoglobin,13.3,g/dL,12,17.5,N,Routine,2024-02-29 23:21,2024-02-29 23:51,2024-03-01 04:34
LAB704651,ENC102016,PT13116,GLU,Glucose,108,mg/dL,70,99,H,STAT,2024-02-29 17:56,2024-02-29 18:28,2024-02-29 18:55
LAB704652,ENC102016,PT13116,CREAT,Creatinine,0.93,mg/dL,0.6,1.3,N,STAT,2024-02-29 18:24,2024-02-29 18:39,2024-02-29 19:31
LAB704653,ENC102016,PT13116,WBC,White Blood Cell Count,7,K/uL,4.5,11,N,Routine,2024-02-29 18:18,2024-02-29 18:38,2024-02-29 21:55
LAB704654,ENC102016,PT13116,HGB,Hemoglobin,11.9,g/dL,12,17.5,L,Routine,2024-02-29 18:12,2024-02-29 18:40,2024-02-29 23:41
LAB704655,ENC102017,PT10159,GLU,Glucose,115,mg/dL,70,99,H,STAT,2024-02-29 19:36,2024-02-29 19:48,2024-02-29 20:34
LAB704656,ENC102017,PT10159,CREAT,Creatinine,0.24,mg/dL,0.6,1.3,L,Routine,2024-02-29 19:28,2024-02-29 19:42,2024-02-29 22:24
LAB704657,ENC102018,PT11171,GLU,Glucose,96,mg/dL,70,99,N,Routine,2024-03-01 01:19,2024-03-01 01:35,2024-03-01 02:43
LAB704658,ENC102018,PT11171,CREAT,Creatinine,1.08,mg/dL,0.6,1.3,N,Routine,2024-03-01 01:48,2024-03-01 02:22,2024-03-01 09:54
LAB704659,ENC102018,PT11171,WBC,White Blood Cell Count,5.1,K/uL,4.5,11,N,STAT,2024-03-01 01:11,2024-03-01 01:29,2024-03-01 01:57
LAB704660,ENC102018,PT11171,HGB,Hemoglobin,14.5,g/dL,12,17.5,N,STAT,2024-03-01 00:57,2024-03-01 01:28,2024-03-01 02:28
LAB704661,ENC102019,PT13717,GLU,Glucose,129,mg/dL,70,99,H,STAT,2024-02-29 23:45,2024-03-01 00:16,2024-03-01 01:05
LAB704662,ENC102019,PT13717,CREAT,Creatinine,0.64,mg/dL,0.6,1.3,N,STAT,2024-03-01 00:50,2024-03-01 01:24,2024-03-01 02:35
LAB704663,ENC102019,PT13717,WBC,White Blood Cell Count,8.4,K/uL,4.5,11,N,STAT,2024-03-01 00:42,2024-03-01 00:57,2024-03-01 01:30
LAB704664,ENC102019,PT13717,HGB,Hemoglobin,13,g/dL,12,17.5,N,Routine,2024-03-01 00:48,2024-03-01 01:11,2024-03-01 02:41
LAB704665,ENC102019,PT13717,BUN,Blood Urea Nitrogen,9,mg/dL,7,20,N,STAT,2024-03-01 00:14,2024-03-01 00:37,2024-03-01 00:59
LAB704666,ENC102019,PT13717,PLT,Platelet Count,224,K/uL,150,400,N,Routine,2024-03-01 00:35,2024-03-01 01:00,2024-03-01 04:13
LAB704667,ENC102019,PT13717,INR,Prothrombin Time INR,1.1,ratio,0.8,1.2,N,Routine,2024-03-01 00:42,2024-03-01 01:09,2024-03-01 03:01
LAB704668,ENC102020,PT12259,GLU,Glucose,110,mg/dL,70,99,H,STAT,2024-02-29 23:55,2024-03-01 00:11,2024-03-01 01:51
LAB704669,ENC102020,PT12259,CREAT,Creatinine,1.18,mg/dL,0.6,1.3,N,STAT,2024-02-29 23:28,2024-02-29 23:52,2024-03-01 00:51
LAB704670,ENC102020,PT12259,WBC,White Blood Cell Count,7.2,K/uL,4.5,11,N,STAT,2024-02-29 23:19,2024-02-29 23:43,2024-03-01 01:54
LAB704671,ENC102020,PT12259,HGB,Hemoglobin,13.4,g/dL,12,17.5,N,Routine,2024-03-01 00:01,2024-03-01 00:22,2024-03-01 07:19
LAB704672,ENC102020,PT12259,NA,Sodium,136,mmol/L,136,145,N,STAT,2024-02-29 23:42,2024-03-01 00:13,2024-03-01 01:17
LAB704673,ENC102020,PT12259,K,Potassium,4.6,mmol/L,3.5,5.1,N,STAT,2024-02-29 23:22,2024-02-29 23:51,2024-03-01 00:49
LAB704674,ENC102021,PT10444,GLU,Glucose,305,mg/dL,70,99,H,STAT,2024-03-01 01:29,2024-03-01 02:03,2024-03-01 02:52
LAB704675,ENC102021,PT10444,CREAT,Creatinine,1.89,mg/dL,0.6,1.3,H,STAT,2024-03-01 02:14,2024-03-01 02:37,2024-03-01 03:54
LAB704676,ENC102021,PT10444,WBC,White Blood Cell Count,15.2,K/uL,4.5,11,H,STAT,2024-03-01 02:17,2024-03-01 02:46,2024-03-01 03:16
LAB704677,ENC102021,PT10444,HGB,Hemoglobin,10,g/dL,12,17.5,L,Routine,2024-03-01 02:13,2024-03-01 02:26,2024-03-01 06:47
LAB704678,ENC102021,PT10444,NA,Sodium,141,mmol/L,136,145,N,Routine,2024-03-01 01:25,2024-03-01 01:59,2024-03-01 04:47
LAB704679,ENC102021,PT10444,K,Potassium,3.7,mmol/L,3.5,5.1,N,STAT,2024-03-01 01:31,2024-03-01 01:55,2024-03-01 02:41
LAB704680,ENC102023,PT11356,GLU,Glucose,146,mg/dL,70,99,H,STAT,2024-02-29 23:45,2024-02-29 23:50,2024-03-01 00:09
LAB704681,ENC102023,PT11356,CREAT,Creatinine,0.89,mg/dL,0.6,1.3,N,Routine,2024-03-01 00:14,2024-03-01 00:30,2024-03-01 04:32
LAB704682,ENC102023,PT11356,WBC,White Blood Cell Count,5.2,K/uL,4.5,11,N,STAT,2024-03-01 00:01,2024-03-01 00:24,2024-03-01 01:03
LAB704683,ENC102023,PT11356,TROP,"Troponin I, High Sensitivity",2,ng/L,0,34,N,STAT,2024-02-29 23:33,2024-03-01 00:00,2024-03-01 00:29
LAB704684,ENC102024,PT13412,GLU,Glucose,208,mg/dL,70,99,H,STAT,2024-02-29 23:48,2024-03-01 00:08,2024-03-01 01:00
LAB704685,ENC102024,PT13412,CREAT,Creatinine,1.3,mg/dL,0.6,1.3,N,STAT,2024-02-29 23:28,2024-02-29 23:51,2024-03-01 01:13
LAB704686,ENC102024,PT13412,WBC,White Blood Cell Count,9,K/uL,4.5,11,N,STAT,2024-02-29 23:22,2024-02-29 23:36,2024-03-01 00:33
LAB704687,ENC102024,PT13412,A1C,Hemoglobin A1c,8.8,%,4,5.6,H,STAT,2024-03-01 00:21,2024-03-01 00:51,2024-03-01 01:26
LAB704688,ENC102026,PT13943,GLU,Glucose,125,mg/dL,70,99,H,STAT,2024-03-01 04:27,2024-03-01 04:53,2024-03-01 05:42
LAB704689,ENC102026,PT13943,CREAT,Creatinine,2.19,mg/dL,0.6,1.3,H,STAT,2024-03-01 04:44,2024-03-01 04:59,2024-03-01 05:18
LAB704690,ENC102026,PT13943,WBC,White Blood Cell Count,11.6,K/uL,4.5,11,H,STAT,2024-03-01 04:28,2024-03-01 04:41,2024-03-01 05:12
LAB704691,ENC102026,PT13943,HGB,Hemoglobin,10.5,g/dL,12,17.5,L,STAT,2024-03-01 04:27,2024-03-01 04:45,2024-03-01 05:40
LAB704692,ENC102026,PT13943,NA,Sodium,138,mmol/L,136,145,N,STAT,2024-03-01 04:36,2024-03-01 04:40,2024-03-01 05:18
LAB704693,ENC102026,PT13943,K,Potassium,3.6,mmol/L,3.5,5.1,N,STAT,2024-03-01 03:48,2024-03-01 03:58,2024-03-01 04:37
LAB704694,ENC102026,PT13943,TROP,"Troponin I, High Sensitivity",1,ng/L,0,34,N,STAT,2024-03-01 04:11,2024-03-01 04:46,2024-03-01 05:34
LAB704695,ENC102027,PT11006,GLU,Glucose,97,mg/dL,70,99,N,STAT,2024-03-01 06:45,2024-03-01 07:15,2024-03-01 07:32
LAB704696,ENC102027,PT11006,CREAT,Creatinine,1.17,mg/dL,0.6,1.3,N,Routine,2024-03-01 06:57,2024-03-01 07:17,2024-03-01 10:27
LAB704697,ENC102027,PT11006,WBC,White Blood Cell Count,8.9,K/uL,4.5,11,N,STAT,2024-03-01 06:17,2024-03-01 06:28,2024-03-01 07:28
LAB704698,ENC102027,PT11006,HGB,Hemoglobin,12.7,g/dL,12,17.5,N,STAT,2024-03-01 07:15,2024-03-01 07:40,2024-03-01 08:30
LAB704699,ENC102027,PT11006,NA,Sodium,141,mmol/L,136,145,N,Routine,2024-03-01 06:59,2024-03-01 07:27,2024-03-01 11:48
LAB704700,ENC102027,PT11006,K,Potassium,4.4,mmol/L,3.5,5.1,N,STAT,2024-03-01 07:03,2024-03-01 07:22,2024-03-01 08:44
LAB704701,ENC102028,PT12661,GLU,Glucose,133,mg/dL,70,99,H,Routine,2024-03-01 07:50,2024-03-01 07:56,2024-03-01 10:32
LAB704702,ENC102028,PT12661,CREAT,Creatinine,0.87,mg/dL,0.6,1.3,N,STAT,2024-03-01 08:45,2024-03-01 08:52,2024-03-01 09:39
LAB704703,ENC102030,PT12522,A1C,Hemoglobin A1c,10.9,%,4,5.6,H,STAT,2024-03-01 09:37,2024-03-01 10:01,2024-03-01 10:35
LAB704704,ENC102033,PT11511,WBC,White Blood Cell Count,6.7,K/uL,4.5,11,N,Routine,2024-03-01 10:57,2024-03-01 11:24,2024-03-01 13:12
LAB704705,ENC102033,PT11511,HGB,Hemoglobin,15.3,g/dL,12,17.5,N,Routine,2024-03-01 10:50,2024-03-01 11:02,2024-03-01 15:55
LAB704706,ENC102033,PT11511,PLT,Platelet Count,290,K/uL,150,400,N,Routine,2024-03-01 11:11,2024-03-01 11:25,2024-03-01 14:40
LAB704707,ENC102034,PT10967,GLU,Glucose,109,mg/dL,70,99,H,Routine,2024-03-01 14:16,2024-03-01 14:24,2024-03-01 19:15
LAB704708,ENC102034,PT10967,CREAT,Creatinine,1.25,mg/dL,0.6,1.3,N,STAT,2024-03-01 14:11,2024-03-01 14:36,2024-03-01 15:27
LAB704709,ENC102034,PT10967,WBC,White Blood Cell Count,5.6,K/uL,4.5,11,N,Routine,2024-03-01 13:44,2024-03-01 13:55,2024-03-01 15:43
LAB704710,ENC102034,PT10967,HGB,Hemoglobin,16.5,g/dL,12,17.5,N,Routine,2024-03-01 14:02,2024-03-01 14:23,2024-03-01 16:47
LAB704711,ENC102034,PT10967,TROP,"Troponin I, High Sensitivity",1,ng/L,0,34,N,STAT,2024-03-01 14:33,2024-03-01 14:46,2024-03-01 15:25
LAB704712,ENC102034,PT10967,BNP,B-Type Natriuretic Peptide,1184,pg/mL,0,100,H,STAT,2024-03-01 14:27,2024-03-01 14:50,2024-03-01 15:20
LAB704713,ENC102036,PT13929,GLU,Glucose,133,mg/dL,70,99,H,Routine,2024-03-01 12:29,2024-03-01 12:59,2024-03-01 15:39
LAB704714,ENC102036,PT13929,CREAT,Creatinine,0.85,mg/dL,0.6,1.3,N,Routine,2024-03-01 12:45,2024-03-01 13:01,2024-03-01 14:48
LAB704715,ENC102036,PT13929,WBC,White Blood Cell Count,4.1,K/uL,4.5,11,L,STAT,2024-03-01 12:33,2024-03-01 13:02,2024-03-01 13:32
LAB704716,ENC102036,PT13929,HGB,Hemoglobin,15.7,g/dL,12,17.5,N,Routine,2024-03-01 12:11,2024-03-01 12:44,2024-03-01 15:14
LAB704717,ENC102036,PT13929,BUN,Blood Urea Nitrogen,19,mg/dL,7,20,N,STAT,2024-03-01 12:08,2024-03-01 12:40,2024-03-01 13:44
LAB704718,ENC102036,PT13929,PLT,Platelet Count,176,K/uL,150,400,N,STAT,2024-03-01 12:01,2024-03-01 12:31,2024-03-01 13:52
LAB704719,ENC102037,PT13824,WBC,White Blood Cell Count,9.2,K/uL,4.5,11,N,Routine,2024-03-01 11:59,2024-03-01 12:27,2024-03-01 14:27
LAB704720,ENC102037,PT13824,HGB,Hemoglobin,14.6,g/dL,12,17.5,N,Routine,2024-03-01 12:13,2024-03-01 12:42,2024-03-01 14:22
LAB704721,ENC102037,PT13824,PLT,Platelet Count,289,K/uL,150,400,N,Routine,2024-03-01 11:52,2024-03-01 12:06,2024-03-01 14:20
LAB704722,ENC102038,PT10219,A1C,Hemoglobin A1c,5,%,4,5.6,N,Routine,2024-03-01 12:30,2024-03-01 12:54,2024-03-02 03:05
LAB704723,ENC102038,PT10219,GLU,Glucose,89,mg/dL,70,99,N,Routine,2024-03-01 12:20,2024-03-01 12:31,2024-03-01 14:56
LAB704724,ENC102038,PT10219,CREAT,Creatinine,0.71,mg/dL,0.6,1.3,N,Routine,2024-03-01 12:05,2024-03-01 12:36,2024-03-01 15:06
LAB704725,ENC102046,PT12965,GLU,Glucose,120,mg/dL,70,99,H,STAT,2024-03-01 19:00,2024-03-01 19:32,2024-03-01 20:13
LAB704726,ENC102046,PT12965,CREAT,Creatinine,0.98,mg/dL,0.6,1.3,N,Routine,2024-03-01 19:12,2024-03-01 19:43,2024-03-01 22:16
LAB704727,ENC102046,PT12965,WBC,White Blood Cell Count,9.7,K/uL,4.5,11,N,STAT,2024-03-01 19:14,2024-03-01 19:30,2024-03-01 20:18
LAB704728,ENC102046,PT12965,HGB,Hemoglobin,11.9,g/dL,12,17.5,L,STAT,2024-03-01 19:46,2024-03-01 20:02,2024-03-01 20:34
LAB704729,ENC102046,PT12965,BUN,Blood Urea Nitrogen,12,mg/dL,7,20,N,STAT,2024-03-01 19:48,2024-03-01 20:04,2024-03-01 20:45
LAB704730,ENC102046,PT12965,PLT,Platelet Count,174,K/uL,150,400,N,Routine,2024-03-01 19:10,2024-03-01 19:15,2024-03-01 20:05
LAB704731,ENC102046,PT12965,TROP,"Troponin I, High Sensitivity",4,ng/L,0,34,N,STAT,2024-03-01 19:34,2024-03-01 19:40,2024-03-01 20:20
LAB704732,ENC102046,PT12965,BNP,B-Type Natriuretic Peptide,706,pg/mL,0,100,H,STAT,2024-03-01 19:01,2024-03-01 19:25,2024-03-01 19:56
LAB704733,ENC102047,PT13796,GLU,Glucose,84,mg/dL,70,99,N,STAT,2024-03-01 20:25,2024-03-01 20:29,2024-03-01 21:22
LAB704734,ENC102047,PT13796,CREAT,Creatinine,1.05,mg/dL,0.6,1.3,N,Routine,2024-03-01 21:21,2024-03-01 21:56,2024-03-02 00:00
LAB704735,ENC102047,PT13796,WBC,White Blood Cell Count,6.1,K/uL,4.5,11,N,STAT,2024-03-01 20:54,2024-03-01 20:59,2024-03-01 21:58
LAB704736,ENC102047,PT13796,HGB,Hemoglobin,12.8,g/dL,12,17.5,N,STAT,2024-03-01 21:30,2024-03-01 21:47,2024-03-01 22:22
LAB704737,ENC102047,PT13796,TROP,"Troponin I, High Sensitivity",5,ng/L,0,34,N,STAT,2024-03-01 21:01,2024-03-01 21:33,2024-03-01 22:32
LAB704738,ENC102047,PT13796,BNP,B-Type Natriuretic Peptide,627,pg/mL,0,100,H,STAT,2024-03-01 20:47,2024-03-01 21:18,2024-03-01 22:12
LAB704739,ENC102048,PT12842,LDL,LDL Cholesterol,115,mg/dL,0,99,H,Routine,2024-03-01 16:55,2024-03-01 17:24,2024-03-02 13:55
LAB704740,ENC102048,PT12842,A1C,Hemoglobin A1c,9.1,%,4,5.6,H,Routine,2024-03-01 16:39,2024-03-01 16:57,2024-03-02 14:38
LAB704741,ENC102049,PT12248,GLU,Glucose,87,mg/dL,70,99,N,STAT,2024-03-01 22:27,2024-03-01 22:39,2024-03-02 00:07
LAB704742,ENC102049,PT12248,CREAT,Creatinine,0.83,mg/dL,0.6,1.3,N,Routine,2024-03-01 22:41,2024-03-01 22:52,2024-03-02 01:39
LAB704743,ENC102049,PT12248,WBC,White Blood Cell Count,6.8,K/uL,4.5,11,N,STAT,2024-03-01 22:39,2024-03-01 23:13,2024-03-01 23:34
LAB704744,ENC102049,PT12248,HGB,Hemoglobin,15.4,g/dL,12,17.5,N,STAT,2024-03-01 22:12,2024-03-01 22:36,2024-03-01 23:50
LAB704745,ENC102049,PT12248,TROP,"Troponin I, High Sensitivity",1,ng/L,0,34,N,STAT,2024-03-01 22:37,2024-03-01 23:07,2024-03-01 23:58
LAB704746,ENC102050,PT13988,GLU,Glucose,100,mg/dL,70,99,H,STAT,2024-03-02 00:40,2024-03-02 01:09,2024-03-02 01:58
LAB704747,ENC102050,PT13988,CREAT,Creatinine,0.82,mg/dL,0.6,1.3,N,Routine,2024-03-02 00:00,2024-03-02 00:28,2024-03-02 05:14
LAB704748,ENC102050,PT13988,WBC,White Blood Cell Count,9.9,K/uL,4.5,11,N,STAT,2024-03-02 00:19,2024-03-02 00:41,2024-03-02 01:20
LAB704749,ENC102050,PT13988,HGB,Hemoglobin,15.5,g/dL,12,17.5,N,STAT,2024-03-02 00:42,2024-03-02 01:01,2024-03-02 02:23
LAB704750,ENC102053,PT13598,GLU,Glucose,188,mg/dL,70,99,H,Routine,2024-03-02 03:42,2024-03-02 04:01,2024-03-02 06:08
LAB704751,ENC102053,PT13598,CREAT,Creatinine,1.44,mg/dL,0.6,1.3,H,STAT,2024-03-02 03:53,2024-03-02 03:59,2024-03-02 04:48
LAB704752,ENC102053,PT13598,WBC,White Blood Cell Count,7.1,K/uL,4.5,11,N,STAT,2024-03-02 03:51,2024-03-02 04:00,2024-03-02 04:36
LAB704753,ENC102053,PT13598,HGB,Hemoglobin,15.3,g/dL,12,17.5,N,Routine,2024-03-02 04:23,2024-03-02 04:45,2024-03-02 06:18
LAB704754,ENC102053,PT13598,INR,Prothrombin Time INR,1,ratio,0.8,1.2,N,Routine,2024-03-02 04:04,2024-03-02 04:20,2024-03-02 06:57
LAB704755,ENC102054,PT10912,GLU,Glucose,92,mg/dL,70,99,N,STAT,2024-03-02 03:50,2024-03-02 03:57,2024-03-02 04:56
LAB704756,ENC102054,PT10912,CREAT,Creatinine,0.88,mg/dL,0.6,1.3,N,STAT,2024-03-02 03:58,2024-03-02 04:07,2024-03-02 04:39
LAB704757,ENC102054,PT10912,WBC,White Blood Cell Count,5.2,K/uL,4.5,11,N,Routine,2024-03-02 03:30,2024-03-02 03:48,2024-03-02 06:30
LAB704758,ENC102054,PT10912,HGB,Hemoglobin,14.9,g/dL,12,17.5,N,Routine,2024-03-02 03:36,2024-03-02 03:46,2024-03-02 06:32
LAB704759,ENC102056,PT12465,GLU,Glucose,151,mg/dL,70,99,H,STAT,2024-03-02 09:37,2024-03-02 09:51,2024-03-02 10:56
LAB704760,ENC102056,PT12465,CREAT,Creatinine,0.47,mg/dL,0.6,1.3,L,STAT,2024-03-02 10:09,2024-03-02 10:30,2024-03-02 10:59
LAB704761,ENC102058,PT10024,GLU,Glucose,90,mg/dL,70,99,N,Routine,2024-03-02 15:13,2024-03-02 15:17,2024-03-02 17:03
LAB704762,ENC102058,PT10024,CREAT,Creatinine,0.91,mg/dL,0.6,1.3,N,STAT,2024-03-02 15:18,2024-03-02 15:51,2024-03-02 16:35
LAB704763,ENC102058,PT10024,WBC,White Blood Cell Count,6.4,K/uL,4.5,11,N,STAT,2024-03-02 15:23,2024-03-02 15:55,2024-03-02 17:43
LAB704764,ENC102058,PT10024,HGB,Hemoglobin,12.7,g/dL,12,17.5,N,STAT,2024-03-02 14:39,2024-03-02 14:57,2024-03-02 16:21
LAB704765,ENC102058,PT10024,NA,Sodium,141,mmol/L,136,145,N,STAT,2024-03-02 14:38,2024-03-02 15:03,2024-03-02 15:49
LAB704766,ENC102058,PT10024,K,Potassium,4.6,mmol/L,3.5,5.1,N,STAT,2024-03-02 14:54,2024-03-02 15:23,2024-03-02 16:08
LAB704767,ENC102059,PT13907,GLU,Glucose,259,mg/dL,70,99,H,Routine,2024-03-02 10:57,2024-03-02 11:30,2024-03-02 15:13
LAB704768,ENC102059,PT13907,CREAT,Creatinine,1.19,mg/dL,0.6,1.3,N,STAT,2024-03-02 11:16,2024-03-02 11:46,2024-03-02 13:24
LAB704769,ENC102059,PT13907,TROP,"Troponin I, High Sensitivity",9,ng/L,0,34,N,STAT,2024-03-02 10:50,2024-03-02 11:20,2024-03-02 11:53
LAB704770,ENC102060,PT11919,GLU,Glucose,104,mg/dL,70,99,H,STAT,2024-03-02 11:55,2024-03-02 12:20,2024-03-02 13:59
LAB704771,ENC102060,PT11919,CREAT,Creatinine,0.95,mg/dL,0.6,1.3,N,STAT,2024-03-02 11:33,2024-03-02 11:45,2024-03-02 12:20
LAB704772,ENC102060,PT11919,WBC,White Blood Cell Count,18.3,K/uL,4.5,11,H,Routine,2024-03-02 12:04,2024-03-02 12:37,2024-03-02 14:54
LAB704773,ENC102060,PT11919,HGB,Hemoglobin,15,g/dL,12,17.5,N,STAT,2024-03-02 12:10,2024-03-02 12:37,2024-03-02 12:58
LAB704774,ENC102063,PT11721,GLU,Glucose,215,mg/dL,70,99,H,STAT,2024-03-02 14:52,2024-03-02 15:23,2024-03-02 16:09
LAB704775,ENC102063,PT11721,CREAT,Creatinine,1.09,mg/dL,0.6,1.3,N,Routine,2024-03-02 14:23,2024-03-02 14:49,2024-03-02 17:07
LAB704776,ENC102063,PT11721,TROP,"Troponin I, High Sensitivity",6,ng/L,0,34,N,STAT,2024-03-02 14:51,2024-03-02 15:22,2024-03-02 16:15
LAB704777,ENC102066,PT12064,GLU,Glucose,113,mg/dL,70,99,H,STAT,2024-03-02 15:26,2024-03-02 15:32,2024-03-02 16:15
LAB704778,ENC102066,PT12064,CREAT,Creatinine,1.07,mg/dL,0.6,1.3,N,Routine,2024-03-02 15:38,2024-03-02 15:52,2024-03-02 21:59
LAB704779,ENC102067,PT12399,GLU,Glucose,59,mg/dL,70,99,L,STAT,2024-03-02 18:46,2024-03-02 18:55,2024-03-02 19:21
LAB704780,ENC102067,PT12399,CREAT,Creatinine,0.95,mg/dL,0.6,1.3,N,STAT,2024-03-02 18:16,2024-03-02 18:35,2024-03-02 19:43
LAB704781,ENC102067,PT12399,WBC,White Blood Cell Count,6.3,K/uL,4.5,11,N,STAT,2024-03-02 17:59,2024-03-02 18:34,2024-03-02 20:04
LAB704782,ENC102067,PT12399,HGB,Hemoglobin,14.6,g/dL,12,17.5,N,STAT,2024-03-02 18:49,2024-03-02 19:18,2024-03-02 19:32
LAB704783,ENC102068,PT10658,GLU,Glucose,103,mg/dL,70,99,H,Routine,2024-03-02 20:08,2024-03-02 20:38,2024-03-02 23:02
LAB704784,ENC102068,PT10658,CREAT,Creatinine,1.12,mg/dL,0.6,1.3,N,Routine,2024-03-02 20:49,2024-03-02 21:21,2024-03-03 08:34
LAB704785,ENC102068,PT10658,WBC,White Blood Cell Count,8.9,K/uL,4.5,11,N,STAT,2024-03-02 20:23,2024-03-02 20:54,2024-03-02 21:38
LAB704786,ENC102068,PT10658,HGB,Hemoglobin,15.5,g/dL,12,17.5,N,STAT,2024-03-02 20:04,2024-03-02 20:21,2024-03-02 21:40
LAB704787,ENC102070,PT11135,GLU,Glucose,142,mg/dL,70,99,H,Routine,2024-03-02 23:30,2024-03-02 23:50,2024-03-03 06:00
LAB704788,ENC102070,PT11135,CREAT,Creatinine,1.42,mg/dL,0.6,1.3,H,Routine,2024-03-02 22:42,2024-03-02 22:46,2024-03-03 05:00
LAB704789,ENC102070,PT11135,WBC,White Blood Cell Count,7.2,K/uL,4.5,11,N,Routine,2024-03-02 23:43,2024-03-02 23:55,2024-03-03 00:41
LAB704790,ENC102070,PT11135,HGB,Hemoglobin,10.6,g/dL,12,17.5,L,Routine,2024-03-02 23:13,2024-03-02 23:21,2024-03-03 02:37
LAB704791,ENC102072,PT12367,GLU,Glucose,112,mg/dL,70,99,H,Routine,2024-03-03 00:00,2024-03-03 00:16,2024-03-03 02:51
LAB704792,ENC102072,PT12367,CREAT,Creatinine,0.85,mg/dL,0.6,1.3,N,STAT,2024-03-03 00:13,2024-03-03 00:42,2024-03-03 01:44
LAB704793,ENC102072,PT12367,WBC,White Blood Cell Count,6.7,K/uL,4.5,11,N,Routine,2024-03-02 23:48,2024-03-03 00:21,2024-03-03 03:23
LAB704794,ENC102072,PT12367,HGB,Hemoglobin,14.8,g/dL,12,17.5,N,Routine,2024-03-02 23:54,2024-03-02 23:58,2024-03-03 04:30
LAB704795,ENC102073,PT11473,GLU,Glucose,96,mg/dL,70,99,N,STAT,2024-03-02 22:06,2024-03-02 22:31,2024-03-02 23:03
LAB704796,ENC102073,PT11473,CREAT,Creatinine,1.33,mg/dL,0.6,1.3,H,STAT,2024-03-02 22:31,2024-03-02 22:49,2024-03-02 23:22
LAB704797,ENC102074,PT10857,GLU,Glucose,105,mg/dL,70,99,H,STAT,2024-03-03 02:52,2024-03-03 03:00,2024-03-03 03:41
LAB704798,ENC102074,PT10857,CREAT,Creatinine,0.64,mg/dL,0.6,1.3,N,STAT,2024-03-03 03:17,2024-03-03 03:52,2024-03-03 04:15
LAB704799,ENC102074,PT10857,WBC,White Blood Cell Count,9.1,K/uL,4.5,11,N,STAT,2024-03-03 02:49,2024-03-03 03:08,2024-03-03 03:39
LAB704800,ENC102074,PT10857,HGB,Hemoglobin,10.9,g/dL,12,17.5,L,STAT,2024-03-03 03:02,2024-03-03 03:10,2024-03-03 03:47
LAB704801,ENC102074,PT10857,NA,Sodium,137,mmol/L,136,145,N,STAT,2024-03-03 03:13,2024-03-03 03:18,2024-03-03 03:51
LAB704802,ENC102074,PT10857,K,Potassium,4.6,mmol/L,3.5,5.1,N,STAT,2024-03-03 02:14,2024-03-03 02:36,2024-03-03 03:52
LAB704803,ENC102075,PT13073,GLU,Glucose,215,mg/dL,70,99,H,Routine,2024-03-03 08:46,2024-03-03 09:04,2024-03-03 13:33
LAB704804,ENC102075,PT13073,CREAT,Creatinine,0.95,mg/dL,0.6,1.3,N,Routine,2024-03-03 08:20,2024-03-03 08:24,2024-03-03 10:08
LAB704805,ENC102075,PT13073,WBC,White Blood Cell Count,18.7,K/uL,4.5,11,H,Routine,2024-03-03 08:45,2024-03-03 09:03,2024-03-03 14:18
LAB704806,ENC102075,PT13073,HGB,Hemoglobin,12.9,g/dL,12,17.5,N,STAT,2024-03-03 08:45,2024-03-03 09:12,2024-03-03 09:44
LAB704807,ENC102075,PT13073,NA,Sodium,139,mmol/L,136,145,N,STAT,2024-03-03 08:33,2024-03-03 08:50,2024-03-03 09:33
LAB704808,ENC102075,PT13073,K,Potassium,4.1,mmol/L,3.5,5.1,N,STAT,2024-03-03 08:56,2024-03-03 09:22,2024-03-03 10:03
LAB704809,ENC102075,PT13073,LACT,Lactate,4.2,mmol/L,0.5,2,HH,STAT,2024-03-03 09:05,2024-03-03 09:32,2024-03-03 10:09
LAB704810,ENC102077,PT11106,GLU,Glucose,122,mg/dL,70,99,H,STAT,2024-03-03 11:21,2024-03-03 11:38,2024-03-03 12:47
LAB704811,ENC102077,PT11106,CREAT,Creatinine,1.01,mg/dL,0.6,1.3,N,Routine,2024-03-03 11:24,2024-03-03 11:31,2024-03-03 16:49
LAB704812,ENC102077,PT11106,WBC,White Blood Cell Count,4.8,K/uL,4.5,11,N,Routine,2024-03-03 11:44,2024-03-03 12:07,2024-03-03 16:37
LAB704813,ENC102077,PT11106,HGB,Hemoglobin,13.6,g/dL,12,17.5,N,Routine,2024-03-03 11:23,2024-03-03 11:39,2024-03-03 15:16
LAB704814,ENC102077,PT11106,INR,Prothrombin Time INR,0.9,ratio,0.8,1.2,N,STAT,2024-03-03 11:27,2024-03-03 11:48,2024-03-03 12:17
LAB704815,ENC102078,PT12499,GLU,Glucose,205,mg/dL,70,99,H,Routine,2024-03-03 13:11,2024-03-03 13:20,2024-03-03 16:21
LAB704816,ENC102078,PT12499,CREAT,Creatinine,2.32,mg/dL,0.6,1.3,H,STAT,2024-03-03 13:38,2024-03-03 13:57,2024-03-03 14:31
LAB704817,ENC102078,PT12499,WBC,White Blood Cell Count,21,K/uL,4.5,11,H,Routine,2024-03-03 13:37,2024-03-03 13:51,2024-03-03 17:00
LAB704818,ENC102078,PT12499,HGB,Hemoglobin,13.1,g/dL,12,17.5,N,Routine,2024-03-03 13:34,2024-03-03 13:45,2024-03-03 18:09
LAB704819,ENC102078,PT12499,LACT,Lactate,4.9,mmol/L,0.5,2,HH,STAT,2024-03-03 13:02,2024-03-03 13:17,2024-03-03 13:56
LAB704820,ENC102079,PT12694,GLU,Glucose,68,mg/dL,70,99,L,Routine,2024-03-03 12:12,2024-03-03 12:17,2024-03-03 16:17
LAB704821,ENC102079,PT12694,CREAT,Creatinine,0.9,mg/dL,0.6,1.3,N,STAT,2024-03-03 12:38,2024-03-03 12:47,2024-03-03 13:15
LAB704822,ENC102079,PT12694,WBC,White Blood Cell Count,5.4,K/uL,4.5,11,N,STAT,2024-03-03 12:31,2024-03-03 12:50,2024-03-03 13:24
LAB704823,ENC102079,PT12694,HGB,Hemoglobin,14.7,g/dL,12,17.5,N,Routine,2024-03-03 12:02,2024-03-03 12:18,2024-03-03 15:15
LAB704824,ENC102079,PT12694,TROP,"Troponin I, High Sensitivity",244,ng/L,0,34,H,STAT,2024-03-03 12:12,2024-03-03 12:39,2024-03-03 13:17
LAB704825,ENC102080,PT13440,GLU,Glucose,131,mg/dL,70,99,H,STAT,2024-03-03 15:52,2024-03-03 15:58,2024-03-03 16:27
LAB704826,ENC102080,PT13440,CREAT,Creatinine,0.53,mg/dL,0.6,1.3,L,STAT,2024-03-03 16:06,2024-03-03 16:22,2024-03-03 16:59
LAB704827,ENC102080,PT13440,WBC,White Blood Cell Count,5.9,K/uL,4.5,11,N,STAT,2024-03-03 15:55,2024-03-03 16:02,2024-03-03 17:30
LAB704828,ENC102080,PT13440,HGB,Hemoglobin,14,g/dL,12,17.5,N,Routine,2024-03-03 15:35,2024-03-03 16:08,2024-03-03 17:58
LAB704829,ENC102080,PT13440,INR,Prothrombin Time INR,2.9,ratio,0.8,1.2,H,Routine,2024-03-03 15:57,2024-03-03 16:16,2024-03-03 19:14
LAB704830,ENC102081,PT10371,GLU,Glucose,94,mg/dL,70,99,N,STAT,2024-03-03 13:02,2024-03-03 13:24,2024-03-03 14:35
LAB704831,ENC102081,PT10371,CREAT,Creatinine,1.1,mg/dL,0.6,1.3,N,STAT,2024-03-03 12:49,2024-03-03 12:57,2024-03-03 13:33
LAB704832,ENC102081,PT10371,WBC,White Blood Cell Count,8.6,K/uL,4.5,11,N,STAT,2024-03-03 13:40,2024-03-03 14:08,2024-03-03 14:44
LAB704833,ENC102081,PT10371,HGB,Hemoglobin,13.9,g/dL,12,17.5,N,STAT,2024-03-03 12:53,2024-03-03 13:23,2024-03-03 13:57
LAB704834,ENC102083,PT12296,GLU,Glucose,118,mg/dL,70,99,H,STAT,2024-03-03 15:10,2024-03-03 15:38,2024-03-03 16:34
LAB704835,ENC102083,PT12296,CREAT,Creatinine,0.97,mg/dL,0.6,1.3,N,STAT,2024-03-03 14:07,2024-03-03 14:35,2024-03-03 15:26
LAB704836,ENC102083,PT12296,WBC,White Blood Cell Count,5.8,K/uL,4.5,11,N,Routine,2024-03-03 14:56,2024-03-03 15:13,2024-03-03 17:43
LAB704837,ENC102083,PT12296,HGB,Hemoglobin,12.9,g/dL,12,17.5,N,STAT,2024-03-03 14:55,2024-03-03 15:07,2024-03-03 15:49
LAB704838,ENC102084,PT13532,GLU,Glucose,92,mg/dL,70,99,N,Routine,2024-03-03 15:11,2024-03-03 15:20,2024-03-03 18:33
LAB704839,ENC102084,PT13532,CREAT,Creatinine,0.71,mg/dL,0.6,1.3,N,Routine,2024-03-03 16:13,2024-03-03 16:48,2024-03-03 18:53
LAB704840,ENC102084,PT13532,WBC,White Blood Cell Count,11.6,K/uL,4.5,11,H,STAT,2024-03-03 15:15,2024-03-03 15:32,2024-03-03 16:09
LAB704841,ENC102084,PT13532,HGB,Hemoglobin,15.3,g/dL,12,17.5,N,Routine,2024-03-03 15:59,2024-03-03 16:14,2024-03-03 18:14
LAB704842,ENC102086,PT10904,GLU,Glucose,116,mg/dL,70,99,H,Routine,2024-03-03 19:58,2024-03-03 20:33,2024-03-03 22:17
LAB704843,ENC102086,PT10904,CREAT,Creatinine,0.96,mg/dL,0.6,1.3,N,Routine,2024-03-03 19:24,2024-03-03 19:35,2024-03-03 23:35
LAB704844,ENC102086,PT10904,WBC,White Blood Cell Count,8.6,K/uL,4.5,11,N,STAT,2024-03-03 19:25,2024-03-03 19:49,2024-03-03 20:32
LAB704845,ENC102086,PT10904,HGB,Hemoglobin,14.1,g/dL,12,17.5,N,STAT,2024-03-03 19:13,2024-03-03 19:18,2024-03-03 20:10
LAB704846,ENC102088,PT12625,GLU,Glucose,92,mg/dL,70,99,N,STAT,2024-03-03 22:49,2024-03-03 23:16,2024-03-04 00:25
LAB704847,ENC102088,PT12625,CREAT,Creatinine,1.12,mg/dL,0.6,1.3,N,Routine,2024-03-03 22:19,2024-03-03 22:51,2024-03-04 00:07
LAB704848,ENC102088,PT12625,WBC,White Blood Cell Count,9.1,K/uL,4.5,11,N,STAT,2024-03-03 22:47,2024-03-03 23:06,2024-03-03 23:54
LAB704849,ENC102088,PT12625,HGB,Hemoglobin,8.7,g/dL,12,17.5,L,Routine,2024-03-03 22:38,2024-03-03 23:11,2024-03-04 01:17
LAB704850,ENC102088,PT12625,TROP,"Troponin I, High Sensitivity",11,ng/L,0,34,N,STAT,2024-03-03 22:45,2024-03-03 23:06,2024-03-03 23:45
LAB704851,ENC102088,PT12625,BNP,B-Type Natriuretic Peptide,1263,pg/mL,0,100,H,Routine,2024-03-03 22:51,2024-03-03 23:02,2024-03-04 04:21
LAB704852,ENC102089,PT11765,GLU,Glucose,94,mg/dL,70,99,N,Routine,2024-03-04 00:00,2024-03-04 00:21,2024-03-04 02:41
LAB704853,ENC102089,PT11765,CREAT,Creatinine,0.98,mg/dL,0.6,1.3,N,STAT,2024-03-04 00:07,2024-03-04 00:41,2024-03-04 01:10
LAB704854,ENC102089,PT11765,WBC,White Blood Cell Count,8.5,K/uL,4.5,11,N,STAT,2024-03-04 00:01,2024-03-04 00:17,2024-03-04 00:44
LAB704855,ENC102089,PT11765,HGB,Hemoglobin,15.9,g/dL,12,17.5,N,Routine,2024-03-04 00:38,2024-03-04 00:46,2024-03-04 03:11
LAB704856,ENC102091,PT10069,GLU,Glucose,106,mg/dL,70,99,H,STAT,2024-03-03 23:39,2024-03-04 00:03,2024-03-04 00:50
LAB704857,ENC102091,PT10069,CREAT,Creatinine,1.18,mg/dL,0.6,1.3,N,STAT,2024-03-03 23:01,2024-03-03 23:27,2024-03-04 00:02
LAB704858,ENC102091,PT10069,WBC,White Blood Cell Count,8.8,K/uL,4.5,11,N,STAT,2024-03-03 23:14,2024-03-03 23:42,2024-03-04 00:19
LAB704859,ENC102091,PT10069,HGB,Hemoglobin,17.1,g/dL,12,17.5,N,Routine,2024-03-03 23:05,2024-03-03 23:29,2024-03-04 06:59
LAB704860,ENC102093,PT12494,GLU,Glucose,167,mg/dL,70,99,H,Routine,2024-03-03 22:29,2024-03-03 22:47,2024-03-04 00:26
LAB704861,ENC102093,PT12494,CREAT,Creatinine,0.79,mg/dL,0.6,1.3,N,STAT,2024-03-03 22:30,2024-03-03 23:04,2024-03-03 23:35
LAB704862,ENC102093,PT12494,WBC,White Blood Cell Count,9.5,K/uL,4.5,11,N,STAT,2024-03-03 22:47,2024-03-03 22:56,2024-03-03 23:53
LAB704863,ENC102093,PT12494,HGB,Hemoglobin,14.6,g/dL,12,17.5,N,Routine,2024-03-03 22:50,2024-03-03 23:05,2024-03-04 02:46
LAB704864,ENC102093,PT12494,NA,Sodium,137,mmol/L,136,145,N,STAT,2024-03-03 23:03,2024-03-03 23:12,2024-03-04 00:38
LAB704865,ENC102093,PT12494,K,Potassium,3.6,mmol/L,3.5,5.1,N,STAT,2024-03-03 22:35,2024-03-03 23:05,2024-03-04 00:14
LAB704866,ENC102094,PT13535,GLU,Glucose,115,mg/dL,70,99,H,Routine,2024-03-04 01:51,2024-03-04 02:16,2024-03-04 05:52
LAB704867,ENC102094,PT13535,CREAT,Creatinine,1.3,mg/dL,0.6,1.3,N,Routine,2024-03-04 01:07,2024-03-04 01:34,2024-03-04 09:49
LAB704868,ENC102094,PT13535,WBC,White Blood Cell Count,8.7,K/uL,4.5,11,N,STAT,2024-03-04 01:21,2024-03-04 01:43,2024-03-04 02:03
LAB704869,ENC102094,PT13535,HGB,Hemoglobin,14,g/dL,12,17.5,N,Routine,2024-03-04 01:19,2024-03-04 01:42,2024-03-04 06:40
LAB704870,ENC102094,PT13535,NA,Sodium,134,mmol/L,136,145,L,STAT,2024-03-04 01:11,2024-03-04 01:22,2024-03-04 02:12
LAB704871,ENC102094,PT13535,K,Potassium,4.8,mmol/L,3.5,5.1,N,STAT,2024-03-04 01:04,2024-03-04 01:34,2024-03-04 02:31
LAB704872,ENC102094,PT13535,TROP,"Troponin I, High Sensitivity",11,ng/L,0,34,N,STAT,2024-03-04 00:56,2024-03-04 01:16,2024-03-04 01:52
LAB704873,ENC102097,PT11191,GLU,Glucose,107,mg/dL,70,99,H,Routine,2024-03-04 03:08,2024-03-04 03:37,2024-03-04 05:30
LAB704874,ENC102097,PT11191,CREAT,Creatinine,0.88,mg/dL,0.6,1.3,N,STAT,2024-03-04 02:18,2024-03-04 02:25,2024-03-04 03:11
LAB704875,ENC102097,PT11191,WBC,White Blood Cell Count,6.6,K/uL,4.5,11,N,Routine,2024-03-04 03:12,2024-03-04 03:30,2024-03-04 07:09
LAB704876,ENC102097,PT11191,HGB,Hemoglobin,13.3,g/dL,12,17.5,N,STAT,2024-03-04 02:55,2024-03-04 03:21,2024-03-04 04:08
LAB704877,ENC102098,PT10862,GLU,Glucose,107,mg/dL,70,99,H,Routine,2024-03-04 06:51,2024-03-04 07:20,2024-03-04 08:51
LAB704878,ENC102098,PT10862,CREAT,Creatinine,0.7,mg/dL,0.6,1.3,N,STAT,2024-03-04 06:29,2024-03-04 06:36,2024-03-04 06:58
LAB704879,ENC102098,PT10862,WBC,White Blood Cell Count,17.1,K/uL,4.5,11,H,STAT,2024-03-04 05:56,2024-03-04 06:12,2024-03-04 06:33
LAB704880,ENC102098,PT10862,HGB,Hemoglobin,13.7,g/dL,12,17.5,N,STAT,2024-03-04 06:01,2024-03-04 06:23,2024-03-04 06:54
LAB704881,ENC102099,PT10825,GLU,Glucose,114,mg/dL,70,99,H,STAT,2024-03-04 06:36,2024-03-04 06:46,2024-03-04 08:15
LAB704882,ENC102099,PT10825,CREAT,Creatinine,0.88,mg/dL,0.6,1.3,N,STAT,2024-03-04 06:19,2024-03-04 06:48,2024-03-04 08:11
LAB704883,ENC102099,PT10825,WBC,White Blood Cell Count,8.4,K/uL,4.5,11,N,Routine,2024-03-04 06:11,2024-03-04 06:32,2024-03-04 08:36
LAB704884,ENC102099,PT10825,HGB,Hemoglobin,16,g/dL,12,17.5,N,STAT,2024-03-04 06:16,2024-03-04 06:23,2024-03-04 06:53
LAB704885,ENC102099,PT10825,TROP,"Troponin I, High Sensitivity",63,ng/L,0,34,H,STAT,2024-03-04 06:23,2024-03-04 06:55,2024-03-04 07:14
LAB704886,ENC102099,PT10825,BNP,B-Type Natriuretic Peptide,744,pg/mL,0,100,H,Routine,2024-03-04 06:32,2024-03-04 06:53,2024-03-04 13:31
LAB704887,ENC102101,PT13464,GLU,Glucose,96,mg/dL,70,99,N,STAT,2024-03-04 11:40,2024-03-04 11:49,2024-03-04 12:42
LAB704888,ENC102101,PT13464,CREAT,Creatinine,0.9,mg/dL,0.6,1.3,N,STAT,2024-03-04 11:40,2024-03-04 11:45,2024-03-04 12:31
LAB704889,ENC102101,PT13464,WBC,White Blood Cell Count,3.4,K/uL,4.5,11,L,STAT,2024-03-04 11:48,2024-03-04 12:18,2024-03-04 12:38
LAB704890,ENC102101,PT13464,HGB,Hemoglobin,16.2,g/dL,12,17.5,N,STAT,2024-03-04 11:25,2024-03-04 11:59,2024-03-04 12:39
LAB704891,ENC102101,PT13464,TROP,"Troponin I, High Sensitivity",4,ng/L,0,34,N,STAT,2024-03-04 11:13,2024-03-04 11:18,2024-03-04 12:25
LAB704892,ENC102101,PT13464,BNP,B-Type Natriuretic Peptide,1737,pg/mL,0,100,H,Routine,2024-03-04 11:02,2024-03-04 11:17,2024-03-04 14:38
LAB704893,ENC102103,PT10012,GLU,Glucose,114,mg/dL,70,99,H,STAT,2024-03-04 11:39,2024-03-04 12:12,2024-03-04 12:58
LAB704894,ENC102103,PT10012,CREAT,Creatinine,1.17,mg/dL,0.6,1.3,N,STAT,2024-03-04 11:55,2024-03-04 12:01,2024-03-04 12:53
LAB704895,ENC102103,PT10012,WBC,White Blood Cell Count,5.9,K/uL,4.5,11,N,STAT,2024-03-04 12:16,2024-03-04 12:46,2024-03-04 13:37
LAB704896,ENC102103,PT10012,HGB,Hemoglobin,15.6,g/dL,12,17.5,N,STAT,2024-03-04 12:06,2024-03-04 12:22,2024-03-04 12:57
LAB704897,ENC102103,PT10012,NA,Sodium,139,mmol/L,136,145,N,Routine,2024-03-04 11:24,2024-03-04 11:37,2024-03-04 15:17
LAB704898,ENC102103,PT10012,K,Potassium,4.8,mmol/L,3.5,5.1,N,STAT,2024-03-04 11:36,2024-03-04 11:50,2024-03-04 12:50
LAB704899,ENC102104,PT11816,A1C,Hemoglobin A1c,8.7,%,4,5.6,H,Routine,2024-03-04 08:16,2024-03-04 08:37,2024-03-05 16:57
LAB704900,ENC102109,PT12689,LDL,LDL Cholesterol,111,mg/dL,0,99,H,Routine,2024-03-04 10:35,2024-03-04 11:06,2024-03-04 22:55
LAB704901,ENC102109,PT12689,TSH,Thyroid Stimulating Hormone,0.17,mIU/L,0.4,4,L,Routine,2024-03-04 10:29,2024-03-04 10:37,2024-03-05 06:37
LAB704902,ENC102110,PT12752,GLU,Glucose,96,mg/dL,70,99,N,Routine,2024-03-04 10:29,2024-03-04 10:45,2024-03-04 12:35
LAB704903,ENC102110,PT12752,CREAT,Creatinine,0.78,mg/dL,0.6,1.3,N,Routine,2024-03-04 11:21,2024-03-04 11:49,2024-03-04 14:07
LAB704904,ENC102110,PT12752,WBC,White Blood Cell Count,9,K/uL,4.5,11,N,STAT,2024-03-04 11:20,2024-03-04 11:55,2024-03-04 12:54
LAB704905,ENC102110,PT12752,HGB,Hemoglobin,15,g/dL,12,17.5,N,Routine,2024-03-04 11:00,2024-03-04 11:24,2024-03-04 14:44
LAB704906,ENC102112,PT13493,GLU,Glucose,112,mg/dL,70,99,H,Routine,2024-03-04 11:17,2024-03-04 11:43,2024-03-04 17:57
LAB704907,ENC102112,PT13493,CREAT,Creatinine,0.83,mg/dL,0.6,1.3,N,STAT,2024-03-04 10:57,2024-03-04 11:18,2024-03-04 11:56
LAB704908,ENC102116,PT12347,GLU,Glucose,111,mg/dL,70,99,H,STAT,2024-03-04 12:55,2024-03-04 13:08,2024-03-04 14:26
LAB704909,ENC102116,PT12347,CREAT,Creatinine,0.46,mg/dL,0.6,1.3,L,Routine,2024-03-04 11:58,2024-03-04 12:28,2024-03-04 15:32
LAB704910,ENC102116,PT12347,WBC,White Blood Cell Count,3.4,K/uL,4.5,11,L,Routine,2024-03-04 12:44,2024-03-04 13:02,2024-03-04 18:05
LAB704911,ENC102117,PT10861,WBC,White Blood Cell Count,5.4,K/uL,4.5,11,N,Routine,2024-03-04 12:08,2024-03-04 12:25,2024-03-04 15:58
LAB704912,ENC102117,PT10861,HGB,Hemoglobin,13.4,g/dL,12,17.5,N,Routine,2024-03-04 12:16,2024-03-04 12:48,2024-03-04 14:11
LAB704913,ENC102117,PT10861,PLT,Platelet Count,251,K/uL,150,400,N,Routine,2024-03-04 12:17,2024-03-04 12:40,2024-03-04 16:55
LAB704914,ENC102118,PT11635,WBC,White Blood Cell Count,8.6,K/uL,4.5,11,N,Routine,2024-03-04 12:29,2024-03-04 12:42,2024-03-04 18:33
LAB704915,ENC102118,PT11635,HGB,Hemoglobin,13.9,g/dL,12,17.5,N,Routine,2024-03-04 12:24,2024-03-04 12:40,2024-03-04 15:03
LAB704916,ENC102118,PT11635,PLT,Platelet Count,326,K/uL,150,400,N,Routine,2024-03-04 12:27,2024-03-04 12:42,2024-03-04 15:45
LAB704917,ENC102121,PT12613,LDL,LDL Cholesterol,201,mg/dL,0,99,H,Routine,2024-03-04 13:13,2024-03-04 13:39,2024-03-05 02:33
LAB704918,ENC102121,PT12613,TSH,Thyroid Stimulating Hormone,0.72,mIU/L,0.4,4,N,Routine,2024-03-04 13:07,2024-03-04 13:17,2024-03-04 23:47
LAB704919,ENC102122,PT13383,GLU,Glucose,105,mg/dL,70,99,H,STAT,2024-03-04 13:32,2024-03-04 13:47,2024-03-04 15:01
LAB704920,ENC102122,PT13383,CREAT,Creatinine,1,mg/dL,0.6,1.3,N,STAT,2024-03-04 14:00,2024-03-04 14:31,2024-03-04 15:20
LAB704921,ENC102122,PT13383,WBC,White Blood Cell Count,9.9,K/uL,4.5,11,N,STAT,2024-03-04 12:53,2024-03-04 13:27,2024-03-04 14:15
LAB704922,ENC102122,PT13383,HGB,Hemoglobin,15.2,g/dL,12,17.5,N,Routine,2024-03-04 13:08,2024-03-04 13:29,2024-03-04 16:46
LAB704923,ENC102123,PT12250,LDL,LDL Cholesterol,86,mg/dL,0,99,N,Routine,2024-03-04 13:22,2024-03-04 13:33,2024-03-04 23:11
LAB704924,ENC102123,PT12250,A1C,Hemoglobin A1c,6.2,%,4,5.6,H,Routine,2024-03-04 13:39,2024-03-04 13:47,2024-03-05 01:52
LAB704925,ENC102132,PT10505,GLU,Glucose,127,mg/dL,70,99,H,Routine,2024-03-04 16:17,2024-03-04 16:49,2024-03-04 19:28
LAB704926,ENC102132,PT10505,CREAT,Creatinine,0.78,mg/dL,0.6,1.3,N,STAT,2024-03-04 16:29,2024-03-04 16:56,2024-03-04 17:43
LAB704927,ENC102132,PT10505,WBC,White Blood Cell Count,5.4,K/uL,4.5,11,N,STAT,2024-03-04 15:45,2024-03-04 15:51,2024-03-04 16:35
LAB704928,ENC102132,PT10505,HGB,Hemoglobin,12.9,g/dL,12,17.5,N,Routine,2024-03-04 16:29,2024-03-04 16:36,2024-03-04 22:17
LAB704929,ENC102134,PT10245,WBC,White Blood Cell Count,6.3,K/uL,4.5,11,N,Routine,2024-03-04 15:28,2024-03-04 16:01,2024-03-04 18:05
LAB704930,ENC102134,PT10245,HGB,Hemoglobin,13.6,g/dL,12,17.5,N,Routine,2024-03-04 15:42,2024-03-04 15:58,2024-03-04 16:52
LAB704931,ENC102134,PT10245,PLT,Platelet Count,284,K/uL,150,400,N,Routine,2024-03-04 15:27,2024-03-04 15:47,2024-03-04 17:51
LAB704932,ENC102135,PT12421,GLU,Glucose,100,mg/dL,70,99,H,Routine,2024-03-04 21:20,2024-03-04 21:54,2024-03-04 23:43
LAB704933,ENC102135,PT12421,CREAT,Creatinine,1.01,mg/dL,0.6,1.3,N,Routine,2024-03-04 21:37,2024-03-04 21:57,2024-03-05 06:01
LAB704934,ENC102135,PT12421,WBC,White Blood Cell Count,11.3,K/uL,4.5,11,H,STAT,2024-03-04 20:32,2024-03-04 20:42,2024-03-04 21:16
LAB704935,ENC102135,PT12421,HGB,Hemoglobin,14.1,g/dL,12,17.5,N,Routine,2024-03-04 21:24,2024-03-04 21:43,2024-03-04 23:07
LAB704936,ENC102136,PT12350,A1C,Hemoglobin A1c,6.3,%,4,5.6,H,Routine,2024-03-04 16:35,2024-03-04 16:49,2024-03-05 09:06
LAB704937,ENC102137,PT11390,GLU,Glucose,183,mg/dL,70,99,H,STAT,2024-03-04 17:49,2024-03-04 18:10,2024-03-04 18:41
LAB704938,ENC102137,PT11390,CREAT,Creatinine,0.85,mg/dL,0.6,1.3,N,STAT,2024-03-04 17:21,2024-03-04 17:35,2024-03-04 19:04
LAB704939,ENC102137,PT11390,WBC,White Blood Cell Count,8.4,K/uL,4.5,11,N,STAT,2024-03-04 17:28,2024-03-04 17:32,2024-03-04 18:59
LAB704940,ENC102137,PT11390,HGB,Hemoglobin,13.6,g/dL,12,17.5,N,STAT,2024-03-04 18:04,2024-03-04 18:34,2024-03-04 19:20
LAB704941,ENC102138,PT13636,GLU,Glucose,114,mg/dL,70,99,H,STAT,2024-03-04 19:10,2024-03-04 19:35,2024-03-04 20:20
LAB704942,ENC102138,PT13636,CREAT,Creatinine,0.85,mg/dL,0.6,1.3,N,Routine,2024-03-04 19:01,2024-03-04 19:26,2024-03-04 22:49
LAB704943,ENC102138,PT13636,WBC,White Blood Cell Count,9,K/uL,4.5,11,N,STAT,2024-03-04 19:25,2024-03-04 19:52,2024-03-04 21:05
LAB704944,ENC102138,PT13636,HGB,Hemoglobin,11.2,g/dL,12,17.5,L,STAT,2024-03-04 18:57,2024-03-04 19:23,2024-03-04 20:35
LAB704945,ENC102139,PT12091,GLU,Glucose,184,mg/dL,70,99,H,Routine,2024-03-04 23:39,2024-03-04 23:48,2024-03-05 01:17
LAB704946,ENC102139,PT12091,CREAT,Creatinine,1.8,mg/dL,0.6,1.3,H,Routine,2024-03-04 23:21,2024-03-04 23:37,2024-03-05 00:59
LAB704947,ENC102139,PT12091,WBC,White Blood Cell Count,16.8,K/uL,4.5,11,H,STAT,2024-03-04 22:59,2024-03-04 23:04,2024-03-05 00:00
LAB704948,ENC102139,PT12091,HGB,Hemoglobin,17,g/dL,12,17.5,N,STAT,2024-03-04 23:12,2024-03-04 23:20,2024-03-05 00:06
LAB704949,ENC102139,PT12091,LACT,Lactate,2.3,mmol/L,0.5,2,H,STAT,2024-03-04 23:42,2024-03-05 00:10,2024-03-05 01:21
LAB704950,ENC102143,PT13365,GLU,Glucose,123,mg/dL,70,99,H,Routine,2024-03-05 01:41,2024-03-05 02:01,2024-03-05 04:20
LAB704951,ENC102143,PT13365,CREAT,Creatinine,0.97,mg/dL,0.6,1.3,N,Routine,2024-03-05 01:56,2024-03-05 02:27,2024-03-05 03:22
LAB704952,ENC102143,PT13365,WBC,White Blood Cell Count,16.9,K/uL,4.5,11,H,STAT,2024-03-05 01:33,2024-03-05 02:02,2024-03-05 03:04
LAB704953,ENC102143,PT13365,HGB,Hemoglobin,15.5,g/dL,12,17.5,N,STAT,2024-03-05 02:03,2024-03-05 02:17,2024-03-05 02:44
LAB704954,ENC102143,PT13365,NA,Sodium,141,mmol/L,136,145,N,STAT,2024-03-05 01:22,2024-03-05 01:57,2024-03-05 02:33
LAB704955,ENC102143,PT13365,K,Potassium,3.8,mmol/L,3.5,5.1,N,STAT,2024-03-05 01:46,2024-03-05 02:04,2024-03-05 02:44
LAB704956,ENC102145,PT10234,GLU,Glucose,118,mg/dL,70,99,H,STAT,2024-03-05 00:46,2024-03-05 00:56,2024-03-05 02:16
LAB704957,ENC102145,PT10234,CREAT,Creatinine,1.05,mg/dL,0.6,1.3,N,Routine,2024-03-05 01:32,2024-03-05 01:39,2024-03-05 04:54
LAB704958,ENC102145,PT10234,WBC,White Blood Cell Count,16.6,K/uL,4.5,11,H,Routine,2024-03-05 01:12,2024-03-05 01:45,2024-03-05 04:24
LAB704959,ENC102145,PT10234,HGB,Hemoglobin,14.1,g/dL,12,17.5,N,STAT,2024-03-05 01:21,2024-03-05 01:34,2024-03-05 02:07
LAB704960,ENC102146,PT13907,GLU,Glucose,142,mg/dL,70,99,H,Routine,2024-03-05 00:24,2024-03-05 00:33,2024-03-05 03:51
LAB704961,ENC102146,PT13907,CREAT,Creatinine,0.9,mg/dL,0.6,1.3,N,Routine,2024-03-05 00:23,2024-03-05 00:41,2024-03-05 02:14
LAB704962,ENC102146,PT13907,WBC,White Blood Cell Count,6.6,K/uL,4.5,11,N,Routine,2024-03-04 23:29,2024-03-05 00:01,2024-03-05 03:32
LAB704963,ENC102146,PT13907,HGB,Hemoglobin,12.4,g/dL,12,17.5,N,STAT,2024-03-04 23:39,2024-03-05 00:13,2024-03-05 01:40
LAB704964,ENC102146,PT13907,INR,Prothrombin Time INR,1.1,ratio,0.8,1.2,N,STAT,2024-03-04 23:28,2024-03-04 23:48,2024-03-05 00:32
LAB704965,ENC102147,PT10057,GLU,Glucose,87,mg/dL,70,99,N,Routine,2024-03-05 05:48,2024-03-05 05:58,2024-03-05 08:59
LAB704966,ENC102147,PT10057,CREAT,Creatinine,0.87,mg/dL,0.6,1.3,N,STAT,2024-03-05 06:23,2024-03-05 06:53,2024-03-05 07:27
LAB704967,ENC102147,PT10057,WBC,White Blood Cell Count,9.8,K/uL,4.5,11,N,STAT,2024-03-05 05:57,2024-03-05 06:32,2024-03-05 07:19
LAB704968,ENC102147,PT10057,HGB,Hemoglobin,12.8,g/dL,12,17.5,N,Routine,2024-03-05 06:06,2024-03-05 06:27,2024-03-05 12:38
LAB704969,ENC102147,PT10057,TROP,"Troponin I, High Sensitivity",18,ng/L,0,34,N,STAT,2024-03-05 06:18,2024-03-05 06:42,2024-03-05 07:16
LAB704970,ENC102147,PT10057,BNP,B-Type Natriuretic Peptide,544,pg/mL,0,100,H,Routine,2024-03-05 06:29,2024-03-05 07:02,2024-03-05 17:34
LAB704971,ENC102148,PT13977,GLU,Glucose,117,mg/dL,70,99,H,Routine,2024-03-05 09:43,2024-03-05 09:57,2024-03-05 14:45
LAB704972,ENC102148,PT13977,CREAT,Creatinine,1.15,mg/dL,0.6,1.3,N,STAT,2024-03-05 09:26,2024-03-05 09:34,2024-03-05 10:32
LAB704973,ENC102148,PT13977,WBC,White Blood Cell Count,14.9,K/uL,4.5,11,H,STAT,2024-03-05 10:00,2024-03-05 10:06,2024-03-05 11:20
LAB704974,ENC102148,PT13977,HGB,Hemoglobin,13.1,g/dL,12,17.5,N,STAT,2024-03-05 09:30,2024-03-05 09:51,2024-03-05 10:29
LAB704975,ENC102149,PT13240,GLU,Glucose,98,mg/dL,70,99,N,STAT,2024-03-05 08:21,2024-03-05 08:49,2024-03-05 09:11
LAB704976,ENC102149,PT13240,CREAT,Creatinine,0.59,mg/dL,0.6,1.3,L,Routine,2024-03-05 08:15,2024-03-05 08:20,2024-03-05 11:16
LAB704977,ENC102149,PT13240,WBC,White Blood Cell Count,9.7,K/uL,4.5,11,N,STAT,2024-03-05 09:09,2024-03-05 09:19,2024-03-05 10:11
LAB704978,ENC102149,PT13240,HGB,Hemoglobin,14.3,g/dL,12,17.5,N,STAT,2024-03-05 09:02,2024-03-05 09:30,2024-03-05 10:46
LAB704979,ENC102149,PT13240,BUN,Blood Urea Nitrogen,16,mg/dL,7,20,N,STAT,2024-03-05 08:18,2024-03-05 08:31,2024-03-05 09:08
LAB704980,ENC102149,PT13240,PLT,Platelet Count,232,K/uL,150,400,N,STAT,2024-03-05 08:07,2024-03-05 08:16,2024-03-05 09:21
LAB704981,ENC102150,PT13077,GLU,Glucose,92,mg/dL,70,99,N,Routine,2024-03-05 08:19,2024-03-05 08:26,2024-03-05 13:34
LAB704982,ENC102150,PT13077,CREAT,Creatinine,0.69,mg/dL,0.6,1.3,N,STAT,2024-03-05 09:17,2024-03-05 09:45,2024-03-05 10:49
LAB704983,ENC102150,PT13077,WBC,White Blood Cell Count,9.4,K/uL,4.5,11,N,STAT,2024-03-05 09:05,2024-03-05 09:24,2024-03-05 10:09
LAB704984,ENC102150,PT13077,HGB,Hemoglobin,13.9,g/dL,12,17.5,N,STAT,2024-03-05 08:23,2024-03-05 08:28,2024-03-05 09:00
LAB704985,ENC102154,PT12860,GLU,Glucose,188,mg/dL,70,99,H,STAT,2024-03-05 14:32,2024-03-05 14:49,2024-03-05 15:21
LAB704986,ENC102154,PT12860,CREAT,Creatinine,0.89,mg/dL,0.6,1.3,N,STAT,2024-03-05 14:33,2024-03-05 14:50,2024-03-05 15:29
LAB704987,ENC102154,PT12860,WBC,White Blood Cell Count,6.5,K/uL,4.5,11,N,Routine,2024-03-05 14:25,2024-03-05 14:56,2024-03-05 18:57
LAB704988,ENC102154,PT12860,HGB,Hemoglobin,14.1,g/dL,12,17.5,N,Routine,2024-03-05 14:06,2024-03-05 14:30,2024-03-05 17:59
LAB704989,ENC102154,PT12860,NA,Sodium,138,mmol/L,136,145,N,STAT,2024-03-05 14:35,2024-03-05 14:55,2024-03-05 15:35
LAB704990,ENC102154,PT12860,K,Potassium,4,mmol/L,3.5,5.1,N,STAT,2024-03-05 14:40,2024-03-05 15:14,2024-03-05 16:34
LAB704991,ENC102156,PT11038,A1C,Hemoglobin A1c,8.8,%,4,5.6,H,Routine,2024-03-05 11:18,2024-03-05 11:53,2024-03-06 03:37
LAB704992,ENC102158,PT12352,LDL,LDL Cholesterol,118,mg/dL,0,99,H,Routine,2024-03-05 11:47,2024-03-05 12:06,2024-03-06 05:21
LAB704993,ENC102161,PT10663,LDL,LDL Cholesterol,121,mg/dL,0,99,H,Routine,2024-03-05 12:15,2024-03-05 12:28,2024-03-06 05:06
LAB704994,ENC102161,PT10663,A1C,Hemoglobin A1c,6,%,4,5.6,H,Routine,2024-03-05 12:11,2024-03-05 12:41,2024-03-06 18:39
LAB704995,ENC102165,PT12502,GLU,Glucose,110,mg/dL,70,99,H,STAT,2024-03-05 17:28,2024-03-05 17:55,2024-03-05 18:26
LAB704996,ENC102165,PT12502,CREAT,Creatinine,0.93,mg/dL,0.6,1.3,N,STAT,2024-03-05 16:34,2024-03-05 16:39,2024-03-05 17:17
LAB704997,ENC102165,PT12502,WBC,White Blood Cell Count,9.4,K/uL,4.5,11,N,Routine,2024-03-05 16:36,2024-03-05 16:50,2024-03-05 20:14
LAB704998,ENC102165,PT12502,HGB,Hemoglobin,10.3,g/dL,12,17.5,L,STAT,2024-03-05 16:27,2024-03-05 16:35,2024-03-05 17:13
LAB704999,ENC102166,PT13862,GLU,Glucose,93,mg/dL,70,99,N,STAT,2024-03-05 18:20,2024-03-05 18:35,2024-03-05 19:07
LAB705000,ENC102166,PT13862,CREAT,Creatinine,1.12,mg/dL,0.6,1.3,N,STAT,2024-03-05 18:15,2024-03-05 18:20,2024-03-05 19:17
LAB705001,ENC102166,PT13862,WBC,White Blood Cell Count,11,K/uL,4.5,11,N,Routine,2024-03-05 18:20,2024-03-05 18:34,2024-03-05 21:41
LAB705002,ENC102166,PT13862,HGB,Hemoglobin,15.6,g/dL,12,17.5,N,STAT,2024-03-05 17:53,2024-03-05 18:13,2024-03-05 19:46
LAB705003,ENC102166,PT13862,TROP,"Troponin I, High Sensitivity",73,ng/L,0,34,H,STAT,2024-03-05 18:56,2024-03-05 19:30,2024-03-05 20:11
LAB705004,ENC102166,PT13862,BNP,B-Type Natriuretic Peptide,879,pg/mL,0,100,H,STAT,2024-03-05 18:15,2024-03-05 18:38,2024-03-05 19:28
LAB705005,ENC102167,PT11411,A1C,Hemoglobin A1c,5.5,%,4,5.6,N,Routine,2024-03-05 14:09,2024-03-05 14:18,2024-03-06 10:51
LAB705006,ENC102167,PT11411,GLU,Glucose,128,mg/dL,70,99,H,Routine,2024-03-05 14:15,2024-03-05 14:19,2024-03-05 17:57
LAB705007,ENC102167,PT11411,CREAT,Creatinine,0.6,mg/dL,0.6,1.3,N,Routine,2024-03-05 13:59,2024-03-05 14:09,2024-03-05 15:33
LAB705008,ENC102169,PT10871,A1C,Hemoglobin A1c,10.8,%,4,5.6,H,Routine,2024-03-05 15:03,2024-03-05 15:11,2024-03-06 03:16
LAB705009,ENC102170,PT12950,LDL,LDL Cholesterol,71,mg/dL,0,99,N,Routine,2024-03-05 16:06,2024-03-05 16:11,2024-03-05 23:15
LAB705010,ENC102170,PT12950,A1C,Hemoglobin A1c,7.8,%,4,5.6,H,Routine,2024-03-05 15:54,2024-03-05 16:12,2024-03-06 10:18
LAB705011,ENC102172,PT10491,GLU,Glucose,126,mg/dL,70,99,H,STAT,2024-03-05 20:08,2024-03-05 20:28,2024-03-05 21:12
LAB705012,ENC102172,PT10491,CREAT,Creatinine,0.91,mg/dL,0.6,1.3,N,STAT,2024-03-05 20:07,2024-03-05 20:22,2024-03-05 21:34
LAB705013,ENC102172,PT10491,WBC,White Blood Cell Count,10,K/uL,4.5,11,N,STAT,2024-03-05 19:55,2024-03-05 20:28,2024-03-05 21:06
LAB705014,ENC102172,PT10491,HGB,Hemoglobin,14.6,g/dL,12,17.5,N,Routine,2024-03-05 19:35,2024-03-05 20:04,2024-03-05 22:17
LAB705015,ENC102172,PT10491,BUN,Blood Urea Nitrogen,16,mg/dL,7,20,N,STAT,2024-03-05 19:46,2024-03-05 19:51,2024-03-05 20:32
LAB705016,ENC102172,PT10491,PLT,Platelet Count,259,K/uL,150,400,N,STAT,2024-03-05 19:22,2024-03-05 19:53,2024-03-05 20:16
LAB705017,ENC102173,PT11911,GLU,Glucose,111,mg/dL,70,99,H,STAT,2024-03-05 23:12,2024-03-05 23:33,2024-03-06 00:28
LAB705018,ENC102173,PT11911,CREAT,Creatinine,1.08,mg/dL,0.6,1.3,N,STAT,2024-03-05 23:41,2024-03-06 00:04,2024-03-06 00:31
LAB705019,ENC102173,PT11911,WBC,White Blood Cell Count,5.3,K/uL,4.5,11,N,Routine,2024-03-05 23:35,2024-03-05 23:43,2024-03-06 04:03
LAB705020,ENC102173,PT11911,HGB,Hemoglobin,15.3,g/dL,12,17.5,N,Routine,2024-03-05 23:11,2024-03-05 23:42,2024-03-06 05:16
LAB705021,ENC102173,PT11911,INR,Prothrombin Time INR,2,ratio,0.8,1.2,H,STAT,2024-03-05 22:50,2024-03-05 23:20,2024-03-06 00:17
LAB705022,ENC102174,PT11407,GLU,Glucose,73,mg/dL,70,99,N,STAT,2024-03-05 22:05,2024-03-05 22:29,2024-03-05 23:05
LAB705023,ENC102174,PT11407,CREAT,Creatinine,0.99,mg/dL,0.6,1.3,N,STAT,2024-03-05 22:56,2024-03-05 23:15,2024-03-05 23:45
LAB705024,ENC102174,PT11407,WBC,White Blood Cell Count,7.3,K/uL,4.5,11,N,Routine,2024-03-05 22:12,2024-03-05 22:31,2024-03-06 00:24
LAB705025,ENC102174,PT11407,HGB,Hemoglobin,12.9,g/dL,12,17.5,N,Routine,2024-03-05 22:10,2024-03-05 22:20,2024-03-06 01:04
LAB705026,ENC102175,PT13327,GLU,Glucose,111,mg/dL,70,99,H,STAT,2024-03-05 23:31,2024-03-05 23:47,2024-03-06 00:20
LAB705027,ENC102175,PT13327,CREAT,Creatinine,1.09,mg/dL,0.6,1.3,N,STAT,2024-03-05 23:49,2024-03-06 00:02,2024-03-06 00:46
LAB705028,ENC102175,PT13327,WBC,White Blood Cell Count,7.3,K/uL,4.5,11,N,STAT,2024-03-05 23:54,2024-03-06 00:17,2024-03-06 01:01
LAB705029,ENC102175,PT13327,HGB,Hemoglobin,13.1,g/dL,12,17.5,N,Routine,2024-03-06 00:24,2024-03-06 00:55,2024-03-06 03:45
LAB705030,ENC102175,PT13327,LACT,Lactate,1.6,mmol/L,0.5,2,N,STAT,2024-03-06 00:21,2024-03-06 00:45,2024-03-06 02:04
LAB705031,ENC102176,PT13445,GLU,Glucose,126,mg/dL,70,99,H,STAT,2024-03-06 00:02,2024-03-06 00:09,2024-03-06 00:55
LAB705032,ENC102176,PT13445,CREAT,Creatinine,2.38,mg/dL,0.6,1.3,H,Routine,2024-03-06 00:10,2024-03-06 00:28,2024-03-06 02:31
LAB705033,ENC102176,PT13445,WBC,White Blood Cell Count,6.8,K/uL,4.5,11,N,STAT,2024-03-06 00:43,2024-03-06 01:00,2024-03-06 02:07
LAB705034,ENC102176,PT13445,HGB,Hemoglobin,12.3,g/dL,12,17.5,N,STAT,2024-03-06 00:08,2024-03-06 00:18,2024-03-06 01:01
LAB705035,ENC102176,PT13445,NA,Sodium,143,mmol/L,136,145,N,Routine,2024-03-06 00:41,2024-03-06 01:11,2024-03-06 03:36
LAB705036,ENC102176,PT13445,K,Potassium,4.3,mmol/L,3.5,5.1,N,STAT,2024-03-06 00:28,2024-03-06 00:48,2024-03-06 01:20
LAB705037,ENC102177,PT13329,GLU,Glucose,70,mg/dL,70,99,N,Routine,2024-03-06 01:18,2024-03-06 01:34,2024-03-06 06:41
LAB705038,ENC102177,PT13329,CREAT,Creatinine,0.85,mg/dL,0.6,1.3,N,Routine,2024-03-06 00:54,2024-03-06 01:16,2024-03-06 02:46
LAB705039,ENC102177,PT13329,WBC,White Blood Cell Count,14.8,K/uL,4.5,11,H,STAT,2024-03-06 01:24,2024-03-06 01:35,2024-03-06 02:15
LAB705040,ENC102177,PT13329,HGB,Hemoglobin,12.3,g/dL,12,17.5,N,STAT,2024-03-06 01:07,2024-03-06 01:39,2024-03-06 02:13
LAB705041,ENC102179,PT12130,GLU,Glucose,110,mg/dL,70,99,H,STAT,2024-03-06 05:17,2024-03-06 05:33,2024-03-06 06:24
LAB705042,ENC102179,PT12130,CREAT,Creatinine,0.79,mg/dL,0.6,1.3,N,Routine,2024-03-06 06:08,2024-03-06 06:27,2024-03-06 10:13
LAB705043,ENC102179,PT12130,WBC,White Blood Cell Count,9,K/uL,4.5,11,N,STAT,2024-03-06 05:33,2024-03-06 05:43,2024-03-06 06:39
LAB705044,ENC102179,PT12130,HGB,Hemoglobin,15.3,g/dL,12,17.5,N,STAT,2024-03-06 05:30,2024-03-06 05:41,2024-03-06 06:52
LAB705045,ENC102179,PT12130,NA,Sodium,140,mmol/L,136,145,N,Routine,2024-03-06 05:01,2024-03-06 05:07,2024-03-06 08:50
LAB705046,ENC102179,PT12130,K,Potassium,3.9,mmol/L,3.5,5.1,N,STAT,2024-03-06 05:31,2024-03-06 05:42,2024-03-06 06:34
LAB705047,ENC102179,PT12130,INR,Prothrombin Time INR,0.9,ratio,0.8,1.2,N,STAT,2024-03-06 05:18,2024-03-06 05:28,2024-03-06 07:24
LAB705048,ENC102180,PT10837,GLU,Glucose,120,mg/dL,70,99,H,Routine,2024-03-06 06:10,2024-03-06 06:33,2024-03-06 12:33
LAB705049,ENC102180,PT10837,CREAT,Creatinine,0.87,mg/dL,0.6,1.3,N,STAT,2024-03-06 05:39,2024-03-06 06:01,2024-03-06 06:55
LAB705050,ENC102180,PT10837,WBC,White Blood Cell Count,8.6,K/uL,4.5,11,N,STAT,2024-03-06 05:23,2024-03-06 05:30,2024-03-06 07:00
LAB705051,ENC102180,PT10837,HGB,Hemoglobin,16.3,g/dL,12,17.5,N,STAT,2024-03-06 05:56,2024-03-06 06:25,2024-03-06 07:12
LAB705052,ENC102180,PT10837,TROP,"Troponin I, High Sensitivity",38,ng/L,0,34,H,STAT,2024-03-06 06:08,2024-03-06 06:13,2024-03-06 07:03
LAB705053,ENC102180,PT10837,BNP,B-Type Natriuretic Peptide,608,pg/mL,0,100,H,STAT,2024-03-06 06:25,2024-03-06 06:47,2024-03-06 07:45
LAB705054,ENC102181,PT12736,GLU,Glucose,75,mg/dL,70,99,N,STAT,2024-03-06 08:23,2024-03-06 08:41,2024-03-06 09:39
LAB705055,ENC102181,PT12736,CREAT,Creatinine,0.99,mg/dL,0.6,1.3,N,STAT,2024-03-06 08:38,2024-03-06 08:56,2024-03-06 09:38
LAB705056,ENC102181,PT12736,WBC,White Blood Cell Count,8.1,K/uL,4.5,11,N,STAT,2024-03-06 08:24,2024-03-06 08:57,2024-03-06 09:43
LAB705057,ENC102181,PT12736,HGB,Hemoglobin,16,g/dL,12,17.5,N,STAT,2024-03-06 08:17,2024-03-06 08:51,2024-03-06 09:10
LAB705058,ENC102182,PT11582,GLU,Glucose,108,mg/dL,70,99,H,STAT,2024-03-06 05:11,2024-03-06 05:31,2024-03-06 06:13
LAB705059,ENC102182,PT11582,CREAT,Creatinine,0.93,mg/dL,0.6,1.3,N,STAT,2024-03-06 05:16,2024-03-06 05:45,2024-03-06 06:06
LAB705060,ENC102182,PT11582,TROP,"Troponin I, High Sensitivity",4,ng/L,0,34,N,STAT,2024-03-06 05:47,2024-03-06 06:17,2024-03-06 06:51
LAB705061,ENC102183,PT11687,GLU,Glucose,82,mg/dL,70,99,N,Routine,2024-03-06 07:42,2024-03-06 08:05,2024-03-06 10:31
LAB705062,ENC102183,PT11687,CREAT,Creatinine,1.03,mg/dL,0.6,1.3,N,STAT,2024-03-06 07:49,2024-03-06 07:57,2024-03-06 08:43
LAB705063,ENC102183,PT11687,WBC,White Blood Cell Count,8.6,K/uL,4.5,11,N,Routine,2024-03-06 08:10,2024-03-06 08:34,2024-03-06 11:00
LAB705064,ENC102183,PT11687,HGB,Hemoglobin,12.9,g/dL,12,17.5,N,STAT,2024-03-06 07:25,2024-03-06 07:57,2024-03-06 08:22
LAB705065,ENC102185,PT13874,GLU,Glucose,127,mg/dL,70,99,H,STAT,2024-03-06 12:25,2024-03-06 12:46,2024-03-06 13:27
LAB705066,ENC102185,PT13874,CREAT,Creatinine,0.96,mg/dL,0.6,1.3,N,Routine,2024-03-06 11:48,2024-03-06 11:52,2024-03-06 15:44
LAB705067,ENC102185,PT13874,WBC,White Blood Cell Count,9.8,K/uL,4.5,11,N,STAT,2024-03-06 11:26,2024-03-06 11:56,2024-03-06 12:35
LAB705068,ENC102185,PT13874,HGB,Hemoglobin,12.3,g/dL,12,17.5,N,STAT,2024-03-06 11:38,2024-03-06 11:46,2024-03-06 12:16
LAB705069,ENC102186,PT12160,GLU,Glucose,133,mg/dL,70,99,H,STAT,2024-03-06 07:42,2024-03-06 08:11,2024-03-06 09:03
LAB705070,ENC102186,PT12160,CREAT,Creatinine,1.05,mg/dL,0.6,1.3,N,Routine,2024-03-06 08:22,2024-03-06 08:46,2024-03-06 13:01
LAB705071,ENC102186,PT12160,WBC,White Blood Cell Count,12.2,K/uL,4.5,11,H,STAT,2024-03-06 07:27,2024-03-06 07:55,2024-03-06 09:04
LAB705072,ENC102186,PT12160,HGB,Hemoglobin,14.3,g/dL,12,17.5,N,STAT,2024-03-06 07:48,2024-03-06 07:56,2024-03-06 08:45
LAB705073,ENC102186,PT12160,LACT,Lactate,3.2,mmol/L,0.5,2,H,STAT,2024-03-06 08:14,2024-03-06 08:42,2024-03-06 09:20
LAB705074,ENC102188,PT10748,LDL,LDL Cholesterol,138,mg/dL,0,99,H,Routine,2024-03-06 09:37,2024-03-06 10:12,2024-03-06 20:39
LAB705075,ENC102191,PT13662,GLU,Glucose,119,mg/dL,70,99,H,STAT,2024-03-06 11:00,2024-03-06 11:09,2024-03-06 11:53
LAB705076,ENC102191,PT13662,CREAT,Creatinine,0.85,mg/dL,0.6,1.3,N,Routine,2024-03-06 10:48,2024-03-06 11:08,2024-03-06 13:32
LAB705077,ENC102191,PT13662,WBC,White Blood Cell Count,6.2,K/uL,4.5,11,N,STAT,2024-03-06 11:02,2024-03-06 11:15,2024-03-06 12:08
LAB705078,ENC102191,PT13662,TROP,"Troponin I, High Sensitivity",3,ng/L,0,34,N,STAT,2024-03-06 11:04,2024-03-06 11:23,2024-03-06 11:55
LAB705079,ENC102193,PT10204,GLU,Glucose,208,mg/dL,70,99,H,STAT,2024-03-06 16:58,2024-03-06 17:03,2024-03-06 17:55
LAB705080,ENC102193,PT10204,CREAT,Creatinine,0.76,mg/dL,0.6,1.3,N,STAT,2024-03-06 17:01,2024-03-06 17:10,2024-03-06 17:55
LAB705081,ENC102193,PT10204,WBC,White Blood Cell Count,6.4,K/uL,4.5,11,N,STAT,2024-03-06 16:30,2024-03-06 16:36,2024-03-06 17:03
LAB705082,ENC102193,PT10204,HGB,Hemoglobin,14.1,g/dL,12,17.5,N,STAT,2024-03-06 16:30,2024-03-06 16:37,2024-03-06 17:32
LAB705083,ENC102195,PT11018,GLU,Glucose,103,mg/dL,70,99,H,Routine,2024-03-06 15:08,2024-03-06 15:24,2024-03-06 17:51
LAB705084,ENC102195,PT11018,CREAT,Creatinine,0.83,mg/dL,0.6,1.3,N,STAT,2024-03-06 15:25,2024-03-06 15:43,2024-03-06 16:19
LAB705085,ENC102195,PT11018,WBC,White Blood Cell Count,6.1,K/uL,4.5,11,N,Routine,2024-03-06 15:22,2024-03-06 15:34,2024-03-06 16:57
LAB705086,ENC102195,PT11018,HGB,Hemoglobin,14.7,g/dL,12,17.5,N,STAT,2024-03-06 15:52,2024-03-06 16:03,2024-03-06 16:52
LAB705087,ENC102195,PT11018,NA,Sodium,143,mmol/L,136,145,N,STAT,2024-03-06 16:02,2024-03-06 16:07,2024-03-06 16:50
LAB705088,ENC102195,PT11018,K,Potassium,4.5,mmol/L,3.5,5.1,N,STAT,2024-03-06 15:47,2024-03-06 15:55,2024-03-06 16:14
LAB705089,ENC102196,PT11217,WBC,White Blood Cell Count,7.8,K/uL,4.5,11,N,Routine,2024-03-06 12:13,2024-03-06 12:45,2024-03-06 13:59
LAB705090,ENC102196,PT11217,HGB,Hemoglobin,14.1,g/dL,12,17.5,N,Routine,2024-03-06 12:14,2024-03-06 12:39,2024-03-06 16:51
LAB705091,ENC102196,PT11217,PLT,Platelet Count,286,K/uL,150,400,N,Routine,2024-03-06 12:30,2024-03-06 12:41,2024-03-06 15:09
LAB705092,ENC102202,PT12908,A1C,Hemoglobin A1c,5.1,%,4,5.6,N,Routine,2024-03-06 13:20,2024-03-06 13:42,2024-03-07 03:01
LAB705093,ENC102202,PT12908,GLU,Glucose,250,mg/dL,70,99,H,Routine,2024-03-06 13:30,2024-03-06 14:03,2024-03-06 17:10
LAB705094,ENC102202,PT12908,CREAT,Creatinine,1.24,mg/dL,0.6,1.3,N,Routine,2024-03-06 13:12,2024-03-06 13:41,2024-03-06 16:30
LAB705095,ENC102205,PT13514,GLU,Glucose,224,mg/dL,70,99,H,Routine,2024-03-06 14:57,2024-03-06 15:01,2024-03-06 17:07
LAB705096,ENC102205,PT13514,CREAT,Creatinine,1.97,mg/dL,0.6,1.3,H,STAT,2024-03-06 14:38,2024-03-06 14:43,2024-03-06 15:11
LAB705097,ENC102205,PT13514,WBC,White Blood Cell Count,16.6,K/uL,4.5,11,H,STAT,2024-03-06 14:58,2024-03-06 15:03,2024-03-06 16:37
LAB705098,ENC102205,PT13514,HGB,Hemoglobin,12.1,g/dL,12,17.5,N,Routine,2024-03-06 15:00,2024-03-06 15:07,2024-03-06 17:21
LAB705099,ENC102205,PT13514,LACT,Lactate,4.2,mmol/L,0.5,2,HH,STAT,2024-03-06 14:38,2024-03-06 15:02,2024-03-06 15:33
LAB705100,ENC102206,PT12744,LDL,LDL Cholesterol,112,mg/dL,0,99,H,Routine,2024-03-06 14:55,2024-03-06 15:08,2024-03-07 10:37
LAB705101,ENC102206,PT12744,A1C,Hemoglobin A1c,6.1,%,4,5.6,H,Routine,2024-03-06 14:57,2024-03-06 15:15,2024-03-06 23:43
LAB705102,ENC102206,PT12744,TSH,Thyroid Stimulating Hormone,1.37,mIU/L,0.4,4,N,Routine,2024-03-06 14:54,2024-03-06 15:15,2024-03-06 19:17
LAB705103,ENC102209,PT12616,GLU,Glucose,83,mg/dL,70,99,N,Routine,2024-03-06 16:12,2024-03-06 16:25,2024-03-06 17:09
LAB705104,ENC102209,PT12616,CREAT,Creatinine,0.92,mg/dL,0.6,1.3,N,STAT,2024-03-06 17:05,2024-03-06 17:36,2024-03-06 18:11
LAB705105,ENC102209,PT12616,WBC,White Blood Cell Count,9.3,K/uL,4.5,11,N,Routine,2024-03-06 17:07,2024-03-06 17:19,2024-03-06 19:55
LAB705106,ENC102211,PT10611,GLU,Glucose,110,mg/dL,70,99,H,Routine,2024-03-06 16:27,2024-03-06 16:41,2024-03-06 20:49
LAB705107,ENC102211,PT10611,CREAT,Creatinine,1.07,mg/dL,0.6,1.3,N,Routine,2024-03-06 17:31,2024-03-06 18:01,2024-03-06 23:44
LAB705108,ENC102211,PT10611,WBC,White Blood Cell Count,8.5,K/uL,4.5,11,N,STAT,2024-03-06 17:25,2024-03-06 17:52,2024-03-06 18:26
LAB705109,ENC102211,PT10611,HGB,Hemoglobin,14.3,g/dL,12,17.5,N,STAT,2024-03-06 16:47,2024-03-06 17:14,2024-03-06 18:27
LAB705110,ENC102213,PT11564,GLU,Glucose,196,mg/dL,70,99,H,STAT,2024-03-06 19:37,2024-03-06 20:03,2024-03-06 20:41
LAB705111,ENC102213,PT11564,CREAT,Creatinine,1.31,mg/dL,0.6,1.3,H,STAT,2024-03-06 19:50,2024-03-06 19:56,2024-03-06 20:26
LAB705112,ENC102213,PT11564,WBC,White Blood Cell Count,7.4,K/uL,4.5,11,N,STAT,2024-03-06 19:46,2024-03-06 19:51,2024-03-06 21:01
LAB705113,ENC102213,PT11564,HGB,Hemoglobin,11.8,g/dL,12,17.5,L,STAT,2024-03-06 20:17,2024-03-06 20:50,2024-03-06 21:27
LAB705114,ENC102215,PT10904,GLU,Glucose,107,mg/dL,70,99,H,STAT,2024-03-06 18:44,2024-03-06 18:58,2024-03-06 19:56
LAB705115,ENC102215,PT10904,CREAT,Creatinine,0.87,mg/dL,0.6,1.3,N,STAT,2024-03-06 18:53,2024-03-06 19:09,2024-03-06 20:05
LAB705116,ENC102215,PT10904,WBC,White Blood Cell Count,12.5,K/uL,4.5,11,H,STAT,2024-03-06 18:18,2024-03-06 18:29,2024-03-06 18:56
LAB705117,ENC102215,PT10904,HGB,Hemoglobin,15.4,g/dL,12,17.5,N,Routine,2024-03-06 18:24,2024-03-06 18:52,2024-03-07 00:05
LAB705118,ENC102216,PT11931,GLU,Glucose,91,mg/dL,70,99,N,STAT,2024-03-06 19:29,2024-03-06 19:40,2024-03-06 20:06
LAB705119,ENC102216,PT11931,CREAT,Creatinine,0.84,mg/dL,0.6,1.3,N,Routine,2024-03-06 19:22,2024-03-06 19:37,2024-03-06 22:52
LAB705120,ENC102216,PT11931,WBC,White Blood Cell Count,5.9,K/uL,4.5,11,N,Routine,2024-03-06 19:03,2024-03-06 19:15,2024-03-06 21:21
LAB705121,ENC102216,PT11931,HGB,Hemoglobin,15.4,g/dL,12,17.5,N,STAT,2024-03-06 18:30,2024-03-06 18:48,2024-03-06 19:27
LAB705122,ENC102217,PT11632,GLU,Glucose,129,mg/dL,70,99,H,STAT,2024-03-06 21:32,2024-03-06 21:46,2024-03-06 22:48
LAB705123,ENC102217,PT11632,CREAT,Creatinine,1.07,mg/dL,0.6,1.3,N,Routine,2024-03-06 22:25,2024-03-06 22:49,2024-03-07 01:42
LAB705124,ENC102217,PT11632,WBC,White Blood Cell Count,8.6,K/uL,4.5,11,N,STAT,2024-03-06 22:37,2024-03-06 23:06,2024-03-06 23:58
LAB705125,ENC102217,PT11632,HGB,Hemoglobin,16.6,g/dL,12,17.5,N,Routine,2024-03-06 22:13,2024-03-06 22:38,2024-03-07 01:22
LAB705126,ENC102218,PT10021,GLU,Glucose,119,mg/dL,70,99,H,Routine,2024-03-06 22:21,2024-03-06 22:53,2024-03-07 01:20
LAB705127,ENC102218,PT10021,CREAT,Creatinine,0.79,mg/dL,0.6,1.3,N,STAT,2024-03-06 22:24,2024-03-06 22:59,2024-03-06 23:40
LAB705128,ENC102218,PT10021,WBC,White Blood Cell Count,8.7,K/uL,4.5,11,N,STAT,2024-03-06 22:29,2024-03-06 22:43,2024-03-06 23:35
LAB705129,ENC102218,PT10021,HGB,Hemoglobin,14.2,g/dL,12,17.5,N,STAT,2024-03-06 22:25,2024-03-06 22:44,2024-03-06 23:39
LAB705130,ENC102219,PT10194,GLU,Glucose,102,mg/dL,70,99,H,Routine,2024-03-06 21:06,2024-03-06 21:20,2024-03-07 02:12
LAB705131,ENC102219,PT10194,CREAT,Creatinine,0.74,mg/dL,0.6,1.3,N,Routine,2024-03-06 21:55,2024-03-06 22:03,2024-03-07 00:23
LAB705132,ENC102219,PT10194,WBC,White Blood Cell Count,9.7,K/uL,4.5,11,N,STAT,2024-03-06 21:30,2024-03-06 21:34,2024-03-06 22:08
LAB705133,ENC102222,PT11333,GLU,Glucose,115,mg/dL,70,99,H,STAT,2024-03-07 01:23,2024-03-07 01:47,2024-03-07 02:28
LAB705134,ENC102222,PT11333,CREAT,Creatinine,1.32,mg/dL,0.6,1.3,H,STAT,2024-03-07 01:24,2024-03-07 01:28,2024-03-07 02:16
LAB705135,ENC102223,PT11437,GLU,Glucose,164,mg/dL,70,99,H,STAT,2024-03-07 02:03,2024-03-07 02:15,2024-03-07 02:52
LAB705136,ENC102223,PT11437,CREAT,Creatinine,1.15,mg/dL,0.6,1.3,N,STAT,2024-03-07 02:01,2024-03-07 02:25,2024-03-07 03:07
LAB705137,ENC102223,PT11437,WBC,White Blood Cell Count,8.5,K/uL,4.5,11,N,STAT,2024-03-07 01:54,2024-03-07 02:13,2024-03-07 03:24
LAB705138,ENC102223,PT11437,HGB,Hemoglobin,11.3,g/dL,12,17.5,L,STAT,2024-03-07 01:56,2024-03-07 02:25,2024-03-07 02:48
LAB705139,ENC102227,PT13176,GLU,Glucose,99,mg/dL,70,99,N,Routine,2024-03-07 13:23,2024-03-07 13:48,2024-03-07 16:33
LAB705140,ENC102227,PT13176,CREAT,Creatinine,1.26,mg/dL,0.6,1.3,N,Routine,2024-03-07 13:32,2024-03-07 13:55,2024-03-07 17:03
LAB705141,ENC102227,PT13176,WBC,White Blood Cell Count,22.3,K/uL,4.5,11,H,Routine,2024-03-07 12:48,2024-03-07 12:55,2024-03-07 16:30
LAB705142,ENC102227,PT13176,HGB,Hemoglobin,13.3,g/dL,12,17.5,N,STAT,2024-03-07 13:05,2024-03-07 13:17,2024-03-07 14:15
LAB705143,ENC102227,PT13176,BUN,Blood Urea Nitrogen,19,mg/dL,7,20,N,Routine,2024-03-07 13:31,2024-03-07 13:36,2024-03-07 16:17
LAB705144,ENC102227,PT13176,PLT,Platelet Count,250,K/uL,150,400,N,Routine,2024-03-07 13:28,2024-03-07 13:37,2024-03-07 14:53
LAB705145,ENC102227,PT13176,LACT,Lactate,4.8,mmol/L,0.5,2,HH,STAT,2024-03-07 12:53,2024-03-07 13:16,2024-03-07 14:23
LAB705146,ENC102228,PT12514,GLU,Glucose,109,mg/dL,70,99,H,Routine,2024-03-07 08:49,2024-03-07 08:58,2024-03-07 10:25
LAB705147,ENC102228,PT12514,CREAT,Creatinine,0.6,mg/dL,0.6,1.3,N,Routine,2024-03-07 08:46,2024-03-07 08:55,2024-03-07 11:06
LAB705148,ENC102229,PT12683,GLU,Glucose,95,mg/dL,70,99,N,STAT,2024-03-07 10:53,2024-03-07 11:11,2024-03-07 12:14
LAB705149,ENC102229,PT12683,CREAT,Creatinine,0.74,mg/dL,0.6,1.3,N,STAT,2024-03-07 10:35,2024-03-07 10:46,2024-03-07 11:19
LAB705150,ENC102231,PT13773,GLU,Glucose,126,mg/dL,70,99,H,Routine,2024-03-07 14:57,2024-03-07 15:26,2024-03-07 16:18
LAB705151,ENC102231,PT13773,CREAT,Creatinine,1.03,mg/dL,0.6,1.3,N,Routine,2024-03-07 15:23,2024-03-07 15:52,2024-03-07 17:33
LAB705152,ENC102231,PT13773,WBC,White Blood Cell Count,19.8,K/uL,4.5,11,H,STAT,2024-03-07 15:49,2024-03-07 16:00,2024-03-07 16:58
LAB705153,ENC102231,PT13773,HGB,Hemoglobin,13.6,g/dL,12,17.5,N,STAT,2024-03-07 15:14,2024-03-07 15:24,2024-03-07 16:12
LAB705154,ENC102231,PT13773,BUN,Blood Urea Nitrogen,16,mg/dL,7,20,N,STAT,2024-03-07 15:08,2024-03-07 15:43,2024-03-07 16:22
LAB705155,ENC102231,PT13773,PLT,Platelet Count,292,K/uL,150,400,N,Routine,2024-03-07 15:03,2024-03-07 15:20,2024-03-07 16:49
LAB705156,ENC102232,PT12410,LDL,LDL Cholesterol,89,mg/dL,0,99,N,Routine,2024-03-07 10:56,2024-03-07 11:00,2024-03-08 00:14
LAB705157,ENC102233,PT13810,GLU,Glucose,96,mg/dL,70,99,N,STAT,2024-03-07 10:45,2024-03-07 11:08,2024-03-07 11:30
LAB705158,ENC102233,PT13810,CREAT,Creatinine,1,mg/dL,0.6,1.3,N,Routine,2024-03-07 11:20,2024-03-07 11:49,2024-03-07 12:55
LAB705159,ENC102233,PT13810,WBC,White Blood Cell Count,9.4,K/uL,4.5,11,N,Routine,2024-03-07 10:56,2024-03-07 11:16,2024-03-07 12:06
LAB705160,ENC102233,PT13810,HGB,Hemoglobin,12.6,g/dL,12,17.5,N,Routine,2024-03-07 11:16,2024-03-07 11:29,2024-03-07 13:10
LAB705161,ENC102234,PT11072,GLU,Glucose,99,mg/dL,70,99,N,STAT,2024-03-07 13:31,2024-03-07 14:05,2024-03-07 15:07
LAB705162,ENC102234,PT11072,CREAT,Creatinine,0.68,mg/dL,0.6,1.3,N,STAT,2024-03-07 13:10,2024-03-07 13:33,2024-03-07 15:00
LAB705163,ENC102234,PT11072,WBC,White Blood Cell Count,8.4,K/uL,4.5,11,N,Routine,2024-03-07 13:55,2024-03-07 14:29,2024-03-07 23:18
LAB705164,ENC102234,PT11072,HGB,Hemoglobin,15.1,g/dL,12,17.5,N,STAT,2024-03-07 13:06,2024-03-07 13:39,2024-03-07 14:25
LAB705165,ENC102235,PT12119,GLU,Glucose,68,mg/dL,70,99,L,Routine,2024-03-07 11:14,2024-03-07 11:39,2024-03-07 14:34
LAB705166,ENC102235,PT12119,CREAT,Creatinine,0.84,mg/dL,0.6,1.3,N,Routine,2024-03-07 11:37,2024-03-07 11:46,2024-03-07 15:09
LAB705167,ENC102235,PT12119,WBC,White Blood Cell Count,7.4,K/uL,4.5,11,N,STAT,2024-03-07 11:56,2024-03-07 12:21,2024-03-07 12:57
LAB705168,ENC102235,PT12119,HGB,Hemoglobin,13.3,g/dL,12,17.5,N,STAT,2024-03-07 12:10,2024-03-07 12:29,2024-03-07 13:37
LAB705169,ENC102235,PT12119,BUN,Blood Urea Nitrogen,14,mg/dL,7,20,N,STAT,2024-03-07 11:39,2024-03-07 12:08,2024-03-07 13:04
LAB705170,ENC102235,PT12119,PLT,Platelet Count,87,K/uL,150,400,L,Routine,2024-03-07 11:09,2024-03-07 11:32,2024-03-07 15:48
LAB705171,ENC102236,PT11612,GLU,Glucose,108,mg/dL,70,99,H,Routine,2024-03-07 12:29,2024-03-07 12:53,2024-03-07 16:09
LAB705172,ENC102236,PT11612,CREAT,Creatinine,0.67,mg/dL,0.6,1.3,N,STAT,2024-03-07 11:40,2024-03-07 11:52,2024-03-07 13:02
LAB705173,ENC102236,PT11612,WBC,White Blood Cell Count,8.8,K/uL,4.5,11,N,STAT,2024-03-07 12:19,2024-03-07 12:46,2024-03-07 13:38
LAB705174,ENC102236,PT11612,HGB,Hemoglobin,15.2,g/dL,12,17.5,N,STAT,2024-03-07 12:08,2024-03-07 12:28,2024-03-07 12:54
LAB705175,ENC102237,PT10915,LDL,LDL Cholesterol,126,mg/dL,0,99,H,Routine,2024-03-07 11:48,2024-03-07 11:58,2024-03-08 12:02
LAB705176,ENC102237,PT10915,A1C,Hemoglobin A1c,9.2,%,4,5.6,H,Routine,2024-03-07 11:37,2024-03-07 12:08,2024-03-07 18:49
LAB705177,ENC102237,PT10915,TSH,Thyroid Stimulating Hormone,1.97,mIU/L,0.4,4,N,Routine,2024-03-07 11:37,2024-03-07 11:54,2024-03-07 20:52
LAB705178,ENC102241,PT12218,GLU,Glucose,135,mg/dL,70,99,H,STAT,2024-03-07 12:54,2024-03-07 12:59,2024-03-07 13:52
LAB705179,ENC102241,PT12218,CREAT,Creatinine,0.59,mg/dL,0.6,1.3,L,STAT,2024-03-07 13:21,2024-03-07 13:54,2024-03-07 14:39
LAB705180,ENC102241,PT12218,WBC,White Blood Cell Count,3.8,K/uL,4.5,11,L,STAT,2024-03-07 13:06,2024-03-07 13:21,2024-03-07 14:24
LAB705181,ENC102241,PT12218,HGB,Hemoglobin,11.8,g/dL,12,17.5,L,Routine,2024-03-07 13:27,2024-03-07 13:41,2024-03-07 17:41
LAB705182,ENC102241,PT12218,LACT,Lactate,1.1,mmol/L,0.5,2,N,STAT,2024-03-07 13:18,2024-03-07 13:52,2024-03-07 14:25
LAB705183,ENC102242,PT12606,LDL,LDL Cholesterol,87,mg/dL,0,99,N,Routine,2024-03-07 13:22,2024-03-07 13:47,2024-03-08 17:19
LAB705184,ENC102242,PT12606,TSH,Thyroid Stimulating Hormone,2.64,mIU/L,0.4,4,N,Routine,2024-03-07 13:08,2024-03-07 13:20,2024-03-08 01:29
LAB705185,ENC102243,PT10953,GLU,Glucose,96,mg/dL,70,99,N,Routine,2024-03-07 18:07,2024-03-07 18:30,2024-03-07 20:57
LAB705186,ENC102243,PT10953,CREAT,Creatinine,0.71,mg/dL,0.6,1.3,N,Routine,2024-03-07 18:12,2024-03-07 18:18,2024-03-07 21:10
LAB705187,ENC102243,PT10953,WBC,White Blood Cell Count,6.8,K/uL,4.5,11,N,STAT,2024-03-07 18:22,2024-03-07 18:50,2024-03-07 19:28
LAB705188,ENC102243,PT10953,HGB,Hemoglobin,13.5,g/dL,12,17.5,N,Routine,2024-03-07 18:02,2024-03-07 18:10,2024-03-07 21:44
LAB705189,ENC102243,PT10953,NA,Sodium,140,mmol/L,136,145,N,STAT,2024-03-07 17:48,2024-03-07 17:53,2024-03-07 18:37
LAB705190,ENC102243,PT10953,K,Potassium,4.4,mmol/L,3.5,5.1,N,STAT,2024-03-07 18:46,2024-03-07 19:09,2024-03-07 20:18
LAB705191,ENC102243,PT10953,TROP,"Troponin I, High Sensitivity",5,ng/L,0,34,N,STAT,2024-03-07 18:22,2024-03-07 18:29,2024-03-07 19:26
LAB705192,ENC102246,PT10344,GLU,Glucose,108,mg/dL,70,99,H,STAT,2024-03-07 20:27,2024-03-07 20:42,2024-03-07 21:42
LAB705193,ENC102246,PT10344,CREAT,Creatinine,1.22,mg/dL,0.6,1.3,N,Routine,2024-03-07 20:20,2024-03-07 20:55,2024-03-08 05:36
LAB705194,ENC102246,PT10344,WBC,White Blood Cell Count,9.6,K/uL,4.5,11,N,STAT,2024-03-07 20:23,2024-03-07 20:28,2024-03-07 20:51
LAB705195,ENC102246,PT10344,HGB,Hemoglobin,11.6,g/dL,12,17.5,L,STAT,2024-03-07 20:31,2024-03-07 20:54,2024-03-07 21:09
LAB705196,ENC102248,PT11313,GLU,Glucose,89,mg/dL,70,99,N,STAT,2024-03-07 17:56,2024-03-07 18:22,2024-03-07 19:07
LAB705197,ENC102248,PT11313,CREAT,Creatinine,0.68,mg/dL,0.6,1.3,N,Routine,2024-03-07 17:20,2024-03-07 17:37,2024-03-07 19:23
LAB705198,ENC102248,PT11313,WBC,White Blood Cell Count,20.4,K/uL,4.5,11,H,Routine,2024-03-07 17:51,2024-03-07 18:08,2024-03-07 19:31
LAB705199,ENC102248,PT11313,HGB,Hemoglobin,14.6,g/dL,12,17.5,N,Routine,2024-03-07 17:20,2024-03-07 17:47,2024-03-07 20:35
LAB705200,ENC102249,PT11939,LDL,LDL Cholesterol,169,mg/dL,0,99,H,Routine,2024-03-07 15:23,2024-03-07 15:50,2024-03-09 11:24
LAB705201,ENC102249,PT11939,TSH,Thyroid Stimulating Hormone,0.31,mIU/L,0.4,4,L,Routine,2024-03-07 15:17,2024-03-07 15:35,2024-03-08 03:51
LAB705202,ENC102250,PT13720,GLU,Glucose,127,mg/dL,70,99,H,STAT,2024-03-07 19:41,2024-03-07 19:47,2024-03-07 21:11
LAB705203,ENC102250,PT13720,CREAT,Creatinine,0.98,mg/dL,0.6,1.3,N,Routine,2024-03-07 20:00,2024-03-07 20:17,2024-03-07 23:23
LAB705204,ENC102250,PT13720,WBC,White Blood Cell Count,11.6,K/uL,4.5,11,H,STAT,2024-03-07 19:38,2024-03-07 20:05,2024-03-07 20:22
LAB705205,ENC102250,PT13720,HGB,Hemoglobin,17.3,g/dL,12,17.5,N,STAT,2024-03-07 20:25,2024-03-07 20:35,2024-03-07 20:59
LAB705206,ENC102250,PT13720,NA,Sodium,140,mmol/L,136,145,N,Routine,2024-03-07 20:06,2024-03-07 20:33,2024-03-08 00:30
LAB705207,ENC102250,PT13720,K,Potassium,4,mmol/L,3.5,5.1,N,STAT,2024-03-07 20:01,2024-03-07 20:15,2024-03-07 21:05
LAB705208,ENC102251,PT13499,GLU,Glucose,116,mg/dL,70,99,H,Routine,2024-03-07 20:48,2024-03-07 20:59,2024-03-07 23:57
LAB705209,ENC102251,PT13499,CREAT,Creatinine,0.68,mg/dL,0.6,1.3,N,Routine,2024-03-07 20:45,2024-03-07 21:05,2024-03-08 01:59
LAB705210,ENC102251,PT13499,WBC,White Blood Cell Count,7.2,K/uL,4.5,11,N,STAT,2024-03-07 20:41,2024-03-07 20:59,2024-03-07 21:52
LAB705211,ENC102251,PT13499,HGB,Hemoglobin,16.4,g/dL,12,17.5,N,Routine,2024-03-07 20:35,2024-03-07 20:57,2024-03-07 23:11
LAB705212,ENC102251,PT13499,TROP,"Troponin I, High Sensitivity",1966,ng/L,0,34,H,STAT,2024-03-07 21:13,2024-03-07 21:21,2024-03-07 21:40
LAB705213,ENC102252,PT12033,GLU,Glucose,85,mg/dL,70,99,N,STAT,2024-03-07 23:12,2024-03-07 23:41,2024-03-08 00:10
LAB705214,ENC102252,PT12033,CREAT,Creatinine,1.47,mg/dL,0.6,1.3,H,Routine,2024-03-07 22:47,2024-03-07 23:17,2024-03-08 01:39
LAB705215,ENC102252,PT12033,WBC,White Blood Cell Count,5.4,K/uL,4.5,11,N,STAT,2024-03-07 22:30,2024-03-07 22:35,2024-03-07 23:35
LAB705216,ENC102252,PT12033,HGB,Hemoglobin,12,g/dL,12,17.5,N,Routine,2024-03-07 22:40,2024-03-07 23:04,2024-03-08 01:27
LAB705217,ENC102252,PT12033,TROP,"Troponin I, High Sensitivity",3,ng/L,0,34,N,STAT,2024-03-07 23:21,2024-03-07 23:42,2024-03-08 00:19
LAB705218,ENC102253,PT10748,GLU,Glucose,95,mg/dL,70,99,N,Routine,2024-03-08 00:45,2024-03-08 01:20,2024-03-08 03:32
LAB705219,ENC102253,PT10748,CREAT,Creatinine,0.86,mg/dL,0.6,1.3,N,Routine,2024-03-08 00:47,2024-03-08 01:18,2024-03-08 06:57
LAB705220,ENC102253,PT10748,WBC,White Blood Cell Count,14.1,K/uL,4.5,11,H,STAT,2024-03-08 00:22,2024-03-08 00:45,2024-03-08 01:49
LAB705221,ENC102253,PT10748,HGB,Hemoglobin,14.4,g/dL,12,17.5,N,STAT,2024-03-08 00:06,2024-03-08 00:18,2024-03-08 01:28
LAB705222,ENC102254,PT13563,GLU,Glucose,97,mg/dL,70,99,N,STAT,2024-03-08 04:57,2024-03-08 05:23,2024-03-08 05:46
LAB705223,ENC102254,PT13563,CREAT,Creatinine,1.34,mg/dL,0.6,1.3,H,STAT,2024-03-08 05:00,2024-03-08 05:35,2024-03-08 06:04
LAB705224,ENC102256,PT13151,GLU,Glucose,130,mg/dL,70,99,H,STAT,2024-03-08 08:32,2024-03-08 09:01,2024-03-08 09:43
LAB705225,ENC102256,PT13151,CREAT,Creatinine,0.99,mg/dL,0.6,1.3,N,STAT,2024-03-08 08:46,2024-03-08 09:01,2024-03-08 09:42
LAB705226,ENC102256,PT13151,WBC,White Blood Cell Count,5.3,K/uL,4.5,11,N,STAT,2024-03-08 09:08,2024-03-08 09:21,2024-03-08 10:01
LAB705227,ENC102256,PT13151,HGB,Hemoglobin,13.1,g/dL,12,17.5,N,STAT,2024-03-08 09:04,2024-03-08 09:20,2024-03-08 09:55
LAB705228,ENC102256,PT13151,BUN,Blood Urea Nitrogen,22,mg/dL,7,20,H,STAT,2024-03-08 08:41,2024-03-08 08:48,2024-03-08 09:42
LAB705229,ENC102256,PT13151,PLT,Platelet Count,197,K/uL,150,400,N,Routine,2024-03-08 08:40,2024-03-08 09:12,2024-03-08 10:34
LAB705230,ENC102258,PT13277,GLU,Glucose,100,mg/dL,70,99,H,Routine,2024-03-08 12:14,2024-03-08 12:31,2024-03-08 14:29
LAB705231,ENC102258,PT13277,CREAT,Creatinine,1.11,mg/dL,0.6,1.3,N,STAT,2024-03-08 12:39,2024-03-08 13:14,2024-03-08 13:53
LAB705232,ENC102258,PT13277,WBC,White Blood Cell Count,4.4,K/uL,4.5,11,L,STAT,2024-03-08 11:33,2024-03-08 11:49,2024-03-08 13:52
LAB705233,ENC102258,PT13277,HGB,Hemoglobin,16,g/dL,12,17.5,N,Routine,2024-03-08 12:15,2024-03-08 12:25,2024-03-08 19:21
LAB705234,ENC102258,PT13277,TROP,"Troponin I, High Sensitivity",0,ng/L,0,34,N,STAT,2024-03-08 11:58,2024-03-08 12:24,2024-03-08 12:59
LAB705235,ENC102260,PT13356,GLU,Glucose,102,mg/dL,70,99,H,STAT,2024-03-08 09:11,2024-03-08 09:34,2024-03-08 10:33
LAB705236,ENC102260,PT13356,CREAT,Creatinine,1.1,mg/dL,0.6,1.3,N,Routine,2024-03-08 09:24,2024-03-08 09:56,2024-03-08 13:31
LAB705237,ENC102260,PT13356,WBC,White Blood Cell Count,9.3,K/uL,4.5,11,N,STAT,2024-03-08 08:35,2024-03-08 09:00,2024-03-08 09:45
LAB705238,ENC102260,PT13356,HGB,Hemoglobin,16.2,g/dL,12,17.5,N,Routine,2024-03-08 08:33,2024-03-08 08:39,2024-03-08 09:51
LAB705239,ENC102263,PT12428,GLU,Glucose,146,mg/dL,70,99,H,STAT,2024-03-08 12:30,2024-03-08 12:49,2024-03-08 13:34
LAB705240,ENC102263,PT12428,CREAT,Creatinine,0.97,mg/dL,0.6,1.3,N,STAT,2024-03-08 12:34,2024-03-08 12:56,2024-03-08 13:31
LAB705241,ENC102263,PT12428,WBC,White Blood Cell Count,7,K/uL,4.5,11,N,Routine,2024-03-08 12:54,2024-03-08 13:12,2024-03-08 16:01
LAB705242,ENC102263,PT12428,HGB,Hemoglobin,12.6,g/dL,12,17.5,N,STAT,2024-03-08 13:30,2024-03-08 13:54,2024-03-08 14:36
LAB705243,ENC102264,PT12452,GLU,Glucose,72,mg/dL,70,99,N,STAT,2024-03-08 10:59,2024-03-08 11:22,2024-03-08 11:52
LAB705244,ENC102264,PT12452,CREAT,Creatinine,0.88,mg/dL,0.6,1.3,N,Routine,2024-03-08 11:14,2024-03-08 11:36,2024-03-08 13:58
LAB705245,ENC102264,PT12452,WBC,White Blood Cell Count,4.5,K/uL,4.5,11,N,STAT,2024-03-08 10:54,2024-03-08 11:22,2024-03-08 12:11
LAB705246,ENC102267,PT13857,GLU,Glucose,135,mg/dL,70,99,H,STAT,2024-03-08 10:30,2024-03-08 10:44,2024-03-08 11:33
LAB705247,ENC102267,PT13857,CREAT,Creatinine,0.76,mg/dL,0.6,1.3,N,Routine,2024-03-08 10:22,2024-03-08 10:32,2024-03-08 21:19
LAB705248,ENC102267,PT13857,WBC,White Blood Cell Count,12.7,K/uL,4.5,11,H,Routine,2024-03-08 11:28,2024-03-08 11:35,2024-03-08 12:57
LAB705249,ENC102269,PT11693,A1C,Hemoglobin A1c,5,%,4,5.6,N,Routine,2024-03-08 10:39,2024-03-08 10:47,2024-03-09 03:15
LAB705250,ENC102270,PT11059,LDL,LDL Cholesterol,110,mg/dL,0,99,H,Routine,2024-03-08 11:11,2024-03-08 11:19,2024-03-09 08:04
LAB705251,ENC102272,PT13640,GLU,Glucose,87,mg/dL,70,99,N,STAT,2024-03-08 12:12,2024-03-08 12:30,2024-03-08 13:26
LAB705252,ENC102272,PT13640,CREAT,Creatinine,0.95,mg/dL,0.6,1.3,N,STAT,2024-03-08 12:11,2024-03-08 12:33,2024-03-08 13:08
LAB705253,ENC102272,PT13640,WBC,White Blood Cell Count,12.4,K/uL,4.5,11,H,STAT,2024-03-08 12:21,2024-03-08 12:43,2024-03-08 13:59
LAB705254,ENC102273,PT11247,GLU,Glucose,110,mg/dL,70,99,H,Routine,2024-03-08 13:36,2024-03-08 14:01,2024-03-08 20:29
LAB705255,ENC102273,PT11247,CREAT,Creatinine,0.56,mg/dL,0.6,1.3,L,Routine,2024-03-08 14:23,2024-03-08 14:51,2024-03-08 18:05
LAB705256,ENC102273,PT11247,WBC,White Blood Cell Count,5.2,K/uL,4.5,11,N,STAT,2024-03-08 14:30,2024-03-08 14:55,2024-03-08 15:57
LAB705257,ENC102273,PT11247,HGB,Hemoglobin,16.6,g/dL,12,17.5,N,STAT,2024-03-08 14:27,2024-03-08 14:55,2024-03-08 16:29
LAB705258,ENC102275,PT13072,GLU,Glucose,202,mg/dL,70,99,H,STAT,2024-03-08 14:46,2024-03-08 15:16,2024-03-08 16:15
LAB705259,ENC102275,PT13072,CREAT,Creatinine,1.05,mg/dL,0.6,1.3,N,STAT,2024-03-08 14:38,2024-03-08 14:45,2024-03-08 16:09
LAB705260,ENC102275,PT13072,WBC,White Blood Cell Count,10.8,K/uL,4.5,11,N,STAT,2024-03-08 14:20,2024-03-08 14:34,2024-03-08 15:40
LAB705261,ENC102276,PT12828,GLU,Glucose,106,mg/dL,70,99,H,STAT,2024-03-08 16:36,2024-03-08 16:57,2024-03-08 17:21
LAB705262,ENC102276,PT12828,CREAT,Creatinine,2.16,mg/dL,0.6,1.3,H,Routine,2024-03-08 17:27,2024-03-08 17:58,2024-03-08 21:52
LAB705263,ENC102276,PT12828,WBC,White Blood Cell Count,9,K/uL,4.5,11,N,Routine,2024-03-08 16:52,2024-03-08 17:25,2024-03-08 22:59
LAB705264,ENC102276,PT12828,HGB,Hemoglobin,11.8,g/dL,12,17.5,L,Routine,2024-03-08 17:03,2024-03-08 17:33,2024-03-08 23:51
LAB705265,ENC102276,PT12828,TROP,"Troponin I, High Sensitivity",272,ng/L,0,34,H,STAT,2024-03-08 16:47,2024-03-08 17:14,2024-03-08 18:05
LAB705266,ENC102278,PT13876,GLU,Glucose,89,mg/dL,70,99,N,Routine,2024-03-08 16:17,2024-03-08 16:44,2024-03-09 01:45
LAB705267,ENC102278,PT13876,CREAT,Creatinine,0.86,mg/dL,0.6,1.3,N,STAT,2024-03-08 16:16,2024-03-08 16:31,2024-03-08 17:11
LAB705268,ENC102280,PT12567,GLU,Glucose,110,mg/dL,70,99,H,Routine,2024-03-08 20:01,2024-03-08 20:16,2024-03-08 23:02
LAB705269,ENC102280,PT12567,CREAT,Creatinine,0.85,mg/dL,0.6,1.3,N,Routine,2024-03-08 19:37,2024-03-08 20:04,2024-03-08 23:41
LAB705270,ENC102280,PT12567,WBC,White Blood Cell Count,8.9,K/uL,4.5,11,N,STAT,2024-03-08 19:44,2024-03-08 19:57,2024-03-08 20:37
LAB705271,ENC102280,PT12567,HGB,Hemoglobin,16.7,g/dL,12,17.5,N,STAT,2024-03-08 20:00,2024-03-08 20:25,2024-03-08 21:03
LAB705272,ENC102281,PT11833,GLU,Glucose,107,mg/dL,70,99,H,Routine,2024-03-08 18:28,2024-03-08 18:48,2024-03-08 20:32
LAB705273,ENC102281,PT11833,CREAT,Creatinine,0.96,mg/dL,0.6,1.3,N,Routine,2024-03-08 19:21,2024-03-08 19:35,2024-03-08 21:51
LAB705274,ENC102281,PT11833,WBC,White Blood Cell Count,7.3,K/uL,4.5,11,N,STAT,2024-03-08 18:39,2024-03-08 18:47,2024-03-08 19:14
LAB705275,ENC102281,PT11833,HGB,Hemoglobin,15.3,g/dL,12,17.5,N,Routine,2024-03-08 18:58,2024-03-08 19:03,2024-03-08 21:39
LAB705276,ENC102281,PT11833,TROP,"Troponin I, High Sensitivity",1202,ng/L,0,34,H,STAT,2024-03-08 18:22,2024-03-08 18:35,2024-03-08 20:12
LAB705277,ENC102282,PT10729,GLU,Glucose,92,mg/dL,70,99,N,STAT,2024-03-08 21:03,2024-03-08 21:36,2024-03-08 22:33
LAB705278,ENC102282,PT10729,CREAT,Creatinine,0.38,mg/dL,0.6,1.3,L,Routine,2024-03-08 21:29,2024-03-08 21:36,2024-03-09 00:52
LAB705279,ENC102282,PT10729,WBC,White Blood Cell Count,8.9,K/uL,4.5,11,N,STAT,2024-03-08 21:22,2024-03-08 21:36,2024-03-08 22:12
LAB705280,ENC102282,PT10729,HGB,Hemoglobin,14.5,g/dL,12,17.5,N,STAT,2024-03-08 21:17,2024-03-08 21:34,2024-03-08 22:48
LAB705281,ENC102282,PT10729,LACT,Lactate,2.9,mmol/L,0.5,2,H,STAT,2024-03-08 21:22,2024-03-08 21:27,2024-03-08 22:08
LAB705282,ENC102284,PT13913,GLU,Glucose,108,mg/dL,70,99,H,Routine,2024-03-08 18:11,2024-03-08 18:36,2024-03-08 21:25
LAB705283,ENC102284,PT13913,CREAT,Creatinine,1.39,mg/dL,0.6,1.3,H,Routine,2024-03-08 17:48,2024-03-08 18:23,2024-03-08 20:02
LAB705284,ENC102284,PT13913,WBC,White Blood Cell Count,15.4,K/uL,4.5,11,H,Routine,2024-03-08 18:03,2024-03-08 18:38,2024-03-08 20:34
LAB705285,ENC102284,PT13913,HGB,Hemoglobin,14.2,g/dL,12,17.5,N,STAT,2024-03-08 18:35,2024-03-08 19:03,2024-03-08 19:30
LAB705286,ENC102285,PT12198,GLU,Glucose,172,mg/dL,70,99,H,Routine,2024-03-08 22:57,2024-03-08 23:30,2024-03-09 01:44
LAB705287,ENC102285,PT12198,CREAT,Creatinine,0.71,mg/dL,0.6,1.3,N,Routine,2024-03-08 23:40,2024-03-09 00:08,2024-03-09 02:53
LAB705288,ENC102285,PT12198,WBC,White Blood Cell Count,6.6,K/uL,4.5,11,N,STAT,2024-03-08 23:41,2024-03-09 00:16,2024-03-09 02:20
LAB705289,ENC102285,PT12198,HGB,Hemoglobin,13.3,g/dL,12,17.5,N,Routine,2024-03-08 23:26,2024-03-08 23:36,2024-03-09 01:32
LAB705290,ENC102286,PT12553,GLU,Glucose,128,mg/dL,70,99,H,STAT,2024-03-08 23:26,2024-03-08 23:53,2024-03-09 00:50
LAB705291,ENC102286,PT12553,CREAT,Creatinine,1.77,mg/dL,0.6,1.3,H,STAT,2024-03-09 00:02,2024-03-09 00:37,2024-03-09 01:13
LAB705292,ENC102286,PT12553,WBC,White Blood Cell Count,12.6,K/uL,4.5,11,H,STAT,2024-03-08 23:33,2024-03-08 23:44,2024-03-09 00:06
LAB705293,ENC102286,PT12553,HGB,Hemoglobin,8.3,g/dL,12,17.5,L,Routine,2024-03-08 23:49,2024-03-09 00:13,2024-03-09 01:59
LAB705294,ENC102286,PT12553,NA,Sodium,136,mmol/L,136,145,N,STAT,2024-03-08 23:04,2024-03-08 23:14,2024-03-09 00:08
LAB705295,ENC102286,PT12553,K,Potassium,3.4,mmol/L,3.5,5.1,L,STAT,2024-03-08 23:39,2024-03-08 23:57,2024-03-09 00:42
LAB705296,ENC102287,PT12953,GLU,Glucose,103,mg/dL,70,99,H,STAT,2024-03-08 20:31,2024-03-08 20:48,2024-03-08 21:40
LAB705297,ENC102287,PT12953,CREAT,Creatinine,0.56,mg/dL,0.6,1.3,L,STAT,2024-03-08 20:09,2024-03-08 20:31,2024-03-08 21:11
LAB705298,ENC102288,PT12578,GLU,Glucose,89,mg/dL,70,99,N,Routine,2024-03-08 20:48,2024-03-08 21:16,2024-03-09 00:39
LAB705299,ENC102288,PT12578,CREAT,Creatinine,2.03,mg/dL,0.6,1.3,H,STAT,2024-03-08 20:45,2024-03-08 20:49,2024-03-08 21:44
LAB705300,ENC102288,PT12578,WBC,White Blood Cell Count,7.2,K/uL,4.5,11,N,STAT,2024-03-08 21:15,2024-03-08 21:20,2024-03-08 22:16
LAB705301,ENC102289,PT12881,GLU,Glucose,137,mg/dL,70,99,H,STAT,2024-03-08 22:53,2024-03-08 23:27,2024-03-09 00:07
LAB705302,ENC102289,PT12881,CREAT,Creatinine,0.8,mg/dL,0.6,1.3,N,STAT,2024-03-08 22:57,2024-03-08 23:09,2024-03-09 00:36
LAB705303,ENC102289,PT12881,WBC,White Blood Cell Count,6.6,K/uL,4.5,11,N,STAT,2024-03-08 22:59,2024-03-08 23:06,2024-03-09 00:20
LAB705304,ENC102290,PT11413,GLU,Glucose,109,mg/dL,70,99,H,STAT,2024-03-09 00:29,2024-03-09 00:42,2024-03-09 01:36
LAB705305,ENC102290,PT11413,CREAT,Creatinine,0.79,mg/dL,0.6,1.3,N,Routine,2024-03-08 23:48,2024-03-09 00:03,2024-03-09 04:17
LAB705306,ENC102290,PT11413,WBC,White Blood Cell Count,7.9,K/uL,4.5,11,N,STAT,2024-03-08 23:53,2024-03-09 00:08,2024-03-09 00:32
LAB705307,ENC102290,PT11413,HGB,Hemoglobin,15.3,g/dL,12,17.5,N,STAT,2024-03-09 00:14,2024-03-09 00:39,2024-03-09 01:17
LAB705308,ENC102290,PT11413,INR,Prothrombin Time INR,1,ratio,0.8,1.2,N,Routine,2024-03-09 00:09,2024-03-09 00:37,2024-03-09 06:08
LAB705309,ENC102291,PT13491,GLU,Glucose,102,mg/dL,70,99,H,STAT,2024-03-09 04:23,2024-03-09 04:49,2024-03-09 05:29
LAB705310,ENC102291,PT13491,CREAT,Creatinine,1.22,mg/dL,0.6,1.3,N,Routine,2024-03-09 03:57,2024-03-09 04:11,2024-03-09 11:18
LAB705311,ENC102291,PT13491,WBC,White Blood Cell Count,4.4,K/uL,4.5,11,L,STAT,2024-03-09 04:07,2024-03-09 04:30,2024-03-09 05:07
LAB705312,ENC102291,PT13491,HGB,Hemoglobin,13.2,g/dL,12,17.5,N,STAT,2024-03-09 04:32,2024-03-09 04:47,2024-03-09 05:14
LAB705313,ENC102291,PT13491,TROP,"Troponin I, High Sensitivity",275,ng/L,0,34,H,STAT,2024-03-09 04:06,2024-03-09 04:13,2024-03-09 05:18
LAB705314,ENC102292,PT11609,GLU,Glucose,69,mg/dL,70,99,L,Routine,2024-03-09 03:28,2024-03-09 03:40,2024-03-09 06:27
LAB705315,ENC102292,PT11609,CREAT,Creatinine,0.93,mg/dL,0.6,1.3,N,STAT,2024-03-09 03:08,2024-03-09 03:17,2024-03-09 04:42
LAB705316,ENC102292,PT11609,WBC,White Blood Cell Count,4.5,K/uL,4.5,11,N,STAT,2024-03-09 02:23,2024-03-09 02:27,2024-03-09 03:23
LAB705317,ENC102292,PT11609,HGB,Hemoglobin,12.8,g/dL,12,17.5,N,STAT,2024-03-09 02:47,2024-03-09 03:19,2024-03-09 04:33
LAB705318,ENC102293,PT11602,GLU,Glucose,97,mg/dL,70,99,N,STAT,2024-03-09 06:44,2024-03-09 07:14,2024-03-09 08:12
LAB705319,ENC102293,PT11602,CREAT,Creatinine,1.06,mg/dL,0.6,1.3,N,Routine,2024-03-09 05:58,2024-03-09 06:13,2024-03-09 10:28
LAB705320,ENC102293,PT11602,WBC,White Blood Cell Count,6.5,K/uL,4.5,11,N,Routine,2024-03-09 06:21,2024-03-09 06:33,2024-03-09 14:04
LAB705321,ENC102293,PT11602,HGB,Hemoglobin,14.8,g/dL,12,17.5,N,STAT,2024-03-09 05:34,2024-03-09 05:55,2024-03-09 06:34
LAB705322,ENC102294,PT12741,GLU,Glucose,103,mg/dL,70,99,H,STAT,2024-03-09 12:09,2024-03-09 12:14,2024-03-09 13:07
LAB705323,ENC102294,PT12741,CREAT,Creatinine,1.12,mg/dL,0.6,1.3,N,Routine,2024-03-09 11:39,2024-03-09 12:00,2024-03-09 18:00
LAB705324,ENC102294,PT12741,WBC,White Blood Cell Count,7.9,K/uL,4.5,11,N,STAT,2024-03-09 11:53,2024-03-09 12:17,2024-03-09 13:21
LAB705325,ENC102294,PT12741,HGB,Hemoglobin,14.1,g/dL,12,17.5,N,Routine,2024-03-09 11:41,2024-03-09 11:57,2024-03-09 14:11
LAB705326,ENC102296,PT10655,GLU,Glucose,222,mg/dL,70,99,H,Routine,2024-03-09 09:27,2024-03-09 09:31,2024-03-09 12:02
LAB705327,ENC102296,PT10655,CREAT,Creatinine,1.05,mg/dL,0.6,1.3,N,Routine,2024-03-09 09:47,2024-03-09 10:19,2024-03-09 13:05
LAB705328,ENC102296,PT10655,WBC,White Blood Cell Count,5.4,K/uL,4.5,11,N,STAT,2024-03-09 09:58,2024-03-09 10:30,2024-03-09 12:21
LAB705329,ENC102296,PT10655,HGB,Hemoglobin,14.2,g/dL,12,17.5,N,STAT,2024-03-09 10:21,2024-03-09 10:46,2024-03-09 11:19
LAB705330,ENC102296,PT10655,BUN,Blood Urea Nitrogen,16,mg/dL,7,20,N,Routine,2024-03-09 09:45,2024-03-09 09:57,2024-03-09 11:19
LAB705331,ENC102296,PT10655,PLT,Platelet Count,277,K/uL,150,400,N,Routine,2024-03-09 10:10,2024-03-09 10:42,2024-03-09 13:37
LAB705332,ENC102296,PT10655,TROP,"Troponin I, High Sensitivity",47,ng/L,0,34,H,STAT,2024-03-09 10:22,2024-03-09 10:48,2024-03-09 11:13
LAB705333,ENC102296,PT10655,BNP,B-Type Natriuretic Peptide,1637,pg/mL,0,100,H,Routine,2024-03-09 10:11,2024-03-09 10:25,2024-03-09 12:53
LAB705334,ENC102297,PT12351,GLU,Glucose,92,mg/dL,70,99,N,Routine,2024-03-09 10:04,2024-03-09 10:34,2024-03-09 14:31
LAB705335,ENC102297,PT12351,CREAT,Creatinine,0.95,mg/dL,0.6,1.3,N,STAT,2024-03-09 09:49,2024-03-09 10:00,2024-03-09 10:57
LAB705336,ENC102297,PT12351,WBC,White Blood Cell Count,9.9,K/uL,4.5,11,N,Routine,2024-03-09 10:11,2024-03-09 10:22,2024-03-09 12:57
LAB705337,ENC102297,PT12351,HGB,Hemoglobin,13,g/dL,12,17.5,N,STAT,2024-03-09 10:24,2024-03-09 10:57,2024-03-09 11:40
LAB705338,ENC102299,PT12934,GLU,Glucose,505,mg/dL,70,99,HH,STAT,2024-03-09 13:52,2024-03-09 14:17,2024-03-09 15:07
LAB705339,ENC102299,PT12934,CREAT,Creatinine,1.13,mg/dL,0.6,1.3,N,STAT,2024-03-09 13:33,2024-03-09 13:49,2024-03-09 14:11
LAB705340,ENC102299,PT12934,WBC,White Blood Cell Count,6.8,K/uL,4.5,11,N,STAT,2024-03-09 13:43,2024-03-09 14:18,2024-03-09 14:56
LAB705341,ENC102299,PT12934,HGB,Hemoglobin,14,g/dL,12,17.5,N,STAT,2024-03-09 13:29,2024-03-09 13:57,2024-03-09 15:05
LAB705342,ENC102299,PT12934,NA,Sodium,141,mmol/L,136,145,N,STAT,2024-03-09 13:22,2024-03-09 13:42,2024-03-09 14:15
LAB705343,ENC102299,PT12934,K,Potassium,3.7,mmol/L,3.5,5.1,N,STAT,2024-03-09 13:35,2024-03-09 13:54,2024-03-09 15:20
LAB705344,ENC102299,PT12934,A1C,Hemoglobin A1c,11.4,%,4,5.6,H,STAT,2024-03-09 14:08,2024-03-09 14:41,2024-03-09 15:13
LAB705345,ENC102300,PT11656,GLU,Glucose,93,mg/dL,70,99,N,Routine,2024-03-09 15:09,2024-03-09 15:18,2024-03-09 18:05
LAB705346,ENC102300,PT11656,CREAT,Creatinine,1.22,mg/dL,0.6,1.3,N,STAT,2024-03-09 16:05,2024-03-09 16:13,2024-03-09 17:31
LAB705347,ENC102300,PT11656,WBC,White Blood Cell Count,6.5,K/uL,4.5,11,N,STAT,2024-03-09 15:09,2024-03-09 15:42,2024-03-09 16:18
LAB705348,ENC102300,PT11656,HGB,Hemoglobin,15.8,g/dL,12,17.5,N,Routine,2024-03-09 16:05,2024-03-09 16:32,2024-03-09 18:12
LAB705349,ENC102300,PT11656,BUN,Blood Urea Nitrogen,10,mg/dL,7,20,N,Routine,2024-03-09 15:27,2024-03-09 15:46,2024-03-09 20:49
LAB705350,ENC102300,PT11656,PLT,Platelet Count,202,K/uL,150,400,N,STAT,2024-03-09 15:11,2024-03-09 15:42,2024-03-09 16:35
LAB705351,ENC102300,PT11656,TROP,"Troponin I, High Sensitivity",43,ng/L,0,34,H,STAT,2024-03-09 15:29,2024-03-09 16:01,2024-03-09 16:34
LAB705352,ENC102300,PT11656,BNP,B-Type Natriuretic Peptide,1227,pg/mL,0,100,H,STAT,2024-03-09 15:40,2024-03-09 16:11,2024-03-09 16:50
LAB705353,ENC102304,PT11244,GLU,Glucose,100,mg/dL,70,99,H,Routine,2024-03-09 19:57,2024-03-09 20:19,2024-03-09 21:52
LAB705354,ENC102304,PT11244,CREAT,Creatinine,0.57,mg/dL,0.6,1.3,L,STAT,2024-03-09 19:50,2024-03-09 20:09,2024-03-09 21:07
LAB705355,ENC102304,PT11244,WBC,White Blood Cell Count,5,K/uL,4.5,11,N,STAT,2024-03-09 20:50,2024-03-09 20:59,2024-03-09 22:01
LAB705356,ENC102304,PT11244,HGB,Hemoglobin,13.3,g/dL,12,17.5,N,STAT,2024-03-09 20:47,2024-03-09 21:14,2024-03-09 21:44
LAB705357,ENC102307,PT11557,GLU,Glucose,77,mg/dL,70,99,N,Routine,2024-03-09 17:20,2024-03-09 17:29,2024-03-09 20:43
LAB705358,ENC102307,PT11557,CREAT,Creatinine,0.97,mg/dL,0.6,1.3,N,STAT,2024-03-09 17:23,2024-03-09 17:34,2024-03-09 17:55
LAB705359,ENC102307,PT11557,WBC,White Blood Cell Count,7.7,K/uL,4.5,11,N,Routine,2024-03-09 17:18,2024-03-09 17:35,2024-03-09 18:32
LAB705360,ENC102307,PT11557,HGB,Hemoglobin,16.5,g/dL,12,17.5,N,STAT,2024-03-09 16:51,2024-03-09 17:05,2024-03-09 17:38
LAB705361,ENC102307,PT11557,NA,Sodium,136,mmol/L,136,145,N,Routine,2024-03-09 16:57,2024-03-09 17:29,2024-03-09 19:51
LAB705362,ENC102307,PT11557,K,Potassium,4.6,mmol/L,3.5,5.1,N,STAT,2024-03-09 16:44,2024-03-09 17:06,2024-03-09 18:14
LAB705363,ENC102308,PT12639,GLU,Glucose,106,mg/dL,70,99,H,STAT,2024-03-09 16:55,2024-03-09 17:01,2024-03-09 17:38
LAB705364,ENC102308,PT12639,CREAT,Creatinine,1.26,mg/dL,0.6,1.3,N,STAT,2024-03-09 16:52,2024-03-09 17:17,2024-03-09 18:05
LAB705365,ENC102308,PT12639,WBC,White Blood Cell Count,6.2,K/uL,4.5,11,N,Routine,2024-03-09 17:02,2024-03-09 17:06,2024-03-09 22:13
LAB705366,ENC102308,PT12639,HGB,Hemoglobin,13.3,g/dL,12,17.5,N,STAT,2024-03-09 17:28,2024-03-09 18:01,2024-03-09 19:00
LAB705367,ENC102308,PT12639,NA,Sodium,144,mmol/L,136,145,N,STAT,2024-03-09 16:51,2024-03-09 17:21,2024-03-09 17:54
LAB705368,ENC102308,PT12639,K,Potassium,3.9,mmol/L,3.5,5.1,N,STAT,2024-03-09 17:51,2024-03-09 18:14,2024-03-09 18:57
LAB705369,ENC102309,PT11167,GLU,Glucose,135,mg/dL,70,99,H,STAT,2024-03-09 20:35,2024-03-09 20:45,2024-03-09 21:35
LAB705370,ENC102309,PT11167,CREAT,Creatinine,0.91,mg/dL,0.6,1.3,N,STAT,2024-03-09 20:35,2024-03-09 20:52,2024-03-09 22:10
LAB705371,ENC102309,PT11167,WBC,White Blood Cell Count,6.4,K/uL,4.5,11,N,STAT,2024-03-09 20:14,2024-03-09 20:28,2024-03-09 21:18
LAB705372,ENC102309,PT11167,HGB,Hemoglobin,12.6,g/dL,12,17.5,N,Routine,2024-03-09 20:37,2024-03-09 21:02,2024-03-10 02:24
LAB705373,ENC102310,PT13484,GLU,Glucose,215,mg/dL,70,99,H,STAT,2024-03-09 21:13,2024-03-09 21:43,2024-03-09 22:24
LAB705374,ENC102310,PT13484,CREAT,Creatinine,1.04,mg/dL,0.6,1.3,N,Routine,2024-03-09 21:33,2024-03-09 21:54,2024-03-10 00:19
LAB705375,ENC102310,PT13484,WBC,White Blood Cell Count,6.7,K/uL,4.5,11,N,Routine,2024-03-09 21:36,2024-03-09 21:47,2024-03-10 06:04
LAB705376,ENC102310,PT13484,HGB,Hemoglobin,14,g/dL,12,17.5,N,STAT,2024-03-09 21:40,2024-03-09 22:04,2024-03-09 23:11
LAB705377,ENC102310,PT13484,NA,Sodium,139,mmol/L,136,145,N,STAT,2024-03-09 21:43,2024-03-09 22:14,2024-03-09 23:02
LAB705378,ENC102310,PT13484,K,Potassium,4.2,mmol/L,3.5,5.1,N,STAT,2024-03-09 21:40,2024-03-09 22:07,2024-03-09 23:00
LAB705379,ENC102310,PT13484,INR,Prothrombin Time INR,1,ratio,0.8,1.2,N,STAT,2024-03-09 20:49,2024-03-09 21:24,2024-03-09 21:51
LAB705380,ENC102313,PT10159,GLU,Glucose,118,mg/dL,70,99,H,Routine,2024-03-10 00:07,2024-03-10 00:25,2024-03-10 01:43
LAB705381,ENC102313,PT10159,CREAT,Creatinine,0.66,mg/dL,0.6,1.3,N,STAT,2024-03-10 00:16,2024-03-10 00:20,2024-03-10 00:40
LAB705382,ENC102313,PT10159,WBC,White Blood Cell Count,7.5,K/uL,4.5,11,N,Routine,2024-03-10 00:34,2024-03-10 01:05,2024-03-10 04:08
LAB705383,ENC102313,PT10159,HGB,Hemoglobin,14.6,g/dL,12,17.5,N,STAT,2024-03-10 00:48,2024-03-10 01:00,2024-03-10 01:46
LAB705384,ENC102314,PT11204,GLU,Glucose,90,mg/dL,70,99,N,Routine,2024-03-10 02:30,2024-03-10 02:48,2024-03-10 05:21
LAB705385,ENC102314,PT11204,CREAT,Creatinine,1.64,mg/dL,0.6,1.3,H,STAT,2024-03-10 03:04,2024-03-10 03:25,2024-03-10 04:12
LAB705386,ENC102314,PT11204,WBC,White Blood Cell Count,8.7,K/uL,4.5,11,N,Routine,2024-03-10 02:11,2024-03-10 02:25,2024-03-10 05:40
LAB705387,ENC102314,PT11204,HGB,Hemoglobin,10.2,g/dL,12,17.5,L,STAT,2024-03-10 03:13,2024-03-10 03:42,2024-03-10 04:34
LAB705388,ENC102314,PT11204,INR,Prothrombin Time INR,0.9,ratio,0.8,1.2,N,Routine,2024-03-10 03:16,2024-03-10 03:33,2024-03-10 08:01
LAB705389,ENC102315,PT11398,GLU,Glucose,102,mg/dL,70,99,H,STAT,2024-03-09 23:45,2024-03-09 23:52,2024-03-10 00:28
LAB705390,ENC102315,PT11398,CREAT,Creatinine,0.93,mg/dL,0.6,1.3,N,Routine,2024-03-09 23:49,2024-03-09 23:59,2024-03-10 03:58
LAB705391,ENC102315,PT11398,WBC,White Blood Cell Count,19.1,K/uL,4.5,11,H,Routine,2024-03-09 23:15,2024-03-09 23:32,2024-03-10 06:36
LAB705392,ENC102315,PT11398,HGB,Hemoglobin,15,g/dL,12,17.5,N,Routine,2024-03-09 23:39,2024-03-09 23:56,2024-03-10 01:38
LAB705393,ENC102315,PT11398,NA,Sodium,144,mmol/L,136,145,N,STAT,2024-03-10 00:04,2024-03-10 00:30,2024-03-10 01:16
LAB705394,ENC102315,PT11398,K,Potassium,4,mmol/L,3.5,5.1,N,STAT,2024-03-09 23:34,2024-03-09 23:50,2024-03-10 00:52
LAB705395,ENC102316,PT12026,GLU,Glucose,84,mg/dL,70,99,N,STAT,2024-03-10 10:33,2024-03-10 11:05,2024-03-10 12:47
LAB705396,ENC102316,PT12026,CREAT,Creatinine,1.13,mg/dL,0.6,1.3,N,Routine,2024-03-10 11:02,2024-03-10 11:08,2024-03-10 15:17
LAB705397,ENC102316,PT12026,WBC,White Blood Cell Count,8.1,K/uL,4.5,11,N,Routine,2024-03-10 10:42,2024-03-10 11:14,2024-03-10 13:46
LAB705398,ENC102316,PT12026,HGB,Hemoglobin,13.3,g/dL,12,17.5,N,Routine,2024-03-10 10:41,2024-03-10 11:09,2024-03-10 13:59
LAB705399,ENC102316,PT12026,INR,Prothrombin Time INR,1.2,ratio,0.8,1.2,N,STAT,2024-03-10 10:23,2024-03-10 10:48,2024-03-10 11:29
LAB705400,ENC102317,PT11943,GLU,Glucose,163,mg/dL,70,99,H,Routine,2024-03-10 13:02,2024-03-10 13:29,2024-03-10 15:07
LAB705401,ENC102317,PT11943,CREAT,Creatinine,0.83,mg/dL,0.6,1.3,N,STAT,2024-03-10 13:11,2024-03-10 13:18,2024-03-10 14:18
LAB705402,ENC102317,PT11943,WBC,White Blood Cell Count,22.1,K/uL,4.5,11,H,STAT,2024-03-10 13:29,2024-03-10 13:46,2024-03-10 14:07
LAB705403,ENC102317,PT11943,HGB,Hemoglobin,14.8,g/dL,12,17.5,N,Routine,2024-03-10 12:48,2024-03-10 13:01,2024-03-10 16:13
LAB705404,ENC102317,PT11943,LACT,Lactate,7,mmol/L,0.5,2,HH,STAT,2024-03-10 13:02,2024-03-10 13:15,2024-03-10 14:44
LAB705405,ENC102319,PT13196,GLU,Glucose,92,mg/dL,70,99,N,STAT,2024-03-10 12:51,2024-03-10 12:58,2024-03-10 13:45
LAB705406,ENC102319,PT13196,CREAT,Creatinine,0.82,mg/dL,0.6,1.3,N,STAT,2024-03-10 12:48,2024-03-10 13:02,2024-03-10 14:02
LAB705407,ENC102319,PT13196,WBC,White Blood Cell Count,8.9,K/uL,4.5,11,N,STAT,2024-03-10 12:18,2024-03-10 12:31,2024-03-10 13:40
LAB705408,ENC102319,PT13196,HGB,Hemoglobin,14.5,g/dL,12,17.5,N,Routine,2024-03-10 12:30,2024-03-10 12:59,2024-03-10 14:42
LAB705409,ENC102319,PT13196,INR,Prothrombin Time INR,1,ratio,0.8,1.2,N,STAT,2024-03-10 12:34,2024-03-10 12:50,2024-03-10 13:49
LAB705410,ENC102321,PT12070,GLU,Glucose,114,mg/dL,70,99,H,Routine,2024-03-10 20:03,2024-03-10 20:07,2024-03-11 02:59
LAB705411,ENC102321,PT12070,CREAT,Creatinine,0.65,mg/dL,0.6,1.3,N,STAT,2024-03-10 19:50,2024-03-10 20:08,2024-03-10 21:03
LAB705412,ENC102321,PT12070,WBC,White Blood Cell Count,5.4,K/uL,4.5,11,N,Routine,2024-03-10 19:46,2024-03-10 19:54,2024-03-11 03:31
LAB705413,ENC102321,PT12070,HGB,Hemoglobin,14.8,g/dL,12,17.5,N,Routine,2024-03-10 19:18,2024-03-10 19:26,2024-03-10 20:43
LAB705414,ENC102321,PT12070,NA,Sodium,138,mmol/L,136,145,N,STAT,2024-03-10 19:41,2024-03-10 19:56,2024-03-10 20:52
LAB705415,ENC102321,PT12070,K,Potassium,3.7,mmol/L,3.5,5.1,N,STAT,2024-03-10 19:48,2024-03-10 20:23,2024-03-10 21:39
LAB705416,ENC102322,PT13040,GLU,Glucose,92,mg/dL,70,99,N,STAT,2024-03-10 19:15,2024-03-10 19:26,2024-03-10 20:30
LAB705417,ENC102322,PT13040,CREAT,Creatinine,1.04,mg/dL,0.6,1.3,N,STAT,2024-03-10 19:16,2024-03-10 19:36,2024-03-10 20:21
LAB705418,ENC102322,PT13040,WBC,White Blood Cell Count,6.4,K/uL,4.5,11,N,STAT,2024-03-10 19:25,2024-03-10 19:58,2024-03-10 20:43
LAB705419,ENC102322,PT13040,HGB,Hemoglobin,16.4,g/dL,12,17.5,N,STAT,2024-03-10 19:32,2024-03-10 19:58,2024-03-10 21:05
LAB705420,ENC102322,PT13040,TROP,"Troponin I, High Sensitivity",7,ng/L,0,34,N,STAT,2024-03-10 19:18,2024-03-10 19:52,2024-03-10 20:51
LAB705421,ENC102323,PT13319,GLU,Glucose,130,mg/dL,70,99,H,Routine,2024-03-11 00:04,2024-03-11 00:31,2024-03-11 01:47
LAB705422,ENC102323,PT13319,CREAT,Creatinine,0.49,mg/dL,0.6,1.3,L,STAT,2024-03-10 23:26,2024-03-11 00:00,2024-03-11 00:44
LAB705423,ENC102323,PT13319,WBC,White Blood Cell Count,13.4,K/uL,4.5,11,H,STAT,2024-03-11 00:21,2024-03-11 00:30,2024-03-11 01:10
LAB705424,ENC102323,PT13319,HGB,Hemoglobin,12.7,g/dL,12,17.5,N,STAT,2024-03-10 23:42,2024-03-11 00:06,2024-03-11 00:39
LAB705425,ENC102325,PT13020,GLU,Glucose,37,mg/dL,70,99,LL,STAT,2024-03-11 08:22,2024-03-11 08:55,2024-03-11 09:30
LAB705426,ENC102325,PT13020,CREAT,Creatinine,0.54,mg/dL,0.6,1.3,L,Routine,2024-03-11 08:31,2024-03-11 08:51,2024-03-11 11:18
LAB705427,ENC102325,PT13020,WBC,White Blood Cell Count,7.3,K/uL,4.5,11,N,STAT,2024-03-11 08:33,2024-03-11 08:46,2024-03-11 09:31
LAB705428,ENC102325,PT13020,HGB,Hemoglobin,14,g/dL,12,17.5,N,STAT,2024-03-11 08:11,2024-03-11 08:45,2024-03-11 09:39
LAB705429,ENC102325,PT13020,NA,Sodium,138,mmol/L,136,145,N,STAT,2024-03-11 09:13,2024-03-11 09:41,2024-03-11 10:24
LAB705430,ENC102325,PT13020,K,Potassium,4.1,mmol/L,3.5,5.1,N,STAT,2024-03-11 08:43,2024-03-11 08:51,2024-03-11 09:25
LAB705431,ENC102326,PT12549,GLU,Glucose,97,mg/dL,70,99,N,STAT,2024-03-11 09:54,2024-03-11 10:06,2024-03-11 10:26
LAB705432,ENC102326,PT12549,CREAT,Creatinine,0.91,mg/dL,0.6,1.3,N,STAT,2024-03-11 09:56,2024-03-11 10:19,2024-03-11 12:06
LAB705433,ENC102326,PT12549,WBC,White Blood Cell Count,4.4,K/uL,4.5,11,L,STAT,2024-03-11 10:56,2024-03-11 11:00,2024-03-11 11:34
LAB705434,ENC102326,PT12549,HGB,Hemoglobin,15.2,g/dL,12,17.5,N,STAT,2024-03-11 10:07,2024-03-11 10:34,2024-03-11 11:18
LAB705435,ENC102328,PT12220,GLU,Glucose,139,mg/dL,70,99,H,Routine,2024-03-11 15:03,2024-03-11 15:33,2024-03-11 17:54
LAB705436,ENC102328,PT12220,CREAT,Creatinine,1.05,mg/dL,0.6,1.3,N,Routine,2024-03-11 14:03,2024-03-11 14:31,2024-03-11 15:58
LAB705437,ENC102328,PT12220,WBC,White Blood Cell Count,7.2,K/uL,4.5,11,N,Routine,2024-03-11 14:29,2024-03-11 15:03,2024-03-11 22:21
LAB705438,ENC102328,PT12220,HGB,Hemoglobin,12.3,g/dL,12,17.5,N,STAT,2024-03-11 14:32,2024-03-11 14:52,2024-03-11 15:25
LAB705439,ENC102328,PT12220,BUN,Blood Urea Nitrogen,19,mg/dL,7,20,N,STAT,2024-03-11 14:26,2024-03-11 14:34,2024-03-11 15:14
LAB705440,ENC102328,PT12220,PLT,Platelet Count,217,K/uL,150,400,N,STAT,2024-03-11 14:53,2024-03-11 15:27,2024-03-11 16:29
LAB705441,ENC102329,PT13354,GLU,Glucose,111,mg/dL,70,99,H,STAT,2024-03-11 14:56,2024-03-11 15:13,2024-03-11 16:19
LAB705442,ENC102329,PT13354,CREAT,Creatinine,1.12,mg/dL,0.6,1.3,N,Routine,2024-03-11 15:07,2024-03-11 15:13,2024-03-11 17:09
LAB705443,ENC102329,PT13354,WBC,White Blood Cell Count,6.9,K/uL,4.5,11,N,STAT,2024-03-11 15:23,2024-03-11 15:45,2024-03-11 16:43
LAB705444,ENC102329,PT13354,HGB,Hemoglobin,12.4,g/dL,12,17.5,N,Routine,2024-03-11 15:36,2024-03-11 15:52,2024-03-11 17:58
LAB705445,ENC102329,PT13354,NA,Sodium,136,mmol/L,136,145,N,STAT,2024-03-11 15:34,2024-03-11 15:52,2024-03-11 16:32
LAB705446,ENC102329,PT13354,K,Potassium,3.6,mmol/L,3.5,5.1,N,STAT,2024-03-11 14:45,2024-03-11 14:50,2024-03-11 15:32
LAB705447,ENC102330,PT11379,WBC,White Blood Cell Count,6.1,K/uL,4.5,11,N,Routine,2024-03-11 10:43,2024-03-11 11:07,2024-03-11 12:33
LAB705448,ENC102330,PT11379,HGB,Hemoglobin,11.9,g/dL,12,17.5,L,Routine,2024-03-11 10:52,2024-03-11 11:13,2024-03-11 14:59
LAB705449,ENC102330,PT11379,PLT,Platelet Count,197,K/uL,150,400,N,Routine,2024-03-11 10:35,2024-03-11 11:10,2024-03-11 15:07
LAB705450,ENC102332,PT11476,GLU,Glucose,132,mg/dL,70,99,H,STAT,2024-03-11 12:32,2024-03-11 12:46,2024-03-11 13:39
LAB705451,ENC102332,PT11476,CREAT,Creatinine,1.08,mg/dL,0.6,1.3,N,STAT,2024-03-11 12:48,2024-03-11 12:58,2024-03-11 13:35
LAB705452,ENC102332,PT11476,WBC,White Blood Cell Count,8.7,K/uL,4.5,11,N,STAT,2024-03-11 13:11,2024-03-11 13:29,2024-03-11 13:49
LAB705453,ENC102332,PT11476,HGB,Hemoglobin,14.4,g/dL,12,17.5,N,Routine,2024-03-11 12:32,2024-03-11 12:49,2024-03-11 15:36
LAB705454,ENC102332,PT11476,TROP,"Troponin I, High Sensitivity",6,ng/L,0,34,N,STAT,2024-03-11 13:01,2024-03-11 13:30,2024-03-11 14:09
LAB705455,ENC102333,PT10741,GLU,Glucose,98,mg/dL,70,99,N,Routine,2024-03-11 16:29,2024-03-11 16:37,2024-03-11 19:41
LAB705456,ENC102333,PT10741,CREAT,Creatinine,0.88,mg/dL,0.6,1.3,N,STAT,2024-03-11 17:08,2024-03-11 17:33,2024-03-11 18:01
LAB705457,ENC102333,PT10741,WBC,White Blood Cell Count,5.5,K/uL,4.5,11,N,STAT,2024-03-11 16:59,2024-03-11 17:19,2024-03-11 17:38
LAB705458,ENC102333,PT10741,HGB,Hemoglobin,13.5,g/dL,12,17.5,N,STAT,2024-03-11 16:06,2024-03-11 16:33,2024-03-11 17:44
LAB705459,ENC102333,PT10741,NA,Sodium,124,mmol/L,136,145,L,Routine,2024-03-11 16:32,2024-03-11 17:06,2024-03-12 00:10
LAB705460,ENC102333,PT10741,K,Potassium,4.3,mmol/L,3.5,5.1,N,STAT,2024-03-11 16:44,2024-03-11 17:09,2024-03-11 17:48
LAB705461,ENC102334,PT12513,GLU,Glucose,81,mg/dL,70,99,N,Routine,2024-03-11 12:52,2024-03-11 13:08,2024-03-11 16:30
LAB705462,ENC102334,PT12513,CREAT,Creatinine,1.74,mg/dL,0.6,1.3,H,STAT,2024-03-11 13:06,2024-03-11 13:34,2024-03-11 14:10
LAB705463,ENC102334,PT12513,WBC,White Blood Cell Count,21.2,K/uL,4.5,11,H,STAT,2024-03-11 13:24,2024-03-11 13:42,2024-03-11 15:27
LAB705464,ENC102334,PT12513,HGB,Hemoglobin,8.2,g/dL,12,17.5,L,Routine,2024-03-11 13:38,2024-03-11 14:07,2024-03-11 15:48
LAB705465,ENC102334,PT12513,LACT,Lactate,1.3,mmol/L,0.5,2,N,STAT,2024-03-11 13:05,2024-03-11 13:23,2024-03-11 14:34
LAB705466,ENC102335,PT10648,LDL,LDL Cholesterol,56,mg/dL,0,99,N,Routine,2024-03-11 12:55,2024-03-11 13:09,2024-03-12 02:52
LAB705467,ENC102335,PT10648,TSH,Thyroid Stimulating Hormone,2.83,mIU/L,0.4,4,N,Routine,2024-03-11 12:46,2024-03-11 13:10,2024-03-11 20:55
LAB705468,ENC102338,PT10744,GLU,Glucose,121,mg/dL,70,99,H,Routine,2024-03-11 14:11,2024-03-11 14:39,2024-03-11 16:33
LAB705469,ENC102338,PT10744,CREAT,Creatinine,1,mg/dL,0.6,1.3,N,STAT,2024-03-11 13:41,2024-03-11 14:05,2024-03-11 14:40
LAB705470,ENC102338,PT10744,WBC,White Blood Cell Count,3.8,K/uL,4.5,11,L,STAT,2024-03-11 14:25,2024-03-11 14:57,2024-03-11 16:07
LAB705471,ENC102339,PT11175,WBC,White Blood Cell Count,9.6,K/uL,4.5,11,N,Routine,2024-03-11 13:37,2024-03-11 13:45,2024-03-11 15:34
LAB705472,ENC102339,PT11175,HGB,Hemoglobin,11.6,g/dL,12,17.5,L,Routine,2024-03-11 13:27,2024-03-11 13:57,2024-03-11 16:30
LAB705473,ENC102339,PT11175,PLT,Platelet Count,160,K/uL,150,400,N,Routine,2024-03-11 13:26,2024-03-11 13:40,2024-03-11 17:06
LAB705474,ENC102343,PT11146,LDL,LDL Cholesterol,130,mg/dL,0,99,H,Routine,2024-03-11 14:20,2024-03-11 14:46,2024-03-12 06:50
LAB705475,ENC102346,PT13693,GLU,Glucose,195,mg/dL,70,99,H,Routine,2024-03-11 19:14,2024-03-11 19:22,2024-03-11 22:24
LAB705476,ENC102346,PT13693,CREAT,Creatinine,0.81,mg/dL,0.6,1.3,N,STAT,2024-03-11 19:32,2024-03-11 20:01,2024-03-11 20:30
LAB705477,ENC102346,PT13693,WBC,White Blood Cell Count,6.2,K/uL,4.5,11,N,STAT,2024-03-11 18:29,2024-03-11 19:00,2024-03-11 19:46
LAB705478,ENC102346,PT13693,HGB,Hemoglobin,13.9,g/dL,12,17.5,N,Routine,2024-03-11 18:55,2024-03-11 19:11,2024-03-12 02:03
LAB705479,ENC102346,PT13693,TROP,"Troponin I, High Sensitivity",41,ng/L,0,34,H,STAT,2024-03-11 19:20,2024-03-11 19:43,2024-03-11 20:05
LAB705480,ENC102346,PT13693,BNP,B-Type Natriuretic Peptide,1175,pg/mL,0,100,H,STAT,2024-03-11 19:04,2024-03-11 19:08,2024-03-11 19:31
LAB705481,ENC102347,PT10935,GLU,Glucose,79,mg/dL,70,99,N,STAT,2024-03-11 15:21,2024-03-11 15:37,2024-03-11 16:27
LAB705482,ENC102347,PT10935,CREAT,Creatinine,1.04,mg/dL,0.6,1.3,N,STAT,2024-03-11 15:00,2024-03-11 15:16,2024-03-11 16:10
LAB705483,ENC102347,PT10935,WBC,White Blood Cell Count,8.5,K/uL,4.5,11,N,Routine,2024-03-11 14:56,2024-03-11 15:00,2024-03-11 17:23
LAB705484,ENC102347,PT10935,HGB,Hemoglobin,12.7,g/dL,12,17.5,N,STAT,2024-03-11 15:37,2024-03-11 16:02,2024-03-11 16:28
LAB705485,ENC102347,PT10935,NA,Sodium,139,mmol/L,136,145,N,Routine,2024-03-11 15:20,2024-03-11 15:48,2024-03-11 20:23
LAB705486,ENC102347,PT10935,K,Potassium,4.5,mmol/L,3.5,5.1,N,STAT,2024-03-11 15:23,2024-03-11 15:56,2024-03-11 17:14
LAB705487,ENC102347,PT10935,BUN,Blood Urea Nitrogen,16,mg/dL,7,20,N,STAT,2024-03-11 15:36,2024-03-11 15:43,2024-03-11 16:23
LAB705488,ENC102347,PT10935,PLT,Platelet Count,234,K/uL,150,400,N,STAT,2024-03-11 15:09,2024-03-11 15:36,2024-03-11 16:11
LAB705489,ENC102348,PT13761,TROP,"Troponin I, High Sensitivity",11,ng/L,0,34,N,STAT,2024-03-11 15:46,2024-03-11 16:01,2024-03-11 17:12
LAB705490,ENC102349,PT10418,GLU,Glucose,96,mg/dL,70,99,N,STAT,2024-03-11 15:40,2024-03-11 15:54,2024-03-11 16:52
LAB705491,ENC102349,PT10418,CREAT,Creatinine,0.33,mg/dL,0.6,1.3,L,STAT,2024-03-11 15:36,2024-03-11 16:04,2024-03-11 17:06
LAB705492,ENC102349,PT10418,WBC,White Blood Cell Count,7,K/uL,4.5,11,N,STAT,2024-03-11 15:56,2024-03-11 16:12,2024-03-11 17:20
LAB705493,ENC102349,PT10418,HGB,Hemoglobin,13.8,g/dL,12,17.5,N,STAT,2024-03-11 15:51,2024-03-11 16:25,2024-03-11 16:53
LAB705494,ENC102349,PT10418,NA,Sodium,137,mmol/L,136,145,N,Routine,2024-03-11 16:02,2024-03-11 16:08,2024-03-11 17:38
LAB705495,ENC102349,PT10418,K,Potassium,4.3,mmol/L,3.5,5.1,N,STAT,2024-03-11 15:58,2024-03-11 16:31,2024-03-11 17:10
LAB705496,ENC102350,PT11195,GLU,Glucose,99,mg/dL,70,99,N,STAT,2024-03-11 18:46,2024-03-11 19:12,2024-03-11 19:58
LAB705497,ENC102350,PT11195,CREAT,Creatinine,0.79,mg/dL,0.6,1.3,N,STAT,2024-03-11 19:08,2024-03-11 19:35,2024-03-11 20:26
LAB705498,ENC102350,PT11195,WBC,White Blood Cell Count,5.6,K/uL,4.5,11,N,Routine,2024-03-11 18:34,2024-03-11 18:51,2024-03-11 21:28
LAB705499,ENC102350,PT11195,HGB,Hemoglobin,13.4,g/dL,12,17.5,N,STAT,2024-03-11 19:07,2024-03-11 19:31,2024-03-11 20:36
LAB705500,ENC102350,PT11195,NA,Sodium,140,mmol/L,136,145,N,STAT,2024-03-11 19:39,2024-03-11 20:11,2024-03-11 21:16
LAB705501,ENC102350,PT11195,K,Potassium,4.3,mmol/L,3.5,5.1,N,STAT,2024-03-11 19:05,2024-03-11 19:15,2024-03-11 20:27
LAB705502,ENC102350,PT11195,TROP,"Troponin I, High Sensitivity",11,ng/L,0,34,N,STAT,2024-03-11 19:43,2024-03-11 20:07,2024-03-11 20:39
LAB705503,ENC102352,PT13265,GLU,Glucose,102,mg/dL,70,99,H,Routine,2024-03-11 19:58,2024-03-11 20:33,2024-03-11 22:51
LAB705504,ENC102352,PT13265,CREAT,Creatinine,1,mg/dL,0.6,1.3,N,STAT,2024-03-11 20:50,2024-03-11 21:01,2024-03-11 21:47
LAB705505,ENC102352,PT13265,WBC,White Blood Cell Count,9.8,K/uL,4.5,11,N,Routine,2024-03-11 20:04,2024-03-11 20:39,2024-03-11 23:00
LAB705506,ENC102352,PT13265,HGB,Hemoglobin,15.6,g/dL,12,17.5,N,STAT,2024-03-11 20:12,2024-03-11 20:27,2024-03-11 22:08
LAB705507,ENC102354,PT12863,GLU,Glucose,156,mg/dL,70,99,H,STAT,2024-03-11 20:59,2024-03-11 21:32,2024-03-11 22:44
LAB705508,ENC102354,PT12863,CREAT,Creatinine,1.02,mg/dL,0.6,1.3,N,STAT,2024-03-11 20:42,2024-03-11 20:55,2024-03-11 21:37
LAB705509,ENC102354,PT12863,WBC,White Blood Cell Count,5.4,K/uL,4.5,11,N,Routine,2024-03-11 20:41,2024-03-11 21:04,2024-03-12 01:23
LAB705510,ENC102354,PT12863,HGB,Hemoglobin,12.7,g/dL,12,17.5,N,Routine,2024-03-11 20:17,2024-03-11 20:31,2024-03-12 00:42
LAB705511,ENC102354,PT12863,INR,Prothrombin Time INR,1,ratio,0.8,1.2,N,STAT,2024-03-11 20:04,2024-03-11 20:28,2024-03-11 21:48
LAB705512,ENC102356,PT11600,GLU,Glucose,125,mg/dL,70,99,H,STAT,2024-03-11 20:25,2024-03-11 20:38,2024-03-11 21:34
LAB705513,ENC102356,PT11600,CREAT,Creatinine,0.76,mg/dL,0.6,1.3,N,STAT,2024-03-11 21:22,2024-03-11 21:39,2024-03-11 22:19
LAB705514,ENC102356,PT11600,WBC,White Blood Cell Count,12.3,K/uL,4.5,11,H,STAT,2024-03-11 20:15,2024-03-11 20:33,2024-03-11 21:29
LAB705515,ENC102356,PT11600,HGB,Hemoglobin,11.3,g/dL,12,17.5,L,Routine,2024-03-11 20:55,2024-03-11 21:24,2024-03-11 22:43
LAB705516,ENC102358,PT11966,GLU,Glucose,91,mg/dL,70,99,N,Routine,2024-03-11 23:47,2024-03-12 00:14,2024-03-12 01:47
LAB705517,ENC102358,PT11966,CREAT,Creatinine,1.03,mg/dL,0.6,1.3,N,STAT,2024-03-11 23:54,2024-03-12 00:29,2024-03-12 01:06
LAB705518,ENC102358,PT11966,WBC,White Blood Cell Count,4.5,K/uL,4.5,11,N,STAT,2024-03-12 00:13,2024-03-12 00:38,2024-03-12 01:42
LAB705519,ENC102358,PT11966,HGB,Hemoglobin,11.7,g/dL,12,17.5,L,STAT,2024-03-11 23:40,2024-03-11 23:47,2024-03-12 00:34
LAB705520,ENC102359,PT13276,GLU,Glucose,105,mg/dL,70,99,H,STAT,2024-03-12 04:10,2024-03-12 04:35,2024-03-12 05:08
LAB705521,ENC102359,PT13276,CREAT,Creatinine,0.62,mg/dL,0.6,1.3,N,Routine,2024-03-12 04:43,2024-03-12 05:15,2024-03-12 08:17
LAB705522,ENC102359,PT13276,WBC,White Blood Cell Count,7.8,K/uL,4.5,11,N,STAT,2024-03-12 04:47,2024-03-12 04:58,2024-03-12 05:39
LAB705523,ENC102359,PT13276,HGB,Hemoglobin,15.8,g/dL,12,17.5,N,STAT,2024-03-12 04:21,2024-03-12 04:44,2024-03-12 05:24
LAB705524,ENC102360,PT13024,GLU,Glucose,90,mg/dL,70,99,N,Routine,2024-03-12 00:42,2024-03-12 01:10,2024-03-12 05:02
LAB705525,ENC102360,PT13024,CREAT,Creatinine,0.74,mg/dL,0.6,1.3,N,STAT,2024-03-12 00:44,2024-03-12 00:53,2024-03-12 01:31
LAB705526,ENC102361,PT10205,GLU,Glucose,274,mg/dL,70,99,H,STAT,2024-03-12 01:02,2024-03-12 01:34,2024-03-12 02:18
LAB705527,ENC102361,PT10205,CREAT,Creatinine,1.22,mg/dL,0.6,1.3,N,STAT,2024-03-12 00:55,2024-03-12 01:19,2024-03-12 02:04
LAB705528,ENC102361,PT10205,WBC,White Blood Cell Count,6.2,K/uL,4.5,11,N,STAT,2024-03-12 01:40,2024-03-12 02:00,2024-03-12 03:10
LAB705529,ENC102362,PT10371,GLU,Glucose,92,mg/dL,70,99,N,STAT,2024-03-12 06:58,2024-03-12 07:24,2024-03-12 08:19
LAB705530,ENC102362,PT10371,CREAT,Creatinine,0.52,mg/dL,0.6,1.3,L,STAT,2024-03-12 06:31,2024-03-12 06:41,2024-03-12 07:43
LAB705531,ENC102362,PT10371,WBC,White Blood Cell Count,13.1,K/uL,4.5,11,H,Routine,2024-03-12 07:03,2024-03-12 07:09,2024-03-12 12:24
LAB705532,ENC102362,PT10371,HGB,Hemoglobin,15.3,g/dL,12,17.5,N,STAT,2024-03-12 06:38,2024-03-12 06:57,2024-03-12 07:21
LAB705533,ENC102364,PT10562,GLU,Glucose,106,mg/dL,70,99,H,Routine,2024-03-12 07:59,2024-03-12 08:13,2024-03-12 12:44
LAB705534,ENC102364,PT10562,CREAT,Creatinine,0.69,mg/dL,0.6,1.3,N,STAT,2024-03-12 08:37,2024-03-12 08:50,2024-03-12 09:46
LAB705535,ENC102364,PT10562,WBC,White Blood Cell Count,6.9,K/uL,4.5,11,N,Routine,2024-03-12 07:42,2024-03-12 08:15,2024-03-12 10:47
LAB705536,ENC102364,PT10562,HGB,Hemoglobin,11.5,g/dL,12,17.5,L,Routine,2024-03-12 08:06,2024-03-12 08:21,2024-03-12 09:42
LAB705537,ENC102365,PT13990,LDL,LDL Cholesterol,78,mg/dL,0,99,N,Routine,2024-03-12 08:20,2024-03-12 08:29,2024-03-13 04:59
LAB705538,ENC102365,PT13990,TSH,Thyroid Stimulating Hormone,1.2,mIU/L,0.4,4,N,Routine,2024-03-12 08:30,2024-03-12 08:43,2024-03-13 13:46
LAB705539,ENC102366,PT13728,WBC,White Blood Cell Count,7.5,K/uL,4.5,11,N,Routine,2024-03-12 08:52,2024-03-12 09:00,2024-03-12 13:38
LAB705540,ENC102366,PT13728,HGB,Hemoglobin,14.5,g/dL,12,17.5,N,Routine,2024-03-12 09:01,2024-03-12 09:24,2024-03-12 10:32
LAB705541,ENC102366,PT13728,PLT,Platelet Count,218,K/uL,150,400,N,Routine,2024-03-12 09:02,2024-03-12 09:11,2024-03-12 16:56
LAB705542,ENC102367,PT10766,GLU,Glucose,116,mg/dL,70,99,H,Routine,2024-03-12 11:57,2024-03-12 12:18,2024-03-12 13:49
LAB705543,ENC102367,PT10766,CREAT,Creatinine,1.31,mg/dL,0.6,1.3,H,STAT,2024-03-12 12:16,2024-03-12 12:27,2024-03-12 12:52
LAB705544,ENC102367,PT10766,WBC,White Blood Cell Count,9.3,K/uL,4.5,11,N,STAT,2024-03-12 12:15,2024-03-12 12:24,2024-03-12 13:04
LAB705545,ENC102367,PT10766,HGB,Hemoglobin,9.9,g/dL,12,17.5,L,Routine,2024-03-12 12:13,2024-03-12 12:25,2024-03-12 13:34
LAB705546,ENC102367,PT10766,BUN,Blood Urea Nitrogen,13,mg/dL,7,20,N,Routine,2024-03-12 11:59,2024-03-12 12:07,2024-03-12 15:34
LAB705547,ENC102367,PT10766,PLT,Platelet Count,218,K/uL,150,400,N,Routine,2024-03-12 12:56,2024-03-12 13:23,2024-03-12 15:18
LAB705548,ENC102369,PT10914,LDL,LDL Cholesterol,105,mg/dL,0,99,H,Routine,2024-03-12 09:22,2024-03-12 09:52,2024-03-12 18:28
LAB705549,ENC102369,PT10914,A1C,Hemoglobin A1c,8,%,4,5.6,H,Routine,2024-03-12 09:25,2024-03-12 09:40,2024-03-13 07:46
LAB705550,ENC102370,PT11486,LDL,LDL Cholesterol,108,mg/dL,0,99,H,Routine,2024-03-12 09:43,2024-03-12 10:14,2024-03-13 02:21
LAB705551,ENC102376,PT12312,LDL,LDL Cholesterol,183,mg/dL,0,99,H,Routine,2024-03-12 13:09,2024-03-12 13:42,2024-03-14 15:42
LAB705552,ENC102376,PT12312,A1C,Hemoglobin A1c,6.1,%,4,5.6,H,Routine,2024-03-12 13:18,2024-03-12 13:30,2024-03-12 22:55
LAB705553,ENC102380,PT10846,GLU,Glucose,179,mg/dL,70,99,H,STAT,2024-03-12 14:15,2024-03-12 14:28,2024-03-12 15:32
LAB705554,ENC102380,PT10846,CREAT,Creatinine,1.17,mg/dL,0.6,1.3,N,STAT,2024-03-12 13:56,2024-03-12 14:16,2024-03-12 15:15
LAB705555,ENC102380,PT10846,WBC,White Blood Cell Count,11.3,K/uL,4.5,11,H,STAT,2024-03-12 14:44,2024-03-12 15:04,2024-03-12 16:11
LAB705556,ENC102380,PT10846,HGB,Hemoglobin,14,g/dL,12,17.5,N,STAT,2024-03-12 14:06,2024-03-12 14:15,2024-03-12 15:21
LAB705557,ENC102380,PT10846,LACT,Lactate,6.3,mmol/L,0.5,2,HH,STAT,2024-03-12 14:40,2024-03-12 15:05,2024-03-12 15:46
LAB705558,ENC102383,PT12124,GLU,Glucose,93,mg/dL,70,99,N,STAT,2024-03-12 15:14,2024-03-12 15:47,2024-03-12 16:16
LAB705559,ENC102383,PT12124,CREAT,Creatinine,1,mg/dL,0.6,1.3,N,STAT,2024-03-12 15:24,2024-03-12 15:42,2024-03-12 16:16
LAB705560,ENC102383,PT12124,TROP,"Troponin I, High Sensitivity",7,ng/L,0,34,N,STAT,2024-03-12 15:47,2024-03-12 16:06,2024-03-12 16:50
LAB705561,ENC102387,PT10504,GLU,Glucose,89,mg/dL,70,99,N,Routine,2024-03-12 19:42,2024-03-12 20:03,2024-03-13 00:25
LAB705562,ENC102387,PT10504,CREAT,Creatinine,1.49,mg/dL,0.6,1.3,H,STAT,2024-03-12 19:35,2024-03-12 20:07,2024-03-12 20:35
LAB705563,ENC102387,PT10504,WBC,White Blood Cell Count,9.4,K/uL,4.5,11,N,STAT,2024-03-12 19:27,2024-03-12 20:00,2024-03-12 20:42
LAB705564,ENC102387,PT10504,HGB,Hemoglobin,15.4,g/dL,12,17.5,N,Routine,2024-03-12 19:55,2024-03-12 20:11,2024-03-13 02:24
LAB705565,ENC102388,PT10584,GLU,Glucose,114,mg/dL,70,99,H,Routine,2024-03-12 20:57,2024-03-12 21:09,2024-03-12 22:42
LAB705566,ENC102388,PT10584,CREAT,Creatinine,0.88,mg/dL,0.6,1.3,N,Routine,2024-03-12 21:18,2024-03-12 21:36,2024-03-12 22:55
LAB705567,ENC102388,PT10584,WBC,White Blood Cell Count,7.4,K/uL,4.5,11,N,STAT,2024-03-12 21:23,2024-03-12 21:30,2024-03-12 22:26
LAB705568,ENC102388,PT10584,HGB,Hemoglobin,13.4,g/dL,12,17.5,N,STAT,2024-03-12 21:21,2024-03-12 21:36,2024-03-12 22:02
LAB705569,ENC102389,PT13918,GLU,Glucose,221,mg/dL,70,99,H,STAT,2024-03-12 22:59,2024-03-12 23:26,2024-03-13 00:30
LAB705570,ENC102389,PT13918,CREAT,Creatinine,0.95,mg/dL,0.6,1.3,N,Routine,2024-03-12 22:16,2024-03-12 22:44,2024-03-13 00:54
LAB705571,ENC102389,PT13918,WBC,White Blood Cell Count,11.3,K/uL,4.5,11,H,STAT,2024-03-12 22:43,2024-03-12 23:08,2024-03-12 23:39
LAB705572,ENC102389,PT13918,HGB,Hemoglobin,13.9,g/dL,12,17.5,N,STAT,2024-03-12 22:44,2024-03-12 23:04,2024-03-12 23:49
LAB705573,ENC102391,PT13844,TROP,"Troponin I, High Sensitivity",1,ng/L,0,34,N,STAT,2024-03-12 19:59,2024-03-12 20:28,2024-03-12 21:28
LAB705574,ENC102394,PT12372,GLU,Glucose,82,mg/dL,70,99,N,Routine,2024-03-13 01:46,2024-03-13 01:56,2024-03-13 03:27
LAB705575,ENC102394,PT12372,CREAT,Creatinine,1.08,mg/dL,0.6,1.3,N,STAT,2024-03-13 01:59,2024-03-13 02:14,2024-03-13 02:48
LAB705576,ENC102394,PT12372,WBC,White Blood Cell Count,8.8,K/uL,4.5,11,N,STAT,2024-03-13 02:04,2024-03-13 02:16,2024-03-13 02:50
LAB705577,ENC102394,PT12372,HGB,Hemoglobin,13.9,g/dL,12,17.5,N,Routine,2024-03-13 01:17,2024-03-13 01:30,2024-03-13 02:37
LAB705578,ENC102397,PT10159,GLU,Glucose,108,mg/dL,70,99,H,STAT,2024-03-13 06:51,2024-03-13 07:20,2024-03-13 07:53
LAB705579,ENC102397,PT10159,CREAT,Creatinine,0.58,mg/dL,0.6,1.3,L,STAT,2024-03-13 05:54,2024-03-13 06:29,2024-03-13 08:12
LAB705580,ENC102397,PT10159,WBC,White Blood Cell Count,7.6,K/uL,4.5,11,N,STAT,2024-03-13 05:50,2024-03-13 06:22,2024-03-13 06:55
LAB705581,ENC102397,PT10159,HGB,Hemoglobin,15,g/dL,12,17.5,N,Routine,2024-03-13 06:46,2024-03-13 07:06,2024-03-13 08:56
LAB705582,ENC102397,PT10159,NA,Sodium,141,mmol/L,136,145,N,STAT,2024-03-13 06:46,2024-03-13 06:50,2024-03-13 07:12
LAB705583,ENC102397,PT10159,K,Potassium,4.2,mmol/L,3.5,5.1,N,STAT,2024-03-13 06:07,2024-03-13 06:35,2024-03-13 06:57
LAB705584,ENC102397,PT10159,BUN,Blood Urea Nitrogen,14,mg/dL,7,20,N,Routine,2024-03-13 06:55,2024-03-13 07:02,2024-03-13 13:26
LAB705585,ENC102397,PT10159,PLT,Platelet Count,197,K/uL,150,400,N,STAT,2024-03-13 06:14,2024-03-13 06:45,2024-03-13 07:35
LAB705586,ENC102399,PT13741,GLU,Glucose,119,mg/dL,70,99,H,STAT,2024-03-13 05:14,2024-03-13 05:47,2024-03-13 06:26
LAB705587,ENC102399,PT13741,CREAT,Creatinine,0.74,mg/dL,0.6,1.3,N,STAT,2024-03-13 05:23,2024-03-13 05:50,2024-03-13 06:22
LAB705588,ENC102399,PT13741,WBC,White Blood Cell Count,3.9,K/uL,4.5,11,L,STAT,2024-03-13 04:56,2024-03-13 05:18,2024-03-13 05:53
LAB705589,ENC102399,PT13741,HGB,Hemoglobin,11.3,g/dL,12,17.5,L,Routine,2024-03-13 05:10,2024-03-13 05:33,2024-03-13 09:57
LAB705590,ENC102399,PT13741,NA,Sodium,140,mmol/L,136,145,N,Routine,2024-03-13 05:28,2024-03-13 05:45,2024-03-13 07:57
LAB705591,ENC102399,PT13741,K,Potassium,3.9,mmol/L,3.5,5.1,N,STAT,2024-03-13 04:58,2024-03-13 05:03,2024-03-13 05:34
LAB705592,ENC102399,PT13741,INR,Prothrombin Time INR,2.2,ratio,0.8,1.2,H,STAT,2024-03-13 05:06,2024-03-13 05:39,2024-03-13 06:33
LAB705593,ENC102400,PT11537,GLU,Glucose,98,mg/dL,70,99,N,STAT,2024-03-13 07:29,2024-03-13 08:01,2024-03-13 08:43
LAB705594,ENC102400,PT11537,CREAT,Creatinine,0.86,mg/dL,0.6,1.3,N,STAT,2024-03-13 07:21,2024-03-13 07:45,2024-03-13 08:13
LAB705595,ENC102400,PT11537,WBC,White Blood Cell Count,9.6,K/uL,4.5,11,N,Routine,2024-03-13 07:46,2024-03-13 08:19,2024-03-13 12:05
LAB705596,ENC102400,PT11537,HGB,Hemoglobin,13,g/dL,12,17.5,N,STAT,2024-03-13 06:51,2024-03-13 07:22,2024-03-13 08:11
LAB705597,ENC102401,PT10337,GLU,Glucose,118,mg/dL,70,99,H,STAT,2024-03-13 07:32,2024-03-13 07:58,2024-03-13 09:02
LAB705598,ENC102401,PT10337,CREAT,Creatinine,0.77,mg/dL,0.6,1.3,N,Routine,2024-03-13 07:38,2024-03-13 08:08,2024-03-13 10:32
LAB705599,ENC102401,PT10337,WBC,White Blood Cell Count,7.6,K/uL,4.5,11,N,STAT,2024-03-13 07:05,2024-03-13 07:24,2024-03-13 08:05
LAB705600,ENC102401,PT10337,HGB,Hemoglobin,15.5,g/dL,12,17.5,N,STAT,2024-03-13 07:10,2024-03-13 07:33,2024-03-13 08:17
LAB705601,ENC102401,PT10337,NA,Sodium,140,mmol/L,136,145,N,STAT,2024-03-13 06:58,2024-03-13 07:02,2024-03-13 07:58
LAB705602,ENC102401,PT10337,K,Potassium,3.8,mmol/L,3.5,5.1,N,STAT,2024-03-13 07:26,2024-03-13 07:37,2024-03-13 08:27
LAB705603,ENC102405,PT11021,GLU,Glucose,128,mg/dL,70,99,H,STAT,2024-03-13 09:44,2024-03-13 10:15,2024-03-13 11:17
LAB705604,ENC102405,PT11021,CREAT,Creatinine,1.12,mg/dL,0.6,1.3,N,Routine,2024-03-13 09:40,2024-03-13 09:47,2024-03-13 13:54
LAB705605,ENC102406,PT12745,A1C,Hemoglobin A1c,6.2,%,4,5.6,H,Routine,2024-03-13 09:44,2024-03-13 09:54,2024-03-14 06:13
LAB705606,ENC102406,PT12745,GLU,Glucose,161,mg/dL,70,99,H,Routine,2024-03-13 09:41,2024-03-13 09:58,2024-03-13 14:13
LAB705607,ENC102406,PT12745,CREAT,Creatinine,0.86,mg/dL,0.6,1.3,N,Routine,2024-03-13 10:00,2024-03-13 10:34,2024-03-13 13:24
LAB705608,ENC102408,PT10185,WBC,White Blood Cell Count,8.4,K/uL,4.5,11,N,Routine,2024-03-13 10:43,2024-03-13 10:49,2024-03-13 12:36
LAB705609,ENC102408,PT10185,HGB,Hemoglobin,13.6,g/dL,12,17.5,N,Routine,2024-03-13 10:45,2024-03-13 10:52,2024-03-13 19:05
LAB705610,ENC102408,PT10185,PLT,Platelet Count,267,K/uL,150,400,N,Routine,2024-03-13 10:54,2024-03-13 11:20,2024-03-13 14:23
LAB705611,ENC102409,PT12784,GLU,Glucose,264,mg/dL,70,99,H,Routine,2024-03-13 13:41,2024-03-13 14:00,2024-03-13 16:24
LAB705612,ENC102409,PT12784,CREAT,Creatinine,0.94,mg/dL,0.6,1.3,N,STAT,2024-03-13 14:04,2024-03-13 14:36,2024-03-13 15:30
LAB705613,ENC102409,PT12784,WBC,White Blood Cell Count,6.2,K/uL,4.5,11,N,STAT,2024-03-13 13:47,2024-03-13 13:59,2024-03-13 14:44
LAB705614,ENC102409,PT12784,HGB,Hemoglobin,14,g/dL,12,17.5,N,Routine,2024-03-13 13:49,2024-03-13 14:11,2024-03-13 16:39
LAB705615,ENC102409,PT12784,NA,Sodium,139,mmol/L,136,145,N,Routine,2024-03-13 13:20,2024-03-13 13:36,2024-03-13 15:22
LAB705616,ENC102409,PT12784,K,Potassium,3.7,mmol/L,3.5,5.1,N,STAT,2024-03-13 13:56,2024-03-13 14:05,2024-03-13 14:26
LAB705617,ENC102409,PT12784,TROP,"Troponin I, High Sensitivity",4660,ng/L,0,34,H,STAT,2024-03-13 13:26,2024-03-13 13:48,2024-03-13 14:15
LAB705618,ENC102410,PT13311,GLU,Glucose,129,mg/dL,70,99,H,STAT,2024-03-13 15:44,2024-03-13 15:54,2024-03-13 16:28
LAB705619,ENC102410,PT13311,CREAT,Creatinine,0.75,mg/dL,0.6,1.3,N,STAT,2024-03-13 15:45,2024-03-13 16:02,2024-03-13 17:17
LAB705620,ENC102410,PT13311,WBC,White Blood Cell Count,6,K/uL,4.5,11,N,STAT,2024-03-13 15:06,2024-03-13 15:37,2024-03-13 16:46
LAB705621,ENC102410,PT13311,HGB,Hemoglobin,15.3,g/dL,12,17.5,N,STAT,2024-03-13 15:13,2024-03-13 15:22,2024-03-13 15:49
LAB705622,ENC102410,PT13311,TROP,"Troponin I, High Sensitivity",4,ng/L,0,34,N,STAT,2024-03-13 15:01,2024-03-13 15:19,2024-03-13 15:52
LAB705623,ENC102415,PT12930,GLU,Glucose,120,mg/dL,70,99,H,STAT,2024-03-13 16:39,2024-03-13 16:56,2024-03-13 17:17
LAB705624,ENC102415,PT12930,CREAT,Creatinine,1.48,mg/dL,0.6,1.3,H,Routine,2024-03-13 16:59,2024-03-13 17:34,2024-03-13 19:46
LAB705625,ENC102415,PT12930,WBC,White Blood Cell Count,11.7,K/uL,4.5,11,H,STAT,2024-03-13 17:17,2024-03-13 17:28,2024-03-13 18:10
LAB705626,ENC102415,PT12930,HGB,Hemoglobin,14,g/dL,12,17.5,N,Routine,2024-03-13 16:31,2024-03-13 16:49,2024-03-13 20:14
LAB705627,ENC102415,PT12930,NA,Sodium,140,mmol/L,136,145,N,Routine,2024-03-13 16:36,2024-03-13 16:57,2024-03-13 19:11
LAB705628,ENC102415,PT12930,K,Potassium,4.7,mmol/L,3.5,5.1,N,STAT,2024-03-13 16:26,2024-03-13 16:57,2024-03-13 17:44
LAB705629,ENC102415,PT12930,LACT,Lactate,2.5,mmol/L,0.5,2,H,STAT,2024-03-13 16:47,2024-03-13 16:51,2024-03-13 17:24
LAB705630,ENC102417,PT13476,LDL,LDL Cholesterol,103,mg/dL,0,99,H,Routine,2024-03-13 12:52,2024-03-13 13:25,2024-03-14 00:49
LAB705631,ENC102417,PT13476,A1C,Hemoglobin A1c,7.7,%,4,5.6,H,Routine,2024-03-13 13:08,2024-03-13 13:28,2024-03-14 05:29
LAB705632,ENC102417,PT13476,TSH,Thyroid Stimulating Hormone,1.2,mIU/L,0.4,4,N,Routine,2024-03-13 12:50,2024-03-13 12:57,2024-03-14 00:05
LAB705633,ENC102418,PT10853,GLU,Glucose,86,mg/dL,70,99,N,STAT,2024-03-13 13:06,2024-03-13 13:36,2024-03-13 14:08
LAB705634,ENC102418,PT10853,CREAT,Creatinine,1.04,mg/dL,0.6,1.3,N,STAT,2024-03-13 13:53,2024-03-13 14:07,2024-03-13 14:58
LAB705635,ENC102418,PT10853,WBC,White Blood Cell Count,9.2,K/uL,4.5,11,N,STAT,2024-03-13 13:02,2024-03-13 13:12,2024-03-13 14:33
LAB705636,ENC102418,PT10853,HGB,Hemoglobin,15,g/dL,12,17.5,N,Routine,2024-03-13 12:57,2024-03-13 13:17,2024-03-13 17:23
LAB705637,ENC102418,PT10853,NA,Sodium,138,mmol/L,136,145,N,STAT,2024-03-13 13:50,2024-03-13 14:19,2024-03-13 16:03
LAB705638,ENC102418,PT10853,K,Potassium,3.2,mmol/L,3.5,5.1,L,STAT,2024-03-13 13:19,2024-03-13 13:28,2024-03-13 14:33
LAB705639,ENC102421,PT12086,WBC,White Blood Cell Count,8.2,K/uL,4.5,11,N,Routine,2024-03-13 13:56,2024-03-13 14:25,2024-03-13 17:25
LAB705640,ENC102421,PT12086,HGB,Hemoglobin,12.3,g/dL,12,17.5,N,Routine,2024-03-13 14:02,2024-03-13 14:22,2024-03-13 17:47
LAB705641,ENC102421,PT12086,PLT,Platelet Count,255,K/uL,150,400,N,Routine,2024-03-13 14:08,2024-03-13 14:23,2024-03-13 16:30
LAB705642,ENC102422,PT13277,WBC,White Blood Cell Count,8.1,K/uL,4.5,11,N,Routine,2024-03-13 14:05,2024-03-13 14:32,2024-03-13 17:48
LAB705643,ENC102422,PT13277,HGB,Hemoglobin,15.3,g/dL,12,17.5,N,Routine,2024-03-13 14:27,2024-03-13 14:40,2024-03-13 17:06
LAB705644,ENC102422,PT13277,PLT,Platelet Count,335,K/uL,150,400,N,Routine,2024-03-13 14:12,2024-03-13 14:21,2024-03-13 16:08
LAB705645,ENC102424,PT13902,GLU,Glucose,128,mg/dL,70,99,H,Routine,2024-03-13 19:53,2024-03-13 20:23,2024-03-14 00:00
LAB705646,ENC102424,PT13902,CREAT,Creatinine,0.85,mg/dL,0.6,1.3,N,STAT,2024-03-13 19:27,2024-03-13 19:39,2024-03-13 20:16
LAB705647,ENC102424,PT13902,WBC,White Blood Cell Count,7.7,K/uL,4.5,11,N,STAT,2024-03-13 19:07,2024-03-13 19:24,2024-03-13 19:59
LAB705648,ENC102424,PT13902,HGB,Hemoglobin,15.2,g/dL,12,17.5,N,STAT,2024-03-13 19:48,2024-03-13 20:12,2024-03-13 20:58
LAB705649,ENC102424,PT13902,NA,Sodium,138,mmol/L,136,145,N,STAT,2024-03-13 19:31,2024-03-13 19:50,2024-03-13 21:46
LAB705650,ENC102424,PT13902,K,Potassium,4,mmol/L,3.5,5.1,N,STAT,2024-03-13 19:21,2024-03-13 19:46,2024-03-13 21:02
LAB705651,ENC102425,PT10267,LDL,LDL Cholesterol,120,mg/dL,0,99,H,Routine,2024-03-13 15:52,2024-03-13 15:58,2024-03-14 00:57
LAB705652,ENC102425,PT10267,A1C,Hemoglobin A1c,5.9,%,4,5.6,H,Routine,2024-03-13 15:40,2024-03-13 16:09,2024-03-14 03:52
LAB705653,ENC102425,PT10267,TSH,Thyroid Stimulating Hormone,2.72,mIU/L,0.4,4,N,Routine,2024-03-13 15:58,2024-03-13 16:08,2024-03-14 03:27
LAB705654,ENC102427,PT12993,A1C,Hemoglobin A1c,9.3,%,4,5.6,H,Routine,2024-03-13 16:04,2024-03-13 16:10,2024-03-14 09:22
LAB705655,ENC102427,PT12993,GLU,Glucose,450,mg/dL,70,99,H,Routine,2024-03-13 15:53,2024-03-13 16:14,2024-03-13 21:08
LAB705656,ENC102427,PT12993,CREAT,Creatinine,1.11,mg/dL,0.6,1.3,N,Routine,2024-03-13 15:55,2024-03-13 16:29,2024-03-13 18:22
LAB705657,ENC102430,PT13613,GLU,Glucose,88,mg/dL,70,99,N,Routine,2024-03-13 20:31,2024-03-13 20:38,2024-03-13 23:54
LAB705658,ENC102430,PT13613,CREAT,Creatinine,0.83,mg/dL,0.6,1.3,N,Routine,2024-03-13 20:56,2024-03-13 21:30,2024-03-13 22:16
LAB705659,ENC102430,PT13613,WBC,White Blood Cell Count,7.8,K/uL,4.5,11,N,STAT,2024-03-13 20:14,2024-03-13 20:25,2024-03-13 21:13
LAB705660,ENC102430,PT13613,HGB,Hemoglobin,15.7,g/dL,12,17.5,N,STAT,2024-03-13 20:56,2024-03-13 21:15,2024-03-13 22:00
LAB705661,ENC102430,PT13613,NA,Sodium,137,mmol/L,136,145,N,STAT,2024-03-13 20:52,2024-03-13 21:09,2024-03-13 21:47
LAB705662,ENC102430,PT13613,K,Potassium,4.6,mmol/L,3.5,5.1,N,STAT,2024-03-13 20:19,2024-03-13 20:45,2024-03-13 21:41
LAB705663,ENC102431,PT12808,GLU,Glucose,73,mg/dL,70,99,N,STAT,2024-03-14 00:57,2024-03-14 01:17,2024-03-14 01:55
LAB705664,ENC102431,PT12808,CREAT,Creatinine,1.5,mg/dL,0.6,1.3,H,STAT,2024-03-14 00:20,2024-03-14 00:46,2024-03-14 01:47
LAB705665,ENC102431,PT12808,WBC,White Blood Cell Count,10,K/uL,4.5,11,N,STAT,2024-03-14 01:02,2024-03-14 01:12,2024-03-14 02:09
LAB705666,ENC102431,PT12808,HGB,Hemoglobin,10.4,g/dL,12,17.5,L,Routine,2024-03-14 00:26,2024-03-14 00:44,2024-03-14 03:36
LAB705667,ENC102432,PT11576,GLU,Glucose,83,mg/dL,70,99,N,Routine,2024-03-13 20:26,2024-03-13 21:01,2024-03-14 00:38
LAB705668,ENC102432,PT11576,CREAT,Creatinine,0.88,mg/dL,0.6,1.3,N,Routine,2024-03-13 21:20,2024-03-13 21:53,2024-03-14 03:16
LAB705669,ENC102432,PT11576,WBC,White Blood Cell Count,8.7,K/uL,4.5,11,N,Routine,2024-03-13 20:51,2024-03-13 20:56,2024-03-14 00:05
LAB705670,ENC102432,PT11576,HGB,Hemoglobin,12.6,g/dL,12,17.5,N,Routine,2024-03-13 20:48,2024-03-13 20:57,2024-03-14 00:53
LAB705671,ENC102434,PT10811,GLU,Glucose,111,mg/dL,70,99,H,Routine,2024-03-14 01:18,2024-03-14 01:23,2024-03-14 02:54
LAB705672,ENC102434,PT10811,CREAT,Creatinine,0.93,mg/dL,0.6,1.3,N,STAT,2024-03-14 01:06,2024-03-14 01:32,2024-03-14 05:06
LAB705673,ENC102434,PT10811,WBC,White Blood Cell Count,7.7,K/uL,4.5,11,N,STAT,2024-03-14 01:04,2024-03-14 01:35,2024-03-14 02:20
LAB705674,ENC102434,PT10811,HGB,Hemoglobin,13.7,g/dL,12,17.5,N,Routine,2024-03-14 01:39,2024-03-14 02:03,2024-03-14 06:27
LAB705675,ENC102434,PT10811,NA,Sodium,143,mmol/L,136,145,N,Routine,2024-03-14 00:56,2024-03-14 01:26,2024-03-14 03:15
LAB705676,ENC102434,PT10811,K,Potassium,3.9,mmol/L,3.5,5.1,N,STAT,2024-03-14 01:56,2024-03-14 02:05,2024-03-14 03:01
LAB705677,ENC102434,PT10811,INR,Prothrombin Time INR,0.9,ratio,0.8,1.2,N,STAT,2024-03-14 01:31,2024-03-14 01:42,2024-03-14 02:15
LAB705678,ENC102435,PT10485,GLU,Glucose,92,mg/dL,70,99,N,STAT,2024-03-13 23:07,2024-03-13 23:27,2024-03-14 00:05
LAB705679,ENC102435,PT10485,CREAT,Creatinine,1.12,mg/dL,0.6,1.3,N,STAT,2024-03-13 23:24,2024-03-13 23:30,2024-03-14 00:38
LAB705680,ENC102435,PT10485,WBC,White Blood Cell Count,4,K/uL,4.5,11,L,STAT,2024-03-13 23:12,2024-03-13 23:29,2024-03-14 00:17
LAB705681,ENC102435,PT10485,HGB,Hemoglobin,13.8,g/dL,12,17.5,N,Routine,2024-03-13 23:01,2024-03-13 23:23,2024-03-14 02:43
LAB705682,ENC102435,PT10485,NA,Sodium,141,mmol/L,136,145,N,Routine,2024-03-13 23:03,2024-03-13 23:12,2024-03-14 01:11
LAB705683,ENC102435,PT10485,K,Potassium,4,mmol/L,3.5,5.1,N,STAT,2024-03-13 22:25,2024-03-13 22:31,2024-03-13 23:07
LAB705684,ENC102436,PT10456,GLU,Glucose,100,mg/dL,70,99,H,STAT,2024-03-14 03:50,2024-03-14 04:15,2024-03-14 05:07
LAB705685,ENC102436,PT10456,CREAT,Creatinine,0.53,mg/dL,0.6,1.3,L,Routine,2024-03-14 04:14,2024-03-14 04:35,2024-03-14 11:06
LAB705686,ENC102436,PT10456,WBC,White Blood Cell Count,8.9,K/uL,4.5,11,N,STAT,2024-03-14 04:00,2024-03-14 04:10,2024-03-14 04:54
LAB705687,ENC102436,PT10456,HGB,Hemoglobin,14.3,g/dL,12,17.5,N,STAT,2024-03-14 03:20,2024-03-14 03:48,2024-03-14 05:40
LAB705688,ENC102436,PT10456,BUN,Blood Urea Nitrogen,11,mg/dL,7,20,N,Routine,2024-03-14 03:08,2024-03-14 03:26,2024-03-14 07:35
LAB705689,ENC102436,PT10456,PLT,Platelet Count,245,K/uL,150,400,N,Routine,2024-03-14 03:49,2024-03-14 04:15,2024-03-14 06:15
LAB705690,ENC102436,PT10456,TROP,"Troponin I, High Sensitivity",258,ng/L,0,34,H,STAT,2024-03-14 04:02,2024-03-14 04:23,2024-03-14 04:54
LAB705691,ENC102438,PT11572,GLU,Glucose,91,mg/dL,70,99,N,Routine,2024-03-14 06:52,2024-03-14 07:15,2024-03-14 09:21
LAB705692,ENC102438,PT11572,CREAT,Creatinine,0.92,mg/dL,0.6,1.3,N,STAT,2024-03-14 06:45,2024-03-14 07:17,2024-03-14 07:36
LAB705693,ENC102438,PT11572,WBC,White Blood Cell Count,8.3,K/uL,4.5,11,N,Routine,2024-03-14 06:34,2024-03-14 06:48,2024-03-14 09:24
LAB705694,ENC102438,PT11572,HGB,Hemoglobin,13.6,g/dL,12,17.5,N,STAT,2024-03-14 06:25,2024-03-14 06:35,2024-03-14 07:30
LAB705695,ENC102439,PT13721,GLU,Glucose,93,mg/dL,70,99,N,STAT,2024-03-14 08:13,2024-03-14 08:29,2024-03-14 09:00
LAB705696,ENC102439,PT13721,CREAT,Creatinine,0.86,mg/dL,0.6,1.3,N,Routine,2024-03-14 08:13,2024-03-14 08:39,2024-03-14 10:24
LAB705697,ENC102439,PT13721,WBC,White Blood Cell Count,6.7,K/uL,4.5,11,N,STAT,2024-03-14 07:49,2024-03-14 08:06,2024-03-14 08:45
LAB705698,ENC102439,PT13721,HGB,Hemoglobin,15.3,g/dL,12,17.5,N,STAT,2024-03-14 07:41,2024-03-14 07:47,2024-03-14 08:10
LAB705699,ENC102441,PT11852,LDL,LDL Cholesterol,131,mg/dL,0,99,H,Routine,2024-03-14 08:26,2024-03-14 09:00,2024-03-16 07:53
LAB705700,ENC102441,PT11852,TSH,Thyroid Stimulating Hormone,0.37,mIU/L,0.4,4,L,Routine,2024-03-14 08:20,2024-03-14 08:45,2024-03-14 22:07
LAB705701,ENC102442,PT11612,A1C,Hemoglobin A1c,5.4,%,4,5.6,N,Routine,2024-03-14 09:50,2024-03-14 09:54,2024-03-15 10:31
LAB705702,ENC102443,PT13347,WBC,White Blood Cell Count,5.9,K/uL,4.5,11,N,Routine,2024-03-14 10:27,2024-03-14 10:39,2024-03-14 12:54
LAB705703,ENC102443,PT13347,HGB,Hemoglobin,12.8,g/dL,12,17.5,N,Routine,2024-03-14 10:17,2024-03-14 10:35,2024-03-14 12:56
LAB705704,ENC102443,PT13347,PLT,Platelet Count,198,K/uL,150,400,N,Routine,2024-03-14 10:17,2024-03-14 10:21,2024-03-14 15:18
LAB705705,ENC102444,PT10323,GLU,Glucose,95,mg/dL,70,99,N,STAT,2024-03-14 10:36,2024-03-14 10:46,2024-03-14 11:53
LAB705706,ENC102444,PT10323,CREAT,Creatinine,0.56,mg/dL,0.6,1.3,L,STAT,2024-03-14 10:49,2024-03-14 11:09,2024-03-14 11:53
LAB705707,ENC102444,PT10323,WBC,White Blood Cell Count,17.3,K/uL,4.5,11,H,STAT,2024-03-14 11:04,2024-03-14 11:14,2024-03-14 11:54
LAB705708,ENC102445,PT10686,LDL,LDL Cholesterol,206,mg/dL,0,99,H,Routine,2024-03-14 10:52,2024-03-14 11:18,2024-03-14 22:06
LAB705709,ENC102446,PT13732,WBC,White Blood Cell Count,6.6,K/uL,4.5,11,N,Routine,2024-03-14 11:20,2024-03-14 11:54,2024-03-14 13:02
LAB705710,ENC102446,PT13732,HGB,Hemoglobin,15.3,g/dL,12,17.5,N,Routine,2024-03-14 11:18,2024-03-14 11:46,2024-03-14 15:21
LAB705711,ENC102446,PT13732,PLT,Platelet Count,261,K/uL,150,400,N,Routine,2024-03-14 11:21,2024-03-14 11:50,2024-03-14 13:55
LAB705712,ENC102448,PT12599,GLU,Glucose,109,mg/dL,70,99,H,STAT,2024-03-14 17:17,2024-03-14 17:37,2024-03-14 18:50
LAB705713,ENC102448,PT12599,CREAT,Creatinine,1.3,mg/dL,0.6,1.3,N,STAT,2024-03-14 17:29,2024-03-14 17:50,2024-03-14 18:28
LAB705714,ENC102448,PT12599,WBC,White Blood Cell Count,11.2,K/uL,4.5,11,H,Routine,2024-03-14 17:01,2024-03-14 17:16,2024-03-14 19:28
LAB705715,ENC102448,PT12599,HGB,Hemoglobin,17.3,g/dL,12,17.5,N,STAT,2024-03-14 16:48,2024-03-14 17:08,2024-03-14 18:03
LAB705716,ENC102448,PT12599,NA,Sodium,142,mmol/L,136,145,N,Routine,2024-03-14 17:41,2024-03-14 18:01,2024-03-14 19:51
LAB705717,ENC102448,PT12599,K,Potassium,4.7,mmol/L,3.5,5.1,N,STAT,2024-03-14 17:34,2024-03-14 18:01,2024-03-14 18:24
LAB705718,ENC102451,PT11532,GLU,Glucose,122,mg/dL,70,99,H,STAT,2024-03-14 16:20,2024-03-14 16:41,2024-03-14 17:29
LAB705719,ENC102451,PT11532,CREAT,Creatinine,1.39,mg/dL,0.6,1.3,H,Routine,2024-03-14 16:42,2024-03-14 17:01,2024-03-14 20:08
LAB705720,ENC102451,PT11532,WBC,White Blood Cell Count,5.9,K/uL,4.5,11,N,Routine,2024-03-14 15:54,2024-03-14 16:06,2024-03-14 18:32
LAB705721,ENC102451,PT11532,HGB,Hemoglobin,14.3,g/dL,12,17.5,N,STAT,2024-03-14 16:40,2024-03-14 17:11,2024-03-14 18:05
LAB705722,ENC102451,PT11532,TROP,"Troponin I, High Sensitivity",33,ng/L,0,34,N,STAT,2024-03-14 16:22,2024-03-14 16:44,2024-03-14 17:16
LAB705723,ENC102451,PT11532,BNP,B-Type Natriuretic Peptide,867,pg/mL,0,100,H,Routine,2024-03-14 15:55,2024-03-14 16:23,2024-03-14 21:48
LAB705724,ENC102453,PT13508,WBC,White Blood Cell Count,6.7,K/uL,4.5,11,N,Routine,2024-03-14 13:39,2024-03-14 13:56,2024-03-14 17:34
LAB705725,ENC102453,PT13508,HGB,Hemoglobin,12.8,g/dL,12,17.5,N,Routine,2024-03-14 13:55,2024-03-14 14:21,2024-03-14 16:02
LAB705726,ENC102453,PT13508,PLT,Platelet Count,258,K/uL,150,400,N,Routine,2024-03-14 13:54,2024-03-14 14:10,2024-03-14 15:44
LAB705727,ENC102454,PT10365,WBC,White Blood Cell Count,10.8,K/uL,4.5,11,N,Routine,2024-03-14 14:51,2024-03-14 14:58,2024-03-14 17:23
LAB705728,ENC102454,PT10365,HGB,Hemoglobin,13.2,g/dL,12,17.5,N,Routine,2024-03-14 14:54,2024-03-14 15:15,2024-03-14 17:29
LAB705729,ENC102454,PT10365,PLT,Platelet Count,243,K/uL,150,400,N,Routine,2024-03-14 14:43,2024-03-14 15:16,2024-03-14 19:13
LAB705730,ENC102459,PT12681,GLU,Glucose,81,mg/dL,70,99,N,STAT,2024-03-14 20:52,2024-03-14 21:19,2024-03-14 21:49
LAB705731,ENC102459,PT12681,CREAT,Creatinine,0.57,mg/dL,0.6,1.3,L,STAT,2024-03-14 19:59,2024-03-14 20:32,2024-03-14 20:46
LAB705732,ENC102459,PT12681,WBC,White Blood Cell Count,15.2,K/uL,4.5,11,H,Routine,2024-03-14 20:46,2024-03-14 21:21,2024-03-14 23:52
LAB705733,ENC102459,PT12681,HGB,Hemoglobin,14.4,g/dL,12,17.5,N,STAT,2024-03-14 20:28,2024-03-14 20:50,2024-03-14 21:51
LAB705734,ENC102462,PT13402,GLU,Glucose,108,mg/dL,70,99,H,Routine,2024-03-14 20:56,2024-03-14 21:07,2024-03-15 00:53
LAB705735,ENC102462,PT13402,CREAT,Creatinine,0.63,mg/dL,0.6,1.3,N,STAT,2024-03-14 21:12,2024-03-14 21:29,2024-03-14 22:19
LAB705736,ENC102462,PT13402,WBC,White Blood Cell Count,7.4,K/uL,4.5,11,N,Routine,2024-03-14 21:32,2024-03-14 22:03,2024-03-15 01:51
LAB705737,ENC102462,PT13402,HGB,Hemoglobin,13.6,g/dL,12,17.5,N,Routine,2024-03-14 21:22,2024-03-14 21:36,2024-03-14 23:33
LAB705738,ENC102463,PT13149,GLU,Glucose,246,mg/dL,70,99,H,STAT,2024-03-14 17:52,2024-03-14 18:05,2024-03-14 18:59
LAB705739,ENC102463,PT13149,CREAT,Creatinine,1.11,mg/dL,0.6,1.3,N,STAT,2024-03-14 18:36,2024-03-14 18:58,2024-03-14 19:38
LAB705740,ENC102463,PT13149,WBC,White Blood Cell Count,7.3,K/uL,4.5,11,N,STAT,2024-03-14 18:28,2024-03-14 18:32,2024-03-14 19:43
LAB705741,ENC102465,PT11688,TROP,"Troponin I, High Sensitivity",5,ng/L,0,34,N,STAT,2024-03-14 19:14,2024-03-14 19:48,2024-03-14 21:02
LAB705742,ENC102466,PT11182,GLU,Glucose,131,mg/dL,70,99,H,STAT,2024-03-14 18:45,2024-03-14 19:04,2024-03-14 19:35
LAB705743,ENC102466,PT11182,CREAT,Creatinine,1.26,mg/dL,0.6,1.3,N,STAT,2024-03-14 18:54,2024-03-14 19:27,2024-03-14 20:08
LAB705744,ENC102466,PT11182,WBC,White Blood Cell Count,7.8,K/uL,4.5,11,N,Routine,2024-03-14 18:45,2024-03-14 18:50,2024-03-14 20:17
LAB705745,ENC102466,PT11182,HGB,Hemoglobin,13.1,g/dL,12,17.5,N,Routine,2024-03-14 19:36,2024-03-14 19:48,2024-03-14 21:25
LAB705746,ENC102466,PT11182,BUN,Blood Urea Nitrogen,8,mg/dL,7,20,N,Routine,2024-03-14 19:16,2024-03-14 19:36,2024-03-15 00:45
LAB705747,ENC102466,PT11182,PLT,Platelet Count,360,K/uL,150,400,N,STAT,2024-03-14 19:40,2024-03-14 19:56,2024-03-14 20:49
LAB705748,ENC102467,PT11001,GLU,Glucose,100,mg/dL,70,99,H,STAT,2024-03-14 20:37,2024-03-14 20:43,2024-03-14 22:19
LAB705749,ENC102467,PT11001,CREAT,Creatinine,1.18,mg/dL,0.6,1.3,N,STAT,2024-03-14 21:04,2024-03-14 21:27,2024-03-14 22:14
LAB705750,ENC102467,PT11001,WBC,White Blood Cell Count,5.6,K/uL,4.5,11,N,STAT,2024-03-14 20:40,2024-03-14 20:50,2024-03-14 21:09
LAB705751,ENC102467,PT11001,HGB,Hemoglobin,13.3,g/dL,12,17.5,N,Routine,2024-03-14 20:28,2024-03-14 20:56,2024-03-14 23:07
LAB705752,ENC102467,PT11001,NA,Sodium,138,mmol/L,136,145,N,Routine,2024-03-14 20:55,2024-03-14 21:14,2024-03-15 03:46
LAB705753,ENC102467,PT11001,K,Potassium,4.4,mmol/L,3.5,5.1,N,STAT,2024-03-14 20:38,2024-03-14 21:05,2024-03-14 22:06
LAB705754,ENC102468,PT12768,GLU,Glucose,104,mg/dL,70,99,H,STAT,2024-03-14 21:02,2024-03-14 21:33,2024-03-14 22:37
LAB705755,ENC102468,PT12768,CREAT,Creatinine,1.19,mg/dL,0.6,1.3,N,STAT,2024-03-14 20:46,2024-03-14 20:52,2024-03-14 22:06
LAB705756,ENC102468,PT12768,WBC,White Blood Cell Count,7.5,K/uL,4.5,11,N,STAT,2024-03-14 21:25,2024-03-14 21:49,2024-03-14 23:11
LAB705757,ENC102468,PT12768,HGB,Hemoglobin,14.6,g/dL,12,17.5,N,STAT,2024-03-14 21:08,2024-03-14 21:30,2024-03-14 22:18
LAB705758,ENC102468,PT12768,NA,Sodium,136,mmol/L,136,145,N,STAT,2024-03-14 21:16,2024-03-14 21:46,2024-03-14 23:09
LAB705759,ENC102468,PT12768,K,Potassium,4.2,mmol/L,3.5,5.1,N,STAT,2024-03-14 21:39,2024-03-14 22:01,2024-03-14 22:50
LAB705760,ENC102469,PT11064,GLU,Glucose,127,mg/dL,70,99,H,Routine,2024-03-15 00:35,2024-03-15 00:52,2024-03-15 03:11
LAB705761,ENC102469,PT11064,CREAT,Creatinine,2.63,mg/dL,0.6,1.3,H,STAT,2024-03-15 00:35,2024-03-15 00:39,2024-03-15 01:26
LAB705762,ENC102469,PT11064,WBC,White Blood Cell Count,5.2,K/uL,4.5,11,N,Routine,2024-03-15 01:08,2024-03-15 01:27,2024-03-15 04:43
LAB705763,ENC102469,PT11064,HGB,Hemoglobin,10.2,g/dL,12,17.5,L,Routine,2024-03-15 01:36,2024-03-15 02:04,2024-03-15 05:02
LAB705764,ENC102469,PT11064,BUN,Blood Urea Nitrogen,14,mg/dL,7,20,N,Routine,2024-03-15 01:28,2024-03-15 01:40,2024-03-15 05:17
LAB705765,ENC102469,PT11064,PLT,Platelet Count,358,K/uL,150,400,N,Routine,2024-03-15 01:39,2024-03-15 01:47,2024-03-15 05:47
LAB705766,ENC102470,PT13601,GLU,Glucose,189,mg/dL,70,99,H,STAT,2024-03-15 02:49,2024-03-15 03:17,2024-03-15 04:25
LAB705767,ENC102470,PT13601,CREAT,Creatinine,1.77,mg/dL,0.6,1.3,H,STAT,2024-03-15 01:58,2024-03-15 02:07,2024-03-15 02:46
LAB705768,ENC102470,PT13601,WBC,White Blood Cell Count,9.6,K/uL,4.5,11,N,STAT,2024-03-15 01:51,2024-03-15 02:23,2024-03-15 02:37
LAB705769,ENC102470,PT13601,HGB,Hemoglobin,10.8,g/dL,12,17.5,L,Routine,2024-03-15 02:24,2024-03-15 02:56,2024-03-15 06:05
LAB705770,ENC102471,PT12091,GLU,Glucose,126,mg/dL,70,99,H,Routine,2024-03-15 04:16,2024-03-15 04:50,2024-03-15 16:59
LAB705771,ENC102471,PT12091,CREAT,Creatinine,0.97,mg/dL,0.6,1.3,N,Routine,2024-03-15 03:56,2024-03-15 04:03,2024-03-15 06:39
LAB705772,ENC102471,PT12091,WBC,White Blood Cell Count,18.9,K/uL,4.5,11,H,STAT,2024-03-15 04:59,2024-03-15 05:14,2024-03-15 06:01
LAB705773,ENC102471,PT12091,HGB,Hemoglobin,12.2,g/dL,12,17.5,N,STAT,2024-03-15 04:30,2024-03-15 04:41,2024-03-15 05:14
LAB705774,ENC102471,PT12091,BUN,Blood Urea Nitrogen,14,mg/dL,7,20,N,Routine,2024-03-15 04:45,2024-03-15 05:01,2024-03-15 09:11
LAB705775,ENC102471,PT12091,PLT,Platelet Count,198,K/uL,150,400,N,STAT,2024-03-15 03:55,2024-03-15 04:01,2024-03-15 04:34
LAB705776,ENC102471,PT12091,LACT,Lactate,3.6,mmol/L,0.5,2,H,STAT,2024-03-15 04:59,2024-03-15 05:23,2024-03-15 06:14
LAB705777,ENC102474,PT10192,GLU,Glucose,124,mg/dL,70,99,H,STAT,2024-03-15 02:37,2024-03-15 03:09,2024-03-15 04:19
LAB705778,ENC102474,PT10192,CREAT,Creatinine,1,mg/dL,0.6,1.3,N,STAT,2024-03-15 02:34,2024-03-15 03:07,2024-03-15 04:10
LAB705779,ENC102474,PT10192,WBC,White Blood Cell Count,6.8,K/uL,4.5,11,N,Routine,2024-03-15 03:18,2024-03-15 03:25,2024-03-15 05:07
LAB705780,ENC102474,PT10192,HGB,Hemoglobin,14.5,g/dL,12,17.5,N,STAT,2024-03-15 02:43,2024-03-15 02:54,2024-03-15 04:59
LAB705781,ENC102477,PT14000,GLU,Glucose,75,mg/dL,70,99,N,STAT,2024-03-15 12:36,2024-03-15 12:53,2024-03-15 13:44
LAB705782,ENC102477,PT14000,CREAT,Creatinine,0.66,mg/dL,0.6,1.3,N,Routine,2024-03-15 11:43,2024-03-15 11:48,2024-03-15 14:28
LAB705783,ENC102477,PT14000,WBC,White Blood Cell Count,6.3,K/uL,4.5,11,N,STAT,2024-03-15 12:31,2024-03-15 12:55,2024-03-15 13:17
LAB705784,ENC102477,PT14000,HGB,Hemoglobin,14.8,g/dL,12,17.5,N,STAT,2024-03-15 11:56,2024-03-15 12:22,2024-03-15 12:45
LAB705785,ENC102477,PT14000,NA,Sodium,143,mmol/L,136,145,N,Routine,2024-03-15 12:25,2024-03-15 12:54,2024-03-15 15:03
LAB705786,ENC102477,PT14000,K,Potassium,3.5,mmol/L,3.5,5.1,N,STAT,2024-03-15 12:45,2024-03-15 13:12,2024-03-15 14:05
LAB705787,ENC102477,PT14000,TROP,"Troponin I, High Sensitivity",49,ng/L,0,34,H,STAT,2024-03-15 12:00,2024-03-15 12:11,2024-03-15 12:42
LAB705788,ENC102477,PT14000,BNP,B-Type Natriuretic Peptide,981,pg/mL,0,100,H,Routine,2024-03-15 11:44,2024-03-15 11:54,2024-03-15 17:56
LAB705789,ENC102478,PT11632,A1C,Hemoglobin A1c,9.5,%,4,5.6,H,Routine,2024-03-15 09:26,2024-03-15 09:58,2024-03-15 23:35
LAB705790,ENC102479,PT13889,GLU,Glucose,75,mg/dL,70,99,N,STAT,2024-03-15 12:02,2024-03-15 12:20,2024-03-15 13:12
LAB705791,ENC102479,PT13889,CREAT,Creatinine,1.25,mg/dL,0.6,1.3,N,Routine,2024-03-15 12:03,2024-03-15 12:11,2024-03-15 18:05
LAB705792,ENC102479,PT13889,WBC,White Blood Cell Count,8.2,K/uL,4.5,11,N,Routine,2024-03-15 12:13,2024-03-15 12:21,2024-03-15 15:32
LAB705793,ENC102479,PT13889,HGB,Hemoglobin,12.9,g/dL,12,17.5,N,STAT,2024-03-15 12:02,2024-03-15 12:19,2024-03-15 13:08
LAB705794,ENC102479,PT13889,NA,Sodium,135,mmol/L,136,145,L,Routine,2024-03-15 12:12,2024-03-15 12:39,2024-03-15 14:45
LAB705795,ENC102479,PT13889,K,Potassium,4.4,mmol/L,3.5,5.1,N,STAT,2024-03-15 12:23,2024-03-15 12:38,2024-03-15 13:14
LAB705796,ENC102481,PT10510,LDL,LDL Cholesterol,133,mg/dL,0,99,H,Routine,2024-03-15 10:07,2024-03-15 10:16,2024-03-15 19:47
LAB705797,ENC102481,PT10510,TSH,Thyroid Stimulating Hormone,0.54,mIU/L,0.4,4,N,Routine,2024-03-15 10:17,2024-03-15 10:32,2024-03-16 08:57
LAB705798,ENC102484,PT10789,LDL,LDL Cholesterol,187,mg/dL,0,99,H,Routine,2024-03-15 10:53,2024-03-15 11:14,2024-03-15 22:17
LAB705799,ENC102484,PT10789,A1C,Hemoglobin A1c,5.8,%,4,5.6,H,Routine,2024-03-15 10:39,2024-03-15 11:01,2024-03-17 02:02
LAB705800,ENC102484,PT10789,TSH,Thyroid Stimulating Hormone,0.86,mIU/L,0.4,4,N,Routine,2024-03-15 10:52,2024-03-15 10:56,2024-03-16 07:47
LAB705801,ENC102486,PT12449,GLU,Glucose,115,mg/dL,70,99,H,STAT,2024-03-15 14:40,2024-03-15 14:54,2024-03-15 15:50
LAB705802,ENC102486,PT12449,CREAT,Creatinine,0.74,mg/dL,0.6,1.3,N,STAT,2024-03-15 14:19,2024-03-15 14:31,2024-03-15 15:55
LAB705803,ENC102486,PT12449,WBC,White Blood Cell Count,12.4,K/uL,4.5,11,H,STAT,2024-03-15 14:28,2024-03-15 14:39,2024-03-15 15:22
LAB705804,ENC102486,PT12449,HGB,Hemoglobin,14.9,g/dL,12,17.5,N,Routine,2024-03-15 14:32,2024-03-15 15:04,2024-03-15 16:25
LAB705805,ENC102487,PT10675,GLU,Glucose,98,mg/dL,70,99,N,Routine,2024-03-15 15:15,2024-03-15 15:24,2024-03-15 19:21
LAB705806,ENC102487,PT10675,CREAT,Creatinine,0.63,mg/dL,0.6,1.3,N,Routine,2024-03-15 15:33,2024-03-15 16:08,2024-03-15 19:11
LAB705807,ENC102487,PT10675,WBC,White Blood Cell Count,11.5,K/uL,4.5,11,H,STAT,2024-03-15 16:07,2024-03-15 16:28,2024-03-15 17:17
LAB705808,ENC102487,PT10675,HGB,Hemoglobin,12.6,g/dL,12,17.5,N,STAT,2024-03-15 15:03,2024-03-15 15:25,2024-03-15 16:15
LAB705809,ENC102487,PT10675,NA,Sodium,137,mmol/L,136,145,N,Routine,2024-03-15 15:27,2024-03-15 15:53,2024-03-15 18:28
LAB705810,ENC102487,PT10675,K,Potassium,4.2,mmol/L,3.5,5.1,N,STAT,2024-03-15 15:16,2024-03-15 15:36,2024-03-15 16:49
LAB705811,ENC102487,PT10675,BUN,Blood Urea Nitrogen,14,mg/dL,7,20,N,STAT,2024-03-15 15:44,2024-03-15 15:49,2024-03-15 16:37
LAB705812,ENC102487,PT10675,PLT,Platelet Count,337,K/uL,150,400,N,Routine,2024-03-15 15:56,2024-03-15 16:02,2024-03-15 22:44
LAB705813,ENC102488,PT12344,GLU,Glucose,116,mg/dL,70,99,H,Routine,2024-03-15 14:27,2024-03-15 14:51,2024-03-15 18:30
LAB705814,ENC102488,PT12344,CREAT,Creatinine,0.81,mg/dL,0.6,1.3,N,STAT,2024-03-15 14:44,2024-03-15 14:49,2024-03-15 15:35
LAB705815,ENC102488,PT12344,WBC,White Blood Cell Count,5,K/uL,4.5,11,N,Routine,2024-03-15 15:12,2024-03-15 15:18,2024-03-15 18:26
LAB705816,ENC102488,PT12344,HGB,Hemoglobin,11.7,g/dL,12,17.5,L,STAT,2024-03-15 14:23,2024-03-15 14:43,2024-03-15 15:28
LAB705817,ENC102488,PT12344,NA,Sodium,120,mmol/L,136,145,L,STAT,2024-03-15 15:23,2024-03-15 15:27,2024-03-15 16:14
LAB705818,ENC102488,PT12344,K,Potassium,3.7,mmol/L,3.5,5.1,N,STAT,2024-03-15 14:19,2024-03-15 14:42,2024-03-15 15:51
LAB705819,ENC102489,PT12726,GLU,Glucose,209,mg/dL,70,99,H,STAT,2024-03-15 15:03,2024-03-15 15:21,2024-03-15 16:20
LAB705820,ENC102489,PT12726,CREAT,Creatinine,0.5,mg/dL,0.6,1.3,L,STAT,2024-03-15 16:02,2024-03-15 16:10,2024-03-15 16:44
LAB705821,ENC102489,PT12726,WBC,White Blood Cell Count,6.7,K/uL,4.5,11,N,Routine,2024-03-15 15:51,2024-03-15 16:16,2024-03-15 19:16
LAB705822,ENC102489,PT12726,HGB,Hemoglobin,12.6,g/dL,12,17.5,N,STAT,2024-03-15 15:46,2024-03-15 16:05,2024-03-15 16:46
LAB705823,ENC102489,PT12726,TROP,"Troponin I, High Sensitivity",58,ng/L,0,34,H,STAT,2024-03-15 14:57,2024-03-15 15:30,2024-03-15 16:07
LAB705824,ENC102489,PT12726,BNP,B-Type Natriuretic Peptide,832,pg/mL,0,100,H,STAT,2024-03-15 15:52,2024-03-15 16:25,2024-03-15 17:40
LAB705825,ENC102491,PT12230,WBC,White Blood Cell Count,6.9,K/uL,4.5,11,N,Routine,2024-03-15 12:24,2024-03-15 12:28,2024-03-15 15:40
LAB705826,ENC102491,PT12230,HGB,Hemoglobin,10.4,g/dL,12,17.5,L,Routine,2024-03-15 12:41,2024-03-15 13:02,2024-03-15 15:42
LAB705827,ENC102491,PT12230,PLT,Platelet Count,200,K/uL,150,400,N,Routine,2024-03-15 12:42,2024-03-15 12:51,2024-03-15 15:28
LAB705828,ENC102494,PT10070,GLU,Glucose,105,mg/dL,70,99,H,STAT,2024-03-15 13:19,2024-03-15 13:52,2024-03-15 14:55
LAB705829,ENC102494,PT10070,CREAT,Creatinine,0.88,mg/dL,0.6,1.3,N,Routine,2024-03-15 14:08,2024-03-15 14:21,2024-03-15 17:49
LAB705830,ENC102494,PT10070,WBC,White Blood Cell Count,15,K/uL,4.5,11,H,Routine,2024-03-15 14:05,2024-03-15 14:23,2024-03-15 17:15
LAB705831,ENC102494,PT10070,HGB,Hemoglobin,14.3,g/dL,12,17.5,N,STAT,2024-03-15 14:04,2024-03-15 14:15,2024-03-15 15:13
LAB705832,ENC102496,PT13971,WBC,White Blood Cell Count,6.1,K/uL,4.5,11,N,Routine,2024-03-15 13:56,2024-03-15 14:05,2024-03-15 16:23
LAB705833,ENC102496,PT13971,HGB,Hemoglobin,13.8,g/dL,12,17.5,N,Routine,2024-03-15 13:45,2024-03-15 14:06,2024-03-15 17:02
LAB705834,ENC102496,PT13971,PLT,Platelet Count,229,K/uL,150,400,N,Routine,2024-03-15 13:40,2024-03-15 13:48,2024-03-15 17:28
LAB705835,ENC102500,PT11668,LDL,LDL Cholesterol,144,mg/dL,0,99,H,Routine,2024-03-15 15:17,2024-03-15 15:43,2024-03-16 04:50
LAB705836,ENC102500,PT11668,TSH,Thyroid Stimulating Hormone,3.44,mIU/L,0.4,4,N,Routine,2024-03-15 15:28,2024-03-15 15:34,2024-03-16 15:16
LAB705837,ENC102502,PT13747,LDL,LDL Cholesterol,160,mg/dL,0,99,H,Routine,2024-03-15 15:24,2024-03-15 15:57,2024-03-16 05:54
LAB705838,ENC102503,PT12595,GLU,Glucose,105,mg/dL,70,99,H,STAT,2024-03-15 21:45,2024-03-15 22:14,2024-03-15 23:05
LAB705839,ENC102503,PT12595,CREAT,Creatinine,0.86,mg/dL,0.6,1.3,N,STAT,2024-03-15 21:51,2024-03-15 22:16,2024-03-15 23:05
LAB705840,ENC102503,PT12595,WBC,White Blood Cell Count,7.7,K/uL,4.5,11,N,STAT,2024-03-15 21:52,2024-03-15 21:59,2024-03-15 22:59
LAB705841,ENC102503,PT12595,HGB,Hemoglobin,9.3,g/dL,12,17.5,L,STAT,2024-03-15 21:05,2024-03-15 21:22,2024-03-15 21:53
LAB705842,ENC102504,PT10750,GLU,Glucose,112,mg/dL,70,99,H,Routine,2024-03-15 22:14,2024-03-15 22:26,2024-03-16 00:58
LAB705843,ENC102504,PT10750,CREAT,Creatinine,2,mg/dL,0.6,1.3,H,Routine,2024-03-15 21:42,2024-03-15 21:55,2024-03-15 23:59
LAB705844,ENC102504,PT10750,WBC,White Blood Cell Count,7.9,K/uL,4.5,11,N,STAT,2024-03-15 21:41,2024-03-15 22:04,2024-03-15 23:41
LAB705845,ENC102504,PT10750,HGB,Hemoglobin,12.7,g/dL,12,17.5,N,STAT,2024-03-15 22:17,2024-03-15 22:23,2024-03-15 23:15
LAB705846,ENC102504,PT10750,TROP,"Troponin I, High Sensitivity",12,ng/L,0,34,N,STAT,2024-03-15 22:29,2024-03-15 23:03,2024-03-15 23:42
LAB705847,ENC102504,PT10750,BNP,B-Type Natriuretic Peptide,1053,pg/mL,0,100,H,STAT,2024-03-15 21:56,2024-03-15 22:08,2024-03-15 22:59
LAB705848,ENC102507,PT13113,A1C,Hemoglobin A1c,10.2,%,4,5.6,H,Routine,2024-03-15 20:41,2024-03-15 20:45,2024-03-16 09:13
LAB705849,ENC102508,PT10180,GLU,Glucose,122,mg/dL,70,99,H,Routine,2024-03-15 21:20,2024-03-15 21:51,2024-03-16 02:07
LAB705850,ENC102508,PT10180,CREAT,Creatinine,0.85,mg/dL,0.6,1.3,N,STAT,2024-03-15 21:01,2024-03-15 21:36,2024-03-15 22:33
LAB705851,ENC102508,PT10180,WBC,White Blood Cell Count,8.1,K/uL,4.5,11,N,STAT,2024-03-15 21:08,2024-03-15 21:38,2024-03-15 22:22
LAB705852,ENC102508,PT10180,HGB,Hemoglobin,15.7,g/dL,12,17.5,N,STAT,2024-03-15 21:18,2024-03-15 21:23,2024-03-15 22:59
LAB705853,ENC102508,PT10180,NA,Sodium,140,mmol/L,136,145,N,STAT,2024-03-15 20:32,2024-03-15 20:37,2024-03-15 21:09
LAB705854,ENC102508,PT10180,K,Potassium,4.6,mmol/L,3.5,5.1,N,STAT,2024-03-15 21:24,2024-03-15 21:56,2024-03-15 22:38
LAB705855,ENC102509,PT13366,GLU,Glucose,121,mg/dL,70,99,H,STAT,2024-03-16 01:04,2024-03-16 01:22,2024-03-16 02:17
LAB705856,ENC102509,PT13366,CREAT,Creatinine,0.93,mg/dL,0.6,1.3,N,Routine,2024-03-16 00:35,2024-03-16 00:42,2024-03-16 04:49
LAB705857,ENC102509,PT13366,WBC,White Blood Cell Count,7.5,K/uL,4.5,11,N,STAT,2024-03-16 00:43,2024-03-16 00:53,2024-03-16 01:23
LAB705858,ENC102509,PT13366,HGB,Hemoglobin,16,g/dL,12,17.5,N,STAT,2024-03-16 00:57,2024-03-16 01:32,2024-03-16 02:02
LAB705859,ENC102509,PT13366,NA,Sodium,129,mmol/L,136,145,L,STAT,2024-03-16 00:43,2024-03-16 01:04,2024-03-16 02:27
LAB705860,ENC102509,PT13366,K,Potassium,3.5,mmol/L,3.5,5.1,N,STAT,2024-03-16 00:36,2024-03-16 01:08,2024-03-16 01:52
LAB705861,ENC102511,PT12274,GLU,Glucose,103,mg/dL,70,99,H,Routine,2024-03-16 03:33,2024-03-16 04:06,2024-03-16 06:49
LAB705862,ENC102511,PT12274,CREAT,Creatinine,0.82,mg/dL,0.6,1.3,N,STAT,2024-03-16 03:10,2024-03-16 03:23,2024-03-16 04:34
LAB705863,ENC102511,PT12274,WBC,White Blood Cell Count,7.1,K/uL,4.5,11,N,STAT,2024-03-16 03:40,2024-03-16 03:59,2024-03-16 04:37
LAB705864,ENC102511,PT12274,HGB,Hemoglobin,13.6,g/dL,12,17.5,N,Routine,2024-03-16 03:43,2024-03-16 03:50,2024-03-16 08:44
LAB705865,ENC102511,PT12274,BUN,Blood Urea Nitrogen,19,mg/dL,7,20,N,STAT,2024-03-16 03:12,2024-03-16 03:34,2024-03-16 04:45
LAB705866,ENC102511,PT12274,PLT,Platelet Count,110,K/uL,150,400,L,Routine,2024-03-16 03:22,2024-03-16 03:49,2024-03-16 08:33
LAB705867,ENC102512,PT12573,GLU,Glucose,85,mg/dL,70,99,N,STAT,2024-03-16 10:25,2024-03-16 10:46,2024-03-16 11:53
LAB705868,ENC102512,PT12573,CREAT,Creatinine,0.86,mg/dL,0.6,1.3,N,Routine,2024-03-16 10:44,2024-03-16 11:12,2024-03-16 14:04
LAB705869,ENC102512,PT12573,WBC,White Blood Cell Count,11.2,K/uL,4.5,11,H,STAT,2024-03-16 10:44,2024-03-16 11:01,2024-03-16 11:46
LAB705870,ENC102512,PT12573,HGB,Hemoglobin,13.8,g/dL,12,17.5,N,Routine,2024-03-16 10:36,2024-03-16 10:52,2024-03-16 13:32
LAB705871,ENC102514,PT10071,GLU,Glucose,95,mg/dL,70,99,N,STAT,2024-03-16 12:17,2024-03-16 12:39,2024-03-16 13:17
LAB705872,ENC102514,PT10071,CREAT,Creatinine,0.74,mg/dL,0.6,1.3,N,STAT,2024-03-16 12:40,2024-03-16 13:14,2024-03-16 14:13
LAB705873,ENC102514,PT10071,TROP,"Troponin I, High Sensitivity",3,ng/L,0,34,N,STAT,2024-03-16 12:45,2024-03-16 13:08,2024-03-16 13:47
LAB705874,ENC102515,PT12604,GLU,Glucose,267,mg/dL,70,99,H,STAT,2024-03-16 16:55,2024-03-16 17:29,2024-03-16 18:20
LAB705875,ENC102515,PT12604,CREAT,Creatinine,0.54,mg/dL,0.6,1.3,L,STAT,2024-03-16 17:13,2024-03-16 17:42,2024-03-16 18:20
LAB705876,ENC102515,PT12604,WBC,White Blood Cell Count,9.4,K/uL,4.5,11,N,Routine,2024-03-16 16:58,2024-03-16 17:29,2024-03-16 19:17
LAB705877,ENC102515,PT12604,HGB,Hemoglobin,10.7,g/dL,12,17.5,L,Routine,2024-03-16 17:32,2024-03-16 18:00,2024-03-16 20:40
LAB705878,ENC102515,PT12604,LACT,Lactate,4.4,mmol/L,0.5,2,HH,STAT,2024-03-16 17:11,2024-03-16 17:25,2024-03-16 18:06
LAB705879,ENC102515,PT12604,INR,Prothrombin Time INR,1.1,ratio,0.8,1.2,N,Routine,2024-03-16 16:31,2024-03-16 17:06,2024-03-16 19:52
LAB705880,ENC102516,PT13238,GLU,Glucose,188,mg/dL,70,99,H,STAT,2024-03-16 13:02,2024-03-16 13:24,2024-03-16 14:22
LAB705881,ENC102516,PT13238,CREAT,Creatinine,1.22,mg/dL,0.6,1.3,N,Routine,2024-03-16 13:20,2024-03-16 13:48,2024-03-16 16:15
LAB705882,ENC102516,PT13238,WBC,White Blood Cell Count,7.6,K/uL,4.5,11,N,STAT,2024-03-16 12:50,2024-03-16 13:21,2024-03-16 14:00
LAB705883,ENC102516,PT13238,HGB,Hemoglobin,11.3,g/dL,12,17.5,L,STAT,2024-03-16 12:59,2024-03-16 13:10,2024-03-16 14:02
LAB705884,ENC102517,PT10295,GLU,Glucose,61,mg/dL,70,99,L,STAT,2024-03-16 18:49,2024-03-16 18:53,2024-03-16 19:30
LAB705885,ENC102517,PT10295,CREAT,Creatinine,1.05,mg/dL,0.6,1.3,N,Routine,2024-03-16 18:46,2024-03-16 19:21,2024-03-16 21:08
LAB705886,ENC102517,PT10295,WBC,White Blood Cell Count,7.8,K/uL,4.5,11,N,STAT,2024-03-16 18:35,2024-03-16 19:10,2024-03-16 20:02
LAB705887,ENC102517,PT10295,HGB,Hemoglobin,13.1,g/dL,12,17.5,N,Routine,2024-03-16 18:32,2024-03-16 19:07,2024-03-17 01:03
LAB705888,ENC102518,PT11191,GLU,Glucose,84,mg/dL,70,99,N,Routine,2024-03-16 14:59,2024-03-16 15:18,2024-03-16 18:26
LAB705889,ENC102518,PT11191,CREAT,Creatinine,0.9,mg/dL,0.6,1.3,N,STAT,2024-03-16 15:24,2024-03-16 15:40,2024-03-16 16:19
LAB705890,ENC102518,PT11191,WBC,White Blood Cell Count,6,K/uL,4.5,11,N,STAT,2024-03-16 14:43,2024-03-16 15:00,2024-03-16 15:45
LAB705891,ENC102518,PT11191,HGB,Hemoglobin,14.4,g/dL,12,17.5,N,Routine,2024-03-16 15:13,2024-03-16 15:35,2024-03-16 18:19
LAB705892,ENC102519,PT13503,GLU,Glucose,129,mg/dL,70,99,H,STAT,2024-03-16 15:09,2024-03-16 15:30,2024-03-16 16:29
LAB705893,ENC102519,PT13503,CREAT,Creatinine,1.09,mg/dL,0.6,1.3,N,Routine,2024-03-16 15:37,2024-03-16 15:58,2024-03-16 17:00
LAB705894,ENC102519,PT13503,WBC,White Blood Cell Count,7.4,K/uL,4.5,11,N,Routine,2024-03-16 15:03,2024-03-16 15:10,2024-03-16 17:15
LAB705895,ENC102521,PT13637,GLU,Glucose,103,mg/dL,70,99,H,Routine,2024-03-16 21:37,2024-03-16 22:10,2024-03-16 23:24
LAB705896,ENC102521,PT13637,CREAT,Creatinine,0.83,mg/dL,0.6,1.3,N,Routine,2024-03-16 21:22,2024-03-16 21:43,2024-03-17 01:14
LAB705897,ENC102521,PT13637,WBC,White Blood Cell Count,8.2,K/uL,4.5,11,N,STAT,2024-03-16 21:58,2024-03-16 22:12,2024-03-17 00:35
LAB705898,ENC102521,PT13637,HGB,Hemoglobin,13.4,g/dL,12,17.5,N,STAT,2024-03-16 22:19,2024-03-16 22:38,2024-03-16 23:19
LAB705899,ENC102522,PT12826,GLU,Glucose,88,mg/dL,70,99,N,Routine,2024-03-16 22:01,2024-03-16 22:33,2024-03-17 00:58
LAB705900,ENC102522,PT12826,CREAT,Creatinine,0.83,mg/dL,0.6,1.3,N,Routine,2024-03-16 22:13,2024-03-16 22:22,2024-03-16 23:16
LAB705901,ENC102522,PT12826,WBC,White Blood Cell Count,4.8,K/uL,4.5,11,N,Routine,2024-03-16 22:44,2024-03-16 23:04,2024-03-17 01:49
LAB705902,ENC102522,PT12826,HGB,Hemoglobin,11.9,g/dL,12,17.5,L,STAT,2024-03-16 22:16,2024-03-16 22:21,2024-03-16 22:49
LAB705903,ENC102525,PT11989,GLU,Glucose,130,mg/dL,70,99,H,Routine,2024-03-17 01:55,2024-03-17 02:10,2024-03-17 09:32
LAB705904,ENC102525,PT11989,CREAT,Creatinine,0.69,mg/dL,0.6,1.3,N,STAT,2024-03-17 00:57,2024-03-17 01:16,2024-03-17 02:10
LAB705905,ENC102525,PT11989,WBC,White Blood Cell Count,7.2,K/uL,4.5,11,N,STAT,2024-03-17 01:03,2024-03-17 01:11,2024-03-17 01:50
LAB705906,ENC102525,PT11989,HGB,Hemoglobin,15.8,g/dL,12,17.5,N,STAT,2024-03-17 01:04,2024-03-17 01:29,2024-03-17 01:56
LAB705907,ENC102525,PT11989,LACT,Lactate,1.8,mmol/L,0.5,2,N,STAT,2024-03-17 01:42,2024-03-17 02:01,2024-03-17 02:43
LAB705908,ENC102527,PT11008,GLU,Glucose,116,mg/dL,70,99,H,STAT,2024-03-17 00:04,2024-03-17 00:29,2024-03-17 01:16
LAB705909,ENC102527,PT11008,CREAT,Creatinine,0.88,mg/dL,0.6,1.3,N,STAT,2024-03-17 00:16,2024-03-17 00:46,2024-03-17 01:46
LAB705910,ENC102527,PT11008,WBC,White Blood Cell Count,16.2,K/uL,4.5,11,H,STAT,2024-03-17 00:40,2024-03-17 00:53,2024-03-17 02:18
LAB705911,ENC102527,PT11008,HGB,Hemoglobin,14.1,g/dL,12,17.5,N,STAT,2024-03-17 00:11,2024-03-17 00:15,2024-03-17 01:08
LAB705912,ENC102527,PT11008,NA,Sodium,141,mmol/L,136,145,N,STAT,2024-03-17 00:36,2024-03-17 00:43,2024-03-17 01:18
LAB705913,ENC102527,PT11008,K,Potassium,3.5,mmol/L,3.5,5.1,N,STAT,2024-03-17 00:32,2024-03-17 01:02,2024-03-17 02:43
LAB705914,ENC102528,PT10537,GLU,Glucose,100,mg/dL,70,99,H,STAT,2024-03-17 04:35,2024-03-17 04:59,2024-03-17 05:34
LAB705915,ENC102528,PT10537,CREAT,Creatinine,0.87,mg/dL,0.6,1.3,N,Routine,2024-03-17 05:11,2024-03-17 05:32,2024-03-17 11:21
LAB705916,ENC102528,PT10537,WBC,White Blood Cell Count,10.3,K/uL,4.5,11,N,STAT,2024-03-17 04:36,2024-03-17 04:57,2024-03-17 06:14
LAB705917,ENC102528,PT10537,HGB,Hemoglobin,14.2,g/dL,12,17.5,N,STAT,2024-03-17 05:18,2024-03-17 05:53,2024-03-17 06:26
LAB705918,ENC102528,PT10537,NA,Sodium,138,mmol/L,136,145,N,STAT,2024-03-17 05:16,2024-03-17 05:51,2024-03-17 06:30
LAB705919,ENC102528,PT10537,K,Potassium,4.1,mmol/L,3.5,5.1,N,STAT,2024-03-17 04:32,2024-03-17 04:40,2024-03-17 05:17
LAB705920,ENC102529,PT11998,GLU,Glucose,135,mg/dL,70,99,H,Routine,2024-03-17 08:31,2024-03-17 09:04,2024-03-17 12:18
LAB705921,ENC102529,PT11998,CREAT,Creatinine,2.6,mg/dL,0.6,1.3,H,STAT,2024-03-17 07:49,2024-03-17 08:09,2024-03-17 09:04
LAB705922,ENC102529,PT11998,WBC,White Blood Cell Count,9.5,K/uL,4.5,11,N,Routine,2024-03-17 08:57,2024-03-17 09:31,2024-03-17 11:31
LAB705923,ENC102529,PT11998,HGB,Hemoglobin,10,g/dL,12,17.5,L,Routine,2024-03-17 08:11,2024-03-17 08:31,2024-03-17 11:27
LAB705924,ENC102529,PT11998,TROP,"Troponin I, High Sensitivity",11,ng/L,0,34,N,STAT,2024-03-17 07:55,2024-03-17 08:27,2024-03-17 08:57
LAB705925,ENC102529,PT11998,BNP,B-Type Natriuretic Peptide,874,pg/mL,0,100,H,STAT,2024-03-17 08:01,2024-03-17 08:33,2024-03-17 08:58
LAB705926,ENC102530,PT12244,GLU,Glucose,135,mg/dL,70,99,H,Routine,2024-03-17 08:04,2024-03-17 08:39,2024-03-17 12:16
LAB705927,ENC102530,PT12244,CREAT,Creatinine,1.05,mg/dL,0.6,1.3,N,STAT,2024-03-17 08:31,2024-03-17 08:44,2024-03-17 09:27
LAB705928,ENC102530,PT12244,WBC,White Blood Cell Count,7.1,K/uL,4.5,11,N,Routine,2024-03-17 08:51,2024-03-17 09:11,2024-03-17 12:13
LAB705929,ENC102532,PT10585,GLU,Glucose,153,mg/dL,70,99,H,Routine,2024-03-17 15:22,2024-03-17 15:39,2024-03-17 18:28
LAB705930,ENC102532,PT10585,CREAT,Creatinine,0.62,mg/dL,0.6,1.3,N,STAT,2024-03-17 14:30,2024-03-17 14:55,2024-03-17 16:14
LAB705931,ENC102532,PT10585,WBC,White Blood Cell Count,2.4,K/uL,4.5,11,L,Routine,2024-03-17 15:28,2024-03-17 15:54,2024-03-17 20:14
LAB705932,ENC102532,PT10585,HGB,Hemoglobin,14.1,g/dL,12,17.5,N,STAT,2024-03-17 15:05,2024-03-17 15:12,2024-03-17 17:04
LAB705933,ENC102532,PT10585,LACT,Lactate,1.7,mmol/L,0.5,2,N,STAT,2024-03-17 15:26,2024-03-17 15:34,2024-03-17 16:46
LAB705934,ENC102533,PT11309,GLU,Glucose,79,mg/dL,70,99,N,STAT,2024-03-17 12:18,2024-03-17 12:29,2024-03-17 13:17
LAB705935,ENC102533,PT11309,CREAT,Creatinine,1.01,mg/dL,0.6,1.3,N,STAT,2024-03-17 12:10,2024-03-17 12:41,2024-03-17 13:31
LAB705936,ENC102534,PT13491,GLU,Glucose,137,mg/dL,70,99,H,STAT,2024-03-17 16:31,2024-03-17 16:51,2024-03-17 17:19
LAB705937,ENC102534,PT13491,CREAT,Creatinine,0.55,mg/dL,0.6,1.3,L,STAT,2024-03-17 16:06,2024-03-17 16:34,2024-03-17 17:12
LAB705938,ENC102534,PT13491,WBC,White Blood Cell Count,10.9,K/uL,4.5,11,N,STAT,2024-03-17 16:11,2024-03-17 16:38,2024-03-17 17:35
LAB705939,ENC102534,PT13491,HGB,Hemoglobin,14.1,g/dL,12,17.5,N,Routine,2024-03-17 16:32,2024-03-17 16:48,2024-03-17 20:23
LAB705940,ENC102535,PT12511,GLU,Glucose,128,mg/dL,70,99,H,STAT,2024-03-17 17:38,2024-03-17 17:51,2024-03-17 18:42
LAB705941,ENC102535,PT12511,CREAT,Creatinine,0.59,mg/dL,0.6,1.3,L,STAT,2024-03-17 17:44,2024-03-17 18:15,2024-03-17 18:49
LAB705942,ENC102535,PT12511,WBC,White Blood Cell Count,7.3,K/uL,4.5,11,N,Routine,2024-03-17 18:33,2024-03-17 18:57,2024-03-18 00:26
LAB705943,ENC102535,PT12511,HGB,Hemoglobin,17,g/dL,12,17.5,N,STAT,2024-03-17 18:00,2024-03-17 18:33,2024-03-17 19:32
LAB705944,ENC102535,PT12511,TROP,"Troponin I, High Sensitivity",6,ng/L,0,34,N,STAT,2024-03-17 18:06,2024-03-17 18:27,2024-03-17 19:08
LAB705945,ENC102535,PT12511,BNP,B-Type Natriuretic Peptide,1137,pg/mL,0,100,H,STAT,2024-03-17 18:00,2024-03-17 18:06,2024-03-17 18:46
LAB705946,ENC102536,PT13034,GLU,Glucose,86,mg/dL,70,99,N,STAT,2024-03-17 20:21,2024-03-17 20:25,2024-03-17 21:36
LAB705947,ENC102536,PT13034,CREAT,Creatinine,1.09,mg/dL,0.6,1.3,N,Routine,2024-03-17 20:33,2024-03-17 20:43,2024-03-17 23:48
LAB705948,ENC102536,PT13034,WBC,White Blood Cell Count,10.8,K/uL,4.5,11,N,Routine,2024-03-17 21:06,2024-03-17 21:17,2024-03-17 23:18
LAB705949,ENC102536,PT13034,HGB,Hemoglobin,15.2,g/dL,12,17.5,N,Routine,2024-03-17 20:52,2024-03-17 21:12,2024-03-18 00:50
LAB705950,ENC102539,PT13614,GLU,Glucose,82,mg/dL,70,99,N,STAT,2024-03-17 21:17,2024-03-17 21:22,2024-03-17 22:04
LAB705951,ENC102539,PT13614,CREAT,Creatinine,1.24,mg/dL,0.6,1.3,N,STAT,2024-03-17 20:26,2024-03-17 20:39,2024-03-17 21:04
LAB705952,ENC102541,PT11924,GLU,Glucose,164,mg/dL,70,99,H,Routine,2024-03-17 23:58,2024-03-18 00:30,2024-03-18 03:29
LAB705953,ENC102541,PT11924,CREAT,Creatinine,0.65,mg/dL,0.6,1.3,N,STAT,2024-03-17 23:54,2024-03-18 00:10,2024-03-18 01:02
LAB705954,ENC102541,PT11924,WBC,White Blood Cell Count,24.1,K/uL,4.5,11,H,STAT,2024-03-18 00:06,2024-03-18 00:18,2024-03-18 01:18
LAB705955,ENC102541,PT11924,HGB,Hemoglobin,14.9,g/dL,12,17.5,N,STAT,2024-03-18 00:02,2024-03-18 00:33,2024-03-18 01:14
LAB705956,ENC102541,PT11924,NA,Sodium,143,mmol/L,136,145,N,STAT,2024-03-17 23:42,2024-03-17 23:51,2024-03-18 00:19
LAB705957,ENC102541,PT11924,K,Potassium,4.3,mmol/L,3.5,5.1,N,STAT,2024-03-17 23:34,2024-03-17 23:46,2024-03-18 00:31
LAB705958,ENC102541,PT11924,LACT,Lactate,1,mmol/L,0.5,2,N,STAT,2024-03-18 00:04,2024-03-18 00:09,2024-03-18 01:05
LAB705959,ENC102542,PT13526,GLU,Glucose,120,mg/dL,70,99,H,STAT,2024-03-17 22:50,2024-03-17 22:58,2024-03-17 23:45
LAB705960,ENC102542,PT13526,CREAT,Creatinine,1.08,mg/dL,0.6,1.3,N,Routine,2024-03-17 22:24,2024-03-17 22:54,2024-03-18 02:43
LAB705961,ENC102542,PT13526,WBC,White Blood Cell Count,7.1,K/uL,4.5,11,N,STAT,2024-03-17 22:40,2024-03-17 23:01,2024-03-18 02:40
LAB705962,ENC102543,PT11889,GLU,Glucose,111,mg/dL,70,99,H,STAT,2024-03-17 23:15,2024-03-17 23:27,2024-03-18 00:09
LAB705963,ENC102543,PT11889,CREAT,Creatinine,1.01,mg/dL,0.6,1.3,N,Routine,2024-03-17 23:45,2024-03-18 00:02,2024-03-18 01:59
LAB705964,ENC102544,PT11114,GLU,Glucose,115,mg/dL,70,99,H,Routine,2024-03-18 02:31,2024-03-18 02:41,2024-03-18 06:23
LAB705965,ENC102544,PT11114,CREAT,Creatinine,0.81,mg/dL,0.6,1.3,N,Routine,2024-03-18 02:35,2024-03-18 02:49,2024-03-18 05:50
LAB705966,ENC102544,PT11114,WBC,White Blood Cell Count,9.7,K/uL,4.5,11,N,STAT,2024-03-18 03:14,2024-03-18 03:19,2024-03-18 03:57
LAB705967,ENC102544,PT11114,HGB,Hemoglobin,13,g/dL,12,17.5,N,Routine,2024-03-18 03:15,2024-03-18 03:42,2024-03-18 15:09
LAB705968,ENC102544,PT11114,BUN,Blood Urea Nitrogen,10,mg/dL,7,20,N,Routine,2024-03-18 03:20,2024-03-18 03:34,2024-03-18 08:59
LAB705969,ENC102544,PT11114,PLT,Platelet Count,352,K/uL,150,400,N,STAT,2024-03-18 02:52,2024-03-18 03:22,2024-03-18 04:15
LAB705970,ENC102545,PT12887,GLU,Glucose,73,mg/dL,70,99,N,STAT,2024-03-18 07:32,2024-03-18 07:57,2024-03-18 08:54
LAB705971,ENC102545,PT12887,CREAT,Creatinine,0.65,mg/dL,0.6,1.3,N,STAT,2024-03-18 08:16,2024-03-18 08:35,2024-03-18 09:43
LAB705972,ENC102545,PT12887,WBC,White Blood Cell Count,7,K/uL,4.5,11,N,Routine,2024-03-18 07:40,2024-03-18 08:06,2024-03-18 11:21
LAB705973,ENC102545,PT12887,HGB,Hemoglobin,14.4,g/dL,12,17.5,N,STAT,2024-03-18 07:35,2024-03-18 08:09,2024-03-18 08:55
LAB705974,ENC102545,PT12887,NA,Sodium,141,mmol/L,136,145,N,STAT,2024-03-18 07:38,2024-03-18 07:47,2024-03-18 08:45
LAB705975,ENC102545,PT12887,K,Potassium,4.3,mmol/L,3.5,5.1,N,STAT,2024-03-18 07:18,2024-03-18 07:31,2024-03-18 08:14
LAB705976,ENC102546,PT13927,GLU,Glucose,95,mg/dL,70,99,N,Routine,2024-03-18 09:55,2024-03-18 10:00,2024-03-18 12:46
LAB705977,ENC102546,PT13927,CREAT,Creatinine,0.72,mg/dL,0.6,1.3,N,STAT,2024-03-18 10:09,2024-03-18 10:42,2024-03-18 11:29
LAB705978,ENC102546,PT13927,WBC,White Blood Cell Count,8,K/uL,4.5,11,N,Routine,2024-03-18 10:34,2024-03-18 11:02,2024-03-18 14:38
LAB705979,ENC102546,PT13927,HGB,Hemoglobin,13.7,g/dL,12,17.5,N,STAT,2024-03-18 10:32,2024-03-18 10:58,2024-03-18 12:30
LAB705980,ENC102548,PT12818,WBC,White Blood Cell Count,7.4,K/uL,4.5,11,N,Routine,2024-03-18 08:37,2024-03-18 08:51,2024-03-18 12:36
LAB705981,ENC102548,PT12818,HGB,Hemoglobin,9.4,g/dL,12,17.5,L,Routine,2024-03-18 08:26,2024-03-18 08:44,2024-03-18 10:24
LAB705982,ENC102548,PT12818,PLT,Platelet Count,328,K/uL,150,400,N,Routine,2024-03-18 08:33,2024-03-18 09:00,2024-03-18 12:40
LAB705983,ENC102552,PT10722,GLU,Glucose,79,mg/dL,70,99,N,Routine,2024-03-18 14:10,2024-03-18 14:28,2024-03-18 16:00
LAB705984,ENC102552,PT10722,CREAT,Creatinine,1,mg/dL,0.6,1.3,N,STAT,2024-03-18 13:23,2024-03-18 13:28,2024-03-18 14:29
LAB705985,ENC102552,PT10722,WBC,White Blood Cell Count,9.6,K/uL,4.5,11,N,STAT,2024-03-18 13:39,2024-03-18 13:55,2024-03-18 14:42
LAB705986,ENC102552,PT10722,HGB,Hemoglobin,12.7,g/dL,12,17.5,N,STAT,2024-03-18 14:21,2024-03-18 14:44,2024-03-18 15:32
LAB705987,ENC102553,PT10133,WBC,White Blood Cell Count,7.3,K/uL,4.5,11,N,Routine,2024-03-18 10:58,2024-03-18 11:33,2024-03-18 17:16
LAB705988,ENC102553,PT10133,HGB,Hemoglobin,11.1,g/dL,12,17.5,L,Routine,2024-03-18 10:52,2024-03-18 11:19,2024-03-18 13:56
LAB705989,ENC102553,PT10133,PLT,Platelet Count,233,K/uL,150,400,N,Routine,2024-03-18 10:47,2024-03-18 10:52,2024-03-18 13:16
LAB705990,ENC102554,PT11837,GLU,Glucose,97,mg/dL,70,99,N,STAT,2024-03-18 17:09,2024-03-18 17:44,2024-03-18 18:20
LAB705991,ENC102554,PT11837,CREAT,Creatinine,1.26,mg/dL,0.6,1.3,N,Routine,2024-03-18 16:27,2024-03-18 17:02,2024-03-18 18:03
LAB705992,ENC102554,PT11837,WBC,White Blood Cell Count,16.1,K/uL,4.5,11,H,STAT,2024-03-18 17:06,2024-03-18 17:27,2024-03-18 18:01
LAB705993,ENC102554,PT11837,HGB,Hemoglobin,13.2,g/dL,12,17.5,N,STAT,2024-03-18 16:40,2024-03-18 16:54,2024-03-18 17:41
LAB705994,ENC102558,PT10768,WBC,White Blood Cell Count,3.5,K/uL,4.5,11,L,Routine,2024-03-18 11:35,2024-03-18 11:41,2024-03-18 13:39
LAB705995,ENC102558,PT10768,HGB,Hemoglobin,14.1,g/dL,12,17.5,N,Routine,2024-03-18 11:46,2024-03-18 12:05,2024-03-18 15:26
LAB705996,ENC102558,PT10768,PLT,Platelet Count,272,K/uL,150,400,N,Routine,2024-03-18 11:59,2024-03-18 12:16,2024-03-18 15:36
LAB705997,ENC102560,PT12870,GLU,Glucose,87,mg/dL,70,99,N,Routine,2024-03-18 13:26,2024-03-18 13:54,2024-03-18 19:50
LAB705998,ENC102560,PT12870,CREAT,Creatinine,0.97,mg/dL,0.6,1.3,N,STAT,2024-03-18 13:18,2024-03-18 13:27,2024-03-18 14:15
LAB705999,ENC102560,PT12870,WBC,White Blood Cell Count,7.8,K/uL,4.5,11,N,Routine,2024-03-18 13:17,2024-03-18 13:22,2024-03-18 15:08
LAB706000,ENC102560,PT12870,HGB,Hemoglobin,10.9,g/dL,12,17.5,L,STAT,2024-03-18 12:52,2024-03-18 13:05,2024-03-18 13:43
LAB706001,ENC102562,PT11028,GLU,Glucose,92,mg/dL,70,99,N,STAT,2024-03-18 15:36,2024-03-18 16:09,2024-03-18 16:47
LAB706002,ENC102562,PT11028,CREAT,Creatinine,0.93,mg/dL,0.6,1.3,N,STAT,2024-03-18 15:42,2024-03-18 15:54,2024-03-18 17:16
LAB706003,ENC102562,PT11028,WBC,White Blood Cell Count,8.9,K/uL,4.5,11,N,STAT,2024-03-18 15:20,2024-03-18 15:55,2024-03-18 17:24
LAB706004,ENC102562,PT11028,HGB,Hemoglobin,15.3,g/dL,12,17.5,N,STAT,2024-03-18 15:41,2024-03-18 16:05,2024-03-18 16:47
LAB706005,ENC102563,PT11953,GLU,Glucose,398,mg/dL,70,99,H,STAT,2024-03-18 13:26,2024-03-18 13:57,2024-03-18 15:07
LAB706006,ENC102563,PT11953,CREAT,Creatinine,1.02,mg/dL,0.6,1.3,N,Routine,2024-03-18 14:06,2024-03-18 14:11,2024-03-18 20:07
LAB706007,ENC102563,PT11953,WBC,White Blood Cell Count,6.4,K/uL,4.5,11,N,STAT,2024-03-18 13:46,2024-03-18 13:57,2024-03-18 14:48
LAB706008,ENC102563,PT11953,HGB,Hemoglobin,14.7,g/dL,12,17.5,N,STAT,2024-03-18 13:10,2024-03-18 13:27,2024-03-18 14:10
LAB706009,ENC102563,PT11953,NA,Sodium,140,mmol/L,136,145,N,Routine,2024-03-18 13:55,2024-03-18 14:25,2024-03-18 18:56
LAB706010,ENC102563,PT11953,K,Potassium,4.1,mmol/L,3.5,5.1,N,STAT,2024-03-18 13:15,2024-03-18 13:26,2024-03-18 14:09
LAB706011,ENC102563,PT11953,A1C,Hemoglobin A1c,12.2,%,4,5.6,H,Routine,2024-03-18 13:59,2024-03-18 14:20,2024-03-19 02:49
LAB706012,ENC102567,PT11280,GLU,Glucose,81,mg/dL,70,99,N,Routine,2024-03-18 17:57,2024-03-18 18:08,2024-03-18 22:53
LAB706013,ENC102567,PT11280,CREAT,Creatinine,0.95,mg/dL,0.6,1.3,N,STAT,2024-03-18 17:48,2024-03-18 18:15,2024-03-18 18:50
LAB706014,ENC102567,PT11280,WBC,White Blood Cell Count,4.5,K/uL,4.5,11,N,STAT,2024-03-18 17:51,2024-03-18 17:59,2024-03-18 18:41
LAB706015,ENC102567,PT11280,HGB,Hemoglobin,14.1,g/dL,12,17.5,N,STAT,2024-03-18 18:11,2024-03-18 18:20,2024-03-18 19:35
LAB706016,ENC102571,PT10587,WBC,White Blood Cell Count,8.9,K/uL,4.5,11,N,Routine,2024-03-18 15:10,2024-03-18 15:25,2024-03-18 21:04
LAB706017,ENC102571,PT10587,HGB,Hemoglobin,17.3,g/dL,12,17.5,N,Routine,2024-03-18 14:50,2024-03-18 15:21,2024-03-18 18:02
LAB706018,ENC102571,PT10587,PLT,Platelet Count,254,K/uL,150,400,N,Routine,2024-03-18 15:15,2024-03-18 15:19,2024-03-18 16:24
LAB706019,ENC102572,PT11787,WBC,White Blood Cell Count,7.9,K/uL,4.5,11,N,Routine,2024-03-18 15:16,2024-03-18 15:40,2024-03-18 18:18
LAB706020,ENC102572,PT11787,HGB,Hemoglobin,12,g/dL,12,17.5,N,Routine,2024-03-18 15:06,2024-03-18 15:27,2024-03-18 20:21
LAB706021,ENC102572,PT11787,PLT,Platelet Count,248,K/uL,150,400,N,Routine,2024-03-18 15:28,2024-03-18 16:00,2024-03-18 20:14
LAB706022,ENC102574,PT12176,GLU,Glucose,232,mg/dL,70,99,H,Routine,2024-03-18 19:12,2024-03-18 19:29,2024-03-18 21:18
LAB706023,ENC102574,PT12176,CREAT,Creatinine,0.77,mg/dL,0.6,1.3,N,STAT,2024-03-18 18:45,2024-03-18 18:57,2024-03-18 19:38
LAB706024,ENC102574,PT12176,WBC,White Blood Cell Count,6.3,K/uL,4.5,11,N,STAT,2024-03-18 18:55,2024-03-18 19:08,2024-03-18 19:56
LAB706025,ENC102574,PT12176,HGB,Hemoglobin,12.7,g/dL,12,17.5,N,STAT,2024-03-18 18:11,2024-03-18 18:35,2024-03-18 19:08
LAB706026,ENC102576,PT12831,GLU,Glucose,69,mg/dL,70,99,L,Routine,2024-03-18 16:28,2024-03-18 16:57,2024-03-18 18:10
LAB706027,ENC102576,PT12831,CREAT,Creatinine,1.57,mg/dL,0.6,1.3,H,Routine,2024-03-18 16:09,2024-03-18 16:25,2024-03-18 18:44
LAB706028,ENC102576,PT12831,WBC,White Blood Cell Count,10.2,K/uL,4.5,11,N,Routine,2024-03-18 16:17,2024-03-18 16:37,2024-03-18 18:27
LAB706029,ENC102576,PT12831,HGB,Hemoglobin,14.3,g/dL,12,17.5,N,Routine,2024-03-18 16:59,2024-03-18 17:15,2024-03-18 19:44
LAB706030,ENC102577,PT11328,GLU,Glucose,99,mg/dL,70,99,N,Routine,2024-03-18 18:24,2024-03-18 18:36,2024-03-18 22:10
LAB706031,ENC102577,PT11328,CREAT,Creatinine,1.01,mg/dL,0.6,1.3,N,STAT,2024-03-18 18:34,2024-03-18 18:47,2024-03-18 19:20
LAB706032,ENC102577,PT11328,WBC,White Blood Cell Count,8.5,K/uL,4.5,11,N,STAT,2024-03-18 18:59,2024-03-18 19:23,2024-03-18 20:01
LAB706033,ENC102577,PT11328,A1C,Hemoglobin A1c,9.3,%,4,5.6,H,STAT,2024-03-18 18:38,2024-03-18 19:11,2024-03-18 19:42
LAB706034,ENC102579,PT11511,GLU,Glucose,88,mg/dL,70,99,N,Routine,2024-03-19 00:08,2024-03-19 00:36,2024-03-19 03:23
LAB706035,ENC102579,PT11511,CREAT,Creatinine,0.75,mg/dL,0.6,1.3,N,STAT,2024-03-19 00:02,2024-03-19 00:37,2024-03-19 01:04
LAB706036,ENC102579,PT11511,WBC,White Blood Cell Count,6.8,K/uL,4.5,11,N,STAT,2024-03-18 23:04,2024-03-18 23:34,2024-03-19 00:17
LAB706037,ENC102579,PT11511,HGB,Hemoglobin,13.7,g/dL,12,17.5,N,STAT,2024-03-18 23:38,2024-03-18 23:52,2024-03-19 00:52
LAB706038,ENC102581,PT10513,GLU,Glucose,108,mg/dL,70,99,H,STAT,2024-03-18 20:52,2024-03-18 21:22,2024-03-18 21:56
LAB706039,ENC102581,PT10513,CREAT,Creatinine,0.88,mg/dL,0.6,1.3,N,Routine,2024-03-18 20:23,2024-03-18 20:37,2024-03-18 21:57
LAB706040,ENC102582,PT10791,GLU,Glucose,95,mg/dL,70,99,N,STAT,2024-03-18 23:01,2024-03-18 23:12,2024-03-18 23:57
LAB706041,ENC102582,PT10791,CREAT,Creatinine,0.9,mg/dL,0.6,1.3,N,Routine,2024-03-18 23:03,2024-03-18 23:32,2024-03-19 04:16
LAB706042,ENC102582,PT10791,WBC,White Blood Cell Count,7.9,K/uL,4.5,11,N,STAT,2024-03-18 23:10,2024-03-18 23:19,2024-03-19 01:32
LAB706043,ENC102583,PT11421,GLU,Glucose,107,mg/dL,70,99,H,STAT,2024-03-19 01:50,2024-03-19 02:02,2024-03-19 03:04
LAB706044,ENC102583,PT11421,CREAT,Creatinine,1.08,mg/dL,0.6,1.3,N,Routine,2024-03-19 01:27,2024-03-19 02:00,2024-03-19 04:12
LAB706045,ENC102583,PT11421,WBC,White Blood Cell Count,3.2,K/uL,4.5,11,L,STAT,2024-03-19 01:25,2024-03-19 01:31,2024-03-19 02:42
LAB706046,ENC102583,PT11421,HGB,Hemoglobin,12.5,g/dL,12,17.5,N,Routine,2024-03-19 01:10,2024-03-19 01:19,2024-03-19 04:57
LAB706047,ENC102584,PT11903,GLU,Glucose,196,mg/dL,70,99,H,STAT,2024-03-19 05:49,2024-03-19 06:19,2024-03-19 07:29
LAB706048,ENC102584,PT11903,CREAT,Creatinine,0.85,mg/dL,0.6,1.3,N,Routine,2024-03-19 05:42,2024-03-19 06:04,2024-03-19 07:55
LAB706049,ENC102584,PT11903,WBC,White Blood Cell Count,4.3,K/uL,4.5,11,L,STAT,2024-03-19 05:16,2024-03-19 05:20,2024-03-19 06:13
LAB706050,ENC102584,PT11903,HGB,Hemoglobin,12.6,g/dL,12,17.5,N,Routine,2024-03-19 06:16,2024-03-19 06:33,2024-03-19 08:57
LAB706051,ENC102584,PT11903,INR,Prothrombin Time INR,1.1,ratio,0.8,1.2,N,STAT,2024-03-19 05:32,2024-03-19 06:07,2024-03-19 06:22
LAB706052,ENC102585,PT13829,GLU,Glucose,216,mg/dL,70,99,H,STAT,2024-03-19 04:12,2024-03-19 04:18,2024-03-19 04:50
LAB706053,ENC102585,PT13829,CREAT,Creatinine,1.1,mg/dL,0.6,1.3,N,Routine,2024-03-19 05:14,2024-03-19 05:20,2024-03-19 09:00
LAB706054,ENC102585,PT13829,WBC,White Blood Cell Count,12.6,K/uL,4.5,11,H,STAT,2024-03-19 04:53,2024-03-19 05:10,2024-03-19 06:45
LAB706055,ENC102586,PT10695,GLU,Glucose,105,mg/dL,70,99,H,STAT,2024-03-19 11:43,2024-03-19 11:57,2024-03-19 12:18
LAB706056,ENC102586,PT10695,CREAT,Creatinine,1.04,mg/dL,0.6,1.3,N,STAT,2024-03-19 11:01,2024-03-19 11:27,2024-03-19 11:57
LAB706057,ENC102586,PT10695,WBC,White Blood Cell Count,8,K/uL,4.5,11,N,STAT,2024-03-19 11:18,2024-03-19 11:44,2024-03-19 12:22
LAB706058,ENC102586,PT10695,HGB,Hemoglobin,16.6,g/dL,12,17.5,N,STAT,2024-03-19 11:43,2024-03-19 12:12,2024-03-19 12:48
LAB706059,ENC102587,PT11018,GLU,Glucose,90,mg/dL,70,99,N,STAT,2024-03-19 08:36,2024-03-19 08:46,2024-03-19 09:45
LAB706060,ENC102587,PT11018,CREAT,Creatinine,0.88,mg/dL,0.6,1.3,N,Routine,2024-03-19 09:41,2024-03-19 10:03,2024-03-19 12:37
LAB706061,ENC102587,PT11018,WBC,White Blood Cell Count,10,K/uL,4.5,11,N,STAT,2024-03-19 09:02,2024-03-19 09:11,2024-03-19 09:52
LAB706062,ENC102587,PT11018,HGB,Hemoglobin,14.9,g/dL,12,17.5,N,Routine,2024-03-19 09:39,2024-03-19 10:14,2024-03-19 16:50
LAB706063,ENC102587,PT11018,NA,Sodium,138,mmol/L,136,145,N,STAT,2024-03-19 08:36,2024-03-19 09:11,2024-03-19 09:53
LAB706064,ENC102587,PT11018,K,Potassium,4.4,mmol/L,3.5,5.1,N,STAT,2024-03-19 08:58,2024-03-19 09:09,2024-03-19 09:32
LAB706065,ENC102588,PT13335,GLU,Glucose,111,mg/dL,70,99,H,Routine,2024-03-19 09:26,2024-03-19 09:47,2024-03-19 11:37
LAB706066,ENC102588,PT13335,CREAT,Creatinine,0.59,mg/dL,0.6,1.3,L,Routine,2024-03-19 09:38,2024-03-19 10:07,2024-03-19 13:01
LAB706067,ENC102588,PT13335,WBC,White Blood Cell Count,17.7,K/uL,4.5,11,H,Routine,2024-03-19 09:32,2024-03-19 09:42,2024-03-19 11:39
LAB706068,ENC102588,PT13335,HGB,Hemoglobin,13.5,g/dL,12,17.5,N,Routine,2024-03-19 09:19,2024-03-19 09:28,2024-03-19 16:24
LAB706069,ENC102589,PT12204,GLU,Glucose,91,mg/dL,70,99,N,STAT,2024-03-19 09:31,2024-03-19 09:50,2024-03-19 10:43
LAB706070,ENC102589,PT12204,CREAT,Creatinine,0.97,mg/dL,0.6,1.3,N,STAT,2024-03-19 09:20,2024-03-19 09:27,2024-03-19 09:51
LAB706071,ENC102589,PT12204,WBC,White Blood Cell Count,7.5,K/uL,4.5,11,N,STAT,2024-03-19 09:04,2024-03-19 09:17,2024-03-19 10:36
LAB706072,ENC102589,PT12204,HGB,Hemoglobin,13.2,g/dL,12,17.5,N,STAT,2024-03-19 08:52,2024-03-19 09:02,2024-03-19 10:25
LAB706073,ENC102591,PT11641,GLU,Glucose,125,mg/dL,70,99,H,STAT,2024-03-19 10:48,2024-03-19 11:13,2024-03-19 11:44
LAB706074,ENC102591,PT11641,CREAT,Creatinine,1.44,mg/dL,0.6,1.3,H,Routine,2024-03-19 10:25,2024-03-19 10:47,2024-03-19 13:54
LAB706075,ENC102591,PT11641,WBC,White Blood Cell Count,6,K/uL,4.5,11,N,STAT,2024-03-19 10:27,2024-03-19 10:59,2024-03-19 11:26
LAB706076,ENC102594,PT12752,GLU,Glucose,98,mg/dL,70,99,N,STAT,2024-03-19 12:03,2024-03-19 12:25,2024-03-19 13:00
LAB706077,ENC102594,PT12752,CREAT,Creatinine,0.7,mg/dL,0.6,1.3,N,Routine,2024-03-19 11:59,2024-03-19 12:06,2024-03-19 15:20
LAB706078,ENC102594,PT12752,WBC,White Blood Cell Count,8.5,K/uL,4.5,11,N,STAT,2024-03-19 12:09,2024-03-19 12:33,2024-03-19 13:51
LAB706079,ENC102594,PT12752,HGB,Hemoglobin,15.6,g/dL,12,17.5,N,Routine,2024-03-19 11:43,2024-03-19 12:01,2024-03-19 14:31
LAB706080,ENC102594,PT12752,TROP,"Troponin I, High Sensitivity",75,ng/L,0,34,H,STAT,2024-03-19 11:43,2024-03-19 12:16,2024-03-19 14:11
LAB706081,ENC102594,PT12752,BNP,B-Type Natriuretic Peptide,449,pg/mL,0,100,H,STAT,2024-03-19 12:02,2024-03-19 12:34,2024-03-19 13:11
LAB706082,ENC102595,PT11393,GLU,Glucose,166,mg/dL,70,99,H,STAT,2024-03-19 12:10,2024-03-19 12:26,2024-03-19 13:22
LAB706083,ENC102595,PT11393,CREAT,Creatinine,0.99,mg/dL,0.6,1.3,N,Routine,2024-03-19 12:00,2024-03-19 12:26,2024-03-19 16:08
LAB706084,ENC102595,PT11393,WBC,White Blood Cell Count,9,K/uL,4.5,11,N,STAT,2024-03-19 11:44,2024-03-19 12:04,2024-03-19 12:45
LAB706085,ENC102595,PT11393,HGB,Hemoglobin,13.8,g/dL,12,17.5,N,STAT,2024-03-19 12:35,2024-03-19 12:54,2024-03-19 13:58
LAB706086,ENC102595,PT11393,NA,Sodium,138,mmol/L,136,145,N,STAT,2024-03-19 12:08,2024-03-19 12:12,2024-03-19 12:35
LAB706087,ENC102595,PT11393,K,Potassium,3.8,mmol/L,3.5,5.1,N,STAT,2024-03-19 12:01,2024-03-19 12:08,2024-03-19 12:56
LAB706088,ENC102595,PT11393,LACT,Lactate,4.1,mmol/L,0.5,2,HH,STAT,2024-03-19 11:58,2024-03-19 12:26,2024-03-19 13:09
LAB706089,ENC102601,PT12499,GLU,Glucose,101,mg/dL,70,99,H,Routine,2024-03-19 15:18,2024-03-19 15:31,2024-03-19 17:44
LAB706090,ENC102601,PT12499,CREAT,Creatinine,0.87,mg/dL,0.6,1.3,N,STAT,2024-03-19 15:00,2024-03-19 15:19,2024-03-19 16:11
LAB706091,ENC102601,PT12499,WBC,White Blood Cell Count,8.2,K/uL,4.5,11,N,Routine,2024-03-19 15:10,2024-03-19 15:40,2024-03-19 18:40
LAB706092,ENC102601,PT12499,HGB,Hemoglobin,14.6,g/dL,12,17.5,N,STAT,2024-03-19 15:24,2024-03-19 15:50,2024-03-19 16:34
LAB706093,ENC102604,PT13843,GLU,Glucose,123,mg/dL,70,99,H,STAT,2024-03-19 19:20,2024-03-19 19:43,2024-03-19 20:37
LAB706094,ENC102604,PT13843,CREAT,Creatinine,0.78,mg/dL,0.6,1.3,N,Routine,2024-03-19 18:21,2024-03-19 18:45,2024-03-19 23:23
LAB706095,ENC102604,PT13843,WBC,White Blood Cell Count,9.3,K/uL,4.5,11,N,STAT,2024-03-19 18:46,2024-03-19 19:06,2024-03-19 19:41
LAB706096,ENC102604,PT13843,HGB,Hemoglobin,14.1,g/dL,12,17.5,N,STAT,2024-03-19 18:16,2024-03-19 18:30,2024-03-19 20:05
LAB706097,ENC102604,PT13843,TROP,"Troponin I, High Sensitivity",91,ng/L,0,34,H,STAT,2024-03-19 19:00,2024-03-19 19:15,2024-03-19 20:09
LAB706098,ENC102604,PT13843,BNP,B-Type Natriuretic Peptide,237,pg/mL,0,100,H,Routine,2024-03-19 19:08,2024-03-19 19:32,2024-03-20 03:38
LAB706099,ENC102608,PT13123,GLU,Glucose,91,mg/dL,70,99,N,STAT,2024-03-19 22:02,2024-03-19 22:25,2024-03-19 22:53
LAB706100,ENC102608,PT13123,CREAT,Creatinine,0.84,mg/dL,0.6,1.3,N,STAT,2024-03-19 22:04,2024-03-19 22:34,2024-03-19 23:50
LAB706101,ENC102608,PT13123,WBC,White Blood Cell Count,7.6,K/uL,4.5,11,N,STAT,2024-03-19 21:08,2024-03-19 21:19,2024-03-19 21:48
LAB706102,ENC102608,PT13123,HGB,Hemoglobin,10.8,g/dL,12,17.5,L,Routine,2024-03-19 21:43,2024-03-19 21:57,2024-03-19 23:44
LAB706103,ENC102610,PT10455,GLU,Glucose,117,mg/dL,70,99,H,STAT,2024-03-19 18:51,2024-03-19 19:01,2024-03-19 19:46
LAB706104,ENC102610,PT10455,CREAT,Creatinine,0.84,mg/dL,0.6,1.3,N,Routine,2024-03-19 19:19,2024-03-19 19:45,2024-03-19 22:10
LAB706105,ENC102610,PT10455,WBC,White Blood Cell Count,8,K/uL,4.5,11,N,Routine,2024-03-19 19:34,2024-03-19 19:49,2024-03-19 22:24
LAB706106,ENC102610,PT10455,HGB,Hemoglobin,13.8,g/dL,12,17.5,N,STAT,2024-03-19 19:09,2024-03-19 19:21,2024-03-19 19:52
LAB706107,ENC102611,PT11167,GLU,Glucose,188,mg/dL,70,99,H,Routine,2024-03-19 23:53,2024-03-20 00:28,2024-03-20 02:46
LAB706108,ENC102611,PT11167,CREAT,Creatinine,1.16,mg/dL,0.6,1.3,N,STAT,2024-03-19 23:45,2024-03-19 23:58,2024-03-20 01:36
LAB706109,ENC102611,PT11167,WBC,White Blood Cell Count,5.5,K/uL,4.5,11,N,STAT,2024-03-19 23:34,2024-03-19 23:44,2024-03-20 00:28
LAB706110,ENC102611,PT11167,HGB,Hemoglobin,12.1,g/dL,12,17.5,N,Routine,2024-03-19 23:46,2024-03-19 23:52,2024-03-20 04:30
LAB706111,ENC102611,PT11167,NA,Sodium,137,mmol/L,136,145,N,Routine,2024-03-19 23:34,2024-03-19 23:41,2024-03-20 02:41
LAB706112,ENC102611,PT11167,K,Potassium,4,mmol/L,3.5,5.1,N,STAT,2024-03-19 23:49,2024-03-20 00:11,2024-03-20 01:04
LAB706113,ENC102612,PT10886,GLU,Glucose,177,mg/dL,70,99,H,STAT,2024-03-19 20:13,2024-03-19 20:32,2024-03-19 21:09
LAB706114,ENC102612,PT10886,CREAT,Creatinine,0.97,mg/dL,0.6,1.3,N,Routine,2024-03-19 20:21,2024-03-19 20:47,2024-03-19 23:28
LAB706115,ENC102612,PT10886,WBC,White Blood Cell Count,9.9,K/uL,4.5,11,N,STAT,2024-03-19 19:44,2024-03-19 19:52,2024-03-19 20:32
LAB706116,ENC102613,PT10987,GLU,Glucose,105,mg/dL,70,99,H,STAT,2024-03-19 23:37,2024-03-19 23:47,2024-03-20 00:18
LAB706117,ENC102613,PT10987,CREAT,Creatinine,0.87,mg/dL,0.6,1.3,N,STAT,2024-03-19 22:40,2024-03-19 22:51,2024-03-20 00:01
LAB706118,ENC102613,PT10987,WBC,White Blood Cell Count,18.1,K/uL,4.5,11,H,STAT,2024-03-19 22:34,2024-03-19 22:50,2024-03-19 23:25
LAB706119,ENC102613,PT10987,HGB,Hemoglobin,14.1,g/dL,12,17.5,N,STAT,2024-03-19 22:46,2024-03-19 23:13,2024-03-19 23:51
LAB706120,ENC102614,PT11218,GLU,Glucose,124,mg/dL,70,99,H,STAT,2024-03-20 01:19,2024-03-20 01:44,2024-03-20 03:12
LAB706121,ENC102614,PT11218,CREAT,Creatinine,0.97,mg/dL,0.6,1.3,N,STAT,2024-03-20 00:59,2024-03-20 01:34,2024-03-20 02:07
LAB706122,ENC102614,PT11218,WBC,White Blood Cell Count,10.8,K/uL,4.5,11,N,STAT,2024-03-20 01:06,2024-03-20 01:33,2024-03-20 02:23
LAB706123,ENC102614,PT11218,HGB,Hemoglobin,15.9,g/dL,12,17.5,N,STAT,2024-03-20 01:31,2024-03-20 02:03,2024-03-20 03:03
LAB706124,ENC102614,PT11218,BUN,Blood Urea Nitrogen,14,mg/dL,7,20,N,STAT,2024-03-20 00:58,2024-03-20 01:15,2024-03-20 01:43
LAB706125,ENC102614,PT11218,PLT,Platelet Count,328,K/uL,150,400,N,Routine,2024-03-20 01:07,2024-03-20 01:28,2024-03-20 03:14
LAB706126,ENC102615,PT12973,GLU,Glucose,107,mg/dL,70,99,H,STAT,2024-03-19 21:57,2024-03-19 22:02,2024-03-19 22:23
LAB706127,ENC102615,PT12973,CREAT,Creatinine,1.33,mg/dL,0.6,1.3,H,STAT,2024-03-19 22:04,2024-03-19 22:31,2024-03-19 23:11
LAB706128,ENC102615,PT12973,WBC,White Blood Cell Count,6.8,K/uL,4.5,11,N,Routine,2024-03-19 21:32,2024-03-19 21:45,2024-03-19 23:57
LAB706129,ENC102615,PT12973,HGB,Hemoglobin,12.3,g/dL,12,17.5,N,STAT,2024-03-19 21:33,2024-03-19 21:52,2024-03-19 22:24
LAB706130,ENC102615,PT12973,NA,Sodium,136,mmol/L,136,145,N,Routine,2024-03-19 22:24,2024-03-19 22:37,2024-03-20 02:11
LAB706131,ENC102615,PT12973,K,Potassium,4.5,mmol/L,3.5,5.1,N,STAT,2024-03-19 21:36,2024-03-19 22:00,2024-03-19 22:27
LAB706132,ENC102615,PT12973,INR,Prothrombin Time INR,1.6,ratio,0.8,1.2,H,STAT,2024-03-19 22:06,2024-03-19 22:38,2024-03-19 23:02
LAB706133,ENC102618,PT10939,GLU,Glucose,90,mg/dL,70,99,N,STAT,2024-03-20 02:25,2024-03-20 02:32,2024-03-20 03:31
LAB706134,ENC102618,PT10939,CREAT,Creatinine,0.92,mg/dL,0.6,1.3,N,STAT,2024-03-20 02:20,2024-03-20 02:55,2024-03-20 03:48
LAB706135,ENC102618,PT10939,WBC,White Blood Cell Count,7.1,K/uL,4.5,11,N,STAT,2024-03-20 02:41,2024-03-20 02:48,2024-03-20 03:18
LAB706136,ENC102618,PT10939,HGB,Hemoglobin,13.4,g/dL,12,17.5,N,STAT,2024-03-20 03:04,2024-03-20 03:23,2024-03-20 04:05
LAB706137,ENC102618,PT10939,NA,Sodium,140,mmol/L,136,145,N,STAT,2024-03-20 03:16,2024-03-20 03:36,2024-03-20 04:03
LAB706138,ENC102618,PT10939,K,Potassium,4.3,mmol/L,3.5,5.1,N,STAT,2024-03-20 02:49,2024-03-20 03:16,2024-03-20 04:16
LAB706139,ENC102619,PT10346,GLU,Glucose,84,mg/dL,70,99,N,STAT,2024-03-20 01:25,2024-03-20 01:30,2024-03-20 02:31
LAB706140,ENC102619,PT10346,CREAT,Creatinine,2.85,mg/dL,0.6,1.3,H,STAT,2024-03-20 01:05,2024-03-20 01:25,2024-03-20 02:20
LAB706141,ENC102619,PT10346,WBC,White Blood Cell Count,6.3,K/uL,4.5,11,N,STAT,2024-03-20 02:01,2024-03-20 02:12,2024-03-20 03:08
LAB706142,ENC102619,PT10346,HGB,Hemoglobin,10,g/dL,12,17.5,L,STAT,2024-03-20 01:01,2024-03-20 01:09,2024-03-20 01:30
LAB706143,ENC102619,PT10346,NA,Sodium,139,mmol/L,136,145,N,Routine,2024-03-20 01:52,2024-03-20 02:08,2024-03-20 05:33
LAB706144,ENC102619,PT10346,K,Potassium,4,mmol/L,3.5,5.1,N,STAT,2024-03-20 01:10,2024-03-20 01:40,2024-03-20 02:20
LAB706145,ENC102620,PT10707,GLU,Glucose,117,mg/dL,70,99,H,STAT,2024-03-20 02:14,2024-03-20 02:28,2024-03-20 02:58
LAB706146,ENC102620,PT10707,CREAT,Creatinine,1.15,mg/dL,0.6,1.3,N,Routine,2024-03-20 02:04,2024-03-20 02:26,2024-03-20 05:33
LAB706147,ENC102620,PT10707,WBC,White Blood Cell Count,5.9,K/uL,4.5,11,N,Routine,2024-03-20 01:55,2024-03-20 02:24,2024-03-20 07:17
LAB706148,ENC102620,PT10707,HGB,Hemoglobin,15.3,g/dL,12,17.5,N,Routine,2024-03-20 01:35,2024-03-20 02:08,2024-03-20 05:23
LAB706149,ENC102621,PT13240,GLU,Glucose,106,mg/dL,70,99,H,Routine,2024-03-20 07:39,2024-03-20 07:52,2024-03-20 10:05
LAB706150,ENC102621,PT13240,CREAT,Creatinine,0.78,mg/dL,0.6,1.3,N,Routine,2024-03-20 07:41,2024-03-20 07:53,2024-03-20 10:48
LAB706151,ENC102621,PT13240,WBC,White Blood Cell Count,8,K/uL,4.5,11,N,STAT,2024-03-20 07:17,2024-03-20 07:24,2024-03-20 07:45
LAB706152,ENC102621,PT13240,HGB,Hemoglobin,13.1,g/dL,12,17.5,N,STAT,2024-03-20 07:43,2024-03-20 07:57,2024-03-20 08:51
LAB706153,ENC102623,PT11573,GLU,Glucose,163,mg/dL,70,99,H,STAT,2024-03-20 09:36,2024-03-20 09:59,2024-03-20 10:14
LAB706154,ENC102623,PT11573,CREAT,Creatinine,1.11,mg/dL,0.6,1.3,N,STAT,2024-03-20 09:25,2024-03-20 09:53,2024-03-20 10:53
LAB706155,ENC102625,PT10516,GLU,Glucose,101,mg/dL,70,99,H,Routine,2024-03-20 12:13,2024-03-20 12:48,2024-03-20 14:25
LAB706156,ENC102625,PT10516,CREAT,Creatinine,1.02,mg/dL,0.6,1.3,N,Routine,2024-03-20 12:27,2024-03-20 12:38,2024-03-20 15:11
LAB706157,ENC102625,PT10516,WBC,White Blood Cell Count,7,K/uL,4.5,11,N,Routine,2024-03-20 11:58,2024-03-20 12:28,2024-03-20 15:32
LAB706158,ENC102625,PT10516,HGB,Hemoglobin,14,g/dL,12,17.5,N,STAT,2024-03-20 12:18,2024-03-20 12:42,2024-03-20 13:43
LAB706159,ENC102625,PT10516,LACT,Lactate,1.5,mmol/L,0.5,2,N,STAT,2024-03-20 12:09,2024-03-20 12:16,2024-03-20 12:49
LAB706160,ENC102627,PT10338,WBC,White Blood Cell Count,8.2,K/uL,4.5,11,N,Routine,2024-03-20 10:06,2024-03-20 10:33,2024-03-20 13:41
LAB706161,ENC102627,PT10338,HGB,Hemoglobin,11.1,g/dL,12,17.5,L,Routine,2024-03-20 10:30,2024-03-20 11:01,2024-03-20 13:45
LAB706162,ENC102627,PT10338,PLT,Platelet Count,388,K/uL,150,400,N,Routine,2024-03-20 10:06,2024-03-20 10:25,2024-03-20 15:19
LAB706163,ENC102632,PT11308,A1C,Hemoglobin A1c,9.2,%,4,5.6,H,Routine,2024-03-20 13:11,2024-03-20 13:41,2024-03-21 08:36
LAB706164,ENC102632,PT11308,GLU,Glucose,376,mg/dL,70,99,H,Routine,2024-03-20 13:20,2024-03-20 13:41,2024-03-20 16:54
LAB706165,ENC102632,PT11308,CREAT,Creatinine,1.16,mg/dL,0.6,1.3,N,Routine,2024-03-20 13:24,2024-03-20 13:55,2024-03-20 19:14
LAB706166,ENC102634,PT13866,GLU,Glucose,94,mg/dL,70,99,N,STAT,2024-03-20 16:48,2024-03-20 17:14,2024-03-20 17:53
LAB706167,ENC102634,PT13866,CREAT,Creatinine,0.95,mg/dL,0.6,1.3,N,Routine,2024-03-20 16:27,2024-03-20 16:41,2024-03-20 18:50
LAB706168,ENC102634,PT13866,WBC,White Blood Cell Count,11.7,K/uL,4.5,11,H,STAT,2024-03-20 16:19,2024-03-20 16:26,2024-03-20 17:32
LAB706169,ENC102634,PT13866,HGB,Hemoglobin,13.9,g/dL,12,17.5,N,STAT,2024-03-20 15:58,2024-03-20 16:20,2024-03-20 17:34
LAB706170,ENC102635,PT11894,GLU,Glucose,127,mg/dL,70,99,H,STAT,2024-03-20 18:29,2024-03-20 18:37,2024-03-20 19:53
LAB706171,ENC102635,PT11894,CREAT,Creatinine,0.45,mg/dL,0.6,1.3,L,Routine,2024-03-20 17:50,2024-03-20 18:24,2024-03-20 20:32
LAB706172,ENC102635,PT11894,WBC,White Blood Cell Count,4.8,K/uL,4.5,11,N,STAT,2024-03-20 18:27,2024-03-20 18:34,2024-03-20 19:45
LAB706173,ENC102635,PT11894,HGB,Hemoglobin,11.8,g/dL,12,17.5,L,STAT,2024-03-20 18:21,2024-03-20 18:42,2024-03-20 19:32
LAB706174,ENC102639,PT12647,A1C,Hemoglobin A1c,9.5,%,4,5.6,H,Routine,2024-03-20 14:54,2024-03-20 15:05,2024-03-22 17:05
LAB706175,ENC102639,PT12647,GLU,Glucose,257,mg/dL,70,99,H,Routine,2024-03-20 15:15,2024-03-20 15:37,2024-03-20 22:27
LAB706176,ENC102639,PT12647,CREAT,Creatinine,0.84,mg/dL,0.6,1.3,N,Routine,2024-03-20 15:03,2024-03-20 15:14,2024-03-20 18:21
LAB706177,ENC102640,PT10070,GLU,Glucose,77,mg/dL,70,99,N,Routine,2024-03-20 18:49,2024-03-20 19:18,2024-03-20 20:46
LAB706178,ENC102640,PT10070,CREAT,Creatinine,1.21,mg/dL,0.6,1.3,N,Routine,2024-03-20 19:22,2024-03-20 19:45,2024-03-20 22:30
LAB706179,ENC102640,PT10070,WBC,White Blood Cell Count,13.3,K/uL,4.5,11,H,Routine,2024-03-20 18:45,2024-03-20 19:09,2024-03-20 20:14
LAB706180,ENC102640,PT10070,HGB,Hemoglobin,15.3,g/dL,12,17.5,N,Routine,2024-03-20 18:33,2024-03-20 18:42,2024-03-20 23:38
LAB706181,ENC102642,PT11565,GLU,Glucose,130,mg/dL,70,99,H,Routine,2024-03-20 16:30,2024-03-20 16:42,2024-03-20 19:54
LAB706182,ENC102642,PT11565,CREAT,Creatinine,0.85,mg/dL,0.6,1.3,N,STAT,2024-03-20 16:20,2024-03-20 16:38,2024-03-20 18:03
LAB706183,ENC102642,PT11565,WBC,White Blood Cell Count,9.3,K/uL,4.5,11,N,Routine,2024-03-20 15:47,2024-03-20 15:53,2024-03-20 17:35
LAB706184,ENC102642,PT11565,HGB,Hemoglobin,13.4,g/dL,12,17.5,N,STAT,2024-03-20 15:54,2024-03-20 16:11,2024-03-20 16:41
LAB706185,ENC102643,PT12335,GLU,Glucose,206,mg/dL,70,99,H,Routine,2024-03-20 16:35,2024-03-20 17:08,2024-03-20 18:33
LAB706186,ENC102643,PT12335,CREAT,Creatinine,0.85,mg/dL,0.6,1.3,N,Routine,2024-03-20 16:59,2024-03-20 17:27,2024-03-20 22:24
LAB706187,ENC102643,PT12335,WBC,White Blood Cell Count,7.5,K/uL,4.5,11,N,STAT,2024-03-20 16:50,2024-03-20 17:25,2024-03-20 18:08
LAB706188,ENC102643,PT12335,HGB,Hemoglobin,14.6,g/dL,12,17.5,N,STAT,2024-03-20 16:26,2024-03-20 16:54,2024-03-20 17:47
LAB706189,ENC102643,PT12335,NA,Sodium,139,mmol/L,136,145,N,Routine,2024-03-20 17:15,2024-03-20 17:36,2024-03-20 19:52
LAB706190,ENC102643,PT12335,K,Potassium,4.3,mmol/L,3.5,5.1,N,STAT,2024-03-20 16:40,2024-03-20 17:02,2024-03-20 17:35
LAB706191,ENC102644,PT10756,GLU,Glucose,127,mg/dL,70,99,H,STAT,2024-03-20 16:54,2024-03-20 17:12,2024-03-20 18:02
LAB706192,ENC102644,PT10756,CREAT,Creatinine,1.11,mg/dL,0.6,1.3,N,Routine,2024-03-20 17:22,2024-03-20 17:26,2024-03-20 21:06
LAB706193,ENC102646,PT11540,GLU,Glucose,178,mg/dL,70,99,H,STAT,2024-03-20 17:33,2024-03-20 18:04,2024-03-20 18:50
LAB706194,ENC102646,PT11540,CREAT,Creatinine,0.82,mg/dL,0.6,1.3,N,STAT,2024-03-20 17:30,2024-03-20 17:38,2024-03-20 18:40
LAB706195,ENC102646,PT11540,TROP,"Troponin I, High Sensitivity",10,ng/L,0,34,N,STAT,2024-03-20 18:07,2024-03-20 18:19,2024-03-20 19:14
LAB706196,ENC102647,PT13656,GLU,Glucose,158,mg/dL,70,99,H,STAT,2024-03-20 20:49,2024-03-20 21:19,2024-03-20 22:35
LAB706197,ENC102647,PT13656,CREAT,Creatinine,1.04,mg/dL,0.6,1.3,N,Routine,2024-03-20 21:04,2024-03-20 21:39,2024-03-21 00:29
LAB706198,ENC102647,PT13656,WBC,White Blood Cell Count,3.6,K/uL,4.5,11,L,STAT,2024-03-20 21:03,2024-03-20 21:22,2024-03-20 22:41
LAB706199,ENC102647,PT13656,HGB,Hemoglobin,13.8,g/dL,12,17.5,N,STAT,2024-03-20 21:29,2024-03-20 21:51,2024-03-20 22:42
LAB706200,ENC102647,PT13656,NA,Sodium,142,mmol/L,136,145,N,STAT,2024-03-20 21:18,2024-03-20 21:27,2024-03-20 21:59
LAB706201,ENC102647,PT13656,K,Potassium,4.1,mmol/L,3.5,5.1,N,STAT,2024-03-20 21:39,2024-03-20 21:51,2024-03-20 22:17
LAB706202,ENC102647,PT13656,LACT,Lactate,4.4,mmol/L,0.5,2,HH,STAT,2024-03-20 21:38,2024-03-20 21:43,2024-03-20 22:10
LAB706203,ENC102648,PT13735,GLU,Glucose,125,mg/dL,70,99,H,Routine,2024-03-20 22:00,2024-03-20 22:11,2024-03-21 00:11
LAB706204,ENC102648,PT13735,CREAT,Creatinine,1.07,mg/dL,0.6,1.3,N,Routine,2024-03-20 22:35,2024-03-20 22:53,2024-03-21 03:18
LAB706205,ENC102648,PT13735,WBC,White Blood Cell Count,9.2,K/uL,4.5,11,N,Routine,2024-03-20 22:15,2024-03-20 22:33,2024-03-20 23:57
LAB706206,ENC102648,PT13735,HGB,Hemoglobin,15.4,g/dL,12,17.5,N,STAT,2024-03-20 22:00,2024-03-20 22:05,2024-03-20 23:29
LAB706207,ENC102648,PT13735,TROP,"Troponin I, High Sensitivity",219,ng/L,0,34,H,STAT,2024-03-20 22:08,2024-03-20 22:37,2024-03-20 23:20
LAB706208,ENC102649,PT11382,GLU,Glucose,85,mg/dL,70,99,N,STAT,2024-03-20 20:40,2024-03-20 20:45,2024-03-20 21:15
LAB706209,ENC102649,PT11382,CREAT,Creatinine,0.88,mg/dL,0.6,1.3,N,Routine,2024-03-20 20:17,2024-03-20 20:26,2024-03-21 00:14
LAB706210,ENC102649,PT11382,WBC,White Blood Cell Count,6.2,K/uL,4.5,11,N,STAT,2024-03-20 20:25,2024-03-20 20:55,2024-03-20 21:25
LAB706211,ENC102649,PT11382,HGB,Hemoglobin,14.5,g/dL,12,17.5,N,STAT,2024-03-20 20:16,2024-03-20 20:24,2024-03-20 20:42
LAB706212,ENC102649,PT11382,NA,Sodium,136,mmol/L,136,145,N,Routine,2024-03-20 20:15,2024-03-20 20:35,2024-03-20 23:11
LAB706213,ENC102649,PT11382,K,Potassium,3.4,mmol/L,3.5,5.1,L,STAT,2024-03-20 20:49,2024-03-20 21:13,2024-03-20 22:23
LAB706214,ENC102650,PT10901,GLU,Glucose,132,mg/dL,70,99,H,STAT,2024-03-20 23:27,2024-03-20 23:51,2024-03-21 00:45
LAB706215,ENC102650,PT10901,CREAT,Creatinine,2.26,mg/dL,0.6,1.3,H,Routine,2024-03-20 23:33,2024-03-21 00:00,2024-03-21 03:53
LAB706216,ENC102650,PT10901,WBC,White Blood Cell Count,5.9,K/uL,4.5,11,N,STAT,2024-03-20 23:59,2024-03-21 00:14,2024-03-21 00:34
LAB706217,ENC102650,PT10901,HGB,Hemoglobin,10.7,g/dL,12,17.5,L,Routine,2024-03-20 23:33,2024-03-21 00:08,2024-03-21 02:06
LAB706218,ENC102651,PT11001,GLU,Glucose,57,mg/dL,70,99,L,Routine,2024-03-20 23:38,2024-03-21 00:08,2024-03-21 02:45
LAB706219,ENC102651,PT11001,CREAT,Creatinine,1.02,mg/dL,0.6,1.3,N,STAT,2024-03-21 00:15,2024-03-21 00:20,2024-03-21 01:31
LAB706220,ENC102651,PT11001,WBC,White Blood Cell Count,7,K/uL,4.5,11,N,Routine,2024-03-20 23:24,2024-03-20 23:46,2024-03-21 04:00
LAB706221,ENC102651,PT11001,HGB,Hemoglobin,15.8,g/dL,12,17.5,N,Routine,2024-03-20 23:36,2024-03-20 23:53,2024-03-21 01:11
LAB706222,ENC102653,PT12688,GLU,Glucose,106,mg/dL,70,99,H,Routine,2024-03-20 22:30,2024-03-20 23:04,2024-03-21 02:16
LAB706223,ENC102653,PT12688,CREAT,Creatinine,1.15,mg/dL,0.6,1.3,N,STAT,2024-03-20 22:30,2024-03-20 22:43,2024-03-21 00:09
LAB706224,ENC102654,PT10279,GLU,Glucose,104,mg/dL,70,99,H,Routine,2024-03-20 22:11,2024-03-20 22:15,2024-03-21 00:05
LAB706225,ENC102654,PT10279,CREAT,Creatinine,0.38,mg/dL,0.6,1.3,L,Routine,2024-03-20 22:10,2024-03-20 22:28,2024-03-21 02:03
LAB706226,ENC102655,PT11247,GLU,Glucose,110,mg/dL,70,99,H,Routine,2024-03-20 23:26,2024-03-20 23:43,2024-03-21 02:42
LAB706227,ENC102655,PT11247,CREAT,Creatinine,0.38,mg/dL,0.6,1.3,L,Routine,2024-03-20 22:53,2024-03-20 23:09,2024-03-21 01:26
LAB706228,ENC102656,PT12410,GLU,Glucose,108,mg/dL,70,99,H,Routine,2024-03-21 01:51,2024-03-21 01:58,2024-03-21 04:06
LAB706229,ENC102656,PT12410,CREAT,Creatinine,1.18,mg/dL,0.6,1.3,N,Routine,2024-03-21 01:57,2024-03-21 02:20,2024-03-21 06:10
LAB706230,ENC102657,PT10794,GLU,Glucose,473,mg/dL,70,99,H,Routine,2024-03-21 06:59,2024-03-21 07:17,2024-03-21 10:26
LAB706231,ENC102657,PT10794,CREAT,Creatinine,2.01,mg/dL,0.6,1.3,H,STAT,2024-03-21 06:50,2024-03-21 07:22,2024-03-21 07:56
LAB706232,ENC102657,PT10794,A1C,Hemoglobin A1c,10,%,4,5.6,H,Routine,2024-03-21 07:09,2024-03-21 07:27,2024-03-21 15:14
LAB706233,ENC102658,PT11760,LDL,LDL Cholesterol,116,mg/dL,0,99,H,Routine,2024-03-21 08:07,2024-03-21 08:18,2024-03-22 06:55
LAB706234,ENC102658,PT11760,A1C,Hemoglobin A1c,5.1,%,4,5.6,N,Routine,2024-03-21 08:14,2024-03-21 08:20,2024-03-22 01:11
LAB706235,ENC102658,PT11760,TSH,Thyroid Stimulating Hormone,2.36,mIU/L,0.4,4,N,Routine,2024-03-21 08:30,2024-03-21 09:05,2024-03-22 19:27
LAB706236,ENC102663,PT12678,INR,Prothrombin Time INR,1,ratio,0.8,1.2,N,Routine,2024-03-21 12:32,2024-03-21 12:38,2024-03-21 18:05
LAB706237,ENC102665,PT11970,GLU,Glucose,93,mg/dL,70,99,N,STAT,2024-03-21 13:17,2024-03-21 13:49,2024-03-21 14:16
LAB706238,ENC102665,PT11970,CREAT,Creatinine,1.37,mg/dL,0.6,1.3,H,Routine,2024-03-21 14:00,2024-03-21 14:18,2024-03-21 16:58
LAB706239,ENC102665,PT11970,WBC,White Blood Cell Count,15,K/uL,4.5,11,H,STAT,2024-03-21 13:55,2024-03-21 14:21,2024-03-21 15:59
LAB706240,ENC102665,PT11970,HGB,Hemoglobin,12,g/dL,12,17.5,N,STAT,2024-03-21 13:36,2024-03-21 13:48,2024-03-21 14:54
LAB706241,ENC102666,PT12209,LDL,LDL Cholesterol,150,mg/dL,0,99,H,Routine,2024-03-21 13:34,2024-03-21 13:54,2024-03-22 07:48
LAB706242,ENC102666,PT12209,A1C,Hemoglobin A1c,6.6,%,4,5.6,H,Routine,2024-03-21 13:38,2024-03-21 14:08,2024-03-22 13:10
LAB706243,ENC102666,PT12209,TSH,Thyroid Stimulating Hormone,0.88,mIU/L,0.4,4,N,Routine,2024-03-21 13:25,2024-03-21 13:58,2024-03-22 10:19
LAB706244,ENC102668,PT11758,GLU,Glucose,103,mg/dL,70,99,H,STAT,2024-03-21 14:56,2024-03-21 15:13,2024-03-21 15:52
LAB706245,ENC102668,PT11758,CREAT,Creatinine,0.6,mg/dL,0.6,1.3,N,Routine,2024-03-21 15:42,2024-03-21 16:10,2024-03-21 17:22
LAB706246,ENC102668,PT11758,WBC,White Blood Cell Count,7.2,K/uL,4.5,11,N,Routine,2024-03-21 15:47,2024-03-21 15:53,2024-03-21 18:15
LAB706247,ENC102668,PT11758,HGB,Hemoglobin,13.1,g/dL,12,17.5,N,STAT,2024-03-21 15:03,2024-03-21 15:28,2024-03-21 15:54
LAB706248,ENC102668,PT11758,INR,Prothrombin Time INR,1.2,ratio,0.8,1.2,N,Routine,2024-03-21 14:52,2024-03-21 15:23,2024-03-21 17:46
LAB706249,ENC102673,PT10706,A1C,Hemoglobin A1c,8.6,%,4,5.6,H,Routine,2024-03-21 15:38,2024-03-21 15:54,2024-03-22 04:22
LAB706250,ENC102673,PT10706,GLU,Glucose,447,mg/dL,70,99,H,Routine,2024-03-21 15:36,2024-03-21 15:42,2024-03-21 21:45
LAB706251,ENC102673,PT10706,CREAT,Creatinine,0.9,mg/dL,0.6,1.3,N,Routine,2024-03-21 15:43,2024-03-21 15:53,2024-03-21 22:09
LAB706252,ENC102674,PT13659,LDL,LDL Cholesterol,153,mg/dL,0,99,H,Routine,2024-03-21 16:13,2024-03-21 16:32,2024-03-22 04:11
LAB706253,ENC102676,PT10402,GLU,Glucose,76,mg/dL,70,99,N,STAT,2024-03-21 16:24,2024-03-21 16:46,2024-03-21 17:42
LAB706254,ENC102676,PT10402,CREAT,Creatinine,0.48,mg/dL,0.6,1.3,L,Routine,2024-03-21 16:38,2024-03-21 16:58,2024-03-21 23:36
LAB706255,ENC102676,PT10402,WBC,White Blood Cell Count,14.4,K/uL,4.5,11,H,STAT,2024-03-21 16:15,2024-03-21 16:19,2024-03-21 17:20
LAB706256,ENC102678,PT10769,A1C,Hemoglobin A1c,11,%,4,5.6,H,Routine,2024-03-21 16:24,2024-03-21 16:53,2024-03-22 19:20
LAB706257,ENC102678,PT10769,GLU,Glucose,244,mg/dL,70,99,H,Routine,2024-03-21 16:45,2024-03-21 16:53,2024-03-21 20:16
LAB706258,ENC102678,PT10769,CREAT,Creatinine,1.36,mg/dL,0.6,1.3,H,Routine,2024-03-21 16:31,2024-03-21 16:44,2024-03-22 00:01
LAB706259,ENC102679,PT10338,GLU,Glucose,174,mg/dL,70,99,H,STAT,2024-03-21 21:07,2024-03-21 21:30,2024-03-21 22:22
LAB706260,ENC102679,PT10338,CREAT,Creatinine,0.63,mg/dL,0.6,1.3,N,STAT,2024-03-21 20:54,2024-03-21 20:58,2024-03-21 21:28
LAB706261,ENC102679,PT10338,WBC,White Blood Cell Count,5.3,K/uL,4.5,11,N,STAT,2024-03-21 21:37,2024-03-21 21:58,2024-03-21 22:51
LAB706262,ENC102679,PT10338,HGB,Hemoglobin,8.6,g/dL,12,17.5,L,Routine,2024-03-21 20:45,2024-03-21 20:59,2024-03-21 23:39
LAB706263,ENC102680,PT13773,GLU,Glucose,97,mg/dL,70,99,N,STAT,2024-03-21 17:43,2024-03-21 18:04,2024-03-21 18:45
LAB706264,ENC102680,PT13773,CREAT,Creatinine,1,mg/dL,0.6,1.3,N,Routine,2024-03-21 17:05,2024-03-21 17:17,2024-03-21 20:25
LAB706265,ENC102680,PT13773,WBC,White Blood Cell Count,5.3,K/uL,4.5,11,N,STAT,2024-03-21 17:34,2024-03-21 18:02,2024-03-21 18:53
LAB706266,ENC102680,PT13773,HGB,Hemoglobin,13.7,g/dL,12,17.5,N,STAT,2024-03-21 17:28,2024-03-21 18:01,2024-03-21 18:53
LAB706267,ENC102681,PT11913,GLU,Glucose,112,mg/dL,70,99,H,STAT,2024-03-21 18:18,2024-03-21 18:52,2024-03-21 19:45
LAB706268,ENC102681,PT11913,CREAT,Creatinine,1.93,mg/dL,0.6,1.3,H,STAT,2024-03-21 18:19,2024-03-21 18:40,2024-03-21 19:31
LAB706269,ENC102681,PT11913,WBC,White Blood Cell Count,11.1,K/uL,4.5,11,H,Routine,2024-03-21 17:25,2024-03-21 17:43,2024-03-21 21:59
LAB706270,ENC102682,PT11368,GLU,Glucose,114,mg/dL,70,99,H,Routine,2024-03-21 22:45,2024-03-21 23:18,2024-03-22 01:51
LAB706271,ENC102682,PT11368,CREAT,Creatinine,3.14,mg/dL,0.6,1.3,H,STAT,2024-03-21 23:05,2024-03-21 23:21,2024-03-22 00:41
LAB706272,ENC102682,PT11368,WBC,White Blood Cell Count,10,K/uL,4.5,11,N,STAT,2024-03-21 23:09,2024-03-21 23:27,2024-03-22 00:00
LAB706273,ENC102682,PT11368,HGB,Hemoglobin,13,g/dL,12,17.5,N,STAT,2024-03-21 23:24,2024-03-21 23:35,2024-03-22 00:14
LAB706274,ENC102683,PT10454,GLU,Glucose,122,mg/dL,70,99,H,STAT,2024-03-21 22:16,2024-03-21 22:26,2024-03-21 23:58
LAB706275,ENC102683,PT10454,CREAT,Creatinine,1.09,mg/dL,0.6,1.3,N,Routine,2024-03-21 22:42,2024-03-21 23:05,2024-03-22 00:09
LAB706276,ENC102683,PT10454,WBC,White Blood Cell Count,7.1,K/uL,4.5,11,N,STAT,2024-03-21 22:01,2024-03-21 22:28,2024-03-21 23:40
LAB706277,ENC102683,PT10454,HGB,Hemoglobin,15.4,g/dL,12,17.5,N,Routine,2024-03-21 22:32,2024-03-21 22:40,2024-03-22 02:09
LAB706278,ENC102683,PT10454,NA,Sodium,145,mmol/L,136,145,N,Routine,2024-03-21 22:41,2024-03-21 23:06,2024-03-22 00:06
LAB706279,ENC102683,PT10454,K,Potassium,4.3,mmol/L,3.5,5.1,N,STAT,2024-03-21 22:33,2024-03-21 22:39,2024-03-21 23:08
LAB706280,ENC102684,PT11517,GLU,Glucose,101,mg/dL,70,99,H,STAT,2024-03-21 18:47,2024-03-21 19:22,2024-03-21 19:47
LAB706281,ENC102684,PT11517,CREAT,Creatinine,1.25,mg/dL,0.6,1.3,N,Routine,2024-03-21 19:01,2024-03-21 19:34,2024-03-21 23:43
LAB706282,ENC102684,PT11517,WBC,White Blood Cell Count,5.4,K/uL,4.5,11,N,Routine,2024-03-21 18:50,2024-03-21 19:04,2024-03-21 22:23
LAB706283,ENC102684,PT11517,HGB,Hemoglobin,14.8,g/dL,12,17.5,N,STAT,2024-03-21 18:44,2024-03-21 19:00,2024-03-21 20:13
LAB706284,ENC102687,PT12134,GLU,Glucose,94,mg/dL,70,99,N,Routine,2024-03-21 23:27,2024-03-21 23:43,2024-03-22 03:43
LAB706285,ENC102687,PT12134,CREAT,Creatinine,0.84,mg/dL,0.6,1.3,N,Routine,2024-03-21 23:20,2024-03-21 23:37,2024-03-22 03:52
LAB706286,ENC102687,PT12134,WBC,White Blood Cell Count,7.4,K/uL,4.5,11,N,STAT,2024-03-21 22:54,2024-03-21 23:18,2024-03-21 23:59
LAB706287,ENC102687,PT12134,HGB,Hemoglobin,16.5,g/dL,12,17.5,N,STAT,2024-03-21 23:00,2024-03-21 23:13,2024-03-21 23:55
LAB706288,ENC102689,PT12646,GLU,Glucose,107,mg/dL,70,99,H,STAT,2024-03-21 20:49,2024-03-21 21:12,2024-03-21 22:41
LAB706289,ENC102689,PT12646,CREAT,Creatinine,0.89,mg/dL,0.6,1.3,N,STAT,2024-03-21 20:15,2024-03-21 20:50,2024-03-21 21:33
LAB706290,ENC102689,PT12646,WBC,White Blood Cell Count,4.9,K/uL,4.5,11,N,Routine,2024-03-21 20:09,2024-03-21 20:16,2024-03-21 22:53
LAB706291,ENC102689,PT12646,HGB,Hemoglobin,12.9,g/dL,12,17.5,N,STAT,2024-03-21 20:39,2024-03-21 20:58,2024-03-21 21:19
LAB706292,ENC102689,PT12646,BUN,Blood Urea Nitrogen,16,mg/dL,7,20,N,STAT,2024-03-21 20:06,2024-03-21 20:30,2024-03-21 21:24
LAB706293,ENC102689,PT12646,PLT,Platelet Count,198,K/uL,150,400,N,STAT,2024-03-21 20:00,2024-03-21 20:08,2024-03-21 20:51
LAB706294,ENC102691,PT10886,GLU,Glucose,168,mg/dL,70,99,H,Routine,2024-03-21 23:56,2024-03-22 00:26,2024-03-22 01:28
LAB706295,ENC102691,PT10886,CREAT,Creatinine,1.04,mg/dL,0.6,1.3,N,STAT,2024-03-21 23:56,2024-03-22 00:00,2024-03-22 01:00
LAB706296,ENC102691,PT10886,WBC,White Blood Cell Count,11.6,K/uL,4.5,11,H,STAT,2024-03-21 23:27,2024-03-21 23:39,2024-03-22 00:43
LAB706297,ENC102691,PT10886,HGB,Hemoglobin,14,g/dL,12,17.5,N,Routine,2024-03-21 23:00,2024-03-21 23:05,2024-03-22 01:27
LAB706298,ENC102692,PT13921,GLU,Glucose,94,mg/dL,70,99,N,STAT,2024-03-21 20:46,2024-03-21 21:08,2024-03-21 21:40
LAB706299,ENC102692,PT13921,CREAT,Creatinine,0.85,mg/dL,0.6,1.3,N,Routine,2024-03-21 20:32,2024-03-21 21:04,2024-03-22 01:54
LAB706300,ENC102693,PT11653,GLU,Glucose,139,mg/dL,70,99,H,STAT,2024-03-21 21:22,2024-03-21 21:44,2024-03-21 23:56
LAB706301,ENC102693,PT11653,CREAT,Creatinine,0.63,mg/dL,0.6,1.3,N,Routine,2024-03-21 21:56,2024-03-21 22:01,2024-03-22 00:07
LAB706302,ENC102693,PT11653,WBC,White Blood Cell Count,7.5,K/uL,4.5,11,N,STAT,2024-03-21 21:04,2024-03-21 21:18,2024-03-21 22:38
LAB706303,ENC102693,PT11653,HGB,Hemoglobin,15.2,g/dL,12,17.5,N,STAT,2024-03-21 21:09,2024-03-21 21:21,2024-03-21 22:01
LAB706304,ENC102693,PT11653,NA,Sodium,137,mmol/L,136,145,N,Routine,2024-03-21 20:59,2024-03-21 21:34,2024-03-22 00:31
LAB706305,ENC102693,PT11653,K,Potassium,4.1,mmol/L,3.5,5.1,N,STAT,2024-03-21 21:50,2024-03-21 22:23,2024-03-21 23:05
LAB706306,ENC102694,PT10083,GLU,Glucose,89,mg/dL,70,99,N,STAT,2024-03-21 22:25,2024-03-21 22:30,2024-03-21 23:04
LAB706307,ENC102694,PT10083,CREAT,Creatinine,1.1,mg/dL,0.6,1.3,N,STAT,2024-03-21 22:43,2024-03-21 22:58,2024-03-21 23:49
LAB706308,ENC102694,PT10083,WBC,White Blood Cell Count,9.2,K/uL,4.5,11,N,Routine,2024-03-21 22:13,2024-03-21 22:24,2024-03-22 00:08
LAB706309,ENC102694,PT10083,HGB,Hemoglobin,11.3,g/dL,12,17.5,L,Routine,2024-03-21 22:32,2024-03-21 22:56,2024-03-22 02:48
LAB706310,ENC102694,PT10083,TROP,"Troponin I, High Sensitivity",6,ng/L,0,34,N,STAT,2024-03-21 21:52,2024-03-21 22:18,2024-03-21 23:15
LAB706311,ENC102695,PT12455,GLU,Glucose,119,mg/dL,70,99,H,STAT,2024-03-22 00:32,2024-03-22 00:53,2024-03-22 01:50
LAB706312,ENC102695,PT12455,CREAT,Creatinine,1.11,mg/dL,0.6,1.3,N,STAT,2024-03-21 23:55,2024-03-22 00:06,2024-03-22 00:45
LAB706313,ENC102695,PT12455,WBC,White Blood Cell Count,7.5,K/uL,4.5,11,N,Routine,2024-03-22 00:04,2024-03-22 00:17,2024-03-22 02:00
LAB706314,ENC102695,PT12455,HGB,Hemoglobin,11.3,g/dL,12,17.5,L,Routine,2024-03-22 00:34,2024-03-22 00:53,2024-03-22 03:26
LAB706315,ENC102695,PT12455,TROP,"Troponin I, High Sensitivity",85,ng/L,0,34,H,STAT,2024-03-21 23:41,2024-03-21 23:47,2024-03-22 00:50
LAB706316,ENC102695,PT12455,BNP,B-Type Natriuretic Peptide,984,pg/mL,0,100,H,STAT,2024-03-21 23:33,2024-03-21 23:42,2024-03-22 00:19
LAB706317,ENC102698,PT10346,GLU,Glucose,107,mg/dL,70,99,H,STAT,2024-03-22 13:01,2024-03-22 13:36,2024-03-22 14:32
LAB706318,ENC102698,PT10346,CREAT,Creatinine,3.07,mg/dL,0.6,1.3,H,STAT,2024-03-22 12:18,2024-03-22 12:51,2024-03-22 13:40
LAB706319,ENC102698,PT10346,WBC,White Blood Cell Count,5.3,K/uL,4.5,11,N,STAT,2024-03-22 12:40,2024-03-22 12:44,2024-03-22 13:27
LAB706320,ENC102698,PT10346,HGB,Hemoglobin,10.9,g/dL,12,17.5,L,Routine,2024-03-22 12:37,2024-03-22 13:09,2024-03-22 19:45
LAB706321,ENC102698,PT10346,NA,Sodium,138,mmol/L,136,145,N,STAT,2024-03-22 12:30,2024-03-22 12:41,2024-03-22 13:36
LAB706322,ENC102698,PT10346,K,Potassium,5,mmol/L,3.5,5.1,N,STAT,2024-03-22 12:05,2024-03-22 12:32,2024-03-22 13:17
LAB706323,ENC102698,PT10346,BUN,Blood Urea Nitrogen,20,mg/dL,7,20,N,Routine,2024-03-22 12:25,2024-03-22 12:51,2024-03-22 13:31
LAB706324,ENC102698,PT10346,PLT,Platelet Count,252,K/uL,150,400,N,STAT,2024-03-22 12:09,2024-03-22 12:38,2024-03-22 13:49
LAB706325,ENC102700,PT11937,GLU,Glucose,108,mg/dL,70,99,H,STAT,2024-03-22 11:36,2024-03-22 11:47,2024-03-22 13:00
LAB706326,ENC102700,PT11937,CREAT,Creatinine,0.67,mg/dL,0.6,1.3,N,STAT,2024-03-22 11:59,2024-03-22 12:12,2024-03-22 13:23
LAB706327,ENC102700,PT11937,WBC,White Blood Cell Count,6.4,K/uL,4.5,11,N,Routine,2024-03-22 11:29,2024-03-22 11:35,2024-03-22 19:28
LAB706328,ENC102701,PT12764,A1C,Hemoglobin A1c,5.2,%,4,5.6,N,Routine,2024-03-22 11:27,2024-03-22 11:59,2024-03-23 03:59
LAB706329,ENC102701,PT12764,GLU,Glucose,101,mg/dL,70,99,H,Routine,2024-03-22 11:34,2024-03-22 12:01,2024-03-22 14:23
LAB706330,ENC102701,PT12764,CREAT,Creatinine,0.97,mg/dL,0.6,1.3,N,Routine,2024-03-22 11:42,2024-03-22 11:50,2024-03-22 12:49
LAB706331,ENC102705,PT13473,GLU,Glucose,82,mg/dL,70,99,N,Routine,2024-03-22 13:03,2024-03-22 13:11,2024-03-22 14:46
LAB706332,ENC102705,PT13473,CREAT,Creatinine,0.4,mg/dL,0.6,1.3,L,STAT,2024-03-22 13:10,2024-03-22 13:20,2024-03-22 13:54
LAB706333,ENC102705,PT13473,WBC,White Blood Cell Count,11,K/uL,4.5,11,N,Routine,2024-03-22 12:14,2024-03-22 12:23,2024-03-22 14:15
LAB706334,ENC102706,PT10771,GLU,Glucose,83,mg/dL,70,99,N,STAT,2024-03-22 12:18,2024-03-22 12:43,2024-03-22 13:25
LAB706335,ENC102706,PT10771,CREAT,Creatinine,0.98,mg/dL,0.6,1.3,N,Routine,2024-03-22 12:47,2024-03-22 12:55,2024-03-22 15:41
LAB706336,ENC102707,PT13719,A1C,Hemoglobin A1c,7.2,%,4,5.6,H,Routine,2024-03-22 13:23,2024-03-22 13:34,2024-03-23 00:35
LAB706337,ENC102708,PT10666,GLU,Glucose,128,mg/dL,70,99,H,STAT,2024-03-22 17:05,2024-03-22 17:28,2024-03-22 18:07
LAB706338,ENC102708,PT10666,CREAT,Creatinine,0.75,mg/dL,0.6,1.3,N,STAT,2024-03-22 17:17,2024-03-22 17:29,2024-03-22 18:04
LAB706339,ENC102708,PT10666,WBC,White Blood Cell Count,10.7,K/uL,4.5,11,N,Routine,2024-03-22 16:28,2024-03-22 16:39,2024-03-22 19:10
LAB706340,ENC102708,PT10666,HGB,Hemoglobin,16.9,g/dL,12,17.5,N,Routine,2024-03-22 16:22,2024-03-22 16:31,2024-03-22 18:25
LAB706341,ENC102708,PT10666,TROP,"Troponin I, High Sensitivity",81,ng/L,0,34,H,STAT,2024-03-22 16:57,2024-03-22 17:20,2024-03-22 18:24
LAB706342,ENC102708,PT10666,BNP,B-Type Natriuretic Peptide,822,pg/mL,0,100,H,STAT,2024-03-22 16:36,2024-03-22 16:43,2024-03-22 17:23
LAB706343,ENC102713,PT12015,A1C,Hemoglobin A1c,7.5,%,4,5.6,H,Routine,2024-03-22 14:30,2024-03-22 15:01,2024-03-24 17:01
LAB706344,ENC102713,PT12015,GLU,Glucose,280,mg/dL,70,99,H,Routine,2024-03-22 14:21,2024-03-22 14:52,2024-03-22 17:24
LAB706345,ENC102713,PT12015,CREAT,Creatinine,1.3,mg/dL,0.6,1.3,N,Routine,2024-03-22 14:28,2024-03-22 15:03,2024-03-22 20:52
LAB706346,ENC102714,PT11043,LDL,LDL Cholesterol,99,mg/dL,0,99,N,Routine,2024-03-22 14:43,2024-03-22 15:03,2024-03-23 17:36
LAB706347,ENC102716,PT10608,GLU,Glucose,117,mg/dL,70,99,H,STAT,2024-03-22 20:04,2024-03-22 20:10,2024-03-22 21:19
LAB706348,ENC102716,PT10608,CREAT,Creatinine,1.14,mg/dL,0.6,1.3,N,STAT,2024-03-22 20:27,2024-03-22 20:46,2024-03-22 21:44
LAB706349,ENC102716,PT10608,WBC,White Blood Cell Count,0.7,K/uL,4.5,11,LL,STAT,2024-03-22 19:53,2024-03-22 20:14,2024-03-22 20:53
LAB706350,ENC102716,PT10608,HGB,Hemoglobin,10.5,g/dL,12,17.5,L,STAT,2024-03-22 19:52,2024-03-22 20:01,2024-03-22 20:52
LAB706351,ENC102717,PT12655,LDL,LDL Cholesterol,82,mg/dL,0,99,N,Routine,2024-03-22 15:58,2024-03-22 16:29,2024-03-23 13:23
LAB706352,ENC102717,PT12655,A1C,Hemoglobin A1c,7,%,4,5.6,H,Routine,2024-03-22 15:50,2024-03-22 16:02,2024-03-22 21:54
LAB706353,ENC102717,PT12655,TSH,Thyroid Stimulating Hormone,3.11,mIU/L,0.4,4,N,Routine,2024-03-22 15:38,2024-03-22 15:53,2024-03-23 04:32
LAB706354,ENC102718,PT10941,GLU,Glucose,236,mg/dL,70,99,H,STAT,2024-03-22 16:23,2024-03-22 16:50,2024-03-22 17:29
LAB706355,ENC102718,PT10941,CREAT,Creatinine,0.95,mg/dL,0.6,1.3,N,Routine,2024-03-22 16:34,2024-03-22 17:01,2024-03-22 22:49
LAB706356,ENC102718,PT10941,WBC,White Blood Cell Count,8.7,K/uL,4.5,11,N,STAT,2024-03-22 16:36,2024-03-22 17:03,2024-03-22 17:32
LAB706357,ENC102718,PT10941,HGB,Hemoglobin,13.3,g/dL,12,17.5,N,Routine,2024-03-22 16:33,2024-03-22 16:59,2024-03-22 19:27
LAB706358,ENC102719,PT10209,GLU,Glucose,157,mg/dL,70,99,H,Routine,2024-03-22 18:26,2024-03-22 18:54,2024-03-22 21:07
LAB706359,ENC102719,PT10209,CREAT,Creatinine,1.07,mg/dL,0.6,1.3,N,STAT,2024-03-22 18:12,2024-03-22 18:33,2024-03-22 19:32
LAB706360,ENC102719,PT10209,WBC,White Blood Cell Count,15.9,K/uL,4.5,11,H,STAT,2024-03-22 18:18,2024-03-22 18:34,2024-03-22 19:46
LAB706361,ENC102719,PT10209,HGB,Hemoglobin,13.3,g/dL,12,17.5,N,STAT,2024-03-22 18:16,2024-03-22 18:32,2024-03-22 19:34
LAB706362,ENC102719,PT10209,NA,Sodium,140,mmol/L,136,145,N,STAT,2024-03-22 18:58,2024-03-22 19:33,2024-03-22 19:58
LAB706363,ENC102719,PT10209,K,Potassium,3.5,mmol/L,3.5,5.1,N,STAT,2024-03-22 18:20,2024-03-22 18:32,2024-03-22 19:02
LAB706364,ENC102719,PT10209,BUN,Blood Urea Nitrogen,17,mg/dL,7,20,N,Routine,2024-03-22 18:44,2024-03-22 19:16,2024-03-22 23:33
LAB706365,ENC102719,PT10209,PLT,Platelet Count,344,K/uL,150,400,N,Routine,2024-03-22 18:34,2024-03-22 18:59,2024-03-22 20:40
LAB706366,ENC102720,PT12064,GLU,Glucose,108,mg/dL,70,99,H,Routine,2024-03-22 17:10,2024-03-22 17:17,2024-03-23 01:12
LAB706367,ENC102720,PT12064,CREAT,Creatinine,1.23,mg/dL,0.6,1.3,N,Routine,2024-03-22 16:55,2024-03-22 17:20,2024-03-23 06:54
LAB706368,ENC102720,PT12064,WBC,White Blood Cell Count,14.5,K/uL,4.5,11,H,Routine,2024-03-22 16:31,2024-03-22 16:38,2024-03-22 18:12
LAB706369,ENC102721,PT11496,A1C,Hemoglobin A1c,11.5,%,4,5.6,H,Routine,2024-03-22 16:25,2024-03-22 16:34,2024-03-23 00:30
LAB706370,ENC102721,PT11496,GLU,Glucose,281,mg/dL,70,99,H,Routine,2024-03-22 16:40,2024-03-22 16:47,2024-03-22 19:55
LAB706371,ENC102721,PT11496,CREAT,Creatinine,1.34,mg/dL,0.6,1.3,H,Routine,2024-03-22 16:29,2024-03-22 16:55,2024-03-22 18:55
LAB706372,ENC102725,PT11975,GLU,Glucose,114,mg/dL,70,99,H,STAT,2024-03-22 21:13,2024-03-22 21:30,2024-03-22 22:09
LAB706373,ENC102725,PT11975,CREAT,Creatinine,0.94,mg/dL,0.6,1.3,N,STAT,2024-03-22 21:31,2024-03-22 21:52,2024-03-22 22:53
LAB706374,ENC102725,PT11975,WBC,White Blood Cell Count,18.2,K/uL,4.5,11,H,STAT,2024-03-22 21:19,2024-03-22 21:41,2024-03-22 22:27
LAB706375,ENC102725,PT11975,HGB,Hemoglobin,14,g/dL,12,17.5,N,STAT,2024-03-22 21:29,2024-03-22 21:51,2024-03-22 22:16
LAB706376,ENC102727,PT12770,GLU,Glucose,109,mg/dL,70,99,H,Routine,2024-03-22 23:06,2024-03-22 23:39,2024-03-23 01:28
LAB706377,ENC102727,PT12770,CREAT,Creatinine,1.07,mg/dL,0.6,1.3,N,STAT,2024-03-22 23:23,2024-03-22 23:31,2024-03-23 00:33
LAB706378,ENC102727,PT12770,WBC,White Blood Cell Count,8.6,K/uL,4.5,11,N,STAT,2024-03-22 22:46,2024-03-22 23:11,2024-03-22 23:49
LAB706379,ENC102727,PT12770,HGB,Hemoglobin,14,g/dL,12,17.5,N,STAT,2024-03-22 23:20,2024-03-22 23:35,2024-03-23 00:30
LAB706380,ENC102727,PT12770,NA,Sodium,141,mmol/L,136,145,N,Routine,2024-03-22 23:14,2024-03-22 23:25,2024-03-23 04:34
LAB706381,ENC102727,PT12770,K,Potassium,4.8,mmol/L,3.5,5.1,N,STAT,2024-03-22 23:15,2024-03-22 23:28,2024-03-23 00:07
LAB706382,ENC102728,PT13908,GLU,Glucose,106,mg/dL,70,99,H,Routine,2024-03-23 01:09,2024-03-23 01:40,2024-03-23 05:11
LAB706383,ENC102728,PT13908,CREAT,Creatinine,1.16,mg/dL,0.6,1.3,N,STAT,2024-03-23 00:26,2024-03-23 00:40,2024-03-23 01:53
LAB706384,ENC102728,PT13908,WBC,White Blood Cell Count,8.1,K/uL,4.5,11,N,STAT,2024-03-23 00:21,2024-03-23 00:36,2024-03-23 01:22
LAB706385,ENC102728,PT13908,HGB,Hemoglobin,14.2,g/dL,12,17.5,N,STAT,2024-03-23 00:56,2024-03-23 01:12,2024-03-23 01:45
LAB706386,ENC102728,PT13908,LACT,Lactate,1.9,mmol/L,0.5,2,N,STAT,2024-03-23 01:11,2024-03-23 01:15,2024-03-23 01:50
LAB706387,ENC102729,PT11845,GLU,Glucose,101,mg/dL,70,99,H,STAT,2024-03-23 02:03,2024-03-23 02:26,2024-03-23 04:27
LAB706388,ENC102729,PT11845,CREAT,Creatinine,0.9,mg/dL,0.6,1.3,N,STAT,2024-03-23 01:22,2024-03-23 01:47,2024-03-23 02:29
LAB706389,ENC102729,PT11845,WBC,White Blood Cell Count,12.3,K/uL,4.5,11,H,STAT,2024-03-23 01:04,2024-03-23 01:21,2024-03-23 02:10
LAB706390,ENC102729,PT11845,HGB,Hemoglobin,14,g/dL,12,17.5,N,STAT,2024-03-23 01:17,2024-03-23 01:38,2024-03-23 02:44
LAB706391,ENC102729,PT11845,NA,Sodium,139,mmol/L,136,145,N,Routine,2024-03-23 01:05,2024-03-23 01:10,2024-03-23 02:09
LAB706392,ENC102729,PT11845,K,Potassium,4.1,mmol/L,3.5,5.1,N,STAT,2024-03-23 01:31,2024-03-23 01:40,2024-03-23 02:32
LAB706393,ENC102732,PT12516,GLU,Glucose,121,mg/dL,70,99,H,STAT,2024-03-23 10:15,2024-03-23 10:22,2024-03-23 11:27
LAB706394,ENC102732,PT12516,CREAT,Creatinine,0.61,mg/dL,0.6,1.3,N,Routine,2024-03-23 09:38,2024-03-23 09:48,2024-03-23 12:03
LAB706395,ENC102732,PT12516,WBC,White Blood Cell Count,14.5,K/uL,4.5,11,H,STAT,2024-03-23 10:11,2024-03-23 10:36,2024-03-23 11:00
LAB706396,ENC102732,PT12516,HGB,Hemoglobin,14.2,g/dL,12,17.5,N,STAT,2024-03-23 09:53,2024-03-23 10:06,2024-03-23 10:29
LAB706397,ENC102732,PT12516,NA,Sodium,139,mmol/L,136,145,N,STAT,2024-03-23 10:03,2024-03-23 10:33,2024-03-23 11:01
LAB706398,ENC102732,PT12516,K,Potassium,4.1,mmol/L,3.5,5.1,N,STAT,2024-03-23 10:03,2024-03-23 10:19,2024-03-23 11:17
LAB706399,ENC102733,PT11744,GLU,Glucose,78,mg/dL,70,99,N,STAT,2024-03-23 08:17,2024-03-23 08:49,2024-03-23 10:21
LAB706400,ENC102733,PT11744,CREAT,Creatinine,0.85,mg/dL,0.6,1.3,N,Routine,2024-03-23 08:09,2024-03-23 08:32,2024-03-23 10:16
LAB706401,ENC102734,PT10707,GLU,Glucose,101,mg/dL,70,99,H,Routine,2024-03-23 08:49,2024-03-23 09:14,2024-03-23 10:35
LAB706402,ENC102734,PT10707,CREAT,Creatinine,0.88,mg/dL,0.6,1.3,N,STAT,2024-03-23 08:38,2024-03-23 09:04,2024-03-23 09:32
LAB706403,ENC102734,PT10707,WBC,White Blood Cell Count,7.3,K/uL,4.5,11,N,STAT,2024-03-23 08:03,2024-03-23 08:08,2024-03-23 08:37
LAB706404,ENC102734,PT10707,HGB,Hemoglobin,14,g/dL,12,17.5,N,STAT,2024-03-23 07:51,2024-03-23 08:00,2024-03-23 08:27
LAB706405,ENC102734,PT10707,BUN,Blood Urea Nitrogen,13,mg/dL,7,20,N,STAT,2024-03-23 08:25,2024-03-23 08:54,2024-03-23 10:08
LAB706406,ENC102734,PT10707,PLT,Platelet Count,305,K/uL,150,400,N,STAT,2024-03-23 08:41,2024-03-23 09:01,2024-03-23 10:06
LAB706407,ENC102734,PT10707,TROP,"Troponin I, High Sensitivity",61,ng/L,0,34,H,STAT,2024-03-23 08:21,2024-03-23 08:27,2024-03-23 09:55
LAB706408,ENC102734,PT10707,BNP,B-Type Natriuretic Peptide,1090,pg/mL,0,100,H,STAT,2024-03-23 08:00,2024-03-23 08:33,2024-03-23 09:48
LAB706409,ENC102735,PT12174,GLU,Glucose,124,mg/dL,70,99,H,Routine,2024-03-23 11:26,2024-03-23 11:38,2024-03-23 13:34
LAB706410,ENC102735,PT12174,CREAT,Creatinine,0.95,mg/dL,0.6,1.3,N,STAT,2024-03-23 11:20,2024-03-23 11:33,2024-03-23 12:37
LAB706411,ENC102736,PT11108,A1C,Hemoglobin A1c,8.1,%,4,5.6,H,Routine,2024-03-23 10:47,2024-03-23 10:56,2024-03-24 00:21
LAB706412,ENC102738,PT10317,GLU,Glucose,221,mg/dL,70,99,H,STAT,2024-03-23 13:32,2024-03-23 13:44,2024-03-23 14:46
LAB706413,ENC102738,PT10317,CREAT,Creatinine,0.94,mg/dL,0.6,1.3,N,STAT,2024-03-23 13:01,2024-03-23 13:30,2024-03-23 14:44
LAB706414,ENC102738,PT10317,WBC,White Blood Cell Count,8.1,K/uL,4.5,11,N,Routine,2024-03-23 13:32,2024-03-23 14:00,2024-03-23 17:39
LAB706415,ENC102738,PT10317,HGB,Hemoglobin,13.4,g/dL,12,17.5,N,STAT,2024-03-23 12:34,2024-03-23 12:51,2024-03-23 13:33
LAB706416,ENC102740,PT12399,GLU,Glucose,82,mg/dL,70,99,N,STAT,2024-03-23 13:23,2024-03-23 13:55,2024-03-23 14:15
LAB706417,ENC102740,PT12399,CREAT,Creatinine,0.91,mg/dL,0.6,1.3,N,STAT,2024-03-23 13:22,2024-03-23 13:26,2024-03-23 13:57
LAB706418,ENC102740,PT12399,WBC,White Blood Cell Count,9.7,K/uL,4.5,11,N,STAT,2024-03-23 13:51,2024-03-23 14:00,2024-03-23 14:30
LAB706419,ENC102740,PT12399,HGB,Hemoglobin,15.9,g/dL,12,17.5,N,Routine,2024-03-23 13:23,2024-03-23 13:33,2024-03-23 14:29
LAB706420,ENC102740,PT12399,TROP,"Troponin I, High Sensitivity",46,ng/L,0,34,H,STAT,2024-03-23 13:29,2024-03-23 13:40,2024-03-23 14:10
LAB706421,ENC102740,PT12399,BNP,B-Type Natriuretic Peptide,1084,pg/mL,0,100,H,Routine,2024-03-23 13:30,2024-03-23 13:47,2024-03-23 15:53
LAB706422,ENC102741,PT13342,GLU,Glucose,132,mg/dL,70,99,H,STAT,2024-03-23 16:42,2024-03-23 17:10,2024-03-23 17:51
LAB706423,ENC102741,PT13342,CREAT,Creatinine,1.12,mg/dL,0.6,1.3,N,STAT,2024-03-23 16:31,2024-03-23 16:52,2024-03-23 17:39
LAB706424,ENC102741,PT13342,WBC,White Blood Cell Count,6.6,K/uL,4.5,11,N,STAT,2024-03-23 17:01,2024-03-23 17:29,2024-03-23 18:18
LAB706425,ENC102741,PT13342,HGB,Hemoglobin,14.1,g/dL,12,17.5,N,STAT,2024-03-23 16:30,2024-03-23 16:41,2024-03-23 17:52
LAB706426,ENC102741,PT13342,BUN,Blood Urea Nitrogen,13,mg/dL,7,20,N,STAT,2024-03-23 17:30,2024-03-23 17:43,2024-03-23 18:13
LAB706427,ENC102741,PT13342,PLT,Platelet Count,229,K/uL,150,400,N,Routine,2024-03-23 17:31,2024-03-23 17:40,2024-03-23 20:52
LAB706428,ENC102743,PT11711,GLU,Glucose,86,mg/dL,70,99,N,Routine,2024-03-23 15:23,2024-03-23 15:27,2024-03-23 16:52
LAB706429,ENC102743,PT11711,CREAT,Creatinine,0.69,mg/dL,0.6,1.3,N,STAT,2024-03-23 14:43,2024-03-23 15:10,2024-03-23 15:59
LAB706430,ENC102744,PT11932,GLU,Glucose,101,mg/dL,70,99,H,Routine,2024-03-23 15:06,2024-03-23 15:13,2024-03-23 16:48
LAB706431,ENC102744,PT11932,CREAT,Creatinine,1,mg/dL,0.6,1.3,N,Routine,2024-03-23 15:53,2024-03-23 16:25,2024-03-23 21:39
LAB706432,ENC102744,PT11932,WBC,White Blood Cell Count,7.5,K/uL,4.5,11,N,STAT,2024-03-23 15:45,2024-03-23 16:00,2024-03-23 17:28
LAB706433,ENC102744,PT11932,HGB,Hemoglobin,13.4,g/dL,12,17.5,N,STAT,2024-03-23 15:14,2024-03-23 15:26,2024-03-23 15:58
LAB706434,ENC102745,PT13265,GLU,Glucose,81,mg/dL,70,99,N,STAT,2024-03-23 15:55,2024-03-23 16:26,2024-03-23 17:39
LAB706435,ENC102745,PT13265,CREAT,Creatinine,0.76,mg/dL,0.6,1.3,N,Routine,2024-03-23 16:32,2024-03-23 16:47,2024-03-23 19:11
LAB706436,ENC102745,PT13265,WBC,White Blood Cell Count,8,K/uL,4.5,11,N,STAT,2024-03-23 16:36,2024-03-23 17:11,2024-03-23 17:30
LAB706437,ENC102748,PT12838,GLU,Glucose,95,mg/dL,70,99,N,STAT,2024-03-23 17:46,2024-03-23 18:04,2024-03-23 18:44
LAB706438,ENC102748,PT12838,CREAT,Creatinine,0.94,mg/dL,0.6,1.3,N,Routine,2024-03-23 17:33,2024-03-23 18:01,2024-03-23 20:19
LAB706439,ENC102748,PT12838,WBC,White Blood Cell Count,10,K/uL,4.5,11,N,Routine,2024-03-23 17:27,2024-03-23 17:51,2024-03-23 18:56
LAB706440,ENC102749,PT10671,GLU,Glucose,86,mg/dL,70,99,N,STAT,2024-03-23 22:15,2024-03-23 22:32,2024-03-23 23:05
LAB706441,ENC102749,PT10671,CREAT,Creatinine,2.46,mg/dL,0.6,1.3,H,STAT,2024-03-23 21:51,2024-03-23 22:14,2024-03-23 22:54
LAB706442,ENC102749,PT10671,WBC,White Blood Cell Count,9.2,K/uL,4.5,11,N,STAT,2024-03-23 22:19,2024-03-23 22:29,2024-03-23 22:58
LAB706443,ENC102749,PT10671,HGB,Hemoglobin,12.4,g/dL,12,17.5,N,Routine,2024-03-23 22:14,2024-03-23 22:31,2024-03-24 00:17
LAB706444,ENC102749,PT10671,NA,Sodium,135,mmol/L,136,145,L,STAT,2024-03-23 22:05,2024-03-23 22:37,2024-03-23 23:57
LAB706445,ENC102749,PT10671,K,Potassium,5.6,mmol/L,3.5,5.1,H,STAT,2024-03-23 21:19,2024-03-23 21:33,2024-03-23 22:30
LAB706446,ENC102749,PT10671,BUN,Blood Urea Nitrogen,14,mg/dL,7,20,N,STAT,2024-03-23 22:16,2024-03-23 22:32,2024-03-23 23:14
LAB706447,ENC102749,PT10671,PLT,Platelet Count,210,K/uL,150,400,N,STAT,2024-03-23 22:09,2024-03-23 22:14,2024-03-24 00:15
LAB706448,ENC102750,PT12354,GLU,Glucose,90,mg/dL,70,99,N,Routine,2024-03-23 18:22,2024-03-23 18:37,2024-03-23 22:08
LAB706449,ENC102750,PT12354,CREAT,Creatinine,0.81,mg/dL,0.6,1.3,N,STAT,2024-03-23 18:02,2024-03-23 18:12,2024-03-23 18:42
LAB706450,ENC102750,PT12354,WBC,White Blood Cell Count,5.9,K/uL,4.5,11,N,STAT,2024-03-23 18:45,2024-03-23 19:13,2024-03-23 19:51
LAB706451,ENC102750,PT12354,TROP,"Troponin I, High Sensitivity",5,ng/L,0,34,N,STAT,2024-03-23 18:29,2024-03-23 18:46,2024-03-23 20:02
LAB706452,ENC102751,PT13661,GLU,Glucose,154,mg/dL,70,99,H,STAT,2024-03-23 21:25,2024-03-23 21:57,2024-03-23 22:32
LAB706453,ENC102751,PT13661,CREAT,Creatinine,1.44,mg/dL,0.6,1.3,H,STAT,2024-03-23 21:31,2024-03-23 22:02,2024-03-23 23:28
LAB706454,ENC102751,PT13661,WBC,White Blood Cell Count,9.2,K/uL,4.5,11,N,Routine,2024-03-23 21:33,2024-03-23 21:48,2024-03-24 01:17
LAB706455,ENC102751,PT13661,HGB,Hemoglobin,13.8,g/dL,12,17.5,N,STAT,2024-03-23 21:19,2024-03-23 21:39,2024-03-23 22:39
LAB706456,ENC102751,PT13661,LACT,Lactate,3.2,mmol/L,0.5,2,H,STAT,2024-03-23 21:32,2024-03-23 22:07,2024-03-23 22:35
LAB706457,ENC102755,PT12030,GLU,Glucose,101,mg/dL,70,99,H,STAT,2024-03-24 01:23,2024-03-24 01:35,2024-03-24 02:28
LAB706458,ENC102755,PT12030,CREAT,Creatinine,0.93,mg/dL,0.6,1.3,N,Routine,2024-03-24 00:29,2024-03-24 00:48,2024-03-24 03:13
LAB706459,ENC102755,PT12030,WBC,White Blood Cell Count,6.9,K/uL,4.5,11,N,STAT,2024-03-24 00:43,2024-03-24 01:18,2024-03-24 01:53
LAB706460,ENC102755,PT12030,HGB,Hemoglobin,14.8,g/dL,12,17.5,N,Routine,2024-03-24 01:31,2024-03-24 01:40,2024-03-24 03:56
LAB706461,ENC102755,PT12030,NA,Sodium,141,mmol/L,136,145,N,Routine,2024-03-24 00:32,2024-03-24 00:48,2024-03-24 03:26
LAB706462,ENC102755,PT12030,K,Potassium,3.9,mmol/L,3.5,5.1,N,STAT,2024-03-24 00:51,2024-03-24 01:24,2024-03-24 02:06
LAB706463,ENC102757,PT10789,GLU,Glucose,125,mg/dL,70,99,H,Routine,2024-03-23 22:40,2024-03-23 23:08,2024-03-24 02:15
LAB706464,ENC102757,PT10789,CREAT,Creatinine,1.21,mg/dL,0.6,1.3,N,STAT,2024-03-23 22:57,2024-03-23 23:14,2024-03-23 23:54
LAB706465,ENC102757,PT10789,WBC,White Blood Cell Count,7.7,K/uL,4.5,11,N,STAT,2024-03-23 22:34,2024-03-23 22:49,2024-03-23 23:25
LAB706466,ENC102757,PT10789,HGB,Hemoglobin,14.4,g/dL,12,17.5,N,Routine,2024-03-23 23:39,2024-03-23 23:58,2024-03-24 04:52
LAB706467,ENC102760,PT13985,GLU,Glucose,159,mg/dL,70,99,H,STAT,2024-03-24 03:12,2024-03-24 03:32,2024-03-24 04:47
LAB706468,ENC102760,PT13985,CREAT,Creatinine,0.7,mg/dL,0.6,1.3,N,STAT,2024-03-24 03:57,2024-03-24 04:12,2024-03-24 04:54
LAB706469,ENC102760,PT13985,WBC,White Blood Cell Count,5.8,K/uL,4.5,11,N,Routine,2024-03-24 04:09,2024-03-24 04:28,2024-03-24 06:12
LAB706470,ENC102760,PT13985,HGB,Hemoglobin,13,g/dL,12,17.5,N,Routine,2024-03-24 03:36,2024-03-24 03:43,2024-03-24 05:41
LAB706471,ENC102761,PT11703,GLU,Glucose,92,mg/dL,70,99,N,STAT,2024-03-24 03:44,2024-03-24 04:06,2024-03-24 04:29
LAB706472,ENC102761,PT11703,CREAT,Creatinine,0.68,mg/dL,0.6,1.3,N,STAT,2024-03-24 03:48,2024-03-24 04:12,2024-03-24 04:42
LAB706473,ENC102761,PT11703,WBC,White Blood Cell Count,9,K/uL,4.5,11,N,STAT,2024-03-24 03:23,2024-03-24 03:47,2024-03-24 04:43
LAB706474,ENC102761,PT11703,HGB,Hemoglobin,15.4,g/dL,12,17.5,N,STAT,2024-03-24 03:29,2024-03-24 03:33,2024-03-24 04:12
LAB706475,ENC102762,PT11809,GLU,Glucose,86,mg/dL,70,99,N,STAT,2024-03-24 09:19,2024-03-24 09:44,2024-03-24 10:34
LAB706476,ENC102762,PT11809,CREAT,Creatinine,0.53,mg/dL,0.6,1.3,L,Routine,2024-03-24 09:15,2024-03-24 09:23,2024-03-24 14:08
LAB706477,ENC102762,PT11809,WBC,White Blood Cell Count,9.5,K/uL,4.5,11,N,STAT,2024-03-24 09:41,2024-03-24 10:08,2024-03-24 10:45
LAB706478,ENC102762,PT11809,HGB,Hemoglobin,13,g/dL,12,17.5,N,Routine,2024-03-24 08:53,2024-03-24 09:00,2024-03-24 14:27
LAB706479,ENC102762,PT11809,NA,Sodium,139,mmol/L,136,145,N,Routine,2024-03-24 08:55,2024-03-24 09:13,2024-03-24 11:28
LAB706480,ENC102762,PT11809,K,Potassium,3.9,mmol/L,3.5,5.1,N,STAT,2024-03-24 08:43,2024-03-24 08:53,2024-03-24 09:41
LAB706481,ENC102762,PT11809,BUN,Blood Urea Nitrogen,10,mg/dL,7,20,N,STAT,2024-03-24 09:36,2024-03-24 10:11,2024-03-24 10:47
LAB706482,ENC102762,PT11809,PLT,Platelet Count,199,K/uL,150,400,N,Routine,2024-03-24 09:39,2024-03-24 10:14,2024-03-24 12:03
LAB706483,ENC102763,PT12651,GLU,Glucose,150,mg/dL,70,99,H,STAT,2024-03-24 13:09,2024-03-24 13:14,2024-03-24 13:38
LAB706484,ENC102763,PT12651,CREAT,Creatinine,1.09,mg/dL,0.6,1.3,N,STAT,2024-03-24 13:35,2024-03-24 14:01,2024-03-24 14:33
LAB706485,ENC102763,PT12651,WBC,White Blood Cell Count,9,K/uL,4.5,11,N,Routine,2024-03-24 13:44,2024-03-24 14:18,2024-03-24 16:52
LAB706486,ENC102763,PT12651,HGB,Hemoglobin,12.2,g/dL,12,17.5,N,STAT,2024-03-24 13:24,2024-03-24 13:57,2024-03-24 14:46
LAB706487,ENC102765,PT10785,GLU,Glucose,141,mg/dL,70,99,H,Routine,2024-03-24 13:13,2024-03-24 13:40,2024-03-24 15:58
LAB706488,ENC102765,PT10785,CREAT,Creatinine,0.71,mg/dL,0.6,1.3,N,STAT,2024-03-24 13:07,2024-03-24 13:17,2024-03-24 13:57
LAB706489,ENC102765,PT10785,WBC,White Blood Cell Count,11.6,K/uL,4.5,11,H,Routine,2024-03-24 13:26,2024-03-24 13:56,2024-03-24 16:27
LAB706490,ENC102765,PT10785,HGB,Hemoglobin,12.6,g/dL,12,17.5,N,STAT,2024-03-24 12:59,2024-03-24 13:20,2024-03-24 13:37
LAB706491,ENC102765,PT10785,NA,Sodium,138,mmol/L,136,145,N,STAT,2024-03-24 13:48,2024-03-24 14:15,2024-03-24 14:50
LAB706492,ENC102765,PT10785,K,Potassium,4.2,mmol/L,3.5,5.1,N,STAT,2024-03-24 12:55,2024-03-24 13:20,2024-03-24 13:59
LAB706493,ENC102765,PT10785,LACT,Lactate,1.3,mmol/L,0.5,2,N,STAT,2024-03-24 13:46,2024-03-24 13:52,2024-03-24 14:27
LAB706494,ENC102769,PT10399,GLU,Glucose,202,mg/dL,70,99,H,STAT,2024-03-24 15:58,2024-03-24 16:16,2024-03-24 16:37
LAB706495,ENC102769,PT10399,CREAT,Creatinine,1.37,mg/dL,0.6,1.3,H,STAT,2024-03-24 15:48,2024-03-24 15:52,2024-03-24 16:32
LAB706496,ENC102769,PT10399,WBC,White Blood Cell Count,6.7,K/uL,4.5,11,N,STAT,2024-03-24 15:41,2024-03-24 15:48,2024-03-24 17:15
LAB706497,ENC102769,PT10399,HGB,Hemoglobin,12.1,g/dL,12,17.5,N,STAT,2024-03-24 16:42,2024-03-24 17:15,2024-03-24 18:24
LAB706498,ENC102771,PT13371,GLU,Glucose,145,mg/dL,70,99,H,STAT,2024-03-24 17:28,2024-03-24 18:03,2024-03-24 18:36
LAB706499,ENC102771,PT13371,CREAT,Creatinine,1.34,mg/dL,0.6,1.3,H,Routine,2024-03-24 17:27,2024-03-24 18:02,2024-03-24 20:17
LAB706500,ENC102771,PT13371,WBC,White Blood Cell Count,22.2,K/uL,4.5,11,H,STAT,2024-03-24 17:27,2024-03-24 17:37,2024-03-24 18:25
LAB706501,ENC102771,PT13371,HGB,Hemoglobin,15.4,g/dL,12,17.5,N,STAT,2024-03-24 17:10,2024-03-24 17:25,2024-03-24 18:01
LAB706502,ENC102771,PT13371,BUN,Blood Urea Nitrogen,15,mg/dL,7,20,N,STAT,2024-03-24 16:40,2024-03-24 16:51,2024-03-24 17:29
LAB706503,ENC102771,PT13371,PLT,Platelet Count,227,K/uL,150,400,N,STAT,2024-03-24 17:08,2024-03-24 17:36,2024-03-24 18:23
LAB706504,ENC102771,PT13371,LACT,Lactate,2.5,mmol/L,0.5,2,H,STAT,2024-03-24 16:49,2024-03-24 17:02,2024-03-24 17:32
LAB706505,ENC102772,PT12602,GLU,Glucose,153,mg/dL,70,99,H,STAT,2024-03-24 19:26,2024-03-24 19:54,2024-03-24 20:39
LAB706506,ENC102772,PT12602,CREAT,Creatinine,1.46,mg/dL,0.6,1.3,H,STAT,2024-03-24 20:08,2024-03-24 20:23,2024-03-24 21:02
LAB706507,ENC102772,PT12602,WBC,White Blood Cell Count,18,K/uL,4.5,11,H,Routine,2024-03-24 19:26,2024-03-24 19:52,2024-03-25 05:07
LAB706508,ENC102772,PT12602,HGB,Hemoglobin,14.1,g/dL,12,17.5,N,STAT,2024-03-24 20:17,2024-03-24 20:43,2024-03-24 21:51
LAB706509,ENC102772,PT12602,LACT,Lactate,3.4,mmol/L,0.5,2,H,STAT,2024-03-24 19:46,2024-03-24 20:20,2024-03-24 21:15
LAB706510,ENC102774,PT13682,INR,Prothrombin Time INR,1.1,ratio,0.8,1.2,N,Routine,2024-03-24 18:39,2024-03-24 18:44,2024-03-24 21:27
LAB706511,ENC102777,PT11256,GLU,Glucose,97,mg/dL,70,99,N,STAT,2024-03-25 00:01,2024-03-25 00:26,2024-03-25 01:17
LAB706512,ENC102777,PT11256,CREAT,Creatinine,2.14,mg/dL,0.6,1.3,H,STAT,2024-03-24 23:32,2024-03-24 23:42,2024-03-25 00:49
LAB706513,ENC102777,PT11256,WBC,White Blood Cell Count,7.2,K/uL,4.5,11,N,Routine,2024-03-24 23:28,2024-03-24 23:33,2024-03-25 00:36
LAB706514,ENC102777,PT11256,HGB,Hemoglobin,13.1,g/dL,12,17.5,N,STAT,2024-03-24 23:34,2024-03-25 00:02,2024-03-25 00:59
LAB706515,ENC102777,PT11256,NA,Sodium,133,mmol/L,136,145,L,STAT,2024-03-24 23:37,2024-03-24 23:57,2024-03-25 01:41
LAB706516,ENC102777,PT11256,K,Potassium,5.9,mmol/L,3.5,5.1,H,STAT,2024-03-24 23:46,2024-03-25 00:21,2024-03-25 00:48
LAB706517,ENC102778,PT12633,GLU,Glucose,107,mg/dL,70,99,H,Routine,2024-03-25 00:45,2024-03-25 01:01,2024-03-25 03:38
LAB706518,ENC102778,PT12633,CREAT,Creatinine,1.47,mg/dL,0.6,1.3,H,Routine,2024-03-25 00:54,2024-03-25 01:18,2024-03-25 04:24
LAB706519,ENC102778,PT12633,WBC,White Blood Cell Count,10,K/uL,4.5,11,N,Routine,2024-03-25 00:48,2024-03-25 01:14,2024-03-25 07:04
LAB706520,ENC102778,PT12633,HGB,Hemoglobin,12,g/dL,12,17.5,N,STAT,2024-03-25 00:34,2024-03-25 01:08,2024-03-25 02:37
LAB706521,ENC102780,PT12513,GLU,Glucose,94,mg/dL,70,99,N,Routine,2024-03-25 03:12,2024-03-25 03:24,2024-03-25 05:12
LAB706522,ENC102780,PT12513,CREAT,Creatinine,3.15,mg/dL,0.6,1.3,H,STAT,2024-03-25 03:17,2024-03-25 03:50,2024-03-25 04:41
LAB706523,ENC102780,PT12513,WBC,White Blood Cell Count,19.3,K/uL,4.5,11,H,STAT,2024-03-25 02:48,2024-03-25 03:03,2024-03-25 03:47
LAB706524,ENC102780,PT12513,HGB,Hemoglobin,10.4,g/dL,12,17.5,L,STAT,2024-03-25 02:51,2024-03-25 03:22,2024-03-25 03:51
LAB706525,ENC102782,PT12115,GLU,Glucose,119,mg/dL,70,99,H,STAT,2024-03-25 07:00,2024-03-25 07:23,2024-03-25 07:57
LAB706526,ENC102782,PT12115,CREAT,Creatinine,1.38,mg/dL,0.6,1.3,H,Routine,2024-03-25 07:47,2024-03-25 07:53,2024-03-25 11:12
LAB706527,ENC102782,PT12115,WBC,White Blood Cell Count,17.4,K/uL,4.5,11,H,STAT,2024-03-25 07:08,2024-03-25 07:41,2024-03-25 08:31
LAB706528,ENC102782,PT12115,HGB,Hemoglobin,13.3,g/dL,12,17.5,N,Routine,2024-03-25 07:34,2024-03-25 08:04,2024-03-25 10:34
LAB706529,ENC102782,PT12115,LACT,Lactate,2.4,mmol/L,0.5,2,H,STAT,2024-03-25 07:09,2024-03-25 07:18,2024-03-25 09:36
LAB706530,ENC102783,PT13524,GLU,Glucose,83,mg/dL,70,99,N,Routine,2024-03-25 06:40,2024-03-25 07:04,2024-03-25 12:49
LAB706531,ENC102783,PT13524,CREAT,Creatinine,1.01,mg/dL,0.6,1.3,N,Routine,2024-03-25 07:12,2024-03-25 07:30,2024-03-25 11:38
LAB706532,ENC102783,PT13524,WBC,White Blood Cell Count,9.1,K/uL,4.5,11,N,STAT,2024-03-25 07:28,2024-03-25 08:03,2024-03-25 08:39
LAB706533,ENC102783,PT13524,HGB,Hemoglobin,12.9,g/dL,12,17.5,N,Routine,2024-03-25 07:19,2024-03-25 07:53,2024-03-25 11:29
LAB706534,ENC102784,PT10408,GLU,Glucose,70,mg/dL,70,99,N,STAT,2024-03-25 08:01,2024-03-25 08:25,2024-03-25 09:08
LAB706535,ENC102784,PT10408,CREAT,Creatinine,1.28,mg/dL,0.6,1.3,N,STAT,2024-03-25 07:42,2024-03-25 08:16,2024-03-25 08:50
LAB706536,ENC102784,PT10408,WBC,White Blood Cell Count,7.6,K/uL,4.5,11,N,Routine,2024-03-25 07:26,2024-03-25 07:39,2024-03-25 10:11
LAB706537,ENC102784,PT10408,HGB,Hemoglobin,13.2,g/dL,12,17.5,N,STAT,2024-03-25 07:20,2024-03-25 07:46,2024-03-25 08:22
LAB706538,ENC102784,PT10408,NA,Sodium,135,mmol/L,136,145,L,STAT,2024-03-25 07:22,2024-03-25 07:46,2024-03-25 08:52
LAB706539,ENC102784,PT10408,K,Potassium,3.8,mmol/L,3.5,5.1,N,STAT,2024-03-25 07:37,2024-03-25 08:00,2024-03-25 08:26
LAB706540,ENC102785,PT11960,GLU,Glucose,106,mg/dL,70,99,H,Routine,2024-03-25 09:54,2024-03-25 10:17,2024-03-25 14:24
LAB706541,ENC102785,PT11960,CREAT,Creatinine,0.93,mg/dL,0.6,1.3,N,Routine,2024-03-25 09:35,2024-03-25 09:56,2024-03-25 14:15
LAB706542,ENC102792,PT11628,LDL,LDL Cholesterol,116,mg/dL,0,99,H,Routine,2024-03-25 10:49,2024-03-25 11:10,2024-03-26 02:13
LAB706543,ENC102792,PT11628,A1C,Hemoglobin A1c,8.7,%,4,5.6,H,Routine,2024-03-25 10:48,2024-03-25 11:03,2024-03-26 00:50
LAB706544,ENC102797,PT12549,GLU,Glucose,121,mg/dL,70,99,H,STAT,2024-03-25 13:09,2024-03-25 13:41,2024-03-25 14:22
LAB706545,ENC102797,PT12549,CREAT,Creatinine,0.7,mg/dL,0.6,1.3,N,STAT,2024-03-25 13:43,2024-03-25 14:10,2024-03-25 15:13
LAB706546,ENC102797,PT12549,WBC,White Blood Cell Count,5.1,K/uL,4.5,11,N,Routine,2024-03-25 12:33,2024-03-25 13:05,2024-03-25 18:22
LAB706547,ENC102806,PT11259,GLU,Glucose,99,mg/dL,70,99,N,STAT,2024-03-25 16:11,2024-03-25 16:38,2024-03-25 17:38
LAB706548,ENC102806,PT11259,CREAT,Creatinine,0.49,mg/dL,0.6,1.3,L,Routine,2024-03-25 16:56,2024-03-25 17:23,2024-03-25 18:58
LAB706549,ENC102806,PT11259,WBC,White Blood Cell Count,4.2,K/uL,4.5,11,L,Routine,2024-03-25 16:16,2024-03-25 16:27,2024-03-25 19:08
LAB706550,ENC102808,PT10827,GLU,Glucose,179,mg/dL,70,99,H,STAT,2024-03-25 17:37,2024-03-25 17:49,2024-03-25 18:34
LAB706551,ENC102808,PT10827,CREAT,Creatinine,0.88,mg/dL,0.6,1.3,N,STAT,2024-03-25 17:28,2024-03-25 17:38,2024-03-25 18:36
LAB706552,ENC102808,PT10827,WBC,White Blood Cell Count,16.8,K/uL,4.5,11,H,Routine,2024-03-25 17:14,2024-03-25 17:21,2024-03-25 19:22
LAB706553,ENC102808,PT10827,HGB,Hemoglobin,13.5,g/dL,12,17.5,N,STAT,2024-03-25 17:52,2024-03-25 18:21,2024-03-25 19:36
LAB706554,ENC102811,PT12465,GLU,Glucose,85,mg/dL,70,99,N,STAT,2024-03-25 20:43,2024-03-25 20:47,2024-03-25 21:30
LAB706555,ENC102811,PT12465,CREAT,Creatinine,0.46,mg/dL,0.6,1.3,L,STAT,2024-03-25 20:40,2024-03-25 21:13,2024-03-25 21:38
LAB706556,ENC102811,PT12465,WBC,White Blood Cell Count,4.6,K/uL,4.5,11,N,STAT,2024-03-25 20:06,2024-03-25 20:14,2024-03-25 21:06
LAB706557,ENC102811,PT12465,HGB,Hemoglobin,17.5,g/dL,12,17.5,N,STAT,2024-03-25 20:03,2024-03-25 20:27,2024-03-25 21:36
LAB706558,ENC102812,PT13758,GLU,Glucose,129,mg/dL,70,99,H,STAT,2024-03-25 20:52,2024-03-25 21:16,2024-03-25 21:46
LAB706559,ENC102812,PT13758,CREAT,Creatinine,1.41,mg/dL,0.6,1.3,H,STAT,2024-03-25 21:23,2024-03-25 21:31,2024-03-25 22:11
LAB706560,ENC102812,PT13758,WBC,White Blood Cell Count,8,K/uL,4.5,11,N,Routine,2024-03-25 20:48,2024-03-25 20:54,2024-03-26 00:09
LAB706561,ENC102812,PT13758,HGB,Hemoglobin,13.1,g/dL,12,17.5,N,Routine,2024-03-25 20:36,2024-03-25 21:01,2024-03-25 23:12
LAB706562,ENC102812,PT13758,INR,Prothrombin Time INR,1,ratio,0.8,1.2,N,STAT,2024-03-25 20:49,2024-03-25 21:22,2024-03-25 21:58
LAB706563,ENC102813,PT10135,GLU,Glucose,130,mg/dL,70,99,H,STAT,2024-03-25 21:15,2024-03-25 21:39,2024-03-25 22:25
LAB706564,ENC102813,PT10135,CREAT,Creatinine,1.28,mg/dL,0.6,1.3,N,Routine,2024-03-25 21:47,2024-03-25 22:21,2024-03-26 00:29
LAB706565,ENC102813,PT10135,WBC,White Blood Cell Count,6.6,K/uL,4.5,11,N,STAT,2024-03-25 21:48,2024-03-25 22:23,2024-03-25 23:46
LAB706566,ENC102813,PT10135,HGB,Hemoglobin,13.8,g/dL,12,17.5,N,Routine,2024-03-25 21:48,2024-03-25 22:22,2024-03-26 03:53
LAB706567,ENC102813,PT10135,NA,Sodium,139,mmol/L,136,145,N,Routine,2024-03-25 21:49,2024-03-25 22:13,2024-03-26 00:45
LAB706568,ENC102813,PT10135,K,Potassium,4.1,mmol/L,3.5,5.1,N,STAT,2024-03-25 21:10,2024-03-25 21:17,2024-03-25 21:59
LAB706569,ENC102813,PT10135,TROP,"Troponin I, High Sensitivity",8,ng/L,0,34,N,STAT,2024-03-25 21:00,2024-03-25 21:16,2024-03-25 21:45
LAB706570,ENC102814,PT10029,GLU,Glucose,96,mg/dL,70,99,N,Routine,2024-03-26 02:26,2024-03-26 02:55,2024-03-26 05:15
LAB706571,ENC102814,PT10029,CREAT,Creatinine,0.75,mg/dL,0.6,1.3,N,Routine,2024-03-26 02:19,2024-03-26 02:28,2024-03-26 07:14
LAB706572,ENC102814,PT10029,WBC,White Blood Cell Count,7.9,K/uL,4.5,11,N,Routine,2024-03-26 02:07,2024-03-26 02:32,2024-03-26 03:51
LAB706573,ENC102814,PT10029,HGB,Hemoglobin,15.9,g/dL,12,17.5,N,Routine,2024-03-26 02:42,2024-03-26 02:57,2024-03-26 05:47
LAB706574,ENC102818,PT12745,GLU,Glucose,236,mg/dL,70,99,H,STAT,2024-03-26 06:35,2024-03-26 06:57,2024-03-26 07:17
LAB706575,ENC102818,PT12745,CREAT,Creatinine,0.96,mg/dL,0.6,1.3,N,STAT,2024-03-26 06:18,2024-03-26 06:36,2024-03-26 07:52
LAB706576,ENC102818,PT12745,WBC,White Blood Cell Count,9,K/uL,4.5,11,N,STAT,2024-03-26 06:18,2024-03-26 06:33,2024-03-26 07:42
LAB706577,ENC102818,PT12745,HGB,Hemoglobin,14.7,g/dL,12,17.5,N,STAT,2024-03-26 06:36,2024-03-26 06:56,2024-03-26 07:58
LAB706578,ENC102819,PT12613,GLU,Glucose,59,mg/dL,70,99,L,STAT,2024-03-26 08:07,2024-03-26 08:33,2024-03-26 09:00
LAB706579,ENC102819,PT12613,CREAT,Creatinine,0.85,mg/dL,0.6,1.3,N,Routine,2024-03-26 08:04,2024-03-26 08:18,2024-03-26 10:55
LAB706580,ENC102819,PT12613,WBC,White Blood Cell Count,7.6,K/uL,4.5,11,N,Routine,2024-03-26 07:43,2024-03-26 07:47,2024-03-26 10:57
LAB706581,ENC102819,PT12613,HGB,Hemoglobin,15.7,g/dL,12,17.5,N,Routine,2024-03-26 07:25,2024-03-26 07:52,2024-03-26 09:16
LAB706582,ENC102825,PT13785,GLU,Glucose,121,mg/dL,70,99,H,STAT,2024-03-26 10:25,2024-03-26 10:36,2024-03-26 11:36
LAB706583,ENC102825,PT13785,CREAT,Creatinine,0.83,mg/dL,0.6,1.3,N,STAT,2024-03-26 10:22,2024-03-26 10:46,2024-03-26 11:34
LAB706584,ENC102825,PT13785,WBC,White Blood Cell Count,10.9,K/uL,4.5,11,N,STAT,2024-03-26 10:51,2024-03-26 11:08,2024-03-26 11:41
LAB706585,ENC102825,PT13785,HGB,Hemoglobin,13.6,g/dL,12,17.5,N,STAT,2024-03-26 10:13,2024-03-26 10:17,2024-03-26 10:56
LAB706586,ENC102825,PT13785,NA,Sodium,140,mmol/L,136,145,N,Routine,2024-03-26 10:03,2024-03-26 10:15,2024-03-26 13:52
LAB706587,ENC102825,PT13785,K,Potassium,4.1,mmol/L,3.5,5.1,N,STAT,2024-03-26 10:35,2024-03-26 10:59,2024-03-26 11:32
LAB706588,ENC102828,PT12244,LDL,LDL Cholesterol,130,mg/dL,0,99,H,Routine,2024-03-26 10:39,2024-03-26 11:14,2024-03-27 00:29
LAB706589,ENC102828,PT12244,A1C,Hemoglobin A1c,6.4,%,4,5.6,H,Routine,2024-03-26 10:32,2024-03-26 10:55,2024-03-27 03:17
LAB706590,ENC102832,PT12572,WBC,White Blood Cell Count,4.3,K/uL,4.5,11,L,Routine,2024-03-26 11:19,2024-03-26 11:47,2024-03-26 15:26
LAB706591,ENC102832,PT12572,HGB,Hemoglobin,14.2,g/dL,12,17.5,N,Routine,2024-03-26 11:08,2024-03-26 11:12,2024-03-26 13:24
LAB706592,ENC102832,PT12572,PLT,Platelet Count,277,K/uL,150,400,N,Routine,2024-03-26 11:12,2024-03-26 11:38,2024-03-26 13:39
LAB706593,ENC102836,PT11634,WBC,White Blood Cell Count,9.1,K/uL,4.5,11,N,Routine,2024-03-26 11:36,2024-03-26 11:56,2024-03-26 18:13
LAB706594,ENC102836,PT11634,HGB,Hemoglobin,14,g/dL,12,17.5,N,Routine,2024-03-26 11:37,2024-03-26 11:51,2024-03-26 16:20
LAB706595,ENC102836,PT11634,PLT,Platelet Count,424,K/uL,150,400,H,Routine,2024-03-26 11:43,2024-03-26 12:06,2024-03-26 20:29
LAB706596,ENC102837,PT13834,LDL,LDL Cholesterol,148,mg/dL,0,99,H,Routine,2024-03-26 12:34,2024-03-26 13:00,2024-03-27 16:51
LAB706597,ENC102837,PT13834,TSH,Thyroid Stimulating Hormone,3.6,mIU/L,0.4,4,N,Routine,2024-03-26 12:28,2024-03-26 12:32,2024-03-27 00:19
LAB706598,ENC102838,PT13362,GLU,Glucose,115,mg/dL,70,99,H,STAT,2024-03-26 13:20,2024-03-26 13:53,2024-03-26 14:44
LAB706599,ENC102838,PT13362,CREAT,Creatinine,0.8,mg/dL,0.6,1.3,N,STAT,2024-03-26 13:31,2024-03-26 13:49,2024-03-26 14:33
LAB706600,ENC102838,PT13362,WBC,White Blood Cell Count,6.2,K/uL,4.5,11,N,STAT,2024-03-26 12:39,2024-03-26 13:00,2024-03-26 13:30
LAB706601,ENC102838,PT13362,HGB,Hemoglobin,14.3,g/dL,12,17.5,N,STAT,2024-03-26 12:46,2024-03-26 13:03,2024-03-26 14:16
LAB706602,ENC102839,PT12693,WBC,White Blood Cell Count,6.1,K/uL,4.5,11,N,Routine,2024-03-26 12:54,2024-03-26 12:59,2024-03-26 14:43
LAB706603,ENC102839,PT12693,HGB,Hemoglobin,12.5,g/dL,12,17.5,N,Routine,2024-03-26 13:01,2024-03-26 13:15,2024-03-26 17:59
LAB706604,ENC102839,PT12693,PLT,Platelet Count,302,K/uL,150,400,N,Routine,2024-03-26 13:00,2024-03-26 13:34,2024-03-26 16:26
LAB706605,ENC102842,PT11146,GLU,Glucose,123,mg/dL,70,99,H,STAT,2024-03-26 15:01,2024-03-26 15:20,2024-03-26 15:47
LAB706606,ENC102842,PT11146,CREAT,Creatinine,1.78,mg/dL,0.6,1.3,H,STAT,2024-03-26 14:49,2024-03-26 15:03,2024-03-26 15:39
LAB706607,ENC102842,PT11146,WBC,White Blood Cell Count,3.1,K/uL,4.5,11,L,STAT,2024-03-26 14:42,2024-03-26 15:11,2024-03-26 17:16
LAB706608,ENC102842,PT11146,HGB,Hemoglobin,14.5,g/dL,12,17.5,N,STAT,2024-03-26 15:03,2024-03-26 15:13,2024-03-26 16:26
LAB706609,ENC102842,PT11146,LACT,Lactate,2.9,mmol/L,0.5,2,H,STAT,2024-03-26 14:35,2024-03-26 14:41,2024-03-26 15:49
LAB706610,ENC102845,PT13280,GLU,Glucose,228,mg/dL,70,99,H,Routine,2024-03-26 15:31,2024-03-26 15:35,2024-03-26 18:57
LAB706611,ENC102845,PT13280,CREAT,Creatinine,1.22,mg/dL,0.6,1.3,N,STAT,2024-03-26 15:03,2024-03-26 15:24,2024-03-26 16:26
LAB706612,ENC102845,PT13280,WBC,White Blood Cell Count,10,K/uL,4.5,11,N,STAT,2024-03-26 15:20,2024-03-26 15:51,2024-03-26 16:09
LAB706613,ENC102846,PT10277,WBC,White Blood Cell Count,4.7,K/uL,4.5,11,N,Routine,2024-03-26 15:23,2024-03-26 15:58,2024-03-26 17:17
LAB706614,ENC102846,PT10277,HGB,Hemoglobin,12.1,g/dL,12,17.5,N,Routine,2024-03-26 15:29,2024-03-26 15:58,2024-03-26 18:21
LAB706615,ENC102846,PT10277,PLT,Platelet Count,256,K/uL,150,400,N,Routine,2024-03-26 15:30,2024-03-26 15:41,2024-03-26 20:38
LAB706616,ENC102847,PT10342,GLU,Glucose,128,mg/dL,70,99,H,Routine,2024-03-26 18:29,2024-03-26 18:42,2024-03-26 20:17
LAB706617,ENC102847,PT10342,CREAT,Creatinine,0.68,mg/dL,0.6,1.3,N,STAT,2024-03-26 18:01,2024-03-26 18:07,2024-03-26 19:07
LAB706618,ENC102847,PT10342,WBC,White Blood Cell Count,5.7,K/uL,4.5,11,N,Routine,2024-03-26 18:01,2024-03-26 18:22,2024-03-26 20:19
LAB706619,ENC102847,PT10342,HGB,Hemoglobin,14.3,g/dL,12,17.5,N,STAT,2024-03-26 17:27,2024-03-26 17:34,2024-03-26 18:31
LAB706620,ENC102847,PT10342,NA,Sodium,141,mmol/L,136,145,N,STAT,2024-03-26 17:52,2024-03-26 18:17,2024-03-26 18:49
LAB706621,ENC102847,PT10342,K,Potassium,3.9,mmol/L,3.5,5.1,N,STAT,2024-03-26 18:29,2024-03-26 18:42,2024-03-26 20:20
LAB706622,ENC102847,PT10342,TROP,"Troponin I, High Sensitivity",3,ng/L,0,34,N,STAT,2024-03-26 17:52,2024-03-26 18:26,2024-03-26 19:16
LAB706623,ENC102849,PT10947,GLU,Glucose,137,mg/dL,70,99,H,STAT,2024-03-26 22:14,2024-03-26 22:18,2024-03-26 22:56
LAB706624,ENC102849,PT10947,CREAT,Creatinine,1.97,mg/dL,0.6,1.3,H,Routine,2024-03-26 21:16,2024-03-26 21:25,2024-03-26 22:36
LAB706625,ENC102849,PT10947,WBC,White Blood Cell Count,9.9,K/uL,4.5,11,N,STAT,2024-03-26 22:18,2024-03-26 22:24,2024-03-26 23:34
LAB706626,ENC102849,PT10947,HGB,Hemoglobin,8.8,g/dL,12,17.5,L,STAT,2024-03-26 22:06,2024-03-26 22:36,2024-03-26 23:16
LAB706627,ENC102849,PT10947,NA,Sodium,139,mmol/L,136,145,N,STAT,2024-03-26 21:48,2024-03-26 22:22,2024-03-26 23:08
LAB706628,ENC102849,PT10947,K,Potassium,5.6,mmol/L,3.5,5.1,H,STAT,2024-03-26 22:03,2024-03-26 22:33,2024-03-26 23:04
LAB706629,ENC102850,PT13917,LDL,LDL Cholesterol,154,mg/dL,0,99,H,Routine,2024-03-26 16:27,2024-03-26 16:57,2024-03-27 00:45
LAB706630,ENC102850,PT13917,A1C,Hemoglobin A1c,5.1,%,4,5.6,N,Routine,2024-03-26 16:33,2024-03-26 16:46,2024-03-28 05:17
LAB706631,ENC102851,PT12691,GLU,Glucose,100,mg/dL,70,99,H,STAT,2024-03-26 17:23,2024-03-26 17:57,2024-03-26 18:53
LAB706632,ENC102851,PT12691,CREAT,Creatinine,0.76,mg/dL,0.6,1.3,N,Routine,2024-03-26 17:19,2024-03-26 17:31,2024-03-26 18:34
LAB706633,ENC102851,PT12691,WBC,White Blood Cell Count,9.7,K/uL,4.5,11,N,Routine,2024-03-26 17:34,2024-03-26 18:07,2024-03-26 20:56
LAB706634,ENC102851,PT12691,HGB,Hemoglobin,11,g/dL,12,17.5,L,Routine,2024-03-26 16:58,2024-03-26 17:03,2024-03-26 19:17
LAB706635,ENC102853,PT10114,GLU,Glucose,64,mg/dL,70,99,L,STAT,2024-03-26 19:06,2024-03-26 19:23,2024-03-26 19:50
LAB706636,ENC102853,PT10114,CREAT,Creatinine,2.63,mg/dL,0.6,1.3,H,STAT,2024-03-26 20:02,2024-03-26 20:28,2024-03-26 21:46
LAB706637,ENC102853,PT10114,WBC,White Blood Cell Count,5.4,K/uL,4.5,11,N,Routine,2024-03-26 19:23,2024-03-26 19:33,2024-03-26 21:57
LAB706638,ENC102853,PT10114,HGB,Hemoglobin,16.2,g/dL,12,17.5,N,STAT,2024-03-26 19:49,2024-03-26 20:12,2024-03-26 20:52
LAB706639,ENC102853,PT10114,NA,Sodium,139,mmol/L,136,145,N,Routine,2024-03-26 19:22,2024-03-26 19:37,2024-03-26 22:30
LAB706640,ENC102853,PT10114,K,Potassium,5.8,mmol/L,3.5,5.1,H,STAT,2024-03-26 19:49,2024-03-26 20:12,2024-03-26 20:40
LAB706641,ENC102855,PT12694,GLU,Glucose,155,mg/dL,70,99,H,STAT,2024-03-26 23:45,2024-03-27 00:02,2024-03-27 00:36
LAB706642,ENC102855,PT12694,CREAT,Creatinine,0.89,mg/dL,0.6,1.3,N,STAT,2024-03-27 00:08,2024-03-27 00:43,2024-03-27 01:08
LAB706643,ENC102855,PT12694,WBC,White Blood Cell Count,7.4,K/uL,4.5,11,N,Routine,2024-03-27 00:18,2024-03-27 00:52,2024-03-27 03:56
LAB706644,ENC102855,PT12694,HGB,Hemoglobin,11.9,g/dL,12,17.5,L,Routine,2024-03-26 23:54,2024-03-27 00:28,2024-03-27 05:36
LAB706645,ENC102855,PT12694,TROP,"Troponin I, High Sensitivity",2,ng/L,0,34,N,STAT,2024-03-26 23:37,2024-03-26 23:52,2024-03-27 00:26
LAB706646,ENC102855,PT12694,BNP,B-Type Natriuretic Peptide,2532,pg/mL,0,100,H,STAT,2024-03-27 00:00,2024-03-27 00:17,2024-03-27 01:16
LAB706647,ENC102857,PT13285,GLU,Glucose,122,mg/dL,70,99,H,STAT,2024-03-27 07:18,2024-03-27 07:30,2024-03-27 07:58
LAB706648,ENC102857,PT13285,CREAT,Creatinine,0.93,mg/dL,0.6,1.3,N,Routine,2024-03-27 07:46,2024-03-27 07:53,2024-03-27 09:37
LAB706649,ENC102857,PT13285,WBC,White Blood Cell Count,8.9,K/uL,4.5,11,N,Routine,2024-03-27 07:06,2024-03-27 07:33,2024-03-27 11:10
LAB706650,ENC102857,PT13285,HGB,Hemoglobin,14.8,g/dL,12,17.5,N,Routine,2024-03-27 07:52,2024-03-27 08:23,2024-03-27 11:32
LAB706651,ENC102857,PT13285,BUN,Blood Urea Nitrogen,21,mg/dL,7,20,H,STAT,2024-03-27 07:16,2024-03-27 07:23,2024-03-27 08:05
LAB706652,ENC102857,PT13285,PLT,Platelet Count,267,K/uL,150,400,N,STAT,2024-03-27 07:47,2024-03-27 08:06,2024-03-27 08:37
LAB706653,ENC102857,PT13285,TROP,"Troponin I, High Sensitivity",7,ng/L,0,34,N,STAT,2024-03-27 07:25,2024-03-27 07:34,2024-03-27 08:22
LAB706654,ENC102857,PT13285,BNP,B-Type Natriuretic Peptide,1690,pg/mL,0,100,H,Routine,2024-03-27 07:01,2024-03-27 07:30,2024-03-27 14:39
LAB706655,ENC102858,PT10959,GLU,Glucose,95,mg/dL,70,99,N,STAT,2024-03-27 12:36,2024-03-27 12:45,2024-03-27 14:18
LAB706656,ENC102858,PT10959,CREAT,Creatinine,0.84,mg/dL,0.6,1.3,N,STAT,2024-03-27 11:58,2024-03-27 12:20,2024-03-27 13:16
LAB706657,ENC102858,PT10959,WBC,White Blood Cell Count,9.4,K/uL,4.5,11,N,STAT,2024-03-27 12:29,2024-03-27 13:01,2024-03-27 13:35
LAB706658,ENC102858,PT10959,HGB,Hemoglobin,12.7,g/dL,12,17.5,N,STAT,2024-03-27 11:51,2024-03-27 12:03,2024-03-27 12:17
LAB706659,ENC102858,PT10959,NA,Sodium,139,mmol/L,136,145,N,STAT,2024-03-27 11:55,2024-03-27 12:30,2024-03-27 13:23
LAB706660,ENC102858,PT10959,K,Potassium,4.2,mmol/L,3.5,5.1,N,STAT,2024-03-27 12:22,2024-03-27 12:53,2024-03-27 13:52
LAB706661,ENC102859,PT13866,GLU,Glucose,115,mg/dL,70,99,H,STAT,2024-03-27 12:17,2024-03-27 12:52,2024-03-27 14:11
LAB706662,ENC102859,PT13866,CREAT,Creatinine,0.9,mg/dL,0.6,1.3,N,STAT,2024-03-27 12:17,2024-03-27 12:48,2024-03-27 13:11
LAB706663,ENC102859,PT13866,WBC,White Blood Cell Count,8.3,K/uL,4.5,11,N,Routine,2024-03-27 11:25,2024-03-27 11:53,2024-03-27 15:30
LAB706664,ENC102859,PT13866,HGB,Hemoglobin,9.1,g/dL,12,17.5,L,STAT,2024-03-27 11:21,2024-03-27 11:50,2024-03-27 12:34
LAB706665,ENC102859,PT13866,LACT,Lactate,4,mmol/L,0.5,2,H,STAT,2024-03-27 12:12,2024-03-27 12:32,2024-03-27 13:35
LAB706666,ENC102859,PT13866,INR,Prothrombin Time INR,1.1,ratio,0.8,1.2,N,Routine,2024-03-27 11:55,2024-03-27 12:05,2024-03-27 14:27
LAB706667,ENC102862,PT12299,GLU,Glucose,82,mg/dL,70,99,N,STAT,2024-03-27 08:44,2024-03-27 09:10,2024-03-27 10:03
LAB706668,ENC102862,PT12299,CREAT,Creatinine,1.06,mg/dL,0.6,1.3,N,STAT,2024-03-27 09:09,2024-03-27 09:20,2024-03-27 10:18
LAB706669,ENC102862,PT12299,WBC,White Blood Cell Count,6.8,K/uL,4.5,11,N,STAT,2024-03-27 09:40,2024-03-27 10:13,2024-03-27 10:39
LAB706670,ENC102862,PT12299,HGB,Hemoglobin,13,g/dL,12,17.5,N,STAT,2024-03-27 09:38,2024-03-27 10:06,2024-03-27 12:14
LAB706671,ENC102864,PT13355,LDL,LDL Cholesterol,130,mg/dL,0,99,H,Routine,2024-03-27 10:26,2024-03-27 10:41,2024-03-27 20:23
LAB706672,ENC102868,PT13610,LDL,LDL Cholesterol,136,mg/dL,0,99,H,Routine,2024-03-27 10:20,2024-03-27 10:53,2024-03-28 17:13
LAB706673,ENC102869,PT10080,GLU,Glucose,111,mg/dL,70,99,H,STAT,2024-03-27 10:36,2024-03-27 10:51,2024-03-27 11:39
LAB706674,ENC102869,PT10080,CREAT,Creatinine,0.91,mg/dL,0.6,1.3,N,Routine,2024-03-27 11:13,2024-03-27 11:39,2024-03-27 15:24
LAB706675,ENC102869,PT10080,WBC,White Blood Cell Count,8.2,K/uL,4.5,11,N,Routine,2024-03-27 10:59,2024-03-27 11:09,2024-03-27 12:42
LAB706676,ENC102869,PT10080,HGB,Hemoglobin,13.7,g/dL,12,17.5,N,STAT,2024-03-27 10:57,2024-03-27 11:04,2024-03-27 11:30
LAB706677,ENC102871,PT13829,A1C,Hemoglobin A1c,9.3,%,4,5.6,H,Routine,2024-03-27 10:57,2024-03-27 11:06,2024-03-28 07:35
LAB706678,ENC102872,PT12828,GLU,Glucose,115,mg/dL,70,99,H,STAT,2024-03-27 13:30,2024-03-27 13:58,2024-03-27 14:38
LAB706679,ENC102872,PT12828,CREAT,Creatinine,1.97,mg/dL,0.6,1.3,H,Routine,2024-03-27 12:32,2024-03-27 13:02,2024-03-27 14:53
LAB706680,ENC102872,PT12828,WBC,White Blood Cell Count,8.5,K/uL,4.5,11,N,Routine,2024-03-27 13:16,2024-03-27 13:43,2024-03-27 15:11
LAB706681,ENC102872,PT12828,HGB,Hemoglobin,10.8,g/dL,12,17.5,L,Routine,2024-03-27 12:41,2024-03-27 13:11,2024-03-27 16:47
LAB706682,ENC102872,PT12828,TROP,"Troponin I, High Sensitivity",1178,ng/L,0,34,H,STAT,2024-03-27 13:34,2024-03-27 14:05,2024-03-27 14:36
LAB706683,ENC102874,PT10204,GLU,Glucose,367,mg/dL,70,99,H,STAT,2024-03-27 15:57,2024-03-27 16:18,2024-03-27 17:02
LAB706684,ENC102874,PT10204,CREAT,Creatinine,0.78,mg/dL,0.6,1.3,N,Routine,2024-03-27 16:08,2024-03-27 16:16,2024-03-27 18:16
LAB706685,ENC102874,PT10204,WBC,White Blood Cell Count,7.7,K/uL,4.5,11,N,STAT,2024-03-27 16:00,2024-03-27 16:04,2024-03-27 16:36
LAB706686,ENC102874,PT10204,HGB,Hemoglobin,14.7,g/dL,12,17.5,N,Routine,2024-03-27 15:58,2024-03-27 16:02,2024-03-27 20:24
LAB706687,ENC102874,PT10204,NA,Sodium,141,mmol/L,136,145,N,STAT,2024-03-27 16:00,2024-03-27 16:25,2024-03-27 17:32
LAB706688,ENC102874,PT10204,K,Potassium,4.8,mmol/L,3.5,5.1,N,STAT,2024-03-27 15:50,2024-03-27 16:20,2024-03-27 17:20
LAB706689,ENC102874,PT10204,A1C,Hemoglobin A1c,10.4,%,4,5.6,H,STAT,2024-03-27 16:30,2024-03-27 16:34,2024-03-27 17:18
LAB706690,ENC102877,PT10779,GLU,Glucose,115,mg/dL,70,99,H,STAT,2024-03-27 15:18,2024-03-27 15:30,2024-03-27 16:17
LAB706691,ENC102877,PT10779,CREAT,Creatinine,0.83,mg/dL,0.6,1.3,N,STAT,2024-03-27 15:16,2024-03-27 15:28,2024-03-27 16:10
LAB706692,ENC102881,PT10828,GLU,Glucose,110,mg/dL,70,99,H,STAT,2024-03-27 21:34,2024-03-27 21:46,2024-03-27 22:21
LAB706693,ENC102881,PT10828,CREAT,Creatinine,1.03,mg/dL,0.6,1.3,N,STAT,2024-03-27 20:56,2024-03-27 21:05,2024-03-27 21:49
LAB706694,ENC102881,PT10828,WBC,White Blood Cell Count,18,K/uL,4.5,11,H,Routine,2024-03-27 21:44,2024-03-27 22:17,2024-03-28 02:10
LAB706695,ENC102881,PT10828,HGB,Hemoglobin,13.7,g/dL,12,17.5,N,Routine,2024-03-27 21:41,2024-03-27 22:15,2024-03-28 01:01
LAB706696,ENC102881,PT10828,BUN,Blood Urea Nitrogen,15,mg/dL,7,20,N,STAT,2024-03-27 21:04,2024-03-27 21:36,2024-03-27 22:22
LAB706697,ENC102881,PT10828,PLT,Platelet Count,273,K/uL,150,400,N,STAT,2024-03-27 20:57,2024-03-27 21:06,2024-03-27 21:51
LAB706698,ENC102882,PT10789,GLU,Glucose,221,mg/dL,70,99,H,STAT,2024-03-27 21:39,2024-03-27 21:51,2024-03-27 23:13
LAB706699,ENC102882,PT10789,CREAT,Creatinine,0.74,mg/dL,0.6,1.3,N,Routine,2024-03-27 21:00,2024-03-27 21:07,2024-03-27 23:00
LAB706700,ENC102882,PT10789,WBC,White Blood Cell Count,7.4,K/uL,4.5,11,N,Routine,2024-03-27 21:24,2024-03-27 21:51,2024-03-28 02:31
LAB706701,ENC102882,PT10789,HGB,Hemoglobin,12.2,g/dL,12,17.5,N,STAT,2024-03-27 20:52,2024-03-27 20:58,2024-03-27 21:34
LAB706702,ENC102882,PT10789,BUN,Blood Urea Nitrogen,11,mg/dL,7,20,N,Routine,2024-03-27 20:41,2024-03-27 20:46,2024-03-28 00:02
LAB706703,ENC102882,PT10789,PLT,Platelet Count,242,K/uL,150,400,N,Routine,2024-03-27 21:26,2024-03-27 21:40,2024-03-28 00:28
LAB706704,ENC102882,PT10789,TROP,"Troponin I, High Sensitivity",533,ng/L,0,34,H,STAT,2024-03-27 21:03,2024-03-27 21:15,2024-03-27 22:08
LAB706705,ENC102883,PT11783,GLU,Glucose,123,mg/dL,70,99,H,Routine,2024-03-27 22:30,2024-03-27 23:03,2024-03-28 01:11
LAB706706,ENC102883,PT11783,CREAT,Creatinine,0.96,mg/dL,0.6,1.3,N,Routine,2024-03-27 22:19,2024-03-27 22:25,2024-03-28 01:26
LAB706707,ENC102883,PT11783,WBC,White Blood Cell Count,8.2,K/uL,4.5,11,N,STAT,2024-03-27 22:04,2024-03-27 22:23,2024-03-27 23:16
LAB706708,ENC102883,PT11783,HGB,Hemoglobin,12.5,g/dL,12,17.5,N,STAT,2024-03-27 22:53,2024-03-27 23:00,2024-03-27 23:54
LAB706709,ENC102884,PT11909,GLU,Glucose,102,mg/dL,70,99,H,Routine,2024-03-28 01:18,2024-03-28 01:45,2024-03-28 08:10
LAB706710,ENC102884,PT11909,CREAT,Creatinine,1.12,mg/dL,0.6,1.3,N,Routine,2024-03-28 01:04,2024-03-28 01:11,2024-03-28 03:36
LAB706711,ENC102884,PT11909,WBC,White Blood Cell Count,5,K/uL,4.5,11,N,Routine,2024-03-28 00:52,2024-03-28 01:12,2024-03-28 04:25
LAB706712,ENC102884,PT11909,HGB,Hemoglobin,10.7,g/dL,12,17.5,L,STAT,2024-03-28 00:20,2024-03-28 00:44,2024-03-28 01:12
LAB706713,ENC102884,PT11909,TROP,"Troponin I, High Sensitivity",10,ng/L,0,34,N,STAT,2024-03-28 00:50,2024-03-28 01:23,2024-03-28 01:56
LAB706714,ENC102884,PT11909,BNP,B-Type Natriuretic Peptide,1522,pg/mL,0,100,H,Routine,2024-03-28 01:01,2024-03-28 01:10,2024-03-28 03:06
LAB706715,ENC102886,PT10171,GLU,Glucose,134,mg/dL,70,99,H,Routine,2024-03-27 23:27,2024-03-27 23:57,2024-03-28 02:53
LAB706716,ENC102886,PT10171,CREAT,Creatinine,1.09,mg/dL,0.6,1.3,N,STAT,2024-03-27 23:53,2024-03-28 00:02,2024-03-28 00:44
LAB706717,ENC102886,PT10171,WBC,White Blood Cell Count,16.4,K/uL,4.5,11,H,STAT,2024-03-27 23:47,2024-03-28 00:16,2024-03-28 00:41
LAB706718,ENC102886,PT10171,HGB,Hemoglobin,14.4,g/dL,12,17.5,N,STAT,2024-03-27 23:16,2024-03-27 23:26,2024-03-28 00:07
LAB706719,ENC102887,PT13242,GLU,Glucose,190,mg/dL,70,99,H,Routine,2024-03-28 08:32,2024-03-28 08:38,2024-03-28 11:10
LAB706720,ENC102887,PT13242,CREAT,Creatinine,0.96,mg/dL,0.6,1.3,N,Routine,2024-03-28 08:47,2024-03-28 09:22,2024-03-28 15:01
LAB706721,ENC102887,PT13242,WBC,White Blood Cell Count,10.9,K/uL,4.5,11,N,Routine,2024-03-28 09:22,2024-03-28 09:27,2024-03-28 11:24
LAB706722,ENC102887,PT13242,HGB,Hemoglobin,14,g/dL,12,17.5,N,Routine,2024-03-28 08:38,2024-03-28 08:45,2024-03-28 14:50
LAB706723,ENC102887,PT13242,BUN,Blood Urea Nitrogen,17,mg/dL,7,20,N,STAT,2024-03-28 09:29,2024-03-28 09:47,2024-03-28 10:25
LAB706724,ENC102887,PT13242,PLT,Platelet Count,259,K/uL,150,400,N,STAT,2024-03-28 08:58,2024-03-28 09:14,2024-03-28 09:59
LAB706725,ENC102888,PT10554,A1C,Hemoglobin A1c,7.8,%,4,5.6,H,Routine,2024-03-28 08:53,2024-03-28 09:09,2024-03-29 12:17
LAB706726,ENC102888,PT10554,GLU,Glucose,205,mg/dL,70,99,H,Routine,2024-03-28 09:05,2024-03-28 09:34,2024-03-28 17:56
LAB706727,ENC102888,PT10554,CREAT,Creatinine,1.09,mg/dL,0.6,1.3,N,Routine,2024-03-28 08:59,2024-03-28 09:28,2024-03-28 12:39
LAB706728,ENC102892,PT10169,GLU,Glucose,122,mg/dL,70,99,H,Routine,2024-03-28 12:44,2024-03-28 13:18,2024-03-28 18:07
LAB706729,ENC102892,PT10169,CREAT,Creatinine,1.06,mg/dL,0.6,1.3,N,Routine,2024-03-28 12:30,2024-03-28 12:48,2024-03-28 19:21
LAB706730,ENC102892,PT10169,WBC,White Blood Cell Count,7.3,K/uL,4.5,11,N,Routine,2024-03-28 12:06,2024-03-28 12:23,2024-03-28 19:29
LAB706731,ENC102892,PT10169,HGB,Hemoglobin,13.8,g/dL,12,17.5,N,Routine,2024-03-28 12:57,2024-03-28 13:01,2024-03-28 15:54
LAB706732,ENC102894,PT13281,GLU,Glucose,96,mg/dL,70,99,N,Routine,2024-03-28 11:17,2024-03-28 11:43,2024-03-28 13:40
LAB706733,ENC102894,PT13281,CREAT,Creatinine,1.12,mg/dL,0.6,1.3,N,STAT,2024-03-28 10:26,2024-03-28 10:57,2024-03-28 11:51
LAB706734,ENC102894,PT13281,WBC,White Blood Cell Count,18.1,K/uL,4.5,11,H,STAT,2024-03-28 10:51,2024-03-28 10:59,2024-03-28 11:29
LAB706735,ENC102894,PT13281,HGB,Hemoglobin,15.4,g/dL,12,17.5,N,STAT,2024-03-28 10:19,2024-03-28 10:39,2024-03-28 11:28
LAB706736,ENC102896,PT10561,GLU,Glucose,94,mg/dL,70,99,N,STAT,2024-03-28 12:56,2024-03-28 13:05,2024-03-28 13:38
LAB706737,ENC102896,PT10561,CREAT,Creatinine,1.08,mg/dL,0.6,1.3,N,STAT,2024-03-28 12:39,2024-03-28 13:02,2024-03-28 13:51
LAB706738,ENC102897,PT12861,GLU,Glucose,85,mg/dL,70,99,N,STAT,2024-03-28 15:33,2024-03-28 15:42,2024-03-28 16:19
LAB706739,ENC102897,PT12861,CREAT,Creatinine,0.95,mg/dL,0.6,1.3,N,STAT,2024-03-28 15:54,2024-03-28 16:26,2024-03-28 18:06
LAB706740,ENC102897,PT12861,WBC,White Blood Cell Count,6.4,K/uL,4.5,11,N,Routine,2024-03-28 15:01,2024-03-28 15:08,2024-03-28 17:46
LAB706741,ENC102897,PT12861,HGB,Hemoglobin,15.3,g/dL,12,17.5,N,Routine,2024-03-28 15:48,2024-03-28 16:14,2024-03-28 20:26
LAB706742,ENC102901,PT11740,GLU,Glucose,112,mg/dL,70,99,H,Routine,2024-03-28 17:52,2024-03-28 18:22,2024-03-28 20:48
LAB706743,ENC102901,PT11740,CREAT,Creatinine,1.34,mg/dL,0.6,1.3,H,Routine,2024-03-28 17:09,2024-03-28 17:25,2024-03-28 19:02
LAB706744,ENC102901,PT11740,WBC,White Blood Cell Count,32.1,K/uL,4.5,11,HH,Routine,2024-03-28 17:07,2024-03-28 17:39,2024-03-28 19:26
LAB706745,ENC102901,PT11740,HGB,Hemoglobin,15.5,g/dL,12,17.5,N,Routine,2024-03-28 16:50,2024-03-28 16:58,2024-03-28 21:29
LAB706746,ENC102901,PT11740,LACT,Lactate,3.5,mmol/L,0.5,2,H,STAT,2024-03-28 17:21,2024-03-28 17:41,2024-03-28 19:42
LAB706747,ENC102904,PT12643,GLU,Glucose,125,mg/dL,70,99,H,STAT,2024-03-28 15:34,2024-03-28 16:09,2024-03-28 16:33
LAB706748,ENC102904,PT12643,CREAT,Creatinine,0.75,mg/dL,0.6,1.3,N,STAT,2024-03-28 14:55,2024-03-28 15:19,2024-03-28 15:44
LAB706749,ENC102904,PT12643,WBC,White Blood Cell Count,4.3,K/uL,4.5,11,L,STAT,2024-03-28 15:29,2024-03-28 15:34,2024-03-28 15:56
LAB706750,ENC102904,PT12643,HGB,Hemoglobin,11.8,g/dL,12,17.5,L,Routine,2024-03-28 15:37,2024-03-28 15:55,2024-03-28 19:10
LAB706751,ENC102906,PT11165,GLU,Glucose,104,mg/dL,70,99,H,STAT,2024-03-28 16:00,2024-03-28 16:32,2024-03-28 18:07
LAB706752,ENC102906,PT11165,CREAT,Creatinine,0.94,mg/dL,0.6,1.3,N,STAT,2024-03-28 16:00,2024-03-28 16:28,2024-03-28 17:23
LAB706753,ENC102906,PT11165,WBC,White Blood Cell Count,8.6,K/uL,4.5,11,N,STAT,2024-03-28 15:38,2024-03-28 15:57,2024-03-28 16:21
LAB706754,ENC102906,PT11165,HGB,Hemoglobin,12.6,g/dL,12,17.5,N,STAT,2024-03-28 15:34,2024-03-28 15:46,2024-03-28 16:55
LAB706755,ENC102909,PT10525,LDL,LDL Cholesterol,110,mg/dL,0,99,H,Routine,2024-03-28 15:42,2024-03-28 16:15,2024-03-29 14:13
LAB706756,ENC102911,PT10465,INR,Prothrombin Time INR,0.9,ratio,0.8,1.2,N,Routine,2024-03-28 16:08,2024-03-28 16:39,2024-03-28 18:35
LAB706757,ENC102913,PT12066,GLU,Glucose,93,mg/dL,70,99,N,STAT,2024-03-28 18:40,2024-03-28 19:15,2024-03-28 20:07
LAB706758,ENC102913,PT12066,CREAT,Creatinine,0.47,mg/dL,0.6,1.3,L,STAT,2024-03-28 18:57,2024-03-28 19:14,2024-03-28 19:56
LAB706759,ENC102913,PT12066,WBC,White Blood Cell Count,5,K/uL,4.5,11,N,STAT,2024-03-28 18:46,2024-03-28 19:19,2024-03-28 19:49
LAB706760,ENC102913,PT12066,HGB,Hemoglobin,15.2,g/dL,12,17.5,N,Routine,2024-03-28 19:04,2024-03-28 19:22,2024-03-28 22:18
LAB706761,ENC102914,PT11474,GLU,Glucose,104,mg/dL,70,99,H,STAT,2024-03-28 19:17,2024-03-28 19:48,2024-03-28 20:59
LAB706762,ENC102914,PT11474,CREAT,Creatinine,1.04,mg/dL,0.6,1.3,N,Routine,2024-03-28 19:13,2024-03-28 19:39,2024-03-28 21:58
LAB706763,ENC102914,PT11474,WBC,White Blood Cell Count,6.1,K/uL,4.5,11,N,Routine,2024-03-28 18:40,2024-03-28 18:52,2024-03-28 20:55
LAB706764,ENC102914,PT11474,HGB,Hemoglobin,13.2,g/dL,12,17.5,N,STAT,2024-03-28 18:21,2024-03-28 18:47,2024-03-28 19:22
LAB706765,ENC102915,PT12514,GLU,Glucose,95,mg/dL,70,99,N,STAT,2024-03-28 21:53,2024-03-28 22:09,2024-03-28 22:48
LAB706766,ENC102915,PT12514,CREAT,Creatinine,0.43,mg/dL,0.6,1.3,L,STAT,2024-03-28 22:33,2024-03-28 22:52,2024-03-28 23:25
LAB706767,ENC102915,PT12514,WBC,White Blood Cell Count,5.3,K/uL,4.5,11,N,STAT,2024-03-28 22:17,2024-03-28 22:44,2024-03-28 23:54
LAB706768,ENC102915,PT12514,HGB,Hemoglobin,11.6,g/dL,12,17.5,L,STAT,2024-03-28 22:02,2024-03-28 22:35,2024-03-28 23:23
LAB706769,ENC102919,PT12901,GLU,Glucose,100,mg/dL,70,99,H,STAT,2024-03-28 22:34,2024-03-28 22:54,2024-03-28 23:40
LAB706770,ENC102919,PT12901,CREAT,Creatinine,0.73,mg/dL,0.6,1.3,N,Routine,2024-03-28 22:38,2024-03-28 22:52,2024-03-29 00:39
LAB706771,ENC102919,PT12901,WBC,White Blood Cell Count,6.8,K/uL,4.5,11,N,Routine,2024-03-28 22:38,2024-03-28 23:08,2024-03-29 01:21
LAB706772,ENC102919,PT12901,TROP,"Troponin I, High Sensitivity",0,ng/L,0,34,N,STAT,2024-03-28 22:34,2024-03-28 22:56,2024-03-28 23:43
LAB706773,ENC102920,PT10378,GLU,Glucose,171,mg/dL,70,99,H,Routine,2024-03-29 01:53,2024-03-29 02:23,2024-03-29 04:19
LAB706774,ENC102920,PT10378,CREAT,Creatinine,1.33,mg/dL,0.6,1.3,H,STAT,2024-03-29 01:58,2024-03-29 02:03,2024-03-29 02:56
LAB706775,ENC102920,PT10378,WBC,White Blood Cell Count,10.6,K/uL,4.5,11,N,STAT,2024-03-29 02:27,2024-03-29 02:50,2024-03-29 03:29
LAB706776,ENC102920,PT10378,HGB,Hemoglobin,16.2,g/dL,12,17.5,N,Routine,2024-03-29 02:07,2024-03-29 02:35,2024-03-29 05:18
LAB706777,ENC102920,PT10378,LACT,Lactate,3.8,mmol/L,0.5,2,H,STAT,2024-03-29 01:38,2024-03-29 02:13,2024-03-29 03:49
LAB706778,ENC102921,PT10333,GLU,Glucose,105,mg/dL,70,99,H,STAT,2024-03-29 02:26,2024-03-29 02:38,2024-03-29 03:51
LAB706779,ENC102921,PT10333,CREAT,Creatinine,1.04,mg/dL,0.6,1.3,N,Routine,2024-03-29 02:18,2024-03-29 02:38,2024-03-29 04:19
LAB706780,ENC102921,PT10333,WBC,White Blood Cell Count,9.7,K/uL,4.5,11,N,Routine,2024-03-29 02:54,2024-03-29 03:28,2024-03-29 06:38
LAB706781,ENC102921,PT10333,HGB,Hemoglobin,12.7,g/dL,12,17.5,N,Routine,2024-03-29 02:27,2024-03-29 02:34,2024-03-29 04:14
LAB706782,ENC102922,PT13654,GLU,Glucose,118,mg/dL,70,99,H,STAT,2024-03-29 03:38,2024-03-29 04:10,2024-03-29 04:44
LAB706783,ENC102922,PT13654,CREAT,Creatinine,0.72,mg/dL,0.6,1.3,N,Routine,2024-03-29 03:56,2024-03-29 04:28,2024-03-29 06:33
LAB706784,ENC102924,PT10094,GLU,Glucose,66,mg/dL,70,99,L,STAT,2024-03-29 10:58,2024-03-29 11:13,2024-03-29 11:42
LAB706785,ENC102924,PT10094,CREAT,Creatinine,1.17,mg/dL,0.6,1.3,N,STAT,2024-03-29 10:08,2024-03-29 10:40,2024-03-29 11:33
LAB706786,ENC102924,PT10094,WBC,White Blood Cell Count,6.7,K/uL,4.5,11,N,Routine,2024-03-29 10:49,2024-03-29 11:11,2024-03-29 13:16
LAB706787,ENC102924,PT10094,HGB,Hemoglobin,11.7,g/dL,12,17.5,L,Routine,2024-03-29 10:26,2024-03-29 11:01,2024-03-29 12:57
LAB706788,ENC102924,PT10094,NA,Sodium,141,mmol/L,136,145,N,Routine,2024-03-29 10:15,2024-03-29 10:35,2024-03-29 12:05
LAB706789,ENC102924,PT10094,K,Potassium,4.3,mmol/L,3.5,5.1,N,STAT,2024-03-29 10:42,2024-03-29 11:11,2024-03-29 12:00
LAB706790,ENC102926,PT12044,GLU,Glucose,74,mg/dL,70,99,N,Routine,2024-03-29 11:09,2024-03-29 11:35,2024-03-29 14:48
LAB706791,ENC102926,PT12044,CREAT,Creatinine,0.82,mg/dL,0.6,1.3,N,Routine,2024-03-29 11:11,2024-03-29 11:18,2024-03-29 13:36
LAB706792,ENC102926,PT12044,WBC,White Blood Cell Count,5.9,K/uL,4.5,11,N,Routine,2024-03-29 12:08,2024-03-29 12:29,2024-03-29 14:56
LAB706793,ENC102926,PT12044,HGB,Hemoglobin,14.1,g/dL,12,17.5,N,STAT,2024-03-29 11:21,2024-03-29 11:51,2024-03-29 12:48
LAB706794,ENC102926,PT12044,TROP,"Troponin I, High Sensitivity",5,ng/L,0,34,N,STAT,2024-03-29 11:22,2024-03-29 11:48,2024-03-29 12:51
LAB706795,ENC102926,PT12044,BNP,B-Type Natriuretic Peptide,1772,pg/mL,0,100,H,Routine,2024-03-29 11:30,2024-03-29 11:50,2024-03-29 15:02
LAB706796,ENC102927,PT12884,LDL,LDL Cholesterol,120,mg/dL,0,99,H,Routine,2024-03-29 09:10,2024-03-29 09:16,2024-03-29 20:49
LAB706797,ENC102927,PT12884,A1C,Hemoglobin A1c,10.7,%,4,5.6,H,Routine,2024-03-29 09:07,2024-03-29 09:35,2024-03-30 00:19
LAB706798,ENC102932,PT11785,GLU,Glucose,120,mg/dL,70,99,H,STAT,2024-03-29 11:21,2024-03-29 11:25,2024-03-29 12:03
LAB706799,ENC102932,PT11785,CREAT,Creatinine,1.14,mg/dL,0.6,1.3,N,Routine,2024-03-29 12:03,2024-03-29 12:13,2024-03-29 17:21
LAB706800,ENC102935,PT10403,INR,Prothrombin Time INR,0.8,ratio,0.8,1.2,N,Routine,2024-03-29 12:11,2024-03-29 12:21,2024-03-29 16:39
LAB706801,ENC102937,PT10789,WBC,White Blood Cell Count,6.3,K/uL,4.5,11,N,Routine,2024-03-29 12:52,2024-03-29 13:05,2024-03-29 16:35
LAB706802,ENC102937,PT10789,HGB,Hemoglobin,13.4,g/dL,12,17.5,N,Routine,2024-03-29 12:51,2024-03-29 13:10,2024-03-29 14:51
LAB706803,ENC102937,PT10789,PLT,Platelet Count,241,K/uL,150,400,N,Routine,2024-03-29 13:04,2024-03-29 13:19,2024-03-29 15:07
LAB706804,ENC102938,PT13681,GLU,Glucose,82,mg/dL,70,99,N,STAT,2024-03-29 15:31,2024-03-29 15:53,2024-03-29 16:43
LAB706805,ENC102938,PT13681,CREAT,Creatinine,0.71,mg/dL,0.6,1.3,N,STAT,2024-03-29 15:00,2024-03-29 15:07,2024-03-29 16:27
LAB706806,ENC102938,PT13681,WBC,White Blood Cell Count,7.8,K/uL,4.5,11,N,Routine,2024-03-29 15:21,2024-03-29 15:28,2024-03-29 23:01
LAB706807,ENC102938,PT13681,HGB,Hemoglobin,12.7,g/dL,12,17.5,N,STAT,2024-03-29 15:56,2024-03-29 16:15,2024-03-29 16:50
LAB706808,ENC102938,PT13681,NA,Sodium,141,mmol/L,136,145,N,STAT,2024-03-29 15:28,2024-03-29 15:59,2024-03-29 16:41
LAB706809,ENC102938,PT13681,K,Potassium,4.1,mmol/L,3.5,5.1,N,STAT,2024-03-29 15:29,2024-03-29 15:33,2024-03-29 16:08
LAB706810,ENC102939,PT13249,INR,Prothrombin Time INR,1.9,ratio,0.8,1.2,H,Routine,2024-03-29 13:57,2024-03-29 14:05,2024-03-29 17:58
LAB706811,ENC102943,PT12660,GLU,Glucose,78,mg/dL,70,99,N,STAT,2024-03-29 17:17,2024-03-29 17:22,2024-03-29 18:30
LAB706812,ENC102943,PT12660,CREAT,Creatinine,0.84,mg/dL,0.6,1.3,N,STAT,2024-03-29 17:23,2024-03-29 17:51,2024-03-29 18:27
LAB706813,ENC102943,PT12660,WBC,White Blood Cell Count,7.8,K/uL,4.5,11,N,STAT,2024-03-29 17:31,2024-03-29 17:58,2024-03-29 19:04
LAB706814,ENC102943,PT12660,TROP,"Troponin I, High Sensitivity",3,ng/L,0,34,N,STAT,2024-03-29 17:51,2024-03-29 18:25,2024-03-29 19:00
LAB706815,ENC102946,PT10992,GLU,Glucose,97,mg/dL,70,99,N,STAT,2024-03-30 01:59,2024-03-30 02:32,2024-03-30 03:09
LAB706816,ENC102946,PT10992,CREAT,Creatinine,0.92,mg/dL,0.6,1.3,N,STAT,2024-03-30 02:24,2024-03-30 02:40,2024-03-30 03:29
LAB706817,ENC102946,PT10992,WBC,White Blood Cell Count,6.1,K/uL,4.5,11,N,STAT,2024-03-30 01:55,2024-03-30 02:28,2024-03-30 03:10
LAB706818,ENC102946,PT10992,HGB,Hemoglobin,15,g/dL,12,17.5,N,Routine,2024-03-30 02:46,2024-03-30 02:55,2024-03-30 05:30
LAB706819,ENC102946,PT10992,TROP,"Troponin I, High Sensitivity",7,ng/L,0,34,N,STAT,2024-03-30 02:02,2024-03-30 02:08,2024-03-30 02:54
LAB706820,ENC102947,PT10135,GLU,Glucose,352,mg/dL,70,99,H,Routine,2024-03-30 01:18,2024-03-30 01:41,2024-03-30 04:19
LAB706821,ENC102947,PT10135,CREAT,Creatinine,0.52,mg/dL,0.6,1.3,L,STAT,2024-03-30 00:57,2024-03-30 01:01,2024-03-30 01:23
LAB706822,ENC102947,PT10135,WBC,White Blood Cell Count,6.2,K/uL,4.5,11,N,STAT,2024-03-30 00:45,2024-03-30 01:00,2024-03-30 01:43
LAB706823,ENC102947,PT10135,A1C,Hemoglobin A1c,8.9,%,4,5.6,H,Routine,2024-03-30 00:58,2024-03-30 01:26,2024-03-30 19:58
LAB706824,ENC102948,PT11651,GLU,Glucose,100,mg/dL,70,99,H,STAT,2024-03-30 05:32,2024-03-30 05:49,2024-03-30 06:48
LAB706825,ENC102948,PT11651,CREAT,Creatinine,0.99,mg/dL,0.6,1.3,N,STAT,2024-03-30 05:15,2024-03-30 05:34,2024-03-30 06:00
LAB706826,ENC102948,PT11651,WBC,White Blood Cell Count,12.1,K/uL,4.5,11,H,STAT,2024-03-30 05:05,2024-03-30 05:37,2024-03-30 06:30
LAB706827,ENC102948,PT11651,HGB,Hemoglobin,12.9,g/dL,12,17.5,N,STAT,2024-03-30 04:42,2024-03-30 05:00,2024-03-30 05:30
LAB706828,ENC102951,PT10867,GLU,Glucose,77,mg/dL,70,99,N,Routine,2024-03-30 09:22,2024-03-30 09:56,2024-03-30 13:06
LAB706829,ENC102951,PT10867,CREAT,Creatinine,0.34,mg/dL,0.6,1.3,L,STAT,2024-03-30 08:53,2024-03-30 09:11,2024-03-30 09:37
LAB706830,ENC102951,PT10867,WBC,White Blood Cell Count,18.2,K/uL,4.5,11,H,Routine,2024-03-30 09:20,2024-03-30 09:47,2024-03-30 12:00
LAB706831,ENC102951,PT10867,HGB,Hemoglobin,14.4,g/dL,12,17.5,N,STAT,2024-03-30 08:53,2024-03-30 09:02,2024-03-30 09:38
LAB706832,ENC102951,PT10867,BUN,Blood Urea Nitrogen,13,mg/dL,7,20,N,STAT,2024-03-30 08:38,2024-03-30 08:59,2024-03-30 09:33
LAB706833,ENC102951,PT10867,PLT,Platelet Count,191,K/uL,150,400,N,STAT,2024-03-30 08:53,2024-03-30 08:59,2024-03-30 10:16
LAB706834,ENC102954,PT10180,GLU,Glucose,130,mg/dL,70,99,H,STAT,2024-03-30 16:57,2024-03-30 17:17,2024-03-30 18:21
LAB706835,ENC102954,PT10180,CREAT,Creatinine,0.87,mg/dL,0.6,1.3,N,Routine,2024-03-30 16:55,2024-03-30 17:13,2024-03-30 22:10
LAB706836,ENC102954,PT10180,WBC,White Blood Cell Count,8,K/uL,4.5,11,N,STAT,2024-03-30 17:29,2024-03-30 17:48,2024-03-30 18:56
LAB706837,ENC102954,PT10180,HGB,Hemoglobin,15.2,g/dL,12,17.5,N,STAT,2024-03-30 16:47,2024-03-30 16:57,2024-03-30 17:19
LAB706838,ENC102954,PT10180,NA,Sodium,138,mmol/L,136,145,N,STAT,2024-03-30 17:20,2024-03-30 17:31,2024-03-30 18:11
LAB706839,ENC102954,PT10180,K,Potassium,4.3,mmol/L,3.5,5.1,N,STAT,2024-03-30 16:39,2024-03-30 16:50,2024-03-30 17:54
LAB706840,ENC102955,PT10567,GLU,Glucose,201,mg/dL,70,99,H,STAT,2024-03-30 14:36,2024-03-30 14:44,2024-03-30 15:32
LAB706841,ENC102955,PT10567,CREAT,Creatinine,1.35,mg/dL,0.6,1.3,H,STAT,2024-03-30 14:05,2024-03-30 14:37,2024-03-30 15:11
LAB706842,ENC102955,PT10567,WBC,White Blood Cell Count,8.2,K/uL,4.5,11,N,Routine,2024-03-30 14:49,2024-03-30 14:55,2024-03-30 18:38
LAB706843,ENC102955,PT10567,HGB,Hemoglobin,16.2,g/dL,12,17.5,N,STAT,2024-03-30 15:01,2024-03-30 15:33,2024-03-30 16:26
LAB706844,ENC102956,PT10927,GLU,Glucose,74,mg/dL,70,99,N,Routine,2024-03-30 15:09,2024-03-30 15:13,2024-03-30 16:25
LAB706845,ENC102956,PT10927,CREAT,Creatinine,1.08,mg/dL,0.6,1.3,N,Routine,2024-03-30 14:16,2024-03-30 14:45,2024-03-30 19:48
LAB706846,ENC102956,PT10927,WBC,White Blood Cell Count,11.6,K/uL,4.5,11,H,Routine,2024-03-30 15:18,2024-03-30 15:42,2024-03-30 17:47
LAB706847,ENC102956,PT10927,HGB,Hemoglobin,13.2,g/dL,12,17.5,N,Routine,2024-03-30 14:16,2024-03-30 14:39,2024-03-30 19:32
LAB706848,ENC102957,PT10299,GLU,Glucose,178,mg/dL,70,99,H,STAT,2024-03-30 15:41,2024-03-30 15:59,2024-03-30 16:55
LAB706849,ENC102957,PT10299,CREAT,Creatinine,1.05,mg/dL,0.6,1.3,N,Routine,2024-03-30 14:48,2024-03-30 15:20,2024-03-30 18:44
LAB706850,ENC102957,PT10299,WBC,White Blood Cell Count,6.2,K/uL,4.5,11,N,Routine,2024-03-30 15:14,2024-03-30 15:41,2024-03-30 20:09
LAB706851,ENC102959,PT12163,GLU,Glucose,100,mg/dL,70,99,H,STAT,2024-03-30 18:34,2024-03-30 18:39,2024-03-30 19:23
LAB706852,ENC102959,PT12163,CREAT,Creatinine,1.29,mg/dL,0.6,1.3,N,STAT,2024-03-30 18:29,2024-03-30 18:48,2024-03-30 19:12
LAB706853,ENC102959,PT12163,WBC,White Blood Cell Count,9.2,K/uL,4.5,11,N,Routine,2024-03-30 17:52,2024-03-30 18:07,2024-03-30 20:23
LAB706854,ENC102959,PT12163,HGB,Hemoglobin,14.1,g/dL,12,17.5,N,Routine,2024-03-30 18:19,2024-03-30 18:30,2024-03-30 21:42
LAB706855,ENC102959,PT12163,NA,Sodium,124,mmol/L,136,145,L,STAT,2024-03-30 18:40,2024-03-30 18:52,2024-03-30 19:20
LAB706856,ENC102959,PT12163,K,Potassium,5.1,mmol/L,3.5,5.1,N,STAT,2024-03-30 18:50,2024-03-30 19:20,2024-03-30 20:08
LAB706857,ENC102961,PT13290,GLU,Glucose,133,mg/dL,70,99,H,STAT,2024-03-30 15:33,2024-03-30 15:58,2024-03-30 17:15
LAB706858,ENC102961,PT13290,CREAT,Creatinine,2.86,mg/dL,0.6,1.3,H,STAT,2024-03-30 16:29,2024-03-30 16:52,2024-03-30 17:59
LAB706859,ENC102961,PT13290,WBC,White Blood Cell Count,9.4,K/uL,4.5,11,N,Routine,2024-03-30 16:21,2024-03-30 16:54,2024-03-30 18:32
LAB706860,ENC102962,PT10451,GLU,Glucose,138,mg/dL,70,99,H,STAT,2024-03-30 16:54,2024-03-30 17:29,2024-03-30 18:28
LAB706861,ENC102962,PT10451,CREAT,Creatinine,0.64,mg/dL,0.6,1.3,N,Routine,2024-03-30 17:22,2024-03-30 17:30,2024-03-30 22:06
LAB706862,ENC102962,PT10451,WBC,White Blood Cell Count,6.8,K/uL,4.5,11,N,Routine,2024-03-30 17:40,2024-03-30 17:50,2024-03-30 20:01
LAB706863,ENC102963,PT13970,TROP,"Troponin I, High Sensitivity",41,ng/L,0,34,H,STAT,2024-03-30 19:37,2024-03-30 20:10,2024-03-30 21:14
LAB706864,ENC102964,PT13815,GLU,Glucose,110,mg/dL,70,99,H,STAT,2024-03-30 19:25,2024-03-30 19:33,2024-03-30 20:11
LAB706865,ENC102964,PT13815,CREAT,Creatinine,0.92,mg/dL,0.6,1.3,N,STAT,2024-03-30 18:46,2024-03-30 18:57,2024-03-30 19:42
LAB706866,ENC102964,PT13815,WBC,White Blood Cell Count,7.3,K/uL,4.5,11,N,STAT,2024-03-30 19:15,2024-03-30 19:25,2024-03-30 19:43
LAB706867,ENC102965,PT11021,GLU,Glucose,104,mg/dL,70,99,H,STAT,2024-03-30 23:36,2024-03-30 23:44,2024-03-31 00:21
LAB706868,ENC102965,PT11021,CREAT,Creatinine,0.64,mg/dL,0.6,1.3,N,STAT,2024-03-30 23:34,2024-03-31 00:06,2024-03-31 00:36
LAB706869,ENC102965,PT11021,WBC,White Blood Cell Count,9.2,K/uL,4.5,11,N,STAT,2024-03-30 23:53,2024-03-31 00:17,2024-03-31 01:11
LAB706870,ENC102965,PT11021,HGB,Hemoglobin,7.6,g/dL,12,17.5,L,Routine,2024-03-30 23:21,2024-03-30 23:53,2024-03-31 01:15
LAB706871,ENC102965,PT11021,BUN,Blood Urea Nitrogen,13,mg/dL,7,20,N,STAT,2024-03-30 23:05,2024-03-30 23:28,2024-03-31 00:24
LAB706872,ENC102965,PT11021,PLT,Platelet Count,286,K/uL,150,400,N,STAT,2024-03-30 23:41,2024-03-30 23:48,2024-03-31 01:11
LAB706873,ENC102965,PT11021,INR,Prothrombin Time INR,1,ratio,0.8,1.2,N,Routine,2024-03-30 23:26,2024-03-30 23:51,2024-03-31 03:46
LAB706874,ENC102966,PT11758,GLU,Glucose,98,mg/dL,70,99,N,Routine,2024-03-31 01:38,2024-03-31 02:07,2024-03-31 04:02
LAB706875,ENC102966,PT11758,CREAT,Creatinine,0.67,mg/dL,0.6,1.3,N,STAT,2024-03-31 01:28,2024-03-31 01:57,2024-03-31 02:35
LAB706876,ENC102966,PT11758,WBC,White Blood Cell Count,8.1,K/uL,4.5,11,N,STAT,2024-03-31 00:56,2024-03-31 01:26,2024-03-31 01:46
LAB706877,ENC102967,PT12662,GLU,Glucose,109,mg/dL,70,99,H,STAT,2024-03-31 04:52,2024-03-31 05:08,2024-03-31 06:25
LAB706878,ENC102967,PT12662,CREAT,Creatinine,2.41,mg/dL,0.6,1.3,H,STAT,2024-03-31 04:18,2024-03-31 04:46,2024-03-31 06:08
LAB706879,ENC102971,PT10901,GLU,Glucose,198,mg/dL,70,99,H,STAT,2024-03-31 10:54,2024-03-31 11:01,2024-03-31 12:13
LAB706880,ENC102971,PT10901,CREAT,Creatinine,1.8,mg/dL,0.6,1.3,H,STAT,2024-03-31 11:03,2024-03-31 11:09,2024-03-31 11:43
LAB706881,ENC102971,PT10901,WBC,White Blood Cell Count,16.6,K/uL,4.5,11,H,STAT,2024-03-31 11:32,2024-03-31 11:43,2024-03-31 12:43
LAB706882,ENC102971,PT10901,HGB,Hemoglobin,10.6,g/dL,12,17.5,L,STAT,2024-03-31 11:10,2024-03-31 11:14,2024-03-31 11:35
LAB706883,ENC102971,PT10901,LACT,Lactate,2.1,mmol/L,0.5,2,H,STAT,2024-03-31 11:05,2024-03-31 11:14,2024-03-31 12:22
LAB706884,ENC102972,PT11306,GLU,Glucose,88,mg/dL,70,99,N,Routine,2024-03-31 12:23,2024-03-31 12:49,2024-03-31 14:47
LAB706885,ENC102972,PT11306,CREAT,Creatinine,1.11,mg/dL,0.6,1.3,N,STAT,2024-03-31 13:14,2024-03-31 13:43,2024-03-31 14:26
LAB706886,ENC102972,PT11306,WBC,White Blood Cell Count,11.5,K/uL,4.5,11,H,STAT,2024-03-31 13:27,2024-03-31 13:32,2024-03-31 14:52
LAB706887,ENC102972,PT11306,HGB,Hemoglobin,12.7,g/dL,12,17.5,N,STAT,2024-03-31 12:49,2024-03-31 13:15,2024-03-31 14:08
LAB706888,ENC102972,PT11306,NA,Sodium,138,mmol/L,136,145,N,STAT,2024-03-31 13:30,2024-03-31 13:50,2024-03-31 14:40
LAB706889,ENC102972,PT11306,K,Potassium,4.4,mmol/L,3.5,5.1,N,STAT,2024-03-31 12:49,2024-03-31 13:18,2024-03-31 14:11
LAB706890,ENC102973,PT10249,GLU,Glucose,100,mg/dL,70,99,H,Routine,2024-03-31 09:33,2024-03-31 09:42,2024-03-31 13:18
LAB706891,ENC102973,PT10249,CREAT,Creatinine,0.71,mg/dL,0.6,1.3,N,STAT,2024-03-31 10:02,2024-03-31 10:23,2024-03-31 11:48
LAB706892,ENC102973,PT10249,WBC,White Blood Cell Count,7,K/uL,4.5,11,N,STAT,2024-03-31 10:21,2024-03-31 10:56,2024-03-31 11:49
LAB706893,ENC102974,PT11837,GLU,Glucose,72,mg/dL,70,99,N,STAT,2024-03-31 14:26,2024-03-31 14:46,2024-03-31 16:03
LAB706894,ENC102974,PT11837,CREAT,Creatinine,1.34,mg/dL,0.6,1.3,H,STAT,2024-03-31 14:53,2024-03-31 15:10,2024-03-31 16:11
LAB706895,ENC102974,PT11837,WBC,White Blood Cell Count,16.6,K/uL,4.5,11,H,STAT,2024-03-31 14:46,2024-03-31 15:09,2024-03-31 16:05
LAB706896,ENC102974,PT11837,HGB,Hemoglobin,13.5,g/dL,12,17.5,N,STAT,2024-03-31 14:13,2024-03-31 14:38,2024-03-31 15:27
LAB706897,ENC102975,PT11327,GLU,Glucose,121,mg/dL,70,99,H,STAT,2024-03-31 16:09,2024-03-31 16:29,2024-03-31 19:06
LAB706898,ENC102975,PT11327,CREAT,Creatinine,0.96,mg/dL,0.6,1.3,N,Routine,2024-03-31 16:00,2024-03-31 16:23,2024-03-31 18:53
LAB706899,ENC102975,PT11327,WBC,White Blood Cell Count,9.8,K/uL,4.5,11,N,STAT,2024-03-31 15:38,2024-03-31 16:06,2024-03-31 16:45
LAB706900,ENC102975,PT11327,HGB,Hemoglobin,13.9,g/dL,12,17.5,N,STAT,2024-03-31 16:26,2024-03-31 16:41,2024-03-31 17:17
LAB706901,ENC102975,PT11327,TROP,"Troponin I, High Sensitivity",13,ng/L,0,34,N,STAT,2024-03-31 16:14,2024-03-31 16:35,2024-03-31 17:18
LAB706902,ENC102975,PT11327,BNP,B-Type Natriuretic Peptide,321,pg/mL,0,100,H,STAT,2024-03-31 16:10,2024-03-31 16:27,2024-03-31 17:22
LAB706903,ENC102976,PT12170,GLU,Glucose,99,mg/dL,70,99,N,STAT,2024-03-31 13:20,2024-03-31 13:24,2024-03-31 14:13
LAB706904,ENC102976,PT12170,CREAT,Creatinine,0.98,mg/dL,0.6,1.3,N,STAT,2024-03-31 13:51,2024-03-31 14:05,2024-03-31 14:46
LAB706905,ENC102976,PT12170,WBC,White Blood Cell Count,8.7,K/uL,4.5,11,N,STAT,2024-03-31 13:09,2024-03-31 13:21,2024-03-31 14:03
LAB706906,ENC102978,PT12706,GLU,Glucose,96,mg/dL,70,99,N,STAT,2024-03-31 13:24,2024-03-31 13:41,2024-03-31 14:13
LAB706907,ENC102978,PT12706,CREAT,Creatinine,1,mg/dL,0.6,1.3,N,Routine,2024-03-31 14:02,2024-03-31 14:12,2024-03-31 16:45
LAB706908,ENC102978,PT12706,WBC,White Blood Cell Count,7.4,K/uL,4.5,11,N,STAT,2024-03-31 13:21,2024-03-31 13:52,2024-03-31 14:27
LAB706909,ENC102979,PT11436,GLU,Glucose,241,mg/dL,70,99,H,STAT,2024-03-31 14:03,2024-03-31 14:23,2024-03-31 15:02
LAB706910,ENC102979,PT11436,CREAT,Creatinine,1.07,mg/dL,0.6,1.3,N,STAT,2024-03-31 15:11,2024-03-31 15:32,2024-03-31 15:54
LAB706911,ENC102979,PT11436,WBC,White Blood Cell Count,7,K/uL,4.5,11,N,STAT,2024-03-31 15:05,2024-03-31 15:27,2024-03-31 16:13
LAB706912,ENC102980,PT11452,GLU,Glucose,141,mg/dL,70,99,H,STAT,2024-03-31 14:35,2024-03-31 14:42,2024-03-31 15:13
LAB706913,ENC102980,PT11452,CREAT,Creatinine,0.73,mg/dL,0.6,1.3,N,Routine,2024-03-31 14:32,2024-03-31 14:40,2024-03-31 19:02
LAB706914,ENC102980,PT11452,WBC,White Blood Cell Count,7.5,K/uL,4.5,11,N,STAT,2024-03-31 14:51,2024-03-31 14:55,2024-03-31 15:50
LAB706915,ENC102980,PT11452,HGB,Hemoglobin,14.4,g/dL,12,17.5,N,STAT,2024-03-31 14:30,2024-03-31 14:40,2024-03-31 15:30
LAB706916,ENC102980,PT11452,TROP,"Troponin I, High Sensitivity",2,ng/L,0,34,N,STAT,2024-03-31 15:00,2024-03-31 15:11,2024-03-31 16:06
LAB706917,ENC102982,PT10496,GLU,Glucose,135,mg/dL,70,99,H,STAT,2024-03-31 16:09,2024-03-31 16:16,2024-03-31 17:19
LAB706918,ENC102982,PT10496,CREAT,Creatinine,1.12,mg/dL,0.6,1.3,N,STAT,2024-03-31 16:45,2024-03-31 17:12,2024-03-31 18:11
LAB706919,ENC102982,PT10496,WBC,White Blood Cell Count,13.3,K/uL,4.5,11,H,STAT,2024-03-31 16:45,2024-03-31 16:53,2024-03-31 17:28
LAB706920,ENC102982,PT10496,HGB,Hemoglobin,11.4,g/dL,12,17.5,L,Routine,2024-03-31 16:48,2024-03-31 17:01,2024-03-31 20:37
LAB706921,ENC102984,PT12278,GLU,Glucose,102,mg/dL,70,99,H,STAT,2024-04-01 00:02,2024-04-01 00:37,2024-04-01 01:14
LAB706922,ENC102984,PT12278,CREAT,Creatinine,1.14,mg/dL,0.6,1.3,N,Routine,2024-04-01 00:56,2024-04-01 01:13,2024-04-01 03:57
LAB706923,ENC102984,PT12278,WBC,White Blood Cell Count,4.6,K/uL,4.5,11,N,Routine,2024-03-31 23:59,2024-04-01 00:10,2024-04-01 02:57
LAB706924,ENC102984,PT12278,HGB,Hemoglobin,15.1,g/dL,12,17.5,N,STAT,2024-04-01 00:22,2024-04-01 00:27,2024-04-01 01:08
LAB706925,ENC102985,PT12426,GLU,Glucose,106,mg/dL,70,99,H,Routine,2024-04-01 01:19,2024-04-01 01:53,2024-04-01 02:59
LAB706926,ENC102985,PT12426,CREAT,Creatinine,1.01,mg/dL,0.6,1.3,N,STAT,2024-04-01 00:28,2024-04-01 01:01,2024-04-01 01:39
LAB706927,ENC102985,PT12426,WBC,White Blood Cell Count,10.3,K/uL,4.5,11,N,Routine,2024-04-01 00:55,2024-04-01 01:00,2024-04-01 02:46
LAB706928,ENC102985,PT12426,HGB,Hemoglobin,13.1,g/dL,12,17.5,N,STAT,2024-04-01 00:40,2024-04-01 00:58,2024-04-01 01:45
LAB706929,ENC102985,PT12426,LACT,Lactate,1.7,mmol/L,0.5,2,N,STAT,2024-04-01 00:40,2024-04-01 00:44,2024-04-01 02:14
LAB706930,ENC102986,PT12794,GLU,Glucose,472,mg/dL,70,99,H,STAT,2024-04-01 00:32,2024-04-01 00:52,2024-04-01 01:45
LAB706931,ENC102986,PT12794,CREAT,Creatinine,0.8,mg/dL,0.6,1.3,N,STAT,2024-03-31 23:53,2024-03-31 23:57,2024-04-01 00:58
LAB706932,ENC102986,PT12794,WBC,White Blood Cell Count,6.4,K/uL,4.5,11,N,STAT,2024-04-01 00:50,2024-04-01 00:56,2024-04-01 01:47
LAB706933,ENC102986,PT12794,HGB,Hemoglobin,14.3,g/dL,12,17.5,N,Routine,2024-04-01 00:52,2024-04-01 01:27,2024-04-01 04:48
LAB706934,ENC102986,PT12794,NA,Sodium,136,mmol/L,136,145,N,Routine,2024-04-01 00:45,2024-04-01 01:07,2024-04-01 06:26
LAB706935,ENC102986,PT12794,K,Potassium,3.9,mmol/L,3.5,5.1,N,STAT,2024-04-01 00:46,2024-04-01 00:55,2024-04-01 01:29
LAB706936,ENC102986,PT12794,A1C,Hemoglobin A1c,13.8,%,4,5.6,H,Routine,2024-04-01 00:37,2024-04-01 00:54,2024-04-01 23:19
LAB706937,ENC102988,PT13935,GLU,Glucose,84,mg/dL,70,99,N,Routine,2024-04-01 03:29,2024-04-01 03:54,2024-04-01 06:52
LAB706938,ENC102988,PT13935,CREAT,Creatinine,0.8,mg/dL,0.6,1.3,N,STAT,2024-04-01 04:07,2024-04-01 04:27,2024-04-01 04:59
LAB706939,ENC102988,PT13935,WBC,White Blood Cell Count,7.2,K/uL,4.5,11,N,STAT,2024-04-01 04:17,2024-04-01 04:31,2024-04-01 05:06
LAB706940,ENC102988,PT13935,HGB,Hemoglobin,15.5,g/dL,12,17.5,N,STAT,2024-04-01 03:20,2024-04-01 03:53,2024-04-01 04:51
LAB706941,ENC102988,PT13935,NA,Sodium,135,mmol/L,136,145,L,STAT,2024-04-01 03:26,2024-04-01 03:56,2024-04-01 04:24
LAB706942,ENC102988,PT13935,K,Potassium,3.7,mmol/L,3.5,5.1,N,STAT,2024-04-01 03:15,2024-04-01 03:27,2024-04-01 04:13
LAB706943,ENC102991,PT12851,GLU,Glucose,115,mg/dL,70,99,H,STAT,2024-04-01 11:02,2024-04-01 11:34,2024-04-01 12:20
LAB706944,ENC102991,PT12851,CREAT,Creatinine,0.9,mg/dL,0.6,1.3,N,STAT,2024-04-01 10:22,2024-04-01 10:27,2024-04-01 10:57
LAB706945,ENC102991,PT12851,WBC,White Blood Cell Count,8.4,K/uL,4.5,11,N,STAT,2024-04-01 10:24,2024-04-01 10:46,2024-04-01 11:33
LAB706946,ENC102991,PT12851,HGB,Hemoglobin,11.9,g/dL,12,17.5,L,STAT,2024-04-01 10:23,2024-04-01 10:49,2024-04-01 12:32
LAB706947,ENC102993,PT13186,LDL,LDL Cholesterol,146,mg/dL,0,99,H,Routine,2024-04-01 08:44,2024-04-01 09:02,2024-04-02 05:50
LAB706948,ENC102996,PT11116,LDL,LDL Cholesterol,114,mg/dL,0,99,H,Routine,2024-04-01 09:44,2024-04-01 10:19,2024-04-02 05:07
LAB706949,ENC102996,PT11116,A1C,Hemoglobin A1c,5.8,%,4,5.6,H,Routine,2024-04-01 09:21,2024-04-01 09:36,2024-04-01 21:15
LAB706950,ENC102997,PT12377,GLU,Glucose,112,mg/dL,70,99,H,Routine,2024-04-01 10:17,2024-04-01 10:39,2024-04-01 12:17
LAB706951,ENC102997,PT12377,CREAT,Creatinine,1.09,mg/dL,0.6,1.3,N,STAT,2024-04-01 10:32,2024-04-01 11:01,2024-04-01 11:40
LAB706952,ENC102997,PT12377,WBC,White Blood Cell Count,8.1,K/uL,4.5,11,N,STAT,2024-04-01 10:29,2024-04-01 10:42,2024-04-01 11:13
LAB706953,ENC102999,PT13629,GLU,Glucose,367,mg/dL,70,99,H,STAT,2024-04-01 10:40,2024-04-01 11:06,2024-04-01 11:54
LAB706954,ENC102999,PT13629,CREAT,Creatinine,1.09,mg/dL,0.6,1.3,N,Routine,2024-04-01 10:32,2024-04-01 10:53,2024-04-01 12:39
LAB706955,ENC102999,PT13629,WBC,White Blood Cell Count,5.5,K/uL,4.5,11,N,Routine,2024-04-01 10:05,2024-04-01 10:13,2024-04-01 16:31
LAB706956,ENC102999,PT13629,A1C,Hemoglobin A1c,9.8,%,4,5.6,H,Routine,2024-04-01 11:12,2024-04-01 11:16,2024-04-01 18:53
LAB706957,ENC103000,PT10353,TROP,"Troponin I, High Sensitivity",6,ng/L,0,34,N,STAT,2024-04-01 10:32,2024-04-01 10:42,2024-04-01 11:30
LAB706958,ENC103001,PT13334,GLU,Glucose,145,mg/dL,70,99,H,Routine,2024-04-01 14:01,2024-04-01 14:22,2024-04-01 18:22
LAB706959,ENC103001,PT13334,CREAT,Creatinine,1.38,mg/dL,0.6,1.3,H,Routine,2024-04-01 13:55,2024-04-01 14:07,2024-04-01 18:02
LAB706960,ENC103001,PT13334,WBC,White Blood Cell Count,17.8,K/uL,4.5,11,H,STAT,2024-04-01 14:28,2024-04-01 14:41,2024-04-01 15:17
LAB706961,ENC103001,PT13334,HGB,Hemoglobin,10.5,g/dL,12,17.5,L,STAT,2024-04-01 14:00,2024-04-01 14:26,2024-04-01 15:31
LAB706962,ENC103001,PT13334,LACT,Lactate,5.9,mmol/L,0.5,2,HH,STAT,2024-04-01 14:24,2024-04-01 14:33,2024-04-01 15:22
LAB706963,ENC103002,PT13631,A1C,Hemoglobin A1c,9.3,%,4,5.6,H,Routine,2024-04-01 11:57,2024-04-01 12:28,2024-04-02 01:22
LAB706964,ENC103003,PT13911,A1C,Hemoglobin A1c,5.5,%,4,5.6,N,Routine,2024-04-01 12:04,2024-04-01 12:29,2024-04-01 23:46
LAB706965,ENC103003,PT13911,GLU,Glucose,132,mg/dL,70,99,H,Routine,2024-04-01 11:56,2024-04-01 12:12,2024-04-01 19:53
LAB706966,ENC103003,PT13911,CREAT,Creatinine,1.02,mg/dL,0.6,1.3,N,Routine,2024-04-01 11:59,2024-04-01 12:17,2024-04-01 13:55
LAB706967,ENC103004,PT13060,GLU,Glucose,118,mg/dL,70,99,H,Routine,2024-04-01 16:36,2024-04-01 16:53,2024-04-01 19:11
LAB706968,ENC103004,PT13060,CREAT,Creatinine,0.97,mg/dL,0.6,1.3,N,STAT,2024-04-01 16:07,2024-04-01 16:29,2024-04-01 17:06
LAB706969,ENC103004,PT13060,WBC,White Blood Cell Count,8.2,K/uL,4.5,11,N,STAT,2024-04-01 15:59,2024-04-01 16:07,2024-04-01 16:59
LAB706970,ENC103004,PT13060,HGB,Hemoglobin,13.4,g/dL,12,17.5,N,STAT,2024-04-01 16:39,2024-04-01 16:47,2024-04-01 17:32
LAB706971,ENC103004,PT13060,TROP,"Troponin I, High Sensitivity",13,ng/L,0,34,N,STAT,2024-04-01 15:56,2024-04-01 16:05,2024-04-01 16:45
LAB706972,ENC103005,PT10392,LDL,LDL Cholesterol,94,mg/dL,0,99,N,Routine,2024-04-01 12:54,2024-04-01 13:18,2024-04-02 03:59
LAB706973,ENC103008,PT13956,GLU,Glucose,131,mg/dL,70,99,H,Routine,2024-04-01 15:17,2024-04-01 15:38,2024-04-01 16:36
LAB706974,ENC103008,PT13956,CREAT,Creatinine,0.92,mg/dL,0.6,1.3,N,Routine,2024-04-01 14:35,2024-04-01 14:39,2024-04-01 18:30
LAB706975,ENC103008,PT13956,WBC,White Blood Cell Count,9.9,K/uL,4.5,11,N,STAT,2024-04-01 14:35,2024-04-01 15:04,2024-04-01 16:00
LAB706976,ENC103010,PT13907,A1C,Hemoglobin A1c,12.7,%,4,5.6,H,Routine,2024-04-01 14:56,2024-04-01 15:16,2024-04-02 07:58
LAB706977,ENC103013,PT11749,WBC,White Blood Cell Count,6.3,K/uL,4.5,11,N,Routine,2024-04-01 15:27,2024-04-01 15:32,2024-04-01 19:56
LAB706978,ENC103013,PT11749,HGB,Hemoglobin,10.1,g/dL,12,17.5,L,Routine,2024-04-01 15:30,2024-04-01 15:45,2024-04-01 18:20
LAB706979,ENC103013,PT11749,PLT,Platelet Count,348,K/uL,150,400,N,Routine,2024-04-01 15:21,2024-04-01 15:36,2024-04-01 19:40
LAB706980,ENC103016,PT12741,GLU,Glucose,96,mg/dL,70,99,N,STAT,2024-04-01 17:59,2024-04-01 18:20,2024-04-01 19:03
LAB706981,ENC103016,PT12741,CREAT,Creatinine,0.68,mg/dL,0.6,1.3,N,STAT,2024-04-01 17:17,2024-04-01 17:52,2024-04-01 18:09
LAB706982,ENC103016,PT12741,WBC,White Blood Cell Count,8.2,K/uL,4.5,11,N,STAT,2024-04-01 17:44,2024-04-01 17:55,2024-04-01 18:39
LAB706983,ENC103019,PT11394,TROP,"Troponin I, High Sensitivity",1,ng/L,0,34,N,STAT,2024-04-02 00:06,2024-04-02 00:20,2024-04-02 01:17
LAB706984,ENC103020,PT10893,INR,Prothrombin Time INR,1.1,ratio,0.8,1.2,N,Routine,2024-04-02 00:16,2024-04-02 00:47,2024-04-02 04:12
LAB706985,ENC103022,PT11249,LDL,LDL Cholesterol,113,mg/dL,0,99,H,Routine,2024-04-02 09:45,2024-04-02 09:58,2024-04-02 22:08
LAB706986,ENC103022,PT11249,TSH,Thyroid Stimulating Hormone,2.82,mIU/L,0.4,4,N,Routine,2024-04-02 09:39,2024-04-02 10:08,2024-04-03 01:08
LAB706987,ENC103023,PT11267,LDL,LDL Cholesterol,122,mg/dL,0,99,H,Routine,2024-04-02 09:30,2024-04-02 09:38,2024-04-03 01:45
LAB706988,ENC103023,PT11267,A1C,Hemoglobin A1c,5.6,%,4,5.6,N,Routine,2024-04-02 09:36,2024-04-02 09:58,2024-04-03 14:34
LAB706989,ENC103025,PT13910,GLU,Glucose,135,mg/dL,70,99,H,Routine,2024-04-02 11:30,2024-04-02 11:44,2024-04-02 13:54
LAB706990,ENC103025,PT13910,CREAT,Creatinine,1.03,mg/dL,0.6,1.3,N,STAT,2024-04-02 12:06,2024-04-02 12:37,2024-04-02 13:19
LAB706991,ENC103025,PT13910,WBC,White Blood Cell Count,8.5,K/uL,4.5,11,N,Routine,2024-04-02 11:48,2024-04-02 12:02,2024-04-02 15:56
LAB706992,ENC103025,PT13910,HGB,Hemoglobin,12,g/dL,12,17.5,N,Routine,2024-04-02 11:11,2024-04-02 11:16,2024-04-02 15:07
LAB706993,ENC103027,PT10692,GLU,Glucose,125,mg/dL,70,99,H,Routine,2024-04-02 11:25,2024-04-02 11:52,2024-04-02 13:51
LAB706994,ENC103027,PT10692,CREAT,Creatinine,0.9,mg/dL,0.6,1.3,N,STAT,2024-04-02 11:44,2024-04-02 12:18,2024-04-02 13:28
LAB706995,ENC103027,PT10692,WBC,White Blood Cell Count,6.6,K/uL,4.5,11,N,STAT,2024-04-02 12:16,2024-04-02 12:29,2024-04-02 13:28
LAB706996,ENC103027,PT10692,HGB,Hemoglobin,13.3,g/dL,12,17.5,N,Routine,2024-04-02 11:52,2024-04-02 12:15,2024-04-02 14:37
LAB706997,ENC103028,PT11747,GLU,Glucose,111,mg/dL,70,99,H,STAT,2024-04-02 12:41,2024-04-02 13:13,2024-04-02 14:34
LAB706998,ENC103028,PT11747,CREAT,Creatinine,1.05,mg/dL,0.6,1.3,N,STAT,2024-04-02 12:18,2024-04-02 12:49,2024-04-02 13:37
LAB706999,ENC103028,PT11747,WBC,White Blood Cell Count,6.6,K/uL,4.5,11,N,Routine,2024-04-02 12:50,2024-04-02 13:12,2024-04-02 14:34
LAB707000,ENC103028,PT11747,HGB,Hemoglobin,12.8,g/dL,12,17.5,N,Routine,2024-04-02 13:06,2024-04-02 13:30,2024-04-02 14:36
LAB707001,ENC103031,PT11826,A1C,Hemoglobin A1c,10.3,%,4,5.6,H,Routine,2024-04-02 12:52,2024-04-02 13:23,2024-04-04 11:31
LAB707002,ENC103033,PT12831,GLU,Glucose,126,mg/dL,70,99,H,STAT,2024-04-02 18:11,2024-04-02 18:32,2024-04-02 19:35
LAB707003,ENC103033,PT12831,CREAT,Creatinine,0.82,mg/dL,0.6,1.3,N,STAT,2024-04-02 17:19,2024-04-02 17:38,2024-04-02 18:06
LAB707004,ENC103033,PT12831,WBC,White Blood Cell Count,11.9,K/uL,4.5,11,H,STAT,2024-04-02 17:54,2024-04-02 18:17,2024-04-02 18:58
LAB707005,ENC103033,PT12831,HGB,Hemoglobin,14.8,g/dL,12,17.5,N,STAT,2024-04-02 17:59,2024-04-02 18:29,2024-04-02 19:12
LAB707006,ENC103035,PT13714,GLU,Glucose,109,mg/dL,70,99,H,Routine,2024-04-02 16:34,2024-04-02 16:50,2024-04-02 19:29
LAB707007,ENC103035,PT13714,CREAT,Creatinine,1.32,mg/dL,0.6,1.3,H,Routine,2024-04-02 16:17,2024-04-02 16:34,2024-04-02 21:25
LAB707008,ENC103035,PT13714,WBC,White Blood Cell Count,6.9,K/uL,4.5,11,N,Routine,2024-04-02 16:34,2024-04-02 16:45,2024-04-02 19:21
LAB707009,ENC103035,PT13714,HGB,Hemoglobin,14.1,g/dL,12,17.5,N,STAT,2024-04-02 16:14,2024-04-02 16:31,2024-04-02 18:23
LAB707010,ENC103035,PT13714,LACT,Lactate,2.4,mmol/L,0.5,2,H,STAT,2024-04-02 16:06,2024-04-02 16:17,2024-04-02 17:13
LAB707011,ENC103038,PT13632,GLU,Glucose,87,mg/dL,70,99,N,STAT,2024-04-02 15:11,2024-04-02 15:44,2024-04-02 16:34
LAB707012,ENC103038,PT13632,CREAT,Creatinine,0.57,mg/dL,0.6,1.3,L,STAT,2024-04-02 14:47,2024-04-02 15:19,2024-04-02 16:08
LAB707013,ENC103040,PT12147,GLU,Glucose,109,mg/dL,70,99,H,STAT,2024-04-02 16:26,2024-04-02 16:55,2024-04-02 17:59
LAB707014,ENC103040,PT12147,CREAT,Creatinine,1.32,mg/dL,0.6,1.3,H,Routine,2024-04-02 16:17,2024-04-02 16:48,2024-04-02 22:10
LAB707015,ENC103040,PT12147,WBC,White Blood Cell Count,9.7,K/uL,4.5,11,N,STAT,2024-04-02 16:22,2024-04-02 16:49,2024-04-02 17:33
LAB707016,ENC103040,PT12147,HGB,Hemoglobin,15,g/dL,12,17.5,N,Routine,2024-04-02 16:04,2024-04-02 16:10,2024-04-02 22:07
LAB707017,ENC103040,PT12147,TROP,"Troponin I, High Sensitivity",52,ng/L,0,34,H,STAT,2024-04-02 16:58,2024-04-02 17:04,2024-04-02 17:24
LAB707018,ENC103040,PT12147,BNP,B-Type Natriuretic Peptide,1395,pg/mL,0,100,H,Routine,2024-04-02 16:10,2024-04-02 16:36,2024-04-02 19:41
LAB707019,ENC103041,PT12650,WBC,White Blood Cell Count,7,K/uL,4.5,11,N,Routine,2024-04-02 16:18,2024-04-02 16:24,2024-04-02 19:37
LAB707020,ENC103041,PT12650,HGB,Hemoglobin,12.4,g/dL,12,17.5,N,Routine,2024-04-02 16:05,2024-04-02 16:29,2024-04-02 17:47
LAB707021,ENC103041,PT12650,PLT,Platelet Count,193,K/uL,150,400,N,Routine,2024-04-02 16:23,2024-04-02 16:28,2024-04-02 17:53
LAB707022,ENC103043,PT13250,GLU,Glucose,117,mg/dL,70,99,H,STAT,2024-04-02 18:39,2024-04-02 19:02,2024-04-02 19:49
LAB707023,ENC103043,PT13250,CREAT,Creatinine,0.42,mg/dL,0.6,1.3,L,Routine,2024-04-02 18:18,2024-04-02 18:44,2024-04-02 20:17
LAB707024,ENC103043,PT13250,WBC,White Blood Cell Count,5.9,K/uL,4.5,11,N,STAT,2024-04-02 18:51,2024-04-02 19:14,2024-04-02 19:45
LAB707025,ENC103043,PT13250,HGB,Hemoglobin,11.4,g/dL,12,17.5,L,Routine,2024-04-02 17:57,2024-04-02 18:24,2024-04-02 19:56
LAB707026,ENC103044,PT10541,GLU,Glucose,121,mg/dL,70,99,H,Routine,2024-04-02 21:32,2024-04-02 21:42,2024-04-03 02:01
LAB707027,ENC103044,PT10541,CREAT,Creatinine,0.92,mg/dL,0.6,1.3,N,STAT,2024-04-02 21:33,2024-04-02 22:05,2024-04-02 22:56
LAB707028,ENC103044,PT10541,WBC,White Blood Cell Count,7,K/uL,4.5,11,N,Routine,2024-04-02 21:22,2024-04-02 21:51,2024-04-02 23:22
LAB707029,ENC103044,PT10541,HGB,Hemoglobin,13.2,g/dL,12,17.5,N,STAT,2024-04-02 21:35,2024-04-02 22:01,2024-04-02 22:27
LAB707030,ENC103044,PT10541,BUN,Blood Urea Nitrogen,16,mg/dL,7,20,N,STAT,2024-04-02 21:54,2024-04-02 22:11,2024-04-02 22:44
LAB707031,ENC103044,PT10541,PLT,Platelet Count,257,K/uL,150,400,N,STAT,2024-04-02 21:12,2024-04-02 21:17,2024-04-02 21:46
LAB707032,ENC103045,PT10164,GLU,Glucose,75,mg/dL,70,99,N,STAT,2024-04-02 19:29,2024-04-02 19:58,2024-04-02 20:30
LAB707033,ENC103045,PT10164,CREAT,Creatinine,0.8,mg/dL,0.6,1.3,N,Routine,2024-04-02 19:51,2024-04-02 20:12,2024-04-02 21:52
LAB707034,ENC103045,PT10164,WBC,White Blood Cell Count,8.4,K/uL,4.5,11,N,Routine,2024-04-02 19:42,2024-04-02 20:07,2024-04-03 01:36
LAB707035,ENC103045,PT10164,HGB,Hemoglobin,12.3,g/dL,12,17.5,N,Routine,2024-04-02 19:50,2024-04-02 20:05,2024-04-02 23:12
LAB707036,ENC103045,PT10164,BUN,Blood Urea Nitrogen,18,mg/dL,7,20,N,Routine,2024-04-02 18:54,2024-04-02 19:00,2024-04-02 21:02
LAB707037,ENC103045,PT10164,PLT,Platelet Count,178,K/uL,150,400,N,STAT,2024-04-02 19:49,2024-04-02 20:11,2024-04-02 20:54
LAB707038,ENC103046,PT12938,GLU,Glucose,142,mg/dL,70,99,H,Routine,2024-04-02 22:26,2024-04-02 22:33,2024-04-02 23:47
LAB707039,ENC103046,PT12938,CREAT,Creatinine,0.75,mg/dL,0.6,1.3,N,STAT,2024-04-02 22:27,2024-04-02 22:59,2024-04-02 23:33
LAB707040,ENC103046,PT12938,WBC,White Blood Cell Count,9.7,K/uL,4.5,11,N,STAT,2024-04-02 22:36,2024-04-02 22:40,2024-04-02 23:00
LAB707041,ENC103046,PT12938,HGB,Hemoglobin,15.8,g/dL,12,17.5,N,STAT,2024-04-02 22:19,2024-04-02 22:45,2024-04-02 23:54
LAB707042,ENC103046,PT12938,NA,Sodium,141,mmol/L,136,145,N,Routine,2024-04-02 21:55,2024-04-02 22:25,2024-04-03 02:11
LAB707043,ENC103046,PT12938,K,Potassium,4.3,mmol/L,3.5,5.1,N,STAT,2024-04-02 22:50,2024-04-02 23:07,2024-04-02 23:43
LAB707044,ENC103049,PT10322,GLU,Glucose,193,mg/dL,70,99,H,STAT,2024-04-03 01:36,2024-04-03 01:58,2024-04-03 02:49
LAB707045,ENC103049,PT10322,CREAT,Creatinine,1.88,mg/dL,0.6,1.3,H,STAT,2024-04-03 02:12,2024-04-03 02:31,2024-04-03 03:00
LAB707046,ENC103049,PT10322,WBC,White Blood Cell Count,17.7,K/uL,4.5,11,H,Routine,2024-04-03 01:59,2024-04-03 02:14,2024-04-03 04:41
LAB707047,ENC103049,PT10322,HGB,Hemoglobin,10.4,g/dL,12,17.5,L,STAT,2024-04-03 02:26,2024-04-03 02:33,2024-04-03 03:47
LAB707048,ENC103049,PT10322,LACT,Lactate,2.6,mmol/L,0.5,2,H,STAT,2024-04-03 02:00,2024-04-03 02:32,2024-04-03 03:15
LAB707049,ENC103050,PT10591,GLU,Glucose,217,mg/dL,70,99,H,STAT,2024-04-03 00:43,2024-04-03 01:13,2024-04-03 02:10
LAB707050,ENC103050,PT10591,CREAT,Creatinine,0.94,mg/dL,0.6,1.3,N,STAT,2024-04-03 01:33,2024-04-03 01:38,2024-04-03 02:29
LAB707051,ENC103050,PT10591,WBC,White Blood Cell Count,6.4,K/uL,4.5,11,N,Routine,2024-04-03 00:54,2024-04-03 01:17,2024-04-03 03:35
LAB707052,ENC103050,PT10591,HGB,Hemoglobin,13.1,g/dL,12,17.5,N,STAT,2024-04-03 01:00,2024-04-03 01:30,2024-04-03 02:07
LAB707053,ENC103050,PT10591,NA,Sodium,142,mmol/L,136,145,N,STAT,2024-04-03 01:23,2024-04-03 01:42,2024-04-03 03:39
LAB707054,ENC103050,PT10591,K,Potassium,4.6,mmol/L,3.5,5.1,N,STAT,2024-04-03 01:36,2024-04-03 01:59,2024-04-03 02:29
LAB707055,ENC103050,PT10591,BUN,Blood Urea Nitrogen,14,mg/dL,7,20,N,Routine,2024-04-03 01:07,2024-04-03 01:33,2024-04-03 04:13
LAB707056,ENC103050,PT10591,PLT,Platelet Count,286,K/uL,150,400,N,Routine,2024-04-03 01:34,2024-04-03 01:38,2024-04-03 05:15
LAB707057,ENC103050,PT10591,TROP,"Troponin I, High Sensitivity",2,ng/L,0,34,N,STAT,2024-04-03 00:51,2024-04-03 00:58,2024-04-03 01:59
LAB707058,ENC103051,PT11704,GLU,Glucose,120,mg/dL,70,99,H,STAT,2024-04-03 00:56,2024-04-03 01:02,2024-04-03 01:41
LAB707059,ENC103051,PT11704,CREAT,Creatinine,1.11,mg/dL,0.6,1.3,N,STAT,2024-04-03 00:50,2024-04-03 01:25,2024-04-03 02:16
LAB707060,ENC103051,PT11704,WBC,White Blood Cell Count,8.5,K/uL,4.5,11,N,STAT,2024-04-03 01:22,2024-04-03 01:29,2024-04-03 02:36
LAB707061,ENC103051,PT11704,HGB,Hemoglobin,14.3,g/dL,12,17.5,N,STAT,2024-04-03 01:07,2024-04-03 01:22,2024-04-03 02:10
LAB707062,ENC103051,PT11704,NA,Sodium,142,mmol/L,136,145,N,STAT,2024-04-03 01:03,2024-04-03 01:35,2024-04-03 02:14
LAB707063,ENC103051,PT11704,K,Potassium,4.2,mmol/L,3.5,5.1,N,STAT,2024-04-03 01:08,2024-04-03 01:21,2024-04-03 02:12
LAB707064,ENC103051,PT11704,BUN,Blood Urea Nitrogen,21,mg/dL,7,20,H,STAT,2024-04-03 00:47,2024-04-03 01:19,2024-04-03 02:09
LAB707065,ENC103051,PT11704,PLT,Platelet Count,188,K/uL,150,400,N,Routine,2024-04-03 01:18,2024-04-03 01:34,2024-04-03 03:16
LAB707066,ENC103051,PT11704,TROP,"Troponin I, High Sensitivity",1,ng/L,0,34,N,STAT,2024-04-03 01:06,2024-04-03 01:14,2024-04-03 01:40
LAB707067,ENC103052,PT10764,GLU,Glucose,114,mg/dL,70,99,H,STAT,2024-04-03 01:02,2024-04-03 01:37,2024-04-03 02:52
LAB707068,ENC103052,PT10764,CREAT,Creatinine,0.88,mg/dL,0.6,1.3,N,STAT,2024-04-03 01:37,2024-04-03 01:57,2024-04-03 02:27
LAB707069,ENC103055,PT12747,GLU,Glucose,107,mg/dL,70,99,H,STAT,2024-04-03 07:56,2024-04-03 08:16,2024-04-03 08:52
LAB707070,ENC103055,PT12747,CREAT,Creatinine,0.69,mg/dL,0.6,1.3,N,STAT,2024-04-03 08:13,2024-04-03 08:30,2024-04-03 09:34
LAB707071,ENC103055,PT12747,WBC,White Blood Cell Count,13.9,K/uL,4.5,11,H,STAT,2024-04-03 07:26,2024-04-03 07:48,2024-04-03 08:46
LAB707072,ENC103055,PT12747,HGB,Hemoglobin,11.9,g/dL,12,17.5,L,STAT,2024-04-03 08:16,2024-04-03 08:44,2024-04-03 09:11
LAB707073,ENC103056,PT12298,GLU,Glucose,109,mg/dL,70,99,H,STAT,2024-04-03 06:59,2024-04-03 07:24,2024-04-03 07:58
LAB707074,ENC103056,PT12298,CREAT,Creatinine,0.94,mg/dL,0.6,1.3,N,STAT,2024-04-03 07:22,2024-04-03 07:54,2024-04-03 08:20
LAB707075,ENC103056,PT12298,WBC,White Blood Cell Count,4.6,K/uL,4.5,11,N,STAT,2024-04-03 07:33,2024-04-03 07:59,2024-04-03 09:18
LAB707076,ENC103057,PT12286,GLU,Glucose,264,mg/dL,70,99,H,Routine,2024-04-03 10:58,2024-04-03 11:13,2024-04-03 14:43
LAB707077,ENC103057,PT12286,CREAT,Creatinine,0.74,mg/dL,0.6,1.3,N,STAT,2024-04-03 10:40,2024-04-03 10:45,2024-04-03 11:15
LAB707078,ENC103057,PT12286,WBC,White Blood Cell Count,7.3,K/uL,4.5,11,N,STAT,2024-04-03 10:19,2024-04-03 10:39,2024-04-03 11:19
LAB707079,ENC103057,PT12286,HGB,Hemoglobin,13.8,g/dL,12,17.5,N,STAT,2024-04-03 11:09,2024-04-03 11:21,2024-04-03 12:27
LAB707080,ENC103058,PT11957,GLU,Glucose,101,mg/dL,70,99,H,Routine,2024-04-03 08:15,2024-04-03 08:43,2024-04-03 11:41
LAB707081,ENC103058,PT11957,CREAT,Creatinine,1.61,mg/dL,0.6,1.3,H,Routine,2024-04-03 08:18,2024-04-03 08:28,2024-04-03 13:17
LAB707082,ENC103058,PT11957,WBC,White Blood Cell Count,6.7,K/uL,4.5,11,N,STAT,2024-04-03 08:23,2024-04-03 08:45,2024-04-03 09:34
LAB707083,ENC103060,PT11016,LDL,LDL Cholesterol,97,mg/dL,0,99,N,Routine,2024-04-03 08:09,2024-04-03 08:30,2024-04-03 19:52
LAB707084,ENC103060,PT11016,TSH,Thyroid Stimulating Hormone,2.48,mIU/L,0.4,4,N,Routine,2024-04-03 08:19,2024-04-03 08:36,2024-04-04 18:04
LAB707085,ENC103061,PT13242,A1C,Hemoglobin A1c,7.4,%,4,5.6,H,Routine,2024-04-03 09:02,2024-04-03 09:26,2024-04-04 02:03
LAB707086,ENC103064,PT11481,LDL,LDL Cholesterol,114,mg/dL,0,99,H,Routine,2024-04-03 10:07,2024-04-03 10:42,2024-04-04 01:43
LAB707087,ENC103064,PT11481,A1C,Hemoglobin A1c,10,%,4,5.6,H,Routine,2024-04-03 10:19,2024-04-03 10:53,2024-04-03 17:24
LAB707088,ENC103066,PT12044,LDL,LDL Cholesterol,172,mg/dL,0,99,H,Routine,2024-04-03 10:56,2024-04-03 11:22,2024-04-04 02:31
LAB707089,ENC103068,PT12433,GLU,Glucose,205,mg/dL,70,99,H,Routine,2024-04-03 16:16,2024-04-03 16:35,2024-04-04 00:23
LAB707090,ENC103068,PT12433,CREAT,Creatinine,1.47,mg/dL,0.6,1.3,H,STAT,2024-04-03 15:38,2024-04-03 16:12,2024-04-03 16:42
LAB707091,ENC103068,PT12433,WBC,White Blood Cell Count,11.9,K/uL,4.5,11,H,STAT,2024-04-03 16:26,2024-04-03 16:40,2024-04-03 17:30
LAB707092,ENC103068,PT12433,HGB,Hemoglobin,13.8,g/dL,12,17.5,N,STAT,2024-04-03 16:26,2024-04-03 16:38,2024-04-03 17:28
LAB707093,ENC103068,PT12433,LACT,Lactate,2,mmol/L,0.5,2,N,STAT,2024-04-03 16:23,2024-04-03 16:39,2024-04-03 17:29
LAB707094,ENC103069,PT10962,GLU,Glucose,106,mg/dL,70,99,H,STAT,2024-04-03 13:28,2024-04-03 13:33,2024-04-03 14:15
LAB707095,ENC103069,PT10962,CREAT,Creatinine,1.02,mg/dL,0.6,1.3,N,Routine,2024-04-03 13:20,2024-04-03 13:28,2024-04-03 16:28
LAB707096,ENC103071,PT10978,GLU,Glucose,91,mg/dL,70,99,N,Routine,2024-04-03 14:55,2024-04-03 15:02,2024-04-03 16:21
LAB707097,ENC103071,PT10978,CREAT,Creatinine,0.92,mg/dL,0.6,1.3,N,STAT,2024-04-03 14:26,2024-04-03 14:52,2024-04-03 15:30
LAB707098,ENC103071,PT10978,WBC,White Blood Cell Count,7.6,K/uL,4.5,11,N,Routine,2024-04-03 14:43,2024-04-03 14:53,2024-04-03 22:04
LAB707099,ENC103071,PT10978,HGB,Hemoglobin,13,g/dL,12,17.5,N,STAT,2024-04-03 14:37,2024-04-03 15:12,2024-04-03 15:59
LAB707100,ENC103071,PT10978,TROP,"Troponin I, High Sensitivity",8,ng/L,0,34,N,STAT,2024-04-03 14:35,2024-04-03 15:10,2024-04-03 15:49
LAB707101,ENC103072,PT13729,LDL,LDL Cholesterol,133,mg/dL,0,99,H,Routine,2024-04-03 15:12,2024-04-03 15:36,2024-04-03 19:27
LAB707102,ENC103073,PT13133,GLU,Glucose,53,mg/dL,70,99,L,STAT,2024-04-03 17:22,2024-04-03 17:56,2024-04-03 18:47
LAB707103,ENC103073,PT13133,CREAT,Creatinine,1.16,mg/dL,0.6,1.3,N,STAT,2024-04-03 16:58,2024-04-03 17:08,2024-04-03 18:45
LAB707104,ENC103073,PT13133,WBC,White Blood Cell Count,6.7,K/uL,4.5,11,N,STAT,2024-04-03 17:06,2024-04-03 17:33,2024-04-03 18:02
LAB707105,ENC103073,PT13133,HGB,Hemoglobin,12,g/dL,12,17.5,N,Routine,2024-04-03 18:00,2024-04-03 18:19,2024-04-03 23:27
LAB707106,ENC103075,PT13281,GLU,Glucose,125,mg/dL,70,99,H,Routine,2024-04-03 19:21,2024-04-03 19:28,2024-04-03 21:49
LAB707107,ENC103075,PT13281,CREAT,Creatinine,0.75,mg/dL,0.6,1.3,N,STAT,2024-04-03 18:58,2024-04-03 19:21,2024-04-03 19:46
LAB707108,ENC103075,PT13281,WBC,White Blood Cell Count,11.9,K/uL,4.5,11,H,Routine,2024-04-03 19:40,2024-04-03 20:11,2024-04-03 21:46
LAB707109,ENC103075,PT13281,HGB,Hemoglobin,15,g/dL,12,17.5,N,STAT,2024-04-03 19:55,2024-04-03 20:10,2024-04-03 21:45
LAB707110,ENC103076,PT13709,GLU,Glucose,123,mg/dL,70,99,H,Routine,2024-04-03 18:36,2024-04-03 18:50,2024-04-03 20:23
LAB707111,ENC103076,PT13709,CREAT,Creatinine,0.8,mg/dL,0.6,1.3,N,STAT,2024-04-03 17:45,2024-04-03 17:56,2024-04-03 18:29
LAB707112,ENC103076,PT13709,WBC,White Blood Cell Count,2.5,K/uL,4.5,11,L,STAT,2024-04-03 17:42,2024-04-03 18:13,2024-04-03 18:54
LAB707113,ENC103076,PT13709,HGB,Hemoglobin,10.4,g/dL,12,17.5,L,Routine,2024-04-03 18:09,2024-04-03 18:21,2024-04-03 20:00
LAB707114,ENC103076,PT13709,INR,Prothrombin Time INR,0.9,ratio,0.8,1.2,N,Routine,2024-04-03 18:23,2024-04-03 18:27,2024-04-03 23:58
LAB707115,ENC103078,PT12384,GLU,Glucose,125,mg/dL,70,99,H,Routine,2024-04-03 19:02,2024-04-03 19:34,2024-04-03 23:44
LAB707116,ENC103078,PT12384,CREAT,Creatinine,0.77,mg/dL,0.6,1.3,N,Routine,2024-04-03 18:21,2024-04-03 18:50,2024-04-03 19:39
LAB707117,ENC103078,PT12384,TROP,"Troponin I, High Sensitivity",1,ng/L,0,34,N,STAT,2024-04-03 18:58,2024-04-03 19:14,2024-04-03 20:03
LAB707118,ENC103079,PT11009,GLU,Glucose,133,mg/dL,70,99,H,STAT,2024-04-03 21:21,2024-04-03 21:39,2024-04-03 22:38
LAB707119,ENC103079,PT11009,CREAT,Creatinine,2.34,mg/dL,0.6,1.3,H,Routine,2024-04-03 21:32,2024-04-03 21:49,2024-04-03 23:31
LAB707120,ENC103079,PT11009,WBC,White Blood Cell Count,7.4,K/uL,4.5,11,N,STAT,2024-04-03 21:54,2024-04-03 22:09,2024-04-03 22:58
LAB707121,ENC103079,PT11009,HGB,Hemoglobin,12.6,g/dL,12,17.5,N,Routine,2024-04-03 21:30,2024-04-03 21:59,2024-04-04 00:59
LAB707122,ENC103079,PT11009,NA,Sodium,141,mmol/L,136,145,N,STAT,2024-04-03 21:34,2024-04-03 22:09,2024-04-03 22:40
LAB707123,ENC103079,PT11009,K,Potassium,3.9,mmol/L,3.5,5.1,N,STAT,2024-04-03 22:05,2024-04-03 22:27,2024-04-03 22:45
LAB707124,ENC103079,PT11009,LACT,Lactate,4.2,mmol/L,0.5,2,HH,STAT,2024-04-03 22:26,2024-04-03 22:55,2024-04-03 23:33
LAB707125,ENC103080,PT12046,GLU,Glucose,110,mg/dL,70,99,H,STAT,2024-04-04 01:27,2024-04-04 01:53,2024-04-04 02:55
LAB707126,ENC103080,PT12046,CREAT,Creatinine,0.92,mg/dL,0.6,1.3,N,STAT,2024-04-04 01:08,2024-04-04 01:13,2024-04-04 02:14
LAB707127,ENC103080,PT12046,WBC,White Blood Cell Count,3.5,K/uL,4.5,11,L,STAT,2024-04-04 01:36,2024-04-04 01:55,2024-04-04 02:21
LAB707128,ENC103080,PT12046,HGB,Hemoglobin,9.2,g/dL,12,17.5,L,STAT,2024-04-04 00:35,2024-04-04 01:01,2024-04-04 01:20
LAB707129,ENC103080,PT12046,INR,Prothrombin Time INR,1,ratio,0.8,1.2,N,Routine,2024-04-04 00:44,2024-04-04 01:17,2024-04-04 03:00
LAB707130,ENC103081,PT10057,GLU,Glucose,70,mg/dL,70,99,N,STAT,2024-04-04 02:02,2024-04-04 02:24,2024-04-04 02:59
LAB707131,ENC103081,PT10057,CREAT,Creatinine,0.9,mg/dL,0.6,1.3,N,Routine,2024-04-04 01:42,2024-04-04 02:10,2024-04-04 04:05
LAB707132,ENC103081,PT10057,WBC,White Blood Cell Count,3.7,K/uL,4.5,11,L,STAT,2024-04-04 01:46,2024-04-04 02:20,2024-04-04 03:13
LAB707133,ENC103081,PT10057,HGB,Hemoglobin,13.1,g/dL,12,17.5,N,STAT,2024-04-04 01:42,2024-04-04 02:11,2024-04-04 03:01
LAB707134,ENC103081,PT10057,NA,Sodium,138,mmol/L,136,145,N,STAT,2024-04-04 02:09,2024-04-04 02:43,2024-04-04 03:41
LAB707135,ENC103081,PT10057,K,Potassium,4.4,mmol/L,3.5,5.1,N,STAT,2024-04-04 02:05,2024-04-04 02:12,2024-04-04 02:49
LAB707136,ENC103082,PT12963,INR,Prothrombin Time INR,1.1,ratio,0.8,1.2,N,STAT,2024-04-03 22:29,2024-04-03 23:04,2024-04-03 23:37
LAB707137,ENC103083,PT12471,GLU,Glucose,80,mg/dL,70,99,N,Routine,2024-04-04 00:15,2024-04-04 00:20,2024-04-04 03:28
LAB707138,ENC103083,PT12471,CREAT,Creatinine,1.02,mg/dL,0.6,1.3,N,STAT,2024-04-04 00:13,2024-04-04 00:19,2024-04-04 00:55
LAB707139,ENC103083,PT12471,WBC,White Blood Cell Count,8,K/uL,4.5,11,N,STAT,2024-04-04 00:26,2024-04-04 00:49,2024-04-04 01:23
LAB707140,ENC103084,PT13397,GLU,Glucose,121,mg/dL,70,99,H,STAT,2024-04-04 01:17,2024-04-04 01:43,2024-04-04 02:14
LAB707141,ENC103084,PT13397,CREAT,Creatinine,2.11,mg/dL,0.6,1.3,H,STAT,2024-04-04 01:18,2024-04-04 01:25,2024-04-04 02:10
LAB707142,ENC103084,PT13397,WBC,White Blood Cell Count,9.1,K/uL,4.5,11,N,STAT,2024-04-04 00:53,2024-04-04 01:09,2024-04-04 02:05
LAB707143,ENC103084,PT13397,HGB,Hemoglobin,9.5,g/dL,12,17.5,L,Routine,2024-04-04 00:39,2024-04-04 00:48,2024-04-04 01:40
LAB707144,ENC103084,PT13397,NA,Sodium,122,mmol/L,136,145,L,STAT,2024-04-04 01:32,2024-04-04 01:43,2024-04-04 02:45
LAB707145,ENC103084,PT13397,K,Potassium,3.4,mmol/L,3.5,5.1,L,STAT,2024-04-04 01:33,2024-04-04 01:46,2024-04-04 02:45
LAB707146,ENC103085,PT10193,GLU,Glucose,122,mg/dL,70,99,H,STAT,2024-04-04 04:07,2024-04-04 04:36,2024-04-04 05:17
LAB707147,ENC103085,PT10193,CREAT,Creatinine,1.07,mg/dL,0.6,1.3,N,Routine,2024-04-04 04:22,2024-04-04 04:42,2024-04-04 09:25
LAB707148,ENC103085,PT10193,WBC,White Blood Cell Count,4.5,K/uL,4.5,11,N,STAT,2024-04-04 04:17,2024-04-04 04:32,2024-04-04 05:14
LAB707149,ENC103085,PT10193,HGB,Hemoglobin,12.4,g/dL,12,17.5,N,STAT,2024-04-04 04:21,2024-04-04 04:28,2024-04-04 05:43
LAB707150,ENC103087,PT11674,GLU,Glucose,107,mg/dL,70,99,H,Routine,2024-04-04 11:03,2024-04-04 11:27,2024-04-04 15:12
LAB707151,ENC103087,PT11674,CREAT,Creatinine,0.95,mg/dL,0.6,1.3,N,Routine,2024-04-04 11:14,2024-04-04 11:24,2024-04-04 14:39
LAB707152,ENC103087,PT11674,WBC,White Blood Cell Count,14.9,K/uL,4.5,11,H,STAT,2024-04-04 10:33,2024-04-04 10:40,2024-04-04 11:20
LAB707153,ENC103087,PT11674,HGB,Hemoglobin,12.3,g/dL,12,17.5,N,STAT,2024-04-04 11:12,2024-04-04 11:26,2024-04-04 12:12
LAB707154,ENC103088,PT10273,GLU,Glucose,101,mg/dL,70,99,H,STAT,2024-04-04 09:13,2024-04-04 09:38,2024-04-04 10:52
LAB707155,ENC103088,PT10273,CREAT,Creatinine,1.24,mg/dL,0.6,1.3,N,STAT,2024-04-04 08:53,2024-04-04 09:20,2024-04-04 10:19
LAB707156,ENC103088,PT10273,WBC,White Blood Cell Count,19.8,K/uL,4.5,11,H,Routine,2024-04-04 09:19,2024-04-04 09:32,2024-04-04 10:37
LAB707157,ENC103088,PT10273,HGB,Hemoglobin,13.1,g/dL,12,17.5,N,Routine,2024-04-04 09:36,2024-04-04 10:09,2024-04-04 14:51
LAB707158,ENC103092,PT12751,GLU,Glucose,108,mg/dL,70,99,H,STAT,2024-04-04 13:16,2024-04-04 13:26,2024-04-04 14:23
LAB707159,ENC103092,PT12751,CREAT,Creatinine,0.92,mg/dL,0.6,1.3,N,STAT,2024-04-04 13:07,2024-04-04 13:26,2024-04-04 13:58
LAB707160,ENC103092,PT12751,WBC,White Blood Cell Count,11.5,K/uL,4.5,11,H,Routine,2024-04-04 12:57,2024-04-04 13:03,2024-04-04 14:59
LAB707161,ENC103092,PT12751,HGB,Hemoglobin,14.5,g/dL,12,17.5,N,STAT,2024-04-04 12:40,2024-04-04 12:58,2024-04-04 13:44
LAB707162,ENC103094,PT10888,GLU,Glucose,129,mg/dL,70,99,H,STAT,2024-04-04 10:53,2024-04-04 11:16,2024-04-04 11:42
LAB707163,ENC103094,PT10888,CREAT,Creatinine,0.93,mg/dL,0.6,1.3,N,Routine,2024-04-04 10:19,2024-04-04 10:37,2024-04-04 11:42
LAB707164,ENC103095,PT13385,GLU,Glucose,88,mg/dL,70,99,N,Routine,2024-04-04 11:52,2024-04-04 12:23,2024-04-04 17:25
LAB707165,ENC103095,PT13385,CREAT,Creatinine,1.28,mg/dL,0.6,1.3,N,STAT,2024-04-04 11:37,2024-04-04 12:10,2024-04-04 13:24
LAB707166,ENC103095,PT13385,WBC,White Blood Cell Count,6.4,K/uL,4.5,11,N,STAT,2024-04-04 11:55,2024-04-04 12:22,2024-04-04 13:31
LAB707167,ENC103095,PT13385,HGB,Hemoglobin,13,g/dL,12,17.5,N,STAT,2024-04-04 10:56,2024-04-04 11:03,2024-04-04 11:47
LAB707168,ENC103096,PT13353,GLU,Glucose,85,mg/dL,70,99,N,STAT,2024-04-04 15:11,2024-04-04 15:25,2024-04-04 15:39
LAB707169,ENC103096,PT13353,CREAT,Creatinine,1.08,mg/dL,0.6,1.3,N,STAT,2024-04-04 14:53,2024-04-04 15:18,2024-04-04 15:50
LAB707170,ENC103096,PT13353,WBC,White Blood Cell Count,8.8,K/uL,4.5,11,N,Routine,2024-04-04 15:47,2024-04-04 16:03,2024-04-04 20:26
LAB707171,ENC103096,PT13353,HGB,Hemoglobin,15.4,g/dL,12,17.5,N,Routine,2024-04-04 15:30,2024-04-04 15:38,2024-04-04 17:44
LAB707172,ENC103096,PT13353,NA,Sodium,140,mmol/L,136,145,N,Routine,2024-04-04 15:04,2024-04-04 15:20,2024-04-04 16:56
LAB707173,ENC103096,PT13353,K,Potassium,3.7,mmol/L,3.5,5.1,N,STAT,2024-04-04 15:45,2024-04-04 16:14,2024-04-04 17:13
LAB707174,ENC103099,PT12245,A1C,Hemoglobin A1c,8,%,4,5.6,H,Routine,2024-04-04 12:05,2024-04-04 12:17,2024-04-04 21:08
LAB707175,ENC103101,PT10382,GLU,Glucose,117,mg/dL,70,99,H,STAT,2024-04-04 17:40,2024-04-04 17:49,2024-04-04 19:21
LAB707176,ENC103101,PT10382,CREAT,Creatinine,0.35,mg/dL,0.6,1.3,L,STAT,2024-04-04 17:23,2024-04-04 17:31,2024-04-04 17:57
LAB707177,ENC103101,PT10382,WBC,White Blood Cell Count,7.6,K/uL,4.5,11,N,Routine,2024-04-04 17:27,2024-04-04 17:54,2024-04-04 19:55
LAB707178,ENC103101,PT10382,HGB,Hemoglobin,16.2,g/dL,12,17.5,N,STAT,2024-04-04 17:56,2024-04-04 18:03,2024-04-04 19:03
LAB707179,ENC103102,PT12167,GLU,Glucose,195,mg/dL,70,99,H,STAT,2024-04-04 16:25,2024-04-04 16:57,2024-04-04 17:41
LAB707180,ENC103102,PT12167,CREAT,Creatinine,1.23,mg/dL,0.6,1.3,N,STAT,2024-04-04 16:24,2024-04-04 16:47,2024-04-04 17:09
LAB707181,ENC103102,PT12167,WBC,White Blood Cell Count,9.5,K/uL,4.5,11,N,Routine,2024-04-04 16:57,2024-04-04 17:13,2024-04-04 22:19
LAB707182,ENC103102,PT12167,HGB,Hemoglobin,13.6,g/dL,12,17.5,N,STAT,2024-04-04 16:03,2024-04-04 16:29,2024-04-04 17:08
LAB707183,ENC103102,PT12167,NA,Sodium,136,mmol/L,136,145,N,STAT,2024-04-04 16:05,2024-04-04 16:24,2024-04-04 16:59
LAB707184,ENC103102,PT12167,K,Potassium,4.3,mmol/L,3.5,5.1,N,STAT,2024-04-04 16:07,2024-04-04 16:35,2024-04-04 17:14
LAB707185,ENC103104,PT12879,GLU,Glucose,93,mg/dL,70,99,N,STAT,2024-04-04 13:36,2024-04-04 14:01,2024-04-04 14:34
LAB707186,ENC103104,PT12879,CREAT,Creatinine,0.94,mg/dL,0.6,1.3,N,STAT,2024-04-04 14:05,2024-04-04 14:13,2024-04-04 14:52
LAB707187,ENC103104,PT12879,WBC,White Blood Cell Count,7.2,K/uL,4.5,11,N,Routine,2024-04-04 14:20,2024-04-04 14:25,2024-04-04 16:49
LAB707188,ENC103105,PT12579,GLU,Glucose,129,mg/dL,70,99,H,STAT,2024-04-04 18:41,2024-04-04 19:13,2024-04-04 19:56
LAB707189,ENC103105,PT12579,CREAT,Creatinine,1,mg/dL,0.6,1.3,N,STAT,2024-04-04 18:48,2024-04-04 19:14,2024-04-04 20:35
LAB707190,ENC103105,PT12579,WBC,White Blood Cell Count,8.1,K/uL,4.5,11,N,Routine,2024-04-04 18:59,2024-04-04 19:06,2024-04-04 20:25
LAB707191,ENC103105,PT12579,HGB,Hemoglobin,15,g/dL,12,17.5,N,STAT,2024-04-04 18:13,2024-04-04 18:22,2024-04-04 19:02
LAB707192,ENC103105,PT12579,TROP,"Troponin I, High Sensitivity",4,ng/L,0,34,N,STAT,2024-04-04 19:09,2024-04-04 19:44,2024-04-04 20:31
LAB707193,ENC103107,PT12221,LDL,LDL Cholesterol,78,mg/dL,0,99,N,Routine,2024-04-04 14:34,2024-04-04 14:47,2024-04-05 07:36
LAB707194,ENC103107,PT12221,A1C,Hemoglobin A1c,8.4,%,4,5.6,H,Routine,2024-04-04 14:29,2024-04-04 14:53,2024-04-04 22:43
LAB707195,ENC103108,PT13176,GLU,Glucose,117,mg/dL,70,99,H,STAT,2024-04-04 17:16,2024-04-04 17:38,2024-04-04 18:14
LAB707196,ENC103108,PT13176,CREAT,Creatinine,0.82,mg/dL,0.6,1.3,N,STAT,2024-04-04 17:14,2024-04-04 17:42,2024-04-04 18:30
LAB707197,ENC103108,PT13176,WBC,White Blood Cell Count,13.1,K/uL,4.5,11,H,Routine,2024-04-04 16:38,2024-04-04 16:43,2024-04-04 18:25
LAB707198,ENC103108,PT13176,HGB,Hemoglobin,14.4,g/dL,12,17.5,N,STAT,2024-04-04 17:28,2024-04-04 17:35,2024-04-04 18:21
LAB707199,ENC103109,PT13846,A1C,Hemoglobin A1c,10.4,%,4,5.6,H,Routine,2024-04-04 14:54,2024-04-04 15:20,2024-04-05 01:23
LAB707200,ENC103109,PT13846,GLU,Glucose,296,mg/dL,70,99,H,Routine,2024-04-04 15:05,2024-04-04 15:18,2024-04-04 18:03
LAB707201,ENC103109,PT13846,CREAT,Creatinine,0.93,mg/dL,0.6,1.3,N,Routine,2024-04-04 14:52,2024-04-04 15:26,2024-04-04 18:36
LAB707202,ENC103116,PT12677,GLU,Glucose,115,mg/dL,70,99,H,STAT,2024-04-04 22:15,2024-04-04 22:19,2024-04-04 22:46
LAB707203,ENC103116,PT12677,CREAT,Creatinine,0.92,mg/dL,0.6,1.3,N,STAT,2024-04-04 22:47,2024-04-04 22:53,2024-04-05 00:00
LAB707204,ENC103117,PT11546,GLU,Glucose,86,mg/dL,70,99,N,STAT,2024-04-05 01:31,2024-04-05 02:00,2024-04-05 02:56
LAB707205,ENC103117,PT11546,CREAT,Creatinine,0.72,mg/dL,0.6,1.3,N,STAT,2024-04-05 01:05,2024-04-05 01:16,2024-04-05 02:20
LAB707206,ENC103117,PT11546,WBC,White Blood Cell Count,10.5,K/uL,4.5,11,N,Routine,2024-04-05 01:12,2024-04-05 01:23,2024-04-05 04:29
LAB707207,ENC103117,PT11546,HGB,Hemoglobin,16.1,g/dL,12,17.5,N,STAT,2024-04-05 01:37,2024-04-05 01:59,2024-04-05 02:24
LAB707208,ENC103117,PT11546,BUN,Blood Urea Nitrogen,12,mg/dL,7,20,N,STAT,2024-04-05 01:18,2024-04-05 01:42,2024-04-05 02:29
LAB707209,ENC103117,PT11546,PLT,Platelet Count,246,K/uL,150,400,N,Routine,2024-04-05 00:36,2024-04-05 01:08,2024-04-05 05:15
LAB707210,ENC103120,PT10719,GLU,Glucose,57,mg/dL,70,99,L,STAT,2024-04-05 04:15,2024-04-05 04:41,2024-04-05 05:22
LAB707211,ENC103120,PT10719,CREAT,Creatinine,0.86,mg/dL,0.6,1.3,N,STAT,2024-04-05 04:04,2024-04-05 04:28,2024-04-05 05:22
LAB707212,ENC103120,PT10719,WBC,White Blood Cell Count,6,K/uL,4.5,11,N,STAT,2024-04-05 04:35,2024-04-05 05:04,2024-04-05 06:32
LAB707213,ENC103120,PT10719,HGB,Hemoglobin,12.7,g/dL,12,17.5,N,Routine,2024-04-05 04:12,2024-04-05 04:47,2024-04-05 08:33
LAB707214,ENC103121,PT12619,GLU,Glucose,114,mg/dL,70,99,H,STAT,2024-04-05 06:16,2024-04-05 06:29,2024-04-05 07:23
LAB707215,ENC103121,PT12619,CREAT,Creatinine,0.55,mg/dL,0.6,1.3,L,Routine,2024-04-05 05:52,2024-04-05 06:26,2024-04-05 08:51
LAB707216,ENC103121,PT12619,WBC,White Blood Cell Count,5.7,K/uL,4.5,11,N,STAT,2024-04-05 06:00,2024-04-05 06:28,2024-04-05 07:06
LAB707217,ENC103121,PT12619,HGB,Hemoglobin,14,g/dL,12,17.5,N,STAT,2024-04-05 06:29,2024-04-05 06:42,2024-04-05 08:32
LAB707218,ENC103121,PT12619,NA,Sodium,140,mmol/L,136,145,N,STAT,2024-04-05 06:05,2024-04-05 06:18,2024-04-05 06:57
LAB707219,ENC103121,PT12619,K,Potassium,4.5,mmol/L,3.5,5.1,N,STAT,2024-04-05 06:20,2024-04-05 06:37,2024-04-05 07:19
LAB707220,ENC103122,PT11428,GLU,Glucose,95,mg/dL,70,99,N,STAT,2024-04-05 06:48,2024-04-05 07:11,2024-04-05 07:41
LAB707221,ENC103122,PT11428,CREAT,Creatinine,0.74,mg/dL,0.6,1.3,N,STAT,2024-04-05 06:16,2024-04-05 06:35,2024-04-05 07:54
LAB707222,ENC103122,PT11428,WBC,White Blood Cell Count,8.9,K/uL,4.5,11,N,Routine,2024-04-05 07:02,2024-04-05 07:12,2024-04-05 09:18
LAB707223,ENC103122,PT11428,HGB,Hemoglobin,12.1,g/dL,12,17.5,N,STAT,2024-04-05 06:50,2024-04-05 07:02,2024-04-05 08:21
LAB707224,ENC103123,PT11963,GLU,Glucose,114,mg/dL,70,99,H,STAT,2024-04-05 10:29,2024-04-05 10:54,2024-04-05 11:56
LAB707225,ENC103123,PT11963,CREAT,Creatinine,1.89,mg/dL,0.6,1.3,H,STAT,2024-04-05 10:30,2024-04-05 10:36,2024-04-05 11:28
LAB707226,ENC103123,PT11963,WBC,White Blood Cell Count,9.9,K/uL,4.5,11,N,STAT,2024-04-05 10:56,2024-04-05 11:20,2024-04-05 12:13
LAB707227,ENC103123,PT11963,HGB,Hemoglobin,11.6,g/dL,12,17.5,L,Routine,2024-04-05 10:30,2024-04-05 11:03,2024-04-05 15:46
LAB707228,ENC103124,PT11752,GLU,Glucose,210,mg/dL,70,99,H,STAT,2024-04-05 08:38,2024-04-05 09:02,2024-04-05 10:14
LAB707229,ENC103124,PT11752,CREAT,Creatinine,0.9,mg/dL,0.6,1.3,N,Routine,2024-04-05 07:47,2024-04-05 08:17,2024-04-05 09:53
LAB707230,ENC103124,PT11752,WBC,White Blood Cell Count,8.2,K/uL,4.5,11,N,STAT,2024-04-05 08:29,2024-04-05 08:54,2024-04-05 09:43
LAB707231,ENC103124,PT11752,HGB,Hemoglobin,16.1,g/dL,12,17.5,N,Routine,2024-04-05 07:54,2024-04-05 08:16,2024-04-05 11:21
LAB707232,ENC103124,PT11752,TROP,"Troponin I, High Sensitivity",7,ng/L,0,34,N,STAT,2024-04-05 07:43,2024-04-05 08:13,2024-04-05 09:09
LAB707233,ENC103126,PT10338,GLU,Glucose,418,mg/dL,70,99,H,Routine,2024-04-05 13:55,2024-04-05 14:03,2024-04-05 18:12
LAB707234,ENC103126,PT10338,CREAT,Creatinine,0.47,mg/dL,0.6,1.3,L,STAT,2024-04-05 14:00,2024-04-05 14:26,2024-04-05 14:59
LAB707235,ENC103126,PT10338,WBC,White Blood Cell Count,7,K/uL,4.5,11,N,STAT,2024-04-05 13:44,2024-04-05 14:11,2024-04-05 14:53
LAB707236,ENC103126,PT10338,HGB,Hemoglobin,11.3,g/dL,12,17.5,L,Routine,2024-04-05 13:35,2024-04-05 13:53,2024-04-05 17:49
LAB707237,ENC103126,PT10338,NA,Sodium,136,mmol/L,136,145,N,STAT,2024-04-05 13:26,2024-04-05 13:46,2024-04-05 14:27
LAB707238,ENC103126,PT10338,K,Potassium,3.8,mmol/L,3.5,5.1,N,STAT,2024-04-05 13:28,2024-04-05 13:58,2024-04-05 14:50
LAB707239,ENC103126,PT10338,A1C,Hemoglobin A1c,9.5,%,4,5.6,H,STAT,2024-04-05 14:04,2024-04-05 14:10,2024-04-05 14:27
LAB707240,ENC103127,PT11700,GLU,Glucose,112,mg/dL,70,99,H,STAT,2024-04-05 11:26,2024-04-05 11:48,2024-04-05 12:23
LAB707241,ENC103127,PT11700,CREAT,Creatinine,1.13,mg/dL,0.6,1.3,N,STAT,2024-04-05 10:56,2024-04-05 11:30,2024-04-05 12:24
LAB707242,ENC103127,PT11700,WBC,White Blood Cell Count,10.5,K/uL,4.5,11,N,STAT,2024-04-05 10:43,2024-04-05 11:16,2024-04-05 12:35
LAB707243,ENC103127,PT11700,HGB,Hemoglobin,15,g/dL,12,17.5,N,Routine,2024-04-05 10:43,2024-04-05 10:53,2024-04-05 13:53
LAB707244,ENC103128,PT12544,GLU,Glucose,77,mg/dL,70,99,N,Routine,2024-04-05 14:23,2024-04-05 14:39,2024-04-05 18:50
LAB707245,ENC103128,PT12544,CREAT,Creatinine,0.59,mg/dL,0.6,1.3,L,STAT,2024-04-05 14:38,2024-04-05 15:12,2024-04-05 15:45
LAB707246,ENC103128,PT12544,WBC,White Blood Cell Count,7.8,K/uL,4.5,11,N,Routine,2024-04-05 14:27,2024-04-05 14:34,2024-04-05 18:41
LAB707247,ENC103128,PT12544,HGB,Hemoglobin,12.3,g/dL,12,17.5,N,STAT,2024-04-05 14:23,2024-04-05 14:30,2024-04-05 15:07
LAB707248,ENC103129,PT10913,A1C,Hemoglobin A1c,13.1,%,4,5.6,H,STAT,2024-04-05 13:12,2024-04-05 13:42,2024-04-05 14:02
LAB707249,ENC103132,PT11083,GLU,Glucose,111,mg/dL,70,99,H,STAT,2024-04-05 16:21,2024-04-05 16:39,2024-04-05 17:51
LAB707250,ENC103132,PT11083,CREAT,Creatinine,1.02,mg/dL,0.6,1.3,N,STAT,2024-04-05 15:35,2024-04-05 16:04,2024-04-05 17:29
LAB707251,ENC103132,PT11083,WBC,White Blood Cell Count,4.1,K/uL,4.5,11,L,STAT,2024-04-05 16:07,2024-04-05 16:28,2024-04-05 16:55
LAB707252,ENC103132,PT11083,HGB,Hemoglobin,12.7,g/dL,12,17.5,N,Routine,2024-04-05 15:37,2024-04-05 15:47,2024-04-05 20:47
LAB707253,ENC103133,PT13193,GLU,Glucose,96,mg/dL,70,99,N,STAT,2024-04-05 19:01,2024-04-05 19:15,2024-04-05 19:46
LAB707254,ENC103133,PT13193,CREAT,Creatinine,0.91,mg/dL,0.6,1.3,N,Routine,2024-04-05 19:15,2024-04-05 19:25,2024-04-05 21:30
LAB707255,ENC103133,PT13193,WBC,White Blood Cell Count,5.1,K/uL,4.5,11,N,Routine,2024-04-05 19:42,2024-04-05 19:46,2024-04-05 23:03
LAB707256,ENC103133,PT13193,HGB,Hemoglobin,7.8,g/dL,12,17.5,L,Routine,2024-04-05 18:58,2024-04-05 19:27,2024-04-05 23:10
LAB707257,ENC103133,PT13193,LACT,Lactate,3.7,mmol/L,0.5,2,H,STAT,2024-04-05 19:15,2024-04-05 19:41,2024-04-05 20:37
LAB707258,ENC103133,PT13193,INR,Prothrombin Time INR,0.9,ratio,0.8,1.2,N,Routine,2024-04-05 19:17,2024-04-05 19:43,2024-04-05 23:34
LAB707259,ENC103134,PT10104,A1C,Hemoglobin A1c,7.2,%,4,5.6,H,Routine,2024-04-05 16:14,2024-04-05 16:30,2024-04-06 00:02
LAB707260,ENC103134,PT10104,GLU,Glucose,304,mg/dL,70,99,H,Routine,2024-04-05 16:13,2024-04-05 16:31,2024-04-05 18:13
LAB707261,ENC103134,PT10104,CREAT,Creatinine,0.75,mg/dL,0.6,1.3,N,Routine,2024-04-05 16:30,2024-04-05 17:03,2024-04-05 19:34
LAB707262,ENC103135,PT10212,GLU,Glucose,128,mg/dL,70,99,H,Routine,2024-04-05 20:43,2024-04-05 21:17,2024-04-05 23:53
LAB707263,ENC103135,PT10212,CREAT,Creatinine,0.51,mg/dL,0.6,1.3,L,Routine,2024-04-05 20:12,2024-04-05 20:20,2024-04-06 00:33
LAB707264,ENC103135,PT10212,WBC,White Blood Cell Count,10.9,K/uL,4.5,11,N,Routine,2024-04-05 19:41,2024-04-05 20:16,2024-04-05 22:23
LAB707265,ENC103135,PT10212,HGB,Hemoglobin,13.8,g/dL,12,17.5,N,STAT,2024-04-05 20:29,2024-04-05 20:55,2024-04-05 22:00
LAB707266,ENC103137,PT12129,GLU,Glucose,106,mg/dL,70,99,H,STAT,2024-04-05 21:54,2024-04-05 22:16,2024-04-05 23:20
LAB707267,ENC103137,PT12129,CREAT,Creatinine,0.77,mg/dL,0.6,1.3,N,STAT,2024-04-05 21:22,2024-04-05 21:29,2024-04-05 21:58
LAB707268,ENC103139,PT12424,GLU,Glucose,82,mg/dL,70,99,N,STAT,2024-04-06 01:30,2024-04-06 01:44,2024-04-06 03:31
LAB707269,ENC103139,PT12424,CREAT,Creatinine,0.33,mg/dL,0.6,1.3,L,Routine,2024-04-06 01:55,2024-04-06 02:23,2024-04-06 04:12
LAB707270,ENC103139,PT12424,WBC,White Blood Cell Count,9.5,K/uL,4.5,11,N,Routine,2024-04-06 02:40,2024-04-06 02:57,2024-04-06 09:38
LAB707271,ENC103139,PT12424,HGB,Hemoglobin,13.8,g/dL,12,17.5,N,STAT,2024-04-06 02:13,2024-04-06 02:22,2024-04-06 02:48
LAB707272,ENC103139,PT12424,NA,Sodium,136,mmol/L,136,145,N,Routine,2024-04-06 02:34,2024-04-06 03:03,2024-04-06 05:05
LAB707273,ENC103139,PT12424,K,Potassium,3.9,mmol/L,3.5,5.1,N,STAT,2024-04-06 02:20,2024-04-06 02:34,2024-04-06 03:20
LAB707274,ENC103140,PT11155,GLU,Glucose,141,mg/dL,70,99,H,Routine,2024-04-06 07:12,2024-04-06 07:26,2024-04-06 09:41
LAB707275,ENC103140,PT11155,CREAT,Creatinine,0.68,mg/dL,0.6,1.3,N,Routine,2024-04-06 08:07,2024-04-06 08:19,2024-04-06 11:29
LAB707276,ENC103140,PT11155,WBC,White Blood Cell Count,8,K/uL,4.5,11,N,STAT,2024-04-06 07:56,2024-04-06 08:11,2024-04-06 08:59
LAB707277,ENC103140,PT11155,HGB,Hemoglobin,16.2,g/dL,12,17.5,N,STAT,2024-04-06 07:16,2024-04-06 07:45,2024-04-06 08:49
LAB707278,ENC103140,PT11155,TROP,"Troponin I, High Sensitivity",4,ng/L,0,34,N,STAT,2024-04-06 07:13,2024-04-06 07:36,2024-04-06 08:05
LAB707279,ENC103140,PT11155,BNP,B-Type Natriuretic Peptide,1207,pg/mL,0,100,H,Routine,2024-04-06 07:51,2024-04-06 08:24,2024-04-06 11:04
LAB707280,ENC103141,PT13045,GLU,Glucose,108,mg/dL,70,99,H,STAT,2024-04-06 08:59,2024-04-06 09:16,2024-04-06 10:07
LAB707281,ENC103141,PT13045,CREAT,Creatinine,1.17,mg/dL,0.6,1.3,N,Routine,2024-04-06 08:09,2024-04-06 08:19,2024-04-06 09:00
LAB707282,ENC103141,PT13045,WBC,White Blood Cell Count,4.2,K/uL,4.5,11,L,STAT,2024-04-06 08:25,2024-04-06 08:45,2024-04-06 09:19
LAB707283,ENC103141,PT13045,HGB,Hemoglobin,12.5,g/dL,12,17.5,N,STAT,2024-04-06 08:42,2024-04-06 09:08,2024-04-06 09:34
LAB707284,ENC103142,PT11050,GLU,Glucose,125,mg/dL,70,99,H,STAT,2024-04-06 10:46,2024-04-06 11:00,2024-04-06 11:34
LAB707285,ENC103142,PT11050,CREAT,Creatinine,0.96,mg/dL,0.6,1.3,N,STAT,2024-04-06 10:48,2024-04-06 11:20,2024-04-06 12:32
LAB707286,ENC103142,PT11050,WBC,White Blood Cell Count,9.2,K/uL,4.5,11,N,Routine,2024-04-06 10:07,2024-04-06 10:11,2024-04-06 11:44
LAB707287,ENC103142,PT11050,HGB,Hemoglobin,15.2,g/dL,12,17.5,N,Routine,2024-04-06 09:45,2024-04-06 10:18,2024-04-06 13:19
LAB707288,ENC103145,PT11390,GLU,Glucose,159,mg/dL,70,99,H,STAT,2024-04-06 13:38,2024-04-06 14:13,2024-04-06 15:01
LAB707289,ENC103145,PT11390,CREAT,Creatinine,0.78,mg/dL,0.6,1.3,N,STAT,2024-04-06 14:14,2024-04-06 14:40,2024-04-06 15:23
LAB707290,ENC103146,PT13805,GLU,Glucose,98,mg/dL,70,99,N,STAT,2024-04-06 20:30,2024-04-06 20:41,2024-04-06 21:04
LAB707291,ENC103146,PT13805,CREAT,Creatinine,1.52,mg/dL,0.6,1.3,H,STAT,2024-04-06 20:24,2024-04-06 20:44,2024-04-06 21:21
LAB707292,ENC103146,PT13805,WBC,White Blood Cell Count,11.4,K/uL,4.5,11,H,STAT,2024-04-06 21:07,2024-04-06 21:37,2024-04-06 22:30
LAB707293,ENC103146,PT13805,HGB,Hemoglobin,9.5,g/dL,12,17.5,L,Routine,2024-04-06 20:34,2024-04-06 21:05,2024-04-07 01:21
LAB707294,ENC103147,PT11778,GLU,Glucose,101,mg/dL,70,99,H,Routine,2024-04-06 21:14,2024-04-06 21:45,2024-04-07 02:35
LAB707295,ENC103147,PT11778,CREAT,Creatinine,2.23,mg/dL,0.6,1.3,H,STAT,2024-04-06 21:47,2024-04-06 22:14,2024-04-06 23:07
LAB707296,ENC103147,PT11778,WBC,White Blood Cell Count,3.9,K/uL,4.5,11,L,STAT,2024-04-06 22:01,2024-04-06 22:27,2024-04-06 22:54
LAB707297,ENC103147,PT11778,HGB,Hemoglobin,12.7,g/dL,12,17.5,N,STAT,2024-04-06 21:23,2024-04-06 21:53,2024-04-06 22:37
LAB707298,ENC103147,PT11778,LACT,Lactate,6.7,mmol/L,0.5,2,HH,STAT,2024-04-06 22:13,2024-04-06 22:34,2024-04-06 22:58
LAB707299,ENC103151,PT10468,GLU,Glucose,180,mg/dL,70,99,H,STAT,2024-04-07 06:24,2024-04-07 06:31,2024-04-07 07:28
LAB707300,ENC103151,PT10468,CREAT,Creatinine,2.58,mg/dL,0.6,1.3,H,Routine,2024-04-07 06:38,2024-04-07 06:50,2024-04-07 11:21
LAB707301,ENC103151,PT10468,WBC,White Blood Cell Count,7.3,K/uL,4.5,11,N,STAT,2024-04-07 06:20,2024-04-07 06:33,2024-04-07 07:11
LAB707302,ENC103151,PT10468,HGB,Hemoglobin,11.2,g/dL,12,17.5,L,STAT,2024-04-07 06:52,2024-04-07 07:12,2024-04-07 07:37
LAB707303,ENC103154,PT13466,GLU,Glucose,115,mg/dL,70,99,H,Routine,2024-04-07 08:59,2024-04-07 09:32,2024-04-07 11:17
LAB707304,ENC103154,PT13466,CREAT,Creatinine,1.09,mg/dL,0.6,1.3,N,STAT,2024-04-07 09:06,2024-04-07 09:20,2024-04-07 10:14
LAB707305,ENC103154,PT13466,WBC,White Blood Cell Count,6,K/uL,4.5,11,N,STAT,2024-04-07 08:39,2024-04-07 08:47,2024-04-07 10:00
LAB707306,ENC103156,PT10856,GLU,Glucose,87,mg/dL,70,99,N,STAT,2024-04-07 08:59,2024-04-07 09:17,2024-04-07 10:14
LAB707307,ENC103156,PT10856,CREAT,Creatinine,1.08,mg/dL,0.6,1.3,N,Routine,2024-04-07 09:30,2024-04-07 10:03,2024-04-07 11:49
LAB707308,ENC103156,PT10856,WBC,White Blood Cell Count,7,K/uL,4.5,11,N,STAT,2024-04-07 08:50,2024-04-07 09:05,2024-04-07 11:09
LAB707309,ENC103156,PT10856,HGB,Hemoglobin,13.4,g/dL,12,17.5,N,Routine,2024-04-07 09:30,2024-04-07 09:38,2024-04-07 12:47
LAB707310,ENC103158,PT10089,GLU,Glucose,147,mg/dL,70,99,H,STAT,2024-04-07 19:49,2024-04-07 20:12,2024-04-07 20:57
LAB707311,ENC103158,PT10089,CREAT,Creatinine,0.74,mg/dL,0.6,1.3,N,Routine,2024-04-07 19:39,2024-04-07 20:07,2024-04-07 23:33
LAB707312,ENC103158,PT10089,WBC,White Blood Cell Count,12.8,K/uL,4.5,11,H,STAT,2024-04-07 19:27,2024-04-07 19:36,2024-04-07 20:35
LAB707313,ENC103158,PT10089,HGB,Hemoglobin,13.6,g/dL,12,17.5,N,STAT,2024-04-07 19:57,2024-04-07 20:04,2024-04-07 21:26
LAB707314,ENC103158,PT10089,NA,Sodium,142,mmol/L,136,145,N,STAT,2024-04-07 19:19,2024-04-07 19:50,2024-04-07 20:47
LAB707315,ENC103158,PT10089,K,Potassium,4.4,mmol/L,3.5,5.1,N,STAT,2024-04-07 19:08,2024-04-07 19:27,2024-04-07 20:11
LAB707316,ENC103160,PT10794,GLU,Glucose,172,mg/dL,70,99,H,STAT,2024-04-07 16:05,2024-04-07 16:27,2024-04-07 17:15
LAB707317,ENC103160,PT10794,CREAT,Creatinine,2.53,mg/dL,0.6,1.3,H,STAT,2024-04-07 16:10,2024-04-07 16:28,2024-04-07 17:09
LAB707318,ENC103160,PT10794,WBC,White Blood Cell Count,9.9,K/uL,4.5,11,N,STAT,2024-04-07 16:56,2024-04-07 17:21,2024-04-07 18:47
LAB707319,ENC103160,PT10794,HGB,Hemoglobin,12.8,g/dL,12,17.5,N,STAT,2024-04-07 16:49,2024-04-07 17:24,2024-04-07 18:13
LAB707320,ENC103162,PT12299,GLU,Glucose,117,mg/dL,70,99,H,Routine,2024-04-07 21:14,2024-04-07 21:39,2024-04-07 23:53
LAB707321,ENC103162,PT12299,CREAT,Creatinine,1.02,mg/dL,0.6,1.3,N,Routine,2024-04-07 21:40,2024-04-07 21:59,2024-04-08 01:22
LAB707322,ENC103162,PT12299,WBC,White Blood Cell Count,9.1,K/uL,4.5,11,N,STAT,2024-04-07 21:13,2024-04-07 21:47,2024-04-07 22:39
LAB707323,ENC103162,PT12299,HGB,Hemoglobin,13.7,g/dL,12,17.5,N,Routine,2024-04-07 20:45,2024-04-07 21:00,2024-04-08 01:08
LAB707324,ENC103162,PT12299,NA,Sodium,146,mmol/L,136,145,H,STAT,2024-04-07 21:08,2024-04-07 21:40,2024-04-07 22:00
LAB707325,ENC103162,PT12299,K,Potassium,3.5,mmol/L,3.5,5.1,N,STAT,2024-04-07 21:24,2024-04-07 21:37,2024-04-07 22:31
LAB707326,ENC103163,PT10170,GLU,Glucose,101,mg/dL,70,99,H,STAT,2024-04-07 22:16,2024-04-07 22:26,2024-04-07 23:27
LAB707327,ENC103163,PT10170,CREAT,Creatinine,0.96,mg/dL,0.6,1.3,N,STAT,2024-04-07 21:55,2024-04-07 22:29,2024-04-07 23:21
LAB707328,ENC103163,PT10170,WBC,White Blood Cell Count,6.3,K/uL,4.5,11,N,STAT,2024-04-07 21:45,2024-04-07 22:11,2024-04-07 23:01
LAB707329,ENC103163,PT10170,HGB,Hemoglobin,12.4,g/dL,12,17.5,N,Routine,2024-04-07 21:46,2024-04-07 22:11,2024-04-08 00:04
LAB707330,ENC103163,PT10170,TROP,"Troponin I, High Sensitivity",1,ng/L,0,34,N,STAT,2024-04-07 22:07,2024-04-07 22:14,2024-04-07 23:14
LAB707331,ENC103163,PT10170,BNP,B-Type Natriuretic Peptide,945,pg/mL,0,100,H,STAT,2024-04-07 21:26,2024-04-07 21:36,2024-04-07 22:16
LAB707332,ENC103165,PT10471,GLU,Glucose,131,mg/dL,70,99,H,Routine,2024-04-07 23:43,2024-04-07 23:57,2024-04-08 03:32
LAB707333,ENC103165,PT10471,CREAT,Creatinine,1.31,mg/dL,0.6,1.3,H,Routine,2024-04-08 00:16,2024-04-08 00:23,2024-04-08 04:04
LAB707334,ENC103165,PT10471,WBC,White Blood Cell Count,5.7,K/uL,4.5,11,N,Routine,2024-04-07 23:40,2024-04-08 00:10,2024-04-08 03:55
LAB707335,ENC103165,PT10471,HGB,Hemoglobin,15.6,g/dL,12,17.5,N,STAT,2024-04-07 23:37,2024-04-07 23:49,2024-04-08 00:39
LAB707336,ENC103165,PT10471,NA,Sodium,140,mmol/L,136,145,N,STAT,2024-04-08 00:03,2024-04-08 00:19,2024-04-08 00:33
LAB707337,ENC103165,PT10471,K,Potassium,5,mmol/L,3.5,5.1,N,STAT,2024-04-07 23:35,2024-04-07 23:50,2024-04-08 01:45
LAB707338,ENC103167,PT11951,GLU,Glucose,149,mg/dL,70,99,H,STAT,2024-04-07 21:39,2024-04-07 21:48,2024-04-07 22:38
LAB707339,ENC103167,PT11951,CREAT,Creatinine,1.16,mg/dL,0.6,1.3,N,Routine,2024-04-07 21:13,2024-04-07 21:38,2024-04-08 01:05
LAB707340,ENC103167,PT11951,WBC,White Blood Cell Count,8.3,K/uL,4.5,11,N,Routine,2024-04-07 21:21,2024-04-07 21:43,2024-04-07 23:58
LAB707341,ENC103167,PT11951,HGB,Hemoglobin,12,g/dL,12,17.5,N,Routine,2024-04-07 21:20,2024-04-07 21:47,2024-04-07 22:43
LAB707342,ENC103168,PT13804,GLU,Glucose,147,mg/dL,70,99,H,Routine,2024-04-08 05:45,2024-04-08 06:09,2024-04-08 09:36
LAB707343,ENC103168,PT13804,CREAT,Creatinine,1.18,mg/dL,0.6,1.3,N,STAT,2024-04-08 05:46,2024-04-08 05:59,2024-04-08 06:54
LAB707344,ENC103168,PT13804,WBC,White Blood Cell Count,9.7,K/uL,4.5,11,N,Routine,2024-04-08 06:02,2024-04-08 06:15,2024-04-08 08:25
LAB707345,ENC103168,PT13804,HGB,Hemoglobin,14.5,g/dL,12,17.5,N,Routine,2024-04-08 05:20,2024-04-08 05:39,2024-04-08 09:40
LAB707346,ENC103168,PT13804,TROP,"Troponin I, High Sensitivity",47,ng/L,0,34,H,STAT,2024-04-08 06:21,2024-04-08 06:46,2024-04-08 07:42
LAB707347,ENC103168,PT13804,BNP,B-Type Natriuretic Peptide,5649,pg/mL,0,100,H,STAT,2024-04-08 05:37,2024-04-08 06:01,2024-04-08 07:06
LAB707348,ENC103169,PT12079,GLU,Glucose,89,mg/dL,70,99,N,STAT,2024-04-08 10:58,2024-04-08 11:23,2024-04-08 11:50
LAB707349,ENC103169,PT12079,CREAT,Creatinine,0.67,mg/dL,0.6,1.3,N,Routine,2024-04-08 11:40,2024-04-08 11:59,2024-04-08 17:14
LAB707350,ENC103169,PT12079,WBC,White Blood Cell Count,5.4,K/uL,4.5,11,N,STAT,2024-04-08 10:52,2024-04-08 11:00,2024-04-08 12:05
LAB707351,ENC103169,PT12079,HGB,Hemoglobin,7.1,g/dL,12,17.5,L,STAT,2024-04-08 11:30,2024-04-08 11:38,2024-04-08 12:48
LAB707352,ENC103169,PT12079,LACT,Lactate,2.8,mmol/L,0.5,2,H,STAT,2024-04-08 11:20,2024-04-08 11:52,2024-04-08 12:47
LAB707353,ENC103169,PT12079,INR,Prothrombin Time INR,0.9,ratio,0.8,1.2,N,Routine,2024-04-08 10:59,2024-04-08 11:10,2024-04-08 12:19
LAB707354,ENC103171,PT13800,A1C,Hemoglobin A1c,10.4,%,4,5.6,H,Routine,2024-04-08 08:24,2024-04-08 08:46,2024-04-09 06:46
LAB707355,ENC103173,PT12244,GLU,Glucose,186,mg/dL,70,99,H,STAT,2024-04-08 10:54,2024-04-08 11:04,2024-04-08 12:31
LAB707356,ENC103173,PT12244,CREAT,Creatinine,0.7,mg/dL,0.6,1.3,N,STAT,2024-04-08 11:31,2024-04-08 11:41,2024-04-08 12:57
LAB707357,ENC103173,PT12244,WBC,White Blood Cell Count,6.4,K/uL,4.5,11,N,STAT,2024-04-08 10:32,2024-04-08 10:58,2024-04-08 12:18
LAB707358,ENC103173,PT12244,HGB,Hemoglobin,11.5,g/dL,12,17.5,L,Routine,2024-04-08 11:21,2024-04-08 11:25,2024-04-08 15:09
LAB707359,ENC103173,PT12244,BUN,Blood Urea Nitrogen,11,mg/dL,7,20,N,Routine,2024-04-08 10:26,2024-04-08 10:34,2024-04-08 16:35
LAB707360,ENC103173,PT12244,PLT,Platelet Count,149,K/uL,150,400,L,STAT,2024-04-08 11:17,2024-04-08 11:40,2024-04-08 12:23
LAB707361,ENC103176,PT10979,LDL,LDL Cholesterol,117,mg/dL,0,99,H,Routine,2024-04-08 09:25,2024-04-08 09:45,2024-04-09 04:33
LAB707362,ENC103176,PT10979,TSH,Thyroid Stimulating Hormone,2.95,mIU/L,0.4,4,N,Routine,2024-04-08 09:25,2024-04-08 09:48,2024-04-08 21:42
LAB707363,ENC103178,PT13984,GLU,Glucose,104,mg/dL,70,99,H,STAT,2024-04-08 09:18,2024-04-08 09:42,2024-04-08 10:33
LAB707364,ENC103178,PT13984,CREAT,Creatinine,0.8,mg/dL,0.6,1.3,N,STAT,2024-04-08 10:24,2024-04-08 10:59,2024-04-08 12:10
LAB707365,ENC103179,PT10712,WBC,White Blood Cell Count,6.1,K/uL,4.5,11,N,Routine,2024-04-08 09:43,2024-04-08 10:03,2024-04-08 14:34
LAB707366,ENC103179,PT10712,HGB,Hemoglobin,15.8,g/dL,12,17.5,N,Routine,2024-04-08 09:21,2024-04-08 09:38,2024-04-08 11:12
LAB707367,ENC103179,PT10712,PLT,Platelet Count,175,K/uL,150,400,N,Routine,2024-04-08 09:31,2024-04-08 09:41,2024-04-08 14:56
LAB707368,ENC103180,PT10550,GLU,Glucose,137,mg/dL,70,99,H,Routine,2024-04-08 13:55,2024-04-08 13:59,2024-04-08 21:54
LAB707369,ENC103180,PT10550,CREAT,Creatinine,1.19,mg/dL,0.6,1.3,N,STAT,2024-04-08 14:11,2024-04-08 14:41,2024-04-08 15:43
LAB707370,ENC103180,PT10550,WBC,White Blood Cell Count,5.8,K/uL,4.5,11,N,STAT,2024-04-08 13:33,2024-04-08 14:06,2024-04-08 14:54
LAB707371,ENC103180,PT10550,HGB,Hemoglobin,11.1,g/dL,12,17.5,L,STAT,2024-04-08 14:14,2024-04-08 14:34,2024-04-08 15:12
LAB707372,ENC103180,PT10550,INR,Prothrombin Time INR,0.9,ratio,0.8,1.2,N,STAT,2024-04-08 14:11,2024-04-08 14:21,2024-04-08 15:14
LAB707373,ENC103181,PT12913,A1C,Hemoglobin A1c,9.3,%,4,5.6,H,STAT,2024-04-08 10:35,2024-04-08 10:57,2024-04-08 11:40
LAB707374,ENC103187,PT11228,LDL,LDL Cholesterol,115,mg/dL,0,99,H,Routine,2024-04-08 12:09,2024-04-08 12:38,2024-04-09 07:27
LAB707375,ENC103187,PT11228,A1C,Hemoglobin A1c,5.5,%,4,5.6,N,Routine,2024-04-08 12:30,2024-04-08 12:38,2024-04-08 17:47
LAB707376,ENC103190,PT10743,LDL,LDL Cholesterol,110,mg/dL,0,99,H,Routine,2024-04-08 12:53,2024-04-08 13:25,2024-04-09 06:16
LAB707377,ENC103190,PT10743,TSH,Thyroid Stimulating Hormone,0.06,mIU/L,0.4,4,L,Routine,2024-04-08 12:57,2024-04-08 13:10,2024-04-09 16:20
LAB707378,ENC103191,PT13943,WBC,White Blood Cell Count,8.7,K/uL,4.5,11,N,Routine,2024-04-08 12:53,2024-04-08 13:00,2024-04-08 16:20
LAB707379,ENC103191,PT13943,HGB,Hemoglobin,11.2,g/dL,12,17.5,L,Routine,2024-04-08 13:07,2024-04-08 13:18,2024-04-08 16:21
LAB707380,ENC103191,PT13943,PLT,Platelet Count,257,K/uL,150,400,N,Routine,2024-04-08 13:14,2024-04-08 13:30,2024-04-08 14:31
LAB707381,ENC103192,PT13535,LDL,LDL Cholesterol,94,mg/dL,0,99,N,Routine,2024-04-08 13:48,2024-04-08 14:23,2024-04-09 02:27
LAB707382,ENC103193,PT13135,GLU,Glucose,100,mg/dL,70,99,H,STAT,2024-04-08 14:19,2024-04-08 14:29,2024-04-08 15:14
LAB707383,ENC103193,PT13135,CREAT,Creatinine,0.92,mg/dL,0.6,1.3,N,STAT,2024-04-08 15:10,2024-04-08 15:32,2024-04-08 16:02
LAB707384,ENC103193,PT13135,WBC,White Blood Cell Count,5.8,K/uL,4.5,11,N,Routine,2024-04-08 15:09,2024-04-08 15:44,2024-04-08 17:33
LAB707385,ENC103194,PT10776,GLU,Glucose,96,mg/dL,70,99,N,Routine,2024-04-08 14:25,2024-04-08 14:37,2024-04-08 17:05
LAB707386,ENC103194,PT10776,CREAT,Creatinine,1.01,mg/dL,0.6,1.3,N,Routine,2024-04-08 15:26,2024-04-08 15:42,2024-04-08 17:27
LAB707387,ENC103194,PT10776,WBC,White Blood Cell Count,6.3,K/uL,4.5,11,N,STAT,2024-04-08 15:08,2024-04-08 15:16,2024-04-08 15:58
LAB707388,ENC103199,PT13576,GLU,Glucose,98,mg/dL,70,99,N,STAT,2024-04-08 16:35,2024-04-08 16:47,2024-04-08 19:20
LAB707389,ENC103199,PT13576,CREAT,Creatinine,0.98,mg/dL,0.6,1.3,N,STAT,2024-04-08 16:23,2024-04-08 16:35,2024-04-08 17:08
LAB707390,ENC103199,PT13576,WBC,White Blood Cell Count,8,K/uL,4.5,11,N,STAT,2024-04-08 16:58,2024-04-08 17:05,2024-04-08 17:52
LAB707391,ENC103199,PT13576,TROP,"Troponin I, High Sensitivity",6,ng/L,0,34,N,STAT,2024-04-08 16:17,2024-04-08 16:32,2024-04-08 17:03
LAB707392,ENC103200,PT11884,LDL,LDL Cholesterol,77,mg/dL,0,99,N,Routine,2024-04-08 16:40,2024-04-08 16:46,2024-04-09 00:12
LAB707393,ENC103201,PT11050,GLU,Glucose,87,mg/dL,70,99,N,STAT,2024-04-08 18:59,2024-04-08 19:33,2024-04-08 20:09
LAB707394,ENC103201,PT11050,CREAT,Creatinine,1.13,mg/dL,0.6,1.3,N,STAT,2024-04-08 19:07,2024-04-08 19:21,2024-04-08 20:15
LAB707395,ENC103201,PT11050,WBC,White Blood Cell Count,4.3,K/uL,4.5,11,L,Routine,2024-04-08 19:47,2024-04-08 20:03,2024-04-08 23:44
LAB707396,ENC103201,PT11050,HGB,Hemoglobin,16.1,g/dL,12,17.5,N,Routine,2024-04-08 18:57,2024-04-08 19:27,2024-04-08 23:27
LAB707397,ENC103202,PT10413,GLU,Glucose,70,mg/dL,70,99,N,Routine,2024-04-08 20:24,2024-04-08 20:35,2024-04-09 00:52
LAB707398,ENC103202,PT10413,CREAT,Creatinine,0.76,mg/dL,0.6,1.3,N,STAT,2024-04-08 19:43,2024-04-08 19:54,2024-04-08 20:41
LAB707399,ENC103202,PT10413,WBC,White Blood Cell Count,11.9,K/uL,4.5,11,H,STAT,2024-04-08 19:40,2024-04-08 19:46,2024-04-08 20:19
LAB707400,ENC103202,PT10413,HGB,Hemoglobin,13.2,g/dL,12,17.5,N,Routine,2024-04-08 20:03,2024-04-08 20:15,2024-04-08 21:47
LAB707401,ENC103203,PT11698,GLU,Glucose,306,mg/dL,70,99,H,Routine,2024-04-08 19:55,2024-04-08 20:18,2024-04-08 22:27
LAB707402,ENC103203,PT11698,CREAT,Creatinine,0.76,mg/dL,0.6,1.3,N,STAT,2024-04-08 19:22,2024-04-08 19:48,2024-04-08 20:13
LAB707403,ENC103203,PT11698,WBC,White Blood Cell Count,8.2,K/uL,4.5,11,N,STAT,2024-04-08 19:14,2024-04-08 19:45,2024-04-08 20:18
LAB707404,ENC103203,PT11698,A1C,Hemoglobin A1c,8,%,4,5.6,H,STAT,2024-04-08 19:03,2024-04-08 19:16,2024-04-08 20:17
LAB707405,ENC103204,PT10677,GLU,Glucose,241,mg/dL,70,99,H,Routine,2024-04-08 20:39,2024-04-08 21:03,2024-04-09 00:42
LAB707406,ENC103204,PT10677,CREAT,Creatinine,1.01,mg/dL,0.6,1.3,N,STAT,2024-04-08 19:53,2024-04-08 20:22,2024-04-08 21:10
LAB707407,ENC103204,PT10677,WBC,White Blood Cell Count,10.8,K/uL,4.5,11,N,STAT,2024-04-08 20:18,2024-04-08 20:23,2024-04-08 20:43
LAB707408,ENC103204,PT10677,HGB,Hemoglobin,12.5,g/dL,12,17.5,N,Routine,2024-04-08 20:49,2024-04-08 21:17,2024-04-09 00:28
LAB707409,ENC103205,PT13892,GLU,Glucose,77,mg/dL,70,99,N,STAT,2024-04-08 23:11,2024-04-08 23:38,2024-04-09 00:05
LAB707410,ENC103205,PT13892,CREAT,Creatinine,2.79,mg/dL,0.6,1.3,H,STAT,2024-04-08 23:36,2024-04-08 23:40,2024-04-09 00:28
LAB707411,ENC103205,PT13892,WBC,White Blood Cell Count,5.6,K/uL,4.5,11,N,STAT,2024-04-08 22:43,2024-04-08 23:10,2024-04-08 23:50
LAB707412,ENC103205,PT13892,HGB,Hemoglobin,12.1,g/dL,12,17.5,N,STAT,2024-04-08 22:58,2024-04-08 23:22,2024-04-09 00:06
LAB707413,ENC103205,PT13892,NA,Sodium,143,mmol/L,136,145,N,Routine,2024-04-08 23:05,2024-04-08 23:39,2024-04-09 00:34
LAB707414,ENC103205,PT13892,K,Potassium,5.5,mmol/L,3.5,5.1,H,STAT,2024-04-08 22:30,2024-04-08 22:57,2024-04-09 00:45
LAB707415,ENC103205,PT13892,BUN,Blood Urea Nitrogen,11,mg/dL,7,20,N,Routine,2024-04-08 22:55,2024-04-08 23:24,2024-04-09 01:13
LAB707416,ENC103205,PT13892,PLT,Platelet Count,350,K/uL,150,400,N,STAT,2024-04-08 22:36,2024-04-08 22:57,2024-04-08 23:38
LAB707417,ENC103206,PT10975,GLU,Glucose,147,mg/dL,70,99,H,STAT,2024-04-09 01:13,2024-04-09 01:41,2024-04-09 02:19
LAB707418,ENC103206,PT10975,CREAT,Creatinine,0.97,mg/dL,0.6,1.3,N,Routine,2024-04-09 01:31,2024-04-09 01:44,2024-04-09 03:22
LAB707419,ENC103206,PT10975,WBC,White Blood Cell Count,7.8,K/uL,4.5,11,N,STAT,2024-04-09 02:03,2024-04-09 02:11,2024-04-09 02:34
LAB707420,ENC103206,PT10975,HGB,Hemoglobin,14.5,g/dL,12,17.5,N,Routine,2024-04-09 01:30,2024-04-09 01:54,2024-04-09 04:54
LAB707421,ENC103207,PT10879,GLU,Glucose,227,mg/dL,70,99,H,Routine,2024-04-08 22:06,2024-04-08 22:16,2024-04-09 00:29
LAB707422,ENC103207,PT10879,CREAT,Creatinine,0.79,mg/dL,0.6,1.3,N,STAT,2024-04-08 21:37,2024-04-08 21:56,2024-04-08 22:38
LAB707423,ENC103207,PT10879,WBC,White Blood Cell Count,7.5,K/uL,4.5,11,N,STAT,2024-04-08 21:51,2024-04-08 22:04,2024-04-08 22:46
LAB707424,ENC103207,PT10879,HGB,Hemoglobin,14.9,g/dL,12,17.5,N,STAT,2024-04-08 22:01,2024-04-08 22:15,2024-04-08 23:13
LAB707425,ENC103207,PT10879,TROP,"Troponin I, High Sensitivity",10,ng/L,0,34,N,STAT,2024-04-08 21:40,2024-04-08 22:08,2024-04-08 22:43
LAB707426,ENC103207,PT10879,BNP,B-Type Natriuretic Peptide,1848,pg/mL,0,100,H,STAT,2024-04-08 21:52,2024-04-08 21:57,2024-04-08 22:30
LAB707427,ENC103208,PT10228,GLU,Glucose,280,mg/dL,70,99,H,STAT,2024-04-08 23:56,2024-04-09 00:23,2024-04-09 00:50
LAB707428,ENC103208,PT10228,CREAT,Creatinine,1.34,mg/dL,0.6,1.3,H,Routine,2024-04-08 23:41,2024-04-09 00:05,2024-04-09 01:34
LAB707429,ENC103208,PT10228,WBC,White Blood Cell Count,8.5,K/uL,4.5,11,N,STAT,2024-04-09 00:34,2024-04-09 01:07,2024-04-09 02:08
LAB707430,ENC103208,PT10228,A1C,Hemoglobin A1c,11.3,%,4,5.6,H,STAT,2024-04-08 23:32,2024-04-08 23:49,2024-04-09 00:48
LAB707431,ENC103209,PT12351,GLU,Glucose,118,mg/dL,70,99,H,STAT,2024-04-09 02:21,2024-04-09 02:37,2024-04-09 03:03
LAB707432,ENC103209,PT12351,CREAT,Creatinine,0.93,mg/dL,0.6,1.3,N,Routine,2024-04-09 02:26,2024-04-09 02:43,2024-04-09 03:47
LAB707433,ENC103210,PT13540,GLU,Glucose,98,mg/dL,70,99,N,Routine,2024-04-09 06:48,2024-04-09 06:52,2024-04-09 11:10
LAB707434,ENC103210,PT13540,CREAT,Creatinine,0.62,mg/dL,0.6,1.3,N,Routine,2024-04-09 06:30,2024-04-09 06:48,2024-04-09 11:13
LAB707435,ENC103210,PT13540,WBC,White Blood Cell Count,9.8,K/uL,4.5,11,N,STAT,2024-04-09 06:47,2024-04-09 07:13,2024-04-09 10:02
LAB707436,ENC103210,PT13540,HGB,Hemoglobin,13.6,g/dL,12,17.5,N,Routine,2024-04-09 06:20,2024-04-09 06:47,2024-04-09 14:11
LAB707437,ENC103212,PT13302,GLU,Glucose,124,mg/dL,70,99,H,STAT,2024-04-09 07:03,2024-04-09 07:25,2024-04-09 08:13
LAB707438,ENC103212,PT13302,CREAT,Creatinine,0.8,mg/dL,0.6,1.3,N,Routine,2024-04-09 06:23,2024-04-09 06:39,2024-04-09 09:05
LAB707439,ENC103212,PT13302,WBC,White Blood Cell Count,10,K/uL,4.5,11,N,Routine,2024-04-09 06:55,2024-04-09 07:26,2024-04-09 09:32
LAB707440,ENC103212,PT13302,HGB,Hemoglobin,8.9,g/dL,12,17.5,L,STAT,2024-04-09 06:29,2024-04-09 06:47,2024-04-09 07:28
LAB707441,ENC103214,PT11517,GLU,Glucose,120,mg/dL,70,99,H,Routine,2024-04-09 09:22,2024-04-09 09:37,2024-04-09 12:24
LAB707442,ENC103214,PT11517,CREAT,Creatinine,1.28,mg/dL,0.6,1.3,N,Routine,2024-04-09 09:44,2024-04-09 09:54,2024-04-09 11:41
LAB707443,ENC103214,PT11517,WBC,White Blood Cell Count,6.4,K/uL,4.5,11,N,Routine,2024-04-09 09:56,2024-04-09 10:31,2024-04-09 12:34
LAB707444,ENC103216,PT11934,A1C,Hemoglobin A1c,6.6,%,4,5.6,H,Routine,2024-04-09 10:13,2024-04-09 10:21,2024-04-09 15:21
LAB707445,ENC103217,PT11374,LDL,LDL Cholesterol,204,mg/dL,0,99,H,Routine,2024-04-09 10:36,2024-04-09 10:51,2024-04-10 03:11
LAB707446,ENC103219,PT11988,GLU,Glucose,64,mg/dL,70,99,L,STAT,2024-04-09 14:32,2024-04-09 15:05,2024-04-09 15:37
LAB707447,ENC103219,PT11988,CREAT,Creatinine,1.36,mg/dL,0.6,1.3,H,STAT,2024-04-09 14:18,2024-04-09 14:49,2024-04-09 15:37
LAB707448,ENC103219,PT11988,WBC,White Blood Cell Count,12.5,K/uL,4.5,11,H,STAT,2024-04-09 14:28,2024-04-09 14:36,2024-04-09 15:20
LAB707449,ENC103219,PT11988,HGB,Hemoglobin,13.6,g/dL,12,17.5,N,STAT,2024-04-09 15:06,2024-04-09 15:33,2024-04-09 16:19
LAB707450,ENC103219,PT11988,TROP,"Troponin I, High Sensitivity",164,ng/L,0,34,H,STAT,2024-04-09 14:29,2024-04-09 15:00,2024-04-09 16:07
LAB707451,ENC103224,PT11512,GLU,Glucose,118,mg/dL,70,99,H,STAT,2024-04-09 12:34,2024-04-09 13:01,2024-04-09 13:39
LAB707452,ENC103224,PT11512,CREAT,Creatinine,1,mg/dL,0.6,1.3,N,Routine,2024-04-09 13:01,2024-04-09 13:25,2024-04-09 17:08
LAB707453,ENC103224,PT11512,WBC,White Blood Cell Count,7,K/uL,4.5,11,N,Routine,2024-04-09 12:32,2024-04-09 13:03,2024-04-09 16:05
LAB707454,ENC103224,PT11512,HGB,Hemoglobin,14,g/dL,12,17.5,N,STAT,2024-04-09 12:19,2024-04-09 12:52,2024-04-09 13:29
LAB707455,ENC103227,PT12912,TROP,"Troponin I, High Sensitivity",3,ng/L,0,34,N,STAT,2024-04-09 16:02,2024-04-09 16:34,2024-04-09 17:09
LAB707456,ENC103230,PT13502,GLU,Glucose,135,mg/dL,70,99,H,STAT,2024-04-09 21:28,2024-04-09 21:46,2024-04-09 22:12
LAB707457,ENC103230,PT13502,CREAT,Creatinine,1.08,mg/dL,0.6,1.3,N,Routine,2024-04-09 20:48,2024-04-09 20:57,2024-04-10 00:22
LAB707458,ENC103230,PT13502,WBC,White Blood Cell Count,8.5,K/uL,4.5,11,N,Routine,2024-04-09 21:24,2024-04-09 21:52,2024-04-10 01:06
LAB707459,ENC103230,PT13502,HGB,Hemoglobin,14.5,g/dL,12,17.5,N,STAT,2024-04-09 21:02,2024-04-09 21:08,2024-04-09 23:06
LAB707460,ENC103230,PT13502,NA,Sodium,129,mmol/L,136,145,L,STAT,2024-04-09 20:59,2024-04-09 21:23,2024-04-09 21:52
LAB707461,ENC103230,PT13502,K,Potassium,4,mmol/L,3.5,5.1,N,STAT,2024-04-09 20:53,2024-04-09 21:24,2024-04-09 22:47
LAB707462,ENC103230,PT13502,BUN,Blood Urea Nitrogen,14,mg/dL,7,20,N,STAT,2024-04-09 21:34,2024-04-09 21:41,2024-04-09 22:44
LAB707463,ENC103230,PT13502,PLT,Platelet Count,352,K/uL,150,400,N,STAT,2024-04-09 21:33,2024-04-09 21:59,2024-04-09 23:10
LAB707464,ENC103231,PT12421,GLU,Glucose,93,mg/dL,70,99,N,Routine,2024-04-09 18:27,2024-04-09 18:51,2024-04-09 20:58
LAB707465,ENC103231,PT12421,CREAT,Creatinine,0.8,mg/dL,0.6,1.3,N,Routine,2024-04-09 18:25,2024-04-09 19:00,2024-04-09 21:09
LAB707466,ENC103231,PT12421,WBC,White Blood Cell Count,6.7,K/uL,4.5,11,N,STAT,2024-04-09 17:47,2024-04-09 18:21,2024-04-09 19:13
LAB707467,ENC103231,PT12421,HGB,Hemoglobin,11.6,g/dL,12,17.5,L,STAT,2024-04-09 17:29,2024-04-09 17:55,2024-04-09 18:30
LAB707468,ENC103231,PT12421,LACT,Lactate,3.5,mmol/L,0.5,2,H,STAT,2024-04-09 17:56,2024-04-09 18:22,2024-04-09 19:16
LAB707469,ENC103232,PT12484,GLU,Glucose,142,mg/dL,70,99,H,STAT,2024-04-09 17:58,2024-04-09 18:05,2024-04-09 18:22
LAB707470,ENC103232,PT12484,CREAT,Creatinine,1.21,mg/dL,0.6,1.3,N,Routine,2024-04-09 18:02,2024-04-09 18:07,2024-04-09 20:03
LAB707471,ENC103232,PT12484,WBC,White Blood Cell Count,6.2,K/uL,4.5,11,N,Routine,2024-04-09 18:08,2024-04-09 18:27,2024-04-09 20:00
LAB707472,ENC103232,PT12484,HGB,Hemoglobin,15.2,g/dL,12,17.5,N,Routine,2024-04-09 19:01,2024-04-09 19:31,2024-04-09 21:15
LAB707473,ENC103234,PT13430,GLU,Glucose,107,mg/dL,70,99,H,Routine,2024-04-09 19:41,2024-04-09 20:02,2024-04-10 00:48
LAB707474,ENC103234,PT13430,CREAT,Creatinine,0.75,mg/dL,0.6,1.3,N,STAT,2024-04-09 19:13,2024-04-09 19:43,2024-04-09 20:20
LAB707475,ENC103234,PT13430,WBC,White Blood Cell Count,6.3,K/uL,4.5,11,N,STAT,2024-04-09 19:09,2024-04-09 19:27,2024-04-09 20:11
LAB707476,ENC103235,PT12305,GLU,Glucose,166,mg/dL,70,99,H,Routine,2024-04-09 22:10,2024-04-09 22:26,2024-04-10 00:27
LAB707477,ENC103235,PT12305,CREAT,Creatinine,0.62,mg/dL,0.6,1.3,N,STAT,2024-04-09 21:15,2024-04-09 21:35,2024-04-09 22:03
LAB707478,ENC103235,PT12305,WBC,White Blood Cell Count,5.3,K/uL,4.5,11,N,STAT,2024-04-09 22:15,2024-04-09 22:24,2024-04-09 23:27
LAB707479,ENC103235,PT12305,HGB,Hemoglobin,10.5,g/dL,12,17.5,L,Routine,2024-04-09 21:06,2024-04-09 21:19,2024-04-09 22:54
LAB707480,ENC103235,PT12305,BUN,Blood Urea Nitrogen,16,mg/dL,7,20,N,STAT,2024-04-09 21:33,2024-04-09 21:49,2024-04-09 22:16
LAB707481,ENC103235,PT12305,PLT,Platelet Count,266,K/uL,150,400,N,STAT,2024-04-09 21:43,2024-04-09 22:13,2024-04-09 22:31
LAB707482,ENC103236,PT12183,GLU,Glucose,115,mg/dL,70,99,H,STAT,2024-04-10 01:25,2024-04-10 01:51,2024-04-10 03:39
LAB707483,ENC103236,PT12183,CREAT,Creatinine,1.37,mg/dL,0.6,1.3,H,STAT,2024-04-10 00:55,2024-04-10 01:06,2024-04-10 01:33
LAB707484,ENC103236,PT12183,WBC,White Blood Cell Count,7.5,K/uL,4.5,11,N,Routine,2024-04-10 01:20,2024-04-10 01:26,2024-04-10 03:52
LAB707485,ENC103236,PT12183,HGB,Hemoglobin,16.1,g/dL,12,17.5,N,STAT,2024-04-10 01:45,2024-04-10 02:02,2024-04-10 03:31
LAB707486,ENC103236,PT12183,TROP,"Troponin I, High Sensitivity",1,ng/L,0,34,N,STAT,2024-04-10 01:27,2024-04-10 01:48,2024-04-10 02:17
LAB707487,ENC103237,PT11069,GLU,Glucose,104,mg/dL,70,99,H,Routine,2024-04-10 00:53,2024-04-10 01:23,2024-04-10 03:04
LAB707488,ENC103237,PT11069,CREAT,Creatinine,0.69,mg/dL,0.6,1.3,N,STAT,2024-04-10 01:44,2024-04-10 01:59,2024-04-10 02:52
LAB707489,ENC103237,PT11069,WBC,White Blood Cell Count,5,K/uL,4.5,11,N,Routine,2024-04-10 01:04,2024-04-10 01:15,2024-04-10 06:45
LAB707490,ENC103237,PT11069,HGB,Hemoglobin,12.4,g/dL,12,17.5,N,STAT,2024-04-10 01:14,2024-04-10 01:28,2024-04-10 01:54
LAB707491,ENC103238,PT10947,GLU,Glucose,212,mg/dL,70,99,H,STAT,2024-04-10 03:20,2024-04-10 03:38,2024-04-10 04:53
LAB707492,ENC103238,PT10947,CREAT,Creatinine,2.11,mg/dL,0.6,1.3,H,STAT,2024-04-10 03:40,2024-04-10 04:15,2024-04-10 05:21
LAB707493,ENC103238,PT10947,WBC,White Blood Cell Count,8.1,K/uL,4.5,11,N,STAT,2024-04-10 03:50,2024-04-10 04:24,2024-04-10 05:33
LAB707494,ENC103238,PT10947,HGB,Hemoglobin,9.9,g/dL,12,17.5,L,Routine,2024-04-10 03:19,2024-04-10 03:40,2024-04-10 05:21
LAB707495,ENC103238,PT10947,NA,Sodium,135,mmol/L,136,145,L,STAT,2024-04-10 03:10,2024-04-10 03:34,2024-04-10 03:58
LAB707496,ENC103238,PT10947,K,Potassium,4.8,mmol/L,3.5,5.1,N,STAT,2024-04-10 03:38,2024-04-10 03:56,2024-04-10 04:32
LAB707497,ENC103239,PT13733,GLU,Glucose,105,mg/dL,70,99,H,STAT,2024-04-10 00:10,2024-04-10 00:33,2024-04-10 01:11
LAB707498,ENC103239,PT13733,CREAT,Creatinine,0.57,mg/dL,0.6,1.3,L,STAT,2024-04-10 01:04,2024-04-10 01:16,2024-04-10 01:56
LAB707499,ENC103239,PT13733,WBC,White Blood Cell Count,6.1,K/uL,4.5,11,N,STAT,2024-04-10 00:58,2024-04-10 01:31,2024-04-10 02:25
LAB707500,ENC103239,PT13733,HGB,Hemoglobin,13.2,g/dL,12,17.5,N,Routine,2024-04-10 00:57,2024-04-10 01:30,2024-04-10 04:30
LAB707501,ENC103240,PT13355,GLU,Glucose,100,mg/dL,70,99,H,STAT,2024-04-10 06:50,2024-04-10 07:02,2024-04-10 07:42
LAB707502,ENC103240,PT13355,CREAT,Creatinine,0.99,mg/dL,0.6,1.3,N,STAT,2024-04-10 06:17,2024-04-10 06:24,2024-04-10 07:35
LAB707503,ENC103240,PT13355,WBC,White Blood Cell Count,8.6,K/uL,4.5,11,N,STAT,2024-04-10 06:09,2024-04-10 06:36,2024-04-10 07:04
LAB707504,ENC103240,PT13355,HGB,Hemoglobin,13.6,g/dL,12,17.5,N,Routine,2024-04-10 06:30,2024-04-10 06:52,2024-04-10 08:26
LAB707505,ENC103240,PT13355,BUN,Blood Urea Nitrogen,15,mg/dL,7,20,N,STAT,2024-04-10 06:49,2024-04-10 07:22,2024-04-10 07:58
LAB707506,ENC103240,PT13355,PLT,Platelet Count,367,K/uL,150,400,N,STAT,2024-04-10 06:47,2024-04-10 07:01,2024-04-10 07:46
LAB707507,ENC103240,PT13355,INR,Prothrombin Time INR,1.1,ratio,0.8,1.2,N,STAT,2024-04-10 06:42,2024-04-10 06:58,2024-04-10 08:14
LAB707508,ENC103242,PT10449,A1C,Hemoglobin A1c,8.4,%,4,5.6,H,Routine,2024-04-10 09:11,2024-04-10 09:45,2024-04-10 21:39
LAB707509,ENC103246,PT12795,GLU,Glucose,66,mg/dL,70,99,L,STAT,2024-04-10 12:17,2024-04-10 12:50,2024-04-10 14:03
LAB707510,ENC103246,PT12795,CREAT,Creatinine,0.59,mg/dL,0.6,1.3,L,STAT,2024-04-10 12:01,2024-04-10 12:11,2024-04-10 12:55
LAB707511,ENC103246,PT12795,WBC,White Blood Cell Count,5.4,K/uL,4.5,11,N,STAT,2024-04-10 11:52,2024-04-10 12:22,2024-04-10 13:30
LAB707512,ENC103246,PT12795,HGB,Hemoglobin,12.7,g/dL,12,17.5,N,Routine,2024-04-10 12:06,2024-04-10 12:23,2024-04-10 13:47
LAB707513,ENC103246,PT12795,BUN,Blood Urea Nitrogen,8,mg/dL,7,20,N,STAT,2024-04-10 12:22,2024-04-10 12:33,2024-04-10 13:26
LAB707514,ENC103246,PT12795,PLT,Platelet Count,221,K/uL,150,400,N,STAT,2024-04-10 12:04,2024-04-10 12:37,2024-04-10 13:11
LAB707515,ENC103246,PT12795,LACT,Lactate,1.4,mmol/L,0.5,2,N,STAT,2024-04-10 12:20,2024-04-10 12:24,2024-04-10 13:28
LAB707516,ENC103251,PT13104,GLU,Glucose,116,mg/dL,70,99,H,STAT,2024-04-10 17:02,2024-04-10 17:07,2024-04-10 17:28
LAB707517,ENC103251,PT13104,CREAT,Creatinine,1.35,mg/dL,0.6,1.3,H,STAT,2024-04-10 15:56,2024-04-10 16:30,2024-04-10 17:55
LAB707518,ENC103251,PT13104,WBC,White Blood Cell Count,9.1,K/uL,4.5,11,N,STAT,2024-04-10 16:28,2024-04-10 16:35,2024-04-10 17:33
LAB707519,ENC103251,PT13104,HGB,Hemoglobin,13.6,g/dL,12,17.5,N,STAT,2024-04-10 15:56,2024-04-10 16:21,2024-04-10 17:17
LAB707520,ENC103251,PT13104,NA,Sodium,136,mmol/L,136,145,N,Routine,2024-04-10 16:37,2024-04-10 17:07,2024-04-10 19:11
LAB707521,ENC103251,PT13104,K,Potassium,4,mmol/L,3.5,5.1,N,STAT,2024-04-10 16:49,2024-04-10 17:04,2024-04-10 17:25
LAB707522,ENC103255,PT13324,GLU,Glucose,198,mg/dL,70,99,H,STAT,2024-04-10 14:26,2024-04-10 14:41,2024-04-10 16:11
LAB707523,ENC103255,PT13324,CREAT,Creatinine,1.1,mg/dL,0.6,1.3,N,STAT,2024-04-10 13:49,2024-04-10 14:17,2024-04-10 15:00
LAB707524,ENC103255,PT13324,TROP,"Troponin I, High Sensitivity",2,ng/L,0,34,N,STAT,2024-04-10 14:31,2024-04-10 14:55,2024-04-10 15:36
LAB707525,ENC103256,PT12737,GLU,Glucose,90,mg/dL,70,99,N,STAT,2024-04-10 16:55,2024-04-10 17:21,2024-04-10 18:20
LAB707526,ENC103256,PT12737,CREAT,Creatinine,0.99,mg/dL,0.6,1.3,N,Routine,2024-04-10 17:17,2024-04-10 17:26,2024-04-10 19:54
LAB707527,ENC103256,PT12737,WBC,White Blood Cell Count,9,K/uL,4.5,11,N,STAT,2024-04-10 16:28,2024-04-10 17:03,2024-04-10 17:25
LAB707528,ENC103256,PT12737,HGB,Hemoglobin,15,g/dL,12,17.5,N,STAT,2024-04-10 16:43,2024-04-10 17:05,2024-04-10 17:51
LAB707529,ENC103257,PT13300,WBC,White Blood Cell Count,8.2,K/uL,4.5,11,N,Routine,2024-04-10 14:06,2024-04-10 14:10,2024-04-10 22:27
LAB707530,ENC103257,PT13300,HGB,Hemoglobin,13.6,g/dL,12,17.5,N,Routine,2024-04-10 14:01,2024-04-10 14:20,2024-04-10 19:06
LAB707531,ENC103257,PT13300,PLT,Platelet Count,324,K/uL,150,400,N,Routine,2024-04-10 13:50,2024-04-10 14:12,2024-04-10 17:55
LAB707532,ENC103258,PT13848,GLU,Glucose,130,mg/dL,70,99,H,STAT,2024-04-10 17:37,2024-04-10 17:52,2024-04-10 18:58
LAB707533,ENC103258,PT13848,CREAT,Creatinine,1.03,mg/dL,0.6,1.3,N,STAT,2024-04-10 18:00,2024-04-10 18:06,2024-04-10 19:31
LAB707534,ENC103258,PT13848,WBC,White Blood Cell Count,6.5,K/uL,4.5,11,N,Routine,2024-04-10 17:15,2024-04-10 17:43,2024-04-10 20:35
LAB707535,ENC103258,PT13848,HGB,Hemoglobin,13.4,g/dL,12,17.5,N,Routine,2024-04-10 17:57,2024-04-10 18:20,2024-04-10 20:42
LAB707536,ENC103258,PT13848,NA,Sodium,136,mmol/L,136,145,N,STAT,2024-04-10 17:21,2024-04-10 17:56,2024-04-10 18:34
LAB707537,ENC103258,PT13848,K,Potassium,4,mmol/L,3.5,5.1,N,STAT,2024-04-10 17:32,2024-04-10 18:01,2024-04-10 18:29
LAB707538,ENC103263,PT12934,A1C,Hemoglobin A1c,7,%,4,5.6,H,Routine,2024-04-10 16:50,2024-04-10 17:11,2024-04-11 10:20
LAB707539,ENC103264,PT12240,GLU,Glucose,95,mg/dL,70,99,N,STAT,2024-04-10 18:04,2024-04-10 18:29,2024-04-10 19:07
LAB707540,ENC103264,PT12240,CREAT,Creatinine,0.44,mg/dL,0.6,1.3,L,STAT,2024-04-10 18:53,2024-04-10 19:11,2024-04-10 19:50
LAB707541,ENC103264,PT12240,WBC,White Blood Cell Count,11.3,K/uL,4.5,11,H,Routine,2024-04-10 18:40,2024-04-10 19:15,2024-04-11 00:17
LAB707542,ENC103264,PT12240,HGB,Hemoglobin,13.2,g/dL,12,17.5,N,Routine,2024-04-10 18:28,2024-04-10 19:01,2024-04-11 00:16
LAB707543,ENC103265,PT11312,GLU,Glucose,102,mg/dL,70,99,H,STAT,2024-04-10 20:13,2024-04-10 20:31,2024-04-10 20:59
LAB707544,ENC103265,PT11312,CREAT,Creatinine,1.08,mg/dL,0.6,1.3,N,STAT,2024-04-10 20:34,2024-04-10 20:41,2024-04-10 21:14
LAB707545,ENC103265,PT11312,WBC,White Blood Cell Count,8.5,K/uL,4.5,11,N,Routine,2024-04-10 20:38,2024-04-10 20:51,2024-04-11 06:58
LAB707546,ENC103265,PT11312,HGB,Hemoglobin,11.1,g/dL,12,17.5,L,Routine,2024-04-10 20:19,2024-04-10 20:25,2024-04-10 21:52
LAB707547,ENC103266,PT10739,GLU,Glucose,505,mg/dL,70,99,HH,Routine,2024-04-10 17:41,2024-04-10 17:53,2024-04-10 21:02
LAB707548,ENC103266,PT10739,CREAT,Creatinine,0.83,mg/dL,0.6,1.3,N,STAT,2024-04-10 17:10,2024-04-10 17:37,2024-04-10 18:28
LAB707549,ENC103266,PT10739,WBC,White Blood Cell Count,6.7,K/uL,4.5,11,N,Routine,2024-04-10 17:46,2024-04-10 18:18,2024-04-10 21:41
LAB707550,ENC103266,PT10739,HGB,Hemoglobin,13.7,g/dL,12,17.5,N,STAT,2024-04-10 17:19,2024-04-10 17:51,2024-04-10 18:43
LAB707551,ENC103266,PT10739,A1C,Hemoglobin A1c,9.3,%,4,5.6,H,Routine,2024-04-10 17:56,2024-04-10 18:07,2024-04-11 00:46
LAB707552,ENC103268,PT12126,INR,Prothrombin Time INR,1.1,ratio,0.8,1.2,N,Routine,2024-04-10 17:57,2024-04-10 18:29,2024-04-11 01:09
LAB707553,ENC103269,PT12299,GLU,Glucose,87,mg/dL,70,99,N,Routine,2024-04-10 21:57,2024-04-10 22:06,2024-04-11 01:03
LAB707554,ENC103269,PT12299,CREAT,Creatinine,1.14,mg/dL,0.6,1.3,N,STAT,2024-04-10 22:36,2024-04-10 23:02,2024-04-10 23:52
LAB707555,ENC103269,PT12299,WBC,White Blood Cell Count,8.7,K/uL,4.5,11,N,STAT,2024-04-10 22:26,2024-04-10 22:47,2024-04-10 23:17
LAB707556,ENC103269,PT12299,HGB,Hemoglobin,12.9,g/dL,12,17.5,N,STAT,2024-04-10 22:33,2024-04-10 22:42,2024-04-10 23:12
LAB707557,ENC103269,PT12299,NA,Sodium,138,mmol/L,136,145,N,STAT,2024-04-10 22:19,2024-04-10 22:37,2024-04-10 23:28
LAB707558,ENC103269,PT12299,K,Potassium,4.5,mmol/L,3.5,5.1,N,STAT,2024-04-10 22:46,2024-04-10 23:15,2024-04-10 23:53
LAB707559,ENC103271,PT10946,GLU,Glucose,127,mg/dL,70,99,H,STAT,2024-04-11 00:33,2024-04-11 01:00,2024-04-11 02:02
LAB707560,ENC103271,PT10946,CREAT,Creatinine,2.51,mg/dL,0.6,1.3,H,STAT,2024-04-11 00:25,2024-04-11 00:35,2024-04-11 01:42
LAB707561,ENC103271,PT10946,WBC,White Blood Cell Count,13.4,K/uL,4.5,11,H,STAT,2024-04-11 00:39,2024-04-11 00:44,2024-04-11 01:28
LAB707562,ENC103271,PT10946,HGB,Hemoglobin,15.1,g/dL,12,17.5,N,Routine,2024-04-11 01:07,2024-04-11 01:36,2024-04-11 06:28
LAB707563,ENC103271,PT10946,NA,Sodium,139,mmol/L,136,145,N,STAT,2024-04-11 00:20,2024-04-11 00:40,2024-04-11 01:24
LAB707564,ENC103271,PT10946,K,Potassium,4.2,mmol/L,3.5,5.1,N,STAT,2024-04-11 00:27,2024-04-11 00:38,2024-04-11 01:02
LAB707565,ENC103271,PT10946,LACT,Lactate,3.5,mmol/L,0.5,2,H,STAT,2024-04-11 00:53,2024-04-11 01:06,2024-04-11 01:27
LAB707566,ENC103272,PT10741,GLU,Glucose,81,mg/dL,70,99,N,STAT,2024-04-11 01:21,2024-04-11 01:32,2024-04-11 02:08
LAB707567,ENC103272,PT10741,CREAT,Creatinine,0.97,mg/dL,0.6,1.3,N,STAT,2024-04-11 01:20,2024-04-11 01:53,2024-04-11 02:45
LAB707568,ENC103272,PT10741,WBC,White Blood Cell Count,8.4,K/uL,4.5,11,N,Routine,2024-04-11 01:09,2024-04-11 01:21,2024-04-11 03:25
LAB707569,ENC103272,PT10741,HGB,Hemoglobin,13,g/dL,12,17.5,N,STAT,2024-04-11 01:18,2024-04-11 01:22,2024-04-11 01:57
LAB707570,ENC103272,PT10741,NA,Sodium,139,mmol/L,136,145,N,STAT,2024-04-11 01:05,2024-04-11 01:38,2024-04-11 02:45
LAB707571,ENC103272,PT10741,K,Potassium,4.5,mmol/L,3.5,5.1,N,STAT,2024-04-11 00:37,2024-04-11 00:57,2024-04-11 02:36
LAB707572,ENC103273,PT11780,GLU,Glucose,114,mg/dL,70,99,H,Routine,2024-04-10 22:04,2024-04-10 22:18,2024-04-11 00:20
LAB707573,ENC103273,PT11780,CREAT,Creatinine,1.13,mg/dL,0.6,1.3,N,Routine,2024-04-10 22:11,2024-04-10 22:28,2024-04-11 02:06
LAB707574,ENC103273,PT11780,WBC,White Blood Cell Count,16.3,K/uL,4.5,11,H,STAT,2024-04-10 22:39,2024-04-10 22:56,2024-04-10 23:22
LAB707575,ENC103273,PT11780,HGB,Hemoglobin,13.1,g/dL,12,17.5,N,STAT,2024-04-10 22:34,2024-04-10 23:02,2024-04-10 23:39
LAB707576,ENC103276,PT10818,GLU,Glucose,82,mg/dL,70,99,N,Routine,2024-04-11 12:49,2024-04-11 13:19,2024-04-11 18:26
LAB707577,ENC103276,PT10818,CREAT,Creatinine,2.91,mg/dL,0.6,1.3,H,STAT,2024-04-11 12:37,2024-04-11 12:49,2024-04-11 13:52
LAB707578,ENC103276,PT10818,WBC,White Blood Cell Count,11,K/uL,4.5,11,N,STAT,2024-04-11 12:37,2024-04-11 12:46,2024-04-11 13:27
LAB707579,ENC103276,PT10818,HGB,Hemoglobin,12.6,g/dL,12,17.5,N,Routine,2024-04-11 12:01,2024-04-11 12:19,2024-04-11 19:44
LAB707580,ENC103276,PT10818,NA,Sodium,139,mmol/L,136,145,N,STAT,2024-04-11 12:18,2024-04-11 12:50,2024-04-11 13:13
LAB707581,ENC103276,PT10818,K,Potassium,3.7,mmol/L,3.5,5.1,N,STAT,2024-04-11 11:57,2024-04-11 12:20,2024-04-11 14:07
LAB707582,ENC103279,PT12949,A1C,Hemoglobin A1c,7.8,%,4,5.6,H,Routine,2024-04-11 09:44,2024-04-11 10:17,2024-04-11 17:35
LAB707583,ENC103280,PT10002,A1C,Hemoglobin A1c,8.8,%,4,5.6,H,Routine,2024-04-11 10:10,2024-04-11 10:23,2024-04-12 03:08
LAB707584,ENC103281,PT12598,GLU,Glucose,226,mg/dL,70,99,H,STAT,2024-04-11 15:40,2024-04-11 15:52,2024-04-11 16:30
LAB707585,ENC103281,PT12598,CREAT,Creatinine,1.11,mg/dL,0.6,1.3,N,STAT,2024-04-11 15:36,2024-04-11 16:11,2024-04-11 17:31
LAB707586,ENC103281,PT12598,WBC,White Blood Cell Count,12.9,K/uL,4.5,11,H,Routine,2024-04-11 16:06,2024-04-11 16:15,2024-04-11 17:00
LAB707587,ENC103281,PT12598,HGB,Hemoglobin,16,g/dL,12,17.5,N,Routine,2024-04-11 15:22,2024-04-11 15:38,2024-04-11 17:58
LAB707588,ENC103283,PT13656,GLU,Glucose,210,mg/dL,70,99,H,Routine,2024-04-11 15:00,2024-04-11 15:05,2024-04-11 19:04
LAB707589,ENC103283,PT13656,CREAT,Creatinine,1.86,mg/dL,0.6,1.3,H,STAT,2024-04-11 15:40,2024-04-11 15:59,2024-04-11 17:26
LAB707590,ENC103283,PT13656,WBC,White Blood Cell Count,3.1,K/uL,4.5,11,L,Routine,2024-04-11 14:45,2024-04-11 15:00,2024-04-11 18:04
LAB707591,ENC103283,PT13656,HGB,Hemoglobin,13.5,g/dL,12,17.5,N,STAT,2024-04-11 14:56,2024-04-11 15:27,2024-04-11 15:45
LAB707592,ENC103283,PT13656,NA,Sodium,140,mmol/L,136,145,N,STAT,2024-04-11 14:45,2024-04-11 14:51,2024-04-11 15:29
LAB707593,ENC103283,PT13656,K,Potassium,3.8,mmol/L,3.5,5.1,N,STAT,2024-04-11 15:14,2024-04-11 15:43,2024-04-11 16:54
LAB707594,ENC103283,PT13656,LACT,Lactate,1.5,mmol/L,0.5,2,N,STAT,2024-04-11 15:48,2024-04-11 16:02,2024-04-11 17:05
LAB707595,ENC103285,PT13234,WBC,White Blood Cell Count,7.9,K/uL,4.5,11,N,Routine,2024-04-11 11:58,2024-04-11 12:17,2024-04-11 16:59
LAB707596,ENC103285,PT13234,HGB,Hemoglobin,15.3,g/dL,12,17.5,N,Routine,2024-04-11 12:15,2024-04-11 12:46,2024-04-11 15:07
LAB707597,ENC103285,PT13234,PLT,Platelet Count,245,K/uL,150,400,N,Routine,2024-04-11 12:15,2024-04-11 12:23,2024-04-11 16:02
LAB707598,ENC103286,PT11518,A1C,Hemoglobin A1c,8.3,%,4,5.6,H,Routine,2024-04-11 12:57,2024-04-11 13:19,2024-04-12 00:31
LAB707599,ENC103287,PT11093,LDL,LDL Cholesterol,132,mg/dL,0,99,H,Routine,2024-04-11 12:59,2024-04-11 13:20,2024-04-12 11:45
LAB707600,ENC103287,PT11093,A1C,Hemoglobin A1c,8.7,%,4,5.6,H,Routine,2024-04-11 12:43,2024-04-11 13:10,2024-04-11 19:50
LAB707601,ENC103289,PT13517,A1C,Hemoglobin A1c,10.7,%,4,5.6,H,Routine,2024-04-11 13:12,2024-04-11 13:45,2024-04-12 08:11
LAB707602,ENC103289,PT13517,GLU,Glucose,525,mg/dL,70,99,HH,Routine,2024-04-11 13:10,2024-04-11 13:16,2024-04-11 14:25
LAB707603,ENC103289,PT13517,CREAT,Creatinine,0.86,mg/dL,0.6,1.3,N,Routine,2024-04-11 13:26,2024-04-11 13:49,2024-04-11 16:22
LAB707604,ENC103293,PT12504,LDL,LDL Cholesterol,80,mg/dL,0,99,N,Routine,2024-04-11 13:37,2024-04-11 13:44,2024-04-12 00:27
LAB707605,ENC103293,PT12504,A1C,Hemoglobin A1c,6.4,%,4,5.6,H,Routine,2024-04-11 13:45,2024-04-11 14:16,2024-04-12 09:10
LAB707606,ENC103293,PT12504,TSH,Thyroid Stimulating Hormone,2.48,mIU/L,0.4,4,N,Routine,2024-04-11 13:40,2024-04-11 13:56,2024-04-12 03:10
LAB707607,ENC103296,PT12070,GLU,Glucose,94,mg/dL,70,99,N,Routine,2024-04-11 16:25,2024-04-11 16:58,2024-04-11 22:49
LAB707608,ENC103296,PT12070,CREAT,Creatinine,1.01,mg/dL,0.6,1.3,N,STAT,2024-04-11 15:23,2024-04-11 15:28,2024-04-11 16:14
LAB707609,ENC103296,PT12070,WBC,White Blood Cell Count,5.5,K/uL,4.5,11,N,Routine,2024-04-11 15:52,2024-04-11 16:08,2024-04-11 17:06
LAB707610,ENC103296,PT12070,HGB,Hemoglobin,14,g/dL,12,17.5,N,Routine,2024-04-11 16:06,2024-04-11 16:25,2024-04-11 18:22
LAB707611,ENC103296,PT12070,NA,Sodium,137,mmol/L,136,145,N,STAT,2024-04-11 15:28,2024-04-11 15:59,2024-04-11 16:41
LAB707612,ENC103296,PT12070,K,Potassium,4.2,mmol/L,3.5,5.1,N,STAT,2024-04-11 15:26,2024-04-11 15:50,2024-04-11 16:43
LAB707613,ENC103298,PT12306,LDL,LDL Cholesterol,100,mg/dL,0,99,H,Routine,2024-04-11 15:40,2024-04-11 16:05,2024-04-12 05:29
LAB707614,ENC103299,PT11706,GLU,Glucose,112,mg/dL,70,99,H,STAT,2024-04-11 17:53,2024-04-11 18:05,2024-04-11 19:46
LAB707615,ENC103299,PT11706,CREAT,Creatinine,0.85,mg/dL,0.6,1.3,N,Routine,2024-04-11 18:41,2024-04-11 19:15,2024-04-11 23:45
LAB707616,ENC103299,PT11706,WBC,White Blood Cell Count,8.5,K/uL,4.5,11,N,STAT,2024-04-11 18:24,2024-04-11 18:38,2024-04-11 19:11
LAB707617,ENC103299,PT11706,HGB,Hemoglobin,15.6,g/dL,12,17.5,N,STAT,2024-04-11 17:55,2024-04-11 18:24,2024-04-11 18:46
LAB707618,ENC103299,PT11706,LACT,Lactate,1.5,mmol/L,0.5,2,N,STAT,2024-04-11 18:19,2024-04-11 18:31,2024-04-11 19:17
LAB707619,ENC103300,PT10024,GLU,Glucose,99,mg/dL,70,99,N,Routine,2024-04-11 19:59,2024-04-11 20:34,2024-04-12 00:25
LAB707620,ENC103300,PT10024,CREAT,Creatinine,0.79,mg/dL,0.6,1.3,N,STAT,2024-04-11 19:25,2024-04-11 19:44,2024-04-11 20:20
LAB707621,ENC103300,PT10024,WBC,White Blood Cell Count,8.9,K/uL,4.5,11,N,STAT,2024-04-11 20:09,2024-04-11 20:36,2024-04-11 21:44
LAB707622,ENC103300,PT10024,HGB,Hemoglobin,13.1,g/dL,12,17.5,N,STAT,2024-04-11 20:11,2024-04-11 20:21,2024-04-11 21:15
LAB707623,ENC103300,PT10024,TROP,"Troponin I, High Sensitivity",5,ng/L,0,34,N,STAT,2024-04-11 19:17,2024-04-11 19:33,2024-04-11 20:48
LAB707624,ENC103300,PT10024,BNP,B-Type Natriuretic Peptide,403,pg/mL,0,100,H,STAT,2024-04-11 20:02,2024-04-11 20:12,2024-04-11 20:56
LAB707625,ENC103304,PT13248,GLU,Glucose,114,mg/dL,70,99,H,STAT,2024-04-11 19:04,2024-04-11 19:13,2024-04-11 19:38
LAB707626,ENC103304,PT13248,CREAT,Creatinine,0.77,mg/dL,0.6,1.3,N,STAT,2024-04-11 18:20,2024-04-11 18:36,2024-04-11 20:07
LAB707627,ENC103305,PT12770,GLU,Glucose,123,mg/dL,70,99,H,STAT,2024-04-12 00:17,2024-04-12 00:45,2024-04-12 01:08
LAB707628,ENC103305,PT12770,CREAT,Creatinine,1.03,mg/dL,0.6,1.3,N,STAT,2024-04-11 23:30,2024-04-11 23:48,2024-04-12 00:25
LAB707629,ENC103305,PT12770,WBC,White Blood Cell Count,14.4,K/uL,4.5,11,H,Routine,2024-04-12 00:14,2024-04-12 00:28,2024-04-12 03:32
LAB707630,ENC103305,PT12770,HGB,Hemoglobin,14.4,g/dL,12,17.5,N,STAT,2024-04-12 00:38,2024-04-12 01:07,2024-04-12 01:35
LAB707631,ENC103306,PT13324,GLU,Glucose,157,mg/dL,70,99,H,STAT,2024-04-12 00:47,2024-04-12 01:04,2024-04-12 01:57
LAB707632,ENC103306,PT13324,CREAT,Creatinine,0.99,mg/dL,0.6,1.3,N,STAT,2024-04-12 00:47,2024-04-12 01:10,2024-04-12 01:51
LAB707633,ENC103306,PT13324,WBC,White Blood Cell Count,11.3,K/uL,4.5,11,H,STAT,2024-04-12 00:42,2024-04-12 01:13,2024-04-12 02:42
LAB707634,ENC103306,PT13324,HGB,Hemoglobin,17.1,g/dL,12,17.5,N,Routine,2024-04-12 00:26,2024-04-12 00:56,2024-04-12 05:16
LAB707635,ENC103307,PT11857,GLU,Glucose,122,mg/dL,70,99,H,STAT,2024-04-12 04:03,2024-04-12 04:24,2024-04-12 05:04
LAB707636,ENC103307,PT11857,CREAT,Creatinine,1.44,mg/dL,0.6,1.3,H,STAT,2024-04-12 04:40,2024-04-12 04:56,2024-04-12 05:34
LAB707637,ENC103307,PT11857,WBC,White Blood Cell Count,6.7,K/uL,4.5,11,N,Routine,2024-04-12 04:36,2024-04-12 04:57,2024-04-12 07:07
LAB707638,ENC103307,PT11857,HGB,Hemoglobin,14.1,g/dL,12,17.5,N,STAT,2024-04-12 04:24,2024-04-12 04:37,2024-04-12 05:37
LAB707639,ENC103307,PT11857,NA,Sodium,138,mmol/L,136,145,N,STAT,2024-04-12 04:22,2024-04-12 04:54,2024-04-12 05:22
LAB707640,ENC103307,PT11857,K,Potassium,4.4,mmol/L,3.5,5.1,N,STAT,2024-04-12 04:40,2024-04-12 04:58,2024-04-12 06:07
LAB707641,ENC103307,PT11857,TROP,"Troponin I, High Sensitivity",327,ng/L,0,34,H,STAT,2024-04-12 04:27,2024-04-12 04:39,2024-04-12 05:15
LAB707642,ENC103308,PT12516,GLU,Glucose,87,mg/dL,70,99,N,STAT,2024-04-12 08:24,2024-04-12 08:29,2024-04-12 08:52
LAB707643,ENC103308,PT12516,CREAT,Creatinine,1.19,mg/dL,0.6,1.3,N,Routine,2024-04-12 08:03,2024-04-12 08:25,2024-04-12 11:11
LAB707644,ENC103308,PT12516,WBC,White Blood Cell Count,7.3,K/uL,4.5,11,N,STAT,2024-04-12 08:49,2024-04-12 08:59,2024-04-12 09:48
LAB707645,ENC103308,PT12516,HGB,Hemoglobin,14.3,g/dL,12,17.5,N,STAT,2024-04-12 08:53,2024-04-12 09:21,2024-04-12 09:55
LAB707646,ENC103310,PT12583,GLU,Glucose,82,mg/dL,70,99,N,Routine,2024-04-12 13:32,2024-04-12 13:59,2024-04-12 15:37
LAB707647,ENC103310,PT12583,CREAT,Creatinine,1.18,mg/dL,0.6,1.3,N,Routine,2024-04-12 14:05,2024-04-12 14:28,2024-04-12 19:12
LAB707648,ENC103310,PT12583,WBC,White Blood Cell Count,5.1,K/uL,4.5,11,N,STAT,2024-04-12 13:42,2024-04-12 13:46,2024-04-12 14:21
LAB707649,ENC103310,PT12583,HGB,Hemoglobin,14.6,g/dL,12,17.5,N,Routine,2024-04-12 13:44,2024-04-12 13:59,2024-04-12 18:56
LAB707650,ENC103310,PT12583,NA,Sodium,142,mmol/L,136,145,N,Routine,2024-04-12 13:50,2024-04-12 14:02,2024-04-12 14:51
LAB707651,ENC103310,PT12583,K,Potassium,4,mmol/L,3.5,5.1,N,STAT,2024-04-12 13:51,2024-04-12 14:22,2024-04-12 14:45
LAB707652,ENC103311,PT13028,GLU,Glucose,276,mg/dL,70,99,H,STAT,2024-04-12 10:55,2024-04-12 11:12,2024-04-12 12:31
LAB707653,ENC103311,PT13028,CREAT,Creatinine,2.01,mg/dL,0.6,1.3,H,STAT,2024-04-12 10:50,2024-04-12 11:02,2024-04-12 12:11
LAB707654,ENC103311,PT13028,WBC,White Blood Cell Count,8.1,K/uL,4.5,11,N,STAT,2024-04-12 11:36,2024-04-12 12:06,2024-04-12 12:29
LAB707655,ENC103311,PT13028,A1C,Hemoglobin A1c,8.4,%,4,5.6,H,Routine,2024-04-12 11:35,2024-04-12 11:45,2024-04-12 17:16
LAB707656,ENC103314,PT12430,GLU,Glucose,126,mg/dL,70,99,H,STAT,2024-04-12 12:34,2024-04-12 12:50,2024-04-12 13:40
LAB707657,ENC103314,PT12430,CREAT,Creatinine,1.07,mg/dL,0.6,1.3,N,STAT,2024-04-12 11:55,2024-04-12 12:24,2024-04-12 12:57
LAB707658,ENC103314,PT12430,WBC,White Blood Cell Count,8.9,K/uL,4.5,11,N,STAT,2024-04-12 12:33,2024-04-12 13:01,2024-04-12 13:44
LAB707659,ENC103314,PT12430,HGB,Hemoglobin,12.9,g/dL,12,17.5,N,STAT,2024-04-12 12:18,2024-04-12 12:51,2024-04-12 14:18
LAB707660,ENC103317,PT11905,GLU,Glucose,106,mg/dL,70,99,H,STAT,2024-04-12 15:51,2024-04-12 16:26,2024-04-12 17:29
LAB707661,ENC103317,PT11905,CREAT,Creatinine,0.69,mg/dL,0.6,1.3,N,STAT,2024-04-12 16:38,2024-04-12 16:58,2024-04-12 17:45
LAB707662,ENC103317,PT11905,WBC,White Blood Cell Count,10.7,K/uL,4.5,11,N,Routine,2024-04-12 16:19,2024-04-12 16:34,2024-04-12 23:08
LAB707663,ENC103317,PT11905,HGB,Hemoglobin,15,g/dL,12,17.5,N,STAT,2024-04-12 15:56,2024-04-12 16:20,2024-04-12 17:59
LAB707664,ENC103317,PT11905,BUN,Blood Urea Nitrogen,14,mg/dL,7,20,N,STAT,2024-04-12 16:07,2024-04-12 16:25,2024-04-12 16:42
LAB707665,ENC103317,PT11905,PLT,Platelet Count,236,K/uL,150,400,N,Routine,2024-04-12 15:52,2024-04-12 15:59,2024-04-12 20:14
LAB707666,ENC103318,PT12753,GLU,Glucose,83,mg/dL,70,99,N,STAT,2024-04-12 13:21,2024-04-12 13:49,2024-04-12 14:42
LAB707667,ENC103318,PT12753,CREAT,Creatinine,0.38,mg/dL,0.6,1.3,L,STAT,2024-04-12 12:35,2024-04-12 12:57,2024-04-12 13:53
LAB707668,ENC103318,PT12753,WBC,White Blood Cell Count,7.1,K/uL,4.5,11,N,Routine,2024-04-12 13:34,2024-04-12 13:39,2024-04-12 22:04
LAB707669,ENC103321,PT12455,GLU,Glucose,123,mg/dL,70,99,H,STAT,2024-04-12 16:41,2024-04-12 16:53,2024-04-12 17:35
LAB707670,ENC103321,PT12455,CREAT,Creatinine,0.85,mg/dL,0.6,1.3,N,STAT,2024-04-12 16:37,2024-04-12 16:51,2024-04-12 17:34
LAB707671,ENC103321,PT12455,WBC,White Blood Cell Count,8.7,K/uL,4.5,11,N,STAT,2024-04-12 16:53,2024-04-12 17:22,2024-04-12 18:05
LAB707672,ENC103321,PT12455,HGB,Hemoglobin,10.3,g/dL,12,17.5,L,Routine,2024-04-12 17:11,2024-04-12 17:17,2024-04-12 19:05
LAB707673,ENC103321,PT12455,TROP,"Troponin I, High Sensitivity",36,ng/L,0,34,H,STAT,2024-04-12 16:22,2024-04-12 16:41,2024-04-12 17:37
LAB707674,ENC103321,PT12455,BNP,B-Type Natriuretic Peptide,1030,pg/mL,0,100,H,STAT,2024-04-12 16:48,2024-04-12 17:02,2024-04-12 17:45
LAB707675,ENC103323,PT11643,A1C,Hemoglobin A1c,11.2,%,4,5.6,H,Routine,2024-04-12 14:52,2024-04-12 14:58,2024-04-13 02:39
LAB707676,ENC103323,PT11643,GLU,Glucose,161,mg/dL,70,99,H,Routine,2024-04-12 14:48,2024-04-12 14:53,2024-04-12 16:01
LAB707677,ENC103323,PT11643,CREAT,Creatinine,1,mg/dL,0.6,1.3,N,Routine,2024-04-12 14:54,2024-04-12 14:59,2024-04-12 19:59
LAB707678,ENC103324,PT11779,GLU,Glucose,144,mg/dL,70,99,H,Routine,2024-04-12 15:04,2024-04-12 15:29,2024-04-12 17:01
LAB707679,ENC103324,PT11779,CREAT,Creatinine,0.37,mg/dL,0.6,1.3,L,Routine,2024-04-12 15:12,2024-04-12 15:20,2024-04-12 20:17
LAB707680,ENC103324,PT11779,WBC,White Blood Cell Count,12.4,K/uL,4.5,11,H,STAT,2024-04-12 15:00,2024-04-12 15:14,2024-04-12 16:39
LAB707681,ENC103324,PT11779,HGB,Hemoglobin,14.9,g/dL,12,17.5,N,STAT,2024-04-12 15:47,2024-04-12 16:06,2024-04-12 16:51
LAB707682,ENC103325,PT12780,GLU,Glucose,118,mg/dL,70,99,H,Routine,2024-04-12 18:27,2024-04-12 18:41,2024-04-12 20:59
LAB707683,ENC103325,PT12780,CREAT,Creatinine,1.18,mg/dL,0.6,1.3,N,STAT,2024-04-12 18:49,2024-04-12 19:06,2024-04-12 19:44
LAB707684,ENC103325,PT12780,WBC,White Blood Cell Count,4.9,K/uL,4.5,11,N,STAT,2024-04-12 18:58,2024-04-12 19:24,2024-04-12 19:57
LAB707685,ENC103325,PT12780,HGB,Hemoglobin,13.1,g/dL,12,17.5,N,STAT,2024-04-12 19:07,2024-04-12 19:40,2024-04-12 20:31
LAB707686,ENC103325,PT12780,INR,Prothrombin Time INR,1.1,ratio,0.8,1.2,N,Routine,2024-04-12 19:02,2024-04-12 19:15,2024-04-12 22:55
LAB707687,ENC103326,PT12160,GLU,Glucose,211,mg/dL,70,99,H,STAT,2024-04-12 15:28,2024-04-12 15:54,2024-04-12 16:28
LAB707688,ENC103326,PT12160,CREAT,Creatinine,1.27,mg/dL,0.6,1.3,N,STAT,2024-04-12 15:50,2024-04-12 16:08,2024-04-12 17:23
LAB707689,ENC103326,PT12160,TROP,"Troponin I, High Sensitivity",6,ng/L,0,34,N,STAT,2024-04-12 14:50,2024-04-12 14:58,2024-04-12 15:35
LAB707690,ENC103327,PT12885,GLU,Glucose,137,mg/dL,70,99,H,STAT,2024-04-12 18:21,2024-04-12 18:26,2024-04-12 18:52
LAB707691,ENC103327,PT12885,CREAT,Creatinine,1.01,mg/dL,0.6,1.3,N,Routine,2024-04-12 18:55,2024-04-12 19:21,2024-04-12 22:27
LAB707692,ENC103327,PT12885,WBC,White Blood Cell Count,7,K/uL,4.5,11,N,Routine,2024-04-12 18:56,2024-04-12 19:04,2024-04-12 21:27
LAB707693,ENC103327,PT12885,HGB,Hemoglobin,13.6,g/dL,12,17.5,N,STAT,2024-04-12 18:38,2024-04-12 18:56,2024-04-12 19:45
LAB707694,ENC103329,PT10858,GLU,Glucose,101,mg/dL,70,99,H,STAT,2024-04-12 19:14,2024-04-12 19:23,2024-04-12 20:37
LAB707695,ENC103329,PT10858,CREAT,Creatinine,1.08,mg/dL,0.6,1.3,N,Routine,2024-04-12 19:34,2024-04-12 20:05,2024-04-13 01:33
LAB707696,ENC103329,PT10858,WBC,White Blood Cell Count,10.1,K/uL,4.5,11,N,Routine,2024-04-12 18:48,2024-04-12 19:12,2024-04-12 20:20
LAB707697,ENC103330,PT11576,GLU,Glucose,114,mg/dL,70,99,H,STAT,2024-04-12 19:53,2024-04-12 20:23,2024-04-12 21:01
LAB707698,ENC103330,PT11576,CREAT,Creatinine,0.87,mg/dL,0.6,1.3,N,Routine,2024-04-12 19:48,2024-04-12 20:14,2024-04-13 01:58
LAB707699,ENC103333,PT11102,GLU,Glucose,90,mg/dL,70,99,N,STAT,2024-04-12 21:51,2024-04-12 22:11,2024-04-12 22:45
LAB707700,ENC103333,PT11102,CREAT,Creatinine,1.18,mg/dL,0.6,1.3,N,Routine,2024-04-12 21:59,2024-04-12 22:07,2024-04-13 00:46
LAB707701,ENC103334,PT12085,GLU,Glucose,330,mg/dL,70,99,H,STAT,2024-04-13 11:34,2024-04-13 12:02,2024-04-13 12:52
LAB707702,ENC103334,PT12085,CREAT,Creatinine,0.89,mg/dL,0.6,1.3,N,STAT,2024-04-13 10:45,2024-04-13 10:59,2024-04-13 11:37
LAB707703,ENC103334,PT12085,WBC,White Blood Cell Count,10.1,K/uL,4.5,11,N,STAT,2024-04-13 10:54,2024-04-13 11:21,2024-04-13 13:06
LAB707704,ENC103334,PT12085,HGB,Hemoglobin,9.9,g/dL,12,17.5,L,Routine,2024-04-13 11:21,2024-04-13 11:49,2024-04-13 14:30
LAB707705,ENC103334,PT12085,NA,Sodium,138,mmol/L,136,145,N,STAT,2024-04-13 10:51,2024-04-13 11:01,2024-04-13 12:26
LAB707706,ENC103334,PT12085,K,Potassium,3.6,mmol/L,3.5,5.1,N,STAT,2024-04-13 11:11,2024-04-13 11:24,2024-04-13 12:32
LAB707707,ENC103334,PT12085,BUN,Blood Urea Nitrogen,6,mg/dL,7,20,L,Routine,2024-04-13 11:19,2024-04-13 11:31,2024-04-13 13:39
LAB707708,ENC103334,PT12085,PLT,Platelet Count,236,K/uL,150,400,N,STAT,2024-04-13 10:27,2024-04-13 10:45,2024-04-13 11:20
LAB707709,ENC103334,PT12085,A1C,Hemoglobin A1c,11.2,%,4,5.6,H,STAT,2024-04-13 11:17,2024-04-13 11:31,2024-04-13 12:29
LAB707710,ENC103336,PT10705,GLU,Glucose,111,mg/dL,70,99,H,STAT,2024-04-13 14:17,2024-04-13 14:26,2024-04-13 15:39
LAB707711,ENC103336,PT10705,CREAT,Creatinine,1.01,mg/dL,0.6,1.3,N,Routine,2024-04-13 13:29,2024-04-13 14:02,2024-04-13 15:27
LAB707712,ENC103336,PT10705,WBC,White Blood Cell Count,14.1,K/uL,4.5,11,H,Routine,2024-04-13 13:17,2024-04-13 13:49,2024-04-13 16:28
LAB707713,ENC103336,PT10705,HGB,Hemoglobin,13.7,g/dL,12,17.5,N,STAT,2024-04-13 14:12,2024-04-13 14:35,2024-04-13 15:49
LAB707714,ENC103336,PT10705,BUN,Blood Urea Nitrogen,10,mg/dL,7,20,N,STAT,2024-04-13 13:30,2024-04-13 13:55,2024-04-13 14:44
LAB707715,ENC103336,PT10705,PLT,Platelet Count,133,K/uL,150,400,L,Routine,2024-04-13 13:53,2024-04-13 14:21,2024-04-13 17:32
LAB707716,ENC103340,PT10880,GLU,Glucose,123,mg/dL,70,99,H,STAT,2024-04-13 13:35,2024-04-13 13:46,2024-04-13 14:38
LAB707717,ENC103340,PT10880,CREAT,Creatinine,0.7,mg/dL,0.6,1.3,N,Routine,2024-04-13 13:31,2024-04-13 13:50,2024-04-13 16:39
LAB707718,ENC103343,PT10440,GLU,Glucose,79,mg/dL,70,99,N,Routine,2024-04-13 16:04,2024-04-13 16:31,2024-04-13 17:42
LAB707719,ENC103343,PT10440,CREAT,Creatinine,1.25,mg/dL,0.6,1.3,N,Routine,2024-04-13 16:42,2024-04-13 17:17,2024-04-13 18:57
LAB707720,ENC103343,PT10440,WBC,White Blood Cell Count,6.5,K/uL,4.5,11,N,STAT,2024-04-13 16:17,2024-04-13 16:49,2024-04-13 17:34
LAB707721,ENC103343,PT10440,HGB,Hemoglobin,12.4,g/dL,12,17.5,N,Routine,2024-04-13 16:20,2024-04-13 16:32,2024-04-13 19:53
LAB707722,ENC103343,PT10440,TROP,"Troponin I, High Sensitivity",4,ng/L,0,34,N,STAT,2024-04-13 16:01,2024-04-13 16:35,2024-04-13 17:29
LAB707723,ENC103343,PT10440,BNP,B-Type Natriuretic Peptide,1169,pg/mL,0,100,H,Routine,2024-04-13 16:23,2024-04-13 16:44,2024-04-13 21:29
LAB707724,ENC103344,PT13506,GLU,Glucose,109,mg/dL,70,99,H,STAT,2024-04-13 20:23,2024-04-13 20:39,2024-04-13 21:44
LAB707725,ENC103344,PT13506,CREAT,Creatinine,0.74,mg/dL,0.6,1.3,N,Routine,2024-04-13 20:44,2024-04-13 21:13,2024-04-13 23:49
LAB707726,ENC103344,PT13506,WBC,White Blood Cell Count,8.3,K/uL,4.5,11,N,Routine,2024-04-13 20:17,2024-04-13 20:39,2024-04-13 23:16
LAB707727,ENC103344,PT13506,HGB,Hemoglobin,16,g/dL,12,17.5,N,Routine,2024-04-13 20:27,2024-04-13 20:42,2024-04-14 00:26
LAB707728,ENC103347,PT11572,GLU,Glucose,96,mg/dL,70,99,N,STAT,2024-04-13 23:00,2024-04-13 23:31,2024-04-14 00:04
LAB707729,ENC103347,PT11572,CREAT,Creatinine,1.06,mg/dL,0.6,1.3,N,STAT,2024-04-13 22:04,2024-04-13 22:20,2024-04-13 23:09
LAB707730,ENC103347,PT11572,WBC,White Blood Cell Count,6.3,K/uL,4.5,11,N,STAT,2024-04-13 22:33,2024-04-13 22:38,2024-04-13 23:21
LAB707731,ENC103347,PT11572,HGB,Hemoglobin,12.9,g/dL,12,17.5,N,STAT,2024-04-13 22:39,2024-04-13 22:54,2024-04-13 23:45
LAB707732,ENC103347,PT11572,NA,Sodium,144,mmol/L,136,145,N,Routine,2024-04-13 22:23,2024-04-13 22:30,2024-04-13 23:34
LAB707733,ENC103347,PT11572,K,Potassium,4.2,mmol/L,3.5,5.1,N,STAT,2024-04-13 23:06,2024-04-13 23:19,2024-04-13 23:55
LAB707734,ENC103349,PT10314,GLU,Glucose,94,mg/dL,70,99,N,Routine,2024-04-14 04:36,2024-04-14 05:03,2024-04-14 07:50
LAB707735,ENC103349,PT10314,CREAT,Creatinine,1.09,mg/dL,0.6,1.3,N,Routine,2024-04-14 04:41,2024-04-14 04:51,2024-04-14 06:21
LAB707736,ENC103349,PT10314,WBC,White Blood Cell Count,6.4,K/uL,4.5,11,N,Routine,2024-04-14 04:47,2024-04-14 05:17,2024-04-14 07:45
LAB707737,ENC103349,PT10314,HGB,Hemoglobin,14.6,g/dL,12,17.5,N,Routine,2024-04-14 05:10,2024-04-14 05:24,2024-04-14 12:31
LAB707738,ENC103349,PT10314,NA,Sodium,137,mmol/L,136,145,N,STAT,2024-04-14 04:59,2024-04-14 05:21,2024-04-14 05:46
LAB707739,ENC103349,PT10314,K,Potassium,4.4,mmol/L,3.5,5.1,N,STAT,2024-04-14 05:30,2024-04-14 05:47,2024-04-14 06:25
LAB707740,ENC103349,PT10314,INR,Prothrombin Time INR,1,ratio,0.8,1.2,N,STAT,2024-04-14 05:38,2024-04-14 05:58,2024-04-14 06:27
LAB707741,ENC103350,PT11117,GLU,Glucose,101,mg/dL,70,99,H,Routine,2024-04-14 13:50,2024-04-14 14:12,2024-04-14 16:54
LAB707742,ENC103350,PT11117,CREAT,Creatinine,1.25,mg/dL,0.6,1.3,N,Routine,2024-04-14 13:33,2024-04-14 14:03,2024-04-14 15:35
LAB707743,ENC103350,PT11117,WBC,White Blood Cell Count,11.4,K/uL,4.5,11,H,STAT,2024-04-14 13:30,2024-04-14 13:35,2024-04-14 14:04
LAB707744,ENC103350,PT11117,HGB,Hemoglobin,13.3,g/dL,12,17.5,N,STAT,2024-04-14 13:18,2024-04-14 13:26,2024-04-14 14:17
LAB707745,ENC103351,PT11508,GLU,Glucose,88,mg/dL,70,99,N,STAT,2024-04-14 15:08,2024-04-14 15:22,2024-04-14 16:33
LAB707746,ENC103351,PT11508,CREAT,Creatinine,0.61,mg/dL,0.6,1.3,N,Routine,2024-04-14 15:03,2024-04-14 15:26,2024-04-14 19:25
LAB707747,ENC103351,PT11508,WBC,White Blood Cell Count,9.4,K/uL,4.5,11,N,Routine,2024-04-14 14:58,2024-04-14 15:03,2024-04-14 19:08
LAB707748,ENC103351,PT11508,HGB,Hemoglobin,14.4,g/dL,12,17.5,N,STAT,2024-04-14 14:49,2024-04-14 15:19,2024-04-14 16:31
LAB707749,ENC103351,PT11508,NA,Sodium,140,mmol/L,136,145,N,STAT,2024-04-14 15:27,2024-04-14 15:59,2024-04-14 16:50
LAB707750,ENC103351,PT11508,K,Potassium,4.3,mmol/L,3.5,5.1,N,STAT,2024-04-14 15:13,2024-04-14 15:44,2024-04-14 16:19
LAB707751,ENC103353,PT12867,GLU,Glucose,195,mg/dL,70,99,H,STAT,2024-04-14 15:29,2024-04-14 16:00,2024-04-14 17:26
LAB707752,ENC103353,PT12867,CREAT,Creatinine,2.22,mg/dL,0.6,1.3,H,Routine,2024-04-14 15:22,2024-04-14 15:38,2024-04-14 20:38
LAB707753,ENC103353,PT12867,WBC,White Blood Cell Count,18.6,K/uL,4.5,11,H,Routine,2024-04-14 15:16,2024-04-14 15:31,2024-04-14 16:46
LAB707754,ENC103353,PT12867,HGB,Hemoglobin,12.9,g/dL,12,17.5,N,STAT,2024-04-14 15:01,2024-04-14 15:24,2024-04-14 15:51
LAB707755,ENC103353,PT12867,LACT,Lactate,2.3,mmol/L,0.5,2,H,STAT,2024-04-14 15:36,2024-04-14 15:57,2024-04-14 16:50
LAB707756,ENC103354,PT13286,GLU,Glucose,127,mg/dL,70,99,H,STAT,2024-04-14 13:38,2024-04-14 14:07,2024-04-14 15:07
LAB707757,ENC103354,PT13286,CREAT,Creatinine,1.05,mg/dL,0.6,1.3,N,STAT,2024-04-14 14:11,2024-04-14 14:37,2024-04-14 14:58
LAB707758,ENC103354,PT13286,WBC,White Blood Cell Count,10.7,K/uL,4.5,11,N,STAT,2024-04-14 13:21,2024-04-14 13:33,2024-04-14 14:00
LAB707759,ENC103354,PT13286,HGB,Hemoglobin,13.3,g/dL,12,17.5,N,STAT,2024-04-14 13:36,2024-04-14 13:52,2024-04-14 14:45
LAB707760,ENC103357,PT10707,GLU,Glucose,107,mg/dL,70,99,H,STAT,2024-04-14 16:54,2024-04-14 17:12,2024-04-14 17:36
LAB707761,ENC103357,PT10707,CREAT,Creatinine,0.97,mg/dL,0.6,1.3,N,STAT,2024-04-14 16:24,2024-04-14 16:50,2024-04-14 17:30
LAB707762,ENC103357,PT10707,WBC,White Blood Cell Count,23.8,K/uL,4.5,11,H,STAT,2024-04-14 16:41,2024-04-14 17:00,2024-04-14 17:43
LAB707763,ENC103357,PT10707,HGB,Hemoglobin,15.3,g/dL,12,17.5,N,STAT,2024-04-14 16:28,2024-04-14 16:37,2024-04-14 17:19
LAB707764,ENC103358,PT10126,GLU,Glucose,127,mg/dL,70,99,H,STAT,2024-04-14 13:53,2024-04-14 14:12,2024-04-14 15:02
LAB707765,ENC103358,PT10126,CREAT,Creatinine,0.84,mg/dL,0.6,1.3,N,STAT,2024-04-14 13:45,2024-04-14 14:01,2024-04-14 15:57
LAB707766,ENC103358,PT10126,WBC,White Blood Cell Count,5,K/uL,4.5,11,N,Routine,2024-04-14 14:53,2024-04-14 15:11,2024-04-14 17:10
LAB707767,ENC103358,PT10126,HGB,Hemoglobin,11.6,g/dL,12,17.5,L,Routine,2024-04-14 14:30,2024-04-14 14:38,2024-04-14 17:35
LAB707768,ENC103359,PT11127,GLU,Glucose,116,mg/dL,70,99,H,Routine,2024-04-14 15:35,2024-04-14 15:57,2024-04-14 21:50
LAB707769,ENC103359,PT11127,CREAT,Creatinine,0.62,mg/dL,0.6,1.3,N,STAT,2024-04-14 15:36,2024-04-14 15:43,2024-04-14 17:15
LAB707770,ENC103360,PT11560,GLU,Glucose,220,mg/dL,70,99,H,Routine,2024-04-14 20:00,2024-04-14 20:17,2024-04-14 23:54
LAB707771,ENC103360,PT11560,CREAT,Creatinine,0.71,mg/dL,0.6,1.3,N,Routine,2024-04-14 20:04,2024-04-14 20:16,2024-04-15 01:09
LAB707772,ENC103360,PT11560,WBC,White Blood Cell Count,12.9,K/uL,4.5,11,H,STAT,2024-04-14 20:13,2024-04-14 20:20,2024-04-14 20:53
LAB707773,ENC103360,PT11560,HGB,Hemoglobin,15.1,g/dL,12,17.5,N,Routine,2024-04-14 20:14,2024-04-14 20:37,2024-04-14 21:27
LAB707774,ENC103360,PT11560,BUN,Blood Urea Nitrogen,5,mg/dL,7,20,L,STAT,2024-04-14 20:43,2024-04-14 20:56,2024-04-14 21:32
LAB707775,ENC103360,PT11560,PLT,Platelet Count,178,K/uL,150,400,N,STAT,2024-04-14 20:35,2024-04-14 20:42,2024-04-14 21:16
LAB707776,ENC103361,PT10932,GLU,Glucose,78,mg/dL,70,99,N,Routine,2024-04-14 16:58,2024-04-14 17:04,2024-04-14 19:32
LAB707777,ENC103361,PT10932,CREAT,Creatinine,0.98,mg/dL,0.6,1.3,N,STAT,2024-04-14 16:15,2024-04-14 16:43,2024-04-14 17:13
LAB707778,ENC103361,PT10932,WBC,White Blood Cell Count,7.3,K/uL,4.5,11,N,STAT,2024-04-14 17:07,2024-04-14 17:34,2024-04-14 18:26
LAB707779,ENC103362,PT13157,GLU,Glucose,80,mg/dL,70,99,N,STAT,2024-04-14 19:37,2024-04-14 20:08,2024-04-14 20:59
LAB707780,ENC103362,PT13157,CREAT,Creatinine,0.47,mg/dL,0.6,1.3,L,STAT,2024-04-14 19:58,2024-04-14 20:06,2024-04-14 20:41
LAB707781,ENC103362,PT13157,WBC,White Blood Cell Count,7.5,K/uL,4.5,11,N,STAT,2024-04-14 19:44,2024-04-14 20:05,2024-04-14 20:29
LAB707782,ENC103362,PT13157,HGB,Hemoglobin,16,g/dL,12,17.5,N,STAT,2024-04-14 20:28,2024-04-14 20:56,2024-04-14 21:25
LAB707783,ENC103362,PT13157,NA,Sodium,143,mmol/L,136,145,N,STAT,2024-04-14 19:41,2024-04-14 19:57,2024-04-14 20:43
LAB707784,ENC103362,PT13157,K,Potassium,4.4,mmol/L,3.5,5.1,N,STAT,2024-04-14 20:19,2024-04-14 20:51,2024-04-14 21:46
LAB707785,ENC103363,PT11406,GLU,Glucose,183,mg/dL,70,99,H,STAT,2024-04-14 20:46,2024-04-14 20:52,2024-04-14 21:21
LAB707786,ENC103363,PT11406,CREAT,Creatinine,1.07,mg/dL,0.6,1.3,N,STAT,2024-04-14 21:08,2024-04-14 21:28,2024-04-14 21:47
LAB707787,ENC103363,PT11406,WBC,White Blood Cell Count,5.6,K/uL,4.5,11,N,STAT,2024-04-14 21:04,2024-04-14 21:13,2024-04-14 22:05
LAB707788,ENC103363,PT11406,HGB,Hemoglobin,14.7,g/dL,12,17.5,N,STAT,2024-04-14 20:37,2024-04-14 20:41,2024-04-14 22:02
LAB707789,ENC103364,PT13877,GLU,Glucose,246,mg/dL,70,99,H,STAT,2024-04-14 19:02,2024-04-14 19:26,2024-04-14 20:30
LAB707790,ENC103364,PT13877,CREAT,Creatinine,0.71,mg/dL,0.6,1.3,N,STAT,2024-04-14 18:53,2024-04-14 18:57,2024-04-14 19:39
LAB707791,ENC103364,PT13877,WBC,White Blood Cell Count,7.2,K/uL,4.5,11,N,STAT,2024-04-14 18:50,2024-04-14 19:15,2024-04-14 19:31
LAB707792,ENC103364,PT13877,HGB,Hemoglobin,14,g/dL,12,17.5,N,Routine,2024-04-14 18:28,2024-04-14 18:43,2024-04-14 21:48
LAB707793,ENC103364,PT13877,BUN,Blood Urea Nitrogen,10,mg/dL,7,20,N,Routine,2024-04-14 18:28,2024-04-14 18:39,2024-04-14 21:24
LAB707794,ENC103364,PT13877,PLT,Platelet Count,299,K/uL,150,400,N,STAT,2024-04-14 18:17,2024-04-14 18:50,2024-04-14 19:19
LAB707795,ENC103365,PT11277,GLU,Glucose,99,mg/dL,70,99,N,STAT,2024-04-14 21:36,2024-04-14 21:57,2024-04-14 22:33
LAB707796,ENC103365,PT11277,CREAT,Creatinine,1.26,mg/dL,0.6,1.3,N,STAT,2024-04-14 21:54,2024-04-14 22:28,2024-04-14 22:49
LAB707797,ENC103365,PT11277,WBC,White Blood Cell Count,6.1,K/uL,4.5,11,N,Routine,2024-04-14 21:21,2024-04-14 21:44,2024-04-14 23:47
LAB707798,ENC103365,PT11277,HGB,Hemoglobin,13.6,g/dL,12,17.5,N,STAT,2024-04-14 22:26,2024-04-14 22:41,2024-04-14 23:17
LAB707799,ENC103365,PT11277,NA,Sodium,137,mmol/L,136,145,N,Routine,2024-04-14 21:27,2024-04-14 21:40,2024-04-15 00:24
LAB707800,ENC103365,PT11277,K,Potassium,3.6,mmol/L,3.5,5.1,N,STAT,2024-04-14 21:46,2024-04-14 22:17,2024-04-14 22:49
LAB707801,ENC103365,PT11277,INR,Prothrombin Time INR,1,ratio,0.8,1.2,N,STAT,2024-04-14 22:11,2024-04-14 22:45,2024-04-14 23:26
LAB707802,ENC103367,PT13714,GLU,Glucose,121,mg/dL,70,99,H,Routine,2024-04-15 04:40,2024-04-15 05:05,2024-04-15 07:00
LAB707803,ENC103367,PT13714,CREAT,Creatinine,1.09,mg/dL,0.6,1.3,N,STAT,2024-04-15 03:57,2024-04-15 04:09,2024-04-15 04:55
LAB707804,ENC103367,PT13714,WBC,White Blood Cell Count,6.9,K/uL,4.5,11,N,Routine,2024-04-15 04:49,2024-04-15 05:10,2024-04-15 08:51
LAB707805,ENC103367,PT13714,HGB,Hemoglobin,11.9,g/dL,12,17.5,L,Routine,2024-04-15 04:34,2024-04-15 05:08,2024-04-15 07:30
LAB707806,ENC103367,PT13714,NA,Sodium,139,mmol/L,136,145,N,STAT,2024-04-15 04:35,2024-04-15 05:07,2024-04-15 05:34
LAB707807,ENC103367,PT13714,K,Potassium,4.1,mmol/L,3.5,5.1,N,STAT,2024-04-15 04:42,2024-04-15 05:07,2024-04-15 06:09
LAB707808,ENC103367,PT13714,LACT,Lactate,1.1,mmol/L,0.5,2,N,STAT,2024-04-15 03:51,2024-04-15 04:25,2024-04-15 04:54
LAB707809,ENC103368,PT11614,GLU,Glucose,199,mg/dL,70,99,H,STAT,2024-04-15 04:35,2024-04-15 04:53,2024-04-15 06:15
LAB707810,ENC103368,PT11614,CREAT,Creatinine,0.92,mg/dL,0.6,1.3,N,STAT,2024-04-15 04:46,2024-04-15 04:56,2024-04-15 05:26
LAB707811,ENC103368,PT11614,WBC,White Blood Cell Count,6.2,K/uL,4.5,11,N,STAT,2024-04-15 05:24,2024-04-15 05:48,2024-04-15 06:59
LAB707812,ENC103368,PT11614,HGB,Hemoglobin,13,g/dL,12,17.5,N,Routine,2024-04-15 04:30,2024-04-15 04:34,2024-04-15 11:10
LAB707813,ENC103371,PT10699,GLU,Glucose,220,mg/dL,70,99,H,STAT,2024-04-15 13:26,2024-04-15 13:42,2024-04-15 14:21
LAB707814,ENC103371,PT10699,CREAT,Creatinine,2.03,mg/dL,0.6,1.3,H,STAT,2024-04-15 13:43,2024-04-15 14:15,2024-04-15 14:41
LAB707815,ENC103371,PT10699,WBC,White Blood Cell Count,7.4,K/uL,4.5,11,N,STAT,2024-04-15 14:13,2024-04-15 14:44,2024-04-15 15:15
LAB707816,ENC103371,PT10699,HGB,Hemoglobin,10.8,g/dL,12,17.5,L,Routine,2024-04-15 13:51,2024-04-15 14:16,2024-04-15 17:43
LAB707817,ENC103371,PT10699,TROP,"Troponin I, High Sensitivity",70,ng/L,0,34,H,STAT,2024-04-15 14:33,2024-04-15 15:03,2024-04-15 15:37
LAB707818,ENC103371,PT10699,BNP,B-Type Natriuretic Peptide,1000,pg/mL,0,100,H,STAT,2024-04-15 13:53,2024-04-15 14:28,2024-04-15 15:45
LAB707819,ENC103373,PT11705,TROP,"Troponin I, High Sensitivity",11,ng/L,0,34,N,STAT,2024-04-15 11:44,2024-04-15 12:09,2024-04-15 12:52
LAB707820,ENC103375,PT12597,LDL,LDL Cholesterol,101,mg/dL,0,99,H,Routine,2024-04-15 11:43,2024-04-15 12:12,2024-04-15 22:07
LAB707821,ENC103375,PT12597,A1C,Hemoglobin A1c,5.3,%,4,5.6,N,Routine,2024-04-15 11:55,2024-04-15 12:30,2024-04-15 20:04
LAB707822,ENC103378,PT12462,A1C,Hemoglobin A1c,9.1,%,4,5.6,H,Routine,2024-04-15 13:33,2024-04-15 13:53,2024-04-16 08:35
LAB707823,ENC103378,PT12462,GLU,Glucose,301,mg/dL,70,99,H,Routine,2024-04-15 13:30,2024-04-15 13:57,2024-04-15 18:47
LAB707824,ENC103378,PT12462,CREAT,Creatinine,1.28,mg/dL,0.6,1.3,N,Routine,2024-04-15 13:23,2024-04-15 13:36,2024-04-15 16:09
LAB707825,ENC103379,PT11395,WBC,White Blood Cell Count,7.4,K/uL,4.5,11,N,Routine,2024-04-15 13:39,2024-04-15 13:50,2024-04-15 15:08
LAB707826,ENC103379,PT11395,HGB,Hemoglobin,14.9,g/dL,12,17.5,N,Routine,2024-04-15 13:27,2024-04-15 13:50,2024-04-15 18:46
LAB707827,ENC103379,PT11395,PLT,Platelet Count,344,K/uL,150,400,N,Routine,2024-04-15 13:26,2024-04-15 13:31,2024-04-15 17:02
LAB707828,ENC103380,PT12040,GLU,Glucose,101,mg/dL,70,99,H,STAT,2024-04-15 14:18,2024-04-15 14:35,2024-04-15 15:11
LAB707829,ENC103380,PT12040,CREAT,Creatinine,1.05,mg/dL,0.6,1.3,N,Routine,2024-04-15 13:49,2024-04-15 14:11,2024-04-15 16:09
LAB707830,ENC103380,PT12040,WBC,White Blood Cell Count,11.7,K/uL,4.5,11,H,STAT,2024-04-15 14:04,2024-04-15 14:21,2024-04-15 15:24
LAB707831,ENC103382,PT11104,GLU,Glucose,109,mg/dL,70,99,H,Routine,2024-04-15 14:09,2024-04-15 14:44,2024-04-15 18:37
LAB707832,ENC103382,PT11104,CREAT,Creatinine,0.86,mg/dL,0.6,1.3,N,Routine,2024-04-15 14:53,2024-04-15 15:19,2024-04-15 22:27
LAB707833,ENC103383,PT13630,LDL,LDL Cholesterol,121,mg/dL,0,99,H,Routine,2024-04-15 15:01,2024-04-15 15:23,2024-04-15 21:07
LAB707834,ENC103386,PT13722,A1C,Hemoglobin A1c,7.6,%,4,5.6,H,Routine,2024-04-15 16:57,2024-04-15 17:14,2024-04-16 03:28
LAB707835,ENC103387,PT12814,GLU,Glucose,110,mg/dL,70,99,H,STAT,2024-04-15 18:15,2024-04-15 18:24,2024-04-15 19:34
LAB707836,ENC103387,PT12814,CREAT,Creatinine,1.28,mg/dL,0.6,1.3,N,STAT,2024-04-15 18:51,2024-04-15 19:07,2024-04-15 19:34
LAB707837,ENC103387,PT12814,WBC,White Blood Cell Count,9.7,K/uL,4.5,11,N,Routine,2024-04-15 17:50,2024-04-15 17:58,2024-04-15 21:44
LAB707838,ENC103387,PT12814,HGB,Hemoglobin,15.4,g/dL,12,17.5,N,STAT,2024-04-15 18:13,2024-04-15 18:21,2024-04-15 19:29
LAB707839,ENC103387,PT12814,TROP,"Troponin I, High Sensitivity",8,ng/L,0,34,N,STAT,2024-04-15 18:30,2024-04-15 18:47,2024-04-15 20:27
LAB707840,ENC103387,PT12814,BNP,B-Type Natriuretic Peptide,558,pg/mL,0,100,H,STAT,2024-04-15 18:52,2024-04-15 18:59,2024-04-15 20:03
LAB707841,ENC103389,PT12311,GLU,Glucose,96,mg/dL,70,99,N,STAT,2024-04-15 19:58,2024-04-15 20:20,2024-04-15 20:49
LAB707842,ENC103389,PT12311,CREAT,Creatinine,0.8,mg/dL,0.6,1.3,N,Routine,2024-04-15 19:53,2024-04-15 20:01,2024-04-16 07:48
LAB707843,ENC103389,PT12311,WBC,White Blood Cell Count,6.7,K/uL,4.5,11,N,STAT,2024-04-15 19:49,2024-04-15 20:23,2024-04-15 20:51
LAB707844,ENC103389,PT12311,HGB,Hemoglobin,14.7,g/dL,12,17.5,N,STAT,2024-04-15 20:05,2024-04-15 20:23,2024-04-15 21:08
LAB707845,ENC103389,PT12311,TROP,"Troponin I, High Sensitivity",9,ng/L,0,34,N,STAT,2024-04-15 19:26,2024-04-15 19:32,2024-04-15 20:01
LAB707846,ENC103390,PT12366,GLU,Glucose,111,mg/dL,70,99,H,STAT,2024-04-15 23:08,2024-04-15 23:23,2024-04-15 23:58
LAB707847,ENC103390,PT12366,CREAT,Creatinine,0.56,mg/dL,0.6,1.3,L,STAT,2024-04-15 22:37,2024-04-15 22:43,2024-04-15 23:37
LAB707848,ENC103390,PT12366,WBC,White Blood Cell Count,8,K/uL,4.5,11,N,Routine,2024-04-15 22:57,2024-04-15 23:15,2024-04-16 02:59
LAB707849,ENC103390,PT12366,HGB,Hemoglobin,14.6,g/dL,12,17.5,N,Routine,2024-04-15 22:49,2024-04-15 23:21,2024-04-16 01:17
LAB707850,ENC103390,PT12366,TROP,"Troponin I, High Sensitivity",1,ng/L,0,34,N,STAT,2024-04-15 23:38,2024-04-16 00:04,2024-04-16 01:40
LAB707851,ENC103393,PT11353,GLU,Glucose,90,mg/dL,70,99,N,STAT,2024-04-15 21:08,2024-04-15 21:32,2024-04-15 22:25
LAB707852,ENC103393,PT11353,CREAT,Creatinine,0.88,mg/dL,0.6,1.3,N,STAT,2024-04-15 21:07,2024-04-15 21:20,2024-04-15 22:02
LAB707853,ENC103395,PT12257,GLU,Glucose,97,mg/dL,70,99,N,STAT,2024-04-15 21:52,2024-04-15 22:26,2024-04-15 23:31
LAB707854,ENC103395,PT12257,CREAT,Creatinine,1.01,mg/dL,0.6,1.3,N,STAT,2024-04-15 22:12,2024-04-15 22:35,2024-04-15 23:37
LAB707855,ENC103395,PT12257,WBC,White Blood Cell Count,6.9,K/uL,4.5,11,N,STAT,2024-04-15 22:09,2024-04-15 22:31,2024-04-15 23:13
LAB707856,ENC103397,PT12928,GLU,Glucose,71,mg/dL,70,99,N,Routine,2024-04-16 06:49,2024-04-16 07:22,2024-04-16 09:39
LAB707857,ENC103397,PT12928,CREAT,Creatinine,1.13,mg/dL,0.6,1.3,N,STAT,2024-04-16 07:46,2024-04-16 08:03,2024-04-16 08:28
LAB707858,ENC103397,PT12928,WBC,White Blood Cell Count,6.7,K/uL,4.5,11,N,Routine,2024-04-16 07:33,2024-04-16 08:04,2024-04-16 11:24
LAB707859,ENC103397,PT12928,HGB,Hemoglobin,13.8,g/dL,12,17.5,N,Routine,2024-04-16 07:03,2024-04-16 07:19,2024-04-16 09:35
LAB707860,ENC103398,PT13341,GLU,Glucose,116,mg/dL,70,99,H,STAT,2024-04-16 10:47,2024-04-16 10:53,2024-04-16 11:27
LAB707861,ENC103398,PT13341,CREAT,Creatinine,0.86,mg/dL,0.6,1.3,N,Routine,2024-04-16 10:03,2024-04-16 10:23,2024-04-16 13:04
LAB707862,ENC103398,PT13341,WBC,White Blood Cell Count,1.1,K/uL,4.5,11,L,Routine,2024-04-16 10:36,2024-04-16 11:01,2024-04-16 12:10
LAB707863,ENC103398,PT13341,HGB,Hemoglobin,14.8,g/dL,12,17.5,N,Routine,2024-04-16 10:43,2024-04-16 10:53,2024-04-16 13:23
LAB707864,ENC103398,PT13341,BUN,Blood Urea Nitrogen,15,mg/dL,7,20,N,STAT,2024-04-16 10:13,2024-04-16 10:25,2024-04-16 11:32
LAB707865,ENC103398,PT13341,PLT,Platelet Count,26,K/uL,150,400,L,STAT,2024-04-16 11:11,2024-04-16 11:46,2024-04-16 12:28
LAB707866,ENC103400,PT13285,GLU,Glucose,255,mg/dL,70,99,H,Routine,2024-04-16 09:03,2024-04-16 09:24,2024-04-16 13:04
LAB707867,ENC103400,PT13285,CREAT,Creatinine,0.83,mg/dL,0.6,1.3,N,STAT,2024-04-16 09:29,2024-04-16 09:35,2024-04-16 09:58
LAB707868,ENC103400,PT13285,WBC,White Blood Cell Count,7.7,K/uL,4.5,11,N,STAT,2024-04-16 09:37,2024-04-16 10:09,2024-04-16 11:05
LAB707869,ENC103400,PT13285,HGB,Hemoglobin,15.3,g/dL,12,17.5,N,STAT,2024-04-16 09:15,2024-04-16 09:43,2024-04-16 10:19
LAB707870,ENC103400,PT13285,BUN,Blood Urea Nitrogen,17,mg/dL,7,20,N,Routine,2024-04-16 09:51,2024-04-16 10:16,2024-04-16 15:10
LAB707871,ENC103400,PT13285,PLT,Platelet Count,310,K/uL,150,400,N,Routine,2024-04-16 09:29,2024-04-16 09:48,2024-04-16 12:35
LAB707872,ENC103400,PT13285,TROP,"Troponin I, High Sensitivity",13,ng/L,0,34,N,STAT,2024-04-16 08:59,2024-04-16 09:26,2024-04-16 10:03
LAB707873,ENC103400,PT13285,BNP,B-Type Natriuretic Peptide,339,pg/mL,0,100,H,STAT,2024-04-16 08:57,2024-04-16 09:04,2024-04-16 09:41
LAB707874,ENC103401,PT13693,LDL,LDL Cholesterol,76,mg/dL,0,99,N,Routine,2024-04-16 09:16,2024-04-16 09:47,2024-04-16 22:45
LAB707875,ENC103401,PT13693,A1C,Hemoglobin A1c,11.3,%,4,5.6,H,Routine,2024-04-16 09:23,2024-04-16 09:48,2024-04-16 20:29
LAB707876,ENC103402,PT12184,GLU,Glucose,136,mg/dL,70,99,H,STAT,2024-04-16 13:20,2024-04-16 13:45,2024-04-16 14:22
LAB707877,ENC103402,PT12184,CREAT,Creatinine,0.88,mg/dL,0.6,1.3,N,Routine,2024-04-16 13:19,2024-04-16 13:45,2024-04-16 16:42
LAB707878,ENC103402,PT12184,WBC,White Blood Cell Count,6.9,K/uL,4.5,11,N,STAT,2024-04-16 14:14,2024-04-16 14:39,2024-04-16 15:43
LAB707879,ENC103402,PT12184,HGB,Hemoglobin,14.2,g/dL,12,17.5,N,Routine,2024-04-16 13:52,2024-04-16 14:11,2024-04-16 15:57
LAB707880,ENC103405,PT11738,GLU,Glucose,113,mg/dL,70,99,H,Routine,2024-04-16 14:52,2024-04-16 15:07,2024-04-16 18:38
LAB707881,ENC103405,PT11738,CREAT,Creatinine,0.8,mg/dL,0.6,1.3,N,STAT,2024-04-16 15:32,2024-04-16 15:54,2024-04-16 16:45
LAB707882,ENC103405,PT11738,WBC,White Blood Cell Count,8.6,K/uL,4.5,11,N,STAT,2024-04-16 15:26,2024-04-16 15:59,2024-04-16 17:04
LAB707883,ENC103405,PT11738,HGB,Hemoglobin,14.7,g/dL,12,17.5,N,STAT,2024-04-16 14:32,2024-04-16 15:02,2024-04-16 16:20
LAB707884,ENC103406,PT12108,LDL,LDL Cholesterol,162,mg/dL,0,99,H,Routine,2024-04-16 12:01,2024-04-16 12:06,2024-04-16 22:53
LAB707885,ENC103410,PT12329,GLU,Glucose,115,mg/dL,70,99,H,STAT,2024-04-16 16:54,2024-04-16 17:23,2024-04-16 17:54
LAB707886,ENC103410,PT12329,CREAT,Creatinine,0.7,mg/dL,0.6,1.3,N,STAT,2024-04-16 17:20,2024-04-16 17:26,2024-04-16 18:49
LAB707887,ENC103410,PT12329,WBC,White Blood Cell Count,5.9,K/uL,4.5,11,N,STAT,2024-04-16 17:28,2024-04-16 17:40,2024-04-16 18:28
LAB707888,ENC103410,PT12329,HGB,Hemoglobin,17.6,g/dL,12,17.5,H,STAT,2024-04-16 16:56,2024-04-16 17:15,2024-04-16 18:38
LAB707889,ENC103410,PT12329,LACT,Lactate,1.3,mmol/L,0.5,2,N,STAT,2024-04-16 16:54,2024-04-16 17:08,2024-04-16 18:08
LAB707890,ENC103414,PT11713,WBC,White Blood Cell Count,7.4,K/uL,4.5,11,N,Routine,2024-04-16 15:23,2024-04-16 15:30,2024-04-16 18:41
LAB707891,ENC103414,PT11713,HGB,Hemoglobin,12.7,g/dL,12,17.5,N,Routine,2024-04-16 15:20,2024-04-16 15:47,2024-04-16 20:09
LAB707892,ENC103414,PT11713,PLT,Platelet Count,253,K/uL,150,400,N,Routine,2024-04-16 15:28,2024-04-16 16:01,2024-04-16 22:48
LAB707893,ENC103415,PT10221,LDL,LDL Cholesterol,90,mg/dL,0,99,N,Routine,2024-04-16 15:23,2024-04-16 15:44,2024-04-17 04:04
LAB707894,ENC103415,PT10221,TSH,Thyroid Stimulating Hormone,1.96,mIU/L,0.4,4,N,Routine,2024-04-16 15:34,2024-04-16 15:50,2024-04-17 03:53
LAB707895,ENC103417,PT13220,TROP,"Troponin I, High Sensitivity",36,ng/L,0,34,H,STAT,2024-04-16 16:42,2024-04-16 16:46,2024-04-16 17:23
LAB707896,ENC103419,PT12831,GLU,Glucose,92,mg/dL,70,99,N,Routine,2024-04-16 21:03,2024-04-16 21:37,2024-04-16 22:29
LAB707897,ENC103419,PT12831,CREAT,Creatinine,1.08,mg/dL,0.6,1.3,N,STAT,2024-04-16 20:32,2024-04-16 20:52,2024-04-16 21:32
LAB707898,ENC103419,PT12831,WBC,White Blood Cell Count,11.8,K/uL,4.5,11,H,Routine,2024-04-16 20:11,2024-04-16 20:46,2024-04-16 23:28
LAB707899,ENC103419,PT12831,HGB,Hemoglobin,14.3,g/dL,12,17.5,N,STAT,2024-04-16 20:36,2024-04-16 20:57,2024-04-16 21:48
LAB707900,ENC103420,PT10496,A1C,Hemoglobin A1c,9.7,%,4,5.6,H,Routine,2024-04-16 17:11,2024-04-16 17:29,2024-04-17 00:46
LAB707901,ENC103421,PT12512,GLU,Glucose,96,mg/dL,70,99,N,Routine,2024-04-16 17:30,2024-04-16 17:54,2024-04-16 19:13
LAB707902,ENC103421,PT12512,CREAT,Creatinine,0.96,mg/dL,0.6,1.3,N,Routine,2024-04-16 17:38,2024-04-16 18:01,2024-04-16 21:23
LAB707903,ENC103421,PT12512,WBC,White Blood Cell Count,7.3,K/uL,4.5,11,N,STAT,2024-04-16 17:07,2024-04-16 17:17,2024-04-16 18:14
LAB707904,ENC103421,PT12512,HGB,Hemoglobin,14.2,g/dL,12,17.5,N,Routine,2024-04-16 17:25,2024-04-16 17:37,2024-04-16 19:19
LAB707905,ENC103421,PT12512,TROP,"Troponin I, High Sensitivity",41,ng/L,0,34,H,STAT,2024-04-16 17:06,2024-04-16 17:41,2024-04-16 18:33
LAB707906,ENC103422,PT12317,GLU,Glucose,87,mg/dL,70,99,N,Routine,2024-04-16 19:25,2024-04-16 19:36,2024-04-16 20:33
LAB707907,ENC103422,PT12317,CREAT,Creatinine,0.89,mg/dL,0.6,1.3,N,STAT,2024-04-16 19:42,2024-04-16 20:11,2024-04-16 21:06
LAB707908,ENC103422,PT12317,WBC,White Blood Cell Count,7.5,K/uL,4.5,11,N,STAT,2024-04-16 18:51,2024-04-16 18:56,2024-04-16 19:37
LAB707909,ENC103422,PT12317,HGB,Hemoglobin,14.1,g/dL,12,17.5,N,Routine,2024-04-16 18:42,2024-04-16 18:52,2024-04-16 20:27
LAB707910,ENC103424,PT10495,GLU,Glucose,71,mg/dL,70,99,N,STAT,2024-04-17 01:21,2024-04-17 01:31,2024-04-17 02:04
LAB707911,ENC103424,PT10495,CREAT,Creatinine,1.36,mg/dL,0.6,1.3,H,Routine,2024-04-17 01:27,2024-04-17 02:00,2024-04-17 06:11
LAB707912,ENC103424,PT10495,WBC,White Blood Cell Count,4.6,K/uL,4.5,11,N,STAT,2024-04-17 00:51,2024-04-17 01:17,2024-04-17 02:33
LAB707913,ENC103424,PT10495,HGB,Hemoglobin,9,g/dL,12,17.5,L,STAT,2024-04-17 01:23,2024-04-17 01:54,2024-04-17 02:30
LAB707914,ENC103424,PT10495,BUN,Blood Urea Nitrogen,18,mg/dL,7,20,N,Routine,2024-04-17 01:08,2024-04-17 01:15,2024-04-17 02:36
LAB707915,ENC103424,PT10495,PLT,Platelet Count,238,K/uL,150,400,N,Routine,2024-04-17 00:43,2024-04-17 01:07,2024-04-17 07:11
LAB707916,ENC103424,PT10495,LACT,Lactate,2.2,mmol/L,0.5,2,H,STAT,2024-04-17 01:23,2024-04-17 01:35,2024-04-17 02:42
LAB707917,ENC103424,PT10495,INR,Prothrombin Time INR,0.8,ratio,0.8,1.2,N,STAT,2024-04-17 00:50,2024-04-17 01:23,2024-04-17 03:19
LAB707918,ENC103425,PT10232,GLU,Glucose,65,mg/dL,70,99,L,Routine,2024-04-16 22:48,2024-04-16 23:15,2024-04-17 02:49
LAB707919,ENC103425,PT10232,CREAT,Creatinine,0.54,mg/dL,0.6,1.3,L,Routine,2024-04-16 22:18,2024-04-16 22:39,2024-04-17 01:10
LAB707920,ENC103425,PT10232,WBC,White Blood Cell Count,7.5,K/uL,4.5,11,N,STAT,2024-04-16 23:11,2024-04-16 23:35,2024-04-17 00:01
LAB707921,ENC103425,PT10232,HGB,Hemoglobin,14,g/dL,12,17.5,N,Routine,2024-04-16 22:24,2024-04-16 22:54,2024-04-17 03:05
LAB707922,ENC103426,PT11340,GLU,Glucose,125,mg/dL,70,99,H,Routine,2024-04-17 07:59,2024-04-17 08:12,2024-04-17 11:08
LAB707923,ENC103426,PT11340,CREAT,Creatinine,0.97,mg/dL,0.6,1.3,N,STAT,2024-04-17 08:27,2024-04-17 08:51,2024-04-17 09:52
LAB707924,ENC103426,PT11340,WBC,White Blood Cell Count,10.6,K/uL,4.5,11,N,STAT,2024-04-17 08:30,2024-04-17 08:53,2024-04-17 09:50
LAB707925,ENC103426,PT11340,HGB,Hemoglobin,12.4,g/dL,12,17.5,N,STAT,2024-04-17 07:57,2024-04-17 08:17,2024-04-17 08:34
LAB707926,ENC103428,PT11175,LDL,LDL Cholesterol,144,mg/dL,0,99,H,Routine,2024-04-17 08:28,2024-04-17 08:35,2024-04-17 14:05
LAB707927,ENC103430,PT11673,LDL,LDL Cholesterol,123,mg/dL,0,99,H,Routine,2024-04-17 09:03,2024-04-17 09:28,2024-04-18 00:05
LAB707928,ENC103430,PT11673,TSH,Thyroid Stimulating Hormone,3.23,mIU/L,0.4,4,N,Routine,2024-04-17 08:54,2024-04-17 09:05,2024-04-18 12:19
LAB707929,ENC103431,PT11591,GLU,Glucose,101,mg/dL,70,99,H,STAT,2024-04-17 15:12,2024-04-17 15:26,2024-04-17 16:27
LAB707930,ENC103431,PT11591,CREAT,Creatinine,0.88,mg/dL,0.6,1.3,N,Routine,2024-04-17 14:56,2024-04-17 15:07,2024-04-17 16:37
LAB707931,ENC103431,PT11591,WBC,White Blood Cell Count,7,K/uL,4.5,11,N,Routine,2024-04-17 14:39,2024-04-17 14:46,2024-04-17 17:52
LAB707932,ENC103431,PT11591,HGB,Hemoglobin,14.6,g/dL,12,17.5,N,STAT,2024-04-17 15:22,2024-04-17 15:37,2024-04-17 16:28
LAB707933,ENC103431,PT11591,NA,Sodium,141,mmol/L,136,145,N,STAT,2024-04-17 14:38,2024-04-17 14:51,2024-04-17 15:38
LAB707934,ENC103431,PT11591,K,Potassium,3.4,mmol/L,3.5,5.1,L,STAT,2024-04-17 15:28,2024-04-17 15:52,2024-04-17 16:38
LAB707935,ENC103432,PT11064,INR,Prothrombin Time INR,2,ratio,0.8,1.2,H,Routine,2024-04-17 10:08,2024-04-17 10:42,2024-04-17 13:08
LAB707936,ENC103434,PT10943,LDL,LDL Cholesterol,85,mg/dL,0,99,N,Routine,2024-04-17 10:11,2024-04-17 10:23,2024-04-18 13:22
LAB707937,ENC103434,PT10943,A1C,Hemoglobin A1c,5.3,%,4,5.6,N,Routine,2024-04-17 10:02,2024-04-17 10:27,2024-04-18 03:37
LAB707938,ENC103435,PT12506,GLU,Glucose,99,mg/dL,70,99,N,STAT,2024-04-17 15:01,2024-04-17 15:11,2024-04-17 16:17
LAB707939,ENC103435,PT12506,CREAT,Creatinine,0.9,mg/dL,0.6,1.3,N,Routine,2024-04-17 14:25,2024-04-17 14:56,2024-04-17 17:45
LAB707940,ENC103435,PT12506,WBC,White Blood Cell Count,5.2,K/uL,4.5,11,N,STAT,2024-04-17 14:19,2024-04-17 14:34,2024-04-17 15:39
LAB707941,ENC103435,PT12506,HGB,Hemoglobin,15.3,g/dL,12,17.5,N,STAT,2024-04-17 14:34,2024-04-17 14:48,2024-04-17 15:16
LAB707942,ENC103438,PT11582,LDL,LDL Cholesterol,151,mg/dL,0,99,H,Routine,2024-04-17 11:56,2024-04-17 12:25,2024-04-17 21:18
LAB707943,ENC103439,PT11270,LDL,LDL Cholesterol,94,mg/dL,0,99,N,Routine,2024-04-17 12:29,2024-04-17 12:40,2024-04-17 20:11
LAB707944,ENC103439,PT11270,A1C,Hemoglobin A1c,5.3,%,4,5.6,N,Routine,2024-04-17 12:44,2024-04-17 13:05,2024-04-18 04:20
LAB707945,ENC103439,PT11270,TSH,Thyroid Stimulating Hormone,2.86,mIU/L,0.4,4,N,Routine,2024-04-17 12:35,2024-04-17 12:56,2024-04-18 14:11
LAB707946,ENC103440,PT13197,WBC,White Blood Cell Count,8.3,K/uL,4.5,11,N,Routine,2024-04-17 13:04,2024-04-17 13:23,2024-04-17 17:01
LAB707947,ENC103440,PT13197,HGB,Hemoglobin,12.4,g/dL,12,17.5,N,Routine,2024-04-17 12:58,2024-04-17 13:33,2024-04-17 18:32
LAB707948,ENC103440,PT13197,PLT,Platelet Count,294,K/uL,150,400,N,Routine,2024-04-17 13:07,2024-04-17 13:15,2024-04-17 17:11
LAB707949,ENC103441,PT13142,GLU,Glucose,186,mg/dL,70,99,H,STAT,2024-04-17 13:00,2024-04-17 13:12,2024-04-17 14:08
LAB707950,ENC103441,PT13142,CREAT,Creatinine,2.32,mg/dL,0.6,1.3,H,Routine,2024-04-17 13:05,2024-04-17 13:20,2024-04-17 16:01
LAB707951,ENC103441,PT13142,WBC,White Blood Cell Count,5.4,K/uL,4.5,11,N,Routine,2024-04-17 13:44,2024-04-17 14:04,2024-04-17 17:34
LAB707952,ENC103441,PT13142,HGB,Hemoglobin,10.4,g/dL,12,17.5,L,Routine,2024-04-17 13:23,2024-04-17 13:33,2024-04-17 15:35
LAB707953,ENC103441,PT13142,NA,Sodium,137,mmol/L,136,145,N,STAT,2024-04-17 13:12,2024-04-17 13:28,2024-04-17 14:23
LAB707954,ENC103441,PT13142,K,Potassium,4.5,mmol/L,3.5,5.1,N,STAT,2024-04-17 13:41,2024-04-17 14:06,2024-04-17 14:51
LAB707955,ENC103442,PT11734,A1C,Hemoglobin A1c,8.2,%,4,5.6,H,Routine,2024-04-17 13:39,2024-04-17 13:58,2024-04-18 01:42
LAB707956,ENC103444,PT13898,GLU,Glucose,103,mg/dL,70,99,H,STAT,2024-04-17 15:20,2024-04-17 15:30,2024-04-17 16:09
LAB707957,ENC103444,PT13898,CREAT,Creatinine,1.19,mg/dL,0.6,1.3,N,STAT,2024-04-17 15:11,2024-04-17 15:27,2024-04-17 15:57
LAB707958,ENC103446,PT12261,GLU,Glucose,58,mg/dL,70,99,L,Routine,2024-04-17 20:07,2024-04-17 20:14,2024-04-17 21:22
LAB707959,ENC103446,PT12261,CREAT,Creatinine,1.3,mg/dL,0.6,1.3,N,Routine,2024-04-17 19:05,2024-04-17 19:09,2024-04-17 22:55
LAB707960,ENC103446,PT12261,WBC,White Blood Cell Count,13.6,K/uL,4.5,11,H,STAT,2024-04-17 20:05,2024-04-17 20:13,2024-04-17 21:19
LAB707961,ENC103446,PT12261,HGB,Hemoglobin,17.2,g/dL,12,17.5,N,Routine,2024-04-17 19:54,2024-04-17 20:23,2024-04-17 22:00
LAB707962,ENC103452,PT13767,GLU,Glucose,121,mg/dL,70,99,H,Routine,2024-04-17 17:48,2024-04-17 18:20,2024-04-17 21:04
LAB707963,ENC103452,PT13767,CREAT,Creatinine,2.02,mg/dL,0.6,1.3,H,STAT,2024-04-17 18:21,2024-04-17 18:36,2024-04-17 19:01
LAB707964,ENC103452,PT13767,WBC,White Blood Cell Count,6.5,K/uL,4.5,11,N,Routine,2024-04-17 17:54,2024-04-17 18:08,2024-04-17 21:10
LAB707965,ENC103452,PT13767,HGB,Hemoglobin,10.8,g/dL,12,17.5,L,STAT,2024-04-17 18:20,2024-04-17 18:45,2024-04-17 19:18
LAB707966,ENC103453,PT13207,GLU,Glucose,94,mg/dL,70,99,N,Routine,2024-04-17 19:01,2024-04-17 19:20,2024-04-17 20:26
LAB707967,ENC103453,PT13207,CREAT,Creatinine,1.14,mg/dL,0.6,1.3,N,Routine,2024-04-17 19:12,2024-04-17 19:27,2024-04-17 22:04
LAB707968,ENC103453,PT13207,WBC,White Blood Cell Count,8.2,K/uL,4.5,11,N,Routine,2024-04-17 19:21,2024-04-17 19:56,2024-04-17 23:09
LAB707969,ENC103453,PT13207,HGB,Hemoglobin,13.8,g/dL,12,17.5,N,STAT,2024-04-17 19:26,2024-04-17 19:51,2024-04-17 21:11
LAB707970,ENC103453,PT13207,BUN,Blood Urea Nitrogen,12,mg/dL,7,20,N,Routine,2024-04-17 19:32,2024-04-17 19:47,2024-04-17 21:48
LAB707971,ENC103453,PT13207,PLT,Platelet Count,211,K/uL,150,400,N,STAT,2024-04-17 18:51,2024-04-17 19:21,2024-04-17 19:54
LAB707972,ENC103455,PT10429,GLU,Glucose,200,mg/dL,70,99,H,STAT,2024-04-17 23:34,2024-04-17 23:58,2024-04-18 00:36
LAB707973,ENC103455,PT10429,CREAT,Creatinine,1.06,mg/dL,0.6,1.3,N,STAT,2024-04-17 23:52,2024-04-18 00:18,2024-04-18 00:53
LAB707974,ENC103455,PT10429,WBC,White Blood Cell Count,16.8,K/uL,4.5,11,H,STAT,2024-04-17 22:58,2024-04-17 23:13,2024-04-18 00:18
LAB707975,ENC103455,PT10429,HGB,Hemoglobin,12.2,g/dL,12,17.5,N,STAT,2024-04-18 00:07,2024-04-18 00:41,2024-04-18 01:32
LAB707976,ENC103457,PT12514,GLU,Glucose,116,mg/dL,70,99,H,STAT,2024-04-18 02:22,2024-04-18 02:36,2024-04-18 03:16
LAB707977,ENC103457,PT12514,CREAT,Creatinine,0.53,mg/dL,0.6,1.3,L,Routine,2024-04-18 01:41,2024-04-18 01:45,2024-04-18 03:02
LAB707978,ENC103458,PT12201,GLU,Glucose,96,mg/dL,70,99,N,STAT,2024-04-18 08:10,2024-04-18 08:31,2024-04-18 09:28
LAB707979,ENC103458,PT12201,CREAT,Creatinine,0.5,mg/dL,0.6,1.3,L,STAT,2024-04-18 08:27,2024-04-18 08:44,2024-04-18 09:30
LAB707980,ENC103458,PT12201,WBC,White Blood Cell Count,7.6,K/uL,4.5,11,N,STAT,2024-04-18 08:24,2024-04-18 08:42,2024-04-18 10:25
LAB707981,ENC103458,PT12201,HGB,Hemoglobin,15,g/dL,12,17.5,N,Routine,2024-04-18 08:44,2024-04-18 08:54,2024-04-18 11:39
LAB707982,ENC103461,PT12841,GLU,Glucose,247,mg/dL,70,99,H,STAT,2024-04-18 07:29,2024-04-18 08:00,2024-04-18 08:34
LAB707983,ENC103461,PT12841,CREAT,Creatinine,1.31,mg/dL,0.6,1.3,H,STAT,2024-04-18 07:10,2024-04-18 07:34,2024-04-18 08:22
LAB707984,ENC103467,PT11100,LDL,LDL Cholesterol,153,mg/dL,0,99,H,Routine,2024-04-18 09:57,2024-04-18 10:17,2024-04-18 17:22
LAB707985,ENC103467,PT11100,A1C,Hemoglobin A1c,5.6,%,4,5.6,N,Routine,2024-04-18 09:50,2024-04-18 10:21,2024-04-19 05:35
LAB707986,ENC103467,PT11100,TSH,Thyroid Stimulating Hormone,2.63,mIU/L,0.4,4,N,Routine,2024-04-18 09:57,2024-04-18 10:14,2024-04-19 06:52
LAB707987,ENC103470,PT10847,WBC,White Blood Cell Count,6.4,K/uL,4.5,11,N,Routine,2024-04-18 11:43,2024-04-18 12:16,2024-04-18 14:01
LAB707988,ENC103470,PT10847,HGB,Hemoglobin,10.8,g/dL,12,17.5,L,Routine,2024-04-18 11:38,2024-04-18 12:02,2024-04-18 17:58
LAB707989,ENC103470,PT10847,PLT,Platelet Count,351,K/uL,150,400,N,Routine,2024-04-18 11:52,2024-04-18 12:04,2024-04-18 13:32
LAB707990,ENC103472,PT11561,LDL,LDL Cholesterol,128,mg/dL,0,99,H,Routine,2024-04-18 12:06,2024-04-18 12:15,2024-04-20 08:10
LAB707991,ENC103472,PT11561,A1C,Hemoglobin A1c,11.5,%,4,5.6,H,Routine,2024-04-18 12:05,2024-04-18 12:33,2024-04-19 15:29
LAB707992,ENC103474,PT11675,GLU,Glucose,105,mg/dL,70,99,H,Routine,2024-04-18 16:39,2024-04-18 16:54,2024-04-18 18:39
LAB707993,ENC103474,PT11675,CREAT,Creatinine,0.33,mg/dL,0.6,1.3,L,Routine,2024-04-18 15:55,2024-04-18 16:23,2024-04-18 18:42
LAB707994,ENC103474,PT11675,WBC,White Blood Cell Count,6.3,K/uL,4.5,11,N,STAT,2024-04-18 15:39,2024-04-18 15:48,2024-04-18 16:18
LAB707995,ENC103474,PT11675,HGB,Hemoglobin,12.4,g/dL,12,17.5,N,Routine,2024-04-18 16:02,2024-04-18 16:21,2024-04-18 19:12
LAB707996,ENC103474,PT11675,NA,Sodium,139,mmol/L,136,145,N,STAT,2024-04-18 15:33,2024-04-18 15:51,2024-04-18 16:24
LAB707997,ENC103474,PT11675,K,Potassium,3.8,mmol/L,3.5,5.1,N,STAT,2024-04-18 16:10,2024-04-18 16:36,2024-04-18 17:24
LAB707998,ENC103475,PT13247,GLU,Glucose,146,mg/dL,70,99,H,Routine,2024-04-18 13:02,2024-04-18 13:24,2024-04-18 15:48
LAB707999,ENC103475,PT13247,CREAT,Creatinine,2.11,mg/dL,0.6,1.3,H,STAT,2024-04-18 12:34,2024-04-18 12:52,2024-04-18 13:58
LAB708000,ENC103476,PT10104,GLU,Glucose,229,mg/dL,70,99,H,Routine,2024-04-18 13:41,2024-04-18 13:56,2024-04-18 16:17
LAB708001,ENC103476,PT10104,CREAT,Creatinine,0.44,mg/dL,0.6,1.3,L,STAT,2024-04-18 13:34,2024-04-18 13:58,2024-04-18 14:47
LAB708002,ENC103477,PT11360,GLU,Glucose,106,mg/dL,70,99,H,Routine,2024-04-18 14:12,2024-04-18 14:40,2024-04-18 21:30
LAB708003,ENC103477,PT11360,CREAT,Creatinine,0.91,mg/dL,0.6,1.3,N,STAT,2024-04-18 13:42,2024-04-18 14:13,2024-04-18 15:08
LAB708004,ENC103477,PT11360,WBC,White Blood Cell Count,4.2,K/uL,4.5,11,L,Routine,2024-04-18 14:02,2024-04-18 14:15,2024-04-18 17:24
LAB708005,ENC103477,PT11360,HGB,Hemoglobin,11.4,g/dL,12,17.5,L,STAT,2024-04-18 13:23,2024-04-18 13:32,2024-04-18 13:59
LAB708006,ENC103478,PT13005,GLU,Glucose,73,mg/dL,70,99,N,Routine,2024-04-18 17:45,2024-04-18 18:17,2024-04-18 23:28
LAB708007,ENC103478,PT13005,CREAT,Creatinine,0.65,mg/dL,0.6,1.3,N,STAT,2024-04-18 17:46,2024-04-18 17:57,2024-04-18 18:55
LAB708008,ENC103478,PT13005,WBC,White Blood Cell Count,10.5,K/uL,4.5,11,N,STAT,2024-04-18 17:25,2024-04-18 17:50,2024-04-18 19:07
LAB708009,ENC103478,PT13005,HGB,Hemoglobin,14.1,g/dL,12,17.5,N,STAT,2024-04-18 17:45,2024-04-18 18:08,2024-04-18 19:10
LAB708010,ENC103478,PT13005,INR,Prothrombin Time INR,0.9,ratio,0.8,1.2,N,Routine,2024-04-18 17:40,2024-04-18 18:01,2024-04-18 19:41
LAB708011,ENC103479,PT11249,GLU,Glucose,108,mg/dL,70,99,H,Routine,2024-04-18 18:04,2024-04-18 18:32,2024-04-18 22:41
LAB708012,ENC103479,PT11249,CREAT,Creatinine,0.87,mg/dL,0.6,1.3,N,STAT,2024-04-18 17:11,2024-04-18 17:44,2024-04-18 18:17
LAB708013,ENC103479,PT11249,WBC,White Blood Cell Count,8.7,K/uL,4.5,11,N,Routine,2024-04-18 17:12,2024-04-18 17:19,2024-04-18 20:10
LAB708014,ENC103479,PT11249,HGB,Hemoglobin,13.8,g/dL,12,17.5,N,Routine,2024-04-18 17:14,2024-04-18 17:35,2024-04-18 20:18
LAB708015,ENC103480,PT12548,GLU,Glucose,107,mg/dL,70,99,H,STAT,2024-04-18 17:46,2024-04-18 17:51,2024-04-18 18:37
LAB708016,ENC103480,PT12548,CREAT,Creatinine,1.22,mg/dL,0.6,1.3,N,STAT,2024-04-18 17:22,2024-04-18 17:42,2024-04-18 18:36
LAB708017,ENC103480,PT12548,WBC,White Blood Cell Count,9.2,K/uL,4.5,11,N,STAT,2024-04-18 17:17,2024-04-18 17:44,2024-04-18 18:49
LAB708018,ENC103480,PT12548,HGB,Hemoglobin,13.8,g/dL,12,17.5,N,STAT,2024-04-18 18:19,2024-04-18 18:39,2024-04-18 19:28
LAB708019,ENC103480,PT12548,TROP,"Troponin I, High Sensitivity",134,ng/L,0,34,H,STAT,2024-04-18 18:09,2024-04-18 18:22,2024-04-18 19:25
LAB708020,ENC103482,PT12267,INR,Prothrombin Time INR,1.1,ratio,0.8,1.2,N,Routine,2024-04-18 14:32,2024-04-18 14:51,2024-04-18 16:24
LAB708021,ENC103483,PT13213,LDL,LDL Cholesterol,115,mg/dL,0,99,H,Routine,2024-04-18 14:25,2024-04-18 14:56,2024-04-20 03:25
LAB708022,ENC103483,PT13213,A1C,Hemoglobin A1c,5.8,%,4,5.6,H,Routine,2024-04-18 14:41,2024-04-18 14:45,2024-04-18 20:52
LAB708023,ENC103484,PT10030,A1C,Hemoglobin A1c,8,%,4,5.6,H,Routine,2024-04-18 15:44,2024-04-18 15:48,2024-04-19 11:19
LAB708024,ENC103485,PT13297,LDL,LDL Cholesterol,135,mg/dL,0,99,H,Routine,2024-04-18 16:26,2024-04-18 16:49,2024-04-19 02:37
LAB708025,ENC103485,PT13297,A1C,Hemoglobin A1c,5.5,%,4,5.6,N,Routine,2024-04-18 16:07,2024-04-18 16:13,2024-04-18 22:28
LAB708026,ENC103485,PT13297,TSH,Thyroid Stimulating Hormone,2,mIU/L,0.4,4,N,Routine,2024-04-18 16:26,2024-04-18 16:40,2024-04-19 09:30
LAB708027,ENC103486,PT10619,GLU,Glucose,97,mg/dL,70,99,N,STAT,2024-04-18 18:11,2024-04-18 18:42,2024-04-18 19:19
LAB708028,ENC103486,PT10619,CREAT,Creatinine,0.86,mg/dL,0.6,1.3,N,Routine,2024-04-18 17:51,2024-04-18 18:16,2024-04-18 21:42
LAB708029,ENC103486,PT10619,WBC,White Blood Cell Count,7,K/uL,4.5,11,N,Routine,2024-04-18 17:32,2024-04-18 17:54,2024-04-18 22:29
LAB708030,ENC103486,PT10619,HGB,Hemoglobin,15.3,g/dL,12,17.5,N,STAT,2024-04-18 17:36,2024-04-18 18:11,2024-04-18 19:28
LAB708031,ENC103486,PT10619,NA,Sodium,138,mmol/L,136,145,N,STAT,2024-04-18 17:18,2024-04-18 17:25,2024-04-18 18:03
LAB708032,ENC103486,PT10619,K,Potassium,4.5,mmol/L,3.5,5.1,N,STAT,2024-04-18 17:52,2024-04-18 18:15,2024-04-18 19:07
LAB708033,ENC103487,PT12606,GLU,Glucose,348,mg/dL,70,99,H,Routine,2024-04-18 20:50,2024-04-18 21:25,2024-04-18 23:06
LAB708034,ENC103487,PT12606,CREAT,Creatinine,0.65,mg/dL,0.6,1.3,N,STAT,2024-04-18 20:42,2024-04-18 21:12,2024-04-18 21:51
LAB708035,ENC103487,PT12606,WBC,White Blood Cell Count,8.7,K/uL,4.5,11,N,STAT,2024-04-18 20:32,2024-04-18 21:00,2024-04-18 21:30
LAB708036,ENC103487,PT12606,HGB,Hemoglobin,12,g/dL,12,17.5,N,STAT,2024-04-18 21:00,2024-04-18 21:32,2024-04-18 22:27
LAB708037,ENC103487,PT12606,NA,Sodium,140,mmol/L,136,145,N,Routine,2024-04-18 21:37,2024-04-18 21:51,2024-04-19 00:57
LAB708038,ENC103487,PT12606,K,Potassium,4,mmol/L,3.5,5.1,N,STAT,2024-04-18 20:33,2024-04-18 20:53,2024-04-18 22:03
LAB708039,ENC103487,PT12606,A1C,Hemoglobin A1c,11.2,%,4,5.6,H,Routine,2024-04-18 21:03,2024-04-18 21:24,2024-04-19 00:50
LAB708040,ENC103488,PT10475,GLU,Glucose,169,mg/dL,70,99,H,STAT,2024-04-18 21:44,2024-04-18 22:14,2024-04-18 23:35
LAB708041,ENC103488,PT10475,CREAT,Creatinine,1.04,mg/dL,0.6,1.3,N,STAT,2024-04-18 21:49,2024-04-18 22:21,2024-04-18 23:06
LAB708042,ENC103488,PT10475,WBC,White Blood Cell Count,7.8,K/uL,4.5,11,N,STAT,2024-04-18 21:25,2024-04-18 21:41,2024-04-18 22:02
LAB708043,ENC103488,PT10475,HGB,Hemoglobin,14.8,g/dL,12,17.5,N,STAT,2024-04-18 21:26,2024-04-18 21:34,2024-04-18 22:07
LAB708044,ENC103488,PT10475,LACT,Lactate,2.8,mmol/L,0.5,2,H,STAT,2024-04-18 22:28,2024-04-18 22:40,2024-04-19 00:23
LAB708045,ENC103490,PT13342,GLU,Glucose,118,mg/dL,70,99,H,Routine,2024-04-18 18:56,2024-04-18 19:08,2024-04-18 21:28
LAB708046,ENC103490,PT13342,CREAT,Creatinine,1.11,mg/dL,0.6,1.3,N,STAT,2024-04-18 18:33,2024-04-18 18:45,2024-04-18 19:33
LAB708047,ENC103490,PT13342,WBC,White Blood Cell Count,15.8,K/uL,4.5,11,H,STAT,2024-04-18 18:25,2024-04-18 18:54,2024-04-18 19:26
LAB708048,ENC103490,PT13342,HGB,Hemoglobin,12.5,g/dL,12,17.5,N,STAT,2024-04-18 18:35,2024-04-18 18:45,2024-04-18 19:18
LAB708049,ENC103492,PT11135,GLU,Glucose,81,mg/dL,70,99,N,STAT,2024-04-19 00:00,2024-04-19 00:31,2024-04-19 01:04
LAB708050,ENC103492,PT11135,CREAT,Creatinine,1.92,mg/dL,0.6,1.3,H,STAT,2024-04-18 23:46,2024-04-18 23:50,2024-04-19 00:27
LAB708051,ENC103492,PT11135,WBC,White Blood Cell Count,6.3,K/uL,4.5,11,N,STAT,2024-04-18 23:47,2024-04-18 23:58,2024-04-19 00:27
LAB708052,ENC103492,PT11135,HGB,Hemoglobin,10,g/dL,12,17.5,L,STAT,2024-04-18 23:07,2024-04-18 23:14,2024-04-19 00:16
LAB708053,ENC103492,PT11135,NA,Sodium,143,mmol/L,136,145,N,STAT,2024-04-18 23:16,2024-04-18 23:27,2024-04-19 00:30
LAB708054,ENC103492,PT11135,K,Potassium,4.2,mmol/L,3.5,5.1,N,STAT,2024-04-18 23:21,2024-04-18 23:54,2024-04-19 00:26
LAB708055,ENC103493,PT13191,GLU,Glucose,122,mg/dL,70,99,H,STAT,2024-04-19 00:24,2024-04-19 00:50,2024-04-19 01:32
LAB708056,ENC103493,PT13191,CREAT,Creatinine,0.89,mg/dL,0.6,1.3,N,Routine,2024-04-19 00:59,2024-04-19 01:13,2024-04-19 03:49
LAB708057,ENC103494,PT13065,GLU,Glucose,135,mg/dL,70,99,H,STAT,2024-04-19 02:46,2024-04-19 02:53,2024-04-19 03:38
LAB708058,ENC103494,PT13065,CREAT,Creatinine,1.11,mg/dL,0.6,1.3,N,STAT,2024-04-19 03:02,2024-04-19 03:29,2024-04-19 04:13
LAB708059,ENC103494,PT13065,WBC,White Blood Cell Count,11,K/uL,4.5,11,N,STAT,2024-04-19 03:30,2024-04-19 03:39,2024-04-19 03:59
LAB708060,ENC103494,PT13065,HGB,Hemoglobin,9.6,g/dL,12,17.5,L,STAT,2024-04-19 03:21,2024-04-19 03:27,2024-04-19 04:35
LAB708061,ENC103495,PT13342,GLU,Glucose,98,mg/dL,70,99,N,STAT,2024-04-19 03:39,2024-04-19 04:13,2024-04-19 05:17
LAB708062,ENC103495,PT13342,CREAT,Creatinine,1.01,mg/dL,0.6,1.3,N,STAT,2024-04-19 03:24,2024-04-19 03:41,2024-04-19 04:03
LAB708063,ENC103495,PT13342,WBC,White Blood Cell Count,9,K/uL,4.5,11,N,STAT,2024-04-19 04:07,2024-04-19 04:32,2024-04-19 05:34
LAB708064,ENC103495,PT13342,HGB,Hemoglobin,11.9,g/dL,12,17.5,L,STAT,2024-04-19 03:22,2024-04-19 03:37,2024-04-19 04:24
LAB708065,ENC103497,PT12279,A1C,Hemoglobin A1c,10.4,%,4,5.6,H,Routine,2024-04-19 08:26,2024-04-19 08:41,2024-04-20 09:15
LAB708066,ENC103498,PT11803,LDL,LDL Cholesterol,123,mg/dL,0,99,H,Routine,2024-04-19 08:26,2024-04-19 08:57,2024-04-19 19:49
LAB708067,ENC103500,PT10387,GLU,Glucose,102,mg/dL,70,99,H,Routine,2024-04-19 12:37,2024-04-19 12:44,2024-04-19 13:28
LAB708068,ENC103500,PT10387,CREAT,Creatinine,0.75,mg/dL,0.6,1.3,N,Routine,2024-04-19 12:06,2024-04-19 12:21,2024-04-19 17:54
LAB708069,ENC103500,PT10387,WBC,White Blood Cell Count,6.7,K/uL,4.5,11,N,STAT,2024-04-19 12:47,2024-04-19 12:58,2024-04-19 13:33
LAB708070,ENC103500,PT10387,HGB,Hemoglobin,13.6,g/dL,12,17.5,N,STAT,2024-04-19 11:49,2024-04-19 11:55,2024-04-19 14:01
LAB708071,ENC103500,PT10387,TROP,"Troponin I, High Sensitivity",61,ng/L,0,34,H,STAT,2024-04-19 12:04,2024-04-19 12:08,2024-04-19 12:53
LAB708072,ENC103500,PT10387,BNP,B-Type Natriuretic Peptide,2154,pg/mL,0,100,H,Routine,2024-04-19 11:58,2024-04-19 12:31,2024-04-19 15:37
LAB708073,ENC103504,PT13298,WBC,White Blood Cell Count,8,K/uL,4.5,11,N,Routine,2024-04-19 14:22,2024-04-19 14:39,2024-04-19 17:16
LAB708074,ENC103504,PT13298,HGB,Hemoglobin,12.1,g/dL,12,17.5,N,Routine,2024-04-19 14:28,2024-04-19 14:32,2024-04-19 16:08
LAB708075,ENC103504,PT13298,PLT,Platelet Count,181,K/uL,150,400,N,Routine,2024-04-19 14:45,2024-04-19 14:59,2024-04-19 20:50
LAB708076,ENC103510,PT12337,GLU,Glucose,127,mg/dL,70,99,H,Routine,2024-04-19 19:46,2024-04-19 20:03,2024-04-20 00:50
LAB708077,ENC103510,PT12337,CREAT,Creatinine,0.93,mg/dL,0.6,1.3,N,STAT,2024-04-19 20:22,2024-04-19 20:55,2024-04-19 21:56
LAB708078,ENC103510,PT12337,WBC,White Blood Cell Count,6.4,K/uL,4.5,11,N,STAT,2024-04-19 20:26,2024-04-19 20:46,2024-04-19 21:25
LAB708079,ENC103510,PT12337,HGB,Hemoglobin,14.6,g/dL,12,17.5,N,Routine,2024-04-19 20:40,2024-04-19 20:51,2024-04-20 00:04
LAB708080,ENC103510,PT12337,NA,Sodium,140,mmol/L,136,145,N,STAT,2024-04-19 20:12,2024-04-19 20:28,2024-04-19 20:59
LAB708081,ENC103510,PT12337,K,Potassium,3.9,mmol/L,3.5,5.1,N,STAT,2024-04-19 20:38,2024-04-19 20:47,2024-04-19 21:21
LAB708082,ENC103510,PT12337,LACT,Lactate,3.6,mmol/L,0.5,2,H,STAT,2024-04-19 19:53,2024-04-19 20:11,2024-04-19 21:11
LAB708083,ENC103511,PT10793,GLU,Glucose,116,mg/dL,70,99,H,STAT,2024-04-19 19:36,2024-04-19 19:48,2024-04-19 21:40
LAB708084,ENC103511,PT10793,CREAT,Creatinine,1.15,mg/dL,0.6,1.3,N,Routine,2024-04-19 19:41,2024-04-19 20:03,2024-04-19 21:29
LAB708085,ENC103511,PT10793,WBC,White Blood Cell Count,5,K/uL,4.5,11,N,STAT,2024-04-19 19:05,2024-04-19 19:35,2024-04-19 20:16
LAB708086,ENC103511,PT10793,HGB,Hemoglobin,13,g/dL,12,17.5,N,STAT,2024-04-19 18:54,2024-04-19 19:17,2024-04-19 20:25
LAB708087,ENC103512,PT10030,GLU,Glucose,221,mg/dL,70,99,H,Routine,2024-04-20 00:19,2024-04-20 00:34,2024-04-20 05:19
LAB708088,ENC103512,PT10030,CREAT,Creatinine,1.23,mg/dL,0.6,1.3,N,STAT,2024-04-20 00:23,2024-04-20 00:34,2024-04-20 01:24
LAB708089,ENC103512,PT10030,WBC,White Blood Cell Count,5.9,K/uL,4.5,11,N,STAT,2024-04-19 23:29,2024-04-19 23:56,2024-04-20 00:25
LAB708090,ENC103512,PT10030,HGB,Hemoglobin,13.8,g/dL,12,17.5,N,STAT,2024-04-20 00:18,2024-04-20 00:22,2024-04-20 01:19
LAB708091,ENC103513,PT10434,TROP,"Troponin I, High Sensitivity",11,ng/L,0,34,N,STAT,2024-04-19 20:42,2024-04-19 21:09,2024-04-19 22:04
LAB708092,ENC103514,PT10315,GLU,Glucose,115,mg/dL,70,99,H,STAT,2024-04-19 23:18,2024-04-19 23:37,2024-04-20 00:15
LAB708093,ENC103514,PT10315,CREAT,Creatinine,1.13,mg/dL,0.6,1.3,N,STAT,2024-04-19 22:15,2024-04-19 22:23,2024-04-19 22:59
LAB708094,ENC103514,PT10315,WBC,White Blood Cell Count,6.9,K/uL,4.5,11,N,STAT,2024-04-19 22:41,2024-04-19 23:01,2024-04-20 00:11
LAB708095,ENC103514,PT10315,HGB,Hemoglobin,12.7,g/dL,12,17.5,N,STAT,2024-04-19 22:17,2024-04-19 22:51,2024-04-19 23:24
LAB708096,ENC103514,PT10315,TROP,"Troponin I, High Sensitivity",56,ng/L,0,34,H,STAT,2024-04-19 23:09,2024-04-19 23:32,2024-04-20 00:14
LAB708097,ENC103514,PT10315,BNP,B-Type Natriuretic Peptide,705,pg/mL,0,100,H,STAT,2024-04-19 22:47,2024-04-19 23:08,2024-04-20 00:25
LAB708098,ENC103516,PT13196,GLU,Glucose,211,mg/dL,70,99,H,Routine,2024-04-20 12:18,2024-04-20 12:24,2024-04-20 14:47
LAB708099,ENC103516,PT13196,CREAT,Creatinine,0.9,mg/dL,0.6,1.3,N,Routine,2024-04-20 11:35,2024-04-20 11:57,2024-04-20 17:11
LAB708100,ENC103516,PT13196,WBC,White Blood Cell Count,10.3,K/uL,4.5,11,N,Routine,2024-04-20 12:43,2024-04-20 13:05,2024-04-20 16:29
LAB708101,ENC103516,PT13196,HGB,Hemoglobin,14,g/dL,12,17.5,N,STAT,2024-04-20 11:53,2024-04-20 12:20,2024-04-20 13:05
LAB708102,ENC103516,PT13196,NA,Sodium,141,mmol/L,136,145,N,Routine,2024-04-20 12:09,2024-04-20 12:15,2024-04-20 19:00
LAB708103,ENC103516,PT13196,K,Potassium,4,mmol/L,3.5,5.1,N,STAT,2024-04-20 12:12,2024-04-20 12:36,2024-04-20 13:36
LAB708104,ENC103516,PT13196,A1C,Hemoglobin A1c,10.4,%,4,5.6,H,STAT,2024-04-20 11:44,2024-04-20 12:11,2024-04-20 12:57
LAB708105,ENC103517,PT13083,GLU,Glucose,307,mg/dL,70,99,H,STAT,2024-04-20 09:42,2024-04-20 10:14,2024-04-20 10:59
LAB708106,ENC103517,PT13083,CREAT,Creatinine,1.03,mg/dL,0.6,1.3,N,Routine,2024-04-20 09:32,2024-04-20 09:56,2024-04-20 12:13
LAB708107,ENC103517,PT13083,WBC,White Blood Cell Count,9.2,K/uL,4.5,11,N,Routine,2024-04-20 08:52,2024-04-20 09:20,2024-04-20 12:01
LAB708108,ENC103518,PT13413,GLU,Glucose,176,mg/dL,70,99,H,Routine,2024-04-20 13:18,2024-04-20 13:31,2024-04-20 14:27
LAB708109,ENC103518,PT13413,CREAT,Creatinine,1.05,mg/dL,0.6,1.3,N,Routine,2024-04-20 13:26,2024-04-20 13:50,2024-04-20 15:14
LAB708110,ENC103518,PT13413,WBC,White Blood Cell Count,18.9,K/uL,4.5,11,H,Routine,2024-04-20 14:19,2024-04-20 14:28,2024-04-20 20:23
LAB708111,ENC103518,PT13413,HGB,Hemoglobin,11.7,g/dL,12,17.5,L,STAT,2024-04-20 13:48,2024-04-20 14:01,2024-04-20 14:35
LAB708112,ENC103518,PT13413,LACT,Lactate,2.7,mmol/L,0.5,2,H,STAT,2024-04-20 13:21,2024-04-20 13:49,2024-04-20 14:14
LAB708113,ENC103520,PT10210,GLU,Glucose,104,mg/dL,70,99,H,STAT,2024-04-20 16:32,2024-04-20 16:38,2024-04-20 17:25
LAB708114,ENC103520,PT10210,CREAT,Creatinine,0.94,mg/dL,0.6,1.3,N,Routine,2024-04-20 17:11,2024-04-20 17:28,2024-04-20 20:13
LAB708115,ENC103520,PT10210,WBC,White Blood Cell Count,14.5,K/uL,4.5,11,H,STAT,2024-04-20 17:16,2024-04-20 17:21,2024-04-20 17:58
LAB708116,ENC103520,PT10210,HGB,Hemoglobin,14.8,g/dL,12,17.5,N,Routine,2024-04-20 16:54,2024-04-20 17:20,2024-04-20 19:18
LAB708117,ENC103521,PT12985,TROP,"Troponin I, High Sensitivity",6,ng/L,0,34,N,STAT,2024-04-20 14:46,2024-04-20 15:09,2024-04-20 16:08
LAB708118,ENC103522,PT13614,GLU,Glucose,101,mg/dL,70,99,H,STAT,2024-04-20 14:31,2024-04-20 15:00,2024-04-20 15:18
LAB708119,ENC103522,PT13614,CREAT,Creatinine,0.86,mg/dL,0.6,1.3,N,Routine,2024-04-20 14:25,2024-04-20 14:45,2024-04-20 17:06
LAB708120,ENC103522,PT13614,WBC,White Blood Cell Count,6.9,K/uL,4.5,11,N,Routine,2024-04-20 15:06,2024-04-20 15:25,2024-04-20 18:14
LAB708121,ENC103522,PT13614,HGB,Hemoglobin,10.9,g/dL,12,17.5,L,Routine,2024-04-20 15:14,2024-04-20 15:49,2024-04-20 22:05
LAB708122,ENC103524,PT13290,GLU,Glucose,92,mg/dL,70,99,N,STAT,2024-04-20 17:58,2024-04-20 18:05,2024-04-20 19:16
LAB708123,ENC103524,PT13290,CREAT,Creatinine,3.62,mg/dL,0.6,1.3,H,STAT,2024-04-20 18:43,2024-04-20 19:04,2024-04-20 20:13
LAB708124,ENC103524,PT13290,WBC,White Blood Cell Count,9.2,K/uL,4.5,11,N,Routine,2024-04-20 18:28,2024-04-20 18:38,2024-04-20 22:58
LAB708125,ENC103524,PT13290,HGB,Hemoglobin,11.1,g/dL,12,17.5,L,Routine,2024-04-20 18:38,2024-04-20 19:04,2024-04-20 21:14
LAB708126,ENC103524,PT13290,NA,Sodium,138,mmol/L,136,145,N,Routine,2024-04-20 18:19,2024-04-20 18:33,2024-04-20 19:55
LAB708127,ENC103524,PT13290,K,Potassium,5.2,mmol/L,3.5,5.1,H,STAT,2024-04-20 18:18,2024-04-20 18:28,2024-04-20 19:48
LAB708128,ENC103525,PT11401,GLU,Glucose,175,mg/dL,70,99,H,STAT,2024-04-20 15:58,2024-04-20 16:19,2024-04-20 17:31
LAB708129,ENC103525,PT11401,CREAT,Creatinine,1.03,mg/dL,0.6,1.3,N,Routine,2024-04-20 15:49,2024-04-20 16:21,2024-04-20 23:20
LAB708130,ENC103525,PT11401,WBC,White Blood Cell Count,5.8,K/uL,4.5,11,N,Routine,2024-04-20 16:02,2024-04-20 16:34,2024-04-20 19:56
LAB708131,ENC103525,PT11401,HGB,Hemoglobin,13.1,g/dL,12,17.5,N,Routine,2024-04-20 16:01,2024-04-20 16:28,2024-04-20 19:56
LAB708132,ENC103525,PT11401,NA,Sodium,137,mmol/L,136,145,N,STAT,2024-04-20 16:16,2024-04-20 16:25,2024-04-20 16:58
LAB708133,ENC103525,PT11401,K,Potassium,4.4,mmol/L,3.5,5.1,N,STAT,2024-04-20 16:18,2024-04-20 16:53,2024-04-20 17:58
LAB708134,ENC103528,PT12794,GLU,Glucose,142,mg/dL,70,99,H,STAT,2024-04-20 22:03,2024-04-20 22:32,2024-04-20 23:15
LAB708135,ENC103528,PT12794,CREAT,Creatinine,0.87,mg/dL,0.6,1.3,N,STAT,2024-04-20 21:38,2024-04-20 21:50,2024-04-20 22:39
LAB708136,ENC103528,PT12794,WBC,White Blood Cell Count,16.9,K/uL,4.5,11,H,Routine,2024-04-20 22:04,2024-04-20 22:22,2024-04-21 01:02
LAB708137,ENC103528,PT12794,HGB,Hemoglobin,14.8,g/dL,12,17.5,N,Routine,2024-04-20 21:58,2024-04-20 22:20,2024-04-20 23:51
LAB708138,ENC103529,PT11962,GLU,Glucose,128,mg/dL,70,99,H,Routine,2024-04-20 21:37,2024-04-20 21:58,2024-04-21 01:33
LAB708139,ENC103529,PT11962,CREAT,Creatinine,0.4,mg/dL,0.6,1.3,L,STAT,2024-04-20 21:12,2024-04-20 21:43,2024-04-20 22:28
LAB708140,ENC103529,PT11962,WBC,White Blood Cell Count,8.4,K/uL,4.5,11,N,Routine,2024-04-20 21:50,2024-04-20 22:24,2024-04-21 01:32
LAB708141,ENC103529,PT11962,HGB,Hemoglobin,14.7,g/dL,12,17.5,N,STAT,2024-04-20 21:10,2024-04-20 21:25,2024-04-20 21:56
LAB708142,ENC103530,PT10472,GLU,Glucose,116,mg/dL,70,99,H,Routine,2024-04-21 02:02,2024-04-21 02:15,2024-04-21 06:10
LAB708143,ENC103530,PT10472,CREAT,Creatinine,1.17,mg/dL,0.6,1.3,N,STAT,2024-04-21 01:46,2024-04-21 02:03,2024-04-21 02:48
LAB708144,ENC103530,PT10472,WBC,White Blood Cell Count,7.6,K/uL,4.5,11,N,Routine,2024-04-21 01:56,2024-04-21 02:17,2024-04-21 05:33
LAB708145,ENC103530,PT10472,HGB,Hemoglobin,14,g/dL,12,17.5,N,Routine,2024-04-21 01:44,2024-04-21 02:17,2024-04-21 04:26
LAB708146,ENC103532,PT11932,GLU,Glucose,90,mg/dL,70,99,N,Routine,2024-04-21 04:21,2024-04-21 04:30,2024-04-21 06:02
LAB708147,ENC103532,PT11932,CREAT,Creatinine,0.96,mg/dL,0.6,1.3,N,STAT,2024-04-21 04:30,2024-04-21 05:04,2024-04-21 06:55
LAB708148,ENC103532,PT11932,WBC,White Blood Cell Count,5.2,K/uL,4.5,11,N,Routine,2024-04-21 04:20,2024-04-21 04:53,2024-04-21 06:23
LAB708149,ENC103532,PT11932,HGB,Hemoglobin,12.8,g/dL,12,17.5,N,Routine,2024-04-21 04:31,2024-04-21 04:52,2024-04-21 06:18
LAB708150,ENC103532,PT11932,NA,Sodium,136,mmol/L,136,145,N,Routine,2024-04-21 04:31,2024-04-21 04:56,2024-04-21 07:14
LAB708151,ENC103532,PT11932,K,Potassium,3.9,mmol/L,3.5,5.1,N,STAT,2024-04-21 04:15,2024-04-21 04:35,2024-04-21 05:12
LAB708152,ENC103533,PT11248,GLU,Glucose,269,mg/dL,70,99,H,STAT,2024-04-21 09:50,2024-04-21 10:06,2024-04-21 10:52
LAB708153,ENC103533,PT11248,CREAT,Creatinine,0.78,mg/dL,0.6,1.3,N,STAT,2024-04-21 09:50,2024-04-21 10:03,2024-04-21 11:05
LAB708154,ENC103533,PT11248,WBC,White Blood Cell Count,9.7,K/uL,4.5,11,N,Routine,2024-04-21 10:36,2024-04-21 11:08,2024-04-21 12:35
LAB708155,ENC103533,PT11248,HGB,Hemoglobin,13.8,g/dL,12,17.5,N,Routine,2024-04-21 09:47,2024-04-21 09:55,2024-04-21 11:56
LAB708156,ENC103535,PT10520,GLU,Glucose,93,mg/dL,70,99,N,STAT,2024-04-21 14:56,2024-04-21 15:16,2024-04-21 15:37
LAB708157,ENC103535,PT10520,CREAT,Creatinine,1.07,mg/dL,0.6,1.3,N,STAT,2024-04-21 14:51,2024-04-21 15:06,2024-04-21 15:56
LAB708158,ENC103535,PT10520,WBC,White Blood Cell Count,8.3,K/uL,4.5,11,N,STAT,2024-04-21 13:59,2024-04-21 14:11,2024-04-21 15:08
LAB708159,ENC103535,PT10520,HGB,Hemoglobin,16,g/dL,12,17.5,N,Routine,2024-04-21 13:55,2024-04-21 14:26,2024-04-21 18:45
LAB708160,ENC103535,PT10520,NA,Sodium,140,mmol/L,136,145,N,Routine,2024-04-21 14:12,2024-04-21 14:34,2024-04-21 18:13
LAB708161,ENC103535,PT10520,K,Potassium,4,mmol/L,3.5,5.1,N,STAT,2024-04-21 14:57,2024-04-21 15:31,2024-04-21 16:28
LAB708162,ENC103536,PT11580,GLU,Glucose,171,mg/dL,70,99,H,STAT,2024-04-21 10:53,2024-04-21 11:18,2024-04-21 11:52
LAB708163,ENC103536,PT11580,CREAT,Creatinine,1.01,mg/dL,0.6,1.3,N,STAT,2024-04-21 10:33,2024-04-21 10:44,2024-04-21 11:18
LAB708164,ENC103536,PT11580,WBC,White Blood Cell Count,5.9,K/uL,4.5,11,N,STAT,2024-04-21 10:36,2024-04-21 10:44,2024-04-21 11:21
LAB708165,ENC103538,PT11216,GLU,Glucose,196,mg/dL,70,99,H,STAT,2024-04-21 13:12,2024-04-21 13:44,2024-04-21 14:22
LAB708166,ENC103538,PT11216,CREAT,Creatinine,1.05,mg/dL,0.6,1.3,N,STAT,2024-04-21 13:03,2024-04-21 13:08,2024-04-21 14:16
LAB708167,ENC103538,PT11216,WBC,White Blood Cell Count,7.1,K/uL,4.5,11,N,STAT,2024-04-21 12:30,2024-04-21 13:00,2024-04-21 14:14
LAB708168,ENC103538,PT11216,HGB,Hemoglobin,10,g/dL,12,17.5,L,STAT,2024-04-21 12:52,2024-04-21 13:02,2024-04-21 13:58
LAB708169,ENC103539,PT13248,GLU,Glucose,107,mg/dL,70,99,H,STAT,2024-04-21 18:26,2024-04-21 18:40,2024-04-21 19:38
LAB708170,ENC103539,PT13248,CREAT,Creatinine,1.04,mg/dL,0.6,1.3,N,Routine,2024-04-21 17:30,2024-04-21 17:38,2024-04-21 23:22
LAB708171,ENC103539,PT13248,WBC,White Blood Cell Count,6.7,K/uL,4.5,11,N,STAT,2024-04-21 17:54,2024-04-21 18:13,2024-04-21 19:07
LAB708172,ENC103539,PT13248,HGB,Hemoglobin,16.4,g/dL,12,17.5,N,STAT,2024-04-21 18:13,2024-04-21 18:39,2024-04-21 19:19
LAB708173,ENC103540,PT12570,GLU,Glucose,130,mg/dL,70,99,H,Routine,2024-04-21 18:20,2024-04-21 18:29,2024-04-21 22:15
LAB708174,ENC103540,PT12570,CREAT,Creatinine,1.13,mg/dL,0.6,1.3,N,STAT,2024-04-21 18:11,2024-04-21 18:25,2024-04-21 19:05
LAB708175,ENC103540,PT12570,WBC,White Blood Cell Count,11.2,K/uL,4.5,11,H,STAT,2024-04-21 18:04,2024-04-21 18:08,2024-04-21 19:03
LAB708176,ENC103540,PT12570,HGB,Hemoglobin,15.5,g/dL,12,17.5,N,Routine,2024-04-21 18:06,2024-04-21 18:29,2024-04-21 20:12
LAB708177,ENC103540,PT12570,BUN,Blood Urea Nitrogen,15,mg/dL,7,20,N,STAT,2024-04-21 18:25,2024-04-21 18:46,2024-04-21 19:28
LAB708178,ENC103540,PT12570,PLT,Platelet Count,225,K/uL,150,400,N,STAT,2024-04-21 17:54,2024-04-21 17:58,2024-04-21 18:48
LAB708179,ENC103543,PT13277,GLU,Glucose,107,mg/dL,70,99,H,STAT,2024-04-21 21:01,2024-04-21 21:14,2024-04-21 22:38
LAB708180,ENC103543,PT13277,CREAT,Creatinine,4.14,mg/dL,0.6,1.3,H,STAT,2024-04-21 20:25,2024-04-21 20:39,2024-04-21 21:54
LAB708181,ENC103543,PT13277,WBC,White Blood Cell Count,4.5,K/uL,4.5,11,N,Routine,2024-04-21 20:21,2024-04-21 20:45,2024-04-21 21:48
LAB708182,ENC103543,PT13277,HGB,Hemoglobin,14.7,g/dL,12,17.5,N,STAT,2024-04-21 20:48,2024-04-21 21:04,2024-04-21 22:12
LAB708183,ENC103543,PT13277,NA,Sodium,145,mmol/L,136,145,N,STAT,2024-04-21 20:53,2024-04-21 21:26,2024-04-21 22:20
LAB708184,ENC103543,PT13277,K,Potassium,4.8,mmol/L,3.5,5.1,N,STAT,2024-04-21 21:06,2024-04-21 21:38,2024-04-21 22:06
LAB708185,ENC103544,PT11473,GLU,Glucose,81,mg/dL,70,99,N,STAT,2024-04-21 16:32,2024-04-21 16:39,2024-04-21 17:27
LAB708186,ENC103544,PT11473,CREAT,Creatinine,0.65,mg/dL,0.6,1.3,N,STAT,2024-04-21 16:37,2024-04-21 17:03,2024-04-21 17:31
LAB708187,ENC103546,PT13495,GLU,Glucose,115,mg/dL,70,99,H,Routine,2024-04-21 16:40,2024-04-21 17:05,2024-04-21 20:03
LAB708188,ENC103546,PT13495,CREAT,Creatinine,1.07,mg/dL,0.6,1.3,N,Routine,2024-04-21 17:38,2024-04-21 17:58,2024-04-21 21:33
LAB708189,ENC103546,PT13495,WBC,White Blood Cell Count,7.3,K/uL,4.5,11,N,STAT,2024-04-21 17:07,2024-04-21 17:16,2024-04-21 18:39
LAB708190,ENC103546,PT13495,HGB,Hemoglobin,16.3,g/dL,12,17.5,N,Routine,2024-04-21 17:22,2024-04-21 17:30,2024-04-21 18:29
LAB708191,ENC103546,PT13495,INR,Prothrombin Time INR,1,ratio,0.8,1.2,N,STAT,2024-04-21 17:23,2024-04-21 17:54,2024-04-21 18:42
LAB708192,ENC103547,PT10459,GLU,Glucose,95,mg/dL,70,99,N,STAT,2024-04-21 21:26,2024-04-21 21:57,2024-04-21 22:47
LAB708193,ENC103547,PT10459,CREAT,Creatinine,0.88,mg/dL,0.6,1.3,N,Routine,2024-04-21 21:01,2024-04-21 21:15,2024-04-22 01:01
LAB708194,ENC103547,PT10459,WBC,White Blood Cell Count,13.8,K/uL,4.5,11,H,STAT,2024-04-21 21:29,2024-04-21 22:03,2024-04-21 22:28
LAB708195,ENC103547,PT10459,HGB,Hemoglobin,13.3,g/dL,12,17.5,N,STAT,2024-04-21 22:03,2024-04-21 22:18,2024-04-21 22:48
LAB708196,ENC103547,PT10459,NA,Sodium,137,mmol/L,136,145,N,Routine,2024-04-21 21:44,2024-04-21 22:05,2024-04-21 23:56
LAB708197,ENC103547,PT10459,K,Potassium,4.2,mmol/L,3.5,5.1,N,STAT,2024-04-21 21:42,2024-04-21 22:07,2024-04-21 22:49
LAB708198,ENC103548,PT13391,GLU,Glucose,107,mg/dL,70,99,H,Routine,2024-04-21 17:50,2024-04-21 18:07,2024-04-21 22:50
LAB708199,ENC103548,PT13391,CREAT,Creatinine,0.9,mg/dL,0.6,1.3,N,STAT,2024-04-21 17:43,2024-04-21 17:55,2024-04-21 18:28
LAB708200,ENC103548,PT13391,WBC,White Blood Cell Count,6.2,K/uL,4.5,11,N,STAT,2024-04-21 17:57,2024-04-21 18:07,2024-04-21 18:46
LAB708201,ENC103548,PT13391,TROP,"Troponin I, High Sensitivity",0,ng/L,0,34,N,STAT,2024-04-21 18:23,2024-04-21 18:54,2024-04-21 19:56
LAB708202,ENC103549,PT13090,GLU,Glucose,168,mg/dL,70,99,H,Routine,2024-04-21 21:03,2024-04-21 21:28,2024-04-21 23:00
LAB708203,ENC103549,PT13090,CREAT,Creatinine,1.16,mg/dL,0.6,1.3,N,Routine,2024-04-21 20:43,2024-04-21 21:13,2024-04-21 22:53
LAB708204,ENC103549,PT13090,WBC,White Blood Cell Count,6.7,K/uL,4.5,11,N,STAT,2024-04-21 21:10,2024-04-21 21:45,2024-04-21 22:22
LAB708205,ENC103549,PT13090,HGB,Hemoglobin,16.5,g/dL,12,17.5,N,STAT,2024-04-21 20:40,2024-04-21 21:00,2024-04-21 21:57
LAB708206,ENC103549,PT13090,NA,Sodium,123,mmol/L,136,145,L,Routine,2024-04-21 21:35,2024-04-21 22:03,2024-04-22 00:55
LAB708207,ENC103549,PT13090,K,Potassium,4.5,mmol/L,3.5,5.1,N,STAT,2024-04-21 20:48,2024-04-21 21:14,2024-04-21 22:04
LAB708208,ENC103552,PT10152,GLU,Glucose,108,mg/dL,70,99,H,Routine,2024-04-21 23:16,2024-04-21 23:32,2024-04-22 04:24
LAB708209,ENC103552,PT10152,CREAT,Creatinine,0.53,mg/dL,0.6,1.3,L,STAT,2024-04-21 23:44,2024-04-22 00:11,2024-04-22 00:57
LAB708210,ENC103552,PT10152,WBC,White Blood Cell Count,7.3,K/uL,4.5,11,N,STAT,2024-04-21 23:27,2024-04-21 23:39,2024-04-22 00:18
LAB708211,ENC103552,PT10152,HGB,Hemoglobin,10.3,g/dL,12,17.5,L,Routine,2024-04-22 00:13,2024-04-22 00:42,2024-04-22 01:36
LAB708212,ENC103552,PT10152,TROP,"Troponin I, High Sensitivity",4,ng/L,0,34,N,STAT,2024-04-21 23:52,2024-04-22 00:12,2024-04-22 01:00
LAB708213,ENC103553,PT12075,GLU,Glucose,117,mg/dL,70,99,H,Routine,2024-04-22 03:07,2024-04-22 03:42,2024-04-22 05:07
LAB708214,ENC103553,PT12075,CREAT,Creatinine,0.77,mg/dL,0.6,1.3,N,Routine,2024-04-22 03:44,2024-04-22 03:55,2024-04-22 07:09
LAB708215,ENC103553,PT12075,WBC,White Blood Cell Count,7.5,K/uL,4.5,11,N,STAT,2024-04-22 03:18,2024-04-22 03:44,2024-04-22 04:30
LAB708216,ENC103553,PT12075,HGB,Hemoglobin,17.8,g/dL,12,17.5,H,STAT,2024-04-22 03:35,2024-04-22 04:07,2024-04-22 05:02
LAB708217,ENC103553,PT12075,TROP,"Troponin I, High Sensitivity",544,ng/L,0,34,H,STAT,2024-04-22 03:30,2024-04-22 03:49,2024-04-22 04:15
LAB708218,ENC103554,PT10043,GLU,Glucose,95,mg/dL,70,99,N,STAT,2024-04-22 03:15,2024-04-22 03:27,2024-04-22 04:01
LAB708219,ENC103554,PT10043,CREAT,Creatinine,1.09,mg/dL,0.6,1.3,N,STAT,2024-04-22 03:10,2024-04-22 03:45,2024-04-22 04:45
LAB708220,ENC103554,PT10043,WBC,White Blood Cell Count,7,K/uL,4.5,11,N,STAT,2024-04-22 03:40,2024-04-22 03:47,2024-04-22 05:30
LAB708221,ENC103554,PT10043,HGB,Hemoglobin,14.1,g/dL,12,17.5,N,STAT,2024-04-22 03:49,2024-04-22 04:22,2024-04-22 04:54
LAB708222,ENC103554,PT10043,TROP,"Troponin I, High Sensitivity",8,ng/L,0,34,N,STAT,2024-04-22 04:06,2024-04-22 04:15,2024-04-22 04:40
LAB708223,ENC103556,PT11131,GLU,Glucose,112,mg/dL,70,99,H,Routine,2024-04-22 09:32,2024-04-22 10:02,2024-04-22 13:05
LAB708224,ENC103556,PT11131,CREAT,Creatinine,1.04,mg/dL,0.6,1.3,N,Routine,2024-04-22 08:45,2024-04-22 08:59,2024-04-22 10:48
LAB708225,ENC103556,PT11131,WBC,White Blood Cell Count,10,K/uL,4.5,11,N,Routine,2024-04-22 09:32,2024-04-22 09:55,2024-04-22 13:43
LAB708226,ENC103556,PT11131,HGB,Hemoglobin,12.9,g/dL,12,17.5,N,Routine,2024-04-22 09:06,2024-04-22 09:40,2024-04-22 13:09
LAB708227,ENC103556,PT11131,TROP,"Troponin I, High Sensitivity",3,ng/L,0,34,N,STAT,2024-04-22 09:31,2024-04-22 09:47,2024-04-22 10:17
LAB708228,ENC103556,PT11131,BNP,B-Type Natriuretic Peptide,913,pg/mL,0,100,H,STAT,2024-04-22 09:32,2024-04-22 09:56,2024-04-22 11:06
LAB708229,ENC103557,PT11219,A1C,Hemoglobin A1c,9.3,%,4,5.6,H,Routine,2024-04-22 08:22,2024-04-22 08:26,2024-04-22 20:22
LAB708230,ENC103557,PT11219,GLU,Glucose,376,mg/dL,70,99,H,Routine,2024-04-22 08:09,2024-04-22 08:21,2024-04-22 10:36
LAB708231,ENC103557,PT11219,CREAT,Creatinine,0.64,mg/dL,0.6,1.3,N,Routine,2024-04-22 08:28,2024-04-22 08:50,2024-04-22 11:11
LAB708232,ENC103560,PT10472,WBC,White Blood Cell Count,5.6,K/uL,4.5,11,N,Routine,2024-04-22 10:43,2024-04-22 11:18,2024-04-22 15:00
LAB708233,ENC103560,PT10472,HGB,Hemoglobin,13.1,g/dL,12,17.5,N,Routine,2024-04-22 10:37,2024-04-22 11:12,2024-04-22 12:55
LAB708234,ENC103560,PT10472,PLT,Platelet Count,288,K/uL,150,400,N,Routine,2024-04-22 10:22,2024-04-22 10:39,2024-04-22 12:36
LAB708235,ENC103561,PT12622,A1C,Hemoglobin A1c,6.2,%,4,5.6,H,Routine,2024-04-22 10:36,2024-04-22 11:07,2024-04-22 22:29
LAB708236,ENC103561,PT12622,GLU,Glucose,205,mg/dL,70,99,H,Routine,2024-04-22 10:51,2024-04-22 10:58,2024-04-22 14:02
LAB708237,ENC103561,PT12622,CREAT,Creatinine,0.94,mg/dL,0.6,1.3,N,Routine,2024-04-22 10:49,2024-04-22 10:57,2024-04-22 13:50
LAB708238,ENC103566,PT11238,LDL,LDL Cholesterol,111,mg/dL,0,99,H,Routine,2024-04-22 11:38,2024-04-22 11:48,2024-04-22 23:48
LAB708239,ENC103566,PT11238,A1C,Hemoglobin A1c,5.7,%,4,5.6,H,Routine,2024-04-22 11:23,2024-04-22 11:46,2024-04-23 01:29
LAB708240,ENC103567,PT12416,GLU,Glucose,165,mg/dL,70,99,H,Routine,2024-04-22 12:27,2024-04-22 12:59,2024-04-22 19:45
LAB708241,ENC103567,PT12416,CREAT,Creatinine,0.61,mg/dL,0.6,1.3,N,STAT,2024-04-22 11:58,2024-04-22 12:12,2024-04-22 13:13
LAB708242,ENC103567,PT12416,WBC,White Blood Cell Count,19.5,K/uL,4.5,11,H,STAT,2024-04-22 11:38,2024-04-22 11:55,2024-04-22 12:33
LAB708243,ENC103567,PT12416,HGB,Hemoglobin,13.9,g/dL,12,17.5,N,Routine,2024-04-22 12:28,2024-04-22 12:54,2024-04-22 15:57
LAB708244,ENC103567,PT12416,LACT,Lactate,9.4,mmol/L,0.5,2,HH,STAT,2024-04-22 11:56,2024-04-22 12:15,2024-04-22 13:04
LAB708245,ENC103569,PT10317,LDL,LDL Cholesterol,74,mg/dL,0,99,N,Routine,2024-04-22 12:30,2024-04-22 12:39,2024-04-23 23:31
LAB708246,ENC103569,PT10317,A1C,Hemoglobin A1c,9,%,4,5.6,H,Routine,2024-04-22 12:11,2024-04-22 12:31,2024-04-23 09:16
LAB708247,ENC103573,PT13002,GLU,Glucose,96,mg/dL,70,99,N,STAT,2024-04-22 13:57,2024-04-22 14:14,2024-04-22 15:20
LAB708248,ENC103573,PT13002,CREAT,Creatinine,1.1,mg/dL,0.6,1.3,N,STAT,2024-04-22 13:40,2024-04-22 14:13,2024-04-22 15:02
LAB708249,ENC103573,PT13002,WBC,White Blood Cell Count,7,K/uL,4.5,11,N,STAT,2024-04-22 13:40,2024-04-22 13:57,2024-04-22 14:44
LAB708250,ENC103573,PT13002,HGB,Hemoglobin,12.9,g/dL,12,17.5,N,Routine,2024-04-22 14:44,2024-04-22 15:03,2024-04-22 17:15
LAB708251,ENC103575,PT13301,LDL,LDL Cholesterol,119,mg/dL,0,99,H,Routine,2024-04-22 13:58,2024-04-22 14:25,2024-04-23 06:54
LAB708252,ENC103575,PT13301,A1C,Hemoglobin A1c,8.6,%,4,5.6,H,Routine,2024-04-22 13:37,2024-04-22 13:53,2024-04-23 10:29
LAB708253,ENC103576,PT10851,WBC,White Blood Cell Count,8.9,K/uL,4.5,11,N,Routine,2024-04-22 13:45,2024-04-22 13:57,2024-04-22 20:55
LAB708254,ENC103576,PT10851,HGB,Hemoglobin,13.5,g/dL,12,17.5,N,Routine,2024-04-22 13:45,2024-04-22 13:51,2024-04-22 16:33
LAB708255,ENC103576,PT10851,PLT,Platelet Count,194,K/uL,150,400,N,Routine,2024-04-22 13:43,2024-04-22 13:56,2024-04-22 17:56
LAB708256,ENC103577,PT13079,GLU,Glucose,102,mg/dL,70,99,H,Routine,2024-04-22 16:43,2024-04-22 17:03,2024-04-22 19:27
LAB708257,ENC103577,PT13079,CREAT,Creatinine,1.01,mg/dL,0.6,1.3,N,STAT,2024-04-22 17:24,2024-04-22 17:38,2024-04-22 18:15
LAB708258,ENC103577,PT13079,WBC,White Blood Cell Count,5.1,K/uL,4.5,11,N,Routine,2024-04-22 17:01,2024-04-22 17:15,2024-04-22 18:59
LAB708259,ENC103577,PT13079,HGB,Hemoglobin,14.4,g/dL,12,17.5,N,Routine,2024-04-22 16:53,2024-04-22 17:12,2024-04-22 20:25
LAB708260,ENC103577,PT13079,INR,Prothrombin Time INR,1.2,ratio,0.8,1.2,N,Routine,2024-04-22 16:36,2024-04-22 16:42,2024-04-22 20:31
LAB708261,ENC103579,PT10330,GLU,Glucose,88,mg/dL,70,99,N,STAT,2024-04-22 14:06,2024-04-22 14:11,2024-04-22 15:16
LAB708262,ENC103579,PT10330,CREAT,Creatinine,0.46,mg/dL,0.6,1.3,L,STAT,2024-04-22 14:48,2024-04-22 15:11,2024-04-22 15:46
LAB708263,ENC103579,PT10330,WBC,White Blood Cell Count,10.1,K/uL,4.5,11,N,Routine,2024-04-22 14:35,2024-04-22 14:56,2024-04-22 17:17
LAB708264,ENC103579,PT10330,HGB,Hemoglobin,12.1,g/dL,12,17.5,N,STAT,2024-04-22 14:13,2024-04-22 14:25,2024-04-22 14:52
LAB708265,ENC103580,PT13903,A1C,Hemoglobin A1c,6,%,4,5.6,H,Routine,2024-04-22 14:20,2024-04-22 14:27,2024-04-23 03:24
LAB708266,ENC103580,PT13903,GLU,Glucose,131,mg/dL,70,99,H,Routine,2024-04-22 14:17,2024-04-22 14:47,2024-04-22 19:45
LAB708267,ENC103580,PT13903,CREAT,Creatinine,0.8,mg/dL,0.6,1.3,N,Routine,2024-04-22 14:11,2024-04-22 14:23,2024-04-22 19:40
LAB708268,ENC103584,PT13551,GLU,Glucose,93,mg/dL,70,99,N,Routine,2024-04-22 16:13,2024-04-22 16:23,2024-04-22 20:40
LAB708269,ENC103584,PT13551,CREAT,Creatinine,0.86,mg/dL,0.6,1.3,N,STAT,2024-04-22 15:40,2024-04-22 15:46,2024-04-22 16:49
LAB708270,ENC103584,PT13551,WBC,White Blood Cell Count,8.6,K/uL,4.5,11,N,Routine,2024-04-22 16:12,2024-04-22 16:17,2024-04-22 18:32
LAB708271,ENC103584,PT13551,HGB,Hemoglobin,13.2,g/dL,12,17.5,N,STAT,2024-04-22 16:25,2024-04-22 16:42,2024-04-22 17:10
LAB708272,ENC103584,PT13551,NA,Sodium,140,mmol/L,136,145,N,STAT,2024-04-22 16:23,2024-04-22 16:50,2024-04-22 17:42
LAB708273,ENC103584,PT13551,K,Potassium,4.2,mmol/L,3.5,5.1,N,STAT,2024-04-22 15:49,2024-04-22 16:22,2024-04-22 16:46
LAB708274,ENC103584,PT13551,LACT,Lactate,2.3,mmol/L,0.5,2,H,STAT,2024-04-22 16:28,2024-04-22 16:49,2024-04-22 17:48
LAB708275,ENC103587,PT10988,GLU,Glucose,122,mg/dL,70,99,H,STAT,2024-04-22 17:29,2024-04-22 17:49,2024-04-22 18:26
LAB708276,ENC103587,PT10988,CREAT,Creatinine,0.79,mg/dL,0.6,1.3,N,STAT,2024-04-22 17:04,2024-04-22 17:20,2024-04-22 17:42
LAB708277,ENC103587,PT10988,WBC,White Blood Cell Count,7.8,K/uL,4.5,11,N,Routine,2024-04-22 17:57,2024-04-22 18:22,2024-04-22 21:19
LAB708278,ENC103587,PT10988,HGB,Hemoglobin,12.4,g/dL,12,17.5,N,STAT,2024-04-22 18:02,2024-04-22 18:17,2024-04-22 19:05
LAB708279,ENC103587,PT10988,NA,Sodium,138,mmol/L,136,145,N,Routine,2024-04-22 18:01,2024-04-22 18:23,2024-04-22 23:37
LAB708280,ENC103587,PT10988,K,Potassium,3.8,mmol/L,3.5,5.1,N,STAT,2024-04-22 18:05,2024-04-22 18:21,2024-04-22 19:20
LAB708281,ENC103587,PT10988,INR,Prothrombin Time INR,1.2,ratio,0.8,1.2,N,STAT,2024-04-22 17:05,2024-04-22 17:12,2024-04-22 18:23
LAB708282,ENC103588,PT11361,GLU,Glucose,115,mg/dL,70,99,H,Routine,2024-04-22 20:39,2024-04-22 21:09,2024-04-23 01:50
LAB708283,ENC103588,PT11361,CREAT,Creatinine,1.65,mg/dL,0.6,1.3,H,STAT,2024-04-22 21:07,2024-04-22 21:39,2024-04-22 23:08
LAB708284,ENC103588,PT11361,WBC,White Blood Cell Count,7.1,K/uL,4.5,11,N,STAT,2024-04-22 20:31,2024-04-22 20:57,2024-04-22 21:40
LAB708285,ENC103588,PT11361,HGB,Hemoglobin,10.2,g/dL,12,17.5,L,Routine,2024-04-22 20:26,2024-04-22 20:46,2024-04-23 01:29
LAB708286,ENC103588,PT11361,NA,Sodium,136,mmol/L,136,145,N,STAT,2024-04-22 21:07,2024-04-22 21:12,2024-04-22 22:19
LAB708287,ENC103588,PT11361,K,Potassium,3.9,mmol/L,3.5,5.1,N,STAT,2024-04-22 20:30,2024-04-22 20:42,2024-04-22 21:13
LAB708288,ENC103590,PT13508,GLU,Glucose,409,mg/dL,70,99,H,Routine,2024-04-22 21:39,2024-04-22 21:57,2024-04-22 23:47
LAB708289,ENC103590,PT13508,CREAT,Creatinine,1.22,mg/dL,0.6,1.3,N,Routine,2024-04-22 21:54,2024-04-22 21:58,2024-04-22 23:56
LAB708290,ENC103590,PT13508,WBC,White Blood Cell Count,7.5,K/uL,4.5,11,N,Routine,2024-04-22 21:03,2024-04-22 21:30,2024-04-22 23:14
LAB708291,ENC103590,PT13508,HGB,Hemoglobin,13.2,g/dL,12,17.5,N,Routine,2024-04-22 22:01,2024-04-22 22:08,2024-04-23 02:38
LAB708292,ENC103590,PT13508,A1C,Hemoglobin A1c,9.3,%,4,5.6,H,STAT,2024-04-22 21:44,2024-04-22 22:16,2024-04-22 23:00
LAB708293,ENC103591,PT12710,GLU,Glucose,124,mg/dL,70,99,H,STAT,2024-04-22 23:04,2024-04-22 23:37,2024-04-23 00:15
LAB708294,ENC103591,PT12710,CREAT,Creatinine,0.49,mg/dL,0.6,1.3,L,STAT,2024-04-22 22:14,2024-04-22 22:21,2024-04-22 23:02
LAB708295,ENC103591,PT12710,WBC,White Blood Cell Count,8.1,K/uL,4.5,11,N,STAT,2024-04-22 23:16,2024-04-22 23:31,2024-04-23 00:06
LAB708296,ENC103591,PT12710,HGB,Hemoglobin,12.2,g/dL,12,17.5,N,Routine,2024-04-22 22:49,2024-04-22 23:19,2024-04-23 01:26
LAB708297,ENC103594,PT10549,GLU,Glucose,273,mg/dL,70,99,H,Routine,2024-04-23 01:39,2024-04-23 02:03,2024-04-23 03:39
LAB708298,ENC103594,PT10549,CREAT,Creatinine,0.86,mg/dL,0.6,1.3,N,STAT,2024-04-23 01:43,2024-04-23 02:09,2024-04-23 03:46
LAB708299,ENC103594,PT10549,WBC,White Blood Cell Count,9.8,K/uL,4.5,11,N,STAT,2024-04-23 01:22,2024-04-23 01:42,2024-04-23 03:15
LAB708300,ENC103594,PT10549,HGB,Hemoglobin,13,g/dL,12,17.5,N,Routine,2024-04-23 01:46,2024-04-23 02:04,2024-04-23 03:50
LAB708301,ENC103599,PT12098,WBC,White Blood Cell Count,7,K/uL,4.5,11,N,Routine,2024-04-23 09:55,2024-04-23 10:25,2024-04-23 12:36
LAB708302,ENC103599,PT12098,HGB,Hemoglobin,14.4,g/dL,12,17.5,N,Routine,2024-04-23 09:55,2024-04-23 10:18,2024-04-23 12:19
LAB708303,ENC103599,PT12098,PLT,Platelet Count,280,K/uL,150,400,N,Routine,2024-04-23 10:05,2024-04-23 10:17,2024-04-23 18:23
LAB708304,ENC103602,PT12119,WBC,White Blood Cell Count,7,K/uL,4.5,11,N,Routine,2024-04-23 10:33,2024-04-23 10:37,2024-04-23 13:09
LAB708305,ENC103602,PT12119,HGB,Hemoglobin,12.8,g/dL,12,17.5,N,Routine,2024-04-23 10:39,2024-04-23 11:09,2024-04-23 16:47
LAB708306,ENC103602,PT12119,PLT,Platelet Count,214,K/uL,150,400,N,Routine,2024-04-23 10:25,2024-04-23 10:59,2024-04-23 14:33
LAB708307,ENC103603,PT11832,A1C,Hemoglobin A1c,8.3,%,4,5.6,H,Routine,2024-04-23 10:51,2024-04-23 11:13,2024-04-23 22:32
LAB708308,ENC103603,PT11832,GLU,Glucose,188,mg/dL,70,99,H,Routine,2024-04-23 10:44,2024-04-23 11:19,2024-04-23 13:25
LAB708309,ENC103603,PT11832,CREAT,Creatinine,0.72,mg/dL,0.6,1.3,N,Routine,2024-04-23 10:42,2024-04-23 10:56,2024-04-23 16:55
LAB708310,ENC103607,PT11688,GLU,Glucose,92,mg/dL,70,99,N,Routine,2024-04-23 12:56,2024-04-23 13:18,2024-04-23 16:50
LAB708311,ENC103607,PT11688,CREAT,Creatinine,2.26,mg/dL,0.6,1.3,H,Routine,2024-04-23 12:23,2024-04-23 12:40,2024-04-23 17:01
LAB708312,ENC103608,PT13392,GLU,Glucose,82,mg/dL,70,99,N,STAT,2024-04-23 12:46,2024-04-23 13:00,2024-04-23 13:36
LAB708313,ENC103608,PT13392,CREAT,Creatinine,1.74,mg/dL,0.6,1.3,H,Routine,2024-04-23 13:00,2024-04-23 13:07,2024-04-23 17:13
LAB708314,ENC103608,PT13392,WBC,White Blood Cell Count,18.8,K/uL,4.5,11,H,STAT,2024-04-23 12:48,2024-04-23 12:58,2024-04-23 13:32
LAB708315,ENC103608,PT13392,HGB,Hemoglobin,15.8,g/dL,12,17.5,N,Routine,2024-04-23 13:08,2024-04-23 13:35,2024-04-23 15:42
LAB708316,ENC103608,PT13392,LACT,Lactate,5,mmol/L,0.5,2,HH,STAT,2024-04-23 12:39,2024-04-23 13:08,2024-04-23 13:46
LAB708317,ENC103609,PT11568,GLU,Glucose,77,mg/dL,70,99,N,Routine,2024-04-23 13:25,2024-04-23 13:57,2024-04-23 20:52
LAB708318,ENC103609,PT11568,CREAT,Creatinine,1.16,mg/dL,0.6,1.3,N,Routine,2024-04-23 13:44,2024-04-23 14:12,2024-04-23 15:39
LAB708319,ENC103611,PT13948,LDL,LDL Cholesterol,25,mg/dL,0,99,N,Routine,2024-04-23 14:57,2024-04-23 15:01,2024-04-24 11:13
LAB708320,ENC103611,PT13948,A1C,Hemoglobin A1c,5,%,4,5.6,N,Routine,2024-04-23 15:01,2024-04-23 15:16,2024-04-24 03:21
LAB708321,ENC103613,PT11888,LDL,LDL Cholesterol,143,mg/dL,0,99,H,Routine,2024-04-23 15:19,2024-04-23 15:38,2024-04-25 06:02
LAB708322,ENC103613,PT11888,A1C,Hemoglobin A1c,5.3,%,4,5.6,N,Routine,2024-04-23 15:19,2024-04-23 15:49,2024-04-24 14:43
LAB708323,ENC103615,PT11838,GLU,Glucose,113,mg/dL,70,99,H,Routine,2024-04-23 21:35,2024-04-23 21:58,2024-04-24 01:18
LAB708324,ENC103615,PT11838,CREAT,Creatinine,0.68,mg/dL,0.6,1.3,N,STAT,2024-04-23 22:12,2024-04-23 22:29,2024-04-23 23:25
LAB708325,ENC103615,PT11838,WBC,White Blood Cell Count,6.7,K/uL,4.5,11,N,STAT,2024-04-23 22:06,2024-04-23 22:27,2024-04-23 23:11
LAB708326,ENC103615,PT11838,HGB,Hemoglobin,14.7,g/dL,12,17.5,N,STAT,2024-04-23 22:28,2024-04-23 22:37,2024-04-23 23:34
LAB708327,ENC103616,PT10673,GLU,Glucose,439,mg/dL,70,99,H,STAT,2024-04-23 21:23,2024-04-23 21:44,2024-04-23 22:43
LAB708328,ENC103616,PT10673,CREAT,Creatinine,1.01,mg/dL,0.6,1.3,N,STAT,2024-04-23 20:51,2024-04-23 21:00,2024-04-23 21:30
LAB708329,ENC103616,PT10673,WBC,White Blood Cell Count,6.3,K/uL,4.5,11,N,Routine,2024-04-23 21:19,2024-04-23 21:28,2024-04-24 00:01
LAB708330,ENC103616,PT10673,HGB,Hemoglobin,13.1,g/dL,12,17.5,N,STAT,2024-04-23 20:43,2024-04-23 21:15,2024-04-23 22:18
LAB708331,ENC103616,PT10673,NA,Sodium,136,mmol/L,136,145,N,Routine,2024-04-23 20:32,2024-04-23 20:38,2024-04-24 01:25
LAB708332,ENC103616,PT10673,K,Potassium,4.1,mmol/L,3.5,5.1,N,STAT,2024-04-23 21:22,2024-04-23 21:48,2024-04-23 22:29
LAB708333,ENC103616,PT10673,A1C,Hemoglobin A1c,12.1,%,4,5.6,H,STAT,2024-04-23 20:38,2024-04-23 21:02,2024-04-23 22:09
LAB708334,ENC103618,PT13312,GLU,Glucose,131,mg/dL,70,99,H,STAT,2024-04-23 19:28,2024-04-23 19:53,2024-04-23 20:15
LAB708335,ENC103618,PT13312,CREAT,Creatinine,1.01,mg/dL,0.6,1.3,N,STAT,2024-04-23 19:03,2024-04-23 19:34,2024-04-23 20:06
LAB708336,ENC103618,PT13312,WBC,White Blood Cell Count,4.5,K/uL,4.5,11,N,STAT,2024-04-23 19:45,2024-04-23 20:15,2024-04-23 20:42
LAB708337,ENC103619,PT13144,GLU,Glucose,110,mg/dL,70,99,H,Routine,2024-04-23 19:21,2024-04-23 19:38,2024-04-23 23:57
LAB708338,ENC103619,PT13144,CREAT,Creatinine,0.97,mg/dL,0.6,1.3,N,Routine,2024-04-23 20:11,2024-04-23 20:43,2024-04-23 23:33
LAB708339,ENC103619,PT13144,WBC,White Blood Cell Count,6.3,K/uL,4.5,11,N,Routine,2024-04-23 19:46,2024-04-23 20:04,2024-04-23 23:39
LAB708340,ENC103621,PT13786,GLU,Glucose,133,mg/dL,70,99,H,STAT,2024-04-24 00:40,2024-04-24 01:13,2024-04-24 01:50
LAB708341,ENC103621,PT13786,CREAT,Creatinine,0.75,mg/dL,0.6,1.3,N,Routine,2024-04-23 23:53,2024-04-24 00:06,2024-04-24 01:53
LAB708342,ENC103621,PT13786,WBC,White Blood Cell Count,8.5,K/uL,4.5,11,N,Routine,2024-04-24 00:40,2024-04-24 01:02,2024-04-24 04:33
LAB708343,ENC103621,PT13786,HGB,Hemoglobin,9.3,g/dL,12,17.5,L,STAT,2024-04-23 23:47,2024-04-23 23:56,2024-04-24 00:34
LAB708344,ENC103621,PT13786,LACT,Lactate,1.8,mmol/L,0.5,2,N,STAT,2024-04-24 00:15,2024-04-24 00:46,2024-04-24 01:27
LAB708345,ENC103621,PT13786,INR,Prothrombin Time INR,1.2,ratio,0.8,1.2,N,STAT,2024-04-23 23:54,2024-04-24 00:05,2024-04-24 00:42
LAB708346,ENC103623,PT13877,GLU,Glucose,304,mg/dL,70,99,H,STAT,2024-04-24 03:49,2024-04-24 03:58,2024-04-24 05:03
LAB708347,ENC103623,PT13877,CREAT,Creatinine,1.47,mg/dL,0.6,1.3,H,Routine,2024-04-24 03:31,2024-04-24 03:47,2024-04-24 09:14
LAB708348,ENC103623,PT13877,WBC,White Blood Cell Count,12.2,K/uL,4.5,11,H,Routine,2024-04-24 03:33,2024-04-24 03:45,2024-04-24 07:39
LAB708349,ENC103623,PT13877,HGB,Hemoglobin,14.6,g/dL,12,17.5,N,Routine,2024-04-24 04:29,2024-04-24 04:54,2024-04-24 06:43
LAB708350,ENC103623,PT13877,LACT,Lactate,3.1,mmol/L,0.5,2,H,STAT,2024-04-24 04:16,2024-04-24 04:39,2024-04-24 04:59
LAB708351,ENC103624,PT10471,GLU,Glucose,147,mg/dL,70,99,H,Routine,2024-04-24 01:53,2024-04-24 01:58,2024-04-24 05:30
LAB708352,ENC103624,PT10471,CREAT,Creatinine,0.96,mg/dL,0.6,1.3,N,Routine,2024-04-24 02:37,2024-04-24 02:59,2024-04-24 04:51
LAB708353,ENC103624,PT10471,WBC,White Blood Cell Count,5.3,K/uL,4.5,11,N,STAT,2024-04-24 02:26,2024-04-24 02:47,2024-04-24 03:48
LAB708354,ENC103627,PT12034,GLU,Glucose,108,mg/dL,70,99,H,Routine,2024-04-24 11:41,2024-04-24 11:47,2024-04-24 17:35
LAB708355,ENC103627,PT12034,CREAT,Creatinine,5.58,mg/dL,0.6,1.3,H,STAT,2024-04-24 11:54,2024-04-24 12:05,2024-04-24 12:45
LAB708356,ENC103627,PT12034,WBC,White Blood Cell Count,6.2,K/uL,4.5,11,N,Routine,2024-04-24 11:51,2024-04-24 12:23,2024-04-24 21:46
LAB708357,ENC103627,PT12034,HGB,Hemoglobin,10.5,g/dL,12,17.5,L,STAT,2024-04-24 12:00,2024-04-24 12:06,2024-04-24 12:39
LAB708358,ENC103627,PT12034,NA,Sodium,138,mmol/L,136,145,N,STAT,2024-04-24 12:00,2024-04-24 12:18,2024-04-24 13:16
LAB708359,ENC103627,PT12034,K,Potassium,6.4,mmol/L,3.5,5.1,HH,STAT,2024-04-24 12:46,2024-04-24 13:15,2024-04-24 14:17
LAB708360,ENC103629,PT11873,TROP,"Troponin I, High Sensitivity",53,ng/L,0,34,H,STAT,2024-04-24 09:58,2024-04-24 10:23,2024-04-24 11:12
LAB708361,ENC103631,PT12433,GLU,Glucose,106,mg/dL,70,99,H,STAT,2024-04-24 14:22,2024-04-24 14:52,2024-04-24 15:39
LAB708362,ENC103631,PT12433,CREAT,Creatinine,1.15,mg/dL,0.6,1.3,N,STAT,2024-04-24 13:45,2024-04-24 14:02,2024-04-24 14:23
LAB708363,ENC103631,PT12433,WBC,White Blood Cell Count,11.4,K/uL,4.5,11,H,Routine,2024-04-24 14:03,2024-04-24 14:22,2024-04-24 19:27
LAB708364,ENC103631,PT12433,HGB,Hemoglobin,12.4,g/dL,12,17.5,N,Routine,2024-04-24 13:46,2024-04-24 14:20,2024-04-24 15:28
LAB708365,ENC103634,PT12908,A1C,Hemoglobin A1c,7.3,%,4,5.6,H,Routine,2024-04-24 12:54,2024-04-24 13:04,2024-04-25 06:32
LAB708366,ENC103636,PT12927,GLU,Glucose,89,mg/dL,70,99,N,STAT,2024-04-24 15:17,2024-04-24 15:27,2024-04-24 16:34
LAB708367,ENC103636,PT12927,CREAT,Creatinine,0.96,mg/dL,0.6,1.3,N,Routine,2024-04-24 15:28,2024-04-24 15:57,2024-04-24 18:53
LAB708368,ENC103636,PT12927,WBC,White Blood Cell Count,5.5,K/uL,4.5,11,N,STAT,2024-04-24 15:00,2024-04-24 15:25,2024-04-24 17:07
LAB708369,ENC103636,PT12927,HGB,Hemoglobin,11.2,g/dL,12,17.5,L,STAT,2024-04-24 16:00,2024-04-24 16:27,2024-04-24 17:07
LAB708370,ENC103636,PT12927,NA,Sodium,144,mmol/L,136,145,N,STAT,2024-04-24 15:11,2024-04-24 15:37,2024-04-24 16:26
LAB708371,ENC103636,PT12927,K,Potassium,4.5,mmol/L,3.5,5.1,N,STAT,2024-04-24 15:55,2024-04-24 16:10,2024-04-24 16:36
LAB708372,ENC103637,PT12424,GLU,Glucose,115,mg/dL,70,99,H,STAT,2024-04-24 14:08,2024-04-24 14:26,2024-04-24 15:39
LAB708373,ENC103637,PT12424,CREAT,Creatinine,0.34,mg/dL,0.6,1.3,L,STAT,2024-04-24 14:18,2024-04-24 14:38,2024-04-24 15:37
LAB708374,ENC103637,PT12424,WBC,White Blood Cell Count,8,K/uL,4.5,11,N,STAT,2024-04-24 14:05,2024-04-24 14:30,2024-04-24 14:54
LAB708375,ENC103638,PT10926,GLU,Glucose,98,mg/dL,70,99,N,STAT,2024-04-24 18:18,2024-04-24 18:29,2024-04-24 19:08
LAB708376,ENC103638,PT10926,CREAT,Creatinine,0.86,mg/dL,0.6,1.3,N,STAT,2024-04-24 18:44,2024-04-24 18:51,2024-04-24 19:43
LAB708377,ENC103638,PT10926,WBC,White Blood Cell Count,7.8,K/uL,4.5,11,N,STAT,2024-04-24 18:07,2024-04-24 18:26,2024-04-24 19:19
LAB708378,ENC103638,PT10926,HGB,Hemoglobin,14,g/dL,12,17.5,N,Routine,2024-04-24 17:53,2024-04-24 18:11,2024-04-24 19:11
LAB708379,ENC103638,PT10926,INR,Prothrombin Time INR,0.9,ratio,0.8,1.2,N,Routine,2024-04-24 18:04,2024-04-24 18:19,2024-04-24 20:36
LAB708380,ENC103639,PT13004,LDL,LDL Cholesterol,176,mg/dL,0,99,H,Routine,2024-04-24 14:13,2024-04-24 14:41,2024-04-25 08:57
LAB708381,ENC103644,PT11238,GLU,Glucose,126,mg/dL,70,99,H,Routine,2024-04-24 15:58,2024-04-24 16:33,2024-04-24 22:26
LAB708382,ENC103644,PT11238,CREAT,Creatinine,1.23,mg/dL,0.6,1.3,N,Routine,2024-04-24 16:00,2024-04-24 16:10,2024-04-24 19:00
LAB708383,ENC103644,PT11238,WBC,White Blood Cell Count,9.9,K/uL,4.5,11,N,Routine,2024-04-24 16:18,2024-04-24 16:48,2024-04-25 01:15
LAB708384,ENC103644,PT11238,HGB,Hemoglobin,14.6,g/dL,12,17.5,N,Routine,2024-04-24 15:58,2024-04-24 16:24,2024-04-24 19:22
LAB708385,ENC103645,PT13149,A1C,Hemoglobin A1c,7.2,%,4,5.6,H,Routine,2024-04-24 15:37,2024-04-24 15:41,2024-04-25 23:48
LAB708386,ENC103650,PT12892,GLU,Glucose,102,mg/dL,70,99,H,STAT,2024-04-24 17:32,2024-04-24 18:02,2024-04-24 18:58
LAB708387,ENC103650,PT12892,CREAT,Creatinine,0.93,mg/dL,0.6,1.3,N,Routine,2024-04-24 16:40,2024-04-24 16:47,2024-04-24 17:42
LAB708388,ENC103651,PT13787,GLU,Glucose,91,mg/dL,70,99,N,STAT,2024-04-24 17:31,2024-04-24 17:38,2024-04-24 18:21
LAB708389,ENC103651,PT13787,CREAT,Creatinine,1.31,mg/dL,0.6,1.3,H,Routine,2024-04-24 17:43,2024-04-24 17:53,2024-04-24 21:32
LAB708390,ENC103651,PT13787,WBC,White Blood Cell Count,6.5,K/uL,4.5,11,N,Routine,2024-04-24 17:40,2024-04-24 17:49,2024-04-25 05:03
LAB708391,ENC103651,PT13787,HGB,Hemoglobin,13.3,g/dL,12,17.5,N,Routine,2024-04-24 17:26,2024-04-24 17:34,2024-04-24 21:43
LAB708392,ENC103652,PT11078,GLU,Glucose,87,mg/dL,70,99,N,Routine,2024-04-24 18:38,2024-04-24 18:44,2024-04-24 20:14
LAB708393,ENC103652,PT11078,CREAT,Creatinine,1.01,mg/dL,0.6,1.3,N,STAT,2024-04-24 18:59,2024-04-24 19:13,2024-04-24 19:47
LAB708394,ENC103652,PT11078,WBC,White Blood Cell Count,5.7,K/uL,4.5,11,N,STAT,2024-04-24 18:16,2024-04-24 18:27,2024-04-24 18:50
LAB708395,ENC103652,PT11078,HGB,Hemoglobin,13.5,g/dL,12,17.5,N,STAT,2024-04-24 18:32,2024-04-24 19:04,2024-04-24 20:13
LAB708396,ENC103652,PT11078,NA,Sodium,140,mmol/L,136,145,N,STAT,2024-04-24 18:27,2024-04-24 18:41,2024-04-24 19:56
LAB708397,ENC103652,PT11078,K,Potassium,4.5,mmol/L,3.5,5.1,N,STAT,2024-04-24 19:09,2024-04-24 19:38,2024-04-24 20:22
LAB708398,ENC103653,PT12203,GLU,Glucose,114,mg/dL,70,99,H,STAT,2024-04-24 20:02,2024-04-24 20:24,2024-04-24 21:08
LAB708399,ENC103653,PT12203,CREAT,Creatinine,1.29,mg/dL,0.6,1.3,N,Routine,2024-04-24 20:03,2024-04-24 20:11,2024-04-25 00:27
LAB708400,ENC103653,PT12203,WBC,White Blood Cell Count,8.6,K/uL,4.5,11,N,Routine,2024-04-24 20:05,2024-04-24 20:11,2024-04-25 01:36
LAB708401,ENC103653,PT12203,HGB,Hemoglobin,10.8,g/dL,12,17.5,L,STAT,2024-04-24 18:59,2024-04-24 19:04,2024-04-24 19:33
LAB708402,ENC103653,PT12203,INR,Prothrombin Time INR,1.1,ratio,0.8,1.2,N,Routine,2024-04-24 19:03,2024-04-24 19:12,2024-04-24 20:30
LAB708403,ENC103655,PT11776,GLU,Glucose,116,mg/dL,70,99,H,Routine,2024-04-24 22:47,2024-04-24 23:01,2024-04-25 02:57
LAB708404,ENC103655,PT11776,CREAT,Creatinine,1.24,mg/dL,0.6,1.3,N,STAT,2024-04-24 22:46,2024-04-24 23:06,2024-04-25 00:08
LAB708405,ENC103655,PT11776,WBC,White Blood Cell Count,8.6,K/uL,4.5,11,N,STAT,2024-04-24 23:22,2024-04-24 23:52,2024-04-25 00:36
LAB708406,ENC103655,PT11776,HGB,Hemoglobin,13.5,g/dL,12,17.5,N,STAT,2024-04-24 22:55,2024-04-24 23:13,2024-04-24 23:38
LAB708407,ENC103655,PT11776,NA,Sodium,142,mmol/L,136,145,N,Routine,2024-04-24 23:31,2024-04-24 23:49,2024-04-25 01:34
LAB708408,ENC103655,PT11776,K,Potassium,4,mmol/L,3.5,5.1,N,STAT,2024-04-24 23:09,2024-04-24 23:26,2024-04-25 00:35
LAB708409,ENC103655,PT11776,TROP,"Troponin I, High Sensitivity",7,ng/L,0,34,N,STAT,2024-04-24 23:41,2024-04-25 00:16,2024-04-25 01:00
LAB708410,ENC103656,PT11152,GLU,Glucose,58,mg/dL,70,99,L,STAT,2024-04-25 02:14,2024-04-25 02:40,2024-04-25 03:29
LAB708411,ENC103656,PT11152,CREAT,Creatinine,0.94,mg/dL,0.6,1.3,N,STAT,2024-04-25 03:14,2024-04-25 03:47,2024-04-25 04:31
LAB708412,ENC103656,PT11152,WBC,White Blood Cell Count,7.9,K/uL,4.5,11,N,STAT,2024-04-25 02:38,2024-04-25 03:13,2024-04-25 03:45
LAB708413,ENC103656,PT11152,HGB,Hemoglobin,16.4,g/dL,12,17.5,N,STAT,2024-04-25 02:50,2024-04-25 03:11,2024-04-25 03:39
LAB708414,ENC103657,PT10330,GLU,Glucose,71,mg/dL,70,99,N,STAT,2024-04-25 02:05,2024-04-25 02:39,2024-04-25 02:55
LAB708415,ENC103657,PT10330,CREAT,Creatinine,0.7,mg/dL,0.6,1.3,N,STAT,2024-04-25 01:24,2024-04-25 01:56,2024-04-25 02:38
LAB708416,ENC103658,PT11661,GLU,Glucose,108,mg/dL,70,99,H,STAT,2024-04-25 07:56,2024-04-25 08:17,2024-04-25 08:39
LAB708417,ENC103658,PT11661,CREAT,Creatinine,1.08,mg/dL,0.6,1.3,N,STAT,2024-04-25 07:55,2024-04-25 08:04,2024-04-25 08:39
LAB708418,ENC103658,PT11661,WBC,White Blood Cell Count,6.4,K/uL,4.5,11,N,STAT,2024-04-25 07:05,2024-04-25 07:37,2024-04-25 08:18
LAB708419,ENC103658,PT11661,HGB,Hemoglobin,14.9,g/dL,12,17.5,N,STAT,2024-04-25 07:53,2024-04-25 08:06,2024-04-25 08:42
LAB708420,ENC103658,PT11661,NA,Sodium,135,mmol/L,136,145,L,STAT,2024-04-25 07:25,2024-04-25 07:49,2024-04-25 08:44
LAB708421,ENC103658,PT11661,K,Potassium,4.3,mmol/L,3.5,5.1,N,STAT,2024-04-25 07:30,2024-04-25 07:45,2024-04-25 08:14
LAB708422,ENC103659,PT12917,GLU,Glucose,114,mg/dL,70,99,H,Routine,2024-04-25 07:39,2024-04-25 07:44,2024-04-25 10:49
LAB708423,ENC103659,PT12917,CREAT,Creatinine,0.86,mg/dL,0.6,1.3,N,Routine,2024-04-25 07:45,2024-04-25 07:57,2024-04-25 10:40
LAB708424,ENC103659,PT12917,WBC,White Blood Cell Count,8.7,K/uL,4.5,11,N,Routine,2024-04-25 08:17,2024-04-25 08:52,2024-04-25 10:41
LAB708425,ENC103659,PT12917,HGB,Hemoglobin,12.7,g/dL,12,17.5,N,STAT,2024-04-25 08:07,2024-04-25 08:36,2024-04-25 09:48
LAB708426,ENC103659,PT12917,NA,Sodium,138,mmol/L,136,145,N,Routine,2024-04-25 07:33,2024-04-25 08:00,2024-04-25 14:52
LAB708427,ENC103659,PT12917,K,Potassium,4,mmol/L,3.5,5.1,N,STAT,2024-04-25 08:12,2024-04-25 08:26,2024-04-25 09:49
LAB708428,ENC103660,PT11282,LDL,LDL Cholesterol,141,mg/dL,0,99,H,Routine,2024-04-25 08:29,2024-04-25 08:41,2024-04-25 20:30
LAB708429,ENC103660,PT11282,A1C,Hemoglobin A1c,5.7,%,4,5.6,H,Routine,2024-04-25 08:19,2024-04-25 08:39,2024-04-26 08:45
LAB708430,ENC103668,PT12199,WBC,White Blood Cell Count,7.2,K/uL,4.5,11,N,Routine,2024-04-25 11:42,2024-04-25 11:46,2024-04-25 21:33
LAB708431,ENC103668,PT12199,HGB,Hemoglobin,16.2,g/dL,12,17.5,N,Routine,2024-04-25 11:45,2024-04-25 12:11,2024-04-25 15:25
LAB708432,ENC103668,PT12199,PLT,Platelet Count,320,K/uL,150,400,N,Routine,2024-04-25 11:27,2024-04-25 11:51,2024-04-25 13:25
LAB708433,ENC103669,PT13609,LDL,LDL Cholesterol,220,mg/dL,0,99,H,Routine,2024-04-25 11:59,2024-04-25 12:27,2024-04-26 10:24
LAB708434,ENC103669,PT13609,A1C,Hemoglobin A1c,8.1,%,4,5.6,H,Routine,2024-04-25 11:44,2024-04-25 12:05,2024-04-26 00:54
LAB708435,ENC103670,PT10706,WBC,White Blood Cell Count,10.5,K/uL,4.5,11,N,Routine,2024-04-25 11:51,2024-04-25 12:24,2024-04-25 14:57
LAB708436,ENC103670,PT10706,HGB,Hemoglobin,12,g/dL,12,17.5,N,Routine,2024-04-25 12:12,2024-04-25 12:44,2024-04-25 16:19
LAB708437,ENC103670,PT10706,PLT,Platelet Count,259,K/uL,150,400,N,Routine,2024-04-25 12:01,2024-04-25 12:30,2024-04-25 16:37
LAB708438,ENC103673,PT13300,GLU,Glucose,90,mg/dL,70,99,N,Routine,2024-04-25 12:37,2024-04-25 12:49,2024-04-25 15:19
LAB708439,ENC103673,PT13300,CREAT,Creatinine,1.24,mg/dL,0.6,1.3,N,Routine,2024-04-25 12:30,2024-04-25 12:37,2024-04-25 14:48
LAB708440,ENC103673,PT13300,WBC,White Blood Cell Count,7.3,K/uL,4.5,11,N,STAT,2024-04-25 13:20,2024-04-25 13:26,2024-04-25 14:09
LAB708441,ENC103673,PT13300,HGB,Hemoglobin,12.7,g/dL,12,17.5,N,STAT,2024-04-25 13:30,2024-04-25 13:58,2024-04-25 14:29
LAB708442,ENC103673,PT13300,NA,Sodium,140,mmol/L,136,145,N,STAT,2024-04-25 13:34,2024-04-25 13:51,2024-04-25 14:47
LAB708443,ENC103673,PT13300,K,Potassium,4.4,mmol/L,3.5,5.1,N,STAT,2024-04-25 12:59,2024-04-25 13:30,2024-04-25 14:17
LAB708444,ENC103674,PT10172,WBC,White Blood Cell Count,5,K/uL,4.5,11,N,Routine,2024-04-25 12:52,2024-04-25 13:23,2024-04-25 15:51
LAB708445,ENC103674,PT10172,HGB,Hemoglobin,15,g/dL,12,17.5,N,Routine,2024-04-25 12:47,2024-04-25 13:14,2024-04-25 19:06
LAB708446,ENC103674,PT10172,PLT,Platelet Count,296,K/uL,150,400,N,Routine,2024-04-25 12:38,2024-04-25 12:59,2024-04-25 17:18
LAB708447,ENC103675,PT10440,GLU,Glucose,131,mg/dL,70,99,H,STAT,2024-04-25 16:57,2024-04-25 17:11,2024-04-25 17:42
LAB708448,ENC103675,PT10440,CREAT,Creatinine,0.98,mg/dL,0.6,1.3,N,STAT,2024-04-25 16:36,2024-04-25 16:51,2024-04-25 18:21
LAB708449,ENC103675,PT10440,WBC,White Blood Cell Count,8.4,K/uL,4.5,11,N,STAT,2024-04-25 16:36,2024-04-25 17:00,2024-04-25 17:32
LAB708450,ENC103675,PT10440,HGB,Hemoglobin,13.2,g/dL,12,17.5,N,STAT,2024-04-25 17:00,2024-04-25 17:05,2024-04-25 17:57
LAB708451,ENC103675,PT10440,NA,Sodium,140,mmol/L,136,145,N,Routine,2024-04-25 16:54,2024-04-25 17:03,2024-04-25 20:54
LAB708452,ENC103675,PT10440,K,Potassium,3.5,mmol/L,3.5,5.1,N,STAT,2024-04-25 17:25,2024-04-25 17:45,2024-04-25 18:17
LAB708453,ENC103675,PT10440,TROP,"Troponin I, High Sensitivity",7,ng/L,0,34,N,STAT,2024-04-25 16:28,2024-04-25 16:42,2024-04-25 17:21
LAB708454,ENC103675,PT10440,BNP,B-Type Natriuretic Peptide,667,pg/mL,0,100,H,STAT,2024-04-25 16:23,2024-04-25 16:33,2024-04-25 17:28
LAB708455,ENC103678,PT12726,GLU,Glucose,216,mg/dL,70,99,H,Routine,2024-04-25 17:52,2024-04-25 18:19,2024-04-25 19:50
LAB708456,ENC103678,PT12726,CREAT,Creatinine,1,mg/dL,0.6,1.3,N,STAT,2024-04-25 17:26,2024-04-25 17:38,2024-04-25 18:43
LAB708457,ENC103678,PT12726,WBC,White Blood Cell Count,16.8,K/uL,4.5,11,H,STAT,2024-04-25 17:39,2024-04-25 17:44,2024-04-25 18:20
LAB708458,ENC103678,PT12726,HGB,Hemoglobin,13.3,g/dL,12,17.5,N,STAT,2024-04-25 18:05,2024-04-25 18:15,2024-04-25 20:02
LAB708459,ENC103680,PT10135,GLU,Glucose,154,mg/dL,70,99,H,STAT,2024-04-25 20:01,2024-04-25 20:32,2024-04-25 21:14
LAB708460,ENC103680,PT10135,CREAT,Creatinine,1.33,mg/dL,0.6,1.3,H,STAT,2024-04-25 19:12,2024-04-25 19:30,2024-04-25 20:18
LAB708461,ENC103680,PT10135,WBC,White Blood Cell Count,8,K/uL,4.5,11,N,STAT,2024-04-25 19:49,2024-04-25 20:04,2024-04-25 21:18
LAB708462,ENC103680,PT10135,HGB,Hemoglobin,12,g/dL,12,17.5,N,STAT,2024-04-25 19:38,2024-04-25 20:08,2024-04-25 20:24
LAB708463,ENC103683,PT11724,LDL,LDL Cholesterol,144,mg/dL,0,99,H,Routine,2024-04-25 16:33,2024-04-25 16:54,2024-04-25 23:23
LAB708464,ENC103683,PT11724,A1C,Hemoglobin A1c,7.9,%,4,5.6,H,Routine,2024-04-25 16:27,2024-04-25 16:57,2024-04-26 07:03
LAB708465,ENC103686,PT13492,GLU,Glucose,97,mg/dL,70,99,N,Routine,2024-04-25 23:08,2024-04-25 23:21,2024-04-26 04:31
LAB708466,ENC103686,PT13492,CREAT,Creatinine,1.02,mg/dL,0.6,1.3,N,STAT,2024-04-25 22:54,2024-04-25 23:20,2024-04-26 00:07
LAB708467,ENC103686,PT13492,WBC,White Blood Cell Count,7.2,K/uL,4.5,11,N,STAT,2024-04-25 22:22,2024-04-25 22:43,2024-04-25 23:33
LAB708468,ENC103687,PT12553,GLU,Glucose,115,mg/dL,70,99,H,STAT,2024-04-26 05:44,2024-04-26 06:10,2024-04-26 06:47
LAB708469,ENC103687,PT12553,CREAT,Creatinine,2.02,mg/dL,0.6,1.3,H,STAT,2024-04-26 04:55,2024-04-26 05:01,2024-04-26 06:55
LAB708470,ENC103687,PT12553,WBC,White Blood Cell Count,4.7,K/uL,4.5,11,N,Routine,2024-04-26 05:42,2024-04-26 06:13,2024-04-26 12:45
LAB708471,ENC103687,PT12553,HGB,Hemoglobin,11.8,g/dL,12,17.5,L,STAT,2024-04-26 05:49,2024-04-26 06:02,2024-04-26 06:47
LAB708472,ENC103687,PT12553,BUN,Blood Urea Nitrogen,12,mg/dL,7,20,N,Routine,2024-04-26 05:49,2024-04-26 05:54,2024-04-26 11:09
LAB708473,ENC103687,PT12553,PLT,Platelet Count,187,K/uL,150,400,N,Routine,2024-04-26 05:02,2024-04-26 05:32,2024-04-26 08:37
LAB708474,ENC103687,PT12553,LACT,Lactate,2.5,mmol/L,0.5,2,H,STAT,2024-04-26 04:53,2024-04-26 05:23,2024-04-26 07:00
LAB708475,ENC103688,PT10459,GLU,Glucose,108,mg/dL,70,99,H,Routine,2024-04-26 03:09,2024-04-26 03:31,2024-04-26 04:11
LAB708476,ENC103688,PT10459,CREAT,Creatinine,0.94,mg/dL,0.6,1.3,N,Routine,2024-04-26 02:14,2024-04-26 02:37,2024-04-26 04:17
LAB708477,ENC103688,PT10459,WBC,White Blood Cell Count,6.8,K/uL,4.5,11,N,STAT,2024-04-26 02:12,2024-04-26 02:38,2024-04-26 03:05
LAB708478,ENC103689,PT12850,GLU,Glucose,125,mg/dL,70,99,H,STAT,2024-04-26 03:23,2024-04-26 03:36,2024-04-26 04:02
LAB708479,ENC103689,PT12850,CREAT,Creatinine,0.85,mg/dL,0.6,1.3,N,Routine,2024-04-26 03:25,2024-04-26 03:39,2024-04-26 08:02
LAB708480,ENC103694,PT11624,GLU,Glucose,233,mg/dL,70,99,H,STAT,2024-04-26 12:39,2024-04-26 12:44,2024-04-26 13:30
LAB708481,ENC103694,PT11624,CREAT,Creatinine,1.21,mg/dL,0.6,1.3,N,Routine,2024-04-26 12:51,2024-04-26 13:09,2024-04-26 14:49
LAB708482,ENC103694,PT11624,WBC,White Blood Cell Count,8.8,K/uL,4.5,11,N,STAT,2024-04-26 12:30,2024-04-26 12:37,2024-04-26 12:56
LAB708483,ENC103694,PT11624,HGB,Hemoglobin,11.9,g/dL,12,17.5,L,STAT,2024-04-26 12:27,2024-04-26 12:45,2024-04-26 13:32
LAB708484,ENC103694,PT11624,LACT,Lactate,2.2,mmol/L,0.5,2,H,STAT,2024-04-26 13:29,2024-04-26 14:04,2024-04-26 15:12
LAB708485,ENC103696,PT12158,A1C,Hemoglobin A1c,5.1,%,4,5.6,N,Routine,2024-04-26 10:11,2024-04-26 10:30,2024-04-27 13:10
LAB708486,ENC103697,PT12192,GLU,Glucose,151,mg/dL,70,99,H,Routine,2024-04-26 11:16,2024-04-26 11:35,2024-04-26 16:19
LAB708487,ENC103697,PT12192,CREAT,Creatinine,0.76,mg/dL,0.6,1.3,N,STAT,2024-04-26 11:21,2024-04-26 11:48,2024-04-26 12:23
LAB708488,ENC103699,PT10228,GLU,Glucose,69,mg/dL,70,99,L,STAT,2024-04-26 11:15,2024-04-26 11:48,2024-04-26 12:41
LAB708489,ENC103699,PT10228,CREAT,Creatinine,0.88,mg/dL,0.6,1.3,N,STAT,2024-04-26 10:57,2024-04-26 11:13,2024-04-26 11:52
LAB708490,ENC103699,PT10228,WBC,White Blood Cell Count,7.1,K/uL,4.5,11,N,STAT,2024-04-26 11:15,2024-04-26 11:20,2024-04-26 11:41
LAB708491,ENC103699,PT10228,HGB,Hemoglobin,14.9,g/dL,12,17.5,N,Routine,2024-04-26 10:59,2024-04-26 11:09,2024-04-26 14:45
LAB708492,ENC103700,PT11974,GLU,Glucose,112,mg/dL,70,99,H,STAT,2024-04-26 15:43,2024-04-26 16:18,2024-04-26 16:49
LAB708493,ENC103700,PT11974,CREAT,Creatinine,0.94,mg/dL,0.6,1.3,N,STAT,2024-04-26 15:02,2024-04-26 15:14,2024-04-26 16:31
LAB708494,ENC103700,PT11974,WBC,White Blood Cell Count,5.8,K/uL,4.5,11,N,STAT,2024-04-26 15:29,2024-04-26 15:51,2024-04-26 17:24
LAB708495,ENC103700,PT11974,HGB,Hemoglobin,15.8,g/dL,12,17.5,N,STAT,2024-04-26 15:24,2024-04-26 15:45,2024-04-26 16:08
LAB708496,ENC103700,PT11974,TROP,"Troponin I, High Sensitivity",399,ng/L,0,34,H,STAT,2024-04-26 14:57,2024-04-26 15:18,2024-04-26 15:53
LAB708497,ENC103701,PT12876,GLU,Glucose,107,mg/dL,70,99,H,STAT,2024-04-26 15:18,2024-04-26 15:42,2024-04-26 16:31
LAB708498,ENC103701,PT12876,CREAT,Creatinine,1.2,mg/dL,0.6,1.3,N,Routine,2024-04-26 15:58,2024-04-26 16:09,2024-04-26 20:33
LAB708499,ENC103701,PT12876,WBC,White Blood Cell Count,6.2,K/uL,4.5,11,N,Routine,2024-04-26 15:05,2024-04-26 15:16,2024-04-26 17:25
LAB708500,ENC103701,PT12876,HGB,Hemoglobin,13.8,g/dL,12,17.5,N,Routine,2024-04-26 15:42,2024-04-26 15:47,2024-04-26 18:40
LAB708501,ENC103701,PT12876,TROP,"Troponin I, High Sensitivity",9,ng/L,0,34,N,STAT,2024-04-26 15:35,2024-04-26 15:51,2024-04-26 16:23
LAB708502,ENC103701,PT12876,BNP,B-Type Natriuretic Peptide,1661,pg/mL,0,100,H,Routine,2024-04-26 15:37,2024-04-26 15:52,2024-04-26 18:54
LAB708503,ENC103705,PT13052,GLU,Glucose,116,mg/dL,70,99,H,STAT,2024-04-26 17:22,2024-04-26 17:45,2024-04-26 18:42
LAB708504,ENC103705,PT13052,CREAT,Creatinine,1.06,mg/dL,0.6,1.3,N,Routine,2024-04-26 16:43,2024-04-26 16:53,2024-04-26 19:54
LAB708505,ENC103705,PT13052,WBC,White Blood Cell Count,12.3,K/uL,4.5,11,H,STAT,2024-04-26 16:47,2024-04-26 17:11,2024-04-26 18:06
LAB708506,ENC103705,PT13052,HGB,Hemoglobin,13,g/dL,12,17.5,N,STAT,2024-04-26 16:57,2024-04-26 17:24,2024-04-26 17:54
LAB708507,ENC103706,PT11580,A1C,Hemoglobin A1c,7.6,%,4,5.6,H,Routine,2024-04-26 14:24,2024-04-26 14:39,2024-04-28 08:46
LAB708508,ENC103706,PT11580,GLU,Glucose,197,mg/dL,70,99,H,Routine,2024-04-26 14:16,2024-04-26 14:51,2024-04-26 16:55
LAB708509,ENC103706,PT11580,CREAT,Creatinine,0.79,mg/dL,0.6,1.3,N,Routine,2024-04-26 14:20,2024-04-26 14:33,2024-04-26 17:19
LAB708510,ENC103707,PT10102,INR,Prothrombin Time INR,1.1,ratio,0.8,1.2,N,Routine,2024-04-26 14:39,2024-04-26 15:04,2024-04-26 17:21
LAB708511,ENC103708,PT10246,GLU,Glucose,144,mg/dL,70,99,H,Routine,2024-04-26 15:19,2024-04-26 15:44,2024-04-26 19:09
LAB708512,ENC103708,PT10246,CREAT,Creatinine,0.68,mg/dL,0.6,1.3,N,Routine,2024-04-26 15:05,2024-04-26 15:14,2024-04-26 17:18
LAB708513,ENC103708,PT10246,WBC,White Blood Cell Count,10.1,K/uL,4.5,11,N,STAT,2024-04-26 15:35,2024-04-26 15:59,2024-04-26 17:11
LAB708514,ENC103708,PT10246,HGB,Hemoglobin,11,g/dL,12,17.5,L,STAT,2024-04-26 15:07,2024-04-26 15:12,2024-04-26 15:58
LAB708515,ENC103709,PT10170,LDL,LDL Cholesterol,119,mg/dL,0,99,H,Routine,2024-04-26 15:23,2024-04-26 15:39,2024-04-27 17:25
LAB708516,ENC103709,PT10170,TSH,Thyroid Stimulating Hormone,0.17,mIU/L,0.4,4,L,Routine,2024-04-26 15:10,2024-04-26 15:23,2024-04-28 15:06
LAB708517,ENC103710,PT11038,A1C,Hemoglobin A1c,7.3,%,4,5.6,H,Routine,2024-04-26 16:22,2024-04-26 16:32,2024-04-27 12:35
LAB708518,ENC103712,PT13185,GLU,Glucose,92,mg/dL,70,99,N,STAT,2024-04-26 16:33,2024-04-26 17:05,2024-04-26 17:33
LAB708519,ENC103712,PT13185,CREAT,Creatinine,0.86,mg/dL,0.6,1.3,N,Routine,2024-04-26 16:47,2024-04-26 16:59,2024-04-26 18:31
LAB708520,ENC103712,PT13185,WBC,White Blood Cell Count,9.9,K/uL,4.5,11,N,Routine,2024-04-26 17:13,2024-04-26 17:30,2024-04-26 19:51
LAB708521,ENC103712,PT13185,HGB,Hemoglobin,12.2,g/dL,12,17.5,N,STAT,2024-04-26 17:17,2024-04-26 17:45,2024-04-26 19:52
LAB708522,ENC103714,PT12318,GLU,Glucose,117,mg/dL,70,99,H,STAT,2024-04-26 20:48,2024-04-26 21:15,2024-04-26 21:41
LAB708523,ENC103714,PT12318,CREAT,Creatinine,0.53,mg/dL,0.6,1.3,L,Routine,2024-04-26 21:02,2024-04-26 21:33,2024-04-27 01:44
LAB708524,ENC103714,PT12318,WBC,White Blood Cell Count,14.3,K/uL,4.5,11,H,Routine,2024-04-26 20:48,2024-04-26 21:10,2024-04-27 01:37
LAB708525,ENC103714,PT12318,HGB,Hemoglobin,13.3,g/dL,12,17.5,N,STAT,2024-04-26 20:48,2024-04-26 20:56,2024-04-26 21:25
LAB708526,ENC103714,PT12318,NA,Sodium,137,mmol/L,136,145,N,STAT,2024-04-26 20:32,2024-04-26 20:43,2024-04-26 21:52
LAB708527,ENC103714,PT12318,K,Potassium,3.7,mmol/L,3.5,5.1,N,STAT,2024-04-26 20:25,2024-04-26 20:37,2024-04-26 21:15
LAB708528,ENC103715,PT11293,GLU,Glucose,122,mg/dL,70,99,H,Routine,2024-04-26 18:09,2024-04-26 18:18,2024-04-26 20:34
LAB708529,ENC103715,PT11293,CREAT,Creatinine,0.67,mg/dL,0.6,1.3,N,STAT,2024-04-26 18:29,2024-04-26 18:34,2024-04-26 19:20
LAB708530,ENC103715,PT11293,WBC,White Blood Cell Count,8.1,K/uL,4.5,11,N,Routine,2024-04-26 18:35,2024-04-26 18:41,2024-04-26 20:52
LAB708531,ENC103715,PT11293,HGB,Hemoglobin,15.2,g/dL,12,17.5,N,STAT,2024-04-26 18:26,2024-04-26 18:46,2024-04-26 20:12
LAB708532,ENC103716,PT11748,GLU,Glucose,118,mg/dL,70,99,H,Routine,2024-04-26 20:23,2024-04-26 20:30,2024-04-26 23:08
LAB708533,ENC103716,PT11748,CREAT,Creatinine,0.77,mg/dL,0.6,1.3,N,Routine,2024-04-26 20:09,2024-04-26 20:40,2024-04-27 00:55
LAB708534,ENC103716,PT11748,WBC,White Blood Cell Count,8,K/uL,4.5,11,N,Routine,2024-04-26 20:17,2024-04-26 20:29,2024-04-26 21:53
LAB708535,ENC103716,PT11748,HGB,Hemoglobin,11.7,g/dL,12,17.5,L,STAT,2024-04-26 19:47,2024-04-26 19:51,2024-04-26 20:54
LAB708536,ENC103716,PT11748,NA,Sodium,140,mmol/L,136,145,N,STAT,2024-04-26 20:26,2024-04-26 20:55,2024-04-26 21:42
LAB708537,ENC103716,PT11748,K,Potassium,4.4,mmol/L,3.5,5.1,N,STAT,2024-04-26 20:28,2024-04-26 20:51,2024-04-26 21:29
LAB708538,ENC103717,PT12023,GLU,Glucose,216,mg/dL,70,99,H,Routine,2024-04-27 05:49,2024-04-27 06:22,2024-04-27 08:19
LAB708539,ENC103717,PT12023,CREAT,Creatinine,0.92,mg/dL,0.6,1.3,N,STAT,2024-04-27 06:40,2024-04-27 07:00,2024-04-27 08:05
LAB708540,ENC103717,PT12023,WBC,White Blood Cell Count,6.8,K/uL,4.5,11,N,Routine,2024-04-27 06:25,2024-04-27 06:43,2024-04-27 08:44
LAB708541,ENC103717,PT12023,HGB,Hemoglobin,13.3,g/dL,12,17.5,N,STAT,2024-04-27 06:43,2024-04-27 06:57,2024-04-27 07:39
LAB708542,ENC103717,PT12023,TROP,"Troponin I, High Sensitivity",5,ng/L,0,34,N,STAT,2024-04-27 06:02,2024-04-27 06:09,2024-04-27 06:45
LAB708543,ENC103717,PT12023,BNP,B-Type Natriuretic Peptide,1536,pg/mL,0,100,H,STAT,2024-04-27 06:54,2024-04-27 07:15,2024-04-27 07:42
LAB708544,ENC103718,PT12504,GLU,Glucose,178,mg/dL,70,99,H,STAT,2024-04-27 05:12,2024-04-27 05:34,2024-04-27 06:18
LAB708545,ENC103718,PT12504,CREAT,Creatinine,1.03,mg/dL,0.6,1.3,N,Routine,2024-04-27 05:53,2024-04-27 06:07,2024-04-27 10:24
LAB708546,ENC103718,PT12504,WBC,White Blood Cell Count,8.2,K/uL,4.5,11,N,STAT,2024-04-27 05:25,2024-04-27 05:40,2024-04-27 06:21
LAB708547,ENC103719,PT10334,GLU,Glucose,96,mg/dL,70,99,N,STAT,2024-04-27 05:15,2024-04-27 05:19,2024-04-27 05:53
LAB708548,ENC103719,PT10334,CREAT,Creatinine,0.67,mg/dL,0.6,1.3,N,Routine,2024-04-27 05:57,2024-04-27 06:12,2024-04-27 08:21
LAB708549,ENC103719,PT10334,WBC,White Blood Cell Count,7.3,K/uL,4.5,11,N,Routine,2024-04-27 05:48,2024-04-27 05:58,2024-04-27 07:36
LAB708550,ENC103719,PT10334,HGB,Hemoglobin,15.7,g/dL,12,17.5,N,STAT,2024-04-27 06:09,2024-04-27 06:38,2024-04-27 07:21
LAB708551,ENC103719,PT10334,TROP,"Troponin I, High Sensitivity",6,ng/L,0,34,N,STAT,2024-04-27 05:15,2024-04-27 05:40,2024-04-27 06:32
LAB708552,ENC103720,PT11674,GLU,Glucose,66,mg/dL,70,99,L,Routine,2024-04-27 05:57,2024-04-27 06:06,2024-04-27 07:26
LAB708553,ENC103720,PT11674,CREAT,Creatinine,1.19,mg/dL,0.6,1.3,N,Routine,2024-04-27 05:44,2024-04-27 06:19,2024-04-27 08:20
LAB708554,ENC103720,PT11674,WBC,White Blood Cell Count,8.5,K/uL,4.5,11,N,STAT,2024-04-27 06:16,2024-04-27 06:39,2024-04-27 07:43
LAB708555,ENC103720,PT11674,HGB,Hemoglobin,12.2,g/dL,12,17.5,N,STAT,2024-04-27 05:55,2024-04-27 06:06,2024-04-27 06:36
LAB708556,ENC103721,PT12829,GLU,Glucose,125,mg/dL,70,99,H,STAT,2024-04-27 07:12,2024-04-27 07:44,2024-04-27 08:11
LAB708557,ENC103721,PT12829,CREAT,Creatinine,0.78,mg/dL,0.6,1.3,N,STAT,2024-04-27 06:22,2024-04-27 06:47,2024-04-27 07:25
LAB708558,ENC103721,PT12829,WBC,White Blood Cell Count,19,K/uL,4.5,11,H,STAT,2024-04-27 06:56,2024-04-27 07:05,2024-04-27 08:07
LAB708559,ENC103721,PT12829,HGB,Hemoglobin,13.7,g/dL,12,17.5,N,STAT,2024-04-27 06:49,2024-04-27 07:24,2024-04-27 08:28
LAB708560,ENC103723,PT13661,GLU,Glucose,110,mg/dL,70,99,H,Routine,2024-04-27 12:05,2024-04-27 12:29,2024-04-27 17:14
LAB708561,ENC103723,PT13661,CREAT,Creatinine,0.9,mg/dL,0.6,1.3,N,STAT,2024-04-27 12:17,2024-04-27 12:51,2024-04-27 13:50
LAB708562,ENC103723,PT13661,WBC,White Blood Cell Count,5.8,K/uL,4.5,11,N,Routine,2024-04-27 12:12,2024-04-27 12:47,2024-04-27 14:48
LAB708563,ENC103725,PT11395,GLU,Glucose,162,mg/dL,70,99,H,STAT,2024-04-27 14:59,2024-04-27 15:13,2024-04-27 15:49
LAB708564,ENC103725,PT11395,CREAT,Creatinine,0.74,mg/dL,0.6,1.3,N,STAT,2024-04-27 14:55,2024-04-27 15:29,2024-04-27 16:35
LAB708565,ENC103726,PT11237,GLU,Glucose,140,mg/dL,70,99,H,STAT,2024-04-27 20:01,2024-04-27 20:20,2024-04-27 21:18
LAB708566,ENC103726,PT11237,CREAT,Creatinine,0.94,mg/dL,0.6,1.3,N,Routine,2024-04-27 19:28,2024-04-27 19:46,2024-04-27 21:07
LAB708567,ENC103726,PT11237,WBC,White Blood Cell Count,6.9,K/uL,4.5,11,N,STAT,2024-04-27 19:08,2024-04-27 19:41,2024-04-27 20:30
LAB708568,ENC103726,PT11237,HGB,Hemoglobin,15.8,g/dL,12,17.5,N,STAT,2024-04-27 19:42,2024-04-27 19:57,2024-04-27 20:24
LAB708569,ENC103726,PT11237,NA,Sodium,139,mmol/L,136,145,N,STAT,2024-04-27 19:43,2024-04-27 20:02,2024-04-27 20:33
LAB708570,ENC103726,PT11237,K,Potassium,4.3,mmol/L,3.5,5.1,N,STAT,2024-04-27 19:43,2024-04-27 19:49,2024-04-27 20:14
LAB708571,ENC103726,PT11237,TROP,"Troponin I, High Sensitivity",68,ng/L,0,34,H,STAT,2024-04-27 19:35,2024-04-27 20:02,2024-04-27 20:43
LAB708572,ENC103726,PT11237,BNP,B-Type Natriuretic Peptide,799,pg/mL,0,100,H,STAT,2024-04-27 20:03,2024-04-27 20:19,2024-04-27 20:47
LAB708573,ENC103727,PT13052,GLU,Glucose,126,mg/dL,70,99,H,STAT,2024-04-27 20:37,2024-04-27 21:08,2024-04-27 22:08
LAB708574,ENC103727,PT13052,CREAT,Creatinine,0.55,mg/dL,0.6,1.3,L,Routine,2024-04-27 20:43,2024-04-27 21:01,2024-04-27 23:38
LAB708575,ENC103727,PT13052,WBC,White Blood Cell Count,9.7,K/uL,4.5,11,N,STAT,2024-04-27 21:10,2024-04-27 21:21,2024-04-27 21:58
LAB708576,ENC103727,PT13052,HGB,Hemoglobin,9.4,g/dL,12,17.5,L,STAT,2024-04-27 21:13,2024-04-27 21:27,2024-04-27 22:05
LAB708577,ENC103727,PT13052,INR,Prothrombin Time INR,1,ratio,0.8,1.2,N,STAT,2024-04-27 21:04,2024-04-27 21:36,2024-04-27 22:10
LAB708578,ENC103728,PT13434,GLU,Glucose,172,mg/dL,70,99,H,STAT,2024-04-27 22:37,2024-04-27 23:08,2024-04-28 00:37
LAB708579,ENC103728,PT13434,CREAT,Creatinine,0.9,mg/dL,0.6,1.3,N,STAT,2024-04-27 21:45,2024-04-27 22:17,2024-04-27 23:04
LAB708580,ENC103728,PT13434,WBC,White Blood Cell Count,6.5,K/uL,4.5,11,N,STAT,2024-04-27 22:33,2024-04-27 22:44,2024-04-27 23:14
LAB708581,ENC103728,PT13434,HGB,Hemoglobin,12.6,g/dL,12,17.5,N,Routine,2024-04-27 21:49,2024-04-27 22:18,2024-04-28 03:53
LAB708582,ENC103728,PT13434,TROP,"Troponin I, High Sensitivity",1,ng/L,0,34,N,STAT,2024-04-27 21:54,2024-04-27 22:00,2024-04-27 22:44
LAB708583,ENC103729,PT12478,GLU,Glucose,77,mg/dL,70,99,N,Routine,2024-04-27 22:38,2024-04-27 23:05,2024-04-28 03:07
LAB708584,ENC103729,PT12478,CREAT,Creatinine,1.02,mg/dL,0.6,1.3,N,Routine,2024-04-27 23:00,2024-04-27 23:15,2024-04-28 04:58
LAB708585,ENC103729,PT12478,WBC,White Blood Cell Count,9.7,K/uL,4.5,11,N,STAT,2024-04-27 23:13,2024-04-27 23:31,2024-04-28 00:15
LAB708586,ENC103729,PT12478,HGB,Hemoglobin,13.1,g/dL,12,17.5,N,STAT,2024-04-27 23:01,2024-04-27 23:09,2024-04-27 23:43
LAB708587,ENC103731,PT10470,GLU,Glucose,110,mg/dL,70,99,H,Routine,2024-04-28 11:55,2024-04-28 12:15,2024-04-28 15:27
LAB708588,ENC103731,PT10470,CREAT,Creatinine,0.55,mg/dL,0.6,1.3,L,STAT,2024-04-28 12:12,2024-04-28 12:28,2024-04-28 13:42
LAB708589,ENC103731,PT10470,WBC,White Blood Cell Count,6.2,K/uL,4.5,11,N,Routine,2024-04-28 11:48,2024-04-28 12:03,2024-04-28 14:35
LAB708590,ENC103733,PT10496,GLU,Glucose,123,mg/dL,70,99,H,Routine,2024-04-28 11:49,2024-04-28 12:09,2024-04-28 17:07
LAB708591,ENC103733,PT10496,CREAT,Creatinine,0.91,mg/dL,0.6,1.3,N,Routine,2024-04-28 12:30,2024-04-28 13:02,2024-04-28 15:54
LAB708592,ENC103734,PT10369,GLU,Glucose,264,mg/dL,70,99,H,STAT,2024-04-28 15:28,2024-04-28 15:59,2024-04-28 16:49
LAB708593,ENC103734,PT10369,CREAT,Creatinine,0.84,mg/dL,0.6,1.3,N,Routine,2024-04-28 15:09,2024-04-28 15:18,2024-04-28 22:20
LAB708594,ENC103734,PT10369,WBC,White Blood Cell Count,5.9,K/uL,4.5,11,N,STAT,2024-04-28 16:06,2024-04-28 16:23,2024-04-28 16:57
LAB708595,ENC103734,PT10369,HGB,Hemoglobin,14,g/dL,12,17.5,N,STAT,2024-04-28 15:11,2024-04-28 15:26,2024-04-28 16:27
LAB708596,ENC103734,PT10369,NA,Sodium,142,mmol/L,136,145,N,STAT,2024-04-28 15:34,2024-04-28 16:04,2024-04-28 16:57
LAB708597,ENC103734,PT10369,K,Potassium,4.4,mmol/L,3.5,5.1,N,STAT,2024-04-28 15:30,2024-04-28 16:01,2024-04-28 16:57
LAB708598,ENC103735,PT10348,GLU,Glucose,124,mg/dL,70,99,H,STAT,2024-04-28 16:56,2024-04-28 17:22,2024-04-28 18:16
LAB708599,ENC103735,PT10348,CREAT,Creatinine,1.24,mg/dL,0.6,1.3,N,Routine,2024-04-28 17:00,2024-04-28 17:04,2024-04-28 21:06
LAB708600,ENC103735,PT10348,WBC,White Blood Cell Count,7.8,K/uL,4.5,11,N,STAT,2024-04-28 16:59,2024-04-28 17:21,2024-04-28 18:05
LAB708601,ENC103735,PT10348,HGB,Hemoglobin,14.1,g/dL,12,17.5,N,Routine,2024-04-28 16:11,2024-04-28 16:34,2024-04-28 19:53
LAB708602,ENC103738,PT12655,GLU,Glucose,79,mg/dL,70,99,N,STAT,2024-04-28 15:21,2024-04-28 15:34,2024-04-28 16:39
LAB708603,ENC103738,PT12655,CREAT,Creatinine,0.86,mg/dL,0.6,1.3,N,Routine,2024-04-28 14:53,2024-04-28 15:17,2024-04-28 18:59
LAB708604,ENC103738,PT12655,WBC,White Blood Cell Count,9.2,K/uL,4.5,11,N,STAT,2024-04-28 15:04,2024-04-28 15:12,2024-04-28 16:29
LAB708605,ENC103738,PT12655,HGB,Hemoglobin,14.2,g/dL,12,17.5,N,Routine,2024-04-28 15:27,2024-04-28 15:52,2024-04-28 18:32
LAB708606,ENC103738,PT12655,NA,Sodium,143,mmol/L,136,145,N,STAT,2024-04-28 15:22,2024-04-28 15:44,2024-04-28 16:27
LAB708607,ENC103738,PT12655,K,Potassium,4.1,mmol/L,3.5,5.1,N,STAT,2024-04-28 15:47,2024-04-28 16:16,2024-04-28 16:47
LAB708608,ENC103741,PT11732,GLU,Glucose,98,mg/dL,70,99,N,Routine,2024-04-29 00:23,2024-04-29 00:30,2024-04-29 02:04
LAB708609,ENC103741,PT11732,CREAT,Creatinine,0.38,mg/dL,0.6,1.3,L,Routine,2024-04-29 00:07,2024-04-29 00:26,2024-04-29 02:40
LAB708610,ENC103741,PT11732,WBC,White Blood Cell Count,14.1,K/uL,4.5,11,H,Routine,2024-04-29 00:11,2024-04-29 00:40,2024-04-29 04:36
LAB708611,ENC103741,PT11732,HGB,Hemoglobin,12.1,g/dL,12,17.5,N,Routine,2024-04-29 00:27,2024-04-29 00:48,2024-04-29 01:38
LAB708612,ENC103741,PT11732,NA,Sodium,143,mmol/L,136,145,N,Routine,2024-04-29 00:49,2024-04-29 01:00,2024-04-29 03:36
LAB708613,ENC103741,PT11732,K,Potassium,4.6,mmol/L,3.5,5.1,N,STAT,2024-04-29 00:05,2024-04-29 00:12,2024-04-29 01:21
LAB708614,ENC103746,PT11992,INR,Prothrombin Time INR,0.9,ratio,0.8,1.2,N,Routine,2024-04-29 00:42,2024-04-29 00:50,2024-04-29 04:46
LAB708615,ENC103747,PT12735,GLU,Glucose,217,mg/dL,70,99,H,Routine,2024-04-29 05:06,2024-04-29 05:10,2024-04-29 07:05
LAB708616,ENC103747,PT12735,CREAT,Creatinine,1.2,mg/dL,0.6,1.3,N,Routine,2024-04-29 04:50,2024-04-29 04:54,2024-04-29 07:32
LAB708617,ENC103747,PT12735,WBC,White Blood Cell Count,6,K/uL,4.5,11,N,STAT,2024-04-29 05:05,2024-04-29 05:18,2024-04-29 06:14
LAB708618,ENC103747,PT12735,HGB,Hemoglobin,12.6,g/dL,12,17.5,N,STAT,2024-04-29 05:02,2024-04-29 05:17,2024-04-29 06:49
LAB708619,ENC103747,PT12735,INR,Prothrombin Time INR,1.1,ratio,0.8,1.2,N,Routine,2024-04-29 04:06,2024-04-29 04:13,2024-04-29 05:32
LAB708620,ENC103748,PT10432,GLU,Glucose,219,mg/dL,70,99,H,STAT,2024-04-29 06:29,2024-04-29 06:57,2024-04-29 07:31
LAB708621,ENC103748,PT10432,CREAT,Creatinine,0.94,mg/dL,0.6,1.3,N,Routine,2024-04-29 06:29,2024-04-29 06:40,2024-04-29 13:04
LAB708622,ENC103748,PT10432,WBC,White Blood Cell Count,4.3,K/uL,4.5,11,L,Routine,2024-04-29 07:29,2024-04-29 08:00,2024-04-29 09:29
LAB708623,ENC103748,PT10432,HGB,Hemoglobin,11.7,g/dL,12,17.5,L,STAT,2024-04-29 06:39,2024-04-29 07:11,2024-04-29 08:31
LAB708624,ENC103751,PT11971,A1C,Hemoglobin A1c,7.4,%,4,5.6,H,Routine,2024-04-29 09:01,2024-04-29 09:30,2024-04-29 18:46
LAB708625,ENC103751,PT11971,GLU,Glucose,463,mg/dL,70,99,H,Routine,2024-04-29 08:55,2024-04-29 09:14,2024-04-29 10:40
LAB708626,ENC103751,PT11971,CREAT,Creatinine,0.94,mg/dL,0.6,1.3,N,Routine,2024-04-29 08:53,2024-04-29 09:13,2024-04-29 11:50
LAB708627,ENC103752,PT10357,GLU,Glucose,138,mg/dL,70,99,H,STAT,2024-04-29 09:18,2024-04-29 09:32,2024-04-29 10:15
LAB708628,ENC103752,PT10357,CREAT,Creatinine,0.6,mg/dL,0.6,1.3,N,Routine,2024-04-29 09:05,2024-04-29 09:30,2024-04-29 13:00
LAB708629,ENC103752,PT10357,WBC,White Blood Cell Count,8.8,K/uL,4.5,11,N,STAT,2024-04-29 08:55,2024-04-29 09:22,2024-04-29 10:42
LAB708630,ENC103752,PT10357,HGB,Hemoglobin,15,g/dL,12,17.5,N,STAT,2024-04-29 08:58,2024-04-29 09:33,2024-04-29 10:32
LAB708631,ENC103753,PT12742,A1C,Hemoglobin A1c,10.5,%,4,5.6,H,Routine,2024-04-29 09:24,2024-04-29 09:32,2024-04-29 19:28
LAB708632,ENC103753,PT12742,GLU,Glucose,162,mg/dL,70,99,H,Routine,2024-04-29 09:05,2024-04-29 09:28,2024-04-29 11:14
LAB708633,ENC103753,PT12742,CREAT,Creatinine,0.82,mg/dL,0.6,1.3,N,Routine,2024-04-29 09:15,2024-04-29 09:37,2024-04-29 12:15
LAB708634,ENC103754,PT10999,LDL,LDL Cholesterol,175,mg/dL,0,99,H,Routine,2024-04-29 09:33,2024-04-29 09:45,2024-04-29 19:31
LAB708635,ENC103754,PT10999,A1C,Hemoglobin A1c,5,%,4,5.6,N,Routine,2024-04-29 09:25,2024-04-29 09:53,2024-04-30 04:47
LAB708636,ENC103755,PT12904,GLU,Glucose,118,mg/dL,70,99,H,STAT,2024-04-29 15:45,2024-04-29 16:16,2024-04-29 16:45
LAB708637,ENC103755,PT12904,CREAT,Creatinine,0.98,mg/dL,0.6,1.3,N,STAT,2024-04-29 15:30,2024-04-29 15:51,2024-04-29 16:51
LAB708638,ENC103755,PT12904,WBC,White Blood Cell Count,7.5,K/uL,4.5,11,N,STAT,2024-04-29 15:40,2024-04-29 15:48,2024-04-29 16:24
LAB708639,ENC103755,PT12904,HGB,Hemoglobin,15.4,g/dL,12,17.5,N,STAT,2024-04-29 15:07,2024-04-29 15:29,2024-04-29 16:09
LAB708640,ENC103755,PT12904,NA,Sodium,141,mmol/L,136,145,N,STAT,2024-04-29 15:45,2024-04-29 15:52,2024-04-29 16:25
LAB708641,ENC103755,PT12904,K,Potassium,4,mmol/L,3.5,5.1,N,STAT,2024-04-29 15:24,2024-04-29 15:56,2024-04-29 17:43
LAB708642,ENC103756,PT10752,GLU,Glucose,106,mg/dL,70,99,H,STAT,2024-04-29 10:11,2024-04-29 10:33,2024-04-29 11:46
LAB708643,ENC103756,PT10752,CREAT,Creatinine,0.51,mg/dL,0.6,1.3,L,STAT,2024-04-29 10:01,2024-04-29 10:06,2024-04-29 11:12
LAB708644,ENC103758,PT12081,GLU,Glucose,114,mg/dL,70,99,H,Routine,2024-04-29 12:50,2024-04-29 13:00,2024-04-29 20:11
LAB708645,ENC103758,PT12081,CREAT,Creatinine,1.86,mg/dL,0.6,1.3,H,STAT,2024-04-29 12:25,2024-04-29 12:51,2024-04-29 13:28
LAB708646,ENC103758,PT12081,WBC,White Blood Cell Count,6.8,K/uL,4.5,11,N,STAT,2024-04-29 12:04,2024-04-29 12:33,2024-04-29 13:16
LAB708647,ENC103758,PT12081,HGB,Hemoglobin,8.5,g/dL,12,17.5,L,STAT,2024-04-29 12:30,2024-04-29 12:38,2024-04-29 13:14
LAB708648,ENC103758,PT12081,NA,Sodium,138,mmol/L,136,145,N,STAT,2024-04-29 12:52,2024-04-29 13:08,2024-04-29 13:31
LAB708649,ENC103758,PT12081,K,Potassium,4,mmol/L,3.5,5.1,N,STAT,2024-04-29 12:07,2024-04-29 12:13,2024-04-29 12:35
LAB708650,ENC103761,PT12943,LDL,LDL Cholesterol,88,mg/dL,0,99,N,Routine,2024-04-29 11:30,2024-04-29 11:44,2024-04-29 17:50
LAB708651,ENC103761,PT12943,A1C,Hemoglobin A1c,10.2,%,4,5.6,H,Routine,2024-04-29 11:10,2024-04-29 11:22,2024-04-30 15:34
LAB708652,ENC103763,PT10252,LDL,LDL Cholesterol,127,mg/dL,0,99,H,Routine,2024-04-29 11:42,2024-04-29 12:01,2024-04-30 02:02
LAB708653,ENC103763,PT10252,TSH,Thyroid Stimulating Hormone,1.11,mIU/L,0.4,4,N,Routine,2024-04-29 11:30,2024-04-29 11:45,2024-04-30 14:46
LAB708654,ENC103764,PT13166,A1C,Hemoglobin A1c,11.5,%,4,5.6,H,Routine,2024-04-29 11:41,2024-04-29 12:16,2024-04-30 03:23
LAB708655,ENC103767,PT13953,GLU,Glucose,109,mg/dL,70,99,H,Routine,2024-04-29 12:35,2024-04-29 13:02,2024-04-29 14:18
LAB708656,ENC103767,PT13953,CREAT,Creatinine,0.83,mg/dL,0.6,1.3,N,STAT,2024-04-29 12:57,2024-04-29 13:01,2024-04-29 13:47
LAB708657,ENC103767,PT13953,WBC,White Blood Cell Count,6.8,K/uL,4.5,11,N,STAT,2024-04-29 12:02,2024-04-29 12:08,2024-04-29 12:58
LAB708658,ENC103767,PT13953,HGB,Hemoglobin,15.1,g/dL,12,17.5,N,STAT,2024-04-29 12:14,2024-04-29 12:27,2024-04-29 13:06
LAB708659,ENC103768,PT13123,GLU,Glucose,89,mg/dL,70,99,N,STAT,2024-04-29 15:50,2024-04-29 15:57,2024-04-29 16:27
LAB708660,ENC103768,PT13123,CREAT,Creatinine,0.98,mg/dL,0.6,1.3,N,STAT,2024-04-29 15:28,2024-04-29 16:02,2024-04-29 16:52
LAB708661,ENC103768,PT13123,WBC,White Blood Cell Count,9.4,K/uL,4.5,11,N,STAT,2024-04-29 15:31,2024-04-29 15:50,2024-04-29 16:23
LAB708662,ENC103768,PT13123,HGB,Hemoglobin,11.4,g/dL,12,17.5,L,STAT,2024-04-29 15:39,2024-04-29 15:55,2024-04-29 16:15
LAB708663,ENC103769,PT10835,LDL,LDL Cholesterol,110,mg/dL,0,99,H,Routine,2024-04-29 12:19,2024-04-29 12:40,2024-04-30 07:34
LAB708664,ENC103769,PT10835,A1C,Hemoglobin A1c,9,%,4,5.6,H,Routine,2024-04-29 12:17,2024-04-29 12:48,2024-04-29 20:07
LAB708665,ENC103770,PT11127,GLU,Glucose,76,mg/dL,70,99,N,STAT,2024-04-29 13:11,2024-04-29 13:38,2024-04-29 14:19
LAB708666,ENC103770,PT11127,CREAT,Creatinine,0.78,mg/dL,0.6,1.3,N,STAT,2024-04-29 12:36,2024-04-29 13:09,2024-04-29 14:15
LAB708667,ENC103771,PT10102,GLU,Glucose,109,mg/dL,70,99,H,STAT,2024-04-29 14:30,2024-04-29 14:40,2024-04-29 15:14
LAB708668,ENC103771,PT10102,CREAT,Creatinine,2.7,mg/dL,0.6,1.3,H,Routine,2024-04-29 14:09,2024-04-29 14:22,2024-04-29 16:08
LAB708669,ENC103771,PT10102,WBC,White Blood Cell Count,9.2,K/uL,4.5,11,N,STAT,2024-04-29 14:15,2024-04-29 14:26,2024-04-29 15:58
LAB708670,ENC103771,PT10102,HGB,Hemoglobin,10.6,g/dL,12,17.5,L,STAT,2024-04-29 15:17,2024-04-29 15:43,2024-04-29 16:17
LAB708671,ENC103771,PT10102,NA,Sodium,140,mmol/L,136,145,N,STAT,2024-04-29 14:18,2024-04-29 14:50,2024-04-29 16:01
LAB708672,ENC103771,PT10102,K,Potassium,5.4,mmol/L,3.5,5.1,H,STAT,2024-04-29 14:22,2024-04-29 14:38,2024-04-29 15:52
LAB708673,ENC103772,PT12275,LDL,LDL Cholesterol,102,mg/dL,0,99,H,Routine,2024-04-29 12:50,2024-04-29 13:17,2024-04-30 13:09
LAB708674,ENC103772,PT12275,TSH,Thyroid Stimulating Hormone,2.55,mIU/L,0.4,4,N,Routine,2024-04-29 12:43,2024-04-29 12:47,2024-04-29 22:49
LAB708675,ENC103773,PT12610,GLU,Glucose,132,mg/dL,70,99,H,STAT,2024-04-29 13:40,2024-04-29 13:56,2024-04-29 14:34
LAB708676,ENC103773,PT12610,CREAT,Creatinine,1.29,mg/dL,0.6,1.3,N,STAT,2024-04-29 14:13,2024-04-29 14:29,2024-04-29 15:37
LAB708677,ENC103773,PT12610,WBC,White Blood Cell Count,4.7,K/uL,4.5,11,N,Routine,2024-04-29 14:06,2024-04-29 14:33,2024-04-29 20:20
LAB708678,ENC103773,PT12610,HGB,Hemoglobin,13.2,g/dL,12,17.5,N,Routine,2024-04-29 14:26,2024-04-29 14:33,2024-04-29 16:37
LAB708679,ENC103775,PT12690,GLU,Glucose,106,mg/dL,70,99,H,Routine,2024-04-29 17:26,2024-04-29 17:31,2024-04-29 21:45
LAB708680,ENC103775,PT12690,CREAT,Creatinine,1.09,mg/dL,0.6,1.3,N,Routine,2024-04-29 17:03,2024-04-29 17:37,2024-04-29 20:53
LAB708681,ENC103775,PT12690,WBC,White Blood Cell Count,1,K/uL,4.5,11,L,STAT,2024-04-29 17:45,2024-04-29 18:13,2024-04-29 19:10
LAB708682,ENC103775,PT12690,HGB,Hemoglobin,11.6,g/dL,12,17.5,L,Routine,2024-04-29 17:19,2024-04-29 17:31,2024-04-29 21:45
LAB708683,ENC103775,PT12690,BUN,Blood Urea Nitrogen,19,mg/dL,7,20,N,STAT,2024-04-29 17:46,2024-04-29 17:53,2024-04-29 18:30
LAB708684,ENC103775,PT12690,PLT,Platelet Count,52,K/uL,150,400,L,Routine,2024-04-29 16:57,2024-04-29 17:06,2024-04-29 19:21
LAB708685,ENC103776,PT11115,A1C,Hemoglobin A1c,10.1,%,4,5.6,H,Routine,2024-04-29 14:02,2024-04-29 14:11,2024-04-30 01:04
LAB708686,ENC103778,PT10389,WBC,White Blood Cell Count,7.5,K/uL,4.5,11,N,Routine,2024-04-29 14:30,2024-04-29 15:03,2024-04-29 17:40
LAB708687,ENC103778,PT10389,HGB,Hemoglobin,12.8,g/dL,12,17.5,N,Routine,2024-04-29 14:40,2024-04-29 15:01,2024-04-29 17:41
LAB708688,ENC103778,PT10389,PLT,Platelet Count,292,K/uL,150,400,N,Routine,2024-04-29 14:43,2024-04-29 15:08,2024-04-29 17:14
LAB708689,ENC103780,PT13735,GLU,Glucose,122,mg/dL,70,99,H,Routine,2024-04-29 19:46,2024-04-29 20:14,2024-04-29 22:53
LAB708690,ENC103780,PT13735,CREAT,Creatinine,0.99,mg/dL,0.6,1.3,N,Routine,2024-04-29 20:04,2024-04-29 20:27,2024-04-30 00:57
LAB708691,ENC103780,PT13735,WBC,White Blood Cell Count,7.2,K/uL,4.5,11,N,STAT,2024-04-29 20:07,2024-04-29 20:22,2024-04-29 21:04
LAB708692,ENC103780,PT13735,HGB,Hemoglobin,16.5,g/dL,12,17.5,N,STAT,2024-04-29 19:39,2024-04-29 19:50,2024-04-29 20:18
LAB708693,ENC103781,PT10136,LDL,LDL Cholesterol,117,mg/dL,0,99,H,Routine,2024-04-29 16:09,2024-04-29 16:31,2024-05-01 01:53
LAB708694,ENC103781,PT10136,A1C,Hemoglobin A1c,5.6,%,4,5.6,N,Routine,2024-04-29 16:00,2024-04-29 16:34,2024-04-30 07:06
LAB708695,ENC103781,PT10136,TSH,Thyroid Stimulating Hormone,1.31,mIU/L,0.4,4,N,Routine,2024-04-29 15:51,2024-04-29 16:05,2024-04-30 05:10
LAB708696,ENC103783,PT11946,GLU,Glucose,120,mg/dL,70,99,H,STAT,2024-04-29 17:50,2024-04-29 18:15,2024-04-29 18:57
LAB708697,ENC103783,PT11946,CREAT,Creatinine,1.25,mg/dL,0.6,1.3,N,Routine,2024-04-29 17:20,2024-04-29 17:36,2024-04-29 21:32
LAB708698,ENC103783,PT11946,WBC,White Blood Cell Count,9.1,K/uL,4.5,11,N,Routine,2024-04-29 18:00,2024-04-29 18:20,2024-04-29 20:45
LAB708699,ENC103783,PT11946,HGB,Hemoglobin,12.5,g/dL,12,17.5,N,Routine,2024-04-29 18:07,2024-04-29 18:39,2024-04-29 20:28
LAB708700,ENC103784,PT12547,GLU,Glucose,108,mg/dL,70,99,H,STAT,2024-04-29 19:22,2024-04-29 19:55,2024-04-29 20:40
LAB708701,ENC103784,PT12547,CREAT,Creatinine,1.1,mg/dL,0.6,1.3,N,STAT,2024-04-29 20:06,2024-04-29 20:36,2024-04-29 21:37
LAB708702,ENC103784,PT12547,WBC,White Blood Cell Count,7.6,K/uL,4.5,11,N,STAT,2024-04-29 19:55,2024-04-29 20:26,2024-04-29 20:57
LAB708703,ENC103784,PT12547,HGB,Hemoglobin,12.3,g/dL,12,17.5,N,STAT,2024-04-29 19:21,2024-04-29 19:42,2024-04-29 20:44
LAB708704,ENC103784,PT12547,INR,Prothrombin Time INR,1.2,ratio,0.8,1.2,N,Routine,2024-04-29 20:04,2024-04-29 20:14,2024-04-29 21:56
LAB708705,ENC103785,PT12444,GLU,Glucose,86,mg/dL,70,99,N,STAT,2024-04-29 19:01,2024-04-29 19:17,2024-04-29 19:58
LAB708706,ENC103785,PT12444,CREAT,Creatinine,0.81,mg/dL,0.6,1.3,N,STAT,2024-04-29 19:07,2024-04-29 19:22,2024-04-29 20:27
LAB708707,ENC103785,PT12444,WBC,White Blood Cell Count,8.2,K/uL,4.5,11,N,Routine,2024-04-29 18:44,2024-04-29 18:50,2024-04-30 01:53
LAB708708,ENC103785,PT12444,HGB,Hemoglobin,14.2,g/dL,12,17.5,N,Routine,2024-04-29 19:16,2024-04-29 19:43,2024-04-29 22:49
LAB708709,ENC103785,PT12444,TROP,"Troponin I, High Sensitivity",6,ng/L,0,34,N,STAT,2024-04-29 19:03,2024-04-29 19:37,2024-04-29 20:09
LAB708710,ENC103786,PT13339,GLU,Glucose,120,mg/dL,70,99,H,Routine,2024-04-29 20:31,2024-04-29 20:45,2024-04-29 22:42
LAB708711,ENC103786,PT13339,CREAT,Creatinine,0.9,mg/dL,0.6,1.3,N,STAT,2024-04-29 20:18,2024-04-29 20:39,2024-04-29 21:40
LAB708712,ENC103786,PT13339,WBC,White Blood Cell Count,8.3,K/uL,4.5,11,N,STAT,2024-04-29 20:44,2024-04-29 20:53,2024-04-29 21:47
LAB708713,ENC103786,PT13339,TROP,"Troponin I, High Sensitivity",3,ng/L,0,34,N,STAT,2024-04-29 20:58,2024-04-29 21:23,2024-04-29 22:00
LAB708714,ENC103787,PT11279,GLU,Glucose,108,mg/dL,70,99,H,Routine,2024-04-29 22:28,2024-04-29 22:59,2024-04-30 01:26
LAB708715,ENC103787,PT11279,CREAT,Creatinine,0.79,mg/dL,0.6,1.3,N,Routine,2024-04-29 22:48,2024-04-29 22:54,2024-04-30 00:17
LAB708716,ENC103787,PT11279,WBC,White Blood Cell Count,7,K/uL,4.5,11,N,Routine,2024-04-29 22:24,2024-04-29 22:37,2024-04-30 02:41
LAB708717,ENC103787,PT11279,HGB,Hemoglobin,12.7,g/dL,12,17.5,N,STAT,2024-04-29 22:39,2024-04-29 23:11,2024-04-30 00:00
LAB708718,ENC103787,PT11279,NA,Sodium,128,mmol/L,136,145,L,STAT,2024-04-29 22:42,2024-04-29 22:57,2024-04-29 23:30
LAB708719,ENC103787,PT11279,K,Potassium,4.4,mmol/L,3.5,5.1,N,STAT,2024-04-29 22:59,2024-04-29 23:22,2024-04-29 23:49
LAB708720,ENC103788,PT10490,GLU,Glucose,89,mg/dL,70,99,N,Routine,2024-04-29 21:20,2024-04-29 21:25,2024-04-30 00:43
LAB708721,ENC103788,PT10490,CREAT,Creatinine,1.09,mg/dL,0.6,1.3,N,Routine,2024-04-29 20:57,2024-04-29 21:14,2024-04-29 23:20
LAB708722,ENC103788,PT10490,WBC,White Blood Cell Count,8,K/uL,4.5,11,N,Routine,2024-04-29 20:20,2024-04-29 20:55,2024-04-29 23:54
LAB708723,ENC103788,PT10490,HGB,Hemoglobin,13.8,g/dL,12,17.5,N,STAT,2024-04-29 21:04,2024-04-29 21:09,2024-04-29 21:51
LAB708724,ENC103789,PT13451,GLU,Glucose,122,mg/dL,70,99,H,STAT,2024-04-30 00:10,2024-04-30 00:31,2024-04-30 00:59
LAB708725,ENC103789,PT13451,CREAT,Creatinine,1.2,mg/dL,0.6,1.3,N,Routine,2024-04-30 00:30,2024-04-30 00:42,2024-04-30 03:02
LAB708726,ENC103789,PT13451,WBC,White Blood Cell Count,6.2,K/uL,4.5,11,N,STAT,2024-04-30 00:44,2024-04-30 01:08,2024-04-30 02:30
LAB708727,ENC103789,PT13451,HGB,Hemoglobin,12.1,g/dL,12,17.5,N,Routine,2024-04-29 23:59,2024-04-30 00:08,2024-04-30 04:46
LAB708728,ENC103790,PT11251,GLU,Glucose,110,mg/dL,70,99,H,Routine,2024-04-30 05:08,2024-04-30 05:16,2024-04-30 06:26
LAB708729,ENC103790,PT11251,CREAT,Creatinine,0.97,mg/dL,0.6,1.3,N,STAT,2024-04-30 05:35,2024-04-30 06:03,2024-04-30 07:40
LAB708730,ENC103790,PT11251,WBC,White Blood Cell Count,6.2,K/uL,4.5,11,N,Routine,2024-04-30 05:35,2024-04-30 06:09,2024-04-30 07:17
LAB708731,ENC103790,PT11251,HGB,Hemoglobin,15,g/dL,12,17.5,N,STAT,2024-04-30 05:49,2024-04-30 06:21,2024-04-30 07:10
LAB708732,ENC103791,PT10387,GLU,Glucose,87,mg/dL,70,99,N,Routine,2024-04-30 06:20,2024-04-30 06:39,2024-04-30 08:01
LAB708733,ENC103791,PT10387,CREAT,Creatinine,1.26,mg/dL,0.6,1.3,N,Routine,2024-04-30 06:23,2024-04-30 06:27,2024-04-30 10:42
LAB708734,ENC103791,PT10387,WBC,White Blood Cell Count,7.7,K/uL,4.5,11,N,STAT,2024-04-30 06:09,2024-04-30 06:14,2024-04-30 06:46
LAB708735,ENC103791,PT10387,HGB,Hemoglobin,12.5,g/dL,12,17.5,N,STAT,2024-04-30 06:18,2024-04-30 06:45,2024-04-30 07:52
LAB708736,ENC103791,PT10387,NA,Sodium,123,mmol/L,136,145,L,Routine,2024-04-30 06:18,2024-04-30 06:43,2024-04-30 09:21
LAB708737,ENC103791,PT10387,K,Potassium,4,mmol/L,3.5,5.1,N,STAT,2024-04-30 06:45,2024-04-30 07:14,2024-04-30 07:38
LAB708738,ENC103792,PT13211,LDL,LDL Cholesterol,115,mg/dL,0,99,H,Routine,2024-04-30 08:44,2024-04-30 09:18,2024-04-30 16:15
LAB708739,ENC103792,PT13211,A1C,Hemoglobin A1c,6.4,%,4,5.6,H,Routine,2024-04-30 08:35,2024-04-30 09:09,2024-05-01 20:01
LAB708740,ENC103792,PT13211,TSH,Thyroid Stimulating Hormone,1.27,mIU/L,0.4,4,N,Routine,2024-04-30 08:26,2024-04-30 08:57,2024-04-30 14:56
LAB708741,ENC103795,PT12813,LDL,LDL Cholesterol,88,mg/dL,0,99,N,Routine,2024-04-30 09:17,2024-04-30 09:42,2024-04-30 13:46
LAB708742,ENC103797,PT11110,GLU,Glucose,129,mg/dL,70,99,H,STAT,2024-04-30 13:03,2024-04-30 13:12,2024-04-30 14:26
LAB708743,ENC103797,PT11110,CREAT,Creatinine,0.81,mg/dL,0.6,1.3,N,Routine,2024-04-30 12:46,2024-04-30 13:09,2024-04-30 14:22
LAB708744,ENC103797,PT11110,WBC,White Blood Cell Count,6.4,K/uL,4.5,11,N,Routine,2024-04-30 12:37,2024-04-30 13:07,2024-04-30 16:11
LAB708745,ENC103797,PT11110,HGB,Hemoglobin,14.7,g/dL,12,17.5,N,Routine,2024-04-30 12:59,2024-04-30 13:09,2024-04-30 16:40
LAB708746,ENC103797,PT11110,TROP,"Troponin I, High Sensitivity",499,ng/L,0,34,H,STAT,2024-04-30 13:21,2024-04-30 13:32,2024-04-30 14:13
LAB708747,ENC103798,PT10395,LDL,LDL Cholesterol,92,mg/dL,0,99,N,Routine,2024-04-30 10:15,2024-04-30 10:36,2024-04-30 20:00
LAB708748,ENC103798,PT10395,A1C,Hemoglobin A1c,7.2,%,4,5.6,H,Routine,2024-04-30 10:12,2024-04-30 10:32,2024-04-30 18:46
LAB708749,ENC103799,PT10655,A1C,Hemoglobin A1c,8.2,%,4,5.6,H,Routine,2024-04-30 10:20,2024-04-30 10:24,2024-05-01 03:31
LAB708750,ENC103799,PT10655,GLU,Glucose,192,mg/dL,70,99,H,Routine,2024-04-30 10:45,2024-04-30 11:19,2024-04-30 14:10
LAB708751,ENC103799,PT10655,CREAT,Creatinine,0.91,mg/dL,0.6,1.3,N,Routine,2024-04-30 10:29,2024-04-30 10:41,2024-04-30 15:44
LAB708752,ENC103802,PT10276,GLU,Glucose,146,mg/dL,70,99,H,STAT,2024-04-30 16:15,2024-04-30 16:29,2024-04-30 17:12
LAB708753,ENC103802,PT10276,CREAT,Creatinine,1.03,mg/dL,0.6,1.3,N,STAT,2024-04-30 15:57,2024-04-30 16:24,2024-04-30 17:30
LAB708754,ENC103802,PT10276,WBC,White Blood Cell Count,5.8,K/uL,4.5,11,N,STAT,2024-04-30 15:46,2024-04-30 16:21,2024-04-30 16:59
LAB708755,ENC103802,PT10276,HGB,Hemoglobin,11.5,g/dL,12,17.5,L,STAT,2024-04-30 15:54,2024-04-30 16:10,2024-04-30 16:38
LAB708756,ENC103802,PT10276,NA,Sodium,141,mmol/L,136,145,N,STAT,2024-04-30 15:41,2024-04-30 16:09,2024-04-30 16:44
LAB708757,ENC103802,PT10276,K,Potassium,3.9,mmol/L,3.5,5.1,N,STAT,2024-04-30 16:09,2024-04-30 16:13,2024-04-30 17:15
LAB708758,ENC103805,PT10332,WBC,White Blood Cell Count,11.8,K/uL,4.5,11,H,Routine,2024-04-30 12:36,2024-04-30 12:54,2024-04-30 15:39
LAB708759,ENC103805,PT10332,HGB,Hemoglobin,14.9,g/dL,12,17.5,N,Routine,2024-04-30 12:37,2024-04-30 13:12,2024-04-30 19:48
LAB708760,ENC103805,PT10332,PLT,Platelet Count,263,K/uL,150,400,N,Routine,2024-04-30 12:57,2024-04-30 13:12,2024-04-30 17:38
LAB708761,ENC103807,PT12628,GLU,Glucose,210,mg/dL,70,99,H,STAT,2024-04-30 13:22,2024-04-30 13:45,2024-04-30 14:44
LAB708762,ENC103807,PT12628,CREAT,Creatinine,0.87,mg/dL,0.6,1.3,N,STAT,2024-04-30 13:22,2024-04-30 13:30,2024-04-30 14:20
LAB708763,ENC103807,PT12628,WBC,White Blood Cell Count,6.1,K/uL,4.5,11,N,STAT,2024-04-30 13:24,2024-04-30 13:52,2024-04-30 14:43
LAB708764,ENC103807,PT12628,HGB,Hemoglobin,15,g/dL,12,17.5,N,STAT,2024-04-30 12:57,2024-04-30 13:01,2024-04-30 13:22
LAB708765,ENC103807,PT12628,NA,Sodium,142,mmol/L,136,145,N,STAT,2024-04-30 12:59,2024-04-30 13:30,2024-04-30 13:56
LAB708766,ENC103807,PT12628,K,Potassium,3.5,mmol/L,3.5,5.1,N,STAT,2024-04-30 13:44,2024-04-30 13:53,2024-04-30 14:22
LAB708767,ENC103809,PT10715,GLU,Glucose,88,mg/dL,70,99,N,STAT,2024-04-30 14:00,2024-04-30 14:32,2024-04-30 15:12
LAB708768,ENC103809,PT10715,CREAT,Creatinine,0.96,mg/dL,0.6,1.3,N,Routine,2024-04-30 14:43,2024-04-30 15:00,2024-04-30 17:16
LAB708769,ENC103809,PT10715,WBC,White Blood Cell Count,7.1,K/uL,4.5,11,N,STAT,2024-04-30 13:47,2024-04-30 14:04,2024-04-30 14:38
LAB708770,ENC103812,PT12999,GLU,Glucose,82,mg/dL,70,99,N,STAT,2024-04-30 17:27,2024-04-30 18:01,2024-04-30 18:49
LAB708771,ENC103812,PT12999,CREAT,Creatinine,0.87,mg/dL,0.6,1.3,N,Routine,2024-04-30 16:52,2024-04-30 16:59,2024-04-30 17:52
LAB708772,ENC103812,PT12999,WBC,White Blood Cell Count,11.2,K/uL,4.5,11,H,Routine,2024-04-30 17:00,2024-04-30 17:24,2024-04-30 19:23
LAB708773,ENC103812,PT12999,HGB,Hemoglobin,11.6,g/dL,12,17.5,L,Routine,2024-04-30 17:24,2024-04-30 17:55,2024-04-30 20:31
LAB708774,ENC103814,PT13411,GLU,Glucose,86,mg/dL,70,99,N,Routine,2024-04-30 17:02,2024-04-30 17:09,2024-04-30 21:42
LAB708775,ENC103814,PT13411,CREAT,Creatinine,0.84,mg/dL,0.6,1.3,N,Routine,2024-04-30 16:30,2024-04-30 17:05,2024-04-30 19:00
LAB708776,ENC103814,PT13411,WBC,White Blood Cell Count,7.7,K/uL,4.5,11,N,Routine,2024-04-30 17:09,2024-04-30 17:32,2024-04-30 21:07
LAB708777,ENC103814,PT13411,HGB,Hemoglobin,15.5,g/dL,12,17.5,N,STAT,2024-04-30 17:34,2024-04-30 18:09,2024-04-30 19:03
LAB708778,ENC103814,PT13411,TROP,"Troponin I, High Sensitivity",379,ng/L,0,34,H,STAT,2024-04-30 16:30,2024-04-30 16:35,2024-04-30 17:16
LAB708779,ENC103815,PT12842,GLU,Glucose,0,mg/dL,70,99,LL,STAT,2024-04-30 19:48,2024-04-30 20:20,2024-04-30 20:48
LAB708780,ENC103815,PT12842,CREAT,Creatinine,1.19,mg/dL,0.6,1.3,N,Routine,2024-04-30 20:03,2024-04-30 20:07,2024-05-01 00:03
LAB708781,ENC103815,PT12842,WBC,White Blood Cell Count,10.2,K/uL,4.5,11,N,Routine,2024-04-30 19:39,2024-04-30 19:45,2024-04-30 22:36
LAB708782,ENC103815,PT12842,HGB,Hemoglobin,13.4,g/dL,12,17.5,N,STAT,2024-04-30 20:24,2024-04-30 20:55,2024-04-30 21:32
LAB708783,ENC103815,PT12842,NA,Sodium,139,mmol/L,136,145,N,STAT,2024-04-30 19:41,2024-04-30 19:54,2024-04-30 21:01
LAB708784,ENC103815,PT12842,K,Potassium,4,mmol/L,3.5,5.1,N,STAT,2024-04-30 20:32,2024-04-30 20:42,2024-04-30 21:16
LAB708785,ENC103821,PT11884,GLU,Glucose,82,mg/dL,70,99,N,STAT,2024-04-30 16:42,2024-04-30 17:08,2024-04-30 17:49
LAB708786,ENC103821,PT11884,CREAT,Creatinine,0.94,mg/dL,0.6,1.3,N,STAT,2024-04-30 16:43,2024-04-30 16:57,2024-04-30 17:27
LAB708787,ENC103821,PT11884,WBC,White Blood Cell Count,8.6,K/uL,4.5,11,N,Routine,2024-04-30 17:14,2024-04-30 17:29,2024-04-30 20:02
LAB708788,ENC103821,PT11884,HGB,Hemoglobin,13.3,g/dL,12,17.5,N,STAT,2024-04-30 17:36,2024-04-30 18:10,2024-04-30 18:46
LAB708789,ENC103822,PT10893,TROP,"Troponin I, High Sensitivity",3,ng/L,0,34,N,STAT,2024-04-30 18:43,2024-04-30 19:06,2024-04-30 19:40
LAB708790,ENC103823,PT13001,GLU,Glucose,100,mg/dL,70,99,H,STAT,2024-04-30 22:19,2024-04-30 22:29,2024-04-30 23:22
LAB708791,ENC103823,PT13001,CREAT,Creatinine,0.97,mg/dL,0.6,1.3,N,Routine,2024-04-30 22:37,2024-04-30 23:12,2024-05-01 05:26
LAB708792,ENC103823,PT13001,WBC,White Blood Cell Count,17.5,K/uL,4.5,11,H,STAT,2024-04-30 22:08,2024-04-30 22:24,2024-04-30 23:15
LAB708793,ENC103823,PT13001,HGB,Hemoglobin,14,g/dL,12,17.5,N,Routine,2024-04-30 22:46,2024-04-30 23:19,2024-05-01 01:33
LAB708794,ENC103825,PT13608,GLU,Glucose,92,mg/dL,70,99,N,Routine,2024-05-01 00:05,2024-05-01 00:36,2024-05-01 03:30
LAB708795,ENC103825,PT13608,CREAT,Creatinine,1.2,mg/dL,0.6,1.3,N,STAT,2024-05-01 00:38,2024-05-01 01:01,2024-05-01 01:43
LAB708796,ENC103825,PT13608,WBC,White Blood Cell Count,6.6,K/uL,4.5,11,N,STAT,2024-05-01 01:09,2024-05-01 01:34,2024-05-01 02:12
LAB708797,ENC103825,PT13608,HGB,Hemoglobin,14.8,g/dL,12,17.5,N,Routine,2024-05-01 00:52,2024-05-01 01:08,2024-05-01 04:51
LAB708798,ENC103825,PT13608,NA,Sodium,141,mmol/L,136,145,N,STAT,2024-05-01 00:26,2024-05-01 00:57,2024-05-01 01:25
LAB708799,ENC103825,PT13608,K,Potassium,3.8,mmol/L,3.5,5.1,N,STAT,2024-05-01 00:08,2024-05-01 00:40,2024-05-01 01:18
LAB708800,ENC103828,PT13298,GLU,Glucose,132,mg/dL,70,99,H,STAT,2024-05-01 03:27,2024-05-01 03:52,2024-05-01 04:47
LAB708801,ENC103828,PT13298,CREAT,Creatinine,0.54,mg/dL,0.6,1.3,L,Routine,2024-05-01 03:45,2024-05-01 03:51,2024-05-01 07:20
LAB708802,ENC103828,PT13298,WBC,White Blood Cell Count,5.5,K/uL,4.5,11,N,STAT,2024-05-01 03:21,2024-05-01 03:40,2024-05-01 04:18
LAB708803,ENC103828,PT13298,HGB,Hemoglobin,9.8,g/dL,12,17.5,L,Routine,2024-05-01 03:08,2024-05-01 03:17,2024-05-01 08:43
LAB708804,ENC103831,PT11857,TROP,"Troponin I, High Sensitivity",7,ng/L,0,34,N,STAT,2024-05-01 09:27,2024-05-01 09:56,2024-05-01 10:57
LAB708805,ENC103835,PT11878,LDL,LDL Cholesterol,123,mg/dL,0,99,H,Routine,2024-05-01 09:35,2024-05-01 10:06,2024-05-01 16:27
LAB708806,ENC103835,PT11878,A1C,Hemoglobin A1c,5.7,%,4,5.6,H,Routine,2024-05-01 09:23,2024-05-01 09:47,2024-05-02 04:53
LAB708807,ENC103836,PT12432,WBC,White Blood Cell Count,6.1,K/uL,4.5,11,N,Routine,2024-05-01 10:13,2024-05-01 10:35,2024-05-01 16:36
LAB708808,ENC103836,PT12432,HGB,Hemoglobin,13.1,g/dL,12,17.5,N,Routine,2024-05-01 09:56,2024-05-01 10:29,2024-05-01 11:43
LAB708809,ENC103836,PT12432,PLT,Platelet Count,270,K/uL,150,400,N,Routine,2024-05-01 10:03,2024-05-01 10:28,2024-05-01 13:46
LAB708810,ENC103837,PT12029,GLU,Glucose,131,mg/dL,70,99,H,Routine,2024-05-01 10:55,2024-05-01 11:26,2024-05-01 12:22
LAB708811,ENC103837,PT12029,CREAT,Creatinine,1.05,mg/dL,0.6,1.3,N,Routine,2024-05-01 10:14,2024-05-01 10:26,2024-05-01 17:21
LAB708812,ENC103837,PT12029,WBC,White Blood Cell Count,7.3,K/uL,4.5,11,N,Routine,2024-05-01 11:21,2024-05-01 11:40,2024-05-01 12:55
LAB708813,ENC103837,PT12029,HGB,Hemoglobin,12.9,g/dL,12,17.5,N,STAT,2024-05-01 10:28,2024-05-01 10:50,2024-05-01 11:33
LAB708814,ENC103840,PT13710,LDL,LDL Cholesterol,91,mg/dL,0,99,N,Routine,2024-05-01 11:06,2024-05-01 11:41,2024-05-01 20:15
LAB708815,ENC103840,PT13710,A1C,Hemoglobin A1c,4.8,%,4,5.6,N,Routine,2024-05-01 11:10,2024-05-01 11:21,2024-05-01 18:37
LAB708816,ENC103844,PT12142,WBC,White Blood Cell Count,6.6,K/uL,4.5,11,N,Routine,2024-05-01 12:16,2024-05-01 12:26,2024-05-01 15:34
LAB708817,ENC103844,PT12142,HGB,Hemoglobin,12.4,g/dL,12,17.5,N,Routine,2024-05-01 12:29,2024-05-01 12:56,2024-05-01 15:14
LAB708818,ENC103844,PT12142,PLT,Platelet Count,338,K/uL,150,400,N,Routine,2024-05-01 12:15,2024-05-01 12:34,2024-05-01 16:19
LAB708819,ENC103845,PT13163,GLU,Glucose,221,mg/dL,70,99,H,STAT,2024-05-01 17:36,2024-05-01 17:44,2024-05-01 19:18
LAB708820,ENC103845,PT13163,CREAT,Creatinine,0.87,mg/dL,0.6,1.3,N,STAT,2024-05-01 17:29,2024-05-01 17:56,2024-05-01 18:34
LAB708821,ENC103845,PT13163,WBC,White Blood Cell Count,11.7,K/uL,4.5,11,H,STAT,2024-05-01 17:31,2024-05-01 17:44,2024-05-01 19:01
LAB708822,ENC103845,PT13163,HGB,Hemoglobin,14.2,g/dL,12,17.5,N,Routine,2024-05-01 16:49,2024-05-01 16:55,2024-05-01 19:05
LAB708823,ENC103846,PT12558,GLU,Glucose,94,mg/dL,70,99,N,Routine,2024-05-01 13:38,2024-05-01 14:12,2024-05-01 16:14
LAB708824,ENC103846,PT12558,CREAT,Creatinine,0.63,mg/dL,0.6,1.3,N,STAT,2024-05-01 13:13,2024-05-01 13:32,2024-05-01 14:15
LAB708825,ENC103850,PT13530,LDL,LDL Cholesterol,129,mg/dL,0,99,H,Routine,2024-05-01 13:44,2024-05-01 13:53,2024-05-02 04:19
LAB708826,ENC103850,PT13530,A1C,Hemoglobin A1c,7.4,%,4,5.6,H,Routine,2024-05-01 13:56,2024-05-01 14:01,2024-05-01 23:03
LAB708827,ENC103851,PT11796,GLU,Glucose,205,mg/dL,70,99,H,STAT,2024-05-01 13:52,2024-05-01 14:20,2024-05-01 14:45
LAB708828,ENC103851,PT11796,CREAT,Creatinine,0.66,mg/dL,0.6,1.3,N,STAT,2024-05-01 14:39,2024-05-01 15:01,2024-05-01 15:55
LAB708829,ENC103851,PT11796,WBC,White Blood Cell Count,12.5,K/uL,4.5,11,H,STAT,2024-05-01 14:28,2024-05-01 14:39,2024-05-01 15:42
LAB708830,ENC103852,PT13877,GLU,Glucose,167,mg/dL,70,99,H,STAT,2024-05-01 17:19,2024-05-01 17:43,2024-05-01 18:16
LAB708831,ENC103852,PT13877,CREAT,Creatinine,0.97,mg/dL,0.6,1.3,N,Routine,2024-05-01 17:53,2024-05-01 18:10,2024-05-01 20:04
LAB708832,ENC103852,PT13877,WBC,White Blood Cell Count,6.2,K/uL,4.5,11,N,Routine,2024-05-01 17:48,2024-05-01 18:04,2024-05-01 22:22
LAB708833,ENC103852,PT13877,HGB,Hemoglobin,12.5,g/dL,12,17.5,N,STAT,2024-05-01 17:52,2024-05-01 18:20,2024-05-01 19:09
LAB708834,ENC103852,PT13877,TROP,"Troponin I, High Sensitivity",80,ng/L,0,34,H,STAT,2024-05-01 17:41,2024-05-01 17:55,2024-05-01 18:51
LAB708835,ENC103852,PT13877,BNP,B-Type Natriuretic Peptide,324,pg/mL,0,100,H,STAT,2024-05-01 17:43,2024-05-01 18:01,2024-05-01 18:42
LAB708836,ENC103855,PT10504,GLU,Glucose,126,mg/dL,70,99,H,Routine,2024-05-01 15:02,2024-05-01 15:22,2024-05-01 18:33
LAB708837,ENC103855,PT10504,CREAT,Creatinine,1.04,mg/dL,0.6,1.3,N,STAT,2024-05-01 15:14,2024-05-01 15:47,2024-05-01 16:41
LAB708838,ENC103855,PT10504,WBC,White Blood Cell Count,3.8,K/uL,4.5,11,L,Routine,2024-05-01 15:08,2024-05-01 15:39,2024-05-01 18:55
LAB708839,ENC103856,PT13568,GLU,Glucose,83,mg/dL,70,99,N,Routine,2024-05-01 15:23,2024-05-01 15:33,2024-05-01 16:56
LAB708840,ENC103856,PT13568,CREAT,Creatinine,0.47,mg/dL,0.6,1.3,L,STAT,2024-05-01 15:37,2024-05-01 16:10,2024-05-01 16:34
LAB708841,ENC103859,PT11787,GLU,Glucose,99,mg/dL,70,99,N,Routine,2024-05-01 20:59,2024-05-01 21:07,2024-05-01 22:41
LAB708842,ENC103859,PT11787,CREAT,Creatinine,1.26,mg/dL,0.6,1.3,N,Routine,2024-05-01 21:18,2024-05-01 21:43,2024-05-02 05:57
LAB708843,ENC103859,PT11787,WBC,White Blood Cell Count,6.2,K/uL,4.5,11,N,Routine,2024-05-01 21:28,2024-05-01 22:00,2024-05-02 01:33
LAB708844,ENC103859,PT11787,HGB,Hemoglobin,13.9,g/dL,12,17.5,N,Routine,2024-05-01 20:32,2024-05-01 20:39,2024-05-01 23:26
LAB708845,ENC103859,PT11787,NA,Sodium,138,mmol/L,136,145,N,STAT,2024-05-01 20:52,2024-05-01 21:05,2024-05-01 21:55
LAB708846,ENC103859,PT11787,K,Potassium,4.1,mmol/L,3.5,5.1,N,STAT,2024-05-01 20:41,2024-05-01 20:51,2024-05-01 21:43
LAB708847,ENC103860,PT12218,GLU,Glucose,109,mg/dL,70,99,H,Routine,2024-05-01 21:26,2024-05-01 21:54,2024-05-02 05:04
LAB708848,ENC103860,PT12218,CREAT,Creatinine,1,mg/dL,0.6,1.3,N,Routine,2024-05-01 21:14,2024-05-01 21:33,2024-05-02 00:11
LAB708849,ENC103860,PT12218,WBC,White Blood Cell Count,6.1,K/uL,4.5,11,N,Routine,2024-05-01 20:36,2024-05-01 20:44,2024-05-02 00:46
LAB708850,ENC103860,PT12218,HGB,Hemoglobin,12,g/dL,12,17.5,N,STAT,2024-05-01 21:36,2024-05-01 22:01,2024-05-01 22:57
LAB708851,ENC103860,PT12218,NA,Sodium,138,mmol/L,136,145,N,STAT,2024-05-01 21:18,2024-05-01 21:24,2024-05-01 22:25
LAB708852,ENC103860,PT12218,K,Potassium,4.4,mmol/L,3.5,5.1,N,STAT,2024-05-01 20:29,2024-05-01 20:53,2024-05-01 21:17
LAB708853,ENC103860,PT12218,LACT,Lactate,4,mmol/L,0.5,2,H,STAT,2024-05-01 21:17,2024-05-01 21:39,2024-05-01 22:26
LAB708854,ENC103861,PT12787,GLU,Glucose,125,mg/dL,70,99,H,STAT,2024-05-01 21:00,2024-05-01 21:34,2024-05-01 22:00
LAB708855,ENC103861,PT12787,CREAT,Creatinine,0.75,mg/dL,0.6,1.3,N,STAT,2024-05-01 21:17,2024-05-01 21:37,2024-05-01 22:30
LAB708856,ENC103861,PT12787,WBC,White Blood Cell Count,6.2,K/uL,4.5,11,N,STAT,2024-05-01 21:34,2024-05-01 21:50,2024-05-01 22:52
LAB708857,ENC103861,PT12787,HGB,Hemoglobin,12.2,g/dL,12,17.5,N,Routine,2024-05-01 20:41,2024-05-01 21:07,2024-05-01 23:35
LAB708858,ENC103861,PT12787,NA,Sodium,138,mmol/L,136,145,N,Routine,2024-05-01 21:37,2024-05-01 22:06,2024-05-02 00:51
LAB708859,ENC103861,PT12787,K,Potassium,4.2,mmol/L,3.5,5.1,N,STAT,2024-05-01 20:45,2024-05-01 21:03,2024-05-01 21:54
LAB708860,ENC103862,PT12431,GLU,Glucose,108,mg/dL,70,99,H,STAT,2024-05-01 18:58,2024-05-01 19:19,2024-05-01 20:13
LAB708861,ENC103862,PT12431,CREAT,Creatinine,0.72,mg/dL,0.6,1.3,N,Routine,2024-05-01 19:02,2024-05-01 19:07,2024-05-01 22:22
LAB708862,ENC103863,PT10356,GLU,Glucose,119,mg/dL,70,99,H,STAT,2024-05-01 19:41,2024-05-01 19:51,2024-05-01 20:42
LAB708863,ENC103863,PT10356,CREAT,Creatinine,2.05,mg/dL,0.6,1.3,H,STAT,2024-05-01 19:40,2024-05-01 19:51,2024-05-01 20:59
LAB708864,ENC103863,PT10356,WBC,White Blood Cell Count,10.1,K/uL,4.5,11,N,STAT,2024-05-01 19:20,2024-05-01 19:28,2024-05-01 20:17
LAB708865,ENC103863,PT10356,HGB,Hemoglobin,11.6,g/dL,12,17.5,L,STAT,2024-05-01 19:15,2024-05-01 19:20,2024-05-01 20:13
LAB708866,ENC103863,PT10356,NA,Sodium,137,mmol/L,136,145,N,Routine,2024-05-01 19:56,2024-05-01 20:17,2024-05-01 22:13
LAB708867,ENC103863,PT10356,K,Potassium,4.9,mmol/L,3.5,5.1,N,STAT,2024-05-01 19:28,2024-05-01 19:49,2024-05-01 20:45
LAB708868,ENC103863,PT10356,BUN,Blood Urea Nitrogen,14,mg/dL,7,20,N,STAT,2024-05-01 19:25,2024-05-01 20:00,2024-05-01 21:05
LAB708869,ENC103863,PT10356,PLT,Platelet Count,301,K/uL,150,400,N,Routine,2024-05-01 20:08,2024-05-01 20:18,2024-05-02 00:47
LAB708870,ENC103865,PT13831,GLU,Glucose,81,mg/dL,70,99,N,Routine,2024-05-01 19:15,2024-05-01 19:30,2024-05-01 22:55
LAB708871,ENC103865,PT13831,CREAT,Creatinine,0.65,mg/dL,0.6,1.3,N,STAT,2024-05-01 20:14,2024-05-01 20:47,2024-05-01 21:40
LAB708872,ENC103865,PT13831,WBC,White Blood Cell Count,7.8,K/uL,4.5,11,N,STAT,2024-05-01 20:19,2024-05-01 20:51,2024-05-01 21:14
LAB708873,ENC103865,PT13831,HGB,Hemoglobin,15.2,g/dL,12,17.5,N,Routine,2024-05-01 19:55,2024-05-01 20:02,2024-05-01 21:52
LAB708874,ENC103865,PT13831,TROP,"Troponin I, High Sensitivity",7,ng/L,0,34,N,STAT,2024-05-01 20:04,2024-05-01 20:29,2024-05-01 21:13
LAB708875,ENC103866,PT11208,GLU,Glucose,143,mg/dL,70,99,H,STAT,2024-05-01 22:09,2024-05-01 22:29,2024-05-01 23:22
LAB708876,ENC103866,PT11208,CREAT,Creatinine,1.06,mg/dL,0.6,1.3,N,STAT,2024-05-01 22:01,2024-05-01 22:26,2024-05-01 23:20
LAB708877,ENC103866,PT11208,WBC,White Blood Cell Count,15.1,K/uL,4.5,11,H,STAT,2024-05-01 21:47,2024-05-01 21:54,2024-05-01 22:39
LAB708878,ENC103867,PT13283,GLU,Glucose,85,mg/dL,70,99,N,Routine,2024-05-01 21:29,2024-05-01 21:57,2024-05-01 23:38
LAB708879,ENC103867,PT13283,CREAT,Creatinine,0.96,mg/dL,0.6,1.3,N,STAT,2024-05-01 22:17,2024-05-01 22:51,2024-05-01 23:30
LAB708880,ENC103867,PT13283,WBC,White Blood Cell Count,9.1,K/uL,4.5,11,N,STAT,2024-05-01 21:46,2024-05-01 22:21,2024-05-01 22:40
LAB708881,ENC103867,PT13283,HGB,Hemoglobin,14.1,g/dL,12,17.5,N,STAT,2024-05-01 21:40,2024-05-01 22:08,2024-05-01 22:51
LAB708882,ENC103867,PT13283,TROP,"Troponin I, High Sensitivity",8,ng/L,0,34,N,STAT,2024-05-01 21:59,2024-05-01 22:04,2024-05-01 22:31
LAB708883,ENC103871,PT12338,GLU,Glucose,114,mg/dL,70,99,H,Routine,2024-05-02 06:28,2024-05-02 06:43,2024-05-02 09:07
LAB708884,ENC103871,PT12338,CREAT,Creatinine,0.91,mg/dL,0.6,1.3,N,STAT,2024-05-02 06:09,2024-05-02 06:34,2024-05-02 07:12
LAB708885,ENC103871,PT12338,WBC,White Blood Cell Count,13.8,K/uL,4.5,11,H,STAT,2024-05-02 05:58,2024-05-02 06:28,2024-05-02 07:00
LAB708886,ENC103871,PT12338,HGB,Hemoglobin,15.3,g/dL,12,17.5,N,Routine,2024-05-02 05:36,2024-05-02 06:07,2024-05-02 10:07
LAB708887,ENC103873,PT13454,GLU,Glucose,192,mg/dL,70,99,H,STAT,2024-05-02 07:49,2024-05-02 08:00,2024-05-02 08:34
LAB708888,ENC103873,PT13454,CREAT,Creatinine,0.83,mg/dL,0.6,1.3,N,STAT,2024-05-02 07:35,2024-05-02 07:44,2024-05-02 08:42
LAB708889,ENC103873,PT13454,WBC,White Blood Cell Count,15.9,K/uL,4.5,11,H,Routine,2024-05-02 08:25,2024-05-02 09:00,2024-05-02 11:03
LAB708890,ENC103873,PT13454,HGB,Hemoglobin,12.7,g/dL,12,17.5,N,STAT,2024-05-02 08:02,2024-05-02 08:07,2024-05-02 09:22
LAB708891,ENC103873,PT13454,NA,Sodium,140,mmol/L,136,145,N,STAT,2024-05-02 08:14,2024-05-02 08:34,2024-05-02 09:08
LAB708892,ENC103873,PT13454,K,Potassium,3.7,mmol/L,3.5,5.1,N,STAT,2024-05-02 08:16,2024-05-02 08:30,2024-05-02 09:07
LAB708893,ENC103875,PT12296,GLU,Glucose,79,mg/dL,70,99,N,Routine,2024-05-02 05:03,2024-05-02 05:35,2024-05-02 08:42
LAB708894,ENC103875,PT12296,CREAT,Creatinine,0.94,mg/dL,0.6,1.3,N,Routine,2024-05-02 04:38,2024-05-02 05:04,2024-05-02 08:40
LAB708895,ENC103875,PT12296,WBC,White Blood Cell Count,7.9,K/uL,4.5,11,N,STAT,2024-05-02 05:08,2024-05-02 05:43,2024-05-02 06:51
LAB708896,ENC103875,PT12296,HGB,Hemoglobin,15.4,g/dL,12,17.5,N,Routine,2024-05-02 05:12,2024-05-02 05:42,2024-05-02 08:10
LAB708897,ENC103881,PT13484,LDL,LDL Cholesterol,168,mg/dL,0,99,H,Routine,2024-05-02 11:20,2024-05-02 11:46,2024-05-04 13:46
LAB708898,ENC103881,PT13484,A1C,Hemoglobin A1c,9.4,%,4,5.6,H,Routine,2024-05-02 11:12,2024-05-02 11:23,2024-05-04 12:08
LAB708899,ENC103882,PT13762,GLU,Glucose,113,mg/dL,70,99,H,Routine,2024-05-02 15:45,2024-05-02 15:52,2024-05-02 20:01
LAB708900,ENC103882,PT13762,CREAT,Creatinine,1.18,mg/dL,0.6,1.3,N,Routine,2024-05-02 15:11,2024-05-02 15:17,2024-05-02 17:24
LAB708901,ENC103882,PT13762,WBC,White Blood Cell Count,8.3,K/uL,4.5,11,N,STAT,2024-05-02 14:55,2024-05-02 15:06,2024-05-02 15:26
LAB708902,ENC103882,PT13762,HGB,Hemoglobin,12.8,g/dL,12,17.5,N,STAT,2024-05-02 15:34,2024-05-02 15:52,2024-05-02 16:17
LAB708903,ENC103883,PT11441,GLU,Glucose,64,mg/dL,70,99,L,STAT,2024-05-02 14:09,2024-05-02 14:38,2024-05-02 15:48
LAB708904,ENC103883,PT11441,CREAT,Creatinine,0.44,mg/dL,0.6,1.3,L,Routine,2024-05-02 14:21,2024-05-02 14:52,2024-05-02 17:58
LAB708905,ENC103883,PT11441,WBC,White Blood Cell Count,5.8,K/uL,4.5,11,N,STAT,2024-05-02 13:49,2024-05-02 14:10,2024-05-02 14:48
LAB708906,ENC103883,PT11441,HGB,Hemoglobin,12.6,g/dL,12,17.5,N,Routine,2024-05-02 14:52,2024-05-02 15:26,2024-05-02 19:12
LAB708907,ENC103883,PT11441,BUN,Blood Urea Nitrogen,15,mg/dL,7,20,N,Routine,2024-05-02 14:37,2024-05-02 15:06,2024-05-02 18:08
LAB708908,ENC103883,PT11441,PLT,Platelet Count,181,K/uL,150,400,N,STAT,2024-05-02 14:10,2024-05-02 14:29,2024-05-02 15:08
LAB708909,ENC103886,PT11638,GLU,Glucose,125,mg/dL,70,99,H,STAT,2024-05-02 14:00,2024-05-02 14:25,2024-05-02 15:27
LAB708910,ENC103886,PT11638,CREAT,Creatinine,0.9,mg/dL,0.6,1.3,N,STAT,2024-05-02 14:59,2024-05-02 15:14,2024-05-02 16:17
LAB708911,ENC103888,PT13189,GLU,Glucose,183,mg/dL,70,99,H,Routine,2024-05-02 15:34,2024-05-02 15:48,2024-05-02 16:59
LAB708912,ENC103888,PT13189,CREAT,Creatinine,1.09,mg/dL,0.6,1.3,N,Routine,2024-05-02 15:20,2024-05-02 15:39,2024-05-02 18:57
LAB708913,ENC103888,PT13189,WBC,White Blood Cell Count,20.1,K/uL,4.5,11,H,Routine,2024-05-02 16:17,2024-05-02 16:52,2024-05-02 19:33
LAB708914,ENC103888,PT13189,HGB,Hemoglobin,15,g/dL,12,17.5,N,Routine,2024-05-02 16:07,2024-05-02 16:42,2024-05-02 18:40
LAB708915,ENC103888,PT13189,NA,Sodium,140,mmol/L,136,145,N,STAT,2024-05-02 15:47,2024-05-02 16:06,2024-05-02 16:32
LAB708916,ENC103888,PT13189,K,Potassium,3.5,mmol/L,3.5,5.1,N,STAT,2024-05-02 16:12,2024-05-02 16:37,2024-05-02 17:40
LAB708917,ENC103890,PT10829,GLU,Glucose,129,mg/dL,70,99,H,Routine,2024-05-02 18:58,2024-05-02 19:17,2024-05-03 01:44
LAB708918,ENC103890,PT10829,CREAT,Creatinine,0.86,mg/dL,0.6,1.3,N,STAT,2024-05-02 19:08,2024-05-02 19:31,2024-05-02 20:08
LAB708919,ENC103890,PT10829,WBC,White Blood Cell Count,10,K/uL,4.5,11,N,STAT,2024-05-02 19:35,2024-05-02 19:45,2024-05-02 20:29
LAB708920,ENC103890,PT10829,HGB,Hemoglobin,14.3,g/dL,12,17.5,N,STAT,2024-05-02 18:55,2024-05-02 19:14,2024-05-02 19:59
LAB708921,ENC103890,PT10829,TROP,"Troponin I, High Sensitivity",846,ng/L,0,34,H,STAT,2024-05-02 18:49,2024-05-02 19:08,2024-05-02 20:20
LAB708922,ENC103891,PT12295,GLU,Glucose,67,mg/dL,70,99,L,Routine,2024-05-02 20:02,2024-05-02 20:11,2024-05-02 23:01
LAB708923,ENC103891,PT12295,CREAT,Creatinine,0.99,mg/dL,0.6,1.3,N,STAT,2024-05-02 19:23,2024-05-02 19:33,2024-05-02 20:05
LAB708924,ENC103891,PT12295,WBC,White Blood Cell Count,9.8,K/uL,4.5,11,N,STAT,2024-05-02 19:27,2024-05-02 19:34,2024-05-02 20:08
LAB708925,ENC103891,PT12295,HGB,Hemoglobin,15.4,g/dL,12,17.5,N,STAT,2024-05-02 19:45,2024-05-02 20:14,2024-05-02 20:49
LAB708926,ENC103892,PT11607,LDL,LDL Cholesterol,112,mg/dL,0,99,H,Routine,2024-05-02 16:08,2024-05-02 16:25,2024-05-03 05:35
LAB708927,ENC103893,PT11810,GLU,Glucose,123,mg/dL,70,99,H,STAT,2024-05-02 23:26,2024-05-02 23:31,2024-05-03 00:21
LAB708928,ENC103893,PT11810,CREAT,Creatinine,0.88,mg/dL,0.6,1.3,N,STAT,2024-05-02 22:34,2024-05-02 22:43,2024-05-02 23:44
LAB708929,ENC103893,PT11810,WBC,White Blood Cell Count,8.1,K/uL,4.5,11,N,STAT,2024-05-02 22:38,2024-05-02 22:43,2024-05-02 23:28
LAB708930,ENC103893,PT11810,HGB,Hemoglobin,12.5,g/dL,12,17.5,N,STAT,2024-05-02 22:57,2024-05-02 23:29,2024-05-03 00:01
LAB708931,ENC103893,PT11810,BUN,Blood Urea Nitrogen,7,mg/dL,7,20,N,STAT,2024-05-02 22:32,2024-05-02 23:01,2024-05-02 23:47
LAB708932,ENC103893,PT11810,PLT,Platelet Count,272,K/uL,150,400,N,Routine,2024-05-02 22:37,2024-05-02 23:06,2024-05-03 06:14
LAB708933,ENC103894,PT13646,GLU,Glucose,155,mg/dL,70,99,H,Routine,2024-05-02 17:46,2024-05-02 18:01,2024-05-02 21:40
LAB708934,ENC103894,PT13646,CREAT,Creatinine,1.04,mg/dL,0.6,1.3,N,Routine,2024-05-02 17:31,2024-05-02 17:38,2024-05-02 19:18
LAB708935,ENC103894,PT13646,WBC,White Blood Cell Count,8,K/uL,4.5,11,N,STAT,2024-05-02 17:33,2024-05-02 18:01,2024-05-02 19:30
LAB708936,ENC103894,PT13646,HGB,Hemoglobin,14.2,g/dL,12,17.5,N,Routine,2024-05-02 16:58,2024-05-02 17:19,2024-05-02 19:49
LAB708937,ENC103895,PT11319,GLU,Glucose,118,mg/dL,70,99,H,STAT,2024-05-02 19:17,2024-05-02 19:48,2024-05-02 20:29
LAB708938,ENC103895,PT11319,CREAT,Creatinine,1.14,mg/dL,0.6,1.3,N,Routine,2024-05-02 19:41,2024-05-02 19:49,2024-05-02 22:35
LAB708939,ENC103895,PT11319,WBC,White Blood Cell Count,12.4,K/uL,4.5,11,H,STAT,2024-05-02 19:10,2024-05-02 19:41,2024-05-02 20:39
LAB708940,ENC103895,PT11319,HGB,Hemoglobin,12.2,g/dL,12,17.5,N,STAT,2024-05-02 19:15,2024-05-02 19:50,2024-05-02 20:39
LAB708941,ENC103896,PT13531,GLU,Glucose,118,mg/dL,70,99,H,Routine,2024-05-02 23:01,2024-05-02 23:19,2024-05-03 01:05
LAB708942,ENC103896,PT13531,CREAT,Creatinine,0.9,mg/dL,0.6,1.3,N,STAT,2024-05-02 22:53,2024-05-02 23:22,2024-05-03 00:18
LAB708943,ENC103896,PT13531,WBC,White Blood Cell Count,8.6,K/uL,4.5,11,N,STAT,2024-05-02 23:15,2024-05-02 23:42,2024-05-03 00:12
LAB708944,ENC103896,PT13531,HGB,Hemoglobin,16.3,g/dL,12,17.5,N,STAT,2024-05-02 23:20,2024-05-02 23:27,2024-05-03 01:16
LAB708945,ENC103896,PT13531,BUN,Blood Urea Nitrogen,18,mg/dL,7,20,N,Routine,2024-05-02 22:53,2024-05-02 23:10,2024-05-03 03:06
LAB708946,ENC103896,PT13531,PLT,Platelet Count,187,K/uL,150,400,N,Routine,2024-05-02 22:53,2024-05-02 23:28,2024-05-03 04:59
LAB708947,ENC103896,PT13531,TROP,"Troponin I, High Sensitivity",52,ng/L,0,34,H,STAT,2024-05-02 23:53,2024-05-02 23:59,2024-05-03 00:32
LAB708948,ENC103896,PT13531,BNP,B-Type Natriuretic Peptide,339,pg/mL,0,100,H,STAT,2024-05-02 22:55,2024-05-02 22:59,2024-05-02 23:27
LAB708949,ENC103899,PT10531,GLU,Glucose,120,mg/dL,70,99,H,STAT,2024-05-02 22:26,2024-05-02 22:31,2024-05-02 22:48
LAB708950,ENC103899,PT10531,CREAT,Creatinine,0.85,mg/dL,0.6,1.3,N,STAT,2024-05-02 22:24,2024-05-02 22:50,2024-05-03 00:06
LAB708951,ENC103899,PT10531,WBC,White Blood Cell Count,5.8,K/uL,4.5,11,N,Routine,2024-05-02 22:51,2024-05-02 23:19,2024-05-03 00:36
LAB708952,ENC103899,PT10531,HGB,Hemoglobin,17.1,g/dL,12,17.5,N,Routine,2024-05-02 22:58,2024-05-02 23:24,2024-05-03 05:01
LAB708953,ENC103900,PT10768,GLU,Glucose,103,mg/dL,70,99,H,STAT,2024-05-02 22:19,2024-05-02 22:54,2024-05-02 23:51
LAB708954,ENC103900,PT10768,CREAT,Creatinine,0.88,mg/dL,0.6,1.3,N,Routine,2024-05-02 22:46,2024-05-02 22:56,2024-05-03 04:19
LAB708955,ENC103900,PT10768,WBC,White Blood Cell Count,8.8,K/uL,4.5,11,N,STAT,2024-05-02 22:17,2024-05-02 22:28,2024-05-02 22:47
LAB708956,ENC103900,PT10768,HGB,Hemoglobin,15.3,g/dL,12,17.5,N,STAT,2024-05-02 23:01,2024-05-02 23:24,2024-05-03 00:05
LAB708957,ENC103901,PT13286,GLU,Glucose,90,mg/dL,70,99,N,Routine,2024-05-03 01:52,2024-05-03 02:15,2024-05-03 04:02
LAB708958,ENC103901,PT13286,CREAT,Creatinine,1.24,mg/dL,0.6,1.3,N,Routine,2024-05-03 01:30,2024-05-03 01:58,2024-05-03 04:11
LAB708959,ENC103901,PT13286,WBC,White Blood Cell Count,12.3,K/uL,4.5,11,H,STAT,2024-05-03 01:13,2024-05-03 01:44,2024-05-03 02:46
LAB708960,ENC103901,PT13286,HGB,Hemoglobin,16.7,g/dL,12,17.5,N,Routine,2024-05-03 01:13,2024-05-03 01:17,2024-05-03 04:09
LAB708961,ENC103901,PT13286,BUN,Blood Urea Nitrogen,10,mg/dL,7,20,N,STAT,2024-05-03 01:16,2024-05-03 01:34,2024-05-03 02:11
LAB708962,ENC103901,PT13286,PLT,Platelet Count,212,K/uL,150,400,N,Routine,2024-05-03 01:08,2024-05-03 01:30,2024-05-03 15:22
LAB708963,ENC103902,PT13484,GLU,Glucose,114,mg/dL,70,99,H,STAT,2024-05-03 01:16,2024-05-03 01:44,2024-05-03 02:15
LAB708964,ENC103902,PT13484,CREAT,Creatinine,1.02,mg/dL,0.6,1.3,N,Routine,2024-05-03 01:38,2024-05-03 02:13,2024-05-03 03:16
LAB708965,ENC103902,PT13484,WBC,White Blood Cell Count,8.8,K/uL,4.5,11,N,Routine,2024-05-03 01:27,2024-05-03 01:43,2024-05-03 05:22
LAB708966,ENC103902,PT13484,HGB,Hemoglobin,14,g/dL,12,17.5,N,STAT,2024-05-03 01:20,2024-05-03 01:54,2024-05-03 02:32
LAB708967,ENC103903,PT12507,GLU,Glucose,119,mg/dL,70,99,H,STAT,2024-05-03 05:21,2024-05-03 05:55,2024-05-03 07:01
LAB708968,ENC103903,PT12507,CREAT,Creatinine,4.74,mg/dL,0.6,1.3,H,Routine,2024-05-03 05:28,2024-05-03 05:57,2024-05-03 07:25
LAB708969,ENC103903,PT12507,WBC,White Blood Cell Count,8.4,K/uL,4.5,11,N,STAT,2024-05-03 04:55,2024-05-03 05:29,2024-05-03 05:59
LAB708970,ENC103903,PT12507,HGB,Hemoglobin,15.7,g/dL,12,17.5,N,STAT,2024-05-03 05:41,2024-05-03 06:01,2024-05-03 06:52
LAB708971,ENC103903,PT12507,NA,Sodium,141,mmol/L,136,145,N,STAT,2024-05-03 05:34,2024-05-03 05:39,2024-05-03 06:02
LAB708972,ENC103903,PT12507,K,Potassium,5.5,mmol/L,3.5,5.1,H,STAT,2024-05-03 05:08,2024-05-03 05:17,2024-05-03 05:59
LAB708973,ENC103903,PT12507,BUN,Blood Urea Nitrogen,8,mg/dL,7,20,N,Routine,2024-05-03 05:32,2024-05-03 05:39,2024-05-03 08:53
LAB708974,ENC103903,PT12507,PLT,Platelet Count,160,K/uL,150,400,N,STAT,2024-05-03 05:50,2024-05-03 06:09,2024-05-03 07:00
LAB708975,ENC103904,PT13878,GLU,Glucose,106,mg/dL,70,99,H,STAT,2024-05-03 04:29,2024-05-03 04:52,2024-05-03 05:45
LAB708976,ENC103904,PT13878,CREAT,Creatinine,1.47,mg/dL,0.6,1.3,H,Routine,2024-05-03 04:09,2024-05-03 04:34,2024-05-03 06:54
LAB708977,ENC103904,PT13878,WBC,White Blood Cell Count,4.6,K/uL,4.5,11,N,STAT,2024-05-03 04:32,2024-05-03 04:45,2024-05-03 05:29
LAB708978,ENC103904,PT13878,HGB,Hemoglobin,9.7,g/dL,12,17.5,L,Routine,2024-05-03 04:32,2024-05-03 04:50,2024-05-03 09:38
LAB708979,ENC103904,PT13878,NA,Sodium,140,mmol/L,136,145,N,Routine,2024-05-03 05:03,2024-05-03 05:36,2024-05-03 07:35
LAB708980,ENC103904,PT13878,K,Potassium,6.2,mmol/L,3.5,5.1,H,STAT,2024-05-03 04:19,2024-05-03 04:52,2024-05-03 05:32
LAB708981,ENC103905,PT10938,GLU,Glucose,112,mg/dL,70,99,H,STAT,2024-05-03 06:24,2024-05-03 06:53,2024-05-03 07:46
LAB708982,ENC103905,PT10938,CREAT,Creatinine,1.24,mg/dL,0.6,1.3,N,STAT,2024-05-03 07:12,2024-05-03 07:24,2024-05-03 08:18
LAB708983,ENC103905,PT10938,WBC,White Blood Cell Count,7.8,K/uL,4.5,11,N,Routine,2024-05-03 07:14,2024-05-03 07:24,2024-05-03 09:29
LAB708984,ENC103905,PT10938,HGB,Hemoglobin,15.2,g/dL,12,17.5,N,STAT,2024-05-03 06:36,2024-05-03 06:48,2024-05-03 08:06
LAB708985,ENC103905,PT10938,NA,Sodium,142,mmol/L,136,145,N,STAT,2024-05-03 06:39,2024-05-03 06:57,2024-05-03 07:47
LAB708986,ENC103905,PT10938,K,Potassium,3.8,mmol/L,3.5,5.1,N,STAT,2024-05-03 07:12,2024-05-03 07:22,2024-05-03 07:56
LAB708987,ENC103907,PT10202,GLU,Glucose,96,mg/dL,70,99,N,STAT,2024-05-03 11:54,2024-05-03 12:27,2024-05-03 13:18
LAB708988,ENC103907,PT10202,CREAT,Creatinine,2.79,mg/dL,0.6,1.3,H,STAT,2024-05-03 12:17,2024-05-03 12:48,2024-05-03 13:54
LAB708989,ENC103907,PT10202,WBC,White Blood Cell Count,9.1,K/uL,4.5,11,N,STAT,2024-05-03 11:37,2024-05-03 11:45,2024-05-03 12:38
LAB708990,ENC103907,PT10202,HGB,Hemoglobin,13.9,g/dL,12,17.5,N,Routine,2024-05-03 11:32,2024-05-03 11:49,2024-05-03 12:46
LAB708991,ENC103907,PT10202,NA,Sodium,139,mmol/L,136,145,N,Routine,2024-05-03 12:24,2024-05-03 12:51,2024-05-03 17:40
LAB708992,ENC103907,PT10202,K,Potassium,5.5,mmol/L,3.5,5.1,H,STAT,2024-05-03 11:29,2024-05-03 11:59,2024-05-03 12:50
LAB708993,ENC103910,PT11393,GLU,Glucose,113,mg/dL,70,99,H,STAT,2024-05-03 10:39,2024-05-03 10:59,2024-05-03 11:32
LAB708994,ENC103910,PT11393,CREAT,Creatinine,0.77,mg/dL,0.6,1.3,N,STAT,2024-05-03 09:53,2024-05-03 10:16,2024-05-03 10:52
LAB708995,ENC103910,PT11393,WBC,White Blood Cell Count,4.7,K/uL,4.5,11,N,Routine,2024-05-03 10:34,2024-05-03 10:59,2024-05-03 15:16
LAB708996,ENC103910,PT11393,HGB,Hemoglobin,12.5,g/dL,12,17.5,N,STAT,2024-05-03 10:27,2024-05-03 10:41,2024-05-03 11:26
LAB708997,ENC103912,PT11125,LDL,LDL Cholesterol,159,mg/dL,0,99,H,Routine,2024-05-03 10:29,2024-05-03 10:47,2024-05-03 21:47
LAB708998,ENC103912,PT11125,TSH,Thyroid Stimulating Hormone,7.15,mIU/L,0.4,4,H,Routine,2024-05-03 10:23,2024-05-03 10:39,2024-05-04 03:12
LAB708999,ENC103913,PT10411,A1C,Hemoglobin A1c,12.9,%,4,5.6,H,Routine,2024-05-03 10:45,2024-05-03 10:53,2024-05-04 02:19
LAB709000,ENC103913,PT10411,GLU,Glucose,270,mg/dL,70,99,H,Routine,2024-05-03 10:56,2024-05-03 11:27,2024-05-03 13:39
LAB709001,ENC103913,PT10411,CREAT,Creatinine,2.45,mg/dL,0.6,1.3,H,Routine,2024-05-03 10:52,2024-05-03 11:20,2024-05-03 14:29
LAB709002,ENC103914,PT10859,GLU,Glucose,111,mg/dL,70,99,H,STAT,2024-05-03 13:14,2024-05-03 13:29,2024-05-03 14:49
LAB709003,ENC103914,PT10859,CREAT,Creatinine,3.82,mg/dL,0.6,1.3,H,STAT,2024-05-03 14:10,2024-05-03 14:43,2024-05-03 15:16
LAB709004,ENC103914,PT10859,WBC,White Blood Cell Count,5.1,K/uL,4.5,11,N,STAT,2024-05-03 13:32,2024-05-03 13:45,2024-05-03 14:30
LAB709005,ENC103914,PT10859,HGB,Hemoglobin,13.2,g/dL,12,17.5,N,Routine,2024-05-03 13:34,2024-05-03 13:38,2024-05-03 18:20
LAB709006,ENC103914,PT10859,NA,Sodium,124,mmol/L,136,145,L,STAT,2024-05-03 13:17,2024-05-03 13:32,2024-05-03 14:10
LAB709007,ENC103914,PT10859,K,Potassium,4.2,mmol/L,3.5,5.1,N,STAT,2024-05-03 13:59,2024-05-03 14:32,2024-05-03 15:05
LAB709008,ENC103915,PT10422,GLU,Glucose,168,mg/dL,70,99,H,STAT,2024-05-03 11:16,2024-05-03 11:33,2024-05-03 12:24
LAB709009,ENC103915,PT10422,CREAT,Creatinine,0.93,mg/dL,0.6,1.3,N,STAT,2024-05-03 10:55,2024-05-03 11:01,2024-05-03 12:22
LAB709010,ENC103916,PT12314,LDL,LDL Cholesterol,120,mg/dL,0,99,H,Routine,2024-05-03 10:57,2024-05-03 11:08,2024-05-04 03:17
LAB709011,ENC103916,PT12314,TSH,Thyroid Stimulating Hormone,1.33,mIU/L,0.4,4,N,Routine,2024-05-03 10:56,2024-05-03 11:16,2024-05-04 00:01
LAB709012,ENC103918,PT13688,GLU,Glucose,84,mg/dL,70,99,N,STAT,2024-05-03 12:38,2024-05-03 12:46,2024-05-03 14:03
LAB709013,ENC103918,PT13688,CREAT,Creatinine,1.05,mg/dL,0.6,1.3,N,STAT,2024-05-03 12:43,2024-05-03 12:48,2024-05-03 13:09
LAB709014,ENC103918,PT13688,INR,Prothrombin Time INR,1,ratio,0.8,1.2,N,STAT,2024-05-03 12:25,2024-05-03 12:38,2024-05-03 13:29
LAB709015,ENC103920,PT11084,GLU,Glucose,276,mg/dL,70,99,H,STAT,2024-05-03 13:06,2024-05-03 13:36,2024-05-03 14:00
LAB709016,ENC103920,PT11084,CREAT,Creatinine,1.32,mg/dL,0.6,1.3,H,STAT,2024-05-03 13:06,2024-05-03 13:21,2024-05-03 14:21
LAB709017,ENC103920,PT11084,WBC,White Blood Cell Count,14.5,K/uL,4.5,11,H,STAT,2024-05-03 12:28,2024-05-03 12:55,2024-05-03 13:36
LAB709018,ENC103920,PT11084,HGB,Hemoglobin,13.6,g/dL,12,17.5,N,STAT,2024-05-03 12:26,2024-05-03 12:37,2024-05-03 13:12
LAB709019,ENC103921,PT13529,A1C,Hemoglobin A1c,7,%,4,5.6,H,Routine,2024-05-03 13:18,2024-05-03 13:24,2024-05-03 22:45
LAB709020,ENC103921,PT13529,GLU,Glucose,183,mg/dL,70,99,H,Routine,2024-05-03 13:24,2024-05-03 13:30,2024-05-03 20:27
LAB709021,ENC103921,PT13529,CREAT,Creatinine,0.68,mg/dL,0.6,1.3,N,Routine,2024-05-03 13:21,2024-05-03 13:51,2024-05-03 15:39
LAB709022,ENC103923,PT12625,GLU,Glucose,93,mg/dL,70,99,N,Routine,2024-05-03 14:02,2024-05-03 14:22,2024-05-03 16:07
LAB709023,ENC103923,PT12625,CREAT,Creatinine,0.86,mg/dL,0.6,1.3,N,STAT,2024-05-03 13:09,2024-05-03 13:19,2024-05-03 14:13
LAB709024,ENC103923,PT12625,WBC,White Blood Cell Count,11.8,K/uL,4.5,11,H,STAT,2024-05-03 13:43,2024-05-03 13:59,2024-05-03 14:36
LAB709025,ENC103924,PT10828,GLU,Glucose,104,mg/dL,70,99,H,STAT,2024-05-03 15:05,2024-05-03 15:17,2024-05-03 16:21
LAB709026,ENC103924,PT10828,CREAT,Creatinine,0.73,mg/dL,0.6,1.3,N,STAT,2024-05-03 16:08,2024-05-03 16:25,2024-05-03 16:42
LAB709027,ENC103924,PT10828,WBC,White Blood Cell Count,6.8,K/uL,4.5,11,N,STAT,2024-05-03 15:16,2024-05-03 15:35,2024-05-03 16:22
LAB709028,ENC103924,PT10828,HGB,Hemoglobin,13.7,g/dL,12,17.5,N,Routine,2024-05-03 16:00,2024-05-03 16:31,2024-05-03 17:40
LAB709029,ENC103925,PT11948,GLU,Glucose,83,mg/dL,70,99,N,STAT,2024-05-03 16:20,2024-05-03 16:47,2024-05-03 17:39
LAB709030,ENC103925,PT11948,CREAT,Creatinine,0.55,mg/dL,0.6,1.3,L,Routine,2024-05-03 16:22,2024-05-03 16:35,2024-05-03 20:32
LAB709031,ENC103925,PT11948,WBC,White Blood Cell Count,7.8,K/uL,4.5,11,N,Routine,2024-05-03 16:25,2024-05-03 16:42,2024-05-03 22:52
LAB709032,ENC103925,PT11948,HGB,Hemoglobin,14.7,g/dL,12,17.5,N,Routine,2024-05-03 16:23,2024-05-03 16:37,2024-05-03 19:25
LAB709033,ENC103929,PT12571,GLU,Glucose,178,mg/dL,70,99,H,STAT,2024-05-03 21:19,2024-05-03 21:46,2024-05-03 22:56
LAB709034,ENC103929,PT12571,CREAT,Creatinine,1.2,mg/dL,0.6,1.3,N,STAT,2024-05-03 20:58,2024-05-03 21:19,2024-05-03 23:33
LAB709035,ENC103929,PT12571,WBC,White Blood Cell Count,24.4,K/uL,4.5,11,H,STAT,2024-05-03 20:49,2024-05-03 21:18,2024-05-03 22:12
LAB709036,ENC103929,PT12571,HGB,Hemoglobin,11.7,g/dL,12,17.5,L,Routine,2024-05-03 20:30,2024-05-03 20:55,2024-05-04 00:27
LAB709037,ENC103929,PT12571,LACT,Lactate,5.9,mmol/L,0.5,2,HH,STAT,2024-05-03 20:34,2024-05-03 21:05,2024-05-03 21:49
LAB709038,ENC103931,PT13691,GLU,Glucose,115,mg/dL,70,99,H,STAT,2024-05-03 17:47,2024-05-03 17:55,2024-05-03 18:31
LAB709039,ENC103931,PT13691,CREAT,Creatinine,0.85,mg/dL,0.6,1.3,N,Routine,2024-05-03 18:20,2024-05-03 18:54,2024-05-03 23:34
LAB709040,ENC103932,PT11721,GLU,Glucose,156,mg/dL,70,99,H,STAT,2024-05-03 21:47,2024-05-03 22:08,2024-05-03 23:07
LAB709041,ENC103932,PT11721,CREAT,Creatinine,0.64,mg/dL,0.6,1.3,N,STAT,2024-05-03 21:45,2024-05-03 21:59,2024-05-03 22:32
LAB709042,ENC103932,PT11721,WBC,White Blood Cell Count,7.7,K/uL,4.5,11,N,STAT,2024-05-03 21:43,2024-05-03 22:11,2024-05-03 23:31
LAB709043,ENC103932,PT11721,HGB,Hemoglobin,11.2,g/dL,12,17.5,L,Routine,2024-05-03 21:26,2024-05-03 21:54,2024-05-04 08:14
LAB709044,ENC103932,PT11721,INR,Prothrombin Time INR,1.1,ratio,0.8,1.2,N,STAT,2024-05-03 21:46,2024-05-03 22:01,2024-05-03 22:55
LAB709045,ENC103933,PT11480,GLU,Glucose,150,mg/dL,70,99,H,Routine,2024-05-04 00:38,2024-05-04 00:55,2024-05-04 01:54
LAB709046,ENC103933,PT11480,CREAT,Creatinine,1.04,mg/dL,0.6,1.3,N,Routine,2024-05-04 00:30,2024-05-04 00:45,2024-05-04 04:24
LAB709047,ENC103933,PT11480,WBC,White Blood Cell Count,7.6,K/uL,4.5,11,N,STAT,2024-05-04 00:21,2024-05-04 00:34,2024-05-04 01:07
LAB709048,ENC103933,PT11480,HGB,Hemoglobin,14.1,g/dL,12,17.5,N,STAT,2024-05-04 00:30,2024-05-04 01:03,2024-05-04 02:08
LAB709049,ENC103934,PT11815,GLU,Glucose,110,mg/dL,70,99,H,Routine,2024-05-03 20:44,2024-05-03 21:10,2024-05-03 23:05
LAB709050,ENC103934,PT11815,CREAT,Creatinine,0.94,mg/dL,0.6,1.3,N,STAT,2024-05-03 19:55,2024-05-03 20:25,2024-05-03 21:35
LAB709051,ENC103934,PT11815,WBC,White Blood Cell Count,7.4,K/uL,4.5,11,N,STAT,2024-05-03 19:45,2024-05-03 20:14,2024-05-03 20:39
LAB709052,ENC103934,PT11815,HGB,Hemoglobin,16.4,g/dL,12,17.5,N,STAT,2024-05-03 20:18,2024-05-03 20:47,2024-05-03 22:28
LAB709053,ENC103934,PT11815,NA,Sodium,138,mmol/L,136,145,N,Routine,2024-05-03 19:45,2024-05-03 20:05,2024-05-03 22:52
LAB709054,ENC103934,PT11815,K,Potassium,4.1,mmol/L,3.5,5.1,N,STAT,2024-05-03 19:54,2024-05-03 20:18,2024-05-03 21:05
LAB709055,ENC103936,PT12358,GLU,Glucose,108,mg/dL,70,99,H,STAT,2024-05-04 11:26,2024-05-04 11:36,2024-05-04 12:08
LAB709056,ENC103936,PT12358,CREAT,Creatinine,1.05,mg/dL,0.6,1.3,N,STAT,2024-05-04 11:32,2024-05-04 11:57,2024-05-04 12:24
LAB709057,ENC103936,PT12358,WBC,White Blood Cell Count,10.1,K/uL,4.5,11,N,Routine,2024-05-04 11:25,2024-05-04 11:59,2024-05-04 15:31
LAB709058,ENC103936,PT12358,HGB,Hemoglobin,12.2,g/dL,12,17.5,N,Routine,2024-05-04 12:16,2024-05-04 12:50,2024-05-04 16:38
LAB709059,ENC103936,PT12358,NA,Sodium,138,mmol/L,136,145,N,STAT,2024-05-04 11:31,2024-05-04 11:55,2024-05-04 12:29
LAB709060,ENC103936,PT12358,K,Potassium,4.5,mmol/L,3.5,5.1,N,STAT,2024-05-04 12:24,2024-05-04 12:58,2024-05-04 13:49
LAB709061,ENC103936,PT12358,BUN,Blood Urea Nitrogen,15,mg/dL,7,20,N,Routine,2024-05-04 11:50,2024-05-04 12:22,2024-05-04 15:01
LAB709062,ENC103936,PT12358,PLT,Platelet Count,223,K/uL,150,400,N,Routine,2024-05-04 12:24,2024-05-04 12:35,2024-05-04 14:37
LAB709063,ENC103936,PT12358,TROP,"Troponin I, High Sensitivity",63,ng/L,0,34,H,STAT,2024-05-04 11:16,2024-05-04 11:45,2024-05-04 12:59
LAB709064,ENC103936,PT12358,BNP,B-Type Natriuretic Peptide,1118,pg/mL,0,100,H,STAT,2024-05-04 11:44,2024-05-04 12:09,2024-05-04 12:37
LAB709065,ENC103938,PT10148,GLU,Glucose,134,mg/dL,70,99,H,STAT,2024-05-04 09:24,2024-05-04 09:31,2024-05-04 10:36
LAB709066,ENC103938,PT10148,CREAT,Creatinine,1.18,mg/dL,0.6,1.3,N,STAT,2024-05-04 10:05,2024-05-04 10:31,2024-05-04 11:25
LAB709067,ENC103938,PT10148,WBC,White Blood Cell Count,9.6,K/uL,4.5,11,N,STAT,2024-05-04 09:41,2024-05-04 09:45,2024-05-04 10:32
LAB709068,ENC103938,PT10148,HGB,Hemoglobin,13.9,g/dL,12,17.5,N,Routine,2024-05-04 09:41,2024-05-04 10:03,2024-05-04 14:32
LAB709069,ENC103939,PT13347,GLU,Glucose,69,mg/dL,70,99,L,STAT,2024-05-04 12:14,2024-05-04 12:40,2024-05-04 13:29
LAB709070,ENC103939,PT13347,CREAT,Creatinine,0.86,mg/dL,0.6,1.3,N,Routine,2024-05-04 12:33,2024-05-04 12:39,2024-05-04 15:34
LAB709071,ENC103939,PT13347,WBC,White Blood Cell Count,9.3,K/uL,4.5,11,N,Routine,2024-05-04 13:01,2024-05-04 13:26,2024-05-04 14:06
LAB709072,ENC103940,PT13591,GLU,Glucose,231,mg/dL,70,99,H,STAT,2024-05-04 17:31,2024-05-04 17:36,2024-05-04 18:15
LAB709073,ENC103940,PT13591,CREAT,Creatinine,0.74,mg/dL,0.6,1.3,N,STAT,2024-05-04 17:14,2024-05-04 17:31,2024-05-04 17:45
LAB709074,ENC103940,PT13591,WBC,White Blood Cell Count,8.1,K/uL,4.5,11,N,Routine,2024-05-04 17:21,2024-05-04 17:33,2024-05-04 21:06
LAB709075,ENC103940,PT13591,HGB,Hemoglobin,14.9,g/dL,12,17.5,N,STAT,2024-05-04 18:05,2024-05-04 18:36,2024-05-04 19:00
LAB709076,ENC103940,PT13591,NA,Sodium,138,mmol/L,136,145,N,Routine,2024-05-04 17:10,2024-05-04 17:17,2024-05-04 19:14
LAB709077,ENC103940,PT13591,K,Potassium,4.1,mmol/L,3.5,5.1,N,STAT,2024-05-04 17:55,2024-05-04 18:20,2024-05-04 19:48
LAB709078,ENC103940,PT13591,A1C,Hemoglobin A1c,7.5,%,4,5.6,H,Routine,2024-05-04 17:53,2024-05-04 18:02,2024-05-05 10:45
LAB709079,ENC103941,PT10635,GLU,Glucose,108,mg/dL,70,99,H,STAT,2024-05-04 13:55,2024-05-04 14:03,2024-05-04 15:00
LAB709080,ENC103941,PT10635,CREAT,Creatinine,0.86,mg/dL,0.6,1.3,N,STAT,2024-05-04 14:02,2024-05-04 14:15,2024-05-04 15:06
LAB709081,ENC103941,PT10635,WBC,White Blood Cell Count,8.3,K/uL,4.5,11,N,STAT,2024-05-04 13:21,2024-05-04 13:43,2024-05-04 14:14
LAB709082,ENC103941,PT10635,HGB,Hemoglobin,16.5,g/dL,12,17.5,N,Routine,2024-05-04 13:32,2024-05-04 14:04,2024-05-04 15:44
LAB709083,ENC103942,PT12902,GLU,Glucose,117,mg/dL,70,99,H,STAT,2024-05-04 13:22,2024-05-04 13:28,2024-05-04 14:04
LAB709084,ENC103942,PT12902,CREAT,Creatinine,1.2,mg/dL,0.6,1.3,N,STAT,2024-05-04 13:16,2024-05-04 13:26,2024-05-04 14:36
LAB709085,ENC103942,PT12902,WBC,White Blood Cell Count,11.2,K/uL,4.5,11,H,Routine,2024-05-04 14:24,2024-05-04 14:58,2024-05-04 17:53
LAB709086,ENC103942,PT12902,HGB,Hemoglobin,14.1,g/dL,12,17.5,N,Routine,2024-05-04 13:36,2024-05-04 13:51,2024-05-04 17:01
LAB709087,ENC103943,PT11110,GLU,Glucose,118,mg/dL,70,99,H,STAT,2024-05-04 15:57,2024-05-04 16:31,2024-05-04 17:16
LAB709088,ENC103943,PT11110,CREAT,Creatinine,0.88,mg/dL,0.6,1.3,N,STAT,2024-05-04 15:53,2024-05-04 16:01,2024-05-04 16:44
LAB709089,ENC103943,PT11110,WBC,White Blood Cell Count,9.3,K/uL,4.5,11,N,Routine,2024-05-04 16:13,2024-05-04 16:40,2024-05-04 19:02
LAB709090,ENC103943,PT11110,HGB,Hemoglobin,15,g/dL,12,17.5,N,Routine,2024-05-04 15:40,2024-05-04 16:11,2024-05-04 18:11
LAB709091,ENC103943,PT11110,NA,Sodium,139,mmol/L,136,145,N,STAT,2024-05-04 15:31,2024-05-04 15:55,2024-05-04 16:33
LAB709092,ENC103943,PT11110,K,Potassium,3.4,mmol/L,3.5,5.1,L,STAT,2024-05-04 15:25,2024-05-04 15:42,2024-05-04 16:11
LAB709093,ENC103943,PT11110,TROP,"Troponin I, High Sensitivity",357,ng/L,0,34,H,STAT,2024-05-04 15:30,2024-05-04 15:54,2024-05-04 17:03
LAB709094,ENC103945,PT10255,GLU,Glucose,270,mg/dL,70,99,H,STAT,2024-05-04 16:58,2024-05-04 17:20,2024-05-04 17:53
LAB709095,ENC103945,PT10255,CREAT,Creatinine,1.94,mg/dL,0.6,1.3,H,STAT,2024-05-04 17:04,2024-05-04 17:32,2024-05-04 18:24
LAB709096,ENC103945,PT10255,TROP,"Troponin I, High Sensitivity",4,ng/L,0,34,N,STAT,2024-05-04 16:27,2024-05-04 16:33,2024-05-04 17:01
LAB709097,ENC103945,PT10255,BNP,B-Type Natriuretic Peptide,1183,pg/mL,0,100,H,Routine,2024-05-04 16:47,2024-05-04 16:56,2024-05-04 19:52
LAB709098,ENC103947,PT13905,GLU,Glucose,84,mg/dL,70,99,N,STAT,2024-05-04 22:12,2024-05-04 22:36,2024-05-04 23:25
LAB709099,ENC103947,PT13905,CREAT,Creatinine,0.73,mg/dL,0.6,1.3,N,STAT,2024-05-04 22:03,2024-05-04 22:18,2024-05-04 23:02
LAB709100,ENC103949,PT11004,GLU,Glucose,106,mg/dL,70,99,H,Routine,2024-05-04 23:34,2024-05-04 23:56,2024-05-05 03:03
LAB709101,ENC103949,PT11004,CREAT,Creatinine,0.72,mg/dL,0.6,1.3,N,STAT,2024-05-04 23:17,2024-05-04 23:22,2024-05-05 02:16
LAB709102,ENC103949,PT11004,WBC,White Blood Cell Count,6.6,K/uL,4.5,11,N,STAT,2024-05-04 23:15,2024-05-04 23:36,2024-05-05 00:08
LAB709103,ENC103949,PT11004,HGB,Hemoglobin,15.8,g/dL,12,17.5,N,STAT,2024-05-04 23:17,2024-05-04 23:26,2024-05-05 00:14
LAB709104,ENC103949,PT11004,NA,Sodium,138,mmol/L,136,145,N,Routine,2024-05-04 23:55,2024-05-05 00:19,2024-05-05 03:32
LAB709105,ENC103949,PT11004,K,Potassium,4.8,mmol/L,3.5,5.1,N,STAT,2024-05-04 23:41,2024-05-05 00:14,2024-05-05 01:13
LAB709106,ENC103950,PT13918,GLU,Glucose,187,mg/dL,70,99,H,STAT,2024-05-05 03:11,2024-05-05 03:23,2024-05-05 04:29
LAB709107,ENC103950,PT13918,CREAT,Creatinine,0.98,mg/dL,0.6,1.3,N,Routine,2024-05-05 02:40,2024-05-05 03:05,2024-05-05 05:46
LAB709108,ENC103950,PT13918,WBC,White Blood Cell Count,7.6,K/uL,4.5,11,N,Routine,2024-05-05 02:45,2024-05-05 03:13,2024-05-05 05:51
LAB709109,ENC103950,PT13918,HGB,Hemoglobin,10.1,g/dL,12,17.5,L,STAT,2024-05-05 03:28,2024-05-05 03:42,2024-05-05 04:31
LAB709110,ENC103950,PT13918,NA,Sodium,137,mmol/L,136,145,N,Routine,2024-05-05 03:05,2024-05-05 03:33,2024-05-05 09:05
LAB709111,ENC103950,PT13918,K,Potassium,4,mmol/L,3.5,5.1,N,STAT,2024-05-05 02:45,2024-05-05 03:12,2024-05-05 03:51
LAB709112,ENC103951,PT10249,GLU,Glucose,76,mg/dL,70,99,N,Routine,2024-05-05 02:41,2024-05-05 02:58,2024-05-05 04:42
LAB709113,ENC103951,PT10249,CREAT,Creatinine,0.8,mg/dL,0.6,1.3,N,Routine,2024-05-05 02:04,2024-05-05 02:29,2024-05-05 07:08
LAB709114,ENC103951,PT10249,WBC,White Blood Cell Count,7.7,K/uL,4.5,11,N,STAT,2024-05-05 01:47,2024-05-05 02:21,2024-05-05 02:52
LAB709115,ENC103951,PT10249,HGB,Hemoglobin,11.3,g/dL,12,17.5,L,STAT,2024-05-05 01:47,2024-05-05 02:12,2024-05-05 02:57
LAB709116,ENC103951,PT10249,TROP,"Troponin I, High Sensitivity",11,ng/L,0,34,N,STAT,2024-05-05 02:11,2024-05-05 02:27,2024-05-05 02:57
LAB709117,ENC103952,PT10830,GLU,Glucose,141,mg/dL,70,99,H,Routine,2024-05-05 04:59,2024-05-05 05:13,2024-05-05 06:53
LAB709118,ENC103952,PT10830,CREAT,Creatinine,1,mg/dL,0.6,1.3,N,STAT,2024-05-05 03:57,2024-05-05 04:04,2024-05-05 04:49
LAB709119,ENC103952,PT10830,WBC,White Blood Cell Count,7.8,K/uL,4.5,11,N,STAT,2024-05-05 04:32,2024-05-05 04:50,2024-05-05 05:20
LAB709120,ENC103952,PT10830,HGB,Hemoglobin,14.4,g/dL,12,17.5,N,Routine,2024-05-05 04:18,2024-05-05 04:41,2024-05-05 06:41
LAB709121,ENC103952,PT10830,BUN,Blood Urea Nitrogen,14,mg/dL,7,20,N,STAT,2024-05-05 04:09,2024-05-05 04:17,2024-05-05 05:37
LAB709122,ENC103952,PT10830,PLT,Platelet Count,201,K/uL,150,400,N,STAT,2024-05-05 03:58,2024-05-05 04:29,2024-05-05 05:28
LAB709123,ENC103953,PT11078,GLU,Glucose,113,mg/dL,70,99,H,Routine,2024-05-05 09:18,2024-05-05 09:28,2024-05-05 12:21
LAB709124,ENC103953,PT11078,CREAT,Creatinine,1.12,mg/dL,0.6,1.3,N,STAT,2024-05-05 09:16,2024-05-05 09:21,2024-05-05 09:54
LAB709125,ENC103953,PT11078,WBC,White Blood Cell Count,6.8,K/uL,4.5,11,N,STAT,2024-05-05 09:52,2024-05-05 10:08,2024-05-05 10:37
LAB709126,ENC103953,PT11078,HGB,Hemoglobin,13.3,g/dL,12,17.5,N,STAT,2024-05-05 09:01,2024-05-05 09:07,2024-05-05 09:53
LAB709127,ENC103953,PT11078,NA,Sodium,145,mmol/L,136,145,N,STAT,2024-05-05 09:26,2024-05-05 09:56,2024-05-05 11:56
LAB709128,ENC103953,PT11078,K,Potassium,3.9,mmol/L,3.5,5.1,N,STAT,2024-05-05 09:54,2024-05-05 10:17,2024-05-05 11:00
LAB709129,ENC103955,PT10417,GLU,Glucose,138,mg/dL,70,99,H,STAT,2024-05-05 07:24,2024-05-05 07:43,2024-05-05 08:43
LAB709130,ENC103955,PT10417,CREAT,Creatinine,1.07,mg/dL,0.6,1.3,N,STAT,2024-05-05 07:50,2024-05-05 07:57,2024-05-05 08:35
LAB709131,ENC103955,PT10417,WBC,White Blood Cell Count,6.7,K/uL,4.5,11,N,Routine,2024-05-05 07:23,2024-05-05 07:49,2024-05-05 09:06
LAB709132,ENC103956,PT11546,GLU,Glucose,95,mg/dL,70,99,N,STAT,2024-05-05 08:15,2024-05-05 08:23,2024-05-05 09:15
LAB709133,ENC103956,PT11546,CREAT,Creatinine,0.93,mg/dL,0.6,1.3,N,STAT,2024-05-05 08:21,2024-05-05 08:48,2024-05-05 10:50
LAB709134,ENC103956,PT11546,WBC,White Blood Cell Count,7.6,K/uL,4.5,11,N,STAT,2024-05-05 07:55,2024-05-05 08:14,2024-05-05 08:38
LAB709135,ENC103956,PT11546,HGB,Hemoglobin,14.1,g/dL,12,17.5,N,STAT,2024-05-05 07:59,2024-05-05 08:14,2024-05-05 08:58
LAB709136,ENC103956,PT11546,TROP,"Troponin I, High Sensitivity",10,ng/L,0,34,N,STAT,2024-05-05 07:48,2024-05-05 07:52,2024-05-05 08:42
LAB709137,ENC103957,PT13395,GLU,Glucose,74,mg/dL,70,99,N,Routine,2024-05-05 11:26,2024-05-05 11:44,2024-05-05 15:36
LAB709138,ENC103957,PT13395,CREAT,Creatinine,1.94,mg/dL,0.6,1.3,H,STAT,2024-05-05 11:11,2024-05-05 11:40,2024-05-05 12:31
LAB709139,ENC103957,PT13395,WBC,White Blood Cell Count,9.6,K/uL,4.5,11,N,STAT,2024-05-05 11:32,2024-05-05 11:55,2024-05-05 12:26
LAB709140,ENC103957,PT13395,HGB,Hemoglobin,11.9,g/dL,12,17.5,L,STAT,2024-05-05 11:48,2024-05-05 11:53,2024-05-05 12:30
LAB709141,ENC103958,PT10081,GLU,Glucose,168,mg/dL,70,99,H,Routine,2024-05-05 13:34,2024-05-05 14:06,2024-05-05 16:43
LAB709142,ENC103958,PT10081,CREAT,Creatinine,2.09,mg/dL,0.6,1.3,H,STAT,2024-05-05 13:14,2024-05-05 13:49,2024-05-05 15:00
LAB709143,ENC103958,PT10081,WBC,White Blood Cell Count,13.1,K/uL,4.5,11,H,STAT,2024-05-05 13:21,2024-05-05 13:31,2024-05-05 14:03
LAB709144,ENC103958,PT10081,HGB,Hemoglobin,16.6,g/dL,12,17.5,N,STAT,2024-05-05 13:08,2024-05-05 13:30,2024-05-05 14:18
LAB709145,ENC103958,PT10081,LACT,Lactate,2.9,mmol/L,0.5,2,H,STAT,2024-05-05 13:58,2024-05-05 14:25,2024-05-05 14:59
LAB709146,ENC103959,PT11576,GLU,Glucose,105,mg/dL,70,99,H,STAT,2024-05-05 10:44,2024-05-05 11:17,2024-05-05 11:48
LAB709147,ENC103959,PT11576,CREAT,Creatinine,1.19,mg/dL,0.6,1.3,N,STAT,2024-05-05 10:33,2024-05-05 11:03,2024-05-05 11:47
LAB709148,ENC103962,PT12890,GLU,Glucose,82,mg/dL,70,99,N,STAT,2024-05-05 15:16,2024-05-05 15:41,2024-05-05 16:31
LAB709149,ENC103962,PT12890,CREAT,Creatinine,1.09,mg/dL,0.6,1.3,N,Routine,2024-05-05 16:14,2024-05-05 16:20,2024-05-05 18:08
LAB709150,ENC103962,PT12890,WBC,White Blood Cell Count,6.9,K/uL,4.5,11,N,Routine,2024-05-05 15:40,2024-05-05 15:57,2024-05-05 20:23
LAB709151,ENC103962,PT12890,TROP,"Troponin I, High Sensitivity",10,ng/L,0,34,N,STAT,2024-05-05 15:49,2024-05-05 15:59,2024-05-05 16:24
LAB709152,ENC103963,PT11405,GLU,Glucose,103,mg/dL,70,99,H,Routine,2024-05-05 15:39,2024-05-05 15:58,2024-05-05 17:34
LAB709153,ENC103963,PT11405,CREAT,Creatinine,0.62,mg/dL,0.6,1.3,N,STAT,2024-05-05 16:10,2024-05-05 16:19,2024-05-05 17:08
LAB709154,ENC103963,PT11405,WBC,White Blood Cell Count,9.4,K/uL,4.5,11,N,Routine,2024-05-05 15:17,2024-05-05 15:49,2024-05-05 18:46
LAB709155,ENC103963,PT11405,HGB,Hemoglobin,13.6,g/dL,12,17.5,N,STAT,2024-05-05 16:20,2024-05-05 16:42,2024-05-05 17:23
LAB709156,ENC103964,PT11283,GLU,Glucose,105,mg/dL,70,99,H,STAT,2024-05-05 16:31,2024-05-05 16:49,2024-05-05 17:18
LAB709157,ENC103964,PT11283,CREAT,Creatinine,0.65,mg/dL,0.6,1.3,N,STAT,2024-05-05 16:54,2024-05-05 17:13,2024-05-05 17:40
LAB709158,ENC103964,PT11283,WBC,White Blood Cell Count,7.5,K/uL,4.5,11,N,STAT,2024-05-05 16:26,2024-05-05 16:30,2024-05-05 16:56
LAB709159,ENC103965,PT11192,GLU,Glucose,86,mg/dL,70,99,N,STAT,2024-05-05 20:16,2024-05-05 20:44,2024-05-05 21:40
LAB709160,ENC103965,PT11192,CREAT,Creatinine,0.86,mg/dL,0.6,1.3,N,STAT,2024-05-05 19:25,2024-05-05 19:35,2024-05-05 20:36
LAB709161,ENC103965,PT11192,WBC,White Blood Cell Count,3.8,K/uL,4.5,11,L,STAT,2024-05-05 20:02,2024-05-05 20:32,2024-05-05 21:24
LAB709162,ENC103965,PT11192,HGB,Hemoglobin,11.7,g/dL,12,17.5,L,Routine,2024-05-05 20:08,2024-05-05 20:21,2024-05-05 23:11
LAB709163,ENC103966,PT12818,GLU,Glucose,93,mg/dL,70,99,N,Routine,2024-05-05 21:16,2024-05-05 21:40,2024-05-05 23:09
LAB709164,ENC103966,PT12818,CREAT,Creatinine,0.94,mg/dL,0.6,1.3,N,STAT,2024-05-05 21:12,2024-05-05 21:27,2024-05-05 22:13
LAB709165,ENC103966,PT12818,WBC,White Blood Cell Count,8.3,K/uL,4.5,11,N,Routine,2024-05-05 21:04,2024-05-05 21:14,2024-05-05 23:23
LAB709166,ENC103966,PT12818,HGB,Hemoglobin,10.5,g/dL,12,17.5,L,STAT,2024-05-05 21:19,2024-05-05 21:46,2024-05-05 22:24
LAB709167,ENC103966,PT12818,TROP,"Troponin I, High Sensitivity",12,ng/L,0,34,N,STAT,2024-05-05 21:38,2024-05-05 21:42,2024-05-05 23:19
LAB709168,ENC103967,PT11237,GLU,Glucose,293,mg/dL,70,99,H,STAT,2024-05-05 22:01,2024-05-05 22:36,2024-05-05 23:21
LAB709169,ENC103967,PT11237,CREAT,Creatinine,0.86,mg/dL,0.6,1.3,N,Routine,2024-05-05 21:33,2024-05-05 21:43,2024-05-05 23:45
LAB709170,ENC103967,PT11237,WBC,White Blood Cell Count,13.6,K/uL,4.5,11,H,STAT,2024-05-05 21:15,2024-05-05 21:37,2024-05-05 22:18
LAB709171,ENC103967,PT11237,HGB,Hemoglobin,14.7,g/dL,12,17.5,N,STAT,2024-05-05 20:57,2024-05-05 21:13,2024-05-05 22:44
LAB709172,ENC103967,PT11237,NA,Sodium,141,mmol/L,136,145,N,Routine,2024-05-05 21:01,2024-05-05 21:09,2024-05-05 23:56
LAB709173,ENC103967,PT11237,K,Potassium,4.2,mmol/L,3.5,5.1,N,STAT,2024-05-05 21:15,2024-05-05 21:29,2024-05-05 22:02
LAB709174,ENC103968,PT13657,GLU,Glucose,124,mg/dL,70,99,H,Routine,2024-05-05 20:02,2024-05-05 20:25,2024-05-05 23:03
LAB709175,ENC103968,PT13657,CREAT,Creatinine,0.65,mg/dL,0.6,1.3,N,STAT,2024-05-05 19:28,2024-05-05 19:32,2024-05-05 20:28
LAB709176,ENC103968,PT13657,WBC,White Blood Cell Count,6.3,K/uL,4.5,11,N,STAT,2024-05-05 19:37,2024-05-05 19:52,2024-05-05 20:18
LAB709177,ENC103968,PT13657,HGB,Hemoglobin,10.9,g/dL,12,17.5,L,STAT,2024-05-05 19:10,2024-05-05 19:36,2024-05-05 20:39
LAB709178,ENC103971,PT11910,GLU,Glucose,111,mg/dL,70,99,H,STAT,2024-05-06 03:48,2024-05-06 04:19,2024-05-06 05:13
LAB709179,ENC103971,PT11910,CREAT,Creatinine,0.9,mg/dL,0.6,1.3,N,Routine,2024-05-06 03:25,2024-05-06 03:31,2024-05-06 07:08
LAB709180,ENC103971,PT11910,WBC,White Blood Cell Count,6.5,K/uL,4.5,11,N,STAT,2024-05-06 04:34,2024-05-06 04:42,2024-05-06 05:21
LAB709181,ENC103971,PT11910,HGB,Hemoglobin,14.4,g/dL,12,17.5,N,STAT,2024-05-06 03:56,2024-05-06 04:03,2024-05-06 05:24
LAB709182,ENC103973,PT13036,GLU,Glucose,98,mg/dL,70,99,N,Routine,2024-05-06 05:16,2024-05-06 05:36,2024-05-06 09:07
LAB709183,ENC103973,PT13036,CREAT,Creatinine,0.62,mg/dL,0.6,1.3,N,STAT,2024-05-06 05:45,2024-05-06 06:04,2024-05-06 06:45
LAB709184,ENC103973,PT13036,WBC,White Blood Cell Count,8.6,K/uL,4.5,11,N,STAT,2024-05-06 06:03,2024-05-06 06:10,2024-05-06 07:14
LAB709185,ENC103973,PT13036,HGB,Hemoglobin,13.9,g/dL,12,17.5,N,Routine,2024-05-06 05:14,2024-05-06 05:19,2024-05-06 06:55
LAB709186,ENC103975,PT13604,GLU,Glucose,99,mg/dL,70,99,N,STAT,2024-05-06 03:46,2024-05-06 04:01,2024-05-06 05:13
LAB709187,ENC103975,PT13604,CREAT,Creatinine,0.66,mg/dL,0.6,1.3,N,STAT,2024-05-06 03:43,2024-05-06 03:56,2024-05-06 04:22
LAB709188,ENC103975,PT13604,WBC,White Blood Cell Count,13.4,K/uL,4.5,11,H,STAT,2024-05-06 03:14,2024-05-06 03:44,2024-05-06 04:21
LAB709189,ENC103976,PT10694,GLU,Glucose,150,mg/dL,70,99,H,STAT,2024-05-06 08:35,2024-05-06 08:50,2024-05-06 09:37
LAB709190,ENC103976,PT10694,CREAT,Creatinine,0.63,mg/dL,0.6,1.3,N,Routine,2024-05-06 08:33,2024-05-06 08:40,2024-05-06 11:07
LAB709191,ENC103976,PT10694,WBC,White Blood Cell Count,7,K/uL,4.5,11,N,STAT,2024-05-06 07:54,2024-05-06 08:03,2024-05-06 08:53
LAB709192,ENC103976,PT10694,HGB,Hemoglobin,14.6,g/dL,12,17.5,N,Routine,2024-05-06 07:57,2024-05-06 08:22,2024-05-06 11:57
LAB709193,ENC103980,PT12176,A1C,Hemoglobin A1c,9.7,%,4,5.6,H,Routine,2024-05-06 09:53,2024-05-06 10:02,2024-05-06 16:32
LAB709194,ENC103986,PT13534,GLU,Glucose,73,mg/dL,70,99,N,STAT,2024-05-06 11:19,2024-05-06 11:54,2024-05-06 12:42
LAB709195,ENC103986,PT13534,CREAT,Creatinine,0.93,mg/dL,0.6,1.3,N,STAT,2024-05-06 11:18,2024-05-06 11:46,2024-05-06 12:17
LAB709196,ENC103987,PT13073,A1C,Hemoglobin A1c,6.3,%,4,5.6,H,Routine,2024-05-06 11:20,2024-05-06 11:45,2024-05-06 20:04
LAB709197,ENC103988,PT13962,GLU,Glucose,85,mg/dL,70,99,N,STAT,2024-05-06 15:14,2024-05-06 15:21,2024-05-06 16:15
LAB709198,ENC103988,PT13962,CREAT,Creatinine,0.83,mg/dL,0.6,1.3,N,Routine,2024-05-06 16:13,2024-05-06 16:32,2024-05-06 19:55
LAB709199,ENC103988,PT13962,WBC,White Blood Cell Count,8.9,K/uL,4.5,11,N,STAT,2024-05-06 15:25,2024-05-06 15:32,2024-05-06 16:18
LAB709200,ENC103988,PT13962,HGB,Hemoglobin,8.3,g/dL,12,17.5,L,Routine,2024-05-06 15:20,2024-05-06 15:34,2024-05-06 17:13
LAB709201,ENC103988,PT13962,TROP,"Troponin I, High Sensitivity",1,ng/L,0,34,N,STAT,2024-05-06 16:15,2024-05-06 16:38,2024-05-06 18:10
LAB709202,ENC103991,PT13680,GLU,Glucose,132,mg/dL,70,99,H,Routine,2024-05-06 15:45,2024-05-06 16:11,2024-05-06 18:52
LAB709203,ENC103991,PT13680,CREAT,Creatinine,0.9,mg/dL,0.6,1.3,N,STAT,2024-05-06 15:19,2024-05-06 15:34,2024-05-06 16:37
LAB709204,ENC103995,PT11831,GLU,Glucose,225,mg/dL,70,99,H,Routine,2024-05-06 16:31,2024-05-06 16:41,2024-05-06 19:35
LAB709205,ENC103995,PT11831,CREAT,Creatinine,1.15,mg/dL,0.6,1.3,N,STAT,2024-05-06 16:35,2024-05-06 16:54,2024-05-06 17:33
LAB709206,ENC103995,PT11831,WBC,White Blood Cell Count,9.3,K/uL,4.5,11,N,STAT,2024-05-06 16:10,2024-05-06 16:29,2024-05-06 17:03
LAB709207,ENC103995,PT11831,HGB,Hemoglobin,12.9,g/dL,12,17.5,N,STAT,2024-05-06 16:05,2024-05-06 16:39,2024-05-06 18:35
LAB709208,ENC103995,PT11831,LACT,Lactate,2.3,mmol/L,0.5,2,H,STAT,2024-05-06 16:15,2024-05-06 16:43,2024-05-06 17:37
LAB709209,ENC103996,PT11743,GLU,Glucose,107,mg/dL,70,99,H,STAT,2024-05-06 18:37,2024-05-06 18:57,2024-05-06 19:40
LAB709210,ENC103996,PT11743,CREAT,Creatinine,0.78,mg/dL,0.6,1.3,N,STAT,2024-05-06 18:23,2024-05-06 18:48,2024-05-06 19:59
LAB709211,ENC103996,PT11743,WBC,White Blood Cell Count,9,K/uL,4.5,11,N,STAT,2024-05-06 19:01,2024-05-06 19:16,2024-05-06 20:26
LAB709212,ENC103996,PT11743,HGB,Hemoglobin,16,g/dL,12,17.5,N,Routine,2024-05-06 19:20,2024-05-06 19:46,2024-05-07 03:24
LAB709213,ENC103996,PT11743,NA,Sodium,138,mmol/L,136,145,N,STAT,2024-05-06 19:15,2024-05-06 19:30,2024-05-06 19:57
LAB709214,ENC103996,PT11743,K,Potassium,4.2,mmol/L,3.5,5.1,N,STAT,2024-05-06 18:38,2024-05-06 18:58,2024-05-06 20:07
LAB709215,ENC103996,PT11743,TROP,"Troponin I, High Sensitivity",8,ng/L,0,34,N,STAT,2024-05-06 18:40,2024-05-06 18:51,2024-05-06 19:35
LAB709216,ENC103996,PT11743,BNP,B-Type Natriuretic Peptide,575,pg/mL,0,100,H,Routine,2024-05-06 18:32,2024-05-06 18:44,2024-05-06 20:20
LAB709217,ENC103997,PT10739,A1C,Hemoglobin A1c,9.8,%,4,5.6,H,Routine,2024-05-06 16:13,2024-05-06 16:29,2024-05-06 21:31
LAB709218,ENC103997,PT10739,GLU,Glucose,273,mg/dL,70,99,H,Routine,2024-05-06 15:58,2024-05-06 16:07,2024-05-06 21:53
LAB709219,ENC103997,PT10739,CREAT,Creatinine,0.67,mg/dL,0.6,1.3,N,Routine,2024-05-06 16:08,2024-05-06 16:30,2024-05-06 18:54
LAB709220,ENC103999,PT11975,GLU,Glucose,92,mg/dL,70,99,N,Routine,2024-05-06 18:32,2024-05-06 18:43,2024-05-06 21:11
LAB709221,ENC103999,PT11975,CREAT,Creatinine,0.81,mg/dL,0.6,1.3,N,STAT,2024-05-06 18:29,2024-05-06 18:46,2024-05-06 19:18
LAB709222,ENC103999,PT11975,WBC,White Blood Cell Count,5.7,K/uL,4.5,11,N,STAT,2024-05-06 18:50,2024-05-06 19:19,2024-05-06 20:04
LAB709223,ENC104000,PT12455,GLU,Glucose,77,mg/dL,70,99,N,Routine,2024-05-07 01:31,2024-05-07 02:04,2024-05-07 06:39
LAB709224,ENC104000,PT12455,CREAT,Creatinine,0.75,mg/dL,0.6,1.3,N,STAT,2024-05-07 01:33,2024-05-07 02:03,2024-05-07 03:00
LAB709225,ENC104000,PT12455,WBC,White Blood Cell Count,7.9,K/uL,4.5,11,N,Routine,2024-05-07 01:08,2024-05-07 01:29,2024-05-07 03:10
LAB709226,ENC104000,PT12455,HGB,Hemoglobin,10.5,g/dL,12,17.5,L,STAT,2024-05-07 01:09,2024-05-07 01:39,2024-05-07 02:12
LAB709227,ENC104001,PT13961,GLU,Glucose,245,mg/dL,70,99,H,STAT,2024-05-06 20:59,2024-05-06 21:03,2024-05-06 21:51
LAB709228,ENC104001,PT13961,CREAT,Creatinine,0.87,mg/dL,0.6,1.3,N,STAT,2024-05-06 21:19,2024-05-06 21:48,2024-05-06 22:29
LAB709229,ENC104001,PT13961,WBC,White Blood Cell Count,4.4,K/uL,4.5,11,L,STAT,2024-05-06 21:32,2024-05-06 21:55,2024-05-06 22:28
LAB709230,ENC104001,PT13961,HGB,Hemoglobin,13.3,g/dL,12,17.5,N,STAT,2024-05-06 21:01,2024-05-06 21:16,2024-05-06 22:50
LAB709231,ENC104001,PT13961,NA,Sodium,141,mmol/L,136,145,N,Routine,2024-05-06 21:05,2024-05-06 21:29,2024-05-07 06:09
LAB709232,ENC104001,PT13961,K,Potassium,4.6,mmol/L,3.5,5.1,N,STAT,2024-05-06 20:58,2024-05-06 21:12,2024-05-06 21:55
LAB709233,ENC104002,PT12548,GLU,Glucose,111,mg/dL,70,99,H,Routine,2024-05-06 21:18,2024-05-06 21:44,2024-05-07 01:37
LAB709234,ENC104002,PT12548,CREAT,Creatinine,1.05,mg/dL,0.6,1.3,N,STAT,2024-05-06 20:52,2024-05-06 21:19,2024-05-06 22:22
LAB709235,ENC104003,PT13614,GLU,Glucose,93,mg/dL,70,99,N,Routine,2024-05-07 06:13,2024-05-07 06:41,2024-05-07 08:46
LAB709236,ENC104003,PT13614,CREAT,Creatinine,0.75,mg/dL,0.6,1.3,N,Routine,2024-05-07 06:29,2024-05-07 07:02,2024-05-07 09:36
LAB709237,ENC104003,PT13614,WBC,White Blood Cell Count,7.9,K/uL,4.5,11,N,STAT,2024-05-07 06:12,2024-05-07 06:24,2024-05-07 06:46
LAB709238,ENC104003,PT13614,HGB,Hemoglobin,11.7,g/dL,12,17.5,L,Routine,2024-05-07 06:46,2024-05-07 06:55,2024-05-07 11:17
LAB709239,ENC104003,PT13614,BUN,Blood Urea Nitrogen,15,mg/dL,7,20,N,STAT,2024-05-07 06:10,2024-05-07 06:21,2024-05-07 06:58
LAB709240,ENC104003,PT13614,PLT,Platelet Count,346,K/uL,150,400,N,STAT,2024-05-07 06:47,2024-05-07 07:10,2024-05-07 07:40
LAB709241,ENC104004,PT11837,GLU,Glucose,83,mg/dL,70,99,N,Routine,2024-05-07 08:25,2024-05-07 08:31,2024-05-07 13:24
LAB709242,ENC104004,PT11837,CREAT,Creatinine,0.99,mg/dL,0.6,1.3,N,STAT,2024-05-07 08:20,2024-05-07 08:35,2024-05-07 09:09
LAB709243,ENC104004,PT11837,WBC,White Blood Cell Count,10,K/uL,4.5,11,N,STAT,2024-05-07 08:21,2024-05-07 08:51,2024-05-07 09:25
LAB709244,ENC104004,PT11837,HGB,Hemoglobin,12.6,g/dL,12,17.5,N,Routine,2024-05-07 08:19,2024-05-07 08:44,2024-05-07 10:01
LAB709245,ENC104004,PT11837,INR,Prothrombin Time INR,0.9,ratio,0.8,1.2,N,STAT,2024-05-07 08:03,2024-05-07 08:08,2024-05-07 09:07
LAB709246,ENC104006,PT11796,WBC,White Blood Cell Count,6.2,K/uL,4.5,11,N,Routine,2024-05-07 08:15,2024-05-07 08:50,2024-05-07 16:41
LAB709247,ENC104006,PT11796,HGB,Hemoglobin,11.9,g/dL,12,17.5,L,Routine,2024-05-07 08:30,2024-05-07 09:01,2024-05-07 10:47
LAB709248,ENC104006,PT11796,PLT,Platelet Count,233,K/uL,150,400,N,Routine,2024-05-07 08:15,2024-05-07 08:24,2024-05-07 10:30
LAB709249,ENC104007,PT12007,A1C,Hemoglobin A1c,7.7,%,4,5.6,H,Routine,2024-05-07 10:46,2024-05-07 10:58,2024-05-08 07:06
LAB709250,ENC104009,PT11829,GLU,Glucose,175,mg/dL,70,99,H,Routine,2024-05-07 12:54,2024-05-07 13:24,2024-05-07 15:57
LAB709251,ENC104009,PT11829,CREAT,Creatinine,0.97,mg/dL,0.6,1.3,N,Routine,2024-05-07 13:17,2024-05-07 13:31,2024-05-07 15:57
LAB709252,ENC104009,PT11829,WBC,White Blood Cell Count,10.5,K/uL,4.5,11,N,STAT,2024-05-07 13:52,2024-05-07 14:21,2024-05-07 15:16
LAB709253,ENC104009,PT11829,HGB,Hemoglobin,12.2,g/dL,12,17.5,N,STAT,2024-05-07 13:09,2024-05-07 13:41,2024-05-07 14:17
LAB709254,ENC104010,PT11549,GLU,Glucose,94,mg/dL,70,99,N,STAT,2024-05-07 14:13,2024-05-07 14:18,2024-05-07 15:29
LAB709255,ENC104010,PT11549,CREAT,Creatinine,0.96,mg/dL,0.6,1.3,N,Routine,2024-05-07 13:30,2024-05-07 13:40,2024-05-07 15:59
LAB709256,ENC104011,PT13822,GLU,Glucose,116,mg/dL,70,99,H,STAT,2024-05-07 13:57,2024-05-07 14:01,2024-05-07 15:03
LAB709257,ENC104011,PT13822,CREAT,Creatinine,1,mg/dL,0.6,1.3,N,Routine,2024-05-07 14:05,2024-05-07 14:29,2024-05-07 16:37
LAB709258,ENC104011,PT13822,WBC,White Blood Cell Count,6.7,K/uL,4.5,11,N,STAT,2024-05-07 13:30,2024-05-07 13:36,2024-05-07 13:58
LAB709259,ENC104011,PT13822,HGB,Hemoglobin,13.8,g/dL,12,17.5,N,STAT,2024-05-07 14:29,2024-05-07 14:59,2024-05-07 15:35
LAB709260,ENC104011,PT13822,NA,Sodium,143,mmol/L,136,145,N,STAT,2024-05-07 13:56,2024-05-07 14:29,2024-05-07 15:11
LAB709261,ENC104011,PT13822,K,Potassium,4.1,mmol/L,3.5,5.1,N,STAT,2024-05-07 14:21,2024-05-07 14:38,2024-05-07 15:44
LAB709262,ENC104012,PT13999,A1C,Hemoglobin A1c,10.3,%,4,5.6,H,Routine,2024-05-07 14:30,2024-05-07 14:59,2024-05-08 20:03
LAB709263,ENC104015,PT12322,LDL,LDL Cholesterol,82,mg/dL,0,99,N,Routine,2024-05-07 16:27,2024-05-07 16:38,2024-05-08 03:08
LAB709264,ENC104015,PT12322,A1C,Hemoglobin A1c,8.9,%,4,5.6,H,Routine,2024-05-07 16:12,2024-05-07 16:34,2024-05-08 21:49
LAB709265,ENC104016,PT13844,GLU,Glucose,208,mg/dL,70,99,H,STAT,2024-05-07 17:01,2024-05-07 17:16,2024-05-07 17:42
LAB709266,ENC104016,PT13844,CREAT,Creatinine,1.58,mg/dL,0.6,1.3,H,Routine,2024-05-07 16:23,2024-05-07 16:51,2024-05-07 22:12
LAB709267,ENC104016,PT13844,WBC,White Blood Cell Count,7.9,K/uL,4.5,11,N,Routine,2024-05-07 16:39,2024-05-07 16:49,2024-05-07 20:24
LAB709268,ENC104016,PT13844,HGB,Hemoglobin,10.9,g/dL,12,17.5,L,Routine,2024-05-07 16:48,2024-05-07 17:03,2024-05-07 23:21
LAB709269,ENC104016,PT13844,TROP,"Troponin I, High Sensitivity",1317,ng/L,0,34,H,STAT,2024-05-07 16:54,2024-05-07 17:12,2024-05-07 18:01
LAB709270,ENC104017,PT10592,A1C,Hemoglobin A1c,7.3,%,4,5.6,H,Routine,2024-05-07 16:51,2024-05-07 17:17,2024-05-07 23:46
LAB709271,ENC104018,PT13977,GLU,Glucose,95,mg/dL,70,99,N,STAT,2024-05-07 20:30,2024-05-07 20:41,2024-05-07 21:48
LAB709272,ENC104018,PT13977,CREAT,Creatinine,0.95,mg/dL,0.6,1.3,N,Routine,2024-05-07 20:43,2024-05-07 21:04,2024-05-08 00:59
LAB709273,ENC104018,PT13977,WBC,White Blood Cell Count,5.5,K/uL,4.5,11,N,Routine,2024-05-07 20:34,2024-05-07 20:56,2024-05-08 00:04
LAB709274,ENC104018,PT13977,HGB,Hemoglobin,16.8,g/dL,12,17.5,N,STAT,2024-05-07 20:36,2024-05-07 20:47,2024-05-07 21:30
LAB709275,ENC104018,PT13977,NA,Sodium,131,mmol/L,136,145,L,STAT,2024-05-07 21:02,2024-05-07 21:29,2024-05-07 22:15
LAB709276,ENC104018,PT13977,K,Potassium,3.9,mmol/L,3.5,5.1,N,STAT,2024-05-07 21:13,2024-05-07 21:35,2024-05-07 22:21
LAB709277,ENC104020,PT10424,GLU,Glucose,107,mg/dL,70,99,H,STAT,2024-05-07 19:20,2024-05-07 19:34,2024-05-07 20:28
LAB709278,ENC104020,PT10424,CREAT,Creatinine,1.06,mg/dL,0.6,1.3,N,Routine,2024-05-07 18:51,2024-05-07 19:07,2024-05-07 21:01
LAB709279,ENC104020,PT10424,WBC,White Blood Cell Count,16.3,K/uL,4.5,11,H,Routine,2024-05-07 19:13,2024-05-07 19:17,2024-05-07 21:06
LAB709280,ENC104021,PT13139,GLU,Glucose,122,mg/dL,70,99,H,STAT,2024-05-07 18:59,2024-05-07 19:34,2024-05-07 19:55
LAB709281,ENC104021,PT13139,CREAT,Creatinine,0.98,mg/dL,0.6,1.3,N,STAT,2024-05-07 20:04,2024-05-07 20:12,2024-05-07 21:03
LAB709282,ENC104021,PT13139,WBC,White Blood Cell Count,12.7,K/uL,4.5,11,H,Routine,2024-05-07 19:08,2024-05-07 19:31,2024-05-07 21:26
LAB709283,ENC104021,PT13139,HGB,Hemoglobin,13.3,g/dL,12,17.5,N,STAT,2024-05-07 19:12,2024-05-07 19:36,2024-05-07 20:25
LAB709284,ENC104021,PT13139,NA,Sodium,140,mmol/L,136,145,N,Routine,2024-05-07 19:05,2024-05-07 19:40,2024-05-07 22:05
LAB709285,ENC104021,PT13139,K,Potassium,4.8,mmol/L,3.5,5.1,N,STAT,2024-05-07 19:16,2024-05-07 19:26,2024-05-07 20:21
LAB709286,ENC104022,PT10588,GLU,Glucose,108,mg/dL,70,99,H,Routine,2024-05-08 03:42,2024-05-08 04:06,2024-05-08 08:09
LAB709287,ENC104022,PT10588,CREAT,Creatinine,2.42,mg/dL,0.6,1.3,H,STAT,2024-05-08 03:47,2024-05-08 04:19,2024-05-08 04:42
LAB709288,ENC104022,PT10588,WBC,White Blood Cell Count,6.9,K/uL,4.5,11,N,STAT,2024-05-08 03:51,2024-05-08 04:14,2024-05-08 04:36
LAB709289,ENC104022,PT10588,HGB,Hemoglobin,9.3,g/dL,12,17.5,L,Routine,2024-05-08 04:30,2024-05-08 05:02,2024-05-08 07:27
LAB709290,ENC104023,PT13635,GLU,Glucose,77,mg/dL,70,99,N,Routine,2024-05-08 06:33,2024-05-08 07:08,2024-05-08 09:37
LAB709291,ENC104023,PT13635,CREAT,Creatinine,0.81,mg/dL,0.6,1.3,N,STAT,2024-05-08 07:03,2024-05-08 07:13,2024-05-08 08:18
LAB709292,ENC104024,PT10335,GLU,Glucose,108,mg/dL,70,99,H,STAT,2024-05-08 10:15,2024-05-08 10:38,2024-05-08 11:00
LAB709293,ENC104024,PT10335,CREAT,Creatinine,0.91,mg/dL,0.6,1.3,N,STAT,2024-05-08 09:58,2024-05-08 10:30,2024-05-08 10:54
LAB709294,ENC104024,PT10335,WBC,White Blood Cell Count,13.1,K/uL,4.5,11,H,STAT,2024-05-08 09:38,2024-05-08 09:45,2024-05-08 10:58
LAB709295,ENC104024,PT10335,HGB,Hemoglobin,12.8,g/dL,12,17.5,N,Routine,2024-05-08 10:04,2024-05-08 10:29,2024-05-08 11:21
LAB709296,ENC104026,PT10924,WBC,White Blood Cell Count,6.5,K/uL,4.5,11,N,Routine,2024-05-08 08:11,2024-05-08 08:24,2024-05-08 10:58
LAB709297,ENC104026,PT10924,HGB,Hemoglobin,13.6,g/dL,12,17.5,N,Routine,2024-05-08 08:10,2024-05-08 08:35,2024-05-08 09:51
LAB709298,ENC104026,PT10924,PLT,Platelet Count,135,K/uL,150,400,L,Routine,2024-05-08 08:06,2024-05-08 08:12,2024-05-08 11:39
LAB709299,ENC104027,PT10956,A1C,Hemoglobin A1c,9.2,%,4,5.6,H,Routine,2024-05-08 08:30,2024-05-08 08:57,2024-05-08 21:18
LAB709300,ENC104027,PT10956,GLU,Glucose,285,mg/dL,70,99,H,Routine,2024-05-08 08:33,2024-05-08 09:02,2024-05-08 12:32
LAB709301,ENC104027,PT10956,CREAT,Creatinine,0.92,mg/dL,0.6,1.3,N,Routine,2024-05-08 08:36,2024-05-08 08:52,2024-05-08 10:31
LAB709302,ENC104028,PT12071,GLU,Glucose,108,mg/dL,70,99,H,STAT,2024-05-08 08:56,2024-05-08 09:27,2024-05-08 10:06
LAB709303,ENC104028,PT12071,CREAT,Creatinine,0.67,mg/dL,0.6,1.3,N,STAT,2024-05-08 08:31,2024-05-08 09:02,2024-05-08 09:44
LAB709304,ENC104028,PT12071,WBC,White Blood Cell Count,5,K/uL,4.5,11,N,STAT,2024-05-08 08:25,2024-05-08 08:34,2024-05-08 09:02
LAB709305,ENC104028,PT12071,TROP,"Troponin I, High Sensitivity",3,ng/L,0,34,N,STAT,2024-05-08 08:59,2024-05-08 09:18,2024-05-08 10:11
LAB709306,ENC104029,PT10499,GLU,Glucose,169,mg/dL,70,99,H,STAT,2024-05-08 09:21,2024-05-08 09:43,2024-05-08 11:23
LAB709307,ENC104029,PT10499,CREAT,Creatinine,1.07,mg/dL,0.6,1.3,N,STAT,2024-05-08 09:24,2024-05-08 09:53,2024-05-08 10:48
LAB709308,ENC104030,PT10513,A1C,Hemoglobin A1c,9.3,%,4,5.6,H,Routine,2024-05-08 08:58,2024-05-08 09:04,2024-05-09 11:27
LAB709309,ENC104030,PT10513,GLU,Glucose,169,mg/dL,70,99,H,Routine,2024-05-08 08:51,2024-05-08 09:12,2024-05-08 10:54
LAB709310,ENC104030,PT10513,CREAT,Creatinine,0.91,mg/dL,0.6,1.3,N,Routine,2024-05-08 08:53,2024-05-08 09:13,2024-05-08 13:39
LAB709311,ENC104031,PT13365,LDL,LDL Cholesterol,111,mg/dL,0,99,H,Routine,2024-05-08 09:03,2024-05-08 09:10,2024-05-10 04:16
LAB709312,ENC104031,PT13365,TSH,Thyroid Stimulating Hormone,3.21,mIU/L,0.4,4,N,Routine,2024-05-08 09:15,2024-05-08 09:46,2024-05-08 20:11
LAB709313,ENC104032,PT10443,GLU,Glucose,78,mg/dL,70,99,N,STAT,2024-05-08 10:39,2024-05-08 10:55,2024-05-08 11:47
LAB709314,ENC104032,PT10443,CREAT,Creatinine,0.91,mg/dL,0.6,1.3,N,STAT,2024-05-08 10:22,2024-05-08 10:34,2024-05-08 11:41
LAB709315,ENC104032,PT10443,WBC,White Blood Cell Count,9.3,K/uL,4.5,11,N,STAT,2024-05-08 10:42,2024-05-08 11:03,2024-05-08 12:10
LAB709316,ENC104035,PT10210,GLU,Glucose,98,mg/dL,70,99,N,STAT,2024-05-08 14:02,2024-05-08 14:13,2024-05-08 14:51
LAB709317,ENC104035,PT10210,CREAT,Creatinine,1.04,mg/dL,0.6,1.3,N,STAT,2024-05-08 14:00,2024-05-08 14:25,2024-05-08 15:05
LAB709318,ENC104035,PT10210,WBC,White Blood Cell Count,11.2,K/uL,4.5,11,H,Routine,2024-05-08 14:06,2024-05-08 14:25,2024-05-08 17:21
LAB709319,ENC104035,PT10210,HGB,Hemoglobin,14.8,g/dL,12,17.5,N,Routine,2024-05-08 14:02,2024-05-08 14:17,2024-05-08 15:31
LAB709320,ENC104035,PT10210,NA,Sodium,141,mmol/L,136,145,N,STAT,2024-05-08 14:31,2024-05-08 15:00,2024-05-08 15:28
LAB709321,ENC104035,PT10210,K,Potassium,3.9,mmol/L,3.5,5.1,N,STAT,2024-05-08 14:00,2024-05-08 14:20,2024-05-08 14:53
LAB709322,ENC104037,PT12714,WBC,White Blood Cell Count,7.1,K/uL,4.5,11,N,Routine,2024-05-08 12:27,2024-05-08 12:50,2024-05-08 15:32
LAB709323,ENC104037,PT12714,HGB,Hemoglobin,16.1,g/dL,12,17.5,N,Routine,2024-05-08 12:22,2024-05-08 12:32,2024-05-09 03:32
LAB709324,ENC104037,PT12714,PLT,Platelet Count,233,K/uL,150,400,N,Routine,2024-05-08 12:41,2024-05-08 12:57,2024-05-08 19:30
LAB709325,ENC104039,PT10597,WBC,White Blood Cell Count,8.7,K/uL,4.5,11,N,Routine,2024-05-08 12:46,2024-05-08 13:18,2024-05-08 16:21
LAB709326,ENC104039,PT10597,HGB,Hemoglobin,13.4,g/dL,12,17.5,N,Routine,2024-05-08 12:56,2024-05-08 13:10,2024-05-08 15:14
LAB709327,ENC104039,PT10597,PLT,Platelet Count,168,K/uL,150,400,N,Routine,2024-05-08 12:40,2024-05-08 12:44,2024-05-08 15:35
LAB709328,ENC104040,PT12259,GLU,Glucose,88,mg/dL,70,99,N,STAT,2024-05-08 16:03,2024-05-08 16:08,2024-05-08 16:56
LAB709329,ENC104040,PT12259,CREAT,Creatinine,1.07,mg/dL,0.6,1.3,N,Routine,2024-05-08 16:03,2024-05-08 16:33,2024-05-08 18:53
LAB709330,ENC104040,PT12259,WBC,White Blood Cell Count,8,K/uL,4.5,11,N,STAT,2024-05-08 15:58,2024-05-08 16:30,2024-05-08 17:10
LAB709331,ENC104040,PT12259,HGB,Hemoglobin,14.3,g/dL,12,17.5,N,Routine,2024-05-08 15:41,2024-05-08 16:07,2024-05-08 21:21
LAB709332,ENC104040,PT12259,TROP,"Troponin I, High Sensitivity",74,ng/L,0,34,H,STAT,2024-05-08 16:20,2024-05-08 16:46,2024-05-08 17:30
LAB709333,ENC104040,PT12259,BNP,B-Type Natriuretic Peptide,728,pg/mL,0,100,H,Routine,2024-05-08 15:53,2024-05-08 16:02,2024-05-08 18:08
LAB709334,ENC104043,PT12684,LDL,LDL Cholesterol,204,mg/dL,0,99,H,Routine,2024-05-08 14:25,2024-05-08 14:38,2024-05-09 07:08
LAB709335,ENC104044,PT13517,GLU,Glucose,220,mg/dL,70,99,H,STAT,2024-05-08 15:16,2024-05-08 15:51,2024-05-08 16:54
LAB709336,ENC104044,PT13517,CREAT,Creatinine,0.46,mg/dL,0.6,1.3,L,Routine,2024-05-08 15:10,2024-05-08 15:33,2024-05-08 16:45
LAB709337,ENC104044,PT13517,WBC,White Blood Cell Count,10.1,K/uL,4.5,11,N,STAT,2024-05-08 15:18,2024-05-08 15:39,2024-05-08 15:59
LAB709338,ENC104045,PT11520,GLU,Glucose,109,mg/dL,70,99,H,Routine,2024-05-08 15:06,2024-05-08 15:20,2024-05-08 18:28
LAB709339,ENC104045,PT11520,CREAT,Creatinine,1.55,mg/dL,0.6,1.3,H,STAT,2024-05-08 15:28,2024-05-08 15:41,2024-05-08 16:22
LAB709340,ENC104045,PT11520,WBC,White Blood Cell Count,4,K/uL,4.5,11,L,STAT,2024-05-08 15:37,2024-05-08 15:42,2024-05-08 17:41
LAB709341,ENC104045,PT11520,HGB,Hemoglobin,14.1,g/dL,12,17.5,N,STAT,2024-05-08 15:43,2024-05-08 15:47,2024-05-08 16:40
LAB709342,ENC104045,PT11520,INR,Prothrombin Time INR,1.1,ratio,0.8,1.2,N,Routine,2024-05-08 15:27,2024-05-08 15:44,2024-05-08 16:54
LAB709343,ENC104046,PT10673,A1C,Hemoglobin A1c,10.9,%,4,5.6,H,Routine,2024-05-08 15:07,2024-05-08 15:22,2024-05-09 03:30
LAB709344,ENC104047,PT12260,WBC,White Blood Cell Count,8,K/uL,4.5,11,N,Routine,2024-05-08 15:22,2024-05-08 15:48,2024-05-08 20:54
LAB709345,ENC104047,PT12260,HGB,Hemoglobin,10.3,g/dL,12,17.5,L,Routine,2024-05-08 15:42,2024-05-08 16:01,2024-05-08 19:28
LAB709346,ENC104047,PT12260,PLT,Platelet Count,223,K/uL,150,400,N,Routine,2024-05-08 15:39,2024-05-08 15:49,2024-05-08 18:42
LAB709347,ENC104048,PT13077,GLU,Glucose,116,mg/dL,70,99,H,Routine,2024-05-08 15:40,2024-05-08 16:09,2024-05-08 17:23
LAB709348,ENC104048,PT13077,CREAT,Creatinine,0.6,mg/dL,0.6,1.3,N,STAT,2024-05-08 15:54,2024-05-08 16:09,2024-05-08 16:53
LAB709349,ENC104048,PT13077,WBC,White Blood Cell Count,6.4,K/uL,4.5,11,N,STAT,2024-05-08 15:52,2024-05-08 16:25,2024-05-08 17:17
LAB709350,ENC104048,PT13077,HGB,Hemoglobin,12.1,g/dL,12,17.5,N,Routine,2024-05-08 16:20,2024-05-08 16:24,2024-05-08 17:23
LAB709351,ENC104048,PT13077,NA,Sodium,138,mmol/L,136,145,N,STAT,2024-05-08 15:43,2024-05-08 16:00,2024-05-08 18:29
LAB709352,ENC104048,PT13077,K,Potassium,4.2,mmol/L,3.5,5.1,N,STAT,2024-05-08 15:28,2024-05-08 15:54,2024-05-08 17:38
LAB709353,ENC104050,PT12228,GLU,Glucose,86,mg/dL,70,99,N,STAT,2024-05-08 17:58,2024-05-08 18:24,2024-05-08 19:20
LAB709354,ENC104050,PT12228,CREAT,Creatinine,0.66,mg/dL,0.6,1.3,N,Routine,2024-05-08 18:28,2024-05-08 18:54,2024-05-08 20:29
LAB709355,ENC104051,PT11804,GLU,Glucose,164,mg/dL,70,99,H,STAT,2024-05-09 00:11,2024-05-09 00:42,2024-05-09 01:39
LAB709356,ENC104051,PT11804,CREAT,Creatinine,1.21,mg/dL,0.6,1.3,N,STAT,2024-05-08 23:14,2024-05-08 23:41,2024-05-09 00:06
LAB709357,ENC104051,PT11804,WBC,White Blood Cell Count,4.4,K/uL,4.5,11,L,STAT,2024-05-08 23:16,2024-05-08 23:51,2024-05-09 00:56
LAB709358,ENC104051,PT11804,HGB,Hemoglobin,14.1,g/dL,12,17.5,N,STAT,2024-05-08 23:18,2024-05-08 23:39,2024-05-09 00:03
LAB709359,ENC104051,PT11804,NA,Sodium,139,mmol/L,136,145,N,STAT,2024-05-08 23:19,2024-05-08 23:50,2024-05-09 00:31
LAB709360,ENC104051,PT11804,K,Potassium,4.3,mmol/L,3.5,5.1,N,STAT,2024-05-08 23:31,2024-05-08 23:52,2024-05-09 01:31
LAB709361,ENC104052,PT13832,GLU,Glucose,130,mg/dL,70,99,H,STAT,2024-05-08 21:12,2024-05-08 21:31,2024-05-08 22:47
LAB709362,ENC104052,PT13832,CREAT,Creatinine,1.64,mg/dL,0.6,1.3,H,Routine,2024-05-08 21:25,2024-05-08 21:59,2024-05-09 00:12
LAB709363,ENC104052,PT13832,WBC,White Blood Cell Count,7.1,K/uL,4.5,11,N,STAT,2024-05-08 21:02,2024-05-08 21:20,2024-05-08 21:47
LAB709364,ENC104052,PT13832,HGB,Hemoglobin,12,g/dL,12,17.5,N,Routine,2024-05-08 20:29,2024-05-08 20:47,2024-05-09 01:53
LAB709365,ENC104052,PT13832,LACT,Lactate,1.1,mmol/L,0.5,2,N,STAT,2024-05-08 20:26,2024-05-08 21:00,2024-05-08 21:40
LAB709366,ENC104053,PT13280,GLU,Glucose,200,mg/dL,70,99,H,Routine,2024-05-08 20:35,2024-05-08 21:04,2024-05-09 00:36
LAB709367,ENC104053,PT13280,CREAT,Creatinine,0.92,mg/dL,0.6,1.3,N,STAT,2024-05-08 19:46,2024-05-08 19:55,2024-05-08 20:46
LAB709368,ENC104054,PT10061,GLU,Glucose,109,mg/dL,70,99,H,STAT,2024-05-08 21:37,2024-05-08 21:42,2024-05-08 22:37
LAB709369,ENC104054,PT10061,CREAT,Creatinine,0.88,mg/dL,0.6,1.3,N,STAT,2024-05-08 21:29,2024-05-08 21:54,2024-05-08 22:36
LAB709370,ENC104055,PT13141,GLU,Glucose,105,mg/dL,70,99,H,STAT,2024-05-09 03:41,2024-05-09 03:59,2024-05-09 04:22
LAB709371,ENC104055,PT13141,CREAT,Creatinine,1.09,mg/dL,0.6,1.3,N,STAT,2024-05-09 03:02,2024-05-09 03:15,2024-05-09 03:52
LAB709372,ENC104055,PT13141,WBC,White Blood Cell Count,5.4,K/uL,4.5,11,N,STAT,2024-05-09 03:39,2024-05-09 04:04,2024-05-09 04:36
LAB709373,ENC104055,PT13141,HGB,Hemoglobin,14.7,g/dL,12,17.5,N,STAT,2024-05-09 03:05,2024-05-09 03:39,2024-05-09 04:22
LAB709374,ENC104055,PT13141,LACT,Lactate,1.3,mmol/L,0.5,2,N,STAT,2024-05-09 03:23,2024-05-09 03:45,2024-05-09 04:18
LAB709375,ENC104057,PT11268,GLU,Glucose,263,mg/dL,70,99,H,STAT,2024-05-09 00:36,2024-05-09 00:50,2024-05-09 01:43
LAB709376,ENC104057,PT11268,CREAT,Creatinine,2.15,mg/dL,0.6,1.3,H,STAT,2024-05-09 00:56,2024-05-09 01:27,2024-05-09 02:00
LAB709377,ENC104057,PT11268,WBC,White Blood Cell Count,9.5,K/uL,4.5,11,N,STAT,2024-05-09 00:35,2024-05-09 00:56,2024-05-09 01:32
LAB709378,ENC104057,PT11268,HGB,Hemoglobin,12.3,g/dL,12,17.5,N,STAT,2024-05-09 00:59,2024-05-09 01:17,2024-05-09 02:41
LAB709379,ENC104057,PT11268,NA,Sodium,142,mmol/L,136,145,N,STAT,2024-05-09 01:21,2024-05-09 01:33,2024-05-09 02:22
LAB709380,ENC104057,PT11268,K,Potassium,4.1,mmol/L,3.5,5.1,N,STAT,2024-05-09 01:05,2024-05-09 01:20,2024-05-09 01:58
LAB709381,ENC104057,PT11268,INR,Prothrombin Time INR,0.8,ratio,0.8,1.2,N,STAT,2024-05-09 01:36,2024-05-09 01:53,2024-05-09 02:35
LAB709382,ENC104058,PT12964,GLU,Glucose,70,mg/dL,70,99,N,STAT,2024-05-09 02:38,2024-05-09 02:56,2024-05-09 03:29
LAB709383,ENC104058,PT12964,CREAT,Creatinine,1.12,mg/dL,0.6,1.3,N,Routine,2024-05-09 02:45,2024-05-09 03:16,2024-05-09 07:56
LAB709384,ENC104058,PT12964,WBC,White Blood Cell Count,12.7,K/uL,4.5,11,H,Routine,2024-05-09 02:27,2024-05-09 02:54,2024-05-09 04:47
LAB709385,ENC104058,PT12964,HGB,Hemoglobin,11.2,g/dL,12,17.5,L,STAT,2024-05-09 02:29,2024-05-09 03:01,2024-05-09 03:55
LAB709386,ENC104060,PT13715,GLU,Glucose,186,mg/dL,70,99,H,Routine,2024-05-09 10:11,2024-05-09 10:26,2024-05-09 12:00
LAB709387,ENC104060,PT13715,CREAT,Creatinine,2.43,mg/dL,0.6,1.3,H,STAT,2024-05-09 10:41,2024-05-09 11:12,2024-05-09 12:01
LAB709388,ENC104060,PT13715,WBC,White Blood Cell Count,5.1,K/uL,4.5,11,N,STAT,2024-05-09 10:07,2024-05-09 10:36,2024-05-09 11:18
LAB709389,ENC104060,PT13715,HGB,Hemoglobin,9.9,g/dL,12,17.5,L,Routine,2024-05-09 10:31,2024-05-09 10:49,2024-05-09 14:50
LAB709390,ENC104060,PT13715,NA,Sodium,141,mmol/L,136,145,N,Routine,2024-05-09 10:21,2024-05-09 10:46,2024-05-09 20:26
LAB709391,ENC104060,PT13715,K,Potassium,6,mmol/L,3.5,5.1,H,STAT,2024-05-09 09:56,2024-05-09 10:17,2024-05-09 11:00
LAB709392,ENC104060,PT13715,BUN,Blood Urea Nitrogen,16,mg/dL,7,20,N,STAT,2024-05-09 10:54,2024-05-09 11:28,2024-05-09 12:14
LAB709393,ENC104060,PT13715,PLT,Platelet Count,240,K/uL,150,400,N,Routine,2024-05-09 10:11,2024-05-09 10:37,2024-05-09 16:05
LAB709394,ENC104061,PT12988,A1C,Hemoglobin A1c,8.2,%,4,5.6,H,Routine,2024-05-09 08:17,2024-05-09 08:34,2024-05-10 07:55
LAB709395,ENC104061,PT12988,GLU,Glucose,47,mg/dL,70,99,L,Routine,2024-05-09 08:13,2024-05-09 08:45,2024-05-09 18:19
LAB709396,ENC104061,PT12988,CREAT,Creatinine,0.98,mg/dL,0.6,1.3,N,Routine,2024-05-09 08:23,2024-05-09 08:41,2024-05-09 10:25
LAB709397,ENC104069,PT10450,LDL,LDL Cholesterol,147,mg/dL,0,99,H,Routine,2024-05-09 12:09,2024-05-09 12:44,2024-05-09 20:06
LAB709398,ENC104069,PT10450,TSH,Thyroid Stimulating Hormone,2,mIU/L,0.4,4,N,Routine,2024-05-09 12:00,2024-05-09 12:12,2024-05-09 18:41
LAB709399,ENC104071,PT10965,GLU,Glucose,109,mg/dL,70,99,H,Routine,2024-05-09 12:28,2024-05-09 12:33,2024-05-09 15:55
LAB709400,ENC104071,PT10965,CREAT,Creatinine,1.98,mg/dL,0.6,1.3,H,STAT,2024-05-09 12:16,2024-05-09 12:23,2024-05-09 12:42
LAB709401,ENC104071,PT10965,WBC,White Blood Cell Count,11.1,K/uL,4.5,11,H,STAT,2024-05-09 12:27,2024-05-09 12:34,2024-05-09 13:18
LAB709402,ENC104071,PT10965,HGB,Hemoglobin,9.7,g/dL,12,17.5,L,STAT,2024-05-09 13:14,2024-05-09 13:39,2024-05-09 15:22
LAB709403,ENC104072,PT10100,A1C,Hemoglobin A1c,5.9,%,4,5.6,H,Routine,2024-05-09 12:30,2024-05-09 12:47,2024-05-09 20:50
LAB709404,ENC104074,PT10074,LDL,LDL Cholesterol,95,mg/dL,0,99,N,Routine,2024-05-09 12:40,2024-05-09 12:49,2024-05-10 08:55
LAB709405,ENC104075,PT11984,LDL,LDL Cholesterol,63,mg/dL,0,99,N,Routine,2024-05-09 12:59,2024-05-09 13:23,2024-05-09 22:04
LAB709406,ENC104075,PT11984,A1C,Hemoglobin A1c,10.2,%,4,5.6,H,Routine,2024-05-09 12:40,2024-05-09 12:57,2024-05-10 02:17
LAB709407,ENC104075,PT11984,TSH,Thyroid Stimulating Hormone,0.25,mIU/L,0.4,4,L,Routine,2024-05-09 12:45,2024-05-09 13:00,2024-05-10 12:23
LAB709408,ENC104077,PT11697,LDL,LDL Cholesterol,138,mg/dL,0,99,H,Routine,2024-05-09 13:54,2024-05-09 14:12,2024-05-10 10:57
LAB709409,ENC104077,PT11697,TSH,Thyroid Stimulating Hormone,1.59,mIU/L,0.4,4,N,Routine,2024-05-09 14:00,2024-05-09 14:11,2024-05-10 07:36
LAB709410,ENC104078,PT11404,GLU,Glucose,128,mg/dL,70,99,H,STAT,2024-05-09 14:33,2024-05-09 14:40,2024-05-09 15:14
LAB709411,ENC104078,PT11404,CREAT,Creatinine,1.03,mg/dL,0.6,1.3,N,Routine,2024-05-09 14:46,2024-05-09 14:53,2024-05-09 17:23
LAB709412,ENC104078,PT11404,TROP,"Troponin I, High Sensitivity",8,ng/L,0,34,N,STAT,2024-05-09 14:21,2024-05-09 14:46,2024-05-09 15:30
LAB709413,ENC104082,PT12562,GLU,Glucose,94,mg/dL,70,99,N,STAT,2024-05-09 17:13,2024-05-09 17:44,2024-05-09 18:50
LAB709414,ENC104082,PT12562,CREAT,Creatinine,1.01,mg/dL,0.6,1.3,N,STAT,2024-05-09 16:51,2024-05-09 17:25,2024-05-09 18:01
LAB709415,ENC104082,PT12562,WBC,White Blood Cell Count,6.7,K/uL,4.5,11,N,STAT,2024-05-09 16:05,2024-05-09 16:36,2024-05-09 17:06
LAB709416,ENC104082,PT12562,HGB,Hemoglobin,14.1,g/dL,12,17.5,N,STAT,2024-05-09 16:52,2024-05-09 16:56,2024-05-09 17:36
LAB709417,ENC104082,PT12562,NA,Sodium,136,mmol/L,136,145,N,STAT,2024-05-09 16:13,2024-05-09 16:36,2024-05-09 17:34
LAB709418,ENC104082,PT12562,K,Potassium,4.6,mmol/L,3.5,5.1,N,STAT,2024-05-09 16:23,2024-05-09 16:51,2024-05-09 18:36
LAB709419,ENC104083,PT13533,GLU,Glucose,91,mg/dL,70,99,N,STAT,2024-05-09 20:53,2024-05-09 21:28,2024-05-09 22:33
LAB709420,ENC104083,PT13533,CREAT,Creatinine,1.08,mg/dL,0.6,1.3,N,Routine,2024-05-09 21:05,2024-05-09 21:23,2024-05-10 02:14
LAB709421,ENC104083,PT13533,WBC,White Blood Cell Count,6.5,K/uL,4.5,11,N,Routine,2024-05-09 20:07,2024-05-09 20:32,2024-05-10 00:28
LAB709422,ENC104083,PT13533,HGB,Hemoglobin,13.6,g/dL,12,17.5,N,STAT,2024-05-09 20:58,2024-05-09 21:30,2024-05-09 21:47
LAB709423,ENC104084,PT10152,GLU,Glucose,105,mg/dL,70,99,H,STAT,2024-05-09 18:27,2024-05-09 18:40,2024-05-09 19:21
LAB709424,ENC104084,PT10152,CREAT,Creatinine,0.89,mg/dL,0.6,1.3,N,Routine,2024-05-09 18:28,2024-05-09 19:03,2024-05-09 20:48
LAB709425,ENC104084,PT10152,WBC,White Blood Cell Count,5.7,K/uL,4.5,11,N,Routine,2024-05-09 18:07,2024-05-09 18:33,2024-05-09 20:30
LAB709426,ENC104084,PT10152,HGB,Hemoglobin,12.5,g/dL,12,17.5,N,Routine,2024-05-09 18:17,2024-05-09 18:26,2024-05-09 20:39
LAB709427,ENC104085,PT13387,GLU,Glucose,114,mg/dL,70,99,H,STAT,2024-05-09 19:42,2024-05-09 19:51,2024-05-09 21:05
LAB709428,ENC104085,PT13387,CREAT,Creatinine,1.92,mg/dL,0.6,1.3,H,Routine,2024-05-09 18:37,2024-05-09 18:53,2024-05-09 21:17
LAB709429,ENC104085,PT13387,WBC,White Blood Cell Count,9.3,K/uL,4.5,11,N,STAT,2024-05-09 19:40,2024-05-09 20:09,2024-05-09 21:12
LAB709430,ENC104085,PT13387,HGB,Hemoglobin,11.8,g/dL,12,17.5,L,STAT,2024-05-09 18:52,2024-05-09 19:27,2024-05-09 20:09
LAB709431,ENC104085,PT13387,NA,Sodium,135,mmol/L,136,145,L,Routine,2024-05-09 19:37,2024-05-09 20:02,2024-05-09 23:23
LAB709432,ENC104085,PT13387,K,Potassium,4.5,mmol/L,3.5,5.1,N,STAT,2024-05-09 19:08,2024-05-09 19:23,2024-05-09 20:24
LAB709433,ENC104086,PT11192,GLU,Glucose,120,mg/dL,70,99,H,STAT,2024-05-09 21:46,2024-05-09 22:19,2024-05-09 23:44
LAB709434,ENC104086,PT11192,CREAT,Creatinine,0.62,mg/dL,0.6,1.3,N,Routine,2024-05-09 21:26,2024-05-09 21:33,2024-05-09 23:05
LAB709435,ENC104086,PT11192,WBC,White Blood Cell Count,8.2,K/uL,4.5,11,N,Routine,2024-05-09 22:03,2024-05-09 22:36,2024-05-10 02:57
LAB709436,ENC104086,PT11192,HGB,Hemoglobin,12.8,g/dL,12,17.5,N,Routine,2024-05-09 21:56,2024-05-09 22:29,2024-05-10 03:41
LAB709437,ENC104087,PT13583,GLU,Glucose,93,mg/dL,70,99,N,Routine,2024-05-09 20:11,2024-05-09 20:22,2024-05-09 23:32
LAB709438,ENC104087,PT13583,CREAT,Creatinine,0.71,mg/dL,0.6,1.3,N,STAT,2024-05-09 20:14,2024-05-09 20:38,2024-05-09 21:26
LAB709439,ENC104087,PT13583,WBC,White Blood Cell Count,4.9,K/uL,4.5,11,N,STAT,2024-05-09 20:32,2024-05-09 20:45,2024-05-09 21:55
LAB709440,ENC104087,PT13583,HGB,Hemoglobin,13.8,g/dL,12,17.5,N,STAT,2024-05-09 20:15,2024-05-09 20:33,2024-05-09 21:41
LAB709441,ENC104087,PT13583,NA,Sodium,139,mmol/L,136,145,N,Routine,2024-05-09 19:46,2024-05-09 20:18,2024-05-09 21:44
LAB709442,ENC104087,PT13583,K,Potassium,3.4,mmol/L,3.5,5.1,L,STAT,2024-05-09 19:47,2024-05-09 20:22,2024-05-09 21:00
LAB709443,ENC104088,PT10653,GLU,Glucose,175,mg/dL,70,99,H,Routine,2024-05-09 23:55,2024-05-10 00:00,2024-05-10 02:56
LAB709444,ENC104088,PT10653,CREAT,Creatinine,0.78,mg/dL,0.6,1.3,N,STAT,2024-05-10 00:51,2024-05-10 01:15,2024-05-10 03:01
LAB709445,ENC104088,PT10653,WBC,White Blood Cell Count,5.7,K/uL,4.5,11,N,STAT,2024-05-10 00:35,2024-05-10 00:55,2024-05-10 01:40
LAB709446,ENC104088,PT10653,HGB,Hemoglobin,13.3,g/dL,12,17.5,N,Routine,2024-05-10 00:47,2024-05-10 01:10,2024-05-10 04:51
LAB709447,ENC104089,PT10719,GLU,Glucose,245,mg/dL,70,99,H,STAT,2024-05-09 21:10,2024-05-09 21:36,2024-05-09 22:54
LAB709448,ENC104089,PT10719,CREAT,Creatinine,0.92,mg/dL,0.6,1.3,N,STAT,2024-05-09 20:33,2024-05-09 20:54,2024-05-09 21:54
LAB709449,ENC104089,PT10719,WBC,White Blood Cell Count,9.1,K/uL,4.5,11,N,Routine,2024-05-09 20:30,2024-05-09 20:51,2024-05-09 22:09
LAB709450,ENC104089,PT10719,HGB,Hemoglobin,12.4,g/dL,12,17.5,N,STAT,2024-05-09 21:03,2024-05-09 21:08,2024-05-09 21:40
LAB709451,ENC104089,PT10719,A1C,Hemoglobin A1c,11.2,%,4,5.6,H,STAT,2024-05-09 20:50,2024-05-09 21:09,2024-05-09 21:29
LAB709452,ENC104090,PT11646,GLU,Glucose,73,mg/dL,70,99,N,STAT,2024-05-09 23:35,2024-05-09 23:46,2024-05-10 00:15
LAB709453,ENC104090,PT11646,CREAT,Creatinine,0.85,mg/dL,0.6,1.3,N,STAT,2024-05-09 22:30,2024-05-09 23:05,2024-05-10 00:12
LAB709454,ENC104090,PT11646,WBC,White Blood Cell Count,9.6,K/uL,4.5,11,N,STAT,2024-05-09 23:33,2024-05-09 23:50,2024-05-10 00:42
LAB709455,ENC104090,PT11646,HGB,Hemoglobin,13.1,g/dL,12,17.5,N,STAT,2024-05-09 22:30,2024-05-09 22:58,2024-05-09 23:56
LAB709456,ENC104090,PT11646,NA,Sodium,140,mmol/L,136,145,N,STAT,2024-05-09 23:00,2024-05-09 23:20,2024-05-09 23:43
LAB709457,ENC104090,PT11646,K,Potassium,4.3,mmol/L,3.5,5.1,N,STAT,2024-05-09 22:53,2024-05-09 23:20,2024-05-09 23:52
LAB709458,ENC104092,PT11175,GLU,Glucose,103,mg/dL,70,99,H,STAT,2024-05-10 01:03,2024-05-10 01:07,2024-05-10 01:46
LAB709459,ENC104092,PT11175,CREAT,Creatinine,0.9,mg/dL,0.6,1.3,N,STAT,2024-05-10 01:36,2024-05-10 01:40,2024-05-10 02:13
LAB709460,ENC104092,PT11175,WBC,White Blood Cell Count,6.3,K/uL,4.5,11,N,STAT,2024-05-10 00:37,2024-05-10 01:05,2024-05-10 02:31
LAB709461,ENC104092,PT11175,HGB,Hemoglobin,12.4,g/dL,12,17.5,N,Routine,2024-05-10 00:42,2024-05-10 00:58,2024-05-10 04:24
LAB709462,ENC104092,PT11175,INR,Prothrombin Time INR,1,ratio,0.8,1.2,N,Routine,2024-05-10 00:55,2024-05-10 01:24,2024-05-10 04:41
LAB709463,ENC104093,PT12197,GLU,Glucose,169,mg/dL,70,99,H,STAT,2024-05-10 06:57,2024-05-10 07:05,2024-05-10 08:09
LAB709464,ENC104093,PT12197,CREAT,Creatinine,0.82,mg/dL,0.6,1.3,N,STAT,2024-05-10 07:41,2024-05-10 07:47,2024-05-10 08:47
LAB709465,ENC104093,PT12197,WBC,White Blood Cell Count,9.3,K/uL,4.5,11,N,STAT,2024-05-10 07:05,2024-05-10 07:22,2024-05-10 08:06
LAB709466,ENC104093,PT12197,HGB,Hemoglobin,15.6,g/dL,12,17.5,N,STAT,2024-05-10 07:30,2024-05-10 07:46,2024-05-10 08:32
LAB709467,ENC104093,PT12197,BUN,Blood Urea Nitrogen,8,mg/dL,7,20,N,Routine,2024-05-10 06:45,2024-05-10 07:17,2024-05-10 08:34
LAB709468,ENC104093,PT12197,PLT,Platelet Count,367,K/uL,150,400,N,STAT,2024-05-10 07:17,2024-05-10 07:40,2024-05-10 08:47
LAB709469,ENC104095,PT12130,GLU,Glucose,154,mg/dL,70,99,H,Routine,2024-05-10 07:23,2024-05-10 07:55,2024-05-10 09:47
LAB709470,ENC104095,PT12130,CREAT,Creatinine,0.99,mg/dL,0.6,1.3,N,STAT,2024-05-10 06:42,2024-05-10 06:52,2024-05-10 07:08
LAB709471,ENC104095,PT12130,WBC,White Blood Cell Count,5.6,K/uL,4.5,11,N,Routine,2024-05-10 06:58,2024-05-10 07:29,2024-05-10 09:08
LAB709472,ENC104096,PT11696,GLU,Glucose,133,mg/dL,70,99,H,STAT,2024-05-10 07:23,2024-05-10 07:38,2024-05-10 08:01
LAB709473,ENC104096,PT11696,CREAT,Creatinine,1.12,mg/dL,0.6,1.3,N,STAT,2024-05-10 07:11,2024-05-10 07:43,2024-05-10 08:32
LAB709474,ENC104096,PT11696,WBC,White Blood Cell Count,7.5,K/uL,4.5,11,N,STAT,2024-05-10 07:56,2024-05-10 08:26,2024-05-10 09:02
LAB709475,ENC104096,PT11696,HGB,Hemoglobin,15.2,g/dL,12,17.5,N,STAT,2024-05-10 08:02,2024-05-10 08:29,2024-05-10 09:45
LAB709476,ENC104097,PT10776,A1C,Hemoglobin A1c,10,%,4,5.6,H,STAT,2024-05-10 07:51,2024-05-10 08:15,2024-05-10 09:09
LAB709477,ENC104100,PT10233,LDL,LDL Cholesterol,90,mg/dL,0,99,N,Routine,2024-05-10 09:05,2024-05-10 09:36,2024-05-10 14:06
LAB709478,ENC104100,PT10233,TSH,Thyroid Stimulating Hormone,1.73,mIU/L,0.4,4,N,Routine,2024-05-10 09:21,2024-05-10 09:25,2024-05-10 17:10
LAB709479,ENC104102,PT12513,GLU,Glucose,108,mg/dL,70,99,H,STAT,2024-05-10 13:16,2024-05-10 13:39,2024-05-10 14:15
LAB709480,ENC104102,PT12513,CREAT,Creatinine,2.06,mg/dL,0.6,1.3,H,STAT,2024-05-10 12:37,2024-05-10 12:44,2024-05-10 13:19
LAB709481,ENC104102,PT12513,WBC,White Blood Cell Count,5,K/uL,4.5,11,N,Routine,2024-05-10 13:36,2024-05-10 13:46,2024-05-10 14:57
LAB709482,ENC104102,PT12513,HGB,Hemoglobin,9.8,g/dL,12,17.5,L,STAT,2024-05-10 12:57,2024-05-10 13:20,2024-05-10 14:36
LAB709483,ENC104106,PT11177,LDL,LDL Cholesterol,143,mg/dL,0,99,H,Routine,2024-05-10 10:57,2024-05-10 11:19,2024-05-10 21:53
LAB709484,ENC104106,PT11177,TSH,Thyroid Stimulating Hormone,2.16,mIU/L,0.4,4,N,Routine,2024-05-10 11:03,2024-05-10 11:26,2024-05-11 05:05
LAB709485,ENC104107,PT12801,GLU,Glucose,70,mg/dL,70,99,N,Routine,2024-05-10 11:05,2024-05-10 11:11,2024-05-10 15:20
LAB709486,ENC104107,PT12801,CREAT,Creatinine,3.21,mg/dL,0.6,1.3,H,Routine,2024-05-10 11:57,2024-05-10 12:09,2024-05-10 17:28
LAB709487,ENC104107,PT12801,WBC,White Blood Cell Count,7.4,K/uL,4.5,11,N,Routine,2024-05-10 12:02,2024-05-10 12:27,2024-05-10 15:33
LAB709488,ENC104107,PT12801,HGB,Hemoglobin,14.9,g/dL,12,17.5,N,STAT,2024-05-10 11:28,2024-05-10 11:32,2024-05-10 12:02
LAB709489,ENC104107,PT12801,NA,Sodium,141,mmol/L,136,145,N,Routine,2024-05-10 11:49,2024-05-10 12:19,2024-05-10 21:54
LAB709490,ENC104107,PT12801,K,Potassium,5.4,mmol/L,3.5,5.1,H,STAT,2024-05-10 12:02,2024-05-10 12:16,2024-05-10 13:15
LAB709491,ENC104108,PT12401,GLU,Glucose,386,mg/dL,70,99,H,STAT,2024-05-10 12:06,2024-05-10 12:17,2024-05-10 13:34
LAB709492,ENC104108,PT12401,CREAT,Creatinine,1.07,mg/dL,0.6,1.3,N,STAT,2024-05-10 11:23,2024-05-10 11:36,2024-05-10 12:19
LAB709493,ENC104108,PT12401,A1C,Hemoglobin A1c,10.1,%,4,5.6,H,Routine,2024-05-10 11:25,2024-05-10 11:43,2024-05-11 08:38
LAB709494,ENC104110,PT10319,GLU,Glucose,190,mg/dL,70,99,H,STAT,2024-05-10 15:45,2024-05-10 16:04,2024-05-10 16:47
LAB709495,ENC104110,PT10319,CREAT,Creatinine,0.77,mg/dL,0.6,1.3,N,Routine,2024-05-10 15:39,2024-05-10 15:58,2024-05-10 17:40
LAB709496,ENC104110,PT10319,WBC,White Blood Cell Count,6.9,K/uL,4.5,11,N,STAT,2024-05-10 15:15,2024-05-10 15:31,2024-05-10 16:35
LAB709497,ENC104110,PT10319,HGB,Hemoglobin,10.5,g/dL,12,17.5,L,Routine,2024-05-10 15:10,2024-05-10 15:40,2024-05-10 18:20
LAB709498,ENC104112,PT13417,GLU,Glucose,124,mg/dL,70,99,H,Routine,2024-05-10 14:24,2024-05-10 14:47,2024-05-10 17:21
LAB709499,ENC104112,PT13417,CREAT,Creatinine,0.91,mg/dL,0.6,1.3,N,Routine,2024-05-10 13:58,2024-05-10 14:16,2024-05-10 15:59
LAB709500,ENC104112,PT13417,WBC,White Blood Cell Count,5.9,K/uL,4.5,11,N,Routine,2024-05-10 14:23,2024-05-10 14:39,2024-05-10 19:26
LAB709501,ENC104112,PT13417,HGB,Hemoglobin,13.2,g/dL,12,17.5,N,STAT,2024-05-10 14:41,2024-05-10 14:50,2024-05-10 15:54
LAB709502,ENC104112,PT13417,NA,Sodium,138,mmol/L,136,145,N,STAT,2024-05-10 13:53,2024-05-10 14:00,2024-05-10 14:50
LAB709503,ENC104112,PT13417,K,Potassium,4.8,mmol/L,3.5,5.1,N,STAT,2024-05-10 14:13,2024-05-10 14:18,2024-05-10 15:23
LAB709504,ENC104113,PT10230,GLU,Glucose,207,mg/dL,70,99,H,Routine,2024-05-10 12:40,2024-05-10 12:56,2024-05-10 16:10
LAB709505,ENC104113,PT10230,CREAT,Creatinine,0.7,mg/dL,0.6,1.3,N,Routine,2024-05-10 13:08,2024-05-10 13:23,2024-05-10 15:27
LAB709506,ENC104113,PT10230,WBC,White Blood Cell Count,7.8,K/uL,4.5,11,N,STAT,2024-05-10 12:56,2024-05-10 13:27,2024-05-10 13:53
LAB709507,ENC104113,PT10230,HGB,Hemoglobin,15.2,g/dL,12,17.5,N,Routine,2024-05-10 12:09,2024-05-10 12:27,2024-05-10 14:56
LAB709508,ENC104113,PT10230,NA,Sodium,140,mmol/L,136,145,N,STAT,2024-05-10 12:58,2024-05-10 13:24,2024-05-10 14:12
LAB709509,ENC104113,PT10230,K,Potassium,3.9,mmol/L,3.5,5.1,N,STAT,2024-05-10 12:10,2024-05-10 12:25,2024-05-10 13:01
LAB709510,ENC104114,PT11007,GLU,Glucose,127,mg/dL,70,99,H,STAT,2024-05-10 15:15,2024-05-10 15:41,2024-05-10 16:09
LAB709511,ENC104114,PT11007,CREAT,Creatinine,0.94,mg/dL,0.6,1.3,N,STAT,2024-05-10 15:16,2024-05-10 15:38,2024-05-10 16:43
LAB709512,ENC104114,PT11007,WBC,White Blood Cell Count,6.2,K/uL,4.5,11,N,STAT,2024-05-10 16:05,2024-05-10 16:15,2024-05-10 17:08
LAB709513,ENC104114,PT11007,HGB,Hemoglobin,13.1,g/dL,12,17.5,N,Routine,2024-05-10 15:13,2024-05-10 15:17,2024-05-10 16:10
LAB709514,ENC104115,PT13503,WBC,White Blood Cell Count,10.7,K/uL,4.5,11,N,Routine,2024-05-10 13:15,2024-05-10 13:27,2024-05-10 16:01
LAB709515,ENC104115,PT13503,HGB,Hemoglobin,12.2,g/dL,12,17.5,N,Routine,2024-05-10 12:56,2024-05-10 13:12,2024-05-10 16:31
LAB709516,ENC104115,PT13503,PLT,Platelet Count,288,K/uL,150,400,N,Routine,2024-05-10 13:00,2024-05-10 13:26,2024-05-10 14:51
LAB709517,ENC104116,PT10742,A1C,Hemoglobin A1c,6,%,4,5.6,H,Routine,2024-05-10 13:49,2024-05-10 13:53,2024-05-10 18:55
LAB709518,ENC104117,PT11623,LDL,LDL Cholesterol,162,mg/dL,0,99,H,Routine,2024-05-10 14:06,2024-05-10 14:14,2024-05-10 21:51
LAB709519,ENC104117,PT11623,A1C,Hemoglobin A1c,4.9,%,4,5.6,N,Routine,2024-05-10 14:13,2024-05-10 14:27,2024-05-10 20:25
LAB709520,ENC104118,PT12218,GLU,Glucose,91,mg/dL,70,99,N,STAT,2024-05-10 18:05,2024-05-10 18:26,2024-05-10 19:01
LAB709521,ENC104118,PT12218,CREAT,Creatinine,1.01,mg/dL,0.6,1.3,N,STAT,2024-05-10 18:25,2024-05-10 18:32,2024-05-10 19:20
LAB709522,ENC104118,PT12218,WBC,White Blood Cell Count,10.2,K/uL,4.5,11,N,STAT,2024-05-10 17:40,2024-05-10 18:07,2024-05-10 18:40
LAB709523,ENC104118,PT12218,HGB,Hemoglobin,12.9,g/dL,12,17.5,N,STAT,2024-05-10 17:31,2024-05-10 17:43,2024-05-10 19:03
LAB709524,ENC104118,PT12218,NA,Sodium,137,mmol/L,136,145,N,Routine,2024-05-10 18:26,2024-05-10 18:31,2024-05-10 22:02
LAB709525,ENC104118,PT12218,K,Potassium,4.3,mmol/L,3.5,5.1,N,STAT,2024-05-10 18:20,2024-05-10 18:27,2024-05-10 18:46
LAB709526,ENC104120,PT11317,GLU,Glucose,72,mg/dL,70,99,N,STAT,2024-05-10 16:13,2024-05-10 16:37,2024-05-10 17:37
LAB709527,ENC104120,PT11317,CREAT,Creatinine,0.84,mg/dL,0.6,1.3,N,STAT,2024-05-10 15:48,2024-05-10 16:13,2024-05-10 16:45
LAB709528,ENC104120,PT11317,WBC,White Blood Cell Count,6,K/uL,4.5,11,N,Routine,2024-05-10 15:45,2024-05-10 16:02,2024-05-10 17:40
LAB709529,ENC104120,PT11317,HGB,Hemoglobin,12.2,g/dL,12,17.5,N,STAT,2024-05-10 16:35,2024-05-10 17:03,2024-05-10 18:22
LAB709530,ENC104121,PT13997,WBC,White Blood Cell Count,5.8,K/uL,4.5,11,N,Routine,2024-05-10 16:56,2024-05-10 17:16,2024-05-10 18:39
LAB709531,ENC104121,PT13997,HGB,Hemoglobin,14.4,g/dL,12,17.5,N,Routine,2024-05-10 16:49,2024-05-10 16:53,2024-05-10 23:13
LAB709532,ENC104121,PT13997,PLT,Platelet Count,211,K/uL,150,400,N,Routine,2024-05-10 16:39,2024-05-10 17:05,2024-05-10 19:41
LAB709533,ENC104122,PT10219,GLU,Glucose,96,mg/dL,70,99,N,STAT,2024-05-10 20:16,2024-05-10 20:26,2024-05-10 21:07
LAB709534,ENC104122,PT10219,CREAT,Creatinine,0.53,mg/dL,0.6,1.3,L,STAT,2024-05-10 20:41,2024-05-10 20:54,2024-05-10 22:11
LAB709535,ENC104122,PT10219,WBC,White Blood Cell Count,22.4,K/uL,4.5,11,H,STAT,2024-05-10 20:31,2024-05-10 21:01,2024-05-10 22:50
LAB709536,ENC104122,PT10219,HGB,Hemoglobin,13.7,g/dL,12,17.5,N,STAT,2024-05-10 20:37,2024-05-10 20:57,2024-05-10 21:15
LAB709537,ENC104122,PT10219,NA,Sodium,141,mmol/L,136,145,N,Routine,2024-05-10 20:17,2024-05-10 20:41,2024-05-11 00:01
LAB709538,ENC104122,PT10219,K,Potassium,4.3,mmol/L,3.5,5.1,N,STAT,2024-05-10 20:02,2024-05-10 20:36,2024-05-10 21:18
LAB709539,ENC104122,PT10219,BUN,Blood Urea Nitrogen,20,mg/dL,7,20,N,STAT,2024-05-10 20:16,2024-05-10 20:30,2024-05-10 21:02
LAB709540,ENC104122,PT10219,PLT,Platelet Count,272,K/uL,150,400,N,STAT,2024-05-10 20:03,2024-05-10 20:34,2024-05-10 21:14
LAB709541,ENC104122,PT10219,LACT,Lactate,1.8,mmol/L,0.5,2,N,STAT,2024-05-10 19:51,2024-05-10 20:11,2024-05-10 21:04
LAB709542,ENC104123,PT10971,GLU,Glucose,150,mg/dL,70,99,H,STAT,2024-05-10 18:22,2024-05-10 18:48,2024-05-10 19:26
LAB709543,ENC104123,PT10971,CREAT,Creatinine,0.61,mg/dL,0.6,1.3,N,STAT,2024-05-10 18:25,2024-05-10 18:49,2024-05-10 20:19
LAB709544,ENC104123,PT10971,TROP,"Troponin I, High Sensitivity",10,ng/L,0,34,N,STAT,2024-05-10 17:58,2024-05-10 18:24,2024-05-10 19:36
LAB709545,ENC104124,PT10543,GLU,Glucose,199,mg/dL,70,99,H,STAT,2024-05-10 18:42,2024-05-10 18:59,2024-05-10 19:48
LAB709546,ENC104124,PT10543,CREAT,Creatinine,0.73,mg/dL,0.6,1.3,N,STAT,2024-05-10 18:25,2024-05-10 18:50,2024-05-10 19:26
LAB709547,ENC104124,PT10543,WBC,White Blood Cell Count,4.5,K/uL,4.5,11,N,STAT,2024-05-10 18:35,2024-05-10 18:47,2024-05-10 19:22
LAB709548,ENC104125,PT11532,GLU,Glucose,87,mg/dL,70,99,N,STAT,2024-05-11 00:00,2024-05-11 00:32,2024-05-11 01:23
LAB709549,ENC104125,PT11532,CREAT,Creatinine,0.88,mg/dL,0.6,1.3,N,STAT,2024-05-11 01:00,2024-05-11 01:33,2024-05-11 02:09
LAB709550,ENC104125,PT11532,WBC,White Blood Cell Count,14.8,K/uL,4.5,11,H,STAT,2024-05-11 00:38,2024-05-11 01:02,2024-05-11 01:44
LAB709551,ENC104125,PT11532,HGB,Hemoglobin,15,g/dL,12,17.5,N,STAT,2024-05-11 00:12,2024-05-11 00:46,2024-05-11 01:24
LAB709552,ENC104127,PT12621,GLU,Glucose,179,mg/dL,70,99,H,Routine,2024-05-11 04:00,2024-05-11 04:29,2024-05-11 06:50
LAB709553,ENC104127,PT12621,CREAT,Creatinine,0.81,mg/dL,0.6,1.3,N,STAT,2024-05-11 04:33,2024-05-11 04:38,2024-05-11 05:17
LAB709554,ENC104127,PT12621,WBC,White Blood Cell Count,7.9,K/uL,4.5,11,N,STAT,2024-05-11 04:20,2024-05-11 04:33,2024-05-11 05:24
LAB709555,ENC104127,PT12621,HGB,Hemoglobin,13.7,g/dL,12,17.5,N,Routine,2024-05-11 04:30,2024-05-11 04:53,2024-05-11 07:55
LAB709556,ENC104128,PT12622,TROP,"Troponin I, High Sensitivity",1,ng/L,0,34,N,STAT,2024-05-11 07:26,2024-05-11 07:41,2024-05-11 08:52
LAB709557,ENC104130,PT12343,GLU,Glucose,98,mg/dL,70,99,N,STAT,2024-05-11 09:03,2024-05-11 09:37,2024-05-11 11:14
LAB709558,ENC104130,PT12343,CREAT,Creatinine,0.34,mg/dL,0.6,1.3,L,STAT,2024-05-11 08:47,2024-05-11 09:05,2024-05-11 10:56
LAB709559,ENC104131,PT11108,GLU,Glucose,150,mg/dL,70,99,H,STAT,2024-05-11 08:15,2024-05-11 08:38,2024-05-11 09:37
LAB709560,ENC104131,PT11108,CREAT,Creatinine,0.93,mg/dL,0.6,1.3,N,STAT,2024-05-11 08:10,2024-05-11 08:44,2024-05-11 09:34
LAB709561,ENC104132,PT13107,GLU,Glucose,112,mg/dL,70,99,H,Routine,2024-05-11 12:11,2024-05-11 12:21,2024-05-11 13:45
LAB709562,ENC104132,PT13107,CREAT,Creatinine,0.71,mg/dL,0.6,1.3,N,STAT,2024-05-11 12:14,2024-05-11 12:24,2024-05-11 13:21
LAB709563,ENC104132,PT13107,WBC,White Blood Cell Count,5.1,K/uL,4.5,11,N,STAT,2024-05-11 12:23,2024-05-11 12:33,2024-05-11 13:29
LAB709564,ENC104132,PT13107,HGB,Hemoglobin,13.8,g/dL,12,17.5,N,STAT,2024-05-11 12:24,2024-05-11 12:54,2024-05-11 14:09
LAB709565,ENC104133,PT12280,GLU,Glucose,127,mg/dL,70,99,H,Routine,2024-05-11 10:01,2024-05-11 10:28,2024-05-11 13:20
LAB709566,ENC104133,PT12280,CREAT,Creatinine,1.03,mg/dL,0.6,1.3,N,STAT,2024-05-11 10:15,2024-05-11 10:34,2024-05-11 11:21
LAB709567,ENC104133,PT12280,WBC,White Blood Cell Count,10.4,K/uL,4.5,11,N,STAT,2024-05-11 10:25,2024-05-11 10:45,2024-05-11 11:21
LAB709568,ENC104135,PT11573,GLU,Glucose,142,mg/dL,70,99,H,Routine,2024-05-11 13:50,2024-05-11 14:19,2024-05-11 17:23
LAB709569,ENC104135,PT11573,CREAT,Creatinine,1,mg/dL,0.6,1.3,N,STAT,2024-05-11 14:15,2024-05-11 14:40,2024-05-11 15:04
LAB709570,ENC104135,PT11573,WBC,White Blood Cell Count,4.2,K/uL,4.5,11,L,Routine,2024-05-11 14:30,2024-05-11 14:54,2024-05-11 16:22
LAB709571,ENC104135,PT11573,HGB,Hemoglobin,12.3,g/dL,12,17.5,N,STAT,2024-05-11 14:12,2024-05-11 14:41,2024-05-11 15:05
LAB709572,ENC104135,PT11573,TROP,"Troponin I, High Sensitivity",33,ng/L,0,34,N,STAT,2024-05-11 13:42,2024-05-11 13:47,2024-05-11 14:39
LAB709573,ENC104135,PT11573,BNP,B-Type Natriuretic Peptide,300,pg/mL,0,100,H,STAT,2024-05-11 14:09,2024-05-11 14:26,2024-05-11 15:21
LAB709574,ENC104136,PT13602,GLU,Glucose,98,mg/dL,70,99,N,Routine,2024-05-11 21:43,2024-05-11 22:17,2024-05-12 00:07
LAB709575,ENC104136,PT13602,CREAT,Creatinine,1.19,mg/dL,0.6,1.3,N,Routine,2024-05-11 21:52,2024-05-11 22:00,2024-05-12 03:56
LAB709576,ENC104136,PT13602,WBC,White Blood Cell Count,6.2,K/uL,4.5,11,N,STAT,2024-05-11 22:02,2024-05-11 22:28,2024-05-11 23:25
LAB709577,ENC104136,PT13602,HGB,Hemoglobin,14.4,g/dL,12,17.5,N,STAT,2024-05-11 21:20,2024-05-11 21:45,2024-05-11 22:23
LAB709578,ENC104137,PT12448,GLU,Glucose,108,mg/dL,70,99,H,STAT,2024-05-11 19:45,2024-05-11 19:50,2024-05-11 20:17
LAB709579,ENC104137,PT12448,CREAT,Creatinine,0.82,mg/dL,0.6,1.3,N,STAT,2024-05-11 20:08,2024-05-11 20:27,2024-05-11 21:46
LAB709580,ENC104137,PT12448,WBC,White Blood Cell Count,8.8,K/uL,4.5,11,N,Routine,2024-05-11 19:40,2024-05-11 20:02,2024-05-12 00:38
LAB709581,ENC104137,PT12448,HGB,Hemoglobin,14.5,g/dL,12,17.5,N,STAT,2024-05-11 20:18,2024-05-11 20:28,2024-05-11 21:29
LAB709582,ENC104137,PT12448,TROP,"Troponin I, High Sensitivity",13,ng/L,0,34,N,STAT,2024-05-11 19:43,2024-05-11 19:58,2024-05-11 20:17
LAB709583,ENC104137,PT12448,BNP,B-Type Natriuretic Peptide,1391,pg/mL,0,100,H,Routine,2024-05-11 20:33,2024-05-11 20:48,2024-05-11 23:17
LAB709584,ENC104139,PT10131,GLU,Glucose,58,mg/dL,70,99,L,Routine,2024-05-11 17:57,2024-05-11 18:05,2024-05-11 20:33
LAB709585,ENC104139,PT10131,CREAT,Creatinine,0.98,mg/dL,0.6,1.3,N,STAT,2024-05-11 18:29,2024-05-11 18:35,2024-05-11 19:15
LAB709586,ENC104139,PT10131,WBC,White Blood Cell Count,5.1,K/uL,4.5,11,N,STAT,2024-05-11 18:06,2024-05-11 18:36,2024-05-11 19:25
LAB709587,ENC104139,PT10131,HGB,Hemoglobin,14.7,g/dL,12,17.5,N,STAT,2024-05-11 17:54,2024-05-11 18:19,2024-05-11 19:33
LAB709588,ENC104139,PT10131,NA,Sodium,137,mmol/L,136,145,N,Routine,2024-05-11 17:40,2024-05-11 17:52,2024-05-11 19:48
LAB709589,ENC104139,PT10131,K,Potassium,4.1,mmol/L,3.5,5.1,N,STAT,2024-05-11 17:35,2024-05-11 17:46,2024-05-11 18:19
LAB709590,ENC104140,PT11912,GLU,Glucose,166,mg/dL,70,99,H,STAT,2024-05-11 18:17,2024-05-11 18:44,2024-05-11 19:37
LAB709591,ENC104140,PT11912,CREAT,Creatinine,1.04,mg/dL,0.6,1.3,N,Routine,2024-05-11 18:01,2024-05-11 18:05,2024-05-11 20:07
LAB709592,ENC104141,PT12295,GLU,Glucose,117,mg/dL,70,99,H,STAT,2024-05-11 20:15,2024-05-11 20:26,2024-05-11 21:26
LAB709593,ENC104141,PT12295,CREAT,Creatinine,1.05,mg/dL,0.6,1.3,N,STAT,2024-05-11 20:10,2024-05-11 20:33,2024-05-11 21:52
LAB709594,ENC104141,PT12295,WBC,White Blood Cell Count,5.5,K/uL,4.5,11,N,Routine,2024-05-11 20:33,2024-05-11 20:42,2024-05-11 23:58
LAB709595,ENC104141,PT12295,HGB,Hemoglobin,15.4,g/dL,12,17.5,N,STAT,2024-05-11 20:17,2024-05-11 20:48,2024-05-11 21:47
LAB709596,ENC104141,PT12295,NA,Sodium,144,mmol/L,136,145,N,STAT,2024-05-11 20:01,2024-05-11 20:17,2024-05-11 20:59
LAB709597,ENC104141,PT12295,K,Potassium,3.9,mmol/L,3.5,5.1,N,STAT,2024-05-11 20:29,2024-05-11 21:03,2024-05-11 21:44
LAB709598,ENC104142,PT12399,GLU,Glucose,95,mg/dL,70,99,N,STAT,2024-05-11 22:10,2024-05-11 22:29,2024-05-11 23:05
LAB709599,ENC104142,PT12399,CREAT,Creatinine,1.13,mg/dL,0.6,1.3,N,STAT,2024-05-11 21:47,2024-05-11 22:22,2024-05-11 23:26
LAB709600,ENC104142,PT12399,WBC,White Blood Cell Count,9.2,K/uL,4.5,11,N,Routine,2024-05-11 21:31,2024-05-11 21:58,2024-05-11 23:39
LAB709601,ENC104142,PT12399,HGB,Hemoglobin,13.3,g/dL,12,17.5,N,STAT,2024-05-11 21:09,2024-05-11 21:36,2024-05-11 22:09
LAB709602,ENC104142,PT12399,INR,Prothrombin Time INR,2.3,ratio,0.8,1.2,H,Routine,2024-05-11 22:00,2024-05-11 22:34,2024-05-12 00:07
LAB709603,ENC104144,PT10983,GLU,Glucose,88,mg/dL,70,99,N,STAT,2024-05-12 01:33,2024-05-12 01:56,2024-05-12 02:39
LAB709604,ENC104144,PT10983,CREAT,Creatinine,1.39,mg/dL,0.6,1.3,H,STAT,2024-05-12 01:34,2024-05-12 01:56,2024-05-12 02:21
LAB709605,ENC104144,PT10983,WBC,White Blood Cell Count,18.5,K/uL,4.5,11,H,Routine,2024-05-12 01:04,2024-05-12 01:38,2024-05-12 06:24
LAB709606,ENC104144,PT10983,HGB,Hemoglobin,11.2,g/dL,12,17.5,L,STAT,2024-05-12 01:07,2024-05-12 01:24,2024-05-12 02:00
LAB709607,ENC104144,PT10983,BUN,Blood Urea Nitrogen,11,mg/dL,7,20,N,Routine,2024-05-12 01:29,2024-05-12 01:51,2024-05-12 03:49
LAB709608,ENC104144,PT10983,PLT,Platelet Count,329,K/uL,150,400,N,STAT,2024-05-12 00:47,2024-05-12 00:51,2024-05-12 01:49
LAB709609,ENC104144,PT10983,LACT,Lactate,5.5,mmol/L,0.5,2,HH,STAT,2024-05-12 01:16,2024-05-12 01:50,2024-05-12 02:29
LAB709610,ENC104145,PT12251,GLU,Glucose,121,mg/dL,70,99,H,Routine,2024-05-11 21:56,2024-05-11 22:07,2024-05-12 01:06
LAB709611,ENC104145,PT12251,CREAT,Creatinine,1.12,mg/dL,0.6,1.3,N,STAT,2024-05-11 22:09,2024-05-11 22:43,2024-05-11 23:18
LAB709612,ENC104145,PT12251,WBC,White Blood Cell Count,6.7,K/uL,4.5,11,N,STAT,2024-05-11 22:22,2024-05-11 22:51,2024-05-11 23:29
LAB709613,ENC104145,PT12251,HGB,Hemoglobin,12.3,g/dL,12,17.5,N,Routine,2024-05-11 22:11,2024-05-11 22:28,2024-05-12 00:18
LAB709614,ENC104145,PT12251,BUN,Blood Urea Nitrogen,12,mg/dL,7,20,N,Routine,2024-05-11 21:23,2024-05-11 21:56,2024-05-12 02:38
LAB709615,ENC104145,PT12251,PLT,Platelet Count,179,K/uL,150,400,N,STAT,2024-05-11 21:55,2024-05-11 22:07,2024-05-11 23:07
LAB709616,ENC104146,PT12564,GLU,Glucose,86,mg/dL,70,99,N,STAT,2024-05-12 02:30,2024-05-12 02:38,2024-05-12 03:24
LAB709617,ENC104146,PT12564,CREAT,Creatinine,1.2,mg/dL,0.6,1.3,N,STAT,2024-05-12 02:50,2024-05-12 03:21,2024-05-12 03:58
LAB709618,ENC104146,PT12564,WBC,White Blood Cell Count,5,K/uL,4.5,11,N,STAT,2024-05-12 02:12,2024-05-12 02:26,2024-05-12 02:43
LAB709619,ENC104146,PT12564,HGB,Hemoglobin,13.7,g/dL,12,17.5,N,STAT,2024-05-12 02:10,2024-05-12 02:30,2024-05-12 03:02
LAB709620,ENC104146,PT12564,NA,Sodium,140,mmol/L,136,145,N,Routine,2024-05-12 02:28,2024-05-12 02:49,2024-05-12 05:35
LAB709621,ENC104146,PT12564,K,Potassium,3.9,mmol/L,3.5,5.1,N,STAT,2024-05-12 02:49,2024-05-12 03:17,2024-05-12 03:43
LAB709622,ENC104147,PT12768,GLU,Glucose,93,mg/dL,70,99,N,STAT,2024-05-12 03:55,2024-05-12 04:02,2024-05-12 04:40
LAB709623,ENC104147,PT12768,CREAT,Creatinine,0.59,mg/dL,0.6,1.3,L,STAT,2024-05-12 04:13,2024-05-12 04:23,2024-05-12 04:54
LAB709624,ENC104147,PT12768,WBC,White Blood Cell Count,13.2,K/uL,4.5,11,H,STAT,2024-05-12 04:23,2024-05-12 04:52,2024-05-12 05:38
LAB709625,ENC104147,PT12768,HGB,Hemoglobin,13.8,g/dL,12,17.5,N,STAT,2024-05-12 04:21,2024-05-12 04:27,2024-05-12 04:53
LAB709626,ENC104151,PT12349,GLU,Glucose,109,mg/dL,70,99,H,STAT,2024-05-12 12:02,2024-05-12 12:37,2024-05-12 12:58
LAB709627,ENC104151,PT12349,CREAT,Creatinine,1.15,mg/dL,0.6,1.3,N,STAT,2024-05-12 12:01,2024-05-12 12:07,2024-05-12 12:28
LAB709628,ENC104151,PT12349,WBC,White Blood Cell Count,9.7,K/uL,4.5,11,N,STAT,2024-05-12 12:50,2024-05-12 13:02,2024-05-12 13:35
LAB709629,ENC104151,PT12349,HGB,Hemoglobin,11.2,g/dL,12,17.5,L,STAT,2024-05-12 12:33,2024-05-12 12:44,2024-05-12 14:05
LAB709630,ENC104151,PT12349,TROP,"Troponin I, High Sensitivity",1,ng/L,0,34,N,STAT,2024-05-12 12:54,2024-05-12 13:06,2024-05-12 14:28
LAB709631,ENC104151,PT12349,BNP,B-Type Natriuretic Peptide,1733,pg/mL,0,100,H,Routine,2024-05-12 12:45,2024-05-12 13:05,2024-05-12 16:04
LAB709632,ENC104153,PT10092,TROP,"Troponin I, High Sensitivity",9,ng/L,0,34,N,STAT,2024-05-12 15:05,2024-05-12 15:15,2024-05-12 15:47
LAB709633,ENC104154,PT11418,GLU,Glucose,105,mg/dL,70,99,H,STAT,2024-05-12 17:23,2024-05-12 17:29,2024-05-12 17:54
LAB709634,ENC104154,PT11418,CREAT,Creatinine,1.12,mg/dL,0.6,1.3,N,STAT,2024-05-12 17:34,2024-05-12 18:01,2024-05-12 18:46
LAB709635,ENC104154,PT11418,WBC,White Blood Cell Count,12.1,K/uL,4.5,11,H,Routine,2024-05-12 17:41,2024-05-12 17:58,2024-05-12 22:18
LAB709636,ENC104154,PT11418,HGB,Hemoglobin,14.8,g/dL,12,17.5,N,STAT,2024-05-12 16:58,2024-05-12 17:09,2024-05-12 18:18
LAB709637,ENC104155,PT11004,GLU,Glucose,129,mg/dL,70,99,H,Routine,2024-05-12 16:37,2024-05-12 17:04,2024-05-13 00:52
LAB709638,ENC104155,PT11004,CREAT,Creatinine,0.7,mg/dL,0.6,1.3,N,Routine,2024-05-12 16:30,2024-05-12 16:48,2024-05-12 18:23
LAB709639,ENC104155,PT11004,WBC,White Blood Cell Count,12.9,K/uL,4.5,11,H,STAT,2024-05-12 16:28,2024-05-12 16:36,2024-05-12 17:06
LAB709640,ENC104155,PT11004,HGB,Hemoglobin,16.2,g/dL,12,17.5,N,STAT,2024-05-12 16:21,2024-05-12 16:41,2024-05-12 17:18
LAB709641,ENC104156,PT12828,GLU,Glucose,98,mg/dL,70,99,N,Routine,2024-05-13 00:02,2024-05-13 00:09,2024-05-13 03:31
LAB709642,ENC104156,PT12828,CREAT,Creatinine,2.52,mg/dL,0.6,1.3,H,STAT,2024-05-13 00:02,2024-05-13 00:22,2024-05-13 01:16
LAB709643,ENC104156,PT12828,WBC,White Blood Cell Count,7.9,K/uL,4.5,11,N,STAT,2024-05-12 23:21,2024-05-12 23:33,2024-05-13 00:25
LAB709644,ENC104156,PT12828,HGB,Hemoglobin,10.5,g/dL,12,17.5,L,Routine,2024-05-12 23:08,2024-05-12 23:22,2024-05-13 02:48
LAB709645,ENC104156,PT12828,INR,Prothrombin Time INR,1.1,ratio,0.8,1.2,N,Routine,2024-05-12 23:26,2024-05-12 23:35,2024-05-13 03:24
LAB709646,ENC104157,PT12098,GLU,Glucose,80,mg/dL,70,99,N,STAT,2024-05-12 23:39,2024-05-13 00:07,2024-05-13 00:54
LAB709647,ENC104157,PT12098,CREAT,Creatinine,0.76,mg/dL,0.6,1.3,N,Routine,2024-05-13 00:18,2024-05-13 00:40,2024-05-13 03:00
LAB709648,ENC104157,PT12098,WBC,White Blood Cell Count,9.1,K/uL,4.5,11,N,STAT,2024-05-13 00:12,2024-05-13 00:38,2024-05-13 01:28
LAB709649,ENC104157,PT12098,HGB,Hemoglobin,12.6,g/dL,12,17.5,N,STAT,2024-05-13 00:12,2024-05-13 00:32,2024-05-13 01:35
LAB709650,ENC104158,PT10273,GLU,Glucose,84,mg/dL,70,99,N,Routine,2024-05-13 07:07,2024-05-13 07:25,2024-05-13 11:22
LAB709651,ENC104158,PT10273,CREAT,Creatinine,0.64,mg/dL,0.6,1.3,N,STAT,2024-05-13 07:12,2024-05-13 07:24,2024-05-13 08:08
LAB709652,ENC104159,PT11181,GLU,Glucose,109,mg/dL,70,99,H,STAT,2024-05-13 11:59,2024-05-13 12:03,2024-05-13 12:40
LAB709653,ENC104159,PT11181,CREAT,Creatinine,0.88,mg/dL,0.6,1.3,N,STAT,2024-05-13 11:22,2024-05-13 11:29,2024-05-13 12:38
LAB709654,ENC104159,PT11181,WBC,White Blood Cell Count,9.4,K/uL,4.5,11,N,Routine,2024-05-13 11:20,2024-05-13 11:51,2024-05-13 14:34
LAB709655,ENC104159,PT11181,HGB,Hemoglobin,14.4,g/dL,12,17.5,N,Routine,2024-05-13 11:32,2024-05-13 11:38,2024-05-13 14:52
LAB709656,ENC104162,PT10713,GLU,Glucose,117,mg/dL,70,99,H,Routine,2024-05-13 08:04,2024-05-13 08:14,2024-05-13 09:37
LAB709657,ENC104162,PT10713,CREAT,Creatinine,0.95,mg/dL,0.6,1.3,N,STAT,2024-05-13 07:59,2024-05-13 08:32,2024-05-13 09:35
LAB709658,ENC104162,PT10713,WBC,White Blood Cell Count,8.2,K/uL,4.5,11,N,Routine,2024-05-13 08:19,2024-05-13 08:42,2024-05-13 11:45
LAB709659,ENC104162,PT10713,HGB,Hemoglobin,12.4,g/dL,12,17.5,N,STAT,2024-05-13 07:58,2024-05-13 08:27,2024-05-13 09:15
LAB709660,ENC104163,PT13232,GLU,Glucose,172,mg/dL,70,99,H,Routine,2024-05-13 14:03,2024-05-13 14:22,2024-05-13 17:13
LAB709661,ENC104163,PT13232,CREAT,Creatinine,1.4,mg/dL,0.6,1.3,H,STAT,2024-05-13 14:22,2024-05-13 14:31,2024-05-13 15:30
LAB709662,ENC104163,PT13232,WBC,White Blood Cell Count,9.5,K/uL,4.5,11,N,STAT,2024-05-13 14:45,2024-05-13 15:07,2024-05-13 15:50
LAB709663,ENC104163,PT13232,HGB,Hemoglobin,12.8,g/dL,12,17.5,N,Routine,2024-05-13 14:33,2024-05-13 15:01,2024-05-13 17:21
LAB709664,ENC104163,PT13232,INR,Prothrombin Time INR,1.7,ratio,0.8,1.2,H,Routine,2024-05-13 14:28,2024-05-13 14:59,2024-05-13 16:24
LAB709665,ENC104166,PT12601,A1C,Hemoglobin A1c,5.3,%,4,5.6,N,Routine,2024-05-13 09:57,2024-05-13 10:11,2024-05-14 08:02
LAB709666,ENC104166,PT12601,GLU,Glucose,151,mg/dL,70,99,H,Routine,2024-05-13 09:50,2024-05-13 10:20,2024-05-13 14:06
LAB709667,ENC104166,PT12601,CREAT,Creatinine,1.03,mg/dL,0.6,1.3,N,Routine,2024-05-13 09:35,2024-05-13 09:44,2024-05-13 13:38
LAB709668,ENC104167,PT10149,GLU,Glucose,142,mg/dL,70,99,H,STAT,2024-05-13 12:43,2024-05-13 13:06,2024-05-13 13:37
LAB709669,ENC104167,PT10149,CREAT,Creatinine,0.87,mg/dL,0.6,1.3,N,STAT,2024-05-13 12:25,2024-05-13 12:29,2024-05-13 12:55
LAB709670,ENC104167,PT10149,WBC,White Blood Cell Count,7.6,K/uL,4.5,11,N,STAT,2024-05-13 13:20,2024-05-13 13:47,2024-05-13 14:22
LAB709671,ENC104167,PT10149,HGB,Hemoglobin,16.2,g/dL,12,17.5,N,Routine,2024-05-13 12:56,2024-05-13 13:30,2024-05-13 15:24
LAB709672,ENC104167,PT10149,BUN,Blood Urea Nitrogen,15,mg/dL,7,20,N,STAT,2024-05-13 12:56,2024-05-13 13:20,2024-05-13 14:09
LAB709673,ENC104167,PT10149,PLT,Platelet Count,204,K/uL,150,400,N,STAT,2024-05-13 13:21,2024-05-13 13:27,2024-05-13 14:24
LAB709674,ENC104168,PT12906,LDL,LDL Cholesterol,126,mg/dL,0,99,H,Routine,2024-05-13 10:26,2024-05-13 10:43,2024-05-13 22:03
LAB709675,ENC104168,PT12906,A1C,Hemoglobin A1c,5.4,%,4,5.6,N,Routine,2024-05-13 10:29,2024-05-13 10:34,2024-05-15 06:18
LAB709676,ENC104169,PT13958,GLU,Glucose,100,mg/dL,70,99,H,STAT,2024-05-13 11:01,2024-05-13 11:11,2024-05-13 12:01
LAB709677,ENC104169,PT13958,CREAT,Creatinine,0.93,mg/dL,0.6,1.3,N,STAT,2024-05-13 10:41,2024-05-13 11:15,2024-05-13 11:44
LAB709678,ENC104169,PT13958,WBC,White Blood Cell Count,9.7,K/uL,4.5,11,N,STAT,2024-05-13 10:25,2024-05-13 10:45,2024-05-13 11:15
LAB709679,ENC104169,PT13958,HGB,Hemoglobin,15.8,g/dL,12,17.5,N,Routine,2024-05-13 10:54,2024-05-13 11:29,2024-05-13 12:46
LAB709680,ENC104171,PT12201,GLU,Glucose,90,mg/dL,70,99,N,STAT,2024-05-13 14:57,2024-05-13 15:15,2024-05-13 15:56
LAB709681,ENC104171,PT12201,CREAT,Creatinine,0.74,mg/dL,0.6,1.3,N,STAT,2024-05-13 15:51,2024-05-13 16:20,2024-05-13 16:58
LAB709682,ENC104171,PT12201,WBC,White Blood Cell Count,8.8,K/uL,4.5,11,N,STAT,2024-05-13 15:21,2024-05-13 15:29,2024-05-13 16:09
LAB709683,ENC104171,PT12201,HGB,Hemoglobin,13.6,g/dL,12,17.5,N,STAT,2024-05-13 15:40,2024-05-13 15:57,2024-05-13 17:56
LAB709684,ENC104171,PT12201,BUN,Blood Urea Nitrogen,13,mg/dL,7,20,N,Routine,2024-05-13 15:11,2024-05-13 15:43,2024-05-13 16:59
LAB709685,ENC104171,PT12201,PLT,Platelet Count,196,K/uL,150,400,N,Routine,2024-05-13 15:10,2024-05-13 15:29,2024-05-13 22:19
LAB709686,ENC104174,PT10618,GLU,Glucose,108,mg/dL,70,99,H,STAT,2024-05-13 17:00,2024-05-13 17:24,2024-05-13 18:07
LAB709687,ENC104174,PT10618,CREAT,Creatinine,4.28,mg/dL,0.6,1.3,H,Routine,2024-05-13 16:57,2024-05-13 17:30,2024-05-13 21:09
LAB709688,ENC104174,PT10618,WBC,White Blood Cell Count,6.3,K/uL,4.5,11,N,STAT,2024-05-13 17:30,2024-05-13 17:38,2024-05-13 18:32
LAB709689,ENC104174,PT10618,HGB,Hemoglobin,9.4,g/dL,12,17.5,L,STAT,2024-05-13 16:44,2024-05-13 17:12,2024-05-13 18:00
LAB709690,ENC104174,PT10618,NA,Sodium,140,mmol/L,136,145,N,STAT,2024-05-13 17:43,2024-05-13 18:03,2024-05-13 18:21
LAB709691,ENC104174,PT10618,K,Potassium,5.4,mmol/L,3.5,5.1,H,STAT,2024-05-13 16:49,2024-05-13 17:08,2024-05-13 17:43
LAB709692,ENC104177,PT12693,LDL,LDL Cholesterol,122,mg/dL,0,99,H,Routine,2024-05-13 14:06,2024-05-13 14:22,2024-05-14 15:30
LAB709693,ENC104178,PT11816,A1C,Hemoglobin A1c,11,%,4,5.6,H,Routine,2024-05-13 14:36,2024-05-13 15:03,2024-05-14 09:44
LAB709694,ENC104178,PT11816,GLU,Glucose,246,mg/dL,70,99,H,Routine,2024-05-13 14:30,2024-05-13 14:47,2024-05-13 17:26
LAB709695,ENC104178,PT11816,CREAT,Creatinine,0.98,mg/dL,0.6,1.3,N,Routine,2024-05-13 14:28,2024-05-13 14:50,2024-05-13 23:16
LAB709696,ENC104179,PT12267,GLU,Glucose,118,mg/dL,70,99,H,Routine,2024-05-13 15:10,2024-05-13 15:33,2024-05-13 18:38
LAB709697,ENC104179,PT12267,CREAT,Creatinine,0.86,mg/dL,0.6,1.3,N,STAT,2024-05-13 15:54,2024-05-13 16:19,2024-05-13 17:02
LAB709698,ENC104179,PT12267,WBC,White Blood Cell Count,6.8,K/uL,4.5,11,N,Routine,2024-05-13 15:51,2024-05-13 16:25,2024-05-13 17:17
LAB709699,ENC104179,PT12267,HGB,Hemoglobin,8.8,g/dL,12,17.5,L,STAT,2024-05-13 14:54,2024-05-13 15:18,2024-05-13 16:21
LAB709700,ENC104179,PT12267,TROP,"Troponin I, High Sensitivity",9,ng/L,0,34,N,STAT,2024-05-13 15:06,2024-05-13 15:24,2024-05-13 16:47
LAB709701,ENC104180,PT13957,A1C,Hemoglobin A1c,5.7,%,4,5.6,H,Routine,2024-05-13 16:18,2024-05-13 16:23,2024-05-15 00:56
LAB709702,ENC104180,PT13957,GLU,Glucose,118,mg/dL,70,99,H,Routine,2024-05-13 16:12,2024-05-13 16:38,2024-05-13 19:43
LAB709703,ENC104180,PT13957,CREAT,Creatinine,1.06,mg/dL,0.6,1.3,N,Routine,2024-05-13 16:11,2024-05-13 16:21,2024-05-13 20:07
LAB709704,ENC104181,PT10092,GLU,Glucose,135,mg/dL,70,99,H,Routine,2024-05-13 17:28,2024-05-13 17:42,2024-05-13 21:07
LAB709705,ENC104181,PT10092,CREAT,Creatinine,0.92,mg/dL,0.6,1.3,N,STAT,2024-05-13 17:37,2024-05-13 18:02,2024-05-13 18:43
LAB709706,ENC104181,PT10092,WBC,White Blood Cell Count,7.8,K/uL,4.5,11,N,STAT,2024-05-13 17:32,2024-05-13 17:49,2024-05-13 18:45
LAB709707,ENC104181,PT10092,HGB,Hemoglobin,14.3,g/dL,12,17.5,N,STAT,2024-05-13 17:53,2024-05-13 18:05,2024-05-13 18:39
LAB709708,ENC104183,PT11389,GLU,Glucose,125,mg/dL,70,99,H,STAT,2024-05-13 21:31,2024-05-13 21:55,2024-05-13 23:17
LAB709709,ENC104183,PT11389,CREAT,Creatinine,0.41,mg/dL,0.6,1.3,L,Routine,2024-05-13 21:53,2024-05-13 22:17,2024-05-13 23:41
LAB709710,ENC104183,PT11389,WBC,White Blood Cell Count,9.4,K/uL,4.5,11,N,STAT,2024-05-13 22:28,2024-05-13 22:56,2024-05-13 23:27
LAB709711,ENC104183,PT11389,HGB,Hemoglobin,12.2,g/dL,12,17.5,N,STAT,2024-05-13 22:14,2024-05-13 22:22,2024-05-13 23:02
LAB709712,ENC104184,PT11785,GLU,Glucose,107,mg/dL,70,99,H,STAT,2024-05-13 23:18,2024-05-13 23:25,2024-05-14 00:11
LAB709713,ENC104184,PT11785,CREAT,Creatinine,1.99,mg/dL,0.6,1.3,H,STAT,2024-05-13 22:12,2024-05-13 22:16,2024-05-13 23:23
LAB709714,ENC104184,PT11785,WBC,White Blood Cell Count,4.6,K/uL,4.5,11,N,STAT,2024-05-13 22:23,2024-05-13 22:32,2024-05-13 23:07
LAB709715,ENC104184,PT11785,HGB,Hemoglobin,11.5,g/dL,12,17.5,L,STAT,2024-05-13 22:32,2024-05-13 23:02,2024-05-13 23:39
LAB709716,ENC104184,PT11785,INR,Prothrombin Time INR,1.2,ratio,0.8,1.2,N,STAT,2024-05-13 22:57,2024-05-13 23:05,2024-05-14 00:31
LAB709717,ENC104185,PT10864,GLU,Glucose,102,mg/dL,70,99,H,STAT,2024-05-13 20:02,2024-05-13 20:17,2024-05-13 21:12
LAB709718,ENC104185,PT10864,CREAT,Creatinine,0.81,mg/dL,0.6,1.3,N,STAT,2024-05-13 20:23,2024-05-13 20:51,2024-05-13 21:30
LAB709719,ENC104185,PT10864,WBC,White Blood Cell Count,7.7,K/uL,4.5,11,N,STAT,2024-05-13 20:35,2024-05-13 20:43,2024-05-13 21:25
LAB709720,ENC104185,PT10864,HGB,Hemoglobin,14,g/dL,12,17.5,N,Routine,2024-05-13 20:04,2024-05-13 20:37,2024-05-14 00:54
LAB709721,ENC104185,PT10864,NA,Sodium,137,mmol/L,136,145,N,STAT,2024-05-13 20:56,2024-05-13 21:31,2024-05-13 22:13
LAB709722,ENC104185,PT10864,K,Potassium,3.9,mmol/L,3.5,5.1,N,STAT,2024-05-13 20:48,2024-05-13 21:04,2024-05-13 21:46
LAB709723,ENC104185,PT10864,BUN,Blood Urea Nitrogen,12,mg/dL,7,20,N,STAT,2024-05-13 20:23,2024-05-13 20:51,2024-05-13 21:29
LAB709724,ENC104185,PT10864,PLT,Platelet Count,189,K/uL,150,400,N,STAT,2024-05-13 20:39,2024-05-13 20:43,2024-05-13 21:27
LAB709725,ENC104186,PT11148,GLU,Glucose,108,mg/dL,70,99,H,Routine,2024-05-13 22:39,2024-05-13 22:50,2024-05-14 00:08
LAB709726,ENC104186,PT11148,CREAT,Creatinine,1.04,mg/dL,0.6,1.3,N,STAT,2024-05-13 21:58,2024-05-13 22:05,2024-05-13 23:00
LAB709727,ENC104187,PT11853,GLU,Glucose,128,mg/dL,70,99,H,STAT,2024-05-13 21:57,2024-05-13 22:08,2024-05-13 22:36
LAB709728,ENC104187,PT11853,CREAT,Creatinine,1.09,mg/dL,0.6,1.3,N,Routine,2024-05-13 22:39,2024-05-13 23:07,2024-05-14 00:28
LAB709729,ENC104187,PT11853,WBC,White Blood Cell Count,7.4,K/uL,4.5,11,N,Routine,2024-05-13 22:04,2024-05-13 22:33,2024-05-14 00:43
LAB709730,ENC104187,PT11853,TROP,"Troponin I, High Sensitivity",3,ng/L,0,34,N,STAT,2024-05-13 22:15,2024-05-13 22:31,2024-05-13 23:03
LAB709731,ENC104189,PT12356,GLU,Glucose,87,mg/dL,70,99,N,STAT,2024-05-14 03:54,2024-05-14 04:19,2024-05-14 05:37
LAB709732,ENC104189,PT12356,CREAT,Creatinine,1.1,mg/dL,0.6,1.3,N,Routine,2024-05-14 04:58,2024-05-14 05:06,2024-05-14 08:03
LAB709733,ENC104189,PT12356,WBC,White Blood Cell Count,4.1,K/uL,4.5,11,L,STAT,2024-05-14 04:15,2024-05-14 04:30,2024-05-14 06:17
LAB709734,ENC104190,PT10678,GLU,Glucose,71,mg/dL,70,99,N,Routine,2024-05-14 07:46,2024-05-14 08:09,2024-05-14 11:24
LAB709735,ENC104190,PT10678,CREAT,Creatinine,1.22,mg/dL,0.6,1.3,N,STAT,2024-05-14 07:31,2024-05-14 08:02,2024-05-14 08:23
LAB709736,ENC104190,PT10678,WBC,White Blood Cell Count,8.1,K/uL,4.5,11,N,STAT,2024-05-14 06:48,2024-05-14 07:09,2024-05-14 07:28
LAB709737,ENC104190,PT10678,HGB,Hemoglobin,14.9,g/dL,12,17.5,N,STAT,2024-05-14 07:19,2024-05-14 07:23,2024-05-14 08:13
LAB709738,ENC104191,PT13392,GLU,Glucose,102,mg/dL,70,99,H,STAT,2024-05-14 09:40,2024-05-14 10:00,2024-05-14 10:19
LAB709739,ENC104191,PT13392,CREAT,Creatinine,0.51,mg/dL,0.6,1.3,L,STAT,2024-05-14 10:15,2024-05-14 10:48,2024-05-14 11:28
LAB709740,ENC104191,PT13392,WBC,White Blood Cell Count,7.2,K/uL,4.5,11,N,STAT,2024-05-14 09:41,2024-05-14 10:07,2024-05-14 11:00
LAB709741,ENC104191,PT13392,HGB,Hemoglobin,15.3,g/dL,12,17.5,N,STAT,2024-05-14 10:01,2024-05-14 10:28,2024-05-14 11:11
LAB709742,ENC104191,PT13392,TROP,"Troponin I, High Sensitivity",544,ng/L,0,34,H,STAT,2024-05-14 09:33,2024-05-14 09:56,2024-05-14 10:27
LAB709743,ENC104195,PT11394,WBC,White Blood Cell Count,8.7,K/uL,4.5,11,N,Routine,2024-05-14 09:06,2024-05-14 09:24,2024-05-14 15:52
LAB709744,ENC104195,PT11394,HGB,Hemoglobin,13.3,g/dL,12,17.5,N,Routine,2024-05-14 08:54,2024-05-14 09:21,2024-05-14 10:27
LAB709745,ENC104195,PT11394,PLT,Platelet Count,241,K/uL,150,400,N,Routine,2024-05-14 08:59,2024-05-14 09:04,2024-05-14 13:48
LAB709746,ENC104197,PT13400,GLU,Glucose,111,mg/dL,70,99,H,Routine,2024-05-14 14:52,2024-05-14 15:06,2024-05-14 17:12
LAB709747,ENC104197,PT13400,CREAT,Creatinine,1.28,mg/dL,0.6,1.3,N,STAT,2024-05-14 15:06,2024-05-14 15:10,2024-05-14 15:48
LAB709748,ENC104197,PT13400,WBC,White Blood Cell Count,6.4,K/uL,4.5,11,N,STAT,2024-05-14 14:45,2024-05-14 15:09,2024-05-14 15:38
LAB709749,ENC104197,PT13400,HGB,Hemoglobin,12.8,g/dL,12,17.5,N,Routine,2024-05-14 14:57,2024-05-14 15:06,2024-05-14 17:16
LAB709750,ENC104197,PT13400,TROP,"Troponin I, High Sensitivity",32,ng/L,0,34,N,STAT,2024-05-14 15:02,2024-05-14 15:29,2024-05-14 16:07
LAB709751,ENC104197,PT13400,BNP,B-Type Natriuretic Peptide,543,pg/mL,0,100,H,Routine,2024-05-14 14:19,2024-05-14 14:53,2024-05-14 22:25
LAB709752,ENC104200,PT12224,GLU,Glucose,99,mg/dL,70,99,N,Routine,2024-05-14 11:53,2024-05-14 12:22,2024-05-14 15:48
LAB709753,ENC104200,PT12224,CREAT,Creatinine,0.58,mg/dL,0.6,1.3,L,Routine,2024-05-14 11:31,2024-05-14 11:48,2024-05-14 15:44
LAB709754,ENC104200,PT12224,WBC,White Blood Cell Count,7.3,K/uL,4.5,11,N,STAT,2024-05-14 12:09,2024-05-14 12:29,2024-05-14 14:22
LAB709755,ENC104200,PT12224,HGB,Hemoglobin,12.9,g/dL,12,17.5,N,STAT,2024-05-14 12:03,2024-05-14 12:31,2024-05-14 13:31
LAB709756,ENC104204,PT12832,LDL,LDL Cholesterol,143,mg/dL,0,99,H,Routine,2024-05-14 13:27,2024-05-14 13:50,2024-05-15 03:40
LAB709757,ENC104204,PT12832,TSH,Thyroid Stimulating Hormone,1.48,mIU/L,0.4,4,N,Routine,2024-05-14 13:21,2024-05-14 13:41,2024-05-15 01:33
LAB709758,ENC104205,PT10472,GLU,Glucose,116,mg/dL,70,99,H,STAT,2024-05-14 17:31,2024-05-14 17:56,2024-05-14 18:57
LAB709759,ENC104205,PT10472,CREAT,Creatinine,1.02,mg/dL,0.6,1.3,N,Routine,2024-05-14 17:32,2024-05-14 17:47,2024-05-14 19:20
LAB709760,ENC104205,PT10472,WBC,White Blood Cell Count,8.1,K/uL,4.5,11,N,STAT,2024-05-14 17:12,2024-05-14 17:29,2024-05-14 18:30
LAB709761,ENC104205,PT10472,HGB,Hemoglobin,15.1,g/dL,12,17.5,N,STAT,2024-05-14 17:14,2024-05-14 17:24,2024-05-14 17:49
LAB709762,ENC104205,PT10472,TROP,"Troponin I, High Sensitivity",6,ng/L,0,34,N,STAT,2024-05-14 17:24,2024-05-14 17:43,2024-05-14 18:02
LAB709763,ENC104205,PT10472,BNP,B-Type Natriuretic Peptide,1580,pg/mL,0,100,H,STAT,2024-05-14 17:00,2024-05-14 17:12,2024-05-14 17:42
LAB709764,ENC104209,PT10957,GLU,Glucose,104,mg/dL,70,99,H,Routine,2024-05-14 16:25,2024-05-14 16:33,2024-05-14 20:55
LAB709765,ENC104209,PT10957,CREAT,Creatinine,0.94,mg/dL,0.6,1.3,N,STAT,2024-05-14 16:57,2024-05-14 17:02,2024-05-14 18:03
LAB709766,ENC104209,PT10957,WBC,White Blood Cell Count,12.5,K/uL,4.5,11,H,Routine,2024-05-14 17:08,2024-05-14 17:41,2024-05-14 20:01
LAB709767,ENC104209,PT10957,HGB,Hemoglobin,11.7,g/dL,12,17.5,L,Routine,2024-05-14 16:26,2024-05-14 16:36,2024-05-14 18:07
LAB709768,ENC104210,PT10620,GLU,Glucose,104,mg/dL,70,99,H,STAT,2024-05-14 17:33,2024-05-14 18:07,2024-05-14 18:51
LAB709769,ENC104210,PT10620,CREAT,Creatinine,1.18,mg/dL,0.6,1.3,N,STAT,2024-05-14 17:17,2024-05-14 17:27,2024-05-14 18:37
LAB709770,ENC104210,PT10620,WBC,White Blood Cell Count,4.3,K/uL,4.5,11,L,STAT,2024-05-14 17:09,2024-05-14 17:38,2024-05-14 19:03
LAB709771,ENC104210,PT10620,HGB,Hemoglobin,16.3,g/dL,12,17.5,N,STAT,2024-05-14 17:45,2024-05-14 18:17,2024-05-14 18:56
LAB709772,ENC104211,PT10053,GLU,Glucose,76,mg/dL,70,99,N,STAT,2024-05-14 19:54,2024-05-14 20:16,2024-05-14 20:52
LAB709773,ENC104211,PT10053,CREAT,Creatinine,0.86,mg/dL,0.6,1.3,N,Routine,2024-05-14 19:04,2024-05-14 19:17,2024-05-14 20:32
LAB709774,ENC104212,PT12791,GLU,Glucose,128,mg/dL,70,99,H,Routine,2024-05-14 19:53,2024-05-14 20:13,2024-05-14 23:30
LAB709775,ENC104212,PT12791,CREAT,Creatinine,1.03,mg/dL,0.6,1.3,N,STAT,2024-05-14 20:11,2024-05-14 20:25,2024-05-14 21:00
LAB709776,ENC104213,PT10918,GLU,Glucose,108,mg/dL,70,99,H,STAT,2024-05-15 01:54,2024-05-15 02:18,2024-05-15 03:10
LAB709777,ENC104213,PT10918,CREAT,Creatinine,1.16,mg/dL,0.6,1.3,N,STAT,2024-05-15 01:01,2024-05-15 01:21,2024-05-15 02:57
LAB709778,ENC104213,PT10918,WBC,White Blood Cell Count,9.6,K/uL,4.5,11,N,Routine,2024-05-15 01:39,2024-05-15 01:52,2024-05-15 03:44
LAB709779,ENC104213,PT10918,HGB,Hemoglobin,13.2,g/dL,12,17.5,N,STAT,2024-05-15 01:21,2024-05-15 01:44,2024-05-15 02:26
LAB709780,ENC104213,PT10918,NA,Sodium,139,mmol/L,136,145,N,STAT,2024-05-15 01:05,2024-05-15 01:25,2024-05-15 02:24
LAB709781,ENC104213,PT10918,K,Potassium,4.2,mmol/L,3.5,5.1,N,STAT,2024-05-15 01:58,2024-05-15 02:18,2024-05-15 02:39
LAB709782,ENC104214,PT10994,GLU,Glucose,93,mg/dL,70,99,N,Routine,2024-05-15 01:18,2024-05-15 01:43,2024-05-15 04:37
LAB709783,ENC104214,PT10994,CREAT,Creatinine,0.38,mg/dL,0.6,1.3,L,Routine,2024-05-15 01:24,2024-05-15 01:30,2024-05-15 02:33
LAB709784,ENC104214,PT10994,WBC,White Blood Cell Count,9,K/uL,4.5,11,N,Routine,2024-05-15 01:57,2024-05-15 02:27,2024-05-15 10:29
LAB709785,ENC104215,PT13502,GLU,Glucose,237,mg/dL,70,99,H,STAT,2024-05-15 01:59,2024-05-15 02:27,2024-05-15 02:59
LAB709786,ENC104215,PT13502,CREAT,Creatinine,0.72,mg/dL,0.6,1.3,N,Routine,2024-05-15 02:35,2024-05-15 02:42,2024-05-15 06:57
LAB709787,ENC104215,PT13502,WBC,White Blood Cell Count,9,K/uL,4.5,11,N,STAT,2024-05-15 02:16,2024-05-15 02:43,2024-05-15 03:38
LAB709788,ENC104215,PT13502,HGB,Hemoglobin,13.5,g/dL,12,17.5,N,STAT,2024-05-15 02:44,2024-05-15 02:48,2024-05-15 03:17
LAB709789,ENC104217,PT12973,GLU,Glucose,97,mg/dL,70,99,N,Routine,2024-05-15 08:21,2024-05-15 08:27,2024-05-15 13:43
LAB709790,ENC104217,PT12973,CREAT,Creatinine,0.91,mg/dL,0.6,1.3,N,STAT,2024-05-15 09:13,2024-05-15 09:33,2024-05-15 11:08
LAB709791,ENC104217,PT12973,WBC,White Blood Cell Count,8.5,K/uL,4.5,11,N,Routine,2024-05-15 09:00,2024-05-15 09:11,2024-05-15 10:27
LAB709792,ENC104217,PT12973,HGB,Hemoglobin,16.1,g/dL,12,17.5,N,STAT,2024-05-15 08:34,2024-05-15 09:00,2024-05-15 10:24
LAB709793,ENC104217,PT12973,BUN,Blood Urea Nitrogen,19,mg/dL,7,20,N,STAT,2024-05-15 08:32,2024-05-15 09:03,2024-05-15 09:53
LAB709794,ENC104217,PT12973,PLT,Platelet Count,301,K/uL,150,400,N,STAT,2024-05-15 08:39,2024-05-15 09:11,2024-05-15 09:54
LAB709795,ENC104219,PT10604,A1C,Hemoglobin A1c,8.9,%,4,5.6,H,Routine,2024-05-15 08:51,2024-05-15 09:18,2024-05-16 11:56
LAB709796,ENC104219,PT10604,GLU,Glucose,184,mg/dL,70,99,H,Routine,2024-05-15 09:14,2024-05-15 09:22,2024-05-15 12:02
LAB709797,ENC104219,PT10604,CREAT,Creatinine,0.73,mg/dL,0.6,1.3,N,Routine,2024-05-15 09:05,2024-05-15 09:40,2024-05-15 11:08
LAB709798,ENC104220,PT11192,GLU,Glucose,81,mg/dL,70,99,N,STAT,2024-05-15 10:03,2024-05-15 10:29,2024-05-15 10:59
LAB709799,ENC104220,PT11192,CREAT,Creatinine,1,mg/dL,0.6,1.3,N,Routine,2024-05-15 10:17,2024-05-15 10:47,2024-05-15 14:52
LAB709800,ENC104220,PT11192,WBC,White Blood Cell Count,9.1,K/uL,4.5,11,N,STAT,2024-05-15 09:39,2024-05-15 10:13,2024-05-15 10:44
LAB709801,ENC104220,PT11192,HGB,Hemoglobin,16,g/dL,12,17.5,N,STAT,2024-05-15 10:01,2024-05-15 10:25,2024-05-15 11:06
LAB709802,ENC104221,PT10737,GLU,Glucose,122,mg/dL,70,99,H,STAT,2024-05-15 13:12,2024-05-15 13:30,2024-05-15 14:19
LAB709803,ENC104221,PT10737,CREAT,Creatinine,1.23,mg/dL,0.6,1.3,N,STAT,2024-05-15 12:34,2024-05-15 12:58,2024-05-15 13:40
LAB709804,ENC104221,PT10737,WBC,White Blood Cell Count,5.1,K/uL,4.5,11,N,Routine,2024-05-15 13:22,2024-05-15 13:30,2024-05-15 16:47
LAB709805,ENC104221,PT10737,HGB,Hemoglobin,12.6,g/dL,12,17.5,N,Routine,2024-05-15 12:42,2024-05-15 13:03,2024-05-15 19:54
LAB709806,ENC104221,PT10737,NA,Sodium,137,mmol/L,136,145,N,STAT,2024-05-15 12:51,2024-05-15 12:58,2024-05-15 13:25
LAB709807,ENC104221,PT10737,K,Potassium,4.5,mmol/L,3.5,5.1,N,STAT,2024-05-15 12:35,2024-05-15 13:04,2024-05-15 13:47
LAB709808,ENC104221,PT10737,BUN,Blood Urea Nitrogen,10,mg/dL,7,20,N,STAT,2024-05-15 12:32,2024-05-15 12:50,2024-05-15 13:24
LAB709809,ENC104221,PT10737,PLT,Platelet Count,248,K/uL,150,400,N,STAT,2024-05-15 13:19,2024-05-15 13:23,2024-05-15 14:04
LAB709810,ENC104221,PT10737,TROP,"Troponin I, High Sensitivity",58,ng/L,0,34,H,STAT,2024-05-15 13:24,2024-05-15 13:30,2024-05-15 14:07
LAB709811,ENC104221,PT10737,BNP,B-Type Natriuretic Peptide,1502,pg/mL,0,100,H,Routine,2024-05-15 12:32,2024-05-15 13:07,2024-05-15 16:18
LAB709812,ENC104224,PT10685,GLU,Glucose,99,mg/dL,70,99,N,Routine,2024-05-15 14:52,2024-05-15 14:58,2024-05-15 18:09
LAB709813,ENC104224,PT10685,CREAT,Creatinine,3.9,mg/dL,0.6,1.3,H,Routine,2024-05-15 15:36,2024-05-15 16:03,2024-05-15 19:11
LAB709814,ENC104224,PT10685,WBC,White Blood Cell Count,7.7,K/uL,4.5,11,N,STAT,2024-05-15 15:09,2024-05-15 15:13,2024-05-15 16:21
LAB709815,ENC104224,PT10685,HGB,Hemoglobin,14.2,g/dL,12,17.5,N,STAT,2024-05-15 15:23,2024-05-15 15:54,2024-05-15 16:34
LAB709816,ENC104224,PT10685,NA,Sodium,140,mmol/L,136,145,N,STAT,2024-05-15 15:16,2024-05-15 15:49,2024-05-15 16:47
LAB709817,ENC104224,PT10685,K,Potassium,5.8,mmol/L,3.5,5.1,H,STAT,2024-05-15 14:42,2024-05-15 15:14,2024-05-15 15:42
LAB709818,ENC104226,PT12400,GLU,Glucose,109,mg/dL,70,99,H,Routine,2024-05-15 17:14,2024-05-15 17:41,2024-05-15 19:24
LAB709819,ENC104226,PT12400,CREAT,Creatinine,0.77,mg/dL,0.6,1.3,N,STAT,2024-05-15 16:49,2024-05-15 16:54,2024-05-15 18:01
LAB709820,ENC104226,PT12400,WBC,White Blood Cell Count,8.7,K/uL,4.5,11,N,STAT,2024-05-15 17:30,2024-05-15 17:35,2024-05-15 18:57
LAB709821,ENC104226,PT12400,HGB,Hemoglobin,10.4,g/dL,12,17.5,L,STAT,2024-05-15 17:48,2024-05-15 18:05,2024-05-15 19:36
LAB709822,ENC104226,PT12400,NA,Sodium,137,mmol/L,136,145,N,STAT,2024-05-15 16:52,2024-05-15 17:05,2024-05-15 17:43
LAB709823,ENC104226,PT12400,K,Potassium,4.3,mmol/L,3.5,5.1,N,STAT,2024-05-15 17:20,2024-05-15 17:30,2024-05-15 18:08
LAB709824,ENC104228,PT11182,GLU,Glucose,171,mg/dL,70,99,H,STAT,2024-05-15 17:01,2024-05-15 17:17,2024-05-15 17:48
LAB709825,ENC104228,PT11182,CREAT,Creatinine,2,mg/dL,0.6,1.3,H,STAT,2024-05-15 17:04,2024-05-15 17:33,2024-05-15 18:47
LAB709826,ENC104228,PT11182,WBC,White Blood Cell Count,13.4,K/uL,4.5,11,H,Routine,2024-05-15 17:02,2024-05-15 17:27,2024-05-15 20:34
LAB709827,ENC104228,PT11182,HGB,Hemoglobin,12.5,g/dL,12,17.5,N,Routine,2024-05-15 17:01,2024-05-15 17:18,2024-05-15 19:57
LAB709828,ENC104228,PT11182,NA,Sodium,139,mmol/L,136,145,N,Routine,2024-05-15 16:57,2024-05-15 17:19,2024-05-15 19:50
LAB709829,ENC104228,PT11182,K,Potassium,4.7,mmol/L,3.5,5.1,N,STAT,2024-05-15 16:54,2024-05-15 17:24,2024-05-15 18:05
LAB709830,ENC104228,PT11182,LACT,Lactate,2.9,mmol/L,0.5,2,H,STAT,2024-05-15 16:31,2024-05-15 16:47,2024-05-15 17:28
LAB709831,ENC104229,PT12541,LDL,LDL Cholesterol,77,mg/dL,0,99,N,Routine,2024-05-15 13:53,2024-05-15 14:16,2024-05-16 01:25
LAB709832,ENC104229,PT12541,A1C,Hemoglobin A1c,5.3,%,4,5.6,N,Routine,2024-05-15 13:50,2024-05-15 14:00,2024-05-15 18:59
LAB709833,ENC104230,PT12165,GLU,Glucose,154,mg/dL,70,99,H,STAT,2024-05-15 13:43,2024-05-15 13:54,2024-05-15 15:14
LAB709834,ENC104230,PT12165,CREAT,Creatinine,1.22,mg/dL,0.6,1.3,N,STAT,2024-05-15 13:43,2024-05-15 14:08,2024-05-15 14:36
LAB709835,ENC104230,PT12165,WBC,White Blood Cell Count,21.9,K/uL,4.5,11,H,Routine,2024-05-15 14:08,2024-05-15 14:40,2024-05-15 16:15
LAB709836,ENC104230,PT12165,HGB,Hemoglobin,14.6,g/dL,12,17.5,N,Routine,2024-05-15 13:53,2024-05-15 13:59,2024-05-15 16:56
LAB709837,ENC104230,PT12165,LACT,Lactate,2.3,mmol/L,0.5,2,H,STAT,2024-05-15 14:32,2024-05-15 14:43,2024-05-15 15:25
LAB709838,ENC104231,PT12361,A1C,Hemoglobin A1c,8.1,%,4,5.6,H,Routine,2024-05-15 13:51,2024-05-15 14:08,2024-05-16 03:19
LAB709839,ENC104234,PT13562,WBC,White Blood Cell Count,7.5,K/uL,4.5,11,N,Routine,2024-05-15 14:43,2024-05-15 15:17,2024-05-15 17:38
LAB709840,ENC104234,PT13562,HGB,Hemoglobin,12.5,g/dL,12,17.5,N,Routine,2024-05-15 14:40,2024-05-15 14:51,2024-05-15 19:01
LAB709841,ENC104234,PT13562,PLT,Platelet Count,301,K/uL,150,400,N,Routine,2024-05-15 14:43,2024-05-15 15:10,2024-05-15 18:17
LAB709842,ENC104236,PT13268,GLU,Glucose,68,mg/dL,70,99,L,STAT,2024-05-15 16:38,2024-05-15 17:12,2024-05-15 18:25
LAB709843,ENC104236,PT13268,CREAT,Creatinine,1.16,mg/dL,0.6,1.3,N,Routine,2024-05-15 16:51,2024-05-15 17:04,2024-05-15 21:09
LAB709844,ENC104236,PT13268,WBC,White Blood Cell Count,5.1,K/uL,4.5,11,N,Routine,2024-05-15 17:05,2024-05-15 17:23,2024-05-16 00:52
LAB709845,ENC104238,PT10440,A1C,Hemoglobin A1c,5.2,%,4,5.6,N,Routine,2024-05-15 16:55,2024-05-15 17:05,2024-05-16 09:39
LAB709846,ENC104238,PT10440,GLU,Glucose,110,mg/dL,70,99,H,Routine,2024-05-15 16:49,2024-05-15 16:59,2024-05-15 19:40
LAB709847,ENC104238,PT10440,CREAT,Creatinine,1.04,mg/dL,0.6,1.3,N,Routine,2024-05-15 16:46,2024-05-15 16:59,2024-05-15 22:00
LAB709848,ENC104240,PT10303,TROP,"Troponin I, High Sensitivity",8,ng/L,0,34,N,STAT,2024-05-15 20:09,2024-05-15 20:36,2024-05-15 21:14
LAB709849,ENC104241,PT13741,GLU,Glucose,98,mg/dL,70,99,N,STAT,2024-05-15 21:14,2024-05-15 21:27,2024-05-15 22:09
LAB709850,ENC104241,PT13741,CREAT,Creatinine,1.06,mg/dL,0.6,1.3,N,Routine,2024-05-15 20:33,2024-05-15 20:45,2024-05-16 02:02
LAB709851,ENC104241,PT13741,WBC,White Blood Cell Count,9.3,K/uL,4.5,11,N,STAT,2024-05-15 20:39,2024-05-15 21:03,2024-05-15 21:50
LAB709852,ENC104241,PT13741,HGB,Hemoglobin,14.6,g/dL,12,17.5,N,Routine,2024-05-15 20:57,2024-05-15 21:08,2024-05-16 00:52
LAB709853,ENC104241,PT13741,TROP,"Troponin I, High Sensitivity",542,ng/L,0,34,H,STAT,2024-05-15 20:49,2024-05-15 21:05,2024-05-15 21:38
LAB709854,ENC104243,PT12323,GLU,Glucose,101,mg/dL,70,99,H,STAT,2024-05-16 04:58,2024-05-16 05:22,2024-05-16 06:01
LAB709855,ENC104243,PT12323,CREAT,Creatinine,1.23,mg/dL,0.6,1.3,N,Routine,2024-05-16 05:34,2024-05-16 05:41,2024-05-16 09:53
LAB709856,ENC104243,PT12323,WBC,White Blood Cell Count,9.1,K/uL,4.5,11,N,STAT,2024-05-16 05:19,2024-05-16 05:38,2024-05-16 06:12
LAB709857,ENC104243,PT12323,HGB,Hemoglobin,10.9,g/dL,12,17.5,L,STAT,2024-05-16 05:40,2024-05-16 06:06,2024-05-16 06:39
LAB709858,ENC104244,PT10035,GLU,Glucose,115,mg/dL,70,99,H,Routine,2024-05-16 08:39,2024-05-16 09:06,2024-05-16 11:42
LAB709859,ENC104244,PT10035,CREAT,Creatinine,0.93,mg/dL,0.6,1.3,N,STAT,2024-05-16 08:43,2024-05-16 08:52,2024-05-16 10:12
LAB709860,ENC104244,PT10035,WBC,White Blood Cell Count,7.1,K/uL,4.5,11,N,STAT,2024-05-16 09:24,2024-05-16 09:39,2024-05-16 10:33
LAB709861,ENC104244,PT10035,HGB,Hemoglobin,10.6,g/dL,12,17.5,L,Routine,2024-05-16 09:15,2024-05-16 09:24,2024-05-16 11:08
LAB709862,ENC104244,PT10035,NA,Sodium,143,mmol/L,136,145,N,STAT,2024-05-16 09:09,2024-05-16 09:18,2024-05-16 09:45
LAB709863,ENC104244,PT10035,K,Potassium,4,mmol/L,3.5,5.1,N,STAT,2024-05-16 09:11,2024-05-16 09:23,2024-05-16 09:47
LAB709864,ENC104245,PT11034,GLU,Glucose,78,mg/dL,70,99,N,Routine,2024-05-16 06:34,2024-05-16 07:04,2024-05-16 09:34
LAB709865,ENC104245,PT11034,CREAT,Creatinine,1.08,mg/dL,0.6,1.3,N,Routine,2024-05-16 06:28,2024-05-16 06:37,2024-05-16 09:22
LAB709866,ENC104245,PT11034,WBC,White Blood Cell Count,9.1,K/uL,4.5,11,N,STAT,2024-05-16 07:05,2024-05-16 07:29,2024-05-16 08:08
LAB709867,ENC104246,PT13109,GLU,Glucose,86,mg/dL,70,99,N,STAT,2024-05-16 07:02,2024-05-16 07:06,2024-05-16 07:37
LAB709868,ENC104246,PT13109,CREAT,Creatinine,0.47,mg/dL,0.6,1.3,L,STAT,2024-05-16 07:51,2024-05-16 08:12,2024-05-16 09:26
LAB709869,ENC104247,PT10941,GLU,Glucose,127,mg/dL,70,99,H,STAT,2024-05-16 10:59,2024-05-16 11:28,2024-05-16 12:05
LAB709870,ENC104247,PT10941,CREAT,Creatinine,1.05,mg/dL,0.6,1.3,N,Routine,2024-05-16 11:14,2024-05-16 11:18,2024-05-16 17:10
LAB709871,ENC104247,PT10941,WBC,White Blood Cell Count,5.7,K/uL,4.5,11,N,STAT,2024-05-16 11:17,2024-05-16 11:24,2024-05-16 12:18
LAB709872,ENC104247,PT10941,HGB,Hemoglobin,11,g/dL,12,17.5,L,STAT,2024-05-16 11:52,2024-05-16 12:15,2024-05-16 13:06
LAB709873,ENC104248,PT11230,A1C,Hemoglobin A1c,5.7,%,4,5.6,H,Routine,2024-05-16 09:12,2024-05-16 09:27,2024-05-17 05:57
LAB709874,ENC104250,PT11712,LDL,LDL Cholesterol,101,mg/dL,0,99,H,Routine,2024-05-16 09:16,2024-05-16 09:40,2024-05-16 17:46
LAB709875,ENC104250,PT11712,TSH,Thyroid Stimulating Hormone,3.13,mIU/L,0.4,4,N,Routine,2024-05-16 09:25,2024-05-16 09:57,2024-05-16 18:42
LAB709876,ENC104254,PT13753,GLU,Glucose,83,mg/dL,70,99,N,Routine,2024-05-16 16:08,2024-05-16 16:19,2024-05-16 18:17
LAB709877,ENC104254,PT13753,CREAT,Creatinine,0.8,mg/dL,0.6,1.3,N,Routine,2024-05-16 16:26,2024-05-16 16:43,2024-05-16 21:29
LAB709878,ENC104254,PT13753,WBC,White Blood Cell Count,2.3,K/uL,4.5,11,L,Routine,2024-05-16 16:32,2024-05-16 16:45,2024-05-16 21:22
LAB709879,ENC104254,PT13753,HGB,Hemoglobin,9.5,g/dL,12,17.5,L,Routine,2024-05-16 16:44,2024-05-16 16:56,2024-05-16 22:34
LAB709880,ENC104254,PT13753,LACT,Lactate,1.4,mmol/L,0.5,2,N,STAT,2024-05-16 16:08,2024-05-16 16:35,2024-05-16 17:10
LAB709881,ENC104254,PT13753,INR,Prothrombin Time INR,1,ratio,0.8,1.2,N,Routine,2024-05-16 16:24,2024-05-16 16:46,2024-05-16 18:44
LAB709882,ENC104255,PT13746,GLU,Glucose,92,mg/dL,70,99,N,STAT,2024-05-16 14:44,2024-05-16 15:03,2024-05-16 15:51
LAB709883,ENC104255,PT13746,CREAT,Creatinine,1,mg/dL,0.6,1.3,N,Routine,2024-05-16 14:25,2024-05-16 14:44,2024-05-16 17:13
LAB709884,ENC104255,PT13746,WBC,White Blood Cell Count,10.1,K/uL,4.5,11,N,Routine,2024-05-16 14:47,2024-05-16 15:15,2024-05-16 19:45
LAB709885,ENC104255,PT13746,HGB,Hemoglobin,12,g/dL,12,17.5,N,STAT,2024-05-16 14:05,2024-05-16 14:10,2024-05-16 15:17
LAB709886,ENC104255,PT13746,BUN,Blood Urea Nitrogen,16,mg/dL,7,20,N,STAT,2024-05-16 15:09,2024-05-16 15:14,2024-05-16 15:41
LAB709887,ENC104255,PT13746,PLT,Platelet Count,191,K/uL,150,400,N,STAT,2024-05-16 14:11,2024-05-16 14:17,2024-05-16 14:35
LAB709888,ENC104255,PT13746,TROP,"Troponin I, High Sensitivity",4,ng/L,0,34,N,STAT,2024-05-16 14:36,2024-05-16 15:06,2024-05-16 15:52
LAB709889,ENC104255,PT13746,BNP,B-Type Natriuretic Peptide,3030,pg/mL,0,100,H,Routine,2024-05-16 14:37,2024-05-16 14:46,2024-05-16 16:27
LAB709890,ENC104258,PT13406,GLU,Glucose,93,mg/dL,70,99,N,STAT,2024-05-16 17:48,2024-05-16 18:01,2024-05-16 18:30
LAB709891,ENC104258,PT13406,CREAT,Creatinine,1.18,mg/dL,0.6,1.3,N,STAT,2024-05-16 17:58,2024-05-16 18:16,2024-05-16 18:51
LAB709892,ENC104258,PT13406,WBC,White Blood Cell Count,6.7,K/uL,4.5,11,N,STAT,2024-05-16 18:24,2024-05-16 18:43,2024-05-16 19:22
LAB709893,ENC104258,PT13406,HGB,Hemoglobin,9.1,g/dL,12,17.5,L,STAT,2024-05-16 18:32,2024-05-16 18:58,2024-05-16 19:49
LAB709894,ENC104258,PT13406,NA,Sodium,139,mmol/L,136,145,N,Routine,2024-05-16 17:28,2024-05-16 17:39,2024-05-16 21:07
LAB709895,ENC104258,PT13406,K,Potassium,3.7,mmol/L,3.5,5.1,N,STAT,2024-05-16 17:37,2024-05-16 17:48,2024-05-16 18:29
LAB709896,ENC104258,PT13406,TROP,"Troponin I, High Sensitivity",11,ng/L,0,34,N,STAT,2024-05-16 17:38,2024-05-16 17:50,2024-05-16 18:18
LAB709897,ENC104258,PT13406,BNP,B-Type Natriuretic Peptide,457,pg/mL,0,100,H,STAT,2024-05-16 18:22,2024-05-16 18:34,2024-05-16 19:28
LAB709898,ENC104259,PT13969,GLU,Glucose,102,mg/dL,70,99,H,Routine,2024-05-16 18:21,2024-05-16 18:26,2024-05-16 20:57
LAB709899,ENC104259,PT13969,CREAT,Creatinine,1.02,mg/dL,0.6,1.3,N,STAT,2024-05-16 17:51,2024-05-16 18:12,2024-05-16 18:43
LAB709900,ENC104259,PT13969,WBC,White Blood Cell Count,9.2,K/uL,4.5,11,N,Routine,2024-05-16 18:06,2024-05-16 18:35,2024-05-16 22:13
LAB709901,ENC104259,PT13969,HGB,Hemoglobin,13,g/dL,12,17.5,N,STAT,2024-05-16 18:00,2024-05-16 18:17,2024-05-16 20:15
LAB709902,ENC104260,PT10174,LDL,LDL Cholesterol,151,mg/dL,0,99,H,Routine,2024-05-16 14:30,2024-05-16 15:00,2024-05-16 23:00
LAB709903,ENC104261,PT13502,GLU,Glucose,244,mg/dL,70,99,H,STAT,2024-05-16 19:22,2024-05-16 19:36,2024-05-16 21:00
LAB709904,ENC104261,PT13502,CREAT,Creatinine,0.7,mg/dL,0.6,1.3,N,Routine,2024-05-16 19:09,2024-05-16 19:21,2024-05-17 00:16
LAB709905,ENC104261,PT13502,WBC,White Blood Cell Count,6.2,K/uL,4.5,11,N,STAT,2024-05-16 19:24,2024-05-16 19:54,2024-05-16 20:25
LAB709906,ENC104261,PT13502,HGB,Hemoglobin,13.6,g/dL,12,17.5,N,STAT,2024-05-16 19:39,2024-05-16 20:05,2024-05-16 20:43
LAB709907,ENC104261,PT13502,NA,Sodium,138,mmol/L,136,145,N,STAT,2024-05-16 19:55,2024-05-16 20:15,2024-05-16 21:32
LAB709908,ENC104261,PT13502,K,Potassium,4.2,mmol/L,3.5,5.1,N,STAT,2024-05-16 19:11,2024-05-16 19:40,2024-05-16 20:11
LAB709909,ENC104261,PT13502,A1C,Hemoglobin A1c,10.6,%,4,5.6,H,Routine,2024-05-16 19:31,2024-05-16 19:42,2024-05-17 09:15
LAB709910,ENC104262,PT11847,GLU,Glucose,95,mg/dL,70,99,N,STAT,2024-05-16 16:21,2024-05-16 16:40,2024-05-16 18:02
LAB709911,ENC104262,PT11847,CREAT,Creatinine,0.36,mg/dL,0.6,1.3,L,Routine,2024-05-16 16:26,2024-05-16 16:55,2024-05-16 20:11
LAB709912,ENC104262,PT11847,WBC,White Blood Cell Count,7.6,K/uL,4.5,11,N,Routine,2024-05-16 16:27,2024-05-16 16:34,2024-05-16 23:34
LAB709913,ENC104263,PT10281,LDL,LDL Cholesterol,84,mg/dL,0,99,N,Routine,2024-05-16 16:23,2024-05-16 16:28,2024-05-17 04:57
LAB709914,ENC104263,PT10281,TSH,Thyroid Stimulating Hormone,3.45,mIU/L,0.4,4,N,Routine,2024-05-16 16:20,2024-05-16 16:48,2024-05-17 03:53
LAB709915,ENC104264,PT12610,GLU,Glucose,69,mg/dL,70,99,L,STAT,2024-05-16 20:31,2024-05-16 20:45,2024-05-16 21:52
LAB709916,ENC104264,PT12610,CREAT,Creatinine,0.67,mg/dL,0.6,1.3,N,Routine,2024-05-16 19:57,2024-05-16 20:16,2024-05-16 21:49
LAB709917,ENC104264,PT12610,WBC,White Blood Cell Count,11.6,K/uL,4.5,11,H,Routine,2024-05-16 20:55,2024-05-16 21:30,2024-05-16 23:18
LAB709918,ENC104264,PT12610,HGB,Hemoglobin,12,g/dL,12,17.5,N,STAT,2024-05-16 21:00,2024-05-16 21:26,2024-05-16 21:57
LAB709919,ENC104266,PT12186,GLU,Glucose,90,mg/dL,70,99,N,STAT,2024-05-16 17:16,2024-05-16 17:32,2024-05-16 19:07
LAB709920,ENC104266,PT12186,CREAT,Creatinine,1.09,mg/dL,0.6,1.3,N,Routine,2024-05-16 17:19,2024-05-16 17:43,2024-05-16 20:16
LAB709921,ENC104267,PT10777,GLU,Glucose,91,mg/dL,70,99,N,Routine,2024-05-16 18:52,2024-05-16 19:13,2024-05-16 20:47
LAB709922,ENC104267,PT10777,CREAT,Creatinine,0.86,mg/dL,0.6,1.3,N,STAT,2024-05-16 18:09,2024-05-16 18:26,2024-05-16 19:23
LAB709923,ENC104267,PT10777,WBC,White Blood Cell Count,7.5,K/uL,4.5,11,N,STAT,2024-05-16 18:33,2024-05-16 19:05,2024-05-16 19:43
LAB709924,ENC104267,PT10777,HGB,Hemoglobin,14.5,g/dL,12,17.5,N,STAT,2024-05-16 18:33,2024-05-16 18:51,2024-05-16 20:09
LAB709925,ENC104267,PT10777,TROP,"Troponin I, High Sensitivity",221,ng/L,0,34,H,STAT,2024-05-16 18:47,2024-05-16 19:09,2024-05-16 19:59
LAB709926,ENC104268,PT10603,GLU,Glucose,93,mg/dL,70,99,N,Routine,2024-05-17 01:12,2024-05-17 01:44,2024-05-17 04:50
LAB709927,ENC104268,PT10603,CREAT,Creatinine,0.92,mg/dL,0.6,1.3,N,STAT,2024-05-17 00:33,2024-05-17 00:38,2024-05-17 01:15
LAB709928,ENC104268,PT10603,WBC,White Blood Cell Count,4.9,K/uL,4.5,11,N,STAT,2024-05-17 00:38,2024-05-17 01:03,2024-05-17 01:24
LAB709929,ENC104268,PT10603,HGB,Hemoglobin,13.7,g/dL,12,17.5,N,STAT,2024-05-17 00:42,2024-05-17 01:13,2024-05-17 02:10
LAB709930,ENC104268,PT10603,TROP,"Troponin I, High Sensitivity",2,ng/L,0,34,N,STAT,2024-05-17 01:02,2024-05-17 01:10,2024-05-17 01:46
LAB709931,ENC104269,PT11309,GLU,Glucose,571,mg/dL,70,99,HH,STAT,2024-05-17 02:54,2024-05-17 03:15,2024-05-17 03:43
LAB709932,ENC104269,PT11309,CREAT,Creatinine,1.16,mg/dL,0.6,1.3,N,STAT,2024-05-17 03:19,2024-05-17 03:46,2024-05-17 04:10
LAB709933,ENC104269,PT11309,WBC,White Blood Cell Count,8.6,K/uL,4.5,11,N,Routine,2024-05-17 03:22,2024-05-17 03:28,2024-05-17 04:57
LAB709934,ENC104269,PT11309,HGB,Hemoglobin,13.2,g/dL,12,17.5,N,STAT,2024-05-17 02:43,2024-05-17 03:02,2024-05-17 03:38
LAB709935,ENC104269,PT11309,NA,Sodium,139,mmol/L,136,145,N,Routine,2024-05-17 03:05,2024-05-17 03:21,2024-05-17 06:45
LAB709936,ENC104269,PT11309,K,Potassium,4.4,mmol/L,3.5,5.1,N,STAT,2024-05-17 02:36,2024-05-17 03:07,2024-05-17 04:03
LAB709937,ENC104269,PT11309,A1C,Hemoglobin A1c,13.3,%,4,5.6,H,Routine,2024-05-17 02:52,2024-05-17 03:07,2024-05-17 22:39
LAB709938,ENC104270,PT12589,GLU,Glucose,142,mg/dL,70,99,H,STAT,2024-05-17 05:53,2024-05-17 06:06,2024-05-17 06:55
LAB709939,ENC104270,PT12589,CREAT,Creatinine,0.89,mg/dL,0.6,1.3,N,STAT,2024-05-17 05:25,2024-05-17 05:36,2024-05-17 06:09
LAB709940,ENC104270,PT12589,WBC,White Blood Cell Count,4.9,K/uL,4.5,11,N,STAT,2024-05-17 04:54,2024-05-17 05:15,2024-05-17 06:52
LAB709941,ENC104270,PT12589,HGB,Hemoglobin,11.2,g/dL,12,17.5,L,STAT,2024-05-17 05:55,2024-05-17 06:09,2024-05-17 06:33
LAB709942,ENC104270,PT12589,TROP,"Troponin I, High Sensitivity",2,ng/L,0,34,N,STAT,2024-05-17 05:45,2024-05-17 06:19,2024-05-17 06:53
LAB709943,ENC104271,PT10155,GLU,Glucose,142,mg/dL,70,99,H,STAT,2024-05-17 10:18,2024-05-17 10:46,2024-05-17 12:17
LAB709944,ENC104271,PT10155,CREAT,Creatinine,2.02,mg/dL,0.6,1.3,H,Routine,2024-05-17 10:22,2024-05-17 10:34,2024-05-17 12:47
LAB709945,ENC104271,PT10155,WBC,White Blood Cell Count,16.6,K/uL,4.5,11,H,Routine,2024-05-17 10:12,2024-05-17 10:36,2024-05-17 11:51
LAB709946,ENC104271,PT10155,HGB,Hemoglobin,14.2,g/dL,12,17.5,N,STAT,2024-05-17 09:33,2024-05-17 10:02,2024-05-17 11:07
LAB709947,ENC104271,PT10155,BUN,Blood Urea Nitrogen,20,mg/dL,7,20,N,STAT,2024-05-17 10:17,2024-05-17 10:24,2024-05-17 11:05
LAB709948,ENC104271,PT10155,PLT,Platelet Count,266,K/uL,150,400,N,STAT,2024-05-17 10:24,2024-05-17 10:35,2024-05-17 11:58
LAB709949,ENC104271,PT10155,LACT,Lactate,4,mmol/L,0.5,2,H,STAT,2024-05-17 09:53,2024-05-17 09:58,2024-05-17 10:40
LAB709950,ENC104272,PT13274,GLU,Glucose,127,mg/dL,70,99,H,Routine,2024-05-17 07:15,2024-05-17 07:46,2024-05-17 11:37
LAB709951,ENC104272,PT13274,CREAT,Creatinine,0.86,mg/dL,0.6,1.3,N,Routine,2024-05-17 07:44,2024-05-17 07:59,2024-05-17 12:18
LAB709952,ENC104272,PT13274,WBC,White Blood Cell Count,9.1,K/uL,4.5,11,N,Routine,2024-05-17 07:40,2024-05-17 08:01,2024-05-17 14:04
LAB709953,ENC104272,PT13274,HGB,Hemoglobin,13.3,g/dL,12,17.5,N,STAT,2024-05-17 07:02,2024-05-17 07:29,2024-05-17 07:58
LAB709954,ENC104277,PT12108,GLU,Glucose,99,mg/dL,70,99,N,STAT,2024-05-17 09:30,2024-05-17 09:57,2024-05-17 10:32
LAB709955,ENC104277,PT12108,CREAT,Creatinine,0.85,mg/dL,0.6,1.3,N,Routine,2024-05-17 09:36,2024-05-17 09:59,2024-05-17 11:23
LAB709956,ENC104277,PT12108,WBC,White Blood Cell Count,10.4,K/uL,4.5,11,N,Routine,2024-05-17 09:39,2024-05-17 10:12,2024-05-17 13:21
LAB709957,ENC104278,PT13218,GLU,Glucose,117,mg/dL,70,99,H,STAT,2024-05-17 10:24,2024-05-17 10:36,2024-05-17 11:29
LAB709958,ENC104278,PT13218,CREAT,Creatinine,0.63,mg/dL,0.6,1.3,N,STAT,2024-05-17 09:54,2024-05-17 10:20,2024-05-17 11:06
LAB709959,ENC104278,PT13218,WBC,White Blood Cell Count,16.9,K/uL,4.5,11,H,STAT,2024-05-17 09:48,2024-05-17 10:16,2024-05-17 12:00
LAB709960,ENC104281,PT11341,GLU,Glucose,97,mg/dL,70,99,N,Routine,2024-05-17 14:27,2024-05-17 14:54,2024-05-17 16:28
LAB709961,ENC104281,PT11341,CREAT,Creatinine,1.25,mg/dL,0.6,1.3,N,STAT,2024-05-17 14:59,2024-05-17 15:05,2024-05-17 15:54
LAB709962,ENC104281,PT11341,WBC,White Blood Cell Count,9.7,K/uL,4.5,11,N,STAT,2024-05-17 14:17,2024-05-17 14:30,2024-05-17 15:03
LAB709963,ENC104281,PT11341,HGB,Hemoglobin,13.2,g/dL,12,17.5,N,Routine,2024-05-17 14:17,2024-05-17 14:41,2024-05-17 17:25
LAB709964,ENC104281,PT11341,TROP,"Troponin I, High Sensitivity",38,ng/L,0,34,H,STAT,2024-05-17 14:38,2024-05-17 14:44,2024-05-17 15:33
LAB709965,ENC104281,PT11341,BNP,B-Type Natriuretic Peptide,413,pg/mL,0,100,H,Routine,2024-05-17 14:56,2024-05-17 15:29,2024-05-17 17:05
LAB709966,ENC104282,PT12718,GLU,Glucose,88,mg/dL,70,99,N,STAT,2024-05-17 12:51,2024-05-17 12:58,2024-05-17 13:25
LAB709967,ENC104282,PT12718,CREAT,Creatinine,0.69,mg/dL,0.6,1.3,N,STAT,2024-05-17 12:13,2024-05-17 12:44,2024-05-17 13:09
LAB709968,ENC104282,PT12718,WBC,White Blood Cell Count,6.6,K/uL,4.5,11,N,Routine,2024-05-17 11:55,2024-05-17 12:06,2024-05-17 15:57
LAB709969,ENC104285,PT11564,TROP,"Troponin I, High Sensitivity",56,ng/L,0,34,H,STAT,2024-05-17 14:42,2024-05-17 14:52,2024-05-17 15:35
LAB709970,ENC104288,PT12483,GLU,Glucose,65,mg/dL,70,99,L,STAT,2024-05-17 15:18,2024-05-17 15:45,2024-05-17 16:27
LAB709971,ENC104288,PT12483,CREAT,Creatinine,0.48,mg/dL,0.6,1.3,L,Routine,2024-05-17 15:50,2024-05-17 16:16,2024-05-17 21:44
LAB709972,ENC104288,PT12483,WBC,White Blood Cell Count,2.3,K/uL,4.5,11,L,Routine,2024-05-17 16:00,2024-05-17 16:31,2024-05-17 18:00
LAB709973,ENC104289,PT10152,GLU,Glucose,208,mg/dL,70,99,H,STAT,2024-05-17 15:54,2024-05-17 16:15,2024-05-17 16:59
LAB709974,ENC104289,PT10152,CREAT,Creatinine,1.78,mg/dL,0.6,1.3,H,STAT,2024-05-17 16:10,2024-05-17 16:23,2024-05-17 17:08
LAB709975,ENC104289,PT10152,WBC,White Blood Cell Count,14.4,K/uL,4.5,11,H,STAT,2024-05-17 15:26,2024-05-17 15:33,2024-05-17 16:39
LAB709976,ENC104289,PT10152,HGB,Hemoglobin,11.7,g/dL,12,17.5,L,STAT,2024-05-17 16:03,2024-05-17 16:13,2024-05-17 16:44
LAB709977,ENC104289,PT10152,LACT,Lactate,3.9,mmol/L,0.5,2,H,STAT,2024-05-17 15:46,2024-05-17 16:19,2024-05-17 16:58
LAB709978,ENC104291,PT12139,GLU,Glucose,112,mg/dL,70,99,H,STAT,2024-05-17 19:45,2024-05-17 20:01,2024-05-17 20:25
LAB709979,ENC104291,PT12139,CREAT,Creatinine,0.85,mg/dL,0.6,1.3,N,STAT,2024-05-17 20:01,2024-05-17 20:17,2024-05-17 21:14
LAB709980,ENC104291,PT12139,WBC,White Blood Cell Count,7.4,K/uL,4.5,11,N,STAT,2024-05-17 20:12,2024-05-17 20:43,2024-05-17 21:19
LAB709981,ENC104291,PT12139,HGB,Hemoglobin,12.7,g/dL,12,17.5,N,STAT,2024-05-17 19:54,2024-05-17 20:05,2024-05-17 21:16
LAB709982,ENC104293,PT12343,GLU,Glucose,149,mg/dL,70,99,H,STAT,2024-05-17 21:00,2024-05-17 21:26,2024-05-17 22:38
LAB709983,ENC104293,PT12343,CREAT,Creatinine,0.99,mg/dL,0.6,1.3,N,STAT,2024-05-17 20:01,2024-05-17 20:28,2024-05-17 21:08
LAB709984,ENC104293,PT12343,WBC,White Blood Cell Count,3.6,K/uL,4.5,11,L,STAT,2024-05-17 20:53,2024-05-17 21:11,2024-05-17 22:33
LAB709985,ENC104293,PT12343,HGB,Hemoglobin,14.2,g/dL,12,17.5,N,STAT,2024-05-17 20:06,2024-05-17 20:29,2024-05-17 21:09
LAB709986,ENC104293,PT12343,INR,Prothrombin Time INR,1,ratio,0.8,1.2,N,STAT,2024-05-17 20:11,2024-05-17 20:46,2024-05-17 21:33
LAB709987,ENC104294,PT12254,GLU,Glucose,125,mg/dL,70,99,H,Routine,2024-05-17 18:58,2024-05-17 19:03,2024-05-17 22:29
LAB709988,ENC104294,PT12254,CREAT,Creatinine,1.77,mg/dL,0.6,1.3,H,STAT,2024-05-17 19:27,2024-05-17 19:31,2024-05-17 20:05
LAB709989,ENC104294,PT12254,WBC,White Blood Cell Count,14.1,K/uL,4.5,11,H,STAT,2024-05-17 18:55,2024-05-17 19:04,2024-05-17 20:02
LAB709990,ENC104294,PT12254,HGB,Hemoglobin,10.5,g/dL,12,17.5,L,STAT,2024-05-17 19:21,2024-05-17 19:52,2024-05-17 21:05
LAB709991,ENC104294,PT12254,NA,Sodium,141,mmol/L,136,145,N,Routine,2024-05-17 19:30,2024-05-17 19:52,2024-05-18 00:07
LAB709992,ENC104294,PT12254,K,Potassium,3.9,mmol/L,3.5,5.1,N,STAT,2024-05-17 19:19,2024-05-17 19:33,2024-05-17 20:27
LAB709993,ENC104295,PT12274,GLU,Glucose,92,mg/dL,70,99,N,STAT,2024-05-17 19:38,2024-05-17 19:48,2024-05-17 20:20
LAB709994,ENC104295,PT12274,CREAT,Creatinine,0.77,mg/dL,0.6,1.3,N,Routine,2024-05-17 19:18,2024-05-17 19:43,2024-05-17 21:01
LAB709995,ENC104295,PT12274,WBC,White Blood Cell Count,6.6,K/uL,4.5,11,N,STAT,2024-05-17 19:33,2024-05-17 19:44,2024-05-17 20:21
LAB709996,ENC104295,PT12274,HGB,Hemoglobin,13.4,g/dL,12,17.5,N,Routine,2024-05-17 19:02,2024-05-17 19:19,2024-05-17 22:03
LAB709997,ENC104297,PT12648,GLU,Glucose,226,mg/dL,70,99,H,STAT,2024-05-17 23:02,2024-05-17 23:33,2024-05-18 00:43
LAB709998,ENC104297,PT12648,CREAT,Creatinine,1.49,mg/dL,0.6,1.3,H,Routine,2024-05-17 22:42,2024-05-17 23:03,2024-05-18 02:34
LAB709999,ENC104297,PT12648,WBC,White Blood Cell Count,19.4,K/uL,4.5,11,H,STAT,2024-05-17 22:33,2024-05-17 22:53,2024-05-17 23:20
LAB710000,ENC104297,PT12648,HGB,Hemoglobin,12.8,g/dL,12,17.5,N,STAT,2024-05-17 22:50,2024-05-17 23:11,2024-05-17 23:41
LAB710001,ENC104297,PT12648,NA,Sodium,141,mmol/L,136,145,N,STAT,2024-05-17 22:38,2024-05-17 22:49,2024-05-17 23:36
LAB710002,ENC104297,PT12648,K,Potassium,4,mmol/L,3.5,5.1,N,STAT,2024-05-17 22:16,2024-05-17 22:26,2024-05-17 23:14
LAB710003,ENC104297,PT12648,LACT,Lactate,1.9,mmol/L,0.5,2,N,STAT,2024-05-17 22:27,2024-05-17 22:46,2024-05-17 23:22
LAB710004,ENC104299,PT11503,GLU,Glucose,116,mg/dL,70,99,H,STAT,2024-05-18 00:08,2024-05-18 00:16,2024-05-18 00:58
LAB710005,ENC104299,PT11503,CREAT,Creatinine,0.8,mg/dL,0.6,1.3,N,Routine,2024-05-18 00:03,2024-05-18 00:35,2024-05-18 03:50
LAB710006,ENC104299,PT11503,WBC,White Blood Cell Count,7.8,K/uL,4.5,11,N,STAT,2024-05-18 00:18,2024-05-18 00:33,2024-05-18 01:06
LAB710007,ENC104299,PT11503,HGB,Hemoglobin,11.8,g/dL,12,17.5,L,STAT,2024-05-18 00:38,2024-05-18 01:02,2024-05-18 02:04
LAB710008,ENC104302,PT10736,GLU,Glucose,129,mg/dL,70,99,H,Routine,2024-05-17 21:37,2024-05-17 21:49,2024-05-18 03:53
LAB710009,ENC104302,PT10736,CREAT,Creatinine,0.82,mg/dL,0.6,1.3,N,STAT,2024-05-17 21:49,2024-05-17 22:15,2024-05-17 23:24
LAB710010,ENC104302,PT10736,WBC,White Blood Cell Count,7.5,K/uL,4.5,11,N,STAT,2024-05-17 21:42,2024-05-17 22:04,2024-05-17 22:31
LAB710011,ENC104302,PT10736,HGB,Hemoglobin,13.2,g/dL,12,17.5,N,Routine,2024-05-17 21:43,2024-05-17 22:16,2024-05-18 01:15
LAB710012,ENC104304,PT13286,GLU,Glucose,87,mg/dL,70,99,N,STAT,2024-05-18 02:42,2024-05-18 02:50,2024-05-18 03:16
LAB710013,ENC104304,PT13286,CREAT,Creatinine,0.81,mg/dL,0.6,1.3,N,STAT,2024-05-18 03:02,2024-05-18 03:18,2024-05-18 04:17
LAB710014,ENC104304,PT13286,WBC,White Blood Cell Count,6.8,K/uL,4.5,11,N,Routine,2024-05-18 02:54,2024-05-18 03:00,2024-05-18 05:51
LAB710015,ENC104304,PT13286,HGB,Hemoglobin,14.7,g/dL,12,17.5,N,Routine,2024-05-18 03:06,2024-05-18 03:38,2024-05-18 05:15
LAB710016,ENC104305,PT11166,GLU,Glucose,86,mg/dL,70,99,N,Routine,2024-05-18 04:54,2024-05-18 04:58,2024-05-18 06:42
LAB710017,ENC104305,PT11166,CREAT,Creatinine,0.87,mg/dL,0.6,1.3,N,STAT,2024-05-18 05:20,2024-05-18 05:40,2024-05-18 06:52
LAB710018,ENC104305,PT11166,WBC,White Blood Cell Count,3.9,K/uL,4.5,11,L,Routine,2024-05-18 05:08,2024-05-18 05:20,2024-05-18 07:02
LAB710019,ENC104305,PT11166,HGB,Hemoglobin,14.5,g/dL,12,17.5,N,Routine,2024-05-18 05:06,2024-05-18 05:24,2024-05-18 07:13
LAB710020,ENC104305,PT11166,TROP,"Troponin I, High Sensitivity",8,ng/L,0,34,N,STAT,2024-05-18 05:52,2024-05-18 06:12,2024-05-18 07:01
LAB710021,ENC104306,PT10583,GLU,Glucose,109,mg/dL,70,99,H,STAT,2024-05-18 11:46,2024-05-18 11:55,2024-05-18 12:20
LAB710022,ENC104306,PT10583,CREAT,Creatinine,2.04,mg/dL,0.6,1.3,H,Routine,2024-05-18 12:12,2024-05-18 12:26,2024-05-18 15:14
LAB710023,ENC104306,PT10583,WBC,White Blood Cell Count,9.2,K/uL,4.5,11,N,STAT,2024-05-18 12:05,2024-05-18 12:15,2024-05-18 13:03
LAB710024,ENC104306,PT10583,HGB,Hemoglobin,11.6,g/dL,12,17.5,L,STAT,2024-05-18 12:27,2024-05-18 12:37,2024-05-18 13:18
LAB710025,ENC104306,PT10583,TROP,"Troponin I, High Sensitivity",5977,ng/L,0,34,H,STAT,2024-05-18 12:17,2024-05-18 12:38,2024-05-18 13:17
LAB710026,ENC104307,PT10837,GLU,Glucose,108,mg/dL,70,99,H,STAT,2024-05-18 13:14,2024-05-18 13:37,2024-05-18 14:04
LAB710027,ENC104307,PT10837,CREAT,Creatinine,0.91,mg/dL,0.6,1.3,N,STAT,2024-05-18 13:17,2024-05-18 13:41,2024-05-18 14:37
LAB710028,ENC104307,PT10837,WBC,White Blood Cell Count,7.7,K/uL,4.5,11,N,Routine,2024-05-18 12:46,2024-05-18 13:08,2024-05-18 18:03
LAB710029,ENC104307,PT10837,HGB,Hemoglobin,12.2,g/dL,12,17.5,N,STAT,2024-05-18 13:07,2024-05-18 13:24,2024-05-18 13:43
LAB710030,ENC104307,PT10837,BUN,Blood Urea Nitrogen,11,mg/dL,7,20,N,Routine,2024-05-18 13:21,2024-05-18 13:45,2024-05-18 16:42
LAB710031,ENC104307,PT10837,PLT,Platelet Count,269,K/uL,150,400,N,STAT,2024-05-18 13:35,2024-05-18 14:06,2024-05-18 16:22
LAB710032,ENC104307,PT10837,INR,Prothrombin Time INR,1.1,ratio,0.8,1.2,N,Routine,2024-05-18 12:47,2024-05-18 13:11,2024-05-18 18:37
LAB710033,ENC104308,PT10805,GLU,Glucose,99,mg/dL,70,99,N,Routine,2024-05-18 14:27,2024-05-18 14:52,2024-05-18 19:11
LAB710034,ENC104308,PT10805,CREAT,Creatinine,1.21,mg/dL,0.6,1.3,N,Routine,2024-05-18 15:00,2024-05-18 15:05,2024-05-18 19:12
LAB710035,ENC104308,PT10805,WBC,White Blood Cell Count,9.2,K/uL,4.5,11,N,STAT,2024-05-18 15:08,2024-05-18 15:20,2024-05-18 16:01
LAB710036,ENC104308,PT10805,HGB,Hemoglobin,11.2,g/dL,12,17.5,L,STAT,2024-05-18 14:27,2024-05-18 14:56,2024-05-18 15:28
LAB710037,ENC104308,PT10805,BUN,Blood Urea Nitrogen,13,mg/dL,7,20,N,STAT,2024-05-18 14:12,2024-05-18 14:41,2024-05-18 15:25
LAB710038,ENC104308,PT10805,PLT,Platelet Count,271,K/uL,150,400,N,STAT,2024-05-18 14:23,2024-05-18 14:53,2024-05-18 16:38
LAB710039,ENC104308,PT10805,TROP,"Troponin I, High Sensitivity",92,ng/L,0,34,H,STAT,2024-05-18 14:42,2024-05-18 14:58,2024-05-18 15:32
LAB710040,ENC104308,PT10805,BNP,B-Type Natriuretic Peptide,397,pg/mL,0,100,H,Routine,2024-05-18 14:41,2024-05-18 14:47,2024-05-18 18:03
LAB710041,ENC104309,PT10228,GLU,Glucose,235,mg/dL,70,99,H,Routine,2024-05-18 17:43,2024-05-18 17:50,2024-05-18 19:36
LAB710042,ENC104309,PT10228,CREAT,Creatinine,0.77,mg/dL,0.6,1.3,N,STAT,2024-05-18 17:51,2024-05-18 18:00,2024-05-18 18:44
LAB710043,ENC104309,PT10228,WBC,White Blood Cell Count,6.7,K/uL,4.5,11,N,STAT,2024-05-18 17:00,2024-05-18 17:12,2024-05-18 18:07
LAB710044,ENC104309,PT10228,HGB,Hemoglobin,14.6,g/dL,12,17.5,N,STAT,2024-05-18 18:02,2024-05-18 18:16,2024-05-18 19:20
LAB710045,ENC104309,PT10228,NA,Sodium,144,mmol/L,136,145,N,STAT,2024-05-18 17:24,2024-05-18 17:28,2024-05-18 18:26
LAB710046,ENC104309,PT10228,K,Potassium,4.1,mmol/L,3.5,5.1,N,STAT,2024-05-18 17:43,2024-05-18 17:55,2024-05-18 18:27
LAB710047,ENC104310,PT10624,GLU,Glucose,205,mg/dL,70,99,H,STAT,2024-05-18 13:47,2024-05-18 14:15,2024-05-18 14:56
LAB710048,ENC104310,PT10624,CREAT,Creatinine,1.11,mg/dL,0.6,1.3,N,STAT,2024-05-18 14:44,2024-05-18 15:14,2024-05-18 15:43
LAB710049,ENC104310,PT10624,WBC,White Blood Cell Count,7.6,K/uL,4.5,11,N,STAT,2024-05-18 14:43,2024-05-18 14:49,2024-05-18 15:52
LAB710050,ENC104311,PT12352,GLU,Glucose,76,mg/dL,70,99,N,STAT,2024-05-18 16:59,2024-05-18 17:26,2024-05-18 17:58
LAB710051,ENC104311,PT12352,CREAT,Creatinine,0.8,mg/dL,0.6,1.3,N,STAT,2024-05-18 17:04,2024-05-18 17:29,2024-05-18 18:22
LAB710052,ENC104311,PT12352,WBC,White Blood Cell Count,10.4,K/uL,4.5,11,N,STAT,2024-05-18 17:26,2024-05-18 17:38,2024-05-18 18:07
LAB710053,ENC104311,PT12352,HGB,Hemoglobin,12.1,g/dL,12,17.5,N,STAT,2024-05-18 17:24,2024-05-18 17:59,2024-05-18 19:03
LAB710054,ENC104311,PT12352,TROP,"Troponin I, High Sensitivity",10,ng/L,0,34,N,STAT,2024-05-18 17:27,2024-05-18 17:48,2024-05-18 18:55
LAB710055,ENC104312,PT12044,GLU,Glucose,106,mg/dL,70,99,H,STAT,2024-05-18 18:25,2024-05-18 18:40,2024-05-18 19:05
LAB710056,ENC104312,PT12044,CREAT,Creatinine,0.74,mg/dL,0.6,1.3,N,Routine,2024-05-18 18:39,2024-05-18 19:00,2024-05-18 22:22
LAB710057,ENC104312,PT12044,WBC,White Blood Cell Count,8.5,K/uL,4.5,11,N,Routine,2024-05-18 18:02,2024-05-18 18:27,2024-05-18 20:39
LAB710058,ENC104312,PT12044,HGB,Hemoglobin,12.3,g/dL,12,17.5,N,STAT,2024-05-18 18:12,2024-05-18 18:47,2024-05-18 19:20
LAB710059,ENC104312,PT12044,NA,Sodium,138,mmol/L,136,145,N,STAT,2024-05-18 18:41,2024-05-18 19:14,2024-05-18 19:34
LAB710060,ENC104312,PT12044,K,Potassium,4.2,mmol/L,3.5,5.1,N,STAT,2024-05-18 18:34,2024-05-18 18:55,2024-05-18 19:22
LAB710061,ENC104312,PT12044,LACT,Lactate,1.3,mmol/L,0.5,2,N,STAT,2024-05-18 18:29,2024-05-18 19:00,2024-05-18 19:27
LAB710062,ENC104314,PT12065,GLU,Glucose,125,mg/dL,70,99,H,Routine,2024-05-18 20:26,2024-05-18 21:00,2024-05-18 23:56
LAB710063,ENC104314,PT12065,CREAT,Creatinine,0.97,mg/dL,0.6,1.3,N,Routine,2024-05-18 20:14,2024-05-18 20:24,2024-05-18 21:28
LAB710064,ENC104314,PT12065,WBC,White Blood Cell Count,5.4,K/uL,4.5,11,N,Routine,2024-05-18 20:39,2024-05-18 20:57,2024-05-19 00:21
LAB710065,ENC104314,PT12065,HGB,Hemoglobin,11.9,g/dL,12,17.5,L,STAT,2024-05-18 20:08,2024-05-18 20:27,2024-05-18 20:58
LAB710066,ENC104314,PT12065,NA,Sodium,141,mmol/L,136,145,N,STAT,2024-05-18 19:54,2024-05-18 20:06,2024-05-18 20:51
LAB710067,ENC104314,PT12065,K,Potassium,4.7,mmol/L,3.5,5.1,N,STAT,2024-05-18 20:23,2024-05-18 20:37,2024-05-18 22:07
LAB710068,ENC104315,PT12256,GLU,Glucose,108,mg/dL,70,99,H,Routine,2024-05-18 22:10,2024-05-18 22:35,2024-05-19 02:44
LAB710069,ENC104315,PT12256,CREAT,Creatinine,0.69,mg/dL,0.6,1.3,N,Routine,2024-05-18 21:35,2024-05-18 21:44,2024-05-19 02:33
LAB710070,ENC104315,PT12256,WBC,White Blood Cell Count,10,K/uL,4.5,11,N,STAT,2024-05-18 22:20,2024-05-18 22:51,2024-05-18 23:52
LAB710071,ENC104315,PT12256,HGB,Hemoglobin,12.9,g/dL,12,17.5,N,Routine,2024-05-18 22:05,2024-05-18 22:16,2024-05-19 01:03
LAB710072,ENC104316,PT12638,GLU,Glucose,114,mg/dL,70,99,H,STAT,2024-05-19 01:10,2024-05-19 01:37,2024-05-19 02:53
LAB710073,ENC104316,PT12638,CREAT,Creatinine,0.82,mg/dL,0.6,1.3,N,STAT,2024-05-19 02:06,2024-05-19 02:12,2024-05-19 02:56
LAB710074,ENC104316,PT12638,WBC,White Blood Cell Count,2.8,K/uL,4.5,11,L,Routine,2024-05-19 01:41,2024-05-19 02:16,2024-05-19 03:29
LAB710075,ENC104316,PT12638,HGB,Hemoglobin,13.7,g/dL,12,17.5,N,STAT,2024-05-19 01:05,2024-05-19 01:29,2024-05-19 02:12
LAB710076,ENC104317,PT12005,GLU,Glucose,113,mg/dL,70,99,H,STAT,2024-05-19 06:35,2024-05-19 07:10,2024-05-19 08:31
LAB710077,ENC104317,PT12005,CREAT,Creatinine,1.4,mg/dL,0.6,1.3,H,Routine,2024-05-19 06:26,2024-05-19 06:45,2024-05-19 09:54
LAB710078,ENC104318,PT12538,GLU,Glucose,227,mg/dL,70,99,H,Routine,2024-05-19 10:20,2024-05-19 10:35,2024-05-19 12:32
LAB710079,ENC104318,PT12538,CREAT,Creatinine,0.89,mg/dL,0.6,1.3,N,Routine,2024-05-19 10:04,2024-05-19 10:26,2024-05-19 12:02
LAB710080,ENC104318,PT12538,WBC,White Blood Cell Count,4.8,K/uL,4.5,11,N,Routine,2024-05-19 10:47,2024-05-19 11:19,2024-05-19 15:40
LAB710081,ENC104318,PT12538,HGB,Hemoglobin,13.6,g/dL,12,17.5,N,STAT,2024-05-19 09:56,2024-05-19 10:14,2024-05-19 10:45
LAB710082,ENC104318,PT12538,BUN,Blood Urea Nitrogen,18,mg/dL,7,20,N,STAT,2024-05-19 09:50,2024-05-19 10:00,2024-05-19 10:38
LAB710083,ENC104318,PT12538,PLT,Platelet Count,255,K/uL,150,400,N,STAT,2024-05-19 10:38,2024-05-19 10:50,2024-05-19 11:35
LAB710084,ENC104318,PT12538,INR,Prothrombin Time INR,0.9,ratio,0.8,1.2,N,STAT,2024-05-19 09:52,2024-05-19 10:01,2024-05-19 10:34
LAB710085,ENC104319,PT10669,GLU,Glucose,223,mg/dL,70,99,H,STAT,2024-05-19 11:55,2024-05-19 12:16,2024-05-19 13:02
LAB710086,ENC104319,PT10669,CREAT,Creatinine,0.97,mg/dL,0.6,1.3,N,STAT,2024-05-19 11:28,2024-05-19 11:38,2024-05-19 12:47
LAB710087,ENC104319,PT10669,WBC,White Blood Cell Count,7.3,K/uL,4.5,11,N,STAT,2024-05-19 11:50,2024-05-19 12:24,2024-05-19 13:30
LAB710088,ENC104319,PT10669,HGB,Hemoglobin,13.3,g/dL,12,17.5,N,Routine,2024-05-19 10:55,2024-05-19 11:03,2024-05-19 13:27
LAB710089,ENC104319,PT10669,NA,Sodium,135,mmol/L,136,145,L,STAT,2024-05-19 11:58,2024-05-19 12:21,2024-05-19 13:08
LAB710090,ENC104319,PT10669,K,Potassium,4,mmol/L,3.5,5.1,N,STAT,2024-05-19 11:45,2024-05-19 12:03,2024-05-19 12:35
LAB710091,ENC104319,PT10669,TROP,"Troponin I, High Sensitivity",104,ng/L,0,34,H,STAT,2024-05-19 11:21,2024-05-19 11:55,2024-05-19 12:47
LAB710092,ENC104320,PT12337,GLU,Glucose,107,mg/dL,70,99,H,Routine,2024-05-19 12:25,2024-05-19 12:45,2024-05-19 19:26
LAB710093,ENC104320,PT12337,CREAT,Creatinine,0.97,mg/dL,0.6,1.3,N,STAT,2024-05-19 12:31,2024-05-19 12:59,2024-05-19 13:38
LAB710094,ENC104320,PT12337,WBC,White Blood Cell Count,7.3,K/uL,4.5,11,N,STAT,2024-05-19 13:14,2024-05-19 13:34,2024-05-19 14:43
LAB710095,ENC104320,PT12337,HGB,Hemoglobin,12.6,g/dL,12,17.5,N,STAT,2024-05-19 13:21,2024-05-19 13:36,2024-05-19 14:42
LAB710096,ENC104320,PT12337,NA,Sodium,140,mmol/L,136,145,N,STAT,2024-05-19 12:59,2024-05-19 13:07,2024-05-19 14:08
LAB710097,ENC104320,PT12337,K,Potassium,3.8,mmol/L,3.5,5.1,N,STAT,2024-05-19 13:05,2024-05-19 13:23,2024-05-19 14:07
LAB710098,ENC104320,PT12337,TROP,"Troponin I, High Sensitivity",82,ng/L,0,34,H,STAT,2024-05-19 12:19,2024-05-19 12:49,2024-05-19 14:16
LAB710099,ENC104320,PT12337,BNP,B-Type Natriuretic Peptide,625,pg/mL,0,100,H,STAT,2024-05-19 12:38,2024-05-19 12:50,2024-05-19 13:38
LAB710100,ENC104321,PT11346,GLU,Glucose,99,mg/dL,70,99,N,Routine,2024-05-19 10:54,2024-05-19 11:13,2024-05-19 14:29
LAB710101,ENC104321,PT11346,CREAT,Creatinine,0.92,mg/dL,0.6,1.3,N,Routine,2024-05-19 11:56,2024-05-19 12:26,2024-05-19 16:12
LAB710102,ENC104321,PT11346,WBC,White Blood Cell Count,18.4,K/uL,4.5,11,H,STAT,2024-05-19 11:17,2024-05-19 11:47,2024-05-19 12:45
LAB710103,ENC104321,PT11346,HGB,Hemoglobin,12.8,g/dL,12,17.5,N,STAT,2024-05-19 10:54,2024-05-19 11:09,2024-05-19 11:47
LAB710104,ENC104322,PT10543,GLU,Glucose,209,mg/dL,70,99,H,Routine,2024-05-19 12:46,2024-05-19 13:13,2024-05-19 15:56
LAB710105,ENC104322,PT10543,CREAT,Creatinine,1.04,mg/dL,0.6,1.3,N,STAT,2024-05-19 13:14,2024-05-19 13:49,2024-05-19 14:26
LAB710106,ENC104322,PT10543,WBC,White Blood Cell Count,8.3,K/uL,4.5,11,N,STAT,2024-05-19 12:59,2024-05-19 13:05,2024-05-19 14:05
LAB710107,ENC104323,PT12682,GLU,Glucose,95,mg/dL,70,99,N,Routine,2024-05-19 13:22,2024-05-19 13:49,2024-05-19 15:25
LAB710108,ENC104323,PT12682,CREAT,Creatinine,0.81,mg/dL,0.6,1.3,N,STAT,2024-05-19 13:04,2024-05-19 13:15,2024-05-19 13:49
LAB710109,ENC104325,PT12358,GLU,Glucose,81,mg/dL,70,99,N,Routine,2024-05-19 18:55,2024-05-19 19:02,2024-05-19 22:39
LAB710110,ENC104325,PT12358,CREAT,Creatinine,1,mg/dL,0.6,1.3,N,STAT,2024-05-19 18:53,2024-05-19 19:04,2024-05-19 19:51
LAB710111,ENC104325,PT12358,WBC,White Blood Cell Count,15.5,K/uL,4.5,11,H,STAT,2024-05-19 18:19,2024-05-19 18:54,2024-05-19 19:24
LAB710112,ENC104325,PT12358,HGB,Hemoglobin,12.8,g/dL,12,17.5,N,STAT,2024-05-19 18:40,2024-05-19 18:50,2024-05-19 20:00
LAB710113,ENC104327,PT12341,TROP,"Troponin I, High Sensitivity",6,ng/L,0,34,N,STAT,2024-05-19 17:59,2024-05-19 18:17,2024-05-19 19:39
LAB710114,ENC104329,PT10101,GLU,Glucose,101,mg/dL,70,99,H,STAT,2024-05-20 00:02,2024-05-20 00:07,2024-05-20 00:55
LAB710115,ENC104329,PT10101,CREAT,Creatinine,0.96,mg/dL,0.6,1.3,N,STAT,2024-05-20 00:58,2024-05-20 01:28,2024-05-20 02:38
LAB710116,ENC104329,PT10101,WBC,White Blood Cell Count,9.2,K/uL,4.5,11,N,Routine,2024-05-20 00:37,2024-05-20 01:03,2024-05-20 03:55
LAB710117,ENC104329,PT10101,HGB,Hemoglobin,13.5,g/dL,12,17.5,N,STAT,2024-05-20 01:01,2024-05-20 01:25,2024-05-20 02:04
LAB710118,ENC104329,PT10101,BUN,Blood Urea Nitrogen,17,mg/dL,7,20,N,STAT,2024-05-20 00:17,2024-05-20 00:48,2024-05-20 01:31
LAB710119,ENC104329,PT10101,PLT,Platelet Count,209,K/uL,150,400,N,STAT,2024-05-20 00:12,2024-05-20 00:19,2024-05-20 00:35
LAB710120,ENC104330,PT13253,GLU,Glucose,102,mg/dL,70,99,H,Routine,2024-05-19 20:45,2024-05-19 20:57,2024-05-20 03:56
LAB710121,ENC104330,PT13253,CREAT,Creatinine,0.6,mg/dL,0.6,1.3,N,Routine,2024-05-19 21:08,2024-05-19 21:34,2024-05-19 23:41
LAB710122,ENC104330,PT13253,WBC,White Blood Cell Count,15,K/uL,4.5,11,H,STAT,2024-05-19 21:27,2024-05-19 21:56,2024-05-19 23:10
LAB710123,ENC104331,PT12603,GLU,Glucose,131,mg/dL,70,99,H,Routine,2024-05-19 20:34,2024-05-19 20:46,2024-05-19 21:57
LAB710124,ENC104331,PT12603,CREAT,Creatinine,0.31,mg/dL,0.6,1.3,L,STAT,2024-05-19 21:27,2024-05-19 21:39,2024-05-19 22:22
LAB710125,ENC104331,PT12603,WBC,White Blood Cell Count,7.5,K/uL,4.5,11,N,STAT,2024-05-19 20:54,2024-05-19 21:21,2024-05-19 21:57
LAB710126,ENC104331,PT12603,HGB,Hemoglobin,15,g/dL,12,17.5,N,STAT,2024-05-19 20:53,2024-05-19 21:15,2024-05-19 22:17
LAB710127,ENC104332,PT13307,GLU,Glucose,138,mg/dL,70,99,H,Routine,2024-05-20 01:09,2024-05-20 01:28,2024-05-20 03:26
LAB710128,ENC104332,PT13307,CREAT,Creatinine,1.36,mg/dL,0.6,1.3,H,STAT,2024-05-20 00:57,2024-05-20 01:20,2024-05-20 02:08
LAB710129,ENC104332,PT13307,WBC,White Blood Cell Count,16.1,K/uL,4.5,11,H,STAT,2024-05-20 01:39,2024-05-20 01:58,2024-05-20 02:17
LAB710130,ENC104332,PT13307,HGB,Hemoglobin,14.4,g/dL,12,17.5,N,STAT,2024-05-20 01:48,2024-05-20 02:12,2024-05-20 02:54
LAB710131,ENC104332,PT13307,LACT,Lactate,1.3,mmol/L,0.5,2,N,STAT,2024-05-20 01:28,2024-05-20 02:00,2024-05-20 03:09
LAB710132,ENC104333,PT10903,GLU,Glucose,162,mg/dL,70,99,H,Routine,2024-05-20 00:17,2024-05-20 00:48,2024-05-20 02:57
LAB710133,ENC104333,PT10903,CREAT,Creatinine,0.95,mg/dL,0.6,1.3,N,STAT,2024-05-20 00:32,2024-05-20 00:52,2024-05-20 01:37
LAB710134,ENC104333,PT10903,WBC,White Blood Cell Count,7.4,K/uL,4.5,11,N,Routine,2024-05-20 00:38,2024-05-20 00:50,2024-05-20 06:14
LAB710135,ENC104333,PT10903,HGB,Hemoglobin,13.4,g/dL,12,17.5,N,STAT,2024-05-20 00:30,2024-05-20 01:02,2024-05-20 01:45
LAB710136,ENC104333,PT10903,TROP,"Troponin I, High Sensitivity",185,ng/L,0,34,H,STAT,2024-05-20 00:37,2024-05-20 00:51,2024-05-20 01:13
LAB710137,ENC104334,PT12744,GLU,Glucose,108,mg/dL,70,99,H,STAT,2024-05-20 02:28,2024-05-20 02:33,2024-05-20 03:18
LAB710138,ENC104334,PT12744,CREAT,Creatinine,0.82,mg/dL,0.6,1.3,N,Routine,2024-05-20 01:56,2024-05-20 02:13,2024-05-20 04:23
LAB710139,ENC104334,PT12744,WBC,White Blood Cell Count,9.4,K/uL,4.5,11,N,STAT,2024-05-20 02:54,2024-05-20 03:23,2024-05-20 03:48
LAB710140,ENC104334,PT12744,HGB,Hemoglobin,8.7,g/dL,12,17.5,L,STAT,2024-05-20 02:46,2024-05-20 02:51,2024-05-20 03:31
LAB710141,ENC104334,PT12744,NA,Sodium,137,mmol/L,136,145,N,Routine,2024-05-20 02:32,2024-05-20 03:05,2024-05-20 05:01
LAB710142,ENC104334,PT12744,K,Potassium,4.8,mmol/L,3.5,5.1,N,STAT,2024-05-20 02:38,2024-05-20 02:56,2024-05-20 03:34
LAB710143,ENC104334,PT12744,BUN,Blood Urea Nitrogen,6,mg/dL,7,20,L,STAT,2024-05-20 01:46,2024-05-20 01:53,2024-05-20 02:38
LAB710144,ENC104334,PT12744,PLT,Platelet Count,273,K/uL,150,400,N,STAT,2024-05-20 02:21,2024-05-20 02:49,2024-05-20 03:42
LAB710145,ENC104335,PT11678,GLU,Glucose,253,mg/dL,70,99,H,STAT,2024-05-20 07:58,2024-05-20 08:03,2024-05-20 08:24
LAB710146,ENC104335,PT11678,CREAT,Creatinine,2.19,mg/dL,0.6,1.3,H,STAT,2024-05-20 07:59,2024-05-20 08:29,2024-05-20 09:05
LAB710147,ENC104335,PT11678,WBC,White Blood Cell Count,6.9,K/uL,4.5,11,N,Routine,2024-05-20 06:50,2024-05-20 07:07,2024-05-20 10:21
LAB710148,ENC104335,PT11678,HGB,Hemoglobin,11.1,g/dL,12,17.5,L,Routine,2024-05-20 07:21,2024-05-20 07:44,2024-05-20 11:53
LAB710149,ENC104335,PT11678,TROP,"Troponin I, High Sensitivity",45,ng/L,0,34,H,STAT,2024-05-20 07:52,2024-05-20 08:22,2024-05-20 09:38
LAB710150,ENC104335,PT11678,BNP,B-Type Natriuretic Peptide,1249,pg/mL,0,100,H,STAT,2024-05-20 07:11,2024-05-20 07:27,2024-05-20 08:56
LAB710151,ENC104336,PT12445,TROP,"Troponin I, High Sensitivity",5,ng/L,0,34,N,STAT,2024-05-20 04:38,2024-05-20 04:50,2024-05-20 05:34
LAB710152,ENC104337,PT12810,GLU,Glucose,112,mg/dL,70,99,H,STAT,2024-05-20 06:34,2024-05-20 06:40,2024-05-20 07:01
LAB710153,ENC104337,PT12810,CREAT,Creatinine,1,mg/dL,0.6,1.3,N,STAT,2024-05-20 07:07,2024-05-20 07:36,2024-05-20 08:45
LAB710154,ENC104337,PT12810,WBC,White Blood Cell Count,8,K/uL,4.5,11,N,STAT,2024-05-20 07:08,2024-05-20 07:39,2024-05-20 08:34
LAB710155,ENC104337,PT12810,HGB,Hemoglobin,13.2,g/dL,12,17.5,N,Routine,2024-05-20 06:15,2024-05-20 06:31,2024-05-20 08:43
LAB710156,ENC104337,PT12810,BUN,Blood Urea Nitrogen,12,mg/dL,7,20,N,Routine,2024-05-20 06:57,2024-05-20 07:22,2024-05-20 10:20
LAB710157,ENC104337,PT12810,PLT,Platelet Count,241,K/uL,150,400,N,Routine,2024-05-20 06:32,2024-05-20 06:51,2024-05-20 10:16
LAB710158,ENC104346,PT13671,A1C,Hemoglobin A1c,9.4,%,4,5.6,H,Routine,2024-05-20 13:05,2024-05-20 13:40,2024-05-20 23:32
LAB710159,ENC104346,PT13671,GLU,Glucose,407,mg/dL,70,99,H,Routine,2024-05-20 13:26,2024-05-20 14:00,2024-05-20 16:11
LAB710160,ENC104346,PT13671,CREAT,Creatinine,0.75,mg/dL,0.6,1.3,N,Routine,2024-05-20 13:28,2024-05-20 13:32,2024-05-20 16:53
LAB710161,ENC104348,PT10515,GLU,Glucose,215,mg/dL,70,99,H,STAT,2024-05-20 17:10,2024-05-20 17:20,2024-05-20 18:08
LAB710162,ENC104348,PT10515,CREAT,Creatinine,1.61,mg/dL,0.6,1.3,H,Routine,2024-05-20 17:00,2024-05-20 17:30,2024-05-20 20:18
LAB710163,ENC104348,PT10515,WBC,White Blood Cell Count,20.1,K/uL,4.5,11,H,STAT,2024-05-20 16:46,2024-05-20 17:03,2024-05-20 17:39
LAB710164,ENC104348,PT10515,HGB,Hemoglobin,17.9,g/dL,12,17.5,H,Routine,2024-05-20 17:09,2024-05-20 17:15,2024-05-20 19:18
LAB710165,ENC104348,PT10515,LACT,Lactate,2.8,mmol/L,0.5,2,H,STAT,2024-05-20 17:04,2024-05-20 17:29,2024-05-20 18:06
LAB710166,ENC104351,PT13060,GLU,Glucose,109,mg/dL,70,99,H,STAT,2024-05-20 14:32,2024-05-20 15:00,2024-05-20 15:25
LAB710167,ENC104351,PT13060,CREAT,Creatinine,0.81,mg/dL,0.6,1.3,N,Routine,2024-05-20 14:56,2024-05-20 15:12,2024-05-20 21:46
LAB710168,ENC104351,PT13060,WBC,White Blood Cell Count,8,K/uL,4.5,11,N,Routine,2024-05-20 14:17,2024-05-20 14:49,2024-05-20 17:26
LAB710169,ENC104351,PT13060,HGB,Hemoglobin,13.6,g/dL,12,17.5,N,STAT,2024-05-20 15:17,2024-05-20 15:52,2024-05-20 16:47
LAB710170,ENC104353,PT12068,LDL,LDL Cholesterol,135,mg/dL,0,99,H,Routine,2024-05-20 16:02,2024-05-20 16:16,2024-05-21 03:33
LAB710171,ENC104354,PT13598,GLU,Glucose,238,mg/dL,70,99,H,STAT,2024-05-20 18:06,2024-05-20 18:27,2024-05-20 18:58
LAB710172,ENC104354,PT13598,CREAT,Creatinine,1.08,mg/dL,0.6,1.3,N,Routine,2024-05-20 18:16,2024-05-20 18:46,2024-05-20 22:02
LAB710173,ENC104355,PT13485,GLU,Glucose,123,mg/dL,70,99,H,Routine,2024-05-20 18:01,2024-05-20 18:22,2024-05-20 22:45
LAB710174,ENC104355,PT13485,CREAT,Creatinine,1,mg/dL,0.6,1.3,N,STAT,2024-05-20 17:20,2024-05-20 17:27,2024-05-20 18:11
LAB710175,ENC104355,PT13485,WBC,White Blood Cell Count,13.7,K/uL,4.5,11,H,STAT,2024-05-20 18:30,2024-05-20 18:37,2024-05-20 19:19
LAB710176,ENC104356,PT12436,GLU,Glucose,110,mg/dL,70,99,H,Routine,2024-05-20 21:18,2024-05-20 21:28,2024-05-21 00:38
LAB710177,ENC104356,PT12436,CREAT,Creatinine,2.49,mg/dL,0.6,1.3,H,STAT,2024-05-20 20:34,2024-05-20 21:06,2024-05-20 21:59
LAB710178,ENC104356,PT12436,WBC,White Blood Cell Count,6.4,K/uL,4.5,11,N,Routine,2024-05-20 20:55,2024-05-20 21:22,2024-05-20 23:03
LAB710179,ENC104356,PT12436,HGB,Hemoglobin,8.7,g/dL,12,17.5,L,Routine,2024-05-20 21:25,2024-05-20 21:48,2024-05-20 22:42
LAB710180,ENC104356,PT12436,NA,Sodium,139,mmol/L,136,145,N,STAT,2024-05-20 20:34,2024-05-20 20:57,2024-05-20 21:34
LAB710181,ENC104356,PT12436,K,Potassium,5.4,mmol/L,3.5,5.1,H,STAT,2024-05-20 21:29,2024-05-20 21:51,2024-05-20 22:41
LAB710182,ENC104357,PT10516,GLU,Glucose,90,mg/dL,70,99,N,Routine,2024-05-20 22:48,2024-05-20 23:18,2024-05-21 02:44
LAB710183,ENC104357,PT10516,CREAT,Creatinine,0.91,mg/dL,0.6,1.3,N,STAT,2024-05-20 22:24,2024-05-20 22:30,2024-05-20 23:01
LAB710184,ENC104357,PT10516,WBC,White Blood Cell Count,6.6,K/uL,4.5,11,N,STAT,2024-05-20 22:40,2024-05-20 22:56,2024-05-21 00:01
LAB710185,ENC104357,PT10516,HGB,Hemoglobin,13.7,g/dL,12,17.5,N,Routine,2024-05-20 22:43,2024-05-20 22:55,2024-05-21 00:48
LAB710186,ENC104357,PT10516,NA,Sodium,141,mmol/L,136,145,N,STAT,2024-05-20 22:28,2024-05-20 22:36,2024-05-20 23:08
LAB710187,ENC104357,PT10516,K,Potassium,4.1,mmol/L,3.5,5.1,N,STAT,2024-05-20 22:16,2024-05-20 22:33,2024-05-20 23:15
LAB710188,ENC104357,PT10516,TROP,"Troponin I, High Sensitivity",420,ng/L,0,34,H,STAT,2024-05-20 21:39,2024-05-20 21:57,2024-05-20 22:16
LAB710189,ENC104359,PT13197,GLU,Glucose,121,mg/dL,70,99,H,STAT,2024-05-20 20:55,2024-05-20 21:23,2024-05-20 21:59
LAB710190,ENC104359,PT13197,CREAT,Creatinine,0.78,mg/dL,0.6,1.3,N,STAT,2024-05-20 20:07,2024-05-20 20:33,2024-05-20 22:12
LAB710191,ENC104359,PT13197,WBC,White Blood Cell Count,8.2,K/uL,4.5,11,N,STAT,2024-05-20 20:46,2024-05-20 21:07,2024-05-20 22:21
LAB710192,ENC104359,PT13197,HGB,Hemoglobin,10.3,g/dL,12,17.5,L,STAT,2024-05-20 21:03,2024-05-20 21:34,2024-05-20 22:22
LAB710193,ENC104359,PT13197,TROP,"Troponin I, High Sensitivity",67,ng/L,0,34,H,STAT,2024-05-20 20:55,2024-05-20 21:29,2024-05-20 22:10
LAB710194,ENC104359,PT13197,BNP,B-Type Natriuretic Peptide,1712,pg/mL,0,100,H,STAT,2024-05-20 20:41,2024-05-20 21:03,2024-05-20 21:38
LAB710195,ENC104360,PT13805,GLU,Glucose,106,mg/dL,70,99,H,STAT,2024-05-20 20:41,2024-05-20 21:01,2024-05-20 22:16
LAB710196,ENC104360,PT13805,CREAT,Creatinine,2.52,mg/dL,0.6,1.3,H,STAT,2024-05-20 20:21,2024-05-20 20:55,2024-05-20 22:06
LAB710197,ENC104360,PT13805,WBC,White Blood Cell Count,9.6,K/uL,4.5,11,N,STAT,2024-05-20 20:00,2024-05-20 20:05,2024-05-20 21:14
LAB710198,ENC104360,PT13805,HGB,Hemoglobin,11.4,g/dL,12,17.5,L,STAT,2024-05-20 20:36,2024-05-20 21:02,2024-05-20 22:02
LAB710199,ENC104361,PT11065,GLU,Glucose,104,mg/dL,70,99,H,Routine,2024-05-20 20:59,2024-05-20 21:18,2024-05-21 04:11
LAB710200,ENC104361,PT11065,CREAT,Creatinine,0.74,mg/dL,0.6,1.3,N,STAT,2024-05-20 21:06,2024-05-20 21:24,2024-05-20 22:04
LAB710201,ENC104361,PT11065,WBC,White Blood Cell Count,9.1,K/uL,4.5,11,N,STAT,2024-05-20 21:12,2024-05-20 21:47,2024-05-20 22:21
LAB710202,ENC104361,PT11065,HGB,Hemoglobin,14.7,g/dL,12,17.5,N,STAT,2024-05-20 21:09,2024-05-20 21:41,2024-05-20 22:05
LAB710203,ENC104363,PT12437,GLU,Glucose,73,mg/dL,70,99,N,STAT,2024-05-21 02:01,2024-05-21 02:32,2024-05-21 03:19
LAB710204,ENC104363,PT12437,CREAT,Creatinine,0.75,mg/dL,0.6,1.3,N,STAT,2024-05-21 02:00,2024-05-21 02:06,2024-05-21 02:54
LAB710205,ENC104363,PT12437,WBC,White Blood Cell Count,21.1,K/uL,4.5,11,H,Routine,2024-05-21 02:08,2024-05-21 02:17,2024-05-21 06:02
LAB710206,ENC104363,PT12437,HGB,Hemoglobin,14.7,g/dL,12,17.5,N,Routine,2024-05-21 02:22,2024-05-21 02:54,2024-05-21 06:34
LAB710207,ENC104363,PT12437,NA,Sodium,140,mmol/L,136,145,N,STAT,2024-05-21 02:02,2024-05-21 02:10,2024-05-21 02:48
LAB710208,ENC104363,PT12437,K,Potassium,4.4,mmol/L,3.5,5.1,N,STAT,2024-05-21 02:01,2024-05-21 02:09,2024-05-21 02:53
LAB710209,ENC104364,PT12614,GLU,Glucose,88,mg/dL,70,99,N,Routine,2024-05-21 00:54,2024-05-21 01:03,2024-05-21 04:45
LAB710210,ENC104364,PT12614,CREAT,Creatinine,0.98,mg/dL,0.6,1.3,N,Routine,2024-05-21 00:18,2024-05-21 00:39,2024-05-21 03:22
LAB710211,ENC104364,PT12614,WBC,White Blood Cell Count,8.8,K/uL,4.5,11,N,STAT,2024-05-21 01:15,2024-05-21 01:21,2024-05-21 02:56
LAB710212,ENC104364,PT12614,HGB,Hemoglobin,15.9,g/dL,12,17.5,N,Routine,2024-05-21 00:51,2024-05-21 01:03,2024-05-21 03:51
LAB710213,ENC104365,PT11257,GLU,Glucose,98,mg/dL,70,99,N,Routine,2024-05-21 03:45,2024-05-21 03:57,2024-05-21 05:40
LAB710214,ENC104365,PT11257,CREAT,Creatinine,0.84,mg/dL,0.6,1.3,N,Routine,2024-05-21 04:18,2024-05-21 04:39,2024-05-21 08:48
LAB710215,ENC104365,PT11257,WBC,White Blood Cell Count,8.1,K/uL,4.5,11,N,Routine,2024-05-21 04:20,2024-05-21 04:28,2024-05-21 08:59
LAB710216,ENC104365,PT11257,HGB,Hemoglobin,16.6,g/dL,12,17.5,N,STAT,2024-05-21 03:47,2024-05-21 04:20,2024-05-21 05:27
LAB710217,ENC104365,PT11257,NA,Sodium,138,mmol/L,136,145,N,STAT,2024-05-21 03:44,2024-05-21 04:03,2024-05-21 05:13
LAB710218,ENC104365,PT11257,K,Potassium,4.3,mmol/L,3.5,5.1,N,STAT,2024-05-21 04:10,2024-05-21 04:31,2024-05-21 06:22
LAB710219,ENC104366,PT13476,GLU,Glucose,214,mg/dL,70,99,H,STAT,2024-05-21 02:49,2024-05-21 03:16,2024-05-21 03:42
LAB710220,ENC104366,PT13476,CREAT,Creatinine,1.02,mg/dL,0.6,1.3,N,STAT,2024-05-21 03:12,2024-05-21 03:34,2024-05-21 03:55
LAB710221,ENC104367,PT11694,GLU,Glucose,111,mg/dL,70,99,H,Routine,2024-05-21 08:43,2024-05-21 09:11,2024-05-21 10:40
LAB710222,ENC104367,PT11694,CREAT,Creatinine,1.79,mg/dL,0.6,1.3,H,STAT,2024-05-21 08:00,2024-05-21 08:09,2024-05-21 09:01
LAB710223,ENC104367,PT11694,WBC,White Blood Cell Count,10.6,K/uL,4.5,11,N,STAT,2024-05-21 07:59,2024-05-21 08:04,2024-05-21 08:44
LAB710224,ENC104367,PT11694,HGB,Hemoglobin,9.6,g/dL,12,17.5,L,STAT,2024-05-21 08:17,2024-05-21 08:41,2024-05-21 09:07
LAB710225,ENC104369,PT13930,LDL,LDL Cholesterol,193,mg/dL,0,99,H,Routine,2024-05-21 09:06,2024-05-21 09:18,2024-05-22 06:50
LAB710226,ENC104371,PT10044,LDL,LDL Cholesterol,137,mg/dL,0,99,H,Routine,2024-05-21 10:25,2024-05-21 10:53,2024-05-21 21:31
LAB710227,ENC104371,PT10044,A1C,Hemoglobin A1c,5.2,%,4,5.6,N,Routine,2024-05-21 10:33,2024-05-21 10:42,2024-05-22 04:24
LAB710228,ENC104372,PT12729,LDL,LDL Cholesterol,108,mg/dL,0,99,H,Routine,2024-05-21 10:36,2024-05-21 11:00,2024-05-21 22:34
LAB710229,ENC104372,PT12729,A1C,Hemoglobin A1c,5.2,%,4,5.6,N,Routine,2024-05-21 10:42,2024-05-21 11:11,2024-05-22 01:41
LAB710230,ENC104374,PT12461,GLU,Glucose,109,mg/dL,70,99,H,Routine,2024-05-21 13:22,2024-05-21 13:27,2024-05-21 16:53
LAB710231,ENC104374,PT12461,CREAT,Creatinine,1.03,mg/dL,0.6,1.3,N,Routine,2024-05-21 14:20,2024-05-21 14:26,2024-05-21 15:54
LAB710232,ENC104374,PT12461,WBC,White Blood Cell Count,6.7,K/uL,4.5,11,N,STAT,2024-05-21 13:29,2024-05-21 13:46,2024-05-21 14:18
LAB710233,ENC104374,PT12461,HGB,Hemoglobin,14.5,g/dL,12,17.5,N,STAT,2024-05-21 13:36,2024-05-21 13:59,2024-05-21 15:23
LAB710234,ENC104374,PT12461,TROP,"Troponin I, High Sensitivity",50,ng/L,0,34,H,STAT,2024-05-21 14:13,2024-05-21 14:19,2024-05-21 14:49
LAB710235,ENC104374,PT12461,BNP,B-Type Natriuretic Peptide,1393,pg/mL,0,100,H,STAT,2024-05-21 14:27,2024-05-21 14:53,2024-05-21 15:25
LAB710236,ENC104375,PT13557,GLU,Glucose,345,mg/dL,70,99,H,STAT,2024-05-21 16:13,2024-05-21 16:27,2024-05-21 16:59
LAB710237,ENC104375,PT13557,CREAT,Creatinine,0.85,mg/dL,0.6,1.3,N,Routine,2024-05-21 15:49,2024-05-21 15:54,2024-05-21 18:30
LAB710238,ENC104375,PT13557,WBC,White Blood Cell Count,10.6,K/uL,4.5,11,N,STAT,2024-05-21 15:58,2024-05-21 16:10,2024-05-21 16:38
LAB710239,ENC104375,PT13557,HGB,Hemoglobin,16.3,g/dL,12,17.5,N,STAT,2024-05-21 16:13,2024-05-21 16:42,2024-05-21 18:08
LAB710240,ENC104375,PT13557,NA,Sodium,142,mmol/L,136,145,N,Routine,2024-05-21 15:48,2024-05-21 16:12,2024-05-21 19:10
LAB710241,ENC104375,PT13557,K,Potassium,3.9,mmol/L,3.5,5.1,N,STAT,2024-05-21 16:41,2024-05-21 17:16,2024-05-21 17:38
LAB710242,ENC104375,PT13557,A1C,Hemoglobin A1c,10.5,%,4,5.6,H,STAT,2024-05-21 16:22,2024-05-21 16:41,2024-05-21 17:20
LAB710243,ENC104377,PT13222,WBC,White Blood Cell Count,6.8,K/uL,4.5,11,N,Routine,2024-05-21 13:29,2024-05-21 13:41,2024-05-21 22:25
LAB710244,ENC104377,PT13222,HGB,Hemoglobin,17.1,g/dL,12,17.5,N,Routine,2024-05-21 13:20,2024-05-21 13:45,2024-05-21 15:52
LAB710245,ENC104377,PT13222,PLT,Platelet Count,275,K/uL,150,400,N,Routine,2024-05-21 13:25,2024-05-21 13:54,2024-05-21 19:08
LAB710246,ENC104378,PT10783,A1C,Hemoglobin A1c,5.6,%,4,5.6,N,Routine,2024-05-21 13:42,2024-05-21 14:00,2024-05-22 07:24
LAB710247,ENC104378,PT10783,GLU,Glucose,100,mg/dL,70,99,H,Routine,2024-05-21 13:42,2024-05-21 13:58,2024-05-21 17:31
LAB710248,ENC104378,PT10783,CREAT,Creatinine,1.9,mg/dL,0.6,1.3,H,Routine,2024-05-21 13:25,2024-05-21 13:41,2024-05-21 18:47
LAB710249,ENC104381,PT12342,GLU,Glucose,119,mg/dL,70,99,H,STAT,2024-05-21 18:23,2024-05-21 18:42,2024-05-21 19:42
LAB710250,ENC104381,PT12342,CREAT,Creatinine,0.78,mg/dL,0.6,1.3,N,STAT,2024-05-21 18:18,2024-05-21 18:47,2024-05-21 19:29
LAB710251,ENC104381,PT12342,WBC,White Blood Cell Count,6.2,K/uL,4.5,11,N,STAT,2024-05-21 18:04,2024-05-21 18:24,2024-05-21 19:03
LAB710252,ENC104381,PT12342,HGB,Hemoglobin,16,g/dL,12,17.5,N,Routine,2024-05-21 18:41,2024-05-21 19:07,2024-05-22 02:05
LAB710253,ENC104382,PT10648,GLU,Glucose,122,mg/dL,70,99,H,STAT,2024-05-21 19:20,2024-05-21 19:46,2024-05-21 20:18
LAB710254,ENC104382,PT10648,CREAT,Creatinine,1.12,mg/dL,0.6,1.3,N,Routine,2024-05-21 19:13,2024-05-21 19:28,2024-05-21 23:04
LAB710255,ENC104382,PT10648,WBC,White Blood Cell Count,8,K/uL,4.5,11,N,STAT,2024-05-21 18:20,2024-05-21 18:34,2024-05-21 19:43
LAB710256,ENC104382,PT10648,HGB,Hemoglobin,12.1,g/dL,12,17.5,N,Routine,2024-05-21 18:15,2024-05-21 18:30,2024-05-22 00:05
LAB710257,ENC104383,PT11895,WBC,White Blood Cell Count,10.2,K/uL,4.5,11,N,Routine,2024-05-21 15:28,2024-05-21 15:32,2024-05-21 18:01
LAB710258,ENC104383,PT11895,HGB,Hemoglobin,15.3,g/dL,12,17.5,N,Routine,2024-05-21 15:27,2024-05-21 15:57,2024-05-21 17:47
LAB710259,ENC104383,PT11895,PLT,Platelet Count,311,K/uL,150,400,N,Routine,2024-05-21 15:17,2024-05-21 15:40,2024-05-21 22:02
LAB710260,ENC104385,PT13849,LDL,LDL Cholesterol,126,mg/dL,0,99,H,Routine,2024-05-21 15:36,2024-05-21 16:10,2024-05-22 19:44
LAB710261,ENC104388,PT11743,GLU,Glucose,102,mg/dL,70,99,H,STAT,2024-05-21 22:32,2024-05-21 22:52,2024-05-21 23:49
LAB710262,ENC104388,PT11743,CREAT,Creatinine,1.43,mg/dL,0.6,1.3,H,Routine,2024-05-21 22:49,2024-05-21 23:22,2024-05-22 01:58
LAB710263,ENC104388,PT11743,WBC,White Blood Cell Count,6.6,K/uL,4.5,11,N,STAT,2024-05-21 22:41,2024-05-21 23:09,2024-05-21 23:54
LAB710264,ENC104388,PT11743,HGB,Hemoglobin,14.9,g/dL,12,17.5,N,STAT,2024-05-21 22:21,2024-05-21 22:36,2024-05-21 23:27
LAB710265,ENC104388,PT11743,TROP,"Troponin I, High Sensitivity",75,ng/L,0,34,H,STAT,2024-05-21 22:50,2024-05-21 23:25,2024-05-22 02:00
LAB710266,ENC104388,PT11743,BNP,B-Type Natriuretic Peptide,1578,pg/mL,0,100,H,STAT,2024-05-21 22:50,2024-05-21 23:09,2024-05-22 00:03
LAB710267,ENC104389,PT12733,GLU,Glucose,97,mg/dL,70,99,N,STAT,2024-05-21 20:41,2024-05-21 21:09,2024-05-21 21:50
LAB710268,ENC104389,PT12733,CREAT,Creatinine,0.87,mg/dL,0.6,1.3,N,Routine,2024-05-21 20:44,2024-05-21 21:07,2024-05-21 23:57
LAB710269,ENC104389,PT12733,WBC,White Blood Cell Count,15.7,K/uL,4.5,11,H,Routine,2024-05-21 20:27,2024-05-21 20:31,2024-05-21 22:33
LAB710270,ENC104389,PT12733,HGB,Hemoglobin,14.6,g/dL,12,17.5,N,Routine,2024-05-21 21:30,2024-05-21 21:51,2024-05-22 05:25
LAB710271,ENC104391,PT11394,GLU,Glucose,128,mg/dL,70,99,H,STAT,2024-05-22 04:05,2024-05-22 04:31,2024-05-22 05:14
LAB710272,ENC104391,PT11394,CREAT,Creatinine,0.69,mg/dL,0.6,1.3,N,STAT,2024-05-22 04:21,2024-05-22 04:31,2024-05-22 05:08
LAB710273,ENC104391,PT11394,WBC,White Blood Cell Count,7,K/uL,4.5,11,N,Routine,2024-05-22 03:26,2024-05-22 03:48,2024-05-22 07:51
LAB710274,ENC104391,PT11394,HGB,Hemoglobin,13.7,g/dL,12,17.5,N,STAT,2024-05-22 03:46,2024-05-22 04:09,2024-05-22 04:54
LAB710275,ENC104391,PT11394,TROP,"Troponin I, High Sensitivity",12,ng/L,0,34,N,STAT,2024-05-22 03:59,2024-05-22 04:33,2024-05-22 05:19
LAB710276,ENC104392,PT11232,GLU,Glucose,314,mg/dL,70,99,H,STAT,2024-05-22 09:35,2024-05-22 09:53,2024-05-22 10:20
LAB710277,ENC104392,PT11232,CREAT,Creatinine,1.05,mg/dL,0.6,1.3,N,STAT,2024-05-22 08:49,2024-05-22 09:21,2024-05-22 09:56
LAB710278,ENC104392,PT11232,WBC,White Blood Cell Count,7.3,K/uL,4.5,11,N,STAT,2024-05-22 08:26,2024-05-22 08:34,2024-05-22 10:03
LAB710279,ENC104392,PT11232,HGB,Hemoglobin,12.2,g/dL,12,17.5,N,STAT,2024-05-22 08:27,2024-05-22 08:39,2024-05-22 09:32
LAB710280,ENC104392,PT11232,NA,Sodium,137,mmol/L,136,145,N,STAT,2024-05-22 09:08,2024-05-22 09:42,2024-05-22 11:28
LAB710281,ENC104392,PT11232,K,Potassium,4.3,mmol/L,3.5,5.1,N,STAT,2024-05-22 09:19,2024-05-22 09:53,2024-05-22 10:39
LAB710282,ENC104392,PT11232,A1C,Hemoglobin A1c,12.8,%,4,5.6,H,Routine,2024-05-22 09:31,2024-05-22 09:55,2024-05-22 15:44
LAB710283,ENC104393,PT13442,GLU,Glucose,127,mg/dL,70,99,H,Routine,2024-05-22 09:28,2024-05-22 09:41,2024-05-22 14:12
LAB710284,ENC104393,PT13442,CREAT,Creatinine,2.56,mg/dL,0.6,1.3,H,STAT,2024-05-22 08:43,2024-05-22 09:06,2024-05-22 10:36
LAB710285,ENC104393,PT13442,WBC,White Blood Cell Count,12.9,K/uL,4.5,11,H,STAT,2024-05-22 08:48,2024-05-22 09:01,2024-05-22 10:06
LAB710286,ENC104393,PT13442,HGB,Hemoglobin,10.7,g/dL,12,17.5,L,Routine,2024-05-22 08:22,2024-05-22 08:51,2024-05-22 11:32
LAB710287,ENC104394,PT13128,GLU,Glucose,128,mg/dL,70,99,H,STAT,2024-05-22 06:20,2024-05-22 06:47,2024-05-22 07:11
LAB710288,ENC104394,PT13128,CREAT,Creatinine,1.15,mg/dL,0.6,1.3,N,Routine,2024-05-22 06:50,2024-05-22 07:00,2024-05-22 10:44
LAB710289,ENC104394,PT13128,WBC,White Blood Cell Count,6.6,K/uL,4.5,11,N,STAT,2024-05-22 07:16,2024-05-22 07:47,2024-05-22 08:41
LAB710290,ENC104394,PT13128,HGB,Hemoglobin,14.3,g/dL,12,17.5,N,Routine,2024-05-22 06:50,2024-05-22 07:02,2024-05-22 08:16
LAB710291,ENC104395,PT11561,GLU,Glucose,45,mg/dL,70,99,L,STAT,2024-05-22 07:20,2024-05-22 07:36,2024-05-22 08:16
LAB710292,ENC104395,PT11561,CREAT,Creatinine,0.81,mg/dL,0.6,1.3,N,STAT,2024-05-22 07:38,2024-05-22 08:09,2024-05-22 09:04
LAB710293,ENC104395,PT11561,WBC,White Blood Cell Count,7.5,K/uL,4.5,11,N,STAT,2024-05-22 07:35,2024-05-22 08:08,2024-05-22 10:46
LAB710294,ENC104395,PT11561,HGB,Hemoglobin,13.7,g/dL,12,17.5,N,STAT,2024-05-22 06:51,2024-05-22 07:24,2024-05-22 08:11
LAB710295,ENC104396,PT11135,GLU,Glucose,98,mg/dL,70,99,N,STAT,2024-05-22 13:30,2024-05-22 13:39,2024-05-22 14:07
LAB710296,ENC104396,PT11135,CREAT,Creatinine,3.03,mg/dL,0.6,1.3,H,Routine,2024-05-22 12:42,2024-05-22 13:12,2024-05-22 15:24
LAB710297,ENC104396,PT11135,WBC,White Blood Cell Count,8.5,K/uL,4.5,11,N,STAT,2024-05-22 13:26,2024-05-22 13:43,2024-05-22 14:21
LAB710298,ENC104396,PT11135,HGB,Hemoglobin,13,g/dL,12,17.5,N,STAT,2024-05-22 13:36,2024-05-22 13:59,2024-05-22 15:00
LAB710299,ENC104396,PT11135,NA,Sodium,141,mmol/L,136,145,N,Routine,2024-05-22 13:02,2024-05-22 13:12,2024-05-22 16:01
LAB710300,ENC104396,PT11135,K,Potassium,4.5,mmol/L,3.5,5.1,N,STAT,2024-05-22 13:49,2024-05-22 13:58,2024-05-22 14:36
LAB710301,ENC104397,PT11603,LDL,LDL Cholesterol,122,mg/dL,0,99,H,Routine,2024-05-22 08:38,2024-05-22 08:54,2024-05-22 16:55
LAB710302,ENC104398,PT12873,GLU,Glucose,92,mg/dL,70,99,N,STAT,2024-05-22 09:30,2024-05-22 09:53,2024-05-22 10:40
LAB710303,ENC104398,PT12873,CREAT,Creatinine,0.96,mg/dL,0.6,1.3,N,STAT,2024-05-22 08:45,2024-05-22 09:10,2024-05-22 09:37
LAB710304,ENC104399,PT12435,GLU,Glucose,102,mg/dL,70,99,H,STAT,2024-05-22 09:29,2024-05-22 09:35,2024-05-22 10:28
LAB710305,ENC104399,PT12435,CREAT,Creatinine,0.79,mg/dL,0.6,1.3,N,Routine,2024-05-22 09:11,2024-05-22 09:28,2024-05-22 13:17
LAB710306,ENC104399,PT12435,WBC,White Blood Cell Count,12.5,K/uL,4.5,11,H,Routine,2024-05-22 09:26,2024-05-22 09:30,2024-05-22 13:03
LAB710307,ENC104399,PT12435,HGB,Hemoglobin,10.8,g/dL,12,17.5,L,Routine,2024-05-22 08:57,2024-05-22 09:16,2024-05-22 11:29
LAB710308,ENC104401,PT13588,INR,Prothrombin Time INR,2.6,ratio,0.8,1.2,H,Routine,2024-05-22 09:49,2024-05-22 09:53,2024-05-22 11:47
LAB710309,ENC104403,PT11804,WBC,White Blood Cell Count,5.6,K/uL,4.5,11,N,Routine,2024-05-22 11:15,2024-05-22 11:30,2024-05-22 14:59
LAB710310,ENC104403,PT11804,HGB,Hemoglobin,13.8,g/dL,12,17.5,N,Routine,2024-05-22 11:04,2024-05-22 11:35,2024-05-22 15:53
LAB710311,ENC104403,PT11804,PLT,Platelet Count,193,K/uL,150,400,N,Routine,2024-05-22 11:02,2024-05-22 11:36,2024-05-22 12:33
LAB710312,ENC104406,PT10217,A1C,Hemoglobin A1c,6.6,%,4,5.6,H,Routine,2024-05-22 11:42,2024-05-22 12:12,2024-05-23 07:39
LAB710313,ENC104406,PT10217,GLU,Glucose,223,mg/dL,70,99,H,Routine,2024-05-22 11:37,2024-05-22 12:00,2024-05-22 14:42
LAB710314,ENC104406,PT10217,CREAT,Creatinine,1.14,mg/dL,0.6,1.3,N,Routine,2024-05-22 11:23,2024-05-22 11:43,2024-05-22 15:02
LAB710315,ENC104408,PT11817,LDL,LDL Cholesterol,150,mg/dL,0,99,H,Routine,2024-05-22 11:49,2024-05-22 12:22,2024-05-22 22:10
LAB710316,ENC104409,PT11165,GLU,Glucose,68,mg/dL,70,99,L,STAT,2024-05-22 15:40,2024-05-22 15:51,2024-05-22 16:30
LAB710317,ENC104409,PT11165,CREAT,Creatinine,0.97,mg/dL,0.6,1.3,N,STAT,2024-05-22 14:53,2024-05-22 15:21,2024-05-22 15:42
LAB710318,ENC104409,PT11165,WBC,White Blood Cell Count,10.5,K/uL,4.5,11,N,Routine,2024-05-22 15:10,2024-05-22 15:36,2024-05-22 18:27
LAB710319,ENC104409,PT11165,HGB,Hemoglobin,15.2,g/dL,12,17.5,N,STAT,2024-05-22 15:55,2024-05-22 16:17,2024-05-22 17:02
LAB710320,ENC104409,PT11165,NA,Sodium,140,mmol/L,136,145,N,STAT,2024-05-22 15:07,2024-05-22 15:42,2024-05-22 16:46
LAB710321,ENC104409,PT11165,K,Potassium,4,mmol/L,3.5,5.1,N,STAT,2024-05-22 15:24,2024-05-22 15:45,2024-05-22 16:10
LAB710322,ENC104409,PT11165,TROP,"Troponin I, High Sensitivity",2,ng/L,0,34,N,STAT,2024-05-22 15:39,2024-05-22 15:50,2024-05-22 16:24
LAB710323,ENC104409,PT11165,BNP,B-Type Natriuretic Peptide,1372,pg/mL,0,100,H,STAT,2024-05-22 15:19,2024-05-22 15:29,2024-05-22 16:17
LAB710324,ENC104410,PT12647,TROP,"Troponin I, High Sensitivity",4,ng/L,0,34,N,STAT,2024-05-22 12:09,2024-05-22 12:29,2024-05-22 13:08
LAB710325,ENC104413,PT13880,LDL,LDL Cholesterol,134,mg/dL,0,99,H,Routine,2024-05-22 12:22,2024-05-22 12:47,2024-05-23 09:52
LAB710326,ENC104413,PT13880,A1C,Hemoglobin A1c,6,%,4,5.6,H,Routine,2024-05-22 12:22,2024-05-22 12:51,2024-05-22 21:44
LAB710327,ENC104415,PT10658,GLU,Glucose,102,mg/dL,70,99,H,STAT,2024-05-22 14:04,2024-05-22 14:30,2024-05-22 14:53
LAB710328,ENC104415,PT10658,CREAT,Creatinine,0.83,mg/dL,0.6,1.3,N,Routine,2024-05-22 14:10,2024-05-22 14:21,2024-05-22 16:46
LAB710329,ENC104415,PT10658,WBC,White Blood Cell Count,11,K/uL,4.5,11,N,STAT,2024-05-22 13:46,2024-05-22 14:05,2024-05-22 14:33
LAB710330,ENC104415,PT10658,TROP,"Troponin I, High Sensitivity",10,ng/L,0,34,N,STAT,2024-05-22 13:43,2024-05-22 14:16,2024-05-22 15:12
LAB710331,ENC104416,PT12111,GLU,Glucose,114,mg/dL,70,99,H,STAT,2024-05-22 14:18,2024-05-22 14:49,2024-05-22 15:44
LAB710332,ENC104416,PT12111,CREAT,Creatinine,0.86,mg/dL,0.6,1.3,N,Routine,2024-05-22 14:08,2024-05-22 14:26,2024-05-22 17:29
LAB710333,ENC104416,PT12111,WBC,White Blood Cell Count,10.6,K/uL,4.5,11,N,Routine,2024-05-22 14:13,2024-05-22 14:32,2024-05-22 17:37
LAB710334,ENC104416,PT12111,HGB,Hemoglobin,12.5,g/dL,12,17.5,N,Routine,2024-05-22 14:17,2024-05-22 14:37,2024-05-22 19:12
LAB710335,ENC104417,PT10545,LDL,LDL Cholesterol,66,mg/dL,0,99,N,Routine,2024-05-22 14:17,2024-05-22 14:35,2024-05-23 10:46
LAB710336,ENC104418,PT10901,GLU,Glucose,102,mg/dL,70,99,H,STAT,2024-05-22 17:34,2024-05-22 17:46,2024-05-22 18:20
LAB710337,ENC104418,PT10901,CREAT,Creatinine,1.67,mg/dL,0.6,1.3,H,STAT,2024-05-22 17:50,2024-05-22 18:22,2024-05-22 19:13
LAB710338,ENC104418,PT10901,WBC,White Blood Cell Count,4.3,K/uL,4.5,11,L,STAT,2024-05-22 18:04,2024-05-22 18:12,2024-05-22 18:56
LAB710339,ENC104418,PT10901,HGB,Hemoglobin,11.4,g/dL,12,17.5,L,STAT,2024-05-22 17:48,2024-05-22 18:19,2024-05-22 19:27
LAB710340,ENC104422,PT12119,GLU,Glucose,79,mg/dL,70,99,N,Routine,2024-05-22 16:29,2024-05-22 16:34,2024-05-22 18:35
LAB710341,ENC104422,PT12119,CREAT,Creatinine,1.02,mg/dL,0.6,1.3,N,STAT,2024-05-22 15:48,2024-05-22 15:52,2024-05-22 17:16
LAB710342,ENC104422,PT12119,WBC,White Blood Cell Count,9.8,K/uL,4.5,11,N,STAT,2024-05-22 16:45,2024-05-22 17:20,2024-05-22 18:00
LAB710343,ENC104422,PT12119,HGB,Hemoglobin,12.6,g/dL,12,17.5,N,Routine,2024-05-22 16:03,2024-05-22 16:29,2024-05-22 18:14
LAB710344,ENC104423,PT10653,GLU,Glucose,157,mg/dL,70,99,H,STAT,2024-05-22 19:14,2024-05-22 19:21,2024-05-22 19:48
LAB710345,ENC104423,PT10653,CREAT,Creatinine,0.7,mg/dL,0.6,1.3,N,Routine,2024-05-22 19:37,2024-05-22 20:00,2024-05-22 23:09
LAB710346,ENC104423,PT10653,WBC,White Blood Cell Count,7.9,K/uL,4.5,11,N,Routine,2024-05-22 19:55,2024-05-22 20:20,2024-05-23 01:57
LAB710347,ENC104423,PT10653,HGB,Hemoglobin,16.8,g/dL,12,17.5,N,Routine,2024-05-22 19:46,2024-05-22 19:59,2024-05-22 23:06
LAB710348,ENC104423,PT10653,TROP,"Troponin I, High Sensitivity",92,ng/L,0,34,H,STAT,2024-05-22 19:31,2024-05-22 19:45,2024-05-22 20:45
LAB710349,ENC104423,PT10653,BNP,B-Type Natriuretic Peptide,1230,pg/mL,0,100,H,STAT,2024-05-22 19:28,2024-05-22 19:57,2024-05-22 20:15
LAB710350,ENC104424,PT11017,WBC,White Blood Cell Count,9.2,K/uL,4.5,11,N,Routine,2024-05-22 16:35,2024-05-22 17:08,2024-05-22 19:05
LAB710351,ENC104424,PT11017,HGB,Hemoglobin,13.8,g/dL,12,17.5,N,Routine,2024-05-22 16:29,2024-05-22 16:39,2024-05-22 19:16
LAB710352,ENC104424,PT11017,PLT,Platelet Count,211,K/uL,150,400,N,Routine,2024-05-22 16:21,2024-05-22 16:51,2024-05-22 21:50
LAB710353,ENC104425,PT11825,GLU,Glucose,99,mg/dL,70,99,N,Routine,2024-05-22 20:13,2024-05-22 20:44,2024-05-22 21:33
LAB710354,ENC104425,PT11825,CREAT,Creatinine,1.32,mg/dL,0.6,1.3,H,STAT,2024-05-22 20:35,2024-05-22 20:48,2024-05-22 22:01
LAB710355,ENC104425,PT11825,WBC,White Blood Cell Count,10,K/uL,4.5,11,N,STAT,2024-05-22 20:55,2024-05-22 21:01,2024-05-22 22:14
LAB710356,ENC104425,PT11825,HGB,Hemoglobin,13,g/dL,12,17.5,N,STAT,2024-05-22 20:37,2024-05-22 21:06,2024-05-22 21:42
LAB710357,ENC104425,PT11825,NA,Sodium,143,mmol/L,136,145,N,STAT,2024-05-22 21:17,2024-05-22 21:23,2024-05-22 22:26
LAB710358,ENC104425,PT11825,K,Potassium,3.6,mmol/L,3.5,5.1,N,STAT,2024-05-22 21:20,2024-05-22 21:44,2024-05-22 23:08
LAB710359,ENC104425,PT11825,TROP,"Troponin I, High Sensitivity",69,ng/L,0,34,H,STAT,2024-05-22 20:29,2024-05-22 20:55,2024-05-22 21:36
LAB710360,ENC104427,PT13965,GLU,Glucose,105,mg/dL,70,99,H,STAT,2024-05-22 22:31,2024-05-22 23:06,2024-05-23 00:25
LAB710361,ENC104427,PT13965,CREAT,Creatinine,0.99,mg/dL,0.6,1.3,N,Routine,2024-05-22 22:10,2024-05-22 22:39,2024-05-23 03:43
LAB710362,ENC104427,PT13965,WBC,White Blood Cell Count,8.5,K/uL,4.5,11,N,STAT,2024-05-22 22:57,2024-05-22 23:03,2024-05-22 23:40
LAB710363,ENC104427,PT13965,HGB,Hemoglobin,14,g/dL,12,17.5,N,STAT,2024-05-22 22:12,2024-05-22 22:18,2024-05-22 22:44
LAB710364,ENC104427,PT13965,NA,Sodium,142,mmol/L,136,145,N,STAT,2024-05-22 22:34,2024-05-22 22:46,2024-05-22 23:45
LAB710365,ENC104427,PT13965,K,Potassium,4.2,mmol/L,3.5,5.1,N,STAT,2024-05-22 22:06,2024-05-22 22:33,2024-05-22 23:17
LAB710366,ENC104427,PT13965,BUN,Blood Urea Nitrogen,12,mg/dL,7,20,N,STAT,2024-05-22 22:38,2024-05-22 23:10,2024-05-22 23:37
LAB710367,ENC104427,PT13965,PLT,Platelet Count,260,K/uL,150,400,N,Routine,2024-05-22 21:49,2024-05-22 22:22,2024-05-23 02:42
LAB710368,ENC104427,PT13965,TROP,"Troponin I, High Sensitivity",1068,ng/L,0,34,H,STAT,2024-05-22 21:57,2024-05-22 22:21,2024-05-22 23:48
LAB710369,ENC104428,PT12898,GLU,Glucose,83,mg/dL,70,99,N,Routine,2024-05-22 23:55,2024-05-23 00:14,2024-05-23 04:01
LAB710370,ENC104428,PT12898,CREAT,Creatinine,0.69,mg/dL,0.6,1.3,N,STAT,2024-05-22 23:39,2024-05-23 00:13,2024-05-23 02:32
LAB710371,ENC104428,PT12898,WBC,White Blood Cell Count,7.3,K/uL,4.5,11,N,STAT,2024-05-22 23:27,2024-05-22 23:59,2024-05-23 00:42
LAB710372,ENC104428,PT12898,HGB,Hemoglobin,14.6,g/dL,12,17.5,N,STAT,2024-05-22 23:44,2024-05-23 00:08,2024-05-23 02:09
LAB710373,ENC104428,PT12898,NA,Sodium,142,mmol/L,136,145,N,Routine,2024-05-22 23:00,2024-05-22 23:34,2024-05-23 02:25
LAB710374,ENC104428,PT12898,K,Potassium,3.9,mmol/L,3.5,5.1,N,STAT,2024-05-22 22:53,2024-05-22 23:06,2024-05-23 00:03
LAB710375,ENC104429,PT12293,GLU,Glucose,76,mg/dL,70,99,N,STAT,2024-05-22 23:12,2024-05-22 23:31,2024-05-23 00:05
LAB710376,ENC104429,PT12293,CREAT,Creatinine,0.8,mg/dL,0.6,1.3,N,Routine,2024-05-22 23:23,2024-05-22 23:44,2024-05-23 01:50
LAB710377,ENC104429,PT12293,WBC,White Blood Cell Count,4.8,K/uL,4.5,11,N,Routine,2024-05-22 23:40,2024-05-22 23:46,2024-05-23 07:27
LAB710378,ENC104429,PT12293,HGB,Hemoglobin,13.6,g/dL,12,17.5,N,STAT,2024-05-23 00:13,2024-05-23 00:35,2024-05-23 01:37
LAB710379,ENC104430,PT13229,GLU,Glucose,116,mg/dL,70,99,H,Routine,2024-05-23 05:56,2024-05-23 06:28,2024-05-23 08:13
LAB710380,ENC104430,PT13229,CREAT,Creatinine,0.78,mg/dL,0.6,1.3,N,STAT,2024-05-23 05:42,2024-05-23 05:48,2024-05-23 06:26
LAB710381,ENC104430,PT13229,WBC,White Blood Cell Count,8.8,K/uL,4.5,11,N,STAT,2024-05-23 06:18,2024-05-23 06:37,2024-05-23 07:02
LAB710382,ENC104430,PT13229,HGB,Hemoglobin,14,g/dL,12,17.5,N,STAT,2024-05-23 05:24,2024-05-23 05:54,2024-05-23 06:18
LAB710383,ENC104431,PT10204,GLU,Glucose,323,mg/dL,70,99,H,STAT,2024-05-23 09:20,2024-05-23 09:43,2024-05-23 11:29
LAB710384,ENC104431,PT10204,CREAT,Creatinine,0.84,mg/dL,0.6,1.3,N,STAT,2024-05-23 09:27,2024-05-23 09:45,2024-05-23 10:20
LAB710385,ENC104431,PT10204,WBC,White Blood Cell Count,9.5,K/uL,4.5,11,N,STAT,2024-05-23 09:31,2024-05-23 09:37,2024-05-23 10:00
LAB710386,ENC104431,PT10204,HGB,Hemoglobin,13.5,g/dL,12,17.5,N,STAT,2024-05-23 09:02,2024-05-23 09:15,2024-05-23 09:45
LAB710387,ENC104431,PT10204,NA,Sodium,141,mmol/L,136,145,N,Routine,2024-05-23 08:59,2024-05-23 09:20,2024-05-23 11:41
LAB710388,ENC104431,PT10204,K,Potassium,4.2,mmol/L,3.5,5.1,N,STAT,2024-05-23 08:35,2024-05-23 09:08,2024-05-23 10:27
LAB710389,ENC104432,PT11216,GLU,Glucose,137,mg/dL,70,99,H,STAT,2024-05-23 11:16,2024-05-23 11:45,2024-05-23 13:11
LAB710390,ENC104432,PT11216,CREAT,Creatinine,1.06,mg/dL,0.6,1.3,N,STAT,2024-05-23 10:52,2024-05-23 11:08,2024-05-23 11:37
LAB710391,ENC104432,PT11216,WBC,White Blood Cell Count,9.5,K/uL,4.5,11,N,Routine,2024-05-23 10:56,2024-05-23 11:13,2024-05-23 13:07
LAB710392,ENC104432,PT11216,HGB,Hemoglobin,9.9,g/dL,12,17.5,L,Routine,2024-05-23 10:56,2024-05-23 11:24,2024-05-23 15:01
LAB710393,ENC104434,PT13324,GLU,Glucose,190,mg/dL,70,99,H,Routine,2024-05-23 09:09,2024-05-23 09:19,2024-05-23 15:38
LAB710394,ENC104434,PT13324,CREAT,Creatinine,1,mg/dL,0.6,1.3,N,STAT,2024-05-23 08:51,2024-05-23 08:57,2024-05-23 09:37
LAB710395,ENC104435,PT12107,GLU,Glucose,112,mg/dL,70,99,H,STAT,2024-05-23 15:56,2024-05-23 16:16,2024-05-23 17:04
LAB710396,ENC104435,PT12107,CREAT,Creatinine,0.99,mg/dL,0.6,1.3,N,STAT,2024-05-23 16:03,2024-05-23 16:34,2024-05-23 18:23
LAB710397,ENC104435,PT12107,WBC,White Blood Cell Count,14.2,K/uL,4.5,11,H,STAT,2024-05-23 16:33,2024-05-23 17:07,2024-05-23 17:32
LAB710398,ENC104435,PT12107,HGB,Hemoglobin,15.3,g/dL,12,17.5,N,STAT,2024-05-23 16:15,2024-05-23 16:27,2024-05-23 17:15
LAB710399,ENC104437,PT11960,LDL,LDL Cholesterol,126,mg/dL,0,99,H,Routine,2024-05-23 12:26,2024-05-23 12:51,2024-05-23 18:37
LAB710400,ENC104437,PT11960,TSH,Thyroid Stimulating Hormone,2.07,mIU/L,0.4,4,N,Routine,2024-05-23 12:16,2024-05-23 12:49,2024-05-23 20:26
LAB710401,ENC104438,PT12666,GLU,Glucose,103,mg/dL,70,99,H,STAT,2024-05-23 13:40,2024-05-23 14:11,2024-05-23 15:12
LAB710402,ENC104438,PT12666,CREAT,Creatinine,0.73,mg/dL,0.6,1.3,N,STAT,2024-05-23 13:24,2024-05-23 13:36,2024-05-23 14:52
LAB710403,ENC104438,PT12666,WBC,White Blood Cell Count,7.9,K/uL,4.5,11,N,STAT,2024-05-23 13:13,2024-05-23 13:46,2024-05-23 14:36
LAB710404,ENC104438,PT12666,HGB,Hemoglobin,14.8,g/dL,12,17.5,N,Routine,2024-05-23 13:36,2024-05-23 13:50,2024-05-23 17:07
LAB710405,ENC104442,PT12253,LDL,LDL Cholesterol,128,mg/dL,0,99,H,Routine,2024-05-23 13:30,2024-05-23 13:40,2024-05-24 16:59
LAB710406,ENC104442,PT12253,TSH,Thyroid Stimulating Hormone,1.81,mIU/L,0.4,4,N,Routine,2024-05-23 13:40,2024-05-23 14:13,2024-05-24 08:41
LAB710407,ENC104443,PT12928,GLU,Glucose,121,mg/dL,70,99,H,STAT,2024-05-23 16:55,2024-05-23 17:28,2024-05-23 17:56
LAB710408,ENC104443,PT12928,CREAT,Creatinine,0.99,mg/dL,0.6,1.3,N,STAT,2024-05-23 17:05,2024-05-23 17:40,2024-05-23 18:04
LAB710409,ENC104443,PT12928,WBC,White Blood Cell Count,7.7,K/uL,4.5,11,N,Routine,2024-05-23 17:12,2024-05-23 17:34,2024-05-23 19:15
LAB710410,ENC104443,PT12928,HGB,Hemoglobin,13.3,g/dL,12,17.5,N,STAT,2024-05-23 16:52,2024-05-23 17:16,2024-05-23 17:42
LAB710411,ENC104443,PT12928,LACT,Lactate,1.5,mmol/L,0.5,2,N,STAT,2024-05-23 17:33,2024-05-23 17:58,2024-05-23 18:31
LAB710412,ENC104445,PT12206,A1C,Hemoglobin A1c,5,%,4,5.6,N,Routine,2024-05-23 14:09,2024-05-23 14:26,2024-05-25 06:01
LAB710413,ENC104445,PT12206,GLU,Glucose,103,mg/dL,70,99,H,Routine,2024-05-23 14:23,2024-05-23 14:42,2024-05-23 19:20
LAB710414,ENC104445,PT12206,CREAT,Creatinine,0.68,mg/dL,0.6,1.3,N,Routine,2024-05-23 14:10,2024-05-23 14:24,2024-05-23 18:43
LAB710415,ENC104447,PT12782,GLU,Glucose,128,mg/dL,70,99,H,STAT,2024-05-23 15:15,2024-05-23 15:47,2024-05-23 16:38
LAB710416,ENC104447,PT12782,CREAT,Creatinine,5.61,mg/dL,0.6,1.3,H,STAT,2024-05-23 15:04,2024-05-23 15:09,2024-05-23 15:55
LAB710417,ENC104447,PT12782,WBC,White Blood Cell Count,8.6,K/uL,4.5,11,N,Routine,2024-05-23 16:08,2024-05-23 16:41,2024-05-23 20:20
LAB710418,ENC104447,PT12782,HGB,Hemoglobin,9.4,g/dL,12,17.5,L,Routine,2024-05-23 15:17,2024-05-23 15:29,2024-05-23 17:27
LAB710419,ENC104447,PT12782,NA,Sodium,139,mmol/L,136,145,N,STAT,2024-05-23 15:06,2024-05-23 15:28,2024-05-23 16:12
LAB710420,ENC104447,PT12782,K,Potassium,5.3,mmol/L,3.5,5.1,H,STAT,2024-05-23 15:09,2024-05-23 15:40,2024-05-23 17:14
LAB710421,ENC104451,PT11288,GLU,Glucose,85,mg/dL,70,99,N,Routine,2024-05-23 16:26,2024-05-23 16:37,2024-05-23 19:49
LAB710422,ENC104451,PT11288,CREAT,Creatinine,0.79,mg/dL,0.6,1.3,N,Routine,2024-05-23 16:58,2024-05-23 17:29,2024-05-23 19:12
LAB710423,ENC104453,PT10382,GLU,Glucose,113,mg/dL,70,99,H,STAT,2024-05-23 16:28,2024-05-23 16:55,2024-05-23 17:34
LAB710424,ENC104453,PT10382,CREAT,Creatinine,0.46,mg/dL,0.6,1.3,L,STAT,2024-05-23 16:23,2024-05-23 16:42,2024-05-23 18:03
LAB710425,ENC104453,PT10382,WBC,White Blood Cell Count,4.8,K/uL,4.5,11,N,STAT,2024-05-23 17:23,2024-05-23 17:56,2024-05-23 18:28
LAB710426,ENC104454,PT11647,GLU,Glucose,145,mg/dL,70,99,H,STAT,2024-05-23 22:56,2024-05-23 23:19,2024-05-24 00:02
LAB710427,ENC104454,PT11647,CREAT,Creatinine,1.04,mg/dL,0.6,1.3,N,Routine,2024-05-23 22:36,2024-05-23 22:40,2024-05-24 05:57
LAB710428,ENC104454,PT11647,WBC,White Blood Cell Count,8.8,K/uL,4.5,11,N,STAT,2024-05-23 23:10,2024-05-23 23:22,2024-05-24 00:20
LAB710429,ENC104454,PT11647,HGB,Hemoglobin,16.4,g/dL,12,17.5,N,Routine,2024-05-23 22:39,2024-05-23 23:08,2024-05-24 03:39
LAB710430,ENC104454,PT11647,NA,Sodium,143,mmol/L,136,145,N,STAT,2024-05-23 23:04,2024-05-23 23:34,2024-05-24 00:18
LAB710431,ENC104454,PT11647,K,Potassium,4.3,mmol/L,3.5,5.1,N,STAT,2024-05-23 22:17,2024-05-23 22:37,2024-05-23 23:24
LAB710432,ENC104454,PT11647,INR,Prothrombin Time INR,0.9,ratio,0.8,1.2,N,Routine,2024-05-23 22:11,2024-05-23 22:15,2024-05-23 23:29
LAB710433,ENC104455,PT13428,GLU,Glucose,115,mg/dL,70,99,H,STAT,2024-05-23 19:43,2024-05-23 20:03,2024-05-23 20:29
LAB710434,ENC104455,PT13428,CREAT,Creatinine,0.95,mg/dL,0.6,1.3,N,Routine,2024-05-23 19:51,2024-05-23 19:55,2024-05-23 21:09
LAB710435,ENC104455,PT13428,WBC,White Blood Cell Count,7.8,K/uL,4.5,11,N,Routine,2024-05-23 19:48,2024-05-23 20:16,2024-05-23 22:27
LAB710436,ENC104455,PT13428,HGB,Hemoglobin,17.2,g/dL,12,17.5,N,STAT,2024-05-23 19:22,2024-05-23 19:50,2024-05-23 20:37
LAB710437,ENC104456,PT10172,GLU,Glucose,150,mg/dL,70,99,H,STAT,2024-05-24 00:10,2024-05-24 00:24,2024-05-24 00:51
LAB710438,ENC104456,PT10172,CREAT,Creatinine,2.51,mg/dL,0.6,1.3,H,STAT,2024-05-24 00:22,2024-05-24 00:26,2024-05-24 00:44
LAB710439,ENC104456,PT10172,WBC,White Blood Cell Count,24.6,K/uL,4.5,11,H,Routine,2024-05-23 23:45,2024-05-24 00:11,2024-05-24 03:53
LAB710440,ENC104456,PT10172,HGB,Hemoglobin,13.2,g/dL,12,17.5,N,STAT,2024-05-24 00:04,2024-05-24 00:22,2024-05-24 00:49
LAB710441,ENC104456,PT10172,LACT,Lactate,2.7,mmol/L,0.5,2,H,STAT,2024-05-23 23:32,2024-05-23 23:47,2024-05-24 00:37
LAB710442,ENC104457,PT13324,GLU,Glucose,217,mg/dL,70,99,H,Routine,2024-05-24 07:57,2024-05-24 08:21,2024-05-24 10:24
LAB710443,ENC104457,PT13324,CREAT,Creatinine,0.97,mg/dL,0.6,1.3,N,Routine,2024-05-24 07:29,2024-05-24 07:35,2024-05-24 11:36
LAB710444,ENC104457,PT13324,WBC,White Blood Cell Count,6.8,K/uL,4.5,11,N,Routine,2024-05-24 07:30,2024-05-24 07:43,2024-05-24 09:54
LAB710445,ENC104457,PT13324,HGB,Hemoglobin,13.9,g/dL,12,17.5,N,Routine,2024-05-24 07:58,2024-05-24 08:24,2024-05-24 12:19
LAB710446,ENC104458,PT10719,GLU,Glucose,127,mg/dL,70,99,H,Routine,2024-05-24 08:45,2024-05-24 09:06,2024-05-24 10:49
LAB710447,ENC104458,PT10719,CREAT,Creatinine,1.14,mg/dL,0.6,1.3,N,Routine,2024-05-24 08:56,2024-05-24 09:30,2024-05-24 16:12
LAB710448,ENC104458,PT10719,WBC,White Blood Cell Count,6.4,K/uL,4.5,11,N,STAT,2024-05-24 08:39,2024-05-24 09:08,2024-05-24 10:27
LAB710449,ENC104458,PT10719,HGB,Hemoglobin,13.7,g/dL,12,17.5,N,STAT,2024-05-24 08:56,2024-05-24 09:11,2024-05-24 10:07
LAB710450,ENC104460,PT13727,WBC,White Blood Cell Count,8.8,K/uL,4.5,11,N,Routine,2024-05-24 08:50,2024-05-24 09:11,2024-05-24 14:31
LAB710451,ENC104460,PT13727,HGB,Hemoglobin,13.1,g/dL,12,17.5,N,Routine,2024-05-24 09:06,2024-05-24 09:33,2024-05-24 11:58
LAB710452,ENC104460,PT13727,PLT,Platelet Count,177,K/uL,150,400,N,Routine,2024-05-24 08:59,2024-05-24 09:34,2024-05-24 14:14
LAB710453,ENC104461,PT12146,A1C,Hemoglobin A1c,7.8,%,4,5.6,H,Routine,2024-05-24 09:23,2024-05-24 09:44,2024-05-24 13:53
LAB710454,ENC104461,PT12146,GLU,Glucose,154,mg/dL,70,99,H,Routine,2024-05-24 09:30,2024-05-24 09:37,2024-05-24 12:22
LAB710455,ENC104461,PT12146,CREAT,Creatinine,0.71,mg/dL,0.6,1.3,N,Routine,2024-05-24 09:05,2024-05-24 09:34,2024-05-24 12:55
LAB710456,ENC104464,PT12964,GLU,Glucose,136,mg/dL,70,99,H,STAT,2024-05-24 14:29,2024-05-24 14:53,2024-05-24 15:55
LAB710457,ENC104464,PT12964,CREAT,Creatinine,1.14,mg/dL,0.6,1.3,N,Routine,2024-05-24 14:12,2024-05-24 14:30,2024-05-24 16:50
LAB710458,ENC104464,PT12964,WBC,White Blood Cell Count,19.5,K/uL,4.5,11,H,STAT,2024-05-24 13:26,2024-05-24 13:46,2024-05-24 14:33
LAB710459,ENC104464,PT12964,HGB,Hemoglobin,11.4,g/dL,12,17.5,L,Routine,2024-05-24 13:45,2024-05-24 14:18,2024-05-24 19:40
LAB710460,ENC104464,PT12964,LACT,Lactate,1.9,mmol/L,0.5,2,N,STAT,2024-05-24 13:54,2024-05-24 14:15,2024-05-24 15:03
LAB710461,ENC104465,PT13695,A1C,Hemoglobin A1c,9.3,%,4,5.6,H,Routine,2024-05-24 09:54,2024-05-24 10:20,2024-05-25 01:48
LAB710462,ENC104467,PT11209,GLU,Glucose,237,mg/dL,70,99,H,Routine,2024-05-24 14:01,2024-05-24 14:34,2024-05-24 17:31
LAB710463,ENC104467,PT11209,CREAT,Creatinine,1.29,mg/dL,0.6,1.3,N,STAT,2024-05-24 14:27,2024-05-24 15:00,2024-05-24 15:32
LAB710464,ENC104467,PT11209,WBC,White Blood Cell Count,9,K/uL,4.5,11,N,Routine,2024-05-24 15:03,2024-05-24 15:08,2024-05-24 19:34
LAB710465,ENC104467,PT11209,HGB,Hemoglobin,13.9,g/dL,12,17.5,N,Routine,2024-05-24 14:13,2024-05-24 14:31,2024-05-24 17:10
LAB710466,ENC104467,PT11209,TROP,"Troponin I, High Sensitivity",8,ng/L,0,34,N,STAT,2024-05-24 13:59,2024-05-24 14:34,2024-05-24 15:29
LAB710467,ENC104467,PT11209,BNP,B-Type Natriuretic Peptide,3080,pg/mL,0,100,H,STAT,2024-05-24 14:17,2024-05-24 14:43,2024-05-24 15:30
LAB710468,ENC104468,PT12323,GLU,Glucose,107,mg/dL,70,99,H,STAT,2024-05-24 15:32,2024-05-24 16:05,2024-05-24 17:17
LAB710469,ENC104468,PT12323,CREAT,Creatinine,0.76,mg/dL,0.6,1.3,N,Routine,2024-05-24 15:23,2024-05-24 15:47,2024-05-24 20:39
LAB710470,ENC104468,PT12323,WBC,White Blood Cell Count,6.1,K/uL,4.5,11,N,Routine,2024-05-24 14:41,2024-05-24 15:15,2024-05-24 23:54
LAB710471,ENC104468,PT12323,HGB,Hemoglobin,15.1,g/dL,12,17.5,N,STAT,2024-05-24 14:46,2024-05-24 14:59,2024-05-24 15:26
LAB710472,ENC104473,PT13855,GLU,Glucose,105,mg/dL,70,99,H,Routine,2024-05-24 17:53,2024-05-24 18:03,2024-05-24 20:24
LAB710473,ENC104473,PT13855,CREAT,Creatinine,1.27,mg/dL,0.6,1.3,N,Routine,2024-05-24 18:27,2024-05-24 18:37,2024-05-24 23:16
LAB710474,ENC104473,PT13855,WBC,White Blood Cell Count,7.8,K/uL,4.5,11,N,STAT,2024-05-24 18:01,2024-05-24 18:12,2024-05-24 19:01
LAB710475,ENC104473,PT13855,HGB,Hemoglobin,13.6,g/dL,12,17.5,N,STAT,2024-05-24 18:03,2024-05-24 18:30,2024-05-24 19:12
LAB710476,ENC104476,PT13484,GLU,Glucose,140,mg/dL,70,99,H,Routine,2024-05-24 18:26,2024-05-24 18:47,2024-05-25 00:59
LAB710477,ENC104476,PT13484,CREAT,Creatinine,1.3,mg/dL,0.6,1.3,N,STAT,2024-05-24 17:55,2024-05-24 18:28,2024-05-24 19:14
LAB710478,ENC104476,PT13484,WBC,White Blood Cell Count,10.3,K/uL,4.5,11,N,Routine,2024-05-24 18:25,2024-05-24 18:38,2024-05-24 20:34
LAB710479,ENC104476,PT13484,HGB,Hemoglobin,15.4,g/dL,12,17.5,N,STAT,2024-05-24 18:05,2024-05-24 18:17,2024-05-24 19:33
LAB710480,ENC104477,PT13023,GLU,Glucose,105,mg/dL,70,99,H,STAT,2024-05-24 14:45,2024-05-24 14:56,2024-05-24 15:36
LAB710481,ENC104477,PT13023,CREAT,Creatinine,1.19,mg/dL,0.6,1.3,N,STAT,2024-05-24 15:28,2024-05-24 15:43,2024-05-24 16:08
LAB710482,ENC104477,PT13023,WBC,White Blood Cell Count,14.6,K/uL,4.5,11,H,Routine,2024-05-24 14:53,2024-05-24 15:20,2024-05-24 23:22
LAB710483,ENC104477,PT13023,HGB,Hemoglobin,14.5,g/dL,12,17.5,N,STAT,2024-05-24 15:13,2024-05-24 15:39,2024-05-24 16:13
LAB710484,ENC104479,PT11510,GLU,Glucose,447,mg/dL,70,99,H,Routine,2024-05-24 15:58,2024-05-24 16:17,2024-05-24 19:02
LAB710485,ENC104479,PT11510,CREAT,Creatinine,1.27,mg/dL,0.6,1.3,N,STAT,2024-05-24 16:02,2024-05-24 16:10,2024-05-24 18:23
LAB710486,ENC104479,PT11510,WBC,White Blood Cell Count,6.3,K/uL,4.5,11,N,Routine,2024-05-24 14:56,2024-05-24 15:07,2024-05-24 16:32
LAB710487,ENC104479,PT11510,A1C,Hemoglobin A1c,9.4,%,4,5.6,H,STAT,2024-05-24 15:40,2024-05-24 16:06,2024-05-24 16:38
LAB710488,ENC104480,PT13196,GLU,Glucose,259,mg/dL,70,99,H,STAT,2024-05-24 18:52,2024-05-24 19:01,2024-05-24 19:48
LAB710489,ENC104480,PT13196,CREAT,Creatinine,0.61,mg/dL,0.6,1.3,N,STAT,2024-05-24 19:08,2024-05-24 19:27,2024-05-24 20:15
LAB710490,ENC104480,PT13196,WBC,White Blood Cell Count,6.6,K/uL,4.5,11,N,STAT,2024-05-24 18:43,2024-05-24 18:47,2024-05-24 19:26
LAB710491,ENC104480,PT13196,HGB,Hemoglobin,15.8,g/dL,12,17.5,N,STAT,2024-05-24 19:01,2024-05-24 19:19,2024-05-24 20:09
LAB710492,ENC104480,PT13196,NA,Sodium,143,mmol/L,136,145,N,Routine,2024-05-24 19:16,2024-05-24 19:27,2024-05-25 01:40
LAB710493,ENC104480,PT13196,K,Potassium,4.3,mmol/L,3.5,5.1,N,STAT,2024-05-24 19:31,2024-05-24 19:49,2024-05-24 20:37
LAB710494,ENC104480,PT13196,BUN,Blood Urea Nitrogen,14,mg/dL,7,20,N,STAT,2024-05-24 19:33,2024-05-24 20:04,2024-05-24 21:11
LAB710495,ENC104480,PT13196,PLT,Platelet Count,284,K/uL,150,400,N,STAT,2024-05-24 18:35,2024-05-24 18:43,2024-05-24 19:04
LAB710496,ENC104481,PT13532,GLU,Glucose,112,mg/dL,70,99,H,Routine,2024-05-24 19:14,2024-05-24 19:31,2024-05-24 21:20
LAB710497,ENC104481,PT13532,CREAT,Creatinine,1.18,mg/dL,0.6,1.3,N,Routine,2024-05-24 18:54,2024-05-24 19:15,2024-05-24 22:33
LAB710498,ENC104481,PT13532,WBC,White Blood Cell Count,10.7,K/uL,4.5,11,N,STAT,2024-05-24 18:22,2024-05-24 18:42,2024-05-24 19:58
LAB710499,ENC104481,PT13532,HGB,Hemoglobin,15.3,g/dL,12,17.5,N,STAT,2024-05-24 19:06,2024-05-24 19:27,2024-05-24 20:03
LAB710500,ENC104481,PT13532,NA,Sodium,133,mmol/L,136,145,L,STAT,2024-05-24 18:33,2024-05-24 18:59,2024-05-24 19:32
LAB710501,ENC104481,PT13532,K,Potassium,4.4,mmol/L,3.5,5.1,N,STAT,2024-05-24 18:52,2024-05-24 19:04,2024-05-24 20:13
LAB710502,ENC104483,PT12229,GLU,Glucose,108,mg/dL,70,99,H,STAT,2024-05-24 19:30,2024-05-24 19:52,2024-05-24 20:46
LAB710503,ENC104483,PT12229,CREAT,Creatinine,1.28,mg/dL,0.6,1.3,N,STAT,2024-05-24 18:59,2024-05-24 19:27,2024-05-24 20:16
LAB710504,ENC104484,PT13476,GLU,Glucose,146,mg/dL,70,99,H,STAT,2024-05-24 19:44,2024-05-24 19:52,2024-05-24 20:21
LAB710505,ENC104484,PT13476,CREAT,Creatinine,0.68,mg/dL,0.6,1.3,N,STAT,2024-05-24 19:57,2024-05-24 20:10,2024-05-24 20:58
LAB710506,ENC104484,PT13476,WBC,White Blood Cell Count,11.6,K/uL,4.5,11,H,STAT,2024-05-24 19:56,2024-05-24 20:27,2024-05-24 21:06
LAB710507,ENC104484,PT13476,HGB,Hemoglobin,13.8,g/dL,12,17.5,N,Routine,2024-05-24 20:01,2024-05-24 20:05,2024-05-24 22:36
LAB710508,ENC104484,PT13476,NA,Sodium,136,mmol/L,136,145,N,Routine,2024-05-24 19:04,2024-05-24 19:11,2024-05-24 22:10
LAB710509,ENC104484,PT13476,K,Potassium,4.2,mmol/L,3.5,5.1,N,STAT,2024-05-24 19:57,2024-05-24 20:11,2024-05-24 21:22
LAB710510,ENC104485,PT11504,GLU,Glucose,101,mg/dL,70,99,H,Routine,2024-05-24 23:35,2024-05-24 23:39,2024-05-25 03:14
LAB710511,ENC104485,PT11504,CREAT,Creatinine,0.9,mg/dL,0.6,1.3,N,STAT,2024-05-24 23:46,2024-05-25 00:16,2024-05-25 01:12
LAB710512,ENC104485,PT11504,WBC,White Blood Cell Count,18.3,K/uL,4.5,11,H,STAT,2024-05-24 23:49,2024-05-25 00:04,2024-05-25 00:53
LAB710513,ENC104485,PT11504,HGB,Hemoglobin,14.1,g/dL,12,17.5,N,STAT,2024-05-24 23:14,2024-05-24 23:43,2024-05-25 00:17
LAB710514,ENC104485,PT11504,NA,Sodium,136,mmol/L,136,145,N,STAT,2024-05-25 00:07,2024-05-25 00:39,2024-05-25 01:32
LAB710515,ENC104485,PT11504,K,Potassium,4.2,mmol/L,3.5,5.1,N,STAT,2024-05-24 23:51,2024-05-25 00:23,2024-05-25 00:59
LAB710516,ENC104486,PT13333,GLU,Glucose,137,mg/dL,70,99,H,STAT,2024-05-25 00:40,2024-05-25 01:07,2024-05-25 01:36
LAB710517,ENC104486,PT13333,CREAT,Creatinine,0.75,mg/dL,0.6,1.3,N,Routine,2024-05-25 00:39,2024-05-25 01:02,2024-05-25 02:26
LAB710518,ENC104486,PT13333,WBC,White Blood Cell Count,5,K/uL,4.5,11,N,STAT,2024-05-25 00:40,2024-05-25 01:11,2024-05-25 02:05
LAB710519,ENC104486,PT13333,HGB,Hemoglobin,12,g/dL,12,17.5,N,STAT,2024-05-25 00:59,2024-05-25 01:10,2024-05-25 01:59
LAB710520,ENC104487,PT12452,GLU,Glucose,104,mg/dL,70,99,H,Routine,2024-05-25 02:23,2024-05-25 02:55,2024-05-25 10:01
LAB710521,ENC104487,PT12452,CREAT,Creatinine,1.62,mg/dL,0.6,1.3,H,Routine,2024-05-25 02:39,2024-05-25 03:04,2024-05-25 07:15
LAB710522,ENC104487,PT12452,WBC,White Blood Cell Count,6.3,K/uL,4.5,11,N,STAT,2024-05-25 02:17,2024-05-25 02:31,2024-05-25 03:37
LAB710523,ENC104487,PT12452,HGB,Hemoglobin,12.9,g/dL,12,17.5,N,Routine,2024-05-25 02:29,2024-05-25 03:00,2024-05-25 09:41
LAB710524,ENC104487,PT12452,NA,Sodium,135,mmol/L,136,145,L,Routine,2024-05-25 02:48,2024-05-25 02:56,2024-05-25 07:11
LAB710525,ENC104487,PT12452,K,Potassium,4.3,mmol/L,3.5,5.1,N,STAT,2024-05-25 02:33,2024-05-25 03:04,2024-05-25 03:21
LAB710526,ENC104488,PT10660,GLU,Glucose,198,mg/dL,70,99,H,STAT,2024-05-25 09:50,2024-05-25 10:01,2024-05-25 10:17
LAB710527,ENC104488,PT10660,CREAT,Creatinine,1.24,mg/dL,0.6,1.3,N,Routine,2024-05-25 08:59,2024-05-25 09:11,2024-05-25 10:27
LAB710528,ENC104488,PT10660,WBC,White Blood Cell Count,8.8,K/uL,4.5,11,N,Routine,2024-05-25 09:16,2024-05-25 09:33,2024-05-25 11:03
LAB710529,ENC104488,PT10660,HGB,Hemoglobin,12.7,g/dL,12,17.5,N,STAT,2024-05-25 09:50,2024-05-25 10:00,2024-05-25 10:45
LAB710530,ENC104489,PT12301,GLU,Glucose,73,mg/dL,70,99,N,Routine,2024-05-25 13:21,2024-05-25 13:39,2024-05-25 16:47
LAB710531,ENC104489,PT12301,CREAT,Creatinine,0.61,mg/dL,0.6,1.3,N,STAT,2024-05-25 13:51,2024-05-25 14:02,2024-05-25 14:42
LAB710532,ENC104489,PT12301,WBC,White Blood Cell Count,8.1,K/uL,4.5,11,N,Routine,2024-05-25 13:32,2024-05-25 14:07,2024-05-25 20:03
LAB710533,ENC104489,PT12301,HGB,Hemoglobin,14.6,g/dL,12,17.5,N,Routine,2024-05-25 13:59,2024-05-25 14:03,2024-05-25 17:15
LAB710534,ENC104489,PT12301,TROP,"Troponin I, High Sensitivity",4,ng/L,0,34,N,STAT,2024-05-25 13:35,2024-05-25 14:02,2024-05-25 15:13
LAB710535,ENC104489,PT12301,BNP,B-Type Natriuretic Peptide,1111,pg/mL,0,100,H,Routine,2024-05-25 13:12,2024-05-25 13:45,2024-05-25 16:06
LAB710536,ENC104490,PT13873,GLU,Glucose,117,mg/dL,70,99,H,STAT,2024-05-25 14:36,2024-05-25 14:59,2024-05-25 15:46
LAB710537,ENC104490,PT13873,CREAT,Creatinine,0.78,mg/dL,0.6,1.3,N,STAT,2024-05-25 14:41,2024-05-25 14:59,2024-05-25 15:37
LAB710538,ENC104490,PT13873,WBC,White Blood Cell Count,19,K/uL,4.5,11,H,STAT,2024-05-25 14:57,2024-05-25 15:04,2024-05-25 15:48
LAB710539,ENC104490,PT13873,HGB,Hemoglobin,14.3,g/dL,12,17.5,N,STAT,2024-05-25 13:58,2024-05-25 14:05,2024-05-25 14:35
LAB710540,ENC104490,PT13873,BUN,Blood Urea Nitrogen,11,mg/dL,7,20,N,STAT,2024-05-25 14:56,2024-05-25 15:04,2024-05-25 16:02
LAB710541,ENC104490,PT13873,PLT,Platelet Count,273,K/uL,150,400,N,STAT,2024-05-25 13:57,2024-05-25 14:13,2024-05-25 15:36
LAB710542,ENC104492,PT11292,GLU,Glucose,178,mg/dL,70,99,H,STAT,2024-05-25 14:08,2024-05-25 14:22,2024-05-25 15:08
LAB710543,ENC104492,PT11292,CREAT,Creatinine,1.07,mg/dL,0.6,1.3,N,STAT,2024-05-25 14:25,2024-05-25 14:49,2024-05-25 15:27
LAB710544,ENC104492,PT11292,WBC,White Blood Cell Count,9.9,K/uL,4.5,11,N,Routine,2024-05-25 15:01,2024-05-25 15:10,2024-05-25 16:33
LAB710545,ENC104492,PT11292,HGB,Hemoglobin,14.2,g/dL,12,17.5,N,STAT,2024-05-25 14:31,2024-05-25 14:50,2024-05-25 15:34
LAB710546,ENC104492,PT11292,TROP,"Troponin I, High Sensitivity",13,ng/L,0,34,N,STAT,2024-05-25 14:38,2024-05-25 14:43,2024-05-25 15:25
LAB710547,ENC104494,PT13648,GLU,Glucose,316,mg/dL,70,99,H,Routine,2024-05-25 14:53,2024-05-25 15:12,2024-05-25 17:16
LAB710548,ENC104494,PT13648,CREAT,Creatinine,1.19,mg/dL,0.6,1.3,N,STAT,2024-05-25 15:17,2024-05-25 15:21,2024-05-25 16:06
LAB710549,ENC104494,PT13648,A1C,Hemoglobin A1c,10.5,%,4,5.6,H,Routine,2024-05-25 15:13,2024-05-25 15:28,2024-05-26 02:18
LAB710550,ENC104496,PT12898,GLU,Glucose,115,mg/dL,70,99,H,STAT,2024-05-25 20:10,2024-05-25 20:17,2024-05-25 20:47
LAB710551,ENC104496,PT12898,CREAT,Creatinine,1,mg/dL,0.6,1.3,N,Routine,2024-05-25 20:19,2024-05-25 20:46,2024-05-26 00:13
LAB710552,ENC104497,PT13143,GLU,Glucose,103,mg/dL,70,99,H,STAT,2024-05-26 02:24,2024-05-26 02:31,2024-05-26 03:03
LAB710553,ENC104497,PT13143,CREAT,Creatinine,2.82,mg/dL,0.6,1.3,H,STAT,2024-05-26 01:56,2024-05-26 02:18,2024-05-26 02:53
LAB710554,ENC104497,PT13143,WBC,White Blood Cell Count,7.8,K/uL,4.5,11,N,Routine,2024-05-26 01:50,2024-05-26 02:16,2024-05-26 06:41
LAB710555,ENC104497,PT13143,HGB,Hemoglobin,11.4,g/dL,12,17.5,L,Routine,2024-05-26 02:16,2024-05-26 02:33,2024-05-26 04:40
LAB710556,ENC104497,PT13143,INR,Prothrombin Time INR,1,ratio,0.8,1.2,N,STAT,2024-05-26 02:00,2024-05-26 02:16,2024-05-26 02:47
LAB710557,ENC104498,PT13717,GLU,Glucose,83,mg/dL,70,99,N,STAT,2024-05-26 00:39,2024-05-26 00:57,2024-05-26 01:47
LAB710558,ENC104498,PT13717,CREAT,Creatinine,0.76,mg/dL,0.6,1.3,N,STAT,2024-05-26 01:01,2024-05-26 01:08,2024-05-26 02:21
LAB710559,ENC104499,PT11521,GLU,Glucose,132,mg/dL,70,99,H,STAT,2024-05-26 06:09,2024-05-26 06:19,2024-05-26 08:03
LAB710560,ENC104499,PT11521,CREAT,Creatinine,0.62,mg/dL,0.6,1.3,N,STAT,2024-05-26 05:31,2024-05-26 06:01,2024-05-26 06:52
LAB710561,ENC104499,PT11521,WBC,White Blood Cell Count,6.2,K/uL,4.5,11,N,STAT,2024-05-26 05:25,2024-05-26 05:39,2024-05-26 06:26
LAB710562,ENC104499,PT11521,HGB,Hemoglobin,14,g/dL,12,17.5,N,Routine,2024-05-26 05:33,2024-05-26 05:48,2024-05-26 08:52
LAB710563,ENC104499,PT11521,NA,Sodium,139,mmol/L,136,145,N,Routine,2024-05-26 05:15,2024-05-26 05:25,2024-05-26 07:57
LAB710564,ENC104499,PT11521,K,Potassium,4.1,mmol/L,3.5,5.1,N,STAT,2024-05-26 05:29,2024-05-26 05:41,2024-05-26 06:33
LAB710565,ENC104500,PT12192,GLU,Glucose,92,mg/dL,70,99,N,STAT,2024-05-26 12:46,2024-05-26 13:18,2024-05-26 13:51
LAB710566,ENC104500,PT12192,CREAT,Creatinine,0.65,mg/dL,0.6,1.3,N,Routine,2024-05-26 12:43,2024-05-26 13:11,2024-05-26 15:42
LAB710567,ENC104500,PT12192,WBC,White Blood Cell Count,4.7,K/uL,4.5,11,N,STAT,2024-05-26 12:23,2024-05-26 12:37,2024-05-26 13:11
LAB710568,ENC104500,PT12192,HGB,Hemoglobin,13.8,g/dL,12,17.5,N,STAT,2024-05-26 13:02,2024-05-26 13:18,2024-05-26 14:42
LAB710569,ENC104500,PT12192,NA,Sodium,138,mmol/L,136,145,N,Routine,2024-05-26 12:47,2024-05-26 13:00,2024-05-26 15:45
LAB710570,ENC104500,PT12192,K,Potassium,4.2,mmol/L,3.5,5.1,N,STAT,2024-05-26 12:54,2024-05-26 13:29,2024-05-26 14:48
LAB710571,ENC104500,PT12192,INR,Prothrombin Time INR,1.1,ratio,0.8,1.2,N,Routine,2024-05-26 13:19,2024-05-26 13:29,2024-05-26 18:11
LAB710572,ENC104501,PT10425,GLU,Glucose,72,mg/dL,70,99,N,STAT,2024-05-26 11:04,2024-05-26 11:37,2024-05-26 12:15
LAB710573,ENC104501,PT10425,CREAT,Creatinine,0.74,mg/dL,0.6,1.3,N,STAT,2024-05-26 10:37,2024-05-26 10:46,2024-05-26 11:37
LAB710574,ENC104501,PT10425,WBC,White Blood Cell Count,5.4,K/uL,4.5,11,N,STAT,2024-05-26 10:23,2024-05-26 10:47,2024-05-26 11:20
LAB710575,ENC104501,PT10425,HGB,Hemoglobin,13,g/dL,12,17.5,N,STAT,2024-05-26 10:39,2024-05-26 10:43,2024-05-26 11:13
LAB710576,ENC104502,PT13618,TROP,"Troponin I, High Sensitivity",5,ng/L,0,34,N,STAT,2024-05-26 11:30,2024-05-26 12:04,2024-05-26 12:45
LAB710577,ENC104503,PT10234,GLU,Glucose,62,mg/dL,70,99,L,STAT,2024-05-26 16:20,2024-05-26 16:50,2024-05-26 17:48
LAB710578,ENC104503,PT10234,CREAT,Creatinine,0.77,mg/dL,0.6,1.3,N,Routine,2024-05-26 15:23,2024-05-26 15:36,2024-05-26 16:44
LAB710579,ENC104503,PT10234,WBC,White Blood Cell Count,7.4,K/uL,4.5,11,N,Routine,2024-05-26 15:43,2024-05-26 16:01,2024-05-26 17:54
LAB710580,ENC104503,PT10234,HGB,Hemoglobin,15.7,g/dL,12,17.5,N,Routine,2024-05-26 15:25,2024-05-26 15:41,2024-05-26 18:28
LAB710581,ENC104506,PT12493,GLU,Glucose,175,mg/dL,70,99,H,STAT,2024-05-26 18:27,2024-05-26 18:45,2024-05-26 19:10
LAB710582,ENC104506,PT12493,CREAT,Creatinine,0.76,mg/dL,0.6,1.3,N,STAT,2024-05-26 18:14,2024-05-26 18:29,2024-05-26 18:59
LAB710583,ENC104506,PT12493,WBC,White Blood Cell Count,9.8,K/uL,4.5,11,N,STAT,2024-05-26 18:55,2024-05-26 19:05,2024-05-26 19:54
LAB710584,ENC104506,PT12493,HGB,Hemoglobin,14.3,g/dL,12,17.5,N,STAT,2024-05-26 19:06,2024-05-26 19:20,2024-05-26 19:56
LAB710585,ENC104506,PT12493,NA,Sodium,141,mmol/L,136,145,N,Routine,2024-05-26 18:40,2024-05-26 19:06,2024-05-26 21:16
LAB710586,ENC104506,PT12493,K,Potassium,4.2,mmol/L,3.5,5.1,N,STAT,2024-05-26 19:09,2024-05-26 19:18,2024-05-26 19:38
LAB710587,ENC104506,PT12493,TROP,"Troponin I, High Sensitivity",9,ng/L,0,34,N,STAT,2024-05-26 18:55,2024-05-26 19:05,2024-05-26 19:27
LAB710588,ENC104507,PT13943,GLU,Glucose,85,mg/dL,70,99,N,STAT,2024-05-26 16:59,2024-05-26 17:16,2024-05-26 18:19
LAB710589,ENC104507,PT13943,CREAT,Creatinine,2.26,mg/dL,0.6,1.3,H,Routine,2024-05-26 17:50,2024-05-26 18:00,2024-05-26 21:55
LAB710590,ENC104507,PT13943,WBC,White Blood Cell Count,8.1,K/uL,4.5,11,N,Routine,2024-05-26 17:02,2024-05-26 17:08,2024-05-26 20:05
LAB710591,ENC104509,PT13670,GLU,Glucose,129,mg/dL,70,99,H,STAT,2024-05-26 19:57,2024-05-26 20:04,2024-05-26 20:51
LAB710592,ENC104509,PT13670,CREAT,Creatinine,1.36,mg/dL,0.6,1.3,H,STAT,2024-05-26 20:24,2024-05-26 20:29,2024-05-26 21:22
LAB710593,ENC104509,PT13670,WBC,White Blood Cell Count,14.6,K/uL,4.5,11,H,STAT,2024-05-26 20:01,2024-05-26 20:30,2024-05-26 21:20
LAB710594,ENC104510,PT11275,GLU,Glucose,112,mg/dL,70,99,H,Routine,2024-05-27 07:35,2024-05-27 08:05,2024-05-27 10:10
LAB710595,ENC104510,PT11275,CREAT,Creatinine,1.04,mg/dL,0.6,1.3,N,Routine,2024-05-27 07:08,2024-05-27 07:32,2024-05-27 08:32
LAB710596,ENC104510,PT11275,WBC,White Blood Cell Count,7.1,K/uL,4.5,11,N,STAT,2024-05-27 07:38,2024-05-27 07:44,2024-05-27 08:31
LAB710597,ENC104510,PT11275,HGB,Hemoglobin,13.1,g/dL,12,17.5,N,STAT,2024-05-27 07:42,2024-05-27 08:17,2024-05-27 09:04
LAB710598,ENC104510,PT11275,BUN,Blood Urea Nitrogen,14,mg/dL,7,20,N,STAT,2024-05-27 07:48,2024-05-27 08:12,2024-05-27 08:33
LAB710599,ENC104510,PT11275,PLT,Platelet Count,254,K/uL,150,400,N,STAT,2024-05-27 06:43,2024-05-27 07:07,2024-05-27 07:44
LAB710600,ENC104512,PT11115,GLU,Glucose,273,mg/dL,70,99,H,STAT,2024-05-27 05:41,2024-05-27 06:10,2024-05-27 06:42
LAB710601,ENC104512,PT11115,CREAT,Creatinine,0.91,mg/dL,0.6,1.3,N,STAT,2024-05-27 06:10,2024-05-27 06:39,2024-05-27 07:14
LAB710602,ENC104512,PT11115,A1C,Hemoglobin A1c,9.8,%,4,5.6,H,STAT,2024-05-27 06:13,2024-05-27 06:36,2024-05-27 06:56
LAB710603,ENC104514,PT13924,GLU,Glucose,107,mg/dL,70,99,H,STAT,2024-05-27 11:52,2024-05-27 12:15,2024-05-27 14:06
LAB710604,ENC104514,PT13924,CREAT,Creatinine,1.35,mg/dL,0.6,1.3,H,STAT,2024-05-27 11:41,2024-05-27 11:53,2024-05-27 12:56
LAB710605,ENC104514,PT13924,WBC,White Blood Cell Count,6,K/uL,4.5,11,N,STAT,2024-05-27 11:33,2024-05-27 11:58,2024-05-27 12:37
LAB710606,ENC104514,PT13924,HGB,Hemoglobin,15.3,g/dL,12,17.5,N,Routine,2024-05-27 11:29,2024-05-27 11:37,2024-05-27 13:51
LAB710607,ENC104514,PT13924,TROP,"Troponin I, High Sensitivity",45,ng/L,0,34,H,STAT,2024-05-27 11:22,2024-05-27 11:47,2024-05-27 12:53
LAB710608,ENC104514,PT13924,BNP,B-Type Natriuretic Peptide,423,pg/mL,0,100,H,Routine,2024-05-27 11:43,2024-05-27 11:52,2024-05-27 16:26
LAB710609,ENC104517,PT12895,GLU,Glucose,103,mg/dL,70,99,H,STAT,2024-05-27 10:42,2024-05-27 11:13,2024-05-27 12:18
LAB710610,ENC104517,PT12895,CREAT,Creatinine,0.78,mg/dL,0.6,1.3,N,STAT,2024-05-27 10:34,2024-05-27 11:00,2024-05-27 11:25
LAB710611,ENC104517,PT12895,WBC,White Blood Cell Count,7.4,K/uL,4.5,11,N,STAT,2024-05-27 10:44,2024-05-27 10:48,2024-05-27 11:28
LAB710612,ENC104517,PT12895,HGB,Hemoglobin,13.7,g/dL,12,17.5,N,STAT,2024-05-27 11:15,2024-05-27 11:48,2024-05-27 12:23
LAB710613,ENC104522,PT11764,GLU,Glucose,86,mg/dL,70,99,N,STAT,2024-05-27 14:12,2024-05-27 14:22,2024-05-27 15:08
LAB710614,ENC104522,PT11764,CREAT,Creatinine,0.97,mg/dL,0.6,1.3,N,STAT,2024-05-27 13:24,2024-05-27 13:45,2024-05-27 14:42
LAB710615,ENC104522,PT11764,WBC,White Blood Cell Count,10.4,K/uL,4.5,11,N,Routine,2024-05-27 14:11,2024-05-27 14:16,2024-05-27 15:45
LAB710616,ENC104522,PT11764,HGB,Hemoglobin,14.6,g/dL,12,17.5,N,STAT,2024-05-27 14:21,2024-05-27 14:47,2024-05-27 15:23
LAB710617,ENC104522,PT11764,TROP,"Troponin I, High Sensitivity",94,ng/L,0,34,H,STAT,2024-05-27 14:22,2024-05-27 14:55,2024-05-27 15:33
LAB710618,ENC104522,PT11764,BNP,B-Type Natriuretic Peptide,519,pg/mL,0,100,H,STAT,2024-05-27 13:39,2024-05-27 14:05,2024-05-27 14:51
LAB710619,ENC104525,PT12874,GLU,Glucose,132,mg/dL,70,99,H,Routine,2024-05-27 11:41,2024-05-27 12:11,2024-05-27 17:40
LAB710620,ENC104525,PT12874,CREAT,Creatinine,0.77,mg/dL,0.6,1.3,N,STAT,2024-05-27 12:24,2024-05-27 12:52,2024-05-27 13:15
LAB710621,ENC104531,PT11811,GLU,Glucose,108,mg/dL,70,99,H,Routine,2024-05-27 14:25,2024-05-27 14:43,2024-05-27 17:50
LAB710622,ENC104531,PT11811,CREAT,Creatinine,0.54,mg/dL,0.6,1.3,L,STAT,2024-05-27 14:14,2024-05-27 14:47,2024-05-27 15:25
LAB710623,ENC104532,PT13805,GLU,Glucose,87,mg/dL,70,99,N,Routine,2024-05-27 14:42,2024-05-27 14:58,2024-05-27 16:40
LAB710624,ENC104532,PT13805,CREAT,Creatinine,2.32,mg/dL,0.6,1.3,H,STAT,2024-05-27 15:06,2024-05-27 15:37,2024-05-27 16:27
LAB710625,ENC104532,PT13805,WBC,White Blood Cell Count,9.1,K/uL,4.5,11,N,STAT,2024-05-27 14:41,2024-05-27 15:06,2024-05-27 15:32
LAB710626,ENC104532,PT13805,TROP,"Troponin I, High Sensitivity",8,ng/L,0,34,N,STAT,2024-05-27 14:54,2024-05-27 15:28,2024-05-27 16:15
LAB710627,ENC104535,PT10204,LDL,LDL Cholesterol,126,mg/dL,0,99,H,Routine,2024-05-27 15:07,2024-05-27 15:39,2024-05-28 06:40
LAB710628,ENC104535,PT10204,A1C,Hemoglobin A1c,7.1,%,4,5.6,H,Routine,2024-05-27 15:10,2024-05-27 15:30,2024-05-28 06:37
LAB710629,ENC104535,PT10204,TSH,Thyroid Stimulating Hormone,0.89,mIU/L,0.4,4,N,Routine,2024-05-27 14:52,2024-05-27 15:22,2024-05-28 03:25
LAB710630,ENC104537,PT10209,GLU,Glucose,124,mg/dL,70,99,H,Routine,2024-05-27 16:23,2024-05-27 16:54,2024-05-27 19:37
LAB710631,ENC104537,PT10209,CREAT,Creatinine,0.71,mg/dL,0.6,1.3,N,STAT,2024-05-27 15:43,2024-05-27 16:12,2024-05-27 16:34
LAB710632,ENC104537,PT10209,WBC,White Blood Cell Count,11.5,K/uL,4.5,11,H,STAT,2024-05-27 15:38,2024-05-27 15:54,2024-05-27 16:14
LAB710633,ENC104537,PT10209,HGB,Hemoglobin,16.8,g/dL,12,17.5,N,STAT,2024-05-27 16:16,2024-05-27 16:43,2024-05-27 17:13
LAB710634,ENC104538,PT13994,GLU,Glucose,111,mg/dL,70,99,H,STAT,2024-05-27 19:16,2024-05-27 19:51,2024-05-27 20:29
LAB710635,ENC104538,PT13994,CREAT,Creatinine,0.6,mg/dL,0.6,1.3,N,STAT,2024-05-27 19:18,2024-05-27 19:30,2024-05-27 20:10
LAB710636,ENC104538,PT13994,WBC,White Blood Cell Count,12,K/uL,4.5,11,H,STAT,2024-05-27 19:40,2024-05-27 20:08,2024-05-27 20:38
LAB710637,ENC104538,PT13994,HGB,Hemoglobin,15,g/dL,12,17.5,N,Routine,2024-05-27 18:57,2024-05-27 19:18,2024-05-27 23:37
LAB710638,ENC104541,PT10991,GLU,Glucose,112,mg/dL,70,99,H,STAT,2024-05-27 19:48,2024-05-27 20:05,2024-05-27 20:50
LAB710639,ENC104541,PT10991,CREAT,Creatinine,0.99,mg/dL,0.6,1.3,N,STAT,2024-05-27 18:45,2024-05-27 18:51,2024-05-27 20:21
LAB710640,ENC104542,PT11289,GLU,Glucose,109,mg/dL,70,99,H,Routine,2024-05-28 00:49,2024-05-28 01:18,2024-05-28 04:18
LAB710641,ENC104542,PT11289,CREAT,Creatinine,0.93,mg/dL,0.6,1.3,N,Routine,2024-05-28 00:41,2024-05-28 01:07,2024-05-28 08:28
LAB710642,ENC104542,PT11289,WBC,White Blood Cell Count,7.6,K/uL,4.5,11,N,Routine,2024-05-28 00:30,2024-05-28 00:43,2024-05-28 03:20
LAB710643,ENC104542,PT11289,HGB,Hemoglobin,12.4,g/dL,12,17.5,N,STAT,2024-05-28 00:07,2024-05-28 00:11,2024-05-28 01:15
LAB710644,ENC104542,PT11289,TROP,"Troponin I, High Sensitivity",2,ng/L,0,34,N,STAT,2024-05-28 00:46,2024-05-28 01:08,2024-05-28 02:37
LAB710645,ENC104542,PT11289,BNP,B-Type Natriuretic Peptide,621,pg/mL,0,100,H,STAT,2024-05-28 00:14,2024-05-28 00:47,2024-05-28 01:17
LAB710646,ENC104543,PT11726,GLU,Glucose,105,mg/dL,70,99,H,Routine,2024-05-27 22:57,2024-05-27 23:24,2024-05-28 02:48
LAB710647,ENC104543,PT11726,CREAT,Creatinine,1.18,mg/dL,0.6,1.3,N,STAT,2024-05-27 22:13,2024-05-27 22:24,2024-05-27 23:00
LAB710648,ENC104543,PT11726,WBC,White Blood Cell Count,3.5,K/uL,4.5,11,L,Routine,2024-05-27 22:53,2024-05-27 23:01,2024-05-28 01:42
LAB710649,ENC104543,PT11726,HGB,Hemoglobin,14.7,g/dL,12,17.5,N,STAT,2024-05-27 22:05,2024-05-27 22:17,2024-05-27 23:00
LAB710650,ENC104544,PT12689,GLU,Glucose,122,mg/dL,70,99,H,STAT,2024-05-28 01:47,2024-05-28 02:14,2024-05-28 02:45
LAB710651,ENC104544,PT12689,CREAT,Creatinine,0.63,mg/dL,0.6,1.3,N,Routine,2024-05-28 01:18,2024-05-28 01:46,2024-05-28 03:43
LAB710652,ENC104544,PT12689,WBC,White Blood Cell Count,11,K/uL,4.5,11,N,Routine,2024-05-28 01:39,2024-05-28 02:12,2024-05-28 07:31
LAB710653,ENC104544,PT12689,HGB,Hemoglobin,16.3,g/dL,12,17.5,N,STAT,2024-05-28 01:59,2024-05-28 02:19,2024-05-28 03:01
LAB710654,ENC104544,PT12689,BUN,Blood Urea Nitrogen,24,mg/dL,7,20,H,STAT,2024-05-28 01:26,2024-05-28 01:48,2024-05-28 03:03
LAB710655,ENC104544,PT12689,PLT,Platelet Count,269,K/uL,150,400,N,STAT,2024-05-28 01:24,2024-05-28 01:39,2024-05-28 02:40
LAB710656,ENC104545,PT11816,GLU,Glucose,187,mg/dL,70,99,H,Routine,2024-05-28 06:06,2024-05-28 06:10,2024-05-28 12:35
LAB710657,ENC104545,PT11816,CREAT,Creatinine,1.05,mg/dL,0.6,1.3,N,STAT,2024-05-28 05:43,2024-05-28 06:15,2024-05-28 06:50
LAB710658,ENC104545,PT11816,WBC,White Blood Cell Count,3.9,K/uL,4.5,11,L,Routine,2024-05-28 06:02,2024-05-28 06:28,2024-05-28 09:36
LAB710659,ENC104545,PT11816,HGB,Hemoglobin,12.3,g/dL,12,17.5,N,Routine,2024-05-28 06:12,2024-05-28 06:44,2024-05-28 09:58
LAB710660,ENC104545,PT11816,BUN,Blood Urea Nitrogen,19,mg/dL,7,20,N,STAT,2024-05-28 05:27,2024-05-28 05:40,2024-05-28 06:32
LAB710661,ENC104545,PT11816,PLT,Platelet Count,354,K/uL,150,400,N,Routine,2024-05-28 06:08,2024-05-28 06:20,2024-05-28 09:18
LAB710662,ENC104545,PT11816,TROP,"Troponin I, High Sensitivity",33,ng/L,0,34,N,STAT,2024-05-28 05:27,2024-05-28 05:48,2024-05-28 06:56
LAB710663,ENC104545,PT11816,BNP,B-Type Natriuretic Peptide,2053,pg/mL,0,100,H,STAT,2024-05-28 06:17,2024-05-28 06:28,2024-05-28 07:21
LAB710664,ENC104546,PT12764,GLU,Glucose,73,mg/dL,70,99,N,Routine,2024-05-28 06:18,2024-05-28 06:43,2024-05-28 07:39
LAB710665,ENC104546,PT12764,CREAT,Creatinine,0.69,mg/dL,0.6,1.3,N,STAT,2024-05-28 06:24,2024-05-28 06:31,2024-05-28 07:04
LAB710666,ENC104546,PT12764,WBC,White Blood Cell Count,5.9,K/uL,4.5,11,N,STAT,2024-05-28 06:50,2024-05-28 07:06,2024-05-28 07:33
LAB710667,ENC104546,PT12764,HGB,Hemoglobin,14.2,g/dL,12,17.5,N,Routine,2024-05-28 07:12,2024-05-28 07:23,2024-05-28 09:11
LAB710668,ENC104547,PT13374,GLU,Glucose,63,mg/dL,70,99,L,STAT,2024-05-28 07:52,2024-05-28 08:20,2024-05-28 08:59
LAB710669,ENC104547,PT13374,CREAT,Creatinine,0.99,mg/dL,0.6,1.3,N,STAT,2024-05-28 07:58,2024-05-28 08:09,2024-05-28 09:32
LAB710670,ENC104547,PT13374,WBC,White Blood Cell Count,7,K/uL,4.5,11,N,Routine,2024-05-28 08:30,2024-05-28 08:53,2024-05-28 13:18
LAB710671,ENC104547,PT13374,HGB,Hemoglobin,11.9,g/dL,12,17.5,L,STAT,2024-05-28 07:47,2024-05-28 07:51,2024-05-28 08:24
LAB710672,ENC104547,PT13374,NA,Sodium,134,mmol/L,136,145,L,Routine,2024-05-28 08:31,2024-05-28 08:48,2024-05-28 11:41
LAB710673,ENC104547,PT13374,K,Potassium,4.4,mmol/L,3.5,5.1,N,STAT,2024-05-28 08:33,2024-05-28 09:08,2024-05-28 10:23
LAB710674,ENC104550,PT13366,INR,Prothrombin Time INR,2.7,ratio,0.8,1.2,H,Routine,2024-05-28 08:41,2024-05-28 08:49,2024-05-28 12:10
LAB710675,ENC104551,PT11128,GLU,Glucose,110,mg/dL,70,99,H,STAT,2024-05-28 08:46,2024-05-28 09:16,2024-05-28 09:50
LAB710676,ENC104551,PT11128,CREAT,Creatinine,0.88,mg/dL,0.6,1.3,N,STAT,2024-05-28 08:46,2024-05-28 09:12,2024-05-28 09:51
LAB710677,ENC104551,PT11128,WBC,White Blood Cell Count,5.5,K/uL,4.5,11,N,Routine,2024-05-28 09:20,2024-05-28 09:25,2024-05-28 13:12
LAB710678,ENC104551,PT11128,HGB,Hemoglobin,13.2,g/dL,12,17.5,N,Routine,2024-05-28 09:05,2024-05-28 09:27,2024-05-28 15:56
LAB710679,ENC104553,PT13087,GLU,Glucose,249,mg/dL,70,99,H,STAT,2024-05-28 11:56,2024-05-28 12:08,2024-05-28 13:02
LAB710680,ENC104553,PT13087,CREAT,Creatinine,1.03,mg/dL,0.6,1.3,N,STAT,2024-05-28 11:42,2024-05-28 12:17,2024-05-28 13:23
LAB710681,ENC104553,PT13087,WBC,White Blood Cell Count,7.1,K/uL,4.5,11,N,STAT,2024-05-28 12:11,2024-05-28 12:26,2024-05-28 12:46
LAB710682,ENC104553,PT13087,HGB,Hemoglobin,15.3,g/dL,12,17.5,N,STAT,2024-05-28 11:42,2024-05-28 12:01,2024-05-28 12:33
LAB710683,ENC104553,PT13087,NA,Sodium,138,mmol/L,136,145,N,STAT,2024-05-28 12:19,2024-05-28 12:38,2024-05-28 13:48
LAB710684,ENC104553,PT13087,K,Potassium,4.1,mmol/L,3.5,5.1,N,STAT,2024-05-28 11:48,2024-05-28 12:08,2024-05-28 12:53
LAB710685,ENC104554,PT10587,GLU,Glucose,122,mg/dL,70,99,H,Routine,2024-05-28 13:36,2024-05-28 13:56,2024-05-28 17:47
LAB710686,ENC104554,PT10587,CREAT,Creatinine,0.89,mg/dL,0.6,1.3,N,STAT,2024-05-28 13:11,2024-05-28 13:25,2024-05-28 14:28
LAB710687,ENC104554,PT10587,WBC,White Blood Cell Count,13.2,K/uL,4.5,11,H,STAT,2024-05-28 12:57,2024-05-28 13:29,2024-05-28 13:59
LAB710688,ENC104554,PT10587,HGB,Hemoglobin,16.7,g/dL,12,17.5,N,Routine,2024-05-28 12:52,2024-05-28 13:20,2024-05-28 17:16
LAB710689,ENC104554,PT10587,NA,Sodium,138,mmol/L,136,145,N,STAT,2024-05-28 13:37,2024-05-28 14:01,2024-05-28 15:23
LAB710690,ENC104554,PT10587,K,Potassium,4.3,mmol/L,3.5,5.1,N,STAT,2024-05-28 13:32,2024-05-28 13:44,2024-05-28 14:56
LAB710691,ENC104556,PT11399,WBC,White Blood Cell Count,6.8,K/uL,4.5,11,N,Routine,2024-05-28 10:12,2024-05-28 10:40,2024-05-28 12:19
LAB710692,ENC104556,PT11399,HGB,Hemoglobin,14.6,g/dL,12,17.5,N,Routine,2024-05-28 10:25,2024-05-28 10:50,2024-05-28 14:19
LAB710693,ENC104556,PT11399,PLT,Platelet Count,217,K/uL,150,400,N,Routine,2024-05-28 10:23,2024-05-28 10:57,2024-05-28 16:36
LAB710694,ENC104557,PT10440,WBC,White Blood Cell Count,5.8,K/uL,4.5,11,N,Routine,2024-05-28 10:53,2024-05-28 11:00,2024-05-28 16:00
LAB710695,ENC104557,PT10440,HGB,Hemoglobin,14.4,g/dL,12,17.5,N,Routine,2024-05-28 10:50,2024-05-28 11:15,2024-05-28 15:20
LAB710696,ENC104557,PT10440,PLT,Platelet Count,292,K/uL,150,400,N,Routine,2024-05-28 11:13,2024-05-28 11:20,2024-05-28 13:06
LAB710697,ENC104560,PT10456,GLU,Glucose,84,mg/dL,70,99,N,STAT,2024-05-28 15:40,2024-05-28 15:44,2024-05-28 16:35
LAB710698,ENC104560,PT10456,CREAT,Creatinine,0.78,mg/dL,0.6,1.3,N,STAT,2024-05-28 16:34,2024-05-28 16:44,2024-05-28 17:59
LAB710699,ENC104560,PT10456,WBC,White Blood Cell Count,6,K/uL,4.5,11,N,STAT,2024-05-28 15:37,2024-05-28 15:56,2024-05-28 16:36
LAB710700,ENC104560,PT10456,HGB,Hemoglobin,12.7,g/dL,12,17.5,N,Routine,2024-05-28 16:01,2024-05-28 16:33,2024-05-28 19:04
LAB710701,ENC104563,PT11525,GLU,Glucose,89,mg/dL,70,99,N,STAT,2024-05-28 19:00,2024-05-28 19:17,2024-05-28 20:00
LAB710702,ENC104563,PT11525,CREAT,Creatinine,1.07,mg/dL,0.6,1.3,N,STAT,2024-05-28 18:33,2024-05-28 18:56,2024-05-28 20:10
LAB710703,ENC104563,PT11525,WBC,White Blood Cell Count,9,K/uL,4.5,11,N,STAT,2024-05-28 18:35,2024-05-28 18:39,2024-05-28 19:11
LAB710704,ENC104563,PT11525,HGB,Hemoglobin,14.4,g/dL,12,17.5,N,STAT,2024-05-28 19:01,2024-05-28 19:17,2024-05-28 20:31
LAB710705,ENC104567,PT11295,GLU,Glucose,109,mg/dL,70,99,H,STAT,2024-05-28 19:11,2024-05-28 19:29,2024-05-28 20:25
LAB710706,ENC104567,PT11295,CREAT,Creatinine,0.47,mg/dL,0.6,1.3,L,Routine,2024-05-28 19:35,2024-05-28 19:52,2024-05-28 23:24
LAB710707,ENC104567,PT11295,WBC,White Blood Cell Count,8.9,K/uL,4.5,11,N,STAT,2024-05-28 19:50,2024-05-28 20:18,2024-05-28 20:55
LAB710708,ENC104567,PT11295,HGB,Hemoglobin,16.3,g/dL,12,17.5,N,Routine,2024-05-28 19:31,2024-05-28 19:38,2024-05-28 22:23
LAB710709,ENC104567,PT11295,LACT,Lactate,4.2,mmol/L,0.5,2,HH,STAT,2024-05-28 19:00,2024-05-28 19:18,2024-05-28 20:08
LAB710710,ENC104568,PT12905,LDL,LDL Cholesterol,124,mg/dL,0,99,H,Routine,2024-05-28 16:09,2024-05-28 16:42,2024-05-29 05:03
LAB710711,ENC104568,PT12905,A1C,Hemoglobin A1c,7.1,%,4,5.6,H,Routine,2024-05-28 16:15,2024-05-28 16:37,2024-05-29 07:08
LAB710712,ENC104568,PT12905,TSH,Thyroid Stimulating Hormone,2.78,mIU/L,0.4,4,N,Routine,2024-05-28 15:55,2024-05-28 16:06,2024-05-29 07:45
LAB710713,ENC104569,PT13657,GLU,Glucose,125,mg/dL,70,99,H,STAT,2024-05-28 16:06,2024-05-28 16:15,2024-05-28 16:49
LAB710714,ENC104569,PT13657,CREAT,Creatinine,0.74,mg/dL,0.6,1.3,N,STAT,2024-05-28 16:32,2024-05-28 17:05,2024-05-28 18:16
LAB710715,ENC104571,PT13430,GLU,Glucose,96,mg/dL,70,99,N,STAT,2024-05-28 19:49,2024-05-28 20:11,2024-05-28 20:53
LAB710716,ENC104571,PT13430,CREAT,Creatinine,0.68,mg/dL,0.6,1.3,N,STAT,2024-05-28 19:53,2024-05-28 20:27,2024-05-28 21:11
LAB710717,ENC104571,PT13430,WBC,White Blood Cell Count,14.3,K/uL,4.5,11,H,STAT,2024-05-28 20:50,2024-05-28 21:05,2024-05-28 21:39
LAB710718,ENC104571,PT13430,HGB,Hemoglobin,15.6,g/dL,12,17.5,N,Routine,2024-05-28 20:36,2024-05-28 21:08,2024-05-29 02:07
LAB710719,ENC104574,PT11267,GLU,Glucose,89,mg/dL,70,99,N,Routine,2024-05-28 19:35,2024-05-28 19:49,2024-05-28 23:52
LAB710720,ENC104574,PT11267,CREAT,Creatinine,0.96,mg/dL,0.6,1.3,N,Routine,2024-05-28 19:58,2024-05-28 20:32,2024-05-29 02:23
LAB710721,ENC104574,PT11267,WBC,White Blood Cell Count,6.9,K/uL,4.5,11,N,Routine,2024-05-28 19:08,2024-05-28 19:38,2024-05-28 21:29
LAB710722,ENC104574,PT11267,HGB,Hemoglobin,13,g/dL,12,17.5,N,Routine,2024-05-28 19:12,2024-05-28 19:36,2024-05-28 22:49
LAB710723,ENC104574,PT11267,LACT,Lactate,2.2,mmol/L,0.5,2,H,STAT,2024-05-28 19:53,2024-05-28 20:09,2024-05-28 20:34
LAB710724,ENC104575,PT11199,GLU,Glucose,85,mg/dL,70,99,N,STAT,2024-05-28 22:50,2024-05-28 23:22,2024-05-29 00:08
LAB710725,ENC104575,PT11199,CREAT,Creatinine,2.45,mg/dL,0.6,1.3,H,STAT,2024-05-28 22:25,2024-05-28 23:00,2024-05-28 23:25
LAB710726,ENC104575,PT11199,WBC,White Blood Cell Count,6.9,K/uL,4.5,11,N,STAT,2024-05-28 21:50,2024-05-28 22:21,2024-05-28 23:15
LAB710727,ENC104575,PT11199,HGB,Hemoglobin,10.8,g/dL,12,17.5,L,Routine,2024-05-28 22:01,2024-05-28 22:06,2024-05-29 02:37
LAB710728,ENC104575,PT11199,TROP,"Troponin I, High Sensitivity",14433,ng/L,0,34,H,STAT,2024-05-28 21:53,2024-05-28 22:17,2024-05-28 23:35
LAB710729,ENC104576,PT12620,GLU,Glucose,201,mg/dL,70,99,H,STAT,2024-05-29 02:32,2024-05-29 02:58,2024-05-29 03:29
LAB710730,ENC104576,PT12620,CREAT,Creatinine,0.48,mg/dL,0.6,1.3,L,Routine,2024-05-29 02:00,2024-05-29 02:07,2024-05-29 06:30
LAB710731,ENC104576,PT12620,WBC,White Blood Cell Count,21.1,K/uL,4.5,11,H,Routine,2024-05-29 02:18,2024-05-29 02:45,2024-05-29 05:16
LAB710732,ENC104576,PT12620,HGB,Hemoglobin,14.9,g/dL,12,17.5,N,Routine,2024-05-29 01:59,2024-05-29 02:30,2024-05-29 03:11
LAB710733,ENC104576,PT12620,NA,Sodium,136,mmol/L,136,145,N,Routine,2024-05-29 02:21,2024-05-29 02:43,2024-05-29 05:24
LAB710734,ENC104576,PT12620,K,Potassium,4.7,mmol/L,3.5,5.1,N,STAT,2024-05-29 02:14,2024-05-29 02:26,2024-05-29 03:33
LAB710735,ENC104576,PT12620,LACT,Lactate,5.3,mmol/L,0.5,2,HH,STAT,2024-05-29 01:55,2024-05-29 02:15,2024-05-29 03:00
LAB710736,ENC104577,PT10884,GLU,Glucose,99,mg/dL,70,99,N,Routine,2024-05-29 06:43,2024-05-29 06:49,2024-05-29 08:16
LAB710737,ENC104577,PT10884,CREAT,Creatinine,1.1,mg/dL,0.6,1.3,N,STAT,2024-05-29 06:23,2024-05-29 06:31,2024-05-29 07:22
LAB710738,ENC104577,PT10884,WBC,White Blood Cell Count,7.9,K/uL,4.5,11,N,STAT,2024-05-29 06:54,2024-05-29 06:58,2024-05-29 07:36
LAB710739,ENC104577,PT10884,HGB,Hemoglobin,13.1,g/dL,12,17.5,N,STAT,2024-05-29 06:25,2024-05-29 06:40,2024-05-29 07:07
LAB710740,ENC104577,PT10884,NA,Sodium,140,mmol/L,136,145,N,Routine,2024-05-29 06:54,2024-05-29 06:58,2024-05-29 08:10
LAB710741,ENC104577,PT10884,K,Potassium,3.9,mmol/L,3.5,5.1,N,STAT,2024-05-29 06:27,2024-05-29 06:55,2024-05-29 07:30
LAB710742,ENC104578,PT11566,GLU,Glucose,121,mg/dL,70,99,H,STAT,2024-05-29 08:08,2024-05-29 08:26,2024-05-29 09:06
LAB710743,ENC104578,PT11566,CREAT,Creatinine,1.45,mg/dL,0.6,1.3,H,STAT,2024-05-29 08:24,2024-05-29 08:30,2024-05-29 09:39
LAB710744,ENC104578,PT11566,WBC,White Blood Cell Count,7.8,K/uL,4.5,11,N,STAT,2024-05-29 07:58,2024-05-29 08:11,2024-05-29 09:15
LAB710745,ENC104578,PT11566,HGB,Hemoglobin,16.4,g/dL,12,17.5,N,STAT,2024-05-29 07:49,2024-05-29 08:09,2024-05-29 08:25
LAB710746,ENC104578,PT11566,NA,Sodium,140,mmol/L,136,145,N,Routine,2024-05-29 08:25,2024-05-29 09:00,2024-05-29 13:09
LAB710747,ENC104578,PT11566,K,Potassium,5.5,mmol/L,3.5,5.1,H,STAT,2024-05-29 07:38,2024-05-29 08:07,2024-05-29 08:47
LAB710748,ENC104583,PT13523,A1C,Hemoglobin A1c,9.6,%,4,5.6,H,Routine,2024-05-29 09:02,2024-05-29 09:09,2024-05-29 23:49
LAB710749,ENC104583,PT13523,GLU,Glucose,365,mg/dL,70,99,H,Routine,2024-05-29 09:03,2024-05-29 09:27,2024-05-29 15:57
LAB710750,ENC104583,PT13523,CREAT,Creatinine,0.76,mg/dL,0.6,1.3,N,Routine,2024-05-29 08:53,2024-05-29 09:02,2024-05-29 11:31
LAB710751,ENC104587,PT12045,GLU,Glucose,204,mg/dL,70,99,H,STAT,2024-05-29 10:08,2024-05-29 10:20,2024-05-29 11:01
LAB710752,ENC104587,PT12045,CREAT,Creatinine,0.79,mg/dL,0.6,1.3,N,Routine,2024-05-29 10:30,2024-05-29 10:38,2024-05-29 13:34
LAB710753,ENC104588,PT10714,WBC,White Blood Cell Count,9.7,K/uL,4.5,11,N,Routine,2024-05-29 10:44,2024-05-29 11:01,2024-05-29 14:13
LAB710754,ENC104588,PT10714,HGB,Hemoglobin,14.1,g/dL,12,17.5,N,Routine,2024-05-29 10:44,2024-05-29 11:17,2024-05-29 14:42
LAB710755,ENC104588,PT10714,PLT,Platelet Count,188,K/uL,150,400,N,Routine,2024-05-29 10:31,2024-05-29 10:58,2024-05-29 14:13
LAB710756,ENC104590,PT12734,LDL,LDL Cholesterol,141,mg/dL,0,99,H,Routine,2024-05-29 10:55,2024-05-29 11:07,2024-05-30 04:15
LAB710757,ENC104590,PT12734,TSH,Thyroid Stimulating Hormone,0.03,mIU/L,0.4,4,L,Routine,2024-05-29 11:04,2024-05-29 11:26,2024-05-30 22:07
LAB710758,ENC104591,PT10396,A1C,Hemoglobin A1c,14.2,%,4,5.6,H,Routine,2024-05-29 11:28,2024-05-29 11:34,2024-05-29 19:22
LAB710759,ENC104592,PT10092,A1C,Hemoglobin A1c,8.8,%,4,5.6,H,Routine,2024-05-29 11:24,2024-05-29 11:42,2024-05-29 22:12
LAB710760,ENC104592,PT10092,GLU,Glucose,209,mg/dL,70,99,H,Routine,2024-05-29 11:30,2024-05-29 11:58,2024-05-29 14:36
LAB710761,ENC104592,PT10092,CREAT,Creatinine,1,mg/dL,0.6,1.3,N,Routine,2024-05-29 11:25,2024-05-29 11:59,2024-05-29 12:47
LAB710762,ENC104593,PT10914,A1C,Hemoglobin A1c,6.6,%,4,5.6,H,Routine,2024-05-29 11:40,2024-05-29 12:12,2024-05-29 19:13
LAB710763,ENC104593,PT10914,GLU,Glucose,94,mg/dL,70,99,N,Routine,2024-05-29 11:38,2024-05-29 11:58,2024-05-29 15:28
LAB710764,ENC104593,PT10914,CREAT,Creatinine,0.45,mg/dL,0.6,1.3,L,Routine,2024-05-29 11:57,2024-05-29 12:17,2024-05-29 14:25
LAB710765,ENC104595,PT12504,GLU,Glucose,315,mg/dL,70,99,H,Routine,2024-05-29 16:27,2024-05-29 16:59,2024-05-29 18:09
LAB710766,ENC104595,PT12504,CREAT,Creatinine,0.71,mg/dL,0.6,1.3,N,STAT,2024-05-29 16:44,2024-05-29 16:59,2024-05-29 17:48
LAB710767,ENC104595,PT12504,WBC,White Blood Cell Count,8,K/uL,4.5,11,N,Routine,2024-05-29 17:03,2024-05-29 17:27,2024-05-29 21:38
LAB710768,ENC104595,PT12504,HGB,Hemoglobin,12.3,g/dL,12,17.5,N,Routine,2024-05-29 16:44,2024-05-29 17:05,2024-05-29 20:03
LAB710769,ENC104595,PT12504,INR,Prothrombin Time INR,1,ratio,0.8,1.2,N,STAT,2024-05-29 16:39,2024-05-29 17:14,2024-05-29 18:32
LAB710770,ENC104597,PT10138,GLU,Glucose,111,mg/dL,70,99,H,STAT,2024-05-29 16:12,2024-05-29 16:41,2024-05-29 17:14
LAB710771,ENC104597,PT10138,CREAT,Creatinine,1.14,mg/dL,0.6,1.3,N,STAT,2024-05-29 16:17,2024-05-29 16:28,2024-05-29 18:00
LAB710772,ENC104597,PT10138,WBC,White Blood Cell Count,4.9,K/uL,4.5,11,N,Routine,2024-05-29 15:51,2024-05-29 16:10,2024-05-29 18:44
LAB710773,ENC104597,PT10138,HGB,Hemoglobin,14.2,g/dL,12,17.5,N,STAT,2024-05-29 15:58,2024-05-29 16:06,2024-05-29 16:49
LAB710774,ENC104598,PT11200,GLU,Glucose,115,mg/dL,70,99,H,STAT,2024-05-29 19:44,2024-05-29 20:10,2024-05-29 22:09
LAB710775,ENC104598,PT11200,CREAT,Creatinine,1.03,mg/dL,0.6,1.3,N,STAT,2024-05-29 19:00,2024-05-29 19:26,2024-05-29 20:07
LAB710776,ENC104598,PT11200,WBC,White Blood Cell Count,5,K/uL,4.5,11,N,Routine,2024-05-29 19:58,2024-05-29 20:20,2024-05-29 22:42
LAB710777,ENC104598,PT11200,HGB,Hemoglobin,13.6,g/dL,12,17.5,N,STAT,2024-05-29 19:05,2024-05-29 19:10,2024-05-29 20:14
LAB710778,ENC104600,PT12014,A1C,Hemoglobin A1c,5.4,%,4,5.6,N,Routine,2024-05-29 15:21,2024-05-29 15:33,2024-05-29 22:34
LAB710779,ENC104600,PT12014,GLU,Glucose,90,mg/dL,70,99,N,Routine,2024-05-29 15:28,2024-05-29 16:02,2024-05-29 21:09
LAB710780,ENC104600,PT12014,CREAT,Creatinine,1.07,mg/dL,0.6,1.3,N,Routine,2024-05-29 15:22,2024-05-29 15:46,2024-05-29 22:37
LAB710781,ENC104604,PT13663,GLU,Glucose,121,mg/dL,70,99,H,STAT,2024-05-29 16:38,2024-05-29 17:11,2024-05-29 17:45
LAB710782,ENC104604,PT13663,CREAT,Creatinine,0.91,mg/dL,0.6,1.3,N,Routine,2024-05-29 16:37,2024-05-29 16:53,2024-05-29 20:55
LAB710783,ENC104606,PT11407,GLU,Glucose,107,mg/dL,70,99,H,STAT,2024-05-29 21:35,2024-05-29 21:46,2024-05-29 23:04
LAB710784,ENC104606,PT11407,CREAT,Creatinine,0.79,mg/dL,0.6,1.3,N,Routine,2024-05-29 22:08,2024-05-29 22:28,2024-05-30 09:32
LAB710785,ENC104606,PT11407,WBC,White Blood Cell Count,9.5,K/uL,4.5,11,N,STAT,2024-05-29 22:30,2024-05-29 22:51,2024-05-29 23:27
LAB710786,ENC104606,PT11407,HGB,Hemoglobin,14.4,g/dL,12,17.5,N,Routine,2024-05-29 22:28,2024-05-29 22:53,2024-05-30 01:10
LAB710787,ENC104607,PT13369,GLU,Glucose,105,mg/dL,70,99,H,Routine,2024-05-29 20:46,2024-05-29 21:02,2024-05-30 00:41
LAB710788,ENC104607,PT13369,CREAT,Creatinine,0.99,mg/dL,0.6,1.3,N,Routine,2024-05-29 20:03,2024-05-29 20:37,2024-05-30 00:53
LAB710789,ENC104607,PT13369,WBC,White Blood Cell Count,10.2,K/uL,4.5,11,N,STAT,2024-05-29 20:07,2024-05-29 20:35,2024-05-29 21:26
LAB710790,ENC104607,PT13369,HGB,Hemoglobin,12.6,g/dL,12,17.5,N,Routine,2024-05-29 20:09,2024-05-29 20:42,2024-05-30 02:59
LAB710791,ENC104607,PT13369,INR,Prothrombin Time INR,1,ratio,0.8,1.2,N,STAT,2024-05-29 20:03,2024-05-29 20:10,2024-05-29 20:48
LAB710792,ENC104612,PT13171,GLU,Glucose,70,mg/dL,70,99,N,STAT,2024-05-30 00:54,2024-05-30 01:05,2024-05-30 02:10
LAB710793,ENC104612,PT13171,CREAT,Creatinine,1.26,mg/dL,0.6,1.3,N,Routine,2024-05-30 00:26,2024-05-30 00:36,2024-05-30 02:28
LAB710794,ENC104612,PT13171,WBC,White Blood Cell Count,10,K/uL,4.5,11,N,Routine,2024-05-30 00:24,2024-05-30 00:59,2024-05-30 04:54
LAB710795,ENC104612,PT13171,HGB,Hemoglobin,14.9,g/dL,12,17.5,N,Routine,2024-05-30 00:12,2024-05-30 00:19,2024-05-30 01:45
LAB710796,ENC104612,PT13171,BUN,Blood Urea Nitrogen,21,mg/dL,7,20,H,Routine,2024-05-30 00:42,2024-05-30 01:03,2024-05-30 03:25
LAB710797,ENC104612,PT13171,PLT,Platelet Count,300,K/uL,150,400,N,STAT,2024-05-30 00:55,2024-05-30 01:21,2024-05-30 02:18
LAB710798,ENC104614,PT12642,GLU,Glucose,92,mg/dL,70,99,N,STAT,2024-05-30 03:26,2024-05-30 04:01,2024-05-30 05:09
LAB710799,ENC104614,PT12642,CREAT,Creatinine,0.67,mg/dL,0.6,1.3,N,STAT,2024-05-30 03:39,2024-05-30 04:10,2024-05-30 05:10
LAB710800,ENC104614,PT12642,WBC,White Blood Cell Count,3.7,K/uL,4.5,11,L,Routine,2024-05-30 04:09,2024-05-30 04:35,2024-05-30 06:17
LAB710801,ENC104614,PT12642,HGB,Hemoglobin,15.2,g/dL,12,17.5,N,STAT,2024-05-30 04:28,2024-05-30 05:02,2024-05-30 05:29
LAB710802,ENC104614,PT12642,NA,Sodium,124,mmol/L,136,145,L,Routine,2024-05-30 04:17,2024-05-30 04:38,2024-05-30 08:30
LAB710803,ENC104614,PT12642,K,Potassium,3.5,mmol/L,3.5,5.1,N,STAT,2024-05-30 03:59,2024-05-30 04:19,2024-05-30 05:06
LAB710804,ENC104615,PT13853,GLU,Glucose,141,mg/dL,70,99,H,STAT,2024-05-30 05:49,2024-05-30 05:53,2024-05-30 06:54
LAB710805,ENC104615,PT13853,CREAT,Creatinine,1.14,mg/dL,0.6,1.3,N,STAT,2024-05-30 06:24,2024-05-30 06:46,2024-05-30 07:27
LAB710806,ENC104615,PT13853,WBC,White Blood Cell Count,7.4,K/uL,4.5,11,N,Routine,2024-05-30 06:30,2024-05-30 07:02,2024-05-30 13:22
LAB710807,ENC104615,PT13853,HGB,Hemoglobin,12.5,g/dL,12,17.5,N,STAT,2024-05-30 06:37,2024-05-30 07:07,2024-05-30 08:20
LAB710808,ENC104616,PT11869,GLU,Glucose,83,mg/dL,70,99,N,STAT,2024-05-30 04:38,2024-05-30 04:48,2024-05-30 05:43
LAB710809,ENC104616,PT11869,CREAT,Creatinine,1.19,mg/dL,0.6,1.3,N,STAT,2024-05-30 05:20,2024-05-30 05:27,2024-05-30 05:58
LAB710810,ENC104616,PT11869,WBC,White Blood Cell Count,7.9,K/uL,4.5,11,N,STAT,2024-05-30 04:48,2024-05-30 04:59,2024-05-30 05:58
LAB710811,ENC104616,PT11869,HGB,Hemoglobin,14,g/dL,12,17.5,N,STAT,2024-05-30 05:16,2024-05-30 05:24,2024-05-30 05:47
LAB710812,ENC104616,PT11869,BUN,Blood Urea Nitrogen,18,mg/dL,7,20,N,STAT,2024-05-30 04:53,2024-05-30 05:05,2024-05-30 05:43
LAB710813,ENC104616,PT11869,PLT,Platelet Count,283,K/uL,150,400,N,STAT,2024-05-30 05:02,2024-05-30 05:27,2024-05-30 06:18
LAB710814,ENC104617,PT10549,GLU,Glucose,86,mg/dL,70,99,N,Routine,2024-05-30 06:39,2024-05-30 06:49,2024-05-30 08:38
LAB710815,ENC104617,PT10549,CREAT,Creatinine,0.67,mg/dL,0.6,1.3,N,STAT,2024-05-30 06:50,2024-05-30 07:00,2024-05-30 07:54
LAB710816,ENC104617,PT10549,WBC,White Blood Cell Count,7.6,K/uL,4.5,11,N,STAT,2024-05-30 07:02,2024-05-30 07:07,2024-05-30 08:05
LAB710817,ENC104617,PT10549,HGB,Hemoglobin,13.6,g/dL,12,17.5,N,Routine,2024-05-30 06:47,2024-05-30 07:20,2024-05-30 10:41
LAB710818,ENC104617,PT10549,NA,Sodium,143,mmol/L,136,145,N,Routine,2024-05-30 07:18,2024-05-30 07:49,2024-05-30 14:21
LAB710819,ENC104617,PT10549,K,Potassium,4.5,mmol/L,3.5,5.1,N,STAT,2024-05-30 07:26,2024-05-30 07:41,2024-05-30 08:32
LAB710820,ENC104617,PT10549,BUN,Blood Urea Nitrogen,17,mg/dL,7,20,N,Routine,2024-05-30 06:34,2024-05-30 07:02,2024-05-30 10:13
LAB710821,ENC104617,PT10549,PLT,Platelet Count,182,K/uL,150,400,N,Routine,2024-05-30 06:48,2024-05-30 06:52,2024-05-30 10:50
LAB710822,ENC104617,PT10549,TROP,"Troponin I, High Sensitivity",75,ng/L,0,34,H,STAT,2024-05-30 06:33,2024-05-30 06:58,2024-05-30 07:23
LAB710823,ENC104617,PT10549,BNP,B-Type Natriuretic Peptide,1000,pg/mL,0,100,H,Routine,2024-05-30 07:22,2024-05-30 07:57,2024-05-30 11:18
LAB710824,ENC104618,PT12308,A1C,Hemoglobin A1c,7.9,%,4,5.6,H,Routine,2024-05-30 08:21,2024-05-30 08:43,2024-05-30 22:49
LAB710825,ENC104618,PT12308,GLU,Glucose,94,mg/dL,70,99,N,Routine,2024-05-30 08:33,2024-05-30 08:54,2024-05-30 12:14
LAB710826,ENC104618,PT12308,CREAT,Creatinine,2.54,mg/dL,0.6,1.3,H,Routine,2024-05-30 08:43,2024-05-30 09:04,2024-05-30 11:34
LAB710827,ENC104619,PT12169,A1C,Hemoglobin A1c,5,%,4,5.6,N,Routine,2024-05-30 08:26,2024-05-30 08:59,2024-05-30 18:46
LAB710828,ENC104619,PT12169,GLU,Glucose,100,mg/dL,70,99,H,Routine,2024-05-30 08:38,2024-05-30 08:49,2024-05-30 12:11
LAB710829,ENC104619,PT12169,CREAT,Creatinine,1.2,mg/dL,0.6,1.3,N,Routine,2024-05-30 08:29,2024-05-30 09:00,2024-05-30 12:10
LAB710830,ENC104621,PT10879,A1C,Hemoglobin A1c,7.2,%,4,5.6,H,Routine,2024-05-30 09:12,2024-05-30 09:37,2024-05-30 23:21
LAB710831,ENC104621,PT10879,GLU,Glucose,124,mg/dL,70,99,H,Routine,2024-05-30 09:25,2024-05-30 09:41,2024-05-30 11:09
LAB710832,ENC104621,PT10879,CREAT,Creatinine,0.36,mg/dL,0.6,1.3,L,Routine,2024-05-30 09:26,2024-05-30 09:46,2024-05-30 12:17
LAB710833,ENC104623,PT12197,A1C,Hemoglobin A1c,12.7,%,4,5.6,H,Routine,2024-05-30 10:09,2024-05-30 10:26,2024-05-30 19:58
LAB710834,ENC104624,PT12983,GLU,Glucose,86,mg/dL,70,99,N,Routine,2024-05-30 11:24,2024-05-30 11:40,2024-05-30 15:42
LAB710835,ENC104624,PT12983,CREAT,Creatinine,0.79,mg/dL,0.6,1.3,N,STAT,2024-05-30 10:21,2024-05-30 10:37,2024-05-30 11:21
LAB710836,ENC104624,PT12983,WBC,White Blood Cell Count,7,K/uL,4.5,11,N,Routine,2024-05-30 11:23,2024-05-30 11:58,2024-05-30 14:57
LAB710837,ENC104624,PT12983,HGB,Hemoglobin,13.6,g/dL,12,17.5,N,STAT,2024-05-30 11:11,2024-05-30 11:33,2024-05-30 12:03
LAB710838,ENC104624,PT12983,BUN,Blood Urea Nitrogen,17,mg/dL,7,20,N,STAT,2024-05-30 10:41,2024-05-30 10:52,2024-05-30 11:31
LAB710839,ENC104624,PT12983,PLT,Platelet Count,284,K/uL,150,400,N,STAT,2024-05-30 11:26,2024-05-30 11:50,2024-05-30 13:24
LAB710840,ENC104625,PT12612,A1C,Hemoglobin A1c,5.5,%,4,5.6,N,Routine,2024-05-30 11:16,2024-05-30 11:50,2024-05-31 05:16
LAB710841,ENC104625,PT12612,GLU,Glucose,90,mg/dL,70,99,N,Routine,2024-05-30 11:05,2024-05-30 11:12,2024-05-30 13:53
LAB710842,ENC104625,PT12612,CREAT,Creatinine,0.6,mg/dL,0.6,1.3,N,Routine,2024-05-30 11:06,2024-05-30 11:17,2024-05-30 13:40
LAB710843,ENC104628,PT12594,WBC,White Blood Cell Count,5,K/uL,4.5,11,N,Routine,2024-05-30 12:14,2024-05-30 12:21,2024-05-30 15:03
LAB710844,ENC104628,PT12594,HGB,Hemoglobin,10.6,g/dL,12,17.5,L,Routine,2024-05-30 12:12,2024-05-30 12:40,2024-05-30 15:22
LAB710845,ENC104628,PT12594,PLT,Platelet Count,239,K/uL,150,400,N,Routine,2024-05-30 12:07,2024-05-30 12:19,2024-05-30 15:55
LAB710846,ENC104631,PT13085,LDL,LDL Cholesterol,139,mg/dL,0,99,H,Routine,2024-05-30 14:06,2024-05-30 14:25,2024-05-31 04:54
LAB710847,ENC104631,PT13085,A1C,Hemoglobin A1c,9.1,%,4,5.6,H,Routine,2024-05-30 14:02,2024-05-30 14:28,2024-05-30 20:16
LAB710848,ENC104632,PT13143,GLU,Glucose,90,mg/dL,70,99,N,STAT,2024-05-30 19:07,2024-05-30 19:40,2024-05-30 20:09
LAB710849,ENC104632,PT13143,CREAT,Creatinine,2.47,mg/dL,0.6,1.3,H,STAT,2024-05-30 18:28,2024-05-30 18:57,2024-05-30 19:48
LAB710850,ENC104632,PT13143,WBC,White Blood Cell Count,8.3,K/uL,4.5,11,N,Routine,2024-05-30 19:04,2024-05-30 19:11,2024-05-30 22:31
LAB710851,ENC104632,PT13143,HGB,Hemoglobin,5.5,g/dL,12,17.5,LL,Routine,2024-05-30 18:12,2024-05-30 18:30,2024-05-30 20:00
LAB710852,ENC104632,PT13143,NA,Sodium,140,mmol/L,136,145,N,STAT,2024-05-30 19:06,2024-05-30 19:37,2024-05-30 20:30
LAB710853,ENC104632,PT13143,K,Potassium,4.4,mmol/L,3.5,5.1,N,STAT,2024-05-30 18:02,2024-05-30 18:20,2024-05-30 19:22
LAB710854,ENC104632,PT13143,LACT,Lactate,1.8,mmol/L,0.5,2,N,STAT,2024-05-30 18:39,2024-05-30 19:08,2024-05-30 20:06
LAB710855,ENC104632,PT13143,INR,Prothrombin Time INR,1.1,ratio,0.8,1.2,N,STAT,2024-05-30 18:25,2024-05-30 18:36,2024-05-30 19:02
LAB710856,ENC104634,PT10571,GLU,Glucose,92,mg/dL,70,99,N,STAT,2024-05-30 20:29,2024-05-30 20:45,2024-05-30 21:28
LAB710857,ENC104634,PT10571,CREAT,Creatinine,0.94,mg/dL,0.6,1.3,N,STAT,2024-05-30 20:18,2024-05-30 20:52,2024-05-30 21:34
LAB710858,ENC104634,PT10571,WBC,White Blood Cell Count,14.3,K/uL,4.5,11,H,Routine,2024-05-30 20:19,2024-05-30 20:54,2024-05-31 00:56
LAB710859,ENC104634,PT10571,HGB,Hemoglobin,12.5,g/dL,12,17.5,N,Routine,2024-05-30 19:58,2024-05-30 20:30,2024-05-30 22:03
LAB710860,ENC104636,PT10700,GLU,Glucose,98,mg/dL,70,99,N,STAT,2024-05-31 01:04,2024-05-31 01:24,2024-05-31 01:42
LAB710861,ENC104636,PT10700,CREAT,Creatinine,1.12,mg/dL,0.6,1.3,N,STAT,2024-05-31 01:03,2024-05-31 01:24,2024-05-31 02:38
LAB710862,ENC104636,PT10700,WBC,White Blood Cell Count,10.7,K/uL,4.5,11,N,STAT,2024-05-31 01:15,2024-05-31 01:20,2024-05-31 01:48
LAB710863,ENC104636,PT10700,HGB,Hemoglobin,11.8,g/dL,12,17.5,L,STAT,2024-05-31 01:24,2024-05-31 01:57,2024-05-31 02:35
LAB710864,ENC104638,PT12869,GLU,Glucose,113,mg/dL,70,99,H,Routine,2024-05-31 00:55,2024-05-31 01:28,2024-05-31 02:53
LAB710865,ENC104638,PT12869,CREAT,Creatinine,0.92,mg/dL,0.6,1.3,N,Routine,2024-05-31 01:36,2024-05-31 02:04,2024-05-31 04:42
LAB710866,ENC104638,PT12869,WBC,White Blood Cell Count,11.1,K/uL,4.5,11,H,STAT,2024-05-31 01:21,2024-05-31 01:51,2024-05-31 02:47
LAB710867,ENC104638,PT12869,HGB,Hemoglobin,13.1,g/dL,12,17.5,N,STAT,2024-05-31 01:23,2024-05-31 01:50,2024-05-31 02:26
LAB710868,ENC104638,PT12869,BUN,Blood Urea Nitrogen,12,mg/dL,7,20,N,Routine,2024-05-31 01:51,2024-05-31 02:25,2024-05-31 05:35
LAB710869,ENC104638,PT12869,PLT,Platelet Count,208,K/uL,150,400,N,STAT,2024-05-31 00:42,2024-05-31 00:55,2024-05-31 01:38
LAB710870,ENC104639,PT11896,GLU,Glucose,182,mg/dL,70,99,H,Routine,2024-05-30 22:48,2024-05-30 23:08,2024-05-31 00:28
LAB710871,ENC104639,PT11896,CREAT,Creatinine,0.96,mg/dL,0.6,1.3,N,STAT,2024-05-30 22:50,2024-05-30 23:23,2024-05-30 23:45
LAB710872,ENC104639,PT11896,WBC,White Blood Cell Count,6.1,K/uL,4.5,11,N,Routine,2024-05-30 23:06,2024-05-30 23:30,2024-05-31 01:05
LAB710873,ENC104639,PT11896,HGB,Hemoglobin,12.4,g/dL,12,17.5,N,Routine,2024-05-30 22:54,2024-05-30 23:09,2024-05-31 01:06
LAB710874,ENC104639,PT11896,INR,Prothrombin Time INR,1.2,ratio,0.8,1.2,N,Routine,2024-05-30 23:25,2024-05-30 23:59,2024-05-31 01:41
LAB710875,ENC104640,PT13585,GLU,Glucose,135,mg/dL,70,99,H,Routine,2024-05-31 02:59,2024-05-31 03:28,2024-05-31 05:16
LAB710876,ENC104640,PT13585,CREAT,Creatinine,0.66,mg/dL,0.6,1.3,N,STAT,2024-05-31 03:01,2024-05-31 03:33,2024-05-31 04:10
LAB710877,ENC104640,PT13585,WBC,White Blood Cell Count,8.5,K/uL,4.5,11,N,STAT,2024-05-31 02:41,2024-05-31 02:52,2024-05-31 03:53
LAB710878,ENC104640,PT13585,HGB,Hemoglobin,13.3,g/dL,12,17.5,N,Routine,2024-05-31 02:53,2024-05-31 03:11,2024-05-31 06:34
LAB710879,ENC104646,PT12554,GLU,Glucose,51,mg/dL,70,99,L,Routine,2024-05-31 14:37,2024-05-31 14:52,2024-05-31 18:32
LAB710880,ENC104646,PT12554,CREAT,Creatinine,1.7,mg/dL,0.6,1.3,H,STAT,2024-05-31 14:43,2024-05-31 15:04,2024-05-31 16:18
LAB710881,ENC104646,PT12554,WBC,White Blood Cell Count,19.4,K/uL,4.5,11,H,STAT,2024-05-31 14:22,2024-05-31 14:41,2024-05-31 15:41
LAB710882,ENC104646,PT12554,HGB,Hemoglobin,14.1,g/dL,12,17.5,N,STAT,2024-05-31 14:42,2024-05-31 14:47,2024-05-31 15:51
LAB710883,ENC104646,PT12554,LACT,Lactate,6.1,mmol/L,0.5,2,HH,STAT,2024-05-31 14:54,2024-05-31 15:12,2024-05-31 15:59
LAB710884,ENC104647,PT11270,A1C,Hemoglobin A1c,10,%,4,5.6,H,Routine,2024-05-31 10:45,2024-05-31 11:11,2024-05-31 17:18
LAB710885,ENC104649,PT10902,GLU,Glucose,110,mg/dL,70,99,H,STAT,2024-05-31 12:14,2024-05-31 12:28,2024-05-31 12:57
LAB710886,ENC104649,PT10902,CREAT,Creatinine,1.13,mg/dL,0.6,1.3,N,STAT,2024-05-31 12:28,2024-05-31 13:02,2024-05-31 13:39
LAB710887,ENC104650,PT10810,GLU,Glucose,65,mg/dL,70,99,L,STAT,2024-05-31 15:49,2024-05-31 16:05,2024-05-31 16:55
LAB710888,ENC104650,PT10810,CREAT,Creatinine,0.79,mg/dL,0.6,1.3,N,STAT,2024-05-31 15:54,2024-05-31 16:00,2024-05-31 16:16
LAB710889,ENC104650,PT10810,WBC,White Blood Cell Count,7.1,K/uL,4.5,11,N,Routine,2024-05-31 15:43,2024-05-31 16:15,2024-05-31 17:56
LAB710890,ENC104650,PT10810,HGB,Hemoglobin,14.6,g/dL,12,17.5,N,STAT,2024-05-31 16:36,2024-05-31 16:55,2024-05-31 17:30
LAB710891,ENC104651,PT13093,A1C,Hemoglobin A1c,8.6,%,4,5.6,H,Routine,2024-05-31 12:50,2024-05-31 13:15,2024-06-01 15:12
LAB710892,ENC104651,PT13093,GLU,Glucose,0,mg/dL,70,99,LL,Routine,2024-05-31 12:43,2024-05-31 12:58,2024-05-31 16:13
LAB710893,ENC104651,PT13093,CREAT,Creatinine,2.16,mg/dL,0.6,1.3,H,Routine,2024-05-31 12:48,2024-05-31 13:13,2024-05-31 15:15
LAB710894,ENC104653,PT13169,GLU,Glucose,140,mg/dL,70,99,H,STAT,2024-05-31 13:52,2024-05-31 14:10,2024-05-31 14:44
LAB710895,ENC104653,PT13169,CREAT,Creatinine,1.42,mg/dL,0.6,1.3,H,Routine,2024-05-31 13:47,2024-05-31 14:01,2024-05-31 15:53
LAB710896,ENC104653,PT13169,WBC,White Blood Cell Count,7,K/uL,4.5,11,N,STAT,2024-05-31 13:36,2024-05-31 13:45,2024-05-31 14:37
LAB710897,ENC104653,PT13169,HGB,Hemoglobin,9.3,g/dL,12,17.5,L,Routine,2024-05-31 14:17,2024-05-31 14:36,2024-05-31 15:51
LAB710898,ENC104656,PT10567,A1C,Hemoglobin A1c,8.9,%,4,5.6,H,Routine,2024-05-31 13:58,2024-05-31 14:28,2024-05-31 21:42
LAB710899,ENC104658,PT12494,LDL,LDL Cholesterol,128,mg/dL,0,99,H,Routine,2024-05-31 13:53,2024-05-31 14:18,2024-05-31 23:10
LAB710900,ENC104658,PT12494,A1C,Hemoglobin A1c,8.4,%,4,5.6,H,Routine,2024-05-31 13:52,2024-05-31 14:23,2024-06-01 03:00
LAB710901,ENC104660,PT13293,GLU,Glucose,142,mg/dL,70,99,H,STAT,2024-05-31 16:05,2024-05-31 16:31,2024-05-31 16:56
LAB710902,ENC104660,PT13293,CREAT,Creatinine,1.15,mg/dL,0.6,1.3,N,STAT,2024-05-31 16:07,2024-05-31 16:17,2024-05-31 17:39
LAB710903,ENC104660,PT13293,WBC,White Blood Cell Count,6.7,K/uL,4.5,11,N,STAT,2024-05-31 16:17,2024-05-31 16:48,2024-05-31 17:46
LAB710904,ENC104660,PT13293,HGB,Hemoglobin,12.4,g/dL,12,17.5,N,STAT,2024-05-31 16:23,2024-05-31 16:55,2024-05-31 17:25
LAB710905,ENC104661,PT11910,GLU,Glucose,112,mg/dL,70,99,H,STAT,2024-05-31 19:47,2024-05-31 19:57,2024-05-31 20:24
LAB710906,ENC104661,PT11910,CREAT,Creatinine,1.27,mg/dL,0.6,1.3,N,STAT,2024-05-31 19:53,2024-05-31 20:14,2024-05-31 21:18
LAB710907,ENC104661,PT11910,WBC,White Blood Cell Count,5.2,K/uL,4.5,11,N,STAT,2024-05-31 19:08,2024-05-31 19:43,2024-05-31 20:26
LAB710908,ENC104661,PT11910,HGB,Hemoglobin,13.7,g/dL,12,17.5,N,STAT,2024-05-31 19:12,2024-05-31 19:44,2024-05-31 20:35
LAB710909,ENC104661,PT11910,NA,Sodium,137,mmol/L,136,145,N,Routine,2024-05-31 19:50,2024-05-31 20:16,2024-05-31 22:56
LAB710910,ENC104661,PT11910,K,Potassium,3.9,mmol/L,3.5,5.1,N,STAT,2024-05-31 20:15,2024-05-31 20:38,2024-05-31 21:42
LAB710911,ENC104661,PT11910,TROP,"Troponin I, High Sensitivity",1591,ng/L,0,34,H,STAT,2024-05-31 19:19,2024-05-31 19:30,2024-05-31 20:14
LAB710912,ENC104663,PT12884,GLU,Glucose,433,mg/dL,70,99,H,Routine,2024-05-31 20:02,2024-05-31 20:13,2024-05-31 21:07
LAB710913,ENC104663,PT12884,CREAT,Creatinine,0.86,mg/dL,0.6,1.3,N,STAT,2024-05-31 20:27,2024-05-31 21:01,2024-05-31 21:48
LAB710914,ENC104663,PT12884,WBC,White Blood Cell Count,8.1,K/uL,4.5,11,N,STAT,2024-05-31 19:41,2024-05-31 19:46,2024-05-31 20:47
LAB710915,ENC104663,PT12884,HGB,Hemoglobin,13.8,g/dL,12,17.5,N,STAT,2024-05-31 19:45,2024-05-31 20:15,2024-05-31 20:59
LAB710916,ENC104663,PT12884,NA,Sodium,135,mmol/L,136,145,L,Routine,2024-05-31 20:21,2024-05-31 20:26,2024-05-31 21:40
LAB710917,ENC104663,PT12884,K,Potassium,4,mmol/L,3.5,5.1,N,STAT,2024-05-31 20:17,2024-05-31 20:37,2024-05-31 21:03
LAB710918,ENC104663,PT12884,A1C,Hemoglobin A1c,8.5,%,4,5.6,H,STAT,2024-05-31 20:31,2024-05-31 20:38,2024-05-31 21:29
LAB710919,ENC104664,PT11276,GLU,Glucose,107,mg/dL,70,99,H,Routine,2024-06-01 00:55,2024-06-01 01:21,2024-06-01 03:58
LAB710920,ENC104664,PT11276,CREAT,Creatinine,0.87,mg/dL,0.6,1.3,N,STAT,2024-05-31 23:51,2024-05-31 23:55,2024-06-01 00:42
LAB710921,ENC104664,PT11276,WBC,White Blood Cell Count,5.9,K/uL,4.5,11,N,STAT,2024-06-01 00:14,2024-06-01 00:36,2024-06-01 01:11
LAB710922,ENC104664,PT11276,HGB,Hemoglobin,15.3,g/dL,12,17.5,N,STAT,2024-05-31 23:57,2024-06-01 00:04,2024-06-01 00:33
LAB710923,ENC104664,PT11276,NA,Sodium,140,mmol/L,136,145,N,STAT,2024-05-31 23:58,2024-06-01 00:03,2024-06-01 00:56
LAB710924,ENC104664,PT11276,K,Potassium,4.2,mmol/L,3.5,5.1,N,STAT,2024-06-01 00:41,2024-06-01 00:48,2024-06-01 01:39
LAB710925,ENC104664,PT11276,TROP,"Troponin I, High Sensitivity",46,ng/L,0,34,H,STAT,2024-05-31 23:47,2024-06-01 00:07,2024-06-01 00:59
LAB710926,ENC104664,PT11276,BNP,B-Type Natriuretic Peptide,1414,pg/mL,0,100,H,STAT,2024-06-01 00:07,2024-06-01 00:24,2024-06-01 00:59
LAB710927,ENC104666,PT13300,GLU,Glucose,121,mg/dL,70,99,H,STAT,2024-05-31 23:55,2024-06-01 00:20,2024-06-01 01:05
LAB710928,ENC104666,PT13300,CREAT,Creatinine,0.65,mg/dL,0.6,1.3,N,STAT,2024-06-01 00:18,2024-06-01 00:46,2024-06-01 01:30
LAB710929,ENC104669,PT12195,GLU,Glucose,116,mg/dL,70,99,H,Routine,2024-06-01 08:45,2024-06-01 09:04,2024-06-01 10:32
LAB710930,ENC104669,PT12195,CREAT,Creatinine,0.87,mg/dL,0.6,1.3,N,STAT,2024-06-01 09:20,2024-06-01 09:26,2024-06-01 09:52
LAB710931,ENC104669,PT12195,WBC,White Blood Cell Count,8.4,K/uL,4.5,11,N,Routine,2024-06-01 09:00,2024-06-01 09:18,2024-06-01 12:28
LAB710932,ENC104669,PT12195,HGB,Hemoglobin,14.4,g/dL,12,17.5,N,STAT,2024-06-01 09:21,2024-06-01 09:41,2024-06-01 10:19
LAB710933,ENC104669,PT12195,BUN,Blood Urea Nitrogen,17,mg/dL,7,20,N,STAT,2024-06-01 08:41,2024-06-01 09:00,2024-06-01 09:23
LAB710934,ENC104669,PT12195,PLT,Platelet Count,243,K/uL,150,400,N,STAT,2024-06-01 09:22,2024-06-01 09:30,2024-06-01 09:46
LAB710935,ENC104670,PT12313,GLU,Glucose,102,mg/dL,70,99,H,Routine,2024-06-01 12:04,2024-06-01 12:29,2024-06-01 16:33
LAB710936,ENC104670,PT12313,CREAT,Creatinine,0.63,mg/dL,0.6,1.3,N,STAT,2024-06-01 11:59,2024-06-01 12:21,2024-06-01 13:02
LAB710937,ENC104670,PT12313,WBC,White Blood Cell Count,13.6,K/uL,4.5,11,H,STAT,2024-06-01 12:06,2024-06-01 12:32,2024-06-01 13:01
LAB710938,ENC104672,PT12623,A1C,Hemoglobin A1c,12.7,%,4,5.6,H,Routine,2024-06-01 13:16,2024-06-01 13:33,2024-06-01 22:07
LAB710939,ENC104673,PT12404,GLU,Glucose,100,mg/dL,70,99,H,STAT,2024-06-01 18:39,2024-06-01 19:02,2024-06-01 19:56
LAB710940,ENC104673,PT12404,CREAT,Creatinine,0.77,mg/dL,0.6,1.3,N,Routine,2024-06-01 18:49,2024-06-01 19:00,2024-06-01 23:11
LAB710941,ENC104673,PT12404,WBC,White Blood Cell Count,5.8,K/uL,4.5,11,N,STAT,2024-06-01 19:11,2024-06-01 19:35,2024-06-01 20:31
LAB710942,ENC104673,PT12404,HGB,Hemoglobin,11.9,g/dL,12,17.5,L,STAT,2024-06-01 18:40,2024-06-01 18:55,2024-06-01 19:46
LAB710943,ENC104673,PT12404,NA,Sodium,138,mmol/L,136,145,N,STAT,2024-06-01 18:42,2024-06-01 19:06,2024-06-01 19:56
LAB710944,ENC104673,PT12404,K,Potassium,3.8,mmol/L,3.5,5.1,N,STAT,2024-06-01 18:40,2024-06-01 18:47,2024-06-01 19:51
LAB710945,ENC104673,PT12404,TROP,"Troponin I, High Sensitivity",37,ng/L,0,34,H,STAT,2024-06-01 19:05,2024-06-01 19:19,2024-06-01 20:02
LAB710946,ENC104673,PT12404,BNP,B-Type Natriuretic Peptide,188,pg/mL,0,100,H,Routine,2024-06-01 18:18,2024-06-01 18:39,2024-06-01 20:52
LAB710947,ENC104674,PT10808,GLU,Glucose,116,mg/dL,70,99,H,Routine,2024-06-01 20:34,2024-06-01 20:40,2024-06-01 23:10
LAB710948,ENC104674,PT10808,CREAT,Creatinine,2.81,mg/dL,0.6,1.3,H,STAT,2024-06-01 20:12,2024-06-01 20:29,2024-06-01 21:20
LAB710949,ENC104674,PT10808,WBC,White Blood Cell Count,3.4,K/uL,4.5,11,L,Routine,2024-06-01 20:14,2024-06-01 20:30,2024-06-01 22:20
LAB710950,ENC104674,PT10808,HGB,Hemoglobin,15.8,g/dL,12,17.5,N,STAT,2024-06-01 20:26,2024-06-01 20:44,2024-06-01 21:29
LAB710951,ENC104674,PT10808,LACT,Lactate,3.6,mmol/L,0.5,2,H,STAT,2024-06-01 20:18,2024-06-01 20:22,2024-06-01 20:48
LAB710952,ENC104676,PT13770,GLU,Glucose,84,mg/dL,70,99,N,Routine,2024-06-01 19:10,2024-06-01 19:45,2024-06-01 21:48
LAB710953,ENC104676,PT13770,CREAT,Creatinine,1.25,mg/dL,0.6,1.3,N,STAT,2024-06-01 19:03,2024-06-01 19:32,2024-06-01 20:18
LAB710954,ENC104676,PT13770,WBC,White Blood Cell Count,7.4,K/uL,4.5,11,N,STAT,2024-06-01 19:21,2024-06-01 19:47,2024-06-01 20:27
LAB710955,ENC104676,PT13770,HGB,Hemoglobin,16.2,g/dL,12,17.5,N,STAT,2024-06-01 18:43,2024-06-01 19:01,2024-06-01 19:53
LAB710956,ENC104676,PT13770,NA,Sodium,137,mmol/L,136,145,N,STAT,2024-06-01 18:21,2024-06-01 18:52,2024-06-01 19:52
LAB710957,ENC104676,PT13770,K,Potassium,3.4,mmol/L,3.5,5.1,L,STAT,2024-06-01 18:24,2024-06-01 18:29,2024-06-01 18:52
LAB710958,ENC104676,PT13770,TROP,"Troponin I, High Sensitivity",77,ng/L,0,34,H,STAT,2024-06-01 18:48,2024-06-01 18:58,2024-06-01 19:42
LAB710959,ENC104676,PT13770,BNP,B-Type Natriuretic Peptide,1774,pg/mL,0,100,H,STAT,2024-06-01 18:27,2024-06-01 19:01,2024-06-01 19:29
LAB710960,ENC104679,PT10319,GLU,Glucose,187,mg/dL,70,99,H,STAT,2024-06-02 14:22,2024-06-02 14:39,2024-06-02 15:10
LAB710961,ENC104679,PT10319,CREAT,Creatinine,1.23,mg/dL,0.6,1.3,N,Routine,2024-06-02 14:28,2024-06-02 14:42,2024-06-02 17:20
LAB710962,ENC104679,PT10319,WBC,White Blood Cell Count,9.2,K/uL,4.5,11,N,Routine,2024-06-02 14:45,2024-06-02 15:19,2024-06-02 17:41
LAB710963,ENC104679,PT10319,HGB,Hemoglobin,10,g/dL,12,17.5,L,STAT,2024-06-02 14:35,2024-06-02 14:46,2024-06-02 15:30
LAB710964,ENC104680,PT11488,GLU,Glucose,91,mg/dL,70,99,N,Routine,2024-06-02 16:54,2024-06-02 17:17,2024-06-02 21:38
LAB710965,ENC104680,PT11488,CREAT,Creatinine,0.94,mg/dL,0.6,1.3,N,STAT,2024-06-02 16:28,2024-06-02 16:36,2024-06-02 16:55
LAB710966,ENC104680,PT11488,WBC,White Blood Cell Count,4.3,K/uL,4.5,11,L,STAT,2024-06-02 17:18,2024-06-02 17:36,2024-06-02 18:29
LAB710967,ENC104680,PT11488,HGB,Hemoglobin,15,g/dL,12,17.5,N,STAT,2024-06-02 16:40,2024-06-02 16:59,2024-06-02 17:34
LAB710968,ENC104682,PT13426,GLU,Glucose,67,mg/dL,70,99,L,STAT,2024-06-02 15:58,2024-06-02 16:16,2024-06-02 16:48
LAB710969,ENC104682,PT13426,CREAT,Creatinine,1.07,mg/dL,0.6,1.3,N,Routine,2024-06-02 16:06,2024-06-02 16:22,2024-06-02 19:36
LAB710970,ENC104682,PT13426,WBC,White Blood Cell Count,7,K/uL,4.5,11,N,STAT,2024-06-02 15:54,2024-06-02 16:24,2024-06-02 17:00
LAB710971,ENC104682,PT13426,HGB,Hemoglobin,15.4,g/dL,12,17.5,N,Routine,2024-06-02 15:59,2024-06-02 16:11,2024-06-02 19:05
LAB710972,ENC104682,PT13426,BUN,Blood Urea Nitrogen,15,mg/dL,7,20,N,STAT,2024-06-02 16:07,2024-06-02 16:27,2024-06-02 17:06
LAB710973,ENC104682,PT13426,PLT,Platelet Count,332,K/uL,150,400,N,STAT,2024-06-02 15:46,2024-06-02 16:16,2024-06-02 16:50
LAB710974,ENC104682,PT13426,LACT,Lactate,2.6,mmol/L,0.5,2,H,STAT,2024-06-02 16:23,2024-06-02 16:57,2024-06-02 17:52
LAB710975,ENC104683,PT11350,GLU,Glucose,105,mg/dL,70,99,H,Routine,2024-06-02 17:43,2024-06-02 17:49,2024-06-02 21:02
LAB710976,ENC104683,PT11350,CREAT,Creatinine,0.88,mg/dL,0.6,1.3,N,Routine,2024-06-02 18:31,2024-06-02 18:45,2024-06-03 00:08
LAB710977,ENC104683,PT11350,WBC,White Blood Cell Count,10.6,K/uL,4.5,11,N,STAT,2024-06-02 18:19,2024-06-02 18:23,2024-06-02 19:23
LAB710978,ENC104683,PT11350,HGB,Hemoglobin,13.7,g/dL,12,17.5,N,STAT,2024-06-02 18:23,2024-06-02 18:49,2024-06-02 19:43
LAB710979,ENC104685,PT13975,GLU,Glucose,97,mg/dL,70,99,N,Routine,2024-06-02 16:37,2024-06-02 17:02,2024-06-02 19:40
LAB710980,ENC104685,PT13975,CREAT,Creatinine,1.15,mg/dL,0.6,1.3,N,Routine,2024-06-02 17:02,2024-06-02 17:25,2024-06-02 19:47
LAB710981,ENC104685,PT13975,WBC,White Blood Cell Count,8.2,K/uL,4.5,11,N,STAT,2024-06-02 17:01,2024-06-02 17:14,2024-06-02 18:05
LAB710982,ENC104685,PT13975,HGB,Hemoglobin,16.4,g/dL,12,17.5,N,STAT,2024-06-02 16:54,2024-06-02 17:27,2024-06-02 18:10
LAB710983,ENC104686,PT11689,GLU,Glucose,111,mg/dL,70,99,H,STAT,2024-06-03 01:51,2024-06-03 01:59,2024-06-03 02:37
LAB710984,ENC104686,PT11689,CREAT,Creatinine,0.83,mg/dL,0.6,1.3,N,STAT,2024-06-03 01:33,2024-06-03 01:49,2024-06-03 02:38
LAB710985,ENC104686,PT11689,WBC,White Blood Cell Count,4.8,K/uL,4.5,11,N,STAT,2024-06-03 01:49,2024-06-03 02:16,2024-06-03 03:06
LAB710986,ENC104686,PT11689,HGB,Hemoglobin,10.6,g/dL,12,17.5,L,STAT,2024-06-03 01:55,2024-06-03 02:13,2024-06-03 02:36
LAB710987,ENC104686,PT11689,INR,Prothrombin Time INR,0.9,ratio,0.8,1.2,N,STAT,2024-06-03 00:48,2024-06-03 00:54,2024-06-03 01:23
LAB710988,ENC104687,PT10707,GLU,Glucose,125,mg/dL,70,99,H,STAT,2024-06-03 00:28,2024-06-03 00:51,2024-06-03 02:04
LAB710989,ENC104687,PT10707,CREAT,Creatinine,1.05,mg/dL,0.6,1.3,N,Routine,2024-06-03 00:20,2024-06-03 00:26,2024-06-03 02:30
LAB710990,ENC104687,PT10707,WBC,White Blood Cell Count,6.4,K/uL,4.5,11,N,Routine,2024-06-03 00:42,2024-06-03 01:07,2024-06-03 04:05
LAB710991,ENC104687,PT10707,HGB,Hemoglobin,14.1,g/dL,12,17.5,N,Routine,2024-06-03 00:42,2024-06-03 00:49,2024-06-03 03:33
LAB710992,ENC104687,PT10707,BUN,Blood Urea Nitrogen,16,mg/dL,7,20,N,STAT,2024-06-03 01:00,2024-06-03 01:21,2024-06-03 01:43
LAB710993,ENC104687,PT10707,PLT,Platelet Count,207,K/uL,150,400,N,STAT,2024-06-03 00:31,2024-06-03 00:53,2024-06-03 01:37
LAB710994,ENC104688,PT10608,GLU,Glucose,311,mg/dL,70,99,H,STAT,2024-06-03 08:31,2024-06-03 09:01,2024-06-03 09:55
LAB710995,ENC104688,PT10608,CREAT,Creatinine,0.87,mg/dL,0.6,1.3,N,Routine,2024-06-03 08:24,2024-06-03 08:29,2024-06-03 16:09
LAB710996,ENC104688,PT10608,WBC,White Blood Cell Count,6.6,K/uL,4.5,11,N,Routine,2024-06-03 08:41,2024-06-03 08:49,2024-06-03 16:57
LAB710997,ENC104688,PT10608,HGB,Hemoglobin,10.4,g/dL,12,17.5,L,STAT,2024-06-03 08:23,2024-06-03 08:51,2024-06-03 09:43
LAB710998,ENC104688,PT10608,NA,Sodium,138,mmol/L,136,145,N,Routine,2024-06-03 08:40,2024-06-03 09:08,2024-06-03 18:08
LAB710999,ENC104688,PT10608,K,Potassium,4.3,mmol/L,3.5,5.1,N,STAT,2024-06-03 09:08,2024-06-03 09:17,2024-06-03 10:14
LAB711000,ENC104688,PT10608,A1C,Hemoglobin A1c,8.3,%,4,5.6,H,STAT,2024-06-03 09:11,2024-06-03 09:31,2024-06-03 10:18
LAB711001,ENC104690,PT10121,GLU,Glucose,153,mg/dL,70,99,H,STAT,2024-06-03 09:08,2024-06-03 09:12,2024-06-03 10:06
LAB711002,ENC104690,PT10121,CREAT,Creatinine,0.92,mg/dL,0.6,1.3,N,STAT,2024-06-03 09:05,2024-06-03 09:37,2024-06-03 10:01
LAB711003,ENC104690,PT10121,WBC,White Blood Cell Count,10.7,K/uL,4.5,11,N,Routine,2024-06-03 08:55,2024-06-03 09:01,2024-06-03 12:33
LAB711004,ENC104690,PT10121,HGB,Hemoglobin,14.1,g/dL,12,17.5,N,Routine,2024-06-03 09:16,2024-06-03 09:49,2024-06-03 10:48
LAB711005,ENC104691,PT13296,GLU,Glucose,108,mg/dL,70,99,H,Routine,2024-06-03 09:20,2024-06-03 09:48,2024-06-03 11:52
LAB711006,ENC104691,PT13296,CREAT,Creatinine,1.15,mg/dL,0.6,1.3,N,Routine,2024-06-03 09:49,2024-06-03 10:02,2024-06-03 13:16
LAB711007,ENC104691,PT13296,WBC,White Blood Cell Count,8.8,K/uL,4.5,11,N,Routine,2024-06-03 09:27,2024-06-03 09:45,2024-06-03 10:34
LAB711008,ENC104691,PT13296,HGB,Hemoglobin,13.7,g/dL,12,17.5,N,Routine,2024-06-03 10:10,2024-06-03 10:40,2024-06-03 13:23
LAB711009,ENC104693,PT10904,LDL,LDL Cholesterol,122,mg/dL,0,99,H,Routine,2024-06-03 09:21,2024-06-03 09:34,2024-06-04 16:24
LAB711010,ENC104694,PT10639,GLU,Glucose,76,mg/dL,70,99,N,STAT,2024-06-03 13:03,2024-06-03 13:26,2024-06-03 14:27
LAB711011,ENC104694,PT10639,CREAT,Creatinine,0.95,mg/dL,0.6,1.3,N,STAT,2024-06-03 12:58,2024-06-03 13:14,2024-06-03 13:50
LAB711012,ENC104694,PT10639,WBC,White Blood Cell Count,13.1,K/uL,4.5,11,H,Routine,2024-06-03 12:09,2024-06-03 12:35,2024-06-03 14:01
LAB711013,ENC104694,PT10639,HGB,Hemoglobin,16.2,g/dL,12,17.5,N,Routine,2024-06-03 12:27,2024-06-03 13:01,2024-06-03 14:27
LAB711014,ENC104697,PT10644,GLU,Glucose,203,mg/dL,70,99,H,STAT,2024-06-03 15:11,2024-06-03 15:21,2024-06-03 15:58
LAB711015,ENC104697,PT10644,CREAT,Creatinine,0.72,mg/dL,0.6,1.3,N,Routine,2024-06-03 14:53,2024-06-03 15:15,2024-06-03 21:02
LAB711016,ENC104697,PT10644,WBC,White Blood Cell Count,8,K/uL,4.5,11,N,Routine,2024-06-03 15:23,2024-06-03 15:39,2024-06-03 20:41
LAB711017,ENC104697,PT10644,HGB,Hemoglobin,11.4,g/dL,12,17.5,L,Routine,2024-06-03 15:16,2024-06-03 15:33,2024-06-03 16:34
LAB711018,ENC104698,PT11730,GLU,Glucose,308,mg/dL,70,99,H,STAT,2024-06-03 11:20,2024-06-03 11:35,2024-06-03 12:02
LAB711019,ENC104698,PT11730,CREAT,Creatinine,1,mg/dL,0.6,1.3,N,STAT,2024-06-03 11:24,2024-06-03 11:33,2024-06-03 11:59
LAB711020,ENC104698,PT11730,WBC,White Blood Cell Count,11.6,K/uL,4.5,11,H,STAT,2024-06-03 12:23,2024-06-03 12:49,2024-06-03 13:42
LAB711021,ENC104698,PT11730,HGB,Hemoglobin,12.4,g/dL,12,17.5,N,STAT,2024-06-03 11:19,2024-06-03 11:42,2024-06-03 12:12
LAB711022,ENC104698,PT11730,NA,Sodium,136,mmol/L,136,145,N,STAT,2024-06-03 11:51,2024-06-03 12:20,2024-06-03 13:15
LAB711023,ENC104698,PT11730,K,Potassium,4.7,mmol/L,3.5,5.1,N,STAT,2024-06-03 11:29,2024-06-03 11:39,2024-06-03 12:15
LAB711024,ENC104698,PT11730,A1C,Hemoglobin A1c,7.6,%,4,5.6,H,STAT,2024-06-03 11:57,2024-06-03 12:06,2024-06-03 13:47
LAB711025,ENC104701,PT11176,LDL,LDL Cholesterol,105,mg/dL,0,99,H,Routine,2024-06-03 12:32,2024-06-03 12:44,2024-06-03 23:29
LAB711026,ENC104701,PT11176,A1C,Hemoglobin A1c,9.4,%,4,5.6,H,Routine,2024-06-03 12:44,2024-06-03 13:16,2024-06-04 16:00
LAB711027,ENC104703,PT12594,WBC,White Blood Cell Count,7.5,K/uL,4.5,11,N,Routine,2024-06-03 12:45,2024-06-03 13:16,2024-06-03 15:48
LAB711028,ENC104703,PT12594,HGB,Hemoglobin,8.6,g/dL,12,17.5,L,Routine,2024-06-03 12:56,2024-06-03 13:09,2024-06-03 15:46
LAB711029,ENC104703,PT12594,PLT,Platelet Count,208,K/uL,150,400,N,Routine,2024-06-03 12:41,2024-06-03 12:50,2024-06-03 15:11
LAB711030,ENC104707,PT12146,A1C,Hemoglobin A1c,9.6,%,4,5.6,H,Routine,2024-06-03 13:35,2024-06-03 13:40,2024-06-04 03:15
LAB711031,ENC104707,PT12146,GLU,Glucose,199,mg/dL,70,99,H,Routine,2024-06-03 13:53,2024-06-03 14:25,2024-06-03 17:22
LAB711032,ENC104707,PT12146,CREAT,Creatinine,1.15,mg/dL,0.6,1.3,N,Routine,2024-06-03 13:37,2024-06-03 13:48,2024-06-03 16:30
LAB711033,ENC104708,PT10529,INR,Prothrombin Time INR,1.1,ratio,0.8,1.2,N,Routine,2024-06-03 14:36,2024-06-03 14:42,2024-06-03 18:13
LAB711034,ENC104710,PT10024,GLU,Glucose,105,mg/dL,70,99,H,Routine,2024-06-03 18:01,2024-06-03 18:29,2024-06-03 22:10
LAB711035,ENC104710,PT10024,CREAT,Creatinine,1.22,mg/dL,0.6,1.3,N,STAT,2024-06-03 17:41,2024-06-03 17:59,2024-06-03 19:04
LAB711036,ENC104710,PT10024,WBC,White Blood Cell Count,9.5,K/uL,4.5,11,N,STAT,2024-06-03 18:01,2024-06-03 18:25,2024-06-03 19:03
LAB711037,ENC104710,PT10024,HGB,Hemoglobin,11.8,g/dL,12,17.5,L,STAT,2024-06-03 17:37,2024-06-03 17:55,2024-06-03 18:17
LAB711038,ENC104710,PT10024,INR,Prothrombin Time INR,0.9,ratio,0.8,1.2,N,Routine,2024-06-03 17:19,2024-06-03 17:38,2024-06-03 20:37
LAB711039,ENC104711,PT11863,LDL,LDL Cholesterol,183,mg/dL,0,99,H,Routine,2024-06-03 15:13,2024-06-03 15:43,2024-06-04 02:24
LAB711040,ENC104711,PT11863,A1C,Hemoglobin A1c,6.9,%,4,5.6,H,Routine,2024-06-03 14:54,2024-06-03 15:11,2024-06-03 23:00
LAB711041,ENC104712,PT11694,GLU,Glucose,104,mg/dL,70,99,H,STAT,2024-06-03 16:09,2024-06-03 16:23,2024-06-03 17:42
LAB711042,ENC104712,PT11694,CREAT,Creatinine,2.66,mg/dL,0.6,1.3,H,Routine,2024-06-03 15:17,2024-06-03 15:52,2024-06-03 18:24
LAB711043,ENC104712,PT11694,WBC,White Blood Cell Count,7.9,K/uL,4.5,11,N,STAT,2024-06-03 16:21,2024-06-03 16:53,2024-06-03 18:04
LAB711044,ENC104712,PT11694,HGB,Hemoglobin,11.3,g/dL,12,17.5,L,Routine,2024-06-03 15:45,2024-06-03 16:10,2024-06-03 17:54
LAB711045,ENC104712,PT11694,NA,Sodium,138,mmol/L,136,145,N,STAT,2024-06-03 15:55,2024-06-03 16:19,2024-06-03 17:03
LAB711046,ENC104712,PT11694,K,Potassium,5,mmol/L,3.5,5.1,N,STAT,2024-06-03 16:26,2024-06-03 16:37,2024-06-03 17:12
LAB711047,ENC104713,PT13390,GLU,Glucose,97,mg/dL,70,99,N,STAT,2024-06-03 16:41,2024-06-03 17:10,2024-06-03 18:03
LAB711048,ENC104713,PT13390,CREAT,Creatinine,0.37,mg/dL,0.6,1.3,L,STAT,2024-06-03 16:05,2024-06-03 16:26,2024-06-03 17:19
LAB711049,ENC104714,PT10740,A1C,Hemoglobin A1c,5.3,%,4,5.6,N,Routine,2024-06-03 15:56,2024-06-03 16:05,2024-06-04 17:51
LAB711050,ENC104715,PT11791,LDL,LDL Cholesterol,164,mg/dL,0,99,H,Routine,2024-06-03 15:58,2024-06-03 16:16,2024-06-03 22:24
LAB711051,ENC104715,PT11791,A1C,Hemoglobin A1c,5.1,%,4,5.6,N,Routine,2024-06-03 15:53,2024-06-03 16:27,2024-06-04 05:58
LAB711052,ENC104715,PT11791,TSH,Thyroid Stimulating Hormone,5.66,mIU/L,0.4,4,H,Routine,2024-06-03 16:02,2024-06-03 16:37,2024-06-04 02:43
LAB711053,ENC104717,PT12818,GLU,Glucose,126,mg/dL,70,99,H,Routine,2024-06-03 20:23,2024-06-03 20:34,2024-06-04 01:20
LAB711054,ENC104717,PT12818,CREAT,Creatinine,0.91,mg/dL,0.6,1.3,N,Routine,2024-06-03 19:36,2024-06-03 20:01,2024-06-03 23:13
LAB711055,ENC104717,PT12818,WBC,White Blood Cell Count,6.6,K/uL,4.5,11,N,STAT,2024-06-03 20:21,2024-06-03 20:46,2024-06-03 21:29
LAB711056,ENC104717,PT12818,HGB,Hemoglobin,11.6,g/dL,12,17.5,L,STAT,2024-06-03 20:43,2024-06-03 21:09,2024-06-03 21:57
LAB711057,ENC104718,PT10031,GLU,Glucose,108,mg/dL,70,99,H,STAT,2024-06-03 21:23,2024-06-03 21:41,2024-06-03 22:24
LAB711058,ENC104718,PT10031,CREAT,Creatinine,0.63,mg/dL,0.6,1.3,N,STAT,2024-06-03 21:34,2024-06-03 21:49,2024-06-03 22:17
LAB711059,ENC104718,PT10031,WBC,White Blood Cell Count,11,K/uL,4.5,11,N,STAT,2024-06-03 21:24,2024-06-03 21:50,2024-06-03 22:29
LAB711060,ENC104718,PT10031,HGB,Hemoglobin,12.8,g/dL,12,17.5,N,Routine,2024-06-03 21:50,2024-06-03 21:57,2024-06-04 00:25
LAB711061,ENC104718,PT10031,TROP,"Troponin I, High Sensitivity",7,ng/L,0,34,N,STAT,2024-06-03 21:59,2024-06-03 22:07,2024-06-03 22:58
LAB711062,ENC104719,PT10604,GLU,Glucose,251,mg/dL,70,99,H,STAT,2024-06-03 19:34,2024-06-03 20:04,2024-06-03 20:34
LAB711063,ENC104719,PT10604,CREAT,Creatinine,0.95,mg/dL,0.6,1.3,N,STAT,2024-06-03 19:59,2024-06-03 20:08,2024-06-03 21:15
LAB711064,ENC104719,PT10604,WBC,White Blood Cell Count,10.9,K/uL,4.5,11,N,Routine,2024-06-03 19:44,2024-06-03 19:48,2024-06-03 23:06
LAB711065,ENC104719,PT10604,HGB,Hemoglobin,12,g/dL,12,17.5,N,STAT,2024-06-03 20:08,2024-06-03 20:35,2024-06-03 20:57
LAB711066,ENC104719,PT10604,NA,Sodium,139,mmol/L,136,145,N,Routine,2024-06-03 19:58,2024-06-03 20:16,2024-06-03 22:06
LAB711067,ENC104719,PT10604,K,Potassium,4.4,mmol/L,3.5,5.1,N,STAT,2024-06-03 19:05,2024-06-03 19:36,2024-06-03 20:33
LAB711068,ENC104720,PT12929,GLU,Glucose,158,mg/dL,70,99,H,STAT,2024-06-03 20:11,2024-06-03 20:44,2024-06-03 20:58
LAB711069,ENC104720,PT12929,CREAT,Creatinine,0.91,mg/dL,0.6,1.3,N,STAT,2024-06-03 20:00,2024-06-03 20:22,2024-06-03 21:12
LAB711070,ENC104721,PT12381,GLU,Glucose,105,mg/dL,70,99,H,Routine,2024-06-04 00:59,2024-06-04 01:21,2024-06-04 04:24
LAB711071,ENC104721,PT12381,CREAT,Creatinine,1.13,mg/dL,0.6,1.3,N,STAT,2024-06-04 01:09,2024-06-04 01:41,2024-06-04 02:35
LAB711072,ENC104721,PT12381,WBC,White Blood Cell Count,4.9,K/uL,4.5,11,N,Routine,2024-06-04 01:40,2024-06-04 02:06,2024-06-04 07:15
LAB711073,ENC104721,PT12381,HGB,Hemoglobin,12.7,g/dL,12,17.5,N,Routine,2024-06-04 01:40,2024-06-04 02:03,2024-06-04 07:50
LAB711074,ENC104722,PT10530,GLU,Glucose,97,mg/dL,70,99,N,STAT,2024-06-04 02:12,2024-06-04 02:20,2024-06-04 02:57
LAB711075,ENC104722,PT10530,CREAT,Creatinine,1.03,mg/dL,0.6,1.3,N,STAT,2024-06-04 02:03,2024-06-04 02:20,2024-06-04 03:20
LAB711076,ENC104722,PT10530,WBC,White Blood Cell Count,10,K/uL,4.5,11,N,STAT,2024-06-04 01:41,2024-06-04 01:58,2024-06-04 02:17
LAB711077,ENC104722,PT10530,HGB,Hemoglobin,6.5,g/dL,12,17.5,LL,Routine,2024-06-04 01:26,2024-06-04 01:32,2024-06-04 04:29
LAB711078,ENC104722,PT10530,INR,Prothrombin Time INR,1.1,ratio,0.8,1.2,N,STAT,2024-06-04 02:12,2024-06-04 02:34,2024-06-04 03:15
LAB711079,ENC104723,PT10465,GLU,Glucose,133,mg/dL,70,99,H,STAT,2024-06-04 04:43,2024-06-04 04:54,2024-06-04 05:46
LAB711080,ENC104723,PT10465,CREAT,Creatinine,1.39,mg/dL,0.6,1.3,H,Routine,2024-06-04 05:23,2024-06-04 05:31,2024-06-04 09:15
LAB711081,ENC104723,PT10465,WBC,White Blood Cell Count,7.3,K/uL,4.5,11,N,Routine,2024-06-04 04:53,2024-06-04 05:08,2024-06-04 13:18
LAB711082,ENC104723,PT10465,HGB,Hemoglobin,8.5,g/dL,12,17.5,L,STAT,2024-06-04 04:47,2024-06-04 05:21,2024-06-04 05:59
LAB711083,ENC104728,PT12565,LDL,LDL Cholesterol,117,mg/dL,0,99,H,Routine,2024-06-04 10:35,2024-06-04 10:51,2024-06-04 20:21
LAB711084,ENC104732,PT12872,A1C,Hemoglobin A1c,10.6,%,4,5.6,H,Routine,2024-06-04 11:21,2024-06-04 11:37,2024-06-05 06:11
LAB711085,ENC104733,PT10787,LDL,LDL Cholesterol,92,mg/dL,0,99,N,Routine,2024-06-04 12:12,2024-06-04 12:22,2024-06-05 00:57
LAB711086,ENC104733,PT10787,TSH,Thyroid Stimulating Hormone,1.72,mIU/L,0.4,4,N,Routine,2024-06-04 12:15,2024-06-04 12:26,2024-06-04 19:23
LAB711087,ENC104734,PT10533,LDL,LDL Cholesterol,137,mg/dL,0,99,H,Routine,2024-06-04 12:42,2024-06-04 13:07,2024-06-04 20:25
LAB711088,ENC104738,PT12456,GLU,Glucose,146,mg/dL,70,99,H,STAT,2024-06-04 19:53,2024-06-04 20:10,2024-06-04 21:08
LAB711089,ENC104738,PT12456,CREAT,Creatinine,0.72,mg/dL,0.6,1.3,N,Routine,2024-06-04 19:49,2024-06-04 20:11,2024-06-04 23:04
LAB711090,ENC104738,PT12456,WBC,White Blood Cell Count,6.6,K/uL,4.5,11,N,STAT,2024-06-04 20:00,2024-06-04 20:28,2024-06-04 21:03
LAB711091,ENC104738,PT12456,HGB,Hemoglobin,14.3,g/dL,12,17.5,N,STAT,2024-06-04 20:22,2024-06-04 20:57,2024-06-04 22:21
LAB711092,ENC104739,PT13552,INR,Prothrombin Time INR,2.2,ratio,0.8,1.2,H,STAT,2024-06-04 18:10,2024-06-04 18:32,2024-06-04 19:12
LAB711093,ENC104741,PT10509,GLU,Glucose,104,mg/dL,70,99,H,STAT,2024-06-05 00:10,2024-06-05 00:37,2024-06-05 01:00
LAB711094,ENC104741,PT10509,CREAT,Creatinine,0.89,mg/dL,0.6,1.3,N,STAT,2024-06-05 00:02,2024-06-05 00:17,2024-06-05 00:58
LAB711095,ENC104741,PT10509,WBC,White Blood Cell Count,7.3,K/uL,4.5,11,N,Routine,2024-06-05 00:11,2024-06-05 00:39,2024-06-05 05:01
LAB711096,ENC104741,PT10509,HGB,Hemoglobin,14.9,g/dL,12,17.5,N,STAT,2024-06-05 00:15,2024-06-05 00:31,2024-06-05 00:57
LAB711097,ENC104741,PT10509,TROP,"Troponin I, High Sensitivity",6,ng/L,0,34,N,STAT,2024-06-04 23:21,2024-06-04 23:53,2024-06-05 00:56
LAB711098,ENC104742,PT10327,GLU,Glucose,80,mg/dL,70,99,N,Routine,2024-06-05 00:43,2024-06-05 00:52,2024-06-05 05:13
LAB711099,ENC104742,PT10327,CREAT,Creatinine,0.91,mg/dL,0.6,1.3,N,Routine,2024-06-05 01:35,2024-06-05 02:10,2024-06-05 04:09
LAB711100,ENC104742,PT10327,WBC,White Blood Cell Count,9.1,K/uL,4.5,11,N,STAT,2024-06-05 01:34,2024-06-05 02:03,2024-06-05 02:36
LAB711101,ENC104742,PT10327,HGB,Hemoglobin,15,g/dL,12,17.5,N,STAT,2024-06-05 00:46,2024-06-05 01:04,2024-06-05 01:33
LAB711102,ENC104742,PT10327,TROP,"Troponin I, High Sensitivity",140,ng/L,0,34,H,STAT,2024-06-05 01:31,2024-06-05 02:00,2024-06-05 03:37
LAB711103,ENC104744,PT10172,GLU,Glucose,176,mg/dL,70,99,H,Routine,2024-06-05 04:41,2024-06-05 05:16,2024-06-05 06:58
LAB711104,ENC104744,PT10172,CREAT,Creatinine,0.89,mg/dL,0.6,1.3,N,STAT,2024-06-05 04:06,2024-06-05 04:32,2024-06-05 05:04
LAB711105,ENC104744,PT10172,WBC,White Blood Cell Count,8,K/uL,4.5,11,N,STAT,2024-06-05 04:42,2024-06-05 05:13,2024-06-05 05:50
LAB711106,ENC104744,PT10172,HGB,Hemoglobin,16.1,g/dL,12,17.5,N,STAT,2024-06-05 04:28,2024-06-05 04:58,2024-06-05 06:00
LAB711107,ENC104745,PT11193,GLU,Glucose,106,mg/dL,70,99,H,STAT,2024-06-05 03:07,2024-06-05 03:24,2024-06-05 04:04
LAB711108,ENC104745,PT11193,CREAT,Creatinine,1.13,mg/dL,0.6,1.3,N,Routine,2024-06-05 02:43,2024-06-05 03:03,2024-06-05 06:42
LAB711109,ENC104746,PT13816,GLU,Glucose,106,mg/dL,70,99,H,STAT,2024-06-05 06:18,2024-06-05 06:53,2024-06-05 07:15
LAB711110,ENC104746,PT13816,CREAT,Creatinine,1.25,mg/dL,0.6,1.3,N,STAT,2024-06-05 06:15,2024-06-05 06:45,2024-06-05 07:19
LAB711111,ENC104746,PT13816,WBC,White Blood Cell Count,9.8,K/uL,4.5,11,N,STAT,2024-06-05 05:56,2024-06-05 06:24,2024-06-05 06:57
LAB711112,ENC104746,PT13816,HGB,Hemoglobin,13.2,g/dL,12,17.5,N,STAT,2024-06-05 05:47,2024-06-05 05:59,2024-06-05 06:48
LAB711113,ENC104747,PT10633,GLU,Glucose,74,mg/dL,70,99,N,Routine,2024-06-05 11:29,2024-06-05 11:56,2024-06-05 14:34
LAB711114,ENC104747,PT10633,CREAT,Creatinine,0.89,mg/dL,0.6,1.3,N,STAT,2024-06-05 11:45,2024-06-05 12:09,2024-06-05 12:51
LAB711115,ENC104747,PT10633,WBC,White Blood Cell Count,6.6,K/uL,4.5,11,N,Routine,2024-06-05 12:26,2024-06-05 12:54,2024-06-05 15:04
LAB711116,ENC104747,PT10633,HGB,Hemoglobin,15.3,g/dL,12,17.5,N,STAT,2024-06-05 12:22,2024-06-05 12:36,2024-06-05 13:18
LAB711117,ENC104747,PT10633,INR,Prothrombin Time INR,1.2,ratio,0.8,1.2,N,STAT,2024-06-05 11:52,2024-06-05 12:19,2024-06-05 12:47
LAB711118,ENC104748,PT11405,LDL,LDL Cholesterol,139,mg/dL,0,99,H,Routine,2024-06-05 09:53,2024-06-05 10:18,2024-06-06 05:36
LAB711119,ENC104749,PT12836,GLU,Glucose,102,mg/dL,70,99,H,STAT,2024-06-05 11:08,2024-06-05 11:26,2024-06-05 12:05
LAB711120,ENC104749,PT12836,CREAT,Creatinine,1.16,mg/dL,0.6,1.3,N,STAT,2024-06-05 11:18,2024-06-05 11:53,2024-06-05 12:45
LAB711121,ENC104749,PT12836,WBC,White Blood Cell Count,11.5,K/uL,4.5,11,H,STAT,2024-06-05 11:16,2024-06-05 11:45,2024-06-05 12:36
LAB711122,ENC104751,PT10236,GLU,Glucose,117,mg/dL,70,99,H,Routine,2024-06-05 11:21,2024-06-05 11:52,2024-06-05 14:43
LAB711123,ENC104751,PT10236,CREAT,Creatinine,0.81,mg/dL,0.6,1.3,N,Routine,2024-06-05 11:49,2024-06-05 12:20,2024-06-05 13:38
LAB711124,ENC104752,PT13569,LDL,LDL Cholesterol,83,mg/dL,0,99,N,Routine,2024-06-05 11:23,2024-06-05 11:31,2024-06-05 19:39
LAB711125,ENC104752,PT13569,A1C,Hemoglobin A1c,5.5,%,4,5.6,N,Routine,2024-06-05 11:21,2024-06-05 11:51,2024-06-05 21:41
LAB711126,ENC104753,PT13610,A1C,Hemoglobin A1c,5.4,%,4,5.6,N,Routine,2024-06-05 12:00,2024-06-05 12:31,2024-06-06 03:17
LAB711127,ENC104755,PT12002,GLU,Glucose,81,mg/dL,70,99,N,STAT,2024-06-05 13:30,2024-06-05 14:04,2024-06-05 14:30
LAB711128,ENC104755,PT12002,CREAT,Creatinine,1.17,mg/dL,0.6,1.3,N,STAT,2024-06-05 13:21,2024-06-05 13:37,2024-06-05 13:56
LAB711129,ENC104755,PT12002,WBC,White Blood Cell Count,12.1,K/uL,4.5,11,H,Routine,2024-06-05 13:36,2024-06-05 14:03,2024-06-05 18:24
LAB711130,ENC104756,PT12644,GLU,Glucose,129,mg/dL,70,99,H,STAT,2024-06-05 17:00,2024-06-05 17:34,2024-06-05 18:25
LAB711131,ENC104756,PT12644,CREAT,Creatinine,0.99,mg/dL,0.6,1.3,N,STAT,2024-06-05 16:55,2024-06-05 17:09,2024-06-05 18:23
LAB711132,ENC104756,PT12644,WBC,White Blood Cell Count,8.3,K/uL,4.5,11,N,Routine,2024-06-05 17:09,2024-06-05 17:14,2024-06-05 19:21
LAB711133,ENC104756,PT12644,HGB,Hemoglobin,7.7,g/dL,12,17.5,L,STAT,2024-06-05 17:02,2024-06-05 17:16,2024-06-05 17:45
LAB711134,ENC104756,PT12644,INR,Prothrombin Time INR,1.1,ratio,0.8,1.2,N,STAT,2024-06-05 16:57,2024-06-05 17:07,2024-06-05 17:39
LAB711135,ENC104757,PT12838,LDL,LDL Cholesterol,168,mg/dL,0,99,H,Routine,2024-06-05 13:16,2024-06-05 13:49,2024-06-06 20:40
LAB711136,ENC104759,PT10361,A1C,Hemoglobin A1c,7.7,%,4,5.6,H,Routine,2024-06-05 14:30,2024-06-05 14:57,2024-06-06 10:04
LAB711137,ENC104760,PT12817,A1C,Hemoglobin A1c,12.3,%,4,5.6,H,Routine,2024-06-05 14:37,2024-06-05 14:55,2024-06-06 01:15
LAB711138,ENC104760,PT12817,GLU,Glucose,327,mg/dL,70,99,H,Routine,2024-06-05 14:44,2024-06-05 14:50,2024-06-05 17:24
LAB711139,ENC104760,PT12817,CREAT,Creatinine,0.94,mg/dL,0.6,1.3,N,Routine,2024-06-05 14:33,2024-06-05 14:38,2024-06-05 17:24
LAB711140,ENC104761,PT11187,GLU,Glucose,135,mg/dL,70,99,H,STAT,2024-06-05 15:57,2024-06-05 16:08,2024-06-05 17:06
LAB711141,ENC104761,PT11187,CREAT,Creatinine,1.04,mg/dL,0.6,1.3,N,STAT,2024-06-05 15:46,2024-06-05 16:02,2024-06-05 16:27
LAB711142,ENC104761,PT11187,WBC,White Blood Cell Count,7.1,K/uL,4.5,11,N,Routine,2024-06-05 16:08,2024-06-05 16:41,2024-06-05 20:40
LAB711143,ENC104761,PT11187,HGB,Hemoglobin,12.9,g/dL,12,17.5,N,STAT,2024-06-05 15:05,2024-06-05 15:36,2024-06-05 16:17
LAB711144,ENC104761,PT11187,NA,Sodium,137,mmol/L,136,145,N,Routine,2024-06-05 15:23,2024-06-05 15:39,2024-06-05 18:28
LAB711145,ENC104761,PT11187,K,Potassium,4.5,mmol/L,3.5,5.1,N,STAT,2024-06-05 15:51,2024-06-05 15:58,2024-06-05 17:17
LAB711146,ENC104761,PT11187,TROP,"Troponin I, High Sensitivity",4,ng/L,0,34,N,STAT,2024-06-05 15:42,2024-06-05 15:59,2024-06-05 16:45
LAB711147,ENC104761,PT11187,BNP,B-Type Natriuretic Peptide,1494,pg/mL,0,100,H,STAT,2024-06-05 15:32,2024-06-05 15:49,2024-06-05 16:26
LAB711148,ENC104765,PT13962,LDL,LDL Cholesterol,156,mg/dL,0,99,H,Routine,2024-06-05 15:56,2024-06-05 16:08,2024-06-06 14:25
LAB711149,ENC104765,PT13962,TSH,Thyroid Stimulating Hormone,0.37,mIU/L,0.4,4,L,Routine,2024-06-05 15:52,2024-06-05 16:27,2024-06-06 12:37
LAB711150,ENC104766,PT11972,GLU,Glucose,93,mg/dL,70,99,N,Routine,2024-06-05 16:00,2024-06-05 16:33,2024-06-05 19:30
LAB711151,ENC104766,PT11972,CREAT,Creatinine,1.01,mg/dL,0.6,1.3,N,Routine,2024-06-05 17:00,2024-06-05 17:20,2024-06-05 21:48
LAB711152,ENC104768,PT13071,GLU,Glucose,103,mg/dL,70,99,H,STAT,2024-06-05 18:16,2024-06-05 18:35,2024-06-05 19:22
LAB711153,ENC104768,PT13071,CREAT,Creatinine,1.06,mg/dL,0.6,1.3,N,STAT,2024-06-05 18:42,2024-06-05 19:17,2024-06-05 19:48
LAB711154,ENC104769,PT10220,GLU,Glucose,96,mg/dL,70,99,N,Routine,2024-06-05 19:04,2024-06-05 19:28,2024-06-05 21:54
LAB711155,ENC104769,PT10220,CREAT,Creatinine,1.1,mg/dL,0.6,1.3,N,STAT,2024-06-05 19:23,2024-06-05 19:42,2024-06-05 20:32
LAB711156,ENC104769,PT10220,INR,Prothrombin Time INR,1.1,ratio,0.8,1.2,N,STAT,2024-06-05 18:59,2024-06-05 19:10,2024-06-05 19:47
LAB711157,ENC104771,PT12033,GLU,Glucose,90,mg/dL,70,99,N,STAT,2024-06-05 23:50,2024-06-06 00:18,2024-06-06 01:57
LAB711158,ENC104771,PT12033,CREAT,Creatinine,2.06,mg/dL,0.6,1.3,H,Routine,2024-06-05 23:29,2024-06-05 23:50,2024-06-06 03:16
LAB711159,ENC104772,PT12432,GLU,Glucose,123,mg/dL,70,99,H,Routine,2024-06-06 02:18,2024-06-06 02:40,2024-06-06 05:44
LAB711160,ENC104772,PT12432,CREAT,Creatinine,1.2,mg/dL,0.6,1.3,N,STAT,2024-06-06 01:38,2024-06-06 02:13,2024-06-06 02:54
LAB711161,ENC104772,PT12432,WBC,White Blood Cell Count,18.7,K/uL,4.5,11,H,STAT,2024-06-06 02:29,2024-06-06 02:58,2024-06-06 04:05
LAB711162,ENC104772,PT12432,HGB,Hemoglobin,13.2,g/dL,12,17.5,N,STAT,2024-06-06 01:43,2024-06-06 02:06,2024-06-06 02:29
LAB711163,ENC104773,PT13155,LDL,LDL Cholesterol,84,mg/dL,0,99,N,Routine,2024-06-06 08:28,2024-06-06 08:41,2024-06-07 04:39
LAB711164,ENC104773,PT13155,A1C,Hemoglobin A1c,5.6,%,4,5.6,N,Routine,2024-06-06 08:27,2024-06-06 08:41,2024-06-06 16:53
LAB711165,ENC104774,PT10972,A1C,Hemoglobin A1c,5.7,%,4,5.6,H,Routine,2024-06-06 08:29,2024-06-06 08:52,2024-06-06 22:01
LAB711166,ENC104774,PT10972,GLU,Glucose,136,mg/dL,70,99,H,Routine,2024-06-06 08:21,2024-06-06 08:36,2024-06-06 13:03
LAB711167,ENC104774,PT10972,CREAT,Creatinine,1.01,mg/dL,0.6,1.3,N,Routine,2024-06-06 08:34,2024-06-06 08:58,2024-06-06 12:14
LAB711168,ENC104777,PT13915,LDL,LDL Cholesterol,125,mg/dL,0,99,H,Routine,2024-06-06 11:18,2024-06-06 11:30,2024-06-07 07:44
LAB711169,ENC104778,PT11197,GLU,Glucose,110,mg/dL,70,99,H,Routine,2024-06-06 15:03,2024-06-06 15:18,2024-06-06 18:12
LAB711170,ENC104778,PT11197,CREAT,Creatinine,0.61,mg/dL,0.6,1.3,N,STAT,2024-06-06 15:07,2024-06-06 15:39,2024-06-06 15:59
LAB711171,ENC104778,PT11197,WBC,White Blood Cell Count,5.9,K/uL,4.5,11,N,STAT,2024-06-06 14:57,2024-06-06 15:08,2024-06-06 15:50
LAB711172,ENC104778,PT11197,HGB,Hemoglobin,14,g/dL,12,17.5,N,Routine,2024-06-06 14:44,2024-06-06 15:06,2024-06-06 17:59
LAB711173,ENC104779,PT11826,A1C,Hemoglobin A1c,10.2,%,4,5.6,H,Routine,2024-06-06 11:53,2024-06-06 12:23,2024-06-07 13:39
LAB711174,ENC104779,PT11826,GLU,Glucose,354,mg/dL,70,99,H,Routine,2024-06-06 11:36,2024-06-06 12:11,2024-06-06 17:46
LAB711175,ENC104779,PT11826,CREAT,Creatinine,1.06,mg/dL,0.6,1.3,N,Routine,2024-06-06 11:47,2024-06-06 12:17,2024-06-06 13:41
LAB711176,ENC104780,PT11308,A1C,Hemoglobin A1c,7.6,%,4,5.6,H,Routine,2024-06-06 11:42,2024-06-06 12:05,2024-06-06 19:09
LAB711177,ENC104780,PT11308,GLU,Glucose,121,mg/dL,70,99,H,Routine,2024-06-06 11:45,2024-06-06 11:57,2024-06-06 13:05
LAB711178,ENC104780,PT11308,CREAT,Creatinine,1.13,mg/dL,0.6,1.3,N,Routine,2024-06-06 11:41,2024-06-06 12:11,2024-06-06 14:08
LAB711179,ENC104782,PT11570,A1C,Hemoglobin A1c,10.4,%,4,5.6,H,Routine,2024-06-06 12:01,2024-06-06 12:10,2024-06-07 15:27
LAB711180,ENC104782,PT11570,GLU,Glucose,272,mg/dL,70,99,H,Routine,2024-06-06 11:55,2024-06-06 12:04,2024-06-06 17:14
LAB711181,ENC104782,PT11570,CREAT,Creatinine,0.7,mg/dL,0.6,1.3,N,Routine,2024-06-06 11:50,2024-06-06 11:56,2024-06-06 16:59
LAB711182,ENC104783,PT11279,GLU,Glucose,97,mg/dL,70,99,N,STAT,2024-06-06 12:28,2024-06-06 13:00,2024-06-06 14:14
LAB711183,ENC104783,PT11279,CREAT,Creatinine,0.9,mg/dL,0.6,1.3,N,STAT,2024-06-06 12:21,2024-06-06 12:34,2024-06-06 13:33
LAB711184,ENC104783,PT11279,WBC,White Blood Cell Count,4.2,K/uL,4.5,11,L,Routine,2024-06-06 12:19,2024-06-06 12:32,2024-06-06 16:12
LAB711185,ENC104783,PT11279,HGB,Hemoglobin,13.3,g/dL,12,17.5,N,STAT,2024-06-06 12:25,2024-06-06 12:51,2024-06-06 13:13
LAB711186,ENC104783,PT11279,NA,Sodium,126,mmol/L,136,145,L,Routine,2024-06-06 12:19,2024-06-06 12:31,2024-06-06 14:31
LAB711187,ENC104783,PT11279,K,Potassium,4.4,mmol/L,3.5,5.1,N,STAT,2024-06-06 12:18,2024-06-06 12:24,2024-06-06 13:00
LAB711188,ENC104786,PT11674,WBC,White Blood Cell Count,7.3,K/uL,4.5,11,N,Routine,2024-06-06 13:37,2024-06-06 13:45,2024-06-06 19:04
LAB711189,ENC104786,PT11674,HGB,Hemoglobin,10,g/dL,12,17.5,L,Routine,2024-06-06 13:55,2024-06-06 14:12,2024-06-06 17:24
LAB711190,ENC104786,PT11674,PLT,Platelet Count,249,K/uL,150,400,N,Routine,2024-06-06 13:57,2024-06-06 14:12,2024-06-06 15:17
LAB711191,ENC104787,PT13509,GLU,Glucose,115,mg/dL,70,99,H,STAT,2024-06-06 14:53,2024-06-06 15:16,2024-06-06 15:57
LAB711192,ENC104787,PT13509,CREAT,Creatinine,0.53,mg/dL,0.6,1.3,L,Routine,2024-06-06 14:09,2024-06-06 14:26,2024-06-06 18:01
LAB711193,ENC104787,PT13509,WBC,White Blood Cell Count,9,K/uL,4.5,11,N,STAT,2024-06-06 14:38,2024-06-06 15:06,2024-06-06 16:04
LAB711194,ENC104787,PT13509,HGB,Hemoglobin,14.8,g/dL,12,17.5,N,STAT,2024-06-06 14:22,2024-06-06 14:54,2024-06-06 15:58
LAB711195,ENC104789,PT12494,LDL,LDL Cholesterol,161,mg/dL,0,99,H,Routine,2024-06-06 16:38,2024-06-06 16:51,2024-06-07 02:55
LAB711196,ENC104789,PT12494,A1C,Hemoglobin A1c,9.1,%,4,5.6,H,Routine,2024-06-06 16:26,2024-06-06 16:35,2024-06-07 03:22
LAB711197,ENC104792,PT12176,GLU,Glucose,217,mg/dL,70,99,H,STAT,2024-06-06 19:37,2024-06-06 19:43,2024-06-06 20:19
LAB711198,ENC104792,PT12176,CREAT,Creatinine,0.78,mg/dL,0.6,1.3,N,STAT,2024-06-06 19:15,2024-06-06 19:37,2024-06-06 20:31
LAB711199,ENC104792,PT12176,WBC,White Blood Cell Count,7.4,K/uL,4.5,11,N,Routine,2024-06-06 19:03,2024-06-06 19:28,2024-06-07 00:42
LAB711200,ENC104794,PT10234,GLU,Glucose,121,mg/dL,70,99,H,Routine,2024-06-06 20:02,2024-06-06 20:33,2024-06-07 00:10
LAB711201,ENC104794,PT10234,CREAT,Creatinine,1.18,mg/dL,0.6,1.3,N,STAT,2024-06-06 19:45,2024-06-06 20:10,2024-06-06 20:54
LAB711202,ENC104794,PT10234,WBC,White Blood Cell Count,12.7,K/uL,4.5,11,H,STAT,2024-06-06 19:31,2024-06-06 19:41,2024-06-06 20:22
LAB711203,ENC104794,PT10234,HGB,Hemoglobin,17.4,g/dL,12,17.5,N,STAT,2024-06-06 19:56,2024-06-06 20:23,2024-06-06 21:20
LAB711204,ENC104795,PT12413,GLU,Glucose,90,mg/dL,70,99,N,STAT,2024-06-06 19:17,2024-06-06 19:47,2024-06-06 20:40
LAB711205,ENC104795,PT12413,CREAT,Creatinine,0.97,mg/dL,0.6,1.3,N,Routine,2024-06-06 19:45,2024-06-06 20:01,2024-06-06 22:45
LAB711206,ENC104795,PT12413,WBC,White Blood Cell Count,16.6,K/uL,4.5,11,H,Routine,2024-06-06 19:30,2024-06-06 19:54,2024-06-06 21:38
LAB711207,ENC104795,PT12413,HGB,Hemoglobin,10.7,g/dL,12,17.5,L,STAT,2024-06-06 19:59,2024-06-06 20:29,2024-06-06 21:00
LAB711208,ENC104797,PT12184,GLU,Glucose,124,mg/dL,70,99,H,STAT,2024-06-07 01:46,2024-06-07 02:01,2024-06-07 02:32
LAB711209,ENC104797,PT12184,CREAT,Creatinine,0.79,mg/dL,0.6,1.3,N,Routine,2024-06-07 02:42,2024-06-07 03:10,2024-06-07 06:15
LAB711210,ENC104797,PT12184,WBC,White Blood Cell Count,7.2,K/uL,4.5,11,N,STAT,2024-06-07 02:47,2024-06-07 03:22,2024-06-07 04:26
LAB711211,ENC104797,PT12184,HGB,Hemoglobin,16.5,g/dL,12,17.5,N,STAT,2024-06-07 02:40,2024-06-07 02:47,2024-06-07 03:26
LAB711212,ENC104798,PT13289,GLU,Glucose,128,mg/dL,70,99,H,Routine,2024-06-07 01:58,2024-06-07 02:24,2024-06-07 06:02
LAB711213,ENC104798,PT13289,CREAT,Creatinine,0.96,mg/dL,0.6,1.3,N,STAT,2024-06-07 02:09,2024-06-07 02:14,2024-06-07 03:06
LAB711214,ENC104798,PT13289,WBC,White Blood Cell Count,6.3,K/uL,4.5,11,N,Routine,2024-06-07 01:45,2024-06-07 01:55,2024-06-07 04:25
LAB711215,ENC104798,PT13289,HGB,Hemoglobin,11.5,g/dL,12,17.5,L,Routine,2024-06-07 01:42,2024-06-07 02:07,2024-06-07 04:38
LAB711216,ENC104799,PT10722,GLU,Glucose,111,mg/dL,70,99,H,Routine,2024-06-07 08:01,2024-06-07 08:11,2024-06-07 10:11
LAB711217,ENC104799,PT10722,CREAT,Creatinine,1.11,mg/dL,0.6,1.3,N,STAT,2024-06-07 07:20,2024-06-07 07:27,2024-06-07 08:13
LAB711218,ENC104799,PT10722,WBC,White Blood Cell Count,4.1,K/uL,4.5,11,L,STAT,2024-06-07 07:54,2024-06-07 08:02,2024-06-07 08:44
LAB711219,ENC104799,PT10722,HGB,Hemoglobin,16.5,g/dL,12,17.5,N,STAT,2024-06-07 07:53,2024-06-07 08:10,2024-06-07 08:52
LAB711220,ENC104799,PT10722,TROP,"Troponin I, High Sensitivity",11,ng/L,0,34,N,STAT,2024-06-07 07:10,2024-06-07 07:32,2024-06-07 07:58
LAB711221,ENC104803,PT12347,GLU,Glucose,118,mg/dL,70,99,H,STAT,2024-06-07 09:03,2024-06-07 09:22,2024-06-07 10:51
LAB711222,ENC104803,PT12347,CREAT,Creatinine,0.54,mg/dL,0.6,1.3,L,STAT,2024-06-07 09:49,2024-06-07 10:14,2024-06-07 11:07
LAB711223,ENC104803,PT12347,WBC,White Blood Cell Count,6.7,K/uL,4.5,11,N,Routine,2024-06-07 09:27,2024-06-07 09:55,2024-06-07 14:30
LAB711224,ENC104803,PT12347,HGB,Hemoglobin,16,g/dL,12,17.5,N,STAT,2024-06-07 09:54,2024-06-07 10:28,2024-06-07 11:23
LAB711225,ENC104804,PT10385,WBC,White Blood Cell Count,6.7,K/uL,4.5,11,N,Routine,2024-06-07 09:17,2024-06-07 09:39,2024-06-07 16:05
LAB711226,ENC104804,PT10385,HGB,Hemoglobin,13.7,g/dL,12,17.5,N,Routine,2024-06-07 09:26,2024-06-07 09:50,2024-06-07 12:08
LAB711227,ENC104804,PT10385,PLT,Platelet Count,227,K/uL,150,400,N,Routine,2024-06-07 09:16,2024-06-07 09:38,2024-06-07 16:39
LAB711228,ENC104805,PT13966,A1C,Hemoglobin A1c,10.5,%,4,5.6,H,Routine,2024-06-07 09:33,2024-06-07 10:00,2024-06-09 08:34
LAB711229,ENC104806,PT13638,GLU,Glucose,259,mg/dL,70,99,H,Routine,2024-06-07 13:37,2024-06-07 14:02,2024-06-07 16:15
LAB711230,ENC104806,PT13638,CREAT,Creatinine,0.92,mg/dL,0.6,1.3,N,STAT,2024-06-07 14:05,2024-06-07 14:38,2024-06-07 15:10
LAB711231,ENC104806,PT13638,WBC,White Blood Cell Count,6.7,K/uL,4.5,11,N,Routine,2024-06-07 13:27,2024-06-07 13:53,2024-06-07 16:19
LAB711232,ENC104806,PT13638,HGB,Hemoglobin,13.7,g/dL,12,17.5,N,Routine,2024-06-07 14:16,2024-06-07 14:21,2024-06-07 16:16
LAB711233,ENC104806,PT13638,NA,Sodium,123,mmol/L,136,145,L,STAT,2024-06-07 14:20,2024-06-07 14:34,2024-06-07 15:09
LAB711234,ENC104806,PT13638,K,Potassium,4.5,mmol/L,3.5,5.1,N,STAT,2024-06-07 13:53,2024-06-07 14:22,2024-06-07 15:07
LAB711235,ENC104807,PT12142,LDL,LDL Cholesterol,183,mg/dL,0,99,H,Routine,2024-06-07 11:14,2024-06-07 11:18,2024-06-07 22:43
LAB711236,ENC104808,PT10737,GLU,Glucose,156,mg/dL,70,99,H,STAT,2024-06-07 15:49,2024-06-07 15:56,2024-06-07 16:37
LAB711237,ENC104808,PT10737,CREAT,Creatinine,1.57,mg/dL,0.6,1.3,H,STAT,2024-06-07 15:45,2024-06-07 15:50,2024-06-07 17:00
LAB711238,ENC104808,PT10737,WBC,White Blood Cell Count,21.1,K/uL,4.5,11,H,Routine,2024-06-07 15:54,2024-06-07 16:24,2024-06-07 20:53
LAB711239,ENC104808,PT10737,HGB,Hemoglobin,14.1,g/dL,12,17.5,N,Routine,2024-06-07 16:00,2024-06-07 16:22,2024-06-07 18:38
LAB711240,ENC104808,PT10737,LACT,Lactate,4.5,mmol/L,0.5,2,HH,STAT,2024-06-07 15:43,2024-06-07 15:53,2024-06-07 16:25
LAB711241,ENC104810,PT11466,GLU,Glucose,129,mg/dL,70,99,H,Routine,2024-06-07 15:47,2024-06-07 15:51,2024-06-07 21:08
LAB711242,ENC104810,PT11466,CREAT,Creatinine,0.44,mg/dL,0.6,1.3,L,STAT,2024-06-07 15:37,2024-06-07 15:44,2024-06-07 16:17
LAB711243,ENC104810,PT11466,WBC,White Blood Cell Count,6.2,K/uL,4.5,11,N,STAT,2024-06-07 16:02,2024-06-07 16:24,2024-06-07 17:24
LAB711244,ENC104810,PT11466,HGB,Hemoglobin,12.8,g/dL,12,17.5,N,STAT,2024-06-07 15:45,2024-06-07 15:52,2024-06-07 16:33
LAB711245,ENC104810,PT11466,NA,Sodium,141,mmol/L,136,145,N,STAT,2024-06-07 16:18,2024-06-07 16:40,2024-06-07 17:10
LAB711246,ENC104810,PT11466,K,Potassium,3.5,mmol/L,3.5,5.1,N,STAT,2024-06-07 15:20,2024-06-07 15:27,2024-06-07 16:28
LAB711247,ENC104810,PT11466,BUN,Blood Urea Nitrogen,16,mg/dL,7,20,N,Routine,2024-06-07 15:27,2024-06-07 15:59,2024-06-07 18:20
LAB711248,ENC104810,PT11466,PLT,Platelet Count,236,K/uL,150,400,N,STAT,2024-06-07 15:24,2024-06-07 15:56,2024-06-07 16:37
LAB711249,ENC104811,PT10603,LDL,LDL Cholesterol,70,mg/dL,0,99,N,Routine,2024-06-07 12:15,2024-06-07 12:38,2024-06-08 17:32
LAB711250,ENC104813,PT10336,GLU,Glucose,123,mg/dL,70,99,H,Routine,2024-06-07 14:16,2024-06-07 14:32,2024-06-07 18:49
LAB711251,ENC104813,PT10336,CREAT,Creatinine,0.89,mg/dL,0.6,1.3,N,Routine,2024-06-07 14:35,2024-06-07 15:10,2024-06-07 18:29
LAB711252,ENC104813,PT10336,WBC,White Blood Cell Count,11.4,K/uL,4.5,11,H,STAT,2024-06-07 14:59,2024-06-07 15:15,2024-06-07 16:35
LAB711253,ENC104813,PT10336,HGB,Hemoglobin,13,g/dL,12,17.5,N,STAT,2024-06-07 14:34,2024-06-07 15:08,2024-06-07 15:49
LAB711254,ENC104813,PT10336,BUN,Blood Urea Nitrogen,10,mg/dL,7,20,N,STAT,2024-06-07 13:51,2024-06-07 14:13,2024-06-07 15:16
LAB711255,ENC104813,PT10336,PLT,Platelet Count,243,K/uL,150,400,N,STAT,2024-06-07 14:58,2024-06-07 15:27,2024-06-07 15:56
LAB711256,ENC104814,PT10009,GLU,Glucose,79,mg/dL,70,99,N,STAT,2024-06-07 15:04,2024-06-07 15:19,2024-06-07 16:01
LAB711257,ENC104814,PT10009,CREAT,Creatinine,1.18,mg/dL,0.6,1.3,N,Routine,2024-06-07 15:04,2024-06-07 15:21,2024-06-07 21:54
LAB711258,ENC104814,PT10009,WBC,White Blood Cell Count,7.6,K/uL,4.5,11,N,STAT,2024-06-07 15:09,2024-06-07 15:38,2024-06-07 16:14
LAB711259,ENC104814,PT10009,HGB,Hemoglobin,13.8,g/dL,12,17.5,N,Routine,2024-06-07 15:31,2024-06-07 15:51,2024-06-07 17:14
LAB711260,ENC104814,PT10009,NA,Sodium,136,mmol/L,136,145,N,STAT,2024-06-07 15:46,2024-06-07 16:13,2024-06-07 16:41
LAB711261,ENC104814,PT10009,K,Potassium,3.8,mmol/L,3.5,5.1,N,STAT,2024-06-07 14:56,2024-06-07 15:27,2024-06-07 16:08
LAB711262,ENC104815,PT13770,GLU,Glucose,86,mg/dL,70,99,N,STAT,2024-06-07 17:08,2024-06-07 17:15,2024-06-07 18:04
LAB711263,ENC104815,PT13770,CREAT,Creatinine,0.61,mg/dL,0.6,1.3,N,Routine,2024-06-07 16:33,2024-06-07 16:38,2024-06-07 18:42
LAB711264,ENC104815,PT13770,WBC,White Blood Cell Count,6.2,K/uL,4.5,11,N,STAT,2024-06-07 16:04,2024-06-07 16:17,2024-06-07 16:38
LAB711265,ENC104815,PT13770,HGB,Hemoglobin,14.6,g/dL,12,17.5,N,Routine,2024-06-07 17:06,2024-06-07 17:12,2024-06-07 20:49
LAB711266,ENC104815,PT13770,TROP,"Troponin I, High Sensitivity",62,ng/L,0,34,H,STAT,2024-06-07 16:48,2024-06-07 16:57,2024-06-07 17:56
LAB711267,ENC104815,PT13770,BNP,B-Type Natriuretic Peptide,532,pg/mL,0,100,H,STAT,2024-06-07 17:07,2024-06-07 17:20,2024-06-07 17:48
LAB711268,ENC104818,PT13589,GLU,Glucose,122,mg/dL,70,99,H,STAT,2024-06-07 18:27,2024-06-07 19:01,2024-06-07 19:24
LAB711269,ENC104818,PT13589,CREAT,Creatinine,1,mg/dL,0.6,1.3,N,STAT,2024-06-07 18:01,2024-06-07 18:16,2024-06-07 18:50
LAB711270,ENC104818,PT13589,WBC,White Blood Cell Count,11.2,K/uL,4.5,11,H,STAT,2024-06-07 18:47,2024-06-07 18:57,2024-06-07 20:19
LAB711271,ENC104818,PT13589,HGB,Hemoglobin,10.7,g/dL,12,17.5,L,STAT,2024-06-07 18:56,2024-06-07 19:17,2024-06-07 20:26
LAB711272,ENC104818,PT13589,NA,Sodium,141,mmol/L,136,145,N,STAT,2024-06-07 17:48,2024-06-07 18:20,2024-06-07 19:31
LAB711273,ENC104818,PT13589,K,Potassium,4.5,mmol/L,3.5,5.1,N,STAT,2024-06-07 17:59,2024-06-07 18:08,2024-06-07 18:43
LAB711274,ENC104818,PT13589,TROP,"Troponin I, High Sensitivity",1,ng/L,0,34,N,STAT,2024-06-07 17:51,2024-06-07 18:13,2024-06-07 18:32
LAB711275,ENC104819,PT10604,GLU,Glucose,250,mg/dL,70,99,H,Routine,2024-06-07 16:22,2024-06-07 16:28,2024-06-07 21:53
LAB711276,ENC104819,PT10604,CREAT,Creatinine,0.78,mg/dL,0.6,1.3,N,STAT,2024-06-07 16:36,2024-06-07 17:04,2024-06-07 17:50
LAB711277,ENC104819,PT10604,WBC,White Blood Cell Count,9.8,K/uL,4.5,11,N,STAT,2024-06-07 16:33,2024-06-07 16:58,2024-06-07 18:14
LAB711278,ENC104819,PT10604,HGB,Hemoglobin,13.7,g/dL,12,17.5,N,STAT,2024-06-07 17:19,2024-06-07 17:25,2024-06-07 17:48
LAB711279,ENC104819,PT10604,NA,Sodium,138,mmol/L,136,145,N,STAT,2024-06-07 17:12,2024-06-07 17:18,2024-06-07 17:56
LAB711280,ENC104819,PT10604,K,Potassium,4.3,mmol/L,3.5,5.1,N,STAT,2024-06-07 17:27,2024-06-07 17:39,2024-06-07 18:44
LAB711281,ENC104819,PT10604,A1C,Hemoglobin A1c,10,%,4,5.6,H,STAT,2024-06-07 17:13,2024-06-07 17:23,2024-06-07 18:03
LAB711282,ENC104822,PT10171,GLU,Glucose,115,mg/dL,70,99,H,STAT,2024-06-07 22:25,2024-06-07 22:58,2024-06-08 01:53
LAB711283,ENC104822,PT10171,CREAT,Creatinine,1.33,mg/dL,0.6,1.3,H,STAT,2024-06-07 23:05,2024-06-07 23:34,2024-06-07 23:57
LAB711284,ENC104822,PT10171,WBC,White Blood Cell Count,7.6,K/uL,4.5,11,N,STAT,2024-06-07 23:08,2024-06-07 23:26,2024-06-08 00:12
LAB711285,ENC104822,PT10171,HGB,Hemoglobin,16.7,g/dL,12,17.5,N,STAT,2024-06-07 22:21,2024-06-07 22:52,2024-06-07 23:43
LAB711286,ENC104822,PT10171,TROP,"Troponin I, High Sensitivity",84,ng/L,0,34,H,STAT,2024-06-07 22:36,2024-06-07 22:59,2024-06-07 23:47
LAB711287,ENC104822,PT10171,BNP,B-Type Natriuretic Peptide,1837,pg/mL,0,100,H,Routine,2024-06-07 23:04,2024-06-07 23:37,2024-06-08 02:37
LAB711288,ENC104824,PT12236,GLU,Glucose,111,mg/dL,70,99,H,STAT,2024-06-07 21:35,2024-06-07 21:49,2024-06-07 22:45
LAB711289,ENC104824,PT12236,CREAT,Creatinine,1.04,mg/dL,0.6,1.3,N,Routine,2024-06-07 22:09,2024-06-07 22:21,2024-06-08 06:03
LAB711290,ENC104824,PT12236,WBC,White Blood Cell Count,11.4,K/uL,4.5,11,H,STAT,2024-06-07 22:20,2024-06-07 22:24,2024-06-07 23:15
LAB711291,ENC104824,PT12236,HGB,Hemoglobin,14.3,g/dL,12,17.5,N,Routine,2024-06-07 22:34,2024-06-07 22:42,2024-06-08 00:19
LAB711292,ENC104824,PT12236,NA,Sodium,141,mmol/L,136,145,N,STAT,2024-06-07 21:35,2024-06-07 21:58,2024-06-07 22:35
LAB711293,ENC104824,PT12236,K,Potassium,4.2,mmol/L,3.5,5.1,N,STAT,2024-06-07 22:14,2024-06-07 22:18,2024-06-07 23:41
LAB711294,ENC104827,PT11091,GLU,Glucose,93,mg/dL,70,99,N,Routine,2024-06-07 22:56,2024-06-07 23:19,2024-06-08 04:49
LAB711295,ENC104827,PT11091,CREAT,Creatinine,2,mg/dL,0.6,1.3,H,STAT,2024-06-07 22:18,2024-06-07 22:27,2024-06-07 23:07
LAB711296,ENC104827,PT11091,INR,Prothrombin Time INR,1,ratio,0.8,1.2,N,STAT,2024-06-07 22:22,2024-06-07 22:37,2024-06-07 23:09
LAB711297,ENC104828,PT12676,GLU,Glucose,101,mg/dL,70,99,H,Routine,2024-06-08 00:51,2024-06-08 01:19,2024-06-08 02:51
LAB711298,ENC104828,PT12676,CREAT,Creatinine,0.89,mg/dL,0.6,1.3,N,STAT,2024-06-08 00:12,2024-06-08 00:45,2024-06-08 01:21
LAB711299,ENC104828,PT12676,WBC,White Blood Cell Count,6.2,K/uL,4.5,11,N,STAT,2024-06-08 00:49,2024-06-08 01:12,2024-06-08 02:03
LAB711300,ENC104828,PT12676,HGB,Hemoglobin,14.6,g/dL,12,17.5,N,Routine,2024-06-08 00:26,2024-06-08 00:56,2024-06-08 03:50
LAB711301,ENC104829,PT13968,GLU,Glucose,82,mg/dL,70,99,N,STAT,2024-06-07 23:16,2024-06-07 23:45,2024-06-08 00:20
LAB711302,ENC104829,PT13968,CREAT,Creatinine,0.82,mg/dL,0.6,1.3,N,STAT,2024-06-07 22:59,2024-06-07 23:32,2024-06-08 00:19
LAB711303,ENC104829,PT13968,WBC,White Blood Cell Count,8.4,K/uL,4.5,11,N,STAT,2024-06-07 23:04,2024-06-07 23:22,2024-06-07 23:49
LAB711304,ENC104830,PT13692,GLU,Glucose,88,mg/dL,70,99,N,Routine,2024-06-08 09:37,2024-06-08 09:59,2024-06-08 11:03
LAB711305,ENC104830,PT13692,CREAT,Creatinine,0.67,mg/dL,0.6,1.3,N,STAT,2024-06-08 09:32,2024-06-08 10:03,2024-06-08 10:40
LAB711306,ENC104830,PT13692,WBC,White Blood Cell Count,12.2,K/uL,4.5,11,H,STAT,2024-06-08 10:27,2024-06-08 10:39,2024-06-08 11:13
LAB711307,ENC104830,PT13692,HGB,Hemoglobin,13.4,g/dL,12,17.5,N,STAT,2024-06-08 09:34,2024-06-08 10:01,2024-06-08 10:59
LAB711308,ENC104831,PT11725,GLU,Glucose,117,mg/dL,70,99,H,Routine,2024-06-08 08:47,2024-06-08 09:03,2024-06-08 11:26
LAB711309,ENC104831,PT11725,CREAT,Creatinine,1.12,mg/dL,0.6,1.3,N,STAT,2024-06-08 08:53,2024-06-08 09:09,2024-06-08 09:51
LAB711310,ENC104831,PT11725,WBC,White Blood Cell Count,9,K/uL,4.5,11,N,STAT,2024-06-08 08:52,2024-06-08 09:08,2024-06-08 09:42
LAB711311,ENC104831,PT11725,HGB,Hemoglobin,12.9,g/dL,12,17.5,N,STAT,2024-06-08 09:15,2024-06-08 09:40,2024-06-08 10:38
LAB711312,ENC104833,PT12365,GLU,Glucose,116,mg/dL,70,99,H,STAT,2024-06-08 12:25,2024-06-08 12:36,2024-06-08 13:44
LAB711313,ENC104833,PT12365,CREAT,Creatinine,1.2,mg/dL,0.6,1.3,N,Routine,2024-06-08 12:57,2024-06-08 13:12,2024-06-08 16:30
LAB711314,ENC104833,PT12365,WBC,White Blood Cell Count,10.3,K/uL,4.5,11,N,Routine,2024-06-08 12:24,2024-06-08 12:58,2024-06-08 14:33
LAB711315,ENC104833,PT12365,HGB,Hemoglobin,14.1,g/dL,12,17.5,N,STAT,2024-06-08 12:18,2024-06-08 12:50,2024-06-08 13:49
LAB711316,ENC104834,PT12136,GLU,Glucose,118,mg/dL,70,99,H,STAT,2024-06-08 17:52,2024-06-08 18:16,2024-06-08 18:51
LAB711317,ENC104834,PT12136,CREAT,Creatinine,0.88,mg/dL,0.6,1.3,N,STAT,2024-06-08 17:33,2024-06-08 18:07,2024-06-08 18:46
LAB711318,ENC104834,PT12136,WBC,White Blood Cell Count,6.8,K/uL,4.5,11,N,Routine,2024-06-08 17:33,2024-06-08 18:08,2024-06-08 20:46
LAB711319,ENC104834,PT12136,HGB,Hemoglobin,13.1,g/dL,12,17.5,N,Routine,2024-06-08 17:27,2024-06-08 17:34,2024-06-09 00:36
LAB711320,ENC104834,PT12136,NA,Sodium,135,mmol/L,136,145,L,STAT,2024-06-08 17:56,2024-06-08 18:31,2024-06-08 18:59
LAB711321,ENC104834,PT12136,K,Potassium,4.6,mmol/L,3.5,5.1,N,STAT,2024-06-08 18:30,2024-06-08 18:48,2024-06-08 19:21
LAB711322,ENC104835,PT11943,GLU,Glucose,179,mg/dL,70,99,H,STAT,2024-06-08 16:07,2024-06-08 16:16,2024-06-08 17:01
LAB711323,ENC104835,PT11943,CREAT,Creatinine,1.22,mg/dL,0.6,1.3,N,STAT,2024-06-08 17:01,2024-06-08 17:29,2024-06-08 18:43
LAB711324,ENC104837,PT13608,GLU,Glucose,102,mg/dL,70,99,H,STAT,2024-06-08 18:00,2024-06-08 18:34,2024-06-08 19:19
LAB711325,ENC104837,PT13608,CREAT,Creatinine,0.56,mg/dL,0.6,1.3,L,Routine,2024-06-08 18:29,2024-06-08 18:42,2024-06-08 20:50
LAB711326,ENC104837,PT13608,WBC,White Blood Cell Count,9,K/uL,4.5,11,N,STAT,2024-06-08 18:18,2024-06-08 18:34,2024-06-08 19:45
LAB711327,ENC104837,PT13608,HGB,Hemoglobin,17.3,g/dL,12,17.5,N,STAT,2024-06-08 18:38,2024-06-08 18:56,2024-06-08 19:46
LAB711328,ENC104839,PT12696,GLU,Glucose,110,mg/dL,70,99,H,STAT,2024-06-08 20:35,2024-06-08 21:09,2024-06-08 21:38
LAB711329,ENC104839,PT12696,CREAT,Creatinine,0.89,mg/dL,0.6,1.3,N,Routine,2024-06-08 20:37,2024-06-08 20:54,2024-06-08 22:34
LAB711330,ENC104839,PT12696,WBC,White Blood Cell Count,11.3,K/uL,4.5,11,H,STAT,2024-06-08 20:28,2024-06-08 21:01,2024-06-08 21:53
LAB711331,ENC104839,PT12696,HGB,Hemoglobin,15.6,g/dL,12,17.5,N,STAT,2024-06-08 20:31,2024-06-08 20:57,2024-06-08 21:44
LAB711332,ENC104840,PT11591,GLU,Glucose,88,mg/dL,70,99,N,STAT,2024-06-09 01:17,2024-06-09 01:36,2024-06-09 02:26
LAB711333,ENC104840,PT11591,CREAT,Creatinine,1.05,mg/dL,0.6,1.3,N,Routine,2024-06-09 00:28,2024-06-09 00:51,2024-06-09 03:17
LAB711334,ENC104840,PT11591,WBC,White Blood Cell Count,7.2,K/uL,4.5,11,N,Routine,2024-06-09 01:08,2024-06-09 01:18,2024-06-09 06:35
LAB711335,ENC104840,PT11591,HGB,Hemoglobin,13.8,g/dL,12,17.5,N,STAT,2024-06-09 00:33,2024-06-09 00:56,2024-06-09 01:41
LAB711336,ENC104842,PT11458,GLU,Glucose,126,mg/dL,70,99,H,STAT,2024-06-09 03:18,2024-06-09 03:44,2024-06-09 04:49
LAB711337,ENC104842,PT11458,CREAT,Creatinine,0.8,mg/dL,0.6,1.3,N,STAT,2024-06-09 03:03,2024-06-09 03:21,2024-06-09 05:22
LAB711338,ENC104842,PT11458,WBC,White Blood Cell Count,7.9,K/uL,4.5,11,N,STAT,2024-06-09 03:55,2024-06-09 04:28,2024-06-09 05:12
LAB711339,ENC104844,PT13792,GLU,Glucose,392,mg/dL,70,99,H,Routine,2024-06-09 11:46,2024-06-09 12:18,2024-06-09 14:26
LAB711340,ENC104844,PT13792,CREAT,Creatinine,0.61,mg/dL,0.6,1.3,N,STAT,2024-06-09 11:40,2024-06-09 11:59,2024-06-09 12:54
LAB711341,ENC104844,PT13792,WBC,White Blood Cell Count,9.6,K/uL,4.5,11,N,STAT,2024-06-09 10:53,2024-06-09 11:25,2024-06-09 12:04
LAB711342,ENC104844,PT13792,HGB,Hemoglobin,15.1,g/dL,12,17.5,N,STAT,2024-06-09 11:31,2024-06-09 11:49,2024-06-09 12:21
LAB711343,ENC104844,PT13792,NA,Sodium,137,mmol/L,136,145,N,Routine,2024-06-09 11:36,2024-06-09 12:11,2024-06-09 15:22
LAB711344,ENC104844,PT13792,K,Potassium,4.3,mmol/L,3.5,5.1,N,STAT,2024-06-09 11:38,2024-06-09 11:46,2024-06-09 12:49
LAB711345,ENC104844,PT13792,A1C,Hemoglobin A1c,14.9,%,4,5.6,H,Routine,2024-06-09 11:08,2024-06-09 11:39,2024-06-10 11:45
LAB711346,ENC104846,PT10984,GLU,Glucose,104,mg/dL,70,99,H,STAT,2024-06-09 13:08,2024-06-09 13:22,2024-06-09 14:18
LAB711347,ENC104846,PT10984,CREAT,Creatinine,0.68,mg/dL,0.6,1.3,N,STAT,2024-06-09 12:15,2024-06-09 12:48,2024-06-09 13:51
LAB711348,ENC104846,PT10984,WBC,White Blood Cell Count,6.6,K/uL,4.5,11,N,STAT,2024-06-09 12:49,2024-06-09 13:07,2024-06-09 13:41
LAB711349,ENC104846,PT10984,HGB,Hemoglobin,12.7,g/dL,12,17.5,N,STAT,2024-06-09 12:31,2024-06-09 12:52,2024-06-09 13:49
LAB711350,ENC104846,PT10984,TROP,"Troponin I, High Sensitivity",46,ng/L,0,34,H,STAT,2024-06-09 12:51,2024-06-09 13:07,2024-06-09 13:43
LAB711351,ENC104846,PT10984,BNP,B-Type Natriuretic Peptide,437,pg/mL,0,100,H,STAT,2024-06-09 12:33,2024-06-09 12:52,2024-06-09 13:18
LAB711352,ENC104847,PT11711,GLU,Glucose,101,mg/dL,70,99,H,Routine,2024-06-09 13:48,2024-06-09 14:03,2024-06-09 18:24
LAB711353,ENC104847,PT11711,CREAT,Creatinine,0.99,mg/dL,0.6,1.3,N,Routine,2024-06-09 13:23,2024-06-09 13:57,2024-06-09 17:39
LAB711354,ENC104847,PT11711,WBC,White Blood Cell Count,6.2,K/uL,4.5,11,N,STAT,2024-06-09 14:11,2024-06-09 14:39,2024-06-09 15:03
LAB711355,ENC104847,PT11711,HGB,Hemoglobin,10.9,g/dL,12,17.5,L,Routine,2024-06-09 13:48,2024-06-09 14:15,2024-06-09 19:19
LAB711356,ENC104849,PT12103,GLU,Glucose,116,mg/dL,70,99,H,STAT,2024-06-09 12:40,2024-06-09 12:54,2024-06-09 13:38
LAB711357,ENC104849,PT12103,CREAT,Creatinine,1.08,mg/dL,0.6,1.3,N,Routine,2024-06-09 13:07,2024-06-09 13:15,2024-06-09 14:27
LAB711358,ENC104849,PT12103,WBC,White Blood Cell Count,5.9,K/uL,4.5,11,N,STAT,2024-06-09 13:15,2024-06-09 13:35,2024-06-09 14:10
LAB711359,ENC104850,PT11955,GLU,Glucose,100,mg/dL,70,99,H,STAT,2024-06-09 14:30,2024-06-09 14:35,2024-06-09 15:03
LAB711360,ENC104850,PT11955,CREAT,Creatinine,1.99,mg/dL,0.6,1.3,H,STAT,2024-06-09 14:06,2024-06-09 14:41,2024-06-09 16:09
LAB711361,ENC104851,PT10763,GLU,Glucose,117,mg/dL,70,99,H,STAT,2024-06-09 19:44,2024-06-09 20:08,2024-06-09 21:45
LAB711362,ENC104851,PT10763,CREAT,Creatinine,1.15,mg/dL,0.6,1.3,N,Routine,2024-06-09 19:49,2024-06-09 20:16,2024-06-09 23:34
LAB711363,ENC104851,PT10763,WBC,White Blood Cell Count,6.6,K/uL,4.5,11,N,Routine,2024-06-09 19:57,2024-06-09 20:31,2024-06-09 23:57
LAB711364,ENC104851,PT10763,HGB,Hemoglobin,13.9,g/dL,12,17.5,N,Routine,2024-06-09 19:08,2024-06-09 19:17,2024-06-09 21:09
LAB711365,ENC104851,PT10763,NA,Sodium,139,mmol/L,136,145,N,STAT,2024-06-09 19:29,2024-06-09 19:43,2024-06-09 20:48
LAB711366,ENC104851,PT10763,K,Potassium,4.1,mmol/L,3.5,5.1,N,STAT,2024-06-09 20:03,2024-06-09 20:11,2024-06-09 20:49
LAB711367,ENC104851,PT10763,INR,Prothrombin Time INR,1.1,ratio,0.8,1.2,N,STAT,2024-06-09 19:49,2024-06-09 20:09,2024-06-09 20:48
LAB711368,ENC104852,PT13442,GLU,Glucose,113,mg/dL,70,99,H,STAT,2024-06-09 19:59,2024-06-09 20:11,2024-06-09 21:25
LAB711369,ENC104852,PT13442,CREAT,Creatinine,1.93,mg/dL,0.6,1.3,H,STAT,2024-06-09 20:01,2024-06-09 20:24,2024-06-09 21:02
LAB711370,ENC104852,PT13442,WBC,White Blood Cell Count,6,K/uL,4.5,11,N,Routine,2024-06-09 19:58,2024-06-09 20:30,2024-06-10 02:27
LAB711371,ENC104852,PT13442,HGB,Hemoglobin,10.7,g/dL,12,17.5,L,STAT,2024-06-09 19:19,2024-06-09 19:49,2024-06-09 20:21
LAB711372,ENC104852,PT13442,NA,Sodium,137,mmol/L,136,145,N,STAT,2024-06-09 20:20,2024-06-09 20:30,2024-06-09 21:29
LAB711373,ENC104852,PT13442,K,Potassium,4,mmol/L,3.5,5.1,N,STAT,2024-06-09 19:11,2024-06-09 19:36,2024-06-09 20:05
LAB711374,ENC104853,PT13832,GLU,Glucose,339,mg/dL,70,99,H,Routine,2024-06-09 17:37,2024-06-09 17:52,2024-06-09 19:59
LAB711375,ENC104853,PT13832,CREAT,Creatinine,1.87,mg/dL,0.6,1.3,H,Routine,2024-06-09 18:16,2024-06-09 18:46,2024-06-09 21:20
LAB711376,ENC104853,PT13832,A1C,Hemoglobin A1c,12.2,%,4,5.6,H,STAT,2024-06-09 17:50,2024-06-09 18:17,2024-06-09 19:11
LAB711377,ENC104855,PT10700,GLU,Glucose,103,mg/dL,70,99,H,Routine,2024-06-09 23:56,2024-06-10 00:29,2024-06-10 04:54
LAB711378,ENC104855,PT10700,CREAT,Creatinine,1.14,mg/dL,0.6,1.3,N,STAT,2024-06-10 00:13,2024-06-10 00:26,2024-06-10 02:10
LAB711379,ENC104855,PT10700,WBC,White Blood Cell Count,11.6,K/uL,4.5,11,H,Routine,2024-06-09 23:51,2024-06-10 00:11,2024-06-10 03:57
LAB711380,ENC104855,PT10700,HGB,Hemoglobin,14.5,g/dL,12,17.5,N,Routine,2024-06-10 00:58,2024-06-10 01:19,2024-06-10 04:10
LAB711381,ENC104856,PT12828,GLU,Glucose,115,mg/dL,70,99,H,STAT,2024-06-09 18:47,2024-06-09 19:07,2024-06-09 19:30
LAB711382,ENC104856,PT12828,CREAT,Creatinine,1.61,mg/dL,0.6,1.3,H,STAT,2024-06-09 19:47,2024-06-09 20:01,2024-06-09 21:13
LAB711383,ENC104856,PT12828,WBC,White Blood Cell Count,7.5,K/uL,4.5,11,N,STAT,2024-06-09 19:25,2024-06-09 19:38,2024-06-09 20:24
LAB711384,ENC104856,PT12828,HGB,Hemoglobin,7.6,g/dL,12,17.5,L,Routine,2024-06-09 19:29,2024-06-09 19:54,2024-06-09 20:51
LAB711385,ENC104856,PT12828,INR,Prothrombin Time INR,0.9,ratio,0.8,1.2,N,Routine,2024-06-09 19:14,2024-06-09 19:44,2024-06-09 20:43
LAB711386,ENC104857,PT12336,GLU,Glucose,81,mg/dL,70,99,N,Routine,2024-06-09 20:54,2024-06-09 21:23,2024-06-09 22:40
LAB711387,ENC104857,PT12336,CREAT,Creatinine,0.47,mg/dL,0.6,1.3,L,STAT,2024-06-09 20:59,2024-06-09 21:34,2024-06-09 21:59
LAB711388,ENC104857,PT12336,WBC,White Blood Cell Count,3.1,K/uL,4.5,11,L,STAT,2024-06-09 20:46,2024-06-09 21:01,2024-06-09 21:45
LAB711389,ENC104857,PT12336,HGB,Hemoglobin,13.1,g/dL,12,17.5,N,STAT,2024-06-09 20:00,2024-06-09 20:25,2024-06-09 21:00
LAB711390,ENC104857,PT12336,BUN,Blood Urea Nitrogen,15,mg/dL,7,20,N,Routine,2024-06-09 21:04,2024-06-09 21:33,2024-06-09 22:54
LAB711391,ENC104857,PT12336,PLT,Platelet Count,247,K/uL,150,400,N,STAT,2024-06-09 20:28,2024-06-09 21:02,2024-06-09 21:32
LAB711392,ENC104857,PT12336,LACT,Lactate,7.8,mmol/L,0.5,2,HH,STAT,2024-06-09 20:34,2024-06-09 20:57,2024-06-09 21:51
LAB711393,ENC104859,PT11575,GLU,Glucose,106,mg/dL,70,99,H,STAT,2024-06-09 22:57,2024-06-09 23:02,2024-06-09 23:30
LAB711394,ENC104859,PT11575,CREAT,Creatinine,1.73,mg/dL,0.6,1.3,H,STAT,2024-06-09 22:55,2024-06-09 23:12,2024-06-09 23:50
LAB711395,ENC104859,PT11575,WBC,White Blood Cell Count,7,K/uL,4.5,11,N,STAT,2024-06-09 22:37,2024-06-09 23:08,2024-06-09 23:34
LAB711396,ENC104859,PT11575,HGB,Hemoglobin,10.5,g/dL,12,17.5,L,STAT,2024-06-09 22:32,2024-06-09 22:41,2024-06-09 23:24
LAB711397,ENC104859,PT11575,NA,Sodium,137,mmol/L,136,145,N,STAT,2024-06-09 23:09,2024-06-09 23:27,2024-06-10 00:01
LAB711398,ENC104859,PT11575,K,Potassium,3.9,mmol/L,3.5,5.1,N,STAT,2024-06-09 22:55,2024-06-09 23:20,2024-06-09 23:54
LAB711399,ENC104860,PT11947,GLU,Glucose,92,mg/dL,70,99,N,STAT,2024-06-10 00:25,2024-06-10 00:47,2024-06-10 01:45
LAB711400,ENC104860,PT11947,CREAT,Creatinine,1.01,mg/dL,0.6,1.3,N,STAT,2024-06-10 00:43,2024-06-10 01:09,2024-06-10 01:47
LAB711401,ENC104860,PT11947,WBC,White Blood Cell Count,8.4,K/uL,4.5,11,N,STAT,2024-06-10 00:09,2024-06-10 00:20,2024-06-10 01:11
LAB711402,ENC104860,PT11947,HGB,Hemoglobin,13.5,g/dL,12,17.5,N,Routine,2024-06-10 01:06,2024-06-10 01:17,2024-06-10 07:19
LAB711403,ENC104860,PT11947,INR,Prothrombin Time INR,1,ratio,0.8,1.2,N,STAT,2024-06-10 01:12,2024-06-10 01:29,2024-06-10 02:16
LAB711404,ENC104864,PT11226,GLU,Glucose,112,mg/dL,70,99,H,Routine,2024-06-10 08:15,2024-06-10 08:20,2024-06-10 10:14
LAB711405,ENC104864,PT11226,CREAT,Creatinine,0.73,mg/dL,0.6,1.3,N,STAT,2024-06-10 08:50,2024-06-10 08:54,2024-06-10 09:42
LAB711406,ENC104864,PT11226,WBC,White Blood Cell Count,6.8,K/uL,4.5,11,N,Routine,2024-06-10 08:16,2024-06-10 08:25,2024-06-10 10:32
LAB711407,ENC104864,PT11226,HGB,Hemoglobin,13.4,g/dL,12,17.5,N,STAT,2024-06-10 08:04,2024-06-10 08:09,2024-06-10 08:46
LAB711408,ENC104866,PT10114,GLU,Glucose,477,mg/dL,70,99,H,STAT,2024-06-10 13:10,2024-06-10 13:31,2024-06-10 14:53
LAB711409,ENC104866,PT10114,CREAT,Creatinine,1,mg/dL,0.6,1.3,N,STAT,2024-06-10 14:00,2024-06-10 14:19,2024-06-10 15:01
LAB711410,ENC104866,PT10114,WBC,White Blood Cell Count,7.5,K/uL,4.5,11,N,Routine,2024-06-10 13:09,2024-06-10 13:32,2024-06-10 15:11
LAB711411,ENC104866,PT10114,HGB,Hemoglobin,13.8,g/dL,12,17.5,N,Routine,2024-06-10 13:03,2024-06-10 13:28,2024-06-10 16:03
LAB711412,ENC104866,PT10114,NA,Sodium,134,mmol/L,136,145,L,STAT,2024-06-10 13:17,2024-06-10 13:25,2024-06-10 14:39
LAB711413,ENC104866,PT10114,K,Potassium,4.5,mmol/L,3.5,5.1,N,STAT,2024-06-10 13:23,2024-06-10 13:41,2024-06-10 14:03
LAB711414,ENC104866,PT10114,BUN,Blood Urea Nitrogen,14,mg/dL,7,20,N,Routine,2024-06-10 13:34,2024-06-10 13:42,2024-06-10 17:04
LAB711415,ENC104866,PT10114,PLT,Platelet Count,327,K/uL,150,400,N,STAT,2024-06-10 13:38,2024-06-10 13:45,2024-06-10 14:06
LAB711416,ENC104866,PT10114,A1C,Hemoglobin A1c,10.9,%,4,5.6,H,STAT,2024-06-10 13:34,2024-06-10 13:55,2024-06-10 14:25
LAB711417,ENC104868,PT13598,A1C,Hemoglobin A1c,9.3,%,4,5.6,H,Routine,2024-06-10 09:13,2024-06-10 09:29,2024-06-11 22:03
LAB711418,ENC104868,PT13598,GLU,Glucose,130,mg/dL,70,99,H,Routine,2024-06-10 09:19,2024-06-10 09:47,2024-06-10 15:46
LAB711419,ENC104868,PT13598,CREAT,Creatinine,0.81,mg/dL,0.6,1.3,N,Routine,2024-06-10 09:18,2024-06-10 09:24,2024-06-10 13:09
LAB711420,ENC104870,PT12422,GLU,Glucose,131,mg/dL,70,99,H,STAT,2024-06-10 14:20,2024-06-10 14:38,2024-06-10 15:26
LAB711421,ENC104870,PT12422,CREAT,Creatinine,1.1,mg/dL,0.6,1.3,N,STAT,2024-06-10 14:00,2024-06-10 14:07,2024-06-10 14:36
LAB711422,ENC104870,PT12422,WBC,White Blood Cell Count,5,K/uL,4.5,11,N,Routine,2024-06-10 14:19,2024-06-10 14:53,2024-06-10 17:31
LAB711423,ENC104870,PT12422,HGB,Hemoglobin,14.1,g/dL,12,17.5,N,Routine,2024-06-10 13:49,2024-06-10 13:55,2024-06-10 16:53
LAB711424,ENC104871,PT11730,GLU,Glucose,79,mg/dL,70,99,N,STAT,2024-06-10 13:41,2024-06-10 13:50,2024-06-10 15:30
LAB711425,ENC104871,PT11730,CREAT,Creatinine,0.78,mg/dL,0.6,1.3,N,Routine,2024-06-10 13:05,2024-06-10 13:17,2024-06-10 15:29
LAB711426,ENC104871,PT11730,WBC,White Blood Cell Count,22.5,K/uL,4.5,11,H,STAT,2024-06-10 13:48,2024-06-10 14:00,2024-06-10 14:56
LAB711427,ENC104871,PT11730,HGB,Hemoglobin,15.7,g/dL,12,17.5,N,STAT,2024-06-10 13:14,2024-06-10 13:28,2024-06-10 14:14
LAB711428,ENC104873,PT10471,GLU,Glucose,127,mg/dL,70,99,H,STAT,2024-06-10 14:59,2024-06-10 15:04,2024-06-10 16:11
LAB711429,ENC104873,PT10471,CREAT,Creatinine,0.93,mg/dL,0.6,1.3,N,STAT,2024-06-10 14:35,2024-06-10 14:51,2024-06-10 15:28
LAB711430,ENC104873,PT10471,WBC,White Blood Cell Count,10.7,K/uL,4.5,11,N,STAT,2024-06-10 15:04,2024-06-10 15:24,2024-06-10 16:36
LAB711431,ENC104873,PT10471,HGB,Hemoglobin,12.7,g/dL,12,17.5,N,STAT,2024-06-10 15:02,2024-06-10 15:21,2024-06-10 16:00
LAB711432,ENC104877,PT11596,LDL,LDL Cholesterol,142,mg/dL,0,99,H,Routine,2024-06-10 13:36,2024-06-10 13:47,2024-06-11 14:24
LAB711433,ENC104878,PT12627,LDL,LDL Cholesterol,126,mg/dL,0,99,H,Routine,2024-06-10 13:28,2024-06-10 13:36,2024-06-11 17:58
LAB711434,ENC104878,PT12627,A1C,Hemoglobin A1c,6.2,%,4,5.6,H,Routine,2024-06-10 13:20,2024-06-10 13:26,2024-06-10 22:33
LAB711435,ENC104878,PT12627,TSH,Thyroid Stimulating Hormone,3.93,mIU/L,0.4,4,N,Routine,2024-06-10 13:42,2024-06-10 13:53,2024-06-10 19:15
LAB711436,ENC104879,PT11568,GLU,Glucose,99,mg/dL,70,99,N,STAT,2024-06-10 14:03,2024-06-10 14:13,2024-06-10 15:14
LAB711437,ENC104879,PT11568,CREAT,Creatinine,1.12,mg/dL,0.6,1.3,N,Routine,2024-06-10 13:29,2024-06-10 13:40,2024-06-10 14:35
LAB711438,ENC104880,PT11046,GLU,Glucose,139,mg/dL,70,99,H,Routine,2024-06-10 18:19,2024-06-10 18:54,2024-06-10 22:20
LAB711439,ENC104880,PT11046,CREAT,Creatinine,1.07,mg/dL,0.6,1.3,N,Routine,2024-06-10 18:46,2024-06-10 19:04,2024-06-10 21:33
LAB711440,ENC104880,PT11046,WBC,White Blood Cell Count,7.4,K/uL,4.5,11,N,STAT,2024-06-10 18:21,2024-06-10 18:41,2024-06-10 20:03
LAB711441,ENC104880,PT11046,HGB,Hemoglobin,11.3,g/dL,12,17.5,L,STAT,2024-06-10 18:37,2024-06-10 18:56,2024-06-10 19:39
LAB711442,ENC104880,PT11046,NA,Sodium,143,mmol/L,136,145,N,Routine,2024-06-10 18:47,2024-06-10 19:10,2024-06-10 21:01
LAB711443,ENC104880,PT11046,K,Potassium,3.8,mmol/L,3.5,5.1,N,STAT,2024-06-10 18:46,2024-06-10 18:50,2024-06-10 19:29
LAB711444,ENC104880,PT11046,INR,Prothrombin Time INR,0.9,ratio,0.8,1.2,N,Routine,2024-06-10 18:47,2024-06-10 19:16,2024-06-10 23:34
LAB711445,ENC104882,PT10543,LDL,LDL Cholesterol,116,mg/dL,0,99,H,Routine,2024-06-10 15:19,2024-06-10 15:40,2024-06-11 05:04
LAB711446,ENC104882,PT10543,A1C,Hemoglobin A1c,7.9,%,4,5.6,H,Routine,2024-06-10 15:10,2024-06-10 15:22,2024-06-11 11:49
LAB711447,ENC104883,PT10831,GLU,Glucose,75,mg/dL,70,99,N,STAT,2024-06-10 15:59,2024-06-10 16:18,2024-06-10 17:07
LAB711448,ENC104883,PT10831,CREAT,Creatinine,0.81,mg/dL,0.6,1.3,N,Routine,2024-06-10 16:58,2024-06-10 17:08,2024-06-10 23:34
LAB711449,ENC104883,PT10831,WBC,White Blood Cell Count,9,K/uL,4.5,11,N,STAT,2024-06-10 16:16,2024-06-10 16:25,2024-06-10 16:46
LAB711450,ENC104883,PT10831,HGB,Hemoglobin,12.9,g/dL,12,17.5,N,STAT,2024-06-10 16:16,2024-06-10 16:51,2024-06-10 17:55
LAB711451,ENC104883,PT10831,NA,Sodium,137,mmol/L,136,145,N,Routine,2024-06-10 16:36,2024-06-10 16:47,2024-06-10 18:18
LAB711452,ENC104883,PT10831,K,Potassium,3.9,mmol/L,3.5,5.1,N,STAT,2024-06-10 16:29,2024-06-10 16:52,2024-06-10 18:19
LAB711453,ENC104884,PT10069,GLU,Glucose,101,mg/dL,70,99,H,STAT,2024-06-10 16:33,2024-06-10 16:44,2024-06-10 17:17
LAB711454,ENC104884,PT10069,CREAT,Creatinine,0.88,mg/dL,0.6,1.3,N,STAT,2024-06-10 16:58,2024-06-10 17:19,2024-06-10 17:56
LAB711455,ENC104884,PT10069,TROP,"Troponin I, High Sensitivity",10,ng/L,0,34,N,STAT,2024-06-10 16:28,2024-06-10 16:58,2024-06-10 17:13
LAB711456,ENC104884,PT10069,BNP,B-Type Natriuretic Peptide,1037,pg/mL,0,100,H,STAT,2024-06-10 17:05,2024-06-10 17:30,2024-06-10 18:07
LAB711457,ENC104886,PT11310,GLU,Glucose,268,mg/dL,70,99,H,STAT,2024-06-10 19:34,2024-06-10 19:41,2024-06-10 20:42
LAB711458,ENC104886,PT11310,CREAT,Creatinine,1.04,mg/dL,0.6,1.3,N,Routine,2024-06-10 19:45,2024-06-10 20:02,2024-06-10 21:03
LAB711459,ENC104886,PT11310,WBC,White Blood Cell Count,15.4,K/uL,4.5,11,H,Routine,2024-06-10 19:57,2024-06-10 20:08,2024-06-10 23:42
LAB711460,ENC104886,PT11310,HGB,Hemoglobin,13.4,g/dL,12,17.5,N,STAT,2024-06-10 19:35,2024-06-10 19:50,2024-06-10 20:15
LAB711461,ENC104887,PT12838,GLU,Glucose,221,mg/dL,70,99,H,STAT,2024-06-10 22:25,2024-06-10 22:35,2024-06-10 23:13
LAB711462,ENC104887,PT12838,CREAT,Creatinine,1.55,mg/dL,0.6,1.3,H,STAT,2024-06-10 23:28,2024-06-10 23:36,2024-06-11 00:05
LAB711463,ENC104887,PT12838,WBC,White Blood Cell Count,25.7,K/uL,4.5,11,H,STAT,2024-06-10 22:46,2024-06-10 22:53,2024-06-10 23:48
LAB711464,ENC104887,PT12838,HGB,Hemoglobin,13.1,g/dL,12,17.5,N,Routine,2024-06-10 23:29,2024-06-10 23:54,2024-06-11 06:16
LAB711465,ENC104887,PT12838,LACT,Lactate,6.6,mmol/L,0.5,2,HH,STAT,2024-06-10 22:55,2024-06-10 23:11,2024-06-10 23:42
LAB711466,ENC104888,PT11848,GLU,Glucose,80,mg/dL,70,99,N,Routine,2024-06-11 00:20,2024-06-11 00:45,2024-06-11 08:03
LAB711467,ENC104888,PT11848,CREAT,Creatinine,0.78,mg/dL,0.6,1.3,N,STAT,2024-06-10 23:48,2024-06-11 00:04,2024-06-11 01:03
LAB711468,ENC104888,PT11848,WBC,White Blood Cell Count,7.7,K/uL,4.5,11,N,STAT,2024-06-11 00:40,2024-06-11 00:53,2024-06-11 01:37
LAB711469,ENC104888,PT11848,HGB,Hemoglobin,13.2,g/dL,12,17.5,N,STAT,2024-06-11 00:17,2024-06-11 00:28,2024-06-11 01:02
LAB711470,ENC104888,PT11848,TROP,"Troponin I, High Sensitivity",11,ng/L,0,34,N,STAT,2024-06-11 00:54,2024-06-11 01:27,2024-06-11 01:57
LAB711471,ENC104890,PT10051,GLU,Glucose,103,mg/dL,70,99,H,STAT,2024-06-11 04:38,2024-06-11 04:55,2024-06-11 05:32
LAB711472,ENC104890,PT10051,CREAT,Creatinine,0.93,mg/dL,0.6,1.3,N,STAT,2024-06-11 04:00,2024-06-11 04:09,2024-06-11 04:45
LAB711473,ENC104890,PT10051,WBC,White Blood Cell Count,4.6,K/uL,4.5,11,N,STAT,2024-06-11 04:19,2024-06-11 04:24,2024-06-11 04:59
LAB711474,ENC104890,PT10051,HGB,Hemoglobin,15,g/dL,12,17.5,N,STAT,2024-06-11 04:11,2024-06-11 04:18,2024-06-11 05:22
LAB711475,ENC104890,PT10051,TROP,"Troponin I, High Sensitivity",5,ng/L,0,34,N,STAT,2024-06-11 04:34,2024-06-11 04:51,2024-06-11 06:02
LAB711476,ENC104892,PT12171,GLU,Glucose,107,mg/dL,70,99,H,STAT,2024-06-11 09:05,2024-06-11 09:40,2024-06-11 10:16
LAB711477,ENC104892,PT12171,CREAT,Creatinine,1.1,mg/dL,0.6,1.3,N,Routine,2024-06-11 09:01,2024-06-11 09:32,2024-06-11 12:12
LAB711478,ENC104892,PT12171,WBC,White Blood Cell Count,8,K/uL,4.5,11,N,STAT,2024-06-11 09:07,2024-06-11 09:24,2024-06-11 09:46
LAB711479,ENC104892,PT12171,HGB,Hemoglobin,12,g/dL,12,17.5,N,STAT,2024-06-11 09:29,2024-06-11 09:46,2024-06-11 11:31
LAB711480,ENC104893,PT12146,GLU,Glucose,173,mg/dL,70,99,H,Routine,2024-06-11 06:31,2024-06-11 06:43,2024-06-11 09:09
LAB711481,ENC104893,PT12146,CREAT,Creatinine,1.02,mg/dL,0.6,1.3,N,Routine,2024-06-11 07:02,2024-06-11 07:19,2024-06-11 10:14
LAB711482,ENC104893,PT12146,WBC,White Blood Cell Count,6.5,K/uL,4.5,11,N,STAT,2024-06-11 07:33,2024-06-11 08:01,2024-06-11 08:48
LAB711483,ENC104893,PT12146,HGB,Hemoglobin,8.8,g/dL,12,17.5,L,STAT,2024-06-11 06:30,2024-06-11 07:03,2024-06-11 09:01
LAB711484,ENC104893,PT12146,BUN,Blood Urea Nitrogen,10,mg/dL,7,20,N,STAT,2024-06-11 07:09,2024-06-11 07:29,2024-06-11 08:34
LAB711485,ENC104893,PT12146,PLT,Platelet Count,360,K/uL,150,400,N,STAT,2024-06-11 07:34,2024-06-11 07:50,2024-06-11 08:18
LAB711486,ENC104893,PT12146,LACT,Lactate,3.5,mmol/L,0.5,2,H,STAT,2024-06-11 06:45,2024-06-11 07:11,2024-06-11 07:58
LAB711487,ENC104893,PT12146,INR,Prothrombin Time INR,1,ratio,0.8,1.2,N,Routine,2024-06-11 07:20,2024-06-11 07:54,2024-06-11 13:44
LAB711488,ENC104895,PT12627,A1C,Hemoglobin A1c,8.1,%,4,5.6,H,Routine,2024-06-11 08:23,2024-06-11 08:40,2024-06-11 23:32
LAB711489,ENC104895,PT12627,GLU,Glucose,183,mg/dL,70,99,H,Routine,2024-06-11 08:44,2024-06-11 09:08,2024-06-11 14:19
LAB711490,ENC104895,PT12627,CREAT,Creatinine,0.81,mg/dL,0.6,1.3,N,Routine,2024-06-11 08:37,2024-06-11 09:01,2024-06-11 10:59
LAB711491,ENC104896,PT12884,GLU,Glucose,100,mg/dL,70,99,H,STAT,2024-06-11 13:33,2024-06-11 14:04,2024-06-11 14:47
LAB711492,ENC104896,PT12884,CREAT,Creatinine,3.83,mg/dL,0.6,1.3,H,Routine,2024-06-11 13:21,2024-06-11 13:34,2024-06-11 18:40
LAB711493,ENC104896,PT12884,WBC,White Blood Cell Count,5.5,K/uL,4.5,11,N,Routine,2024-06-11 13:50,2024-06-11 13:57,2024-06-11 16:03
LAB711494,ENC104896,PT12884,HGB,Hemoglobin,15.7,g/dL,12,17.5,N,Routine,2024-06-11 13:25,2024-06-11 13:54,2024-06-11 16:02
LAB711495,ENC104896,PT12884,NA,Sodium,139,mmol/L,136,145,N,Routine,2024-06-11 14:05,2024-06-11 14:13,2024-06-11 18:55
LAB711496,ENC104896,PT12884,K,Potassium,5,mmol/L,3.5,5.1,N,STAT,2024-06-11 14:12,2024-06-11 14:34,2024-06-11 15:56
LAB711497,ENC104896,PT12884,BUN,Blood Urea Nitrogen,16,mg/dL,7,20,N,Routine,2024-06-11 14:28,2024-06-11 14:42,2024-06-11 18:19
LAB711498,ENC104896,PT12884,PLT,Platelet Count,275,K/uL,150,400,N,STAT,2024-06-11 13:54,2024-06-11 14:00,2024-06-11 14:24
LAB711499,ENC104897,PT11761,GLU,Glucose,169,mg/dL,70,99,H,Routine,2024-06-11 11:23,2024-06-11 11:56,2024-06-11 13:47
LAB711500,ENC104897,PT11761,CREAT,Creatinine,1.7,mg/dL,0.6,1.3,H,STAT,2024-06-11 11:16,2024-06-11 11:25,2024-06-11 12:57
LAB711501,ENC104897,PT11761,WBC,White Blood Cell Count,18.6,K/uL,4.5,11,H,STAT,2024-06-11 12:07,2024-06-11 12:36,2024-06-11 13:22
LAB711502,ENC104897,PT11761,HGB,Hemoglobin,14.6,g/dL,12,17.5,N,Routine,2024-06-11 11:19,2024-06-11 11:50,2024-06-11 15:19
LAB711503,ENC104897,PT11761,LACT,Lactate,8.7,mmol/L,0.5,2,HH,STAT,2024-06-11 11:23,2024-06-11 11:37,2024-06-11 12:22
LAB711504,ENC104898,PT10361,A1C,Hemoglobin A1c,9.4,%,4,5.6,H,Routine,2024-06-11 09:18,2024-06-11 09:27,2024-06-12 02:21
LAB711505,ENC104898,PT10361,GLU,Glucose,444,mg/dL,70,99,H,Routine,2024-06-11 09:19,2024-06-11 09:50,2024-06-11 17:11
LAB711506,ENC104898,PT10361,CREAT,Creatinine,0.99,mg/dL,0.6,1.3,N,Routine,2024-06-11 09:30,2024-06-11 09:52,2024-06-11 12:40
LAB711507,ENC104900,PT10499,GLU,Glucose,194,mg/dL,70,99,H,STAT,2024-06-11 14:13,2024-06-11 14:30,2024-06-11 16:09
LAB711508,ENC104900,PT10499,CREAT,Creatinine,1.05,mg/dL,0.6,1.3,N,Routine,2024-06-11 14:37,2024-06-11 14:52,2024-06-11 17:41
LAB711509,ENC104900,PT10499,WBC,White Blood Cell Count,5.4,K/uL,4.5,11,N,STAT,2024-06-11 14:36,2024-06-11 14:52,2024-06-11 16:18
LAB711510,ENC104900,PT10499,HGB,Hemoglobin,11.4,g/dL,12,17.5,L,STAT,2024-06-11 14:56,2024-06-11 15:06,2024-06-11 16:31
LAB711511,ENC104900,PT10499,TROP,"Troponin I, High Sensitivity",39,ng/L,0,34,H,STAT,2024-06-11 15:00,2024-06-11 15:33,2024-06-11 16:48
LAB711512,ENC104900,PT10499,BNP,B-Type Natriuretic Peptide,1414,pg/mL,0,100,H,Routine,2024-06-11 14:59,2024-06-11 15:27,2024-06-11 16:28
LAB711513,ENC104905,PT10435,GLU,Glucose,414,mg/dL,70,99,H,Routine,2024-06-11 17:01,2024-06-11 17:19,2024-06-11 21:18
LAB711514,ENC104905,PT10435,CREAT,Creatinine,0.8,mg/dL,0.6,1.3,N,Routine,2024-06-11 16:14,2024-06-11 16:22,2024-06-11 18:48
LAB711515,ENC104905,PT10435,WBC,White Blood Cell Count,7.5,K/uL,4.5,11,N,Routine,2024-06-11 16:07,2024-06-11 16:19,2024-06-11 16:59
LAB711516,ENC104905,PT10435,HGB,Hemoglobin,14.1,g/dL,12,17.5,N,STAT,2024-06-11 16:32,2024-06-11 17:05,2024-06-11 18:31
LAB711517,ENC104905,PT10435,NA,Sodium,135,mmol/L,136,145,L,STAT,2024-06-11 15:59,2024-06-11 16:09,2024-06-11 16:58
LAB711518,ENC104905,PT10435,K,Potassium,4.1,mmol/L,3.5,5.1,N,STAT,2024-06-11 16:23,2024-06-11 16:44,2024-06-11 17:21
LAB711519,ENC104905,PT10435,A1C,Hemoglobin A1c,12.6,%,4,5.6,H,Routine,2024-06-11 16:15,2024-06-11 16:43,2024-06-12 19:38
LAB711520,ENC104907,PT10805,GLU,Glucose,109,mg/dL,70,99,H,Routine,2024-06-11 16:24,2024-06-11 16:39,2024-06-11 22:41
LAB711521,ENC104907,PT10805,CREAT,Creatinine,0.8,mg/dL,0.6,1.3,N,Routine,2024-06-11 16:24,2024-06-11 16:43,2024-06-11 19:06
LAB711522,ENC104907,PT10805,WBC,White Blood Cell Count,12.1,K/uL,4.5,11,H,Routine,2024-06-11 16:23,2024-06-11 16:27,2024-06-11 18:17
LAB711523,ENC104907,PT10805,HGB,Hemoglobin,9.1,g/dL,12,17.5,L,STAT,2024-06-11 16:16,2024-06-11 16:50,2024-06-11 17:19
LAB711524,ENC104909,PT13529,A1C,Hemoglobin A1c,6.9,%,4,5.6,H,Routine,2024-06-11 14:41,2024-06-11 15:08,2024-06-12 09:18
LAB711525,ENC104910,PT13182,GLU,Glucose,99,mg/dL,70,99,N,Routine,2024-06-11 15:29,2024-06-11 15:57,2024-06-11 18:10
LAB711526,ENC104910,PT13182,CREAT,Creatinine,1.22,mg/dL,0.6,1.3,N,STAT,2024-06-11 15:47,2024-06-11 16:01,2024-06-11 16:45
LAB711527,ENC104910,PT13182,WBC,White Blood Cell Count,17.1,K/uL,4.5,11,H,Routine,2024-06-11 14:41,2024-06-11 15:01,2024-06-11 18:45
LAB711528,ENC104911,PT12282,GLU,Glucose,96,mg/dL,70,99,N,STAT,2024-06-11 16:00,2024-06-11 16:10,2024-06-11 17:14
LAB711529,ENC104911,PT12282,CREAT,Creatinine,0.32,mg/dL,0.6,1.3,L,Routine,2024-06-11 15:28,2024-06-11 15:47,2024-06-11 21:20
LAB711530,ENC104911,PT12282,WBC,White Blood Cell Count,15.8,K/uL,4.5,11,H,Routine,2024-06-11 15:58,2024-06-11 16:07,2024-06-11 17:18
LAB711531,ENC104913,PT11279,WBC,White Blood Cell Count,9.5,K/uL,4.5,11,N,Routine,2024-06-11 16:10,2024-06-11 16:43,2024-06-11 20:16
LAB711532,ENC104913,PT11279,HGB,Hemoglobin,13.9,g/dL,12,17.5,N,Routine,2024-06-11 16:14,2024-06-11 16:44,2024-06-11 21:28
LAB711533,ENC104913,PT11279,PLT,Platelet Count,338,K/uL,150,400,N,Routine,2024-06-11 16:20,2024-06-11 16:27,2024-06-11 17:49
LAB711534,ENC104914,PT12469,GLU,Glucose,186,mg/dL,70,99,H,STAT,2024-06-11 18:23,2024-06-11 18:53,2024-06-11 19:20
LAB711535,ENC104914,PT12469,CREAT,Creatinine,0.88,mg/dL,0.6,1.3,N,STAT,2024-06-11 18:47,2024-06-11 19:02,2024-06-11 19:26
LAB711536,ENC104914,PT12469,WBC,White Blood Cell Count,7.3,K/uL,4.5,11,N,STAT,2024-06-11 17:52,2024-06-11 18:17,2024-06-11 18:41
LAB711537,ENC104914,PT12469,TROP,"Troponin I, High Sensitivity",8,ng/L,0,34,N,STAT,2024-06-11 18:01,2024-06-11 18:23,2024-06-11 20:05
LAB711538,ENC104915,PT11613,GLU,Glucose,216,mg/dL,70,99,H,Routine,2024-06-11 17:45,2024-06-11 18:20,2024-06-11 20:32
LAB711539,ENC104915,PT11613,CREAT,Creatinine,2.33,mg/dL,0.6,1.3,H,STAT,2024-06-11 17:50,2024-06-11 18:08,2024-06-11 18:40
LAB711540,ENC104915,PT11613,WBC,White Blood Cell Count,19.8,K/uL,4.5,11,H,STAT,2024-06-11 18:01,2024-06-11 18:25,2024-06-11 19:06
LAB711541,ENC104915,PT11613,HGB,Hemoglobin,15.2,g/dL,12,17.5,N,Routine,2024-06-11 18:27,2024-06-11 18:54,2024-06-11 20:52
LAB711542,ENC104915,PT11613,LACT,Lactate,2.1,mmol/L,0.5,2,H,STAT,2024-06-11 18:01,2024-06-11 18:16,2024-06-11 19:28
LAB711543,ENC104916,PT11276,GLU,Glucose,99,mg/dL,70,99,N,Routine,2024-06-11 23:05,2024-06-11 23:17,2024-06-12 01:48
LAB711544,ENC104916,PT11276,CREAT,Creatinine,0.82,mg/dL,0.6,1.3,N,STAT,2024-06-11 22:27,2024-06-11 22:31,2024-06-12 00:33
LAB711545,ENC104916,PT11276,WBC,White Blood Cell Count,9.4,K/uL,4.5,11,N,STAT,2024-06-11 23:00,2024-06-11 23:30,2024-06-12 00:36
LAB711546,ENC104916,PT11276,HGB,Hemoglobin,15.3,g/dL,12,17.5,N,STAT,2024-06-11 22:35,2024-06-11 23:00,2024-06-11 23:25
LAB711547,ENC104916,PT11276,TROP,"Troponin I, High Sensitivity",12,ng/L,0,34,N,STAT,2024-06-11 22:17,2024-06-11 22:25,2024-06-11 23:36
LAB711548,ENC104916,PT11276,BNP,B-Type Natriuretic Peptide,1432,pg/mL,0,100,H,Routine,2024-06-11 22:01,2024-06-11 22:22,2024-06-11 23:59
LAB711549,ENC104917,PT13768,GLU,Glucose,107,mg/dL,70,99,H,Routine,2024-06-11 21:22,2024-06-11 21:52,2024-06-12 01:13
LAB711550,ENC104917,PT13768,CREAT,Creatinine,1.18,mg/dL,0.6,1.3,N,Routine,2024-06-11 20:53,2024-06-11 21:19,2024-06-11 22:48
LAB711551,ENC104917,PT13768,WBC,White Blood Cell Count,8.5,K/uL,4.5,11,N,STAT,2024-06-11 21:17,2024-06-11 21:32,2024-06-11 22:09
LAB711552,ENC104917,PT13768,HGB,Hemoglobin,8.9,g/dL,12,17.5,L,Routine,2024-06-11 21:19,2024-06-11 21:39,2024-06-11 23:22
LAB711553,ENC104917,PT13768,INR,Prothrombin Time INR,1.2,ratio,0.8,1.2,N,Routine,2024-06-11 21:02,2024-06-11 21:27,2024-06-11 23:03
LAB711554,ENC104918,PT11544,GLU,Glucose,124,mg/dL,70,99,H,STAT,2024-06-11 20:07,2024-06-11 20:21,2024-06-11 21:39
LAB711555,ENC104918,PT11544,CREAT,Creatinine,0.53,mg/dL,0.6,1.3,L,Routine,2024-06-11 19:52,2024-06-11 20:26,2024-06-11 21:41
LAB711556,ENC104918,PT11544,WBC,White Blood Cell Count,7.2,K/uL,4.5,11,N,STAT,2024-06-11 19:43,2024-06-11 19:51,2024-06-11 21:03
LAB711557,ENC104919,PT12759,GLU,Glucose,98,mg/dL,70,99,N,STAT,2024-06-12 01:50,2024-06-12 02:23,2024-06-12 03:21
LAB711558,ENC104919,PT12759,CREAT,Creatinine,1.17,mg/dL,0.6,1.3,N,STAT,2024-06-12 01:32,2024-06-12 01:59,2024-06-12 03:40
LAB711559,ENC104919,PT12759,WBC,White Blood Cell Count,5.8,K/uL,4.5,11,N,STAT,2024-06-12 01:54,2024-06-12 02:19,2024-06-12 03:05
LAB711560,ENC104919,PT12759,HGB,Hemoglobin,14.3,g/dL,12,17.5,N,STAT,2024-06-12 01:04,2024-06-12 01:08,2024-06-12 01:39
LAB711561,ENC104919,PT12759,NA,Sodium,142,mmol/L,136,145,N,Routine,2024-06-12 01:10,2024-06-12 01:23,2024-06-12 04:02
LAB711562,ENC104919,PT12759,K,Potassium,4,mmol/L,3.5,5.1,N,STAT,2024-06-12 01:00,2024-06-12 01:25,2024-06-12 02:16
LAB711563,ENC104919,PT12759,BUN,Blood Urea Nitrogen,12,mg/dL,7,20,N,Routine,2024-06-12 01:36,2024-06-12 02:00,2024-06-12 03:32
LAB711564,ENC104919,PT12759,PLT,Platelet Count,291,K/uL,150,400,N,STAT,2024-06-12 01:24,2024-06-12 01:41,2024-06-12 02:25
LAB711565,ENC104919,PT12759,LACT,Lactate,1.6,mmol/L,0.5,2,N,STAT,2024-06-12 01:30,2024-06-12 01:50,2024-06-12 02:22
LAB711566,ENC104921,PT14000,GLU,Glucose,89,mg/dL,70,99,N,STAT,2024-06-12 08:02,2024-06-12 08:21,2024-06-12 08:58
LAB711567,ENC104921,PT14000,CREAT,Creatinine,0.77,mg/dL,0.6,1.3,N,STAT,2024-06-12 08:31,2024-06-12 08:36,2024-06-12 09:03
LAB711568,ENC104922,PT10679,A1C,Hemoglobin A1c,6.2,%,4,5.6,H,Routine,2024-06-12 08:29,2024-06-12 08:39,2024-06-12 17:11
LAB711569,ENC104925,PT12216,WBC,White Blood Cell Count,11.8,K/uL,4.5,11,H,Routine,2024-06-12 09:29,2024-06-12 09:58,2024-06-12 12:15
LAB711570,ENC104925,PT12216,HGB,Hemoglobin,11.6,g/dL,12,17.5,L,Routine,2024-06-12 09:14,2024-06-12 09:42,2024-06-12 15:35
LAB711571,ENC104925,PT12216,PLT,Platelet Count,325,K/uL,150,400,N,Routine,2024-06-12 09:12,2024-06-12 09:40,2024-06-12 12:43
LAB711572,ENC104926,PT10886,GLU,Glucose,137,mg/dL,70,99,H,Routine,2024-06-12 12:26,2024-06-12 12:54,2024-06-12 14:36
LAB711573,ENC104926,PT10886,CREAT,Creatinine,1.76,mg/dL,0.6,1.3,H,STAT,2024-06-12 13:08,2024-06-12 13:15,2024-06-12 13:39
LAB711574,ENC104926,PT10886,WBC,White Blood Cell Count,2.7,K/uL,4.5,11,L,STAT,2024-06-12 13:08,2024-06-12 13:26,2024-06-12 15:02
LAB711575,ENC104926,PT10886,HGB,Hemoglobin,14.8,g/dL,12,17.5,N,STAT,2024-06-12 12:38,2024-06-12 12:48,2024-06-12 14:03
LAB711576,ENC104926,PT10886,LACT,Lactate,4,mmol/L,0.5,2,H,STAT,2024-06-12 12:40,2024-06-12 12:56,2024-06-12 13:27
LAB711577,ENC104927,PT11197,LDL,LDL Cholesterol,182,mg/dL,0,99,H,Routine,2024-06-12 10:11,2024-06-12 10:30,2024-06-13 00:00
LAB711578,ENC104927,PT11197,TSH,Thyroid Stimulating Hormone,2.31,mIU/L,0.4,4,N,Routine,2024-06-12 10:11,2024-06-12 10:32,2024-06-13 14:54
LAB711579,ENC104928,PT11346,GLU,Glucose,67,mg/dL,70,99,L,STAT,2024-06-12 10:22,2024-06-12 10:29,2024-06-12 11:30
LAB711580,ENC104928,PT11346,CREAT,Creatinine,0.73,mg/dL,0.6,1.3,N,STAT,2024-06-12 11:03,2024-06-12 11:38,2024-06-12 12:11
LAB711581,ENC104928,PT11346,WBC,White Blood Cell Count,6.1,K/uL,4.5,11,N,STAT,2024-06-12 10:18,2024-06-12 10:36,2024-06-12 11:08
LAB711582,ENC104933,PT11285,WBC,White Blood Cell Count,8.9,K/uL,4.5,11,N,Routine,2024-06-12 13:28,2024-06-12 13:52,2024-06-12 16:28
LAB711583,ENC104933,PT11285,HGB,Hemoglobin,11.9,g/dL,12,17.5,L,Routine,2024-06-12 13:40,2024-06-12 13:44,2024-06-12 16:18
LAB711584,ENC104933,PT11285,PLT,Platelet Count,217,K/uL,150,400,N,Routine,2024-06-12 13:41,2024-06-12 13:49,2024-06-12 20:15
LAB711585,ENC104934,PT11165,LDL,LDL Cholesterol,150,mg/dL,0,99,H,Routine,2024-06-12 13:58,2024-06-12 14:17,2024-06-13 00:19
LAB711586,ENC104935,PT11352,LDL,LDL Cholesterol,133,mg/dL,0,99,H,Routine,2024-06-12 13:41,2024-06-12 14:09,2024-06-13 05:22
LAB711587,ENC104935,PT11352,A1C,Hemoglobin A1c,8.1,%,4,5.6,H,Routine,2024-06-12 13:56,2024-06-12 14:25,2024-06-13 04:50
LAB711588,ENC104935,PT11352,TSH,Thyroid Stimulating Hormone,0.11,mIU/L,0.4,4,L,Routine,2024-06-12 13:53,2024-06-12 14:01,2024-06-13 09:21
LAB711589,ENC104937,PT10717,GLU,Glucose,94,mg/dL,70,99,N,STAT,2024-06-12 15:07,2024-06-12 15:25,2024-06-12 15:48
LAB711590,ENC104937,PT10717,CREAT,Creatinine,0.65,mg/dL,0.6,1.3,N,Routine,2024-06-12 14:33,2024-06-12 15:04,2024-06-12 20:08
LAB711591,ENC104937,PT10717,WBC,White Blood Cell Count,9.8,K/uL,4.5,11,N,Routine,2024-06-12 14:24,2024-06-12 14:38,2024-06-12 16:13
LAB711592,ENC104937,PT10717,HGB,Hemoglobin,12.3,g/dL,12,17.5,N,STAT,2024-06-12 14:26,2024-06-12 14:36,2024-06-12 15:31
LAB711593,ENC104938,PT12543,WBC,White Blood Cell Count,8.8,K/uL,4.5,11,N,Routine,2024-06-12 14:36,2024-06-12 15:03,2024-06-12 17:25
LAB711594,ENC104938,PT12543,HGB,Hemoglobin,13.8,g/dL,12,17.5,N,Routine,2024-06-12 14:42,2024-06-12 14:55,2024-06-12 16:27
LAB711595,ENC104938,PT12543,PLT,Platelet Count,199,K/uL,150,400,N,Routine,2024-06-12 14:34,2024-06-12 14:42,2024-06-12 17:41
LAB711596,ENC104940,PT11689,GLU,Glucose,190,mg/dL,70,99,H,STAT,2024-06-12 15:25,2024-06-12 15:56,2024-06-12 16:22
LAB711597,ENC104940,PT11689,CREAT,Creatinine,1.57,mg/dL,0.6,1.3,H,Routine,2024-06-12 15:15,2024-06-12 15:36,2024-06-12 17:21
LAB711598,ENC104940,PT11689,WBC,White Blood Cell Count,26.5,K/uL,4.5,11,H,STAT,2024-06-12 15:12,2024-06-12 15:34,2024-06-12 16:08
LAB711599,ENC104940,PT11689,HGB,Hemoglobin,13.7,g/dL,12,17.5,N,STAT,2024-06-12 15:33,2024-06-12 16:00,2024-06-12 16:34
LAB711600,ENC104940,PT11689,LACT,Lactate,5.5,mmol/L,0.5,2,HH,STAT,2024-06-12 14:53,2024-06-12 15:22,2024-06-12 16:30
LAB711601,ENC104941,PT12604,GLU,Glucose,338,mg/dL,70,99,H,Routine,2024-06-12 15:44,2024-06-12 15:55,2024-06-12 23:28
LAB711602,ENC104941,PT12604,CREAT,Creatinine,0.88,mg/dL,0.6,1.3,N,Routine,2024-06-12 15:58,2024-06-12 16:28,2024-06-12 19:04
LAB711603,ENC104941,PT12604,WBC,White Blood Cell Count,6.8,K/uL,4.5,11,N,Routine,2024-06-12 15:39,2024-06-12 15:58,2024-06-12 18:00
LAB711604,ENC104941,PT12604,HGB,Hemoglobin,14.1,g/dL,12,17.5,N,STAT,2024-06-12 14:52,2024-06-12 15:04,2024-06-12 15:39
LAB711605,ENC104941,PT12604,NA,Sodium,136,mmol/L,136,145,N,STAT,2024-06-12 15:29,2024-06-12 15:52,2024-06-12 16:18
LAB711606,ENC104941,PT12604,K,Potassium,4.2,mmol/L,3.5,5.1,N,STAT,2024-06-12 15:37,2024-06-12 15:54,2024-06-12 16:31
LAB711607,ENC104941,PT12604,BUN,Blood Urea Nitrogen,13,mg/dL,7,20,N,STAT,2024-06-12 15:41,2024-06-12 15:59,2024-06-12 17:11
LAB711608,ENC104941,PT12604,PLT,Platelet Count,218,K/uL,150,400,N,STAT,2024-06-12 15:51,2024-06-12 16:02,2024-06-12 16:34
LAB711609,ENC104941,PT12604,A1C,Hemoglobin A1c,8.4,%,4,5.6,H,STAT,2024-06-12 15:29,2024-06-12 15:57,2024-06-12 16:47
LAB711610,ENC104943,PT13153,LDL,LDL Cholesterol,130,mg/dL,0,99,H,Routine,2024-06-12 15:14,2024-06-12 15:46,2024-06-12 22:11
LAB711611,ENC104946,PT13025,GLU,Glucose,114,mg/dL,70,99,H,Routine,2024-06-12 21:59,2024-06-12 22:04,2024-06-13 00:26
LAB711612,ENC104946,PT13025,CREAT,Creatinine,1.13,mg/dL,0.6,1.3,N,STAT,2024-06-12 22:37,2024-06-12 22:49,2024-06-12 23:09
LAB711613,ENC104946,PT13025,WBC,White Blood Cell Count,12.8,K/uL,4.5,11,H,STAT,2024-06-12 22:20,2024-06-12 22:50,2024-06-12 23:20
LAB711614,ENC104946,PT13025,HGB,Hemoglobin,14,g/dL,12,17.5,N,Routine,2024-06-12 22:03,2024-06-12 22:14,2024-06-13 00:28
LAB711615,ENC104946,PT13025,NA,Sodium,136,mmol/L,136,145,N,STAT,2024-06-12 22:53,2024-06-12 23:23,2024-06-13 00:03
LAB711616,ENC104946,PT13025,K,Potassium,3.7,mmol/L,3.5,5.1,N,STAT,2024-06-12 22:24,2024-06-12 22:59,2024-06-13 00:01
LAB711617,ENC104948,PT10986,GLU,Glucose,119,mg/dL,70,99,H,STAT,2024-06-12 21:41,2024-06-12 22:13,2024-06-12 22:44
LAB711618,ENC104948,PT10986,CREAT,Creatinine,1.02,mg/dL,0.6,1.3,N,Routine,2024-06-12 21:26,2024-06-12 21:35,2024-06-13 00:12
LAB711619,ENC104948,PT10986,WBC,White Blood Cell Count,11.6,K/uL,4.5,11,H,Routine,2024-06-12 22:01,2024-06-12 22:21,2024-06-13 09:43
LAB711620,ENC104948,PT10986,HGB,Hemoglobin,15.8,g/dL,12,17.5,N,Routine,2024-06-12 22:08,2024-06-12 22:16,2024-06-13 04:52
LAB711621,ENC104949,PT13224,GLU,Glucose,114,mg/dL,70,99,H,Routine,2024-06-12 19:10,2024-06-12 19:25,2024-06-13 02:16
LAB711622,ENC104949,PT13224,CREAT,Creatinine,0.93,mg/dL,0.6,1.3,N,STAT,2024-06-12 19:33,2024-06-12 19:40,2024-06-12 20:21
LAB711623,ENC104949,PT13224,WBC,White Blood Cell Count,10,K/uL,4.5,11,N,STAT,2024-06-12 19:18,2024-06-12 19:44,2024-06-12 20:25
LAB711624,ENC104949,PT13224,HGB,Hemoglobin,13.5,g/dL,12,17.5,N,STAT,2024-06-12 19:24,2024-06-12 19:35,2024-06-12 20:28
LAB711625,ENC104949,PT13224,TROP,"Troponin I, High Sensitivity",45,ng/L,0,34,H,STAT,2024-06-12 19:48,2024-06-12 20:09,2024-06-12 21:00
LAB711626,ENC104949,PT13224,BNP,B-Type Natriuretic Peptide,235,pg/mL,0,100,H,STAT,2024-06-12 20:02,2024-06-12 20:37,2024-06-12 21:59
LAB711627,ENC104950,PT10756,GLU,Glucose,104,mg/dL,70,99,H,STAT,2024-06-12 20:15,2024-06-12 20:34,2024-06-12 20:57
LAB711628,ENC104950,PT10756,CREAT,Creatinine,0.73,mg/dL,0.6,1.3,N,STAT,2024-06-12 20:05,2024-06-12 20:12,2024-06-12 21:51
LAB711629,ENC104950,PT10756,WBC,White Blood Cell Count,7.2,K/uL,4.5,11,N,STAT,2024-06-12 20:14,2024-06-12 20:43,2024-06-12 21:29
LAB711630,ENC104950,PT10756,TROP,"Troponin I, High Sensitivity",3,ng/L,0,34,N,STAT,2024-06-12 20:47,2024-06-12 20:59,2024-06-12 21:50
LAB711631,ENC104951,PT12104,GLU,Glucose,182,mg/dL,70,99,H,STAT,2024-06-13 00:54,2024-06-13 01:12,2024-06-13 01:58
LAB711632,ENC104951,PT12104,CREAT,Creatinine,1.56,mg/dL,0.6,1.3,H,STAT,2024-06-13 01:25,2024-06-13 01:56,2024-06-13 02:10
LAB711633,ENC104951,PT12104,WBC,White Blood Cell Count,11.1,K/uL,4.5,11,H,Routine,2024-06-13 01:00,2024-06-13 01:14,2024-06-13 04:58
LAB711634,ENC104951,PT12104,HGB,Hemoglobin,13.1,g/dL,12,17.5,N,Routine,2024-06-13 01:10,2024-06-13 01:36,2024-06-13 05:18
LAB711635,ENC104951,PT12104,LACT,Lactate,3.2,mmol/L,0.5,2,H,STAT,2024-06-13 00:27,2024-06-13 00:51,2024-06-13 01:51
LAB711636,ENC104952,PT12972,GLU,Glucose,133,mg/dL,70,99,H,Routine,2024-06-13 02:12,2024-06-13 02:36,2024-06-13 07:29
LAB711637,ENC104952,PT12972,CREAT,Creatinine,0.72,mg/dL,0.6,1.3,N,STAT,2024-06-13 02:09,2024-06-13 02:22,2024-06-13 02:46
LAB711638,ENC104952,PT12972,WBC,White Blood Cell Count,7.6,K/uL,4.5,11,N,Routine,2024-06-13 02:30,2024-06-13 02:59,2024-06-13 07:47
LAB711639,ENC104952,PT12972,HGB,Hemoglobin,12.6,g/dL,12,17.5,N,STAT,2024-06-13 02:20,2024-06-13 02:29,2024-06-13 03:03
LAB711640,ENC104956,PT13919,LDL,LDL Cholesterol,154,mg/dL,0,99,H,Routine,2024-06-13 13:26,2024-06-13 13:55,2024-06-14 07:56
LAB711641,ENC104956,PT13919,TSH,Thyroid Stimulating Hormone,0.99,mIU/L,0.4,4,N,Routine,2024-06-13 13:37,2024-06-13 14:03,2024-06-15 16:03
LAB711642,ENC104961,PT11781,LDL,LDL Cholesterol,154,mg/dL,0,99,H,Routine,2024-06-13 15:20,2024-06-13 15:43,2024-06-14 10:20
LAB711643,ENC104962,PT10103,GLU,Glucose,111,mg/dL,70,99,H,STAT,2024-06-13 19:06,2024-06-13 19:16,2024-06-13 19:49
LAB711644,ENC104962,PT10103,CREAT,Creatinine,0.74,mg/dL,0.6,1.3,N,STAT,2024-06-13 18:26,2024-06-13 18:40,2024-06-13 19:10
LAB711645,ENC104962,PT10103,WBC,White Blood Cell Count,6.8,K/uL,4.5,11,N,STAT,2024-06-13 19:14,2024-06-13 19:33,2024-06-13 20:28
LAB711646,ENC104962,PT10103,HGB,Hemoglobin,15.7,g/dL,12,17.5,N,Routine,2024-06-13 18:53,2024-06-13 19:22,2024-06-13 23:30
LAB711647,ENC104964,PT10364,LDL,LDL Cholesterol,115,mg/dL,0,99,H,Routine,2024-06-13 16:45,2024-06-13 17:00,2024-06-14 07:49
LAB711648,ENC104964,PT10364,A1C,Hemoglobin A1c,6.7,%,4,5.6,H,Routine,2024-06-13 16:39,2024-06-13 16:59,2024-06-14 17:07
LAB711649,ENC104966,PT13339,GLU,Glucose,79,mg/dL,70,99,N,STAT,2024-06-13 18:46,2024-06-13 19:04,2024-06-13 19:31
LAB711650,ENC104966,PT13339,CREAT,Creatinine,1.1,mg/dL,0.6,1.3,N,STAT,2024-06-13 18:12,2024-06-13 18:18,2024-06-13 18:49
LAB711651,ENC104966,PT13339,WBC,White Blood Cell Count,5.7,K/uL,4.5,11,N,Routine,2024-06-13 18:44,2024-06-13 19:07,2024-06-13 21:37
LAB711652,ENC104966,PT13339,HGB,Hemoglobin,15.3,g/dL,12,17.5,N,STAT,2024-06-13 18:15,2024-06-13 18:46,2024-06-13 19:10
LAB711653,ENC104967,PT10884,GLU,Glucose,83,mg/dL,70,99,N,STAT,2024-06-13 22:14,2024-06-13 22:18,2024-06-13 23:07
LAB711654,ENC104967,PT10884,CREAT,Creatinine,1.01,mg/dL,0.6,1.3,N,STAT,2024-06-13 21:48,2024-06-13 22:09,2024-06-13 22:56
LAB711655,ENC104967,PT10884,WBC,White Blood Cell Count,11.4,K/uL,4.5,11,H,STAT,2024-06-13 22:27,2024-06-13 22:43,2024-06-13 23:41
LAB711656,ENC104967,PT10884,HGB,Hemoglobin,14.8,g/dL,12,17.5,N,Routine,2024-06-13 22:47,2024-06-13 23:02,2024-06-14 04:10
LAB711657,ENC104967,PT10884,TROP,"Troponin I, High Sensitivity",128,ng/L,0,34,H,STAT,2024-06-13 22:11,2024-06-13 22:32,2024-06-13 23:16
LAB711658,ENC104968,PT12023,GLU,Glucose,282,mg/dL,70,99,H,STAT,2024-06-13 20:26,2024-06-13 20:36,2024-06-13 21:32
LAB711659,ENC104968,PT12023,CREAT,Creatinine,0.96,mg/dL,0.6,1.3,N,STAT,2024-06-13 20:23,2024-06-13 20:31,2024-06-13 21:22
LAB711660,ENC104968,PT12023,WBC,White Blood Cell Count,6.1,K/uL,4.5,11,N,Routine,2024-06-13 20:00,2024-06-13 20:11,2024-06-13 23:32
LAB711661,ENC104968,PT12023,HGB,Hemoglobin,13.8,g/dL,12,17.5,N,Routine,2024-06-13 19:53,2024-06-13 20:21,2024-06-13 23:42
LAB711662,ENC104970,PT10516,GLU,Glucose,69,mg/dL,70,99,L,STAT,2024-06-13 21:02,2024-06-13 21:11,2024-06-13 22:00
LAB711663,ENC104970,PT10516,CREAT,Creatinine,0.94,mg/dL,0.6,1.3,N,STAT,2024-06-13 20:35,2024-06-13 21:01,2024-06-13 21:43
LAB711664,ENC104970,PT10516,WBC,White Blood Cell Count,9.2,K/uL,4.5,11,N,Routine,2024-06-13 21:00,2024-06-13 21:24,2024-06-14 01:24
LAB711665,ENC104970,PT10516,HGB,Hemoglobin,13.5,g/dL,12,17.5,N,STAT,2024-06-13 21:14,2024-06-13 21:31,2024-06-13 22:13
LAB711666,ENC104971,PT10813,GLU,Glucose,331,mg/dL,70,99,H,STAT,2024-06-13 21:52,2024-06-13 22:16,2024-06-13 22:55
LAB711667,ENC104971,PT10813,CREAT,Creatinine,0.92,mg/dL,0.6,1.3,N,STAT,2024-06-13 21:23,2024-06-13 21:55,2024-06-13 22:59
LAB711668,ENC104971,PT10813,WBC,White Blood Cell Count,9.3,K/uL,4.5,11,N,Routine,2024-06-13 21:34,2024-06-13 21:52,2024-06-14 00:37
LAB711669,ENC104971,PT10813,A1C,Hemoglobin A1c,11.2,%,4,5.6,H,Routine,2024-06-13 21:54,2024-06-13 22:10,2024-06-14 08:59
LAB711670,ENC104974,PT12818,GLU,Glucose,134,mg/dL,70,99,H,STAT,2024-06-14 10:40,2024-06-14 10:54,2024-06-14 11:44
LAB711671,ENC104974,PT12818,CREAT,Creatinine,0.61,mg/dL,0.6,1.3,N,Routine,2024-06-14 10:30,2024-06-14 10:50,2024-06-14 12:34
LAB711672,ENC104974,PT12818,WBC,White Blood Cell Count,7.6,K/uL,4.5,11,N,STAT,2024-06-14 10:12,2024-06-14 10:32,2024-06-14 11:25
LAB711673,ENC104974,PT12818,HGB,Hemoglobin,6.9,g/dL,12,17.5,LL,STAT,2024-06-14 11:08,2024-06-14 11:26,2024-06-14 12:11
LAB711674,ENC104974,PT12818,LACT,Lactate,1.8,mmol/L,0.5,2,N,STAT,2024-06-14 10:17,2024-06-14 10:25,2024-06-14 11:18
LAB711675,ENC104974,PT12818,INR,Prothrombin Time INR,1.2,ratio,0.8,1.2,N,STAT,2024-06-14 10:52,2024-06-14 11:04,2024-06-14 11:44
LAB711676,ENC104976,PT11948,GLU,Glucose,87,mg/dL,70,99,N,Routine,2024-06-14 09:09,2024-06-14 09:33,2024-06-14 11:04
LAB711677,ENC104976,PT11948,CREAT,Creatinine,0.9,mg/dL,0.6,1.3,N,Routine,2024-06-14 08:18,2024-06-14 08:23,2024-06-14 11:03
LAB711678,ENC104976,PT11948,WBC,White Blood Cell Count,9.1,K/uL,4.5,11,N,Routine,2024-06-14 09:16,2024-06-14 09:37,2024-06-14 16:17
LAB711679,ENC104976,PT11948,TROP,"Troponin I, High Sensitivity",4,ng/L,0,34,N,STAT,2024-06-14 08:19,2024-06-14 08:53,2024-06-14 09:55
LAB711680,ENC104977,PT12308,A1C,Hemoglobin A1c,7.6,%,4,5.6,H,Routine,2024-06-14 08:59,2024-06-14 09:05,2024-06-14 22:03
LAB711681,ENC104978,PT12590,GLU,Glucose,104,mg/dL,70,99,H,STAT,2024-06-14 10:44,2024-06-14 11:02,2024-06-14 11:29
LAB711682,ENC104978,PT12590,CREAT,Creatinine,0.76,mg/dL,0.6,1.3,N,STAT,2024-06-14 10:42,2024-06-14 10:47,2024-06-14 11:26
LAB711683,ENC104978,PT12590,WBC,White Blood Cell Count,15.6,K/uL,4.5,11,H,Routine,2024-06-14 10:06,2024-06-14 10:18,2024-06-14 14:41
LAB711684,ENC104978,PT12590,HGB,Hemoglobin,12,g/dL,12,17.5,N,STAT,2024-06-14 10:25,2024-06-14 10:30,2024-06-14 11:12
LAB711685,ENC104980,PT10263,LDL,LDL Cholesterol,66,mg/dL,0,99,N,Routine,2024-06-14 10:26,2024-06-14 10:51,2024-06-15 01:25
LAB711686,ENC104981,PT12125,WBC,White Blood Cell Count,6.6,K/uL,4.5,11,N,Routine,2024-06-14 11:44,2024-06-14 12:18,2024-06-14 13:47
LAB711687,ENC104981,PT12125,HGB,Hemoglobin,10.5,g/dL,12,17.5,L,Routine,2024-06-14 11:45,2024-06-14 11:54,2024-06-14 15:09
LAB711688,ENC104981,PT12125,PLT,Platelet Count,310,K/uL,150,400,N,Routine,2024-06-14 11:36,2024-06-14 11:54,2024-06-14 15:29
LAB711689,ENC104982,PT12973,GLU,Glucose,93,mg/dL,70,99,N,Routine,2024-06-14 16:10,2024-06-14 16:30,2024-06-14 20:04
LAB711690,ENC104982,PT12973,CREAT,Creatinine,0.96,mg/dL,0.6,1.3,N,Routine,2024-06-14 15:01,2024-06-14 15:22,2024-06-14 18:48
LAB711691,ENC104982,PT12973,WBC,White Blood Cell Count,5.5,K/uL,4.5,11,N,STAT,2024-06-14 15:02,2024-06-14 15:32,2024-06-14 16:21
LAB711692,ENC104982,PT12973,HGB,Hemoglobin,15.8,g/dL,12,17.5,N,STAT,2024-06-14 15:59,2024-06-14 16:10,2024-06-14 16:59
LAB711693,ENC104982,PT12973,TROP,"Troponin I, High Sensitivity",5,ng/L,0,34,N,STAT,2024-06-14 15:50,2024-06-14 16:08,2024-06-14 16:59
LAB711694,ENC104983,PT10746,GLU,Glucose,101,mg/dL,70,99,H,Routine,2024-06-14 12:40,2024-06-14 12:50,2024-06-14 15:43
LAB711695,ENC104983,PT10746,CREAT,Creatinine,0.78,mg/dL,0.6,1.3,N,STAT,2024-06-14 12:34,2024-06-14 13:07,2024-06-14 14:14
LAB711696,ENC104983,PT10746,WBC,White Blood Cell Count,11.2,K/uL,4.5,11,H,STAT,2024-06-14 12:26,2024-06-14 13:01,2024-06-14 13:59
LAB711697,ENC104983,PT10746,HGB,Hemoglobin,15.2,g/dL,12,17.5,N,STAT,2024-06-14 12:08,2024-06-14 12:25,2024-06-14 13:16
LAB711698,ENC104983,PT10746,NA,Sodium,123,mmol/L,136,145,L,STAT,2024-06-14 12:24,2024-06-14 12:58,2024-06-14 13:31
LAB711699,ENC104983,PT10746,K,Potassium,4.3,mmol/L,3.5,5.1,N,STAT,2024-06-14 12:41,2024-06-14 13:05,2024-06-14 13:30
LAB711700,ENC104983,PT10746,BUN,Blood Urea Nitrogen,10,mg/dL,7,20,N,Routine,2024-06-14 12:01,2024-06-14 12:15,2024-06-14 17:39
LAB711701,ENC104983,PT10746,PLT,Platelet Count,253,K/uL,150,400,N,Routine,2024-06-14 11:53,2024-06-14 12:23,2024-06-14 14:24
LAB711702,ENC104985,PT13441,GLU,Glucose,87,mg/dL,70,99,N,STAT,2024-06-14 17:20,2024-06-14 17:33,2024-06-14 18:09
LAB711703,ENC104985,PT13441,CREAT,Creatinine,1.01,mg/dL,0.6,1.3,N,STAT,2024-06-14 17:58,2024-06-14 18:02,2024-06-14 18:50
LAB711704,ENC104985,PT13441,WBC,White Blood Cell Count,7.7,K/uL,4.5,11,N,Routine,2024-06-14 17:43,2024-06-14 17:47,2024-06-14 20:55
LAB711705,ENC104985,PT13441,HGB,Hemoglobin,13.3,g/dL,12,17.5,N,STAT,2024-06-14 18:08,2024-06-14 18:12,2024-06-14 19:00
LAB711706,ENC104985,PT13441,TROP,"Troponin I, High Sensitivity",947,ng/L,0,34,H,STAT,2024-06-14 17:41,2024-06-14 17:53,2024-06-14 18:54
LAB711707,ENC104986,PT10331,WBC,White Blood Cell Count,9.7,K/uL,4.5,11,N,Routine,2024-06-14 13:53,2024-06-14 14:24,2024-06-14 19:04
LAB711708,ENC104986,PT10331,HGB,Hemoglobin,13,g/dL,12,17.5,N,Routine,2024-06-14 14:05,2024-06-14 14:40,2024-06-14 17:25
LAB711709,ENC104986,PT10331,PLT,Platelet Count,241,K/uL,150,400,N,Routine,2024-06-14 13:50,2024-06-14 14:16,2024-06-14 16:25
LAB711710,ENC104987,PT12675,A1C,Hemoglobin A1c,12,%,4,5.6,H,Routine,2024-06-14 14:27,2024-06-14 14:38,2024-06-15 02:44
LAB711711,ENC104988,PT13568,GLU,Glucose,111,mg/dL,70,99,H,STAT,2024-06-14 17:40,2024-06-14 17:48,2024-06-14 18:45
LAB711712,ENC104988,PT13568,CREAT,Creatinine,0.45,mg/dL,0.6,1.3,L,STAT,2024-06-14 17:21,2024-06-14 17:48,2024-06-14 18:07
LAB711713,ENC104988,PT13568,WBC,White Blood Cell Count,8,K/uL,4.5,11,N,Routine,2024-06-14 17:20,2024-06-14 17:40,2024-06-14 22:04
LAB711714,ENC104988,PT13568,HGB,Hemoglobin,13.8,g/dL,12,17.5,N,STAT,2024-06-14 17:51,2024-06-14 18:20,2024-06-14 18:51
LAB711715,ENC104989,PT13344,GLU,Glucose,126,mg/dL,70,99,H,STAT,2024-06-14 14:53,2024-06-14 15:26,2024-06-14 15:54
LAB711716,ENC104989,PT13344,CREAT,Creatinine,0.5,mg/dL,0.6,1.3,L,STAT,2024-06-14 15:01,2024-06-14 15:18,2024-06-14 16:19
LAB711717,ENC104989,PT13344,WBC,White Blood Cell Count,4.9,K/uL,4.5,11,N,STAT,2024-06-14 15:44,2024-06-14 16:15,2024-06-14 16:41
LAB711718,ENC104989,PT13344,HGB,Hemoglobin,14.3,g/dL,12,17.5,N,STAT,2024-06-14 15:58,2024-06-14 16:04,2024-06-14 16:38
LAB711719,ENC104989,PT13344,NA,Sodium,139,mmol/L,136,145,N,STAT,2024-06-14 15:31,2024-06-14 15:44,2024-06-14 16:17
LAB711720,ENC104989,PT13344,K,Potassium,4.2,mmol/L,3.5,5.1,N,STAT,2024-06-14 15:42,2024-06-14 16:16,2024-06-14 16:58
LAB711721,ENC104991,PT12507,LDL,LDL Cholesterol,88,mg/dL,0,99,N,Routine,2024-06-14 16:21,2024-06-14 16:27,2024-06-14 23:15
LAB711722,ENC104991,PT12507,TSH,Thyroid Stimulating Hormone,2.32,mIU/L,0.4,4,N,Routine,2024-06-14 16:21,2024-06-14 16:53,2024-06-15 02:33
LAB711723,ENC104994,PT11926,GLU,Glucose,74,mg/dL,70,99,N,Routine,2024-06-14 18:41,2024-06-14 19:06,2024-06-14 20:50
LAB711724,ENC104994,PT11926,CREAT,Creatinine,0.97,mg/dL,0.6,1.3,N,STAT,2024-06-14 18:36,2024-06-14 19:11,2024-06-14 20:00
LAB711725,ENC104994,PT11926,WBC,White Blood Cell Count,10.1,K/uL,4.5,11,N,STAT,2024-06-14 17:59,2024-06-14 18:07,2024-06-14 18:54
LAB711726,ENC104994,PT11926,HGB,Hemoglobin,10.7,g/dL,12,17.5,L,Routine,2024-06-14 18:33,2024-06-14 19:07,2024-06-14 21:30
LAB711727,ENC104996,PT11064,GLU,Glucose,134,mg/dL,70,99,H,Routine,2024-06-14 21:26,2024-06-14 21:43,2024-06-15 01:45
LAB711728,ENC104996,PT11064,CREAT,Creatinine,1.18,mg/dL,0.6,1.3,N,Routine,2024-06-14 22:11,2024-06-14 22:22,2024-06-15 02:31
LAB711729,ENC104996,PT11064,WBC,White Blood Cell Count,9.6,K/uL,4.5,11,N,STAT,2024-06-14 21:23,2024-06-14 21:47,2024-06-14 22:43
LAB711730,ENC104996,PT11064,HGB,Hemoglobin,11.7,g/dL,12,17.5,L,Routine,2024-06-14 21:51,2024-06-14 22:01,2024-06-15 02:44
LAB711731,ENC104998,PT12113,GLU,Glucose,133,mg/dL,70,99,H,Routine,2024-06-14 21:14,2024-06-14 21:47,2024-06-14 22:59
LAB711732,ENC104998,PT12113,CREAT,Creatinine,1.68,mg/dL,0.6,1.3,H,STAT,2024-06-14 22:09,2024-06-14 22:20,2024-06-14 22:56
LAB711733,ENC104998,PT12113,WBC,White Blood Cell Count,12.1,K/uL,4.5,11,H,Routine,2024-06-14 22:06,2024-06-14 22:38,2024-06-15 00:30
LAB711734,ENC104998,PT12113,HGB,Hemoglobin,11.6,g/dL,12,17.5,L,Routine,2024-06-14 21:30,2024-06-14 22:00,2024-06-15 01:35
LAB711735,ENC105000,PT13385,GLU,Glucose,122,mg/dL,70,99,H,STAT,2024-06-15 07:46,2024-06-15 08:10,2024-06-15 08:55
LAB711736,ENC105000,PT13385,CREAT,Creatinine,0.85,mg/dL,0.6,1.3,N,Routine,2024-06-15 07:18,2024-06-15 07:44,2024-06-15 11:07
LAB711737,ENC105000,PT13385,WBC,White Blood Cell Count,6.6,K/uL,4.5,11,N,Routine,2024-06-15 07:20,2024-06-15 07:27,2024-06-15 09:33
LAB711738,ENC105000,PT13385,HGB,Hemoglobin,13,g/dL,12,17.5,N,STAT,2024-06-15 07:00,2024-06-15 07:15,2024-06-15 07:56
LAB711739,ENC105002,PT11903,GLU,Glucose,216,mg/dL,70,99,H,STAT,2024-06-15 11:15,2024-06-15 11:38,2024-06-15 12:16
LAB711740,ENC105002,PT11903,CREAT,Creatinine,1,mg/dL,0.6,1.3,N,Routine,2024-06-15 11:07,2024-06-15 11:20,2024-06-15 16:32
LAB711741,ENC105002,PT11903,WBC,White Blood Cell Count,16.9,K/uL,4.5,11,H,STAT,2024-06-15 10:40,2024-06-15 11:05,2024-06-15 11:33
LAB711742,ENC105004,PT10331,GLU,Glucose,85,mg/dL,70,99,N,Routine,2024-06-15 21:41,2024-06-15 21:58,2024-06-16 01:43
LAB711743,ENC105004,PT10331,CREAT,Creatinine,0.87,mg/dL,0.6,1.3,N,STAT,2024-06-15 21:32,2024-06-15 21:46,2024-06-15 22:50
LAB711744,ENC105004,PT10331,WBC,White Blood Cell Count,22.8,K/uL,4.5,11,H,Routine,2024-06-15 21:19,2024-06-15 21:52,2024-06-15 23:11
LAB711745,ENC105004,PT10331,HGB,Hemoglobin,12.8,g/dL,12,17.5,N,STAT,2024-06-15 20:45,2024-06-15 21:19,2024-06-15 21:43
LAB711746,ENC105005,PT10927,GLU,Glucose,157,mg/dL,70,99,H,STAT,2024-06-15 20:01,2024-06-15 20:16,2024-06-15 22:07
LAB711747,ENC105005,PT10927,CREAT,Creatinine,1.31,mg/dL,0.6,1.3,H,STAT,2024-06-15 20:34,2024-06-15 20:41,2024-06-15 21:14
LAB711748,ENC105005,PT10927,WBC,White Blood Cell Count,26,K/uL,4.5,11,H,Routine,2024-06-15 20:17,2024-06-15 20:38,2024-06-15 23:02
LAB711749,ENC105005,PT10927,HGB,Hemoglobin,16.4,g/dL,12,17.5,N,STAT,2024-06-15 19:56,2024-06-15 20:24,2024-06-15 21:35
LAB711750,ENC105005,PT10927,LACT,Lactate,1.9,mmol/L,0.5,2,N,STAT,2024-06-15 20:09,2024-06-15 20:20,2024-06-15 21:03
LAB711751,ENC105006,PT13863,GLU,Glucose,84,mg/dL,70,99,N,Routine,2024-06-15 22:45,2024-06-15 22:52,2024-06-16 00:15
LAB711752,ENC105006,PT13863,CREAT,Creatinine,1.13,mg/dL,0.6,1.3,N,Routine,2024-06-15 22:05,2024-06-15 22:40,2024-06-16 01:38
LAB711753,ENC105006,PT13863,TROP,"Troponin I, High Sensitivity",16,ng/L,0,34,N,STAT,2024-06-15 22:30,2024-06-15 22:51,2024-06-15 23:58
LAB711754,ENC105008,PT13155,GLU,Glucose,109,mg/dL,70,99,H,Routine,2024-06-16 10:35,2024-06-16 10:55,2024-06-16 13:59
LAB711755,ENC105008,PT13155,CREAT,Creatinine,1.05,mg/dL,0.6,1.3,N,STAT,2024-06-16 09:43,2024-06-16 09:54,2024-06-16 10:29
LAB711756,ENC105008,PT13155,WBC,White Blood Cell Count,14,K/uL,4.5,11,H,STAT,2024-06-16 10:25,2024-06-16 10:37,2024-06-16 11:40
LAB711757,ENC105008,PT13155,HGB,Hemoglobin,13.4,g/dL,12,17.5,N,STAT,2024-06-16 10:30,2024-06-16 10:42,2024-06-16 11:54
LAB711758,ENC105008,PT13155,NA,Sodium,140,mmol/L,136,145,N,STAT,2024-06-16 10:15,2024-06-16 10:48,2024-06-16 12:14
LAB711759,ENC105008,PT13155,K,Potassium,4,mmol/L,3.5,5.1,N,STAT,2024-06-16 10:00,2024-06-16 10:19,2024-06-16 11:07
LAB711760,ENC105010,PT12575,GLU,Glucose,108,mg/dL,70,99,H,STAT,2024-06-16 16:45,2024-06-16 17:16,2024-06-16 17:34
LAB711761,ENC105010,PT12575,CREAT,Creatinine,0.88,mg/dL,0.6,1.3,N,Routine,2024-06-16 16:27,2024-06-16 16:48,2024-06-16 19:45
LAB711762,ENC105010,PT12575,WBC,White Blood Cell Count,11,K/uL,4.5,11,N,Routine,2024-06-16 17:09,2024-06-16 17:16,2024-06-16 22:21
LAB711763,ENC105010,PT12575,HGB,Hemoglobin,11.8,g/dL,12,17.5,L,STAT,2024-06-16 17:17,2024-06-16 17:42,2024-06-16 18:24
LAB711764,ENC105012,PT12061,GLU,Glucose,114,mg/dL,70,99,H,STAT,2024-06-16 18:39,2024-06-16 19:13,2024-06-16 19:57
LAB711765,ENC105012,PT12061,CREAT,Creatinine,0.48,mg/dL,0.6,1.3,L,STAT,2024-06-16 18:49,2024-06-16 19:00,2024-06-16 20:07
LAB711766,ENC105012,PT12061,WBC,White Blood Cell Count,15.8,K/uL,4.5,11,H,STAT,2024-06-16 18:52,2024-06-16 18:56,2024-06-16 19:15
LAB711767,ENC105012,PT12061,HGB,Hemoglobin,14.2,g/dL,12,17.5,N,STAT,2024-06-16 18:37,2024-06-16 18:55,2024-06-16 19:31
LAB711768,ENC105014,PT11336,GLU,Glucose,99,mg/dL,70,99,N,Routine,2024-06-16 23:11,2024-06-16 23:34,2024-06-17 02:30
LAB711769,ENC105014,PT11336,CREAT,Creatinine,0.74,mg/dL,0.6,1.3,N,STAT,2024-06-16 22:49,2024-06-16 23:08,2024-06-16 23:42
LAB711770,ENC105014,PT11336,WBC,White Blood Cell Count,9.5,K/uL,4.5,11,N,STAT,2024-06-16 23:23,2024-06-16 23:52,2024-06-17 00:20
LAB711771,ENC105014,PT11336,HGB,Hemoglobin,8.2,g/dL,12,17.5,L,STAT,2024-06-16 23:33,2024-06-17 00:01,2024-06-17 00:58
LAB711772,ENC105014,PT11336,INR,Prothrombin Time INR,1,ratio,0.8,1.2,N,STAT,2024-06-16 22:51,2024-06-16 23:01,2024-06-16 23:53
LAB711773,ENC105015,PT10578,GLU,Glucose,135,mg/dL,70,99,H,STAT,2024-06-16 20:12,2024-06-16 20:26,2024-06-16 21:15
LAB711774,ENC105015,PT10578,CREAT,Creatinine,1.83,mg/dL,0.6,1.3,H,STAT,2024-06-16 20:11,2024-06-16 20:21,2024-06-16 21:12
LAB711775,ENC105016,PT12896,GLU,Glucose,224,mg/dL,70,99,H,Routine,2024-06-17 01:09,2024-06-17 01:41,2024-06-17 05:23
LAB711776,ENC105016,PT12896,CREAT,Creatinine,2.76,mg/dL,0.6,1.3,H,STAT,2024-06-17 00:36,2024-06-17 00:52,2024-06-17 02:16
LAB711777,ENC105016,PT12896,WBC,White Blood Cell Count,8.2,K/uL,4.5,11,N,Routine,2024-06-17 00:35,2024-06-17 01:02,2024-06-17 04:11
LAB711778,ENC105016,PT12896,HGB,Hemoglobin,10.7,g/dL,12,17.5,L,Routine,2024-06-17 01:01,2024-06-17 01:14,2024-06-17 04:19
LAB711779,ENC105016,PT12896,NA,Sodium,145,mmol/L,136,145,N,Routine,2024-06-17 00:29,2024-06-17 00:50,2024-06-17 04:17
LAB711780,ENC105016,PT12896,K,Potassium,5.4,mmol/L,3.5,5.1,H,STAT,2024-06-17 00:38,2024-06-17 01:08,2024-06-17 01:45
LAB711781,ENC105017,PT10446,GLU,Glucose,104,mg/dL,70,99,H,STAT,2024-06-17 00:07,2024-06-17 00:26,2024-06-17 02:03
LAB711782,ENC105017,PT10446,CREAT,Creatinine,1.21,mg/dL,0.6,1.3,N,STAT,2024-06-16 23:10,2024-06-16 23:42,2024-06-17 00:15
LAB711783,ENC105017,PT10446,WBC,White Blood Cell Count,6.9,K/uL,4.5,11,N,Routine,2024-06-16 23:40,2024-06-16 23:58,2024-06-17 04:48
LAB711784,ENC105017,PT10446,HGB,Hemoglobin,15,g/dL,12,17.5,N,STAT,2024-06-16 23:13,2024-06-16 23:40,2024-06-17 01:04
LAB711785,ENC105017,PT10446,NA,Sodium,140,mmol/L,136,145,N,Routine,2024-06-16 23:19,2024-06-16 23:25,2024-06-17 01:02
LAB711786,ENC105017,PT10446,K,Potassium,3.5,mmol/L,3.5,5.1,N,STAT,2024-06-16 23:06,2024-06-16 23:19,2024-06-17 00:21
LAB711787,ENC105022,PT12233,WBC,White Blood Cell Count,9.4,K/uL,4.5,11,N,Routine,2024-06-17 09:08,2024-06-17 09:34,2024-06-17 11:52
LAB711788,ENC105022,PT12233,HGB,Hemoglobin,15.7,g/dL,12,17.5,N,Routine,2024-06-17 08:55,2024-06-17 09:07,2024-06-17 10:26
LAB711789,ENC105022,PT12233,PLT,Platelet Count,286,K/uL,150,400,N,Routine,2024-06-17 09:00,2024-06-17 09:14,2024-06-17 11:13
LAB711790,ENC105025,PT10234,GLU,Glucose,111,mg/dL,70,99,H,STAT,2024-06-17 09:57,2024-06-17 10:32,2024-06-17 11:28
LAB711791,ENC105025,PT10234,CREAT,Creatinine,1.17,mg/dL,0.6,1.3,N,STAT,2024-06-17 10:28,2024-06-17 10:51,2024-06-17 11:28
LAB711792,ENC105025,PT10234,WBC,White Blood Cell Count,7.8,K/uL,4.5,11,N,STAT,2024-06-17 09:47,2024-06-17 10:18,2024-06-17 11:18
LAB711793,ENC105025,PT10234,HGB,Hemoglobin,7.5,g/dL,12,17.5,L,STAT,2024-06-17 10:29,2024-06-17 10:47,2024-06-17 11:42
LAB711794,ENC105025,PT10234,INR,Prothrombin Time INR,1,ratio,0.8,1.2,N,Routine,2024-06-17 09:56,2024-06-17 10:16,2024-06-17 11:39
LAB711795,ENC105026,PT13077,GLU,Glucose,125,mg/dL,70,99,H,STAT,2024-06-17 10:41,2024-06-17 11:14,2024-06-17 11:38
LAB711796,ENC105026,PT13077,CREAT,Creatinine,1.1,mg/dL,0.6,1.3,N,STAT,2024-06-17 10:42,2024-06-17 11:15,2024-06-17 12:23
LAB711797,ENC105026,PT13077,WBC,White Blood Cell Count,7,K/uL,4.5,11,N,STAT,2024-06-17 11:07,2024-06-17 11:32,2024-06-17 13:00
LAB711798,ENC105026,PT13077,HGB,Hemoglobin,11.9,g/dL,12,17.5,L,STAT,2024-06-17 11:22,2024-06-17 11:37,2024-06-17 12:44
LAB711799,ENC105029,PT13373,GLU,Glucose,122,mg/dL,70,99,H,Routine,2024-06-17 14:28,2024-06-17 14:51,2024-06-17 19:28
LAB711800,ENC105029,PT13373,CREAT,Creatinine,0.81,mg/dL,0.6,1.3,N,Routine,2024-06-17 13:56,2024-06-17 14:10,2024-06-17 18:40
LAB711801,ENC105029,PT13373,WBC,White Blood Cell Count,8.6,K/uL,4.5,11,N,STAT,2024-06-17 14:22,2024-06-17 14:47,2024-06-17 15:24
LAB711802,ENC105029,PT13373,HGB,Hemoglobin,13.9,g/dL,12,17.5,N,STAT,2024-06-17 14:20,2024-06-17 14:49,2024-06-17 15:29
LAB711803,ENC105029,PT13373,TROP,"Troponin I, High Sensitivity",7,ng/L,0,34,N,STAT,2024-06-17 13:58,2024-06-17 14:22,2024-06-17 15:06
LAB711804,ENC105030,PT12263,A1C,Hemoglobin A1c,7.1,%,4,5.6,H,Routine,2024-06-17 10:50,2024-06-17 11:01,2024-06-18 17:51
LAB711805,ENC105030,PT12263,GLU,Glucose,108,mg/dL,70,99,H,Routine,2024-06-17 11:11,2024-06-17 11:24,2024-06-17 14:29
LAB711806,ENC105030,PT12263,CREAT,Creatinine,1.09,mg/dL,0.6,1.3,N,Routine,2024-06-17 11:12,2024-06-17 11:38,2024-06-17 14:27
LAB711807,ENC105031,PT12645,WBC,White Blood Cell Count,4.9,K/uL,4.5,11,N,Routine,2024-06-17 11:06,2024-06-17 11:13,2024-06-17 13:33
LAB711808,ENC105031,PT12645,HGB,Hemoglobin,11.7,g/dL,12,17.5,L,Routine,2024-06-17 11:14,2024-06-17 11:21,2024-06-17 15:02
LAB711809,ENC105031,PT12645,PLT,Platelet Count,347,K/uL,150,400,N,Routine,2024-06-17 11:10,2024-06-17 11:37,2024-06-17 15:15
LAB711810,ENC105032,PT12615,GLU,Glucose,88,mg/dL,70,99,N,STAT,2024-06-17 12:17,2024-06-17 12:36,2024-06-17 13:49
LAB711811,ENC105032,PT12615,CREAT,Creatinine,1.11,mg/dL,0.6,1.3,N,Routine,2024-06-17 11:29,2024-06-17 12:01,2024-06-17 14:19
LAB711812,ENC105033,PT12434,LDL,LDL Cholesterol,148,mg/dL,0,99,H,Routine,2024-06-17 11:41,2024-06-17 11:55,2024-06-17 18:44
LAB711813,ENC105033,PT12434,A1C,Hemoglobin A1c,6.3,%,4,5.6,H,Routine,2024-06-17 11:41,2024-06-17 11:47,2024-06-18 19:49
LAB711814,ENC105033,PT12434,TSH,Thyroid Stimulating Hormone,9.89,mIU/L,0.4,4,H,Routine,2024-06-17 11:44,2024-06-17 12:01,2024-06-17 23:00
LAB711815,ENC105034,PT11279,GLU,Glucose,123,mg/dL,70,99,H,Routine,2024-06-17 15:49,2024-06-17 16:22,2024-06-17 18:55
LAB711816,ENC105034,PT11279,CREAT,Creatinine,0.53,mg/dL,0.6,1.3,L,Routine,2024-06-17 16:29,2024-06-17 16:49,2024-06-17 21:06
LAB711817,ENC105034,PT11279,WBC,White Blood Cell Count,7.9,K/uL,4.5,11,N,STAT,2024-06-17 15:52,2024-06-17 16:19,2024-06-17 17:15
LAB711818,ENC105034,PT11279,HGB,Hemoglobin,13.2,g/dL,12,17.5,N,Routine,2024-06-17 16:34,2024-06-17 16:47,2024-06-17 18:12
LAB711819,ENC105034,PT11279,NA,Sodium,118,mmol/L,136,145,LL,STAT,2024-06-17 16:20,2024-06-17 16:25,2024-06-17 17:10
LAB711820,ENC105034,PT11279,K,Potassium,4.3,mmol/L,3.5,5.1,N,STAT,2024-06-17 16:09,2024-06-17 16:33,2024-06-17 17:14
LAB711821,ENC105034,PT11279,BUN,Blood Urea Nitrogen,9,mg/dL,7,20,N,STAT,2024-06-17 16:00,2024-06-17 16:24,2024-06-17 17:05
LAB711822,ENC105034,PT11279,PLT,Platelet Count,220,K/uL,150,400,N,Routine,2024-06-17 16:27,2024-06-17 16:44,2024-06-17 20:59
LAB711823,ENC105035,PT11478,LDL,LDL Cholesterol,65,mg/dL,0,99,N,Routine,2024-06-17 12:12,2024-06-17 12:27,2024-06-17 21:05
LAB711824,ENC105036,PT12971,GLU,Glucose,103,mg/dL,70,99,H,Routine,2024-06-17 13:56,2024-06-17 14:13,2024-06-17 18:10
LAB711825,ENC105036,PT12971,CREAT,Creatinine,1.22,mg/dL,0.6,1.3,N,Routine,2024-06-17 13:55,2024-06-17 14:11,2024-06-17 16:38
LAB711826,ENC105036,PT12971,WBC,White Blood Cell Count,12.2,K/uL,4.5,11,H,STAT,2024-06-17 13:41,2024-06-17 14:02,2024-06-17 14:43
LAB711827,ENC105036,PT12971,HGB,Hemoglobin,13.8,g/dL,12,17.5,N,STAT,2024-06-17 14:05,2024-06-17 14:37,2024-06-17 15:00
LAB711828,ENC105036,PT12971,BUN,Blood Urea Nitrogen,21,mg/dL,7,20,H,STAT,2024-06-17 13:41,2024-06-17 13:46,2024-06-17 14:31
LAB711829,ENC105036,PT12971,PLT,Platelet Count,317,K/uL,150,400,N,STAT,2024-06-17 13:23,2024-06-17 13:50,2024-06-17 14:33
LAB711830,ENC105040,PT12758,GLU,Glucose,104,mg/dL,70,99,H,Routine,2024-06-17 18:48,2024-06-17 19:20,2024-06-17 21:19
LAB711831,ENC105040,PT12758,CREAT,Creatinine,0.79,mg/dL,0.6,1.3,N,STAT,2024-06-17 18:59,2024-06-17 19:20,2024-06-17 19:44
LAB711832,ENC105040,PT12758,WBC,White Blood Cell Count,8.2,K/uL,4.5,11,N,STAT,2024-06-17 18:16,2024-06-17 18:46,2024-06-17 19:14
LAB711833,ENC105040,PT12758,HGB,Hemoglobin,16.4,g/dL,12,17.5,N,Routine,2024-06-17 18:54,2024-06-17 19:19,2024-06-18 00:20
LAB711834,ENC105040,PT12758,NA,Sodium,141,mmol/L,136,145,N,Routine,2024-06-17 18:28,2024-06-17 18:56,2024-06-17 20:48
LAB711835,ENC105040,PT12758,K,Potassium,3.6,mmol/L,3.5,5.1,N,STAT,2024-06-17 19:13,2024-06-17 19:47,2024-06-17 21:00
LAB711836,ENC105040,PT12758,INR,Prothrombin Time INR,1,ratio,0.8,1.2,N,STAT,2024-06-17 18:31,2024-06-17 18:37,2024-06-17 19:12
LAB711837,ENC105042,PT10534,A1C,Hemoglobin A1c,11.3,%,4,5.6,H,Routine,2024-06-17 15:05,2024-06-17 15:31,2024-06-18 02:54
LAB711838,ENC105046,PT12053,A1C,Hemoglobin A1c,5.5,%,4,5.6,N,Routine,2024-06-17 16:07,2024-06-17 16:21,2024-06-18 02:55
LAB711839,ENC105047,PT11559,A1C,Hemoglobin A1c,8.4,%,4,5.6,H,Routine,2024-06-17 16:06,2024-06-17 16:31,2024-06-18 05:17
LAB711840,ENC105047,PT11559,GLU,Glucose,127,mg/dL,70,99,H,Routine,2024-06-17 15:59,2024-06-17 16:13,2024-06-17 17:52
LAB711841,ENC105047,PT11559,CREAT,Creatinine,0.79,mg/dL,0.6,1.3,N,Routine,2024-06-17 16:04,2024-06-17 16:33,2024-06-17 20:59
LAB711842,ENC105048,PT12198,GLU,Glucose,126,mg/dL,70,99,H,STAT,2024-06-17 16:31,2024-06-17 16:37,2024-06-17 17:18
LAB711843,ENC105048,PT12198,CREAT,Creatinine,0.66,mg/dL,0.6,1.3,N,Routine,2024-06-17 16:45,2024-06-17 17:06,2024-06-17 20:00
LAB711844,ENC105049,PT10805,GLU,Glucose,107,mg/dL,70,99,H,Routine,2024-06-17 19:58,2024-06-17 20:05,2024-06-17 23:33
LAB711845,ENC105049,PT10805,CREAT,Creatinine,0.95,mg/dL,0.6,1.3,N,Routine,2024-06-17 19:18,2024-06-17 19:46,2024-06-17 20:54
LAB711846,ENC105049,PT10805,WBC,White Blood Cell Count,8,K/uL,4.5,11,N,STAT,2024-06-17 20:01,2024-06-17 20:23,2024-06-17 21:33
LAB711847,ENC105049,PT10805,HGB,Hemoglobin,11.1,g/dL,12,17.5,L,STAT,2024-06-17 19:48,2024-06-17 20:06,2024-06-17 20:55
LAB711848,ENC105049,PT10805,NA,Sodium,126,mmol/L,136,145,L,STAT,2024-06-17 19:17,2024-06-17 19:34,2024-06-17 20:11
LAB711849,ENC105049,PT10805,K,Potassium,4.6,mmol/L,3.5,5.1,N,STAT,2024-06-17 19:08,2024-06-17 19:18,2024-06-17 19:51
LAB711850,ENC105050,PT12673,GLU,Glucose,129,mg/dL,70,99,H,STAT,2024-06-17 16:24,2024-06-17 16:32,2024-06-17 16:53
LAB711851,ENC105050,PT12673,CREAT,Creatinine,0.93,mg/dL,0.6,1.3,N,STAT,2024-06-17 17:03,2024-06-17 17:36,2024-06-17 18:06
LAB711852,ENC105050,PT12673,WBC,White Blood Cell Count,7.7,K/uL,4.5,11,N,STAT,2024-06-17 17:18,2024-06-17 17:43,2024-06-17 18:12
LAB711853,ENC105052,PT13918,GLU,Glucose,179,mg/dL,70,99,H,Routine,2024-06-17 18:35,2024-06-17 18:49,2024-06-18 04:04
LAB711854,ENC105052,PT13918,CREAT,Creatinine,1.35,mg/dL,0.6,1.3,H,Routine,2024-06-17 18:30,2024-06-17 18:36,2024-06-17 19:58
LAB711855,ENC105052,PT13918,WBC,White Blood Cell Count,10,K/uL,4.5,11,N,STAT,2024-06-17 18:10,2024-06-17 18:25,2024-06-17 19:31
LAB711856,ENC105052,PT13918,TROP,"Troponin I, High Sensitivity",1,ng/L,0,34,N,STAT,2024-06-17 17:37,2024-06-17 17:52,2024-06-17 18:41
LAB711857,ENC105055,PT12541,GLU,Glucose,121,mg/dL,70,99,H,STAT,2024-06-18 09:05,2024-06-18 09:29,2024-06-18 09:50
LAB711858,ENC105055,PT12541,CREAT,Creatinine,0.42,mg/dL,0.6,1.3,L,STAT,2024-06-18 09:43,2024-06-18 10:11,2024-06-18 10:50
LAB711859,ENC105055,PT12541,WBC,White Blood Cell Count,8.3,K/uL,4.5,11,N,STAT,2024-06-18 10:01,2024-06-18 10:34,2024-06-18 11:21
LAB711860,ENC105055,PT12541,HGB,Hemoglobin,7.9,g/dL,12,17.5,L,STAT,2024-06-18 09:18,2024-06-18 09:39,2024-06-18 10:36
LAB711861,ENC105055,PT12541,LACT,Lactate,2.5,mmol/L,0.5,2,H,STAT,2024-06-18 09:29,2024-06-18 09:46,2024-06-18 10:17
LAB711862,ENC105055,PT12541,INR,Prothrombin Time INR,1.1,ratio,0.8,1.2,N,STAT,2024-06-18 09:47,2024-06-18 09:57,2024-06-18 10:58
LAB711863,ENC105057,PT10327,GLU,Glucose,115,mg/dL,70,99,H,Routine,2024-06-18 14:47,2024-06-18 15:21,2024-06-18 17:12
LAB711864,ENC105057,PT10327,CREAT,Creatinine,1.28,mg/dL,0.6,1.3,N,STAT,2024-06-18 14:32,2024-06-18 14:41,2024-06-18 15:13
LAB711865,ENC105057,PT10327,WBC,White Blood Cell Count,12.8,K/uL,4.5,11,H,Routine,2024-06-18 15:04,2024-06-18 15:39,2024-06-18 20:13
LAB711866,ENC105057,PT10327,HGB,Hemoglobin,10.7,g/dL,12,17.5,L,STAT,2024-06-18 15:13,2024-06-18 15:23,2024-06-18 15:51
LAB711867,ENC105059,PT13381,WBC,White Blood Cell Count,4.5,K/uL,4.5,11,N,Routine,2024-06-18 10:25,2024-06-18 10:50,2024-06-18 19:34
LAB711868,ENC105059,PT13381,HGB,Hemoglobin,15.1,g/dL,12,17.5,N,Routine,2024-06-18 10:39,2024-06-18 11:05,2024-06-18 13:46
LAB711869,ENC105059,PT13381,PLT,Platelet Count,242,K/uL,150,400,N,Routine,2024-06-18 10:36,2024-06-18 10:49,2024-06-18 13:23
LAB711870,ENC105061,PT12617,GLU,Glucose,90,mg/dL,70,99,N,Routine,2024-06-18 11:39,2024-06-18 11:57,2024-06-18 23:48
LAB711871,ENC105061,PT12617,CREAT,Creatinine,0.84,mg/dL,0.6,1.3,N,STAT,2024-06-18 12:30,2024-06-18 12:40,2024-06-18 13:05
LAB711872,ENC105061,PT12617,WBC,White Blood Cell Count,8.8,K/uL,4.5,11,N,Routine,2024-06-18 12:00,2024-06-18 12:07,2024-06-18 15:16
LAB711873,ENC105065,PT10567,GLU,Glucose,230,mg/dL,70,99,H,STAT,2024-06-18 16:31,2024-06-18 17:04,2024-06-18 17:38
LAB711874,ENC105065,PT10567,CREAT,Creatinine,1.04,mg/dL,0.6,1.3,N,STAT,2024-06-18 16:31,2024-06-18 16:59,2024-06-18 17:41
LAB711875,ENC105065,PT10567,WBC,White Blood Cell Count,18.5,K/uL,4.5,11,H,Routine,2024-06-18 16:38,2024-06-18 16:44,2024-06-18 19:43
LAB711876,ENC105065,PT10567,HGB,Hemoglobin,11,g/dL,12,17.5,L,STAT,2024-06-18 16:27,2024-06-18 16:34,2024-06-18 17:26
LAB711877,ENC105066,PT11403,WBC,White Blood Cell Count,9.1,K/uL,4.5,11,N,Routine,2024-06-18 13:29,2024-06-18 13:49,2024-06-18 16:04
LAB711878,ENC105066,PT11403,HGB,Hemoglobin,13.6,g/dL,12,17.5,N,Routine,2024-06-18 13:28,2024-06-18 13:34,2024-06-18 19:06
LAB711879,ENC105066,PT11403,PLT,Platelet Count,228,K/uL,150,400,N,Routine,2024-06-18 13:18,2024-06-18 13:42,2024-06-18 20:31
LAB711880,ENC105067,PT11048,GLU,Glucose,78,mg/dL,70,99,N,STAT,2024-06-18 13:47,2024-06-18 14:13,2024-06-18 14:35
LAB711881,ENC105067,PT11048,CREAT,Creatinine,1.14,mg/dL,0.6,1.3,N,STAT,2024-06-18 13:33,2024-06-18 14:05,2024-06-18 14:47
LAB711882,ENC105067,PT11048,WBC,White Blood Cell Count,6.8,K/uL,4.5,11,N,Routine,2024-06-18 13:51,2024-06-18 14:02,2024-06-18 17:54
LAB711883,ENC105067,PT11048,HGB,Hemoglobin,13.4,g/dL,12,17.5,N,STAT,2024-06-18 13:29,2024-06-18 13:42,2024-06-18 14:44
LAB711884,ENC105068,PT11251,GLU,Glucose,106,mg/dL,70,99,H,STAT,2024-06-18 13:37,2024-06-18 13:53,2024-06-18 14:30
LAB711885,ENC105068,PT11251,CREAT,Creatinine,1.25,mg/dL,0.6,1.3,N,STAT,2024-06-18 14:17,2024-06-18 14:40,2024-06-18 15:23
LAB711886,ENC105069,PT11601,GLU,Glucose,89,mg/dL,70,99,N,Routine,2024-06-18 14:34,2024-06-18 14:47,2024-06-18 16:54
LAB711887,ENC105069,PT11601,CREAT,Creatinine,1.39,mg/dL,0.6,1.3,H,Routine,2024-06-18 15:08,2024-06-18 15:27,2024-06-18 18:24
LAB711888,ENC105069,PT11601,WBC,White Blood Cell Count,9.2,K/uL,4.5,11,N,Routine,2024-06-18 14:51,2024-06-18 15:05,2024-06-18 16:29
LAB711889,ENC105073,PT12957,GLU,Glucose,201,mg/dL,70,99,H,STAT,2024-06-18 18:58,2024-06-18 19:16,2024-06-18 20:10
LAB711890,ENC105073,PT12957,CREAT,Creatinine,1.17,mg/dL,0.6,1.3,N,STAT,2024-06-18 19:05,2024-06-18 19:14,2024-06-18 20:04
LAB711891,ENC105073,PT12957,WBC,White Blood Cell Count,4.4,K/uL,4.5,11,L,STAT,2024-06-18 18:55,2024-06-18 19:29,2024-06-18 20:04
LAB711892,ENC105073,PT12957,HGB,Hemoglobin,13.9,g/dL,12,17.5,N,Routine,2024-06-18 19:30,2024-06-18 20:04,2024-06-19 02:18
LAB711893,ENC105074,PT13911,GLU,Glucose,79,mg/dL,70,99,N,STAT,2024-06-18 19:48,2024-06-18 20:22,2024-06-18 21:08
LAB711894,ENC105074,PT13911,CREAT,Creatinine,0.79,mg/dL,0.6,1.3,N,STAT,2024-06-18 19:48,2024-06-18 19:58,2024-06-18 20:39
LAB711895,ENC105074,PT13911,WBC,White Blood Cell Count,5.7,K/uL,4.5,11,N,STAT,2024-06-18 20:10,2024-06-18 20:45,2024-06-18 22:00
LAB711896,ENC105075,PT10834,GLU,Glucose,121,mg/dL,70,99,H,STAT,2024-06-19 04:27,2024-06-19 04:41,2024-06-19 05:31
LAB711897,ENC105075,PT10834,CREAT,Creatinine,0.85,mg/dL,0.6,1.3,N,Routine,2024-06-19 05:00,2024-06-19 05:11,2024-06-19 08:03
LAB711898,ENC105075,PT10834,WBC,White Blood Cell Count,10.5,K/uL,4.5,11,N,Routine,2024-06-19 03:50,2024-06-19 04:24,2024-06-19 07:54
LAB711899,ENC105075,PT10834,HGB,Hemoglobin,12.5,g/dL,12,17.5,N,STAT,2024-06-19 04:44,2024-06-19 04:58,2024-06-19 05:56
LAB711900,ENC105075,PT10834,TROP,"Troponin I, High Sensitivity",447,ng/L,0,34,H,STAT,2024-06-19 04:21,2024-06-19 04:55,2024-06-19 05:42
LAB711901,ENC105076,PT12002,GLU,Glucose,79,mg/dL,70,99,N,STAT,2024-06-19 00:51,2024-06-19 01:02,2024-06-19 03:34
LAB711902,ENC105076,PT12002,CREAT,Creatinine,0.65,mg/dL,0.6,1.3,N,STAT,2024-06-19 00:13,2024-06-19 00:40,2024-06-19 01:38
LAB711903,ENC105076,PT12002,WBC,White Blood Cell Count,9.1,K/uL,4.5,11,N,STAT,2024-06-19 00:50,2024-06-19 01:07,2024-06-19 02:20
LAB711904,ENC105076,PT12002,HGB,Hemoglobin,13.1,g/dL,12,17.5,N,STAT,2024-06-19 00:02,2024-06-19 00:24,2024-06-19 01:12
LAB711905,ENC105076,PT12002,NA,Sodium,141,mmol/L,136,145,N,STAT,2024-06-19 00:53,2024-06-19 01:06,2024-06-19 02:02
LAB711906,ENC105076,PT12002,K,Potassium,4.5,mmol/L,3.5,5.1,N,STAT,2024-06-19 00:24,2024-06-19 00:52,2024-06-19 01:23
LAB711907,ENC105077,PT13059,GLU,Glucose,106,mg/dL,70,99,H,Routine,2024-06-19 04:03,2024-06-19 04:37,2024-06-19 06:51
LAB711908,ENC105077,PT13059,CREAT,Creatinine,0.78,mg/dL,0.6,1.3,N,STAT,2024-06-19 04:01,2024-06-19 04:23,2024-06-19 05:01
LAB711909,ENC105077,PT13059,WBC,White Blood Cell Count,10.4,K/uL,4.5,11,N,STAT,2024-06-19 03:48,2024-06-19 03:54,2024-06-19 04:32
LAB711910,ENC105077,PT13059,HGB,Hemoglobin,16.1,g/dL,12,17.5,N,STAT,2024-06-19 04:14,2024-06-19 04:40,2024-06-19 05:20
LAB711911,ENC105077,PT13059,NA,Sodium,139,mmol/L,136,145,N,Routine,2024-06-19 04:39,2024-06-19 05:12,2024-06-19 08:34
LAB711912,ENC105077,PT13059,K,Potassium,4,mmol/L,3.5,5.1,N,STAT,2024-06-19 04:55,2024-06-19 05:11,2024-06-19 05:35
LAB711913,ENC105078,PT12842,GLU,Glucose,215,mg/dL,70,99,H,Routine,2024-06-19 11:15,2024-06-19 11:42,2024-06-19 14:00
LAB711914,ENC105078,PT12842,CREAT,Creatinine,0.85,mg/dL,0.6,1.3,N,STAT,2024-06-19 10:48,2024-06-19 11:02,2024-06-19 11:30
LAB711915,ENC105078,PT12842,WBC,White Blood Cell Count,6.1,K/uL,4.5,11,N,STAT,2024-06-19 11:03,2024-06-19 11:28,2024-06-19 12:18
LAB711916,ENC105078,PT12842,HGB,Hemoglobin,17,g/dL,12,17.5,N,Routine,2024-06-19 10:57,2024-06-19 11:02,2024-06-19 15:35
LAB711917,ENC105079,PT12744,GLU,Glucose,112,mg/dL,70,99,H,Routine,2024-06-19 10:45,2024-06-19 11:12,2024-06-19 15:07
LAB711918,ENC105079,PT12744,CREAT,Creatinine,1.2,mg/dL,0.6,1.3,N,STAT,2024-06-19 10:56,2024-06-19 11:25,2024-06-19 11:48
LAB711919,ENC105079,PT12744,WBC,White Blood Cell Count,7.7,K/uL,4.5,11,N,STAT,2024-06-19 10:31,2024-06-19 10:41,2024-06-19 11:20
LAB711920,ENC105079,PT12744,HGB,Hemoglobin,11,g/dL,12,17.5,L,Routine,2024-06-19 10:33,2024-06-19 10:38,2024-06-19 12:28
LAB711921,ENC105080,PT12816,GLU,Glucose,88,mg/dL,70,99,N,STAT,2024-06-19 10:41,2024-06-19 11:15,2024-06-19 11:35
LAB711922,ENC105080,PT12816,CREAT,Creatinine,0.79,mg/dL,0.6,1.3,N,STAT,2024-06-19 11:08,2024-06-19 11:17,2024-06-19 12:15
LAB711923,ENC105080,PT12816,WBC,White Blood Cell Count,9.5,K/uL,4.5,11,N,STAT,2024-06-19 10:25,2024-06-19 10:59,2024-06-19 11:55
LAB711924,ENC105080,PT12816,HGB,Hemoglobin,13.9,g/dL,12,17.5,N,Routine,2024-06-19 10:18,2024-06-19 10:48,2024-06-19 13:43
LAB711925,ENC105080,PT12816,NA,Sodium,139,mmol/L,136,145,N,STAT,2024-06-19 11:17,2024-06-19 11:38,2024-06-19 12:07
LAB711926,ENC105080,PT12816,K,Potassium,4.1,mmol/L,3.5,5.1,N,STAT,2024-06-19 10:14,2024-06-19 10:30,2024-06-19 11:14
LAB711927,ENC105080,PT12816,TROP,"Troponin I, High Sensitivity",5,ng/L,0,34,N,STAT,2024-06-19 10:11,2024-06-19 10:23,2024-06-19 10:54
LAB711928,ENC105080,PT12816,BNP,B-Type Natriuretic Peptide,461,pg/mL,0,100,H,Routine,2024-06-19 10:56,2024-06-19 11:28,2024-06-19 12:08
LAB711929,ENC105081,PT10603,GLU,Glucose,82,mg/dL,70,99,N,STAT,2024-06-19 08:35,2024-06-19 08:55,2024-06-19 09:42
LAB711930,ENC105081,PT10603,CREAT,Creatinine,0.83,mg/dL,0.6,1.3,N,STAT,2024-06-19 08:34,2024-06-19 08:46,2024-06-19 09:32
LAB711931,ENC105081,PT10603,WBC,White Blood Cell Count,9.8,K/uL,4.5,11,N,STAT,2024-06-19 08:11,2024-06-19 08:30,2024-06-19 09:13
LAB711932,ENC105081,PT10603,HGB,Hemoglobin,11.7,g/dL,12,17.5,L,STAT,2024-06-19 09:15,2024-06-19 09:26,2024-06-19 10:48
LAB711933,ENC105083,PT11897,GLU,Glucose,191,mg/dL,70,99,H,STAT,2024-06-19 14:03,2024-06-19 14:28,2024-06-19 15:10
LAB711934,ENC105083,PT11897,CREAT,Creatinine,0.83,mg/dL,0.6,1.3,N,STAT,2024-06-19 14:26,2024-06-19 14:53,2024-06-19 15:28
LAB711935,ENC105083,PT11897,WBC,White Blood Cell Count,12.3,K/uL,4.5,11,H,STAT,2024-06-19 13:58,2024-06-19 14:02,2024-06-19 14:37
LAB711936,ENC105083,PT11897,HGB,Hemoglobin,10.8,g/dL,12,17.5,L,STAT,2024-06-19 13:48,2024-06-19 14:07,2024-06-19 14:33
LAB711937,ENC105083,PT11897,NA,Sodium,143,mmol/L,136,145,N,Routine,2024-06-19 14:09,2024-06-19 14:38,2024-06-19 17:22
LAB711938,ENC105083,PT11897,K,Potassium,4,mmol/L,3.5,5.1,N,STAT,2024-06-19 14:12,2024-06-19 14:31,2024-06-19 14:55
LAB711939,ENC105085,PT12664,GLU,Glucose,101,mg/dL,70,99,H,STAT,2024-06-19 11:07,2024-06-19 11:35,2024-06-19 13:33
LAB711940,ENC105085,PT12664,CREAT,Creatinine,0.47,mg/dL,0.6,1.3,L,Routine,2024-06-19 11:02,2024-06-19 11:13,2024-06-19 20:15
LAB711941,ENC105085,PT12664,WBC,White Blood Cell Count,7.7,K/uL,4.5,11,N,Routine,2024-06-19 11:12,2024-06-19 11:20,2024-06-19 13:24
LAB711942,ENC105085,PT12664,HGB,Hemoglobin,14.5,g/dL,12,17.5,N,STAT,2024-06-19 11:10,2024-06-19 11:32,2024-06-19 12:33
LAB711943,ENC105086,PT11383,GLU,Glucose,102,mg/dL,70,99,H,STAT,2024-06-19 11:18,2024-06-19 11:28,2024-06-19 12:07
LAB711944,ENC105086,PT11383,CREAT,Creatinine,1.08,mg/dL,0.6,1.3,N,STAT,2024-06-19 11:40,2024-06-19 11:56,2024-06-19 12:47
LAB711945,ENC105086,PT11383,WBC,White Blood Cell Count,5.5,K/uL,4.5,11,N,Routine,2024-06-19 11:19,2024-06-19 11:29,2024-06-19 12:32
LAB711946,ENC105086,PT11383,HGB,Hemoglobin,14.4,g/dL,12,17.5,N,Routine,2024-06-19 11:41,2024-06-19 12:10,2024-06-19 16:11
LAB711947,ENC105087,PT10851,GLU,Glucose,72,mg/dL,70,99,N,STAT,2024-06-19 16:12,2024-06-19 16:47,2024-06-19 17:28
LAB711948,ENC105087,PT10851,CREAT,Creatinine,1,mg/dL,0.6,1.3,N,STAT,2024-06-19 15:49,2024-06-19 16:12,2024-06-19 17:04
LAB711949,ENC105087,PT10851,WBC,White Blood Cell Count,7.4,K/uL,4.5,11,N,STAT,2024-06-19 15:26,2024-06-19 15:31,2024-06-19 16:14
LAB711950,ENC105087,PT10851,HGB,Hemoglobin,13.3,g/dL,12,17.5,N,STAT,2024-06-19 16:14,2024-06-19 16:35,2024-06-19 17:05
LAB711951,ENC105087,PT10851,NA,Sodium,124,mmol/L,136,145,L,STAT,2024-06-19 15:27,2024-06-19 15:36,2024-06-19 16:19
LAB711952,ENC105087,PT10851,K,Potassium,4,mmol/L,3.5,5.1,N,STAT,2024-06-19 16:00,2024-06-19 16:06,2024-06-19 17:00
LAB711953,ENC105090,PT11104,GLU,Glucose,96,mg/dL,70,99,N,STAT,2024-06-19 15:24,2024-06-19 15:45,2024-06-19 16:56
LAB711954,ENC105090,PT11104,CREAT,Creatinine,0.95,mg/dL,0.6,1.3,N,STAT,2024-06-19 15:30,2024-06-19 16:02,2024-06-19 17:20
LAB711955,ENC105090,PT11104,WBC,White Blood Cell Count,7.6,K/uL,4.5,11,N,Routine,2024-06-19 15:11,2024-06-19 15:44,2024-06-19 22:49
LAB711956,ENC105090,PT11104,HGB,Hemoglobin,14.1,g/dL,12,17.5,N,Routine,2024-06-19 16:05,2024-06-19 16:37,2024-06-19 21:46
LAB711957,ENC105090,PT11104,BUN,Blood Urea Nitrogen,12,mg/dL,7,20,N,STAT,2024-06-19 15:04,2024-06-19 15:17,2024-06-19 16:30
LAB711958,ENC105090,PT11104,PLT,Platelet Count,229,K/uL,150,400,N,STAT,2024-06-19 15:07,2024-06-19 15:28,2024-06-19 16:09
LAB711959,ENC105091,PT11905,LDL,LDL Cholesterol,161,mg/dL,0,99,H,Routine,2024-06-19 13:12,2024-06-19 13:43,2024-06-20 05:22
LAB711960,ENC105091,PT11905,A1C,Hemoglobin A1c,5.8,%,4,5.6,H,Routine,2024-06-19 12:54,2024-06-19 13:11,2024-06-20 00:18
LAB711961,ENC105092,PT12454,GLU,Glucose,102,mg/dL,70,99,H,Routine,2024-06-19 14:03,2024-06-19 14:19,2024-06-19 16:32
LAB711962,ENC105092,PT12454,CREAT,Creatinine,0.76,mg/dL,0.6,1.3,N,Routine,2024-06-19 14:10,2024-06-19 14:35,2024-06-19 21:14
LAB711963,ENC105093,PT12300,GLU,Glucose,113,mg/dL,70,99,H,STAT,2024-06-19 17:48,2024-06-19 17:53,2024-06-19 18:13
LAB711964,ENC105093,PT12300,CREAT,Creatinine,1.05,mg/dL,0.6,1.3,N,Routine,2024-06-19 17:31,2024-06-19 17:56,2024-06-19 20:35
LAB711965,ENC105093,PT12300,WBC,White Blood Cell Count,8.1,K/uL,4.5,11,N,Routine,2024-06-19 17:47,2024-06-19 17:58,2024-06-19 18:38
LAB711966,ENC105093,PT12300,HGB,Hemoglobin,17.5,g/dL,12,17.5,N,Routine,2024-06-19 17:43,2024-06-19 17:58,2024-06-20 01:00
LAB711967,ENC105095,PT11672,A1C,Hemoglobin A1c,10.7,%,4,5.6,H,Routine,2024-06-19 14:43,2024-06-19 14:57,2024-06-20 04:22
LAB711968,ENC105095,PT11672,GLU,Glucose,393,mg/dL,70,99,H,Routine,2024-06-19 14:44,2024-06-19 15:03,2024-06-19 17:58
LAB711969,ENC105095,PT11672,CREAT,Creatinine,0.96,mg/dL,0.6,1.3,N,Routine,2024-06-19 14:39,2024-06-19 15:03,2024-06-19 18:16
LAB711970,ENC105096,PT12935,LDL,LDL Cholesterol,165,mg/dL,0,99,H,Routine,2024-06-19 14:52,2024-06-19 15:25,2024-06-20 02:51
LAB711971,ENC105097,PT12520,GLU,Glucose,98,mg/dL,70,99,N,STAT,2024-06-19 15:00,2024-06-19 15:23,2024-06-19 16:02
LAB711972,ENC105097,PT12520,CREAT,Creatinine,0.92,mg/dL,0.6,1.3,N,Routine,2024-06-19 15:14,2024-06-19 15:21,2024-06-19 19:41
LAB711973,ENC105097,PT12520,WBC,White Blood Cell Count,5.8,K/uL,4.5,11,N,STAT,2024-06-19 15:47,2024-06-19 15:53,2024-06-19 16:15
LAB711974,ENC105097,PT12520,INR,Prothrombin Time INR,1,ratio,0.8,1.2,N,STAT,2024-06-19 15:03,2024-06-19 15:16,2024-06-19 16:03
LAB711975,ENC105100,PT10856,GLU,Glucose,350,mg/dL,70,99,H,STAT,2024-06-19 21:05,2024-06-19 21:31,2024-06-19 22:18
LAB711976,ENC105100,PT10856,CREAT,Creatinine,0.97,mg/dL,0.6,1.3,N,STAT,2024-06-19 20:42,2024-06-19 21:04,2024-06-19 21:29
LAB711977,ENC105100,PT10856,WBC,White Blood Cell Count,5.9,K/uL,4.5,11,N,STAT,2024-06-19 20:54,2024-06-19 21:14,2024-06-19 21:43
LAB711978,ENC105100,PT10856,HGB,Hemoglobin,13.5,g/dL,12,17.5,N,STAT,2024-06-19 20:10,2024-06-19 20:40,2024-06-19 21:30
LAB711979,ENC105100,PT10856,NA,Sodium,141,mmol/L,136,145,N,STAT,2024-06-19 20:30,2024-06-19 20:46,2024-06-19 21:23
LAB711980,ENC105100,PT10856,K,Potassium,3.8,mmol/L,3.5,5.1,N,STAT,2024-06-19 20:25,2024-06-19 20:48,2024-06-19 21:57
LAB711981,ENC105100,PT10856,A1C,Hemoglobin A1c,10.1,%,4,5.6,H,STAT,2024-06-19 20:14,2024-06-19 20:42,2024-06-19 21:15
LAB711982,ENC105101,PT12168,GLU,Glucose,98,mg/dL,70,99,N,STAT,2024-06-19 20:52,2024-06-19 21:05,2024-06-19 22:12
LAB711983,ENC105101,PT12168,CREAT,Creatinine,1.14,mg/dL,0.6,1.3,N,STAT,2024-06-19 20:22,2024-06-19 20:41,2024-06-19 21:22
LAB711984,ENC105101,PT12168,WBC,White Blood Cell Count,7.3,K/uL,4.5,11,N,STAT,2024-06-19 20:18,2024-06-19 20:41,2024-06-19 21:27
LAB711985,ENC105101,PT12168,HGB,Hemoglobin,15,g/dL,12,17.5,N,STAT,2024-06-19 20:51,2024-06-19 21:07,2024-06-19 21:47
LAB711986,ENC105101,PT12168,TROP,"Troponin I, High Sensitivity",3,ng/L,0,34,N,STAT,2024-06-19 20:42,2024-06-19 21:04,2024-06-19 21:43
LAB711987,ENC105103,PT10099,GLU,Glucose,105,mg/dL,70,99,H,Routine,2024-06-19 20:29,2024-06-19 20:55,2024-06-19 22:53
LAB711988,ENC105103,PT10099,CREAT,Creatinine,1.46,mg/dL,0.6,1.3,H,Routine,2024-06-19 21:31,2024-06-19 21:48,2024-06-20 01:18
LAB711989,ENC105103,PT10099,WBC,White Blood Cell Count,8.4,K/uL,4.5,11,N,Routine,2024-06-19 20:43,2024-06-19 21:11,2024-06-19 23:21
LAB711990,ENC105103,PT10099,HGB,Hemoglobin,13,g/dL,12,17.5,N,STAT,2024-06-19 21:26,2024-06-19 21:52,2024-06-19 22:34
LAB711991,ENC105103,PT10099,LACT,Lactate,1.6,mmol/L,0.5,2,N,STAT,2024-06-19 21:11,2024-06-19 21:15,2024-06-19 22:09
LAB711992,ENC105104,PT13870,GLU,Glucose,118,mg/dL,70,99,H,STAT,2024-06-19 21:30,2024-06-19 21:47,2024-06-19 22:26
LAB711993,ENC105104,PT13870,CREAT,Creatinine,0.8,mg/dL,0.6,1.3,N,STAT,2024-06-19 21:39,2024-06-19 22:10,2024-06-20 00:21
LAB711994,ENC105104,PT13870,WBC,White Blood Cell Count,9.5,K/uL,4.5,11,N,Routine,2024-06-19 20:50,2024-06-19 21:17,2024-06-19 23:50
LAB711995,ENC105104,PT13870,HGB,Hemoglobin,14.6,g/dL,12,17.5,N,STAT,2024-06-19 21:07,2024-06-19 21:15,2024-06-19 21:48
LAB711996,ENC105104,PT13870,TROP,"Troponin I, High Sensitivity",455,ng/L,0,34,H,STAT,2024-06-19 21:23,2024-06-19 21:41,2024-06-19 22:20
LAB711997,ENC105105,PT11661,GLU,Glucose,120,mg/dL,70,99,H,STAT,2024-06-19 19:13,2024-06-19 19:18,2024-06-19 20:01
LAB711998,ENC105105,PT11661,CREAT,Creatinine,0.52,mg/dL,0.6,1.3,L,STAT,2024-06-19 18:28,2024-06-19 18:36,2024-06-19 19:11
LAB711999,ENC105105,PT11661,WBC,White Blood Cell Count,10.4,K/uL,4.5,11,N,Routine,2024-06-19 18:11,2024-06-19 18:30,2024-06-20 02:39
LAB712000,ENC105105,PT11661,HGB,Hemoglobin,13.1,g/dL,12,17.5,N,STAT,2024-06-19 18:27,2024-06-19 18:38,2024-06-19 19:19
LAB712001,ENC105105,PT11661,BUN,Blood Urea Nitrogen,20,mg/dL,7,20,N,STAT,2024-06-19 19:10,2024-06-19 19:25,2024-06-19 19:51
LAB712002,ENC105105,PT11661,PLT,Platelet Count,180,K/uL,150,400,N,STAT,2024-06-19 18:47,2024-06-19 19:16,2024-06-19 19:52
LAB712003,ENC105106,PT12274,GLU,Glucose,107,mg/dL,70,99,H,Routine,2024-06-19 20:09,2024-06-19 20:28,2024-06-20 02:48
LAB712004,ENC105106,PT12274,CREAT,Creatinine,1.44,mg/dL,0.6,1.3,H,STAT,2024-06-19 20:21,2024-06-19 20:50,2024-06-19 22:05
LAB712005,ENC105106,PT12274,WBC,White Blood Cell Count,9.1,K/uL,4.5,11,N,STAT,2024-06-19 20:06,2024-06-19 20:15,2024-06-19 20:51
LAB712006,ENC105106,PT12274,HGB,Hemoglobin,12,g/dL,12,17.5,N,STAT,2024-06-19 20:17,2024-06-19 20:31,2024-06-19 21:28
LAB712007,ENC105108,PT11666,GLU,Glucose,95,mg/dL,70,99,N,Routine,2024-06-20 04:01,2024-06-20 04:06,2024-06-20 06:52
LAB712008,ENC105108,PT11666,CREAT,Creatinine,1.07,mg/dL,0.6,1.3,N,STAT,2024-06-20 04:51,2024-06-20 05:10,2024-06-20 05:32
LAB712009,ENC105108,PT11666,WBC,White Blood Cell Count,0.3,K/uL,4.5,11,LL,STAT,2024-06-20 04:08,2024-06-20 04:39,2024-06-20 05:27
LAB712010,ENC105108,PT11666,HGB,Hemoglobin,13.3,g/dL,12,17.5,N,STAT,2024-06-20 04:44,2024-06-20 05:16,2024-06-20 05:47
LAB712011,ENC105109,PT10098,GLU,Glucose,232,mg/dL,70,99,H,STAT,2024-06-20 06:33,2024-06-20 06:49,2024-06-20 07:41
LAB712012,ENC105109,PT10098,CREAT,Creatinine,0.79,mg/dL,0.6,1.3,N,STAT,2024-06-20 06:35,2024-06-20 06:52,2024-06-20 07:39
LAB712013,ENC105109,PT10098,WBC,White Blood Cell Count,5.6,K/uL,4.5,11,N,Routine,2024-06-20 05:42,2024-06-20 06:11,2024-06-20 08:43
LAB712014,ENC105109,PT10098,HGB,Hemoglobin,12.9,g/dL,12,17.5,N,Routine,2024-06-20 06:26,2024-06-20 06:41,2024-06-20 11:52
LAB712015,ENC105110,PT11848,GLU,Glucose,102,mg/dL,70,99,H,STAT,2024-06-20 04:03,2024-06-20 04:28,2024-06-20 04:48
LAB712016,ENC105110,PT11848,CREAT,Creatinine,1.04,mg/dL,0.6,1.3,N,Routine,2024-06-20 03:55,2024-06-20 04:13,2024-06-20 06:12
LAB712017,ENC105110,PT11848,WBC,White Blood Cell Count,8.8,K/uL,4.5,11,N,Routine,2024-06-20 03:46,2024-06-20 03:51,2024-06-20 05:38
LAB712018,ENC105110,PT11848,HGB,Hemoglobin,13.6,g/dL,12,17.5,N,Routine,2024-06-20 03:43,2024-06-20 04:02,2024-06-20 06:32
LAB712019,ENC105110,PT11848,INR,Prothrombin Time INR,1,ratio,0.8,1.2,N,Routine,2024-06-20 03:34,2024-06-20 03:57,2024-06-20 07:57
LAB712020,ENC105111,PT10569,GLU,Glucose,196,mg/dL,70,99,H,Routine,2024-06-20 05:43,2024-06-20 06:04,2024-06-20 07:43
LAB712021,ENC105111,PT10569,CREAT,Creatinine,1.36,mg/dL,0.6,1.3,H,Routine,2024-06-20 06:14,2024-06-20 06:36,2024-06-20 09:03
LAB712022,ENC105111,PT10569,WBC,White Blood Cell Count,9.6,K/uL,4.5,11,N,STAT,2024-06-20 06:14,2024-06-20 06:43,2024-06-20 07:55
LAB712023,ENC105111,PT10569,HGB,Hemoglobin,13.4,g/dL,12,17.5,N,STAT,2024-06-20 05:54,2024-06-20 06:00,2024-06-20 06:46
LAB712024,ENC105112,PT13502,GLU,Glucose,171,mg/dL,70,99,H,STAT,2024-06-20 06:49,2024-06-20 07:12,2024-06-20 07:55
LAB712025,ENC105112,PT13502,CREAT,Creatinine,0.66,mg/dL,0.6,1.3,N,STAT,2024-06-20 07:17,2024-06-20 07:50,2024-06-20 08:30
LAB712026,ENC105112,PT13502,WBC,White Blood Cell Count,6.2,K/uL,4.5,11,N,Routine,2024-06-20 07:03,2024-06-20 07:19,2024-06-20 12:43
LAB712027,ENC105112,PT13502,HGB,Hemoglobin,15.3,g/dL,12,17.5,N,Routine,2024-06-20 07:50,2024-06-20 07:55,2024-06-20 09:41
LAB712028,ENC105115,PT10608,LDL,LDL Cholesterol,104,mg/dL,0,99,H,Routine,2024-06-20 08:51,2024-06-20 09:20,2024-06-21 02:07
LAB712029,ENC105116,PT13871,GLU,Glucose,115,mg/dL,70,99,H,Routine,2024-06-20 09:16,2024-06-20 09:36,2024-06-20 12:31
LAB712030,ENC105116,PT13871,CREAT,Creatinine,1.11,mg/dL,0.6,1.3,N,STAT,2024-06-20 08:38,2024-06-20 09:01,2024-06-20 10:00
LAB712031,ENC105116,PT13871,WBC,White Blood Cell Count,8.8,K/uL,4.5,11,N,STAT,2024-06-20 09:15,2024-06-20 09:37,2024-06-20 10:28
LAB712032,ENC105116,PT13871,TROP,"Troponin I, High Sensitivity",2,ng/L,0,34,N,STAT,2024-06-20 09:12,2024-06-20 09:25,2024-06-20 09:47
LAB712033,ENC105119,PT12785,TROP,"Troponin I, High Sensitivity",12,ng/L,0,34,N,STAT,2024-06-20 09:57,2024-06-20 10:22,2024-06-20 11:09
LAB712034,ENC105120,PT12617,GLU,Glucose,82,mg/dL,70,99,N,Routine,2024-06-20 09:38,2024-06-20 09:58,2024-06-20 12:56
LAB712035,ENC105120,PT12617,CREAT,Creatinine,0.81,mg/dL,0.6,1.3,N,Routine,2024-06-20 10:09,2024-06-20 10:16,2024-06-20 12:21
LAB712036,ENC105121,PT11984,LDL,LDL Cholesterol,102,mg/dL,0,99,H,Routine,2024-06-20 09:39,2024-06-20 10:04,2024-06-20 17:45
LAB712037,ENC105121,PT11984,A1C,Hemoglobin A1c,7.1,%,4,5.6,H,Routine,2024-06-20 09:48,2024-06-20 10:00,2024-06-20 20:20
LAB712038,ENC105124,PT10465,GLU,Glucose,130,mg/dL,70,99,H,STAT,2024-06-20 14:30,2024-06-20 14:45,2024-06-20 15:05
LAB712039,ENC105124,PT10465,CREAT,Creatinine,2.69,mg/dL,0.6,1.3,H,Routine,2024-06-20 14:46,2024-06-20 15:09,2024-06-20 18:16
LAB712040,ENC105124,PT10465,WBC,White Blood Cell Count,9.9,K/uL,4.5,11,N,STAT,2024-06-20 14:54,2024-06-20 15:12,2024-06-20 16:05
LAB712041,ENC105124,PT10465,HGB,Hemoglobin,13.1,g/dL,12,17.5,N,STAT,2024-06-20 14:23,2024-06-20 14:37,2024-06-20 15:36
LAB712042,ENC105124,PT10465,NA,Sodium,139,mmol/L,136,145,N,Routine,2024-06-20 14:38,2024-06-20 15:11,2024-06-20 16:56
LAB712043,ENC105124,PT10465,K,Potassium,5,mmol/L,3.5,5.1,N,STAT,2024-06-20 14:30,2024-06-20 14:58,2024-06-20 15:57
LAB712044,ENC105125,PT13506,WBC,White Blood Cell Count,9.5,K/uL,4.5,11,N,Routine,2024-06-20 11:23,2024-06-20 11:30,2024-06-20 13:44
LAB712045,ENC105125,PT13506,HGB,Hemoglobin,13.2,g/dL,12,17.5,N,Routine,2024-06-20 11:10,2024-06-20 11:24,2024-06-20 13:25
LAB712046,ENC105125,PT13506,PLT,Platelet Count,197,K/uL,150,400,N,Routine,2024-06-20 11:08,2024-06-20 11:12,2024-06-20 13:11
LAB712047,ENC105126,PT10367,GLU,Glucose,122,mg/dL,70,99,H,Routine,2024-06-20 14:14,2024-06-20 14:29,2024-06-20 15:47
LAB712048,ENC105126,PT10367,CREAT,Creatinine,1.08,mg/dL,0.6,1.3,N,STAT,2024-06-20 14:18,2024-06-20 14:52,2024-06-20 15:33
LAB712049,ENC105126,PT10367,WBC,White Blood Cell Count,5.4,K/uL,4.5,11,N,STAT,2024-06-20 14:20,2024-06-20 14:36,2024-06-20 14:54
LAB712050,ENC105126,PT10367,HGB,Hemoglobin,13.8,g/dL,12,17.5,N,STAT,2024-06-20 14:54,2024-06-20 14:59,2024-06-20 16:03
LAB712051,ENC105127,PT10135,A1C,Hemoglobin A1c,6.5,%,4,5.6,H,Routine,2024-06-20 12:35,2024-06-20 12:52,2024-06-21 01:09
LAB712052,ENC105127,PT10135,GLU,Glucose,202,mg/dL,70,99,H,Routine,2024-06-20 12:36,2024-06-20 13:03,2024-06-20 15:04
LAB712053,ENC105127,PT10135,CREAT,Creatinine,0.95,mg/dL,0.6,1.3,N,Routine,2024-06-20 12:57,2024-06-20 13:27,2024-06-20 15:52
LAB712054,ENC105129,PT11149,GLU,Glucose,100,mg/dL,70,99,H,STAT,2024-06-20 13:46,2024-06-20 14:02,2024-06-20 14:29
LAB712055,ENC105129,PT11149,CREAT,Creatinine,0.88,mg/dL,0.6,1.3,N,Routine,2024-06-20 13:30,2024-06-20 13:37,2024-06-20 17:36
LAB712056,ENC105129,PT11149,WBC,White Blood Cell Count,7.5,K/uL,4.5,11,N,Routine,2024-06-20 13:40,2024-06-20 13:59,2024-06-20 17:19
LAB712057,ENC105130,PT13751,GLU,Glucose,142,mg/dL,70,99,H,STAT,2024-06-20 17:29,2024-06-20 17:35,2024-06-20 18:48
LAB712058,ENC105130,PT13751,CREAT,Creatinine,0.96,mg/dL,0.6,1.3,N,STAT,2024-06-20 17:40,2024-06-20 18:14,2024-06-20 19:31
LAB712059,ENC105130,PT13751,WBC,White Blood Cell Count,12.3,K/uL,4.5,11,H,STAT,2024-06-20 17:42,2024-06-20 17:50,2024-06-20 18:48
LAB712060,ENC105130,PT13751,HGB,Hemoglobin,14.4,g/dL,12,17.5,N,STAT,2024-06-20 16:55,2024-06-20 17:26,2024-06-20 18:11
LAB712061,ENC105130,PT13751,TROP,"Troponin I, High Sensitivity",977,ng/L,0,34,H,STAT,2024-06-20 16:52,2024-06-20 17:27,2024-06-20 18:00
LAB712062,ENC105133,PT13483,LDL,LDL Cholesterol,159,mg/dL,0,99,H,Routine,2024-06-20 15:22,2024-06-20 15:49,2024-06-21 02:23
LAB712063,ENC105134,PT13426,GLU,Glucose,118,mg/dL,70,99,H,Routine,2024-06-20 15:57,2024-06-20 16:10,2024-06-20 18:08
LAB712064,ENC105134,PT13426,CREAT,Creatinine,0.75,mg/dL,0.6,1.3,N,Routine,2024-06-20 16:52,2024-06-20 17:23,2024-06-20 22:17
LAB712065,ENC105134,PT13426,WBC,White Blood Cell Count,9.1,K/uL,4.5,11,N,STAT,2024-06-20 16:17,2024-06-20 16:21,2024-06-20 16:38
LAB712066,ENC105134,PT13426,HGB,Hemoglobin,15.1,g/dL,12,17.5,N,STAT,2024-06-20 16:04,2024-06-20 16:32,2024-06-20 17:09
LAB712067,ENC105134,PT13426,LACT,Lactate,4.6,mmol/L,0.5,2,HH,STAT,2024-06-20 17:06,2024-06-20 17:19,2024-06-20 18:05
LAB712068,ENC105135,PT10959,GLU,Glucose,69,mg/dL,70,99,L,Routine,2024-06-21 00:35,2024-06-21 01:05,2024-06-21 03:23
LAB712069,ENC105135,PT10959,CREAT,Creatinine,0.91,mg/dL,0.6,1.3,N,Routine,2024-06-21 00:14,2024-06-21 00:41,2024-06-21 02:42
LAB712070,ENC105135,PT10959,WBC,White Blood Cell Count,7.8,K/uL,4.5,11,N,STAT,2024-06-20 23:57,2024-06-21 00:23,2024-06-21 01:07
LAB712071,ENC105135,PT10959,HGB,Hemoglobin,14.5,g/dL,12,17.5,N,STAT,2024-06-21 00:39,2024-06-21 01:04,2024-06-21 01:35
LAB712072,ENC105137,PT10489,GLU,Glucose,96,mg/dL,70,99,N,STAT,2024-06-21 00:25,2024-06-21 00:53,2024-06-21 01:10
LAB712073,ENC105137,PT10489,CREAT,Creatinine,0.5,mg/dL,0.6,1.3,L,Routine,2024-06-21 00:21,2024-06-21 00:50,2024-06-21 05:07
LAB712074,ENC105137,PT10489,WBC,White Blood Cell Count,9.2,K/uL,4.5,11,N,STAT,2024-06-21 00:24,2024-06-21 00:53,2024-06-21 01:46
LAB712075,ENC105137,PT10489,HGB,Hemoglobin,14.4,g/dL,12,17.5,N,STAT,2024-06-21 00:11,2024-06-21 00:42,2024-06-21 02:00
LAB712076,ENC105138,PT11524,GLU,Glucose,103,mg/dL,70,99,H,STAT,2024-06-20 22:34,2024-06-20 22:55,2024-06-20 23:32
LAB712077,ENC105138,PT11524,CREAT,Creatinine,0.8,mg/dL,0.6,1.3,N,STAT,2024-06-20 23:32,2024-06-20 23:49,2024-06-21 00:52
LAB712078,ENC105138,PT11524,WBC,White Blood Cell Count,5.8,K/uL,4.5,11,N,Routine,2024-06-20 22:47,2024-06-20 23:19,2024-06-21 01:00
LAB712079,ENC105138,PT11524,HGB,Hemoglobin,11.4,g/dL,12,17.5,L,Routine,2024-06-20 22:50,2024-06-20 23:19,2024-06-21 01:05
LAB712080,ENC105139,PT11023,GLU,Glucose,116,mg/dL,70,99,H,Routine,2024-06-21 07:33,2024-06-21 07:50,2024-06-21 11:22
LAB712081,ENC105139,PT11023,CREAT,Creatinine,1.27,mg/dL,0.6,1.3,N,Routine,2024-06-21 07:05,2024-06-21 07:26,2024-06-21 08:31
LAB712082,ENC105139,PT11023,WBC,White Blood Cell Count,7.6,K/uL,4.5,11,N,Routine,2024-06-21 07:07,2024-06-21 07:36,2024-06-21 10:21
LAB712083,ENC105139,PT11023,TROP,"Troponin I, High Sensitivity",8,ng/L,0,34,N,STAT,2024-06-21 07:31,2024-06-21 07:53,2024-06-21 08:34
LAB712084,ENC105140,PT10338,GLU,Glucose,95,mg/dL,70,99,N,Routine,2024-06-21 08:37,2024-06-21 08:45,2024-06-21 15:38
LAB712085,ENC105140,PT10338,CREAT,Creatinine,1.18,mg/dL,0.6,1.3,N,Routine,2024-06-21 09:33,2024-06-21 09:50,2024-06-21 14:02
LAB712086,ENC105140,PT10338,WBC,White Blood Cell Count,8.1,K/uL,4.5,11,N,STAT,2024-06-21 08:41,2024-06-21 08:59,2024-06-21 10:24
LAB712087,ENC105140,PT10338,HGB,Hemoglobin,11.5,g/dL,12,17.5,L,STAT,2024-06-21 09:17,2024-06-21 09:36,2024-06-21 10:29
LAB712088,ENC105140,PT10338,TROP,"Troponin I, High Sensitivity",7,ng/L,0,34,N,STAT,2024-06-21 09:10,2024-06-21 09:19,2024-06-21 09:49
LAB712089,ENC105141,PT10398,GLU,Glucose,177,mg/dL,70,99,H,STAT,2024-06-21 08:38,2024-06-21 08:49,2024-06-21 09:24
LAB712090,ENC105141,PT10398,CREAT,Creatinine,1.21,mg/dL,0.6,1.3,N,STAT,2024-06-21 09:04,2024-06-21 09:25,2024-06-21 10:22
LAB712091,ENC105141,PT10398,WBC,White Blood Cell Count,2.6,K/uL,4.5,11,L,Routine,2024-06-21 08:24,2024-06-21 08:49,2024-06-21 12:33
LAB712092,ENC105141,PT10398,HGB,Hemoglobin,13.4,g/dL,12,17.5,N,STAT,2024-06-21 08:56,2024-06-21 09:08,2024-06-21 09:55
LAB712093,ENC105141,PT10398,LACT,Lactate,2.8,mmol/L,0.5,2,H,STAT,2024-06-21 08:49,2024-06-21 09:07,2024-06-21 09:53
LAB712094,ENC105144,PT11913,LDL,LDL Cholesterol,77,mg/dL,0,99,N,Routine,2024-06-21 09:01,2024-06-21 09:12,2024-06-22 07:18
LAB712095,ENC105145,PT10646,LDL,LDL Cholesterol,137,mg/dL,0,99,H,Routine,2024-06-21 09:03,2024-06-21 09:27,2024-06-21 18:52
LAB712096,ENC105145,PT10646,TSH,Thyroid Stimulating Hormone,11.04,mIU/L,0.4,4,H,Routine,2024-06-21 08:56,2024-06-21 09:31,2024-06-22 13:01
LAB712097,ENC105147,PT12205,GLU,Glucose,102,mg/dL,70,99,H,Routine,2024-06-21 11:40,2024-06-21 11:50,2024-06-21 15:38
LAB712098,ENC105147,PT12205,CREAT,Creatinine,0.91,mg/dL,0.6,1.3,N,STAT,2024-06-21 11:20,2024-06-21 11:54,2024-06-21 12:39
LAB712099,ENC105147,PT12205,WBC,White Blood Cell Count,6.6,K/uL,4.5,11,N,Routine,2024-06-21 11:53,2024-06-21 12:20,2024-06-21 15:49
LAB712100,ENC105147,PT12205,HGB,Hemoglobin,14.7,g/dL,12,17.5,N,STAT,2024-06-21 11:19,2024-06-21 11:44,2024-06-21 12:19
LAB712101,ENC105147,PT12205,TROP,"Troponin I, High Sensitivity",60,ng/L,0,34,H,STAT,2024-06-21 11:57,2024-06-21 12:27,2024-06-21 13:06
LAB712102,ENC105147,PT12205,BNP,B-Type Natriuretic Peptide,2293,pg/mL,0,100,H,STAT,2024-06-21 11:25,2024-06-21 11:49,2024-06-21 12:21
LAB712103,ENC105148,PT10886,INR,Prothrombin Time INR,2.1,ratio,0.8,1.2,H,Routine,2024-06-21 10:52,2024-06-21 11:15,2024-06-21 14:29
LAB712104,ENC105150,PT11882,LDL,LDL Cholesterol,119,mg/dL,0,99,H,Routine,2024-06-21 11:10,2024-06-21 11:23,2024-06-22 03:01
LAB712105,ENC105150,PT11882,A1C,Hemoglobin A1c,5.4,%,4,5.6,N,Routine,2024-06-21 10:59,2024-06-21 11:14,2024-06-22 17:38
LAB712106,ENC105151,PT10644,GLU,Glucose,104,mg/dL,70,99,H,STAT,2024-06-21 14:07,2024-06-21 14:13,2024-06-21 15:40
LAB712107,ENC105151,PT10644,CREAT,Creatinine,1.14,mg/dL,0.6,1.3,N,Routine,2024-06-21 14:25,2024-06-21 15:00,2024-06-22 00:36
LAB712108,ENC105151,PT10644,WBC,White Blood Cell Count,14.3,K/uL,4.5,11,H,Routine,2024-06-21 14:25,2024-06-21 14:41,2024-06-21 17:42
LAB712109,ENC105151,PT10644,HGB,Hemoglobin,10.7,g/dL,12,17.5,L,Routine,2024-06-21 14:26,2024-06-21 14:38,2024-06-21 17:23
LAB712110,ENC105153,PT12841,A1C,Hemoglobin A1c,9.8,%,4,5.6,H,Routine,2024-06-21 11:54,2024-06-21 12:25,2024-06-22 09:33
LAB712111,ENC105154,PT10893,GLU,Glucose,89,mg/dL,70,99,N,STAT,2024-06-21 12:25,2024-06-21 12:49,2024-06-21 14:13
LAB712112,ENC105154,PT10893,CREAT,Creatinine,0.8,mg/dL,0.6,1.3,N,Routine,2024-06-21 12:57,2024-06-21 13:21,2024-06-21 14:56
LAB712113,ENC105154,PT10893,WBC,White Blood Cell Count,9.2,K/uL,4.5,11,N,STAT,2024-06-21 12:14,2024-06-21 12:29,2024-06-21 13:53
LAB712114,ENC105154,PT10893,HGB,Hemoglobin,10.3,g/dL,12,17.5,L,STAT,2024-06-21 13:21,2024-06-21 13:27,2024-06-21 14:44
LAB712115,ENC105154,PT10893,NA,Sodium,139,mmol/L,136,145,N,Routine,2024-06-21 13:22,2024-06-21 13:40,2024-06-21 19:09
LAB712116,ENC105154,PT10893,K,Potassium,3.6,mmol/L,3.5,5.1,N,STAT,2024-06-21 13:08,2024-06-21 13:41,2024-06-21 14:40
LAB712117,ENC105155,PT10130,GLU,Glucose,129,mg/dL,70,99,H,STAT,2024-06-21 13:43,2024-06-21 14:06,2024-06-21 14:35
LAB712118,ENC105155,PT10130,CREAT,Creatinine,0.88,mg/dL,0.6,1.3,N,Routine,2024-06-21 13:01,2024-06-21 13:21,2024-06-21 15:15
LAB712119,ENC105155,PT10130,WBC,White Blood Cell Count,4.9,K/uL,4.5,11,N,STAT,2024-06-21 13:52,2024-06-21 14:19,2024-06-21 14:58
LAB712120,ENC105158,PT11183,WBC,White Blood Cell Count,8.8,K/uL,4.5,11,N,Routine,2024-06-21 13:27,2024-06-21 14:00,2024-06-21 16:33
LAB712121,ENC105158,PT11183,HGB,Hemoglobin,11.5,g/dL,12,17.5,L,Routine,2024-06-21 13:32,2024-06-21 13:40,2024-06-21 14:28
LAB712122,ENC105158,PT11183,PLT,Platelet Count,171,K/uL,150,400,N,Routine,2024-06-21 13:33,2024-06-21 13:54,2024-06-21 16:01
LAB712123,ENC105159,PT13594,LDL,LDL Cholesterol,114,mg/dL,0,99,H,Routine,2024-06-21 13:41,2024-06-21 14:16,2024-06-22 03:13
LAB712124,ENC105159,PT13594,A1C,Hemoglobin A1c,5.4,%,4,5.6,N,Routine,2024-06-21 13:51,2024-06-21 14:10,2024-06-22 00:33
LAB712125,ENC105160,PT13933,WBC,White Blood Cell Count,7.1,K/uL,4.5,11,N,Routine,2024-06-21 15:21,2024-06-21 15:30,2024-06-21 19:35
LAB712126,ENC105160,PT13933,HGB,Hemoglobin,14.2,g/dL,12,17.5,N,Routine,2024-06-21 15:10,2024-06-21 15:42,2024-06-21 17:12
LAB712127,ENC105160,PT13933,PLT,Platelet Count,299,K/uL,150,400,N,Routine,2024-06-21 15:21,2024-06-21 15:44,2024-06-21 17:46
LAB712128,ENC105161,PT11057,GLU,Glucose,107,mg/dL,70,99,H,STAT,2024-06-21 15:13,2024-06-21 15:28,2024-06-21 16:11
LAB712129,ENC105161,PT11057,CREAT,Creatinine,1.2,mg/dL,0.6,1.3,N,STAT,2024-06-21 15:18,2024-06-21 15:41,2024-06-21 16:33
LAB712130,ENC105161,PT11057,TROP,"Troponin I, High Sensitivity",9,ng/L,0,34,N,STAT,2024-06-21 16:02,2024-06-21 16:25,2024-06-21 17:01
LAB712131,ENC105162,PT10399,A1C,Hemoglobin A1c,7.1,%,4,5.6,H,Routine,2024-06-21 15:51,2024-06-21 16:12,2024-06-22 00:54
LAB712132,ENC105164,PT13798,GLU,Glucose,106,mg/dL,70,99,H,STAT,2024-06-21 20:43,2024-06-21 21:00,2024-06-21 22:10
LAB712133,ENC105164,PT13798,CREAT,Creatinine,0.92,mg/dL,0.6,1.3,N,Routine,2024-06-21 19:53,2024-06-21 20:13,2024-06-22 00:11
LAB712134,ENC105164,PT13798,WBC,White Blood Cell Count,7,K/uL,4.5,11,N,STAT,2024-06-21 20:21,2024-06-21 20:31,2024-06-21 21:40
LAB712135,ENC105164,PT13798,HGB,Hemoglobin,14.8,g/dL,12,17.5,N,STAT,2024-06-21 20:25,2024-06-21 20:55,2024-06-21 21:34
LAB712136,ENC105165,PT13665,GLU,Glucose,85,mg/dL,70,99,N,Routine,2024-06-21 22:05,2024-06-21 22:33,2024-06-22 02:00
LAB712137,ENC105165,PT13665,CREAT,Creatinine,0.57,mg/dL,0.6,1.3,L,STAT,2024-06-21 21:30,2024-06-21 21:56,2024-06-21 22:30
LAB712138,ENC105165,PT13665,WBC,White Blood Cell Count,9.3,K/uL,4.5,11,N,STAT,2024-06-21 22:07,2024-06-21 22:14,2024-06-21 23:26
LAB712139,ENC105165,PT13665,HGB,Hemoglobin,12.1,g/dL,12,17.5,N,STAT,2024-06-21 22:03,2024-06-21 22:17,2024-06-21 23:15
LAB712140,ENC105166,PT13091,GLU,Glucose,80,mg/dL,70,99,N,STAT,2024-06-22 03:30,2024-06-22 03:47,2024-06-22 04:20
LAB712141,ENC105166,PT13091,CREAT,Creatinine,0.66,mg/dL,0.6,1.3,N,STAT,2024-06-22 03:42,2024-06-22 03:57,2024-06-22 04:49
LAB712142,ENC105166,PT13091,WBC,White Blood Cell Count,9,K/uL,4.5,11,N,STAT,2024-06-22 02:41,2024-06-22 02:51,2024-06-22 03:19
LAB712143,ENC105166,PT13091,HGB,Hemoglobin,15,g/dL,12,17.5,N,STAT,2024-06-22 03:09,2024-06-22 03:26,2024-06-22 04:36
LAB712144,ENC105167,PT10332,GLU,Glucose,176,mg/dL,70,99,H,Routine,2024-06-22 06:41,2024-06-22 06:56,2024-06-22 11:13
LAB712145,ENC105167,PT10332,CREAT,Creatinine,0.71,mg/dL,0.6,1.3,N,STAT,2024-06-22 06:53,2024-06-22 07:24,2024-06-22 08:05
LAB712146,ENC105167,PT10332,WBC,White Blood Cell Count,7.2,K/uL,4.5,11,N,STAT,2024-06-22 05:59,2024-06-22 06:12,2024-06-22 06:45
LAB712147,ENC105167,PT10332,HGB,Hemoglobin,14.9,g/dL,12,17.5,N,Routine,2024-06-22 07:02,2024-06-22 07:27,2024-06-22 09:06
LAB712148,ENC105168,PT11622,GLU,Glucose,213,mg/dL,70,99,H,Routine,2024-06-22 10:13,2024-06-22 10:29,2024-06-22 15:13
LAB712149,ENC105168,PT11622,CREAT,Creatinine,0.69,mg/dL,0.6,1.3,N,Routine,2024-06-22 10:30,2024-06-22 11:03,2024-06-22 16:58
LAB712150,ENC105168,PT11622,WBC,White Blood Cell Count,5.8,K/uL,4.5,11,N,STAT,2024-06-22 10:37,2024-06-22 11:06,2024-06-22 11:49
LAB712151,ENC105168,PT11622,HGB,Hemoglobin,13.8,g/dL,12,17.5,N,STAT,2024-06-22 10:18,2024-06-22 10:45,2024-06-22 11:31
LAB712152,ENC105169,PT12992,GLU,Glucose,82,mg/dL,70,99,N,STAT,2024-06-22 10:17,2024-06-22 10:22,2024-06-22 10:55
LAB712153,ENC105169,PT12992,CREAT,Creatinine,0.95,mg/dL,0.6,1.3,N,Routine,2024-06-22 10:46,2024-06-22 11:10,2024-06-22 13:14
LAB712154,ENC105169,PT12992,WBC,White Blood Cell Count,5.9,K/uL,4.5,11,N,STAT,2024-06-22 10:11,2024-06-22 10:24,2024-06-22 11:15
LAB712155,ENC105169,PT12992,HGB,Hemoglobin,16.1,g/dL,12,17.5,N,STAT,2024-06-22 10:56,2024-06-22 11:07,2024-06-22 11:59
LAB712156,ENC105169,PT12992,TROP,"Troponin I, High Sensitivity",752,ng/L,0,34,H,STAT,2024-06-22 11:06,2024-06-22 11:24,2024-06-22 12:10
LAB712157,ENC105170,PT11218,GLU,Glucose,101,mg/dL,70,99,H,Routine,2024-06-22 12:36,2024-06-22 12:54,2024-06-22 14:27
LAB712158,ENC105170,PT11218,CREAT,Creatinine,0.86,mg/dL,0.6,1.3,N,Routine,2024-06-22 12:26,2024-06-22 12:45,2024-06-22 16:23
LAB712159,ENC105170,PT11218,WBC,White Blood Cell Count,3.3,K/uL,4.5,11,L,Routine,2024-06-22 13:06,2024-06-22 13:18,2024-06-22 14:59
LAB712160,ENC105170,PT11218,HGB,Hemoglobin,15.6,g/dL,12,17.5,N,Routine,2024-06-22 12:58,2024-06-22 13:05,2024-06-22 16:00
LAB712161,ENC105170,PT11218,INR,Prothrombin Time INR,1.8,ratio,0.8,1.2,H,STAT,2024-06-22 13:19,2024-06-22 13:33,2024-06-22 15:08
LAB712162,ENC105171,PT12532,GLU,Glucose,88,mg/dL,70,99,N,STAT,2024-06-22 11:03,2024-06-22 11:34,2024-06-22 12:21
LAB712163,ENC105171,PT12532,CREAT,Creatinine,1.12,mg/dL,0.6,1.3,N,Routine,2024-06-22 11:30,2024-06-22 12:04,2024-06-22 14:26
LAB712164,ENC105171,PT12532,WBC,White Blood Cell Count,13.1,K/uL,4.5,11,H,STAT,2024-06-22 10:52,2024-06-22 11:15,2024-06-22 12:00
LAB712165,ENC105172,PT13735,GLU,Glucose,66,mg/dL,70,99,L,Routine,2024-06-22 13:34,2024-06-22 14:02,2024-06-22 18:55
LAB712166,ENC105172,PT13735,CREAT,Creatinine,0.81,mg/dL,0.6,1.3,N,Routine,2024-06-22 14:12,2024-06-22 14:42,2024-06-22 18:45
LAB712167,ENC105172,PT13735,WBC,White Blood Cell Count,5.2,K/uL,4.5,11,N,STAT,2024-06-22 14:07,2024-06-22 14:15,2024-06-22 14:33
LAB712168,ENC105172,PT13735,HGB,Hemoglobin,8.9,g/dL,12,17.5,L,STAT,2024-06-22 14:14,2024-06-22 14:43,2024-06-22 15:06
LAB712169,ENC105172,PT13735,NA,Sodium,139,mmol/L,136,145,N,STAT,2024-06-22 13:25,2024-06-22 13:38,2024-06-22 14:12
LAB712170,ENC105172,PT13735,K,Potassium,4.3,mmol/L,3.5,5.1,N,STAT,2024-06-22 14:24,2024-06-22 14:39,2024-06-22 15:26
LAB712171,ENC105172,PT13735,BUN,Blood Urea Nitrogen,18,mg/dL,7,20,N,STAT,2024-06-22 13:22,2024-06-22 13:46,2024-06-22 14:52
LAB712172,ENC105172,PT13735,PLT,Platelet Count,316,K/uL,150,400,N,STAT,2024-06-22 13:22,2024-06-22 13:36,2024-06-22 14:36
LAB712173,ENC105172,PT13735,INR,Prothrombin Time INR,1.1,ratio,0.8,1.2,N,STAT,2024-06-22 13:43,2024-06-22 13:49,2024-06-22 14:24
LAB712174,ENC105174,PT12167,GLU,Glucose,189,mg/dL,70,99,H,STAT,2024-06-22 13:34,2024-06-22 13:56,2024-06-22 14:32
LAB712175,ENC105174,PT12167,CREAT,Creatinine,0.62,mg/dL,0.6,1.3,N,STAT,2024-06-22 13:42,2024-06-22 14:04,2024-06-22 15:03
LAB712176,ENC105175,PT11468,GLU,Glucose,113,mg/dL,70,99,H,Routine,2024-06-22 13:46,2024-06-22 14:19,2024-06-22 17:55
LAB712177,ENC105175,PT11468,CREAT,Creatinine,1.05,mg/dL,0.6,1.3,N,Routine,2024-06-22 14:00,2024-06-22 14:27,2024-06-22 16:12
LAB712178,ENC105175,PT11468,WBC,White Blood Cell Count,6.2,K/uL,4.5,11,N,STAT,2024-06-22 13:50,2024-06-22 14:19,2024-06-22 15:25
LAB712179,ENC105175,PT11468,HGB,Hemoglobin,13.7,g/dL,12,17.5,N,Routine,2024-06-22 13:16,2024-06-22 13:34,2024-06-22 15:04
LAB712180,ENC105178,PT12488,GLU,Glucose,86,mg/dL,70,99,N,STAT,2024-06-22 17:03,2024-06-22 17:24,2024-06-22 18:08
LAB712181,ENC105178,PT12488,CREAT,Creatinine,1.14,mg/dL,0.6,1.3,N,STAT,2024-06-22 18:01,2024-06-22 18:21,2024-06-22 19:07
LAB712182,ENC105178,PT12488,WBC,White Blood Cell Count,6.4,K/uL,4.5,11,N,STAT,2024-06-22 17:18,2024-06-22 17:41,2024-06-22 18:18
LAB712183,ENC105178,PT12488,HGB,Hemoglobin,11.9,g/dL,12,17.5,L,STAT,2024-06-22 17:35,2024-06-22 18:08,2024-06-22 19:10
LAB712184,ENC105179,PT11300,GLU,Glucose,75,mg/dL,70,99,N,STAT,2024-06-22 18:52,2024-06-22 18:56,2024-06-22 19:56
LAB712185,ENC105179,PT11300,CREAT,Creatinine,1.1,mg/dL,0.6,1.3,N,STAT,2024-06-22 18:18,2024-06-22 18:32,2024-06-22 19:55
LAB712186,ENC105179,PT11300,WBC,White Blood Cell Count,10.4,K/uL,4.5,11,N,STAT,2024-06-22 18:47,2024-06-22 19:09,2024-06-22 19:48
LAB712187,ENC105179,PT11300,HGB,Hemoglobin,7.5,g/dL,12,17.5,L,STAT,2024-06-22 18:17,2024-06-22 18:47,2024-06-22 19:12
LAB712188,ENC105179,PT11300,INR,Prothrombin Time INR,1.1,ratio,0.8,1.2,N,Routine,2024-06-22 18:49,2024-06-22 19:22,2024-06-22 20:54
LAB712189,ENC105180,PT12043,GLU,Glucose,114,mg/dL,70,99,H,STAT,2024-06-22 18:15,2024-06-22 18:34,2024-06-22 19:20
LAB712190,ENC105180,PT12043,CREAT,Creatinine,1.04,mg/dL,0.6,1.3,N,Routine,2024-06-22 18:50,2024-06-22 19:10,2024-06-22 20:01
LAB712191,ENC105180,PT12043,WBC,White Blood Cell Count,8,K/uL,4.5,11,N,STAT,2024-06-22 18:26,2024-06-22 18:57,2024-06-22 19:34
LAB712192,ENC105180,PT12043,HGB,Hemoglobin,12.1,g/dL,12,17.5,N,Routine,2024-06-22 19:04,2024-06-22 19:13,2024-06-22 21:14
LAB712193,ENC105182,PT10337,GLU,Glucose,109,mg/dL,70,99,H,STAT,2024-06-22 20:53,2024-06-22 21:18,2024-06-22 22:47
LAB712194,ENC105182,PT10337,CREAT,Creatinine,1.23,mg/dL,0.6,1.3,N,Routine,2024-06-22 21:31,2024-06-22 21:59,2024-06-22 23:51
LAB712195,ENC105182,PT10337,WBC,White Blood Cell Count,15.1,K/uL,4.5,11,H,Routine,2024-06-22 20:50,2024-06-22 21:04,2024-06-23 00:04
LAB712196,ENC105182,PT10337,HGB,Hemoglobin,14.1,g/dL,12,17.5,N,STAT,2024-06-22 21:24,2024-06-22 21:48,2024-06-22 22:47
LAB712197,ENC105183,PT10860,GLU,Glucose,91,mg/dL,70,99,N,STAT,2024-06-22 22:29,2024-06-22 23:04,2024-06-22 23:33
LAB712198,ENC105183,PT10860,CREAT,Creatinine,1.13,mg/dL,0.6,1.3,N,Routine,2024-06-22 21:54,2024-06-22 21:59,2024-06-22 23:00
LAB712199,ENC105183,PT10860,WBC,White Blood Cell Count,11.5,K/uL,4.5,11,H,Routine,2024-06-22 22:07,2024-06-22 22:30,2024-06-23 06:19
LAB712200,ENC105183,PT10860,HGB,Hemoglobin,12.5,g/dL,12,17.5,N,STAT,2024-06-22 21:40,2024-06-22 22:07,2024-06-22 23:36
LAB712201,ENC105183,PT10860,NA,Sodium,143,mmol/L,136,145,N,STAT,2024-06-22 22:29,2024-06-22 22:42,2024-06-22 23:42
LAB712202,ENC105183,PT10860,K,Potassium,4.8,mmol/L,3.5,5.1,N,STAT,2024-06-22 21:34,2024-06-22 22:02,2024-06-22 22:51
LAB712203,ENC105184,PT13841,GLU,Glucose,170,mg/dL,70,99,H,Routine,2024-06-23 01:28,2024-06-23 02:00,2024-06-23 05:01
LAB712204,ENC105184,PT13841,CREAT,Creatinine,0.83,mg/dL,0.6,1.3,N,STAT,2024-06-23 01:51,2024-06-23 02:11,2024-06-23 03:39
LAB712205,ENC105184,PT13841,WBC,White Blood Cell Count,12.5,K/uL,4.5,11,H,Routine,2024-06-23 01:32,2024-06-23 02:05,2024-06-23 06:09
LAB712206,ENC105184,PT13841,HGB,Hemoglobin,15.1,g/dL,12,17.5,N,Routine,2024-06-23 01:22,2024-06-23 01:33,2024-06-23 02:32
LAB712207,ENC105184,PT13841,NA,Sodium,135,mmol/L,136,145,L,STAT,2024-06-23 02:02,2024-06-23 02:15,2024-06-23 03:23
LAB712208,ENC105184,PT13841,K,Potassium,4,mmol/L,3.5,5.1,N,STAT,2024-06-23 02:21,2024-06-23 02:47,2024-06-23 04:26
LAB712209,ENC105186,PT10886,GLU,Glucose,225,mg/dL,70,99,H,STAT,2024-06-23 09:21,2024-06-23 09:49,2024-06-23 10:23
LAB712210,ENC105186,PT10886,CREAT,Creatinine,0.91,mg/dL,0.6,1.3,N,STAT,2024-06-23 09:41,2024-06-23 10:05,2024-06-23 10:42
LAB712211,ENC105186,PT10886,WBC,White Blood Cell Count,13.6,K/uL,4.5,11,H,STAT,2024-06-23 08:55,2024-06-23 09:07,2024-06-23 09:38
LAB712212,ENC105186,PT10886,HGB,Hemoglobin,14.1,g/dL,12,17.5,N,STAT,2024-06-23 09:15,2024-06-23 09:33,2024-06-23 10:36
LAB712213,ENC105187,PT13739,GLU,Glucose,118,mg/dL,70,99,H,STAT,2024-06-23 14:20,2024-06-23 14:42,2024-06-23 15:39
LAB712214,ENC105187,PT13739,CREAT,Creatinine,1,mg/dL,0.6,1.3,N,Routine,2024-06-23 13:49,2024-06-23 13:54,2024-06-23 16:14
LAB712215,ENC105187,PT13739,WBC,White Blood Cell Count,6.4,K/uL,4.5,11,N,STAT,2024-06-23 13:59,2024-06-23 14:04,2024-06-23 15:35
LAB712216,ENC105187,PT13739,HGB,Hemoglobin,13.6,g/dL,12,17.5,N,STAT,2024-06-23 14:51,2024-06-23 15:10,2024-06-23 15:51
LAB712217,ENC105187,PT13739,TROP,"Troponin I, High Sensitivity",3,ng/L,0,34,N,STAT,2024-06-23 14:49,2024-06-23 15:06,2024-06-23 15:41
LAB712218,ENC105190,PT13849,GLU,Glucose,101,mg/dL,70,99,H,STAT,2024-06-23 16:19,2024-06-23 16:40,2024-06-23 18:07
LAB712219,ENC105190,PT13849,CREAT,Creatinine,1.35,mg/dL,0.6,1.3,H,Routine,2024-06-23 16:01,2024-06-23 16:29,2024-06-23 18:18
LAB712220,ENC105190,PT13849,WBC,White Blood Cell Count,6.9,K/uL,4.5,11,N,Routine,2024-06-23 16:01,2024-06-23 16:26,2024-06-23 18:15
LAB712221,ENC105190,PT13849,HGB,Hemoglobin,15.9,g/dL,12,17.5,N,STAT,2024-06-23 16:41,2024-06-23 17:16,2024-06-23 17:44
LAB712222,ENC105190,PT13849,TROP,"Troponin I, High Sensitivity",9,ng/L,0,34,N,STAT,2024-06-23 16:13,2024-06-23 16:18,2024-06-23 16:49
LAB712223,ENC105191,PT10507,GLU,Glucose,97,mg/dL,70,99,N,Routine,2024-06-23 14:09,2024-06-23 14:28,2024-06-23 17:28
LAB712224,ENC105191,PT10507,CREAT,Creatinine,0.94,mg/dL,0.6,1.3,N,STAT,2024-06-23 13:42,2024-06-23 14:02,2024-06-23 15:08
LAB712225,ENC105191,PT10507,WBC,White Blood Cell Count,8.3,K/uL,4.5,11,N,STAT,2024-06-23 14:30,2024-06-23 14:38,2024-06-23 15:39
LAB712226,ENC105191,PT10507,HGB,Hemoglobin,13.5,g/dL,12,17.5,N,STAT,2024-06-23 14:32,2024-06-23 14:41,2024-06-23 15:28
LAB712227,ENC105192,PT12208,GLU,Glucose,87,mg/dL,70,99,N,Routine,2024-06-23 14:44,2024-06-23 15:11,2024-06-23 19:06
LAB712228,ENC105192,PT12208,CREAT,Creatinine,1.02,mg/dL,0.6,1.3,N,STAT,2024-06-23 14:23,2024-06-23 14:34,2024-06-23 14:52
LAB712229,ENC105192,PT12208,WBC,White Blood Cell Count,9.2,K/uL,4.5,11,N,STAT,2024-06-23 14:47,2024-06-23 15:18,2024-06-23 16:15
LAB712230,ENC105192,PT12208,HGB,Hemoglobin,12.1,g/dL,12,17.5,N,STAT,2024-06-23 14:19,2024-06-23 14:45,2024-06-23 15:05
LAB712231,ENC105193,PT12641,GLU,Glucose,234,mg/dL,70,99,H,STAT,2024-06-23 17:42,2024-06-23 18:05,2024-06-23 19:13
LAB712232,ENC105193,PT12641,CREAT,Creatinine,1.01,mg/dL,0.6,1.3,N,STAT,2024-06-23 18:12,2024-06-23 18:25,2024-06-23 18:53
LAB712233,ENC105193,PT12641,WBC,White Blood Cell Count,0.4,K/uL,4.5,11,LL,STAT,2024-06-23 17:27,2024-06-23 17:55,2024-06-23 18:18
LAB712234,ENC105193,PT12641,HGB,Hemoglobin,9.5,g/dL,12,17.5,L,STAT,2024-06-23 17:53,2024-06-23 18:23,2024-06-23 19:34
LAB712235,ENC105193,PT12641,NA,Sodium,142,mmol/L,136,145,N,STAT,2024-06-23 17:23,2024-06-23 17:43,2024-06-23 18:50
LAB712236,ENC105193,PT12641,K,Potassium,4.3,mmol/L,3.5,5.1,N,STAT,2024-06-23 18:09,2024-06-23 18:32,2024-06-23 19:14
LAB712237,ENC105195,PT12555,GLU,Glucose,100,mg/dL,70,99,H,STAT,2024-06-24 04:04,2024-06-24 04:35,2024-06-24 05:58
LAB712238,ENC105195,PT12555,CREAT,Creatinine,0.93,mg/dL,0.6,1.3,N,STAT,2024-06-24 03:56,2024-06-24 04:00,2024-06-24 05:08
LAB712239,ENC105195,PT12555,WBC,White Blood Cell Count,4.9,K/uL,4.5,11,N,Routine,2024-06-24 03:33,2024-06-24 03:54,2024-06-24 07:04
LAB712240,ENC105196,PT13855,GLU,Glucose,67,mg/dL,70,99,L,STAT,2024-06-24 06:32,2024-06-24 06:36,2024-06-24 07:27
LAB712241,ENC105196,PT13855,CREAT,Creatinine,0.7,mg/dL,0.6,1.3,N,STAT,2024-06-24 06:57,2024-06-24 07:19,2024-06-24 07:57
LAB712242,ENC105197,PT11930,GLU,Glucose,123,mg/dL,70,99,H,STAT,2024-06-24 08:18,2024-06-24 08:37,2024-06-24 09:26
LAB712243,ENC105197,PT11930,CREAT,Creatinine,0.92,mg/dL,0.6,1.3,N,STAT,2024-06-24 08:04,2024-06-24 08:21,2024-06-24 08:55
LAB712244,ENC105197,PT11930,WBC,White Blood Cell Count,8.2,K/uL,4.5,11,N,STAT,2024-06-24 07:25,2024-06-24 07:50,2024-06-24 08:29
LAB712245,ENC105197,PT11930,HGB,Hemoglobin,15.1,g/dL,12,17.5,N,STAT,2024-06-24 08:02,2024-06-24 08:28,2024-06-24 09:08
LAB712246,ENC105199,PT10317,LDL,LDL Cholesterol,107,mg/dL,0,99,H,Routine,2024-06-24 08:27,2024-06-24 08:59,2024-06-24 20:36
LAB712247,ENC105199,PT10317,A1C,Hemoglobin A1c,9,%,4,5.6,H,Routine,2024-06-24 08:38,2024-06-24 08:55,2024-06-24 16:06
LAB712248,ENC105199,PT10317,TSH,Thyroid Stimulating Hormone,1.37,mIU/L,0.4,4,N,Routine,2024-06-24 08:42,2024-06-24 09:17,2024-06-24 18:16
LAB712249,ENC105200,PT12346,GLU,Glucose,90,mg/dL,70,99,N,STAT,2024-06-24 08:41,2024-06-24 09:15,2024-06-24 10:28
LAB712250,ENC105200,PT12346,CREAT,Creatinine,0.76,mg/dL,0.6,1.3,N,Routine,2024-06-24 09:15,2024-06-24 09:20,2024-06-24 11:56
LAB712251,ENC105200,PT12346,WBC,White Blood Cell Count,11.2,K/uL,4.5,11,H,STAT,2024-06-24 08:44,2024-06-24 08:54,2024-06-24 09:50
LAB712252,ENC105202,PT13175,GLU,Glucose,109,mg/dL,70,99,H,Routine,2024-06-24 10:30,2024-06-24 10:55,2024-06-24 14:52
LAB712253,ENC105202,PT13175,CREAT,Creatinine,0.91,mg/dL,0.6,1.3,N,STAT,2024-06-24 10:23,2024-06-24 10:28,2024-06-24 11:33
LAB712254,ENC105202,PT13175,WBC,White Blood Cell Count,10,K/uL,4.5,11,N,STAT,2024-06-24 10:35,2024-06-24 11:10,2024-06-24 12:25
LAB712255,ENC105202,PT13175,HGB,Hemoglobin,13.4,g/dL,12,17.5,N,Routine,2024-06-24 09:56,2024-06-24 10:04,2024-06-24 13:30
LAB712256,ENC105203,PT10509,LDL,LDL Cholesterol,120,mg/dL,0,99,H,Routine,2024-06-24 09:58,2024-06-24 10:16,2024-06-25 13:34
LAB712257,ENC105203,PT10509,A1C,Hemoglobin A1c,4.8,%,4,5.6,N,Routine,2024-06-24 09:51,2024-06-24 10:24,2024-06-25 03:01
LAB712258,ENC105204,PT11795,LDL,LDL Cholesterol,91,mg/dL,0,99,N,Routine,2024-06-24 10:40,2024-06-24 11:12,2024-06-24 22:16
LAB712259,ENC105204,PT11795,A1C,Hemoglobin A1c,5.4,%,4,5.6,N,Routine,2024-06-24 10:38,2024-06-24 10:51,2024-06-25 05:32
LAB712260,ENC105205,PT10611,WBC,White Blood Cell Count,5.5,K/uL,4.5,11,N,Routine,2024-06-24 11:09,2024-06-24 11:21,2024-06-24 13:25
LAB712261,ENC105205,PT10611,HGB,Hemoglobin,13.7,g/dL,12,17.5,N,Routine,2024-06-24 11:06,2024-06-24 11:10,2024-06-24 14:20
LAB712262,ENC105205,PT10611,PLT,Platelet Count,321,K/uL,150,400,N,Routine,2024-06-24 11:25,2024-06-24 11:52,2024-06-24 17:46
LAB712263,ENC105207,PT12434,GLU,Glucose,64,mg/dL,70,99,L,STAT,2024-06-24 15:54,2024-06-24 16:10,2024-06-24 16:52
LAB712264,ENC105207,PT12434,CREAT,Creatinine,0.86,mg/dL,0.6,1.3,N,STAT,2024-06-24 15:27,2024-06-24 16:00,2024-06-24 16:40
LAB712265,ENC105207,PT12434,WBC,White Blood Cell Count,8,K/uL,4.5,11,N,Routine,2024-06-24 15:56,2024-06-24 16:15,2024-06-24 17:59
LAB712266,ENC105207,PT12434,HGB,Hemoglobin,14.3,g/dL,12,17.5,N,STAT,2024-06-24 15:20,2024-06-24 15:37,2024-06-24 16:18
LAB712267,ENC105210,PT12030,GLU,Glucose,114,mg/dL,70,99,H,STAT,2024-06-24 13:07,2024-06-24 13:39,2024-06-24 14:14
LAB712268,ENC105210,PT12030,CREAT,Creatinine,1.21,mg/dL,0.6,1.3,N,STAT,2024-06-24 13:23,2024-06-24 13:41,2024-06-24 14:35
LAB712269,ENC105211,PT12919,LDL,LDL Cholesterol,206,mg/dL,0,99,H,Routine,2024-06-24 13:42,2024-06-24 14:10,2024-06-26 04:29
LAB712270,ENC105211,PT12919,TSH,Thyroid Stimulating Hormone,2.99,mIU/L,0.4,4,N,Routine,2024-06-24 13:34,2024-06-24 13:59,2024-06-24 22:29
LAB712271,ENC105212,PT10985,LDL,LDL Cholesterol,93,mg/dL,0,99,N,Routine,2024-06-24 13:41,2024-06-24 13:48,2024-06-24 22:45
LAB712272,ENC105212,PT10985,A1C,Hemoglobin A1c,5.3,%,4,5.6,N,Routine,2024-06-24 13:39,2024-06-24 13:53,2024-06-25 04:38
LAB712273,ENC105212,PT10985,TSH,Thyroid Stimulating Hormone,3.93,mIU/L,0.4,4,N,Routine,2024-06-24 13:45,2024-06-24 14:00,2024-06-24 22:45
LAB712274,ENC105213,PT10152,LDL,LDL Cholesterol,153,mg/dL,0,99,H,Routine,2024-06-24 13:48,2024-06-24 13:57,2024-06-24 17:00
LAB712275,ENC105213,PT10152,TSH,Thyroid Stimulating Hormone,3.19,mIU/L,0.4,4,N,Routine,2024-06-24 13:58,2024-06-24 14:26,2024-06-25 02:21
LAB712276,ENC105214,PT12787,GLU,Glucose,104,mg/dL,70,99,H,Routine,2024-06-24 15:08,2024-06-24 15:24,2024-06-24 17:58
LAB712277,ENC105214,PT12787,CREAT,Creatinine,0.66,mg/dL,0.6,1.3,N,STAT,2024-06-24 14:58,2024-06-24 15:33,2024-06-24 17:01
LAB712278,ENC105214,PT12787,WBC,White Blood Cell Count,7.8,K/uL,4.5,11,N,STAT,2024-06-24 15:02,2024-06-24 15:31,2024-06-24 16:43
LAB712279,ENC105214,PT12787,HGB,Hemoglobin,14.8,g/dL,12,17.5,N,STAT,2024-06-24 14:36,2024-06-24 15:00,2024-06-24 15:32
LAB712280,ENC105219,PT13941,LDL,LDL Cholesterol,150,mg/dL,0,99,H,Routine,2024-06-24 16:37,2024-06-24 16:47,2024-06-25 00:49
LAB712281,ENC105219,PT13941,TSH,Thyroid Stimulating Hormone,1.54,mIU/L,0.4,4,N,Routine,2024-06-24 16:57,2024-06-24 17:08,2024-06-25 01:49
LAB712282,ENC105220,PT11619,GLU,Glucose,123,mg/dL,70,99,H,STAT,2024-06-24 18:57,2024-06-24 19:27,2024-06-24 20:12
LAB712283,ENC105220,PT11619,CREAT,Creatinine,0.86,mg/dL,0.6,1.3,N,STAT,2024-06-24 18:58,2024-06-24 19:16,2024-06-24 19:46
LAB712284,ENC105220,PT11619,TROP,"Troponin I, High Sensitivity",3,ng/L,0,34,N,STAT,2024-06-24 19:08,2024-06-24 19:28,2024-06-24 20:01
LAB712285,ENC105221,PT12598,GLU,Glucose,255,mg/dL,70,99,H,Routine,2024-06-24 20:44,2024-06-24 20:48,2024-06-24 22:00
LAB712286,ENC105221,PT12598,CREAT,Creatinine,0.75,mg/dL,0.6,1.3,N,STAT,2024-06-24 21:07,2024-06-24 21:17,2024-06-24 21:58
LAB712287,ENC105221,PT12598,WBC,White Blood Cell Count,10.4,K/uL,4.5,11,N,Routine,2024-06-24 20:37,2024-06-24 20:56,2024-06-24 23:45
LAB712288,ENC105221,PT12598,HGB,Hemoglobin,13.8,g/dL,12,17.5,N,STAT,2024-06-24 20:42,2024-06-24 21:03,2024-06-24 22:05
LAB712289,ENC105221,PT12598,NA,Sodium,142,mmol/L,136,145,N,STAT,2024-06-24 21:26,2024-06-24 21:54,2024-06-24 22:29
LAB712290,ENC105221,PT12598,K,Potassium,3.9,mmol/L,3.5,5.1,N,STAT,2024-06-24 21:19,2024-06-24 21:39,2024-06-24 22:25
LAB712291,ENC105222,PT13878,GLU,Glucose,101,mg/dL,70,99,H,Routine,2024-06-24 19:39,2024-06-24 19:58,2024-06-25 00:46
LAB712292,ENC105222,PT13878,CREAT,Creatinine,1.7,mg/dL,0.6,1.3,H,Routine,2024-06-24 20:15,2024-06-24 20:48,2024-06-24 21:46
LAB712293,ENC105222,PT13878,WBC,White Blood Cell Count,9.1,K/uL,4.5,11,N,STAT,2024-06-24 19:20,2024-06-24 19:25,2024-06-24 19:59
LAB712294,ENC105222,PT13878,HGB,Hemoglobin,10.6,g/dL,12,17.5,L,STAT,2024-06-24 19:47,2024-06-24 20:04,2024-06-24 20:59
LAB712295,ENC105223,PT12583,GLU,Glucose,130,mg/dL,70,99,H,Routine,2024-06-24 23:27,2024-06-24 23:58,2024-06-25 02:47
LAB712296,ENC105223,PT12583,CREAT,Creatinine,0.73,mg/dL,0.6,1.3,N,STAT,2024-06-24 22:44,2024-06-24 23:11,2024-06-25 00:36
LAB712297,ENC105223,PT12583,WBC,White Blood Cell Count,10.4,K/uL,4.5,11,N,Routine,2024-06-24 23:01,2024-06-24 23:11,2024-06-25 03:06
LAB712298,ENC105223,PT12583,HGB,Hemoglobin,14.1,g/dL,12,17.5,N,STAT,2024-06-24 22:46,2024-06-24 23:12,2024-06-24 23:49
LAB712299,ENC105223,PT12583,NA,Sodium,137,mmol/L,136,145,N,Routine,2024-06-24 23:29,2024-06-24 23:54,2024-06-25 01:48
LAB712300,ENC105223,PT12583,K,Potassium,4.1,mmol/L,3.5,5.1,N,STAT,2024-06-24 22:44,2024-06-24 23:17,2024-06-24 23:48
LAB712301,ENC105226,PT11155,GLU,Glucose,80,mg/dL,70,99,N,Routine,2024-06-25 02:15,2024-06-25 02:27,2024-06-25 04:01
LAB712302,ENC105226,PT11155,CREAT,Creatinine,1.43,mg/dL,0.6,1.3,H,Routine,2024-06-25 02:36,2024-06-25 03:07,2024-06-25 04:40
LAB712303,ENC105226,PT11155,WBC,White Blood Cell Count,3.8,K/uL,4.5,11,L,STAT,2024-06-25 02:23,2024-06-25 02:56,2024-06-25 04:16
LAB712304,ENC105226,PT11155,HGB,Hemoglobin,15.6,g/dL,12,17.5,N,Routine,2024-06-25 03:16,2024-06-25 03:39,2024-06-25 04:56
LAB712305,ENC105226,PT11155,LACT,Lactate,2.1,mmol/L,0.5,2,H,STAT,2024-06-25 02:18,2024-06-25 02:24,2024-06-25 03:17
LAB712306,ENC105227,PT13632,GLU,Glucose,100,mg/dL,70,99,H,STAT,2024-06-25 04:26,2024-06-25 04:53,2024-06-25 05:35
LAB712307,ENC105227,PT13632,CREAT,Creatinine,0.77,mg/dL,0.6,1.3,N,STAT,2024-06-25 04:22,2024-06-25 04:32,2024-06-25 05:30
LAB712308,ENC105227,PT13632,INR,Prothrombin Time INR,1.1,ratio,0.8,1.2,N,STAT,2024-06-25 05:05,2024-06-25 05:27,2024-06-25 06:55
LAB712309,ENC105228,PT10335,GLU,Glucose,119,mg/dL,70,99,H,Routine,2024-06-25 07:58,2024-06-25 08:20,2024-06-25 10:09
LAB712310,ENC105228,PT10335,CREAT,Creatinine,0.58,mg/dL,0.6,1.3,L,STAT,2024-06-25 07:13,2024-06-25 07:36,2024-06-25 08:03
LAB712311,ENC105228,PT10335,WBC,White Blood Cell Count,6.4,K/uL,4.5,11,N,Routine,2024-06-25 07:21,2024-06-25 07:53,2024-06-25 11:11
LAB712312,ENC105228,PT10335,HGB,Hemoglobin,14.2,g/dL,12,17.5,N,STAT,2024-06-25 07:09,2024-06-25 07:36,2024-06-25 08:17
LAB712313,ENC105229,PT12564,GLU,Glucose,116,mg/dL,70,99,H,STAT,2024-06-25 10:47,2024-06-25 10:52,2024-06-25 12:11
LAB712314,ENC105229,PT12564,CREAT,Creatinine,0.59,mg/dL,0.6,1.3,L,STAT,2024-06-25 10:51,2024-06-25 11:17,2024-06-25 11:43
LAB712315,ENC105229,PT12564,WBC,White Blood Cell Count,10.4,K/uL,4.5,11,N,STAT,2024-06-25 10:05,2024-06-25 10:33,2024-06-25 12:14
LAB712316,ENC105229,PT12564,HGB,Hemoglobin,12.6,g/dL,12,17.5,N,STAT,2024-06-25 10:05,2024-06-25 10:14,2024-06-25 11:12
LAB712317,ENC105229,PT12564,NA,Sodium,138,mmol/L,136,145,N,STAT,2024-06-25 10:00,2024-06-25 10:29,2024-06-25 11:18
LAB712318,ENC105229,PT12564,K,Potassium,4.2,mmol/L,3.5,5.1,N,STAT,2024-06-25 10:51,2024-06-25 10:57,2024-06-25 12:06
LAB712319,ENC105231,PT10435,A1C,Hemoglobin A1c,8.3,%,4,5.6,H,Routine,2024-06-25 08:19,2024-06-25 08:30,2024-06-26 01:58
LAB712320,ENC105231,PT10435,GLU,Glucose,162,mg/dL,70,99,H,Routine,2024-06-25 08:08,2024-06-25 08:40,2024-06-25 10:35
LAB712321,ENC105231,PT10435,CREAT,Creatinine,0.95,mg/dL,0.6,1.3,N,Routine,2024-06-25 08:08,2024-06-25 08:13,2024-06-25 09:58
LAB712322,ENC105235,PT10459,A1C,Hemoglobin A1c,5.1,%,4,5.6,N,Routine,2024-06-25 10:03,2024-06-25 10:26,2024-06-25 15:19
LAB712323,ENC105236,PT13072,GLU,Glucose,215,mg/dL,70,99,H,STAT,2024-06-25 10:07,2024-06-25 10:22,2024-06-25 11:12
LAB712324,ENC105236,PT13072,CREAT,Creatinine,0.71,mg/dL,0.6,1.3,N,Routine,2024-06-25 10:28,2024-06-25 10:33,2024-06-25 14:51
LAB712325,ENC105236,PT13072,WBC,White Blood Cell Count,6,K/uL,4.5,11,N,STAT,2024-06-25 10:49,2024-06-25 11:01,2024-06-25 12:14
LAB712326,ENC105236,PT13072,HGB,Hemoglobin,15.9,g/dL,12,17.5,N,STAT,2024-06-25 11:00,2024-06-25 11:13,2024-06-25 11:42
LAB712327,ENC105236,PT13072,NA,Sodium,137,mmol/L,136,145,N,Routine,2024-06-25 10:15,2024-06-25 10:45,2024-06-25 13:21
LAB712328,ENC105236,PT13072,K,Potassium,4.3,mmol/L,3.5,5.1,N,STAT,2024-06-25 10:39,2024-06-25 10:47,2024-06-25 11:58
LAB712329,ENC105237,PT13391,LDL,LDL Cholesterol,108,mg/dL,0,99,H,Routine,2024-06-25 10:13,2024-06-25 10:43,2024-06-26 10:15
LAB712330,ENC105238,PT10417,GLU,Glucose,130,mg/dL,70,99,H,Routine,2024-06-25 12:10,2024-06-25 12:35,2024-06-25 13:27
LAB712331,ENC105238,PT10417,CREAT,Creatinine,1.04,mg/dL,0.6,1.3,N,STAT,2024-06-25 12:26,2024-06-25 12:51,2024-06-25 13:32
LAB712332,ENC105238,PT10417,WBC,White Blood Cell Count,6.5,K/uL,4.5,11,N,Routine,2024-06-25 12:19,2024-06-25 12:33,2024-06-25 14:46
LAB712333,ENC105238,PT10417,HGB,Hemoglobin,13.2,g/dL,12,17.5,N,STAT,2024-06-25 12:08,2024-06-25 12:38,2024-06-25 13:23
LAB712334,ENC105240,PT11234,LDL,LDL Cholesterol,147,mg/dL,0,99,H,Routine,2024-06-25 10:59,2024-06-25 11:19,2024-06-26 04:16
LAB712335,ENC105241,PT12244,GLU,Glucose,211,mg/dL,70,99,H,STAT,2024-06-25 11:23,2024-06-25 11:30,2024-06-25 12:19
LAB712336,ENC105241,PT12244,CREAT,Creatinine,0.96,mg/dL,0.6,1.3,N,STAT,2024-06-25 11:25,2024-06-25 11:33,2024-06-25 11:52
LAB712337,ENC105241,PT12244,INR,Prothrombin Time INR,1,ratio,0.8,1.2,N,STAT,2024-06-25 10:42,2024-06-25 10:56,2024-06-25 11:52
LAB712338,ENC105242,PT10351,GLU,Glucose,112,mg/dL,70,99,H,STAT,2024-06-25 13:17,2024-06-25 13:22,2024-06-25 14:02
LAB712339,ENC105242,PT10351,CREAT,Creatinine,1.07,mg/dL,0.6,1.3,N,Routine,2024-06-25 13:42,2024-06-25 14:00,2024-06-25 22:30
LAB712340,ENC105242,PT10351,WBC,White Blood Cell Count,12.7,K/uL,4.5,11,H,Routine,2024-06-25 13:25,2024-06-25 13:38,2024-06-25 17:08
LAB712341,ENC105242,PT10351,HGB,Hemoglobin,12.8,g/dL,12,17.5,N,STAT,2024-06-25 13:51,2024-06-25 14:04,2024-06-25 14:41
LAB712342,ENC105243,PT11412,LDL,LDL Cholesterol,155,mg/dL,0,99,H,Routine,2024-06-25 11:09,2024-06-25 11:24,2024-06-26 01:35
LAB712343,ENC105243,PT11412,A1C,Hemoglobin A1c,7.9,%,4,5.6,H,Routine,2024-06-25 11:11,2024-06-25 11:20,2024-06-26 12:59
LAB712344,ENC105245,PT10015,A1C,Hemoglobin A1c,5.4,%,4,5.6,N,Routine,2024-06-25 12:28,2024-06-25 12:37,2024-06-25 19:19
LAB712345,ENC105247,PT10121,LDL,LDL Cholesterol,86,mg/dL,0,99,N,Routine,2024-06-25 13:14,2024-06-25 13:26,2024-06-26 07:53
LAB712346,ENC105248,PT11496,GLU,Glucose,101,mg/dL,70,99,H,STAT,2024-06-25 13:35,2024-06-25 14:06,2024-06-25 15:19
LAB712347,ENC105248,PT11496,CREAT,Creatinine,0.81,mg/dL,0.6,1.3,N,Routine,2024-06-25 14:16,2024-06-25 14:33,2024-06-25 17:03
LAB712348,ENC105248,PT11496,WBC,White Blood Cell Count,6.9,K/uL,4.5,11,N,STAT,2024-06-25 13:57,2024-06-25 14:13,2024-06-25 14:49
LAB712349,ENC105248,PT11496,TROP,"Troponin I, High Sensitivity",4,ng/L,0,34,N,STAT,2024-06-25 13:25,2024-06-25 13:30,2024-06-25 14:14
LAB712350,ENC105250,PT10692,LDL,LDL Cholesterol,143,mg/dL,0,99,H,Routine,2024-06-25 13:40,2024-06-25 13:57,2024-06-26 02:55
LAB712351,ENC105253,PT13878,GLU,Glucose,115,mg/dL,70,99,H,Routine,2024-06-25 19:03,2024-06-25 19:23,2024-06-25 20:57
LAB712352,ENC105253,PT13878,CREAT,Creatinine,1.31,mg/dL,0.6,1.3,H,STAT,2024-06-25 19:00,2024-06-25 19:25,2024-06-25 19:52
LAB712353,ENC105253,PT13878,WBC,White Blood Cell Count,11.2,K/uL,4.5,11,H,Routine,2024-06-25 19:02,2024-06-25 19:07,2024-06-25 21:57
LAB712354,ENC105253,PT13878,HGB,Hemoglobin,11.4,g/dL,12,17.5,L,Routine,2024-06-25 19:11,2024-06-25 19:19,2024-06-26 00:03
LAB712355,ENC105253,PT13878,TROP,"Troponin I, High Sensitivity",62,ng/L,0,34,H,STAT,2024-06-25 19:27,2024-06-25 19:40,2024-06-25 20:21
LAB712356,ENC105253,PT13878,BNP,B-Type Natriuretic Peptide,1657,pg/mL,0,100,H,Routine,2024-06-25 19:11,2024-06-25 19:24,2024-06-25 22:05
LAB712357,ENC105255,PT13637,GLU,Glucose,76,mg/dL,70,99,N,Routine,2024-06-25 17:25,2024-06-25 17:40,2024-06-25 21:22
LAB712358,ENC105255,PT13637,CREAT,Creatinine,0.93,mg/dL,0.6,1.3,N,STAT,2024-06-25 17:30,2024-06-25 18:04,2024-06-25 18:51
LAB712359,ENC105255,PT13637,WBC,White Blood Cell Count,6,K/uL,4.5,11,N,STAT,2024-06-25 17:32,2024-06-25 18:02,2024-06-25 18:41
LAB712360,ENC105255,PT13637,HGB,Hemoglobin,12.8,g/dL,12,17.5,N,STAT,2024-06-25 18:21,2024-06-25 18:44,2024-06-25 19:13
LAB712361,ENC105255,PT13637,BUN,Blood Urea Nitrogen,16,mg/dL,7,20,N,STAT,2024-06-25 17:29,2024-06-25 17:47,2024-06-25 18:39
LAB712362,ENC105255,PT13637,PLT,Platelet Count,206,K/uL,150,400,N,Routine,2024-06-25 18:31,2024-06-25 18:56,2024-06-25 23:25
LAB712363,ENC105257,PT11516,LDL,LDL Cholesterol,90,mg/dL,0,99,N,Routine,2024-06-25 16:42,2024-06-25 16:49,2024-06-26 12:35
LAB712364,ENC105258,PT13622,GLU,Glucose,114,mg/dL,70,99,H,STAT,2024-06-25 17:21,2024-06-25 17:35,2024-06-25 18:17
LAB712365,ENC105258,PT13622,CREAT,Creatinine,1.22,mg/dL,0.6,1.3,N,Routine,2024-06-25 17:26,2024-06-25 17:56,2024-06-25 20:05
LAB712366,ENC105258,PT13622,WBC,White Blood Cell Count,7.2,K/uL,4.5,11,N,STAT,2024-06-25 17:22,2024-06-25 17:37,2024-06-25 18:36
LAB712367,ENC105258,PT13622,HGB,Hemoglobin,12.2,g/dL,12,17.5,N,Routine,2024-06-25 17:20,2024-06-25 17:35,2024-06-25 20:02
LAB712368,ENC105258,PT13622,BUN,Blood Urea Nitrogen,11,mg/dL,7,20,N,STAT,2024-06-25 17:58,2024-06-25 18:02,2024-06-25 19:10
LAB712369,ENC105258,PT13622,PLT,Platelet Count,227,K/uL,150,400,N,STAT,2024-06-25 17:53,2024-06-25 18:23,2024-06-25 18:52
LAB712370,ENC105258,PT13622,TROP,"Troponin I, High Sensitivity",145,ng/L,0,34,H,STAT,2024-06-25 18:01,2024-06-25 18:17,2024-06-25 19:39
LAB712371,ENC105259,PT12945,GLU,Glucose,104,mg/dL,70,99,H,STAT,2024-06-25 18:08,2024-06-25 18:40,2024-06-25 19:33
LAB712372,ENC105259,PT12945,CREAT,Creatinine,0.73,mg/dL,0.6,1.3,N,STAT,2024-06-25 18:08,2024-06-25 18:41,2024-06-25 19:35
LAB712373,ENC105259,PT12945,WBC,White Blood Cell Count,9.8,K/uL,4.5,11,N,STAT,2024-06-25 18:39,2024-06-25 19:12,2024-06-25 20:10
LAB712374,ENC105259,PT12945,TROP,"Troponin I, High Sensitivity",82,ng/L,0,34,H,STAT,2024-06-25 18:51,2024-06-25 19:15,2024-06-25 20:11
LAB712375,ENC105259,PT12945,BNP,B-Type Natriuretic Peptide,1271,pg/mL,0,100,H,Routine,2024-06-25 18:48,2024-06-25 19:17,2024-06-26 00:04
LAB712376,ENC105261,PT12733,GLU,Glucose,116,mg/dL,70,99,H,STAT,2024-06-25 19:49,2024-06-25 20:06,2024-06-25 20:52
LAB712377,ENC105261,PT12733,CREAT,Creatinine,0.79,mg/dL,0.6,1.3,N,STAT,2024-06-25 20:33,2024-06-25 20:37,2024-06-25 21:07
LAB712378,ENC105261,PT12733,WBC,White Blood Cell Count,9.8,K/uL,4.5,11,N,Routine,2024-06-25 20:14,2024-06-25 20:33,2024-06-25 22:57
LAB712379,ENC105261,PT12733,HGB,Hemoglobin,13,g/dL,12,17.5,N,STAT,2024-06-25 20:45,2024-06-25 21:15,2024-06-25 22:01
LAB712380,ENC105264,PT13382,GLU,Glucose,81,mg/dL,70,99,N,STAT,2024-06-26 00:29,2024-06-26 01:03,2024-06-26 01:31
LAB712381,ENC105264,PT13382,CREAT,Creatinine,0.87,mg/dL,0.6,1.3,N,Routine,2024-06-25 23:55,2024-06-26 00:00,2024-06-26 01:19
LAB712382,ENC105264,PT13382,WBC,White Blood Cell Count,6.7,K/uL,4.5,11,N,STAT,2024-06-26 00:05,2024-06-26 00:17,2024-06-26 01:02
LAB712383,ENC105264,PT13382,HGB,Hemoglobin,12.9,g/dL,12,17.5,N,STAT,2024-06-25 23:59,2024-06-26 00:13,2024-06-26 01:15
LAB712384,ENC105265,PT11562,GLU,Glucose,110,mg/dL,70,99,H,Routine,2024-06-26 02:44,2024-06-26 03:09,2024-06-26 03:49
LAB712385,ENC105265,PT11562,CREAT,Creatinine,1.02,mg/dL,0.6,1.3,N,STAT,2024-06-26 01:57,2024-06-26 02:12,2024-06-26 03:07
LAB712386,ENC105265,PT11562,WBC,White Blood Cell Count,4.8,K/uL,4.5,11,N,Routine,2024-06-26 02:40,2024-06-26 03:11,2024-06-26 05:23
LAB712387,ENC105265,PT11562,HGB,Hemoglobin,12.9,g/dL,12,17.5,N,Routine,2024-06-26 02:52,2024-06-26 03:13,2024-06-26 05:58
LAB712388,ENC105265,PT11562,NA,Sodium,142,mmol/L,136,145,N,STAT,2024-06-26 01:55,2024-06-26 02:12,2024-06-26 03:11
LAB712389,ENC105265,PT11562,K,Potassium,3.9,mmol/L,3.5,5.1,N,STAT,2024-06-26 02:12,2024-06-26 02:38,2024-06-26 03:16
LAB712390,ENC105265,PT11562,TROP,"Troponin I, High Sensitivity",5,ng/L,0,34,N,STAT,2024-06-26 02:09,2024-06-26 02:18,2024-06-26 02:57
LAB712391,ENC105266,PT11857,TROP,"Troponin I, High Sensitivity",1,ng/L,0,34,N,STAT,2024-06-26 01:34,2024-06-26 02:07,2024-06-26 02:45
LAB712392,ENC105270,PT11852,GLU,Glucose,128,mg/dL,70,99,H,Routine,2024-06-26 04:02,2024-06-26 04:33,2024-06-26 07:14
LAB712393,ENC105270,PT11852,CREAT,Creatinine,1.92,mg/dL,0.6,1.3,H,Routine,2024-06-26 03:19,2024-06-26 03:50,2024-06-26 06:06
LAB712394,ENC105270,PT11852,WBC,White Blood Cell Count,9,K/uL,4.5,11,N,Routine,2024-06-26 03:43,2024-06-26 04:00,2024-06-26 08:11
LAB712395,ENC105270,PT11852,HGB,Hemoglobin,9,g/dL,12,17.5,L,STAT,2024-06-26 02:57,2024-06-26 03:12,2024-06-26 03:57
LAB712396,ENC105270,PT11852,BUN,Blood Urea Nitrogen,11,mg/dL,7,20,N,Routine,2024-06-26 04:01,2024-06-26 04:07,2024-06-26 08:13
LAB712397,ENC105270,PT11852,PLT,Platelet Count,245,K/uL,150,400,N,STAT,2024-06-26 02:59,2024-06-26 03:04,2024-06-26 04:12
LAB712398,ENC105271,PT10026,GLU,Glucose,118,mg/dL,70,99,H,STAT,2024-06-26 05:08,2024-06-26 05:19,2024-06-26 06:00
LAB712399,ENC105271,PT10026,CREAT,Creatinine,1.02,mg/dL,0.6,1.3,N,STAT,2024-06-26 04:08,2024-06-26 04:37,2024-06-26 05:29
LAB712400,ENC105272,PT11818,GLU,Glucose,132,mg/dL,70,99,H,STAT,2024-06-26 07:41,2024-06-26 08:02,2024-06-26 08:53
LAB712401,ENC105272,PT11818,CREAT,Creatinine,1,mg/dL,0.6,1.3,N,Routine,2024-06-26 07:38,2024-06-26 08:03,2024-06-26 09:54
LAB712402,ENC105272,PT11818,WBC,White Blood Cell Count,7.1,K/uL,4.5,11,N,Routine,2024-06-26 07:46,2024-06-26 08:01,2024-06-26 10:54
LAB712403,ENC105272,PT11818,HGB,Hemoglobin,16.4,g/dL,12,17.5,N,STAT,2024-06-26 07:20,2024-06-26 07:48,2024-06-26 08:10
LAB712404,ENC105274,PT13063,A1C,Hemoglobin A1c,8.4,%,4,5.6,H,Routine,2024-06-26 08:34,2024-06-26 08:51,2024-06-27 20:35
LAB712405,ENC105274,PT13063,GLU,Glucose,110,mg/dL,70,99,H,Routine,2024-06-26 08:35,2024-06-26 08:40,2024-06-26 13:54
LAB712406,ENC105274,PT13063,CREAT,Creatinine,1.03,mg/dL,0.6,1.3,N,Routine,2024-06-26 08:37,2024-06-26 08:55,2024-06-26 11:15
LAB712407,ENC105275,PT10579,LDL,LDL Cholesterol,146,mg/dL,0,99,H,Routine,2024-06-26 08:38,2024-06-26 09:04,2024-06-27 06:37
LAB712408,ENC105275,PT10579,A1C,Hemoglobin A1c,5.5,%,4,5.6,N,Routine,2024-06-26 08:48,2024-06-26 08:52,2024-06-26 16:18
LAB712409,ENC105277,PT12409,GLU,Glucose,137,mg/dL,70,99,H,STAT,2024-06-26 09:54,2024-06-26 10:01,2024-06-26 10:39
LAB712410,ENC105277,PT12409,CREAT,Creatinine,0.67,mg/dL,0.6,1.3,N,STAT,2024-06-26 10:10,2024-06-26 10:17,2024-06-26 11:01
LAB712411,ENC105277,PT12409,WBC,White Blood Cell Count,6.7,K/uL,4.5,11,N,STAT,2024-06-26 09:16,2024-06-26 09:20,2024-06-26 10:11
LAB712412,ENC105277,PT12409,HGB,Hemoglobin,12.1,g/dL,12,17.5,N,STAT,2024-06-26 09:46,2024-06-26 10:21,2024-06-26 11:00
LAB712413,ENC105280,PT12982,A1C,Hemoglobin A1c,8.6,%,4,5.6,H,Routine,2024-06-26 11:00,2024-06-26 11:28,2024-06-26 19:25
LAB712414,ENC105280,PT12982,GLU,Glucose,360,mg/dL,70,99,H,Routine,2024-06-26 11:07,2024-06-26 11:39,2024-06-26 14:20
LAB712415,ENC105280,PT12982,CREAT,Creatinine,0.9,mg/dL,0.6,1.3,N,Routine,2024-06-26 11:09,2024-06-26 11:40,2024-06-26 16:10
LAB712416,ENC105281,PT12475,GLU,Glucose,105,mg/dL,70,99,H,STAT,2024-06-26 11:47,2024-06-26 11:54,2024-06-26 13:03
LAB712417,ENC105281,PT12475,CREAT,Creatinine,1.2,mg/dL,0.6,1.3,N,Routine,2024-06-26 11:47,2024-06-26 12:03,2024-06-26 13:46
LAB712418,ENC105281,PT12475,WBC,White Blood Cell Count,6.9,K/uL,4.5,11,N,STAT,2024-06-26 11:34,2024-06-26 12:09,2024-06-26 12:28
LAB712419,ENC105284,PT10967,GLU,Glucose,188,mg/dL,70,99,H,STAT,2024-06-26 16:21,2024-06-26 16:34,2024-06-26 17:34
LAB712420,ENC105284,PT10967,CREAT,Creatinine,0.69,mg/dL,0.6,1.3,N,STAT,2024-06-26 16:43,2024-06-26 16:49,2024-06-26 17:45
LAB712421,ENC105284,PT10967,WBC,White Blood Cell Count,26.4,K/uL,4.5,11,H,STAT,2024-06-26 16:24,2024-06-26 16:55,2024-06-26 17:42
LAB712422,ENC105284,PT10967,HGB,Hemoglobin,14.1,g/dL,12,17.5,N,Routine,2024-06-26 17:04,2024-06-26 17:24,2024-06-26 18:47
LAB712423,ENC105284,PT10967,NA,Sodium,139,mmol/L,136,145,N,Routine,2024-06-26 16:47,2024-06-26 17:02,2024-06-26 19:59
LAB712424,ENC105284,PT10967,K,Potassium,4.3,mmol/L,3.5,5.1,N,STAT,2024-06-26 16:02,2024-06-26 16:08,2024-06-26 16:27
LAB712425,ENC105284,PT10967,LACT,Lactate,1.6,mmol/L,0.5,2,N,STAT,2024-06-26 17:04,2024-06-26 17:26,2024-06-26 18:48
LAB712426,ENC105285,PT11072,LDL,LDL Cholesterol,136,mg/dL,0,99,H,Routine,2024-06-26 12:30,2024-06-26 12:44,2024-06-27 09:07
LAB712427,ENC105286,PT10884,GLU,Glucose,95,mg/dL,70,99,N,STAT,2024-06-26 16:23,2024-06-26 16:30,2024-06-26 17:06
LAB712428,ENC105286,PT10884,CREAT,Creatinine,0.37,mg/dL,0.6,1.3,L,STAT,2024-06-26 16:38,2024-06-26 16:50,2024-06-26 17:45
LAB712429,ENC105286,PT10884,WBC,White Blood Cell Count,6.5,K/uL,4.5,11,N,STAT,2024-06-26 16:15,2024-06-26 16:32,2024-06-26 17:08
LAB712430,ENC105286,PT10884,HGB,Hemoglobin,15.3,g/dL,12,17.5,N,STAT,2024-06-26 17:12,2024-06-26 17:38,2024-06-26 18:34
LAB712431,ENC105287,PT13526,GLU,Glucose,107,mg/dL,70,99,H,STAT,2024-06-26 16:05,2024-06-26 16:31,2024-06-26 17:05
LAB712432,ENC105287,PT13526,CREAT,Creatinine,0.7,mg/dL,0.6,1.3,N,Routine,2024-06-26 15:49,2024-06-26 16:01,2024-06-26 17:55
LAB712433,ENC105287,PT13526,WBC,White Blood Cell Count,7.1,K/uL,4.5,11,N,STAT,2024-06-26 16:16,2024-06-26 16:24,2024-06-26 17:12
LAB712434,ENC105287,PT13526,HGB,Hemoglobin,14.2,g/dL,12,17.5,N,STAT,2024-06-26 16:26,2024-06-26 17:00,2024-06-26 17:47
LAB712435,ENC105289,PT12041,GLU,Glucose,133,mg/dL,70,99,H,STAT,2024-06-26 14:04,2024-06-26 14:34,2024-06-26 16:21
LAB712436,ENC105289,PT12041,CREAT,Creatinine,0.74,mg/dL,0.6,1.3,N,Routine,2024-06-26 14:04,2024-06-26 14:38,2024-06-26 17:30
LAB712437,ENC105290,PT11480,GLU,Glucose,194,mg/dL,70,99,H,Routine,2024-06-26 18:12,2024-06-26 18:36,2024-06-26 23:39
LAB712438,ENC105290,PT11480,CREAT,Creatinine,1.12,mg/dL,0.6,1.3,N,Routine,2024-06-26 17:32,2024-06-26 18:03,2024-06-26 20:16
LAB712439,ENC105290,PT11480,WBC,White Blood Cell Count,6.9,K/uL,4.5,11,N,Routine,2024-06-26 17:20,2024-06-26 17:24,2024-06-26 19:01
LAB712440,ENC105290,PT11480,HGB,Hemoglobin,13,g/dL,12,17.5,N,Routine,2024-06-26 18:11,2024-06-26 18:39,2024-06-26 20:43
LAB712441,ENC105290,PT11480,NA,Sodium,135,mmol/L,136,145,L,Routine,2024-06-26 17:46,2024-06-26 18:06,2024-06-26 22:29
LAB712442,ENC105290,PT11480,K,Potassium,3.9,mmol/L,3.5,5.1,N,STAT,2024-06-26 18:02,2024-06-26 18:35,2024-06-26 19:06
LAB712443,ENC105291,PT11406,INR,Prothrombin Time INR,1,ratio,0.8,1.2,N,Routine,2024-06-26 15:00,2024-06-26 15:35,2024-06-26 17:21
LAB712444,ENC105292,PT12164,LDL,LDL Cholesterol,218,mg/dL,0,99,H,Routine,2024-06-26 15:45,2024-06-26 16:12,2024-06-27 03:29
LAB712445,ENC105292,PT12164,A1C,Hemoglobin A1c,9.1,%,4,5.6,H,Routine,2024-06-26 15:38,2024-06-26 15:51,2024-06-27 12:19
LAB712446,ENC105294,PT11187,GLU,Glucose,105,mg/dL,70,99,H,STAT,2024-06-26 17:46,2024-06-26 18:00,2024-06-26 18:17
LAB712447,ENC105294,PT11187,CREAT,Creatinine,1,mg/dL,0.6,1.3,N,STAT,2024-06-26 17:15,2024-06-26 17:29,2024-06-26 18:22
LAB712448,ENC105294,PT11187,WBC,White Blood Cell Count,6.6,K/uL,4.5,11,N,Routine,2024-06-26 17:25,2024-06-26 17:32,2024-06-26 19:17
LAB712449,ENC105295,PT11292,GLU,Glucose,110,mg/dL,70,99,H,STAT,2024-06-26 21:12,2024-06-26 21:20,2024-06-26 22:46
LAB712450,ENC105295,PT11292,CREAT,Creatinine,1.71,mg/dL,0.6,1.3,H,STAT,2024-06-26 20:21,2024-06-26 20:54,2024-06-26 21:34
LAB712451,ENC105295,PT11292,WBC,White Blood Cell Count,16,K/uL,4.5,11,H,STAT,2024-06-26 20:25,2024-06-26 20:55,2024-06-26 21:49
LAB712452,ENC105295,PT11292,HGB,Hemoglobin,15.6,g/dL,12,17.5,N,Routine,2024-06-26 20:29,2024-06-26 20:37,2024-06-27 01:15
LAB712453,ENC105295,PT11292,LACT,Lactate,3.5,mmol/L,0.5,2,H,STAT,2024-06-26 20:46,2024-06-26 21:21,2024-06-26 22:09
LAB712454,ENC105296,PT13423,GLU,Glucose,128,mg/dL,70,99,H,Routine,2024-06-26 17:32,2024-06-26 17:39,2024-06-26 19:45
LAB712455,ENC105296,PT13423,CREAT,Creatinine,0.73,mg/dL,0.6,1.3,N,Routine,2024-06-26 18:22,2024-06-26 18:37,2024-06-26 21:50
LAB712456,ENC105296,PT13423,WBC,White Blood Cell Count,11.8,K/uL,4.5,11,H,STAT,2024-06-26 17:29,2024-06-26 17:42,2024-06-26 18:57
LAB712457,ENC105296,PT13423,TROP,"Troponin I, High Sensitivity",8,ng/L,0,34,N,STAT,2024-06-26 18:37,2024-06-26 18:55,2024-06-26 19:43
LAB712458,ENC105297,PT12544,GLU,Glucose,100,mg/dL,70,99,H,STAT,2024-06-26 19:43,2024-06-26 20:13,2024-06-26 20:45
LAB712459,ENC105297,PT12544,CREAT,Creatinine,1.33,mg/dL,0.6,1.3,H,Routine,2024-06-26 19:37,2024-06-26 19:42,2024-06-27 01:40
LAB712460,ENC105297,PT12544,WBC,White Blood Cell Count,10.5,K/uL,4.5,11,N,Routine,2024-06-26 19:31,2024-06-26 19:59,2024-06-26 21:52
LAB712461,ENC105297,PT12544,HGB,Hemoglobin,13.4,g/dL,12,17.5,N,STAT,2024-06-26 19:06,2024-06-26 19:28,2024-06-26 20:02
LAB712462,ENC105298,PT13132,GLU,Glucose,84,mg/dL,70,99,N,STAT,2024-06-26 19:26,2024-06-26 19:44,2024-06-26 20:43
LAB712463,ENC105298,PT13132,CREAT,Creatinine,1.08,mg/dL,0.6,1.3,N,STAT,2024-06-26 20:30,2024-06-26 20:57,2024-06-26 22:05
LAB712464,ENC105298,PT13132,WBC,White Blood Cell Count,9.3,K/uL,4.5,11,N,Routine,2024-06-26 19:27,2024-06-26 19:45,2024-06-26 23:51
LAB712465,ENC105298,PT13132,HGB,Hemoglobin,14.6,g/dL,12,17.5,N,STAT,2024-06-26 19:52,2024-06-26 20:19,2024-06-26 20:45
LAB712466,ENC105299,PT10883,GLU,Glucose,109,mg/dL,70,99,H,STAT,2024-06-26 23:49,2024-06-26 23:55,2024-06-27 00:37
LAB712467,ENC105299,PT10883,CREAT,Creatinine,0.79,mg/dL,0.6,1.3,N,STAT,2024-06-26 23:07,2024-06-26 23:25,2024-06-27 00:16
LAB712468,ENC105299,PT10883,WBC,White Blood Cell Count,9.9,K/uL,4.5,11,N,STAT,2024-06-26 23:50,2024-06-27 00:23,2024-06-27 00:47
LAB712469,ENC105299,PT10883,HGB,Hemoglobin,14.6,g/dL,12,17.5,N,Routine,2024-06-26 23:37,2024-06-26 23:54,2024-06-27 03:27
LAB712470,ENC105299,PT10883,TROP,"Troponin I, High Sensitivity",5,ng/L,0,34,N,STAT,2024-06-26 23:11,2024-06-26 23:24,2024-06-27 00:58
LAB712471,ENC105299,PT10883,BNP,B-Type Natriuretic Peptide,1908,pg/mL,0,100,H,Routine,2024-06-26 23:48,2024-06-26 23:56,2024-06-27 02:00
LAB712472,ENC105300,PT13595,GLU,Glucose,96,mg/dL,70,99,N,STAT,2024-06-27 01:59,2024-06-27 02:32,2024-06-27 03:03
LAB712473,ENC105300,PT13595,CREAT,Creatinine,1.03,mg/dL,0.6,1.3,N,Routine,2024-06-27 01:59,2024-06-27 02:32,2024-06-27 04:32
LAB712474,ENC105300,PT13595,WBC,White Blood Cell Count,14.8,K/uL,4.5,11,H,STAT,2024-06-27 01:39,2024-06-27 01:56,2024-06-27 02:34
LAB712475,ENC105300,PT13595,HGB,Hemoglobin,13.7,g/dL,12,17.5,N,Routine,2024-06-27 01:54,2024-06-27 02:23,2024-06-27 06:02
LAB712476,ENC105300,PT13595,NA,Sodium,139,mmol/L,136,145,N,STAT,2024-06-27 01:25,2024-06-27 01:57,2024-06-27 02:24
LAB712477,ENC105300,PT13595,K,Potassium,4,mmol/L,3.5,5.1,N,STAT,2024-06-27 01:55,2024-06-27 02:29,2024-06-27 02:52
LAB712478,ENC105301,PT12542,GLU,Glucose,118,mg/dL,70,99,H,STAT,2024-06-27 08:46,2024-06-27 08:54,2024-06-27 09:50
LAB712479,ENC105301,PT12542,CREAT,Creatinine,0.77,mg/dL,0.6,1.3,N,Routine,2024-06-27 07:58,2024-06-27 08:15,2024-06-27 10:38
LAB712480,ENC105301,PT12542,WBC,White Blood Cell Count,9,K/uL,4.5,11,N,STAT,2024-06-27 08:34,2024-06-27 08:52,2024-06-27 09:30
LAB712481,ENC105301,PT12542,HGB,Hemoglobin,14.5,g/dL,12,17.5,N,STAT,2024-06-27 08:22,2024-06-27 08:40,2024-06-27 09:19
LAB712482,ENC105302,PT12462,GLU,Glucose,232,mg/dL,70,99,H,STAT,2024-06-27 08:53,2024-06-27 09:22,2024-06-27 10:31
LAB712483,ENC105302,PT12462,CREAT,Creatinine,0.71,mg/dL,0.6,1.3,N,STAT,2024-06-27 08:09,2024-06-27 08:28,2024-06-27 09:01
LAB712484,ENC105302,PT12462,WBC,White Blood Cell Count,8.2,K/uL,4.5,11,N,STAT,2024-06-27 08:29,2024-06-27 08:42,2024-06-27 09:42
LAB712485,ENC105302,PT12462,HGB,Hemoglobin,14.2,g/dL,12,17.5,N,STAT,2024-06-27 09:04,2024-06-27 09:09,2024-06-27 10:13
LAB712486,ENC105303,PT12651,LDL,LDL Cholesterol,123,mg/dL,0,99,H,Routine,2024-06-27 11:46,2024-06-27 11:59,2024-06-27 22:17
LAB712487,ENC105303,PT12651,A1C,Hemoglobin A1c,7.7,%,4,5.6,H,Routine,2024-06-27 12:00,2024-06-27 12:35,2024-06-27 21:51
LAB712488,ENC105303,PT12651,TSH,Thyroid Stimulating Hormone,1.41,mIU/L,0.4,4,N,Routine,2024-06-27 11:42,2024-06-27 11:46,2024-06-27 21:27
LAB712489,ENC105304,PT13981,GLU,Glucose,107,mg/dL,70,99,H,STAT,2024-06-27 15:01,2024-06-27 15:26,2024-06-27 16:10
LAB712490,ENC105304,PT13981,CREAT,Creatinine,0.84,mg/dL,0.6,1.3,N,STAT,2024-06-27 15:24,2024-06-27 15:29,2024-06-27 15:57
LAB712491,ENC105304,PT13981,WBC,White Blood Cell Count,6.1,K/uL,4.5,11,N,STAT,2024-06-27 15:14,2024-06-27 15:32,2024-06-27 16:02
LAB712492,ENC105304,PT13981,HGB,Hemoglobin,14.2,g/dL,12,17.5,N,STAT,2024-06-27 14:41,2024-06-27 14:51,2024-06-27 15:49
LAB712493,ENC105305,PT11859,WBC,White Blood Cell Count,8.2,K/uL,4.5,11,N,Routine,2024-06-27 12:36,2024-06-27 12:41,2024-06-27 15:25
LAB712494,ENC105305,PT11859,HGB,Hemoglobin,15.3,g/dL,12,17.5,N,Routine,2024-06-27 12:42,2024-06-27 12:56,2024-06-27 13:38
LAB712495,ENC105305,PT11859,PLT,Platelet Count,263,K/uL,150,400,N,Routine,2024-06-27 12:42,2024-06-27 12:48,2024-06-27 15:31
LAB712496,ENC105306,PT11926,A1C,Hemoglobin A1c,4.6,%,4,5.6,N,Routine,2024-06-27 12:45,2024-06-27 13:10,2024-06-28 03:38
LAB712497,ENC105307,PT12964,GLU,Glucose,79,mg/dL,70,99,N,STAT,2024-06-27 15:29,2024-06-27 15:45,2024-06-27 16:49
LAB712498,ENC105307,PT12964,CREAT,Creatinine,2.33,mg/dL,0.6,1.3,H,Routine,2024-06-27 14:58,2024-06-27 15:33,2024-06-27 18:11
LAB712499,ENC105307,PT12964,WBC,White Blood Cell Count,6.8,K/uL,4.5,11,N,Routine,2024-06-27 15:42,2024-06-27 16:16,2024-06-27 18:16
LAB712500,ENC105307,PT12964,HGB,Hemoglobin,11,g/dL,12,17.5,L,STAT,2024-06-27 14:48,2024-06-27 14:56,2024-06-27 15:42
LAB712501,ENC105307,PT12964,LACT,Lactate,1.6,mmol/L,0.5,2,N,STAT,2024-06-27 15:28,2024-06-27 15:58,2024-06-27 16:31
LAB712502,ENC105309,PT10769,LDL,LDL Cholesterol,117,mg/dL,0,99,H,Routine,2024-06-27 14:54,2024-06-27 15:22,2024-06-28 06:39
LAB712503,ENC105309,PT10769,A1C,Hemoglobin A1c,7.4,%,4,5.6,H,Routine,2024-06-27 14:49,2024-06-27 14:57,2024-06-28 18:55
LAB712504,ENC105309,PT10769,TSH,Thyroid Stimulating Hormone,0.92,mIU/L,0.4,4,N,Routine,2024-06-27 14:57,2024-06-27 15:06,2024-06-28 01:52
LAB712505,ENC105310,PT10916,GLU,Glucose,107,mg/dL,70,99,H,STAT,2024-06-27 17:40,2024-06-27 17:53,2024-06-27 18:51
LAB712506,ENC105310,PT10916,CREAT,Creatinine,1.26,mg/dL,0.6,1.3,N,STAT,2024-06-27 17:42,2024-06-27 17:50,2024-06-27 18:25
LAB712507,ENC105310,PT10916,WBC,White Blood Cell Count,7.4,K/uL,4.5,11,N,Routine,2024-06-27 17:42,2024-06-27 18:08,2024-06-27 22:00
LAB712508,ENC105310,PT10916,HGB,Hemoglobin,13,g/dL,12,17.5,N,STAT,2024-06-27 18:30,2024-06-27 18:56,2024-06-27 19:47
LAB712509,ENC105310,PT10916,NA,Sodium,141,mmol/L,136,145,N,STAT,2024-06-27 17:42,2024-06-27 17:52,2024-06-27 19:37
LAB712510,ENC105310,PT10916,K,Potassium,4.5,mmol/L,3.5,5.1,N,STAT,2024-06-27 17:45,2024-06-27 18:09,2024-06-27 18:39
LAB712511,ENC105310,PT10916,INR,Prothrombin Time INR,1.1,ratio,0.8,1.2,N,STAT,2024-06-27 18:24,2024-06-27 18:58,2024-06-27 19:26
LAB712512,ENC105311,PT11553,GLU,Glucose,109,mg/dL,70,99,H,STAT,2024-06-27 18:21,2024-06-27 18:39,2024-06-27 19:24
LAB712513,ENC105311,PT11553,CREAT,Creatinine,0.83,mg/dL,0.6,1.3,N,Routine,2024-06-27 18:17,2024-06-27 18:29,2024-06-27 21:30
LAB712514,ENC105311,PT11553,WBC,White Blood Cell Count,8.6,K/uL,4.5,11,N,Routine,2024-06-27 19:16,2024-06-27 19:34,2024-06-27 23:39
LAB712515,ENC105311,PT11553,HGB,Hemoglobin,14.6,g/dL,12,17.5,N,STAT,2024-06-27 18:25,2024-06-27 18:39,2024-06-27 19:50
LAB712516,ENC105313,PT13900,GLU,Glucose,292,mg/dL,70,99,H,STAT,2024-06-27 16:36,2024-06-27 16:49,2024-06-27 18:04
LAB712517,ENC105313,PT13900,CREAT,Creatinine,2.01,mg/dL,0.6,1.3,H,STAT,2024-06-27 16:12,2024-06-27 16:35,2024-06-27 17:49
LAB712518,ENC105313,PT13900,WBC,White Blood Cell Count,5.3,K/uL,4.5,11,N,STAT,2024-06-27 16:28,2024-06-27 16:43,2024-06-27 17:51
LAB712519,ENC105313,PT13900,HGB,Hemoglobin,9,g/dL,12,17.5,L,STAT,2024-06-27 16:06,2024-06-27 16:15,2024-06-27 16:45
LAB712520,ENC105313,PT13900,A1C,Hemoglobin A1c,12.9,%,4,5.6,H,Routine,2024-06-27 16:32,2024-06-27 16:40,2024-06-28 02:09
LAB712521,ENC105314,PT13515,GLU,Glucose,99,mg/dL,70,99,N,STAT,2024-06-27 20:32,2024-06-27 20:48,2024-06-27 21:39
LAB712522,ENC105314,PT13515,CREAT,Creatinine,1.05,mg/dL,0.6,1.3,N,STAT,2024-06-27 19:31,2024-06-27 19:36,2024-06-27 20:29
LAB712523,ENC105314,PT13515,WBC,White Blood Cell Count,12.6,K/uL,4.5,11,H,STAT,2024-06-27 20:16,2024-06-27 20:43,2024-06-27 21:19
LAB712524,ENC105314,PT13515,HGB,Hemoglobin,8.2,g/dL,12,17.5,L,STAT,2024-06-27 19:24,2024-06-27 19:28,2024-06-27 20:02
LAB712525,ENC105316,PT13841,GLU,Glucose,170,mg/dL,70,99,H,Routine,2024-06-27 16:27,2024-06-27 16:56,2024-06-27 18:55
LAB712526,ENC105316,PT13841,CREAT,Creatinine,1.24,mg/dL,0.6,1.3,N,Routine,2024-06-27 16:36,2024-06-27 16:42,2024-06-27 18:49
LAB712527,ENC105316,PT13841,WBC,White Blood Cell Count,6.1,K/uL,4.5,11,N,STAT,2024-06-27 16:37,2024-06-27 16:45,2024-06-27 17:09
LAB712528,ENC105316,PT13841,HGB,Hemoglobin,13.5,g/dL,12,17.5,N,STAT,2024-06-27 16:59,2024-06-27 17:28,2024-06-27 18:04
LAB712529,ENC105318,PT10034,GLU,Glucose,125,mg/dL,70,99,H,STAT,2024-06-27 18:42,2024-06-27 18:47,2024-06-27 19:39
LAB712530,ENC105318,PT10034,CREAT,Creatinine,0.98,mg/dL,0.6,1.3,N,STAT,2024-06-27 18:50,2024-06-27 19:19,2024-06-27 20:24
LAB712531,ENC105318,PT10034,WBC,White Blood Cell Count,14.7,K/uL,4.5,11,H,STAT,2024-06-27 18:51,2024-06-27 19:00,2024-06-27 20:11
LAB712532,ENC105318,PT10034,HGB,Hemoglobin,12.5,g/dL,12,17.5,N,Routine,2024-06-27 18:32,2024-06-27 18:40,2024-06-27 22:44
LAB712533,ENC105319,PT13253,GLU,Glucose,89,mg/dL,70,99,N,Routine,2024-06-27 18:00,2024-06-27 18:05,2024-06-27 20:28
LAB712534,ENC105319,PT13253,CREAT,Creatinine,0.79,mg/dL,0.6,1.3,N,Routine,2024-06-27 17:14,2024-06-27 17:41,2024-06-27 21:21
LAB712535,ENC105319,PT13253,WBC,White Blood Cell Count,5.3,K/uL,4.5,11,N,STAT,2024-06-27 17:59,2024-06-27 18:22,2024-06-27 18:57
LAB712536,ENC105319,PT13253,HGB,Hemoglobin,12.9,g/dL,12,17.5,N,Routine,2024-06-27 17:40,2024-06-27 18:06,2024-06-27 21:48
LAB712537,ENC105320,PT10177,GLU,Glucose,91,mg/dL,70,99,N,STAT,2024-06-27 19:03,2024-06-27 19:30,2024-06-27 19:44
LAB712538,ENC105320,PT10177,CREAT,Creatinine,1.38,mg/dL,0.6,1.3,H,STAT,2024-06-27 18:43,2024-06-27 19:00,2024-06-27 19:29
LAB712539,ENC105321,PT11478,GLU,Glucose,86,mg/dL,70,99,N,Routine,2024-06-27 20:13,2024-06-27 20:38,2024-06-27 23:18
LAB712540,ENC105321,PT11478,CREAT,Creatinine,1.16,mg/dL,0.6,1.3,N,STAT,2024-06-27 19:26,2024-06-27 19:36,2024-06-27 19:58
LAB712541,ENC105321,PT11478,WBC,White Blood Cell Count,6.5,K/uL,4.5,11,N,STAT,2024-06-27 19:38,2024-06-27 19:52,2024-06-27 20:44
LAB712542,ENC105321,PT11478,HGB,Hemoglobin,11.7,g/dL,12,17.5,L,STAT,2024-06-27 20:20,2024-06-27 20:31,2024-06-27 21:10
LAB712543,ENC105322,PT13003,GLU,Glucose,112,mg/dL,70,99,H,Routine,2024-06-28 00:12,2024-06-28 00:46,2024-06-28 04:30
LAB712544,ENC105322,PT13003,CREAT,Creatinine,0.95,mg/dL,0.6,1.3,N,Routine,2024-06-28 01:00,2024-06-28 01:15,2024-06-28 02:09
LAB712545,ENC105322,PT13003,WBC,White Blood Cell Count,8.3,K/uL,4.5,11,N,STAT,2024-06-28 00:42,2024-06-28 00:52,2024-06-28 01:39
LAB712546,ENC105322,PT13003,HGB,Hemoglobin,12.7,g/dL,12,17.5,N,Routine,2024-06-28 00:53,2024-06-28 01:01,2024-06-28 05:54
LAB712547,ENC105322,PT13003,NA,Sodium,127,mmol/L,136,145,L,Routine,2024-06-28 01:07,2024-06-28 01:21,2024-06-28 03:01
LAB712548,ENC105322,PT13003,K,Potassium,4.9,mmol/L,3.5,5.1,N,STAT,2024-06-28 00:40,2024-06-28 01:14,2024-06-28 01:46
LAB712549,ENC105322,PT13003,BUN,Blood Urea Nitrogen,12,mg/dL,7,20,N,Routine,2024-06-28 00:09,2024-06-28 00:41,2024-06-28 03:00
LAB712550,ENC105322,PT13003,PLT,Platelet Count,168,K/uL,150,400,N,STAT,2024-06-28 00:35,2024-06-28 00:41,2024-06-28 01:28
LAB712551,ENC105323,PT12488,GLU,Glucose,106,mg/dL,70,99,H,STAT,2024-06-28 04:05,2024-06-28 04:26,2024-06-28 05:27
LAB712552,ENC105323,PT12488,CREAT,Creatinine,1.17,mg/dL,0.6,1.3,N,Routine,2024-06-28 04:15,2024-06-28 04:48,2024-06-28 07:03
LAB712553,ENC105323,PT12488,WBC,White Blood Cell Count,6.9,K/uL,4.5,11,N,STAT,2024-06-28 03:40,2024-06-28 03:51,2024-06-28 04:17
LAB712554,ENC105323,PT12488,HGB,Hemoglobin,12.4,g/dL,12,17.5,N,Routine,2024-06-28 03:39,2024-06-28 04:14,2024-06-28 06:29
LAB712555,ENC105323,PT12488,BUN,Blood Urea Nitrogen,6,mg/dL,7,20,L,STAT,2024-06-28 03:33,2024-06-28 03:42,2024-06-28 05:14
LAB712556,ENC105323,PT12488,PLT,Platelet Count,244,K/uL,150,400,N,STAT,2024-06-28 03:41,2024-06-28 03:51,2024-06-28 04:47
LAB712557,ENC105324,PT10007,GLU,Glucose,99,mg/dL,70,99,N,STAT,2024-06-28 10:46,2024-06-28 10:58,2024-06-28 11:16
LAB712558,ENC105324,PT10007,CREAT,Creatinine,1.13,mg/dL,0.6,1.3,N,Routine,2024-06-28 10:42,2024-06-28 10:58,2024-06-28 16:06
LAB712559,ENC105324,PT10007,WBC,White Blood Cell Count,8.6,K/uL,4.5,11,N,Routine,2024-06-28 10:10,2024-06-28 10:33,2024-06-28 16:20
LAB712560,ENC105324,PT10007,HGB,Hemoglobin,15.9,g/dL,12,17.5,N,Routine,2024-06-28 10:37,2024-06-28 10:58,2024-06-28 14:14
LAB712561,ENC105324,PT10007,TROP,"Troponin I, High Sensitivity",369,ng/L,0,34,H,STAT,2024-06-28 10:18,2024-06-28 10:31,2024-06-28 11:33
LAB712562,ENC105325,PT12354,TROP,"Troponin I, High Sensitivity",4,ng/L,0,34,N,STAT,2024-06-28 08:25,2024-06-28 08:36,2024-06-28 09:29
LAB712563,ENC105326,PT12057,LDL,LDL Cholesterol,86,mg/dL,0,99,N,Routine,2024-06-28 08:28,2024-06-28 08:36,2024-06-29 02:45
LAB712564,ENC105330,PT13645,LDL,LDL Cholesterol,91,mg/dL,0,99,N,Routine,2024-06-28 09:58,2024-06-28 10:31,2024-06-28 20:45
LAB712565,ENC105330,PT13645,TSH,Thyroid Stimulating Hormone,1.87,mIU/L,0.4,4,N,Routine,2024-06-28 09:51,2024-06-28 10:02,2024-06-28 19:05
LAB712566,ENC105334,PT13915,A1C,Hemoglobin A1c,10.9,%,4,5.6,H,Routine,2024-06-28 11:37,2024-06-28 11:51,2024-06-28 23:16
LAB712567,ENC105334,PT13915,GLU,Glucose,462,mg/dL,70,99,H,Routine,2024-06-28 11:35,2024-06-28 11:48,2024-06-28 14:39
LAB712568,ENC105334,PT13915,CREAT,Creatinine,1.05,mg/dL,0.6,1.3,N,Routine,2024-06-28 11:49,2024-06-28 12:08,2024-06-28 13:33
LAB712569,ENC105337,PT11028,LDL,LDL Cholesterol,119,mg/dL,0,99,H,Routine,2024-06-28 13:13,2024-06-28 13:29,2024-06-28 19:34
LAB712570,ENC105339,PT13621,A1C,Hemoglobin A1c,11,%,4,5.6,H,Routine,2024-06-28 13:36,2024-06-28 13:55,2024-06-29 12:22
LAB712571,ENC105340,PT11977,WBC,White Blood Cell Count,7.3,K/uL,4.5,11,N,Routine,2024-06-28 14:30,2024-06-28 14:48,2024-06-28 18:36
LAB712572,ENC105340,PT11977,HGB,Hemoglobin,12.8,g/dL,12,17.5,N,Routine,2024-06-28 14:17,2024-06-28 14:32,2024-06-28 16:24
LAB712573,ENC105340,PT11977,PLT,Platelet Count,305,K/uL,150,400,N,Routine,2024-06-28 14:20,2024-06-28 14:32,2024-06-28 20:05
LAB712574,ENC105341,PT13744,WBC,White Blood Cell Count,6.6,K/uL,4.5,11,N,Routine,2024-06-28 14:24,2024-06-28 14:47,2024-06-28 18:14
LAB712575,ENC105341,PT13744,HGB,Hemoglobin,10.4,g/dL,12,17.5,L,Routine,2024-06-28 14:26,2024-06-28 14:40,2024-06-28 18:17
LAB712576,ENC105341,PT13744,PLT,Platelet Count,295,K/uL,150,400,N,Routine,2024-06-28 14:25,2024-06-28 14:36,2024-06-28 17:30
LAB712577,ENC105344,PT13929,GLU,Glucose,208,mg/dL,70,99,H,STAT,2024-06-28 17:17,2024-06-28 17:48,2024-06-28 19:18
LAB712578,ENC105344,PT13929,CREAT,Creatinine,1.13,mg/dL,0.6,1.3,N,STAT,2024-06-28 17:04,2024-06-28 17:18,2024-06-28 17:46
LAB712579,ENC105344,PT13929,WBC,White Blood Cell Count,12.2,K/uL,4.5,11,H,Routine,2024-06-28 17:21,2024-06-28 17:51,2024-06-29 01:02
LAB712580,ENC105344,PT13929,HGB,Hemoglobin,14.5,g/dL,12,17.5,N,Routine,2024-06-28 16:59,2024-06-28 17:04,2024-06-28 19:49
LAB712581,ENC105346,PT10563,GLU,Glucose,93,mg/dL,70,99,N,Routine,2024-06-28 22:06,2024-06-28 22:19,2024-06-29 03:18
LAB712582,ENC105346,PT10563,CREAT,Creatinine,0.94,mg/dL,0.6,1.3,N,STAT,2024-06-28 22:31,2024-06-28 22:54,2024-06-28 23:24
LAB712583,ENC105346,PT10563,WBC,White Blood Cell Count,5.5,K/uL,4.5,11,N,STAT,2024-06-28 22:43,2024-06-28 23:16,2024-06-28 23:52
LAB712584,ENC105346,PT10563,HGB,Hemoglobin,16.7,g/dL,12,17.5,N,Routine,2024-06-28 22:57,2024-06-28 23:30,2024-06-29 00:56
LAB712585,ENC105347,PT12509,GLU,Glucose,95,mg/dL,70,99,N,STAT,2024-06-28 20:02,2024-06-28 20:21,2024-06-28 20:45
LAB712586,ENC105347,PT12509,CREAT,Creatinine,0.63,mg/dL,0.6,1.3,N,STAT,2024-06-28 20:17,2024-06-28 20:35,2024-06-28 21:10
LAB712587,ENC105347,PT12509,WBC,White Blood Cell Count,16.5,K/uL,4.5,11,H,STAT,2024-06-28 20:04,2024-06-28 20:37,2024-06-28 21:08
LAB712588,ENC105348,PT10465,GLU,Glucose,106,mg/dL,70,99,H,Routine,2024-06-28 23:24,2024-06-28 23:47,2024-06-29 01:27
LAB712589,ENC105348,PT10465,CREAT,Creatinine,1.23,mg/dL,0.6,1.3,N,Routine,2024-06-29 00:12,2024-06-29 00:28,2024-06-29 02:19
LAB712590,ENC105348,PT10465,WBC,White Blood Cell Count,2.9,K/uL,4.5,11,L,STAT,2024-06-28 23:13,2024-06-28 23:22,2024-06-29 00:32
LAB712591,ENC105348,PT10465,HGB,Hemoglobin,11.6,g/dL,12,17.5,L,STAT,2024-06-28 23:27,2024-06-28 23:48,2024-06-29 00:24
LAB712592,ENC105348,PT10465,TROP,"Troponin I, High Sensitivity",50,ng/L,0,34,H,STAT,2024-06-28 23:51,2024-06-29 00:00,2024-06-29 00:44
LAB712593,ENC105348,PT10465,BNP,B-Type Natriuretic Peptide,827,pg/mL,0,100,H,STAT,2024-06-28 23:28,2024-06-28 23:53,2024-06-29 01:01
LAB712594,ENC105351,PT11724,GLU,Glucose,179,mg/dL,70,99,H,STAT,2024-06-28 21:34,2024-06-28 21:40,2024-06-28 23:05
LAB712595,ENC105351,PT11724,CREAT,Creatinine,0.95,mg/dL,0.6,1.3,N,STAT,2024-06-28 21:01,2024-06-28 21:27,2024-06-28 22:30
LAB712596,ENC105351,PT11724,WBC,White Blood Cell Count,5.5,K/uL,4.5,11,N,Routine,2024-06-28 22:05,2024-06-28 22:14,2024-06-29 00:45
LAB712597,ENC105351,PT11724,HGB,Hemoglobin,16.5,g/dL,12,17.5,N,Routine,2024-06-28 21:01,2024-06-28 21:09,2024-06-28 22:04
LAB712598,ENC105353,PT11014,GLU,Glucose,156,mg/dL,70,99,H,STAT,2024-06-29 02:58,2024-06-29 03:12,2024-06-29 03:53
LAB712599,ENC105353,PT11014,CREAT,Creatinine,2.34,mg/dL,0.6,1.3,H,STAT,2024-06-29 02:25,2024-06-29 03:00,2024-06-29 04:32
LAB712600,ENC105353,PT11014,WBC,White Blood Cell Count,5.4,K/uL,4.5,11,N,STAT,2024-06-29 02:35,2024-06-29 02:52,2024-06-29 03:44
LAB712601,ENC105353,PT11014,HGB,Hemoglobin,11.6,g/dL,12,17.5,L,STAT,2024-06-29 02:14,2024-06-29 02:36,2024-06-29 03:12
LAB712602,ENC105353,PT11014,LACT,Lactate,3.1,mmol/L,0.5,2,H,STAT,2024-06-29 03:12,2024-06-29 03:30,2024-06-29 04:47
LAB712603,ENC105354,PT11452,GLU,Glucose,114,mg/dL,70,99,H,Routine,2024-06-29 01:10,2024-06-29 01:15,2024-06-29 02:56
LAB712604,ENC105354,PT11452,CREAT,Creatinine,0.87,mg/dL,0.6,1.3,N,STAT,2024-06-29 01:36,2024-06-29 02:08,2024-06-29 02:52
LAB712605,ENC105354,PT11452,WBC,White Blood Cell Count,8.7,K/uL,4.5,11,N,Routine,2024-06-29 01:57,2024-06-29 02:05,2024-06-29 05:11
LAB712606,ENC105354,PT11452,HGB,Hemoglobin,13.2,g/dL,12,17.5,N,Routine,2024-06-29 01:37,2024-06-29 02:02,2024-06-29 04:50
LAB712607,ENC105355,PT12191,GLU,Glucose,80,mg/dL,70,99,N,STAT,2024-06-29 04:51,2024-06-29 05:02,2024-06-29 05:24
LAB712608,ENC105355,PT12191,CREAT,Creatinine,0.82,mg/dL,0.6,1.3,N,Routine,2024-06-29 05:05,2024-06-29 05:25,2024-06-29 07:48
LAB712609,ENC105355,PT12191,WBC,White Blood Cell Count,5,K/uL,4.5,11,N,STAT,2024-06-29 04:44,2024-06-29 05:11,2024-06-29 05:44
LAB712610,ENC105355,PT12191,HGB,Hemoglobin,15.6,g/dL,12,17.5,N,STAT,2024-06-29 04:57,2024-06-29 05:22,2024-06-29 06:08
LAB712611,ENC105356,PT13991,GLU,Glucose,290,mg/dL,70,99,H,STAT,2024-06-29 05:10,2024-06-29 05:34,2024-06-29 07:22
LAB712612,ENC105356,PT13991,CREAT,Creatinine,1.1,mg/dL,0.6,1.3,N,STAT,2024-06-29 06:06,2024-06-29 06:31,2024-06-29 07:17
LAB712613,ENC105356,PT13991,WBC,White Blood Cell Count,6.9,K/uL,4.5,11,N,STAT,2024-06-29 05:58,2024-06-29 06:17,2024-06-29 06:42
LAB712614,ENC105356,PT13991,HGB,Hemoglobin,15.3,g/dL,12,17.5,N,STAT,2024-06-29 05:33,2024-06-29 05:50,2024-06-29 06:42
LAB712615,ENC105356,PT13991,NA,Sodium,121,mmol/L,136,145,L,Routine,2024-06-29 05:28,2024-06-29 05:39,2024-06-29 06:57
LAB712616,ENC105356,PT13991,K,Potassium,4,mmol/L,3.5,5.1,N,STAT,2024-06-29 06:06,2024-06-29 06:10,2024-06-29 07:03
LAB712617,ENC105356,PT13991,BUN,Blood Urea Nitrogen,8,mg/dL,7,20,N,STAT,2024-06-29 06:14,2024-06-29 06:41,2024-06-29 07:51
LAB712618,ENC105356,PT13991,PLT,Platelet Count,325,K/uL,150,400,N,STAT,2024-06-29 05:35,2024-06-29 06:08,2024-06-29 07:12
LAB712619,ENC105357,PT10191,GLU,Glucose,193,mg/dL,70,99,H,STAT,2024-06-29 03:08,2024-06-29 03:30,2024-06-29 04:21
LAB712620,ENC105357,PT10191,CREAT,Creatinine,0.61,mg/dL,0.6,1.3,N,Routine,2024-06-29 03:43,2024-06-29 04:15,2024-06-29 10:06
LAB712621,ENC105357,PT10191,WBC,White Blood Cell Count,20.2,K/uL,4.5,11,H,Routine,2024-06-29 03:30,2024-06-29 03:53,2024-06-29 06:16
LAB712622,ENC105357,PT10191,HGB,Hemoglobin,13.9,g/dL,12,17.5,N,STAT,2024-06-29 02:57,2024-06-29 03:10,2024-06-29 03:55
LAB712623,ENC105357,PT10191,NA,Sodium,141,mmol/L,136,145,N,STAT,2024-06-29 03:13,2024-06-29 03:48,2024-06-29 04:50
LAB712624,ENC105357,PT10191,K,Potassium,4.3,mmol/L,3.5,5.1,N,STAT,2024-06-29 03:55,2024-06-29 04:18,2024-06-29 04:52
LAB712625,ENC105357,PT10191,LACT,Lactate,2.4,mmol/L,0.5,2,H,STAT,2024-06-29 03:18,2024-06-29 03:25,2024-06-29 04:11
LAB712626,ENC105360,PT13805,GLU,Glucose,79,mg/dL,70,99,N,STAT,2024-06-29 10:44,2024-06-29 11:08,2024-06-29 11:48
LAB712627,ENC105360,PT13805,CREAT,Creatinine,2.08,mg/dL,0.6,1.3,H,STAT,2024-06-29 10:29,2024-06-29 11:03,2024-06-29 12:07
LAB712628,ENC105361,PT10419,TROP,"Troponin I, High Sensitivity",4,ng/L,0,34,N,STAT,2024-06-29 11:51,2024-06-29 12:08,2024-06-29 13:09
LAB712629,ENC105362,PT12008,GLU,Glucose,101,mg/dL,70,99,H,STAT,2024-06-29 16:22,2024-06-29 16:44,2024-06-29 17:14
LAB712630,ENC105362,PT12008,CREAT,Creatinine,1.82,mg/dL,0.6,1.3,H,Routine,2024-06-29 16:08,2024-06-29 16:38,2024-06-29 20:12
LAB712631,ENC105362,PT12008,WBC,White Blood Cell Count,7,K/uL,4.5,11,N,Routine,2024-06-29 16:37,2024-06-29 17:07,2024-06-29 23:46
LAB712632,ENC105362,PT12008,HGB,Hemoglobin,11.5,g/dL,12,17.5,L,STAT,2024-06-29 16:36,2024-06-29 17:04,2024-06-29 18:11
LAB712633,ENC105362,PT12008,TROP,"Troponin I, High Sensitivity",840,ng/L,0,34,H,STAT,2024-06-29 16:41,2024-06-29 16:47,2024-06-29 17:38
LAB712634,ENC105363,PT13527,GLU,Glucose,249,mg/dL,70,99,H,STAT,2024-06-29 14:03,2024-06-29 14:21,2024-06-29 15:04
LAB712635,ENC105363,PT13527,CREAT,Creatinine,0.76,mg/dL,0.6,1.3,N,STAT,2024-06-29 14:25,2024-06-29 14:52,2024-06-29 15:33
LAB712636,ENC105363,PT13527,WBC,White Blood Cell Count,8.5,K/uL,4.5,11,N,STAT,2024-06-29 14:21,2024-06-29 14:43,2024-06-29 15:16
LAB712637,ENC105363,PT13527,HGB,Hemoglobin,12.8,g/dL,12,17.5,N,STAT,2024-06-29 14:13,2024-06-29 14:33,2024-06-29 15:04
LAB712638,ENC105363,PT13527,A1C,Hemoglobin A1c,8.9,%,4,5.6,H,STAT,2024-06-29 14:29,2024-06-29 14:42,2024-06-29 16:12
LAB712639,ENC105364,PT12640,GLU,Glucose,147,mg/dL,70,99,H,STAT,2024-06-29 19:57,2024-06-29 20:17,2024-06-29 20:56
LAB712640,ENC105364,PT12640,CREAT,Creatinine,0.37,mg/dL,0.6,1.3,L,STAT,2024-06-29 19:58,2024-06-29 20:16,2024-06-29 21:05
LAB712641,ENC105364,PT12640,WBC,White Blood Cell Count,6.9,K/uL,4.5,11,N,Routine,2024-06-29 19:26,2024-06-29 19:41,2024-06-30 01:26
LAB712642,ENC105364,PT12640,HGB,Hemoglobin,13.1,g/dL,12,17.5,N,STAT,2024-06-29 19:13,2024-06-29 19:25,2024-06-29 20:09
LAB712643,ENC105365,PT12082,GLU,Glucose,113,mg/dL,70,99,H,STAT,2024-06-29 15:05,2024-06-29 15:11,2024-06-29 15:48
LAB712644,ENC105365,PT12082,CREAT,Creatinine,0.69,mg/dL,0.6,1.3,N,STAT,2024-06-29 14:49,2024-06-29 15:02,2024-06-29 15:44
LAB712645,ENC105367,PT12965,GLU,Glucose,100,mg/dL,70,99,H,Routine,2024-06-29 17:47,2024-06-29 17:59,2024-06-29 19:36
LAB712646,ENC105367,PT12965,CREAT,Creatinine,0.99,mg/dL,0.6,1.3,N,Routine,2024-06-29 18:32,2024-06-29 18:52,2024-06-29 21:04
LAB712647,ENC105367,PT12965,WBC,White Blood Cell Count,14.9,K/uL,4.5,11,H,STAT,2024-06-29 17:45,2024-06-29 18:06,2024-06-29 19:22
LAB712648,ENC105367,PT12965,HGB,Hemoglobin,15.8,g/dL,12,17.5,N,STAT,2024-06-29 17:37,2024-06-29 18:04,2024-06-29 18:41
LAB712649,ENC105368,PT13668,GLU,Glucose,123,mg/dL,70,99,H,Routine,2024-06-29 16:09,2024-06-29 16:32,2024-06-29 22:04
LAB712650,ENC105368,PT13668,CREAT,Creatinine,0.82,mg/dL,0.6,1.3,N,Routine,2024-06-29 15:45,2024-06-29 16:14,2024-06-29 19:43
LAB712651,ENC105368,PT13668,WBC,White Blood Cell Count,14.3,K/uL,4.5,11,H,Routine,2024-06-29 16:00,2024-06-29 16:20,2024-06-29 19:42
LAB712652,ENC105368,PT13668,HGB,Hemoglobin,13.8,g/dL,12,17.5,N,Routine,2024-06-29 16:20,2024-06-29 16:55,2024-06-29 21:41
LAB712653,ENC105369,PT11550,GLU,Glucose,123,mg/dL,70,99,H,STAT,2024-06-29 20:42,2024-06-29 21:10,2024-06-29 21:50
LAB712654,ENC105369,PT11550,CREAT,Creatinine,1.68,mg/dL,0.6,1.3,H,Routine,2024-06-29 20:53,2024-06-29 21:27,2024-06-29 22:32
LAB712655,ENC105369,PT11550,WBC,White Blood Cell Count,10.8,K/uL,4.5,11,N,STAT,2024-06-29 20:08,2024-06-29 20:31,2024-06-29 21:17
LAB712656,ENC105369,PT11550,HGB,Hemoglobin,11.7,g/dL,12,17.5,L,STAT,2024-06-29 20:07,2024-06-29 20:18,2024-06-29 22:34
LAB712657,ENC105369,PT11550,NA,Sodium,136,mmol/L,136,145,N,Routine,2024-06-29 20:52,2024-06-29 21:01,2024-06-30 00:50
LAB712658,ENC105369,PT11550,K,Potassium,4.1,mmol/L,3.5,5.1,N,STAT,2024-06-29 20:30,2024-06-29 20:51,2024-06-29 22:31
LAB712659,ENC105369,PT11550,TROP,"Troponin I, High Sensitivity",242,ng/L,0,34,H,STAT,2024-06-29 21:07,2024-06-29 21:32,2024-06-29 22:30
LAB712660,ENC105372,PT11140,GLU,Glucose,131,mg/dL,70,99,H,Routine,2024-06-29 20:09,2024-06-29 20:20,2024-06-29 22:19
LAB712661,ENC105372,PT11140,CREAT,Creatinine,0.95,mg/dL,0.6,1.3,N,STAT,2024-06-29 19:56,2024-06-29 20:21,2024-06-29 21:14
LAB712662,ENC105372,PT11140,WBC,White Blood Cell Count,5.6,K/uL,4.5,11,N,STAT,2024-06-29 19:39,2024-06-29 20:13,2024-06-29 21:21
LAB712663,ENC105372,PT11140,HGB,Hemoglobin,16.7,g/dL,12,17.5,N,STAT,2024-06-29 19:45,2024-06-29 19:59,2024-06-29 21:09
LAB712664,ENC105373,PT13369,GLU,Glucose,126,mg/dL,70,99,H,STAT,2024-06-29 23:15,2024-06-29 23:20,2024-06-30 00:17
LAB712665,ENC105373,PT13369,CREAT,Creatinine,1.01,mg/dL,0.6,1.3,N,STAT,2024-06-29 23:13,2024-06-29 23:47,2024-06-30 00:44
LAB712666,ENC105373,PT13369,WBC,White Blood Cell Count,7.4,K/uL,4.5,11,N,Routine,2024-06-29 22:50,2024-06-29 22:56,2024-06-30 05:00
LAB712667,ENC105373,PT13369,HGB,Hemoglobin,12.2,g/dL,12,17.5,N,Routine,2024-06-29 22:57,2024-06-29 23:26,2024-06-30 01:26
LAB712668,ENC105373,PT13369,BUN,Blood Urea Nitrogen,10,mg/dL,7,20,N,STAT,2024-06-29 23:00,2024-06-29 23:26,2024-06-30 00:51
LAB712669,ENC105373,PT13369,PLT,Platelet Count,293,K/uL,150,400,N,Routine,2024-06-29 23:22,2024-06-29 23:26,2024-06-30 02:26
LAB712670,ENC105375,PT12394,GLU,Glucose,97,mg/dL,70,99,N,STAT,2024-06-30 05:04,2024-06-30 05:33,2024-06-30 06:42
LAB712671,ENC105375,PT12394,CREAT,Creatinine,0.84,mg/dL,0.6,1.3,N,STAT,2024-06-30 05:09,2024-06-30 05:42,2024-06-30 06:24
LAB712672,ENC105375,PT12394,WBC,White Blood Cell Count,8.5,K/uL,4.5,11,N,Routine,2024-06-30 04:00,2024-06-30 04:19,2024-06-30 05:11
LAB712673,ENC105375,PT12394,HGB,Hemoglobin,14.8,g/dL,12,17.5,N,STAT,2024-06-30 04:52,2024-06-30 05:01,2024-06-30 05:28
LAB712674,ENC105376,PT13238,GLU,Glucose,322,mg/dL,70,99,H,STAT,2024-06-30 04:05,2024-06-30 04:13,2024-06-30 04:36
LAB712675,ENC105376,PT13238,CREAT,Creatinine,0.89,mg/dL,0.6,1.3,N,STAT,2024-06-30 04:35,2024-06-30 04:55,2024-06-30 05:22
LAB712676,ENC105376,PT13238,WBC,White Blood Cell Count,5.9,K/uL,4.5,11,N,Routine,2024-06-30 04:35,2024-06-30 05:08,2024-06-30 10:19
LAB712677,ENC105376,PT13238,A1C,Hemoglobin A1c,12.3,%,4,5.6,H,STAT,2024-06-30 04:59,2024-06-30 05:32,2024-06-30 06:21
LAB712678,ENC105378,PT11557,GLU,Glucose,82,mg/dL,70,99,N,STAT,2024-06-30 13:06,2024-06-30 13:41,2024-06-30 14:19
LAB712679,ENC105378,PT11557,CREAT,Creatinine,1,mg/dL,0.6,1.3,N,STAT,2024-06-30 13:30,2024-06-30 13:54,2024-06-30 14:30
LAB712680,ENC105378,PT11557,WBC,White Blood Cell Count,8.6,K/uL,4.5,11,N,STAT,2024-06-30 13:03,2024-06-30 13:30,2024-06-30 14:12
LAB712681,ENC105378,PT11557,HGB,Hemoglobin,14.6,g/dL,12,17.5,N,Routine,2024-06-30 13:29,2024-06-30 13:57,2024-06-30 16:24
LAB712682,ENC105380,PT11837,GLU,Glucose,93,mg/dL,70,99,N,Routine,2024-06-30 13:45,2024-06-30 14:06,2024-06-30 17:25
LAB712683,ENC105380,PT11837,CREAT,Creatinine,0.91,mg/dL,0.6,1.3,N,STAT,2024-06-30 14:21,2024-06-30 14:34,2024-06-30 15:05
LAB712684,ENC105380,PT11837,WBC,White Blood Cell Count,6.1,K/uL,4.5,11,N,Routine,2024-06-30 14:03,2024-06-30 14:07,2024-06-30 19:11
LAB712685,ENC105380,PT11837,HGB,Hemoglobin,13.7,g/dL,12,17.5,N,STAT,2024-06-30 14:03,2024-06-30 14:30,2024-06-30 15:08
LAB712686,ENC105383,PT13637,GLU,Glucose,120,mg/dL,70,99,H,STAT,2024-06-30 18:54,2024-06-30 19:17,2024-06-30 20:07
LAB712687,ENC105383,PT13637,CREAT,Creatinine,0.79,mg/dL,0.6,1.3,N,STAT,2024-06-30 19:11,2024-06-30 19:23,2024-06-30 20:04
LAB712688,ENC105383,PT13637,WBC,White Blood Cell Count,10.2,K/uL,4.5,11,N,STAT,2024-06-30 18:48,2024-06-30 18:52,2024-06-30 20:20
LAB712689,ENC105383,PT13637,HGB,Hemoglobin,13.5,g/dL,12,17.5,N,Routine,2024-06-30 18:55,2024-06-30 19:16,2024-06-30 22:24
LAB712690,ENC105384,PT11304,GLU,Glucose,104,mg/dL,70,99,H,STAT,2024-06-30 18:49,2024-06-30 19:10,2024-06-30 19:35
LAB712691,ENC105384,PT11304,CREAT,Creatinine,0.77,mg/dL,0.6,1.3,N,STAT,2024-06-30 18:25,2024-06-30 18:40,2024-06-30 19:36
LAB712692,ENC105384,PT11304,WBC,White Blood Cell Count,7.5,K/uL,4.5,11,N,Routine,2024-06-30 18:35,2024-06-30 19:06,2024-07-01 00:32
LAB712693,ENC105384,PT11304,HGB,Hemoglobin,14.3,g/dL,12,17.5,N,STAT,2024-06-30 19:00,2024-06-30 19:23,2024-06-30 20:09
LAB712694,ENC105386,PT11298,GLU,Glucose,88,mg/dL,70,99,N,STAT,2024-06-30 23:20,2024-06-30 23:26,2024-06-30 23:55
LAB712695,ENC105386,PT11298,CREAT,Creatinine,0.96,mg/dL,0.6,1.3,N,STAT,2024-06-30 23:39,2024-07-01 00:09,2024-07-01 00:31
LAB712696,ENC105386,PT11298,WBC,White Blood Cell Count,8.2,K/uL,4.5,11,N,Routine,2024-06-30 23:15,2024-06-30 23:21,2024-07-01 01:24
LAB712697,ENC105386,PT11298,HGB,Hemoglobin,13.1,g/dL,12,17.5,N,Routine,2024-06-30 23:24,2024-06-30 23:58,2024-07-01 05:14
LAB712698,ENC105386,PT11298,BUN,Blood Urea Nitrogen,14,mg/dL,7,20,N,STAT,2024-06-30 23:33,2024-06-30 23:59,2024-07-01 00:35
LAB712699,ENC105386,PT11298,PLT,Platelet Count,282,K/uL,150,400,N,Routine,2024-06-30 23:32,2024-07-01 00:07,2024-07-01 01:40
LAB712700,ENC105386,PT11298,TROP,"Troponin I, High Sensitivity",58,ng/L,0,34,H,STAT,2024-07-01 00:08,2024-07-01 00:13,2024-07-01 01:17
LAB712701,ENC105386,PT11298,BNP,B-Type Natriuretic Peptide,507,pg/mL,0,100,H,STAT,2024-06-30 23:01,2024-06-30 23:36,2024-07-01 01:14
LAB712702,ENC105388,PT11245,GLU,Glucose,100,mg/dL,70,99,H,STAT,2024-06-30 21:44,2024-06-30 21:54,2024-06-30 22:23
LAB712703,ENC105388,PT11245,CREAT,Creatinine,0.47,mg/dL,0.6,1.3,L,STAT,2024-06-30 21:50,2024-06-30 22:11,2024-06-30 23:38
LAB712704,ENC105388,PT11245,WBC,White Blood Cell Count,8.9,K/uL,4.5,11,N,STAT,2024-06-30 22:08,2024-06-30 22:18,2024-06-30 23:01
LAB712705,ENC105388,PT11245,HGB,Hemoglobin,14.8,g/dL,12,17.5,N,STAT,2024-06-30 21:55,2024-06-30 22:10,2024-06-30 22:37
LAB712706,ENC105390,PT13324,GLU,Glucose,196,mg/dL,70,99,H,STAT,2024-06-30 23:04,2024-06-30 23:36,2024-07-01 00:05
LAB712707,ENC105390,PT13324,CREAT,Creatinine,1.23,mg/dL,0.6,1.3,N,STAT,2024-06-30 23:43,2024-07-01 00:06,2024-07-01 01:14
LAB712708,ENC105390,PT13324,WBC,White Blood Cell Count,5.7,K/uL,4.5,11,N,STAT,2024-06-30 23:04,2024-06-30 23:25,2024-06-30 23:57
LAB712709,ENC105390,PT13324,HGB,Hemoglobin,16.4,g/dL,12,17.5,N,Routine,2024-06-30 23:53,2024-07-01 00:18,2024-07-01 03:22
LAB712710,ENC105391,PT11595,GLU,Glucose,136,mg/dL,70,99,H,Routine,2024-06-30 23:03,2024-06-30 23:24,2024-07-01 03:12
LAB712711,ENC105391,PT11595,CREAT,Creatinine,1.36,mg/dL,0.6,1.3,H,STAT,2024-06-30 22:49,2024-06-30 23:21,2024-06-30 23:55
LAB712712,ENC105391,PT11595,WBC,White Blood Cell Count,5,K/uL,4.5,11,N,STAT,2024-06-30 22:58,2024-06-30 23:18,2024-07-01 00:27
LAB712713,ENC105391,PT11595,HGB,Hemoglobin,14,g/dL,12,17.5,N,STAT,2024-06-30 23:38,2024-06-30 23:52,2024-07-01 00:18
LAB712714,ENC105391,PT11595,NA,Sodium,144,mmol/L,136,145,N,Routine,2024-06-30 23:27,2024-06-30 23:43,2024-07-01 01:55
LAB712715,ENC105391,PT11595,K,Potassium,4.5,mmol/L,3.5,5.1,N,STAT,2024-06-30 22:58,2024-06-30 23:18,2024-07-01 00:27
LAB712716,ENC105391,PT11595,BUN,Blood Urea Nitrogen,22,mg/dL,7,20,H,Routine,2024-06-30 23:28,2024-06-30 23:50,2024-07-01 04:20
LAB712717,ENC105391,PT11595,PLT,Platelet Count,253,K/uL,150,400,N,Routine,2024-06-30 23:04,2024-06-30 23:19,2024-07-01 01:14
LAB712718,ENC105394,PT10406,GLU,Glucose,101,mg/dL,70,99,H,STAT,2024-07-01 10:12,2024-07-01 10:26,2024-07-01 12:14
LAB712719,ENC105394,PT10406,CREAT,Creatinine,1,mg/dL,0.6,1.3,N,Routine,2024-07-01 10:37,2024-07-01 10:57,2024-07-01 13:47
LAB712720,ENC105394,PT10406,WBC,White Blood Cell Count,8.2,K/uL,4.5,11,N,Routine,2024-07-01 10:45,2024-07-01 10:58,2024-07-01 14:10
LAB712721,ENC105394,PT10406,HGB,Hemoglobin,13.4,g/dL,12,17.5,N,Routine,2024-07-01 11:07,2024-07-01 11:12,2024-07-01 19:23
LAB712722,ENC105395,PT12782,GLU,Glucose,109,mg/dL,70,99,H,STAT,2024-07-01 07:53,2024-07-01 08:11,2024-07-01 09:25
LAB712723,ENC105395,PT12782,CREAT,Creatinine,2.68,mg/dL,0.6,1.3,H,STAT,2024-07-01 07:25,2024-07-01 07:48,2024-07-01 08:21
LAB712724,ENC105395,PT12782,WBC,White Blood Cell Count,6.2,K/uL,4.5,11,N,STAT,2024-07-01 07:17,2024-07-01 07:48,2024-07-01 08:26
LAB712725,ENC105395,PT12782,HGB,Hemoglobin,10.7,g/dL,12,17.5,L,STAT,2024-07-01 07:44,2024-07-01 08:00,2024-07-01 08:33
LAB712726,ENC105395,PT12782,NA,Sodium,140,mmol/L,136,145,N,Routine,2024-07-01 07:38,2024-07-01 07:51,2024-07-01 13:42
LAB712727,ENC105395,PT12782,K,Potassium,4.1,mmol/L,3.5,5.1,N,STAT,2024-07-01 07:28,2024-07-01 07:42,2024-07-01 08:07
LAB712728,ENC105396,PT11861,LDL,LDL Cholesterol,169,mg/dL,0,99,H,Routine,2024-07-01 09:09,2024-07-01 09:19,2024-07-01 17:44
LAB712729,ENC105396,PT11861,TSH,Thyroid Stimulating Hormone,1.85,mIU/L,0.4,4,N,Routine,2024-07-01 09:07,2024-07-01 09:19,2024-07-01 19:38
LAB712730,ENC105398,PT11084,GLU,Glucose,187,mg/dL,70,99,H,STAT,2024-07-01 09:51,2024-07-01 10:09,2024-07-01 10:33
LAB712731,ENC105398,PT11084,CREAT,Creatinine,0.97,mg/dL,0.6,1.3,N,STAT,2024-07-01 09:11,2024-07-01 09:19,2024-07-01 10:03
LAB712732,ENC105400,PT10121,GLU,Glucose,96,mg/dL,70,99,N,STAT,2024-07-01 12:18,2024-07-01 12:41,2024-07-01 13:38
LAB712733,ENC105400,PT10121,CREAT,Creatinine,0.66,mg/dL,0.6,1.3,N,STAT,2024-07-01 12:14,2024-07-01 12:30,2024-07-01 13:13
LAB712734,ENC105400,PT10121,WBC,White Blood Cell Count,7.4,K/uL,4.5,11,N,Routine,2024-07-01 13:18,2024-07-01 13:34,2024-07-01 20:44
LAB712735,ENC105400,PT10121,HGB,Hemoglobin,13.4,g/dL,12,17.5,N,STAT,2024-07-01 12:22,2024-07-01 12:26,2024-07-01 13:18
LAB712736,ENC105400,PT10121,NA,Sodium,140,mmol/L,136,145,N,STAT,2024-07-01 13:10,2024-07-01 13:33,2024-07-01 14:12
LAB712737,ENC105400,PT10121,K,Potassium,3.9,mmol/L,3.5,5.1,N,STAT,2024-07-01 12:56,2024-07-01 13:28,2024-07-01 14:03
LAB712738,ENC105400,PT10121,INR,Prothrombin Time INR,1,ratio,0.8,1.2,N,STAT,2024-07-01 12:24,2024-07-01 12:57,2024-07-01 14:07
LAB712739,ENC105401,PT13017,GLU,Glucose,103,mg/dL,70,99,H,Routine,2024-07-01 14:22,2024-07-01 14:26,2024-07-01 16:14
LAB712740,ENC105401,PT13017,CREAT,Creatinine,1.1,mg/dL,0.6,1.3,N,STAT,2024-07-01 14:13,2024-07-01 14:25,2024-07-01 15:20
LAB712741,ENC105401,PT13017,WBC,White Blood Cell Count,3.5,K/uL,4.5,11,L,Routine,2024-07-01 14:47,2024-07-01 15:09,2024-07-01 17:41
LAB712742,ENC105401,PT13017,HGB,Hemoglobin,13.6,g/dL,12,17.5,N,Routine,2024-07-01 13:47,2024-07-01 14:01,2024-07-01 17:50
LAB712743,ENC105401,PT13017,TROP,"Troponin I, High Sensitivity",2,ng/L,0,34,N,STAT,2024-07-01 14:28,2024-07-01 14:38,2024-07-01 15:24
LAB712744,ENC105402,PT11609,TROP,"Troponin I, High Sensitivity",0,ng/L,0,34,N,STAT,2024-07-01 10:16,2024-07-01 10:25,2024-07-01 11:13
LAB712745,ENC105403,PT13873,WBC,White Blood Cell Count,7.1,K/uL,4.5,11,N,Routine,2024-07-01 11:04,2024-07-01 11:11,2024-07-01 13:03
LAB712746,ENC105403,PT13873,HGB,Hemoglobin,14.4,g/dL,12,17.5,N,Routine,2024-07-01 11:09,2024-07-01 11:32,2024-07-01 14:33
LAB712747,ENC105403,PT13873,PLT,Platelet Count,220,K/uL,150,400,N,Routine,2024-07-01 11:04,2024-07-01 11:38,2024-07-01 14:09
LAB712748,ENC105404,PT11182,WBC,White Blood Cell Count,8.6,K/uL,4.5,11,N,Routine,2024-07-01 11:26,2024-07-01 11:58,2024-07-01 17:09
LAB712749,ENC105404,PT11182,HGB,Hemoglobin,14.5,g/dL,12,17.5,N,Routine,2024-07-01 11:08,2024-07-01 11:16,2024-07-01 14:08
LAB712750,ENC105404,PT11182,PLT,Platelet Count,218,K/uL,150,400,N,Routine,2024-07-01 11:25,2024-07-01 11:30,2024-07-01 15:36
LAB712751,ENC105405,PT13771,A1C,Hemoglobin A1c,9.3,%,4,5.6,H,STAT,2024-07-01 11:40,2024-07-01 11:53,2024-07-01 13:12
LAB712752,ENC105406,PT12015,GLU,Glucose,115,mg/dL,70,99,H,STAT,2024-07-01 12:08,2024-07-01 12:43,2024-07-01 13:14
LAB712753,ENC105406,PT12015,CREAT,Creatinine,0.59,mg/dL,0.6,1.3,L,STAT,2024-07-01 11:31,2024-07-01 11:37,2024-07-01 12:47
LAB712754,ENC105408,PT12312,WBC,White Blood Cell Count,7.3,K/uL,4.5,11,N,Routine,2024-07-01 12:27,2024-07-01 12:58,2024-07-01 14:46
LAB712755,ENC105408,PT12312,HGB,Hemoglobin,11.9,g/dL,12,17.5,L,Routine,2024-07-01 12:06,2024-07-01 12:36,2024-07-01 16:42
LAB712756,ENC105408,PT12312,PLT,Platelet Count,296,K/uL,150,400,N,Routine,2024-07-01 12:11,2024-07-01 12:44,2024-07-01 18:37
LAB712757,ENC105409,PT10052,GLU,Glucose,95,mg/dL,70,99,N,Routine,2024-07-01 13:13,2024-07-01 13:34,2024-07-01 15:30
LAB712758,ENC105409,PT10052,CREAT,Creatinine,0.98,mg/dL,0.6,1.3,N,Routine,2024-07-01 12:42,2024-07-01 13:12,2024-07-01 16:10
LAB712759,ENC105409,PT10052,WBC,White Blood Cell Count,8.2,K/uL,4.5,11,N,STAT,2024-07-01 12:19,2024-07-01 12:27,2024-07-01 12:56
LAB712760,ENC105409,PT10052,HGB,Hemoglobin,15.8,g/dL,12,17.5,N,Routine,2024-07-01 12:22,2024-07-01 12:48,2024-07-01 14:17
LAB712761,ENC105409,PT10052,LACT,Lactate,1.2,mmol/L,0.5,2,N,STAT,2024-07-01 12:10,2024-07-01 12:42,2024-07-01 13:15
LAB712762,ENC105411,PT13527,GLU,Glucose,100,mg/dL,70,99,H,Routine,2024-07-01 17:33,2024-07-01 17:54,2024-07-01 19:47
LAB712763,ENC105411,PT13527,CREAT,Creatinine,1.02,mg/dL,0.6,1.3,N,Routine,2024-07-01 17:47,2024-07-01 18:22,2024-07-01 21:00
LAB712764,ENC105411,PT13527,WBC,White Blood Cell Count,5.1,K/uL,4.5,11,N,Routine,2024-07-01 17:05,2024-07-01 17:35,2024-07-01 20:34
LAB712765,ENC105411,PT13527,HGB,Hemoglobin,13,g/dL,12,17.5,N,Routine,2024-07-01 17:31,2024-07-01 18:00,2024-07-01 20:04
LAB712766,ENC105411,PT13527,NA,Sodium,140,mmol/L,136,145,N,STAT,2024-07-01 17:39,2024-07-01 18:05,2024-07-01 19:06
LAB712767,ENC105411,PT13527,K,Potassium,4.4,mmol/L,3.5,5.1,N,STAT,2024-07-01 16:46,2024-07-01 16:53,2024-07-01 17:21
LAB712768,ENC105412,PT11641,LDL,LDL Cholesterol,141,mg/dL,0,99,H,Routine,2024-07-01 13:42,2024-07-01 14:11,2024-07-02 02:29
LAB712769,ENC105412,PT11641,TSH,Thyroid Stimulating Hormone,2.8,mIU/L,0.4,4,N,Routine,2024-07-01 13:25,2024-07-01 13:30,2024-07-02 02:43
LAB712770,ENC105417,PT11010,GLU,Glucose,122,mg/dL,70,99,H,STAT,2024-07-01 15:25,2024-07-01 15:48,2024-07-01 16:37
LAB712771,ENC105417,PT11010,CREAT,Creatinine,0.89,mg/dL,0.6,1.3,N,STAT,2024-07-01 15:38,2024-07-01 15:47,2024-07-01 16:34
LAB712772,ENC105417,PT11010,WBC,White Blood Cell Count,8.1,K/uL,4.5,11,N,Routine,2024-07-01 14:56,2024-07-01 15:23,2024-07-01 18:03
LAB712773,ENC105417,PT11010,HGB,Hemoglobin,15.4,g/dL,12,17.5,N,STAT,2024-07-01 14:53,2024-07-01 15:14,2024-07-01 15:56
LAB712774,ENC105417,PT11010,BUN,Blood Urea Nitrogen,13,mg/dL,7,20,N,STAT,2024-07-01 14:33,2024-07-01 14:45,2024-07-01 15:46
LAB712775,ENC105417,PT11010,PLT,Platelet Count,201,K/uL,150,400,N,STAT,2024-07-01 15:19,2024-07-01 15:30,2024-07-01 15:59
LAB712776,ENC105417,PT11010,LACT,Lactate,2.5,mmol/L,0.5,2,H,STAT,2024-07-01 14:56,2024-07-01 15:31,2024-07-01 16:16
LAB712777,ENC105418,PT10772,A1C,Hemoglobin A1c,5.4,%,4,5.6,N,Routine,2024-07-01 14:57,2024-07-01 15:22,2024-07-02 04:04
LAB712778,ENC105419,PT12518,LDL,LDL Cholesterol,144,mg/dL,0,99,H,Routine,2024-07-01 15:42,2024-07-01 16:00,2024-07-03 04:02
LAB712779,ENC105421,PT13342,GLU,Glucose,82,mg/dL,70,99,N,STAT,2024-07-01 17:07,2024-07-01 17:28,2024-07-01 18:23
LAB712780,ENC105421,PT13342,CREAT,Creatinine,1.11,mg/dL,0.6,1.3,N,STAT,2024-07-01 17:04,2024-07-01 17:28,2024-07-01 18:11
LAB712781,ENC105421,PT13342,WBC,White Blood Cell Count,5.7,K/uL,4.5,11,N,Routine,2024-07-01 16:28,2024-07-01 16:55,2024-07-01 19:26
LAB712782,ENC105421,PT13342,HGB,Hemoglobin,12.6,g/dL,12,17.5,N,Routine,2024-07-01 16:52,2024-07-01 16:57,2024-07-01 18:24
LAB712783,ENC105421,PT13342,NA,Sodium,140,mmol/L,136,145,N,STAT,2024-07-01 16:58,2024-07-01 17:15,2024-07-01 17:48
LAB712784,ENC105421,PT13342,K,Potassium,3.6,mmol/L,3.5,5.1,N,STAT,2024-07-01 17:06,2024-07-01 17:14,2024-07-01 19:17
LAB712785,ENC105423,PT12445,GLU,Glucose,101,mg/dL,70,99,H,STAT,2024-07-01 22:15,2024-07-01 22:46,2024-07-01 23:28
LAB712786,ENC105423,PT12445,CREAT,Creatinine,0.81,mg/dL,0.6,1.3,N,STAT,2024-07-01 22:25,2024-07-01 22:57,2024-07-01 23:39
LAB712787,ENC105423,PT12445,WBC,White Blood Cell Count,7.4,K/uL,4.5,11,N,STAT,2024-07-01 22:04,2024-07-01 22:23,2024-07-01 23:20
LAB712788,ENC105423,PT12445,HGB,Hemoglobin,14.6,g/dL,12,17.5,N,STAT,2024-07-01 22:41,2024-07-01 22:49,2024-07-01 23:21
LAB712789,ENC105423,PT12445,NA,Sodium,124,mmol/L,136,145,L,STAT,2024-07-01 22:14,2024-07-01 22:36,2024-07-01 23:55
LAB712790,ENC105423,PT12445,K,Potassium,5.1,mmol/L,3.5,5.1,N,STAT,2024-07-01 22:59,2024-07-01 23:28,2024-07-02 00:56
LAB712791,ENC105424,PT13191,GLU,Glucose,129,mg/dL,70,99,H,Routine,2024-07-01 20:31,2024-07-01 20:45,2024-07-01 23:03
LAB712792,ENC105424,PT13191,CREAT,Creatinine,1.02,mg/dL,0.6,1.3,N,STAT,2024-07-01 21:22,2024-07-01 21:35,2024-07-01 22:17
LAB712793,ENC105424,PT13191,WBC,White Blood Cell Count,7.3,K/uL,4.5,11,N,STAT,2024-07-01 21:22,2024-07-01 21:28,2024-07-01 22:43
LAB712794,ENC105424,PT13191,HGB,Hemoglobin,14.5,g/dL,12,17.5,N,STAT,2024-07-01 21:30,2024-07-01 22:05,2024-07-01 22:38
LAB712795,ENC105426,PT10951,A1C,Hemoglobin A1c,10.9,%,4,5.6,H,Routine,2024-07-01 19:35,2024-07-01 20:08,2024-07-02 09:09
LAB712796,ENC105427,PT12224,GLU,Glucose,116,mg/dL,70,99,H,STAT,2024-07-01 20:41,2024-07-01 20:54,2024-07-01 22:10
LAB712797,ENC105427,PT12224,CREAT,Creatinine,1.23,mg/dL,0.6,1.3,N,STAT,2024-07-01 20:57,2024-07-01 21:07,2024-07-01 21:31
LAB712798,ENC105427,PT12224,WBC,White Blood Cell Count,6.8,K/uL,4.5,11,N,STAT,2024-07-01 20:43,2024-07-01 20:57,2024-07-01 21:33
LAB712799,ENC105427,PT12224,HGB,Hemoglobin,11.9,g/dL,12,17.5,L,Routine,2024-07-01 20:31,2024-07-01 20:47,2024-07-01 23:28
LAB712800,ENC105428,PT13614,GLU,Glucose,80,mg/dL,70,99,N,Routine,2024-07-01 22:22,2024-07-01 22:46,2024-07-02 02:14
LAB712801,ENC105428,PT13614,CREAT,Creatinine,0.84,mg/dL,0.6,1.3,N,STAT,2024-07-01 22:48,2024-07-01 23:01,2024-07-01 23:35
LAB712802,ENC105428,PT13614,WBC,White Blood Cell Count,6.9,K/uL,4.5,11,N,Routine,2024-07-01 22:44,2024-07-01 23:04,2024-07-02 03:05
LAB712803,ENC105428,PT13614,HGB,Hemoglobin,10.3,g/dL,12,17.5,L,Routine,2024-07-01 23:21,2024-07-01 23:41,2024-07-02 02:22
LAB712804,ENC105428,PT13614,BUN,Blood Urea Nitrogen,12,mg/dL,7,20,N,Routine,2024-07-01 22:58,2024-07-01 23:14,2024-07-02 01:11
LAB712805,ENC105428,PT13614,PLT,Platelet Count,239,K/uL,150,400,N,STAT,2024-07-01 22:55,2024-07-01 23:23,2024-07-02 00:02
LAB712806,ENC105429,PT10390,GLU,Glucose,96,mg/dL,70,99,N,Routine,2024-07-02 00:31,2024-07-02 00:41,2024-07-02 05:36
LAB712807,ENC105429,PT10390,CREAT,Creatinine,1.14,mg/dL,0.6,1.3,N,Routine,2024-07-01 23:47,2024-07-02 00:15,2024-07-02 03:10
LAB712808,ENC105429,PT10390,WBC,White Blood Cell Count,19.6,K/uL,4.5,11,H,STAT,2024-07-02 00:25,2024-07-02 00:59,2024-07-02 01:51
LAB712809,ENC105429,PT10390,HGB,Hemoglobin,14.6,g/dL,12,17.5,N,STAT,2024-07-02 00:09,2024-07-02 00:13,2024-07-02 00:36
LAB712810,ENC105430,PT13973,GLU,Glucose,104,mg/dL,70,99,H,STAT,2024-07-02 01:32,2024-07-02 01:48,2024-07-02 02:42
LAB712811,ENC105430,PT13973,CREAT,Creatinine,1.3,mg/dL,0.6,1.3,N,STAT,2024-07-02 02:21,2024-07-02 02:36,2024-07-02 04:12
LAB712812,ENC105430,PT13973,WBC,White Blood Cell Count,12.4,K/uL,4.5,11,H,STAT,2024-07-02 02:30,2024-07-02 02:35,2024-07-02 04:09
LAB712813,ENC105430,PT13973,HGB,Hemoglobin,16.3,g/dL,12,17.5,N,STAT,2024-07-02 02:06,2024-07-02 02:41,2024-07-02 03:24
LAB712814,ENC105431,PT13621,GLU,Glucose,283,mg/dL,70,99,H,Routine,2024-07-02 01:56,2024-07-02 02:01,2024-07-02 04:05
LAB712815,ENC105431,PT13621,CREAT,Creatinine,1.21,mg/dL,0.6,1.3,N,STAT,2024-07-02 02:43,2024-07-02 02:58,2024-07-02 03:58
LAB712816,ENC105431,PT13621,A1C,Hemoglobin A1c,10.9,%,4,5.6,H,STAT,2024-07-02 01:40,2024-07-02 02:14,2024-07-02 03:02
LAB712817,ENC105434,PT11172,A1C,Hemoglobin A1c,8.3,%,4,5.6,H,Routine,2024-07-02 09:06,2024-07-02 09:19,2024-07-02 17:06
LAB712818,ENC105434,PT11172,GLU,Glucose,137,mg/dL,70,99,H,Routine,2024-07-02 09:15,2024-07-02 09:27,2024-07-02 15:11
LAB712819,ENC105434,PT11172,CREAT,Creatinine,1.17,mg/dL,0.6,1.3,N,Routine,2024-07-02 09:25,2024-07-02 09:30,2024-07-02 12:13
LAB712820,ENC105435,PT12267,LDL,LDL Cholesterol,143,mg/dL,0,99,H,Routine,2024-07-02 09:10,2024-07-02 09:33,2024-07-03 01:35
LAB712821,ENC105438,PT11049,GLU,Glucose,115,mg/dL,70,99,H,STAT,2024-07-02 10:56,2024-07-02 11:13,2024-07-02 12:11
LAB712822,ENC105438,PT11049,CREAT,Creatinine,1.11,mg/dL,0.6,1.3,N,STAT,2024-07-02 10:43,2024-07-02 11:06,2024-07-02 11:46
LAB712823,ENC105438,PT11049,WBC,White Blood Cell Count,7.1,K/uL,4.5,11,N,STAT,2024-07-02 10:49,2024-07-02 10:55,2024-07-02 11:34
LAB712824,ENC105438,PT11049,HGB,Hemoglobin,13.4,g/dL,12,17.5,N,STAT,2024-07-02 10:32,2024-07-02 10:56,2024-07-02 11:17
LAB712825,ENC105442,PT12668,GLU,Glucose,110,mg/dL,70,99,H,STAT,2024-07-02 14:39,2024-07-02 15:10,2024-07-02 16:26
LAB712826,ENC105442,PT12668,CREAT,Creatinine,0.8,mg/dL,0.6,1.3,N,STAT,2024-07-02 14:27,2024-07-02 14:45,2024-07-02 15:22
LAB712827,ENC105442,PT12668,WBC,White Blood Cell Count,9.2,K/uL,4.5,11,N,Routine,2024-07-02 14:34,2024-07-02 14:51,2024-07-02 17:13
LAB712828,ENC105442,PT12668,HGB,Hemoglobin,11.3,g/dL,12,17.5,L,Routine,2024-07-02 14:35,2024-07-02 14:41,2024-07-02 17:15
LAB712829,ENC105442,PT12668,TROP,"Troponin I, High Sensitivity",8,ng/L,0,34,N,STAT,2024-07-02 14:28,2024-07-02 14:49,2024-07-02 15:49
LAB712830,ENC105445,PT10322,WBC,White Blood Cell Count,5.6,K/uL,4.5,11,N,Routine,2024-07-02 13:11,2024-07-02 13:26,2024-07-02 16:58
LAB712831,ENC105445,PT10322,HGB,Hemoglobin,11.8,g/dL,12,17.5,L,Routine,2024-07-02 13:22,2024-07-02 13:38,2024-07-02 15:44
LAB712832,ENC105445,PT10322,PLT,Platelet Count,274,K/uL,150,400,N,Routine,2024-07-02 13:29,2024-07-02 13:41,2024-07-02 15:29
LAB712833,ENC105446,PT10472,GLU,Glucose,95,mg/dL,70,99,N,STAT,2024-07-02 14:45,2024-07-02 15:19,2024-07-02 16:03
LAB712834,ENC105446,PT10472,CREAT,Creatinine,0.83,mg/dL,0.6,1.3,N,STAT,2024-07-02 14:40,2024-07-02 14:56,2024-07-02 15:36
LAB712835,ENC105446,PT10472,TROP,"Troponin I, High Sensitivity",12,ng/L,0,34,N,STAT,2024-07-02 14:08,2024-07-02 14:43,2024-07-02 15:20
LAB712836,ENC105446,PT10472,BNP,B-Type Natriuretic Peptide,1469,pg/mL,0,100,H,STAT,2024-07-02 14:41,2024-07-02 14:57,2024-07-02 15:43
LAB712837,ENC105448,PT11674,WBC,White Blood Cell Count,7.3,K/uL,4.5,11,N,Routine,2024-07-02 14:28,2024-07-02 14:58,2024-07-02 18:08
LAB712838,ENC105448,PT11674,HGB,Hemoglobin,9,g/dL,12,17.5,L,Routine,2024-07-02 14:39,2024-07-02 14:44,2024-07-02 17:09
LAB712839,ENC105448,PT11674,PLT,Platelet Count,208,K/uL,150,400,N,Routine,2024-07-02 14:32,2024-07-02 14:53,2024-07-02 18:14
LAB712840,ENC105450,PT11398,GLU,Glucose,84,mg/dL,70,99,N,Routine,2024-07-02 16:34,2024-07-02 16:59,2024-07-02 19:49
LAB712841,ENC105450,PT11398,CREAT,Creatinine,1.16,mg/dL,0.6,1.3,N,Routine,2024-07-02 16:00,2024-07-02 16:24,2024-07-02 19:59
LAB712842,ENC105450,PT11398,WBC,White Blood Cell Count,7.8,K/uL,4.5,11,N,STAT,2024-07-02 15:29,2024-07-02 15:37,2024-07-02 16:23
LAB712843,ENC105450,PT11398,HGB,Hemoglobin,14.5,g/dL,12,17.5,N,STAT,2024-07-02 16:03,2024-07-02 16:14,2024-07-02 16:56
LAB712844,ENC105450,PT11398,BUN,Blood Urea Nitrogen,12,mg/dL,7,20,N,STAT,2024-07-02 15:47,2024-07-02 16:02,2024-07-02 16:27
LAB712845,ENC105450,PT11398,PLT,Platelet Count,220,K/uL,150,400,N,STAT,2024-07-02 16:08,2024-07-02 16:24,2024-07-02 17:02
LAB712846,ENC105450,PT11398,TROP,"Troponin I, High Sensitivity",85,ng/L,0,34,H,STAT,2024-07-02 15:37,2024-07-02 15:48,2024-07-02 16:29
LAB712847,ENC105451,PT10592,GLU,Glucose,457,mg/dL,70,99,H,STAT,2024-07-02 21:18,2024-07-02 21:48,2024-07-02 22:13
LAB712848,ENC105451,PT10592,CREAT,Creatinine,0.9,mg/dL,0.6,1.3,N,STAT,2024-07-02 20:16,2024-07-02 20:26,2024-07-02 21:57
LAB712849,ENC105451,PT10592,WBC,White Blood Cell Count,7.1,K/uL,4.5,11,N,STAT,2024-07-02 20:38,2024-07-02 20:42,2024-07-02 21:26
LAB712850,ENC105451,PT10592,HGB,Hemoglobin,14.6,g/dL,12,17.5,N,STAT,2024-07-02 20:16,2024-07-02 20:30,2024-07-02 21:04
LAB712851,ENC105451,PT10592,NA,Sodium,138,mmol/L,136,145,N,STAT,2024-07-02 21:09,2024-07-02 21:33,2024-07-02 22:00
LAB712852,ENC105451,PT10592,K,Potassium,4,mmol/L,3.5,5.1,N,STAT,2024-07-02 20:44,2024-07-02 20:53,2024-07-02 21:48
LAB712853,ENC105451,PT10592,A1C,Hemoglobin A1c,7.6,%,4,5.6,H,STAT,2024-07-02 20:27,2024-07-02 20:40,2024-07-02 21:10
LAB712854,ENC105452,PT13004,GLU,Glucose,116,mg/dL,70,99,H,Routine,2024-07-03 00:10,2024-07-03 00:34,2024-07-03 02:24
LAB712855,ENC105452,PT13004,CREAT,Creatinine,0.93,mg/dL,0.6,1.3,N,Routine,2024-07-03 00:04,2024-07-03 00:25,2024-07-03 03:35
LAB712856,ENC105452,PT13004,WBC,White Blood Cell Count,5.6,K/uL,4.5,11,N,STAT,2024-07-03 00:09,2024-07-03 00:22,2024-07-03 01:23
LAB712857,ENC105452,PT13004,HGB,Hemoglobin,11.3,g/dL,12,17.5,L,Routine,2024-07-03 00:21,2024-07-03 00:28,2024-07-03 03:10
LAB712858,ENC105453,PT10761,GLU,Glucose,102,mg/dL,70,99,H,Routine,2024-07-03 00:21,2024-07-03 00:30,2024-07-03 02:34
LAB712859,ENC105453,PT10761,CREAT,Creatinine,0.86,mg/dL,0.6,1.3,N,Routine,2024-07-03 00:38,2024-07-03 00:59,2024-07-03 05:00
LAB712860,ENC105453,PT10761,WBC,White Blood Cell Count,4.6,K/uL,4.5,11,N,STAT,2024-07-03 01:06,2024-07-03 01:27,2024-07-03 02:06
LAB712861,ENC105453,PT10761,HGB,Hemoglobin,13,g/dL,12,17.5,N,STAT,2024-07-03 01:03,2024-07-03 01:21,2024-07-03 02:02
LAB712862,ENC105453,PT10761,NA,Sodium,143,mmol/L,136,145,N,STAT,2024-07-03 00:48,2024-07-03 01:13,2024-07-03 02:35
LAB712863,ENC105453,PT10761,K,Potassium,4.5,mmol/L,3.5,5.1,N,STAT,2024-07-03 00:46,2024-07-03 01:08,2024-07-03 01:30
LAB712864,ENC105453,PT10761,BUN,Blood Urea Nitrogen,20,mg/dL,7,20,N,STAT,2024-07-03 00:50,2024-07-03 01:23,2024-07-03 01:49
LAB712865,ENC105453,PT10761,PLT,Platelet Count,261,K/uL,150,400,N,Routine,2024-07-03 01:13,2024-07-03 01:18,2024-07-03 06:28
LAB712866,ENC105453,PT10761,TROP,"Troponin I, High Sensitivity",3,ng/L,0,34,N,STAT,2024-07-03 00:49,2024-07-03 00:56,2024-07-03 01:52
LAB712867,ENC105454,PT10361,GLU,Glucose,94,mg/dL,70,99,N,Routine,2024-07-03 00:16,2024-07-03 00:45,2024-07-03 03:03
LAB712868,ENC105454,PT10361,CREAT,Creatinine,1.17,mg/dL,0.6,1.3,N,Routine,2024-07-03 00:38,2024-07-03 01:11,2024-07-03 05:14
LAB712869,ENC105454,PT10361,WBC,White Blood Cell Count,12.3,K/uL,4.5,11,H,Routine,2024-07-03 00:09,2024-07-03 00:42,2024-07-03 03:05
LAB712870,ENC105454,PT10361,HGB,Hemoglobin,13.5,g/dL,12,17.5,N,Routine,2024-07-03 00:04,2024-07-03 00:39,2024-07-03 01:53
LAB712871,ENC105454,PT10361,NA,Sodium,140,mmol/L,136,145,N,STAT,2024-07-03 00:20,2024-07-03 00:39,2024-07-03 01:29
LAB712872,ENC105454,PT10361,K,Potassium,3.8,mmol/L,3.5,5.1,N,STAT,2024-07-03 00:00,2024-07-03 00:27,2024-07-03 01:30
LAB712873,ENC105455,PT10356,GLU,Glucose,106,mg/dL,70,99,H,Routine,2024-07-03 03:53,2024-07-03 04:08,2024-07-03 07:06
LAB712874,ENC105455,PT10356,CREAT,Creatinine,2.58,mg/dL,0.6,1.3,H,Routine,2024-07-03 03:59,2024-07-03 04:06,2024-07-03 08:25
LAB712875,ENC105455,PT10356,WBC,White Blood Cell Count,8.9,K/uL,4.5,11,N,STAT,2024-07-03 03:54,2024-07-03 04:20,2024-07-03 05:28
LAB712876,ENC105455,PT10356,HGB,Hemoglobin,9.3,g/dL,12,17.5,L,Routine,2024-07-03 04:15,2024-07-03 04:27,2024-07-03 09:20
LAB712877,ENC105455,PT10356,NA,Sodium,120,mmol/L,136,145,L,Routine,2024-07-03 04:08,2024-07-03 04:12,2024-07-03 07:45
LAB712878,ENC105455,PT10356,K,Potassium,3.8,mmol/L,3.5,5.1,N,STAT,2024-07-03 03:30,2024-07-03 03:55,2024-07-03 04:32
LAB712879,ENC105455,PT10356,BUN,Blood Urea Nitrogen,12,mg/dL,7,20,N,STAT,2024-07-03 03:55,2024-07-03 04:06,2024-07-03 04:51
LAB712880,ENC105455,PT10356,PLT,Platelet Count,128,K/uL,150,400,L,STAT,2024-07-03 03:40,2024-07-03 03:58,2024-07-03 05:14
LAB712881,ENC105456,PT13851,GLU,Glucose,92,mg/dL,70,99,N,Routine,2024-07-03 06:17,2024-07-03 06:41,2024-07-03 11:06
LAB712882,ENC105456,PT13851,CREAT,Creatinine,0.37,mg/dL,0.6,1.3,L,STAT,2024-07-03 05:56,2024-07-03 06:23,2024-07-03 07:22
LAB712883,ENC105457,PT10581,LDL,LDL Cholesterol,193,mg/dL,0,99,H,Routine,2024-07-03 08:41,2024-07-03 09:13,2024-07-04 09:31
LAB712884,ENC105457,PT10581,TSH,Thyroid Stimulating Hormone,1.2,mIU/L,0.4,4,N,Routine,2024-07-03 08:24,2024-07-03 08:41,2024-07-03 17:59
LAB712885,ENC105458,PT11202,LDL,LDL Cholesterol,157,mg/dL,0,99,H,Routine,2024-07-03 08:37,2024-07-03 08:41,2024-07-03 19:11
LAB712886,ENC105459,PT12643,WBC,White Blood Cell Count,7.7,K/uL,4.5,11,N,Routine,2024-07-03 08:34,2024-07-03 09:04,2024-07-03 11:15
LAB712887,ENC105459,PT12643,HGB,Hemoglobin,11.3,g/dL,12,17.5,L,Routine,2024-07-03 08:40,2024-07-03 08:44,2024-07-03 10:35
LAB712888,ENC105459,PT12643,PLT,Platelet Count,365,K/uL,150,400,N,Routine,2024-07-03 08:33,2024-07-03 08:41,2024-07-03 11:24
LAB712889,ENC105460,PT10971,LDL,LDL Cholesterol,84,mg/dL,0,99,N,Routine,2024-07-03 08:57,2024-07-03 09:27,2024-07-03 22:32
LAB712890,ENC105460,PT10971,A1C,Hemoglobin A1c,8.3,%,4,5.6,H,Routine,2024-07-03 09:02,2024-07-03 09:06,2024-07-05 03:21
LAB712891,ENC105465,PT11706,GLU,Glucose,112,mg/dL,70,99,H,Routine,2024-07-03 13:04,2024-07-03 13:34,2024-07-03 17:08
LAB712892,ENC105465,PT11706,CREAT,Creatinine,1.13,mg/dL,0.6,1.3,N,Routine,2024-07-03 13:07,2024-07-03 13:15,2024-07-03 16:42
LAB712893,ENC105465,PT11706,WBC,White Blood Cell Count,7.1,K/uL,4.5,11,N,Routine,2024-07-03 13:10,2024-07-03 13:16,2024-07-03 17:33
LAB712894,ENC105465,PT11706,HGB,Hemoglobin,16.2,g/dL,12,17.5,N,STAT,2024-07-03 13:52,2024-07-03 14:15,2024-07-03 15:23
LAB712895,ENC105465,PT11706,NA,Sodium,128,mmol/L,136,145,L,Routine,2024-07-03 13:07,2024-07-03 13:27,2024-07-03 15:57
LAB712896,ENC105465,PT11706,K,Potassium,4,mmol/L,3.5,5.1,N,STAT,2024-07-03 12:59,2024-07-03 13:16,2024-07-03 14:03
LAB712897,ENC105469,PT13136,GLU,Glucose,97,mg/dL,70,99,N,STAT,2024-07-03 14:07,2024-07-03 14:22,2024-07-03 14:55
LAB712898,ENC105469,PT13136,CREAT,Creatinine,0.73,mg/dL,0.6,1.3,N,Routine,2024-07-03 13:13,2024-07-03 13:40,2024-07-03 16:59
LAB712899,ENC105469,PT13136,WBC,White Blood Cell Count,8.6,K/uL,4.5,11,N,Routine,2024-07-03 13:53,2024-07-03 14:06,2024-07-03 16:15
LAB712900,ENC105469,PT13136,HGB,Hemoglobin,14.5,g/dL,12,17.5,N,STAT,2024-07-03 13:03,2024-07-03 13:24,2024-07-03 13:49
LAB712901,ENC105469,PT13136,NA,Sodium,141,mmol/L,136,145,N,STAT,2024-07-03 13:14,2024-07-03 13:46,2024-07-03 14:40
LAB712902,ENC105469,PT13136,K,Potassium,4.6,mmol/L,3.5,5.1,N,STAT,2024-07-03 13:40,2024-07-03 13:56,2024-07-03 14:19
LAB712903,ENC105469,PT13136,TROP,"Troponin I, High Sensitivity",170,ng/L,0,34,H,STAT,2024-07-03 13:06,2024-07-03 13:22,2024-07-03 14:18
LAB712904,ENC105471,PT13894,GLU,Glucose,85,mg/dL,70,99,N,Routine,2024-07-03 17:53,2024-07-03 17:57,2024-07-03 23:40
LAB712905,ENC105471,PT13894,CREAT,Creatinine,0.81,mg/dL,0.6,1.3,N,STAT,2024-07-03 17:12,2024-07-03 17:46,2024-07-03 18:08
LAB712906,ENC105471,PT13894,WBC,White Blood Cell Count,10.6,K/uL,4.5,11,N,STAT,2024-07-03 17:39,2024-07-03 18:12,2024-07-03 19:25
LAB712907,ENC105471,PT13894,HGB,Hemoglobin,14.6,g/dL,12,17.5,N,Routine,2024-07-03 16:45,2024-07-03 17:19,2024-07-03 23:33
LAB712908,ENC105471,PT13894,NA,Sodium,140,mmol/L,136,145,N,STAT,2024-07-03 17:48,2024-07-03 17:54,2024-07-03 18:49
LAB712909,ENC105471,PT13894,K,Potassium,4.1,mmol/L,3.5,5.1,N,STAT,2024-07-03 17:27,2024-07-03 17:58,2024-07-03 18:53
LAB712910,ENC105472,PT10171,GLU,Glucose,79,mg/dL,70,99,N,STAT,2024-07-03 14:19,2024-07-03 14:35,2024-07-03 15:10
LAB712911,ENC105472,PT10171,CREAT,Creatinine,1.13,mg/dL,0.6,1.3,N,Routine,2024-07-03 14:22,2024-07-03 14:27,2024-07-03 18:05
LAB712912,ENC105472,PT10171,TROP,"Troponin I, High Sensitivity",9,ng/L,0,34,N,STAT,2024-07-03 14:35,2024-07-03 14:55,2024-07-03 16:09
LAB712913,ENC105475,PT12245,LDL,LDL Cholesterol,129,mg/dL,0,99,H,Routine,2024-07-03 14:57,2024-07-03 15:25,2024-07-04 08:04
LAB712914,ENC105475,PT12245,A1C,Hemoglobin A1c,5.2,%,4,5.6,N,Routine,2024-07-03 15:05,2024-07-03 15:22,2024-07-03 20:24
LAB712915,ENC105476,PT13403,WBC,White Blood Cell Count,4.2,K/uL,4.5,11,L,Routine,2024-07-03 15:26,2024-07-03 15:55,2024-07-03 22:48
LAB712916,ENC105476,PT13403,HGB,Hemoglobin,14.5,g/dL,12,17.5,N,Routine,2024-07-03 15:14,2024-07-03 15:34,2024-07-03 21:22
LAB712917,ENC105476,PT13403,PLT,Platelet Count,163,K/uL,150,400,N,Routine,2024-07-03 15:26,2024-07-03 15:56,2024-07-03 21:04
LAB712918,ENC105478,PT12539,A1C,Hemoglobin A1c,11.1,%,4,5.6,H,Routine,2024-07-03 16:18,2024-07-03 16:39,2024-07-05 00:40
LAB712919,ENC105480,PT13567,LDL,LDL Cholesterol,129,mg/dL,0,99,H,Routine,2024-07-03 16:43,2024-07-03 16:57,2024-07-05 07:58
LAB712920,ENC105481,PT12584,GLU,Glucose,93,mg/dL,70,99,N,STAT,2024-07-03 18:12,2024-07-03 18:35,2024-07-03 19:01
LAB712921,ENC105481,PT12584,CREAT,Creatinine,0.54,mg/dL,0.6,1.3,L,Routine,2024-07-03 18:18,2024-07-03 18:28,2024-07-04 00:10
LAB712922,ENC105481,PT12584,WBC,White Blood Cell Count,10.8,K/uL,4.5,11,N,Routine,2024-07-03 18:42,2024-07-03 19:11,2024-07-03 21:29
LAB712923,ENC105481,PT12584,HGB,Hemoglobin,13,g/dL,12,17.5,N,Routine,2024-07-03 18:38,2024-07-03 19:08,2024-07-03 22:06
LAB712924,ENC105482,PT11081,GLU,Glucose,108,mg/dL,70,99,H,STAT,2024-07-03 21:12,2024-07-03 21:28,2024-07-03 21:53
LAB712925,ENC105482,PT11081,CREAT,Creatinine,0.79,mg/dL,0.6,1.3,N,Routine,2024-07-03 21:06,2024-07-03 21:31,2024-07-04 00:55
LAB712926,ENC105482,PT11081,WBC,White Blood Cell Count,8.2,K/uL,4.5,11,N,Routine,2024-07-03 21:40,2024-07-03 21:58,2024-07-04 01:01
LAB712927,ENC105482,PT11081,HGB,Hemoglobin,15.4,g/dL,12,17.5,N,STAT,2024-07-03 21:42,2024-07-03 21:46,2024-07-03 22:43
LAB712928,ENC105484,PT11315,GLU,Glucose,96,mg/dL,70,99,N,STAT,2024-07-03 23:15,2024-07-03 23:28,2024-07-04 00:19
LAB712929,ENC105484,PT11315,CREAT,Creatinine,0.62,mg/dL,0.6,1.3,N,STAT,2024-07-03 23:01,2024-07-03 23:12,2024-07-04 00:33
LAB712930,ENC105484,PT11315,WBC,White Blood Cell Count,7.1,K/uL,4.5,11,N,STAT,2024-07-03 23:35,2024-07-03 23:55,2024-07-04 00:13
LAB712931,ENC105484,PT11315,HGB,Hemoglobin,13.5,g/dL,12,17.5,N,STAT,2024-07-03 23:04,2024-07-03 23:09,2024-07-04 00:32
LAB712932,ENC105485,PT11210,GLU,Glucose,102,mg/dL,70,99,H,STAT,2024-07-03 23:11,2024-07-03 23:44,2024-07-04 00:25
LAB712933,ENC105485,PT11210,CREAT,Creatinine,0.78,mg/dL,0.6,1.3,N,STAT,2024-07-03 22:35,2024-07-03 23:03,2024-07-04 00:13
LAB712934,ENC105485,PT11210,WBC,White Blood Cell Count,5.8,K/uL,4.5,11,N,STAT,2024-07-03 23:13,2024-07-03 23:34,2024-07-04 00:41
LAB712935,ENC105485,PT11210,HGB,Hemoglobin,14.6,g/dL,12,17.5,N,Routine,2024-07-03 23:18,2024-07-03 23:40,2024-07-04 06:58
LAB712936,ENC105486,PT13995,GLU,Glucose,264,mg/dL,70,99,H,Routine,2024-07-03 22:51,2024-07-03 23:04,2024-07-04 01:47
LAB712937,ENC105486,PT13995,CREAT,Creatinine,1.07,mg/dL,0.6,1.3,N,STAT,2024-07-03 23:15,2024-07-03 23:42,2024-07-04 00:40
LAB712938,ENC105486,PT13995,WBC,White Blood Cell Count,7.9,K/uL,4.5,11,N,STAT,2024-07-03 23:21,2024-07-03 23:49,2024-07-04 00:17
LAB712939,ENC105486,PT13995,HGB,Hemoglobin,15,g/dL,12,17.5,N,STAT,2024-07-03 22:56,2024-07-03 23:15,2024-07-03 23:54
LAB712940,ENC105486,PT13995,BUN,Blood Urea Nitrogen,16,mg/dL,7,20,N,Routine,2024-07-03 22:59,2024-07-03 23:21,2024-07-04 03:50
LAB712941,ENC105486,PT13995,PLT,Platelet Count,230,K/uL,150,400,N,Routine,2024-07-03 23:16,2024-07-03 23:38,2024-07-04 01:45
LAB712942,ENC105486,PT13995,TROP,"Troponin I, High Sensitivity",11,ng/L,0,34,N,STAT,2024-07-03 22:47,2024-07-03 22:53,2024-07-04 00:06
LAB712943,ENC105487,PT11345,GLU,Glucose,113,mg/dL,70,99,H,STAT,2024-07-03 19:40,2024-07-03 20:03,2024-07-03 20:38
LAB712944,ENC105487,PT11345,CREAT,Creatinine,1,mg/dL,0.6,1.3,N,Routine,2024-07-03 19:54,2024-07-03 20:12,2024-07-03 21:46
LAB712945,ENC105487,PT11345,WBC,White Blood Cell Count,8.5,K/uL,4.5,11,N,STAT,2024-07-03 19:46,2024-07-03 20:15,2024-07-03 20:51
LAB712946,ENC105489,PT10101,GLU,Glucose,109,mg/dL,70,99,H,STAT,2024-07-04 06:47,2024-07-04 06:56,2024-07-04 07:18
LAB712947,ENC105489,PT10101,CREAT,Creatinine,0.74,mg/dL,0.6,1.3,N,STAT,2024-07-04 06:20,2024-07-04 06:53,2024-07-04 07:44
LAB712948,ENC105489,PT10101,WBC,White Blood Cell Count,8,K/uL,4.5,11,N,STAT,2024-07-04 05:58,2024-07-04 06:31,2024-07-04 07:18
LAB712949,ENC105489,PT10101,HGB,Hemoglobin,15.1,g/dL,12,17.5,N,STAT,2024-07-04 06:36,2024-07-04 07:02,2024-07-04 08:17
LAB712950,ENC105490,PT11828,GLU,Glucose,95,mg/dL,70,99,N,STAT,2024-07-04 06:39,2024-07-04 06:57,2024-07-04 07:46
LAB712951,ENC105490,PT11828,CREAT,Creatinine,1.1,mg/dL,0.6,1.3,N,STAT,2024-07-04 07:07,2024-07-04 07:19,2024-07-04 08:21
LAB712952,ENC105490,PT11828,WBC,White Blood Cell Count,8.2,K/uL,4.5,11,N,STAT,2024-07-04 06:58,2024-07-04 07:25,2024-07-04 08:39
LAB712953,ENC105490,PT11828,HGB,Hemoglobin,13.4,g/dL,12,17.5,N,Routine,2024-07-04 06:16,2024-07-04 06:44,2024-07-04 08:38
LAB712954,ENC105491,PT10076,GLU,Glucose,98,mg/dL,70,99,N,Routine,2024-07-04 08:20,2024-07-04 08:28,2024-07-04 11:12
LAB712955,ENC105491,PT10076,CREAT,Creatinine,0.72,mg/dL,0.6,1.3,N,Routine,2024-07-04 08:29,2024-07-04 08:57,2024-07-04 10:51
LAB712956,ENC105491,PT10076,WBC,White Blood Cell Count,7.5,K/uL,4.5,11,N,STAT,2024-07-04 07:43,2024-07-04 08:15,2024-07-04 08:56
LAB712957,ENC105491,PT10076,HGB,Hemoglobin,16.2,g/dL,12,17.5,N,STAT,2024-07-04 08:05,2024-07-04 08:30,2024-07-04 09:25
LAB712958,ENC105491,PT10076,TROP,"Troponin I, High Sensitivity",14,ng/L,0,34,N,STAT,2024-07-04 08:10,2024-07-04 08:17,2024-07-04 09:01
LAB712959,ENC105492,PT13240,LDL,LDL Cholesterol,154,mg/dL,0,99,H,Routine,2024-07-04 08:29,2024-07-04 08:40,2024-07-05 07:37
LAB712960,ENC105494,PT13637,GLU,Glucose,110,mg/dL,70,99,H,Routine,2024-07-04 13:27,2024-07-04 13:34,2024-07-04 16:21
LAB712961,ENC105494,PT13637,CREAT,Creatinine,0.97,mg/dL,0.6,1.3,N,Routine,2024-07-04 13:09,2024-07-04 13:43,2024-07-04 17:29
LAB712962,ENC105494,PT13637,WBC,White Blood Cell Count,5,K/uL,4.5,11,N,Routine,2024-07-04 13:22,2024-07-04 13:36,2024-07-04 19:10
LAB712963,ENC105494,PT13637,HGB,Hemoglobin,13.6,g/dL,12,17.5,N,STAT,2024-07-04 13:44,2024-07-04 13:50,2024-07-04 14:56
LAB712964,ENC105496,PT10337,LDL,LDL Cholesterol,92,mg/dL,0,99,N,Routine,2024-07-04 09:44,2024-07-04 10:04,2024-07-05 15:34
LAB712965,ENC105498,PT10922,GLU,Glucose,95,mg/dL,70,99,N,STAT,2024-07-04 13:11,2024-07-04 13:36,2024-07-04 15:15
LAB712966,ENC105498,PT10922,CREAT,Creatinine,1.14,mg/dL,0.6,1.3,N,STAT,2024-07-04 13:16,2024-07-04 13:20,2024-07-04 14:26
LAB712967,ENC105498,PT10922,WBC,White Blood Cell Count,7.7,K/uL,4.5,11,N,STAT,2024-07-04 13:14,2024-07-04 13:30,2024-07-04 14:46
LAB712968,ENC105498,PT10922,HGB,Hemoglobin,13.9,g/dL,12,17.5,N,STAT,2024-07-04 13:42,2024-07-04 13:59,2024-07-04 14:35
LAB712969,ENC105498,PT10922,NA,Sodium,138,mmol/L,136,145,N,STAT,2024-07-04 12:55,2024-07-04 13:02,2024-07-04 13:47
LAB712970,ENC105498,PT10922,K,Potassium,3.9,mmol/L,3.5,5.1,N,STAT,2024-07-04 12:38,2024-07-04 12:51,2024-07-04 13:34
LAB712971,ENC105499,PT10578,LDL,LDL Cholesterol,89,mg/dL,0,99,N,Routine,2024-07-04 10:47,2024-07-04 11:08,2024-07-04 23:24
LAB712972,ENC105501,PT10194,WBC,White Blood Cell Count,8.1,K/uL,4.5,11,N,Routine,2024-07-04 11:11,2024-07-04 11:35,2024-07-04 18:02
LAB712973,ENC105501,PT10194,HGB,Hemoglobin,14.5,g/dL,12,17.5,N,Routine,2024-07-04 10:51,2024-07-04 11:26,2024-07-04 15:05
LAB712974,ENC105501,PT10194,PLT,Platelet Count,345,K/uL,150,400,N,Routine,2024-07-04 11:11,2024-07-04 11:38,2024-07-04 14:03
LAB712975,ENC105502,PT13844,INR,Prothrombin Time INR,1.1,ratio,0.8,1.2,N,Routine,2024-07-04 11:10,2024-07-04 11:33,2024-07-04 15:57
LAB712976,ENC105505,PT10350,GLU,Glucose,120,mg/dL,70,99,H,STAT,2024-07-04 14:08,2024-07-04 14:24,2024-07-04 15:21
LAB712977,ENC105505,PT10350,CREAT,Creatinine,1.03,mg/dL,0.6,1.3,N,Routine,2024-07-04 14:06,2024-07-04 14:16,2024-07-04 17:10
LAB712978,ENC105505,PT10350,WBC,White Blood Cell Count,6,K/uL,4.5,11,N,Routine,2024-07-04 13:24,2024-07-04 13:42,2024-07-04 15:48
LAB712979,ENC105505,PT10350,HGB,Hemoglobin,12.3,g/dL,12,17.5,N,STAT,2024-07-04 13:57,2024-07-04 14:20,2024-07-04 15:01
LAB712980,ENC105506,PT10063,INR,Prothrombin Time INR,0.9,ratio,0.8,1.2,N,STAT,2024-07-04 15:51,2024-07-04 16:11,2024-07-04 17:04
LAB712981,ENC105507,PT12605,GLU,Glucose,120,mg/dL,70,99,H,STAT,2024-07-04 18:57,2024-07-04 19:09,2024-07-04 19:55
LAB712982,ENC105507,PT12605,CREAT,Creatinine,0.87,mg/dL,0.6,1.3,N,Routine,2024-07-04 18:59,2024-07-04 19:21,2024-07-04 22:27
LAB712983,ENC105507,PT12605,WBC,White Blood Cell Count,8.8,K/uL,4.5,11,N,STAT,2024-07-04 19:41,2024-07-04 19:48,2024-07-04 20:51
LAB712984,ENC105507,PT12605,HGB,Hemoglobin,15.1,g/dL,12,17.5,N,STAT,2024-07-04 18:43,2024-07-04 19:09,2024-07-04 19:58
LAB712985,ENC105507,PT12605,LACT,Lactate,4.4,mmol/L,0.5,2,HH,STAT,2024-07-04 19:35,2024-07-04 20:01,2024-07-04 20:29
LAB712986,ENC105508,PT11956,WBC,White Blood Cell Count,7.9,K/uL,4.5,11,N,Routine,2024-07-04 16:33,2024-07-04 16:55,2024-07-04 18:23
LAB712987,ENC105508,PT11956,HGB,Hemoglobin,13,g/dL,12,17.5,N,Routine,2024-07-04 16:41,2024-07-04 16:58,2024-07-04 20:21
LAB712988,ENC105508,PT11956,PLT,Platelet Count,250,K/uL,150,400,N,Routine,2024-07-04 16:35,2024-07-04 16:58,2024-07-05 00:38
LAB712989,ENC105510,PT12574,GLU,Glucose,74,mg/dL,70,99,N,STAT,2024-07-04 21:17,2024-07-04 21:39,2024-07-04 22:21
LAB712990,ENC105510,PT12574,CREAT,Creatinine,1.03,mg/dL,0.6,1.3,N,STAT,2024-07-04 20:14,2024-07-04 20:37,2024-07-04 21:05
LAB712991,ENC105510,PT12574,WBC,White Blood Cell Count,9.2,K/uL,4.5,11,N,Routine,2024-07-04 21:17,2024-07-04 21:40,2024-07-05 00:41
LAB712992,ENC105510,PT12574,HGB,Hemoglobin,14.7,g/dL,12,17.5,N,STAT,2024-07-04 20:19,2024-07-04 20:26,2024-07-04 20:56
LAB712993,ENC105510,PT12574,NA,Sodium,140,mmol/L,136,145,N,STAT,2024-07-04 20:55,2024-07-04 21:04,2024-07-04 21:33
LAB712994,ENC105510,PT12574,K,Potassium,4,mmol/L,3.5,5.1,N,STAT,2024-07-04 21:19,2024-07-04 21:36,2024-07-04 22:21
LAB712995,ENC105511,PT10540,GLU,Glucose,103,mg/dL,70,99,H,Routine,2024-07-04 21:53,2024-07-04 21:59,2024-07-05 00:33
LAB712996,ENC105511,PT10540,CREAT,Creatinine,0.89,mg/dL,0.6,1.3,N,STAT,2024-07-04 22:11,2024-07-04 22:34,2024-07-05 00:10
LAB712997,ENC105511,PT10540,WBC,White Blood Cell Count,7.3,K/uL,4.5,11,N,Routine,2024-07-04 21:52,2024-07-04 22:26,2024-07-05 02:19
LAB712998,ENC105511,PT10540,HGB,Hemoglobin,9.8,g/dL,12,17.5,L,STAT,2024-07-04 22:12,2024-07-04 22:27,2024-07-04 23:47
LAB712999,ENC105511,PT10540,NA,Sodium,141,mmol/L,136,145,N,Routine,2024-07-04 21:55,2024-07-04 22:00,2024-07-05 00:06
LAB713000,ENC105511,PT10540,K,Potassium,4.4,mmol/L,3.5,5.1,N,STAT,2024-07-04 22:28,2024-07-04 22:37,2024-07-04 23:47
LAB713001,ENC105512,PT10300,GLU,Glucose,114,mg/dL,70,99,H,Routine,2024-07-04 20:29,2024-07-04 20:34,2024-07-04 22:53
LAB713002,ENC105512,PT10300,CREAT,Creatinine,0.82,mg/dL,0.6,1.3,N,STAT,2024-07-04 20:33,2024-07-04 20:52,2024-07-04 21:35
LAB713003,ENC105512,PT10300,WBC,White Blood Cell Count,11.4,K/uL,4.5,11,H,STAT,2024-07-04 20:28,2024-07-04 20:59,2024-07-04 21:33
LAB713004,ENC105512,PT10300,HGB,Hemoglobin,12.4,g/dL,12,17.5,N,STAT,2024-07-04 20:11,2024-07-04 20:18,2024-07-04 20:56
LAB713005,ENC105513,PT10429,TROP,"Troponin I, High Sensitivity",3,ng/L,0,34,N,STAT,2024-07-04 20:30,2024-07-04 20:41,2024-07-04 22:04
LAB713006,ENC105514,PT12178,GLU,Glucose,83,mg/dL,70,99,N,STAT,2024-07-05 02:17,2024-07-05 02:37,2024-07-05 03:47
LAB713007,ENC105514,PT12178,CREAT,Creatinine,0.99,mg/dL,0.6,1.3,N,STAT,2024-07-05 01:29,2024-07-05 01:59,2024-07-05 02:39
LAB713008,ENC105514,PT12178,WBC,White Blood Cell Count,6.8,K/uL,4.5,11,N,Routine,2024-07-05 01:57,2024-07-05 02:30,2024-07-05 05:36
LAB713009,ENC105514,PT12178,HGB,Hemoglobin,15.1,g/dL,12,17.5,N,STAT,2024-07-05 01:47,2024-07-05 01:59,2024-07-05 03:45
LAB713010,ENC105514,PT12178,NA,Sodium,131,mmol/L,136,145,L,Routine,2024-07-05 02:16,2024-07-05 02:42,2024-07-05 08:28
LAB713011,ENC105514,PT12178,K,Potassium,4.5,mmol/L,3.5,5.1,N,STAT,2024-07-05 01:32,2024-07-05 01:47,2024-07-05 02:34
LAB713012,ENC105516,PT11917,GLU,Glucose,139,mg/dL,70,99,H,STAT,2024-07-05 00:17,2024-07-05 00:29,2024-07-05 01:08
LAB713013,ENC105516,PT11917,CREAT,Creatinine,1.24,mg/dL,0.6,1.3,N,STAT,2024-07-04 23:30,2024-07-04 23:58,2024-07-05 00:47
LAB713014,ENC105516,PT11917,WBC,White Blood Cell Count,9.4,K/uL,4.5,11,N,Routine,2024-07-04 23:50,2024-07-05 00:17,2024-07-05 02:22
LAB713015,ENC105516,PT11917,HGB,Hemoglobin,14.4,g/dL,12,17.5,N,Routine,2024-07-04 23:41,2024-07-04 23:57,2024-07-05 03:55
LAB713016,ENC105518,PT10031,GLU,Glucose,154,mg/dL,70,99,H,STAT,2024-07-05 00:41,2024-07-05 00:50,2024-07-05 01:27
LAB713017,ENC105518,PT10031,CREAT,Creatinine,0.98,mg/dL,0.6,1.3,N,Routine,2024-07-05 01:19,2024-07-05 01:31,2024-07-05 04:05
LAB713018,ENC105518,PT10031,WBC,White Blood Cell Count,14.3,K/uL,4.5,11,H,STAT,2024-07-05 00:19,2024-07-05 00:50,2024-07-05 01:59
LAB713019,ENC105519,PT13674,GLU,Glucose,131,mg/dL,70,99,H,Routine,2024-07-05 01:28,2024-07-05 01:46,2024-07-05 05:33
LAB713020,ENC105519,PT13674,CREAT,Creatinine,1.09,mg/dL,0.6,1.3,N,STAT,2024-07-05 01:04,2024-07-05 01:20,2024-07-05 02:31
LAB713021,ENC105519,PT13674,TROP,"Troponin I, High Sensitivity",2,ng/L,0,34,N,STAT,2024-07-05 01:59,2024-07-05 02:19,2024-07-05 03:22
LAB713022,ENC105520,PT13550,GLU,Glucose,91,mg/dL,70,99,N,Routine,2024-07-05 06:16,2024-07-05 06:27,2024-07-05 08:08
LAB713023,ENC105520,PT13550,CREAT,Creatinine,0.92,mg/dL,0.6,1.3,N,Routine,2024-07-05 06:58,2024-07-05 07:12,2024-07-05 11:00
LAB713024,ENC105520,PT13550,WBC,White Blood Cell Count,6.7,K/uL,4.5,11,N,Routine,2024-07-05 07:13,2024-07-05 07:41,2024-07-05 11:17
LAB713025,ENC105520,PT13550,HGB,Hemoglobin,13.8,g/dL,12,17.5,N,Routine,2024-07-05 06:50,2024-07-05 07:17,2024-07-05 10:22
LAB713026,ENC105521,PT12737,GLU,Glucose,102,mg/dL,70,99,H,STAT,2024-07-05 08:20,2024-07-05 08:26,2024-07-05 09:05
LAB713027,ENC105521,PT12737,CREAT,Creatinine,0.68,mg/dL,0.6,1.3,N,STAT,2024-07-05 08:22,2024-07-05 08:50,2024-07-05 09:39
LAB713028,ENC105521,PT12737,WBC,White Blood Cell Count,5.8,K/uL,4.5,11,N,STAT,2024-07-05 08:21,2024-07-05 08:55,2024-07-05 09:36
LAB713029,ENC105523,PT13181,LDL,LDL Cholesterol,130,mg/dL,0,99,H,Routine,2024-07-05 08:21,2024-07-05 08:37,2024-07-06 01:05
LAB713030,ENC105523,PT13181,A1C,Hemoglobin A1c,5.5,%,4,5.6,N,Routine,2024-07-05 08:35,2024-07-05 08:57,2024-07-06 03:29
LAB713031,ENC105525,PT11730,GLU,Glucose,132,mg/dL,70,99,H,STAT,2024-07-05 11:33,2024-07-05 12:08,2024-07-05 13:18
LAB713032,ENC105525,PT11730,CREAT,Creatinine,0.62,mg/dL,0.6,1.3,N,STAT,2024-07-05 11:44,2024-07-05 12:02,2024-07-05 13:09
LAB713033,ENC105525,PT11730,WBC,White Blood Cell Count,16.1,K/uL,4.5,11,H,Routine,2024-07-05 11:01,2024-07-05 11:23,2024-07-05 13:41
LAB713034,ENC105525,PT11730,HGB,Hemoglobin,16.1,g/dL,12,17.5,N,Routine,2024-07-05 11:37,2024-07-05 12:08,2024-07-05 13:33
LAB713035,ENC105526,PT10022,LDL,LDL Cholesterol,98,mg/dL,0,99,N,Routine,2024-07-05 08:55,2024-07-05 09:17,2024-07-05 21:26
LAB713036,ENC105529,PT13609,GLU,Glucose,162,mg/dL,70,99,H,STAT,2024-07-05 11:24,2024-07-05 11:29,2024-07-05 12:03
LAB713037,ENC105529,PT13609,CREAT,Creatinine,1.21,mg/dL,0.6,1.3,N,STAT,2024-07-05 11:49,2024-07-05 12:07,2024-07-05 12:58
LAB713038,ENC105529,PT13609,WBC,White Blood Cell Count,7.2,K/uL,4.5,11,N,Routine,2024-07-05 11:57,2024-07-05 12:29,2024-07-05 15:45
LAB713039,ENC105529,PT13609,HGB,Hemoglobin,15.2,g/dL,12,17.5,N,STAT,2024-07-05 11:25,2024-07-05 11:35,2024-07-05 12:45
LAB713040,ENC105530,PT10565,LDL,LDL Cholesterol,145,mg/dL,0,99,H,Routine,2024-07-05 11:35,2024-07-05 11:50,2024-07-06 08:50
LAB713041,ENC105531,PT12522,GLU,Glucose,129,mg/dL,70,99,H,STAT,2024-07-05 12:12,2024-07-05 12:25,2024-07-05 12:58
LAB713042,ENC105531,PT12522,CREAT,Creatinine,1.28,mg/dL,0.6,1.3,N,Routine,2024-07-05 12:31,2024-07-05 12:57,2024-07-05 15:01
LAB713043,ENC105533,PT13336,WBC,White Blood Cell Count,9.3,K/uL,4.5,11,N,Routine,2024-07-05 12:44,2024-07-05 13:09,2024-07-05 16:38
LAB713044,ENC105533,PT13336,HGB,Hemoglobin,11.8,g/dL,12,17.5,L,Routine,2024-07-05 12:29,2024-07-05 12:56,2024-07-05 19:09
LAB713045,ENC105533,PT13336,PLT,Platelet Count,297,K/uL,150,400,N,Routine,2024-07-05 12:32,2024-07-05 13:07,2024-07-05 15:20
LAB713046,ENC105534,PT11088,GLU,Glucose,265,mg/dL,70,99,H,Routine,2024-07-05 16:20,2024-07-05 16:37,2024-07-05 19:15
LAB713047,ENC105534,PT11088,CREAT,Creatinine,1.2,mg/dL,0.6,1.3,N,Routine,2024-07-05 16:53,2024-07-05 17:28,2024-07-05 21:12
LAB713048,ENC105534,PT11088,WBC,White Blood Cell Count,5.4,K/uL,4.5,11,N,STAT,2024-07-05 16:54,2024-07-05 16:59,2024-07-05 17:46
LAB713049,ENC105534,PT11088,HGB,Hemoglobin,12.1,g/dL,12,17.5,N,Routine,2024-07-05 17:06,2024-07-05 17:32,2024-07-05 19:29
LAB713050,ENC105534,PT11088,NA,Sodium,136,mmol/L,136,145,N,STAT,2024-07-05 17:15,2024-07-05 17:47,2024-07-05 18:21
LAB713051,ENC105534,PT11088,K,Potassium,4.3,mmol/L,3.5,5.1,N,STAT,2024-07-05 16:21,2024-07-05 16:32,2024-07-05 17:55
LAB713052,ENC105534,PT11088,A1C,Hemoglobin A1c,10.6,%,4,5.6,H,STAT,2024-07-05 17:04,2024-07-05 17:14,2024-07-05 17:48
LAB713053,ENC105535,PT10809,GLU,Glucose,154,mg/dL,70,99,H,Routine,2024-07-05 16:57,2024-07-05 17:21,2024-07-05 21:33
LAB713054,ENC105535,PT10809,CREAT,Creatinine,0.91,mg/dL,0.6,1.3,N,STAT,2024-07-05 17:31,2024-07-05 17:44,2024-07-05 19:06
LAB713055,ENC105535,PT10809,WBC,White Blood Cell Count,10.1,K/uL,4.5,11,N,Routine,2024-07-05 16:48,2024-07-05 16:55,2024-07-05 18:34
LAB713056,ENC105535,PT10809,HGB,Hemoglobin,14.3,g/dL,12,17.5,N,Routine,2024-07-05 16:38,2024-07-05 16:43,2024-07-05 18:48
LAB713057,ENC105535,PT10809,NA,Sodium,138,mmol/L,136,145,N,STAT,2024-07-05 16:26,2024-07-05 16:41,2024-07-05 17:29
LAB713058,ENC105535,PT10809,K,Potassium,4.5,mmol/L,3.5,5.1,N,STAT,2024-07-05 17:05,2024-07-05 17:14,2024-07-05 17:53
LAB713059,ENC105535,PT10809,BUN,Blood Urea Nitrogen,16,mg/dL,7,20,N,STAT,2024-07-05 17:32,2024-07-05 17:45,2024-07-05 18:21
LAB713060,ENC105535,PT10809,PLT,Platelet Count,248,K/uL,150,400,N,STAT,2024-07-05 17:26,2024-07-05 17:33,2024-07-05 18:10
LAB713061,ENC105538,PT10601,GLU,Glucose,234,mg/dL,70,99,H,STAT,2024-07-05 15:45,2024-07-05 16:04,2024-07-05 16:37
LAB713062,ENC105538,PT10601,CREAT,Creatinine,1.49,mg/dL,0.6,1.3,H,STAT,2024-07-05 15:55,2024-07-05 16:03,2024-07-05 16:58
LAB713063,ENC105538,PT10601,WBC,White Blood Cell Count,14.5,K/uL,4.5,11,H,STAT,2024-07-05 15:37,2024-07-05 16:02,2024-07-05 16:43
LAB713064,ENC105538,PT10601,HGB,Hemoglobin,13,g/dL,12,17.5,N,STAT,2024-07-05 15:24,2024-07-05 15:34,2024-07-05 16:13
LAB713065,ENC105539,PT11149,GLU,Glucose,105,mg/dL,70,99,H,STAT,2024-07-05 16:04,2024-07-05 16:38,2024-07-05 17:41
LAB713066,ENC105539,PT11149,CREAT,Creatinine,1.01,mg/dL,0.6,1.3,N,STAT,2024-07-05 16:24,2024-07-05 16:43,2024-07-05 17:53
LAB713067,ENC105540,PT11117,GLU,Glucose,131,mg/dL,70,99,H,Routine,2024-07-05 17:23,2024-07-05 17:56,2024-07-05 20:56
LAB713068,ENC105540,PT11117,CREAT,Creatinine,1.12,mg/dL,0.6,1.3,N,STAT,2024-07-05 17:31,2024-07-05 17:36,2024-07-05 18:47
LAB713069,ENC105540,PT11117,WBC,White Blood Cell Count,6.1,K/uL,4.5,11,N,Routine,2024-07-05 16:35,2024-07-05 17:02,2024-07-05 19:17
LAB713070,ENC105540,PT11117,HGB,Hemoglobin,12.9,g/dL,12,17.5,N,STAT,2024-07-05 16:30,2024-07-05 16:55,2024-07-05 17:42
LAB713071,ENC105541,PT11937,LDL,LDL Cholesterol,83,mg/dL,0,99,N,Routine,2024-07-05 16:53,2024-07-05 17:04,2024-07-05 23:34
LAB713072,ENC105542,PT12119,GLU,Glucose,106,mg/dL,70,99,H,STAT,2024-07-05 21:38,2024-07-05 21:44,2024-07-05 22:14
LAB713073,ENC105542,PT12119,CREAT,Creatinine,0.95,mg/dL,0.6,1.3,N,Routine,2024-07-05 20:33,2024-07-05 20:43,2024-07-05 21:57
LAB713074,ENC105542,PT12119,WBC,White Blood Cell Count,9.1,K/uL,4.5,11,N,Routine,2024-07-05 20:39,2024-07-05 21:01,2024-07-06 00:44
LAB713075,ENC105542,PT12119,HGB,Hemoglobin,14.5,g/dL,12,17.5,N,STAT,2024-07-05 21:26,2024-07-05 21:51,2024-07-05 22:33
LAB713076,ENC105542,PT12119,NA,Sodium,141,mmol/L,136,145,N,Routine,2024-07-05 21:37,2024-07-05 21:46,2024-07-06 02:42
LAB713077,ENC105542,PT12119,K,Potassium,3.8,mmol/L,3.5,5.1,N,STAT,2024-07-05 21:06,2024-07-05 21:38,2024-07-05 23:13
LAB713078,ENC105542,PT12119,TROP,"Troponin I, High Sensitivity",46,ng/L,0,34,H,STAT,2024-07-05 21:25,2024-07-05 21:38,2024-07-05 22:51
LAB713079,ENC105542,PT12119,BNP,B-Type Natriuretic Peptide,535,pg/mL,0,100,H,STAT,2024-07-05 20:45,2024-07-05 21:03,2024-07-05 21:35
LAB713080,ENC105544,PT13427,GLU,Glucose,109,mg/dL,70,99,H,STAT,2024-07-05 21:51,2024-07-05 22:00,2024-07-05 23:54
LAB713081,ENC105544,PT13427,CREAT,Creatinine,1,mg/dL,0.6,1.3,N,STAT,2024-07-05 21:40,2024-07-05 22:07,2024-07-05 22:42
LAB713082,ENC105544,PT13427,WBC,White Blood Cell Count,5.9,K/uL,4.5,11,N,Routine,2024-07-05 22:06,2024-07-05 22:32,2024-07-06 01:26
LAB713083,ENC105544,PT13427,HGB,Hemoglobin,11.7,g/dL,12,17.5,L,STAT,2024-07-05 21:51,2024-07-05 22:09,2024-07-05 22:28
LAB713084,ENC105544,PT13427,NA,Sodium,143,mmol/L,136,145,N,STAT,2024-07-05 21:52,2024-07-05 22:10,2024-07-05 23:16
LAB713085,ENC105544,PT13427,K,Potassium,3.9,mmol/L,3.5,5.1,N,STAT,2024-07-05 22:12,2024-07-05 22:17,2024-07-05 23:04
LAB713086,ENC105545,PT11126,GLU,Glucose,117,mg/dL,70,99,H,STAT,2024-07-05 19:54,2024-07-05 20:20,2024-07-05 21:42
LAB713087,ENC105545,PT11126,CREAT,Creatinine,1.22,mg/dL,0.6,1.3,N,Routine,2024-07-05 19:50,2024-07-05 19:59,2024-07-05 21:39
LAB713088,ENC105545,PT11126,WBC,White Blood Cell Count,8.3,K/uL,4.5,11,N,STAT,2024-07-05 20:23,2024-07-05 20:31,2024-07-05 21:03
LAB713089,ENC105546,PT11608,GLU,Glucose,114,mg/dL,70,99,H,STAT,2024-07-05 21:01,2024-07-05 21:09,2024-07-05 22:47
LAB713090,ENC105546,PT11608,CREAT,Creatinine,1.14,mg/dL,0.6,1.3,N,STAT,2024-07-05 20:28,2024-07-05 20:48,2024-07-05 21:45
LAB713091,ENC105546,PT11608,WBC,White Blood Cell Count,7.3,K/uL,4.5,11,N,Routine,2024-07-05 20:57,2024-07-05 21:28,2024-07-05 23:28
LAB713092,ENC105546,PT11608,TROP,"Troponin I, High Sensitivity",13,ng/L,0,34,N,STAT,2024-07-05 21:13,2024-07-05 21:28,2024-07-05 22:11
LAB713093,ENC105547,PT12326,GLU,Glucose,115,mg/dL,70,99,H,Routine,2024-07-06 01:13,2024-07-06 01:30,2024-07-06 03:55
LAB713094,ENC105547,PT12326,CREAT,Creatinine,2,mg/dL,0.6,1.3,H,Routine,2024-07-06 01:02,2024-07-06 01:10,2024-07-06 05:02
LAB713095,ENC105547,PT12326,WBC,White Blood Cell Count,6.5,K/uL,4.5,11,N,STAT,2024-07-06 01:39,2024-07-06 02:05,2024-07-06 03:03
LAB713096,ENC105547,PT12326,HGB,Hemoglobin,11.6,g/dL,12,17.5,L,STAT,2024-07-06 01:14,2024-07-06 01:41,2024-07-06 02:30
LAB713097,ENC105547,PT12326,NA,Sodium,137,mmol/L,136,145,N,Routine,2024-07-06 01:23,2024-07-06 01:57,2024-07-06 03:43
LAB713098,ENC105547,PT12326,K,Potassium,6.2,mmol/L,3.5,5.1,H,STAT,2024-07-06 01:23,2024-07-06 01:54,2024-07-06 02:29
LAB713099,ENC105548,PT11226,GLU,Glucose,217,mg/dL,70,99,H,STAT,2024-07-06 04:25,2024-07-06 04:31,2024-07-06 05:14
LAB713100,ENC105548,PT11226,CREAT,Creatinine,1.59,mg/dL,0.6,1.3,H,STAT,2024-07-06 04:10,2024-07-06 04:35,2024-07-06 05:21
LAB713101,ENC105548,PT11226,WBC,White Blood Cell Count,20.4,K/uL,4.5,11,H,STAT,2024-07-06 04:08,2024-07-06 04:41,2024-07-06 05:49
LAB713102,ENC105548,PT11226,HGB,Hemoglobin,13.2,g/dL,12,17.5,N,STAT,2024-07-06 03:53,2024-07-06 04:23,2024-07-06 05:37
LAB713103,ENC105548,PT11226,LACT,Lactate,4.7,mmol/L,0.5,2,HH,STAT,2024-07-06 04:38,2024-07-06 04:57,2024-07-06 05:18
LAB713104,ENC105549,PT13570,GLU,Glucose,119,mg/dL,70,99,H,Routine,2024-07-06 04:21,2024-07-06 04:36,2024-07-06 05:29
LAB713105,ENC105549,PT13570,CREAT,Creatinine,0.71,mg/dL,0.6,1.3,N,STAT,2024-07-06 04:20,2024-07-06 04:24,2024-07-06 04:58
LAB713106,ENC105549,PT13570,WBC,White Blood Cell Count,9.6,K/uL,4.5,11,N,STAT,2024-07-06 04:23,2024-07-06 04:40,2024-07-06 05:43
LAB713107,ENC105549,PT13570,HGB,Hemoglobin,10.9,g/dL,12,17.5,L,STAT,2024-07-06 03:49,2024-07-06 03:53,2024-07-06 04:41
LAB713108,ENC105549,PT13570,TROP,"Troponin I, High Sensitivity",68,ng/L,0,34,H,STAT,2024-07-06 04:28,2024-07-06 04:54,2024-07-06 05:19
LAB713109,ENC105549,PT13570,BNP,B-Type Natriuretic Peptide,1717,pg/mL,0,100,H,STAT,2024-07-06 03:37,2024-07-06 03:53,2024-07-06 04:49
LAB713110,ENC105550,PT10662,GLU,Glucose,110,mg/dL,70,99,H,Routine,2024-07-06 04:59,2024-07-06 05:19,2024-07-06 08:29
LAB713111,ENC105550,PT10662,CREAT,Creatinine,1.06,mg/dL,0.6,1.3,N,Routine,2024-07-06 05:56,2024-07-06 06:22,2024-07-06 13:32
LAB713112,ENC105550,PT10662,WBC,White Blood Cell Count,9,K/uL,4.5,11,N,STAT,2024-07-06 05:33,2024-07-06 05:47,2024-07-06 06:45
LAB713113,ENC105550,PT10662,HGB,Hemoglobin,15.5,g/dL,12,17.5,N,STAT,2024-07-06 05:50,2024-07-06 06:23,2024-07-06 07:38
LAB713114,ENC105551,PT11641,GLU,Glucose,107,mg/dL,70,99,H,STAT,2024-07-06 08:37,2024-07-06 09:02,2024-07-06 09:48
LAB713115,ENC105551,PT11641,CREAT,Creatinine,0.83,mg/dL,0.6,1.3,N,Routine,2024-07-06 08:55,2024-07-06 09:13,2024-07-06 21:38
LAB713116,ENC105551,PT11641,WBC,White Blood Cell Count,8.7,K/uL,4.5,11,N,STAT,2024-07-06 07:53,2024-07-06 08:25,2024-07-06 09:14
LAB713117,ENC105554,PT11822,GLU,Glucose,206,mg/dL,70,99,H,STAT,2024-07-06 13:11,2024-07-06 13:45,2024-07-06 14:07
LAB713118,ENC105554,PT11822,CREAT,Creatinine,0.75,mg/dL,0.6,1.3,N,STAT,2024-07-06 13:03,2024-07-06 13:28,2024-07-06 14:36
LAB713119,ENC105554,PT11822,WBC,White Blood Cell Count,9.6,K/uL,4.5,11,N,STAT,2024-07-06 13:55,2024-07-06 14:12,2024-07-06 14:47
LAB713120,ENC105554,PT11822,HGB,Hemoglobin,12.3,g/dL,12,17.5,N,Routine,2024-07-06 12:57,2024-07-06 13:15,2024-07-06 16:19
LAB713121,ENC105555,PT12870,GLU,Glucose,68,mg/dL,70,99,L,STAT,2024-07-06 18:44,2024-07-06 18:50,2024-07-06 20:19
LAB713122,ENC105555,PT12870,CREAT,Creatinine,0.6,mg/dL,0.6,1.3,N,STAT,2024-07-06 19:02,2024-07-06 19:36,2024-07-06 20:04
LAB713123,ENC105555,PT12870,WBC,White Blood Cell Count,6.9,K/uL,4.5,11,N,Routine,2024-07-06 18:14,2024-07-06 18:30,2024-07-06 22:18
LAB713124,ENC105555,PT12870,HGB,Hemoglobin,11.4,g/dL,12,17.5,L,STAT,2024-07-06 19:06,2024-07-06 19:23,2024-07-06 21:00
LAB713125,ENC105555,PT12870,TROP,"Troponin I, High Sensitivity",183,ng/L,0,34,H,STAT,2024-07-06 19:10,2024-07-06 19:38,2024-07-06 20:31
LAB713126,ENC105556,PT11438,GLU,Glucose,112,mg/dL,70,99,H,STAT,2024-07-06 23:03,2024-07-06 23:29,2024-07-07 00:19
LAB713127,ENC105556,PT11438,CREAT,Creatinine,0.78,mg/dL,0.6,1.3,N,STAT,2024-07-06 22:55,2024-07-06 23:17,2024-07-07 00:10
LAB713128,ENC105557,PT10420,GLU,Glucose,48,mg/dL,70,99,L,Routine,2024-07-07 09:52,2024-07-07 10:09,2024-07-07 11:51
LAB713129,ENC105557,PT10420,CREAT,Creatinine,0.83,mg/dL,0.6,1.3,N,STAT,2024-07-07 09:17,2024-07-07 09:25,2024-07-07 10:10
LAB713130,ENC105557,PT10420,WBC,White Blood Cell Count,5.9,K/uL,4.5,11,N,STAT,2024-07-07 09:30,2024-07-07 09:46,2024-07-07 10:22
LAB713131,ENC105557,PT10420,HGB,Hemoglobin,14.7,g/dL,12,17.5,N,STAT,2024-07-07 09:57,2024-07-07 10:11,2024-07-07 10:38
LAB713132,ENC105558,PT10572,GLU,Glucose,109,mg/dL,70,99,H,Routine,2024-07-07 12:09,2024-07-07 12:18,2024-07-07 13:47
LAB713133,ENC105558,PT10572,CREAT,Creatinine,0.77,mg/dL,0.6,1.3,N,STAT,2024-07-07 11:13,2024-07-07 11:18,2024-07-07 12:03
LAB713134,ENC105558,PT10572,WBC,White Blood Cell Count,6,K/uL,4.5,11,N,STAT,2024-07-07 11:21,2024-07-07 11:40,2024-07-07 12:43
LAB713135,ENC105558,PT10572,HGB,Hemoglobin,13.9,g/dL,12,17.5,N,Routine,2024-07-07 11:53,2024-07-07 12:18,2024-07-07 18:15
LAB713136,ENC105561,PT11533,GLU,Glucose,105,mg/dL,70,99,H,STAT,2024-07-07 15:23,2024-07-07 15:52,2024-07-07 16:57
LAB713137,ENC105561,PT11533,CREAT,Creatinine,1.12,mg/dL,0.6,1.3,N,Routine,2024-07-07 15:50,2024-07-07 16:11,2024-07-07 17:12
LAB713138,ENC105561,PT11533,WBC,White Blood Cell Count,6.5,K/uL,4.5,11,N,Routine,2024-07-07 15:20,2024-07-07 15:30,2024-07-07 16:44
LAB713139,ENC105561,PT11533,HGB,Hemoglobin,14.9,g/dL,12,17.5,N,Routine,2024-07-07 15:25,2024-07-07 15:45,2024-07-07 20:12
LAB713140,ENC105562,PT13864,GLU,Glucose,132,mg/dL,70,99,H,Routine,2024-07-07 11:47,2024-07-07 12:06,2024-07-07 15:16
LAB713141,ENC105562,PT13864,CREAT,Creatinine,0.99,mg/dL,0.6,1.3,N,STAT,2024-07-07 12:32,2024-07-07 12:51,2024-07-07 13:46
LAB713142,ENC105563,PT12728,GLU,Glucose,99,mg/dL,70,99,N,STAT,2024-07-07 14:45,2024-07-07 15:17,2024-07-07 15:43
LAB713143,ENC105563,PT12728,CREAT,Creatinine,0.85,mg/dL,0.6,1.3,N,STAT,2024-07-07 15:21,2024-07-07 15:37,2024-07-07 16:12
LAB713144,ENC105563,PT12728,WBC,White Blood Cell Count,8,K/uL,4.5,11,N,STAT,2024-07-07 15:11,2024-07-07 15:29,2024-07-07 16:29
LAB713145,ENC105563,PT12728,HGB,Hemoglobin,16.2,g/dL,12,17.5,N,STAT,2024-07-07 15:02,2024-07-07 15:06,2024-07-07 15:39
LAB713146,ENC105563,PT12728,BUN,Blood Urea Nitrogen,11,mg/dL,7,20,N,STAT,2024-07-07 14:32,2024-07-07 14:55,2024-07-07 16:36
LAB713147,ENC105563,PT12728,PLT,Platelet Count,269,K/uL,150,400,N,Routine,2024-07-07 15:08,2024-07-07 15:36,2024-07-07 18:06
LAB713148,ENC105563,PT12728,LACT,Lactate,2.3,mmol/L,0.5,2,H,STAT,2024-07-07 15:19,2024-07-07 15:33,2024-07-07 16:42
LAB713149,ENC105564,PT12213,GLU,Glucose,88,mg/dL,70,99,N,STAT,2024-07-07 13:47,2024-07-07 14:02,2024-07-07 14:39
LAB713150,ENC105564,PT12213,CREAT,Creatinine,1.11,mg/dL,0.6,1.3,N,STAT,2024-07-07 13:37,2024-07-07 14:07,2024-07-07 15:32
LAB713151,ENC105564,PT12213,WBC,White Blood Cell Count,8.6,K/uL,4.5,11,N,STAT,2024-07-07 13:55,2024-07-07 14:11,2024-07-07 14:46
LAB713152,ENC105564,PT12213,HGB,Hemoglobin,15.8,g/dL,12,17.5,N,Routine,2024-07-07 13:38,2024-07-07 13:51,2024-07-07 16:44
LAB713153,ENC105566,PT10718,GLU,Glucose,277,mg/dL,70,99,H,STAT,2024-07-07 14:48,2024-07-07 15:09,2024-07-07 16:00
LAB713154,ENC105566,PT10718,CREAT,Creatinine,1.27,mg/dL,0.6,1.3,N,Routine,2024-07-07 15:45,2024-07-07 16:20,2024-07-07 17:48
LAB713155,ENC105566,PT10718,WBC,White Blood Cell Count,6.9,K/uL,4.5,11,N,STAT,2024-07-07 15:43,2024-07-07 15:50,2024-07-07 16:37
LAB713156,ENC105566,PT10718,A1C,Hemoglobin A1c,12.3,%,4,5.6,H,STAT,2024-07-07 14:37,2024-07-07 14:50,2024-07-07 15:30
LAB713157,ENC105567,PT11756,GLU,Glucose,102,mg/dL,70,99,H,STAT,2024-07-07 18:08,2024-07-07 18:27,2024-07-07 19:20
LAB713158,ENC105567,PT11756,CREAT,Creatinine,1.17,mg/dL,0.6,1.3,N,Routine,2024-07-07 18:16,2024-07-07 18:33,2024-07-07 21:50
LAB713159,ENC105567,PT11756,WBC,White Blood Cell Count,7,K/uL,4.5,11,N,STAT,2024-07-07 17:59,2024-07-07 18:27,2024-07-07 19:10
LAB713160,ENC105568,PT10136,GLU,Glucose,85,mg/dL,70,99,N,Routine,2024-07-07 22:38,2024-07-07 23:06,2024-07-08 08:42
LAB713161,ENC105568,PT10136,CREAT,Creatinine,0.79,mg/dL,0.6,1.3,N,Routine,2024-07-07 22:07,2024-07-07 22:40,2024-07-08 00:20
LAB713162,ENC105568,PT10136,WBC,White Blood Cell Count,6.7,K/uL,4.5,11,N,Routine,2024-07-07 22:25,2024-07-07 22:44,2024-07-08 03:43
LAB713163,ENC105568,PT10136,HGB,Hemoglobin,12.5,g/dL,12,17.5,N,STAT,2024-07-07 21:59,2024-07-07 22:29,2024-07-07 23:51
LAB713164,ENC105568,PT10136,LACT,Lactate,2.4,mmol/L,0.5,2,H,STAT,2024-07-07 22:03,2024-07-07 22:16,2024-07-07 23:46
LAB713165,ENC105569,PT13353,GLU,Glucose,91,mg/dL,70,99,N,STAT,2024-07-07 20:36,2024-07-07 20:55,2024-07-07 22:38
LAB713166,ENC105569,PT13353,CREAT,Creatinine,0.9,mg/dL,0.6,1.3,N,Routine,2024-07-07 19:47,2024-07-07 20:05,2024-07-07 22:38
LAB713167,ENC105570,PT13886,GLU,Glucose,236,mg/dL,70,99,H,STAT,2024-07-07 19:50,2024-07-07 20:19,2024-07-07 21:22
LAB713168,ENC105570,PT13886,CREAT,Creatinine,1.28,mg/dL,0.6,1.3,N,STAT,2024-07-07 20:45,2024-07-07 20:53,2024-07-07 21:28
LAB713169,ENC105570,PT13886,WBC,White Blood Cell Count,7.6,K/uL,4.5,11,N,STAT,2024-07-07 20:12,2024-07-07 20:36,2024-07-07 21:24
LAB713170,ENC105570,PT13886,HGB,Hemoglobin,14.8,g/dL,12,17.5,N,STAT,2024-07-07 19:54,2024-07-07 20:04,2024-07-07 20:45
LAB713171,ENC105571,PT10677,GLU,Glucose,231,mg/dL,70,99,H,Routine,2024-07-07 22:12,2024-07-07 22:26,2024-07-08 00:06
LAB713172,ENC105571,PT10677,CREAT,Creatinine,0.62,mg/dL,0.6,1.3,N,Routine,2024-07-07 21:48,2024-07-07 22:03,2024-07-07 23:32
LAB713173,ENC105571,PT10677,WBC,White Blood Cell Count,5.5,K/uL,4.5,11,N,Routine,2024-07-07 22:24,2024-07-07 22:45,2024-07-08 01:32
LAB713174,ENC105571,PT10677,HGB,Hemoglobin,13.7,g/dL,12,17.5,N,STAT,2024-07-07 22:09,2024-07-07 22:44,2024-07-08 00:06
LAB713175,ENC105572,PT12804,GLU,Glucose,86,mg/dL,70,99,N,Routine,2024-07-07 23:45,2024-07-08 00:16,2024-07-08 02:03
LAB713176,ENC105572,PT12804,CREAT,Creatinine,0.98,mg/dL,0.6,1.3,N,Routine,2024-07-08 00:11,2024-07-08 00:20,2024-07-08 03:05
LAB713177,ENC105572,PT12804,WBC,White Blood Cell Count,9.8,K/uL,4.5,11,N,STAT,2024-07-08 00:28,2024-07-08 00:55,2024-07-08 01:42
LAB713178,ENC105572,PT12804,HGB,Hemoglobin,14.1,g/dL,12,17.5,N,Routine,2024-07-08 00:23,2024-07-08 00:40,2024-07-08 02:12
LAB713179,ENC105572,PT12804,NA,Sodium,141,mmol/L,136,145,N,Routine,2024-07-08 00:21,2024-07-08 00:43,2024-07-08 02:44
LAB713180,ENC105572,PT12804,K,Potassium,4.2,mmol/L,3.5,5.1,N,STAT,2024-07-08 00:31,2024-07-08 00:51,2024-07-08 02:20
LAB713181,ENC105573,PT10633,GLU,Glucose,145,mg/dL,70,99,H,STAT,2024-07-07 23:08,2024-07-07 23:41,2024-07-08 00:15
LAB713182,ENC105573,PT10633,CREAT,Creatinine,1.06,mg/dL,0.6,1.3,N,STAT,2024-07-07 23:28,2024-07-07 23:46,2024-07-08 00:30
LAB713183,ENC105573,PT10633,WBC,White Blood Cell Count,20.1,K/uL,4.5,11,H,STAT,2024-07-07 22:49,2024-07-07 23:09,2024-07-07 23:55
LAB713184,ENC105573,PT10633,HGB,Hemoglobin,13.6,g/dL,12,17.5,N,STAT,2024-07-07 22:49,2024-07-07 23:02,2024-07-08 00:05
LAB713185,ENC105573,PT10633,LACT,Lactate,1.8,mmol/L,0.5,2,N,STAT,2024-07-07 22:59,2024-07-07 23:18,2024-07-08 00:09
LAB713186,ENC105574,PT12460,GLU,Glucose,220,mg/dL,70,99,H,STAT,2024-07-07 21:44,2024-07-07 22:16,2024-07-07 22:45
LAB713187,ENC105574,PT12460,CREAT,Creatinine,1.05,mg/dL,0.6,1.3,N,STAT,2024-07-07 21:33,2024-07-07 21:46,2024-07-07 23:11
LAB713188,ENC105574,PT12460,WBC,White Blood Cell Count,8.1,K/uL,4.5,11,N,Routine,2024-07-07 21:17,2024-07-07 21:52,2024-07-08 00:27
LAB713189,ENC105575,PT13261,GLU,Glucose,91,mg/dL,70,99,N,Routine,2024-07-08 02:10,2024-07-08 02:32,2024-07-08 04:19
LAB713190,ENC105575,PT13261,CREAT,Creatinine,0.53,mg/dL,0.6,1.3,L,STAT,2024-07-08 01:39,2024-07-08 01:51,2024-07-08 02:29
LAB713191,ENC105575,PT13261,WBC,White Blood Cell Count,0.4,K/uL,4.5,11,LL,STAT,2024-07-08 02:35,2024-07-08 02:51,2024-07-08 04:17
LAB713192,ENC105575,PT13261,HGB,Hemoglobin,8.7,g/dL,12,17.5,L,STAT,2024-07-08 02:24,2024-07-08 02:51,2024-07-08 03:28
LAB713193,ENC105576,PT13933,GLU,Glucose,88,mg/dL,70,99,N,Routine,2024-07-07 22:49,2024-07-07 23:14,2024-07-08 00:42
LAB713194,ENC105576,PT13933,CREAT,Creatinine,0.89,mg/dL,0.6,1.3,N,STAT,2024-07-07 23:05,2024-07-07 23:21,2024-07-08 00:09
LAB713195,ENC105576,PT13933,WBC,White Blood Cell Count,4.1,K/uL,4.5,11,L,Routine,2024-07-07 23:12,2024-07-07 23:28,2024-07-08 01:06
LAB713196,ENC105576,PT13933,HGB,Hemoglobin,16.4,g/dL,12,17.5,N,STAT,2024-07-07 23:09,2024-07-07 23:39,2024-07-08 00:33
LAB713197,ENC105577,PT10041,GLU,Glucose,136,mg/dL,70,99,H,STAT,2024-07-08 04:21,2024-07-08 04:28,2024-07-08 05:19
LAB713198,ENC105577,PT10041,CREAT,Creatinine,0.46,mg/dL,0.6,1.3,L,STAT,2024-07-08 03:51,2024-07-08 04:02,2024-07-08 04:21
LAB713199,ENC105577,PT10041,WBC,White Blood Cell Count,16.4,K/uL,4.5,11,H,Routine,2024-07-08 04:12,2024-07-08 04:20,2024-07-08 06:47
LAB713200,ENC105577,PT10041,HGB,Hemoglobin,14.4,g/dL,12,17.5,N,STAT,2024-07-08 04:02,2024-07-08 04:24,2024-07-08 05:03
LAB713201,ENC105577,PT10041,NA,Sodium,138,mmol/L,136,145,N,Routine,2024-07-08 03:22,2024-07-08 03:56,2024-07-08 07:20
LAB713202,ENC105577,PT10041,K,Potassium,4.2,mmol/L,3.5,5.1,N,STAT,2024-07-08 03:54,2024-07-08 04:03,2024-07-08 04:56
LAB713203,ENC105578,PT13126,GLU,Glucose,119,mg/dL,70,99,H,Routine,2024-07-08 02:11,2024-07-08 02:22,2024-07-08 04:22
LAB713204,ENC105578,PT13126,CREAT,Creatinine,3.43,mg/dL,0.6,1.3,H,Routine,2024-07-08 01:16,2024-07-08 01:45,2024-07-08 04:04
LAB713205,ENC105578,PT13126,WBC,White Blood Cell Count,7.1,K/uL,4.5,11,N,Routine,2024-07-08 01:11,2024-07-08 01:18,2024-07-08 05:43
LAB713206,ENC105578,PT13126,HGB,Hemoglobin,16,g/dL,12,17.5,N,Routine,2024-07-08 01:16,2024-07-08 01:39,2024-07-08 11:37
LAB713207,ENC105578,PT13126,NA,Sodium,143,mmol/L,136,145,N,STAT,2024-07-08 02:15,2024-07-08 02:50,2024-07-08 03:36
LAB713208,ENC105578,PT13126,K,Potassium,5.2,mmol/L,3.5,5.1,H,STAT,2024-07-08 01:38,2024-07-08 01:57,2024-07-08 02:59
LAB713209,ENC105579,PT12030,GLU,Glucose,108,mg/dL,70,99,H,STAT,2024-07-08 04:38,2024-07-08 05:13,2024-07-08 06:01
LAB713210,ENC105579,PT12030,CREAT,Creatinine,0.72,mg/dL,0.6,1.3,N,Routine,2024-07-08 04:52,2024-07-08 05:02,2024-07-08 06:02
LAB713211,ENC105579,PT12030,WBC,White Blood Cell Count,8,K/uL,4.5,11,N,STAT,2024-07-08 04:32,2024-07-08 04:55,2024-07-08 05:26
LAB713212,ENC105579,PT12030,HGB,Hemoglobin,15.2,g/dL,12,17.5,N,Routine,2024-07-08 05:24,2024-07-08 05:48,2024-07-08 07:32
LAB713213,ENC105579,PT12030,BUN,Blood Urea Nitrogen,11,mg/dL,7,20,N,STAT,2024-07-08 05:09,2024-07-08 05:18,2024-07-08 06:15
LAB713214,ENC105579,PT12030,PLT,Platelet Count,280,K/uL,150,400,N,Routine,2024-07-08 05:11,2024-07-08 05:30,2024-07-08 07:22
LAB713215,ENC105579,PT12030,INR,Prothrombin Time INR,1.1,ratio,0.8,1.2,N,STAT,2024-07-08 04:21,2024-07-08 04:27,2024-07-08 05:02
LAB713216,ENC105580,PT10150,GLU,Glucose,108,mg/dL,70,99,H,STAT,2024-07-08 03:48,2024-07-08 04:19,2024-07-08 05:18
LAB713217,ENC105580,PT10150,CREAT,Creatinine,1.12,mg/dL,0.6,1.3,N,STAT,2024-07-08 03:17,2024-07-08 03:31,2024-07-08 04:10
LAB713218,ENC105581,PT12671,GLU,Glucose,137,mg/dL,70,99,H,STAT,2024-07-08 08:14,2024-07-08 08:48,2024-07-08 10:48
LAB713219,ENC105581,PT12671,CREAT,Creatinine,0.82,mg/dL,0.6,1.3,N,Routine,2024-07-08 08:29,2024-07-08 08:35,2024-07-08 14:14
LAB713220,ENC105581,PT12671,WBC,White Blood Cell Count,10.1,K/uL,4.5,11,N,STAT,2024-07-08 08:01,2024-07-08 08:09,2024-07-08 08:44
LAB713221,ENC105581,PT12671,HGB,Hemoglobin,12.1,g/dL,12,17.5,N,Routine,2024-07-08 07:48,2024-07-08 08:00,2024-07-08 09:08
LAB713222,ENC105582,PT11816,A1C,Hemoglobin A1c,14.2,%,4,5.6,H,Routine,2024-07-08 08:07,2024-07-08 08:14,2024-07-08 23:30
LAB713223,ENC105582,PT11816,GLU,Glucose,234,mg/dL,70,99,H,Routine,2024-07-08 08:16,2024-07-08 08:48,2024-07-08 09:38
LAB713224,ENC105582,PT11816,CREAT,Creatinine,1.32,mg/dL,0.6,1.3,H,Routine,2024-07-08 08:06,2024-07-08 08:38,2024-07-08 10:29
LAB713225,ENC105584,PT10843,GLU,Glucose,74,mg/dL,70,99,N,STAT,2024-07-08 08:39,2024-07-08 09:06,2024-07-08 09:49
LAB713226,ENC105584,PT10843,CREAT,Creatinine,1.22,mg/dL,0.6,1.3,N,STAT,2024-07-08 08:35,2024-07-08 09:10,2024-07-08 09:46
LAB713227,ENC105584,PT10843,TROP,"Troponin I, High Sensitivity",5,ng/L,0,34,N,STAT,2024-07-08 08:46,2024-07-08 09:01,2024-07-08 09:34
LAB713228,ENC105585,PT12963,TROP,"Troponin I, High Sensitivity",10,ng/L,0,34,N,STAT,2024-07-08 09:42,2024-07-08 10:15,2024-07-08 11:44
LAB713229,ENC105587,PT12817,A1C,Hemoglobin A1c,10.1,%,4,5.6,H,Routine,2024-07-08 10:06,2024-07-08 10:17,2024-07-09 03:24
LAB713230,ENC105589,PT12322,A1C,Hemoglobin A1c,9.2,%,4,5.6,H,Routine,2024-07-08 11:29,2024-07-08 11:43,2024-07-09 07:22
LAB713231,ENC105590,PT11940,GLU,Glucose,113,mg/dL,70,99,H,Routine,2024-07-08 13:51,2024-07-08 14:07,2024-07-08 17:28
LAB713232,ENC105590,PT11940,CREAT,Creatinine,4.45,mg/dL,0.6,1.3,H,Routine,2024-07-08 13:41,2024-07-08 14:05,2024-07-08 16:08
LAB713233,ENC105590,PT11940,WBC,White Blood Cell Count,4.7,K/uL,4.5,11,N,STAT,2024-07-08 13:16,2024-07-08 13:29,2024-07-08 13:58
LAB713234,ENC105590,PT11940,HGB,Hemoglobin,14.5,g/dL,12,17.5,N,Routine,2024-07-08 13:02,2024-07-08 13:19,2024-07-08 16:07
LAB713235,ENC105590,PT11940,NA,Sodium,134,mmol/L,136,145,L,Routine,2024-07-08 13:10,2024-07-08 13:24,2024-07-08 15:23
LAB713236,ENC105590,PT11940,K,Potassium,4.1,mmol/L,3.5,5.1,N,STAT,2024-07-08 14:06,2024-07-08 14:26,2024-07-08 15:09
LAB713237,ENC105591,PT13097,WBC,White Blood Cell Count,7.4,K/uL,4.5,11,N,Routine,2024-07-08 13:05,2024-07-08 13:25,2024-07-08 16:29
LAB713238,ENC105591,PT13097,HGB,Hemoglobin,10.7,g/dL,12,17.5,L,Routine,2024-07-08 13:26,2024-07-08 13:53,2024-07-08 15:11
LAB713239,ENC105591,PT13097,PLT,Platelet Count,234,K/uL,150,400,N,Routine,2024-07-08 13:10,2024-07-08 13:33,2024-07-08 17:12
LAB713240,ENC105593,PT11323,GLU,Glucose,88,mg/dL,70,99,N,Routine,2024-07-08 16:27,2024-07-08 17:00,2024-07-08 18:35
LAB713241,ENC105593,PT11323,CREAT,Creatinine,0.9,mg/dL,0.6,1.3,N,STAT,2024-07-08 17:02,2024-07-08 17:24,2024-07-08 18:12
LAB713242,ENC105593,PT11323,WBC,White Blood Cell Count,10,K/uL,4.5,11,N,STAT,2024-07-08 17:00,2024-07-08 17:19,2024-07-08 18:24
LAB713243,ENC105593,PT11323,HGB,Hemoglobin,14.3,g/dL,12,17.5,N,Routine,2024-07-08 17:02,2024-07-08 17:33,2024-07-08 19:29
LAB713244,ENC105594,PT12413,GLU,Glucose,130,mg/dL,70,99,H,STAT,2024-07-08 13:55,2024-07-08 14:03,2024-07-08 14:39
LAB713245,ENC105594,PT12413,CREAT,Creatinine,0.71,mg/dL,0.6,1.3,N,Routine,2024-07-08 14:07,2024-07-08 14:35,2024-07-08 17:13
LAB713246,ENC105594,PT12413,WBC,White Blood Cell Count,8.8,K/uL,4.5,11,N,Routine,2024-07-08 13:46,2024-07-08 14:03,2024-07-08 15:43
LAB713247,ENC105595,PT12058,GLU,Glucose,101,mg/dL,70,99,H,STAT,2024-07-08 13:53,2024-07-08 14:01,2024-07-08 15:19
LAB713248,ENC105595,PT12058,CREAT,Creatinine,0.84,mg/dL,0.6,1.3,N,STAT,2024-07-08 14:13,2024-07-08 14:36,2024-07-08 15:43
LAB713249,ENC105595,PT12058,INR,Prothrombin Time INR,1.1,ratio,0.8,1.2,N,Routine,2024-07-08 14:02,2024-07-08 14:16,2024-07-08 21:12
LAB713250,ENC105598,PT13776,GLU,Glucose,336,mg/dL,70,99,H,Routine,2024-07-08 20:22,2024-07-08 20:40,2024-07-08 22:30
LAB713251,ENC105598,PT13776,CREAT,Creatinine,0.77,mg/dL,0.6,1.3,N,STAT,2024-07-08 20:24,2024-07-08 20:56,2024-07-08 21:30
LAB713252,ENC105598,PT13776,WBC,White Blood Cell Count,6,K/uL,4.5,11,N,STAT,2024-07-08 21:24,2024-07-08 21:30,2024-07-08 22:30
LAB713253,ENC105598,PT13776,HGB,Hemoglobin,12.3,g/dL,12,17.5,N,Routine,2024-07-08 20:32,2024-07-08 20:57,2024-07-09 00:41
LAB713254,ENC105598,PT13776,NA,Sodium,144,mmol/L,136,145,N,STAT,2024-07-08 20:28,2024-07-08 20:40,2024-07-08 21:12
LAB713255,ENC105598,PT13776,K,Potassium,3.9,mmol/L,3.5,5.1,N,STAT,2024-07-08 20:28,2024-07-08 20:44,2024-07-08 21:32
LAB713256,ENC105598,PT13776,A1C,Hemoglobin A1c,10.9,%,4,5.6,H,Routine,2024-07-08 21:06,2024-07-08 21:36,2024-07-09 02:10
LAB713257,ENC105599,PT11109,GLU,Glucose,92,mg/dL,70,99,N,STAT,2024-07-08 19:06,2024-07-08 19:33,2024-07-08 20:05
LAB713258,ENC105599,PT11109,CREAT,Creatinine,1.92,mg/dL,0.6,1.3,H,Routine,2024-07-08 19:40,2024-07-08 19:46,2024-07-08 23:05
LAB713259,ENC105599,PT11109,WBC,White Blood Cell Count,6.3,K/uL,4.5,11,N,Routine,2024-07-08 19:54,2024-07-08 20:08,2024-07-09 02:15
LAB713260,ENC105599,PT11109,HGB,Hemoglobin,12,g/dL,12,17.5,N,Routine,2024-07-08 19:37,2024-07-08 19:47,2024-07-09 00:09
LAB713261,ENC105599,PT11109,NA,Sodium,142,mmol/L,136,145,N,STAT,2024-07-08 19:04,2024-07-08 19:34,2024-07-08 20:13
LAB713262,ENC105599,PT11109,K,Potassium,4.1,mmol/L,3.5,5.1,N,STAT,2024-07-08 19:23,2024-07-08 19:44,2024-07-08 20:28
LAB713263,ENC105599,PT11109,INR,Prothrombin Time INR,0.9,ratio,0.8,1.2,N,STAT,2024-07-08 19:05,2024-07-08 19:32,2024-07-08 20:42
LAB713264,ENC105604,PT12537,GLU,Glucose,337,mg/dL,70,99,H,STAT,2024-07-09 00:25,2024-07-09 00:46,2024-07-09 01:36
LAB713265,ENC105604,PT12537,CREAT,Creatinine,1.07,mg/dL,0.6,1.3,N,Routine,2024-07-09 00:36,2024-07-09 00:46,2024-07-09 10:24
LAB713266,ENC105604,PT12537,WBC,White Blood Cell Count,6.2,K/uL,4.5,11,N,STAT,2024-07-08 23:37,2024-07-08 23:43,2024-07-09 00:20
LAB713267,ENC105604,PT12537,HGB,Hemoglobin,15.6,g/dL,12,17.5,N,STAT,2024-07-09 00:08,2024-07-09 00:20,2024-07-09 00:46
LAB713268,ENC105604,PT12537,NA,Sodium,141,mmol/L,136,145,N,STAT,2024-07-09 00:29,2024-07-09 00:39,2024-07-09 01:33
LAB713269,ENC105604,PT12537,K,Potassium,4,mmol/L,3.5,5.1,N,STAT,2024-07-08 23:49,2024-07-08 23:58,2024-07-09 01:12
LAB713270,ENC105604,PT12537,A1C,Hemoglobin A1c,10.5,%,4,5.6,H,STAT,2024-07-08 23:44,2024-07-09 00:03,2024-07-09 00:38
LAB713271,ENC105607,PT10778,GLU,Glucose,61,mg/dL,70,99,L,STAT,2024-07-09 01:42,2024-07-09 02:02,2024-07-09 04:27
LAB713272,ENC105607,PT10778,CREAT,Creatinine,0.93,mg/dL,0.6,1.3,N,STAT,2024-07-09 02:13,2024-07-09 02:43,2024-07-09 03:50
LAB713273,ENC105608,PT13881,GLU,Glucose,113,mg/dL,70,99,H,Routine,2024-07-09 02:05,2024-07-09 02:30,2024-07-09 06:05
LAB713274,ENC105608,PT13881,CREAT,Creatinine,0.95,mg/dL,0.6,1.3,N,Routine,2024-07-09 03:01,2024-07-09 03:19,2024-07-09 07:42
LAB713275,ENC105608,PT13881,WBC,White Blood Cell Count,9.3,K/uL,4.5,11,N,STAT,2024-07-09 02:15,2024-07-09 02:31,2024-07-09 03:21
LAB713276,ENC105608,PT13881,HGB,Hemoglobin,12.1,g/dL,12,17.5,N,Routine,2024-07-09 02:09,2024-07-09 02:25,2024-07-09 06:41
LAB713277,ENC105610,PT13477,GLU,Glucose,93,mg/dL,70,99,N,STAT,2024-07-09 06:15,2024-07-09 06:46,2024-07-09 07:50
LAB713278,ENC105610,PT13477,CREAT,Creatinine,1.24,mg/dL,0.6,1.3,N,STAT,2024-07-09 06:39,2024-07-09 07:02,2024-07-09 07:55
LAB713279,ENC105610,PT13477,WBC,White Blood Cell Count,8.5,K/uL,4.5,11,N,STAT,2024-07-09 06:46,2024-07-09 06:57,2024-07-09 07:29
LAB713280,ENC105610,PT13477,HGB,Hemoglobin,13.3,g/dL,12,17.5,N,STAT,2024-07-09 06:50,2024-07-09 07:22,2024-07-09 07:58
LAB713281,ENC105611,PT11322,GLU,Glucose,104,mg/dL,70,99,H,STAT,2024-07-09 10:29,2024-07-09 11:03,2024-07-09 11:37
LAB713282,ENC105611,PT11322,CREAT,Creatinine,1.08,mg/dL,0.6,1.3,N,STAT,2024-07-09 11:10,2024-07-09 11:26,2024-07-09 11:56
LAB713283,ENC105611,PT11322,WBC,White Blood Cell Count,8.8,K/uL,4.5,11,N,STAT,2024-07-09 10:43,2024-07-09 11:13,2024-07-09 11:34
LAB713284,ENC105611,PT11322,HGB,Hemoglobin,14.6,g/dL,12,17.5,N,Routine,2024-07-09 10:42,2024-07-09 11:05,2024-07-09 13:59
LAB713285,ENC105611,PT11322,TROP,"Troponin I, High Sensitivity",1,ng/L,0,34,N,STAT,2024-07-09 11:14,2024-07-09 11:21,2024-07-09 12:38
LAB713286,ENC105611,PT11322,BNP,B-Type Natriuretic Peptide,1040,pg/mL,0,100,H,Routine,2024-07-09 10:26,2024-07-09 10:39,2024-07-09 12:44
LAB713287,ENC105615,PT10943,LDL,LDL Cholesterol,136,mg/dL,0,99,H,Routine,2024-07-09 09:44,2024-07-09 10:02,2024-07-09 21:12
LAB713288,ENC105615,PT10943,TSH,Thyroid Stimulating Hormone,2.48,mIU/L,0.4,4,N,Routine,2024-07-09 09:24,2024-07-09 09:47,2024-07-10 08:20
LAB713289,ENC105622,PT10484,GLU,Glucose,73,mg/dL,70,99,N,STAT,2024-07-09 17:32,2024-07-09 17:46,2024-07-09 18:32
LAB713290,ENC105622,PT10484,CREAT,Creatinine,4.46,mg/dL,0.6,1.3,H,STAT,2024-07-09 17:18,2024-07-09 17:44,2024-07-09 18:19
LAB713291,ENC105622,PT10484,WBC,White Blood Cell Count,7.1,K/uL,4.5,11,N,STAT,2024-07-09 17:47,2024-07-09 17:53,2024-07-09 18:47
LAB713292,ENC105622,PT10484,HGB,Hemoglobin,16.9,g/dL,12,17.5,N,STAT,2024-07-09 17:44,2024-07-09 18:10,2024-07-09 19:24
LAB713293,ENC105622,PT10484,NA,Sodium,136,mmol/L,136,145,N,Routine,2024-07-09 17:52,2024-07-09 18:13,2024-07-09 22:03
LAB713294,ENC105622,PT10484,K,Potassium,4.9,mmol/L,3.5,5.1,N,STAT,2024-07-09 17:40,2024-07-09 18:15,2024-07-09 19:14
LAB713295,ENC105623,PT10480,GLU,Glucose,115,mg/dL,70,99,H,Routine,2024-07-09 14:16,2024-07-09 14:30,2024-07-09 18:26
LAB713296,ENC105623,PT10480,CREAT,Creatinine,0.5,mg/dL,0.6,1.3,L,STAT,2024-07-09 14:13,2024-07-09 14:22,2024-07-09 14:51
LAB713297,ENC105624,PT10242,GLU,Glucose,74,mg/dL,70,99,N,STAT,2024-07-09 14:02,2024-07-09 14:21,2024-07-09 14:49
LAB713298,ENC105624,PT10242,CREAT,Creatinine,1.13,mg/dL,0.6,1.3,N,STAT,2024-07-09 14:13,2024-07-09 14:30,2024-07-09 15:04
LAB713299,ENC105624,PT10242,WBC,White Blood Cell Count,6.4,K/uL,4.5,11,N,STAT,2024-07-09 14:03,2024-07-09 14:32,2024-07-09 14:55
LAB713300,ENC105626,PT13934,GLU,Glucose,68,mg/dL,70,99,L,Routine,2024-07-09 16:53,2024-07-09 17:02,2024-07-09 18:55
LAB713301,ENC105626,PT13934,CREAT,Creatinine,1.16,mg/dL,0.6,1.3,N,STAT,2024-07-09 16:45,2024-07-09 17:02,2024-07-09 18:09
LAB713302,ENC105626,PT13934,WBC,White Blood Cell Count,6.7,K/uL,4.5,11,N,STAT,2024-07-09 16:05,2024-07-09 16:31,2024-07-09 17:38
LAB713303,ENC105626,PT13934,HGB,Hemoglobin,14.3,g/dL,12,17.5,N,STAT,2024-07-09 16:01,2024-07-09 16:32,2024-07-09 17:24
LAB713304,ENC105626,PT13934,NA,Sodium,135,mmol/L,136,145,L,STAT,2024-07-09 16:47,2024-07-09 16:55,2024-07-09 17:21
LAB713305,ENC105626,PT13934,K,Potassium,4,mmol/L,3.5,5.1,N,STAT,2024-07-09 16:20,2024-07-09 16:45,2024-07-09 17:45
LAB713306,ENC105626,PT13934,BUN,Blood Urea Nitrogen,17,mg/dL,7,20,N,Routine,2024-07-09 16:41,2024-07-09 17:15,2024-07-09 19:43
LAB713307,ENC105626,PT13934,PLT,Platelet Count,330,K/uL,150,400,N,STAT,2024-07-09 16:11,2024-07-09 16:29,2024-07-09 16:51
LAB713308,ENC105626,PT13934,TROP,"Troponin I, High Sensitivity",1428,ng/L,0,34,H,STAT,2024-07-09 15:50,2024-07-09 16:06,2024-07-09 16:42
LAB713309,ENC105627,PT10613,GLU,Glucose,88,mg/dL,70,99,N,STAT,2024-07-09 15:04,2024-07-09 15:31,2024-07-09 16:11
LAB713310,ENC105627,PT10613,CREAT,Creatinine,1.19,mg/dL,0.6,1.3,N,Routine,2024-07-09 15:10,2024-07-09 15:32,2024-07-09 19:40
LAB713311,ENC105627,PT10613,WBC,White Blood Cell Count,8,K/uL,4.5,11,N,STAT,2024-07-09 15:12,2024-07-09 15:38,2024-07-09 16:19
LAB713312,ENC105629,PT11438,LDL,LDL Cholesterol,113,mg/dL,0,99,H,Routine,2024-07-09 15:14,2024-07-09 15:32,2024-07-10 06:41
LAB713313,ENC105630,PT12981,GLU,Glucose,141,mg/dL,70,99,H,Routine,2024-07-09 18:41,2024-07-09 18:58,2024-07-10 01:15
LAB713314,ENC105630,PT12981,CREAT,Creatinine,0.98,mg/dL,0.6,1.3,N,STAT,2024-07-09 19:34,2024-07-09 19:40,2024-07-09 20:33
LAB713315,ENC105630,PT12981,WBC,White Blood Cell Count,8.6,K/uL,4.5,11,N,STAT,2024-07-09 19:17,2024-07-09 19:33,2024-07-09 20:14
LAB713316,ENC105630,PT12981,HGB,Hemoglobin,13.2,g/dL,12,17.5,N,STAT,2024-07-09 18:31,2024-07-09 18:38,2024-07-09 19:15
LAB713317,ENC105630,PT12981,INR,Prothrombin Time INR,0.9,ratio,0.8,1.2,N,STAT,2024-07-09 19:13,2024-07-09 19:17,2024-07-09 20:21
LAB713318,ENC105631,PT12148,GLU,Glucose,125,mg/dL,70,99,H,STAT,2024-07-09 16:23,2024-07-09 16:34,2024-07-09 17:29
LAB713319,ENC105631,PT12148,CREAT,Creatinine,1.22,mg/dL,0.6,1.3,N,STAT,2024-07-09 15:33,2024-07-09 15:40,2024-07-09 16:26
LAB713320,ENC105631,PT12148,WBC,White Blood Cell Count,6.3,K/uL,4.5,11,N,STAT,2024-07-09 15:35,2024-07-09 16:06,2024-07-09 17:13
LAB713321,ENC105631,PT12148,HGB,Hemoglobin,14.5,g/dL,12,17.5,N,Routine,2024-07-09 15:34,2024-07-09 15:49,2024-07-09 17:56
LAB713322,ENC105631,PT12148,TROP,"Troponin I, High Sensitivity",3,ng/L,0,34,N,STAT,2024-07-09 15:18,2024-07-09 15:52,2024-07-09 16:30
LAB713323,ENC105631,PT12148,BNP,B-Type Natriuretic Peptide,1564,pg/mL,0,100,H,Routine,2024-07-09 15:19,2024-07-09 15:33,2024-07-09 19:13
LAB713324,ENC105632,PT13227,GLU,Glucose,119,mg/dL,70,99,H,Routine,2024-07-09 16:29,2024-07-09 16:50,2024-07-09 19:12
LAB713325,ENC105632,PT13227,CREAT,Creatinine,1.05,mg/dL,0.6,1.3,N,STAT,2024-07-09 15:56,2024-07-09 16:17,2024-07-09 16:52
LAB713326,ENC105632,PT13227,WBC,White Blood Cell Count,9.6,K/uL,4.5,11,N,STAT,2024-07-09 15:41,2024-07-09 16:12,2024-07-09 17:18
LAB713327,ENC105632,PT13227,HGB,Hemoglobin,12.8,g/dL,12,17.5,N,STAT,2024-07-09 16:09,2024-07-09 16:13,2024-07-09 17:09
LAB713328,ENC105635,PT11987,GLU,Glucose,103,mg/dL,70,99,H,STAT,2024-07-09 18:28,2024-07-09 18:45,2024-07-09 20:14
LAB713329,ENC105635,PT11987,CREAT,Creatinine,0.87,mg/dL,0.6,1.3,N,Routine,2024-07-09 18:27,2024-07-09 18:43,2024-07-09 21:02
LAB713330,ENC105635,PT11987,WBC,White Blood Cell Count,7.7,K/uL,4.5,11,N,STAT,2024-07-09 17:49,2024-07-09 18:02,2024-07-09 18:34
LAB713331,ENC105635,PT11987,HGB,Hemoglobin,8.1,g/dL,12,17.5,L,Routine,2024-07-09 18:00,2024-07-09 18:24,2024-07-09 21:17
LAB713332,ENC105635,PT11987,LACT,Lactate,1.1,mmol/L,0.5,2,N,STAT,2024-07-09 18:49,2024-07-09 19:10,2024-07-09 20:54
LAB713333,ENC105635,PT11987,INR,Prothrombin Time INR,1,ratio,0.8,1.2,N,STAT,2024-07-09 17:48,2024-07-09 17:54,2024-07-09 19:48
LAB713334,ENC105636,PT10367,GLU,Glucose,95,mg/dL,70,99,N,STAT,2024-07-09 23:04,2024-07-09 23:16,2024-07-09 23:51
LAB713335,ENC105636,PT10367,CREAT,Creatinine,0.96,mg/dL,0.6,1.3,N,Routine,2024-07-09 22:43,2024-07-09 23:05,2024-07-10 01:42
LAB713336,ENC105636,PT10367,WBC,White Blood Cell Count,5,K/uL,4.5,11,N,STAT,2024-07-09 23:44,2024-07-10 00:11,2024-07-10 01:06
LAB713337,ENC105636,PT10367,HGB,Hemoglobin,14.1,g/dL,12,17.5,N,STAT,2024-07-09 23:15,2024-07-09 23:28,2024-07-10 00:37
LAB713338,ENC105636,PT10367,NA,Sodium,137,mmol/L,136,145,N,STAT,2024-07-09 22:35,2024-07-09 22:50,2024-07-09 23:52
LAB713339,ENC105636,PT10367,K,Potassium,3.9,mmol/L,3.5,5.1,N,STAT,2024-07-09 23:42,2024-07-10 00:00,2024-07-10 01:19
LAB713340,ENC105638,PT10485,GLU,Glucose,88,mg/dL,70,99,N,STAT,2024-07-10 02:34,2024-07-10 02:51,2024-07-10 03:31
LAB713341,ENC105638,PT10485,CREAT,Creatinine,1.15,mg/dL,0.6,1.3,N,Routine,2024-07-10 02:32,2024-07-10 02:55,2024-07-10 05:01
LAB713342,ENC105638,PT10485,WBC,White Blood Cell Count,18.1,K/uL,4.5,11,H,Routine,2024-07-10 02:03,2024-07-10 02:38,2024-07-10 05:20
LAB713343,ENC105638,PT10485,HGB,Hemoglobin,14.5,g/dL,12,17.5,N,STAT,2024-07-10 02:02,2024-07-10 02:15,2024-07-10 02:59
LAB713344,ENC105638,PT10485,NA,Sodium,144,mmol/L,136,145,N,Routine,2024-07-10 02:02,2024-07-10 02:32,2024-07-10 04:10
LAB713345,ENC105638,PT10485,K,Potassium,4,mmol/L,3.5,5.1,N,STAT,2024-07-10 02:21,2024-07-10 02:34,2024-07-10 03:07
LAB713346,ENC105639,PT13335,GLU,Glucose,141,mg/dL,70,99,H,Routine,2024-07-09 23:20,2024-07-09 23:40,2024-07-10 01:20
LAB713347,ENC105639,PT13335,CREAT,Creatinine,1.34,mg/dL,0.6,1.3,H,Routine,2024-07-09 23:03,2024-07-09 23:26,2024-07-10 02:50
LAB713348,ENC105639,PT13335,WBC,White Blood Cell Count,11.3,K/uL,4.5,11,H,Routine,2024-07-09 23:32,2024-07-09 23:38,2024-07-10 03:08
LAB713349,ENC105639,PT13335,HGB,Hemoglobin,13,g/dL,12,17.5,N,STAT,2024-07-09 23:16,2024-07-09 23:28,2024-07-10 00:12
LAB713350,ENC105640,PT10031,GLU,Glucose,155,mg/dL,70,99,H,Routine,2024-07-10 07:14,2024-07-10 07:30,2024-07-10 11:01
LAB713351,ENC105640,PT10031,CREAT,Creatinine,0.43,mg/dL,0.6,1.3,L,STAT,2024-07-10 06:24,2024-07-10 06:34,2024-07-10 07:14
LAB713352,ENC105640,PT10031,WBC,White Blood Cell Count,20.5,K/uL,4.5,11,H,STAT,2024-07-10 06:54,2024-07-10 07:14,2024-07-10 08:29
LAB713353,ENC105640,PT10031,HGB,Hemoglobin,12.8,g/dL,12,17.5,N,STAT,2024-07-10 06:25,2024-07-10 06:51,2024-07-10 07:22
LAB713354,ENC105640,PT10031,NA,Sodium,142,mmol/L,136,145,N,STAT,2024-07-10 07:10,2024-07-10 07:22,2024-07-10 08:00
LAB713355,ENC105640,PT10031,K,Potassium,3.6,mmol/L,3.5,5.1,N,STAT,2024-07-10 06:39,2024-07-10 07:13,2024-07-10 09:23
LAB713356,ENC105640,PT10031,LACT,Lactate,2.7,mmol/L,0.5,2,H,STAT,2024-07-10 06:48,2024-07-10 06:59,2024-07-10 07:32
LAB713357,ENC105641,PT10697,GLU,Glucose,93,mg/dL,70,99,N,Routine,2024-07-10 08:00,2024-07-10 08:26,2024-07-10 09:57
LAB713358,ENC105641,PT10697,CREAT,Creatinine,1.01,mg/dL,0.6,1.3,N,Routine,2024-07-10 08:12,2024-07-10 08:34,2024-07-10 14:18
LAB713359,ENC105641,PT10697,TROP,"Troponin I, High Sensitivity",5,ng/L,0,34,N,STAT,2024-07-10 08:04,2024-07-10 08:35,2024-07-10 10:01
LAB713360,ENC105644,PT12471,LDL,LDL Cholesterol,122,mg/dL,0,99,H,Routine,2024-07-10 09:24,2024-07-10 09:49,2024-07-10 21:49
LAB713361,ENC105644,PT12471,A1C,Hemoglobin A1c,5.1,%,4,5.6,N,Routine,2024-07-10 09:35,2024-07-10 10:08,2024-07-10 21:33
LAB713362,ENC105647,PT13094,A1C,Hemoglobin A1c,7.6,%,4,5.6,H,Routine,2024-07-10 09:58,2024-07-10 10:33,2024-07-10 20:09
LAB713363,ENC105649,PT12132,WBC,White Blood Cell Count,5.3,K/uL,4.5,11,N,Routine,2024-07-10 10:30,2024-07-10 10:44,2024-07-10 14:21
LAB713364,ENC105649,PT12132,HGB,Hemoglobin,13.5,g/dL,12,17.5,N,Routine,2024-07-10 10:09,2024-07-10 10:14,2024-07-10 11:56
LAB713365,ENC105649,PT12132,PLT,Platelet Count,209,K/uL,150,400,N,Routine,2024-07-10 10:23,2024-07-10 10:44,2024-07-10 12:37
LAB713366,ENC105654,PT12693,GLU,Glucose,110,mg/dL,70,99,H,STAT,2024-07-10 12:24,2024-07-10 12:50,2024-07-10 13:32
LAB713367,ENC105654,PT12693,CREAT,Creatinine,1.25,mg/dL,0.6,1.3,N,Routine,2024-07-10 12:04,2024-07-10 12:29,2024-07-10 14:07
LAB713368,ENC105655,PT10251,GLU,Glucose,73,mg/dL,70,99,N,STAT,2024-07-10 11:53,2024-07-10 12:18,2024-07-10 12:59
LAB713369,ENC105655,PT10251,CREAT,Creatinine,1.89,mg/dL,0.6,1.3,H,STAT,2024-07-10 12:27,2024-07-10 12:50,2024-07-10 13:48
LAB713370,ENC105655,PT10251,WBC,White Blood Cell Count,17.1,K/uL,4.5,11,H,Routine,2024-07-10 12:01,2024-07-10 12:06,2024-07-10 19:12
LAB713371,ENC105655,PT10251,HGB,Hemoglobin,13.9,g/dL,12,17.5,N,STAT,2024-07-10 12:50,2024-07-10 13:11,2024-07-10 13:50
LAB713372,ENC105655,PT10251,LACT,Lactate,1.7,mmol/L,0.5,2,N,STAT,2024-07-10 11:51,2024-07-10 12:10,2024-07-10 12:49
LAB713373,ENC105656,PT10733,LDL,LDL Cholesterol,139,mg/dL,0,99,H,Routine,2024-07-10 12:05,2024-07-10 12:09,2024-07-11 12:48
LAB713374,ENC105656,PT10733,A1C,Hemoglobin A1c,5.6,%,4,5.6,N,Routine,2024-07-10 12:00,2024-07-10 12:16,2024-07-12 10:52
LAB713375,ENC105657,PT12535,GLU,Glucose,208,mg/dL,70,99,H,Routine,2024-07-10 12:55,2024-07-10 13:29,2024-07-10 15:59
LAB713376,ENC105657,PT12535,CREAT,Creatinine,1.29,mg/dL,0.6,1.3,N,STAT,2024-07-10 12:52,2024-07-10 13:11,2024-07-10 14:16
LAB713377,ENC105657,PT12535,WBC,White Blood Cell Count,5,K/uL,4.5,11,N,STAT,2024-07-10 12:47,2024-07-10 12:56,2024-07-10 13:37
LAB713378,ENC105659,PT10806,GLU,Glucose,74,mg/dL,70,99,N,STAT,2024-07-10 12:58,2024-07-10 13:18,2024-07-10 14:10
LAB713379,ENC105659,PT10806,CREAT,Creatinine,0.4,mg/dL,0.6,1.3,L,STAT,2024-07-10 13:23,2024-07-10 13:54,2024-07-10 14:50
LAB713380,ENC105659,PT10806,WBC,White Blood Cell Count,4.4,K/uL,4.5,11,L,Routine,2024-07-10 13:19,2024-07-10 13:43,2024-07-10 15:49
LAB713381,ENC105665,PT12280,GLU,Glucose,163,mg/dL,70,99,H,Routine,2024-07-10 15:48,2024-07-10 16:18,2024-07-10 18:38
LAB713382,ENC105665,PT12280,CREAT,Creatinine,0.84,mg/dL,0.6,1.3,N,Routine,2024-07-10 16:06,2024-07-10 16:26,2024-07-10 17:33
LAB713383,ENC105665,PT12280,WBC,White Blood Cell Count,5.4,K/uL,4.5,11,N,Routine,2024-07-10 16:02,2024-07-10 16:10,2024-07-10 23:44
LAB713384,ENC105666,PT12184,GLU,Glucose,99,mg/dL,70,99,N,STAT,2024-07-10 19:12,2024-07-10 19:32,2024-07-10 20:49
LAB713385,ENC105666,PT12184,CREAT,Creatinine,0.96,mg/dL,0.6,1.3,N,STAT,2024-07-10 19:40,2024-07-10 19:47,2024-07-10 20:13
LAB713386,ENC105666,PT12184,WBC,White Blood Cell Count,10.9,K/uL,4.5,11,N,STAT,2024-07-10 19:58,2024-07-10 20:17,2024-07-10 20:47
LAB713387,ENC105666,PT12184,HGB,Hemoglobin,15.4,g/dL,12,17.5,N,Routine,2024-07-10 19:37,2024-07-10 19:54,2024-07-10 22:20
LAB713388,ENC105666,PT12184,NA,Sodium,138,mmol/L,136,145,N,STAT,2024-07-10 19:04,2024-07-10 19:28,2024-07-10 19:56
LAB713389,ENC105666,PT12184,K,Potassium,4.4,mmol/L,3.5,5.1,N,STAT,2024-07-10 19:38,2024-07-10 20:10,2024-07-10 20:49
LAB713390,ENC105666,PT12184,BUN,Blood Urea Nitrogen,15,mg/dL,7,20,N,STAT,2024-07-10 19:18,2024-07-10 19:39,2024-07-10 20:16
LAB713391,ENC105666,PT12184,PLT,Platelet Count,210,K/uL,150,400,N,STAT,2024-07-10 19:57,2024-07-10 20:11,2024-07-10 21:08
LAB713392,ENC105667,PT11029,GLU,Glucose,97,mg/dL,70,99,N,Routine,2024-07-10 18:33,2024-07-10 18:49,2024-07-10 20:24
LAB713393,ENC105667,PT11029,CREAT,Creatinine,1.1,mg/dL,0.6,1.3,N,STAT,2024-07-10 18:32,2024-07-10 18:52,2024-07-10 20:37
LAB713394,ENC105667,PT11029,WBC,White Blood Cell Count,6.3,K/uL,4.5,11,N,STAT,2024-07-10 18:21,2024-07-10 18:39,2024-07-10 19:04
LAB713395,ENC105667,PT11029,HGB,Hemoglobin,14.2,g/dL,12,17.5,N,STAT,2024-07-10 19:12,2024-07-10 19:39,2024-07-10 20:23
LAB713396,ENC105667,PT11029,NA,Sodium,139,mmol/L,136,145,N,Routine,2024-07-10 18:08,2024-07-10 18:43,2024-07-10 20:51
LAB713397,ENC105667,PT11029,K,Potassium,4.4,mmol/L,3.5,5.1,N,STAT,2024-07-10 18:42,2024-07-10 19:07,2024-07-10 20:00
LAB713398,ENC105668,PT11267,GLU,Glucose,74,mg/dL,70,99,N,Routine,2024-07-10 19:42,2024-07-10 19:55,2024-07-10 22:45
LAB713399,ENC105668,PT11267,CREAT,Creatinine,1.54,mg/dL,0.6,1.3,H,STAT,2024-07-10 18:52,2024-07-10 19:01,2024-07-10 19:22
LAB713400,ENC105668,PT11267,WBC,White Blood Cell Count,16.8,K/uL,4.5,11,H,STAT,2024-07-10 19:28,2024-07-10 19:36,2024-07-10 20:20
LAB713401,ENC105668,PT11267,HGB,Hemoglobin,12.7,g/dL,12,17.5,N,Routine,2024-07-10 19:14,2024-07-10 19:49,2024-07-10 21:54
LAB713402,ENC105670,PT11730,GLU,Glucose,161,mg/dL,70,99,H,STAT,2024-07-11 00:14,2024-07-11 00:20,2024-07-11 01:24
LAB713403,ENC105670,PT11730,CREAT,Creatinine,0.92,mg/dL,0.6,1.3,N,STAT,2024-07-11 00:24,2024-07-11 00:43,2024-07-11 01:22
LAB713404,ENC105670,PT11730,WBC,White Blood Cell Count,13.4,K/uL,4.5,11,H,Routine,2024-07-11 00:41,2024-07-11 01:01,2024-07-11 08:11
LAB713405,ENC105670,PT11730,HGB,Hemoglobin,14.9,g/dL,12,17.5,N,Routine,2024-07-10 23:56,2024-07-11 00:06,2024-07-11 04:46
LAB713406,ENC105670,PT11730,NA,Sodium,139,mmol/L,136,145,N,STAT,2024-07-11 00:21,2024-07-11 00:43,2024-07-11 01:32
LAB713407,ENC105670,PT11730,K,Potassium,4,mmol/L,3.5,5.1,N,STAT,2024-07-10 23:39,2024-07-10 23:50,2024-07-11 00:19
LAB713408,ENC105672,PT10932,GLU,Glucose,93,mg/dL,70,99,N,STAT,2024-07-11 01:54,2024-07-11 02:11,2024-07-11 03:23
LAB713409,ENC105672,PT10932,CREAT,Creatinine,0.97,mg/dL,0.6,1.3,N,Routine,2024-07-11 01:53,2024-07-11 02:26,2024-07-11 07:27
LAB713410,ENC105672,PT10932,WBC,White Blood Cell Count,9.6,K/uL,4.5,11,N,STAT,2024-07-11 01:02,2024-07-11 01:24,2024-07-11 02:29
LAB713411,ENC105672,PT10932,HGB,Hemoglobin,12.4,g/dL,12,17.5,N,STAT,2024-07-11 01:25,2024-07-11 01:48,2024-07-11 02:28
LAB713412,ENC105673,PT10601,GLU,Glucose,207,mg/dL,70,99,H,STAT,2024-07-11 02:30,2024-07-11 03:04,2024-07-11 03:39
LAB713413,ENC105673,PT10601,CREAT,Creatinine,1.87,mg/dL,0.6,1.3,H,STAT,2024-07-11 02:30,2024-07-11 02:52,2024-07-11 03:46
LAB713414,ENC105673,PT10601,WBC,White Blood Cell Count,20.7,K/uL,4.5,11,H,Routine,2024-07-11 02:37,2024-07-11 02:57,2024-07-11 04:22
LAB713415,ENC105673,PT10601,HGB,Hemoglobin,13.3,g/dL,12,17.5,N,Routine,2024-07-11 01:59,2024-07-11 02:16,2024-07-11 08:45
LAB713416,ENC105673,PT10601,BUN,Blood Urea Nitrogen,16,mg/dL,7,20,N,STAT,2024-07-11 02:26,2024-07-11 02:50,2024-07-11 03:12
LAB713417,ENC105673,PT10601,PLT,Platelet Count,246,K/uL,150,400,N,STAT,2024-07-11 02:27,2024-07-11 02:50,2024-07-11 04:02
LAB713418,ENC105673,PT10601,LACT,Lactate,1.6,mmol/L,0.5,2,N,STAT,2024-07-11 02:01,2024-07-11 02:27,2024-07-11 03:00
LAB713419,ENC105674,PT12108,GLU,Glucose,103,mg/dL,70,99,H,STAT,2024-07-11 06:23,2024-07-11 06:47,2024-07-11 07:22
LAB713420,ENC105674,PT12108,CREAT,Creatinine,1.04,mg/dL,0.6,1.3,N,STAT,2024-07-11 06:30,2024-07-11 06:46,2024-07-11 07:35
LAB713421,ENC105674,PT12108,WBC,White Blood Cell Count,7.4,K/uL,4.5,11,N,STAT,2024-07-11 07:01,2024-07-11 07:17,2024-07-11 08:39
LAB713422,ENC105674,PT12108,HGB,Hemoglobin,15,g/dL,12,17.5,N,STAT,2024-07-11 07:07,2024-07-11 07:31,2024-07-11 08:00
LAB713423,ENC105675,PT13775,GLU,Glucose,112,mg/dL,70,99,H,Routine,2024-07-11 10:22,2024-07-11 10:35,2024-07-11 13:15
LAB713424,ENC105675,PT13775,CREAT,Creatinine,0.7,mg/dL,0.6,1.3,N,STAT,2024-07-11 10:26,2024-07-11 10:32,2024-07-11 11:01
LAB713425,ENC105675,PT13775,WBC,White Blood Cell Count,8.1,K/uL,4.5,11,N,STAT,2024-07-11 09:45,2024-07-11 09:53,2024-07-11 10:18
LAB713426,ENC105675,PT13775,HGB,Hemoglobin,11.2,g/dL,12,17.5,L,STAT,2024-07-11 10:27,2024-07-11 10:47,2024-07-11 11:51
LAB713427,ENC105675,PT13775,NA,Sodium,129,mmol/L,136,145,L,STAT,2024-07-11 10:40,2024-07-11 11:00,2024-07-11 11:22
LAB713428,ENC105675,PT13775,K,Potassium,3.8,mmol/L,3.5,5.1,N,STAT,2024-07-11 10:38,2024-07-11 11:02,2024-07-11 11:59
LAB713429,ENC105676,PT13454,GLU,Glucose,259,mg/dL,70,99,H,STAT,2024-07-11 08:40,2024-07-11 09:15,2024-07-11 10:03
LAB713430,ENC105676,PT13454,CREAT,Creatinine,0.74,mg/dL,0.6,1.3,N,STAT,2024-07-11 08:46,2024-07-11 09:03,2024-07-11 09:55
LAB713431,ENC105679,PT11666,GLU,Glucose,124,mg/dL,70,99,H,Routine,2024-07-11 10:58,2024-07-11 11:15,2024-07-11 13:13
LAB713432,ENC105679,PT11666,CREAT,Creatinine,0.82,mg/dL,0.6,1.3,N,Routine,2024-07-11 11:09,2024-07-11 11:17,2024-07-11 13:31
LAB713433,ENC105679,PT11666,WBC,White Blood Cell Count,10.1,K/uL,4.5,11,N,STAT,2024-07-11 11:16,2024-07-11 11:38,2024-07-11 12:37
LAB713434,ENC105679,PT11666,HGB,Hemoglobin,11.9,g/dL,12,17.5,L,Routine,2024-07-11 11:55,2024-07-11 12:28,2024-07-11 14:36
LAB713435,ENC105680,PT13655,LDL,LDL Cholesterol,152,mg/dL,0,99,H,Routine,2024-07-11 10:13,2024-07-11 10:21,2024-07-12 06:47
LAB713436,ENC105680,PT13655,A1C,Hemoglobin A1c,6.2,%,4,5.6,H,Routine,2024-07-11 09:54,2024-07-11 10:04,2024-07-12 03:40
LAB713437,ENC105682,PT11577,WBC,White Blood Cell Count,7,K/uL,4.5,11,N,Routine,2024-07-11 11:34,2024-07-11 11:43,2024-07-11 15:12
LAB713438,ENC105682,PT11577,HGB,Hemoglobin,14.4,g/dL,12,17.5,N,Routine,2024-07-11 11:25,2024-07-11 11:57,2024-07-11 15:48
LAB713439,ENC105682,PT11577,PLT,Platelet Count,215,K/uL,150,400,N,Routine,2024-07-11 11:29,2024-07-11 11:42,2024-07-11 22:27
LAB713440,ENC105683,PT12599,TROP,"Troponin I, High Sensitivity",7,ng/L,0,34,N,STAT,2024-07-11 12:31,2024-07-11 12:48,2024-07-11 13:23
LAB713441,ENC105684,PT12144,GLU,Glucose,88,mg/dL,70,99,N,STAT,2024-07-11 16:03,2024-07-11 16:26,2024-07-11 17:23
LAB713442,ENC105684,PT12144,CREAT,Creatinine,1.95,mg/dL,0.6,1.3,H,STAT,2024-07-11 15:47,2024-07-11 15:53,2024-07-11 16:59
LAB713443,ENC105684,PT12144,WBC,White Blood Cell Count,9,K/uL,4.5,11,N,STAT,2024-07-11 16:17,2024-07-11 16:48,2024-07-11 17:19
LAB713444,ENC105684,PT12144,HGB,Hemoglobin,9.9,g/dL,12,17.5,L,Routine,2024-07-11 16:38,2024-07-11 17:06,2024-07-11 22:47
LAB713445,ENC105685,PT11610,GLU,Glucose,100,mg/dL,70,99,H,STAT,2024-07-11 12:39,2024-07-11 12:50,2024-07-11 13:35
LAB713446,ENC105685,PT11610,CREAT,Creatinine,1.35,mg/dL,0.6,1.3,H,STAT,2024-07-11 12:49,2024-07-11 13:13,2024-07-11 13:41
LAB713447,ENC105685,PT11610,WBC,White Blood Cell Count,5.5,K/uL,4.5,11,N,STAT,2024-07-11 12:40,2024-07-11 13:10,2024-07-11 14:33
LAB713448,ENC105685,PT11610,TROP,"Troponin I, High Sensitivity",6,ng/L,0,34,N,STAT,2024-07-11 13:09,2024-07-11 13:43,2024-07-11 14:19
LAB713449,ENC105686,PT11329,A1C,Hemoglobin A1c,7.4,%,4,5.6,H,Routine,2024-07-11 13:35,2024-07-11 13:41,2024-07-12 00:43
LAB713450,ENC105687,PT11108,LDL,LDL Cholesterol,168,mg/dL,0,99,H,Routine,2024-07-11 14:07,2024-07-11 14:27,2024-07-12 06:12
LAB713451,ENC105687,PT11108,A1C,Hemoglobin A1c,7.8,%,4,5.6,H,Routine,2024-07-11 14:16,2024-07-11 14:39,2024-07-12 01:21
LAB713452,ENC105690,PT10386,GLU,Glucose,112,mg/dL,70,99,H,STAT,2024-07-11 15:04,2024-07-11 15:33,2024-07-11 16:28
LAB713453,ENC105690,PT10386,CREAT,Creatinine,0.41,mg/dL,0.6,1.3,L,STAT,2024-07-11 14:56,2024-07-11 15:20,2024-07-11 15:57
LAB713454,ENC105690,PT10386,WBC,White Blood Cell Count,7.2,K/uL,4.5,11,N,Routine,2024-07-11 14:55,2024-07-11 15:26,2024-07-11 17:34
LAB713455,ENC105690,PT10386,HGB,Hemoglobin,13.9,g/dL,12,17.5,N,STAT,2024-07-11 15:28,2024-07-11 15:54,2024-07-11 17:00
LAB713456,ENC105691,PT13580,GLU,Glucose,115,mg/dL,70,99,H,STAT,2024-07-11 20:14,2024-07-11 20:44,2024-07-11 21:20
LAB713457,ENC105691,PT13580,CREAT,Creatinine,1.2,mg/dL,0.6,1.3,N,STAT,2024-07-11 20:30,2024-07-11 20:46,2024-07-11 21:39
LAB713458,ENC105691,PT13580,WBC,White Blood Cell Count,9.8,K/uL,4.5,11,N,STAT,2024-07-11 19:38,2024-07-11 19:42,2024-07-11 20:21
LAB713459,ENC105691,PT13580,HGB,Hemoglobin,15,g/dL,12,17.5,N,STAT,2024-07-11 19:28,2024-07-11 19:45,2024-07-11 21:22
LAB713460,ENC105691,PT13580,INR,Prothrombin Time INR,1,ratio,0.8,1.2,N,STAT,2024-07-11 19:22,2024-07-11 19:40,2024-07-11 20:07
LAB713461,ENC105693,PT12526,GLU,Glucose,237,mg/dL,70,99,H,STAT,2024-07-11 23:12,2024-07-11 23:29,2024-07-12 00:03
LAB713462,ENC105693,PT12526,CREAT,Creatinine,0.73,mg/dL,0.6,1.3,N,Routine,2024-07-11 22:21,2024-07-11 22:54,2024-07-12 08:15
LAB713463,ENC105693,PT12526,WBC,White Blood Cell Count,9.4,K/uL,4.5,11,N,STAT,2024-07-11 22:34,2024-07-11 23:05,2024-07-11 23:40
LAB713464,ENC105693,PT12526,HGB,Hemoglobin,12.2,g/dL,12,17.5,N,Routine,2024-07-11 22:58,2024-07-11 23:26,2024-07-12 01:41
LAB713465,ENC105694,PT10957,GLU,Glucose,153,mg/dL,70,99,H,STAT,2024-07-11 22:33,2024-07-11 23:04,2024-07-12 00:08
LAB713466,ENC105694,PT10957,CREAT,Creatinine,0.97,mg/dL,0.6,1.3,N,STAT,2024-07-11 22:08,2024-07-11 22:37,2024-07-11 23:49
LAB713467,ENC105694,PT10957,WBC,White Blood Cell Count,14.7,K/uL,4.5,11,H,STAT,2024-07-11 22:28,2024-07-11 22:34,2024-07-11 23:15
LAB713468,ENC105694,PT10957,HGB,Hemoglobin,12.7,g/dL,12,17.5,N,STAT,2024-07-11 22:51,2024-07-11 23:14,2024-07-12 00:13
LAB713469,ENC105694,PT10957,LACT,Lactate,3.5,mmol/L,0.5,2,H,STAT,2024-07-11 21:59,2024-07-11 22:03,2024-07-11 22:32
LAB713470,ENC105695,PT12969,GLU,Glucose,77,mg/dL,70,99,N,STAT,2024-07-12 00:01,2024-07-12 00:31,2024-07-12 00:59
LAB713471,ENC105695,PT12969,CREAT,Creatinine,1.2,mg/dL,0.6,1.3,N,Routine,2024-07-11 23:15,2024-07-11 23:39,2024-07-12 02:08
LAB713472,ENC105695,PT12969,WBC,White Blood Cell Count,9.9,K/uL,4.5,11,N,STAT,2024-07-11 23:52,2024-07-12 00:07,2024-07-12 01:08
LAB713473,ENC105695,PT12969,HGB,Hemoglobin,13.6,g/dL,12,17.5,N,Routine,2024-07-11 23:46,2024-07-11 23:54,2024-07-12 04:00
LAB713474,ENC105696,PT10902,GLU,Glucose,114,mg/dL,70,99,H,Routine,2024-07-12 02:30,2024-07-12 02:38,2024-07-12 10:13
LAB713475,ENC105696,PT10902,CREAT,Creatinine,0.7,mg/dL,0.6,1.3,N,STAT,2024-07-12 01:56,2024-07-12 02:13,2024-07-12 03:18
LAB713476,ENC105696,PT10902,WBC,White Blood Cell Count,4.4,K/uL,4.5,11,L,Routine,2024-07-12 02:04,2024-07-12 02:35,2024-07-12 06:23
LAB713477,ENC105696,PT10902,HGB,Hemoglobin,9.2,g/dL,12,17.5,L,STAT,2024-07-12 01:50,2024-07-12 02:20,2024-07-12 03:26
LAB713478,ENC105698,PT12990,GLU,Glucose,80,mg/dL,70,99,N,Routine,2024-07-12 07:04,2024-07-12 07:12,2024-07-12 12:25
LAB713479,ENC105698,PT12990,CREAT,Creatinine,0.85,mg/dL,0.6,1.3,N,STAT,2024-07-12 07:25,2024-07-12 07:41,2024-07-12 08:17
LAB713480,ENC105698,PT12990,WBC,White Blood Cell Count,6.5,K/uL,4.5,11,N,STAT,2024-07-12 07:32,2024-07-12 07:56,2024-07-12 09:17
LAB713481,ENC105698,PT12990,HGB,Hemoglobin,12.6,g/dL,12,17.5,N,STAT,2024-07-12 06:47,2024-07-12 07:12,2024-07-12 08:25
LAB713482,ENC105699,PT12023,GLU,Glucose,179,mg/dL,70,99,H,Routine,2024-07-12 08:02,2024-07-12 08:07,2024-07-12 10:14
LAB713483,ENC105699,PT12023,CREAT,Creatinine,1,mg/dL,0.6,1.3,N,STAT,2024-07-12 08:28,2024-07-12 08:55,2024-07-12 09:28
LAB713484,ENC105699,PT12023,WBC,White Blood Cell Count,5.6,K/uL,4.5,11,N,Routine,2024-07-12 07:34,2024-07-12 07:52,2024-07-12 09:39
LAB713485,ENC105699,PT12023,HGB,Hemoglobin,15.1,g/dL,12,17.5,N,Routine,2024-07-12 07:35,2024-07-12 07:44,2024-07-12 09:42
LAB713486,ENC105699,PT12023,TROP,"Troponin I, High Sensitivity",46,ng/L,0,34,H,STAT,2024-07-12 08:24,2024-07-12 08:41,2024-07-12 09:18
LAB713487,ENC105699,PT12023,BNP,B-Type Natriuretic Peptide,2328,pg/mL,0,100,H,STAT,2024-07-12 07:44,2024-07-12 08:03,2024-07-12 08:47
LAB713488,ENC105700,PT10821,GLU,Glucose,109,mg/dL,70,99,H,Routine,2024-07-12 11:46,2024-07-12 11:52,2024-07-12 13:17
LAB713489,ENC105700,PT10821,CREAT,Creatinine,1.01,mg/dL,0.6,1.3,N,Routine,2024-07-12 11:01,2024-07-12 11:24,2024-07-12 14:03
LAB713490,ENC105700,PT10821,WBC,White Blood Cell Count,7.5,K/uL,4.5,11,N,Routine,2024-07-12 11:26,2024-07-12 11:37,2024-07-12 15:45
LAB713491,ENC105700,PT10821,HGB,Hemoglobin,12.7,g/dL,12,17.5,N,Routine,2024-07-12 11:22,2024-07-12 11:53,2024-07-12 20:34
LAB713492,ENC105700,PT10821,NA,Sodium,138,mmol/L,136,145,N,Routine,2024-07-12 11:11,2024-07-12 11:38,2024-07-12 13:21
LAB713493,ENC105700,PT10821,K,Potassium,3.9,mmol/L,3.5,5.1,N,STAT,2024-07-12 11:47,2024-07-12 12:17,2024-07-12 13:22
LAB713494,ENC105702,PT12019,GLU,Glucose,158,mg/dL,70,99,H,STAT,2024-07-12 08:34,2024-07-12 08:44,2024-07-12 09:19
LAB713495,ENC105702,PT12019,CREAT,Creatinine,1.13,mg/dL,0.6,1.3,N,STAT,2024-07-12 09:08,2024-07-12 09:37,2024-07-12 10:22
LAB713496,ENC105705,PT13290,LDL,LDL Cholesterol,97,mg/dL,0,99,N,Routine,2024-07-12 10:45,2024-07-12 11:07,2024-07-13 13:09
LAB713497,ENC105706,PT10958,GLU,Glucose,177,mg/dL,70,99,H,STAT,2024-07-12 13:40,2024-07-12 14:14,2024-07-12 15:00
LAB713498,ENC105706,PT10958,CREAT,Creatinine,0.99,mg/dL,0.6,1.3,N,Routine,2024-07-12 13:57,2024-07-12 14:31,2024-07-12 17:18
LAB713499,ENC105706,PT10958,WBC,White Blood Cell Count,6.8,K/uL,4.5,11,N,Routine,2024-07-12 13:18,2024-07-12 13:42,2024-07-12 15:40
LAB713500,ENC105706,PT10958,HGB,Hemoglobin,15.7,g/dL,12,17.5,N,STAT,2024-07-12 13:58,2024-07-12 14:17,2024-07-12 15:29
LAB713501,ENC105706,PT10958,NA,Sodium,142,mmol/L,136,145,N,STAT,2024-07-12 12:55,2024-07-12 13:10,2024-07-12 13:43
LAB713502,ENC105706,PT10958,K,Potassium,3.9,mmol/L,3.5,5.1,N,STAT,2024-07-12 13:03,2024-07-12 13:34,2024-07-12 14:36
LAB713503,ENC105706,PT10958,A1C,Hemoglobin A1c,11.4,%,4,5.6,H,Routine,2024-07-12 13:12,2024-07-12 13:28,2024-07-13 07:42
LAB713504,ENC105707,PT13131,GLU,Glucose,162,mg/dL,70,99,H,Routine,2024-07-12 13:46,2024-07-12 14:06,2024-07-12 17:24
LAB713505,ENC105707,PT13131,CREAT,Creatinine,0.78,mg/dL,0.6,1.3,N,STAT,2024-07-12 14:43,2024-07-12 14:56,2024-07-12 15:19
LAB713506,ENC105707,PT13131,WBC,White Blood Cell Count,8.6,K/uL,4.5,11,N,STAT,2024-07-12 13:39,2024-07-12 13:43,2024-07-12 14:40
LAB713507,ENC105707,PT13131,HGB,Hemoglobin,14.2,g/dL,12,17.5,N,STAT,2024-07-12 14:23,2024-07-12 14:30,2024-07-12 14:57
LAB713508,ENC105707,PT13131,NA,Sodium,143,mmol/L,136,145,N,STAT,2024-07-12 13:49,2024-07-12 14:00,2024-07-12 14:43
LAB713509,ENC105707,PT13131,K,Potassium,4,mmol/L,3.5,5.1,N,STAT,2024-07-12 14:14,2024-07-12 14:40,2024-07-12 15:24
LAB713510,ENC105707,PT13131,TROP,"Troponin I, High Sensitivity",4,ng/L,0,34,N,STAT,2024-07-12 13:48,2024-07-12 14:17,2024-07-12 15:27
LAB713511,ENC105708,PT10786,WBC,White Blood Cell Count,7,K/uL,4.5,11,N,Routine,2024-07-12 10:54,2024-07-12 11:22,2024-07-12 16:15
LAB713512,ENC105708,PT10786,HGB,Hemoglobin,15,g/dL,12,17.5,N,Routine,2024-07-12 11:03,2024-07-12 11:22,2024-07-12 16:28
LAB713513,ENC105708,PT10786,PLT,Platelet Count,198,K/uL,150,400,N,Routine,2024-07-12 11:12,2024-07-12 11:33,2024-07-12 12:24
LAB713514,ENC105709,PT10111,GLU,Glucose,138,mg/dL,70,99,H,Routine,2024-07-12 15:11,2024-07-12 15:43,2024-07-12 18:01
LAB713515,ENC105709,PT10111,CREAT,Creatinine,0.47,mg/dL,0.6,1.3,L,Routine,2024-07-12 15:07,2024-07-12 15:25,2024-07-12 23:02
LAB713516,ENC105709,PT10111,WBC,White Blood Cell Count,13.7,K/uL,4.5,11,H,Routine,2024-07-12 14:47,2024-07-12 15:06,2024-07-12 19:28
LAB713517,ENC105709,PT10111,HGB,Hemoglobin,11.8,g/dL,12,17.5,L,STAT,2024-07-12 15:32,2024-07-12 15:44,2024-07-12 16:25
LAB713518,ENC105714,PT12361,A1C,Hemoglobin A1c,5.6,%,4,5.6,N,Routine,2024-07-12 13:40,2024-07-12 14:02,2024-07-12 22:29
LAB713519,ENC105715,PT10461,LDL,LDL Cholesterol,122,mg/dL,0,99,H,Routine,2024-07-12 13:28,2024-07-12 13:47,2024-07-13 00:37
LAB713520,ENC105718,PT11959,LDL,LDL Cholesterol,95,mg/dL,0,99,N,Routine,2024-07-12 15:03,2024-07-12 15:26,2024-07-12 22:38
LAB713521,ENC105718,PT11959,A1C,Hemoglobin A1c,5.3,%,4,5.6,N,Routine,2024-07-12 15:14,2024-07-12 15:42,2024-07-13 08:50
LAB713522,ENC105722,PT13285,GLU,Glucose,176,mg/dL,70,99,H,STAT,2024-07-12 18:35,2024-07-12 19:10,2024-07-12 20:07
LAB713523,ENC105722,PT13285,CREAT,Creatinine,0.97,mg/dL,0.6,1.3,N,Routine,2024-07-12 19:13,2024-07-12 19:22,2024-07-12 22:40
LAB713524,ENC105722,PT13285,WBC,White Blood Cell Count,13.8,K/uL,4.5,11,H,STAT,2024-07-12 18:44,2024-07-12 18:58,2024-07-12 19:26
LAB713525,ENC105722,PT13285,HGB,Hemoglobin,14.8,g/dL,12,17.5,N,Routine,2024-07-12 18:26,2024-07-12 18:44,2024-07-13 03:07
LAB713526,ENC105722,PT13285,BUN,Blood Urea Nitrogen,9,mg/dL,7,20,N,Routine,2024-07-12 18:30,2024-07-12 18:44,2024-07-12 23:13
LAB713527,ENC105722,PT13285,PLT,Platelet Count,304,K/uL,150,400,N,STAT,2024-07-12 19:19,2024-07-12 19:27,2024-07-12 20:13
LAB713528,ENC105724,PT10266,GLU,Glucose,90,mg/dL,70,99,N,STAT,2024-07-12 16:36,2024-07-12 16:45,2024-07-12 17:29
LAB713529,ENC105724,PT10266,CREAT,Creatinine,0.99,mg/dL,0.6,1.3,N,STAT,2024-07-12 16:54,2024-07-12 16:58,2024-07-12 18:31
LAB713530,ENC105724,PT10266,WBC,White Blood Cell Count,7.7,K/uL,4.5,11,N,STAT,2024-07-12 16:52,2024-07-12 17:14,2024-07-12 17:59
LAB713531,ENC105724,PT10266,HGB,Hemoglobin,13.3,g/dL,12,17.5,N,STAT,2024-07-12 17:28,2024-07-12 17:37,2024-07-12 18:50
LAB713532,ENC105724,PT10266,NA,Sodium,138,mmol/L,136,145,N,STAT,2024-07-12 16:41,2024-07-12 16:45,2024-07-12 17:04
LAB713533,ENC105724,PT10266,K,Potassium,4.4,mmol/L,3.5,5.1,N,STAT,2024-07-12 17:02,2024-07-12 17:34,2024-07-12 18:16
LAB713534,ENC105725,PT11762,GLU,Glucose,110,mg/dL,70,99,H,STAT,2024-07-12 16:40,2024-07-12 17:01,2024-07-12 18:11
LAB713535,ENC105725,PT11762,CREAT,Creatinine,0.58,mg/dL,0.6,1.3,L,STAT,2024-07-12 17:08,2024-07-12 17:18,2024-07-12 17:50
LAB713536,ENC105725,PT11762,WBC,White Blood Cell Count,10.6,K/uL,4.5,11,N,Routine,2024-07-12 17:20,2024-07-12 17:44,2024-07-12 20:18
LAB713537,ENC105725,PT11762,HGB,Hemoglobin,13.4,g/dL,12,17.5,N,STAT,2024-07-12 16:43,2024-07-12 16:47,2024-07-12 17:39
LAB713538,ENC105728,PT10676,GLU,Glucose,94,mg/dL,70,99,N,Routine,2024-07-12 18:15,2024-07-12 18:48,2024-07-12 23:56
LAB713539,ENC105728,PT10676,CREAT,Creatinine,0.9,mg/dL,0.6,1.3,N,STAT,2024-07-12 17:40,2024-07-12 17:50,2024-07-12 19:14
LAB713540,ENC105728,PT10676,WBC,White Blood Cell Count,5.7,K/uL,4.5,11,N,STAT,2024-07-12 17:37,2024-07-12 17:57,2024-07-12 19:44
LAB713541,ENC105728,PT10676,HGB,Hemoglobin,13.8,g/dL,12,17.5,N,Routine,2024-07-12 17:47,2024-07-12 17:55,2024-07-12 20:58
LAB713542,ENC105732,PT11192,GLU,Glucose,137,mg/dL,70,99,H,Routine,2024-07-12 23:34,2024-07-12 23:43,2024-07-13 01:09
LAB713543,ENC105732,PT11192,CREAT,Creatinine,1.06,mg/dL,0.6,1.3,N,Routine,2024-07-12 23:22,2024-07-12 23:37,2024-07-13 01:23
LAB713544,ENC105732,PT11192,WBC,White Blood Cell Count,0.2,K/uL,4.5,11,LL,Routine,2024-07-12 23:54,2024-07-13 00:01,2024-07-13 08:23
LAB713545,ENC105732,PT11192,HGB,Hemoglobin,16.2,g/dL,12,17.5,N,STAT,2024-07-12 23:37,2024-07-13 00:09,2024-07-13 01:17
LAB713546,ENC105733,PT12733,GLU,Glucose,102,mg/dL,70,99,H,STAT,2024-07-13 00:33,2024-07-13 00:39,2024-07-13 01:18
LAB713547,ENC105733,PT12733,CREAT,Creatinine,0.58,mg/dL,0.6,1.3,L,Routine,2024-07-13 00:34,2024-07-13 00:59,2024-07-13 05:32
LAB713548,ENC105733,PT12733,WBC,White Blood Cell Count,7.8,K/uL,4.5,11,N,STAT,2024-07-12 23:58,2024-07-13 00:27,2024-07-13 01:35
LAB713549,ENC105733,PT12733,HGB,Hemoglobin,17.7,g/dL,12,17.5,H,STAT,2024-07-13 00:16,2024-07-13 00:20,2024-07-13 00:55
LAB713550,ENC105734,PT10417,GLU,Glucose,98,mg/dL,70,99,N,STAT,2024-07-13 01:45,2024-07-13 02:15,2024-07-13 03:29
LAB713551,ENC105734,PT10417,CREAT,Creatinine,1.04,mg/dL,0.6,1.3,N,STAT,2024-07-13 02:01,2024-07-13 02:32,2024-07-13 03:56
LAB713552,ENC105735,PT12168,GLU,Glucose,100,mg/dL,70,99,H,STAT,2024-07-13 08:15,2024-07-13 08:23,2024-07-13 09:05
LAB713553,ENC105735,PT12168,CREAT,Creatinine,0.9,mg/dL,0.6,1.3,N,Routine,2024-07-13 08:05,2024-07-13 08:25,2024-07-13 11:03
LAB713554,ENC105735,PT12168,WBC,White Blood Cell Count,12.8,K/uL,4.5,11,H,Routine,2024-07-13 07:44,2024-07-13 07:59,2024-07-13 11:32
LAB713555,ENC105735,PT12168,HGB,Hemoglobin,12.8,g/dL,12,17.5,N,STAT,2024-07-13 08:13,2024-07-13 08:31,2024-07-13 09:25
LAB713556,ENC105736,PT12941,GLU,Glucose,113,mg/dL,70,99,H,STAT,2024-07-13 13:55,2024-07-13 14:05,2024-07-13 15:03
LAB713557,ENC105736,PT12941,CREAT,Creatinine,0.52,mg/dL,0.6,1.3,L,STAT,2024-07-13 13:43,2024-07-13 14:00,2024-07-13 14:29
LAB713558,ENC105737,PT12195,GLU,Glucose,90,mg/dL,70,99,N,STAT,2024-07-13 14:42,2024-07-13 15:01,2024-07-13 15:39
LAB713559,ENC105737,PT12195,CREAT,Creatinine,0.88,mg/dL,0.6,1.3,N,STAT,2024-07-13 15:01,2024-07-13 15:29,2024-07-13 16:02
LAB713560,ENC105737,PT12195,WBC,White Blood Cell Count,6.7,K/uL,4.5,11,N,STAT,2024-07-13 14:11,2024-07-13 14:17,2024-07-13 15:32
LAB713561,ENC105737,PT12195,HGB,Hemoglobin,12.6,g/dL,12,17.5,N,STAT,2024-07-13 14:02,2024-07-13 14:36,2024-07-13 15:11
LAB713562,ENC105738,PT12818,GLU,Glucose,75,mg/dL,70,99,N,Routine,2024-07-13 18:48,2024-07-13 19:08,2024-07-13 20:11
LAB713563,ENC105738,PT12818,CREAT,Creatinine,1.01,mg/dL,0.6,1.3,N,Routine,2024-07-13 19:18,2024-07-13 19:28,2024-07-13 22:55
LAB713564,ENC105738,PT12818,WBC,White Blood Cell Count,7.3,K/uL,4.5,11,N,STAT,2024-07-13 18:44,2024-07-13 19:15,2024-07-13 20:42
LAB713565,ENC105738,PT12818,HGB,Hemoglobin,10.9,g/dL,12,17.5,L,Routine,2024-07-13 19:08,2024-07-13 19:33,2024-07-14 01:13
LAB713566,ENC105738,PT12818,NA,Sodium,141,mmol/L,136,145,N,STAT,2024-07-13 18:22,2024-07-13 18:29,2024-07-13 19:42
LAB713567,ENC105738,PT12818,K,Potassium,3.8,mmol/L,3.5,5.1,N,STAT,2024-07-13 18:55,2024-07-13 19:06,2024-07-13 20:28
LAB713568,ENC105738,PT12818,INR,Prothrombin Time INR,1,ratio,0.8,1.2,N,STAT,2024-07-13 18:58,2024-07-13 19:04,2024-07-13 19:41
LAB713569,ENC105739,PT11230,GLU,Glucose,116,mg/dL,70,99,H,STAT,2024-07-13 19:19,2024-07-13 19:30,2024-07-13 20:18
LAB713570,ENC105739,PT11230,CREAT,Creatinine,0.7,mg/dL,0.6,1.3,N,STAT,2024-07-13 20:18,2024-07-13 20:27,2024-07-13 20:57
LAB713571,ENC105739,PT11230,WBC,White Blood Cell Count,7.2,K/uL,4.5,11,N,STAT,2024-07-13 19:21,2024-07-13 19:42,2024-07-13 20:15
LAB713572,ENC105739,PT11230,HGB,Hemoglobin,15.1,g/dL,12,17.5,N,Routine,2024-07-13 19:14,2024-07-13 19:30,2024-07-13 20:58
LAB713573,ENC105741,PT12369,GLU,Glucose,186,mg/dL,70,99,H,Routine,2024-07-13 18:04,2024-07-13 18:32,2024-07-13 21:28
LAB713574,ENC105741,PT12369,CREAT,Creatinine,1.1,mg/dL,0.6,1.3,N,Routine,2024-07-13 18:29,2024-07-13 18:33,2024-07-13 22:37
LAB713575,ENC105741,PT12369,WBC,White Blood Cell Count,8.1,K/uL,4.5,11,N,Routine,2024-07-13 18:34,2024-07-13 19:06,2024-07-13 20:49
LAB713576,ENC105741,PT12369,HGB,Hemoglobin,14.9,g/dL,12,17.5,N,STAT,2024-07-13 18:27,2024-07-13 19:00,2024-07-13 19:32
LAB713577,ENC105742,PT12390,GLU,Glucose,208,mg/dL,70,99,H,Routine,2024-07-13 18:40,2024-07-13 18:47,2024-07-13 21:49
LAB713578,ENC105742,PT12390,CREAT,Creatinine,0.67,mg/dL,0.6,1.3,N,Routine,2024-07-13 18:16,2024-07-13 18:49,2024-07-13 22:50
LAB713579,ENC105742,PT12390,WBC,White Blood Cell Count,9.9,K/uL,4.5,11,N,Routine,2024-07-13 18:20,2024-07-13 18:46,2024-07-13 22:34
LAB713580,ENC105742,PT12390,TROP,"Troponin I, High Sensitivity",8,ng/L,0,34,N,STAT,2024-07-13 17:44,2024-07-13 18:16,2024-07-13 18:55
LAB713581,ENC105743,PT10915,GLU,Glucose,280,mg/dL,70,99,H,STAT,2024-07-13 18:53,2024-07-13 18:58,2024-07-13 20:03
LAB713582,ENC105743,PT10915,CREAT,Creatinine,1.22,mg/dL,0.6,1.3,N,Routine,2024-07-13 18:33,2024-07-13 19:07,2024-07-13 21:40
LAB713583,ENC105743,PT10915,WBC,White Blood Cell Count,8.4,K/uL,4.5,11,N,STAT,2024-07-13 18:57,2024-07-13 19:28,2024-07-13 20:00
LAB713584,ENC105743,PT10915,A1C,Hemoglobin A1c,9.3,%,4,5.6,H,Routine,2024-07-13 18:12,2024-07-13 18:18,2024-07-14 09:48
LAB713585,ENC105744,PT13994,GLU,Glucose,94,mg/dL,70,99,N,STAT,2024-07-13 19:45,2024-07-13 20:03,2024-07-13 20:40
LAB713586,ENC105744,PT13994,CREAT,Creatinine,0.93,mg/dL,0.6,1.3,N,Routine,2024-07-13 19:27,2024-07-13 20:02,2024-07-14 01:05
LAB713587,ENC105744,PT13994,TROP,"Troponin I, High Sensitivity",40,ng/L,0,34,H,STAT,2024-07-13 19:56,2024-07-13 20:10,2024-07-13 20:45
LAB713588,ENC105744,PT13994,BNP,B-Type Natriuretic Peptide,766,pg/mL,0,100,H,Routine,2024-07-13 19:40,2024-07-13 19:52,2024-07-13 22:20
LAB713589,ENC105745,PT10210,GLU,Glucose,97,mg/dL,70,99,N,Routine,2024-07-13 20:12,2024-07-13 20:18,2024-07-13 21:35
LAB713590,ENC105745,PT10210,CREAT,Creatinine,1.09,mg/dL,0.6,1.3,N,STAT,2024-07-13 20:27,2024-07-13 21:02,2024-07-13 21:47
LAB713591,ENC105745,PT10210,WBC,White Blood Cell Count,8,K/uL,4.5,11,N,Routine,2024-07-13 20:06,2024-07-13 20:39,2024-07-14 01:19
LAB713592,ENC105745,PT10210,HGB,Hemoglobin,12.5,g/dL,12,17.5,N,Routine,2024-07-13 20:10,2024-07-13 20:44,2024-07-13 22:46
LAB713593,ENC105745,PT10210,LACT,Lactate,3.3,mmol/L,0.5,2,H,STAT,2024-07-13 20:09,2024-07-13 20:22,2024-07-13 20:56
LAB713594,ENC105747,PT11964,GLU,Glucose,119,mg/dL,70,99,H,Routine,2024-07-14 03:42,2024-07-14 03:48,2024-07-14 06:32
LAB713595,ENC105747,PT11964,CREAT,Creatinine,0.83,mg/dL,0.6,1.3,N,STAT,2024-07-14 04:04,2024-07-14 04:12,2024-07-14 05:10
LAB713596,ENC105747,PT11964,WBC,White Blood Cell Count,6.9,K/uL,4.5,11,N,STAT,2024-07-14 04:34,2024-07-14 04:40,2024-07-14 06:02
LAB713597,ENC105747,PT11964,HGB,Hemoglobin,12.3,g/dL,12,17.5,N,STAT,2024-07-14 03:40,2024-07-14 04:01,2024-07-14 04:47
LAB713598,ENC105747,PT11964,NA,Sodium,141,mmol/L,136,145,N,Routine,2024-07-14 03:38,2024-07-14 03:55,2024-07-14 06:09
LAB713599,ENC105747,PT11964,K,Potassium,4.9,mmol/L,3.5,5.1,N,STAT,2024-07-14 04:28,2024-07-14 04:41,2024-07-14 05:08
LAB713600,ENC105748,PT12838,GLU,Glucose,114,mg/dL,70,99,H,STAT,2024-07-14 07:19,2024-07-14 07:51,2024-07-14 08:44
LAB713601,ENC105748,PT12838,CREAT,Creatinine,0.67,mg/dL,0.6,1.3,N,Routine,2024-07-14 07:28,2024-07-14 07:51,2024-07-14 12:14
LAB713602,ENC105748,PT12838,WBC,White Blood Cell Count,10,K/uL,4.5,11,N,STAT,2024-07-14 07:46,2024-07-14 07:51,2024-07-14 08:33
LAB713603,ENC105748,PT12838,HGB,Hemoglobin,14.6,g/dL,12,17.5,N,STAT,2024-07-14 07:40,2024-07-14 07:55,2024-07-14 09:32
LAB713604,ENC105749,PT11616,GLU,Glucose,89,mg/dL,70,99,N,STAT,2024-07-14 10:05,2024-07-14 10:24,2024-07-14 10:48
LAB713605,ENC105749,PT11616,CREAT,Creatinine,1.94,mg/dL,0.6,1.3,H,STAT,2024-07-14 10:02,2024-07-14 10:24,2024-07-14 12:12
LAB713606,ENC105749,PT11616,WBC,White Blood Cell Count,10.8,K/uL,4.5,11,N,Routine,2024-07-14 10:59,2024-07-14 11:20,2024-07-14 12:36
LAB713607,ENC105749,PT11616,HGB,Hemoglobin,11.9,g/dL,12,17.5,L,STAT,2024-07-14 10:21,2024-07-14 10:27,2024-07-14 11:57
LAB713608,ENC105750,PT13006,GLU,Glucose,118,mg/dL,70,99,H,STAT,2024-07-14 13:00,2024-07-14 13:35,2024-07-14 14:00
LAB713609,ENC105750,PT13006,CREAT,Creatinine,1.16,mg/dL,0.6,1.3,N,STAT,2024-07-14 12:53,2024-07-14 13:03,2024-07-14 14:10
LAB713610,ENC105750,PT13006,WBC,White Blood Cell Count,8,K/uL,4.5,11,N,Routine,2024-07-14 12:47,2024-07-14 12:52,2024-07-14 16:02
LAB713611,ENC105750,PT13006,HGB,Hemoglobin,12.7,g/dL,12,17.5,N,STAT,2024-07-14 13:30,2024-07-14 14:00,2024-07-14 14:33
LAB713612,ENC105750,PT13006,NA,Sodium,139,mmol/L,136,145,N,STAT,2024-07-14 12:54,2024-07-14 13:15,2024-07-14 13:51
LAB713613,ENC105750,PT13006,K,Potassium,4.1,mmol/L,3.5,5.1,N,STAT,2024-07-14 13:30,2024-07-14 13:56,2024-07-14 15:09
LAB713614,ENC105750,PT13006,TROP,"Troponin I, High Sensitivity",9,ng/L,0,34,N,STAT,2024-07-14 13:21,2024-07-14 13:28,2024-07-14 14:09
LAB713615,ENC105751,PT13344,GLU,Glucose,180,mg/dL,70,99,H,STAT,2024-07-14 13:44,2024-07-14 13:49,2024-07-14 14:40
LAB713616,ENC105751,PT13344,CREAT,Creatinine,0.9,mg/dL,0.6,1.3,N,Routine,2024-07-14 13:35,2024-07-14 13:52,2024-07-14 18:15
LAB713617,ENC105751,PT13344,WBC,White Blood Cell Count,18.1,K/uL,4.5,11,H,STAT,2024-07-14 14:16,2024-07-14 14:42,2024-07-14 15:48
LAB713618,ENC105751,PT13344,HGB,Hemoglobin,15.7,g/dL,12,17.5,N,STAT,2024-07-14 14:09,2024-07-14 14:29,2024-07-14 15:09
LAB713619,ENC105752,PT13818,GLU,Glucose,177,mg/dL,70,99,H,STAT,2024-07-14 11:43,2024-07-14 11:50,2024-07-14 13:35
LAB713620,ENC105752,PT13818,CREAT,Creatinine,1.01,mg/dL,0.6,1.3,N,STAT,2024-07-14 11:21,2024-07-14 11:46,2024-07-14 12:17
LAB713621,ENC105752,PT13818,WBC,White Blood Cell Count,14.8,K/uL,4.5,11,H,Routine,2024-07-14 11:45,2024-07-14 12:14,2024-07-14 14:35
LAB713622,ENC105752,PT13818,HGB,Hemoglobin,13.7,g/dL,12,17.5,N,STAT,2024-07-14 11:13,2024-07-14 11:29,2024-07-14 12:00
LAB713623,ENC105753,PT11379,GLU,Glucose,104,mg/dL,70,99,H,Routine,2024-07-14 15:54,2024-07-14 16:11,2024-07-14 17:15
LAB713624,ENC105753,PT11379,CREAT,Creatinine,0.83,mg/dL,0.6,1.3,N,STAT,2024-07-14 15:35,2024-07-14 16:10,2024-07-14 16:54
LAB713625,ENC105753,PT11379,WBC,White Blood Cell Count,9.8,K/uL,4.5,11,N,STAT,2024-07-14 15:51,2024-07-14 16:07,2024-07-14 16:33
LAB713626,ENC105753,PT11379,HGB,Hemoglobin,12.8,g/dL,12,17.5,N,Routine,2024-07-14 16:16,2024-07-14 16:29,2024-07-14 18:33
LAB713627,ENC105753,PT11379,TROP,"Troponin I, High Sensitivity",909,ng/L,0,34,H,STAT,2024-07-14 16:18,2024-07-14 16:39,2024-07-14 17:17
LAB713628,ENC105754,PT12298,GLU,Glucose,104,mg/dL,70,99,H,STAT,2024-07-14 15:49,2024-07-14 16:16,2024-07-14 16:51
LAB713629,ENC105754,PT12298,CREAT,Creatinine,0.8,mg/dL,0.6,1.3,N,STAT,2024-07-14 15:28,2024-07-14 15:40,2024-07-14 16:08
LAB713630,ENC105754,PT12298,WBC,White Blood Cell Count,8.6,K/uL,4.5,11,N,STAT,2024-07-14 16:16,2024-07-14 16:34,2024-07-14 17:14
LAB713631,ENC105754,PT12298,HGB,Hemoglobin,14.1,g/dL,12,17.5,N,Routine,2024-07-14 15:37,2024-07-14 16:04,2024-07-14 22:25
LAB713632,ENC105755,PT13092,GLU,Glucose,106,mg/dL,70,99,H,Routine,2024-07-14 13:25,2024-07-14 13:47,2024-07-14 16:56
LAB713633,ENC105755,PT13092,CREAT,Creatinine,1.1,mg/dL,0.6,1.3,N,STAT,2024-07-14 12:59,2024-07-14 13:19,2024-07-14 13:57
LAB713634,ENC105755,PT13092,WBC,White Blood Cell Count,9.2,K/uL,4.5,11,N,STAT,2024-07-14 13:30,2024-07-14 14:04,2024-07-14 14:39
LAB713635,ENC105755,PT13092,HGB,Hemoglobin,12.1,g/dL,12,17.5,N,STAT,2024-07-14 13:16,2024-07-14 13:44,2024-07-14 14:23
LAB713636,ENC105756,PT10527,GLU,Glucose,97,mg/dL,70,99,N,Routine,2024-07-14 19:14,2024-07-14 19:23,2024-07-15 00:24
LAB713637,ENC105756,PT10527,CREAT,Creatinine,0.81,mg/dL,0.6,1.3,N,Routine,2024-07-14 20:05,2024-07-14 20:28,2024-07-14 22:33
LAB713638,ENC105758,PT11287,GLU,Glucose,224,mg/dL,70,99,H,STAT,2024-07-14 22:55,2024-07-14 23:08,2024-07-14 23:58
LAB713639,ENC105758,PT11287,CREAT,Creatinine,0.88,mg/dL,0.6,1.3,N,STAT,2024-07-14 22:53,2024-07-14 23:02,2024-07-14 23:55
LAB713640,ENC105758,PT11287,WBC,White Blood Cell Count,12.8,K/uL,4.5,11,H,Routine,2024-07-14 23:10,2024-07-14 23:32,2024-07-15 03:55
LAB713641,ENC105758,PT11287,HGB,Hemoglobin,15.6,g/dL,12,17.5,N,STAT,2024-07-14 22:44,2024-07-14 23:19,2024-07-14 23:46
LAB713642,ENC105759,PT12793,GLU,Glucose,86,mg/dL,70,99,N,Routine,2024-07-15 05:44,2024-07-15 06:05,2024-07-15 13:57
LAB713643,ENC105759,PT12793,CREAT,Creatinine,0.88,mg/dL,0.6,1.3,N,STAT,2024-07-15 05:47,2024-07-15 05:51,2024-07-15 06:33
LAB713644,ENC105759,PT12793,WBC,White Blood Cell Count,5.5,K/uL,4.5,11,N,STAT,2024-07-15 05:22,2024-07-15 05:46,2024-07-15 06:36
LAB713645,ENC105759,PT12793,HGB,Hemoglobin,11.5,g/dL,12,17.5,L,Routine,2024-07-15 05:27,2024-07-15 05:55,2024-07-15 12:48
LAB713646,ENC105759,PT12793,BUN,Blood Urea Nitrogen,14,mg/dL,7,20,N,STAT,2024-07-15 05:53,2024-07-15 05:59,2024-07-15 06:20
LAB713647,ENC105759,PT12793,PLT,Platelet Count,239,K/uL,150,400,N,Routine,2024-07-15 05:31,2024-07-15 05:56,2024-07-15 09:59
LAB713648,ENC105760,PT12933,GLU,Glucose,111,mg/dL,70,99,H,STAT,2024-07-15 09:54,2024-07-15 10:07,2024-07-15 11:05
LAB713649,ENC105760,PT12933,CREAT,Creatinine,2.08,mg/dL,0.6,1.3,H,Routine,2024-07-15 09:34,2024-07-15 10:06,2024-07-15 12:18
LAB713650,ENC105760,PT12933,WBC,White Blood Cell Count,8,K/uL,4.5,11,N,STAT,2024-07-15 09:16,2024-07-15 09:26,2024-07-15 10:12
LAB713651,ENC105760,PT12933,HGB,Hemoglobin,10.8,g/dL,12,17.5,L,STAT,2024-07-15 09:48,2024-07-15 10:19,2024-07-15 10:54
LAB713652,ENC105761,PT11370,GLU,Glucose,301,mg/dL,70,99,H,STAT,2024-07-15 06:44,2024-07-15 07:13,2024-07-15 07:38
LAB713653,ENC105761,PT11370,CREAT,Creatinine,1.36,mg/dL,0.6,1.3,H,STAT,2024-07-15 06:57,2024-07-15 07:14,2024-07-15 08:00
LAB713654,ENC105761,PT11370,WBC,White Blood Cell Count,7.7,K/uL,4.5,11,N,STAT,2024-07-15 06:27,2024-07-15 06:49,2024-07-15 07:52
LAB713655,ENC105761,PT11370,HGB,Hemoglobin,11.6,g/dL,12,17.5,L,STAT,2024-07-15 07:16,2024-07-15 07:50,2024-07-15 09:10
LAB713656,ENC105761,PT11370,NA,Sodium,140,mmol/L,136,145,N,STAT,2024-07-15 07:17,2024-07-15 07:25,2024-07-15 07:55
LAB713657,ENC105761,PT11370,K,Potassium,4.4,mmol/L,3.5,5.1,N,STAT,2024-07-15 06:36,2024-07-15 06:54,2024-07-15 07:39
LAB713658,ENC105762,PT10604,GLU,Glucose,186,mg/dL,70,99,H,STAT,2024-07-15 11:09,2024-07-15 11:40,2024-07-15 12:01
LAB713659,ENC105762,PT10604,CREAT,Creatinine,0.7,mg/dL,0.6,1.3,N,STAT,2024-07-15 10:44,2024-07-15 10:50,2024-07-15 11:14
LAB713660,ENC105762,PT10604,WBC,White Blood Cell Count,6.7,K/uL,4.5,11,N,STAT,2024-07-15 10:59,2024-07-15 11:30,2024-07-15 12:01
LAB713661,ENC105762,PT10604,HGB,Hemoglobin,12.7,g/dL,12,17.5,N,Routine,2024-07-15 11:10,2024-07-15 11:22,2024-07-15 13:59
LAB713662,ENC105762,PT10604,BUN,Blood Urea Nitrogen,10,mg/dL,7,20,N,STAT,2024-07-15 11:13,2024-07-15 11:18,2024-07-15 12:34
LAB713663,ENC105762,PT10604,PLT,Platelet Count,260,K/uL,150,400,N,Routine,2024-07-15 10:41,2024-07-15 11:05,2024-07-15 12:40
LAB713664,ENC105762,PT10604,TROP,"Troponin I, High Sensitivity",3,ng/L,0,34,N,STAT,2024-07-15 10:44,2024-07-15 10:51,2024-07-15 11:54
LAB713665,ENC105762,PT10604,BNP,B-Type Natriuretic Peptide,646,pg/mL,0,100,H,STAT,2024-07-15 11:19,2024-07-15 11:24,2024-07-15 11:44
LAB713666,ENC105765,PT10120,LDL,LDL Cholesterol,127,mg/dL,0,99,H,Routine,2024-07-15 09:32,2024-07-15 09:51,2024-07-16 04:08
LAB713667,ENC105765,PT10120,TSH,Thyroid Stimulating Hormone,13.62,mIU/L,0.4,4,H,Routine,2024-07-15 09:29,2024-07-15 10:03,2024-07-16 10:58
LAB713668,ENC105767,PT13828,WBC,White Blood Cell Count,8.2,K/uL,4.5,11,N,Routine,2024-07-15 09:21,2024-07-15 09:32,2024-07-15 12:01
LAB713669,ENC105767,PT13828,HGB,Hemoglobin,11.6,g/dL,12,17.5,L,Routine,2024-07-15 09:38,2024-07-15 10:02,2024-07-15 13:52
LAB713670,ENC105767,PT13828,PLT,Platelet Count,321,K/uL,150,400,N,Routine,2024-07-15 09:27,2024-07-15 10:00,2024-07-15 11:57
LAB713671,ENC105769,PT13996,A1C,Hemoglobin A1c,9.5,%,4,5.6,H,Routine,2024-07-15 10:39,2024-07-15 10:48,2024-07-16 13:03
LAB713672,ENC105770,PT10893,GLU,Glucose,102,mg/dL,70,99,H,STAT,2024-07-15 11:35,2024-07-15 11:54,2024-07-15 12:31
LAB713673,ENC105770,PT10893,CREAT,Creatinine,1.87,mg/dL,0.6,1.3,H,STAT,2024-07-15 11:36,2024-07-15 11:52,2024-07-15 13:03
LAB713674,ENC105770,PT10893,WBC,White Blood Cell Count,10.9,K/uL,4.5,11,N,STAT,2024-07-15 11:44,2024-07-15 12:05,2024-07-15 13:30
LAB713675,ENC105770,PT10893,INR,Prothrombin Time INR,1.2,ratio,0.8,1.2,N,STAT,2024-07-15 11:15,2024-07-15 11:25,2024-07-15 11:48
LAB713676,ENC105773,PT11098,GLU,Glucose,99,mg/dL,70,99,N,STAT,2024-07-15 11:24,2024-07-15 11:59,2024-07-15 12:28
LAB713677,ENC105773,PT11098,CREAT,Creatinine,1.23,mg/dL,0.6,1.3,N,STAT,2024-07-15 11:37,2024-07-15 11:57,2024-07-15 13:06
LAB713678,ENC105773,PT11098,WBC,White Blood Cell Count,7.6,K/uL,4.5,11,N,Routine,2024-07-15 12:02,2024-07-15 12:27,2024-07-15 16:58
LAB713679,ENC105773,PT11098,TROP,"Troponin I, High Sensitivity",8,ng/L,0,34,N,STAT,2024-07-15 11:31,2024-07-15 11:55,2024-07-15 12:44
LAB713680,ENC105774,PT11121,GLU,Glucose,133,mg/dL,70,99,H,STAT,2024-07-15 14:18,2024-07-15 14:50,2024-07-15 15:34
LAB713681,ENC105774,PT11121,CREAT,Creatinine,0.7,mg/dL,0.6,1.3,N,Routine,2024-07-15 14:31,2024-07-15 14:53,2024-07-15 18:50
LAB713682,ENC105774,PT11121,WBC,White Blood Cell Count,13.5,K/uL,4.5,11,H,Routine,2024-07-15 14:37,2024-07-15 14:44,2024-07-15 16:21
LAB713683,ENC105774,PT11121,HGB,Hemoglobin,15,g/dL,12,17.5,N,Routine,2024-07-15 14:43,2024-07-15 15:06,2024-07-15 18:45
LAB713684,ENC105776,PT13768,WBC,White Blood Cell Count,5.8,K/uL,4.5,11,N,Routine,2024-07-15 12:36,2024-07-15 12:50,2024-07-15 19:44
LAB713685,ENC105776,PT13768,HGB,Hemoglobin,10,g/dL,12,17.5,L,Routine,2024-07-15 12:38,2024-07-15 13:09,2024-07-15 17:04
LAB713686,ENC105776,PT13768,PLT,Platelet Count,368,K/uL,150,400,N,Routine,2024-07-15 12:31,2024-07-15 12:52,2024-07-15 14:58
LAB713687,ENC105777,PT12837,GLU,Glucose,99,mg/dL,70,99,N,Routine,2024-07-15 13:29,2024-07-15 13:57,2024-07-15 16:30
LAB713688,ENC105777,PT12837,CREAT,Creatinine,0.71,mg/dL,0.6,1.3,N,Routine,2024-07-15 12:23,2024-07-15 12:55,2024-07-15 15:32
LAB713689,ENC105777,PT12837,WBC,White Blood Cell Count,3.4,K/uL,4.5,11,L,STAT,2024-07-15 13:15,2024-07-15 13:43,2024-07-15 14:11
LAB713690,ENC105777,PT12837,TROP,"Troponin I, High Sensitivity",5,ng/L,0,34,N,STAT,2024-07-15 12:50,2024-07-15 13:10,2024-07-15 13:47
LAB713691,ENC105779,PT12220,GLU,Glucose,269,mg/dL,70,99,H,STAT,2024-07-15 17:03,2024-07-15 17:34,2024-07-15 18:36
LAB713692,ENC105779,PT12220,CREAT,Creatinine,1.26,mg/dL,0.6,1.3,N,Routine,2024-07-15 17:09,2024-07-15 17:37,2024-07-15 20:37
LAB713693,ENC105779,PT12220,WBC,White Blood Cell Count,8,K/uL,4.5,11,N,STAT,2024-07-15 17:12,2024-07-15 17:28,2024-07-15 18:11
LAB713694,ENC105779,PT12220,HGB,Hemoglobin,13.1,g/dL,12,17.5,N,STAT,2024-07-15 17:09,2024-07-15 17:26,2024-07-15 17:58
LAB713695,ENC105782,PT13599,LDL,LDL Cholesterol,142,mg/dL,0,99,H,Routine,2024-07-15 14:14,2024-07-15 14:48,2024-07-16 12:21
LAB713696,ENC105784,PT11173,LDL,LDL Cholesterol,69,mg/dL,0,99,N,Routine,2024-07-15 15:04,2024-07-15 15:26,2024-07-16 06:36
LAB713697,ENC105785,PT13881,WBC,White Blood Cell Count,7.7,K/uL,4.5,11,N,Routine,2024-07-15 15:38,2024-07-15 16:12,2024-07-15 18:20
LAB713698,ENC105785,PT13881,HGB,Hemoglobin,12.5,g/dL,12,17.5,N,Routine,2024-07-15 15:27,2024-07-15 15:48,2024-07-15 18:36
LAB713699,ENC105785,PT13881,PLT,Platelet Count,260,K/uL,150,400,N,Routine,2024-07-15 15:42,2024-07-15 16:01,2024-07-15 17:42
LAB713700,ENC105786,PT11678,LDL,LDL Cholesterol,110,mg/dL,0,99,H,Routine,2024-07-15 15:54,2024-07-15 16:11,2024-07-15 20:51
LAB713701,ENC105786,PT11678,A1C,Hemoglobin A1c,7.5,%,4,5.6,H,Routine,2024-07-15 16:14,2024-07-15 16:19,2024-07-16 03:28
LAB713702,ENC105788,PT13804,GLU,Glucose,100,mg/dL,70,99,H,STAT,2024-07-15 22:01,2024-07-15 22:35,2024-07-15 23:36
LAB713703,ENC105788,PT13804,CREAT,Creatinine,0.92,mg/dL,0.6,1.3,N,Routine,2024-07-15 21:21,2024-07-15 21:31,2024-07-16 00:11
LAB713704,ENC105788,PT13804,WBC,White Blood Cell Count,8.8,K/uL,4.5,11,N,STAT,2024-07-15 21:16,2024-07-15 21:21,2024-07-15 23:11
LAB713705,ENC105788,PT13804,HGB,Hemoglobin,12.6,g/dL,12,17.5,N,Routine,2024-07-15 20:56,2024-07-15 21:27,2024-07-16 00:47
LAB713706,ENC105789,PT12691,LDL,LDL Cholesterol,115,mg/dL,0,99,H,Routine,2024-07-15 16:42,2024-07-15 16:51,2024-07-16 10:57
LAB713707,ENC105789,PT12691,A1C,Hemoglobin A1c,5.3,%,4,5.6,N,Routine,2024-07-15 16:57,2024-07-15 17:06,2024-07-16 19:33
LAB713708,ENC105791,PT12621,GLU,Glucose,183,mg/dL,70,99,H,STAT,2024-07-15 21:21,2024-07-15 21:43,2024-07-15 22:24
LAB713709,ENC105791,PT12621,CREAT,Creatinine,1.44,mg/dL,0.6,1.3,H,STAT,2024-07-15 21:48,2024-07-15 22:10,2024-07-15 23:44
LAB713710,ENC105791,PT12621,WBC,White Blood Cell Count,23.3,K/uL,4.5,11,H,STAT,2024-07-15 21:41,2024-07-15 22:06,2024-07-15 22:38
LAB713711,ENC105791,PT12621,HGB,Hemoglobin,14.4,g/dL,12,17.5,N,Routine,2024-07-15 22:03,2024-07-15 22:15,2024-07-16 01:48
LAB713712,ENC105791,PT12621,LACT,Lactate,3,mmol/L,0.5,2,H,STAT,2024-07-15 22:17,2024-07-15 22:40,2024-07-15 22:59
LAB713713,ENC105792,PT12973,GLU,Glucose,92,mg/dL,70,99,N,STAT,2024-07-15 22:23,2024-07-15 22:50,2024-07-15 23:25
LAB713714,ENC105792,PT12973,CREAT,Creatinine,1.28,mg/dL,0.6,1.3,N,STAT,2024-07-15 22:17,2024-07-15 22:27,2024-07-15 22:56
LAB713715,ENC105792,PT12973,WBC,White Blood Cell Count,6.2,K/uL,4.5,11,N,STAT,2024-07-15 21:39,2024-07-15 21:57,2024-07-15 23:01
LAB713716,ENC105792,PT12973,HGB,Hemoglobin,15,g/dL,12,17.5,N,STAT,2024-07-15 22:34,2024-07-15 22:56,2024-07-15 23:17
LAB713717,ENC105794,PT13264,GLU,Glucose,212,mg/dL,70,99,H,Routine,2024-07-16 02:09,2024-07-16 02:32,2024-07-16 06:28
LAB713718,ENC105794,PT13264,CREAT,Creatinine,1.15,mg/dL,0.6,1.3,N,Routine,2024-07-16 01:36,2024-07-16 01:43,2024-07-16 04:21
LAB713719,ENC105794,PT13264,WBC,White Blood Cell Count,7.1,K/uL,4.5,11,N,Routine,2024-07-16 02:09,2024-07-16 02:26,2024-07-16 03:50
LAB713720,ENC105794,PT13264,HGB,Hemoglobin,14.2,g/dL,12,17.5,N,Routine,2024-07-16 01:48,2024-07-16 02:11,2024-07-16 05:18
LAB713721,ENC105794,PT13264,NA,Sodium,142,mmol/L,136,145,N,STAT,2024-07-16 01:53,2024-07-16 02:19,2024-07-16 03:22
LAB713722,ENC105794,PT13264,K,Potassium,4.2,mmol/L,3.5,5.1,N,STAT,2024-07-16 01:21,2024-07-16 01:31,2024-07-16 02:26
LAB713723,ENC105795,PT12311,GLU,Glucose,106,mg/dL,70,99,H,STAT,2024-07-16 02:27,2024-07-16 02:32,2024-07-16 03:54
LAB713724,ENC105795,PT12311,CREAT,Creatinine,1.31,mg/dL,0.6,1.3,H,Routine,2024-07-16 03:14,2024-07-16 03:30,2024-07-16 08:18
LAB713725,ENC105795,PT12311,WBC,White Blood Cell Count,21.6,K/uL,4.5,11,H,STAT,2024-07-16 03:22,2024-07-16 03:55,2024-07-16 04:38
LAB713726,ENC105795,PT12311,HGB,Hemoglobin,14.7,g/dL,12,17.5,N,Routine,2024-07-16 03:12,2024-07-16 03:41,2024-07-16 05:56
LAB713727,ENC105795,PT12311,BUN,Blood Urea Nitrogen,11,mg/dL,7,20,N,Routine,2024-07-16 03:23,2024-07-16 03:55,2024-07-16 06:27
LAB713728,ENC105795,PT12311,PLT,Platelet Count,353,K/uL,150,400,N,STAT,2024-07-16 02:47,2024-07-16 02:56,2024-07-16 04:59
LAB713729,ENC105796,PT12676,GLU,Glucose,121,mg/dL,70,99,H,STAT,2024-07-15 22:31,2024-07-15 22:44,2024-07-15 23:42
LAB713730,ENC105796,PT12676,CREAT,Creatinine,1.02,mg/dL,0.6,1.3,N,STAT,2024-07-15 22:05,2024-07-15 22:20,2024-07-15 23:16
LAB713731,ENC105797,PT10413,GLU,Glucose,111,mg/dL,70,99,H,STAT,2024-07-15 22:35,2024-07-15 23:00,2024-07-15 23:39
LAB713732,ENC105797,PT10413,CREAT,Creatinine,1.17,mg/dL,0.6,1.3,N,STAT,2024-07-15 22:48,2024-07-15 23:00,2024-07-15 23:52
LAB713733,ENC105797,PT10413,WBC,White Blood Cell Count,7.3,K/uL,4.5,11,N,STAT,2024-07-15 23:09,2024-07-15 23:34,2024-07-16 00:26
LAB713734,ENC105797,PT10413,HGB,Hemoglobin,12.6,g/dL,12,17.5,N,Routine,2024-07-15 23:09,2024-07-15 23:35,2024-07-16 03:42
LAB713735,ENC105798,PT10364,GLU,Glucose,152,mg/dL,70,99,H,STAT,2024-07-16 03:02,2024-07-16 03:07,2024-07-16 04:04
LAB713736,ENC105798,PT10364,CREAT,Creatinine,1.26,mg/dL,0.6,1.3,N,STAT,2024-07-16 04:03,2024-07-16 04:36,2024-07-16 05:03
LAB713737,ENC105798,PT10364,WBC,White Blood Cell Count,16.9,K/uL,4.5,11,H,STAT,2024-07-16 03:16,2024-07-16 03:47,2024-07-16 04:15
LAB713738,ENC105798,PT10364,HGB,Hemoglobin,14.2,g/dL,12,17.5,N,Routine,2024-07-16 03:27,2024-07-16 03:50,2024-07-16 06:27
LAB713739,ENC105800,PT12266,A1C,Hemoglobin A1c,11.3,%,4,5.6,H,Routine,2024-07-16 08:35,2024-07-16 09:02,2024-07-16 16:23
LAB713740,ENC105800,PT12266,GLU,Glucose,288,mg/dL,70,99,H,Routine,2024-07-16 08:37,2024-07-16 08:44,2024-07-16 12:47
LAB713741,ENC105800,PT12266,CREAT,Creatinine,0.79,mg/dL,0.6,1.3,N,Routine,2024-07-16 08:26,2024-07-16 08:41,2024-07-16 12:35
LAB713742,ENC105801,PT12708,A1C,Hemoglobin A1c,5.6,%,4,5.6,N,Routine,2024-07-16 08:44,2024-07-16 09:14,2024-07-17 11:43
LAB713743,ENC105801,PT12708,GLU,Glucose,71,mg/dL,70,99,N,Routine,2024-07-16 08:45,2024-07-16 08:50,2024-07-16 10:50
LAB713744,ENC105801,PT12708,CREAT,Creatinine,1.13,mg/dL,0.6,1.3,N,Routine,2024-07-16 08:39,2024-07-16 08:44,2024-07-16 12:35
LAB713745,ENC105807,PT10128,GLU,Glucose,92,mg/dL,70,99,N,STAT,2024-07-16 13:46,2024-07-16 14:07,2024-07-16 14:44
LAB713746,ENC105807,PT10128,CREAT,Creatinine,0.57,mg/dL,0.6,1.3,L,STAT,2024-07-16 13:39,2024-07-16 13:43,2024-07-16 15:46
LAB713747,ENC105808,PT12035,LDL,LDL Cholesterol,149,mg/dL,0,99,H,Routine,2024-07-16 13:24,2024-07-16 13:32,2024-07-17 12:06
LAB713748,ENC105808,PT12035,A1C,Hemoglobin A1c,5.2,%,4,5.6,N,Routine,2024-07-16 13:23,2024-07-16 13:36,2024-07-16 23:27
LAB713749,ENC105810,PT10791,WBC,White Blood Cell Count,4.4,K/uL,4.5,11,L,Routine,2024-07-16 13:29,2024-07-16 13:34,2024-07-16 15:09
LAB713750,ENC105810,PT10791,HGB,Hemoglobin,12.6,g/dL,12,17.5,N,Routine,2024-07-16 13:37,2024-07-16 14:00,2024-07-16 17:09
LAB713751,ENC105810,PT10791,PLT,Platelet Count,280,K/uL,150,400,N,Routine,2024-07-16 13:44,2024-07-16 14:09,2024-07-16 16:35
LAB713752,ENC105811,PT10908,GLU,Glucose,95,mg/dL,70,99,N,Routine,2024-07-16 15:11,2024-07-16 15:31,2024-07-16 20:55
LAB713753,ENC105811,PT10908,CREAT,Creatinine,0.92,mg/dL,0.6,1.3,N,STAT,2024-07-16 16:00,2024-07-16 16:10,2024-07-16 16:48
LAB713754,ENC105811,PT10908,WBC,White Blood Cell Count,7.4,K/uL,4.5,11,N,STAT,2024-07-16 15:41,2024-07-16 16:15,2024-07-16 17:00
LAB713755,ENC105811,PT10908,HGB,Hemoglobin,10.3,g/dL,12,17.5,L,Routine,2024-07-16 15:22,2024-07-16 15:31,2024-07-16 22:40
LAB713756,ENC105811,PT10908,LACT,Lactate,1.9,mmol/L,0.5,2,N,STAT,2024-07-16 15:11,2024-07-16 15:16,2024-07-16 15:58
LAB713757,ENC105811,PT10908,INR,Prothrombin Time INR,1,ratio,0.8,1.2,N,Routine,2024-07-16 16:07,2024-07-16 16:19,2024-07-16 20:29
LAB713758,ENC105812,PT11433,GLU,Glucose,124,mg/dL,70,99,H,STAT,2024-07-16 16:32,2024-07-16 16:44,2024-07-16 17:28
LAB713759,ENC105812,PT11433,CREAT,Creatinine,1.31,mg/dL,0.6,1.3,H,STAT,2024-07-16 16:22,2024-07-16 16:53,2024-07-16 17:23
LAB713760,ENC105812,PT11433,WBC,White Blood Cell Count,8.1,K/uL,4.5,11,N,STAT,2024-07-16 16:10,2024-07-16 16:19,2024-07-16 17:09
LAB713761,ENC105812,PT11433,HGB,Hemoglobin,13.1,g/dL,12,17.5,N,STAT,2024-07-16 16:04,2024-07-16 16:08,2024-07-16 17:01
LAB713762,ENC105812,PT11433,TROP,"Troponin I, High Sensitivity",11,ng/L,0,34,N,STAT,2024-07-16 16:43,2024-07-16 16:48,2024-07-16 17:29
LAB713763,ENC105815,PT13759,GLU,Glucose,187,mg/dL,70,99,H,Routine,2024-07-16 20:08,2024-07-16 20:29,2024-07-17 00:09
LAB713764,ENC105815,PT13759,CREAT,Creatinine,1.85,mg/dL,0.6,1.3,H,Routine,2024-07-16 19:07,2024-07-16 19:42,2024-07-16 22:40
LAB713765,ENC105815,PT13759,WBC,White Blood Cell Count,13.1,K/uL,4.5,11,H,STAT,2024-07-16 19:32,2024-07-16 20:04,2024-07-16 21:13
LAB713766,ENC105815,PT13759,HGB,Hemoglobin,16,g/dL,12,17.5,N,Routine,2024-07-16 19:40,2024-07-16 20:02,2024-07-16 21:44
LAB713767,ENC105815,PT13759,LACT,Lactate,1.6,mmol/L,0.5,2,N,STAT,2024-07-16 19:43,2024-07-16 19:52,2024-07-16 20:44
LAB713768,ENC105816,PT13270,GLU,Glucose,88,mg/dL,70,99,N,Routine,2024-07-16 20:53,2024-07-16 21:11,2024-07-17 02:05
LAB713769,ENC105816,PT13270,CREAT,Creatinine,0.87,mg/dL,0.6,1.3,N,STAT,2024-07-16 19:49,2024-07-16 20:22,2024-07-16 21:01
LAB713770,ENC105816,PT13270,WBC,White Blood Cell Count,6.7,K/uL,4.5,11,N,Routine,2024-07-16 20:30,2024-07-16 20:42,2024-07-17 05:46
LAB713771,ENC105816,PT13270,HGB,Hemoglobin,13.8,g/dL,12,17.5,N,Routine,2024-07-16 19:49,2024-07-16 19:55,2024-07-16 22:43
LAB713772,ENC105817,PT12138,GLU,Glucose,172,mg/dL,70,99,H,STAT,2024-07-17 08:05,2024-07-17 08:13,2024-07-17 09:36
LAB713773,ENC105817,PT12138,CREAT,Creatinine,1.15,mg/dL,0.6,1.3,N,STAT,2024-07-17 08:54,2024-07-17 09:00,2024-07-17 09:54
LAB713774,ENC105817,PT12138,WBC,White Blood Cell Count,4.6,K/uL,4.5,11,N,STAT,2024-07-17 08:39,2024-07-17 08:51,2024-07-17 09:34
LAB713775,ENC105817,PT12138,HGB,Hemoglobin,12.2,g/dL,12,17.5,N,STAT,2024-07-17 07:57,2024-07-17 08:15,2024-07-17 08:43
LAB713776,ENC105817,PT12138,NA,Sodium,141,mmol/L,136,145,N,STAT,2024-07-17 08:13,2024-07-17 08:26,2024-07-17 10:20
LAB713777,ENC105817,PT12138,K,Potassium,4.7,mmol/L,3.5,5.1,N,STAT,2024-07-17 08:01,2024-07-17 08:23,2024-07-17 10:00
LAB713778,ENC105817,PT12138,BUN,Blood Urea Nitrogen,10,mg/dL,7,20,N,STAT,2024-07-17 08:03,2024-07-17 08:29,2024-07-17 09:11
LAB713779,ENC105817,PT12138,PLT,Platelet Count,330,K/uL,150,400,N,Routine,2024-07-17 08:34,2024-07-17 08:53,2024-07-17 11:03
LAB713780,ENC105817,PT12138,TROP,"Troponin I, High Sensitivity",245,ng/L,0,34,H,STAT,2024-07-17 08:37,2024-07-17 09:05,2024-07-17 09:45
LAB713781,ENC105819,PT10724,A1C,Hemoglobin A1c,12.2,%,4,5.6,H,STAT,2024-07-17 08:34,2024-07-17 08:53,2024-07-17 09:41
LAB713782,ENC105820,PT13510,GLU,Glucose,170,mg/dL,70,99,H,STAT,2024-07-17 11:49,2024-07-17 12:06,2024-07-17 12:57
LAB713783,ENC105820,PT13510,CREAT,Creatinine,1.32,mg/dL,0.6,1.3,H,Routine,2024-07-17 11:49,2024-07-17 12:02,2024-07-17 14:22
LAB713784,ENC105820,PT13510,WBC,White Blood Cell Count,6.7,K/uL,4.5,11,N,STAT,2024-07-17 12:29,2024-07-17 12:42,2024-07-17 13:42
LAB713785,ENC105820,PT13510,HGB,Hemoglobin,12.9,g/dL,12,17.5,N,Routine,2024-07-17 12:14,2024-07-17 12:32,2024-07-17 15:24
LAB713786,ENC105820,PT13510,NA,Sodium,136,mmol/L,136,145,N,Routine,2024-07-17 12:06,2024-07-17 12:18,2024-07-17 15:01
LAB713787,ENC105820,PT13510,K,Potassium,4.1,mmol/L,3.5,5.1,N,STAT,2024-07-17 11:39,2024-07-17 12:01,2024-07-17 13:25
LAB713788,ENC105821,PT10228,TROP,"Troponin I, High Sensitivity",6,ng/L,0,34,N,STAT,2024-07-17 10:35,2024-07-17 10:39,2024-07-17 11:12
LAB713789,ENC105824,PT13824,GLU,Glucose,251,mg/dL,70,99,H,STAT,2024-07-17 14:34,2024-07-17 14:52,2024-07-17 17:52
LAB713790,ENC105824,PT13824,CREAT,Creatinine,0.84,mg/dL,0.6,1.3,N,STAT,2024-07-17 14:28,2024-07-17 14:39,2024-07-17 16:37
LAB713791,ENC105824,PT13824,WBC,White Blood Cell Count,7.9,K/uL,4.5,11,N,STAT,2024-07-17 14:06,2024-07-17 14:39,2024-07-17 16:05
LAB713792,ENC105824,PT13824,HGB,Hemoglobin,14.8,g/dL,12,17.5,N,STAT,2024-07-17 14:16,2024-07-17 14:51,2024-07-17 15:41
LAB713793,ENC105824,PT13824,NA,Sodium,141,mmol/L,136,145,N,STAT,2024-07-17 13:59,2024-07-17 14:19,2024-07-17 14:59
LAB713794,ENC105824,PT13824,K,Potassium,3.9,mmol/L,3.5,5.1,N,STAT,2024-07-17 14:22,2024-07-17 14:44,2024-07-17 15:16
LAB713795,ENC105824,PT13824,A1C,Hemoglobin A1c,13.4,%,4,5.6,H,STAT,2024-07-17 14:25,2024-07-17 14:34,2024-07-17 15:32
LAB713796,ENC105825,PT11363,GLU,Glucose,122,mg/dL,70,99,H,Routine,2024-07-17 11:20,2024-07-17 11:47,2024-07-17 18:18
LAB713797,ENC105825,PT11363,CREAT,Creatinine,1.11,mg/dL,0.6,1.3,N,STAT,2024-07-17 12:09,2024-07-17 12:14,2024-07-17 12:41
LAB713798,ENC105825,PT11363,WBC,White Blood Cell Count,11.7,K/uL,4.5,11,H,Routine,2024-07-17 11:08,2024-07-17 11:34,2024-07-17 15:17
LAB713799,ENC105825,PT11363,HGB,Hemoglobin,13.3,g/dL,12,17.5,N,STAT,2024-07-17 11:26,2024-07-17 11:40,2024-07-17 12:21
LAB713800,ENC105828,PT10033,GLU,Glucose,81,mg/dL,70,99,N,STAT,2024-07-17 17:38,2024-07-17 18:12,2024-07-17 18:38
LAB713801,ENC105828,PT10033,CREAT,Creatinine,0.94,mg/dL,0.6,1.3,N,Routine,2024-07-17 17:27,2024-07-17 18:00,2024-07-17 21:30
LAB713802,ENC105828,PT10033,WBC,White Blood Cell Count,15.4,K/uL,4.5,11,H,STAT,2024-07-17 17:29,2024-07-17 17:49,2024-07-17 18:20
LAB713803,ENC105828,PT10033,HGB,Hemoglobin,13.4,g/dL,12,17.5,N,Routine,2024-07-17 17:28,2024-07-17 17:36,2024-07-17 20:29
LAB713804,ENC105829,PT10064,LDL,LDL Cholesterol,169,mg/dL,0,99,H,Routine,2024-07-17 13:39,2024-07-17 14:06,2024-07-18 20:44
LAB713805,ENC105829,PT10064,TSH,Thyroid Stimulating Hormone,0.12,mIU/L,0.4,4,L,Routine,2024-07-17 13:39,2024-07-17 13:44,2024-07-17 23:47
LAB713806,ENC105833,PT11203,GLU,Glucose,129,mg/dL,70,99,H,Routine,2024-07-17 16:58,2024-07-17 17:30,2024-07-17 22:36
LAB713807,ENC105833,PT11203,CREAT,Creatinine,1.12,mg/dL,0.6,1.3,N,Routine,2024-07-17 17:31,2024-07-17 17:40,2024-07-17 21:39
LAB713808,ENC105833,PT11203,WBC,White Blood Cell Count,8.5,K/uL,4.5,11,N,Routine,2024-07-17 17:26,2024-07-17 17:32,2024-07-18 01:08
LAB713809,ENC105833,PT11203,HGB,Hemoglobin,12.1,g/dL,12,17.5,N,STAT,2024-07-17 17:10,2024-07-17 17:27,2024-07-17 19:31
LAB713810,ENC105833,PT11203,TROP,"Troponin I, High Sensitivity",760,ng/L,0,34,H,STAT,2024-07-17 16:57,2024-07-17 17:05,2024-07-17 18:01
LAB713811,ENC105838,PT12091,GLU,Glucose,107,mg/dL,70,99,H,Routine,2024-07-17 18:26,2024-07-17 18:39,2024-07-17 20:25
LAB713812,ENC105838,PT12091,CREAT,Creatinine,1.08,mg/dL,0.6,1.3,N,Routine,2024-07-17 18:33,2024-07-17 18:40,2024-07-17 22:08
LAB713813,ENC105838,PT12091,WBC,White Blood Cell Count,20.7,K/uL,4.5,11,H,STAT,2024-07-17 18:08,2024-07-17 18:31,2024-07-17 20:30
LAB713814,ENC105839,PT12119,GLU,Glucose,48,mg/dL,70,99,L,STAT,2024-07-17 22:15,2024-07-17 22:25,2024-07-17 23:06
LAB713815,ENC105839,PT12119,CREAT,Creatinine,0.99,mg/dL,0.6,1.3,N,Routine,2024-07-17 21:31,2024-07-17 22:02,2024-07-18 01:50
LAB713816,ENC105839,PT12119,WBC,White Blood Cell Count,6.1,K/uL,4.5,11,N,STAT,2024-07-17 21:55,2024-07-17 22:24,2024-07-17 22:41
LAB713817,ENC105839,PT12119,HGB,Hemoglobin,12.3,g/dL,12,17.5,N,STAT,2024-07-17 21:59,2024-07-17 22:24,2024-07-18 00:20
LAB713818,ENC105839,PT12119,TROP,"Troponin I, High Sensitivity",73,ng/L,0,34,H,STAT,2024-07-17 21:58,2024-07-17 22:25,2024-07-17 23:03
LAB713819,ENC105839,PT12119,BNP,B-Type Natriuretic Peptide,897,pg/mL,0,100,H,Routine,2024-07-17 21:39,2024-07-17 21:49,2024-07-18 03:20
LAB713820,ENC105840,PT13506,GLU,Glucose,121,mg/dL,70,99,H,STAT,2024-07-17 20:13,2024-07-17 20:28,2024-07-17 21:06
LAB713821,ENC105840,PT13506,CREAT,Creatinine,0.99,mg/dL,0.6,1.3,N,STAT,2024-07-17 19:54,2024-07-17 20:15,2024-07-17 21:23
LAB713822,ENC105840,PT13506,WBC,White Blood Cell Count,2.2,K/uL,4.5,11,L,STAT,2024-07-17 19:59,2024-07-17 20:24,2024-07-17 21:04
LAB713823,ENC105840,PT13506,HGB,Hemoglobin,14.8,g/dL,12,17.5,N,Routine,2024-07-17 20:45,2024-07-17 21:15,2024-07-18 01:33
LAB713824,ENC105841,PT13155,GLU,Glucose,127,mg/dL,70,99,H,Routine,2024-07-17 22:12,2024-07-17 22:28,2024-07-18 04:24
LAB713825,ENC105841,PT13155,CREAT,Creatinine,1.33,mg/dL,0.6,1.3,H,STAT,2024-07-17 22:25,2024-07-17 22:33,2024-07-17 23:23
LAB713826,ENC105841,PT13155,WBC,White Blood Cell Count,10.4,K/uL,4.5,11,N,STAT,2024-07-17 22:39,2024-07-17 23:06,2024-07-18 00:32
LAB713827,ENC105842,PT12981,GLU,Glucose,111,mg/dL,70,99,H,Routine,2024-07-18 02:47,2024-07-18 03:00,2024-07-18 03:45
LAB713828,ENC105842,PT12981,CREAT,Creatinine,0.98,mg/dL,0.6,1.3,N,STAT,2024-07-18 02:23,2024-07-18 02:39,2024-07-18 03:06
LAB713829,ENC105842,PT12981,WBC,White Blood Cell Count,6.5,K/uL,4.5,11,N,STAT,2024-07-18 01:57,2024-07-18 02:27,2024-07-18 03:18
LAB713830,ENC105842,PT12981,HGB,Hemoglobin,13.3,g/dL,12,17.5,N,Routine,2024-07-18 03:01,2024-07-18 03:28,2024-07-18 07:28
LAB713831,ENC105842,PT12981,INR,Prothrombin Time INR,1.1,ratio,0.8,1.2,N,STAT,2024-07-18 01:58,2024-07-18 02:02,2024-07-18 03:13
LAB713832,ENC105843,PT13101,GLU,Glucose,118,mg/dL,70,99,H,Routine,2024-07-18 02:15,2024-07-18 02:34,2024-07-18 04:44
LAB713833,ENC105843,PT13101,CREAT,Creatinine,1.09,mg/dL,0.6,1.3,N,Routine,2024-07-18 02:05,2024-07-18 02:18,2024-07-18 04:08
LAB713834,ENC105843,PT13101,WBC,White Blood Cell Count,6.6,K/uL,4.5,11,N,STAT,2024-07-18 02:02,2024-07-18 02:06,2024-07-18 03:03
LAB713835,ENC105843,PT13101,HGB,Hemoglobin,16.5,g/dL,12,17.5,N,Routine,2024-07-18 02:12,2024-07-18 02:40,2024-07-18 06:32
LAB713836,ENC105843,PT13101,NA,Sodium,139,mmol/L,136,145,N,STAT,2024-07-18 02:21,2024-07-18 02:56,2024-07-18 03:41
LAB713837,ENC105843,PT13101,K,Potassium,3.9,mmol/L,3.5,5.1,N,STAT,2024-07-18 02:02,2024-07-18 02:11,2024-07-18 02:42
LAB713838,ENC105844,PT11108,GLU,Glucose,199,mg/dL,70,99,H,STAT,2024-07-18 05:46,2024-07-18 05:53,2024-07-18 07:04
LAB713839,ENC105844,PT11108,CREAT,Creatinine,1.06,mg/dL,0.6,1.3,N,STAT,2024-07-18 06:42,2024-07-18 07:03,2024-07-18 08:16
LAB713840,ENC105844,PT11108,WBC,White Blood Cell Count,5.9,K/uL,4.5,11,N,STAT,2024-07-18 05:56,2024-07-18 06:11,2024-07-18 06:45
LAB713841,ENC105844,PT11108,HGB,Hemoglobin,13.7,g/dL,12,17.5,N,STAT,2024-07-18 06:34,2024-07-18 07:09,2024-07-18 08:13
LAB713842,ENC105844,PT11108,NA,Sodium,138,mmol/L,136,145,N,Routine,2024-07-18 06:04,2024-07-18 06:21,2024-07-18 10:56
LAB713843,ENC105844,PT11108,K,Potassium,3.8,mmol/L,3.5,5.1,N,STAT,2024-07-18 05:47,2024-07-18 06:00,2024-07-18 06:40
LAB713844,ENC105844,PT11108,TROP,"Troponin I, High Sensitivity",3,ng/L,0,34,N,STAT,2024-07-18 05:56,2024-07-18 06:20,2024-07-18 07:16
LAB713845,ENC105844,PT11108,BNP,B-Type Natriuretic Peptide,941,pg/mL,0,100,H,Routine,2024-07-18 05:56,2024-07-18 06:22,2024-07-18 10:34
LAB713846,ENC105845,PT13081,GLU,Glucose,86,mg/dL,70,99,N,STAT,2024-07-18 02:47,2024-07-18 03:06,2024-07-18 04:13
LAB713847,ENC105845,PT13081,CREAT,Creatinine,0.81,mg/dL,0.6,1.3,N,STAT,2024-07-18 03:00,2024-07-18 03:20,2024-07-18 04:05
LAB713848,ENC105845,PT13081,WBC,White Blood Cell Count,7.6,K/uL,4.5,11,N,Routine,2024-07-18 03:50,2024-07-18 03:55,2024-07-18 05:27
LAB713849,ENC105845,PT13081,HGB,Hemoglobin,13.4,g/dL,12,17.5,N,Routine,2024-07-18 02:51,2024-07-18 03:05,2024-07-18 04:13
LAB713850,ENC105846,PT13054,GLU,Glucose,118,mg/dL,70,99,H,STAT,2024-07-18 06:44,2024-07-18 07:12,2024-07-18 08:08
LAB713851,ENC105846,PT13054,CREAT,Creatinine,3.2,mg/dL,0.6,1.3,H,Routine,2024-07-18 07:15,2024-07-18 07:23,2024-07-18 10:16
LAB713852,ENC105846,PT13054,WBC,White Blood Cell Count,5.3,K/uL,4.5,11,N,STAT,2024-07-18 07:11,2024-07-18 07:18,2024-07-18 07:46
LAB713853,ENC105846,PT13054,HGB,Hemoglobin,12.6,g/dL,12,17.5,N,STAT,2024-07-18 07:14,2024-07-18 07:44,2024-07-18 08:44
LAB713854,ENC105846,PT13054,NA,Sodium,137,mmol/L,136,145,N,Routine,2024-07-18 07:42,2024-07-18 07:46,2024-07-18 12:22
LAB713855,ENC105846,PT13054,K,Potassium,5.5,mmol/L,3.5,5.1,H,STAT,2024-07-18 07:17,2024-07-18 07:47,2024-07-18 09:18
LAB713856,ENC105847,PT11248,GLU,Glucose,199,mg/dL,70,99,H,Routine,2024-07-18 06:47,2024-07-18 07:08,2024-07-18 10:09
LAB713857,ENC105847,PT11248,CREAT,Creatinine,0.76,mg/dL,0.6,1.3,N,Routine,2024-07-18 06:57,2024-07-18 07:32,2024-07-18 09:39
LAB713858,ENC105847,PT11248,WBC,White Blood Cell Count,7.5,K/uL,4.5,11,N,STAT,2024-07-18 07:14,2024-07-18 07:44,2024-07-18 08:36
LAB713859,ENC105847,PT11248,HGB,Hemoglobin,11.9,g/dL,12,17.5,L,STAT,2024-07-18 06:57,2024-07-18 07:06,2024-07-18 07:42
LAB713860,ENC105847,PT11248,NA,Sodium,146,mmol/L,136,145,H,STAT,2024-07-18 06:51,2024-07-18 06:58,2024-07-18 07:49
LAB713861,ENC105847,PT11248,K,Potassium,4,mmol/L,3.5,5.1,N,STAT,2024-07-18 07:22,2024-07-18 07:40,2024-07-18 08:01
LAB713862,ENC105848,PT13330,GLU,Glucose,105,mg/dL,70,99,H,STAT,2024-07-18 07:42,2024-07-18 07:50,2024-07-18 08:37
LAB713863,ENC105848,PT13330,CREAT,Creatinine,1.12,mg/dL,0.6,1.3,N,Routine,2024-07-18 08:33,2024-07-18 09:03,2024-07-18 11:37
LAB713864,ENC105848,PT13330,WBC,White Blood Cell Count,3.9,K/uL,4.5,11,L,STAT,2024-07-18 08:45,2024-07-18 09:07,2024-07-18 11:21
LAB713865,ENC105848,PT13330,HGB,Hemoglobin,11.7,g/dL,12,17.5,L,Routine,2024-07-18 08:28,2024-07-18 09:03,2024-07-18 11:28
LAB713866,ENC105849,PT12400,GLU,Glucose,86,mg/dL,70,99,N,STAT,2024-07-18 12:10,2024-07-18 12:33,2024-07-18 14:10
LAB713867,ENC105849,PT12400,CREAT,Creatinine,1.01,mg/dL,0.6,1.3,N,STAT,2024-07-18 12:28,2024-07-18 12:37,2024-07-18 13:23
LAB713868,ENC105849,PT12400,WBC,White Blood Cell Count,8,K/uL,4.5,11,N,STAT,2024-07-18 12:26,2024-07-18 12:50,2024-07-18 14:03
LAB713869,ENC105849,PT12400,HGB,Hemoglobin,12,g/dL,12,17.5,N,STAT,2024-07-18 12:54,2024-07-18 13:00,2024-07-18 13:28
LAB713870,ENC105850,PT10148,GLU,Glucose,135,mg/dL,70,99,H,STAT,2024-07-18 13:07,2024-07-18 13:28,2024-07-18 14:47
LAB713871,ENC105850,PT10148,CREAT,Creatinine,0.93,mg/dL,0.6,1.3,N,STAT,2024-07-18 12:35,2024-07-18 13:10,2024-07-18 13:47
LAB713872,ENC105850,PT10148,WBC,White Blood Cell Count,7.3,K/uL,4.5,11,N,STAT,2024-07-18 12:28,2024-07-18 12:51,2024-07-18 13:18
LAB713873,ENC105850,PT10148,HGB,Hemoglobin,15.7,g/dL,12,17.5,N,STAT,2024-07-18 12:55,2024-07-18 13:08,2024-07-18 13:54
LAB713874,ENC105850,PT10148,TROP,"Troponin I, High Sensitivity",226,ng/L,0,34,H,STAT,2024-07-18 12:04,2024-07-18 12:27,2024-07-18 12:54
LAB713875,ENC105851,PT12178,LDL,LDL Cholesterol,176,mg/dL,0,99,H,Routine,2024-07-18 09:37,2024-07-18 09:48,2024-07-19 07:28
LAB713876,ENC105851,PT12178,A1C,Hemoglobin A1c,5.1,%,4,5.6,N,Routine,2024-07-18 09:40,2024-07-18 09:52,2024-07-18 20:54
LAB713877,ENC105852,PT11713,WBC,White Blood Cell Count,5.7,K/uL,4.5,11,N,Routine,2024-07-18 09:36,2024-07-18 09:59,2024-07-18 14:42
LAB713878,ENC105852,PT11713,HGB,Hemoglobin,9.6,g/dL,12,17.5,L,Routine,2024-07-18 09:59,2024-07-18 10:05,2024-07-18 13:21
LAB713879,ENC105852,PT11713,PLT,Platelet Count,300,K/uL,150,400,N,Routine,2024-07-18 09:54,2024-07-18 09:59,2024-07-18 13:32
LAB713880,ENC105854,PT11270,INR,Prothrombin Time INR,1.2,ratio,0.8,1.2,N,Routine,2024-07-18 10:28,2024-07-18 10:41,2024-07-18 14:44
LAB713881,ENC105855,PT10534,WBC,White Blood Cell Count,2.6,K/uL,4.5,11,L,Routine,2024-07-18 10:35,2024-07-18 10:41,2024-07-18 15:58
LAB713882,ENC105855,PT10534,HGB,Hemoglobin,13.2,g/dL,12,17.5,N,Routine,2024-07-18 10:32,2024-07-18 10:58,2024-07-18 13:36
LAB713883,ENC105855,PT10534,PLT,Platelet Count,327,K/uL,150,400,N,Routine,2024-07-18 10:42,2024-07-18 10:49,2024-07-18 11:45
LAB713884,ENC105856,PT10292,GLU,Glucose,115,mg/dL,70,99,H,Routine,2024-07-18 14:49,2024-07-18 15:10,2024-07-18 17:42
LAB713885,ENC105856,PT10292,CREAT,Creatinine,1.08,mg/dL,0.6,1.3,N,STAT,2024-07-18 15:01,2024-07-18 15:29,2024-07-18 16:50
LAB713886,ENC105856,PT10292,WBC,White Blood Cell Count,13.4,K/uL,4.5,11,H,Routine,2024-07-18 13:57,2024-07-18 14:04,2024-07-18 17:17
LAB713887,ENC105856,PT10292,HGB,Hemoglobin,11,g/dL,12,17.5,L,STAT,2024-07-18 14:09,2024-07-18 14:34,2024-07-18 15:45
LAB713888,ENC105856,PT10292,BUN,Blood Urea Nitrogen,15,mg/dL,7,20,N,Routine,2024-07-18 13:59,2024-07-18 14:32,2024-07-18 17:00
LAB713889,ENC105856,PT10292,PLT,Platelet Count,299,K/uL,150,400,N,Routine,2024-07-18 14:32,2024-07-18 14:48,2024-07-18 16:26
LAB713890,ENC105857,PT12368,LDL,LDL Cholesterol,117,mg/dL,0,99,H,Routine,2024-07-18 11:05,2024-07-18 11:10,2024-07-19 04:01
LAB713891,ENC105857,PT12368,TSH,Thyroid Stimulating Hormone,0.27,mIU/L,0.4,4,L,Routine,2024-07-18 11:17,2024-07-18 11:32,2024-07-18 20:44
LAB713892,ENC105858,PT12126,GLU,Glucose,96,mg/dL,70,99,N,STAT,2024-07-18 16:04,2024-07-18 16:09,2024-07-18 16:39
LAB713893,ENC105858,PT12126,CREAT,Creatinine,0.8,mg/dL,0.6,1.3,N,STAT,2024-07-18 15:39,2024-07-18 15:53,2024-07-18 16:53
LAB713894,ENC105858,PT12126,WBC,White Blood Cell Count,3.9,K/uL,4.5,11,L,Routine,2024-07-18 15:59,2024-07-18 16:26,2024-07-18 18:25
LAB713895,ENC105858,PT12126,HGB,Hemoglobin,14.6,g/dL,12,17.5,N,Routine,2024-07-18 15:48,2024-07-18 16:15,2024-07-18 19:06
LAB713896,ENC105858,PT12126,TROP,"Troponin I, High Sensitivity",36,ng/L,0,34,H,STAT,2024-07-18 15:58,2024-07-18 16:32,2024-07-18 17:06
LAB713897,ENC105858,PT12126,BNP,B-Type Natriuretic Peptide,1497,pg/mL,0,100,H,STAT,2024-07-18 15:49,2024-07-18 16:00,2024-07-18 16:56
LAB713898,ENC105864,PT13825,GLU,Glucose,65,mg/dL,70,99,L,STAT,2024-07-18 13:39,2024-07-18 13:45,2024-07-18 14:28
LAB713899,ENC105864,PT13825,CREAT,Creatinine,1.17,mg/dL,0.6,1.3,N,STAT,2024-07-18 13:45,2024-07-18 13:57,2024-07-18 14:23
LAB713900,ENC105864,PT13825,WBC,White Blood Cell Count,9.5,K/uL,4.5,11,N,Routine,2024-07-18 13:47,2024-07-18 14:16,2024-07-18 16:10
LAB713901,ENC105864,PT13825,HGB,Hemoglobin,12.7,g/dL,12,17.5,N,Routine,2024-07-18 13:57,2024-07-18 14:18,2024-07-18 17:32
LAB713902,ENC105865,PT11399,GLU,Glucose,97,mg/dL,70,99,N,Routine,2024-07-18 14:26,2024-07-18 14:58,2024-07-18 17:42
LAB713903,ENC105865,PT11399,CREAT,Creatinine,0.76,mg/dL,0.6,1.3,N,STAT,2024-07-18 14:15,2024-07-18 14:35,2024-07-18 15:01
LAB713904,ENC105867,PT13406,LDL,LDL Cholesterol,104,mg/dL,0,99,H,Routine,2024-07-18 14:42,2024-07-18 14:50,2024-07-19 09:47
LAB713905,ENC105867,PT13406,TSH,Thyroid Stimulating Hormone,0.35,mIU/L,0.4,4,L,Routine,2024-07-18 14:56,2024-07-18 15:06,2024-07-18 21:02
LAB713906,ENC105868,PT11846,WBC,White Blood Cell Count,4.8,K/uL,4.5,11,N,Routine,2024-07-18 14:47,2024-07-18 15:06,2024-07-18 21:27
LAB713907,ENC105868,PT11846,HGB,Hemoglobin,16,g/dL,12,17.5,N,Routine,2024-07-18 14:50,2024-07-18 15:13,2024-07-18 16:23
LAB713908,ENC105868,PT11846,PLT,Platelet Count,311,K/uL,150,400,N,Routine,2024-07-18 14:46,2024-07-18 15:12,2024-07-18 18:54
LAB713909,ENC105869,PT10762,GLU,Glucose,365,mg/dL,70,99,H,STAT,2024-07-18 15:23,2024-07-18 15:41,2024-07-18 16:36
LAB713910,ENC105869,PT10762,CREAT,Creatinine,0.81,mg/dL,0.6,1.3,N,STAT,2024-07-18 15:32,2024-07-18 16:04,2024-07-18 16:56
LAB713911,ENC105869,PT10762,WBC,White Blood Cell Count,7.5,K/uL,4.5,11,N,Routine,2024-07-18 15:45,2024-07-18 16:02,2024-07-18 18:14
LAB713912,ENC105869,PT10762,HGB,Hemoglobin,14.6,g/dL,12,17.5,N,STAT,2024-07-18 15:45,2024-07-18 16:19,2024-07-18 17:57
LAB713913,ENC105869,PT10762,NA,Sodium,138,mmol/L,136,145,N,Routine,2024-07-18 15:39,2024-07-18 16:13,2024-07-18 19:26
LAB713914,ENC105869,PT10762,K,Potassium,4,mmol/L,3.5,5.1,N,STAT,2024-07-18 15:38,2024-07-18 15:47,2024-07-18 16:44
LAB713915,ENC105869,PT10762,A1C,Hemoglobin A1c,9.7,%,4,5.6,H,Routine,2024-07-18 15:50,2024-07-18 16:21,2024-07-19 13:32
LAB713916,ENC105870,PT10055,TROP,"Troponin I, High Sensitivity",3,ng/L,0,34,N,STAT,2024-07-18 16:28,2024-07-18 16:51,2024-07-18 17:43
LAB713917,ENC105871,PT13735,GLU,Glucose,80,mg/dL,70,99,N,Routine,2024-07-18 16:50,2024-07-18 16:59,2024-07-18 20:23
LAB713918,ENC105871,PT13735,CREAT,Creatinine,1.04,mg/dL,0.6,1.3,N,STAT,2024-07-18 17:16,2024-07-18 17:24,2024-07-18 18:26
LAB713919,ENC105871,PT13735,WBC,White Blood Cell Count,11.7,K/uL,4.5,11,H,STAT,2024-07-18 17:14,2024-07-18 17:23,2024-07-18 17:56
LAB713920,ENC105873,PT10125,GLU,Glucose,128,mg/dL,70,99,H,Routine,2024-07-18 18:49,2024-07-18 19:07,2024-07-18 22:44
LAB713921,ENC105873,PT10125,CREAT,Creatinine,1.2,mg/dL,0.6,1.3,N,STAT,2024-07-18 19:31,2024-07-18 19:39,2024-07-18 20:02
LAB713922,ENC105873,PT10125,WBC,White Blood Cell Count,12.1,K/uL,4.5,11,H,STAT,2024-07-18 18:41,2024-07-18 19:03,2024-07-18 21:05
LAB713923,ENC105873,PT10125,HGB,Hemoglobin,13.5,g/dL,12,17.5,N,Routine,2024-07-18 19:07,2024-07-18 19:25,2024-07-19 04:17
LAB713924,ENC105874,PT13695,TROP,"Troponin I, High Sensitivity",69,ng/L,0,34,H,STAT,2024-07-18 19:37,2024-07-18 19:56,2024-07-18 20:49
LAB713925,ENC105875,PT12839,GLU,Glucose,103,mg/dL,70,99,H,Routine,2024-07-18 21:50,2024-07-18 21:54,2024-07-19 00:25
LAB713926,ENC105875,PT12839,CREAT,Creatinine,0.49,mg/dL,0.6,1.3,L,STAT,2024-07-18 21:50,2024-07-18 22:21,2024-07-18 22:45
LAB713927,ENC105875,PT12839,WBC,White Blood Cell Count,9.5,K/uL,4.5,11,N,Routine,2024-07-18 22:31,2024-07-18 22:40,2024-07-19 00:17
LAB713928,ENC105875,PT12839,HGB,Hemoglobin,14.1,g/dL,12,17.5,N,STAT,2024-07-18 22:02,2024-07-18 22:17,2024-07-18 22:56
LAB713929,ENC105875,PT12839,NA,Sodium,140,mmol/L,136,145,N,STAT,2024-07-18 22:44,2024-07-18 23:01,2024-07-18 23:47
LAB713930,ENC105875,PT12839,K,Potassium,3.8,mmol/L,3.5,5.1,N,STAT,2024-07-18 22:45,2024-07-18 23:06,2024-07-18 23:40
LAB713931,ENC105877,PT13594,GLU,Glucose,107,mg/dL,70,99,H,STAT,2024-07-19 05:18,2024-07-19 05:32,2024-07-19 06:04
LAB713932,ENC105877,PT13594,CREAT,Creatinine,0.57,mg/dL,0.6,1.3,L,Routine,2024-07-19 06:10,2024-07-19 06:28,2024-07-19 10:45
LAB713933,ENC105877,PT13594,WBC,White Blood Cell Count,7.3,K/uL,4.5,11,N,STAT,2024-07-19 05:29,2024-07-19 06:02,2024-07-19 06:42
LAB713934,ENC105877,PT13594,HGB,Hemoglobin,15.3,g/dL,12,17.5,N,Routine,2024-07-19 05:44,2024-07-19 06:17,2024-07-19 10:14
LAB713935,ENC105878,PT11874,GLU,Glucose,139,mg/dL,70,99,H,Routine,2024-07-19 09:13,2024-07-19 09:19,2024-07-19 11:52
LAB713936,ENC105878,PT11874,CREAT,Creatinine,0.82,mg/dL,0.6,1.3,N,STAT,2024-07-19 09:21,2024-07-19 09:55,2024-07-19 10:29
LAB713937,ENC105878,PT11874,WBC,White Blood Cell Count,7.2,K/uL,4.5,11,N,Routine,2024-07-19 08:46,2024-07-19 09:17,2024-07-19 11:17
LAB713938,ENC105878,PT11874,HGB,Hemoglobin,14,g/dL,12,17.5,N,STAT,2024-07-19 08:31,2024-07-19 08:47,2024-07-19 09:30
LAB713939,ENC105878,PT11874,NA,Sodium,137,mmol/L,136,145,N,STAT,2024-07-19 09:28,2024-07-19 09:51,2024-07-19 10:33
LAB713940,ENC105878,PT11874,K,Potassium,4,mmol/L,3.5,5.1,N,STAT,2024-07-19 08:30,2024-07-19 08:42,2024-07-19 09:24
LAB713941,ENC105880,PT10036,GLU,Glucose,140,mg/dL,70,99,H,Routine,2024-07-19 11:07,2024-07-19 11:38,2024-07-19 13:31
LAB713942,ENC105880,PT10036,CREAT,Creatinine,1.16,mg/dL,0.6,1.3,N,STAT,2024-07-19 11:26,2024-07-19 11:44,2024-07-19 12:29
LAB713943,ENC105880,PT10036,WBC,White Blood Cell Count,6.9,K/uL,4.5,11,N,Routine,2024-07-19 11:31,2024-07-19 11:36,2024-07-19 17:02
LAB713944,ENC105880,PT10036,HGB,Hemoglobin,14.6,g/dL,12,17.5,N,STAT,2024-07-19 10:56,2024-07-19 11:19,2024-07-19 11:50
LAB713945,ENC105883,PT10895,GLU,Glucose,262,mg/dL,70,99,H,STAT,2024-07-19 11:14,2024-07-19 11:27,2024-07-19 13:03
LAB713946,ENC105883,PT10895,CREAT,Creatinine,0.99,mg/dL,0.6,1.3,N,STAT,2024-07-19 11:05,2024-07-19 11:19,2024-07-19 12:35
LAB713947,ENC105883,PT10895,WBC,White Blood Cell Count,8.2,K/uL,4.5,11,N,STAT,2024-07-19 11:16,2024-07-19 11:21,2024-07-19 11:59
LAB713948,ENC105883,PT10895,HGB,Hemoglobin,14.1,g/dL,12,17.5,N,STAT,2024-07-19 11:38,2024-07-19 11:45,2024-07-19 12:35
LAB713949,ENC105883,PT10895,NA,Sodium,141,mmol/L,136,145,N,STAT,2024-07-19 11:29,2024-07-19 11:40,2024-07-19 12:27
LAB713950,ENC105883,PT10895,K,Potassium,4.1,mmol/L,3.5,5.1,N,STAT,2024-07-19 10:38,2024-07-19 10:45,2024-07-19 11:35
LAB713951,ENC105885,PT11776,GLU,Glucose,194,mg/dL,70,99,H,Routine,2024-07-19 12:48,2024-07-19 13:21,2024-07-19 16:52
LAB713952,ENC105885,PT11776,CREAT,Creatinine,1.08,mg/dL,0.6,1.3,N,Routine,2024-07-19 13:27,2024-07-19 13:39,2024-07-19 15:37
LAB713953,ENC105885,PT11776,WBC,White Blood Cell Count,7.1,K/uL,4.5,11,N,STAT,2024-07-19 13:46,2024-07-19 14:05,2024-07-19 15:04
LAB713954,ENC105885,PT11776,HGB,Hemoglobin,13.8,g/dL,12,17.5,N,Routine,2024-07-19 13:00,2024-07-19 13:19,2024-07-19 16:31
LAB713955,ENC105885,PT11776,NA,Sodium,141,mmol/L,136,145,N,STAT,2024-07-19 13:42,2024-07-19 14:03,2024-07-19 14:55
LAB713956,ENC105885,PT11776,K,Potassium,4.4,mmol/L,3.5,5.1,N,STAT,2024-07-19 13:53,2024-07-19 14:25,2024-07-19 14:59
LAB713957,ENC105885,PT11776,TROP,"Troponin I, High Sensitivity",6,ng/L,0,34,N,STAT,2024-07-19 13:40,2024-07-19 14:06,2024-07-19 16:00
LAB713958,ENC105886,PT12642,GLU,Glucose,97,mg/dL,70,99,N,STAT,2024-07-19 13:50,2024-07-19 14:12,2024-07-19 14:38
LAB713959,ENC105886,PT12642,CREAT,Creatinine,2.45,mg/dL,0.6,1.3,H,STAT,2024-07-19 13:29,2024-07-19 13:33,2024-07-19 14:25
LAB713960,ENC105886,PT12642,WBC,White Blood Cell Count,6.7,K/uL,4.5,11,N,STAT,2024-07-19 13:34,2024-07-19 13:48,2024-07-19 14:09
LAB713961,ENC105886,PT12642,HGB,Hemoglobin,14.6,g/dL,12,17.5,N,STAT,2024-07-19 13:40,2024-07-19 14:01,2024-07-19 14:45
LAB713962,ENC105886,PT12642,NA,Sodium,139,mmol/L,136,145,N,Routine,2024-07-19 13:52,2024-07-19 14:20,2024-07-19 19:16
LAB713963,ENC105886,PT12642,K,Potassium,6,mmol/L,3.5,5.1,H,STAT,2024-07-19 14:36,2024-07-19 15:07,2024-07-19 16:11
LAB713964,ENC105887,PT11758,GLU,Glucose,103,mg/dL,70,99,H,STAT,2024-07-19 11:54,2024-07-19 11:59,2024-07-19 12:51
LAB713965,ENC105887,PT11758,CREAT,Creatinine,1.13,mg/dL,0.6,1.3,N,STAT,2024-07-19 12:18,2024-07-19 12:30,2024-07-19 12:53
LAB713966,ENC105887,PT11758,WBC,White Blood Cell Count,7.6,K/uL,4.5,11,N,Routine,2024-07-19 11:56,2024-07-19 12:22,2024-07-19 14:05
LAB713967,ENC105888,PT13193,GLU,Glucose,98,mg/dL,70,99,N,STAT,2024-07-19 14:21,2024-07-19 14:49,2024-07-19 15:15
LAB713968,ENC105888,PT13193,CREAT,Creatinine,0.59,mg/dL,0.6,1.3,L,Routine,2024-07-19 15:26,2024-07-19 15:49,2024-07-19 17:07
LAB713969,ENC105888,PT13193,WBC,White Blood Cell Count,7.6,K/uL,4.5,11,N,STAT,2024-07-19 14:53,2024-07-19 14:57,2024-07-19 16:02
LAB713970,ENC105888,PT13193,HGB,Hemoglobin,13.3,g/dL,12,17.5,N,Routine,2024-07-19 15:07,2024-07-19 15:28,2024-07-19 23:10
LAB713971,ENC105888,PT13193,INR,Prothrombin Time INR,1,ratio,0.8,1.2,N,STAT,2024-07-19 14:57,2024-07-19 15:26,2024-07-19 16:08
LAB713972,ENC105889,PT11889,TROP,"Troponin I, High Sensitivity",9,ng/L,0,34,N,STAT,2024-07-19 13:34,2024-07-19 13:53,2024-07-19 14:36
LAB713973,ENC105890,PT10981,GLU,Glucose,95,mg/dL,70,99,N,STAT,2024-07-19 13:46,2024-07-19 14:16,2024-07-19 14:47
LAB713974,ENC105890,PT10981,CREAT,Creatinine,1,mg/dL,0.6,1.3,N,STAT,2024-07-19 12:54,2024-07-19 13:26,2024-07-19 14:32
LAB713975,ENC105890,PT10981,WBC,White Blood Cell Count,10.2,K/uL,4.5,11,N,Routine,2024-07-19 13:24,2024-07-19 13:47,2024-07-19 18:55
LAB713976,ENC105890,PT10981,HGB,Hemoglobin,15.5,g/dL,12,17.5,N,STAT,2024-07-19 12:48,2024-07-19 13:18,2024-07-19 14:28
LAB713977,ENC105892,PT13424,GLU,Glucose,95,mg/dL,70,99,N,STAT,2024-07-19 13:24,2024-07-19 13:30,2024-07-19 14:13
LAB713978,ENC105892,PT13424,CREAT,Creatinine,0.89,mg/dL,0.6,1.3,N,STAT,2024-07-19 13:14,2024-07-19 13:49,2024-07-19 15:16
LAB713979,ENC105892,PT13424,WBC,White Blood Cell Count,17.9,K/uL,4.5,11,H,STAT,2024-07-19 13:05,2024-07-19 13:09,2024-07-19 13:47
LAB713980,ENC105892,PT13424,HGB,Hemoglobin,12.3,g/dL,12,17.5,N,STAT,2024-07-19 13:24,2024-07-19 13:52,2024-07-19 14:15
LAB713981,ENC105894,PT10135,A1C,Hemoglobin A1c,7.1,%,4,5.6,H,Routine,2024-07-19 13:58,2024-07-19 14:14,2024-07-20 19:18
LAB713982,ENC105897,PT10249,GLU,Glucose,121,mg/dL,70,99,H,STAT,2024-07-19 20:12,2024-07-19 20:34,2024-07-19 21:45
LAB713983,ENC105897,PT10249,CREAT,Creatinine,1.04,mg/dL,0.6,1.3,N,STAT,2024-07-19 21:01,2024-07-19 21:13,2024-07-19 21:37
LAB713984,ENC105897,PT10249,WBC,White Blood Cell Count,7,K/uL,4.5,11,N,Routine,2024-07-19 21:03,2024-07-19 21:13,2024-07-20 11:31
LAB713985,ENC105897,PT10249,HGB,Hemoglobin,12.9,g/dL,12,17.5,N,Routine,2024-07-19 20:54,2024-07-19 21:16,2024-07-19 22:46
LAB713986,ENC105897,PT10249,BUN,Blood Urea Nitrogen,17,mg/dL,7,20,N,Routine,2024-07-19 20:41,2024-07-19 21:10,2024-07-20 02:16
LAB713987,ENC105897,PT10249,PLT,Platelet Count,187,K/uL,150,400,N,STAT,2024-07-19 20:51,2024-07-19 21:05,2024-07-19 21:35
LAB713988,ENC105898,PT12451,GLU,Glucose,123,mg/dL,70,99,H,Routine,2024-07-19 19:57,2024-07-19 20:26,2024-07-19 23:33
LAB713989,ENC105898,PT12451,CREAT,Creatinine,0.92,mg/dL,0.6,1.3,N,STAT,2024-07-19 19:35,2024-07-19 20:04,2024-07-19 20:37
LAB713990,ENC105898,PT12451,WBC,White Blood Cell Count,5.8,K/uL,4.5,11,N,Routine,2024-07-19 20:14,2024-07-19 20:48,2024-07-19 22:33
LAB713991,ENC105898,PT12451,HGB,Hemoglobin,15.5,g/dL,12,17.5,N,Routine,2024-07-19 19:51,2024-07-19 20:11,2024-07-19 22:58
LAB713992,ENC105898,PT12451,TROP,"Troponin I, High Sensitivity",6,ng/L,0,34,N,STAT,2024-07-19 19:59,2024-07-19 20:23,2024-07-19 20:57
LAB713993,ENC105899,PT12529,GLU,Glucose,80,mg/dL,70,99,N,Routine,2024-07-19 19:44,2024-07-19 20:07,2024-07-19 22:57
LAB713994,ENC105899,PT12529,CREAT,Creatinine,0.92,mg/dL,0.6,1.3,N,Routine,2024-07-19 20:27,2024-07-19 20:49,2024-07-19 21:54
LAB713995,ENC105899,PT12529,WBC,White Blood Cell Count,8.5,K/uL,4.5,11,N,STAT,2024-07-19 20:39,2024-07-19 21:01,2024-07-19 22:20
LAB713996,ENC105899,PT12529,HGB,Hemoglobin,13.7,g/dL,12,17.5,N,STAT,2024-07-19 19:52,2024-07-19 20:24,2024-07-19 21:41
LAB713997,ENC105899,PT12529,TROP,"Troponin I, High Sensitivity",40,ng/L,0,34,H,STAT,2024-07-19 20:19,2024-07-19 20:49,2024-07-19 21:25
LAB713998,ENC105899,PT12529,BNP,B-Type Natriuretic Peptide,1248,pg/mL,0,100,H,STAT,2024-07-19 20:45,2024-07-19 21:17,2024-07-19 21:37
LAB713999,ENC105900,PT12133,GLU,Glucose,82,mg/dL,70,99,N,STAT,2024-07-20 00:35,2024-07-20 00:53,2024-07-20 01:32
LAB714000,ENC105900,PT12133,CREAT,Creatinine,1.01,mg/dL,0.6,1.3,N,STAT,2024-07-20 00:14,2024-07-20 00:23,2024-07-20 00:58
LAB714001,ENC105900,PT12133,WBC,White Blood Cell Count,8,K/uL,4.5,11,N,STAT,2024-07-20 00:11,2024-07-20 00:25,2024-07-20 01:19
LAB714002,ENC105900,PT12133,HGB,Hemoglobin,12.9,g/dL,12,17.5,N,STAT,2024-07-20 00:16,2024-07-20 00:35,2024-07-20 02:00
LAB714003,ENC105900,PT12133,NA,Sodium,140,mmol/L,136,145,N,Routine,2024-07-20 00:24,2024-07-20 00:59,2024-07-20 03:26
LAB714004,ENC105900,PT12133,K,Potassium,4.3,mmol/L,3.5,5.1,N,STAT,2024-07-20 00:11,2024-07-20 00:21,2024-07-20 01:08
LAB714005,ENC105902,PT10589,GLU,Glucose,105,mg/dL,70,99,H,Routine,2024-07-19 22:44,2024-07-19 22:59,2024-07-20 03:21
LAB714006,ENC105902,PT10589,CREAT,Creatinine,0.69,mg/dL,0.6,1.3,N,Routine,2024-07-19 23:25,2024-07-19 23:58,2024-07-20 02:30
LAB714007,ENC105902,PT10589,WBC,White Blood Cell Count,9.5,K/uL,4.5,11,N,STAT,2024-07-19 22:54,2024-07-19 23:10,2024-07-20 00:07
LAB714008,ENC105902,PT10589,HGB,Hemoglobin,13.8,g/dL,12,17.5,N,STAT,2024-07-19 23:22,2024-07-19 23:33,2024-07-20 00:08
LAB714009,ENC105903,PT13940,GLU,Glucose,145,mg/dL,70,99,H,Routine,2024-07-20 01:17,2024-07-20 01:28,2024-07-20 04:34
LAB714010,ENC105903,PT13940,CREAT,Creatinine,0.96,mg/dL,0.6,1.3,N,Routine,2024-07-20 01:03,2024-07-20 01:09,2024-07-20 06:57
LAB714011,ENC105903,PT13940,WBC,White Blood Cell Count,5.8,K/uL,4.5,11,N,Routine,2024-07-20 00:48,2024-07-20 01:00,2024-07-20 03:28
LAB714012,ENC105903,PT13940,HGB,Hemoglobin,14.5,g/dL,12,17.5,N,STAT,2024-07-20 01:12,2024-07-20 01:45,2024-07-20 02:30
LAB714013,ENC105903,PT13940,NA,Sodium,143,mmol/L,136,145,N,STAT,2024-07-20 01:17,2024-07-20 01:38,2024-07-20 02:23
LAB714014,ENC105903,PT13940,K,Potassium,4,mmol/L,3.5,5.1,N,STAT,2024-07-20 01:23,2024-07-20 01:46,2024-07-20 02:49
LAB714015,ENC105904,PT10409,GLU,Glucose,95,mg/dL,70,99,N,STAT,2024-07-20 09:03,2024-07-20 09:25,2024-07-20 10:03
LAB714016,ENC105904,PT10409,CREAT,Creatinine,1.16,mg/dL,0.6,1.3,N,STAT,2024-07-20 08:44,2024-07-20 09:03,2024-07-20 10:06
LAB714017,ENC105904,PT10409,WBC,White Blood Cell Count,8.1,K/uL,4.5,11,N,STAT,2024-07-20 08:42,2024-07-20 09:02,2024-07-20 10:27
LAB714018,ENC105904,PT10409,HGB,Hemoglobin,11.8,g/dL,12,17.5,L,Routine,2024-07-20 09:42,2024-07-20 09:48,2024-07-20 12:04
LAB714019,ENC105904,PT10409,TROP,"Troponin I, High Sensitivity",68,ng/L,0,34,H,STAT,2024-07-20 09:46,2024-07-20 10:09,2024-07-20 10:25
LAB714020,ENC105904,PT10409,BNP,B-Type Natriuretic Peptide,882,pg/mL,0,100,H,STAT,2024-07-20 09:48,2024-07-20 10:01,2024-07-20 10:30
LAB714021,ENC105905,PT13070,GLU,Glucose,111,mg/dL,70,99,H,Routine,2024-07-20 09:37,2024-07-20 09:49,2024-07-20 12:26
LAB714022,ENC105905,PT13070,CREAT,Creatinine,2.3,mg/dL,0.6,1.3,H,STAT,2024-07-20 10:23,2024-07-20 10:39,2024-07-20 11:18
LAB714023,ENC105905,PT13070,WBC,White Blood Cell Count,10.1,K/uL,4.5,11,N,STAT,2024-07-20 10:11,2024-07-20 10:40,2024-07-20 11:26
LAB714024,ENC105905,PT13070,HGB,Hemoglobin,11.9,g/dL,12,17.5,L,STAT,2024-07-20 10:03,2024-07-20 10:29,2024-07-20 11:12
LAB714025,ENC105905,PT13070,TROP,"Troponin I, High Sensitivity",0,ng/L,0,34,N,STAT,2024-07-20 10:26,2024-07-20 11:01,2024-07-20 11:57
LAB714026,ENC105907,PT12784,GLU,Glucose,178,mg/dL,70,99,H,Routine,2024-07-20 12:48,2024-07-20 13:01,2024-07-20 16:35
LAB714027,ENC105907,PT12784,CREAT,Creatinine,0.8,mg/dL,0.6,1.3,N,STAT,2024-07-20 12:32,2024-07-20 12:37,2024-07-20 13:40
LAB714028,ENC105909,PT10285,GLU,Glucose,104,mg/dL,70,99,H,STAT,2024-07-20 16:44,2024-07-20 16:50,2024-07-20 17:32
LAB714029,ENC105909,PT10285,CREAT,Creatinine,1.99,mg/dL,0.6,1.3,H,STAT,2024-07-20 16:43,2024-07-20 16:47,2024-07-20 17:58
LAB714030,ENC105909,PT10285,WBC,White Blood Cell Count,11.3,K/uL,4.5,11,H,STAT,2024-07-20 16:36,2024-07-20 16:58,2024-07-20 17:49
LAB714031,ENC105909,PT10285,HGB,Hemoglobin,11.1,g/dL,12,17.5,L,STAT,2024-07-20 16:01,2024-07-20 16:23,2024-07-20 16:55
LAB714032,ENC105909,PT10285,NA,Sodium,125,mmol/L,136,145,L,STAT,2024-07-20 15:56,2024-07-20 16:26,2024-07-20 17:45
LAB714033,ENC105909,PT10285,K,Potassium,4,mmol/L,3.5,5.1,N,STAT,2024-07-20 16:13,2024-07-20 16:35,2024-07-20 17:01
LAB714034,ENC105910,PT11448,GLU,Glucose,93,mg/dL,70,99,N,Routine,2024-07-20 14:18,2024-07-20 14:39,2024-07-20 17:38
LAB714035,ENC105910,PT11448,CREAT,Creatinine,0.91,mg/dL,0.6,1.3,N,STAT,2024-07-20 13:45,2024-07-20 13:51,2024-07-20 14:09
LAB714036,ENC105910,PT11448,WBC,White Blood Cell Count,4.6,K/uL,4.5,11,N,STAT,2024-07-20 13:45,2024-07-20 14:13,2024-07-20 15:27
LAB714037,ENC105910,PT11448,HGB,Hemoglobin,12.7,g/dL,12,17.5,N,Routine,2024-07-20 13:15,2024-07-20 13:40,2024-07-20 16:20
LAB714038,ENC105912,PT12915,GLU,Glucose,107,mg/dL,70,99,H,STAT,2024-07-20 15:22,2024-07-20 15:41,2024-07-20 16:18
LAB714039,ENC105912,PT12915,CREAT,Creatinine,1.13,mg/dL,0.6,1.3,N,Routine,2024-07-20 15:57,2024-07-20 16:23,2024-07-20 19:41
LAB714040,ENC105912,PT12915,TROP,"Troponin I, High Sensitivity",15,ng/L,0,34,N,STAT,2024-07-20 15:39,2024-07-20 15:43,2024-07-20 16:42
LAB714041,ENC105914,PT11232,GLU,Glucose,166,mg/dL,70,99,H,STAT,2024-07-20 21:00,2024-07-20 21:13,2024-07-20 21:58
LAB714042,ENC105914,PT11232,CREAT,Creatinine,1.01,mg/dL,0.6,1.3,N,STAT,2024-07-20 20:55,2024-07-20 21:29,2024-07-20 22:18
LAB714043,ENC105914,PT11232,WBC,White Blood Cell Count,7.5,K/uL,4.5,11,N,Routine,2024-07-20 20:57,2024-07-20 21:26,2024-07-20 23:00
LAB714044,ENC105914,PT11232,HGB,Hemoglobin,14.8,g/dL,12,17.5,N,STAT,2024-07-20 21:02,2024-07-20 21:09,2024-07-20 21:41
LAB714045,ENC105915,PT10301,GLU,Glucose,100,mg/dL,70,99,H,STAT,2024-07-20 20:50,2024-07-20 20:56,2024-07-20 21:37
LAB714046,ENC105915,PT10301,CREAT,Creatinine,1.07,mg/dL,0.6,1.3,N,Routine,2024-07-20 20:41,2024-07-20 21:03,2024-07-20 23:39
LAB714047,ENC105915,PT10301,WBC,White Blood Cell Count,8.8,K/uL,4.5,11,N,STAT,2024-07-20 21:30,2024-07-20 21:45,2024-07-20 22:37
LAB714048,ENC105915,PT10301,HGB,Hemoglobin,13.7,g/dL,12,17.5,N,Routine,2024-07-20 21:35,2024-07-20 21:49,2024-07-21 04:36
LAB714049,ENC105916,PT11465,GLU,Glucose,125,mg/dL,70,99,H,Routine,2024-07-21 00:25,2024-07-21 00:54,2024-07-21 03:59
LAB714050,ENC105916,PT11465,CREAT,Creatinine,0.96,mg/dL,0.6,1.3,N,STAT,2024-07-21 00:35,2024-07-21 00:41,2024-07-21 01:59
LAB714051,ENC105916,PT11465,WBC,White Blood Cell Count,6.5,K/uL,4.5,11,N,Routine,2024-07-21 00:14,2024-07-21 00:49,2024-07-21 02:42
LAB714052,ENC105916,PT11465,HGB,Hemoglobin,13.1,g/dL,12,17.5,N,STAT,2024-07-21 00:39,2024-07-21 01:00,2024-07-21 01:28
LAB714053,ENC105917,PT11596,GLU,Glucose,117,mg/dL,70,99,H,STAT,2024-07-21 00:34,2024-07-21 00:54,2024-07-21 02:03
LAB714054,ENC105917,PT11596,CREAT,Creatinine,1.05,mg/dL,0.6,1.3,N,Routine,2024-07-21 01:10,2024-07-21 01:37,2024-07-21 03:32
LAB714055,ENC105917,PT11596,WBC,White Blood Cell Count,8.9,K/uL,4.5,11,N,Routine,2024-07-21 00:23,2024-07-21 00:55,2024-07-21 04:18
LAB714056,ENC105918,PT13991,GLU,Glucose,66,mg/dL,70,99,L,Routine,2024-07-21 05:50,2024-07-21 06:22,2024-07-21 09:10
LAB714057,ENC105918,PT13991,CREAT,Creatinine,1.04,mg/dL,0.6,1.3,N,Routine,2024-07-21 05:55,2024-07-21 06:15,2024-07-21 09:15
LAB714058,ENC105918,PT13991,WBC,White Blood Cell Count,5.7,K/uL,4.5,11,N,STAT,2024-07-21 05:45,2024-07-21 06:05,2024-07-21 07:07
LAB714059,ENC105918,PT13991,HGB,Hemoglobin,13.6,g/dL,12,17.5,N,Routine,2024-07-21 05:39,2024-07-21 05:43,2024-07-21 08:30
LAB714060,ENC105918,PT13991,INR,Prothrombin Time INR,3.3,ratio,0.8,1.2,H,Routine,2024-07-21 06:41,2024-07-21 06:53,2024-07-21 09:18
LAB714061,ENC105919,PT13439,GLU,Glucose,86,mg/dL,70,99,N,STAT,2024-07-21 07:43,2024-07-21 07:54,2024-07-21 09:20
LAB714062,ENC105919,PT13439,CREAT,Creatinine,1.08,mg/dL,0.6,1.3,N,Routine,2024-07-21 07:30,2024-07-21 07:46,2024-07-21 10:03
LAB714063,ENC105919,PT13439,WBC,White Blood Cell Count,8.4,K/uL,4.5,11,N,STAT,2024-07-21 07:08,2024-07-21 07:23,2024-07-21 08:09
LAB714064,ENC105919,PT13439,HGB,Hemoglobin,15.2,g/dL,12,17.5,N,Routine,2024-07-21 08:11,2024-07-21 08:30,2024-07-21 11:33
LAB714065,ENC105919,PT13439,INR,Prothrombin Time INR,1,ratio,0.8,1.2,N,Routine,2024-07-21 07:50,2024-07-21 08:24,2024-07-21 11:16
LAB714066,ENC105922,PT11627,GLU,Glucose,105,mg/dL,70,99,H,STAT,2024-07-21 09:46,2024-07-21 10:19,2024-07-21 11:11
LAB714067,ENC105922,PT11627,CREAT,Creatinine,0.87,mg/dL,0.6,1.3,N,Routine,2024-07-21 09:21,2024-07-21 09:53,2024-07-21 13:08
LAB714068,ENC105922,PT11627,WBC,White Blood Cell Count,6.6,K/uL,4.5,11,N,Routine,2024-07-21 09:56,2024-07-21 10:18,2024-07-21 11:50
LAB714069,ENC105922,PT11627,HGB,Hemoglobin,11.9,g/dL,12,17.5,L,STAT,2024-07-21 09:30,2024-07-21 09:39,2024-07-21 10:32
LAB714070,ENC105922,PT11627,NA,Sodium,142,mmol/L,136,145,N,STAT,2024-07-21 10:11,2024-07-21 10:39,2024-07-21 11:21
LAB714071,ENC105922,PT11627,K,Potassium,4.4,mmol/L,3.5,5.1,N,STAT,2024-07-21 09:15,2024-07-21 09:26,2024-07-21 10:18
LAB714072,ENC105923,PT11230,GLU,Glucose,136,mg/dL,70,99,H,STAT,2024-07-21 14:24,2024-07-21 14:35,2024-07-21 15:16
LAB714073,ENC105923,PT11230,CREAT,Creatinine,2.03,mg/dL,0.6,1.3,H,Routine,2024-07-21 14:03,2024-07-21 14:36,2024-07-21 17:28
LAB714074,ENC105923,PT11230,WBC,White Blood Cell Count,16.4,K/uL,4.5,11,H,STAT,2024-07-21 14:20,2024-07-21 14:48,2024-07-21 15:52
LAB714075,ENC105923,PT11230,HGB,Hemoglobin,13.5,g/dL,12,17.5,N,STAT,2024-07-21 15:02,2024-07-21 15:16,2024-07-21 16:29
LAB714076,ENC105923,PT11230,NA,Sodium,141,mmol/L,136,145,N,Routine,2024-07-21 14:20,2024-07-21 14:53,2024-07-21 17:29
LAB714077,ENC105923,PT11230,K,Potassium,3.6,mmol/L,3.5,5.1,N,STAT,2024-07-21 14:33,2024-07-21 15:01,2024-07-21 16:11
LAB714078,ENC105923,PT11230,LACT,Lactate,4.8,mmol/L,0.5,2,HH,STAT,2024-07-21 14:20,2024-07-21 14:32,2024-07-21 14:55
LAB714079,ENC105926,PT11287,GLU,Glucose,87,mg/dL,70,99,N,Routine,2024-07-21 17:01,2024-07-21 17:07,2024-07-21 19:01
LAB714080,ENC105926,PT11287,CREAT,Creatinine,0.52,mg/dL,0.6,1.3,L,STAT,2024-07-21 16:36,2024-07-21 17:06,2024-07-21 18:04
LAB714081,ENC105926,PT11287,WBC,White Blood Cell Count,10.2,K/uL,4.5,11,N,STAT,2024-07-21 16:16,2024-07-21 16:21,2024-07-21 17:46
LAB714082,ENC105926,PT11287,HGB,Hemoglobin,14.5,g/dL,12,17.5,N,STAT,2024-07-21 16:33,2024-07-21 16:48,2024-07-21 17:29
LAB714083,ENC105926,PT11287,NA,Sodium,136,mmol/L,136,145,N,Routine,2024-07-21 16:44,2024-07-21 17:14,2024-07-21 19:51
LAB714084,ENC105926,PT11287,K,Potassium,3.5,mmol/L,3.5,5.1,N,STAT,2024-07-21 16:47,2024-07-21 16:55,2024-07-21 17:26
LAB714085,ENC105928,PT13205,GLU,Glucose,67,mg/dL,70,99,L,STAT,2024-07-21 14:20,2024-07-21 14:39,2024-07-21 15:32
LAB714086,ENC105928,PT13205,CREAT,Creatinine,0.89,mg/dL,0.6,1.3,N,STAT,2024-07-21 13:51,2024-07-21 13:56,2024-07-21 14:42
LAB714087,ENC105928,PT13205,WBC,White Blood Cell Count,7.5,K/uL,4.5,11,N,STAT,2024-07-21 13:40,2024-07-21 14:00,2024-07-21 14:23
LAB714088,ENC105928,PT13205,TROP,"Troponin I, High Sensitivity",10,ng/L,0,34,N,STAT,2024-07-21 14:37,2024-07-21 14:47,2024-07-21 15:37
LAB714089,ENC105930,PT10103,GLU,Glucose,118,mg/dL,70,99,H,Routine,2024-07-21 19:38,2024-07-21 19:48,2024-07-21 21:08
LAB714090,ENC105930,PT10103,CREAT,Creatinine,0.95,mg/dL,0.6,1.3,N,Routine,2024-07-21 20:19,2024-07-21 20:29,2024-07-21 23:52
LAB714091,ENC105930,PT10103,WBC,White Blood Cell Count,6.2,K/uL,4.5,11,N,STAT,2024-07-21 20:07,2024-07-21 20:25,2024-07-21 21:04
LAB714092,ENC105930,PT10103,HGB,Hemoglobin,15.1,g/dL,12,17.5,N,Routine,2024-07-21 20:09,2024-07-21 20:36,2024-07-21 21:34
LAB714093,ENC105930,PT10103,NA,Sodium,123,mmol/L,136,145,L,STAT,2024-07-21 19:36,2024-07-21 20:08,2024-07-21 21:51
LAB714094,ENC105930,PT10103,K,Potassium,4.5,mmol/L,3.5,5.1,N,STAT,2024-07-21 20:18,2024-07-21 20:38,2024-07-21 21:20
LAB714095,ENC105930,PT10103,BUN,Blood Urea Nitrogen,14,mg/dL,7,20,N,STAT,2024-07-21 20:15,2024-07-21 20:27,2024-07-21 21:45
LAB714096,ENC105930,PT10103,PLT,Platelet Count,237,K/uL,150,400,N,STAT,2024-07-21 20:10,2024-07-21 20:15,2024-07-21 20:47
LAB714097,ENC105933,PT11637,GLU,Glucose,69,mg/dL,70,99,L,STAT,2024-07-21 19:08,2024-07-21 19:41,2024-07-21 20:21
LAB714098,ENC105933,PT11637,CREAT,Creatinine,1.08,mg/dL,0.6,1.3,N,STAT,2024-07-21 18:44,2024-07-21 19:12,2024-07-21 19:42
LAB714099,ENC105934,PT10897,GLU,Glucose,108,mg/dL,70,99,H,Routine,2024-07-21 22:09,2024-07-21 22:32,2024-07-22 05:22
LAB714100,ENC105934,PT10897,CREAT,Creatinine,0.94,mg/dL,0.6,1.3,N,STAT,2024-07-21 21:10,2024-07-21 21:26,2024-07-21 22:30
LAB714101,ENC105935,PT11151,GLU,Glucose,122,mg/dL,70,99,H,STAT,2024-07-21 22:01,2024-07-21 22:11,2024-07-21 22:54
LAB714102,ENC105935,PT11151,CREAT,Creatinine,0.77,mg/dL,0.6,1.3,N,Routine,2024-07-21 21:11,2024-07-21 21:15,2024-07-22 00:29
LAB714103,ENC105935,PT11151,WBC,White Blood Cell Count,9,K/uL,4.5,11,N,STAT,2024-07-21 21:11,2024-07-21 21:40,2024-07-21 22:08
LAB714104,ENC105935,PT11151,HGB,Hemoglobin,12.7,g/dL,12,17.5,N,STAT,2024-07-21 22:05,2024-07-21 22:30,2024-07-21 23:34
LAB714105,ENC105935,PT11151,NA,Sodium,118,mmol/L,136,145,LL,STAT,2024-07-21 21:17,2024-07-21 21:45,2024-07-21 22:53
LAB714106,ENC105935,PT11151,K,Potassium,4.1,mmol/L,3.5,5.1,N,STAT,2024-07-21 21:38,2024-07-21 22:03,2024-07-21 22:48
LAB714107,ENC105936,PT13295,GLU,Glucose,85,mg/dL,70,99,N,STAT,2024-07-21 22:38,2024-07-21 23:04,2024-07-21 23:51
LAB714108,ENC105936,PT13295,CREAT,Creatinine,0.42,mg/dL,0.6,1.3,L,Routine,2024-07-21 21:53,2024-07-21 22:28,2024-07-22 02:42
LAB714109,ENC105937,PT10835,GLU,Glucose,95,mg/dL,70,99,N,Routine,2024-07-22 08:53,2024-07-22 09:00,2024-07-22 11:26
LAB714110,ENC105937,PT10835,CREAT,Creatinine,1.01,mg/dL,0.6,1.3,N,STAT,2024-07-22 08:38,2024-07-22 09:13,2024-07-22 09:49
LAB714111,ENC105937,PT10835,WBC,White Blood Cell Count,6.4,K/uL,4.5,11,N,Routine,2024-07-22 08:30,2024-07-22 08:46,2024-07-22 12:18
LAB714112,ENC105937,PT10835,HGB,Hemoglobin,14.4,g/dL,12,17.5,N,STAT,2024-07-22 08:20,2024-07-22 08:41,2024-07-22 09:31
LAB714113,ENC105938,PT12008,GLU,Glucose,111,mg/dL,70,99,H,Routine,2024-07-22 09:04,2024-07-22 09:08,2024-07-22 15:16
LAB714114,ENC105938,PT12008,CREAT,Creatinine,2.72,mg/dL,0.6,1.3,H,Routine,2024-07-22 09:03,2024-07-22 09:16,2024-07-22 11:40
LAB714115,ENC105938,PT12008,WBC,White Blood Cell Count,9.1,K/uL,4.5,11,N,STAT,2024-07-22 09:03,2024-07-22 09:12,2024-07-22 09:49
LAB714116,ENC105938,PT12008,HGB,Hemoglobin,12.3,g/dL,12,17.5,N,Routine,2024-07-22 08:14,2024-07-22 08:36,2024-07-22 13:48
LAB714117,ENC105940,PT11579,GLU,Glucose,112,mg/dL,70,99,H,STAT,2024-07-22 09:44,2024-07-22 10:06,2024-07-22 10:50
LAB714118,ENC105940,PT11579,CREAT,Creatinine,1.01,mg/dL,0.6,1.3,N,Routine,2024-07-22 08:37,2024-07-22 08:50,2024-07-22 13:19
LAB714119,ENC105940,PT11579,WBC,White Blood Cell Count,6.5,K/uL,4.5,11,N,Routine,2024-07-22 08:40,2024-07-22 09:08,2024-07-22 13:16
LAB714120,ENC105940,PT11579,HGB,Hemoglobin,12.1,g/dL,12,17.5,N,STAT,2024-07-22 08:40,2024-07-22 09:02,2024-07-22 09:41
LAB714121,ENC105940,PT11579,NA,Sodium,139,mmol/L,136,145,N,STAT,2024-07-22 09:25,2024-07-22 09:37,2024-07-22 10:35
LAB714122,ENC105940,PT11579,K,Potassium,4.2,mmol/L,3.5,5.1,N,STAT,2024-07-22 09:23,2024-07-22 09:51,2024-07-22 10:55
LAB714123,ENC105947,PT11565,GLU,Glucose,107,mg/dL,70,99,H,STAT,2024-07-22 10:51,2024-07-22 11:13,2024-07-22 12:39
LAB714124,ENC105947,PT11565,CREAT,Creatinine,1.03,mg/dL,0.6,1.3,N,STAT,2024-07-22 11:16,2024-07-22 11:23,2024-07-22 12:10
LAB714125,ENC105947,PT11565,WBC,White Blood Cell Count,7.6,K/uL,4.5,11,N,Routine,2024-07-22 10:45,2024-07-22 10:51,2024-07-22 12:10
LAB714126,ENC105947,PT11565,HGB,Hemoglobin,13.4,g/dL,12,17.5,N,Routine,2024-07-22 10:57,2024-07-22 11:25,2024-07-22 13:41
LAB714127,ENC105947,PT11565,NA,Sodium,139,mmol/L,136,145,N,STAT,2024-07-22 10:54,2024-07-22 11:01,2024-07-22 12:23
LAB714128,ENC105947,PT11565,K,Potassium,4.1,mmol/L,3.5,5.1,N,STAT,2024-07-22 11:29,2024-07-22 11:55,2024-07-22 12:58
LAB714129,ENC105949,PT12409,GLU,Glucose,119,mg/dL,70,99,H,STAT,2024-07-22 13:05,2024-07-22 13:37,2024-07-22 14:58
LAB714130,ENC105949,PT12409,CREAT,Creatinine,0.89,mg/dL,0.6,1.3,N,Routine,2024-07-22 12:41,2024-07-22 13:06,2024-07-22 15:53
LAB714131,ENC105949,PT12409,WBC,White Blood Cell Count,6.9,K/uL,4.5,11,N,Routine,2024-07-22 13:17,2024-07-22 13:47,2024-07-22 21:29
LAB714132,ENC105949,PT12409,HGB,Hemoglobin,13.5,g/dL,12,17.5,N,Routine,2024-07-22 13:08,2024-07-22 13:31,2024-07-22 17:58
LAB714133,ENC105949,PT12409,NA,Sodium,139,mmol/L,136,145,N,STAT,2024-07-22 13:12,2024-07-22 13:26,2024-07-22 13:45
LAB714134,ENC105949,PT12409,K,Potassium,4.1,mmol/L,3.5,5.1,N,STAT,2024-07-22 12:19,2024-07-22 12:44,2024-07-22 13:23
LAB714135,ENC105952,PT12893,LDL,LDL Cholesterol,120,mg/dL,0,99,H,Routine,2024-07-22 11:40,2024-07-22 11:52,2024-07-24 00:50
LAB714136,ENC105954,PT13844,GLU,Glucose,263,mg/dL,70,99,H,Routine,2024-07-22 12:22,2024-07-22 12:46,2024-07-22 15:40
LAB714137,ENC105954,PT13844,CREAT,Creatinine,1.55,mg/dL,0.6,1.3,H,STAT,2024-07-22 12:02,2024-07-22 12:07,2024-07-22 12:39
LAB714138,ENC105954,PT13844,WBC,White Blood Cell Count,7.5,K/uL,4.5,11,N,STAT,2024-07-22 12:15,2024-07-22 12:43,2024-07-22 13:28
LAB714139,ENC105954,PT13844,HGB,Hemoglobin,11.1,g/dL,12,17.5,L,Routine,2024-07-22 13:08,2024-07-22 13:23,2024-07-22 16:16
LAB714140,ENC105954,PT13844,NA,Sodium,140,mmol/L,136,145,N,STAT,2024-07-22 12:23,2024-07-22 12:45,2024-07-22 13:14
LAB714141,ENC105954,PT13844,K,Potassium,5.1,mmol/L,3.5,5.1,N,STAT,2024-07-22 12:16,2024-07-22 12:25,2024-07-22 13:16
LAB714142,ENC105956,PT12097,GLU,Glucose,105,mg/dL,70,99,H,Routine,2024-07-22 13:13,2024-07-22 13:26,2024-07-22 16:43
LAB714143,ENC105956,PT12097,CREAT,Creatinine,1.13,mg/dL,0.6,1.3,N,Routine,2024-07-22 12:54,2024-07-22 13:10,2024-07-22 14:48
LAB714144,ENC105956,PT12097,WBC,White Blood Cell Count,9.5,K/uL,4.5,11,N,STAT,2024-07-22 12:42,2024-07-22 12:53,2024-07-22 13:27
LAB714145,ENC105956,PT12097,HGB,Hemoglobin,12.8,g/dL,12,17.5,N,Routine,2024-07-22 12:54,2024-07-22 13:23,2024-07-22 17:25
LAB714146,ENC105956,PT12097,TROP,"Troponin I, High Sensitivity",3,ng/L,0,34,N,STAT,2024-07-22 13:03,2024-07-22 13:33,2024-07-22 13:58
LAB714147,ENC105957,PT13929,GLU,Glucose,159,mg/dL,70,99,H,STAT,2024-07-22 17:04,2024-07-22 17:32,2024-07-22 18:37
LAB714148,ENC105957,PT13929,CREAT,Creatinine,0.88,mg/dL,0.6,1.3,N,Routine,2024-07-22 17:57,2024-07-22 18:22,2024-07-22 22:34
LAB714149,ENC105957,PT13929,WBC,White Blood Cell Count,6.6,K/uL,4.5,11,N,STAT,2024-07-22 17:38,2024-07-22 17:42,2024-07-22 18:13
LAB714150,ENC105957,PT13929,HGB,Hemoglobin,14.6,g/dL,12,17.5,N,STAT,2024-07-22 18:06,2024-07-22 18:37,2024-07-22 19:15
LAB714151,ENC105957,PT13929,NA,Sodium,135,mmol/L,136,145,L,Routine,2024-07-22 17:04,2024-07-22 17:24,2024-07-22 21:12
LAB714152,ENC105957,PT13929,K,Potassium,4.3,mmol/L,3.5,5.1,N,STAT,2024-07-22 17:04,2024-07-22 17:10,2024-07-22 17:50
LAB714153,ENC105958,PT13423,GLU,Glucose,116,mg/dL,70,99,H,Routine,2024-07-22 15:58,2024-07-22 16:25,2024-07-22 19:49
LAB714154,ENC105958,PT13423,CREAT,Creatinine,1.03,mg/dL,0.6,1.3,N,Routine,2024-07-22 16:58,2024-07-22 17:28,2024-07-22 22:14
LAB714155,ENC105958,PT13423,WBC,White Blood Cell Count,12.6,K/uL,4.5,11,H,Routine,2024-07-22 16:59,2024-07-22 17:05,2024-07-22 19:10
LAB714156,ENC105958,PT13423,HGB,Hemoglobin,14.6,g/dL,12,17.5,N,STAT,2024-07-22 16:57,2024-07-22 17:20,2024-07-22 17:50
LAB714157,ENC105959,PT11188,WBC,White Blood Cell Count,5.8,K/uL,4.5,11,N,Routine,2024-07-22 13:37,2024-07-22 13:55,2024-07-22 21:01
LAB714158,ENC105959,PT11188,HGB,Hemoglobin,13.2,g/dL,12,17.5,N,Routine,2024-07-22 13:45,2024-07-22 14:03,2024-07-22 16:14
LAB714159,ENC105959,PT11188,PLT,Platelet Count,303,K/uL,150,400,N,Routine,2024-07-22 13:36,2024-07-22 14:03,2024-07-22 16:03
LAB714160,ENC105961,PT13494,LDL,LDL Cholesterol,152,mg/dL,0,99,H,Routine,2024-07-22 16:14,2024-07-22 16:19,2024-07-23 11:58
LAB714161,ENC105961,PT13494,A1C,Hemoglobin A1c,7.9,%,4,5.6,H,Routine,2024-07-22 16:17,2024-07-22 16:21,2024-07-23 06:53
LAB714162,ENC105961,PT13494,TSH,Thyroid Stimulating Hormone,1.26,mIU/L,0.4,4,N,Routine,2024-07-22 16:28,2024-07-22 16:43,2024-07-23 04:28
LAB714163,ENC105962,PT11526,GLU,Glucose,119,mg/dL,70,99,H,STAT,2024-07-22 17:40,2024-07-22 17:59,2024-07-22 18:30
LAB714164,ENC105962,PT11526,CREAT,Creatinine,0.72,mg/dL,0.6,1.3,N,STAT,2024-07-22 17:12,2024-07-22 17:33,2024-07-22 17:58
LAB714165,ENC105962,PT11526,WBC,White Blood Cell Count,9.2,K/uL,4.5,11,N,Routine,2024-07-22 17:08,2024-07-22 17:33,2024-07-22 19:58
LAB714166,ENC105962,PT11526,HGB,Hemoglobin,14.6,g/dL,12,17.5,N,STAT,2024-07-22 16:58,2024-07-22 17:11,2024-07-22 18:24
LAB714167,ENC105962,PT11526,TROP,"Troponin I, High Sensitivity",6,ng/L,0,34,N,STAT,2024-07-22 16:57,2024-07-22 17:19,2024-07-22 18:05
LAB714168,ENC105964,PT10707,GLU,Glucose,109,mg/dL,70,99,H,Routine,2024-07-22 18:15,2024-07-22 18:46,2024-07-22 20:20
LAB714169,ENC105964,PT10707,CREAT,Creatinine,0.77,mg/dL,0.6,1.3,N,STAT,2024-07-22 18:29,2024-07-22 18:51,2024-07-22 19:32
LAB714170,ENC105966,PT10398,GLU,Glucose,163,mg/dL,70,99,H,Routine,2024-07-22 23:31,2024-07-22 23:51,2024-07-23 06:16
LAB714171,ENC105966,PT10398,CREAT,Creatinine,0.8,mg/dL,0.6,1.3,N,STAT,2024-07-22 23:07,2024-07-22 23:14,2024-07-22 23:43
LAB714172,ENC105966,PT10398,WBC,White Blood Cell Count,8.7,K/uL,4.5,11,N,STAT,2024-07-22 23:52,2024-07-22 23:56,2024-07-23 01:23
LAB714173,ENC105966,PT10398,HGB,Hemoglobin,15.7,g/dL,12,17.5,N,STAT,2024-07-22 23:27,2024-07-22 23:46,2024-07-23 02:14
LAB714174,ENC105967,PT13869,GLU,Glucose,211,mg/dL,70,99,H,STAT,2024-07-22 20:41,2024-07-22 21:11,2024-07-22 21:54
LAB714175,ENC105967,PT13869,CREAT,Creatinine,1.27,mg/dL,0.6,1.3,N,STAT,2024-07-22 21:06,2024-07-22 21:38,2024-07-22 22:33
LAB714176,ENC105967,PT13869,WBC,White Blood Cell Count,6.7,K/uL,4.5,11,N,STAT,2024-07-22 20:23,2024-07-22 20:52,2024-07-22 21:48
LAB714177,ENC105967,PT13869,HGB,Hemoglobin,16.4,g/dL,12,17.5,N,STAT,2024-07-22 20:28,2024-07-22 20:47,2024-07-22 21:20
LAB714178,ENC105967,PT13869,TROP,"Troponin I, High Sensitivity",9,ng/L,0,34,N,STAT,2024-07-22 20:28,2024-07-22 20:39,2024-07-22 21:37
LAB714179,ENC105968,PT10067,GLU,Glucose,108,mg/dL,70,99,H,STAT,2024-07-23 02:04,2024-07-23 02:19,2024-07-23 03:05
LAB714180,ENC105968,PT10067,CREAT,Creatinine,0.83,mg/dL,0.6,1.3,N,STAT,2024-07-23 01:18,2024-07-23 01:32,2024-07-23 02:16
LAB714181,ENC105968,PT10067,WBC,White Blood Cell Count,7.6,K/uL,4.5,11,N,STAT,2024-07-23 01:41,2024-07-23 02:00,2024-07-23 02:53
LAB714182,ENC105968,PT10067,HGB,Hemoglobin,14.3,g/dL,12,17.5,N,Routine,2024-07-23 01:14,2024-07-23 01:38,2024-07-23 04:04
LAB714183,ENC105968,PT10067,NA,Sodium,127,mmol/L,136,145,L,STAT,2024-07-23 01:23,2024-07-23 01:52,2024-07-23 02:24
LAB714184,ENC105968,PT10067,K,Potassium,3.8,mmol/L,3.5,5.1,N,STAT,2024-07-23 00:59,2024-07-23 01:10,2024-07-23 01:35
LAB714185,ENC105970,PT11426,GLU,Glucose,99,mg/dL,70,99,N,STAT,2024-07-23 13:16,2024-07-23 13:27,2024-07-23 14:23
LAB714186,ENC105970,PT11426,CREAT,Creatinine,2.49,mg/dL,0.6,1.3,H,Routine,2024-07-23 12:55,2024-07-23 13:01,2024-07-23 16:27
LAB714187,ENC105970,PT11426,WBC,White Blood Cell Count,8.4,K/uL,4.5,11,N,Routine,2024-07-23 12:59,2024-07-23 13:10,2024-07-23 19:22
LAB714188,ENC105970,PT11426,HGB,Hemoglobin,9.1,g/dL,12,17.5,L,Routine,2024-07-23 13:10,2024-07-23 13:37,2024-07-23 16:18
LAB714189,ENC105970,PT11426,NA,Sodium,138,mmol/L,136,145,N,STAT,2024-07-23 13:19,2024-07-23 13:53,2024-07-23 14:34
LAB714190,ENC105970,PT11426,K,Potassium,5.2,mmol/L,3.5,5.1,H,STAT,2024-07-23 12:34,2024-07-23 12:38,2024-07-23 13:17
LAB714191,ENC105972,PT13894,LDL,LDL Cholesterol,93,mg/dL,0,99,N,Routine,2024-07-23 09:33,2024-07-23 09:49,2024-07-23 23:36
LAB714192,ENC105972,PT13894,A1C,Hemoglobin A1c,5.5,%,4,5.6,N,Routine,2024-07-23 09:32,2024-07-23 09:57,2024-07-24 06:49
LAB714193,ENC105973,PT11065,WBC,White Blood Cell Count,8.4,K/uL,4.5,11,N,Routine,2024-07-23 10:09,2024-07-23 10:38,2024-07-23 12:59
LAB714194,ENC105973,PT11065,HGB,Hemoglobin,16.3,g/dL,12,17.5,N,Routine,2024-07-23 10:26,2024-07-23 10:51,2024-07-23 13:11
LAB714195,ENC105973,PT11065,PLT,Platelet Count,237,K/uL,150,400,N,Routine,2024-07-23 10:29,2024-07-23 10:34,2024-07-23 17:18
LAB714196,ENC105974,PT11468,WBC,White Blood Cell Count,6.6,K/uL,4.5,11,N,Routine,2024-07-23 10:35,2024-07-23 11:07,2024-07-23 13:18
LAB714197,ENC105974,PT11468,HGB,Hemoglobin,15.3,g/dL,12,17.5,N,Routine,2024-07-23 10:42,2024-07-23 10:51,2024-07-23 15:13
LAB714198,ENC105974,PT11468,PLT,Platelet Count,387,K/uL,150,400,N,Routine,2024-07-23 10:31,2024-07-23 10:48,2024-07-23 13:55
LAB714199,ENC105976,PT10651,GLU,Glucose,78,mg/dL,70,99,N,STAT,2024-07-23 11:45,2024-07-23 12:09,2024-07-23 12:56
LAB714200,ENC105976,PT10651,CREAT,Creatinine,1.18,mg/dL,0.6,1.3,N,STAT,2024-07-23 11:39,2024-07-23 11:59,2024-07-23 12:32
LAB714201,ENC105976,PT10651,WBC,White Blood Cell Count,4.3,K/uL,4.5,11,L,Routine,2024-07-23 11:40,2024-07-23 12:02,2024-07-23 14:35
LAB714202,ENC105976,PT10651,HGB,Hemoglobin,13.4,g/dL,12,17.5,N,STAT,2024-07-23 11:08,2024-07-23 11:40,2024-07-23 13:05
LAB714203,ENC105978,PT12080,GLU,Glucose,202,mg/dL,70,99,H,STAT,2024-07-23 15:45,2024-07-23 15:58,2024-07-23 16:51
LAB714204,ENC105978,PT12080,CREAT,Creatinine,0.54,mg/dL,0.6,1.3,L,STAT,2024-07-23 15:34,2024-07-23 15:45,2024-07-23 16:19
LAB714205,ENC105978,PT12080,WBC,White Blood Cell Count,9.4,K/uL,4.5,11,N,Routine,2024-07-23 15:03,2024-07-23 15:21,2024-07-23 17:21
LAB714206,ENC105978,PT12080,HGB,Hemoglobin,6.6,g/dL,12,17.5,LL,Routine,2024-07-23 14:38,2024-07-23 15:02,2024-07-23 19:41
LAB714207,ENC105978,PT12080,NA,Sodium,145,mmol/L,136,145,N,Routine,2024-07-23 15:42,2024-07-23 16:06,2024-07-23 17:54
LAB714208,ENC105978,PT12080,K,Potassium,3.4,mmol/L,3.5,5.1,L,STAT,2024-07-23 14:46,2024-07-23 15:19,2024-07-23 15:58
LAB714209,ENC105978,PT12080,INR,Prothrombin Time INR,0.9,ratio,0.8,1.2,N,STAT,2024-07-23 15:00,2024-07-23 15:34,2024-07-23 16:19
LAB714210,ENC105979,PT10458,GLU,Glucose,133,mg/dL,70,99,H,STAT,2024-07-23 12:20,2024-07-23 12:25,2024-07-23 13:30
LAB714211,ENC105979,PT10458,CREAT,Creatinine,0.93,mg/dL,0.6,1.3,N,Routine,2024-07-23 12:47,2024-07-23 13:11,2024-07-23 15:07
LAB714212,ENC105979,PT10458,WBC,White Blood Cell Count,6.3,K/uL,4.5,11,N,STAT,2024-07-23 12:35,2024-07-23 13:04,2024-07-23 14:13
LAB714213,ENC105979,PT10458,HGB,Hemoglobin,14.5,g/dL,12,17.5,N,STAT,2024-07-23 12:18,2024-07-23 12:24,2024-07-23 13:07
LAB714214,ENC105980,PT11069,GLU,Glucose,97,mg/dL,70,99,N,STAT,2024-07-23 15:33,2024-07-23 15:59,2024-07-23 16:47
LAB714215,ENC105980,PT11069,CREAT,Creatinine,1.04,mg/dL,0.6,1.3,N,STAT,2024-07-23 16:26,2024-07-23 16:31,2024-07-23 16:55
LAB714216,ENC105980,PT11069,WBC,White Blood Cell Count,16.5,K/uL,4.5,11,H,Routine,2024-07-23 15:59,2024-07-23 16:17,2024-07-23 21:03
LAB714217,ENC105980,PT11069,HGB,Hemoglobin,14,g/dL,12,17.5,N,Routine,2024-07-23 16:00,2024-07-23 16:06,2024-07-23 18:36
LAB714218,ENC105982,PT12484,A1C,Hemoglobin A1c,10,%,4,5.6,H,Routine,2024-07-23 12:56,2024-07-23 13:28,2024-07-24 06:42
LAB714219,ENC105983,PT12911,LDL,LDL Cholesterol,129,mg/dL,0,99,H,Routine,2024-07-23 12:59,2024-07-23 13:12,2024-07-24 00:43
LAB714220,ENC105983,PT12911,A1C,Hemoglobin A1c,7.3,%,4,5.6,H,Routine,2024-07-23 12:59,2024-07-23 13:07,2024-07-24 03:16
LAB714221,ENC105984,PT11678,GLU,Glucose,181,mg/dL,70,99,H,Routine,2024-07-23 17:47,2024-07-23 18:01,2024-07-23 19:22
LAB714222,ENC105984,PT11678,CREAT,Creatinine,2.12,mg/dL,0.6,1.3,H,Routine,2024-07-23 17:16,2024-07-23 17:39,2024-07-23 20:05
LAB714223,ENC105984,PT11678,WBC,White Blood Cell Count,8,K/uL,4.5,11,N,Routine,2024-07-23 17:41,2024-07-23 18:11,2024-07-23 21:10
LAB714224,ENC105984,PT11678,HGB,Hemoglobin,11.3,g/dL,12,17.5,L,Routine,2024-07-23 17:11,2024-07-23 17:17,2024-07-23 23:58
LAB714225,ENC105984,PT11678,BUN,Blood Urea Nitrogen,20,mg/dL,7,20,N,STAT,2024-07-23 17:56,2024-07-23 18:04,2024-07-23 18:59
LAB714226,ENC105984,PT11678,PLT,Platelet Count,306,K/uL,150,400,N,STAT,2024-07-23 17:33,2024-07-23 18:05,2024-07-23 18:53
LAB714227,ENC105984,PT11678,TROP,"Troponin I, High Sensitivity",17,ng/L,0,34,N,STAT,2024-07-23 17:13,2024-07-23 17:41,2024-07-23 18:15
LAB714228,ENC105985,PT13885,A1C,Hemoglobin A1c,8.6,%,4,5.6,H,Routine,2024-07-23 14:35,2024-07-23 14:48,2024-07-24 00:51
LAB714229,ENC105985,PT13885,GLU,Glucose,108,mg/dL,70,99,H,Routine,2024-07-23 14:26,2024-07-23 14:34,2024-07-23 16:32
LAB714230,ENC105985,PT13885,CREAT,Creatinine,0.89,mg/dL,0.6,1.3,N,Routine,2024-07-23 14:24,2024-07-23 14:47,2024-07-23 17:34
LAB714231,ENC105986,PT10934,WBC,White Blood Cell Count,9.4,K/uL,4.5,11,N,Routine,2024-07-23 14:21,2024-07-23 14:31,2024-07-23 18:24
LAB714232,ENC105986,PT10934,HGB,Hemoglobin,11.5,g/dL,12,17.5,L,Routine,2024-07-23 14:35,2024-07-23 14:40,2024-07-23 18:07
LAB714233,ENC105986,PT10934,PLT,Platelet Count,243,K/uL,150,400,N,Routine,2024-07-23 14:43,2024-07-23 15:16,2024-07-23 22:37
LAB714234,ENC105987,PT12318,LDL,LDL Cholesterol,3,mg/dL,0,99,N,Routine,2024-07-23 15:20,2024-07-23 15:44,2024-07-24 10:59
LAB714235,ENC105987,PT12318,TSH,Thyroid Stimulating Hormone,0.27,mIU/L,0.4,4,L,Routine,2024-07-23 15:16,2024-07-23 15:36,2024-07-24 07:21
LAB714236,ENC105988,PT10569,GLU,Glucose,211,mg/dL,70,99,H,Routine,2024-07-23 19:31,2024-07-23 19:48,2024-07-23 23:33
LAB714237,ENC105988,PT10569,CREAT,Creatinine,0.8,mg/dL,0.6,1.3,N,Routine,2024-07-23 18:35,2024-07-23 19:00,2024-07-23 22:44
LAB714238,ENC105988,PT10569,WBC,White Blood Cell Count,8.1,K/uL,4.5,11,N,Routine,2024-07-23 19:24,2024-07-23 19:35,2024-07-23 21:54
LAB714239,ENC105988,PT10569,HGB,Hemoglobin,11.6,g/dL,12,17.5,L,Routine,2024-07-23 18:45,2024-07-23 18:53,2024-07-23 20:56
LAB714240,ENC105988,PT10569,INR,Prothrombin Time INR,1,ratio,0.8,1.2,N,Routine,2024-07-23 19:04,2024-07-23 19:15,2024-07-23 23:14
LAB714241,ENC105989,PT12891,LDL,LDL Cholesterol,192,mg/dL,0,99,H,Routine,2024-07-23 15:45,2024-07-23 16:11,2024-07-24 08:15
LAB714242,ENC105989,PT12891,TSH,Thyroid Stimulating Hormone,0.59,mIU/L,0.4,4,N,Routine,2024-07-23 15:35,2024-07-23 15:45,2024-07-24 07:45
LAB714243,ENC105992,PT12414,GLU,Glucose,70,mg/dL,70,99,N,STAT,2024-07-23 17:41,2024-07-23 17:48,2024-07-23 18:27
LAB714244,ENC105992,PT12414,CREAT,Creatinine,0.79,mg/dL,0.6,1.3,N,STAT,2024-07-23 17:52,2024-07-23 18:01,2024-07-23 19:14
LAB714245,ENC105992,PT12414,WBC,White Blood Cell Count,9.2,K/uL,4.5,11,N,Routine,2024-07-23 18:11,2024-07-23 18:46,2024-07-23 21:17
LAB714246,ENC105992,PT12414,HGB,Hemoglobin,15.4,g/dL,12,17.5,N,STAT,2024-07-23 18:09,2024-07-23 18:13,2024-07-23 19:07
LAB714247,ENC105993,PT13777,GLU,Glucose,72,mg/dL,70,99,N,Routine,2024-07-23 17:40,2024-07-23 18:13,2024-07-23 22:12
LAB714248,ENC105993,PT13777,CREAT,Creatinine,0.8,mg/dL,0.6,1.3,N,Routine,2024-07-23 18:01,2024-07-23 18:13,2024-07-23 20:54
LAB714249,ENC105993,PT13777,WBC,White Blood Cell Count,10.7,K/uL,4.5,11,N,STAT,2024-07-23 18:16,2024-07-23 18:33,2024-07-23 19:37
LAB714250,ENC105993,PT13777,HGB,Hemoglobin,14.9,g/dL,12,17.5,N,STAT,2024-07-23 17:55,2024-07-23 17:59,2024-07-23 18:53
LAB714251,ENC105995,PT11547,GLU,Glucose,82,mg/dL,70,99,N,Routine,2024-07-23 19:28,2024-07-23 19:50,2024-07-23 23:25
LAB714252,ENC105995,PT11547,CREAT,Creatinine,0.7,mg/dL,0.6,1.3,N,STAT,2024-07-23 19:22,2024-07-23 19:34,2024-07-23 20:34
LAB714253,ENC105995,PT11547,WBC,White Blood Cell Count,10.7,K/uL,4.5,11,N,STAT,2024-07-23 18:59,2024-07-23 19:09,2024-07-23 19:49
LAB714254,ENC105995,PT11547,HGB,Hemoglobin,14.5,g/dL,12,17.5,N,Routine,2024-07-23 18:48,2024-07-23 18:56,2024-07-23 23:08
LAB714255,ENC105995,PT11547,NA,Sodium,145,mmol/L,136,145,N,STAT,2024-07-23 19:11,2024-07-23 19:30,2024-07-23 20:13
LAB714256,ENC105995,PT11547,K,Potassium,4.5,mmol/L,3.5,5.1,N,STAT,2024-07-23 19:42,2024-07-23 19:53,2024-07-23 20:36
LAB714257,ENC105996,PT10036,GLU,Glucose,101,mg/dL,70,99,H,Routine,2024-07-24 00:27,2024-07-24 00:36,2024-07-24 06:18
LAB714258,ENC105996,PT10036,CREAT,Creatinine,1.06,mg/dL,0.6,1.3,N,STAT,2024-07-24 01:13,2024-07-24 01:32,2024-07-24 03:33
LAB714259,ENC105996,PT10036,WBC,White Blood Cell Count,11,K/uL,4.5,11,N,STAT,2024-07-24 00:51,2024-07-24 01:21,2024-07-24 01:44
LAB714260,ENC105996,PT10036,HGB,Hemoglobin,14.3,g/dL,12,17.5,N,STAT,2024-07-24 01:03,2024-07-24 01:36,2024-07-24 03:46
LAB714261,ENC105996,PT10036,NA,Sodium,144,mmol/L,136,145,N,STAT,2024-07-24 00:11,2024-07-24 00:41,2024-07-24 01:04
LAB714262,ENC105996,PT10036,K,Potassium,4.3,mmol/L,3.5,5.1,N,STAT,2024-07-24 00:27,2024-07-24 00:32,2024-07-24 01:16
LAB714263,ENC105999,PT11993,GLU,Glucose,87,mg/dL,70,99,N,STAT,2024-07-23 22:49,2024-07-23 23:15,2024-07-23 23:53
LAB714264,ENC105999,PT11993,CREAT,Creatinine,0.93,mg/dL,0.6,1.3,N,STAT,2024-07-23 22:43,2024-07-23 22:52,2024-07-24 00:02
LAB714265,ENC106000,PT12573,GLU,Glucose,107,mg/dL,70,99,H,STAT,2024-07-24 02:42,2024-07-24 03:12,2024-07-24 04:02
LAB714266,ENC106000,PT12573,CREAT,Creatinine,1.04,mg/dL,0.6,1.3,N,STAT,2024-07-24 01:58,2024-07-24 02:25,2024-07-24 02:58
LAB714267,ENC106000,PT12573,WBC,White Blood Cell Count,7,K/uL,4.5,11,N,STAT,2024-07-24 02:44,2024-07-24 02:55,2024-07-24 03:54
LAB714268,ENC106000,PT12573,HGB,Hemoglobin,15,g/dL,12,17.5,N,Routine,2024-07-24 02:20,2024-07-24 02:37,2024-07-24 05:40
LAB714269,ENC106001,PT11717,GLU,Glucose,92,mg/dL,70,99,N,STAT,2024-07-23 23:37,2024-07-23 23:41,2024-07-24 00:12
LAB714270,ENC106001,PT11717,CREAT,Creatinine,0.79,mg/dL,0.6,1.3,N,STAT,2024-07-23 23:59,2024-07-24 00:09,2024-07-24 00:42
LAB714271,ENC106001,PT11717,WBC,White Blood Cell Count,5.8,K/uL,4.5,11,N,STAT,2024-07-23 23:54,2024-07-24 00:17,2024-07-24 00:50
LAB714272,ENC106001,PT11717,HGB,Hemoglobin,11.8,g/dL,12,17.5,L,Routine,2024-07-23 23:56,2024-07-24 00:05,2024-07-24 03:04
LAB714273,ENC106001,PT11717,NA,Sodium,138,mmol/L,136,145,N,Routine,2024-07-23 23:46,2024-07-24 00:00,2024-07-24 02:35
LAB714274,ENC106001,PT11717,K,Potassium,4,mmol/L,3.5,5.1,N,STAT,2024-07-23 23:29,2024-07-23 23:52,2024-07-24 00:27
LAB714275,ENC106003,PT12961,GLU,Glucose,104,mg/dL,70,99,H,STAT,2024-07-24 07:48,2024-07-24 08:21,2024-07-24 08:42
LAB714276,ENC106003,PT12961,CREAT,Creatinine,1.02,mg/dL,0.6,1.3,N,Routine,2024-07-24 08:17,2024-07-24 08:25,2024-07-24 10:25
LAB714277,ENC106003,PT12961,WBC,White Blood Cell Count,8.1,K/uL,4.5,11,N,Routine,2024-07-24 07:55,2024-07-24 08:02,2024-07-24 15:13
LAB714278,ENC106003,PT12961,HGB,Hemoglobin,13.8,g/dL,12,17.5,N,STAT,2024-07-24 07:37,2024-07-24 07:43,2024-07-24 08:36
LAB714279,ENC106004,PT12857,GLU,Glucose,111,mg/dL,70,99,H,Routine,2024-07-24 06:31,2024-07-24 07:04,2024-07-24 09:59
LAB714280,ENC106004,PT12857,CREAT,Creatinine,1.17,mg/dL,0.6,1.3,N,STAT,2024-07-24 07:08,2024-07-24 07:41,2024-07-24 08:16
LAB714281,ENC106004,PT12857,WBC,White Blood Cell Count,5.9,K/uL,4.5,11,N,Routine,2024-07-24 07:11,2024-07-24 07:37,2024-07-24 11:48
LAB714282,ENC106004,PT12857,HGB,Hemoglobin,15.7,g/dL,12,17.5,N,STAT,2024-07-24 06:56,2024-07-24 07:16,2024-07-24 07:43
LAB714283,ENC106004,PT12857,TROP,"Troponin I, High Sensitivity",1,ng/L,0,34,N,STAT,2024-07-24 07:06,2024-07-24 07:30,2024-07-24 08:15
LAB714284,ENC106004,PT12857,BNP,B-Type Natriuretic Peptide,645,pg/mL,0,100,H,Routine,2024-07-24 06:45,2024-07-24 06:49,2024-07-24 11:56
LAB714285,ENC106006,PT11705,A1C,Hemoglobin A1c,9.4,%,4,5.6,H,Routine,2024-07-24 08:30,2024-07-24 09:03,2024-07-25 00:01
LAB714286,ENC106007,PT11670,LDL,LDL Cholesterol,131,mg/dL,0,99,H,Routine,2024-07-24 08:45,2024-07-24 09:00,2024-07-25 13:15
LAB714287,ENC106007,PT11670,A1C,Hemoglobin A1c,5.4,%,4,5.6,N,Routine,2024-07-24 08:51,2024-07-24 09:12,2024-07-25 00:24
LAB714288,ENC106008,PT12783,A1C,Hemoglobin A1c,7.2,%,4,5.6,H,Routine,2024-07-24 09:54,2024-07-24 10:19,2024-07-24 20:02
LAB714289,ENC106008,PT12783,GLU,Glucose,160,mg/dL,70,99,H,Routine,2024-07-24 09:52,2024-07-24 10:27,2024-07-24 13:07
LAB714290,ENC106008,PT12783,CREAT,Creatinine,0.98,mg/dL,0.6,1.3,N,Routine,2024-07-24 09:47,2024-07-24 10:20,2024-07-24 15:21
LAB714291,ENC106009,PT12152,LDL,LDL Cholesterol,189,mg/dL,0,99,H,Routine,2024-07-24 10:11,2024-07-24 10:33,2024-07-24 23:38
LAB714292,ENC106010,PT13942,GLU,Glucose,106,mg/dL,70,99,H,Routine,2024-07-24 10:42,2024-07-24 11:05,2024-07-24 15:00
LAB714293,ENC106010,PT13942,CREAT,Creatinine,1.11,mg/dL,0.6,1.3,N,Routine,2024-07-24 10:40,2024-07-24 10:56,2024-07-24 15:16
LAB714294,ENC106010,PT13942,WBC,White Blood Cell Count,8.2,K/uL,4.5,11,N,STAT,2024-07-24 10:46,2024-07-24 11:16,2024-07-24 11:59
LAB714295,ENC106010,PT13942,HGB,Hemoglobin,13.6,g/dL,12,17.5,N,Routine,2024-07-24 11:00,2024-07-24 11:06,2024-07-24 16:46
LAB714296,ENC106010,PT13942,INR,Prothrombin Time INR,2.9,ratio,0.8,1.2,H,STAT,2024-07-24 11:19,2024-07-24 11:41,2024-07-24 12:32
LAB714297,ENC106011,PT12750,GLU,Glucose,97,mg/dL,70,99,N,STAT,2024-07-24 15:17,2024-07-24 15:39,2024-07-24 16:25
LAB714298,ENC106011,PT12750,CREAT,Creatinine,1.2,mg/dL,0.6,1.3,N,Routine,2024-07-24 14:52,2024-07-24 15:24,2024-07-24 17:47
LAB714299,ENC106011,PT12750,WBC,White Blood Cell Count,6,K/uL,4.5,11,N,STAT,2024-07-24 14:24,2024-07-24 14:33,2024-07-24 15:49
LAB714300,ENC106011,PT12750,HGB,Hemoglobin,15,g/dL,12,17.5,N,STAT,2024-07-24 14:32,2024-07-24 14:49,2024-07-24 15:10
LAB714301,ENC106013,PT10094,GLU,Glucose,111,mg/dL,70,99,H,Routine,2024-07-24 17:11,2024-07-24 17:26,2024-07-24 19:29
LAB714302,ENC106013,PT10094,CREAT,Creatinine,0.91,mg/dL,0.6,1.3,N,Routine,2024-07-24 18:14,2024-07-24 18:19,2024-07-24 21:31
LAB714303,ENC106013,PT10094,WBC,White Blood Cell Count,7,K/uL,4.5,11,N,STAT,2024-07-24 17:17,2024-07-24 17:40,2024-07-24 18:48
LAB714304,ENC106013,PT10094,HGB,Hemoglobin,11.1,g/dL,12,17.5,L,STAT,2024-07-24 17:54,2024-07-24 18:11,2024-07-24 19:22
LAB714305,ENC106014,PT13050,GLU,Glucose,131,mg/dL,70,99,H,Routine,2024-07-24 14:23,2024-07-24 14:40,2024-07-24 17:18
LAB714306,ENC106014,PT13050,CREAT,Creatinine,1.01,mg/dL,0.6,1.3,N,STAT,2024-07-24 14:27,2024-07-24 14:59,2024-07-24 15:42
LAB714307,ENC106014,PT13050,WBC,White Blood Cell Count,7.1,K/uL,4.5,11,N,STAT,2024-07-24 13:59,2024-07-24 14:18,2024-07-24 15:04
LAB714308,ENC106014,PT13050,HGB,Hemoglobin,13.6,g/dL,12,17.5,N,STAT,2024-07-24 14:02,2024-07-24 14:24,2024-07-24 15:00
LAB714309,ENC106014,PT13050,LACT,Lactate,1.5,mmol/L,0.5,2,N,STAT,2024-07-24 14:22,2024-07-24 14:35,2024-07-24 15:12
LAB714310,ENC106015,PT11497,GLU,Glucose,143,mg/dL,70,99,H,STAT,2024-07-24 19:39,2024-07-24 20:03,2024-07-24 20:52
LAB714311,ENC106015,PT11497,CREAT,Creatinine,1.08,mg/dL,0.6,1.3,N,STAT,2024-07-24 19:56,2024-07-24 20:13,2024-07-24 20:47
LAB714312,ENC106015,PT11497,WBC,White Blood Cell Count,7.8,K/uL,4.5,11,N,STAT,2024-07-24 19:45,2024-07-24 20:00,2024-07-24 20:49
LAB714313,ENC106015,PT11497,HGB,Hemoglobin,13.3,g/dL,12,17.5,N,STAT,2024-07-24 18:53,2024-07-24 19:18,2024-07-24 19:48
LAB714314,ENC106015,PT11497,NA,Sodium,137,mmol/L,136,145,N,STAT,2024-07-24 18:52,2024-07-24 19:23,2024-07-24 20:21
LAB714315,ENC106015,PT11497,K,Potassium,3.6,mmol/L,3.5,5.1,N,STAT,2024-07-24 19:05,2024-07-24 19:26,2024-07-24 20:07
LAB714316,ENC106019,PT12351,LDL,LDL Cholesterol,150,mg/dL,0,99,H,Routine,2024-07-24 14:56,2024-07-24 15:01,2024-07-25 16:40
LAB714317,ENC106019,PT12351,A1C,Hemoglobin A1c,5.3,%,4,5.6,N,Routine,2024-07-24 14:56,2024-07-24 15:14,2024-07-25 02:18
LAB714318,ENC106021,PT13120,GLU,Glucose,225,mg/dL,70,99,H,STAT,2024-07-24 17:00,2024-07-24 17:10,2024-07-24 18:21
LAB714319,ENC106021,PT13120,CREAT,Creatinine,0.73,mg/dL,0.6,1.3,N,STAT,2024-07-24 16:16,2024-07-24 16:48,2024-07-24 17:38
LAB714320,ENC106021,PT13120,WBC,White Blood Cell Count,8.5,K/uL,4.5,11,N,STAT,2024-07-24 16:00,2024-07-24 16:31,2024-07-24 17:35
LAB714321,ENC106021,PT13120,HGB,Hemoglobin,16.4,g/dL,12,17.5,N,Routine,2024-07-24 15:58,2024-07-24 16:02,2024-07-24 17:21
LAB714322,ENC106023,PT10483,GLU,Glucose,83,mg/dL,70,99,N,Routine,2024-07-24 17:59,2024-07-24 18:15,2024-07-24 19:48
LAB714323,ENC106023,PT10483,CREAT,Creatinine,1.23,mg/dL,0.6,1.3,N,Routine,2024-07-24 17:32,2024-07-24 17:38,2024-07-24 19:28
LAB714324,ENC106023,PT10483,WBC,White Blood Cell Count,5.8,K/uL,4.5,11,N,STAT,2024-07-24 17:42,2024-07-24 18:04,2024-07-24 19:27
LAB714325,ENC106023,PT10483,HGB,Hemoglobin,14,g/dL,12,17.5,N,STAT,2024-07-24 17:54,2024-07-24 18:26,2024-07-24 19:23
LAB714326,ENC106025,PT13828,GLU,Glucose,111,mg/dL,70,99,H,STAT,2024-07-24 22:21,2024-07-24 22:26,2024-07-24 23:13
LAB714327,ENC106025,PT13828,CREAT,Creatinine,0.45,mg/dL,0.6,1.3,L,Routine,2024-07-24 22:05,2024-07-24 22:25,2024-07-24 23:57
LAB714328,ENC106025,PT13828,WBC,White Blood Cell Count,7.9,K/uL,4.5,11,N,STAT,2024-07-24 21:42,2024-07-24 21:47,2024-07-24 22:08
LAB714329,ENC106025,PT13828,HGB,Hemoglobin,11.5,g/dL,12,17.5,L,STAT,2024-07-24 21:47,2024-07-24 21:54,2024-07-24 22:27
LAB714330,ENC106025,PT13828,NA,Sodium,141,mmol/L,136,145,N,STAT,2024-07-24 22:13,2024-07-24 22:42,2024-07-24 23:42
LAB714331,ENC106025,PT13828,K,Potassium,5.6,mmol/L,3.5,5.1,H,STAT,2024-07-24 22:30,2024-07-24 22:52,2024-07-24 23:34
LAB714332,ENC106025,PT13828,BUN,Blood Urea Nitrogen,14,mg/dL,7,20,N,Routine,2024-07-24 21:51,2024-07-24 22:06,2024-07-25 01:53
LAB714333,ENC106025,PT13828,PLT,Platelet Count,227,K/uL,150,400,N,STAT,2024-07-24 21:34,2024-07-24 22:04,2024-07-24 23:11
LAB714334,ENC106026,PT11466,GLU,Glucose,124,mg/dL,70,99,H,STAT,2024-07-24 19:10,2024-07-24 19:44,2024-07-24 20:11
LAB714335,ENC106026,PT11466,CREAT,Creatinine,0.33,mg/dL,0.6,1.3,L,STAT,2024-07-24 19:08,2024-07-24 19:22,2024-07-24 20:15
LAB714336,ENC106026,PT11466,WBC,White Blood Cell Count,5.1,K/uL,4.5,11,N,Routine,2024-07-24 19:05,2024-07-24 19:23,2024-07-25 07:03
LAB714337,ENC106026,PT11466,HGB,Hemoglobin,14.4,g/dL,12,17.5,N,STAT,2024-07-24 18:36,2024-07-24 18:47,2024-07-24 19:33
LAB714338,ENC106026,PT11466,BUN,Blood Urea Nitrogen,11,mg/dL,7,20,N,Routine,2024-07-24 18:50,2024-07-24 18:54,2024-07-24 21:20
LAB714339,ENC106026,PT11466,PLT,Platelet Count,183,K/uL,150,400,N,STAT,2024-07-24 18:47,2024-07-24 19:12,2024-07-24 19:51
LAB714340,ENC106027,PT11224,GLU,Glucose,111,mg/dL,70,99,H,Routine,2024-07-24 22:17,2024-07-24 22:23,2024-07-25 02:15
LAB714341,ENC106027,PT11224,CREAT,Creatinine,0.98,mg/dL,0.6,1.3,N,STAT,2024-07-24 22:34,2024-07-24 23:00,2024-07-24 23:31
LAB714342,ENC106027,PT11224,WBC,White Blood Cell Count,5.3,K/uL,4.5,11,N,Routine,2024-07-24 22:43,2024-07-24 23:16,2024-07-25 02:11
LAB714343,ENC106027,PT11224,HGB,Hemoglobin,13.5,g/dL,12,17.5,N,STAT,2024-07-24 23:09,2024-07-24 23:37,2024-07-25 00:49
LAB714344,ENC106028,PT12007,GLU,Glucose,123,mg/dL,70,99,H,STAT,2024-07-24 20:13,2024-07-24 20:29,2024-07-24 21:33
LAB714345,ENC106028,PT12007,CREAT,Creatinine,0.77,mg/dL,0.6,1.3,N,STAT,2024-07-24 19:36,2024-07-24 20:07,2024-07-24 20:41
LAB714346,ENC106028,PT12007,WBC,White Blood Cell Count,9.9,K/uL,4.5,11,N,STAT,2024-07-24 20:19,2024-07-24 20:29,2024-07-24 21:16
LAB714347,ENC106028,PT12007,HGB,Hemoglobin,8.6,g/dL,12,17.5,L,Routine,2024-07-24 19:42,2024-07-24 20:02,2024-07-24 23:35
LAB714348,ENC106028,PT12007,INR,Prothrombin Time INR,1,ratio,0.8,1.2,N,Routine,2024-07-24 20:05,2024-07-24 20:24,2024-07-24 23:41
LAB714349,ENC106029,PT13580,GLU,Glucose,105,mg/dL,70,99,H,STAT,2024-07-24 23:26,2024-07-24 23:59,2024-07-25 00:43
LAB714350,ENC106029,PT13580,CREAT,Creatinine,1.22,mg/dL,0.6,1.3,N,STAT,2024-07-24 23:59,2024-07-25 00:21,2024-07-25 00:53
LAB714351,ENC106029,PT13580,WBC,White Blood Cell Count,6.8,K/uL,4.5,11,N,STAT,2024-07-24 23:53,2024-07-25 00:12,2024-07-25 00:47
LAB714352,ENC106029,PT13580,HGB,Hemoglobin,15,g/dL,12,17.5,N,STAT,2024-07-24 23:13,2024-07-24 23:31,2024-07-25 00:20
LAB714353,ENC106029,PT13580,NA,Sodium,142,mmol/L,136,145,N,Routine,2024-07-24 23:34,2024-07-25 00:05,2024-07-25 07:17
LAB714354,ENC106029,PT13580,K,Potassium,4.3,mmol/L,3.5,5.1,N,STAT,2024-07-24 23:36,2024-07-24 23:50,2024-07-25 00:38
LAB714355,ENC106029,PT13580,TROP,"Troponin I, High Sensitivity",36,ng/L,0,34,H,STAT,2024-07-24 23:19,2024-07-24 23:44,2024-07-25 00:14
LAB714356,ENC106029,PT13580,BNP,B-Type Natriuretic Peptide,608,pg/mL,0,100,H,Routine,2024-07-25 00:00,2024-07-25 00:30,2024-07-25 06:05
LAB714357,ENC106030,PT10646,GLU,Glucose,102,mg/dL,70,99,H,STAT,2024-07-24 19:56,2024-07-24 20:14,2024-07-24 22:09
LAB714358,ENC106030,PT10646,CREAT,Creatinine,1.07,mg/dL,0.6,1.3,N,Routine,2024-07-24 19:56,2024-07-24 20:13,2024-07-24 23:48
LAB714359,ENC106030,PT10646,WBC,White Blood Cell Count,4.2,K/uL,4.5,11,L,STAT,2024-07-24 20:45,2024-07-24 20:50,2024-07-24 21:55
LAB714360,ENC106030,PT10646,HGB,Hemoglobin,14.6,g/dL,12,17.5,N,STAT,2024-07-24 20:35,2024-07-24 21:05,2024-07-24 21:41
LAB714361,ENC106031,PT11508,GLU,Glucose,108,mg/dL,70,99,H,STAT,2024-07-25 05:55,2024-07-25 06:17,2024-07-25 06:54
LAB714362,ENC106031,PT11508,CREAT,Creatinine,1.19,mg/dL,0.6,1.3,N,STAT,2024-07-25 05:49,2024-07-25 05:53,2024-07-25 06:32
LAB714363,ENC106031,PT11508,WBC,White Blood Cell Count,5.5,K/uL,4.5,11,N,Routine,2024-07-25 05:21,2024-07-25 05:39,2024-07-25 09:56
LAB714364,ENC106031,PT11508,HGB,Hemoglobin,11.7,g/dL,12,17.5,L,STAT,2024-07-25 05:50,2024-07-25 06:23,2024-07-25 07:17
LAB714365,ENC106031,PT11508,NA,Sodium,141,mmol/L,136,145,N,Routine,2024-07-25 05:24,2024-07-25 05:54,2024-07-25 13:43
LAB714366,ENC106031,PT11508,K,Potassium,4.8,mmol/L,3.5,5.1,N,STAT,2024-07-25 05:23,2024-07-25 05:39,2024-07-25 06:08
LAB714367,ENC106032,PT11616,GLU,Glucose,101,mg/dL,70,99,H,STAT,2024-07-25 09:14,2024-07-25 09:31,2024-07-25 10:36
LAB714368,ENC106032,PT11616,CREAT,Creatinine,1.71,mg/dL,0.6,1.3,H,Routine,2024-07-25 08:35,2024-07-25 08:55,2024-07-25 15:44
LAB714369,ENC106032,PT11616,WBC,White Blood Cell Count,6.9,K/uL,4.5,11,N,Routine,2024-07-25 09:03,2024-07-25 09:14,2024-07-25 15:24
LAB714370,ENC106032,PT11616,HGB,Hemoglobin,9.6,g/dL,12,17.5,L,Routine,2024-07-25 08:25,2024-07-25 08:45,2024-07-25 11:45
LAB714371,ENC106033,PT13717,GLU,Glucose,73,mg/dL,70,99,N,STAT,2024-07-25 05:25,2024-07-25 05:54,2024-07-25 06:16
LAB714372,ENC106033,PT13717,CREAT,Creatinine,1.06,mg/dL,0.6,1.3,N,Routine,2024-07-25 06:05,2024-07-25 06:22,2024-07-25 10:04
LAB714373,ENC106033,PT13717,WBC,White Blood Cell Count,10.9,K/uL,4.5,11,N,Routine,2024-07-25 05:28,2024-07-25 05:42,2024-07-25 09:01
LAB714374,ENC106033,PT13717,HGB,Hemoglobin,14.4,g/dL,12,17.5,N,STAT,2024-07-25 05:21,2024-07-25 05:53,2024-07-25 06:27
LAB714375,ENC106034,PT10749,GLU,Glucose,88,mg/dL,70,99,N,Routine,2024-07-25 07:19,2024-07-25 07:49,2024-07-25 11:40
LAB714376,ENC106034,PT10749,CREAT,Creatinine,1.13,mg/dL,0.6,1.3,N,STAT,2024-07-25 06:41,2024-07-25 06:57,2024-07-25 08:10
LAB714377,ENC106035,PT12850,WBC,White Blood Cell Count,7,K/uL,4.5,11,N,Routine,2024-07-25 08:32,2024-07-25 08:57,2024-07-25 13:54
LAB714378,ENC106035,PT12850,HGB,Hemoglobin,15.1,g/dL,12,17.5,N,Routine,2024-07-25 08:40,2024-07-25 09:09,2024-07-25 12:33
LAB714379,ENC106035,PT12850,PLT,Platelet Count,215,K/uL,150,400,N,Routine,2024-07-25 08:37,2024-07-25 08:53,2024-07-25 12:24
LAB714380,ENC106041,PT12400,WBC,White Blood Cell Count,7.4,K/uL,4.5,11,N,Routine,2024-07-25 12:40,2024-07-25 13:15,2024-07-25 16:04
LAB714381,ENC106041,PT12400,HGB,Hemoglobin,12.9,g/dL,12,17.5,N,Routine,2024-07-25 12:48,2024-07-25 13:22,2024-07-25 14:34
LAB714382,ENC106041,PT12400,PLT,Platelet Count,229,K/uL,150,400,N,Routine,2024-07-25 12:49,2024-07-25 12:55,2024-07-25 17:56
LAB714383,ENC106042,PT10527,WBC,White Blood Cell Count,9.6,K/uL,4.5,11,N,Routine,2024-07-25 12:45,2024-07-25 12:56,2024-07-25 15:04
LAB714384,ENC106042,PT10527,HGB,Hemoglobin,11.7,g/dL,12,17.5,L,Routine,2024-07-25 12:59,2024-07-25 13:06,2024-07-25 14:04
LAB714385,ENC106042,PT10527,PLT,Platelet Count,387,K/uL,150,400,N,Routine,2024-07-25 12:42,2024-07-25 13:15,2024-07-25 21:06
LAB714386,ENC106043,PT13928,GLU,Glucose,84,mg/dL,70,99,N,STAT,2024-07-25 16:17,2024-07-25 16:51,2024-07-25 17:14
LAB714387,ENC106043,PT13928,CREAT,Creatinine,1.1,mg/dL,0.6,1.3,N,STAT,2024-07-25 16:24,2024-07-25 16:29,2024-07-25 17:44
LAB714388,ENC106043,PT13928,WBC,White Blood Cell Count,6.3,K/uL,4.5,11,N,Routine,2024-07-25 16:37,2024-07-25 17:03,2024-07-25 21:17
LAB714389,ENC106043,PT13928,HGB,Hemoglobin,13.9,g/dL,12,17.5,N,Routine,2024-07-25 16:09,2024-07-25 16:27,2024-07-25 19:23
LAB714390,ENC106043,PT13928,INR,Prothrombin Time INR,1,ratio,0.8,1.2,N,STAT,2024-07-25 16:25,2024-07-25 16:33,2024-07-25 18:11
LAB714391,ENC106044,PT11308,GLU,Glucose,313,mg/dL,70,99,H,STAT,2024-07-25 18:49,2024-07-25 19:21,2024-07-25 20:40
LAB714392,ENC106044,PT11308,CREAT,Creatinine,1.17,mg/dL,0.6,1.3,N,STAT,2024-07-25 18:12,2024-07-25 18:38,2024-07-25 19:36
LAB714393,ENC106044,PT11308,WBC,White Blood Cell Count,6.9,K/uL,4.5,11,N,Routine,2024-07-25 19:03,2024-07-25 19:15,2024-07-25 21:50
LAB714394,ENC106044,PT11308,HGB,Hemoglobin,14,g/dL,12,17.5,N,Routine,2024-07-25 18:47,2024-07-25 19:14,2024-07-25 21:05
LAB714395,ENC106044,PT11308,NA,Sodium,136,mmol/L,136,145,N,STAT,2024-07-25 18:22,2024-07-25 18:41,2024-07-25 19:12
LAB714396,ENC106044,PT11308,K,Potassium,3.9,mmol/L,3.5,5.1,N,STAT,2024-07-25 19:17,2024-07-25 19:50,2024-07-25 20:41
LAB714397,ENC106044,PT11308,A1C,Hemoglobin A1c,8,%,4,5.6,H,STAT,2024-07-25 18:30,2024-07-25 18:37,2024-07-25 19:17
LAB714398,ENC106045,PT11944,GLU,Glucose,129,mg/dL,70,99,H,STAT,2024-07-25 14:59,2024-07-25 15:24,2024-07-25 15:45
LAB714399,ENC106045,PT11944,CREAT,Creatinine,1.95,mg/dL,0.6,1.3,H,Routine,2024-07-25 14:27,2024-07-25 14:41,2024-07-25 17:29
LAB714400,ENC106045,PT11944,WBC,White Blood Cell Count,8.7,K/uL,4.5,11,N,Routine,2024-07-25 14:06,2024-07-25 14:13,2024-07-25 18:28
LAB714401,ENC106046,PT11444,GLU,Glucose,104,mg/dL,70,99,H,STAT,2024-07-25 16:06,2024-07-25 16:25,2024-07-25 17:05
LAB714402,ENC106046,PT11444,CREAT,Creatinine,1.03,mg/dL,0.6,1.3,N,Routine,2024-07-25 15:44,2024-07-25 15:58,2024-07-25 18:50
LAB714403,ENC106046,PT11444,WBC,White Blood Cell Count,7.4,K/uL,4.5,11,N,Routine,2024-07-25 15:25,2024-07-25 15:48,2024-07-25 17:23
LAB714404,ENC106050,PT10090,A1C,Hemoglobin A1c,7.4,%,4,5.6,H,Routine,2024-07-25 16:28,2024-07-25 16:42,2024-07-26 01:33
LAB714405,ENC106050,PT10090,GLU,Glucose,257,mg/dL,70,99,H,Routine,2024-07-25 16:44,2024-07-25 17:14,2024-07-25 23:14
LAB714406,ENC106050,PT10090,CREAT,Creatinine,0.9,mg/dL,0.6,1.3,N,Routine,2024-07-25 16:31,2024-07-25 17:06,2024-07-25 18:47
LAB714407,ENC106053,PT13182,GLU,Glucose,92,mg/dL,70,99,N,Routine,2024-07-25 20:30,2024-07-25 21:04,2024-07-25 22:22
LAB714408,ENC106053,PT13182,CREAT,Creatinine,1.02,mg/dL,0.6,1.3,N,Routine,2024-07-25 19:52,2024-07-25 19:57,2024-07-25 22:02
LAB714409,ENC106053,PT13182,WBC,White Blood Cell Count,6.6,K/uL,4.5,11,N,Routine,2024-07-25 20:41,2024-07-25 20:57,2024-07-25 22:55
LAB714410,ENC106054,PT13757,GLU,Glucose,122,mg/dL,70,99,H,Routine,2024-07-25 20:52,2024-07-25 20:57,2024-07-25 22:54
LAB714411,ENC106054,PT13757,CREAT,Creatinine,0.59,mg/dL,0.6,1.3,L,STAT,2024-07-25 21:00,2024-07-25 21:06,2024-07-25 21:44
LAB714412,ENC106055,PT11581,GLU,Glucose,112,mg/dL,70,99,H,Routine,2024-07-26 00:27,2024-07-26 00:31,2024-07-26 02:38
LAB714413,ENC106055,PT11581,CREAT,Creatinine,0.96,mg/dL,0.6,1.3,N,STAT,2024-07-26 00:50,2024-07-26 01:13,2024-07-26 01:43
LAB714414,ENC106055,PT11581,WBC,White Blood Cell Count,5.2,K/uL,4.5,11,N,Routine,2024-07-26 00:36,2024-07-26 00:58,2024-07-26 04:36
LAB714415,ENC106055,PT11581,HGB,Hemoglobin,14.5,g/dL,12,17.5,N,STAT,2024-07-26 00:18,2024-07-26 00:28,2024-07-26 01:07
LAB714416,ENC106056,PT13216,GLU,Glucose,109,mg/dL,70,99,H,STAT,2024-07-25 21:48,2024-07-25 22:05,2024-07-25 23:55
LAB714417,ENC106056,PT13216,CREAT,Creatinine,0.62,mg/dL,0.6,1.3,N,Routine,2024-07-25 21:08,2024-07-25 21:17,2024-07-26 04:08
LAB714418,ENC106056,PT13216,WBC,White Blood Cell Count,16.3,K/uL,4.5,11,H,STAT,2024-07-25 21:54,2024-07-25 21:59,2024-07-25 23:19
LAB714419,ENC106056,PT13216,HGB,Hemoglobin,14.8,g/dL,12,17.5,N,STAT,2024-07-25 21:53,2024-07-25 22:11,2024-07-25 23:33
LAB714420,ENC106057,PT11108,GLU,Glucose,166,mg/dL,70,99,H,STAT,2024-07-25 21:31,2024-07-25 21:37,2024-07-25 22:37
LAB714421,ENC106057,PT11108,CREAT,Creatinine,0.94,mg/dL,0.6,1.3,N,STAT,2024-07-25 22:19,2024-07-25 22:42,2024-07-25 23:18
LAB714422,ENC106057,PT11108,WBC,White Blood Cell Count,6.4,K/uL,4.5,11,N,STAT,2024-07-25 22:17,2024-07-25 22:40,2024-07-25 23:28
LAB714423,ENC106057,PT11108,HGB,Hemoglobin,12.8,g/dL,12,17.5,N,Routine,2024-07-25 21:57,2024-07-25 22:21,2024-07-26 00:57
LAB714424,ENC106057,PT11108,BUN,Blood Urea Nitrogen,18,mg/dL,7,20,N,Routine,2024-07-25 21:20,2024-07-25 21:30,2024-07-26 01:12
LAB714425,ENC106057,PT11108,PLT,Platelet Count,296,K/uL,150,400,N,Routine,2024-07-25 22:14,2024-07-25 22:41,2024-07-25 23:46
LAB714426,ENC106057,PT11108,TROP,"Troponin I, High Sensitivity",4,ng/L,0,34,N,STAT,2024-07-25 21:51,2024-07-25 22:11,2024-07-25 23:10
LAB714427,ENC106058,PT10312,GLU,Glucose,124,mg/dL,70,99,H,Routine,2024-07-25 22:33,2024-07-25 22:42,2024-07-26 01:55
LAB714428,ENC106058,PT10312,CREAT,Creatinine,0.94,mg/dL,0.6,1.3,N,STAT,2024-07-25 22:27,2024-07-25 22:33,2024-07-25 23:21
LAB714429,ENC106058,PT10312,WBC,White Blood Cell Count,6.6,K/uL,4.5,11,N,Routine,2024-07-25 22:17,2024-07-25 22:41,2024-07-26 02:12
LAB714430,ENC106058,PT10312,HGB,Hemoglobin,12.3,g/dL,12,17.5,N,STAT,2024-07-25 22:47,2024-07-25 22:57,2024-07-25 23:30
LAB714431,ENC106060,PT11694,GLU,Glucose,75,mg/dL,70,99,N,Routine,2024-07-26 03:29,2024-07-26 04:04,2024-07-26 07:26
LAB714432,ENC106060,PT11694,CREAT,Creatinine,1.36,mg/dL,0.6,1.3,H,Routine,2024-07-26 03:01,2024-07-26 03:35,2024-07-26 06:08
LAB714433,ENC106060,PT11694,WBC,White Blood Cell Count,7.7,K/uL,4.5,11,N,Routine,2024-07-26 03:49,2024-07-26 04:11,2024-07-26 06:10
LAB714434,ENC106060,PT11694,HGB,Hemoglobin,12.3,g/dL,12,17.5,N,STAT,2024-07-26 03:40,2024-07-26 04:06,2024-07-26 04:44
LAB714435,ENC106061,PT12589,GLU,Glucose,83,mg/dL,70,99,N,STAT,2024-07-26 02:57,2024-07-26 03:01,2024-07-26 03:54
LAB714436,ENC106061,PT12589,CREAT,Creatinine,1.39,mg/dL,0.6,1.3,H,STAT,2024-07-26 02:52,2024-07-26 02:59,2024-07-26 03:30
LAB714437,ENC106061,PT12589,WBC,White Blood Cell Count,7.1,K/uL,4.5,11,N,STAT,2024-07-26 03:19,2024-07-26 03:28,2024-07-26 04:58
LAB714438,ENC106061,PT12589,HGB,Hemoglobin,14.7,g/dL,12,17.5,N,STAT,2024-07-26 03:20,2024-07-26 03:48,2024-07-26 04:46
LAB714439,ENC106062,PT10317,GLU,Glucose,245,mg/dL,70,99,H,STAT,2024-07-26 04:02,2024-07-26 04:26,2024-07-26 05:43
LAB714440,ENC106062,PT10317,CREAT,Creatinine,0.82,mg/dL,0.6,1.3,N,STAT,2024-07-26 04:24,2024-07-26 04:50,2024-07-26 06:46
LAB714441,ENC106063,PT12897,GLU,Glucose,93,mg/dL,70,99,N,STAT,2024-07-26 09:30,2024-07-26 09:58,2024-07-26 10:32
LAB714442,ENC106063,PT12897,CREAT,Creatinine,1.4,mg/dL,0.6,1.3,H,STAT,2024-07-26 09:44,2024-07-26 10:11,2024-07-26 11:20
LAB714443,ENC106063,PT12897,WBC,White Blood Cell Count,8.6,K/uL,4.5,11,N,Routine,2024-07-26 09:18,2024-07-26 09:34,2024-07-26 12:28
LAB714444,ENC106063,PT12897,HGB,Hemoglobin,16.6,g/dL,12,17.5,N,Routine,2024-07-26 09:42,2024-07-26 09:55,2024-07-26 13:41
LAB714445,ENC106063,PT12897,NA,Sodium,121,mmol/L,136,145,L,STAT,2024-07-26 09:23,2024-07-26 09:32,2024-07-26 09:59
LAB714446,ENC106063,PT12897,K,Potassium,4.6,mmol/L,3.5,5.1,N,STAT,2024-07-26 09:03,2024-07-26 09:16,2024-07-26 11:02
LAB714447,ENC106064,PT12569,WBC,White Blood Cell Count,7.8,K/uL,4.5,11,N,Routine,2024-07-26 08:05,2024-07-26 08:27,2024-07-26 11:14
LAB714448,ENC106064,PT12569,HGB,Hemoglobin,15.7,g/dL,12,17.5,N,Routine,2024-07-26 08:18,2024-07-26 08:46,2024-07-26 10:39
LAB714449,ENC106064,PT12569,PLT,Platelet Count,163,K/uL,150,400,N,Routine,2024-07-26 08:27,2024-07-26 08:41,2024-07-26 13:53
LAB714450,ENC106068,PT11354,A1C,Hemoglobin A1c,10.1,%,4,5.6,H,STAT,2024-07-26 11:30,2024-07-26 11:47,2024-07-26 12:23
LAB714451,ENC106069,PT12328,WBC,White Blood Cell Count,6.3,K/uL,4.5,11,N,Routine,2024-07-26 12:14,2024-07-26 12:41,2024-07-26 19:18
LAB714452,ENC106069,PT12328,HGB,Hemoglobin,15.6,g/dL,12,17.5,N,Routine,2024-07-26 12:13,2024-07-26 12:28,2024-07-26 15:35
LAB714453,ENC106069,PT12328,PLT,Platelet Count,383,K/uL,150,400,N,Routine,2024-07-26 12:11,2024-07-26 12:41,2024-07-26 15:46
LAB714454,ENC106070,PT12075,GLU,Glucose,110,mg/dL,70,99,H,STAT,2024-07-26 13:13,2024-07-26 13:37,2024-07-26 14:23
LAB714455,ENC106070,PT12075,CREAT,Creatinine,1.15,mg/dL,0.6,1.3,N,STAT,2024-07-26 12:37,2024-07-26 13:08,2024-07-26 13:54
LAB714456,ENC106072,PT10751,GLU,Glucose,117,mg/dL,70,99,H,STAT,2024-07-26 15:18,2024-07-26 15:53,2024-07-26 17:08
LAB714457,ENC106072,PT10751,CREAT,Creatinine,0.45,mg/dL,0.6,1.3,L,Routine,2024-07-26 14:38,2024-07-26 14:47,2024-07-26 18:48
LAB714458,ENC106072,PT10751,WBC,White Blood Cell Count,9.9,K/uL,4.5,11,N,STAT,2024-07-26 15:14,2024-07-26 15:31,2024-07-26 15:54
LAB714459,ENC106072,PT10751,HGB,Hemoglobin,14.2,g/dL,12,17.5,N,STAT,2024-07-26 14:42,2024-07-26 15:06,2024-07-26 15:53
LAB714460,ENC106072,PT10751,TROP,"Troponin I, High Sensitivity",7,ng/L,0,34,N,STAT,2024-07-26 14:46,2024-07-26 15:08,2024-07-26 15:45
LAB714461,ENC106072,PT10751,BNP,B-Type Natriuretic Peptide,699,pg/mL,0,100,H,STAT,2024-07-26 15:35,2024-07-26 15:40,2024-07-26 16:19
LAB714462,ENC106073,PT12933,GLU,Glucose,90,mg/dL,70,99,N,STAT,2024-07-26 15:48,2024-07-26 16:20,2024-07-26 16:51
LAB714463,ENC106073,PT12933,CREAT,Creatinine,1.99,mg/dL,0.6,1.3,H,STAT,2024-07-26 15:19,2024-07-26 15:41,2024-07-26 15:59
LAB714464,ENC106073,PT12933,WBC,White Blood Cell Count,7.4,K/uL,4.5,11,N,STAT,2024-07-26 15:36,2024-07-26 15:40,2024-07-26 16:17
LAB714465,ENC106073,PT12933,HGB,Hemoglobin,11.4,g/dL,12,17.5,L,STAT,2024-07-26 15:34,2024-07-26 16:00,2024-07-26 16:26
LAB714466,ENC106074,PT10326,GLU,Glucose,77,mg/dL,70,99,N,Routine,2024-07-26 17:18,2024-07-26 17:45,2024-07-27 02:06
LAB714467,ENC106074,PT10326,CREAT,Creatinine,0.89,mg/dL,0.6,1.3,N,Routine,2024-07-26 17:59,2024-07-26 18:30,2024-07-26 20:22
LAB714468,ENC106074,PT10326,WBC,White Blood Cell Count,12.5,K/uL,4.5,11,H,Routine,2024-07-26 18:07,2024-07-26 18:31,2024-07-26 20:28
LAB714469,ENC106074,PT10326,HGB,Hemoglobin,12.3,g/dL,12,17.5,N,STAT,2024-07-26 17:33,2024-07-26 17:52,2024-07-26 18:24
LAB714470,ENC106076,PT13413,WBC,White Blood Cell Count,7.2,K/uL,4.5,11,N,Routine,2024-07-26 13:52,2024-07-26 14:07,2024-07-26 22:36
LAB714471,ENC106076,PT13413,HGB,Hemoglobin,9.2,g/dL,12,17.5,L,Routine,2024-07-26 13:42,2024-07-26 14:02,2024-07-26 16:37
LAB714472,ENC106076,PT13413,PLT,Platelet Count,196,K/uL,150,400,N,Routine,2024-07-26 13:37,2024-07-26 13:50,2024-07-26 19:19
LAB714473,ENC106078,PT13477,GLU,Glucose,106,mg/dL,70,99,H,STAT,2024-07-26 17:53,2024-07-26 18:02,2024-07-26 18:40
LAB714474,ENC106078,PT13477,CREAT,Creatinine,1.12,mg/dL,0.6,1.3,N,STAT,2024-07-26 17:19,2024-07-26 17:36,2024-07-26 18:45
LAB714475,ENC106078,PT13477,WBC,White Blood Cell Count,5.7,K/uL,4.5,11,N,STAT,2024-07-26 17:45,2024-07-26 18:19,2024-07-26 18:54
LAB714476,ENC106078,PT13477,HGB,Hemoglobin,9.7,g/dL,12,17.5,L,Routine,2024-07-26 16:56,2024-07-26 17:16,2024-07-26 19:29
LAB714477,ENC106078,PT13477,LACT,Lactate,2.2,mmol/L,0.5,2,H,STAT,2024-07-26 17:01,2024-07-26 17:14,2024-07-26 17:36
LAB714478,ENC106078,PT13477,INR,Prothrombin Time INR,0.9,ratio,0.8,1.2,N,STAT,2024-07-26 17:03,2024-07-26 17:37,2024-07-26 18:12
LAB714479,ENC106079,PT12279,LDL,LDL Cholesterol,117,mg/dL,0,99,H,Routine,2024-07-26 14:55,2024-07-26 15:07,2024-07-27 06:06
LAB714480,ENC106082,PT13719,GLU,Glucose,126,mg/dL,70,99,H,Routine,2024-07-26 16:42,2024-07-26 17:04,2024-07-26 20:44
LAB714481,ENC106082,PT13719,CREAT,Creatinine,0.69,mg/dL,0.6,1.3,N,STAT,2024-07-26 17:17,2024-07-26 17:51,2024-07-26 19:38
LAB714482,ENC106082,PT13719,WBC,White Blood Cell Count,6.1,K/uL,4.5,11,N,Routine,2024-07-26 17:06,2024-07-26 17:14,2024-07-27 03:06
LAB714483,ENC106082,PT13719,TROP,"Troponin I, High Sensitivity",6,ng/L,0,34,N,STAT,2024-07-26 16:38,2024-07-26 16:44,2024-07-26 17:49
LAB714484,ENC106083,PT10572,LDL,LDL Cholesterol,128,mg/dL,0,99,H,Routine,2024-07-26 16:37,2024-07-26 16:42,2024-07-26 23:31
LAB714485,ENC106083,PT10572,A1C,Hemoglobin A1c,5.7,%,4,5.6,H,Routine,2024-07-26 16:50,2024-07-26 17:01,2024-07-27 01:45
LAB714486,ENC106084,PT13416,GLU,Glucose,105,mg/dL,70,99,H,STAT,2024-07-26 17:57,2024-07-26 18:10,2024-07-26 18:55
LAB714487,ENC106084,PT13416,CREAT,Creatinine,1.06,mg/dL,0.6,1.3,N,STAT,2024-07-26 17:47,2024-07-26 18:05,2024-07-26 18:57
LAB714488,ENC106085,PT12782,GLU,Glucose,115,mg/dL,70,99,H,STAT,2024-07-26 17:36,2024-07-26 17:46,2024-07-26 18:15
LAB714489,ENC106085,PT12782,CREAT,Creatinine,1.91,mg/dL,0.6,1.3,H,STAT,2024-07-26 17:27,2024-07-26 17:48,2024-07-26 18:25
LAB714490,ENC106085,PT12782,WBC,White Blood Cell Count,13.4,K/uL,4.5,11,H,Routine,2024-07-26 17:32,2024-07-26 17:46,2024-07-26 19:47
LAB714491,ENC106085,PT12782,HGB,Hemoglobin,12,g/dL,12,17.5,N,STAT,2024-07-26 18:04,2024-07-26 18:17,2024-07-26 18:52
LAB714492,ENC106086,PT10753,GLU,Glucose,126,mg/dL,70,99,H,Routine,2024-07-26 18:10,2024-07-26 18:36,2024-07-26 21:37
LAB714493,ENC106086,PT10753,CREAT,Creatinine,0.81,mg/dL,0.6,1.3,N,Routine,2024-07-26 18:04,2024-07-26 18:29,2024-07-26 21:30
LAB714494,ENC106086,PT10753,WBC,White Blood Cell Count,6.4,K/uL,4.5,11,N,STAT,2024-07-26 18:20,2024-07-26 18:45,2024-07-26 19:35
LAB714495,ENC106086,PT10753,HGB,Hemoglobin,15.2,g/dL,12,17.5,N,Routine,2024-07-26 18:16,2024-07-26 18:38,2024-07-26 20:34
LAB714496,ENC106086,PT10753,TROP,"Troponin I, High Sensitivity",12,ng/L,0,34,N,STAT,2024-07-26 18:19,2024-07-26 18:46,2024-07-26 19:37
LAB714497,ENC106087,PT12633,GLU,Glucose,102,mg/dL,70,99,H,Routine,2024-07-26 19:27,2024-07-26 19:52,2024-07-26 22:56
LAB714498,ENC106087,PT12633,CREAT,Creatinine,1.56,mg/dL,0.6,1.3,H,STAT,2024-07-26 19:38,2024-07-26 19:52,2024-07-26 20:32
LAB714499,ENC106087,PT12633,WBC,White Blood Cell Count,5.9,K/uL,4.5,11,N,STAT,2024-07-26 19:49,2024-07-26 20:12,2024-07-26 20:38
LAB714500,ENC106087,PT12633,HGB,Hemoglobin,13.4,g/dL,12,17.5,N,STAT,2024-07-26 20:08,2024-07-26 20:16,2024-07-26 20:37
LAB714501,ENC106088,PT11248,GLU,Glucose,229,mg/dL,70,99,H,Routine,2024-07-26 20:16,2024-07-26 20:32,2024-07-27 01:10
LAB714502,ENC106088,PT11248,CREAT,Creatinine,0.97,mg/dL,0.6,1.3,N,STAT,2024-07-26 20:51,2024-07-26 21:15,2024-07-26 22:21
LAB714503,ENC106088,PT11248,WBC,White Blood Cell Count,2.9,K/uL,4.5,11,L,Routine,2024-07-26 20:48,2024-07-26 20:56,2024-07-26 23:00
LAB714504,ENC106088,PT11248,HGB,Hemoglobin,13.4,g/dL,12,17.5,N,STAT,2024-07-26 20:56,2024-07-26 21:21,2024-07-26 22:00
LAB714505,ENC106088,PT11248,BUN,Blood Urea Nitrogen,10,mg/dL,7,20,N,STAT,2024-07-26 20:07,2024-07-26 20:31,2024-07-26 21:49
LAB714506,ENC106088,PT11248,PLT,Platelet Count,248,K/uL,150,400,N,Routine,2024-07-26 20:57,2024-07-26 21:04,2024-07-26 23:58
LAB714507,ENC106092,PT12391,GLU,Glucose,103,mg/dL,70,99,H,Routine,2024-07-27 05:17,2024-07-27 05:28,2024-07-27 07:43
LAB714508,ENC106092,PT12391,CREAT,Creatinine,0.48,mg/dL,0.6,1.3,L,Routine,2024-07-27 04:30,2024-07-27 04:54,2024-07-27 07:37
LAB714509,ENC106094,PT10855,GLU,Glucose,113,mg/dL,70,99,H,Routine,2024-07-27 12:41,2024-07-27 13:04,2024-07-27 16:14
LAB714510,ENC106094,PT10855,CREAT,Creatinine,0.89,mg/dL,0.6,1.3,N,STAT,2024-07-27 12:50,2024-07-27 13:17,2024-07-27 14:20
LAB714511,ENC106094,PT10855,WBC,White Blood Cell Count,9.7,K/uL,4.5,11,N,Routine,2024-07-27 12:35,2024-07-27 12:52,2024-07-27 16:59
LAB714512,ENC106094,PT10855,HGB,Hemoglobin,12.7,g/dL,12,17.5,N,Routine,2024-07-27 13:02,2024-07-27 13:36,2024-07-27 18:37
LAB714513,ENC106094,PT10855,NA,Sodium,139,mmol/L,136,145,N,STAT,2024-07-27 12:21,2024-07-27 12:28,2024-07-27 14:50
LAB714514,ENC106094,PT10855,K,Potassium,4.8,mmol/L,3.5,5.1,N,STAT,2024-07-27 12:04,2024-07-27 12:16,2024-07-27 13:22
LAB714515,ENC106094,PT10855,BUN,Blood Urea Nitrogen,21,mg/dL,7,20,H,STAT,2024-07-27 12:21,2024-07-27 12:28,2024-07-27 13:38
LAB714516,ENC106094,PT10855,PLT,Platelet Count,297,K/uL,150,400,N,STAT,2024-07-27 12:03,2024-07-27 12:29,2024-07-27 13:07
LAB714517,ENC106095,PT13906,GLU,Glucose,113,mg/dL,70,99,H,STAT,2024-07-27 14:30,2024-07-27 15:03,2024-07-27 16:20
LAB714518,ENC106095,PT13906,CREAT,Creatinine,1.15,mg/dL,0.6,1.3,N,Routine,2024-07-27 15:15,2024-07-27 15:36,2024-07-27 23:11
LAB714519,ENC106095,PT13906,WBC,White Blood Cell Count,8.9,K/uL,4.5,11,N,Routine,2024-07-27 14:41,2024-07-27 15:05,2024-07-27 18:14
LAB714520,ENC106095,PT13906,HGB,Hemoglobin,14.8,g/dL,12,17.5,N,STAT,2024-07-27 14:29,2024-07-27 15:01,2024-07-27 16:17
LAB714521,ENC106095,PT13906,NA,Sodium,123,mmol/L,136,145,L,Routine,2024-07-27 14:38,2024-07-27 15:09,2024-07-27 18:50
LAB714522,ENC106095,PT13906,K,Potassium,3.8,mmol/L,3.5,5.1,N,STAT,2024-07-27 14:56,2024-07-27 15:22,2024-07-27 15:56
LAB714523,ENC106096,PT12794,GLU,Glucose,162,mg/dL,70,99,H,STAT,2024-07-27 18:59,2024-07-27 19:07,2024-07-27 19:56
LAB714524,ENC106096,PT12794,CREAT,Creatinine,0.88,mg/dL,0.6,1.3,N,STAT,2024-07-27 18:19,2024-07-27 18:34,2024-07-27 19:41
LAB714525,ENC106096,PT12794,WBC,White Blood Cell Count,7.1,K/uL,4.5,11,N,Routine,2024-07-27 19:06,2024-07-27 19:32,2024-07-27 21:09
LAB714526,ENC106096,PT12794,HGB,Hemoglobin,16.3,g/dL,12,17.5,N,Routine,2024-07-27 18:59,2024-07-27 19:21,2024-07-28 00:28
LAB714527,ENC106097,PT12749,GLU,Glucose,93,mg/dL,70,99,N,STAT,2024-07-27 15:44,2024-07-27 16:17,2024-07-27 16:49
LAB714528,ENC106097,PT12749,CREAT,Creatinine,0.84,mg/dL,0.6,1.3,N,Routine,2024-07-27 15:39,2024-07-27 16:07,2024-07-27 17:53
LAB714529,ENC106097,PT12749,WBC,White Blood Cell Count,8.1,K/uL,4.5,11,N,STAT,2024-07-27 16:14,2024-07-27 16:21,2024-07-27 16:55
LAB714530,ENC106097,PT12749,HGB,Hemoglobin,14.4,g/dL,12,17.5,N,STAT,2024-07-27 15:27,2024-07-27 15:48,2024-07-27 16:29
LAB714531,ENC106097,PT12749,BUN,Blood Urea Nitrogen,15,mg/dL,7,20,N,Routine,2024-07-27 16:12,2024-07-27 16:18,2024-07-27 18:24
LAB714532,ENC106097,PT12749,PLT,Platelet Count,296,K/uL,150,400,N,Routine,2024-07-27 16:05,2024-07-27 16:24,2024-07-27 19:48
LAB714533,ENC106098,PT10527,GLU,Glucose,127,mg/dL,70,99,H,Routine,2024-07-27 20:19,2024-07-27 20:37,2024-07-27 22:47
LAB714534,ENC106098,PT10527,CREAT,Creatinine,0.69,mg/dL,0.6,1.3,N,Routine,2024-07-27 19:50,2024-07-27 20:01,2024-07-28 04:01
LAB714535,ENC106098,PT10527,WBC,White Blood Cell Count,8.7,K/uL,4.5,11,N,STAT,2024-07-27 19:44,2024-07-27 20:02,2024-07-27 21:03
LAB714536,ENC106098,PT10527,HGB,Hemoglobin,9.3,g/dL,12,17.5,L,Routine,2024-07-27 20:30,2024-07-27 20:49,2024-07-27 22:43
LAB714537,ENC106098,PT10527,TROP,"Troponin I, High Sensitivity",6,ng/L,0,34,N,STAT,2024-07-27 19:58,2024-07-27 20:25,2024-07-27 21:13
LAB714538,ENC106098,PT10527,BNP,B-Type Natriuretic Peptide,1231,pg/mL,0,100,H,Routine,2024-07-27 20:04,2024-07-27 20:24,2024-07-27 21:39
LAB714539,ENC106099,PT11397,GLU,Glucose,111,mg/dL,70,99,H,Routine,2024-07-27 16:58,2024-07-27 17:27,2024-07-27 20:13
LAB714540,ENC106099,PT11397,CREAT,Creatinine,0.7,mg/dL,0.6,1.3,N,Routine,2024-07-27 17:29,2024-07-27 17:53,2024-07-27 21:17
LAB714541,ENC106099,PT11397,WBC,White Blood Cell Count,7.6,K/uL,4.5,11,N,Routine,2024-07-27 17:04,2024-07-27 17:10,2024-07-27 18:34
LAB714542,ENC106099,PT11397,HGB,Hemoglobin,13.1,g/dL,12,17.5,N,Routine,2024-07-27 17:46,2024-07-27 18:18,2024-07-27 20:13
LAB714543,ENC106099,PT11397,NA,Sodium,139,mmol/L,136,145,N,Routine,2024-07-27 17:47,2024-07-27 18:17,2024-07-27 22:05
LAB714544,ENC106099,PT11397,K,Potassium,4.6,mmol/L,3.5,5.1,N,STAT,2024-07-27 18:07,2024-07-27 18:26,2024-07-27 19:57
LAB714545,ENC106100,PT12584,GLU,Glucose,131,mg/dL,70,99,H,STAT,2024-07-27 18:07,2024-07-27 18:18,2024-07-27 19:16
LAB714546,ENC106100,PT12584,CREAT,Creatinine,1.07,mg/dL,0.6,1.3,N,STAT,2024-07-27 18:04,2024-07-27 18:19,2024-07-27 19:11
LAB714547,ENC106100,PT12584,WBC,White Blood Cell Count,10.7,K/uL,4.5,11,N,Routine,2024-07-27 18:07,2024-07-27 18:37,2024-07-28 00:31
LAB714548,ENC106100,PT12584,HGB,Hemoglobin,14,g/dL,12,17.5,N,Routine,2024-07-27 17:32,2024-07-27 17:46,2024-07-27 20:25
LAB714549,ENC106100,PT12584,TROP,"Troponin I, High Sensitivity",7,ng/L,0,34,N,STAT,2024-07-27 17:17,2024-07-27 17:27,2024-07-27 17:59
LAB714550,ENC106102,PT13677,INR,Prothrombin Time INR,1,ratio,0.8,1.2,N,Routine,2024-07-27 19:21,2024-07-27 19:53,2024-07-27 22:18
LAB714551,ENC106104,PT12688,GLU,Glucose,101,mg/dL,70,99,H,STAT,2024-07-28 00:10,2024-07-28 00:23,2024-07-28 01:00
LAB714552,ENC106104,PT12688,CREAT,Creatinine,0.57,mg/dL,0.6,1.3,L,STAT,2024-07-28 00:07,2024-07-28 00:41,2024-07-28 02:06
LAB714553,ENC106104,PT12688,WBC,White Blood Cell Count,8.9,K/uL,4.5,11,N,Routine,2024-07-27 23:58,2024-07-28 00:17,2024-07-28 02:50
LAB714554,ENC106104,PT12688,HGB,Hemoglobin,13.4,g/dL,12,17.5,N,Routine,2024-07-28 00:08,2024-07-28 00:38,2024-07-28 03:18
LAB714555,ENC106105,PT13900,GLU,Glucose,101,mg/dL,70,99,H,STAT,2024-07-28 03:04,2024-07-28 03:25,2024-07-28 03:57
LAB714556,ENC106105,PT13900,CREAT,Creatinine,2.23,mg/dL,0.6,1.3,H,Routine,2024-07-28 02:26,2024-07-28 02:34,2024-07-28 05:58
LAB714557,ENC106105,PT13900,WBC,White Blood Cell Count,8.8,K/uL,4.5,11,N,Routine,2024-07-28 03:04,2024-07-28 03:10,2024-07-28 06:23
LAB714558,ENC106105,PT13900,HGB,Hemoglobin,12.2,g/dL,12,17.5,N,STAT,2024-07-28 03:02,2024-07-28 03:34,2024-07-28 03:53
LAB714559,ENC106105,PT13900,TROP,"Troponin I, High Sensitivity",78,ng/L,0,34,H,STAT,2024-07-28 02:05,2024-07-28 02:19,2024-07-28 03:42
LAB714560,ENC106105,PT13900,BNP,B-Type Natriuretic Peptide,847,pg/mL,0,100,H,STAT,2024-07-28 02:15,2024-07-28 02:47,2024-07-28 03:37
LAB714561,ENC106106,PT11512,GLU,Glucose,70,mg/dL,70,99,N,STAT,2024-07-28 02:55,2024-07-28 03:13,2024-07-28 03:49
LAB714562,ENC106106,PT11512,CREAT,Creatinine,1.17,mg/dL,0.6,1.3,N,Routine,2024-07-28 02:52,2024-07-28 03:10,2024-07-28 08:04
LAB714563,ENC106106,PT11512,WBC,White Blood Cell Count,9.7,K/uL,4.5,11,N,STAT,2024-07-28 03:19,2024-07-28 03:27,2024-07-28 03:56
LAB714564,ENC106106,PT11512,HGB,Hemoglobin,12.4,g/dL,12,17.5,N,Routine,2024-07-28 03:05,2024-07-28 03:31,2024-07-28 07:07
LAB714565,ENC106108,PT10917,GLU,Glucose,106,mg/dL,70,99,H,Routine,2024-07-28 04:35,2024-07-28 05:10,2024-07-28 08:42
LAB714566,ENC106108,PT10917,CREAT,Creatinine,0.76,mg/dL,0.6,1.3,N,Routine,2024-07-28 04:52,2024-07-28 05:07,2024-07-28 07:00
LAB714567,ENC106109,PT13005,GLU,Glucose,236,mg/dL,70,99,H,STAT,2024-07-28 05:10,2024-07-28 05:26,2024-07-28 06:20
LAB714568,ENC106109,PT13005,CREAT,Creatinine,0.91,mg/dL,0.6,1.3,N,STAT,2024-07-28 05:24,2024-07-28 05:57,2024-07-28 06:33
LAB714569,ENC106109,PT13005,WBC,White Blood Cell Count,10.9,K/uL,4.5,11,N,Routine,2024-07-28 04:36,2024-07-28 04:42,2024-07-28 06:10
LAB714570,ENC106109,PT13005,HGB,Hemoglobin,16.4,g/dL,12,17.5,N,STAT,2024-07-28 05:19,2024-07-28 05:29,2024-07-28 06:18
LAB714571,ENC106109,PT13005,INR,Prothrombin Time INR,1.1,ratio,0.8,1.2,N,STAT,2024-07-28 04:34,2024-07-28 04:42,2024-07-28 05:46
LAB714572,ENC106111,PT10555,GLU,Glucose,207,mg/dL,70,99,H,STAT,2024-07-28 10:07,2024-07-28 10:25,2024-07-28 10:51
LAB714573,ENC106111,PT10555,CREAT,Creatinine,1,mg/dL,0.6,1.3,N,STAT,2024-07-28 09:59,2024-07-28 10:11,2024-07-28 10:45
LAB714574,ENC106111,PT10555,WBC,White Blood Cell Count,8.8,K/uL,4.5,11,N,Routine,2024-07-28 10:12,2024-07-28 10:37,2024-07-28 12:28
LAB714575,ENC106112,PT12666,GLU,Glucose,113,mg/dL,70,99,H,Routine,2024-07-28 13:59,2024-07-28 14:29,2024-07-28 16:22
LAB714576,ENC106112,PT12666,CREAT,Creatinine,1.06,mg/dL,0.6,1.3,N,Routine,2024-07-28 14:53,2024-07-28 15:01,2024-07-28 18:42
LAB714577,ENC106112,PT12666,WBC,White Blood Cell Count,4.8,K/uL,4.5,11,N,STAT,2024-07-28 14:49,2024-07-28 14:58,2024-07-28 15:51
LAB714578,ENC106112,PT12666,HGB,Hemoglobin,12.7,g/dL,12,17.5,N,Routine,2024-07-28 14:07,2024-07-28 14:39,2024-07-28 18:33
LAB714579,ENC106114,PT10419,GLU,Glucose,188,mg/dL,70,99,H,STAT,2024-07-28 10:04,2024-07-28 10:38,2024-07-28 11:12
LAB714580,ENC106114,PT10419,CREAT,Creatinine,0.66,mg/dL,0.6,1.3,N,STAT,2024-07-28 10:22,2024-07-28 10:32,2024-07-28 11:29
LAB714581,ENC106114,PT10419,WBC,White Blood Cell Count,5.7,K/uL,4.5,11,N,Routine,2024-07-28 09:52,2024-07-28 10:03,2024-07-28 11:21
LAB714582,ENC106114,PT10419,HGB,Hemoglobin,13.1,g/dL,12,17.5,N,STAT,2024-07-28 10:23,2024-07-28 10:43,2024-07-28 11:25
LAB714583,ENC106115,PT11407,GLU,Glucose,128,mg/dL,70,99,H,STAT,2024-07-28 15:43,2024-07-28 16:18,2024-07-28 16:40
LAB714584,ENC106115,PT11407,CREAT,Creatinine,0.97,mg/dL,0.6,1.3,N,Routine,2024-07-28 15:16,2024-07-28 15:24,2024-07-28 18:44
LAB714585,ENC106115,PT11407,WBC,White Blood Cell Count,5.5,K/uL,4.5,11,N,STAT,2024-07-28 16:09,2024-07-28 16:29,2024-07-28 17:10
LAB714586,ENC106115,PT11407,HGB,Hemoglobin,14.8,g/dL,12,17.5,N,STAT,2024-07-28 15:58,2024-07-28 16:18,2024-07-28 16:58
LAB714587,ENC106115,PT11407,NA,Sodium,142,mmol/L,136,145,N,Routine,2024-07-28 15:09,2024-07-28 15:27,2024-07-28 19:57
LAB714588,ENC106115,PT11407,K,Potassium,3.5,mmol/L,3.5,5.1,N,STAT,2024-07-28 15:22,2024-07-28 15:41,2024-07-28 16:07
LAB714589,ENC106117,PT11425,GLU,Glucose,112,mg/dL,70,99,H,STAT,2024-07-28 18:58,2024-07-28 19:12,2024-07-28 20:06
LAB714590,ENC106117,PT11425,CREAT,Creatinine,1.12,mg/dL,0.6,1.3,N,STAT,2024-07-28 19:35,2024-07-28 19:58,2024-07-28 21:00
LAB714591,ENC106117,PT11425,WBC,White Blood Cell Count,11.3,K/uL,4.5,11,H,STAT,2024-07-28 19:08,2024-07-28 19:31,2024-07-28 21:30
LAB714592,ENC106117,PT11425,HGB,Hemoglobin,14.6,g/dL,12,17.5,N,Routine,2024-07-28 19:05,2024-07-28 19:17,2024-07-28 20:43
LAB714593,ENC106119,PT10070,GLU,Glucose,121,mg/dL,70,99,H,STAT,2024-07-28 21:32,2024-07-28 21:39,2024-07-28 22:38
LAB714594,ENC106119,PT10070,CREAT,Creatinine,1.29,mg/dL,0.6,1.3,N,STAT,2024-07-28 22:24,2024-07-28 22:39,2024-07-28 23:05
LAB714595,ENC106119,PT10070,WBC,White Blood Cell Count,8.9,K/uL,4.5,11,N,Routine,2024-07-28 22:12,2024-07-28 22:35,2024-07-29 01:48
LAB714596,ENC106119,PT10070,HGB,Hemoglobin,14,g/dL,12,17.5,N,STAT,2024-07-28 22:29,2024-07-28 22:43,2024-07-28 23:39
LAB714597,ENC106120,PT13235,GLU,Glucose,151,mg/dL,70,99,H,STAT,2024-07-28 22:21,2024-07-28 22:53,2024-07-28 23:24
LAB714598,ENC106120,PT13235,CREAT,Creatinine,0.82,mg/dL,0.6,1.3,N,Routine,2024-07-28 22:48,2024-07-28 23:18,2024-07-29 04:29
LAB714599,ENC106120,PT13235,WBC,White Blood Cell Count,5.9,K/uL,4.5,11,N,STAT,2024-07-28 22:27,2024-07-28 22:59,2024-07-28 23:34
LAB714600,ENC106120,PT13235,HGB,Hemoglobin,14,g/dL,12,17.5,N,Routine,2024-07-28 22:27,2024-07-28 22:59,2024-07-29 02:43
LAB714601,ENC106121,PT12892,GLU,Glucose,89,mg/dL,70,99,N,Routine,2024-07-29 05:39,2024-07-29 06:07,2024-07-29 10:55
LAB714602,ENC106121,PT12892,CREAT,Creatinine,0.78,mg/dL,0.6,1.3,N,Routine,2024-07-29 04:56,2024-07-29 05:12,2024-07-29 09:12
LAB714603,ENC106121,PT12892,WBC,White Blood Cell Count,7.7,K/uL,4.5,11,N,STAT,2024-07-29 05:35,2024-07-29 05:39,2024-07-29 06:49
LAB714604,ENC106121,PT12892,HGB,Hemoglobin,14.1,g/dL,12,17.5,N,STAT,2024-07-29 05:35,2024-07-29 05:48,2024-07-29 07:05
LAB714605,ENC106122,PT11837,GLU,Glucose,96,mg/dL,70,99,N,Routine,2024-07-29 03:52,2024-07-29 04:02,2024-07-29 07:04
LAB714606,ENC106122,PT11837,CREAT,Creatinine,0.92,mg/dL,0.6,1.3,N,STAT,2024-07-29 04:18,2024-07-29 04:28,2024-07-29 05:54
LAB714607,ENC106122,PT11837,WBC,White Blood Cell Count,7.3,K/uL,4.5,11,N,Routine,2024-07-29 04:36,2024-07-29 05:01,2024-07-29 07:46
LAB714608,ENC106122,PT11837,HGB,Hemoglobin,15.2,g/dL,12,17.5,N,STAT,2024-07-29 04:21,2024-07-29 04:32,2024-07-29 05:37
LAB714609,ENC106123,PT13292,GLU,Glucose,118,mg/dL,70,99,H,STAT,2024-07-29 05:54,2024-07-29 06:19,2024-07-29 06:34
LAB714610,ENC106123,PT13292,CREAT,Creatinine,0.84,mg/dL,0.6,1.3,N,STAT,2024-07-29 06:18,2024-07-29 06:29,2024-07-29 07:12
LAB714611,ENC106123,PT13292,WBC,White Blood Cell Count,6.9,K/uL,4.5,11,N,STAT,2024-07-29 05:44,2024-07-29 05:54,2024-07-29 06:48
LAB714612,ENC106123,PT13292,HGB,Hemoglobin,6.8,g/dL,12,17.5,LL,STAT,2024-07-29 05:38,2024-07-29 06:05,2024-07-29 06:32
LAB714613,ENC106123,PT13292,NA,Sodium,137,mmol/L,136,145,N,STAT,2024-07-29 06:06,2024-07-29 06:38,2024-07-29 07:16
LAB714614,ENC106123,PT13292,K,Potassium,4.7,mmol/L,3.5,5.1,N,STAT,2024-07-29 06:20,2024-07-29 06:49,2024-07-29 07:42
LAB714615,ENC106123,PT13292,LACT,Lactate,1.6,mmol/L,0.5,2,N,STAT,2024-07-29 05:51,2024-07-29 06:14,2024-07-29 07:24
LAB714616,ENC106123,PT13292,INR,Prothrombin Time INR,7.1,ratio,0.8,1.2,HH,STAT,2024-07-29 06:12,2024-07-29 06:32,2024-07-29 07:12
LAB714617,ENC106124,PT12748,GLU,Glucose,105,mg/dL,70,99,H,STAT,2024-07-29 06:49,2024-07-29 07:08,2024-07-29 08:22
LAB714618,ENC106124,PT12748,CREAT,Creatinine,0.69,mg/dL,0.6,1.3,N,STAT,2024-07-29 06:21,2024-07-29 06:52,2024-07-29 07:26
LAB714619,ENC106124,PT12748,WBC,White Blood Cell Count,7.6,K/uL,4.5,11,N,STAT,2024-07-29 06:36,2024-07-29 06:54,2024-07-29 08:02
LAB714620,ENC106124,PT12748,HGB,Hemoglobin,13.4,g/dL,12,17.5,N,Routine,2024-07-29 05:58,2024-07-29 06:16,2024-07-29 07:38
LAB714621,ENC106125,PT13431,GLU,Glucose,109,mg/dL,70,99,H,Routine,2024-07-29 06:59,2024-07-29 07:08,2024-07-29 10:39
LAB714622,ENC106125,PT13431,CREAT,Creatinine,1.09,mg/dL,0.6,1.3,N,STAT,2024-07-29 07:19,2024-07-29 07:28,2024-07-29 08:22
LAB714623,ENC106125,PT13431,WBC,White Blood Cell Count,16.4,K/uL,4.5,11,H,STAT,2024-07-29 07:08,2024-07-29 07:29,2024-07-29 08:40
LAB714624,ENC106125,PT13431,HGB,Hemoglobin,17.3,g/dL,12,17.5,N,STAT,2024-07-29 06:49,2024-07-29 06:54,2024-07-29 07:40
LAB714625,ENC106126,PT12764,GLU,Glucose,103,mg/dL,70,99,H,STAT,2024-07-29 07:44,2024-07-29 08:06,2024-07-29 09:28
LAB714626,ENC106126,PT12764,CREAT,Creatinine,0.73,mg/dL,0.6,1.3,N,STAT,2024-07-29 08:13,2024-07-29 08:20,2024-07-29 09:39
LAB714627,ENC106126,PT12764,WBC,White Blood Cell Count,7,K/uL,4.5,11,N,Routine,2024-07-29 07:49,2024-07-29 08:18,2024-07-29 09:53
LAB714628,ENC106126,PT12764,HGB,Hemoglobin,16,g/dL,12,17.5,N,Routine,2024-07-29 07:17,2024-07-29 07:34,2024-07-29 08:49
LAB714629,ENC106127,PT13811,A1C,Hemoglobin A1c,6.2,%,4,5.6,H,STAT,2024-07-29 09:40,2024-07-29 10:01,2024-07-29 11:03
LAB714630,ENC106133,PT13783,LDL,LDL Cholesterol,147,mg/dL,0,99,H,Routine,2024-07-29 11:23,2024-07-29 11:42,2024-07-29 23:08
LAB714631,ENC106133,PT13783,A1C,Hemoglobin A1c,5.4,%,4,5.6,N,Routine,2024-07-29 11:29,2024-07-29 12:02,2024-07-30 04:24
LAB714632,ENC106134,PT11206,GLU,Glucose,73,mg/dL,70,99,N,Routine,2024-07-29 13:51,2024-07-29 14:12,2024-07-29 16:21
LAB714633,ENC106134,PT11206,CREAT,Creatinine,1.12,mg/dL,0.6,1.3,N,Routine,2024-07-29 13:59,2024-07-29 14:20,2024-07-29 19:25
LAB714634,ENC106134,PT11206,WBC,White Blood Cell Count,7.7,K/uL,4.5,11,N,STAT,2024-07-29 13:58,2024-07-29 14:25,2024-07-29 14:55
LAB714635,ENC106134,PT11206,HGB,Hemoglobin,13,g/dL,12,17.5,N,STAT,2024-07-29 13:38,2024-07-29 14:00,2024-07-29 14:55
LAB714636,ENC106134,PT11206,NA,Sodium,141,mmol/L,136,145,N,Routine,2024-07-29 14:14,2024-07-29 14:27,2024-07-29 18:08
LAB714637,ENC106134,PT11206,K,Potassium,4.1,mmol/L,3.5,5.1,N,STAT,2024-07-29 13:51,2024-07-29 14:12,2024-07-29 15:25
LAB714638,ENC106134,PT11206,LACT,Lactate,2.4,mmol/L,0.5,2,H,STAT,2024-07-29 13:46,2024-07-29 14:12,2024-07-29 14:53
LAB714639,ENC106135,PT12477,GLU,Glucose,109,mg/dL,70,99,H,STAT,2024-07-29 12:15,2024-07-29 12:49,2024-07-29 13:34
LAB714640,ENC106135,PT12477,CREAT,Creatinine,0.75,mg/dL,0.6,1.3,N,STAT,2024-07-29 11:42,2024-07-29 11:59,2024-07-29 12:38
LAB714641,ENC106135,PT12477,WBC,White Blood Cell Count,9.5,K/uL,4.5,11,N,STAT,2024-07-29 12:03,2024-07-29 12:32,2024-07-29 13:36
LAB714642,ENC106135,PT12477,HGB,Hemoglobin,11.8,g/dL,12,17.5,L,STAT,2024-07-29 11:45,2024-07-29 12:03,2024-07-29 12:33
LAB714643,ENC106137,PT11831,GLU,Glucose,171,mg/dL,70,99,H,Routine,2024-07-29 16:21,2024-07-29 16:47,2024-07-29 17:53
LAB714644,ENC106137,PT11831,CREAT,Creatinine,0.96,mg/dL,0.6,1.3,N,STAT,2024-07-29 17:01,2024-07-29 17:13,2024-07-29 18:11
LAB714645,ENC106137,PT11831,WBC,White Blood Cell Count,9.6,K/uL,4.5,11,N,STAT,2024-07-29 16:25,2024-07-29 16:46,2024-07-29 17:28
LAB714646,ENC106137,PT11831,HGB,Hemoglobin,10.1,g/dL,12,17.5,L,STAT,2024-07-29 17:00,2024-07-29 17:04,2024-07-29 17:53
LAB714647,ENC106138,PT10694,A1C,Hemoglobin A1c,12.1,%,4,5.6,H,Routine,2024-07-29 12:38,2024-07-29 12:46,2024-07-30 08:46
LAB714648,ENC106138,PT10694,GLU,Glucose,467,mg/dL,70,99,H,Routine,2024-07-29 12:21,2024-07-29 12:51,2024-07-29 15:30
LAB714649,ENC106138,PT10694,CREAT,Creatinine,0.83,mg/dL,0.6,1.3,N,Routine,2024-07-29 12:22,2024-07-29 12:40,2024-07-29 16:41
LAB714650,ENC106139,PT13193,A1C,Hemoglobin A1c,6.2,%,4,5.6,H,Routine,2024-07-29 12:26,2024-07-29 12:49,2024-07-30 03:09
LAB714651,ENC106141,PT10282,LDL,LDL Cholesterol,80,mg/dL,0,99,N,Routine,2024-07-29 14:17,2024-07-29 14:36,2024-07-31 12:06
LAB714652,ENC106141,PT10282,TSH,Thyroid Stimulating Hormone,2.76,mIU/L,0.4,4,N,Routine,2024-07-29 14:27,2024-07-29 14:51,2024-07-30 18:11
LAB714653,ENC106142,PT12322,LDL,LDL Cholesterol,202,mg/dL,0,99,H,Routine,2024-07-29 14:54,2024-07-29 15:11,2024-07-30 20:02
LAB714654,ENC106142,PT12322,A1C,Hemoglobin A1c,9.5,%,4,5.6,H,Routine,2024-07-29 14:37,2024-07-29 14:46,2024-07-29 19:00
LAB714655,ENC106145,PT12671,WBC,White Blood Cell Count,7,K/uL,4.5,11,N,Routine,2024-07-29 15:29,2024-07-29 15:54,2024-07-29 20:18
LAB714656,ENC106145,PT12671,HGB,Hemoglobin,8.9,g/dL,12,17.5,L,Routine,2024-07-29 15:14,2024-07-29 15:49,2024-07-29 17:56
LAB714657,ENC106145,PT12671,PLT,Platelet Count,195,K/uL,150,400,N,Routine,2024-07-29 15:29,2024-07-29 15:40,2024-07-29 20:04
LAB714658,ENC106146,PT11201,A1C,Hemoglobin A1c,10.1,%,4,5.6,H,Routine,2024-07-29 15:34,2024-07-29 15:42,2024-07-30 04:51
LAB714659,ENC106147,PT12851,WBC,White Blood Cell Count,6,K/uL,4.5,11,N,Routine,2024-07-29 15:21,2024-07-29 15:29,2024-07-29 17:11
LAB714660,ENC106147,PT12851,HGB,Hemoglobin,14.5,g/dL,12,17.5,N,Routine,2024-07-29 15:31,2024-07-29 16:03,2024-07-29 18:51
LAB714661,ENC106147,PT12851,PLT,Platelet Count,242,K/uL,150,400,N,Routine,2024-07-29 15:26,2024-07-29 15:44,2024-07-29 17:29
LAB714662,ENC106152,PT13918,GLU,Glucose,197,mg/dL,70,99,H,Routine,2024-07-29 17:42,2024-07-29 18:05,2024-07-29 19:40
LAB714663,ENC106152,PT13918,CREAT,Creatinine,0.77,mg/dL,0.6,1.3,N,STAT,2024-07-29 17:58,2024-07-29 18:03,2024-07-29 19:00
LAB714664,ENC106154,PT13703,GLU,Glucose,97,mg/dL,70,99,N,STAT,2024-07-29 21:33,2024-07-29 21:44,2024-07-29 22:19
LAB714665,ENC106154,PT13703,CREAT,Creatinine,1.08,mg/dL,0.6,1.3,N,STAT,2024-07-29 21:56,2024-07-29 22:16,2024-07-29 22:50
LAB714666,ENC106154,PT13703,WBC,White Blood Cell Count,8.4,K/uL,4.5,11,N,STAT,2024-07-29 21:11,2024-07-29 21:27,2024-07-29 22:08
LAB714667,ENC106155,PT10821,GLU,Glucose,120,mg/dL,70,99,H,Routine,2024-07-30 02:34,2024-07-30 02:39,2024-07-30 07:54
LAB714668,ENC106155,PT10821,CREAT,Creatinine,0.83,mg/dL,0.6,1.3,N,STAT,2024-07-30 02:53,2024-07-30 03:13,2024-07-30 05:23
LAB714669,ENC106155,PT10821,WBC,White Blood Cell Count,10.7,K/uL,4.5,11,N,STAT,2024-07-30 02:26,2024-07-30 02:45,2024-07-30 03:41
LAB714670,ENC106155,PT10821,HGB,Hemoglobin,13.2,g/dL,12,17.5,N,STAT,2024-07-30 02:48,2024-07-30 03:23,2024-07-30 05:12
LAB714671,ENC106156,PT13684,GLU,Glucose,85,mg/dL,70,99,N,Routine,2024-07-30 03:06,2024-07-30 03:17,2024-07-30 08:00
LAB714672,ENC106156,PT13684,CREAT,Creatinine,0.97,mg/dL,0.6,1.3,N,STAT,2024-07-30 03:39,2024-07-30 04:09,2024-07-30 05:07
LAB714673,ENC106156,PT13684,WBC,White Blood Cell Count,10.2,K/uL,4.5,11,N,Routine,2024-07-30 03:23,2024-07-30 03:35,2024-07-30 05:53
LAB714674,ENC106156,PT13684,HGB,Hemoglobin,12.7,g/dL,12,17.5,N,Routine,2024-07-30 04:08,2024-07-30 04:24,2024-07-30 05:24
LAB714675,ENC106157,PT10758,GLU,Glucose,134,mg/dL,70,99,H,Routine,2024-07-30 04:31,2024-07-30 05:02,2024-07-30 07:02
LAB714676,ENC106157,PT10758,CREAT,Creatinine,0.95,mg/dL,0.6,1.3,N,STAT,2024-07-30 03:36,2024-07-30 03:41,2024-07-30 04:23
LAB714677,ENC106157,PT10758,WBC,White Blood Cell Count,8.5,K/uL,4.5,11,N,Routine,2024-07-30 03:37,2024-07-30 04:11,2024-07-30 12:02
LAB714678,ENC106157,PT10758,HGB,Hemoglobin,13.1,g/dL,12,17.5,N,Routine,2024-07-30 03:31,2024-07-30 03:53,2024-07-30 05:31
LAB714679,ENC106157,PT10758,NA,Sodium,143,mmol/L,136,145,N,STAT,2024-07-30 04:25,2024-07-30 04:50,2024-07-30 05:21
LAB714680,ENC106157,PT10758,K,Potassium,4.4,mmol/L,3.5,5.1,N,STAT,2024-07-30 03:42,2024-07-30 04:03,2024-07-30 04:48
LAB714681,ENC106157,PT10758,BUN,Blood Urea Nitrogen,9,mg/dL,7,20,N,STAT,2024-07-30 03:38,2024-07-30 03:47,2024-07-30 04:48
LAB714682,ENC106157,PT10758,PLT,Platelet Count,246,K/uL,150,400,N,STAT,2024-07-30 03:28,2024-07-30 03:34,2024-07-30 04:37
LAB714683,ENC106158,PT12026,GLU,Glucose,89,mg/dL,70,99,N,STAT,2024-07-30 06:56,2024-07-30 07:12,2024-07-30 07:58
LAB714684,ENC106158,PT12026,CREAT,Creatinine,0.75,mg/dL,0.6,1.3,N,STAT,2024-07-30 07:32,2024-07-30 08:03,2024-07-30 08:44
LAB714685,ENC106158,PT12026,WBC,White Blood Cell Count,6.1,K/uL,4.5,11,N,Routine,2024-07-30 07:34,2024-07-30 07:46,2024-07-30 10:16
LAB714686,ENC106158,PT12026,HGB,Hemoglobin,15.4,g/dL,12,17.5,N,STAT,2024-07-30 07:05,2024-07-30 07:39,2024-07-30 08:20
LAB714687,ENC106159,PT13121,GLU,Glucose,110,mg/dL,70,99,H,Routine,2024-07-30 07:54,2024-07-30 08:16,2024-07-30 11:20
LAB714688,ENC106159,PT13121,CREAT,Creatinine,0.63,mg/dL,0.6,1.3,N,STAT,2024-07-30 08:13,2024-07-30 08:29,2024-07-30 09:39
LAB714689,ENC106159,PT13121,WBC,White Blood Cell Count,6.7,K/uL,4.5,11,N,Routine,2024-07-30 07:59,2024-07-30 08:03,2024-07-30 13:33
LAB714690,ENC106161,PT10823,WBC,White Blood Cell Count,5.8,K/uL,4.5,11,N,Routine,2024-07-30 09:31,2024-07-30 09:59,2024-07-30 12:01
LAB714691,ENC106161,PT10823,HGB,Hemoglobin,14.2,g/dL,12,17.5,N,Routine,2024-07-30 09:29,2024-07-30 09:56,2024-07-30 12:18
LAB714692,ENC106161,PT10823,PLT,Platelet Count,300,K/uL,150,400,N,Routine,2024-07-30 09:25,2024-07-30 09:47,2024-07-30 11:41
LAB714693,ENC106163,PT12492,GLU,Glucose,89,mg/dL,70,99,N,Routine,2024-07-30 11:12,2024-07-30 11:19,2024-07-30 13:25
LAB714694,ENC106163,PT12492,CREAT,Creatinine,0.52,mg/dL,0.6,1.3,L,STAT,2024-07-30 10:54,2024-07-30 11:15,2024-07-30 12:21
LAB714695,ENC106164,PT10571,LDL,LDL Cholesterol,81,mg/dL,0,99,N,Routine,2024-07-30 10:56,2024-07-30 11:08,2024-08-01 13:08
LAB714696,ENC106169,PT11966,A1C,Hemoglobin A1c,5.6,%,4,5.6,N,Routine,2024-07-30 13:28,2024-07-30 13:56,2024-07-31 12:13
LAB714697,ENC106169,PT11966,GLU,Glucose,92,mg/dL,70,99,N,Routine,2024-07-30 13:29,2024-07-30 13:56,2024-07-30 14:55
LAB714698,ENC106169,PT11966,CREAT,Creatinine,0.62,mg/dL,0.6,1.3,N,Routine,2024-07-30 13:10,2024-07-30 13:26,2024-07-30 17:07
LAB714699,ENC106170,PT12200,LDL,LDL Cholesterol,161,mg/dL,0,99,H,Routine,2024-07-30 13:12,2024-07-30 13:23,2024-07-30 22:46
LAB714700,ENC106170,PT12200,A1C,Hemoglobin A1c,5.7,%,4,5.6,H,Routine,2024-07-30 13:08,2024-07-30 13:32,2024-07-31 15:49
LAB714701,ENC106171,PT11329,GLU,Glucose,297,mg/dL,70,99,H,STAT,2024-07-30 14:42,2024-07-30 15:16,2024-07-30 15:39
LAB714702,ENC106171,PT11329,CREAT,Creatinine,0.85,mg/dL,0.6,1.3,N,Routine,2024-07-30 14:18,2024-07-30 14:48,2024-07-30 16:14
LAB714703,ENC106175,PT12297,WBC,White Blood Cell Count,6.5,K/uL,4.5,11,N,Routine,2024-07-30 15:22,2024-07-30 15:40,2024-07-30 19:58
LAB714704,ENC106175,PT12297,HGB,Hemoglobin,15.2,g/dL,12,17.5,N,Routine,2024-07-30 15:05,2024-07-30 15:22,2024-07-30 18:34
LAB714705,ENC106175,PT12297,PLT,Platelet Count,242,K/uL,150,400,N,Routine,2024-07-30 15:15,2024-07-30 15:43,2024-07-30 18:19
LAB714706,ENC106176,PT10280,GLU,Glucose,85,mg/dL,70,99,N,Routine,2024-07-30 16:17,2024-07-30 16:40,2024-07-30 20:35
LAB714707,ENC106176,PT10280,CREAT,Creatinine,0.95,mg/dL,0.6,1.3,N,STAT,2024-07-30 15:47,2024-07-30 16:17,2024-07-30 17:11
LAB714708,ENC106178,PT10011,GLU,Glucose,87,mg/dL,70,99,N,STAT,2024-07-30 18:26,2024-07-30 18:49,2024-07-30 20:55
LAB714709,ENC106178,PT10011,CREAT,Creatinine,2.44,mg/dL,0.6,1.3,H,Routine,2024-07-30 18:23,2024-07-30 18:51,2024-07-30 20:52
LAB714710,ENC106178,PT10011,WBC,White Blood Cell Count,6.4,K/uL,4.5,11,N,Routine,2024-07-30 18:03,2024-07-30 18:07,2024-07-30 23:46
LAB714711,ENC106178,PT10011,HGB,Hemoglobin,12.3,g/dL,12,17.5,N,Routine,2024-07-30 18:36,2024-07-30 18:58,2024-07-30 21:04
LAB714712,ENC106178,PT10011,NA,Sodium,139,mmol/L,136,145,N,STAT,2024-07-30 18:10,2024-07-30 18:42,2024-07-30 19:33
LAB714713,ENC106178,PT10011,K,Potassium,4,mmol/L,3.5,5.1,N,STAT,2024-07-30 18:37,2024-07-30 19:10,2024-07-30 20:21
LAB714714,ENC106179,PT13131,A1C,Hemoglobin A1c,7.4,%,4,5.6,H,Routine,2024-07-30 16:39,2024-07-30 17:03,2024-07-31 10:27
LAB714715,ENC106179,PT13131,GLU,Glucose,239,mg/dL,70,99,H,Routine,2024-07-30 16:37,2024-07-30 16:47,2024-07-30 18:57
LAB714716,ENC106179,PT13131,CREAT,Creatinine,0.3,mg/dL,0.6,1.3,L,Routine,2024-07-30 16:26,2024-07-30 16:53,2024-07-30 19:51
LAB714717,ENC106183,PT12518,GLU,Glucose,91,mg/dL,70,99,N,Routine,2024-07-30 23:38,2024-07-31 00:13,2024-07-31 03:48
LAB714718,ENC106183,PT12518,CREAT,Creatinine,1.02,mg/dL,0.6,1.3,N,STAT,2024-07-30 23:01,2024-07-30 23:06,2024-07-30 23:28
LAB714719,ENC106183,PT12518,WBC,White Blood Cell Count,6.3,K/uL,4.5,11,N,Routine,2024-07-30 23:52,2024-07-31 00:25,2024-07-31 03:33
LAB714720,ENC106183,PT12518,HGB,Hemoglobin,11.9,g/dL,12,17.5,L,Routine,2024-07-30 23:59,2024-07-31 00:22,2024-07-31 02:32
LAB714721,ENC106183,PT12518,NA,Sodium,136,mmol/L,136,145,N,Routine,2024-07-31 00:08,2024-07-31 00:38,2024-07-31 03:34
LAB714722,ENC106183,PT12518,K,Potassium,4.2,mmol/L,3.5,5.1,N,STAT,2024-07-30 23:47,2024-07-31 00:04,2024-07-31 00:41
LAB714723,ENC106184,PT13591,GLU,Glucose,67,mg/dL,70,99,L,STAT,2024-07-30 19:49,2024-07-30 20:17,2024-07-30 20:52
LAB714724,ENC106184,PT13591,CREAT,Creatinine,0.97,mg/dL,0.6,1.3,N,Routine,2024-07-30 19:52,2024-07-30 19:56,2024-07-31 00:04
LAB714725,ENC106184,PT13591,WBC,White Blood Cell Count,6.3,K/uL,4.5,11,N,STAT,2024-07-30 19:50,2024-07-30 20:10,2024-07-30 21:00
LAB714726,ENC106184,PT13591,HGB,Hemoglobin,13.5,g/dL,12,17.5,N,STAT,2024-07-30 20:28,2024-07-30 20:44,2024-07-30 21:21
LAB714727,ENC106185,PT11297,GLU,Glucose,117,mg/dL,70,99,H,STAT,2024-07-30 22:44,2024-07-30 23:09,2024-07-31 00:05
LAB714728,ENC106185,PT11297,CREAT,Creatinine,0.86,mg/dL,0.6,1.3,N,STAT,2024-07-30 22:51,2024-07-30 23:24,2024-07-31 00:33
LAB714729,ENC106185,PT11297,WBC,White Blood Cell Count,17.6,K/uL,4.5,11,H,STAT,2024-07-30 23:14,2024-07-30 23:19,2024-07-31 00:01
LAB714730,ENC106185,PT11297,HGB,Hemoglobin,12.1,g/dL,12,17.5,N,Routine,2024-07-30 22:09,2024-07-30 22:16,2024-07-31 02:41
LAB714731,ENC106186,PT12542,GLU,Glucose,110,mg/dL,70,99,H,STAT,2024-07-31 01:41,2024-07-31 02:00,2024-07-31 02:38
LAB714732,ENC106186,PT12542,CREAT,Creatinine,0.86,mg/dL,0.6,1.3,N,Routine,2024-07-31 02:11,2024-07-31 02:37,2024-07-31 05:25
LAB714733,ENC106186,PT12542,WBC,White Blood Cell Count,6.9,K/uL,4.5,11,N,STAT,2024-07-31 02:11,2024-07-31 02:23,2024-07-31 03:21
LAB714734,ENC106186,PT12542,HGB,Hemoglobin,13,g/dL,12,17.5,N,Routine,2024-07-31 01:47,2024-07-31 02:22,2024-07-31 03:58
LAB714735,ENC106188,PT13976,GLU,Glucose,109,mg/dL,70,99,H,Routine,2024-07-31 05:41,2024-07-31 06:15,2024-07-31 10:01
LAB714736,ENC106188,PT13976,CREAT,Creatinine,1.18,mg/dL,0.6,1.3,N,STAT,2024-07-31 06:05,2024-07-31 06:30,2024-07-31 07:44
LAB714737,ENC106188,PT13976,WBC,White Blood Cell Count,8.7,K/uL,4.5,11,N,Routine,2024-07-31 06:13,2024-07-31 06:32,2024-07-31 07:54
LAB714738,ENC106188,PT13976,HGB,Hemoglobin,13,g/dL,12,17.5,N,STAT,2024-07-31 06:34,2024-07-31 07:09,2024-07-31 08:14
LAB714739,ENC106188,PT13976,NA,Sodium,137,mmol/L,136,145,N,STAT,2024-07-31 06:19,2024-07-31 06:39,2024-07-31 07:32
LAB714740,ENC106188,PT13976,K,Potassium,4.1,mmol/L,3.5,5.1,N,STAT,2024-07-31 06:23,2024-07-31 06:54,2024-07-31 07:40
LAB714741,ENC106189,PT10036,GLU,Glucose,123,mg/dL,70,99,H,STAT,2024-07-31 09:34,2024-07-31 09:48,2024-07-31 10:26
LAB714742,ENC106189,PT10036,CREAT,Creatinine,1.11,mg/dL,0.6,1.3,N,STAT,2024-07-31 09:23,2024-07-31 09:47,2024-07-31 10:25
LAB714743,ENC106189,PT10036,WBC,White Blood Cell Count,8.7,K/uL,4.5,11,N,STAT,2024-07-31 10:16,2024-07-31 10:33,2024-07-31 11:42
LAB714744,ENC106189,PT10036,HGB,Hemoglobin,13.1,g/dL,12,17.5,N,Routine,2024-07-31 09:55,2024-07-31 10:16,2024-07-31 13:44
LAB714745,ENC106189,PT10036,BUN,Blood Urea Nitrogen,9,mg/dL,7,20,N,STAT,2024-07-31 09:52,2024-07-31 10:14,2024-07-31 10:58
LAB714746,ENC106189,PT10036,PLT,Platelet Count,259,K/uL,150,400,N,Routine,2024-07-31 09:16,2024-07-31 09:33,2024-07-31 11:09
LAB714747,ENC106191,PT11191,GLU,Glucose,160,mg/dL,70,99,H,STAT,2024-07-31 10:56,2024-07-31 11:27,2024-07-31 12:20
LAB714748,ENC106191,PT11191,CREAT,Creatinine,1.24,mg/dL,0.6,1.3,N,Routine,2024-07-31 10:06,2024-07-31 10:27,2024-07-31 15:47
LAB714749,ENC106191,PT11191,WBC,White Blood Cell Count,3.9,K/uL,4.5,11,L,STAT,2024-07-31 09:57,2024-07-31 10:10,2024-07-31 10:36
LAB714750,ENC106191,PT11191,HGB,Hemoglobin,12.1,g/dL,12,17.5,N,STAT,2024-07-31 10:45,2024-07-31 11:15,2024-07-31 11:57
LAB714751,ENC106194,PT13441,WBC,White Blood Cell Count,5.2,K/uL,4.5,11,N,Routine,2024-07-31 10:53,2024-07-31 11:19,2024-07-31 14:26
LAB714752,ENC106194,PT13441,HGB,Hemoglobin,14,g/dL,12,17.5,N,Routine,2024-07-31 11:15,2024-07-31 11:31,2024-07-31 15:34
LAB714753,ENC106194,PT13441,PLT,Platelet Count,277,K/uL,150,400,N,Routine,2024-07-31 11:09,2024-07-31 11:20,2024-07-31 18:14
LAB714754,ENC106195,PT11171,GLU,Glucose,112,mg/dL,70,99,H,STAT,2024-07-31 12:09,2024-07-31 12:30,2024-07-31 13:17
LAB714755,ENC106195,PT11171,CREAT,Creatinine,0.76,mg/dL,0.6,1.3,N,Routine,2024-07-31 11:19,2024-07-31 11:41,2024-07-31 16:48
LAB714756,ENC106195,PT11171,WBC,White Blood Cell Count,9.4,K/uL,4.5,11,N,STAT,2024-07-31 12:19,2024-07-31 12:39,2024-07-31 13:42
LAB714757,ENC106195,PT11171,HGB,Hemoglobin,15.1,g/dL,12,17.5,N,STAT,2024-07-31 11:56,2024-07-31 12:03,2024-07-31 13:22
LAB714758,ENC106196,PT10677,WBC,White Blood Cell Count,7.3,K/uL,4.5,11,N,Routine,2024-07-31 12:43,2024-07-31 13:13,2024-07-31 16:48
LAB714759,ENC106196,PT10677,HGB,Hemoglobin,14.4,g/dL,12,17.5,N,Routine,2024-07-31 12:41,2024-07-31 12:51,2024-07-31 14:54
LAB714760,ENC106196,PT10677,PLT,Platelet Count,277,K/uL,150,400,N,Routine,2024-07-31 12:40,2024-07-31 12:53,2024-07-31 14:40
LAB714761,ENC106197,PT13027,A1C,Hemoglobin A1c,6.5,%,4,5.6,H,Routine,2024-07-31 12:37,2024-07-31 12:50,2024-08-01 02:24
LAB714762,ENC106199,PT12359,A1C,Hemoglobin A1c,9.6,%,4,5.6,H,Routine,2024-07-31 13:34,2024-07-31 14:05,2024-08-01 03:37
LAB714763,ENC106202,PT10495,GLU,Glucose,107,mg/dL,70,99,H,STAT,2024-07-31 17:46,2024-07-31 18:01,2024-07-31 18:50
LAB714764,ENC106202,PT10495,CREAT,Creatinine,1.51,mg/dL,0.6,1.3,H,STAT,2024-07-31 17:40,2024-07-31 17:53,2024-07-31 18:23
LAB714765,ENC106202,PT10495,WBC,White Blood Cell Count,11,K/uL,4.5,11,N,STAT,2024-07-31 18:08,2024-07-31 18:24,2024-07-31 19:16
LAB714766,ENC106202,PT10495,HGB,Hemoglobin,11,g/dL,12,17.5,L,STAT,2024-07-31 17:20,2024-07-31 17:53,2024-07-31 18:53
LAB714767,ENC106202,PT10495,BUN,Blood Urea Nitrogen,12,mg/dL,7,20,N,Routine,2024-07-31 17:46,2024-07-31 18:02,2024-07-31 22:16
LAB714768,ENC106202,PT10495,PLT,Platelet Count,251,K/uL,150,400,N,Routine,2024-07-31 17:18,2024-07-31 17:31,2024-07-31 18:27
LAB714769,ENC106203,PT12794,GLU,Glucose,202,mg/dL,70,99,H,STAT,2024-07-31 16:18,2024-07-31 16:30,2024-07-31 17:32
LAB714770,ENC106203,PT12794,CREAT,Creatinine,0.94,mg/dL,0.6,1.3,N,Routine,2024-07-31 16:20,2024-07-31 16:47,2024-07-31 19:56
LAB714771,ENC106203,PT12794,WBC,White Blood Cell Count,14.5,K/uL,4.5,11,H,STAT,2024-07-31 16:09,2024-07-31 16:34,2024-07-31 17:52
LAB714772,ENC106203,PT12794,HGB,Hemoglobin,13.5,g/dL,12,17.5,N,Routine,2024-07-31 16:22,2024-07-31 16:27,2024-07-31 17:40
LAB714773,ENC106204,PT13832,GLU,Glucose,135,mg/dL,70,99,H,Routine,2024-07-31 16:53,2024-07-31 17:20,2024-07-31 19:03
LAB714774,ENC106204,PT13832,CREAT,Creatinine,2.14,mg/dL,0.6,1.3,H,STAT,2024-07-31 16:21,2024-07-31 16:37,2024-07-31 17:02
LAB714775,ENC106204,PT13832,INR,Prothrombin Time INR,1.1,ratio,0.8,1.2,N,STAT,2024-07-31 16:23,2024-07-31 16:56,2024-07-31 17:30
LAB714776,ENC106205,PT11104,GLU,Glucose,82,mg/dL,70,99,N,STAT,2024-07-31 16:22,2024-07-31 16:36,2024-07-31 17:13
LAB714777,ENC106205,PT11104,CREAT,Creatinine,0.62,mg/dL,0.6,1.3,N,STAT,2024-07-31 16:27,2024-07-31 16:59,2024-07-31 17:51
LAB714778,ENC106206,PT12541,A1C,Hemoglobin A1c,5.4,%,4,5.6,N,Routine,2024-07-31 16:44,2024-07-31 17:07,2024-08-01 11:24
LAB714779,ENC106207,PT10246,A1C,Hemoglobin A1c,6.2,%,4,5.6,H,Routine,2024-07-31 16:40,2024-07-31 16:58,2024-08-01 06:50
LAB714780,ENC106207,PT10246,GLU,Glucose,108,mg/dL,70,99,H,Routine,2024-07-31 16:43,2024-07-31 16:49,2024-07-31 18:42
LAB714781,ENC106207,PT10246,CREAT,Creatinine,0.91,mg/dL,0.6,1.3,N,Routine,2024-07-31 16:35,2024-07-31 17:01,2024-07-31 17:52
LAB714782,ENC106209,PT13825,GLU,Glucose,116,mg/dL,70,99,H,STAT,2024-07-31 21:11,2024-07-31 21:45,2024-07-31 22:27
LAB714783,ENC106209,PT13825,CREAT,Creatinine,0.76,mg/dL,0.6,1.3,N,STAT,2024-07-31 22:18,2024-07-31 22:38,2024-08-01 00:02
LAB714784,ENC106209,PT13825,WBC,White Blood Cell Count,7.2,K/uL,4.5,11,N,Routine,2024-07-31 21:54,2024-07-31 22:01,2024-07-31 23:56
LAB714785,ENC106209,PT13825,HGB,Hemoglobin,12.9,g/dL,12,17.5,N,STAT,2024-07-31 21:24,2024-07-31 21:31,2024-07-31 22:20
LAB714786,ENC106210,PT10011,GLU,Glucose,102,mg/dL,70,99,H,Routine,2024-08-01 00:54,2024-08-01 01:02,2024-08-01 03:08
LAB714787,ENC106210,PT10011,CREAT,Creatinine,1.43,mg/dL,0.6,1.3,H,STAT,2024-08-01 01:14,2024-08-01 01:28,2024-08-01 02:02
LAB714788,ENC106210,PT10011,WBC,White Blood Cell Count,10.6,K/uL,4.5,11,N,STAT,2024-08-01 00:57,2024-08-01 01:24,2024-08-01 02:25
LAB714789,ENC106210,PT10011,HGB,Hemoglobin,9.7,g/dL,12,17.5,L,STAT,2024-08-01 01:00,2024-08-01 01:12,2024-08-01 01:43
LAB714790,ENC106211,PT11096,GLU,Glucose,86,mg/dL,70,99,N,STAT,2024-08-01 03:06,2024-08-01 03:23,2024-08-01 04:19
LAB714791,ENC106211,PT11096,CREAT,Creatinine,0.84,mg/dL,0.6,1.3,N,STAT,2024-08-01 03:30,2024-08-01 03:39,2024-08-01 04:20
LAB714792,ENC106211,PT11096,WBC,White Blood Cell Count,8.9,K/uL,4.5,11,N,Routine,2024-08-01 03:01,2024-08-01 03:20,2024-08-01 08:28
LAB714793,ENC106211,PT11096,HGB,Hemoglobin,13.6,g/dL,12,17.5,N,STAT,2024-08-01 02:34,2024-08-01 02:53,2024-08-01 04:00
LAB714794,ENC106211,PT11096,NA,Sodium,126,mmol/L,136,145,L,STAT,2024-08-01 03:00,2024-08-01 03:04,2024-08-01 03:56
LAB714795,ENC106211,PT11096,K,Potassium,4.1,mmol/L,3.5,5.1,N,STAT,2024-08-01 03:21,2024-08-01 03:31,2024-08-01 04:35
LAB714796,ENC106215,PT10251,LDL,LDL Cholesterol,66,mg/dL,0,99,N,Routine,2024-08-01 09:01,2024-08-01 09:11,2024-08-01 18:10
LAB714797,ENC106215,PT10251,A1C,Hemoglobin A1c,4.9,%,4,5.6,N,Routine,2024-08-01 08:53,2024-08-01 09:14,2024-08-01 21:45
LAB714798,ENC106216,PT11322,A1C,Hemoglobin A1c,5.9,%,4,5.6,H,Routine,2024-08-01 09:18,2024-08-01 09:22,2024-08-02 00:04
LAB714799,ENC106216,PT11322,GLU,Glucose,98,mg/dL,70,99,N,Routine,2024-08-01 09:11,2024-08-01 09:32,2024-08-01 16:40
LAB714800,ENC106216,PT11322,CREAT,Creatinine,1.18,mg/dL,0.6,1.3,N,Routine,2024-08-01 09:20,2024-08-01 09:37,2024-08-01 13:01
LAB714801,ENC106217,PT10861,GLU,Glucose,244,mg/dL,70,99,H,Routine,2024-08-01 09:27,2024-08-01 09:32,2024-08-01 11:35
LAB714802,ENC106217,PT10861,CREAT,Creatinine,1.11,mg/dL,0.6,1.3,N,STAT,2024-08-01 09:21,2024-08-01 09:28,2024-08-01 10:13
LAB714803,ENC106217,PT10861,TROP,"Troponin I, High Sensitivity",7,ng/L,0,34,N,STAT,2024-08-01 09:57,2024-08-01 10:17,2024-08-01 10:56
LAB714804,ENC106220,PT13891,WBC,White Blood Cell Count,7,K/uL,4.5,11,N,Routine,2024-08-01 10:09,2024-08-01 10:29,2024-08-01 18:33
LAB714805,ENC106220,PT13891,HGB,Hemoglobin,12,g/dL,12,17.5,N,Routine,2024-08-01 10:08,2024-08-01 10:12,2024-08-01 14:11
LAB714806,ENC106220,PT13891,PLT,Platelet Count,269,K/uL,150,400,N,Routine,2024-08-01 10:14,2024-08-01 10:30,2024-08-01 14:51
LAB714807,ENC106222,PT13106,WBC,White Blood Cell Count,9.6,K/uL,4.5,11,N,Routine,2024-08-01 11:51,2024-08-01 12:20,2024-08-01 14:44
LAB714808,ENC106222,PT13106,HGB,Hemoglobin,14.6,g/dL,12,17.5,N,Routine,2024-08-01 11:42,2024-08-01 11:49,2024-08-01 13:01
LAB714809,ENC106222,PT13106,PLT,Platelet Count,183,K/uL,150,400,N,Routine,2024-08-01 11:47,2024-08-01 11:58,2024-08-01 18:13
LAB714810,ENC106223,PT12919,WBC,White Blood Cell Count,7.6,K/uL,4.5,11,N,Routine,2024-08-01 12:10,2024-08-01 12:45,2024-08-01 15:04
LAB714811,ENC106223,PT12919,HGB,Hemoglobin,11.4,g/dL,12,17.5,L,Routine,2024-08-01 11:50,2024-08-01 12:00,2024-08-01 15:13
LAB714812,ENC106223,PT12919,PLT,Platelet Count,290,K/uL,150,400,N,Routine,2024-08-01 11:58,2024-08-01 12:07,2024-08-01 17:44
LAB714813,ENC106224,PT13440,GLU,Glucose,72,mg/dL,70,99,N,STAT,2024-08-01 16:49,2024-08-01 17:07,2024-08-01 18:03
LAB714814,ENC106224,PT13440,CREAT,Creatinine,0.95,mg/dL,0.6,1.3,N,Routine,2024-08-01 16:44,2024-08-01 16:58,2024-08-01 20:19
LAB714815,ENC106224,PT13440,WBC,White Blood Cell Count,7.6,K/uL,4.5,11,N,Routine,2024-08-01 16:51,2024-08-01 17:14,2024-08-01 20:04
LAB714816,ENC106224,PT13440,HGB,Hemoglobin,11.8,g/dL,12,17.5,L,STAT,2024-08-01 16:04,2024-08-01 16:12,2024-08-01 17:24
LAB714817,ENC106225,PT10331,LDL,LDL Cholesterol,66,mg/dL,0,99,N,Routine,2024-08-01 12:22,2024-08-01 12:26,2024-08-02 02:22
LAB714818,ENC106226,PT11450,GLU,Glucose,94,mg/dL,70,99,N,STAT,2024-08-01 14:05,2024-08-01 14:29,2024-08-01 15:15
LAB714819,ENC106226,PT11450,CREAT,Creatinine,0.82,mg/dL,0.6,1.3,N,STAT,2024-08-01 14:10,2024-08-01 14:25,2024-08-01 14:58
LAB714820,ENC106226,PT11450,WBC,White Blood Cell Count,8.4,K/uL,4.5,11,N,STAT,2024-08-01 14:18,2024-08-01 14:43,2024-08-01 16:15
LAB714821,ENC106227,PT12783,A1C,Hemoglobin A1c,10.1,%,4,5.6,H,Routine,2024-08-01 14:23,2024-08-01 14:32,2024-08-02 04:31
LAB714822,ENC106228,PT13952,GLU,Glucose,116,mg/dL,70,99,H,STAT,2024-08-01 14:50,2024-08-01 15:09,2024-08-01 15:54
LAB714823,ENC106228,PT13952,CREAT,Creatinine,0.44,mg/dL,0.6,1.3,L,STAT,2024-08-01 15:22,2024-08-01 15:50,2024-08-01 16:20
LAB714824,ENC106228,PT13952,WBC,White Blood Cell Count,10.7,K/uL,4.5,11,N,STAT,2024-08-01 14:48,2024-08-01 15:11,2024-08-01 16:07
LAB714825,ENC106230,PT13298,GLU,Glucose,142,mg/dL,70,99,H,STAT,2024-08-01 18:39,2024-08-01 18:52,2024-08-01 19:36
LAB714826,ENC106230,PT13298,CREAT,Creatinine,3.75,mg/dL,0.6,1.3,H,STAT,2024-08-01 18:51,2024-08-01 19:18,2024-08-01 19:58
LAB714827,ENC106230,PT13298,WBC,White Blood Cell Count,7.7,K/uL,4.5,11,N,STAT,2024-08-01 18:15,2024-08-01 18:37,2024-08-01 19:20
LAB714828,ENC106230,PT13298,HGB,Hemoglobin,11.5,g/dL,12,17.5,L,STAT,2024-08-01 18:08,2024-08-01 18:14,2024-08-01 19:27
LAB714829,ENC106230,PT13298,NA,Sodium,138,mmol/L,136,145,N,STAT,2024-08-01 18:26,2024-08-01 18:31,2024-08-01 19:22
LAB714830,ENC106230,PT13298,K,Potassium,4.5,mmol/L,3.5,5.1,N,STAT,2024-08-01 18:55,2024-08-01 19:06,2024-08-01 19:40
LAB714831,ENC106231,PT10347,GLU,Glucose,113,mg/dL,70,99,H,STAT,2024-08-01 17:38,2024-08-01 18:11,2024-08-01 19:17
LAB714832,ENC106231,PT10347,CREAT,Creatinine,1.05,mg/dL,0.6,1.3,N,Routine,2024-08-01 17:03,2024-08-01 17:11,2024-08-01 18:22
LAB714833,ENC106231,PT10347,WBC,White Blood Cell Count,5.8,K/uL,4.5,11,N,Routine,2024-08-01 17:19,2024-08-01 17:46,2024-08-01 23:27
LAB714834,ENC106232,PT10049,GLU,Glucose,117,mg/dL,70,99,H,STAT,2024-08-01 20:39,2024-08-01 21:04,2024-08-01 21:51
LAB714835,ENC106232,PT10049,CREAT,Creatinine,1.16,mg/dL,0.6,1.3,N,Routine,2024-08-01 21:02,2024-08-01 21:15,2024-08-02 02:14
LAB714836,ENC106232,PT10049,WBC,White Blood Cell Count,10.1,K/uL,4.5,11,N,STAT,2024-08-01 21:16,2024-08-01 21:20,2024-08-01 21:52
LAB714837,ENC106232,PT10049,HGB,Hemoglobin,6.6,g/dL,12,17.5,LL,STAT,2024-08-01 21:06,2024-08-01 21:36,2024-08-01 22:59
LAB714838,ENC106232,PT10049,INR,Prothrombin Time INR,1.1,ratio,0.8,1.2,N,Routine,2024-08-01 20:40,2024-08-01 21:11,2024-08-01 22:51
LAB714839,ENC106233,PT13630,GLU,Glucose,87,mg/dL,70,99,N,STAT,2024-08-01 20:40,2024-08-01 21:13,2024-08-01 21:56
LAB714840,ENC106233,PT13630,CREAT,Creatinine,0.79,mg/dL,0.6,1.3,N,Routine,2024-08-01 21:04,2024-08-01 21:16,2024-08-01 23:26
LAB714841,ENC106233,PT13630,WBC,White Blood Cell Count,6,K/uL,4.5,11,N,STAT,2024-08-01 21:03,2024-08-01 21:16,2024-08-01 22:04
LAB714842,ENC106233,PT13630,HGB,Hemoglobin,13.1,g/dL,12,17.5,N,Routine,2024-08-01 20:58,2024-08-01 21:15,2024-08-02 04:07
LAB714843,ENC106233,PT13630,NA,Sodium,138,mmol/L,136,145,N,STAT,2024-08-01 21:09,2024-08-01 21:36,2024-08-01 22:26
LAB714844,ENC106233,PT13630,K,Potassium,4.3,mmol/L,3.5,5.1,N,STAT,2024-08-01 21:03,2024-08-01 21:29,2024-08-01 22:48
LAB714845,ENC106233,PT13630,INR,Prothrombin Time INR,1,ratio,0.8,1.2,N,STAT,2024-08-01 20:30,2024-08-01 21:03,2024-08-01 21:45
LAB714846,ENC106234,PT13098,GLU,Glucose,118,mg/dL,70,99,H,STAT,2024-08-01 21:21,2024-08-01 21:33,2024-08-01 22:13
LAB714847,ENC106234,PT13098,CREAT,Creatinine,0.5,mg/dL,0.6,1.3,L,STAT,2024-08-01 22:18,2024-08-01 22:39,2024-08-01 23:20
LAB714848,ENC106234,PT13098,WBC,White Blood Cell Count,6.6,K/uL,4.5,11,N,STAT,2024-08-01 22:20,2024-08-01 22:27,2024-08-01 23:33
LAB714849,ENC106234,PT13098,HGB,Hemoglobin,16.5,g/dL,12,17.5,N,STAT,2024-08-01 21:35,2024-08-01 21:53,2024-08-01 22:45
LAB714850,ENC106235,PT12544,GLU,Glucose,129,mg/dL,70,99,H,STAT,2024-08-01 22:21,2024-08-01 22:30,2024-08-01 23:26
LAB714851,ENC106235,PT12544,CREAT,Creatinine,0.96,mg/dL,0.6,1.3,N,Routine,2024-08-01 22:12,2024-08-01 22:35,2024-08-02 01:59
LAB714852,ENC106235,PT12544,WBC,White Blood Cell Count,5.9,K/uL,4.5,11,N,Routine,2024-08-01 22:14,2024-08-01 22:18,2024-08-02 02:11
LAB714853,ENC106235,PT12544,HGB,Hemoglobin,13.5,g/dL,12,17.5,N,Routine,2024-08-01 22:49,2024-08-01 23:24,2024-08-02 06:05
LAB714854,ENC106236,PT10766,TROP,"Troponin I, High Sensitivity",2,ng/L,0,34,N,STAT,2024-08-01 22:23,2024-08-01 22:27,2024-08-01 23:24
LAB714855,ENC106238,PT12366,GLU,Glucose,112,mg/dL,70,99,H,STAT,2024-08-02 03:12,2024-08-02 03:17,2024-08-02 04:28
LAB714856,ENC106238,PT12366,CREAT,Creatinine,0.94,mg/dL,0.6,1.3,N,STAT,2024-08-02 03:41,2024-08-02 04:07,2024-08-02 05:03
LAB714857,ENC106238,PT12366,WBC,White Blood Cell Count,7.8,K/uL,4.5,11,N,STAT,2024-08-02 03:54,2024-08-02 04:08,2024-08-02 04:58
LAB714858,ENC106238,PT12366,HGB,Hemoglobin,11.4,g/dL,12,17.5,L,STAT,2024-08-02 03:41,2024-08-02 04:12,2024-08-02 05:47
LAB714859,ENC106242,PT13748,GLU,Glucose,98,mg/dL,70,99,N,Routine,2024-08-02 13:40,2024-08-02 13:56,2024-08-02 17:53
LAB714860,ENC106242,PT13748,CREAT,Creatinine,1.33,mg/dL,0.6,1.3,H,STAT,2024-08-02 13:31,2024-08-02 13:47,2024-08-02 14:13
LAB714861,ENC106242,PT13748,WBC,White Blood Cell Count,12.8,K/uL,4.5,11,H,STAT,2024-08-02 13:34,2024-08-02 13:49,2024-08-02 14:37
LAB714862,ENC106242,PT13748,HGB,Hemoglobin,13.4,g/dL,12,17.5,N,STAT,2024-08-02 13:00,2024-08-02 13:19,2024-08-02 14:00
LAB714863,ENC106242,PT13748,NA,Sodium,138,mmol/L,136,145,N,Routine,2024-08-02 13:30,2024-08-02 14:03,2024-08-02 20:36
LAB714864,ENC106242,PT13748,K,Potassium,4.3,mmol/L,3.5,5.1,N,STAT,2024-08-02 13:42,2024-08-02 13:54,2024-08-02 14:54
LAB714865,ENC106246,PT10546,GLU,Glucose,157,mg/dL,70,99,H,STAT,2024-08-02 14:31,2024-08-02 15:02,2024-08-02 15:46
LAB714866,ENC106246,PT10546,CREAT,Creatinine,1.09,mg/dL,0.6,1.3,N,Routine,2024-08-02 14:02,2024-08-02 14:29,2024-08-02 16:14
LAB714867,ENC106246,PT10546,WBC,White Blood Cell Count,12.6,K/uL,4.5,11,H,STAT,2024-08-02 13:57,2024-08-02 14:23,2024-08-02 15:11
LAB714868,ENC106246,PT10546,HGB,Hemoglobin,16.4,g/dL,12,17.5,N,STAT,2024-08-02 14:34,2024-08-02 14:39,2024-08-02 15:11
LAB714869,ENC106246,PT10546,BUN,Blood Urea Nitrogen,15,mg/dL,7,20,N,STAT,2024-08-02 13:39,2024-08-02 14:14,2024-08-02 14:59
LAB714870,ENC106246,PT10546,PLT,Platelet Count,258,K/uL,150,400,N,Routine,2024-08-02 14:12,2024-08-02 14:45,2024-08-02 16:29
LAB714871,ENC106246,PT10546,LACT,Lactate,2.3,mmol/L,0.5,2,H,STAT,2024-08-02 14:26,2024-08-02 15:01,2024-08-02 15:37
LAB714872,ENC106247,PT12934,GLU,Glucose,301,mg/dL,70,99,H,Routine,2024-08-02 12:16,2024-08-02 12:25,2024-08-02 15:33
LAB714873,ENC106247,PT12934,CREAT,Creatinine,0.7,mg/dL,0.6,1.3,N,STAT,2024-08-02 12:51,2024-08-02 12:59,2024-08-02 13:29
LAB714874,ENC106247,PT12934,WBC,White Blood Cell Count,7,K/uL,4.5,11,N,STAT,2024-08-02 12:45,2024-08-02 12:50,2024-08-02 13:26
LAB714875,ENC106247,PT12934,HGB,Hemoglobin,15.4,g/dL,12,17.5,N,STAT,2024-08-02 12:59,2024-08-02 13:08,2024-08-02 14:18
LAB714876,ENC106247,PT12934,NA,Sodium,134,mmol/L,136,145,L,STAT,2024-08-02 12:11,2024-08-02 12:45,2024-08-02 13:33
LAB714877,ENC106247,PT12934,K,Potassium,4.1,mmol/L,3.5,5.1,N,STAT,2024-08-02 13:13,2024-08-02 13:21,2024-08-02 13:44
LAB714878,ENC106247,PT12934,A1C,Hemoglobin A1c,11.4,%,4,5.6,H,Routine,2024-08-02 12:40,2024-08-02 13:07,2024-08-02 23:59
LAB714879,ENC106248,PT13331,GLU,Glucose,108,mg/dL,70,99,H,STAT,2024-08-02 12:18,2024-08-02 12:28,2024-08-02 13:24
LAB714880,ENC106248,PT13331,CREAT,Creatinine,0.99,mg/dL,0.6,1.3,N,STAT,2024-08-02 12:06,2024-08-02 12:14,2024-08-02 12:48
LAB714881,ENC106248,PT13331,WBC,White Blood Cell Count,6.4,K/uL,4.5,11,N,Routine,2024-08-02 12:16,2024-08-02 12:44,2024-08-02 14:42
LAB714882,ENC106248,PT13331,HGB,Hemoglobin,14.3,g/dL,12,17.5,N,STAT,2024-08-02 12:01,2024-08-02 12:07,2024-08-02 12:40
LAB714883,ENC106248,PT13331,NA,Sodium,137,mmol/L,136,145,N,STAT,2024-08-02 11:40,2024-08-02 11:47,2024-08-02 12:08
LAB714884,ENC106248,PT13331,K,Potassium,4,mmol/L,3.5,5.1,N,STAT,2024-08-02 12:16,2024-08-02 12:30,2024-08-02 13:36
LAB714885,ENC106249,PT10312,WBC,White Blood Cell Count,8.7,K/uL,4.5,11,N,Routine,2024-08-02 11:35,2024-08-02 11:46,2024-08-02 13:28
LAB714886,ENC106249,PT10312,HGB,Hemoglobin,13,g/dL,12,17.5,N,Routine,2024-08-02 11:48,2024-08-02 12:12,2024-08-02 13:54
LAB714887,ENC106249,PT10312,PLT,Platelet Count,238,K/uL,150,400,N,Routine,2024-08-02 11:55,2024-08-02 12:08,2024-08-02 17:48
LAB714888,ENC106251,PT12587,GLU,Glucose,190,mg/dL,70,99,H,Routine,2024-08-02 17:09,2024-08-02 17:44,2024-08-02 20:52
LAB714889,ENC106251,PT12587,CREAT,Creatinine,1.48,mg/dL,0.6,1.3,H,Routine,2024-08-02 17:44,2024-08-02 18:05,2024-08-02 19:14
LAB714890,ENC106251,PT12587,WBC,White Blood Cell Count,22.2,K/uL,4.5,11,H,STAT,2024-08-02 17:17,2024-08-02 17:27,2024-08-02 17:48
LAB714891,ENC106251,PT12587,HGB,Hemoglobin,13.4,g/dL,12,17.5,N,STAT,2024-08-02 17:30,2024-08-02 17:49,2024-08-02 19:20
LAB714892,ENC106251,PT12587,NA,Sodium,140,mmol/L,136,145,N,Routine,2024-08-02 17:33,2024-08-02 18:04,2024-08-02 21:04
LAB714893,ENC106251,PT12587,K,Potassium,4.8,mmol/L,3.5,5.1,N,STAT,2024-08-02 16:49,2024-08-02 17:09,2024-08-02 18:23
LAB714894,ENC106251,PT12587,LACT,Lactate,2,mmol/L,0.5,2,N,STAT,2024-08-02 17:24,2024-08-02 17:33,2024-08-02 18:05
LAB714895,ENC106252,PT12102,GLU,Glucose,74,mg/dL,70,99,N,STAT,2024-08-02 13:08,2024-08-02 13:36,2024-08-02 14:34
LAB714896,ENC106252,PT12102,CREAT,Creatinine,0.62,mg/dL,0.6,1.3,N,STAT,2024-08-02 14:01,2024-08-02 14:34,2024-08-02 15:18
LAB714897,ENC106253,PT13035,GLU,Glucose,68,mg/dL,70,99,L,STAT,2024-08-02 17:21,2024-08-02 17:48,2024-08-02 18:10
LAB714898,ENC106253,PT13035,CREAT,Creatinine,1.27,mg/dL,0.6,1.3,N,Routine,2024-08-02 16:24,2024-08-02 16:29,2024-08-02 19:40
LAB714899,ENC106253,PT13035,WBC,White Blood Cell Count,8.4,K/uL,4.5,11,N,STAT,2024-08-02 17:13,2024-08-02 17:42,2024-08-02 18:51
LAB714900,ENC106253,PT13035,HGB,Hemoglobin,13.4,g/dL,12,17.5,N,Routine,2024-08-02 16:50,2024-08-02 17:22,2024-08-02 19:26
LAB714901,ENC106253,PT13035,LACT,Lactate,2.4,mmol/L,0.5,2,H,STAT,2024-08-02 16:48,2024-08-02 16:55,2024-08-02 17:38
LAB714902,ENC106254,PT11316,LDL,LDL Cholesterol,93,mg/dL,0,99,N,Routine,2024-08-02 13:39,2024-08-02 13:52,2024-08-03 19:41
LAB714903,ENC106255,PT12129,GLU,Glucose,115,mg/dL,70,99,H,Routine,2024-08-02 15:07,2024-08-02 15:13,2024-08-02 16:34
LAB714904,ENC106255,PT12129,CREAT,Creatinine,1.04,mg/dL,0.6,1.3,N,Routine,2024-08-02 14:53,2024-08-02 15:24,2024-08-02 19:49
LAB714905,ENC106256,PT12482,GLU,Glucose,111,mg/dL,70,99,H,Routine,2024-08-02 19:00,2024-08-02 19:08,2024-08-02 20:47
LAB714906,ENC106256,PT12482,CREAT,Creatinine,1,mg/dL,0.6,1.3,N,Routine,2024-08-02 18:57,2024-08-02 19:08,2024-08-03 07:03
LAB714907,ENC106256,PT12482,WBC,White Blood Cell Count,11.1,K/uL,4.5,11,H,STAT,2024-08-02 19:31,2024-08-02 19:48,2024-08-02 20:47
LAB714908,ENC106256,PT12482,HGB,Hemoglobin,13.5,g/dL,12,17.5,N,STAT,2024-08-02 19:30,2024-08-02 19:43,2024-08-02 20:24
LAB714909,ENC106256,PT12482,NA,Sodium,137,mmol/L,136,145,N,STAT,2024-08-02 18:55,2024-08-02 19:30,2024-08-02 21:04
LAB714910,ENC106256,PT12482,K,Potassium,3.8,mmol/L,3.5,5.1,N,STAT,2024-08-02 19:43,2024-08-02 19:57,2024-08-02 20:49
LAB714911,ENC106258,PT12745,GLU,Glucose,211,mg/dL,70,99,H,STAT,2024-08-02 18:36,2024-08-02 19:04,2024-08-02 20:16
LAB714912,ENC106258,PT12745,CREAT,Creatinine,0.82,mg/dL,0.6,1.3,N,STAT,2024-08-02 18:13,2024-08-02 18:44,2024-08-02 19:11
LAB714913,ENC106258,PT12745,WBC,White Blood Cell Count,17.7,K/uL,4.5,11,H,STAT,2024-08-02 18:17,2024-08-02 18:44,2024-08-02 19:29
LAB714914,ENC106259,PT11850,GLU,Glucose,141,mg/dL,70,99,H,Routine,2024-08-02 18:21,2024-08-02 18:53,2024-08-02 20:56
LAB714915,ENC106259,PT11850,CREAT,Creatinine,1.21,mg/dL,0.6,1.3,N,Routine,2024-08-02 19:18,2024-08-02 19:48,2024-08-02 23:15
LAB714916,ENC106259,PT11850,WBC,White Blood Cell Count,6.9,K/uL,4.5,11,N,STAT,2024-08-02 19:09,2024-08-02 19:30,2024-08-02 20:05
LAB714917,ENC106259,PT11850,HGB,Hemoglobin,15.5,g/dL,12,17.5,N,STAT,2024-08-02 18:49,2024-08-02 19:20,2024-08-02 20:17
LAB714918,ENC106261,PT11274,GLU,Glucose,112,mg/dL,70,99,H,STAT,2024-08-02 19:57,2024-08-02 20:26,2024-08-02 21:30
LAB714919,ENC106261,PT11274,CREAT,Creatinine,0.9,mg/dL,0.6,1.3,N,STAT,2024-08-02 19:17,2024-08-02 19:24,2024-08-02 19:45
LAB714920,ENC106261,PT11274,WBC,White Blood Cell Count,6.8,K/uL,4.5,11,N,Routine,2024-08-02 19:21,2024-08-02 19:49,2024-08-03 02:05
LAB714921,ENC106261,PT11274,HGB,Hemoglobin,14.3,g/dL,12,17.5,N,STAT,2024-08-02 19:46,2024-08-02 20:15,2024-08-02 21:40
LAB714922,ENC106261,PT11274,INR,Prothrombin Time INR,1,ratio,0.8,1.2,N,Routine,2024-08-02 19:11,2024-08-02 19:19,2024-08-02 21:49
LAB714923,ENC106262,PT10441,GLU,Glucose,91,mg/dL,70,99,N,Routine,2024-08-02 23:03,2024-08-02 23:18,2024-08-03 03:02
LAB714924,ENC106262,PT10441,CREAT,Creatinine,0.95,mg/dL,0.6,1.3,N,STAT,2024-08-02 22:49,2024-08-02 22:57,2024-08-02 23:27
LAB714925,ENC106262,PT10441,WBC,White Blood Cell Count,7.7,K/uL,4.5,11,N,STAT,2024-08-02 22:21,2024-08-02 22:48,2024-08-02 23:29
LAB714926,ENC106262,PT10441,HGB,Hemoglobin,10.4,g/dL,12,17.5,L,Routine,2024-08-02 22:35,2024-08-02 22:47,2024-08-03 03:22
LAB714927,ENC106262,PT10441,NA,Sodium,138,mmol/L,136,145,N,STAT,2024-08-02 23:00,2024-08-02 23:28,2024-08-03 00:06
LAB714928,ENC106262,PT10441,K,Potassium,4,mmol/L,3.5,5.1,N,STAT,2024-08-02 22:17,2024-08-02 22:43,2024-08-03 00:16
LAB714929,ENC106262,PT10441,INR,Prothrombin Time INR,1.2,ratio,0.8,1.2,N,STAT,2024-08-02 22:57,2024-08-02 23:15,2024-08-02 23:46
LAB714930,ENC106263,PT10474,GLU,Glucose,91,mg/dL,70,99,N,Routine,2024-08-02 23:04,2024-08-02 23:17,2024-08-03 01:52
LAB714931,ENC106263,PT10474,CREAT,Creatinine,0.95,mg/dL,0.6,1.3,N,Routine,2024-08-02 22:28,2024-08-02 22:37,2024-08-03 00:55
LAB714932,ENC106263,PT10474,WBC,White Blood Cell Count,7.2,K/uL,4.5,11,N,STAT,2024-08-02 22:32,2024-08-02 23:06,2024-08-02 23:56
LAB714933,ENC106263,PT10474,HGB,Hemoglobin,13.6,g/dL,12,17.5,N,STAT,2024-08-02 22:21,2024-08-02 22:39,2024-08-03 00:09
LAB714934,ENC106265,PT13528,GLU,Glucose,100,mg/dL,70,99,H,STAT,2024-08-03 05:45,2024-08-03 06:00,2024-08-03 07:00
LAB714935,ENC106265,PT13528,CREAT,Creatinine,0.71,mg/dL,0.6,1.3,N,STAT,2024-08-03 06:35,2024-08-03 06:42,2024-08-03 07:43
LAB714936,ENC106265,PT13528,WBC,White Blood Cell Count,14.6,K/uL,4.5,11,H,Routine,2024-08-03 05:59,2024-08-03 06:15,2024-08-03 11:30
LAB714937,ENC106265,PT13528,HGB,Hemoglobin,12.9,g/dL,12,17.5,N,Routine,2024-08-03 06:30,2024-08-03 06:45,2024-08-03 08:14
LAB714938,ENC106266,PT13636,GLU,Glucose,113,mg/dL,70,99,H,STAT,2024-08-03 06:32,2024-08-03 06:54,2024-08-03 08:07
LAB714939,ENC106266,PT13636,CREAT,Creatinine,0.93,mg/dL,0.6,1.3,N,STAT,2024-08-03 05:59,2024-08-03 06:07,2024-08-03 06:59
LAB714940,ENC106266,PT13636,WBC,White Blood Cell Count,11.9,K/uL,4.5,11,H,Routine,2024-08-03 05:40,2024-08-03 06:08,2024-08-03 09:07
LAB714941,ENC106266,PT13636,HGB,Hemoglobin,11.9,g/dL,12,17.5,L,STAT,2024-08-03 06:08,2024-08-03 06:43,2024-08-03 07:26
LAB714942,ENC106266,PT13636,NA,Sodium,141,mmol/L,136,145,N,STAT,2024-08-03 06:08,2024-08-03 06:34,2024-08-03 07:08
LAB714943,ENC106266,PT13636,K,Potassium,4,mmol/L,3.5,5.1,N,STAT,2024-08-03 05:54,2024-08-03 06:19,2024-08-03 06:50
LAB714944,ENC106267,PT11518,GLU,Glucose,182,mg/dL,70,99,H,STAT,2024-08-03 10:55,2024-08-03 11:08,2024-08-03 11:46
LAB714945,ENC106267,PT11518,CREAT,Creatinine,2.34,mg/dL,0.6,1.3,H,STAT,2024-08-03 11:28,2024-08-03 11:50,2024-08-03 12:58
LAB714946,ENC106267,PT11518,WBC,White Blood Cell Count,7.4,K/uL,4.5,11,N,STAT,2024-08-03 11:05,2024-08-03 11:26,2024-08-03 12:00
LAB714947,ENC106267,PT11518,HGB,Hemoglobin,10,g/dL,12,17.5,L,STAT,2024-08-03 10:33,2024-08-03 10:59,2024-08-03 12:07
LAB714948,ENC106267,PT11518,INR,Prothrombin Time INR,0.9,ratio,0.8,1.2,N,STAT,2024-08-03 11:06,2024-08-03 11:21,2024-08-03 11:58
LAB714949,ENC106268,PT13439,A1C,Hemoglobin A1c,10.4,%,4,5.6,H,Routine,2024-08-03 08:21,2024-08-03 08:27,2024-08-03 12:13
LAB714950,ENC106269,PT10976,GLU,Glucose,122,mg/dL,70,99,H,STAT,2024-08-03 09:17,2024-08-03 09:42,2024-08-03 10:42
LAB714951,ENC106269,PT10976,CREAT,Creatinine,0.95,mg/dL,0.6,1.3,N,Routine,2024-08-03 09:44,2024-08-03 09:53,2024-08-03 13:52
LAB714952,ENC106270,PT11904,GLU,Glucose,125,mg/dL,70,99,H,STAT,2024-08-03 13:43,2024-08-03 14:14,2024-08-03 15:05
LAB714953,ENC106270,PT11904,CREAT,Creatinine,1.06,mg/dL,0.6,1.3,N,STAT,2024-08-03 13:16,2024-08-03 13:30,2024-08-03 14:36
LAB714954,ENC106270,PT11904,WBC,White Blood Cell Count,8,K/uL,4.5,11,N,Routine,2024-08-03 13:32,2024-08-03 14:07,2024-08-03 16:23
LAB714955,ENC106270,PT11904,HGB,Hemoglobin,14.7,g/dL,12,17.5,N,STAT,2024-08-03 13:28,2024-08-03 13:39,2024-08-03 14:28
LAB714956,ENC106272,PT10219,GLU,Glucose,129,mg/dL,70,99,H,Routine,2024-08-03 16:39,2024-08-03 17:06,2024-08-03 19:34
LAB714957,ENC106272,PT10219,CREAT,Creatinine,1.24,mg/dL,0.6,1.3,N,Routine,2024-08-03 16:29,2024-08-03 17:02,2024-08-03 21:30
LAB714958,ENC106272,PT10219,WBC,White Blood Cell Count,29,K/uL,4.5,11,H,STAT,2024-08-03 16:40,2024-08-03 16:49,2024-08-03 17:19
LAB714959,ENC106272,PT10219,HGB,Hemoglobin,14,g/dL,12,17.5,N,STAT,2024-08-03 16:45,2024-08-03 16:51,2024-08-03 17:25
LAB714960,ENC106272,PT10219,BUN,Blood Urea Nitrogen,16,mg/dL,7,20,N,STAT,2024-08-03 16:07,2024-08-03 16:39,2024-08-03 17:00
LAB714961,ENC106272,PT10219,PLT,Platelet Count,229,K/uL,150,400,N,Routine,2024-08-03 16:39,2024-08-03 17:01,2024-08-03 19:09
LAB714962,ENC106272,PT10219,LACT,Lactate,3.2,mmol/L,0.5,2,H,STAT,2024-08-03 16:28,2024-08-03 16:38,2024-08-03 17:56
LAB714963,ENC106273,PT13661,GLU,Glucose,112,mg/dL,70,99,H,Routine,2024-08-03 18:17,2024-08-03 18:24,2024-08-03 20:39
LAB714964,ENC106273,PT13661,CREAT,Creatinine,0.94,mg/dL,0.6,1.3,N,STAT,2024-08-03 17:18,2024-08-03 17:44,2024-08-03 18:29
LAB714965,ENC106273,PT13661,WBC,White Blood Cell Count,6.4,K/uL,4.5,11,N,STAT,2024-08-03 18:06,2024-08-03 18:23,2024-08-03 19:11
LAB714966,ENC106273,PT13661,HGB,Hemoglobin,15.3,g/dL,12,17.5,N,STAT,2024-08-03 18:22,2024-08-03 18:56,2024-08-03 19:43
LAB714967,ENC106274,PT12011,GLU,Glucose,75,mg/dL,70,99,N,STAT,2024-08-03 18:56,2024-08-03 19:27,2024-08-03 20:20
LAB714968,ENC106274,PT12011,CREAT,Creatinine,1.02,mg/dL,0.6,1.3,N,Routine,2024-08-03 19:15,2024-08-03 19:40,2024-08-03 21:23
LAB714969,ENC106274,PT12011,WBC,White Blood Cell Count,2.6,K/uL,4.5,11,L,STAT,2024-08-03 18:12,2024-08-03 18:34,2024-08-03 19:04
LAB714970,ENC106274,PT12011,HGB,Hemoglobin,12.2,g/dL,12,17.5,N,STAT,2024-08-03 18:37,2024-08-03 19:07,2024-08-03 19:37
LAB714971,ENC106274,PT12011,LACT,Lactate,1.9,mmol/L,0.5,2,N,STAT,2024-08-03 18:52,2024-08-03 18:56,2024-08-03 20:06
LAB714972,ENC106276,PT10143,GLU,Glucose,186,mg/dL,70,99,H,Routine,2024-08-03 21:17,2024-08-03 21:22,2024-08-03 22:33
LAB714973,ENC106276,PT10143,CREAT,Creatinine,0.81,mg/dL,0.6,1.3,N,Routine,2024-08-03 20:34,2024-08-03 20:54,2024-08-03 23:43
LAB714974,ENC106276,PT10143,WBC,White Blood Cell Count,15.8,K/uL,4.5,11,H,STAT,2024-08-03 20:42,2024-08-03 21:02,2024-08-03 22:16
LAB714975,ENC106276,PT10143,HGB,Hemoglobin,15.4,g/dL,12,17.5,N,Routine,2024-08-03 21:20,2024-08-03 21:54,2024-08-04 00:29
LAB714976,ENC106276,PT10143,BUN,Blood Urea Nitrogen,14,mg/dL,7,20,N,STAT,2024-08-03 20:52,2024-08-03 21:21,2024-08-03 22:57
LAB714977,ENC106276,PT10143,PLT,Platelet Count,238,K/uL,150,400,N,STAT,2024-08-03 20:40,2024-08-03 20:58,2024-08-03 21:31
LAB714978,ENC106277,PT11106,GLU,Glucose,71,mg/dL,70,99,N,STAT,2024-08-03 19:00,2024-08-03 19:30,2024-08-03 20:34
LAB714979,ENC106277,PT11106,CREAT,Creatinine,0.95,mg/dL,0.6,1.3,N,Routine,2024-08-03 19:57,2024-08-03 20:11,2024-08-03 21:02
LAB714980,ENC106277,PT11106,WBC,White Blood Cell Count,19,K/uL,4.5,11,H,STAT,2024-08-03 19:12,2024-08-03 19:39,2024-08-03 20:23
LAB714981,ENC106277,PT11106,HGB,Hemoglobin,14.1,g/dL,12,17.5,N,Routine,2024-08-03 20:05,2024-08-03 20:38,2024-08-03 23:55
LAB714982,ENC106278,PT13350,GLU,Glucose,144,mg/dL,70,99,H,Routine,2024-08-04 00:20,2024-08-04 00:51,2024-08-04 02:23
LAB714983,ENC106278,PT13350,CREAT,Creatinine,1.03,mg/dL,0.6,1.3,N,STAT,2024-08-04 00:31,2024-08-04 00:59,2024-08-04 02:02
LAB714984,ENC106278,PT13350,WBC,White Blood Cell Count,7.1,K/uL,4.5,11,N,STAT,2024-08-03 23:30,2024-08-03 23:54,2024-08-04 00:37
LAB714985,ENC106278,PT13350,HGB,Hemoglobin,8.2,g/dL,12,17.5,L,STAT,2024-08-03 23:29,2024-08-04 00:04,2024-08-04 00:48
LAB714986,ENC106278,PT13350,BUN,Blood Urea Nitrogen,13,mg/dL,7,20,N,STAT,2024-08-03 23:26,2024-08-03 23:30,2024-08-04 00:14
LAB714987,ENC106278,PT13350,PLT,Platelet Count,291,K/uL,150,400,N,STAT,2024-08-03 23:27,2024-08-03 23:44,2024-08-04 00:30
LAB714988,ENC106278,PT13350,LACT,Lactate,1.1,mmol/L,0.5,2,N,STAT,2024-08-03 23:59,2024-08-04 00:06,2024-08-04 00:55
LAB714989,ENC106278,PT13350,INR,Prothrombin Time INR,1,ratio,0.8,1.2,N,STAT,2024-08-04 00:32,2024-08-04 00:38,2024-08-04 01:22
LAB714990,ENC106279,PT12360,GLU,Glucose,287,mg/dL,70,99,H,Routine,2024-08-03 20:12,2024-08-03 20:25,2024-08-04 01:28
LAB714991,ENC106279,PT12360,CREAT,Creatinine,0.74,mg/dL,0.6,1.3,N,STAT,2024-08-03 20:27,2024-08-03 20:39,2024-08-03 21:48
LAB714992,ENC106279,PT12360,WBC,White Blood Cell Count,10.8,K/uL,4.5,11,N,STAT,2024-08-03 19:57,2024-08-03 20:04,2024-08-03 20:24
LAB714993,ENC106279,PT12360,HGB,Hemoglobin,14.8,g/dL,12,17.5,N,Routine,2024-08-03 19:51,2024-08-03 20:03,2024-08-03 22:28
LAB714994,ENC106279,PT12360,NA,Sodium,136,mmol/L,136,145,N,Routine,2024-08-03 19:57,2024-08-03 20:31,2024-08-04 01:21
LAB714995,ENC106279,PT12360,K,Potassium,4,mmol/L,3.5,5.1,N,STAT,2024-08-03 20:20,2024-08-03 20:50,2024-08-03 21:29
LAB714996,ENC106279,PT12360,A1C,Hemoglobin A1c,12.8,%,4,5.6,H,STAT,2024-08-03 20:18,2024-08-03 20:27,2024-08-03 21:13
LAB714997,ENC106281,PT13969,GLU,Glucose,110,mg/dL,70,99,H,STAT,2024-08-03 21:38,2024-08-03 21:47,2024-08-03 22:16
LAB714998,ENC106281,PT13969,CREAT,Creatinine,1.15,mg/dL,0.6,1.3,N,STAT,2024-08-03 21:34,2024-08-03 21:46,2024-08-03 22:34
LAB714999,ENC106281,PT13969,WBC,White Blood Cell Count,6.3,K/uL,4.5,11,N,Routine,2024-08-03 21:35,2024-08-03 21:48,2024-08-04 01:31
LAB715000,ENC106281,PT13969,HGB,Hemoglobin,14.2,g/dL,12,17.5,N,Routine,2024-08-03 21:59,2024-08-03 22:03,2024-08-04 01:14
LAB715001,ENC106281,PT13969,BUN,Blood Urea Nitrogen,16,mg/dL,7,20,N,Routine,2024-08-03 21:49,2024-08-03 21:58,2024-08-04 00:24
LAB715002,ENC106281,PT13969,PLT,Platelet Count,259,K/uL,150,400,N,STAT,2024-08-03 21:36,2024-08-03 21:43,2024-08-03 22:33
LAB715003,ENC106282,PT12328,GLU,Glucose,139,mg/dL,70,99,H,Routine,2024-08-03 22:44,2024-08-03 23:14,2024-08-04 04:31
LAB715004,ENC106282,PT12328,CREAT,Creatinine,1.54,mg/dL,0.6,1.3,H,STAT,2024-08-03 22:41,2024-08-03 23:08,2024-08-03 23:49
LAB715005,ENC106282,PT12328,WBC,White Blood Cell Count,12.2,K/uL,4.5,11,H,Routine,2024-08-03 21:38,2024-08-03 22:11,2024-08-03 23:52
LAB715006,ENC106282,PT12328,HGB,Hemoglobin,15.4,g/dL,12,17.5,N,STAT,2024-08-03 22:06,2024-08-03 22:41,2024-08-04 00:02
LAB715007,ENC106282,PT12328,LACT,Lactate,3.1,mmol/L,0.5,2,H,STAT,2024-08-03 21:39,2024-08-03 22:05,2024-08-03 22:52
LAB715008,ENC106283,PT12193,GLU,Glucose,332,mg/dL,70,99,H,STAT,2024-08-03 22:47,2024-08-03 23:00,2024-08-03 23:26
LAB715009,ENC106283,PT12193,CREAT,Creatinine,1.52,mg/dL,0.6,1.3,H,Routine,2024-08-03 22:24,2024-08-03 22:46,2024-08-04 02:10
LAB715010,ENC106283,PT12193,WBC,White Blood Cell Count,6.2,K/uL,4.5,11,N,STAT,2024-08-03 22:30,2024-08-03 22:49,2024-08-04 00:45
LAB715011,ENC106283,PT12193,A1C,Hemoglobin A1c,10,%,4,5.6,H,STAT,2024-08-03 22:00,2024-08-03 22:30,2024-08-03 23:43
LAB715012,ENC106284,PT10673,GLU,Glucose,174,mg/dL,70,99,H,Routine,2024-08-03 21:53,2024-08-03 22:07,2024-08-03 23:03
LAB715013,ENC106284,PT10673,CREAT,Creatinine,1.12,mg/dL,0.6,1.3,N,STAT,2024-08-03 22:18,2024-08-03 22:40,2024-08-03 23:14
LAB715014,ENC106284,PT10673,WBC,White Blood Cell Count,8.7,K/uL,4.5,11,N,Routine,2024-08-03 22:14,2024-08-03 22:45,2024-08-04 00:03
LAB715015,ENC106284,PT10673,HGB,Hemoglobin,15.3,g/dL,12,17.5,N,Routine,2024-08-03 22:30,2024-08-03 22:37,2024-08-04 01:39
LAB715016,ENC106284,PT10673,NA,Sodium,139,mmol/L,136,145,N,STAT,2024-08-03 22:45,2024-08-03 22:50,2024-08-03 23:52
LAB715017,ENC106284,PT10673,K,Potassium,4.8,mmol/L,3.5,5.1,N,STAT,2024-08-03 21:58,2024-08-03 22:32,2024-08-04 00:05
LAB715018,ENC106285,PT11511,GLU,Glucose,198,mg/dL,70,99,H,STAT,2024-08-04 00:54,2024-08-04 01:13,2024-08-04 01:54
LAB715019,ENC106285,PT11511,CREAT,Creatinine,1.3,mg/dL,0.6,1.3,N,STAT,2024-08-04 01:03,2024-08-04 01:30,2024-08-04 02:13
LAB715020,ENC106285,PT11511,WBC,White Blood Cell Count,22.7,K/uL,4.5,11,H,Routine,2024-08-04 00:39,2024-08-04 00:51,2024-08-04 04:59
LAB715021,ENC106285,PT11511,HGB,Hemoglobin,13.7,g/dL,12,17.5,N,Routine,2024-08-04 00:38,2024-08-04 00:53,2024-08-04 03:41
LAB715022,ENC106285,PT11511,LACT,Lactate,3.8,mmol/L,0.5,2,H,STAT,2024-08-04 00:55,2024-08-04 01:15,2024-08-04 01:58
LAB715023,ENC106287,PT10877,GLU,Glucose,114,mg/dL,70,99,H,STAT,2024-08-04 09:30,2024-08-04 09:36,2024-08-04 10:37
LAB715024,ENC106287,PT10877,CREAT,Creatinine,0.89,mg/dL,0.6,1.3,N,STAT,2024-08-04 09:01,2024-08-04 09:20,2024-08-04 10:17
LAB715025,ENC106287,PT10877,WBC,White Blood Cell Count,10.3,K/uL,4.5,11,N,Routine,2024-08-04 09:08,2024-08-04 09:39,2024-08-04 12:30
LAB715026,ENC106287,PT10877,HGB,Hemoglobin,14,g/dL,12,17.5,N,Routine,2024-08-04 09:53,2024-08-04 10:26,2024-08-04 13:44
LAB715027,ENC106288,PT13814,GLU,Glucose,77,mg/dL,70,99,N,Routine,2024-08-04 08:17,2024-08-04 08:33,2024-08-04 11:40
LAB715028,ENC106288,PT13814,CREAT,Creatinine,0.92,mg/dL,0.6,1.3,N,STAT,2024-08-04 08:32,2024-08-04 08:40,2024-08-04 09:39
LAB715029,ENC106288,PT13814,TROP,"Troponin I, High Sensitivity",6,ng/L,0,34,N,STAT,2024-08-04 08:01,2024-08-04 08:10,2024-08-04 09:08
LAB715030,ENC106290,PT10620,GLU,Glucose,111,mg/dL,70,99,H,STAT,2024-08-04 13:08,2024-08-04 13:28,2024-08-04 13:46
LAB715031,ENC106290,PT10620,CREAT,Creatinine,0.85,mg/dL,0.6,1.3,N,STAT,2024-08-04 12:58,2024-08-04 13:04,2024-08-04 13:21
LAB715032,ENC106290,PT10620,WBC,White Blood Cell Count,6,K/uL,4.5,11,N,Routine,2024-08-04 12:59,2024-08-04 13:19,2024-08-04 15:44
LAB715033,ENC106290,PT10620,HGB,Hemoglobin,15.9,g/dL,12,17.5,N,STAT,2024-08-04 12:48,2024-08-04 12:57,2024-08-04 13:37
LAB715034,ENC106290,PT10620,NA,Sodium,135,mmol/L,136,145,L,STAT,2024-08-04 13:36,2024-08-04 13:50,2024-08-04 14:30
LAB715035,ENC106290,PT10620,K,Potassium,4.1,mmol/L,3.5,5.1,N,STAT,2024-08-04 13:27,2024-08-04 13:55,2024-08-04 14:34
LAB715036,ENC106291,PT12202,GLU,Glucose,427,mg/dL,70,99,H,STAT,2024-08-04 10:03,2024-08-04 10:35,2024-08-04 11:28
LAB715037,ENC106291,PT12202,CREAT,Creatinine,2.02,mg/dL,0.6,1.3,H,Routine,2024-08-04 11:01,2024-08-04 11:29,2024-08-04 12:49
LAB715038,ENC106291,PT12202,WBC,White Blood Cell Count,6,K/uL,4.5,11,N,Routine,2024-08-04 10:33,2024-08-04 11:04,2024-08-04 13:36
LAB715039,ENC106291,PT12202,A1C,Hemoglobin A1c,8.9,%,4,5.6,H,Routine,2024-08-04 11:11,2024-08-04 11:26,2024-08-05 05:26
LAB715040,ENC106293,PT12135,GLU,Glucose,140,mg/dL,70,99,H,STAT,2024-08-04 10:40,2024-08-04 11:09,2024-08-04 11:37
LAB715041,ENC106293,PT12135,CREAT,Creatinine,1.35,mg/dL,0.6,1.3,H,STAT,2024-08-04 11:00,2024-08-04 11:06,2024-08-04 12:28
LAB715042,ENC106294,PT12919,GLU,Glucose,103,mg/dL,70,99,H,Routine,2024-08-04 16:43,2024-08-04 16:47,2024-08-04 19:27
LAB715043,ENC106294,PT12919,CREAT,Creatinine,0.97,mg/dL,0.6,1.3,N,STAT,2024-08-04 17:01,2024-08-04 17:20,2024-08-04 18:05
LAB715044,ENC106294,PT12919,WBC,White Blood Cell Count,7,K/uL,4.5,11,N,STAT,2024-08-04 16:20,2024-08-04 16:41,2024-08-04 17:13
LAB715045,ENC106294,PT12919,HGB,Hemoglobin,11.8,g/dL,12,17.5,L,STAT,2024-08-04 16:09,2024-08-04 16:30,2024-08-04 17:17
LAB715046,ENC106294,PT12919,NA,Sodium,140,mmol/L,136,145,N,Routine,2024-08-04 16:13,2024-08-04 16:20,2024-08-04 17:25
LAB715047,ENC106294,PT12919,K,Potassium,4.3,mmol/L,3.5,5.1,N,STAT,2024-08-04 16:49,2024-08-04 17:07,2024-08-04 17:44
LAB715048,ENC106294,PT12919,TROP,"Troponin I, High Sensitivity",7,ng/L,0,34,N,STAT,2024-08-04 16:14,2024-08-04 16:48,2024-08-04 17:30
LAB715049,ENC106296,PT12086,GLU,Glucose,123,mg/dL,70,99,H,STAT,2024-08-04 19:51,2024-08-04 20:06,2024-08-04 20:46
LAB715050,ENC106296,PT12086,CREAT,Creatinine,1.48,mg/dL,0.6,1.3,H,Routine,2024-08-04 19:52,2024-08-04 20:22,2024-08-04 23:18
LAB715051,ENC106296,PT12086,WBC,White Blood Cell Count,6.6,K/uL,4.5,11,N,STAT,2024-08-04 19:09,2024-08-04 19:14,2024-08-04 19:55
LAB715052,ENC106296,PT12086,HGB,Hemoglobin,11.1,g/dL,12,17.5,L,STAT,2024-08-04 19:44,2024-08-04 20:07,2024-08-04 20:40
LAB715053,ENC106296,PT12086,NA,Sodium,142,mmol/L,136,145,N,Routine,2024-08-04 18:48,2024-08-04 19:09,2024-08-05 00:08
LAB715054,ENC106296,PT12086,K,Potassium,4.6,mmol/L,3.5,5.1,N,STAT,2024-08-04 19:53,2024-08-04 20:21,2024-08-04 21:13
LAB715055,ENC106299,PT10640,GLU,Glucose,127,mg/dL,70,99,H,STAT,2024-08-04 17:53,2024-08-04 18:09,2024-08-04 18:33
LAB715056,ENC106299,PT10640,CREAT,Creatinine,0.69,mg/dL,0.6,1.3,N,Routine,2024-08-04 18:38,2024-08-04 19:13,2024-08-04 21:03
LAB715057,ENC106299,PT10640,WBC,White Blood Cell Count,19.4,K/uL,4.5,11,H,Routine,2024-08-04 18:22,2024-08-04 18:41,2024-08-04 20:27
LAB715058,ENC106299,PT10640,HGB,Hemoglobin,14.9,g/dL,12,17.5,N,STAT,2024-08-04 18:42,2024-08-04 19:13,2024-08-04 20:30
LAB715059,ENC106299,PT10640,NA,Sodium,138,mmol/L,136,145,N,STAT,2024-08-04 18:56,2024-08-04 19:17,2024-08-04 20:16
LAB715060,ENC106299,PT10640,K,Potassium,4.3,mmol/L,3.5,5.1,N,STAT,2024-08-04 18:49,2024-08-04 19:08,2024-08-04 19:49
LAB715061,ENC106300,PT11661,GLU,Glucose,104,mg/dL,70,99,H,Routine,2024-08-04 21:21,2024-08-04 21:26,2024-08-05 01:38
LAB715062,ENC106300,PT11661,CREAT,Creatinine,0.74,mg/dL,0.6,1.3,N,STAT,2024-08-04 21:22,2024-08-04 21:44,2024-08-04 22:33
LAB715063,ENC106300,PT11661,WBC,White Blood Cell Count,6.3,K/uL,4.5,11,N,STAT,2024-08-04 21:42,2024-08-04 22:01,2024-08-04 23:07
LAB715064,ENC106300,PT11661,HGB,Hemoglobin,12.8,g/dL,12,17.5,N,STAT,2024-08-04 21:31,2024-08-04 21:51,2024-08-04 23:09
LAB715065,ENC106300,PT11661,NA,Sodium,137,mmol/L,136,145,N,STAT,2024-08-04 20:47,2024-08-04 21:02,2024-08-04 21:55
LAB715066,ENC106300,PT11661,K,Potassium,4,mmol/L,3.5,5.1,N,STAT,2024-08-04 21:44,2024-08-04 22:07,2024-08-04 23:38
LAB715067,ENC106302,PT11432,GLU,Glucose,108,mg/dL,70,99,H,STAT,2024-08-05 02:27,2024-08-05 02:41,2024-08-05 03:37
LAB715068,ENC106302,PT11432,CREAT,Creatinine,0.84,mg/dL,0.6,1.3,N,STAT,2024-08-05 02:30,2024-08-05 02:45,2024-08-05 03:29
LAB715069,ENC106302,PT11432,WBC,White Blood Cell Count,7.9,K/uL,4.5,11,N,STAT,2024-08-05 02:55,2024-08-05 03:18,2024-08-05 04:55
LAB715070,ENC106302,PT11432,HGB,Hemoglobin,13,g/dL,12,17.5,N,Routine,2024-08-05 02:58,2024-08-05 03:19,2024-08-05 04:57
LAB715071,ENC106302,PT11432,TROP,"Troponin I, High Sensitivity",48,ng/L,0,34,H,STAT,2024-08-05 02:57,2024-08-05 03:12,2024-08-05 03:52
LAB715072,ENC106302,PT11432,BNP,B-Type Natriuretic Peptide,314,pg/mL,0,100,H,STAT,2024-08-05 03:07,2024-08-05 03:13,2024-08-05 03:45
LAB715073,ENC106303,PT10618,GLU,Glucose,133,mg/dL,70,99,H,STAT,2024-08-05 02:23,2024-08-05 02:32,2024-08-05 03:44
LAB715074,ENC106303,PT10618,CREAT,Creatinine,2.17,mg/dL,0.6,1.3,H,STAT,2024-08-05 02:39,2024-08-05 02:51,2024-08-05 04:26
LAB715075,ENC106303,PT10618,WBC,White Blood Cell Count,7,K/uL,4.5,11,N,Routine,2024-08-05 03:19,2024-08-05 03:25,2024-08-05 05:07
LAB715076,ENC106303,PT10618,HGB,Hemoglobin,12,g/dL,12,17.5,N,STAT,2024-08-05 02:24,2024-08-05 02:51,2024-08-05 03:46
LAB715077,ENC106303,PT10618,BUN,Blood Urea Nitrogen,16,mg/dL,7,20,N,STAT,2024-08-05 02:44,2024-08-05 02:48,2024-08-05 03:34
LAB715078,ENC106303,PT10618,PLT,Platelet Count,312,K/uL,150,400,N,Routine,2024-08-05 03:02,2024-08-05 03:31,2024-08-05 07:26
LAB715079,ENC106304,PT12687,GLU,Glucose,85,mg/dL,70,99,N,STAT,2024-08-05 01:40,2024-08-05 01:58,2024-08-05 03:01
LAB715080,ENC106304,PT12687,CREAT,Creatinine,2.89,mg/dL,0.6,1.3,H,STAT,2024-08-05 01:46,2024-08-05 01:51,2024-08-05 02:25
LAB715081,ENC106304,PT12687,WBC,White Blood Cell Count,9.5,K/uL,4.5,11,N,STAT,2024-08-05 01:38,2024-08-05 02:05,2024-08-05 02:39
LAB715082,ENC106304,PT12687,HGB,Hemoglobin,10.1,g/dL,12,17.5,L,Routine,2024-08-05 00:55,2024-08-05 01:00,2024-08-05 02:51
LAB715083,ENC106306,PT13128,GLU,Glucose,103,mg/dL,70,99,H,Routine,2024-08-05 07:31,2024-08-05 07:58,2024-08-05 11:01
LAB715084,ENC106306,PT13128,CREAT,Creatinine,1.56,mg/dL,0.6,1.3,H,STAT,2024-08-05 07:57,2024-08-05 08:15,2024-08-05 08:42
LAB715085,ENC106306,PT13128,WBC,White Blood Cell Count,9.4,K/uL,4.5,11,N,STAT,2024-08-05 07:51,2024-08-05 08:07,2024-08-05 08:42
LAB715086,ENC106306,PT13128,HGB,Hemoglobin,14.1,g/dL,12,17.5,N,STAT,2024-08-05 07:24,2024-08-05 07:55,2024-08-05 08:31
LAB715087,ENC106307,PT12170,GLU,Glucose,105,mg/dL,70,99,H,STAT,2024-08-05 08:34,2024-08-05 08:53,2024-08-05 09:32
LAB715088,ENC106307,PT12170,CREAT,Creatinine,1.1,mg/dL,0.6,1.3,N,STAT,2024-08-05 08:24,2024-08-05 08:32,2024-08-05 09:38
LAB715089,ENC106307,PT12170,WBC,White Blood Cell Count,7.7,K/uL,4.5,11,N,STAT,2024-08-05 08:14,2024-08-05 08:32,2024-08-05 09:15
LAB715090,ENC106307,PT12170,HGB,Hemoglobin,13.7,g/dL,12,17.5,N,STAT,2024-08-05 08:34,2024-08-05 08:40,2024-08-05 09:37
LAB715091,ENC106307,PT12170,INR,Prothrombin Time INR,1.1,ratio,0.8,1.2,N,STAT,2024-08-05 08:12,2024-08-05 08:26,2024-08-05 09:16
LAB715092,ENC106308,PT10452,A1C,Hemoglobin A1c,7.7,%,4,5.6,H,Routine,2024-08-05 08:20,2024-08-05 08:32,2024-08-05 15:11
LAB715093,ENC106308,PT10452,GLU,Glucose,249,mg/dL,70,99,H,Routine,2024-08-05 08:32,2024-08-05 08:54,2024-08-05 11:19
LAB715094,ENC106308,PT10452,CREAT,Creatinine,2.64,mg/dL,0.6,1.3,H,Routine,2024-08-05 08:27,2024-08-05 08:48,2024-08-05 11:56
LAB715095,ENC106311,PT13439,WBC,White Blood Cell Count,9.9,K/uL,4.5,11,N,Routine,2024-08-05 09:23,2024-08-05 09:30,2024-08-05 10:52
LAB715096,ENC106311,PT13439,HGB,Hemoglobin,15.2,g/dL,12,17.5,N,Routine,2024-08-05 09:25,2024-08-05 09:37,2024-08-05 14:06
LAB715097,ENC106311,PT13439,PLT,Platelet Count,179,K/uL,150,400,N,Routine,2024-08-05 09:16,2024-08-05 09:46,2024-08-05 11:32
LAB715098,ENC106312,PT12437,GLU,Glucose,176,mg/dL,70,99,H,STAT,2024-08-05 09:25,2024-08-05 09:31,2024-08-05 10:16
LAB715099,ENC106312,PT12437,CREAT,Creatinine,0.88,mg/dL,0.6,1.3,N,Routine,2024-08-05 09:15,2024-08-05 09:48,2024-08-05 11:26
LAB715100,ENC106313,PT13722,GLU,Glucose,293,mg/dL,70,99,H,STAT,2024-08-05 13:37,2024-08-05 13:48,2024-08-05 15:03
LAB715101,ENC106313,PT13722,CREAT,Creatinine,0.99,mg/dL,0.6,1.3,N,STAT,2024-08-05 13:43,2024-08-05 13:48,2024-08-05 14:54
LAB715102,ENC106313,PT13722,WBC,White Blood Cell Count,6.7,K/uL,4.5,11,N,Routine,2024-08-05 13:56,2024-08-05 14:10,2024-08-05 16:00
LAB715103,ENC106313,PT13722,HGB,Hemoglobin,14.8,g/dL,12,17.5,N,Routine,2024-08-05 14:29,2024-08-05 14:45,2024-08-05 16:12
LAB715104,ENC106313,PT13722,NA,Sodium,140,mmol/L,136,145,N,STAT,2024-08-05 14:27,2024-08-05 14:32,2024-08-05 16:22
LAB715105,ENC106313,PT13722,K,Potassium,4.6,mmol/L,3.5,5.1,N,STAT,2024-08-05 13:32,2024-08-05 14:07,2024-08-05 15:17
LAB715106,ENC106313,PT13722,BUN,Blood Urea Nitrogen,14,mg/dL,7,20,N,Routine,2024-08-05 14:22,2024-08-05 14:45,2024-08-05 17:22
LAB715107,ENC106313,PT13722,PLT,Platelet Count,301,K/uL,150,400,N,STAT,2024-08-05 13:31,2024-08-05 13:35,2024-08-05 14:10
LAB715108,ENC106313,PT13722,INR,Prothrombin Time INR,1,ratio,0.8,1.2,N,Routine,2024-08-05 13:53,2024-08-05 14:25,2024-08-05 19:06
LAB715109,ENC106315,PT10163,LDL,LDL Cholesterol,66,mg/dL,0,99,N,Routine,2024-08-05 09:56,2024-08-05 10:08,2024-08-05 16:38
LAB715110,ENC106315,PT10163,TSH,Thyroid Stimulating Hormone,2.13,mIU/L,0.4,4,N,Routine,2024-08-05 10:12,2024-08-05 10:24,2024-08-05 22:53
LAB715111,ENC106319,PT11737,LDL,LDL Cholesterol,108,mg/dL,0,99,H,Routine,2024-08-05 11:43,2024-08-05 12:12,2024-08-06 05:50
LAB715112,ENC106320,PT10255,LDL,LDL Cholesterol,136,mg/dL,0,99,H,Routine,2024-08-05 12:02,2024-08-05 12:10,2024-08-05 20:01
LAB715113,ENC106320,PT10255,A1C,Hemoglobin A1c,8.7,%,4,5.6,H,Routine,2024-08-05 12:09,2024-08-05 12:32,2024-08-05 21:45
LAB715114,ENC106321,PT10774,LDL,LDL Cholesterol,127,mg/dL,0,99,H,Routine,2024-08-05 11:59,2024-08-05 12:29,2024-08-06 09:46
LAB715115,ENC106322,PT13081,GLU,Glucose,116,mg/dL,70,99,H,STAT,2024-08-05 12:19,2024-08-05 12:38,2024-08-05 13:48
LAB715116,ENC106322,PT13081,CREAT,Creatinine,1.17,mg/dL,0.6,1.3,N,Routine,2024-08-05 12:24,2024-08-05 12:44,2024-08-05 15:07
LAB715117,ENC106322,PT13081,WBC,White Blood Cell Count,9.8,K/uL,4.5,11,N,STAT,2024-08-05 13:07,2024-08-05 13:23,2024-08-05 14:26
LAB715118,ENC106322,PT13081,HGB,Hemoglobin,11.9,g/dL,12,17.5,L,STAT,2024-08-05 13:00,2024-08-05 13:08,2024-08-05 13:46
LAB715119,ENC106324,PT12272,LDL,LDL Cholesterol,105,mg/dL,0,99,H,Routine,2024-08-05 12:48,2024-08-05 13:16,2024-08-05 20:15
LAB715120,ENC106325,PT10695,WBC,White Blood Cell Count,5,K/uL,4.5,11,N,Routine,2024-08-05 12:47,2024-08-05 13:02,2024-08-05 16:21
LAB715121,ENC106325,PT10695,HGB,Hemoglobin,14.9,g/dL,12,17.5,N,Routine,2024-08-05 12:39,2024-08-05 13:10,2024-08-05 15:33
LAB715122,ENC106325,PT10695,PLT,Platelet Count,275,K/uL,150,400,N,Routine,2024-08-05 12:43,2024-08-05 12:49,2024-08-05 14:53
LAB715123,ENC106326,PT13271,LDL,LDL Cholesterol,79,mg/dL,0,99,N,Routine,2024-08-05 14:24,2024-08-05 14:49,2024-08-05 21:29
LAB715124,ENC106328,PT12405,A1C,Hemoglobin A1c,11,%,4,5.6,H,Routine,2024-08-05 14:52,2024-08-05 15:26,2024-08-05 22:24
LAB715125,ENC106329,PT11234,GLU,Glucose,118,mg/dL,70,99,H,STAT,2024-08-05 17:37,2024-08-05 18:00,2024-08-05 18:43
LAB715126,ENC106329,PT11234,CREAT,Creatinine,1.13,mg/dL,0.6,1.3,N,Routine,2024-08-05 18:14,2024-08-05 18:37,2024-08-05 21:48
LAB715127,ENC106329,PT11234,WBC,White Blood Cell Count,5.8,K/uL,4.5,11,N,STAT,2024-08-05 17:54,2024-08-05 18:25,2024-08-05 19:02
LAB715128,ENC106329,PT11234,HGB,Hemoglobin,13.3,g/dL,12,17.5,N,STAT,2024-08-05 17:33,2024-08-05 17:43,2024-08-05 18:30
LAB715129,ENC106329,PT11234,LACT,Lactate,3.8,mmol/L,0.5,2,H,STAT,2024-08-05 17:45,2024-08-05 18:19,2024-08-05 18:50
LAB715130,ENC106330,PT13525,A1C,Hemoglobin A1c,5.4,%,4,5.6,N,Routine,2024-08-05 15:19,2024-08-05 15:51,2024-08-06 03:15
LAB715131,ENC106330,PT13525,GLU,Glucose,97,mg/dL,70,99,N,Routine,2024-08-05 15:10,2024-08-05 15:37,2024-08-05 17:48
LAB715132,ENC106330,PT13525,CREAT,Creatinine,1.13,mg/dL,0.6,1.3,N,Routine,2024-08-05 15:05,2024-08-05 15:24,2024-08-05 19:17
LAB715133,ENC106333,PT10743,WBC,White Blood Cell Count,8.2,K/uL,4.5,11,N,Routine,2024-08-05 16:31,2024-08-05 16:53,2024-08-05 22:19
LAB715134,ENC106333,PT10743,HGB,Hemoglobin,9,g/dL,12,17.5,L,Routine,2024-08-05 16:44,2024-08-05 16:58,2024-08-05 19:19
LAB715135,ENC106333,PT10743,PLT,Platelet Count,297,K/uL,150,400,N,Routine,2024-08-05 16:40,2024-08-05 16:58,2024-08-05 20:15
LAB715136,ENC106334,PT12258,GLU,Glucose,135,mg/dL,70,99,H,STAT,2024-08-05 18:58,2024-08-05 19:04,2024-08-05 19:27
LAB715137,ENC106334,PT12258,CREAT,Creatinine,0.59,mg/dL,0.6,1.3,L,STAT,2024-08-05 18:57,2024-08-05 19:04,2024-08-05 19:45
LAB715138,ENC106334,PT12258,WBC,White Blood Cell Count,10,K/uL,4.5,11,N,STAT,2024-08-05 18:10,2024-08-05 18:27,2024-08-05 19:01
LAB715139,ENC106334,PT12258,HGB,Hemoglobin,14.1,g/dL,12,17.5,N,Routine,2024-08-05 18:57,2024-08-05 19:22,2024-08-05 21:43
LAB715140,ENC106335,PT11762,GLU,Glucose,118,mg/dL,70,99,H,Routine,2024-08-05 19:08,2024-08-05 19:16,2024-08-05 21:08
LAB715141,ENC106335,PT11762,CREAT,Creatinine,0.35,mg/dL,0.6,1.3,L,Routine,2024-08-05 19:43,2024-08-05 19:49,2024-08-05 21:42
LAB715142,ENC106335,PT11762,WBC,White Blood Cell Count,9.9,K/uL,4.5,11,N,Routine,2024-08-05 19:40,2024-08-05 20:10,2024-08-05 22:33
LAB715143,ENC106335,PT11762,HGB,Hemoglobin,11.9,g/dL,12,17.5,L,STAT,2024-08-05 19:32,2024-08-05 19:53,2024-08-05 20:31
LAB715144,ENC106337,PT11707,GLU,Glucose,90,mg/dL,70,99,N,STAT,2024-08-05 22:09,2024-08-05 22:32,2024-08-05 23:23
LAB715145,ENC106337,PT11707,CREAT,Creatinine,0.84,mg/dL,0.6,1.3,N,STAT,2024-08-05 23:07,2024-08-05 23:33,2024-08-06 00:22
LAB715146,ENC106337,PT11707,WBC,White Blood Cell Count,8.2,K/uL,4.5,11,N,STAT,2024-08-05 22:45,2024-08-05 22:59,2024-08-05 23:59
LAB715147,ENC106337,PT11707,HGB,Hemoglobin,18.4,g/dL,12,17.5,H,STAT,2024-08-05 22:29,2024-08-05 22:40,2024-08-06 00:07
LAB715148,ENC106339,PT11619,GLU,Glucose,57,mg/dL,70,99,L,STAT,2024-08-06 02:24,2024-08-06 02:54,2024-08-06 04:02
LAB715149,ENC106339,PT11619,CREAT,Creatinine,0.94,mg/dL,0.6,1.3,N,Routine,2024-08-06 02:41,2024-08-06 03:15,2024-08-06 06:42
LAB715150,ENC106340,PT12596,GLU,Glucose,133,mg/dL,70,99,H,Routine,2024-08-06 04:43,2024-08-06 05:06,2024-08-06 08:06
LAB715151,ENC106340,PT12596,CREAT,Creatinine,0.9,mg/dL,0.6,1.3,N,Routine,2024-08-06 03:36,2024-08-06 04:06,2024-08-06 06:53
LAB715152,ENC106340,PT12596,WBC,White Blood Cell Count,6.8,K/uL,4.5,11,N,STAT,2024-08-06 04:39,2024-08-06 05:04,2024-08-06 05:59
LAB715153,ENC106340,PT12596,HGB,Hemoglobin,13.8,g/dL,12,17.5,N,STAT,2024-08-06 03:58,2024-08-06 04:10,2024-08-06 05:27
LAB715154,ENC106341,PT12063,GLU,Glucose,123,mg/dL,70,99,H,STAT,2024-08-06 04:27,2024-08-06 04:36,2024-08-06 05:12
LAB715155,ENC106341,PT12063,CREAT,Creatinine,0.96,mg/dL,0.6,1.3,N,STAT,2024-08-06 04:23,2024-08-06 04:38,2024-08-06 05:32
LAB715156,ENC106341,PT12063,WBC,White Blood Cell Count,7.7,K/uL,4.5,11,N,STAT,2024-08-06 04:06,2024-08-06 04:11,2024-08-06 04:59
LAB715157,ENC106341,PT12063,HGB,Hemoglobin,13.9,g/dL,12,17.5,N,Routine,2024-08-06 03:42,2024-08-06 03:52,2024-08-06 05:54
LAB715158,ENC106342,PT13652,GLU,Glucose,131,mg/dL,70,99,H,Routine,2024-08-06 07:56,2024-08-06 08:29,2024-08-06 12:02
LAB715159,ENC106342,PT13652,CREAT,Creatinine,0.96,mg/dL,0.6,1.3,N,Routine,2024-08-06 07:12,2024-08-06 07:28,2024-08-06 10:59
LAB715160,ENC106342,PT13652,WBC,White Blood Cell Count,5.4,K/uL,4.5,11,N,Routine,2024-08-06 08:02,2024-08-06 08:06,2024-08-06 12:54
LAB715161,ENC106342,PT13652,HGB,Hemoglobin,13.5,g/dL,12,17.5,N,STAT,2024-08-06 07:27,2024-08-06 07:37,2024-08-06 08:34
LAB715162,ENC106342,PT13652,NA,Sodium,140,mmol/L,136,145,N,STAT,2024-08-06 07:37,2024-08-06 08:08,2024-08-06 09:03
LAB715163,ENC106342,PT13652,K,Potassium,4,mmol/L,3.5,5.1,N,STAT,2024-08-06 07:33,2024-08-06 07:59,2024-08-06 08:37
LAB715164,ENC106343,PT13058,GLU,Glucose,106,mg/dL,70,99,H,STAT,2024-08-06 08:47,2024-08-06 09:07,2024-08-06 10:06
LAB715165,ENC106343,PT13058,CREAT,Creatinine,1.28,mg/dL,0.6,1.3,N,STAT,2024-08-06 08:32,2024-08-06 09:00,2024-08-06 09:30
LAB715166,ENC106343,PT13058,WBC,White Blood Cell Count,5.7,K/uL,4.5,11,N,Routine,2024-08-06 09:04,2024-08-06 09:12,2024-08-06 11:33
LAB715167,ENC106344,PT12076,A1C,Hemoglobin A1c,6.1,%,4,5.6,H,Routine,2024-08-06 08:38,2024-08-06 09:08,2024-08-06 20:39
LAB715168,ENC106346,PT10857,GLU,Glucose,95,mg/dL,70,99,N,STAT,2024-08-06 11:56,2024-08-06 12:08,2024-08-06 12:37
LAB715169,ENC106346,PT10857,CREAT,Creatinine,1.12,mg/dL,0.6,1.3,N,STAT,2024-08-06 11:32,2024-08-06 12:01,2024-08-06 12:41
LAB715170,ENC106346,PT10857,WBC,White Blood Cell Count,9,K/uL,4.5,11,N,STAT,2024-08-06 12:01,2024-08-06 12:13,2024-08-06 12:42
LAB715171,ENC106346,PT10857,HGB,Hemoglobin,9.9,g/dL,12,17.5,L,Routine,2024-08-06 12:13,2024-08-06 12:48,2024-08-06 21:58
LAB715172,ENC106346,PT10857,LACT,Lactate,2.6,mmol/L,0.5,2,H,STAT,2024-08-06 11:42,2024-08-06 11:58,2024-08-06 12:29
LAB715173,ENC106348,PT10094,GLU,Glucose,76,mg/dL,70,99,N,Routine,2024-08-06 15:52,2024-08-06 16:24,2024-08-06 19:33
LAB715174,ENC106348,PT10094,CREAT,Creatinine,1.67,mg/dL,0.6,1.3,H,Routine,2024-08-06 15:47,2024-08-06 15:53,2024-08-06 18:55
LAB715175,ENC106348,PT10094,WBC,White Blood Cell Count,10.9,K/uL,4.5,11,N,Routine,2024-08-06 15:26,2024-08-06 15:37,2024-08-06 16:55
LAB715176,ENC106348,PT10094,HGB,Hemoglobin,11.6,g/dL,12,17.5,L,STAT,2024-08-06 16:10,2024-08-06 16:31,2024-08-06 16:55
LAB715177,ENC106350,PT11624,GLU,Glucose,276,mg/dL,70,99,H,Routine,2024-08-06 16:37,2024-08-06 16:41,2024-08-06 18:27
LAB715178,ENC106350,PT11624,CREAT,Creatinine,0.86,mg/dL,0.6,1.3,N,Routine,2024-08-06 17:02,2024-08-06 17:24,2024-08-06 18:30
LAB715179,ENC106350,PT11624,WBC,White Blood Cell Count,6,K/uL,4.5,11,N,Routine,2024-08-06 16:23,2024-08-06 16:54,2024-08-06 18:45
LAB715180,ENC106350,PT11624,HGB,Hemoglobin,15,g/dL,12,17.5,N,Routine,2024-08-06 17:29,2024-08-06 17:55,2024-08-06 20:09
LAB715181,ENC106350,PT11624,TROP,"Troponin I, High Sensitivity",412,ng/L,0,34,H,STAT,2024-08-06 16:42,2024-08-06 16:55,2024-08-06 17:34
LAB715182,ENC106351,PT11187,GLU,Glucose,115,mg/dL,70,99,H,STAT,2024-08-06 17:43,2024-08-06 17:48,2024-08-06 18:24
LAB715183,ENC106351,PT11187,CREAT,Creatinine,0.99,mg/dL,0.6,1.3,N,STAT,2024-08-06 17:12,2024-08-06 17:18,2024-08-06 17:45
LAB715184,ENC106351,PT11187,WBC,White Blood Cell Count,7.9,K/uL,4.5,11,N,STAT,2024-08-06 17:12,2024-08-06 17:32,2024-08-06 19:06
LAB715185,ENC106351,PT11187,HGB,Hemoglobin,13.1,g/dL,12,17.5,N,STAT,2024-08-06 17:10,2024-08-06 17:26,2024-08-06 18:09
LAB715186,ENC106351,PT11187,LACT,Lactate,1.6,mmol/L,0.5,2,N,STAT,2024-08-06 16:57,2024-08-06 17:20,2024-08-06 18:30
LAB715187,ENC106353,PT11272,GLU,Glucose,105,mg/dL,70,99,H,STAT,2024-08-06 17:25,2024-08-06 17:50,2024-08-06 18:16
LAB715188,ENC106353,PT11272,CREAT,Creatinine,0.5,mg/dL,0.6,1.3,L,STAT,2024-08-06 17:53,2024-08-06 18:15,2024-08-06 19:23
LAB715189,ENC106353,PT11272,WBC,White Blood Cell Count,12.2,K/uL,4.5,11,H,STAT,2024-08-06 18:07,2024-08-06 18:41,2024-08-06 19:37
LAB715190,ENC106353,PT11272,HGB,Hemoglobin,14,g/dL,12,17.5,N,Routine,2024-08-06 17:41,2024-08-06 17:49,2024-08-06 20:07
LAB715191,ENC106353,PT11272,BUN,Blood Urea Nitrogen,5,mg/dL,7,20,L,STAT,2024-08-06 17:25,2024-08-06 17:36,2024-08-06 18:19
LAB715192,ENC106353,PT11272,PLT,Platelet Count,262,K/uL,150,400,N,STAT,2024-08-06 17:16,2024-08-06 17:50,2024-08-06 18:49
LAB715193,ENC106354,PT13211,LDL,LDL Cholesterol,120,mg/dL,0,99,H,Routine,2024-08-06 14:11,2024-08-06 14:28,2024-08-07 03:21
LAB715194,ENC106354,PT13211,A1C,Hemoglobin A1c,8.4,%,4,5.6,H,Routine,2024-08-06 14:23,2024-08-06 14:38,2024-08-07 07:31
LAB715195,ENC106354,PT13211,TSH,Thyroid Stimulating Hormone,1.82,mIU/L,0.4,4,N,Routine,2024-08-06 14:27,2024-08-06 14:50,2024-08-07 01:12
LAB715196,ENC106355,PT12621,GLU,Glucose,146,mg/dL,70,99,H,STAT,2024-08-06 14:28,2024-08-06 14:41,2024-08-06 15:16
LAB715197,ENC106355,PT12621,CREAT,Creatinine,0.57,mg/dL,0.6,1.3,L,Routine,2024-08-06 15:16,2024-08-06 15:29,2024-08-06 18:57
LAB715198,ENC106356,PT12718,WBC,White Blood Cell Count,3.9,K/uL,4.5,11,L,Routine,2024-08-06 15:03,2024-08-06 15:38,2024-08-06 18:24
LAB715199,ENC106356,PT12718,HGB,Hemoglobin,9.5,g/dL,12,17.5,L,Routine,2024-08-06 14:53,2024-08-06 15:13,2024-08-06 18:26
LAB715200,ENC106356,PT12718,PLT,Platelet Count,153,K/uL,150,400,N,Routine,2024-08-06 14:51,2024-08-06 15:22,2024-08-06 20:02
LAB715201,ENC106357,PT10451,GLU,Glucose,98,mg/dL,70,99,N,Routine,2024-08-06 15:25,2024-08-06 15:38,2024-08-06 18:37
LAB715202,ENC106357,PT10451,CREAT,Creatinine,0.96,mg/dL,0.6,1.3,N,STAT,2024-08-06 15:30,2024-08-06 15:56,2024-08-06 17:07
LAB715203,ENC106357,PT10451,WBC,White Blood Cell Count,8.9,K/uL,4.5,11,N,STAT,2024-08-06 15:06,2024-08-06 15:28,2024-08-06 15:44
LAB715204,ENC106357,PT10451,HGB,Hemoglobin,6.8,g/dL,12,17.5,LL,Routine,2024-08-06 15:31,2024-08-06 16:02,2024-08-06 17:52
LAB715205,ENC106357,PT10451,INR,Prothrombin Time INR,1.1,ratio,0.8,1.2,N,Routine,2024-08-06 15:59,2024-08-06 16:31,2024-08-06 18:36
LAB715206,ENC106358,PT12730,GLU,Glucose,116,mg/dL,70,99,H,STAT,2024-08-06 18:33,2024-08-06 19:08,2024-08-06 19:53
LAB715207,ENC106358,PT12730,CREAT,Creatinine,1.23,mg/dL,0.6,1.3,N,STAT,2024-08-06 18:18,2024-08-06 18:32,2024-08-06 19:43
LAB715208,ENC106358,PT12730,WBC,White Blood Cell Count,7.8,K/uL,4.5,11,N,STAT,2024-08-06 18:33,2024-08-06 18:51,2024-08-06 19:48
LAB715209,ENC106358,PT12730,HGB,Hemoglobin,14.3,g/dL,12,17.5,N,STAT,2024-08-06 19:19,2024-08-06 19:25,2024-08-06 20:17
LAB715210,ENC106358,PT12730,TROP,"Troponin I, High Sensitivity",297,ng/L,0,34,H,STAT,2024-08-06 18:38,2024-08-06 19:13,2024-08-06 20:28
LAB715211,ENC106359,PT12904,WBC,White Blood Cell Count,9.9,K/uL,4.5,11,N,Routine,2024-08-06 16:00,2024-08-06 16:17,2024-08-06 19:39
LAB715212,ENC106359,PT12904,HGB,Hemoglobin,14.3,g/dL,12,17.5,N,Routine,2024-08-06 16:08,2024-08-06 16:40,2024-08-06 18:26
LAB715213,ENC106359,PT12904,PLT,Platelet Count,184,K/uL,150,400,N,Routine,2024-08-06 15:57,2024-08-06 16:18,2024-08-06 17:45
LAB715214,ENC106360,PT10237,A1C,Hemoglobin A1c,5.7,%,4,5.6,H,Routine,2024-08-06 16:11,2024-08-06 16:23,2024-08-07 00:49
LAB715215,ENC106360,PT10237,GLU,Glucose,115,mg/dL,70,99,H,Routine,2024-08-06 16:27,2024-08-06 16:48,2024-08-06 18:32
LAB715216,ENC106360,PT10237,CREAT,Creatinine,1.2,mg/dL,0.6,1.3,N,Routine,2024-08-06 16:20,2024-08-06 16:30,2024-08-06 19:21
LAB715217,ENC106362,PT11456,LDL,LDL Cholesterol,76,mg/dL,0,99,N,Routine,2024-08-06 16:13,2024-08-06 16:38,2024-08-07 09:13
LAB715218,ENC106362,PT11456,A1C,Hemoglobin A1c,5.9,%,4,5.6,H,Routine,2024-08-06 16:22,2024-08-06 16:28,2024-08-07 05:42
LAB715219,ENC106363,PT11000,GLU,Glucose,92,mg/dL,70,99,N,Routine,2024-08-06 17:13,2024-08-06 17:29,2024-08-06 19:43
LAB715220,ENC106363,PT11000,CREAT,Creatinine,1.15,mg/dL,0.6,1.3,N,Routine,2024-08-06 16:43,2024-08-06 17:04,2024-08-06 19:07
LAB715221,ENC106363,PT11000,TROP,"Troponin I, High Sensitivity",2,ng/L,0,34,N,STAT,2024-08-06 17:05,2024-08-06 17:38,2024-08-06 18:09
LAB715222,ENC106364,PT10049,GLU,Glucose,105,mg/dL,70,99,H,STAT,2024-08-06 19:55,2024-08-06 20:01,2024-08-06 20:41
LAB715223,ENC106364,PT10049,CREAT,Creatinine,1.16,mg/dL,0.6,1.3,N,STAT,2024-08-06 20:19,2024-08-06 20:36,2024-08-06 21:25
LAB715224,ENC106364,PT10049,WBC,White Blood Cell Count,11.6,K/uL,4.5,11,H,STAT,2024-08-06 20:21,2024-08-06 20:46,2024-08-06 21:16
LAB715225,ENC106364,PT10049,HGB,Hemoglobin,13.9,g/dL,12,17.5,N,STAT,2024-08-06 19:34,2024-08-06 19:50,2024-08-06 21:11
LAB715226,ENC106368,PT13777,GLU,Glucose,119,mg/dL,70,99,H,Routine,2024-08-07 06:10,2024-08-07 06:25,2024-08-07 10:51
LAB715227,ENC106368,PT13777,CREAT,Creatinine,1.02,mg/dL,0.6,1.3,N,STAT,2024-08-07 05:59,2024-08-07 06:22,2024-08-07 07:27
LAB715228,ENC106368,PT13777,WBC,White Blood Cell Count,5.6,K/uL,4.5,11,N,Routine,2024-08-07 06:16,2024-08-07 06:48,2024-08-07 08:51
LAB715229,ENC106368,PT13777,HGB,Hemoglobin,12.4,g/dL,12,17.5,N,Routine,2024-08-07 05:54,2024-08-07 06:25,2024-08-07 07:51
LAB715230,ENC106368,PT13777,TROP,"Troponin I, High Sensitivity",96,ng/L,0,34,H,STAT,2024-08-07 06:13,2024-08-07 06:21,2024-08-07 07:12
LAB715231,ENC106371,PT12502,GLU,Glucose,117,mg/dL,70,99,H,STAT,2024-08-07 10:29,2024-08-07 10:50,2024-08-07 11:32
LAB715232,ENC106371,PT12502,CREAT,Creatinine,3.59,mg/dL,0.6,1.3,H,Routine,2024-08-07 10:11,2024-08-07 10:23,2024-08-07 11:52
LAB715233,ENC106371,PT12502,WBC,White Blood Cell Count,4,K/uL,4.5,11,L,Routine,2024-08-07 10:31,2024-08-07 10:44,2024-08-07 15:01
LAB715234,ENC106371,PT12502,HGB,Hemoglobin,9.3,g/dL,12,17.5,L,STAT,2024-08-07 10:45,2024-08-07 11:10,2024-08-07 11:46
LAB715235,ENC106371,PT12502,NA,Sodium,140,mmol/L,136,145,N,Routine,2024-08-07 09:45,2024-08-07 09:49,2024-08-07 12:19
LAB715236,ENC106371,PT12502,K,Potassium,5.2,mmol/L,3.5,5.1,H,STAT,2024-08-07 09:43,2024-08-07 09:56,2024-08-07 10:34
LAB715237,ENC106371,PT12502,BUN,Blood Urea Nitrogen,21,mg/dL,7,20,H,Routine,2024-08-07 10:48,2024-08-07 10:53,2024-08-07 13:21
LAB715238,ENC106371,PT12502,PLT,Platelet Count,228,K/uL,150,400,N,STAT,2024-08-07 10:10,2024-08-07 10:28,2024-08-07 11:18
LAB715239,ENC106374,PT13644,INR,Prothrombin Time INR,1.1,ratio,0.8,1.2,N,Routine,2024-08-07 09:44,2024-08-07 09:52,2024-08-07 12:33
LAB715240,ENC106378,PT13001,GLU,Glucose,106,mg/dL,70,99,H,STAT,2024-08-07 11:57,2024-08-07 12:04,2024-08-07 13:13
LAB715241,ENC106378,PT13001,CREAT,Creatinine,1.05,mg/dL,0.6,1.3,N,STAT,2024-08-07 11:08,2024-08-07 11:32,2024-08-07 12:36
LAB715242,ENC106378,PT13001,WBC,White Blood Cell Count,9.7,K/uL,4.5,11,N,Routine,2024-08-07 11:14,2024-08-07 11:32,2024-08-07 15:05
LAB715243,ENC106378,PT13001,INR,Prothrombin Time INR,1,ratio,0.8,1.2,N,Routine,2024-08-07 11:54,2024-08-07 12:11,2024-08-07 15:47
LAB715244,ENC106379,PT12322,GLU,Glucose,94,mg/dL,70,99,N,Routine,2024-08-07 14:16,2024-08-07 14:46,2024-08-07 17:55
LAB715245,ENC106379,PT12322,CREAT,Creatinine,0.77,mg/dL,0.6,1.3,N,Routine,2024-08-07 13:50,2024-08-07 14:19,2024-08-07 15:45
LAB715246,ENC106379,PT12322,WBC,White Blood Cell Count,8,K/uL,4.5,11,N,STAT,2024-08-07 13:57,2024-08-07 14:29,2024-08-07 15:10
LAB715247,ENC106379,PT12322,HGB,Hemoglobin,5.8,g/dL,12,17.5,LL,Routine,2024-08-07 14:33,2024-08-07 14:53,2024-08-07 17:25
LAB715248,ENC106379,PT12322,LACT,Lactate,2.2,mmol/L,0.5,2,H,STAT,2024-08-07 14:06,2024-08-07 14:16,2024-08-07 14:43
LAB715249,ENC106379,PT12322,INR,Prothrombin Time INR,1,ratio,0.8,1.2,N,STAT,2024-08-07 13:47,2024-08-07 14:14,2024-08-07 14:49
LAB715250,ENC106381,PT10202,LDL,LDL Cholesterol,135,mg/dL,0,99,H,Routine,2024-08-07 12:10,2024-08-07 12:17,2024-08-07 17:53
LAB715251,ENC106383,PT13334,GLU,Glucose,91,mg/dL,70,99,N,Routine,2024-08-07 12:30,2024-08-07 12:51,2024-08-07 15:29
LAB715252,ENC106383,PT13334,CREAT,Creatinine,0.43,mg/dL,0.6,1.3,L,STAT,2024-08-07 13:09,2024-08-07 13:32,2024-08-07 14:15
LAB715253,ENC106386,PT11371,LDL,LDL Cholesterol,147,mg/dL,0,99,H,Routine,2024-08-07 13:30,2024-08-07 14:04,2024-08-08 11:46
LAB715254,ENC106386,PT11371,A1C,Hemoglobin A1c,5.8,%,4,5.6,H,Routine,2024-08-07 13:30,2024-08-07 13:57,2024-08-08 03:38
LAB715255,ENC106389,PT10345,LDL,LDL Cholesterol,150,mg/dL,0,99,H,Routine,2024-08-07 13:37,2024-08-07 13:48,2024-08-08 02:47
LAB715256,ENC106389,PT10345,A1C,Hemoglobin A1c,5,%,4,5.6,N,Routine,2024-08-07 13:21,2024-08-07 13:46,2024-08-08 04:37
LAB715257,ENC106393,PT10750,GLU,Glucose,114,mg/dL,70,99,H,STAT,2024-08-07 18:38,2024-08-07 18:50,2024-08-07 19:32
LAB715258,ENC106393,PT10750,CREAT,Creatinine,2.37,mg/dL,0.6,1.3,H,STAT,2024-08-07 18:54,2024-08-07 19:05,2024-08-07 19:59
LAB715259,ENC106393,PT10750,WBC,White Blood Cell Count,6.1,K/uL,4.5,11,N,STAT,2024-08-07 18:52,2024-08-07 19:20,2024-08-07 20:45
LAB715260,ENC106393,PT10750,HGB,Hemoglobin,12.5,g/dL,12,17.5,N,Routine,2024-08-07 18:57,2024-08-07 19:20,2024-08-07 23:28
LAB715261,ENC106395,PT12277,GLU,Glucose,94,mg/dL,70,99,N,STAT,2024-08-07 16:48,2024-08-07 17:20,2024-08-07 18:13
LAB715262,ENC106395,PT12277,CREAT,Creatinine,2.52,mg/dL,0.6,1.3,H,Routine,2024-08-07 16:48,2024-08-07 17:19,2024-08-07 19:38
LAB715263,ENC106396,PT10934,GLU,Glucose,90,mg/dL,70,99,N,Routine,2024-08-07 16:48,2024-08-07 17:09,2024-08-07 18:58
LAB715264,ENC106396,PT10934,CREAT,Creatinine,0.76,mg/dL,0.6,1.3,N,STAT,2024-08-07 16:24,2024-08-07 16:29,2024-08-07 16:58
LAB715265,ENC106396,PT10934,WBC,White Blood Cell Count,8.1,K/uL,4.5,11,N,Routine,2024-08-07 16:51,2024-08-07 17:12,2024-08-07 19:48
LAB715266,ENC106396,PT10934,HGB,Hemoglobin,12.2,g/dL,12,17.5,N,Routine,2024-08-07 16:29,2024-08-07 16:41,2024-08-07 19:14
LAB715267,ENC106397,PT12778,GLU,Glucose,156,mg/dL,70,99,H,STAT,2024-08-07 21:41,2024-08-07 22:03,2024-08-07 22:46
LAB715268,ENC106397,PT12778,CREAT,Creatinine,2.2,mg/dL,0.6,1.3,H,STAT,2024-08-07 21:33,2024-08-07 21:56,2024-08-07 22:46
LAB715269,ENC106397,PT12778,WBC,White Blood Cell Count,9.5,K/uL,4.5,11,N,STAT,2024-08-07 21:03,2024-08-07 21:21,2024-08-07 22:13
LAB715270,ENC106397,PT12778,HGB,Hemoglobin,15.3,g/dL,12,17.5,N,Routine,2024-08-07 21:34,2024-08-07 22:04,2024-08-08 01:23
LAB715271,ENC106397,PT12778,LACT,Lactate,1.9,mmol/L,0.5,2,N,STAT,2024-08-07 21:38,2024-08-07 22:09,2024-08-07 22:40
LAB715272,ENC106399,PT13774,GLU,Glucose,111,mg/dL,70,99,H,Routine,2024-08-07 18:44,2024-08-07 19:14,2024-08-08 00:20
LAB715273,ENC106399,PT13774,CREAT,Creatinine,1.76,mg/dL,0.6,1.3,H,Routine,2024-08-07 19:34,2024-08-07 20:05,2024-08-08 03:26
LAB715274,ENC106399,PT13774,WBC,White Blood Cell Count,11.7,K/uL,4.5,11,H,Routine,2024-08-07 18:37,2024-08-07 18:53,2024-08-07 23:49
LAB715275,ENC106399,PT13774,HGB,Hemoglobin,12.7,g/dL,12,17.5,N,STAT,2024-08-07 19:01,2024-08-07 19:18,2024-08-07 19:42
LAB715276,ENC106400,PT10988,GLU,Glucose,133,mg/dL,70,99,H,STAT,2024-08-07 19:47,2024-08-07 20:06,2024-08-07 21:06
LAB715277,ENC106400,PT10988,CREAT,Creatinine,1.23,mg/dL,0.6,1.3,N,STAT,2024-08-07 20:35,2024-08-07 21:08,2024-08-07 22:00
LAB715278,ENC106400,PT10988,TROP,"Troponin I, High Sensitivity",62,ng/L,0,34,H,STAT,2024-08-07 20:07,2024-08-07 20:41,2024-08-07 21:57
LAB715279,ENC106402,PT13763,GLU,Glucose,98,mg/dL,70,99,N,STAT,2024-08-08 03:51,2024-08-08 04:15,2024-08-08 05:38
LAB715280,ENC106402,PT13763,CREAT,Creatinine,1.13,mg/dL,0.6,1.3,N,Routine,2024-08-08 03:39,2024-08-08 04:05,2024-08-08 07:07
LAB715281,ENC106402,PT13763,WBC,White Blood Cell Count,10.4,K/uL,4.5,11,N,STAT,2024-08-08 03:45,2024-08-08 04:00,2024-08-08 05:13
LAB715282,ENC106402,PT13763,HGB,Hemoglobin,13.9,g/dL,12,17.5,N,Routine,2024-08-08 03:31,2024-08-08 03:47,2024-08-08 05:31
LAB715283,ENC106403,PT10607,GLU,Glucose,120,mg/dL,70,99,H,STAT,2024-08-08 05:18,2024-08-08 05:38,2024-08-08 06:31
LAB715284,ENC106403,PT10607,CREAT,Creatinine,1.16,mg/dL,0.6,1.3,N,Routine,2024-08-08 05:43,2024-08-08 06:09,2024-08-08 11:14
LAB715285,ENC106403,PT10607,WBC,White Blood Cell Count,8,K/uL,4.5,11,N,Routine,2024-08-08 05:18,2024-08-08 05:22,2024-08-08 07:51
LAB715286,ENC106403,PT10607,HGB,Hemoglobin,14.5,g/dL,12,17.5,N,Routine,2024-08-08 05:32,2024-08-08 05:50,2024-08-08 08:36
LAB715287,ENC106403,PT10607,TROP,"Troponin I, High Sensitivity",0,ng/L,0,34,N,STAT,2024-08-08 04:49,2024-08-08 04:53,2024-08-08 06:02
LAB715288,ENC106405,PT12399,LDL,LDL Cholesterol,165,mg/dL,0,99,H,Routine,2024-08-08 08:16,2024-08-08 08:20,2024-08-08 17:14
LAB715289,ENC106405,PT12399,A1C,Hemoglobin A1c,5.6,%,4,5.6,N,Routine,2024-08-08 08:17,2024-08-08 08:37,2024-08-08 21:44
LAB715290,ENC106406,PT10270,A1C,Hemoglobin A1c,5.6,%,4,5.6,N,Routine,2024-08-08 09:24,2024-08-08 09:54,2024-08-08 23:29
LAB715291,ENC106407,PT12782,GLU,Glucose,125,mg/dL,70,99,H,Routine,2024-08-08 11:40,2024-08-08 11:53,2024-08-08 20:05
LAB715292,ENC106407,PT12782,CREAT,Creatinine,1.69,mg/dL,0.6,1.3,H,Routine,2024-08-08 12:02,2024-08-08 12:17,2024-08-08 13:57
LAB715293,ENC106407,PT12782,WBC,White Blood Cell Count,22.8,K/uL,4.5,11,H,STAT,2024-08-08 11:27,2024-08-08 11:36,2024-08-08 12:15
LAB715294,ENC106407,PT12782,HGB,Hemoglobin,10.3,g/dL,12,17.5,L,STAT,2024-08-08 11:34,2024-08-08 12:04,2024-08-08 12:43
LAB715295,ENC106407,PT12782,LACT,Lactate,2.3,mmol/L,0.5,2,H,STAT,2024-08-08 11:23,2024-08-08 11:34,2024-08-08 12:07
LAB715296,ENC106409,PT13789,GLU,Glucose,104,mg/dL,70,99,H,Routine,2024-08-08 12:39,2024-08-08 12:48,2024-08-08 15:14
LAB715297,ENC106409,PT13789,CREAT,Creatinine,1.49,mg/dL,0.6,1.3,H,Routine,2024-08-08 13:37,2024-08-08 14:05,2024-08-08 15:48
LAB715298,ENC106409,PT13789,WBC,White Blood Cell Count,7.4,K/uL,4.5,11,N,Routine,2024-08-08 13:00,2024-08-08 13:13,2024-08-08 17:02
LAB715299,ENC106409,PT13789,HGB,Hemoglobin,10.1,g/dL,12,17.5,L,Routine,2024-08-08 12:59,2024-08-08 13:14,2024-08-08 17:29
LAB715300,ENC106409,PT13789,BUN,Blood Urea Nitrogen,18,mg/dL,7,20,N,STAT,2024-08-08 12:41,2024-08-08 13:03,2024-08-08 13:52
LAB715301,ENC106409,PT13789,PLT,Platelet Count,347,K/uL,150,400,N,Routine,2024-08-08 13:36,2024-08-08 13:59,2024-08-08 14:59
LAB715302,ENC106409,PT13789,TROP,"Troponin I, High Sensitivity",55,ng/L,0,34,H,STAT,2024-08-08 12:32,2024-08-08 13:00,2024-08-08 13:23
LAB715303,ENC106409,PT13789,BNP,B-Type Natriuretic Peptide,2091,pg/mL,0,100,H,STAT,2024-08-08 12:59,2024-08-08 13:23,2024-08-08 13:39
LAB715304,ENC106410,PT11352,A1C,Hemoglobin A1c,7.4,%,4,5.6,H,Routine,2024-08-08 11:14,2024-08-08 11:44,2024-08-09 20:31
LAB715305,ENC106411,PT11595,WBC,White Blood Cell Count,11.3,K/uL,4.5,11,H,Routine,2024-08-08 12:18,2024-08-08 12:42,2024-08-08 14:03
LAB715306,ENC106411,PT11595,HGB,Hemoglobin,13.3,g/dL,12,17.5,N,Routine,2024-08-08 12:12,2024-08-08 12:34,2024-08-08 14:27
LAB715307,ENC106411,PT11595,PLT,Platelet Count,241,K/uL,150,400,N,Routine,2024-08-08 12:20,2024-08-08 12:55,2024-08-08 16:00
LAB715308,ENC106413,PT13088,A1C,Hemoglobin A1c,10.1,%,4,5.6,H,Routine,2024-08-08 13:39,2024-08-08 13:44,2024-08-08 22:21
LAB715309,ENC106413,PT13088,GLU,Glucose,307,mg/dL,70,99,H,Routine,2024-08-08 13:42,2024-08-08 14:10,2024-08-08 15:51
LAB715310,ENC106413,PT13088,CREAT,Creatinine,1.08,mg/dL,0.6,1.3,N,Routine,2024-08-08 13:38,2024-08-08 14:13,2024-08-08 16:02
LAB715311,ENC106415,PT12795,WBC,White Blood Cell Count,6.5,K/uL,4.5,11,N,Routine,2024-08-08 14:39,2024-08-08 15:08,2024-08-08 16:46
LAB715312,ENC106415,PT12795,HGB,Hemoglobin,12,g/dL,12,17.5,N,Routine,2024-08-08 14:55,2024-08-08 15:28,2024-08-08 19:01
LAB715313,ENC106415,PT12795,PLT,Platelet Count,304,K/uL,150,400,N,Routine,2024-08-08 14:48,2024-08-08 15:09,2024-08-08 17:35
LAB715314,ENC106416,PT10492,GLU,Glucose,87,mg/dL,70,99,N,STAT,2024-08-08 15:54,2024-08-08 16:02,2024-08-08 16:51
LAB715315,ENC106416,PT10492,CREAT,Creatinine,1.16,mg/dL,0.6,1.3,N,Routine,2024-08-08 16:10,2024-08-08 16:21,2024-08-08 17:57
LAB715316,ENC106417,PT10901,LDL,LDL Cholesterol,131,mg/dL,0,99,H,Routine,2024-08-08 15:32,2024-08-08 16:00,2024-08-09 03:58
LAB715317,ENC106417,PT10901,A1C,Hemoglobin A1c,6.6,%,4,5.6,H,Routine,2024-08-08 15:45,2024-08-08 15:59,2024-08-08 22:37
LAB715318,ENC106418,PT11440,GLU,Glucose,102,mg/dL,70,99,H,STAT,2024-08-08 16:20,2024-08-08 16:27,2024-08-08 17:11
LAB715319,ENC106418,PT11440,CREAT,Creatinine,0.33,mg/dL,0.6,1.3,L,STAT,2024-08-08 16:06,2024-08-08 16:41,2024-08-08 17:15
LAB715320,ENC106419,PT10328,GLU,Glucose,179,mg/dL,70,99,H,STAT,2024-08-08 16:40,2024-08-08 17:10,2024-08-08 18:13
LAB715321,ENC106419,PT10328,CREAT,Creatinine,0.98,mg/dL,0.6,1.3,N,STAT,2024-08-08 16:48,2024-08-08 16:59,2024-08-08 17:31
LAB715322,ENC106419,PT10328,WBC,White Blood Cell Count,10,K/uL,4.5,11,N,STAT,2024-08-08 17:19,2024-08-08 17:37,2024-08-08 18:16
LAB715323,ENC106419,PT10328,HGB,Hemoglobin,13.5,g/dL,12,17.5,N,Routine,2024-08-08 17:03,2024-08-08 17:13,2024-08-08 19:45
LAB715324,ENC106419,PT10328,NA,Sodium,135,mmol/L,136,145,L,STAT,2024-08-08 17:08,2024-08-08 17:22,2024-08-08 18:05
LAB715325,ENC106419,PT10328,K,Potassium,3.9,mmol/L,3.5,5.1,N,STAT,2024-08-08 16:24,2024-08-08 16:44,2024-08-08 17:44
LAB715326,ENC106421,PT13643,GLU,Glucose,121,mg/dL,70,99,H,Routine,2024-08-08 17:56,2024-08-08 18:25,2024-08-08 20:35
LAB715327,ENC106421,PT13643,CREAT,Creatinine,1.06,mg/dL,0.6,1.3,N,STAT,2024-08-08 17:28,2024-08-08 17:53,2024-08-08 19:45
LAB715328,ENC106421,PT13643,WBC,White Blood Cell Count,9.9,K/uL,4.5,11,N,STAT,2024-08-08 17:06,2024-08-08 17:26,2024-08-08 18:25
LAB715329,ENC106421,PT13643,HGB,Hemoglobin,15.2,g/dL,12,17.5,N,STAT,2024-08-08 17:08,2024-08-08 17:12,2024-08-08 17:45
LAB715330,ENC106422,PT13497,GLU,Glucose,101,mg/dL,70,99,H,STAT,2024-08-08 18:31,2024-08-08 18:43,2024-08-08 19:05
LAB715331,ENC106422,PT13497,CREAT,Creatinine,0.79,mg/dL,0.6,1.3,N,STAT,2024-08-08 18:43,2024-08-08 18:58,2024-08-08 19:38
LAB715332,ENC106422,PT13497,WBC,White Blood Cell Count,11.3,K/uL,4.5,11,H,STAT,2024-08-08 18:39,2024-08-08 19:01,2024-08-08 19:48
LAB715333,ENC106422,PT13497,HGB,Hemoglobin,13.7,g/dL,12,17.5,N,STAT,2024-08-08 19:02,2024-08-08 19:23,2024-08-08 20:19
LAB715334,ENC106423,PT12214,GLU,Glucose,111,mg/dL,70,99,H,STAT,2024-08-09 00:51,2024-08-09 01:13,2024-08-09 01:54
LAB715335,ENC106423,PT12214,CREAT,Creatinine,1.23,mg/dL,0.6,1.3,N,STAT,2024-08-09 01:17,2024-08-09 01:27,2024-08-09 03:06
LAB715336,ENC106423,PT12214,WBC,White Blood Cell Count,7.7,K/uL,4.5,11,N,Routine,2024-08-09 00:57,2024-08-09 01:13,2024-08-09 03:48
LAB715337,ENC106423,PT12214,HGB,Hemoglobin,17,g/dL,12,17.5,N,Routine,2024-08-09 01:00,2024-08-09 01:23,2024-08-09 05:28
LAB715338,ENC106423,PT12214,TROP,"Troponin I, High Sensitivity",11,ng/L,0,34,N,STAT,2024-08-09 00:29,2024-08-09 00:38,2024-08-09 01:03
LAB715339,ENC106423,PT12214,BNP,B-Type Natriuretic Peptide,1473,pg/mL,0,100,H,Routine,2024-08-09 01:29,2024-08-09 02:00,2024-08-09 05:58
LAB715340,ENC106424,PT13874,GLU,Glucose,404,mg/dL,70,99,H,STAT,2024-08-09 04:19,2024-08-09 04:52,2024-08-09 05:32
LAB715341,ENC106424,PT13874,CREAT,Creatinine,1.81,mg/dL,0.6,1.3,H,STAT,2024-08-09 04:26,2024-08-09 05:00,2024-08-09 05:46
LAB715342,ENC106424,PT13874,WBC,White Blood Cell Count,5.8,K/uL,4.5,11,N,Routine,2024-08-09 03:52,2024-08-09 04:15,2024-08-09 07:07
LAB715343,ENC106424,PT13874,HGB,Hemoglobin,12.7,g/dL,12,17.5,N,Routine,2024-08-09 03:46,2024-08-09 03:57,2024-08-09 06:11
LAB715344,ENC106424,PT13874,NA,Sodium,142,mmol/L,136,145,N,Routine,2024-08-09 04:23,2024-08-09 04:32,2024-08-09 06:37
LAB715345,ENC106424,PT13874,K,Potassium,4.3,mmol/L,3.5,5.1,N,STAT,2024-08-09 03:55,2024-08-09 04:09,2024-08-09 05:35
LAB715346,ENC106424,PT13874,A1C,Hemoglobin A1c,8.5,%,4,5.6,H,STAT,2024-08-09 03:28,2024-08-09 03:40,2024-08-09 04:53
LAB715347,ENC106425,PT11528,GLU,Glucose,100,mg/dL,70,99,H,Routine,2024-08-09 05:02,2024-08-09 05:23,2024-08-09 06:26
LAB715348,ENC106425,PT11528,CREAT,Creatinine,1.3,mg/dL,0.6,1.3,N,Routine,2024-08-09 04:25,2024-08-09 04:35,2024-08-09 07:14
LAB715349,ENC106425,PT11528,WBC,White Blood Cell Count,0.6,K/uL,4.5,11,LL,STAT,2024-08-09 04:59,2024-08-09 05:33,2024-08-09 07:04
LAB715350,ENC106425,PT11528,HGB,Hemoglobin,10.6,g/dL,12,17.5,L,Routine,2024-08-09 05:08,2024-08-09 05:16,2024-08-09 07:55
LAB715351,ENC106427,PT13815,GLU,Glucose,103,mg/dL,70,99,H,Routine,2024-08-09 06:09,2024-08-09 06:25,2024-08-09 07:51
LAB715352,ENC106427,PT13815,CREAT,Creatinine,1.03,mg/dL,0.6,1.3,N,STAT,2024-08-09 06:13,2024-08-09 06:46,2024-08-09 07:37
LAB715353,ENC106428,PT13292,GLU,Glucose,97,mg/dL,70,99,N,Routine,2024-08-09 11:40,2024-08-09 12:11,2024-08-09 15:19
LAB715354,ENC106428,PT13292,CREAT,Creatinine,1,mg/dL,0.6,1.3,N,STAT,2024-08-09 11:54,2024-08-09 12:03,2024-08-09 12:35
LAB715355,ENC106428,PT13292,WBC,White Blood Cell Count,20.5,K/uL,4.5,11,H,STAT,2024-08-09 12:11,2024-08-09 12:44,2024-08-09 13:08
LAB715356,ENC106428,PT13292,HGB,Hemoglobin,15.9,g/dL,12,17.5,N,Routine,2024-08-09 12:37,2024-08-09 13:11,2024-08-09 13:51
LAB715357,ENC106430,PT10683,A1C,Hemoglobin A1c,9.2,%,4,5.6,H,Routine,2024-08-09 09:41,2024-08-09 10:00,2024-08-10 03:31
LAB715358,ENC106430,PT10683,GLU,Glucose,218,mg/dL,70,99,H,Routine,2024-08-09 09:41,2024-08-09 09:47,2024-08-09 13:16
LAB715359,ENC106430,PT10683,CREAT,Creatinine,1.24,mg/dL,0.6,1.3,N,Routine,2024-08-09 09:40,2024-08-09 09:57,2024-08-09 12:47
LAB715360,ENC106433,PT11643,A1C,Hemoglobin A1c,13.2,%,4,5.6,H,Routine,2024-08-09 10:54,2024-08-09 11:03,2024-08-10 06:55
LAB715361,ENC106433,PT11643,GLU,Glucose,484,mg/dL,70,99,H,Routine,2024-08-09 11:03,2024-08-09 11:21,2024-08-09 12:55
LAB715362,ENC106433,PT11643,CREAT,Creatinine,1.12,mg/dL,0.6,1.3,N,Routine,2024-08-09 10:55,2024-08-09 11:01,2024-08-09 12:51
LAB715363,ENC106434,PT11260,GLU,Glucose,111,mg/dL,70,99,H,STAT,2024-08-09 12:27,2024-08-09 12:31,2024-08-09 13:06
LAB715364,ENC106434,PT11260,CREAT,Creatinine,1.01,mg/dL,0.6,1.3,N,STAT,2024-08-09 11:59,2024-08-09 12:32,2024-08-09 13:00
LAB715365,ENC106435,PT12747,A1C,Hemoglobin A1c,5.1,%,4,5.6,N,Routine,2024-08-09 11:35,2024-08-09 11:51,2024-08-10 00:23
LAB715366,ENC106435,PT12747,GLU,Glucose,121,mg/dL,70,99,H,Routine,2024-08-09 11:40,2024-08-09 12:10,2024-08-09 13:51
LAB715367,ENC106435,PT12747,CREAT,Creatinine,0.98,mg/dL,0.6,1.3,N,Routine,2024-08-09 11:42,2024-08-09 12:05,2024-08-09 13:44
LAB715368,ENC106436,PT12125,GLU,Glucose,198,mg/dL,70,99,H,Routine,2024-08-09 12:30,2024-08-09 12:34,2024-08-09 15:25
LAB715369,ENC106436,PT12125,CREAT,Creatinine,0.88,mg/dL,0.6,1.3,N,STAT,2024-08-09 11:49,2024-08-09 12:19,2024-08-09 13:20
LAB715370,ENC106436,PT12125,WBC,White Blood Cell Count,8.6,K/uL,4.5,11,N,Routine,2024-08-09 12:02,2024-08-09 12:36,2024-08-09 14:30
LAB715371,ENC106436,PT12125,HGB,Hemoglobin,11.4,g/dL,12,17.5,L,STAT,2024-08-09 12:22,2024-08-09 12:28,2024-08-09 13:36
LAB715372,ENC106436,PT12125,NA,Sodium,137,mmol/L,136,145,N,STAT,2024-08-09 12:26,2024-08-09 12:54,2024-08-09 13:33
LAB715373,ENC106436,PT12125,K,Potassium,3.8,mmol/L,3.5,5.1,N,STAT,2024-08-09 12:30,2024-08-09 12:55,2024-08-09 13:59
LAB715374,ENC106438,PT11066,GLU,Glucose,69,mg/dL,70,99,L,Routine,2024-08-09 13:10,2024-08-09 13:39,2024-08-09 14:53
LAB715375,ENC106438,PT11066,CREAT,Creatinine,0.92,mg/dL,0.6,1.3,N,STAT,2024-08-09 13:11,2024-08-09 13:40,2024-08-09 15:16
LAB715376,ENC106438,PT11066,WBC,White Blood Cell Count,7.1,K/uL,4.5,11,N,STAT,2024-08-09 13:11,2024-08-09 13:32,2024-08-09 14:30
LAB715377,ENC106438,PT11066,HGB,Hemoglobin,11.4,g/dL,12,17.5,L,STAT,2024-08-09 12:47,2024-08-09 13:12,2024-08-09 13:31
LAB715378,ENC106441,PT13324,GLU,Glucose,235,mg/dL,70,99,H,Routine,2024-08-09 17:16,2024-08-09 17:48,2024-08-09 19:59
LAB715379,ENC106441,PT13324,CREAT,Creatinine,0.65,mg/dL,0.6,1.3,N,STAT,2024-08-09 17:15,2024-08-09 17:48,2024-08-09 18:51
LAB715380,ENC106441,PT13324,WBC,White Blood Cell Count,4.9,K/uL,4.5,11,N,STAT,2024-08-09 17:22,2024-08-09 17:37,2024-08-09 18:06
LAB715381,ENC106441,PT13324,HGB,Hemoglobin,13.4,g/dL,12,17.5,N,STAT,2024-08-09 17:24,2024-08-09 17:42,2024-08-09 18:16
LAB715382,ENC106441,PT13324,TROP,"Troponin I, High Sensitivity",173,ng/L,0,34,H,STAT,2024-08-09 17:21,2024-08-09 17:32,2024-08-09 18:19
LAB715383,ENC106442,PT10143,A1C,Hemoglobin A1c,11.3,%,4,5.6,H,Routine,2024-08-09 13:27,2024-08-09 13:41,2024-08-10 06:10
LAB715384,ENC106443,PT11200,LDL,LDL Cholesterol,40,mg/dL,0,99,N,Routine,2024-08-09 13:58,2024-08-09 14:10,2024-08-10 10:35
LAB715385,ENC106444,PT11168,GLU,Glucose,137,mg/dL,70,99,H,STAT,2024-08-09 17:06,2024-08-09 17:31,2024-08-09 18:40
LAB715386,ENC106444,PT11168,CREAT,Creatinine,1.28,mg/dL,0.6,1.3,N,STAT,2024-08-09 17:20,2024-08-09 17:45,2024-08-09 18:17
LAB715387,ENC106444,PT11168,WBC,White Blood Cell Count,8.7,K/uL,4.5,11,N,STAT,2024-08-09 17:51,2024-08-09 18:09,2024-08-09 19:42
LAB715388,ENC106444,PT11168,HGB,Hemoglobin,15.7,g/dL,12,17.5,N,Routine,2024-08-09 18:05,2024-08-09 18:19,2024-08-09 21:44
LAB715389,ENC106444,PT11168,LACT,Lactate,3,mmol/L,0.5,2,H,STAT,2024-08-09 18:05,2024-08-09 18:38,2024-08-09 19:28
LAB715390,ENC106445,PT13440,GLU,Glucose,212,mg/dL,70,99,H,STAT,2024-08-09 16:59,2024-08-09 17:27,2024-08-09 18:29
LAB715391,ENC106445,PT13440,CREAT,Creatinine,1.2,mg/dL,0.6,1.3,N,STAT,2024-08-09 17:04,2024-08-09 17:12,2024-08-09 17:51
LAB715392,ENC106445,PT13440,WBC,White Blood Cell Count,6.5,K/uL,4.5,11,N,STAT,2024-08-09 17:19,2024-08-09 17:46,2024-08-09 18:25
LAB715393,ENC106445,PT13440,HGB,Hemoglobin,13.8,g/dL,12,17.5,N,STAT,2024-08-09 16:52,2024-08-09 16:57,2024-08-09 18:32
LAB715394,ENC106447,PT12492,GLU,Glucose,83,mg/dL,70,99,N,STAT,2024-08-09 20:11,2024-08-09 20:16,2024-08-09 20:53
LAB715395,ENC106447,PT12492,CREAT,Creatinine,1.01,mg/dL,0.6,1.3,N,STAT,2024-08-09 20:28,2024-08-09 20:32,2024-08-09 21:14
LAB715396,ENC106447,PT12492,WBC,White Blood Cell Count,4.9,K/uL,4.5,11,N,Routine,2024-08-09 20:42,2024-08-09 21:04,2024-08-10 01:24
LAB715397,ENC106447,PT12492,HGB,Hemoglobin,16.1,g/dL,12,17.5,N,STAT,2024-08-09 20:35,2024-08-09 20:42,2024-08-09 21:42
LAB715398,ENC106449,PT11108,GLU,Glucose,211,mg/dL,70,99,H,STAT,2024-08-09 16:29,2024-08-09 16:56,2024-08-09 17:45
LAB715399,ENC106449,PT11108,CREAT,Creatinine,0.87,mg/dL,0.6,1.3,N,STAT,2024-08-09 16:20,2024-08-09 16:47,2024-08-09 17:54
LAB715400,ENC106449,PT11108,WBC,White Blood Cell Count,8.4,K/uL,4.5,11,N,STAT,2024-08-09 16:25,2024-08-09 16:35,2024-08-09 17:10
LAB715401,ENC106449,PT11108,HGB,Hemoglobin,11.9,g/dL,12,17.5,L,STAT,2024-08-09 16:11,2024-08-09 16:16,2024-08-09 16:55
LAB715402,ENC106449,PT11108,TROP,"Troponin I, High Sensitivity",88,ng/L,0,34,H,STAT,2024-08-09 16:27,2024-08-09 16:45,2024-08-09 17:43
LAB715403,ENC106449,PT11108,BNP,B-Type Natriuretic Peptide,1120,pg/mL,0,100,H,STAT,2024-08-09 16:38,2024-08-09 16:51,2024-08-09 17:27
LAB715404,ENC106450,PT13766,GLU,Glucose,117,mg/dL,70,99,H,STAT,2024-08-09 15:54,2024-08-09 16:26,2024-08-09 17:04
LAB715405,ENC106450,PT13766,CREAT,Creatinine,0.95,mg/dL,0.6,1.3,N,STAT,2024-08-09 15:59,2024-08-09 16:21,2024-08-09 17:15
LAB715406,ENC106450,PT13766,WBC,White Blood Cell Count,12.8,K/uL,4.5,11,H,STAT,2024-08-09 16:21,2024-08-09 16:56,2024-08-09 18:06
LAB715407,ENC106450,PT13766,HGB,Hemoglobin,12.7,g/dL,12,17.5,N,STAT,2024-08-09 16:10,2024-08-09 16:25,2024-08-09 18:19
LAB715408,ENC106451,PT11636,GLU,Glucose,132,mg/dL,70,99,H,STAT,2024-08-09 22:00,2024-08-09 22:23,2024-08-09 23:20
LAB715409,ENC106451,PT11636,CREAT,Creatinine,0.57,mg/dL,0.6,1.3,L,STAT,2024-08-09 21:56,2024-08-09 22:20,2024-08-09 22:49
LAB715410,ENC106451,PT11636,WBC,White Blood Cell Count,8.3,K/uL,4.5,11,N,STAT,2024-08-09 21:51,2024-08-09 22:21,2024-08-09 23:07
LAB715411,ENC106451,PT11636,HGB,Hemoglobin,13.9,g/dL,12,17.5,N,Routine,2024-08-09 21:23,2024-08-09 21:34,2024-08-09 23:23
LAB715412,ENC106452,PT10559,GLU,Glucose,119,mg/dL,70,99,H,STAT,2024-08-09 18:18,2024-08-09 18:34,2024-08-09 19:56
LAB715413,ENC106452,PT10559,CREAT,Creatinine,1.07,mg/dL,0.6,1.3,N,Routine,2024-08-09 19:10,2024-08-09 19:43,2024-08-09 22:04
LAB715414,ENC106452,PT10559,WBC,White Blood Cell Count,7.1,K/uL,4.5,11,N,STAT,2024-08-09 19:04,2024-08-09 19:13,2024-08-09 19:35
LAB715415,ENC106452,PT10559,HGB,Hemoglobin,11.7,g/dL,12,17.5,L,STAT,2024-08-09 18:44,2024-08-09 19:14,2024-08-09 19:59
LAB715416,ENC106454,PT12138,GLU,Glucose,176,mg/dL,70,99,H,Routine,2024-08-09 22:25,2024-08-09 22:47,2024-08-10 03:11
LAB715417,ENC106454,PT12138,CREAT,Creatinine,1.05,mg/dL,0.6,1.3,N,STAT,2024-08-09 22:39,2024-08-09 22:52,2024-08-09 23:30
LAB715418,ENC106454,PT12138,WBC,White Blood Cell Count,8,K/uL,4.5,11,N,Routine,2024-08-09 22:37,2024-08-09 23:02,2024-08-10 02:27
LAB715419,ENC106454,PT12138,HGB,Hemoglobin,15.1,g/dL,12,17.5,N,STAT,2024-08-09 22:53,2024-08-09 23:14,2024-08-10 00:03
LAB715420,ENC106454,PT12138,TROP,"Troponin I, High Sensitivity",487,ng/L,0,34,H,STAT,2024-08-09 22:23,2024-08-09 22:45,2024-08-09 23:26
LAB715421,ENC106455,PT11969,GLU,Glucose,103,mg/dL,70,99,H,Routine,2024-08-10 00:15,2024-08-10 00:27,2024-08-10 03:42
LAB715422,ENC106455,PT11969,CREAT,Creatinine,0.9,mg/dL,0.6,1.3,N,STAT,2024-08-09 23:38,2024-08-10 00:13,2024-08-10 00:44
LAB715423,ENC106455,PT11969,WBC,White Blood Cell Count,15.8,K/uL,4.5,11,H,Routine,2024-08-09 23:20,2024-08-09 23:35,2024-08-10 03:45
LAB715424,ENC106455,PT11969,HGB,Hemoglobin,15,g/dL,12,17.5,N,STAT,2024-08-09 23:46,2024-08-10 00:03,2024-08-10 01:04
LAB715425,ENC106456,PT11985,GLU,Glucose,115,mg/dL,70,99,H,Routine,2024-08-10 05:57,2024-08-10 06:31,2024-08-10 12:13
LAB715426,ENC106456,PT11985,CREAT,Creatinine,0.83,mg/dL,0.6,1.3,N,Routine,2024-08-10 05:53,2024-08-10 06:08,2024-08-10 10:05
LAB715427,ENC106456,PT11985,WBC,White Blood Cell Count,6.1,K/uL,4.5,11,N,Routine,2024-08-10 06:30,2024-08-10 06:56,2024-08-10 11:13
LAB715428,ENC106456,PT11985,HGB,Hemoglobin,14.7,g/dL,12,17.5,N,STAT,2024-08-10 06:00,2024-08-10 06:28,2024-08-10 07:13
LAB715429,ENC106456,PT11985,NA,Sodium,142,mmol/L,136,145,N,Routine,2024-08-10 06:16,2024-08-10 06:50,2024-08-10 10:41
LAB715430,ENC106456,PT11985,K,Potassium,3.9,mmol/L,3.5,5.1,N,STAT,2024-08-10 06:28,2024-08-10 06:53,2024-08-10 07:40
LAB715431,ENC106457,PT10864,GLU,Glucose,101,mg/dL,70,99,H,STAT,2024-08-10 07:07,2024-08-10 07:34,2024-08-10 08:00
LAB715432,ENC106457,PT10864,CREAT,Creatinine,0.84,mg/dL,0.6,1.3,N,Routine,2024-08-10 07:23,2024-08-10 07:31,2024-08-10 10:01
LAB715433,ENC106457,PT10864,WBC,White Blood Cell Count,7.7,K/uL,4.5,11,N,STAT,2024-08-10 07:10,2024-08-10 07:30,2024-08-10 07:50
LAB715434,ENC106457,PT10864,HGB,Hemoglobin,13,g/dL,12,17.5,N,Routine,2024-08-10 07:04,2024-08-10 07:30,2024-08-10 10:40
LAB715435,ENC106457,PT10864,NA,Sodium,140,mmol/L,136,145,N,Routine,2024-08-10 07:51,2024-08-10 08:06,2024-08-10 09:12
LAB715436,ENC106457,PT10864,K,Potassium,4.1,mmol/L,3.5,5.1,N,STAT,2024-08-10 06:56,2024-08-10 07:02,2024-08-10 07:51
LAB715437,ENC106459,PT12089,GLU,Glucose,122,mg/dL,70,99,H,STAT,2024-08-10 14:01,2024-08-10 14:09,2024-08-10 15:01
LAB715438,ENC106459,PT12089,CREAT,Creatinine,1.14,mg/dL,0.6,1.3,N,STAT,2024-08-10 13:22,2024-08-10 13:43,2024-08-10 14:29
LAB715439,ENC106459,PT12089,WBC,White Blood Cell Count,6,K/uL,4.5,11,N,Routine,2024-08-10 13:31,2024-08-10 13:50,2024-08-10 14:48
LAB715440,ENC106459,PT12089,HGB,Hemoglobin,14.2,g/dL,12,17.5,N,STAT,2024-08-10 14:08,2024-08-10 14:42,2024-08-10 15:18
LAB715441,ENC106460,PT10144,GLU,Glucose,85,mg/dL,70,99,N,STAT,2024-08-10 12:58,2024-08-10 13:22,2024-08-10 14:08
LAB715442,ENC106460,PT10144,CREAT,Creatinine,0.94,mg/dL,0.6,1.3,N,STAT,2024-08-10 12:14,2024-08-10 12:44,2024-08-10 13:48
LAB715443,ENC106460,PT10144,WBC,White Blood Cell Count,8.8,K/uL,4.5,11,N,STAT,2024-08-10 12:24,2024-08-10 12:45,2024-08-10 13:30
LAB715444,ENC106463,PT13928,GLU,Glucose,90,mg/dL,70,99,N,Routine,2024-08-10 19:32,2024-08-10 19:50,2024-08-11 00:25
LAB715445,ENC106463,PT13928,CREAT,Creatinine,0.9,mg/dL,0.6,1.3,N,STAT,2024-08-10 18:49,2024-08-10 19:18,2024-08-10 20:19
LAB715446,ENC106463,PT13928,WBC,White Blood Cell Count,7.4,K/uL,4.5,11,N,STAT,2024-08-10 19:01,2024-08-10 19:23,2024-08-10 20:29
LAB715447,ENC106463,PT13928,HGB,Hemoglobin,14.9,g/dL,12,17.5,N,STAT,2024-08-10 19:03,2024-08-10 19:30,2024-08-10 20:08
LAB715448,ENC106463,PT13928,NA,Sodium,123,mmol/L,136,145,L,STAT,2024-08-10 19:29,2024-08-10 19:58,2024-08-10 20:27
LAB715449,ENC106463,PT13928,K,Potassium,3.9,mmol/L,3.5,5.1,N,STAT,2024-08-10 18:51,2024-08-10 19:09,2024-08-10 19:41
LAB715450,ENC106463,PT13928,BUN,Blood Urea Nitrogen,20,mg/dL,7,20,N,STAT,2024-08-10 19:33,2024-08-10 19:57,2024-08-10 21:19
LAB715451,ENC106463,PT13928,PLT,Platelet Count,230,K/uL,150,400,N,Routine,2024-08-10 18:51,2024-08-10 19:05,2024-08-10 22:28
LAB715452,ENC106465,PT12294,GLU,Glucose,111,mg/dL,70,99,H,Routine,2024-08-10 18:26,2024-08-10 18:37,2024-08-10 23:50
LAB715453,ENC106465,PT12294,CREAT,Creatinine,1,mg/dL,0.6,1.3,N,Routine,2024-08-10 18:52,2024-08-10 19:27,2024-08-10 22:22
LAB715454,ENC106465,PT12294,WBC,White Blood Cell Count,18,K/uL,4.5,11,H,STAT,2024-08-10 19:09,2024-08-10 19:33,2024-08-10 19:59
LAB715455,ENC106465,PT12294,HGB,Hemoglobin,15.7,g/dL,12,17.5,N,Routine,2024-08-10 18:07,2024-08-10 18:24,2024-08-10 22:20
LAB715456,ENC106467,PT10052,GLU,Glucose,112,mg/dL,70,99,H,Routine,2024-08-11 01:24,2024-08-11 01:46,2024-08-11 03:38
LAB715457,ENC106467,PT10052,CREAT,Creatinine,1.21,mg/dL,0.6,1.3,N,STAT,2024-08-11 01:25,2024-08-11 01:57,2024-08-11 02:28
LAB715458,ENC106467,PT10052,WBC,White Blood Cell Count,8.8,K/uL,4.5,11,N,Routine,2024-08-11 01:27,2024-08-11 01:57,2024-08-11 04:36
LAB715459,ENC106467,PT10052,HGB,Hemoglobin,11.6,g/dL,12,17.5,L,STAT,2024-08-11 00:55,2024-08-11 01:03,2024-08-11 01:42
LAB715460,ENC106468,PT11893,GLU,Glucose,92,mg/dL,70,99,N,Routine,2024-08-10 23:57,2024-08-11 00:25,2024-08-11 05:00
LAB715461,ENC106468,PT11893,CREAT,Creatinine,0.8,mg/dL,0.6,1.3,N,STAT,2024-08-11 00:51,2024-08-11 01:01,2024-08-11 01:38
LAB715462,ENC106469,PT13771,GLU,Glucose,64,mg/dL,70,99,L,STAT,2024-08-11 13:33,2024-08-11 13:39,2024-08-11 14:40
LAB715463,ENC106469,PT13771,CREAT,Creatinine,0.79,mg/dL,0.6,1.3,N,Routine,2024-08-11 14:08,2024-08-11 14:38,2024-08-11 16:37
LAB715464,ENC106469,PT13771,WBC,White Blood Cell Count,10.4,K/uL,4.5,11,N,STAT,2024-08-11 13:51,2024-08-11 13:56,2024-08-11 14:57
LAB715465,ENC106469,PT13771,HGB,Hemoglobin,15.5,g/dL,12,17.5,N,STAT,2024-08-11 14:18,2024-08-11 14:51,2024-08-11 15:39
LAB715466,ENC106470,PT13339,GLU,Glucose,148,mg/dL,70,99,H,STAT,2024-08-11 12:34,2024-08-11 12:51,2024-08-11 13:47
LAB715467,ENC106470,PT13339,CREAT,Creatinine,1.28,mg/dL,0.6,1.3,N,Routine,2024-08-11 13:15,2024-08-11 13:37,2024-08-11 16:52
LAB715468,ENC106470,PT13339,WBC,White Blood Cell Count,9.3,K/uL,4.5,11,N,STAT,2024-08-11 12:50,2024-08-11 13:17,2024-08-11 13:34
LAB715469,ENC106470,PT13339,HGB,Hemoglobin,12.3,g/dL,12,17.5,N,STAT,2024-08-11 13:17,2024-08-11 13:47,2024-08-11 14:57
LAB715470,ENC106470,PT13339,NA,Sodium,141,mmol/L,136,145,N,STAT,2024-08-11 12:46,2024-08-11 13:08,2024-08-11 13:32
LAB715471,ENC106470,PT13339,K,Potassium,5.3,mmol/L,3.5,5.1,H,STAT,2024-08-11 13:36,2024-08-11 13:54,2024-08-11 14:30
LAB715472,ENC106470,PT13339,BUN,Blood Urea Nitrogen,13,mg/dL,7,20,N,Routine,2024-08-11 13:28,2024-08-11 13:43,2024-08-11 15:52
LAB715473,ENC106470,PT13339,PLT,Platelet Count,217,K/uL,150,400,N,Routine,2024-08-11 13:07,2024-08-11 13:17,2024-08-11 19:13
LAB715474,ENC106471,PT12802,GLU,Glucose,95,mg/dL,70,99,N,Routine,2024-08-11 15:31,2024-08-11 15:47,2024-08-11 19:44
LAB715475,ENC106471,PT12802,CREAT,Creatinine,1.03,mg/dL,0.6,1.3,N,Routine,2024-08-11 15:50,2024-08-11 16:02,2024-08-11 19:37
LAB715476,ENC106471,PT12802,WBC,White Blood Cell Count,5.5,K/uL,4.5,11,N,STAT,2024-08-11 16:34,2024-08-11 16:43,2024-08-11 17:08
LAB715477,ENC106471,PT12802,HGB,Hemoglobin,8.2,g/dL,12,17.5,L,STAT,2024-08-11 16:29,2024-08-11 16:37,2024-08-11 17:29
LAB715478,ENC106471,PT12802,NA,Sodium,139,mmol/L,136,145,N,Routine,2024-08-11 15:38,2024-08-11 15:42,2024-08-11 18:23
LAB715479,ENC106471,PT12802,K,Potassium,3.6,mmol/L,3.5,5.1,N,STAT,2024-08-11 15:59,2024-08-11 16:05,2024-08-11 17:27
LAB715480,ENC106471,PT12802,INR,Prothrombin Time INR,1,ratio,0.8,1.2,N,STAT,2024-08-11 16:21,2024-08-11 16:33,2024-08-11 17:11
LAB715481,ENC106472,PT10433,GLU,Glucose,124,mg/dL,70,99,H,Routine,2024-08-11 13:07,2024-08-11 13:39,2024-08-11 17:13
LAB715482,ENC106472,PT10433,CREAT,Creatinine,1.05,mg/dL,0.6,1.3,N,STAT,2024-08-11 13:02,2024-08-11 13:12,2024-08-11 14:09
LAB715483,ENC106472,PT10433,WBC,White Blood Cell Count,6.2,K/uL,4.5,11,N,STAT,2024-08-11 12:54,2024-08-11 13:24,2024-08-11 13:52
LAB715484,ENC106472,PT10433,HGB,Hemoglobin,13.8,g/dL,12,17.5,N,STAT,2024-08-11 12:37,2024-08-11 12:48,2024-08-11 13:14
LAB715485,ENC106473,PT11736,GLU,Glucose,88,mg/dL,70,99,N,STAT,2024-08-11 12:41,2024-08-11 13:01,2024-08-11 13:30
LAB715486,ENC106473,PT11736,CREAT,Creatinine,0.76,mg/dL,0.6,1.3,N,STAT,2024-08-11 13:29,2024-08-11 13:55,2024-08-11 14:16
LAB715487,ENC106473,PT11736,WBC,White Blood Cell Count,8.9,K/uL,4.5,11,N,STAT,2024-08-11 13:14,2024-08-11 13:40,2024-08-11 14:52
LAB715488,ENC106473,PT11736,HGB,Hemoglobin,12.2,g/dL,12,17.5,N,STAT,2024-08-11 12:31,2024-08-11 12:43,2024-08-11 13:51
LAB715489,ENC106476,PT13379,GLU,Glucose,280,mg/dL,70,99,H,STAT,2024-08-11 13:27,2024-08-11 14:01,2024-08-11 15:20
LAB715490,ENC106476,PT13379,CREAT,Creatinine,0.92,mg/dL,0.6,1.3,N,STAT,2024-08-11 13:38,2024-08-11 13:57,2024-08-11 15:18
LAB715491,ENC106476,PT13379,A1C,Hemoglobin A1c,11.3,%,4,5.6,H,STAT,2024-08-11 13:08,2024-08-11 13:22,2024-08-11 13:52
LAB715492,ENC106479,PT12996,GLU,Glucose,90,mg/dL,70,99,N,STAT,2024-08-11 18:10,2024-08-11 18:34,2024-08-11 19:14
LAB715493,ENC106479,PT12996,CREAT,Creatinine,0.97,mg/dL,0.6,1.3,N,Routine,2024-08-11 17:13,2024-08-11 17:17,2024-08-11 19:53
LAB715494,ENC106479,PT12996,WBC,White Blood Cell Count,7.5,K/uL,4.5,11,N,Routine,2024-08-11 17:37,2024-08-11 18:10,2024-08-12 02:17
LAB715495,ENC106479,PT12996,HGB,Hemoglobin,13.6,g/dL,12,17.5,N,STAT,2024-08-11 18:03,2024-08-11 18:36,2024-08-11 19:18
LAB715496,ENC106479,PT12996,TROP,"Troponin I, High Sensitivity",8,ng/L,0,34,N,STAT,2024-08-11 17:53,2024-08-11 18:25,2024-08-11 19:34
LAB715497,ENC106479,PT12996,BNP,B-Type Natriuretic Peptide,591,pg/mL,0,100,H,STAT,2024-08-11 17:50,2024-08-11 18:23,2024-08-11 19:29
LAB715498,ENC106481,PT12034,GLU,Glucose,136,mg/dL,70,99,H,Routine,2024-08-11 23:10,2024-08-11 23:45,2024-08-12 06:17
LAB715499,ENC106481,PT12034,CREAT,Creatinine,2.61,mg/dL,0.6,1.3,H,STAT,2024-08-11 22:29,2024-08-11 22:46,2024-08-11 23:20
LAB715500,ENC106481,PT12034,WBC,White Blood Cell Count,7.8,K/uL,4.5,11,N,Routine,2024-08-11 22:45,2024-08-11 22:55,2024-08-12 01:26
LAB715501,ENC106481,PT12034,HGB,Hemoglobin,10,g/dL,12,17.5,L,STAT,2024-08-11 22:34,2024-08-11 23:01,2024-08-11 23:50
LAB715502,ENC106481,PT12034,NA,Sodium,139,mmol/L,136,145,N,STAT,2024-08-11 22:12,2024-08-11 22:22,2024-08-11 23:10
LAB715503,ENC106481,PT12034,K,Potassium,5.7,mmol/L,3.5,5.1,H,STAT,2024-08-11 22:31,2024-08-11 22:43,2024-08-12 00:14
LAB715504,ENC106482,PT10566,GLU,Glucose,178,mg/dL,70,99,H,Routine,2024-08-11 19:49,2024-08-11 20:05,2024-08-11 23:21
LAB715505,ENC106482,PT10566,CREAT,Creatinine,0.86,mg/dL,0.6,1.3,N,STAT,2024-08-11 20:07,2024-08-11 20:28,2024-08-11 21:12
LAB715506,ENC106482,PT10566,WBC,White Blood Cell Count,11.4,K/uL,4.5,11,H,Routine,2024-08-11 19:54,2024-08-11 20:12,2024-08-11 21:50
LAB715507,ENC106482,PT10566,HGB,Hemoglobin,12.8,g/dL,12,17.5,N,STAT,2024-08-11 20:02,2024-08-11 20:10,2024-08-11 21:49
LAB715508,ENC106482,PT10566,BUN,Blood Urea Nitrogen,15,mg/dL,7,20,N,Routine,2024-08-11 19:42,2024-08-11 19:48,2024-08-11 21:05
LAB715509,ENC106482,PT10566,PLT,Platelet Count,221,K/uL,150,400,N,STAT,2024-08-11 20:14,2024-08-11 20:33,2024-08-11 21:11
LAB715510,ENC106483,PT12018,GLU,Glucose,83,mg/dL,70,99,N,Routine,2024-08-11 20:02,2024-08-11 20:14,2024-08-11 21:58
LAB715511,ENC106483,PT12018,CREAT,Creatinine,0.83,mg/dL,0.6,1.3,N,Routine,2024-08-11 20:39,2024-08-11 20:54,2024-08-11 22:45
LAB715512,ENC106484,PT12808,GLU,Glucose,79,mg/dL,70,99,N,STAT,2024-08-12 02:55,2024-08-12 03:15,2024-08-12 04:16
LAB715513,ENC106484,PT12808,CREAT,Creatinine,1.96,mg/dL,0.6,1.3,H,STAT,2024-08-12 02:26,2024-08-12 03:00,2024-08-12 04:47
LAB715514,ENC106484,PT12808,WBC,White Blood Cell Count,0.4,K/uL,4.5,11,LL,STAT,2024-08-12 02:44,2024-08-12 03:04,2024-08-12 03:20
LAB715515,ENC106484,PT12808,HGB,Hemoglobin,8.8,g/dL,12,17.5,L,STAT,2024-08-12 03:25,2024-08-12 03:42,2024-08-12 04:20
LAB715516,ENC106484,PT12808,NA,Sodium,139,mmol/L,136,145,N,STAT,2024-08-12 02:52,2024-08-12 03:08,2024-08-12 04:05
LAB715517,ENC106484,PT12808,K,Potassium,4.1,mmol/L,3.5,5.1,N,STAT,2024-08-12 03:26,2024-08-12 03:40,2024-08-12 04:44
LAB715518,ENC106485,PT11688,GLU,Glucose,122,mg/dL,70,99,H,STAT,2024-08-12 03:45,2024-08-12 04:08,2024-08-12 04:39
LAB715519,ENC106485,PT11688,CREAT,Creatinine,0.98,mg/dL,0.6,1.3,N,STAT,2024-08-12 02:59,2024-08-12 03:34,2024-08-12 04:17
LAB715520,ENC106485,PT11688,WBC,White Blood Cell Count,8.1,K/uL,4.5,11,N,STAT,2024-08-12 02:55,2024-08-12 02:59,2024-08-12 03:34
LAB715521,ENC106485,PT11688,HGB,Hemoglobin,10.1,g/dL,12,17.5,L,STAT,2024-08-12 03:26,2024-08-12 03:31,2024-08-12 04:33
LAB715522,ENC106487,PT11977,GLU,Glucose,213,mg/dL,70,99,H,Routine,2024-08-12 02:30,2024-08-12 02:47,2024-08-12 04:31
LAB715523,ENC106487,PT11977,CREAT,Creatinine,0.97,mg/dL,0.6,1.3,N,STAT,2024-08-12 02:00,2024-08-12 02:11,2024-08-12 02:44
LAB715524,ENC106487,PT11977,WBC,White Blood Cell Count,16.2,K/uL,4.5,11,H,Routine,2024-08-12 02:45,2024-08-12 03:00,2024-08-12 06:14
LAB715525,ENC106487,PT11977,HGB,Hemoglobin,14.6,g/dL,12,17.5,N,STAT,2024-08-12 02:43,2024-08-12 03:13,2024-08-12 04:26
LAB715526,ENC106487,PT11977,NA,Sodium,135,mmol/L,136,145,L,STAT,2024-08-12 02:29,2024-08-12 02:47,2024-08-12 03:18
LAB715527,ENC106487,PT11977,K,Potassium,4.2,mmol/L,3.5,5.1,N,STAT,2024-08-12 02:13,2024-08-12 02:45,2024-08-12 03:12
LAB715528,ENC106489,PT10609,GLU,Glucose,109,mg/dL,70,99,H,STAT,2024-08-12 07:29,2024-08-12 07:55,2024-08-12 08:47
LAB715529,ENC106489,PT10609,CREAT,Creatinine,0.89,mg/dL,0.6,1.3,N,STAT,2024-08-12 07:37,2024-08-12 07:45,2024-08-12 08:39
LAB715530,ENC106489,PT10609,WBC,White Blood Cell Count,9.2,K/uL,4.5,11,N,STAT,2024-08-12 07:02,2024-08-12 07:29,2024-08-12 08:19
LAB715531,ENC106490,PT10886,LDL,LDL Cholesterol,101,mg/dL,0,99,H,Routine,2024-08-12 08:34,2024-08-12 08:38,2024-08-12 20:05
LAB715532,ENC106490,PT10886,A1C,Hemoglobin A1c,6.1,%,4,5.6,H,Routine,2024-08-12 08:28,2024-08-12 08:34,2024-08-12 18:19
LAB715533,ENC106494,PT13690,WBC,White Blood Cell Count,5.4,K/uL,4.5,11,N,Routine,2024-08-12 08:42,2024-08-12 09:06,2024-08-12 12:14
LAB715534,ENC106494,PT13690,HGB,Hemoglobin,13.4,g/dL,12,17.5,N,Routine,2024-08-12 08:40,2024-08-12 08:57,2024-08-12 13:37
LAB715535,ENC106494,PT13690,PLT,Platelet Count,245,K/uL,150,400,N,Routine,2024-08-12 08:41,2024-08-12 08:47,2024-08-12 10:35
LAB715536,ENC106495,PT13989,LDL,LDL Cholesterol,142,mg/dL,0,99,H,Routine,2024-08-12 09:01,2024-08-12 09:05,2024-08-13 02:15
LAB715537,ENC106497,PT10559,GLU,Glucose,130,mg/dL,70,99,H,STAT,2024-08-12 10:04,2024-08-12 10:35,2024-08-12 11:10
LAB715538,ENC106497,PT10559,CREAT,Creatinine,1.13,mg/dL,0.6,1.3,N,STAT,2024-08-12 10:53,2024-08-12 11:27,2024-08-12 11:54
LAB715539,ENC106500,PT12193,A1C,Hemoglobin A1c,13.4,%,4,5.6,H,Routine,2024-08-12 10:25,2024-08-12 10:51,2024-08-12 16:26
LAB715540,ENC106500,PT12193,GLU,Glucose,515,mg/dL,70,99,HH,Routine,2024-08-12 10:25,2024-08-12 10:46,2024-08-12 13:02
LAB715541,ENC106500,PT12193,CREAT,Creatinine,1.46,mg/dL,0.6,1.3,H,Routine,2024-08-12 10:42,2024-08-12 11:02,2024-08-12 13:45
LAB715542,ENC106501,PT10462,GLU,Glucose,127,mg/dL,70,99,H,STAT,2024-08-12 11:10,2024-08-12 11:36,2024-08-12 12:50
LAB715543,ENC106501,PT10462,CREAT,Creatinine,0.45,mg/dL,0.6,1.3,L,STAT,2024-08-12 10:44,2024-08-12 11:15,2024-08-12 12:56
LAB715544,ENC106501,PT10462,WBC,White Blood Cell Count,8.4,K/uL,4.5,11,N,Routine,2024-08-12 11:31,2024-08-12 11:48,2024-08-12 14:40
LAB715545,ENC106507,PT13047,A1C,Hemoglobin A1c,8.8,%,4,5.6,H,Routine,2024-08-12 12:56,2024-08-12 13:25,2024-08-12 22:37
LAB715546,ENC106507,PT13047,GLU,Glucose,158,mg/dL,70,99,H,Routine,2024-08-12 12:52,2024-08-12 13:17,2024-08-12 15:19
LAB715547,ENC106507,PT13047,CREAT,Creatinine,1.11,mg/dL,0.6,1.3,N,Routine,2024-08-12 12:50,2024-08-12 13:15,2024-08-12 16:15
LAB715548,ENC106509,PT13002,GLU,Glucose,97,mg/dL,70,99,N,STAT,2024-08-12 15:17,2024-08-12 15:44,2024-08-12 16:46
LAB715549,ENC106509,PT13002,CREAT,Creatinine,1.08,mg/dL,0.6,1.3,N,Routine,2024-08-12 15:15,2024-08-12 15:33,2024-08-12 19:16
LAB715550,ENC106509,PT13002,WBC,White Blood Cell Count,3.5,K/uL,4.5,11,L,STAT,2024-08-12 15:51,2024-08-12 16:16,2024-08-12 17:01
LAB715551,ENC106509,PT13002,HGB,Hemoglobin,14.3,g/dL,12,17.5,N,STAT,2024-08-12 16:10,2024-08-12 16:34,2024-08-12 17:02
LAB715552,ENC106511,PT10756,LDL,LDL Cholesterol,123,mg/dL,0,99,H,Routine,2024-08-12 15:14,2024-08-12 15:49,2024-08-13 01:42
LAB715553,ENC106512,PT10855,LDL,LDL Cholesterol,120,mg/dL,0,99,H,Routine,2024-08-12 14:52,2024-08-12 15:06,2024-08-13 04:43
LAB715554,ENC106512,PT10855,TSH,Thyroid Stimulating Hormone,1.87,mIU/L,0.4,4,N,Routine,2024-08-12 14:58,2024-08-12 15:17,2024-08-12 22:37
LAB715555,ENC106516,PT11240,GLU,Glucose,104,mg/dL,70,99,H,STAT,2024-08-12 15:59,2024-08-12 16:05,2024-08-12 16:44
LAB715556,ENC106516,PT11240,CREAT,Creatinine,1.26,mg/dL,0.6,1.3,N,STAT,2024-08-12 16:58,2024-08-12 17:14,2024-08-12 17:30
LAB715557,ENC106516,PT11240,WBC,White Blood Cell Count,11.5,K/uL,4.5,11,H,STAT,2024-08-12 17:03,2024-08-12 17:12,2024-08-12 18:06
LAB715558,ENC106516,PT11240,HGB,Hemoglobin,14.7,g/dL,12,17.5,N,STAT,2024-08-12 17:05,2024-08-12 17:28,2024-08-12 18:30
LAB715559,ENC106518,PT10972,GLU,Glucose,105,mg/dL,70,99,H,Routine,2024-08-12 16:52,2024-08-12 17:04,2024-08-12 18:30
LAB715560,ENC106518,PT10972,CREAT,Creatinine,0.91,mg/dL,0.6,1.3,N,Routine,2024-08-12 16:38,2024-08-12 17:13,2024-08-12 23:10
LAB715561,ENC106518,PT10972,WBC,White Blood Cell Count,7.3,K/uL,4.5,11,N,STAT,2024-08-12 16:57,2024-08-12 17:23,2024-08-12 18:24
LAB715562,ENC106518,PT10972,HGB,Hemoglobin,12.5,g/dL,12,17.5,N,Routine,2024-08-12 16:10,2024-08-12 16:31,2024-08-12 22:03
LAB715563,ENC106519,PT10679,A1C,Hemoglobin A1c,8,%,4,5.6,H,Routine,2024-08-12 16:31,2024-08-12 16:35,2024-08-13 06:02
LAB715564,ENC106519,PT10679,GLU,Glucose,139,mg/dL,70,99,H,Routine,2024-08-12 16:20,2024-08-12 16:25,2024-08-12 19:27
LAB715565,ENC106519,PT10679,CREAT,Creatinine,0.88,mg/dL,0.6,1.3,N,Routine,2024-08-12 16:22,2024-08-12 16:26,2024-08-12 17:45
LAB715566,ENC106520,PT12572,LDL,LDL Cholesterol,114,mg/dL,0,99,H,Routine,2024-08-12 16:56,2024-08-12 17:24,2024-08-13 10:30
LAB715567,ENC106520,PT12572,TSH,Thyroid Stimulating Hormone,1.93,mIU/L,0.4,4,N,Routine,2024-08-12 16:38,2024-08-12 17:10,2024-08-13 01:39
LAB715568,ENC106521,PT13786,GLU,Glucose,279,mg/dL,70,99,H,STAT,2024-08-12 20:15,2024-08-12 20:43,2024-08-12 21:39
LAB715569,ENC106521,PT13786,CREAT,Creatinine,1.02,mg/dL,0.6,1.3,N,STAT,2024-08-12 20:47,2024-08-12 21:18,2024-08-12 21:57
LAB715570,ENC106521,PT13786,WBC,White Blood Cell Count,5.5,K/uL,4.5,11,N,STAT,2024-08-12 20:27,2024-08-12 20:58,2024-08-12 21:48
LAB715571,ENC106521,PT13786,HGB,Hemoglobin,14.8,g/dL,12,17.5,N,STAT,2024-08-12 21:03,2024-08-12 21:07,2024-08-12 21:57
LAB715572,ENC106521,PT13786,NA,Sodium,139,mmol/L,136,145,N,Routine,2024-08-12 20:20,2024-08-12 20:51,2024-08-12 23:40
LAB715573,ENC106521,PT13786,K,Potassium,4.3,mmol/L,3.5,5.1,N,STAT,2024-08-12 20:40,2024-08-12 21:04,2024-08-12 21:40
LAB715574,ENC106521,PT13786,A1C,Hemoglobin A1c,9.2,%,4,5.6,H,STAT,2024-08-12 19:57,2024-08-12 20:32,2024-08-12 21:06
LAB715575,ENC106522,PT12674,GLU,Glucose,190,mg/dL,70,99,H,Routine,2024-08-12 17:35,2024-08-12 18:01,2024-08-12 19:48
LAB715576,ENC106522,PT12674,CREAT,Creatinine,0.59,mg/dL,0.6,1.3,L,STAT,2024-08-12 17:55,2024-08-12 18:15,2024-08-12 18:44
LAB715577,ENC106523,PT12210,GLU,Glucose,113,mg/dL,70,99,H,STAT,2024-08-12 22:03,2024-08-12 22:14,2024-08-12 23:29
LAB715578,ENC106523,PT12210,CREAT,Creatinine,0.79,mg/dL,0.6,1.3,N,STAT,2024-08-12 21:26,2024-08-12 21:49,2024-08-12 22:30
LAB715579,ENC106523,PT12210,WBC,White Blood Cell Count,11.7,K/uL,4.5,11,H,STAT,2024-08-12 22:18,2024-08-12 22:34,2024-08-12 23:37
LAB715580,ENC106523,PT12210,HGB,Hemoglobin,12.4,g/dL,12,17.5,N,STAT,2024-08-12 22:19,2024-08-12 22:40,2024-08-12 23:19
LAB715581,ENC106523,PT12210,TROP,"Troponin I, High Sensitivity",11,ng/L,0,34,N,STAT,2024-08-12 21:49,2024-08-12 22:16,2024-08-12 22:54
LAB715582,ENC106523,PT12210,BNP,B-Type Natriuretic Peptide,276,pg/mL,0,100,H,Routine,2024-08-12 21:31,2024-08-12 21:38,2024-08-13 01:07
LAB715583,ENC106524,PT10076,GLU,Glucose,116,mg/dL,70,99,H,Routine,2024-08-12 19:49,2024-08-12 20:15,2024-08-12 21:42
LAB715584,ENC106524,PT10076,CREAT,Creatinine,0.94,mg/dL,0.6,1.3,N,STAT,2024-08-12 20:13,2024-08-12 20:31,2024-08-12 20:49
LAB715585,ENC106525,PT10676,GLU,Glucose,98,mg/dL,70,99,N,Routine,2024-08-12 22:45,2024-08-12 23:04,2024-08-13 02:12
LAB715586,ENC106525,PT10676,CREAT,Creatinine,1.27,mg/dL,0.6,1.3,N,STAT,2024-08-12 22:12,2024-08-12 22:20,2024-08-12 23:10
LAB715587,ENC106525,PT10676,WBC,White Blood Cell Count,6.6,K/uL,4.5,11,N,STAT,2024-08-12 22:13,2024-08-12 22:25,2024-08-12 23:17
LAB715588,ENC106525,PT10676,HGB,Hemoglobin,12.9,g/dL,12,17.5,N,STAT,2024-08-12 22:35,2024-08-12 22:40,2024-08-13 00:08
LAB715589,ENC106525,PT10676,NA,Sodium,143,mmol/L,136,145,N,STAT,2024-08-12 22:53,2024-08-12 23:07,2024-08-12 23:45
LAB715590,ENC106525,PT10676,K,Potassium,4.1,mmol/L,3.5,5.1,N,STAT,2024-08-12 22:50,2024-08-12 23:04,2024-08-12 23:35
LAB715591,ENC106525,PT10676,LACT,Lactate,1.5,mmol/L,0.5,2,N,STAT,2024-08-12 22:52,2024-08-12 23:19,2024-08-12 23:43
LAB715592,ENC106526,PT12925,GLU,Glucose,184,mg/dL,70,99,H,Routine,2024-08-12 23:14,2024-08-12 23:28,2024-08-13 01:35
LAB715593,ENC106526,PT12925,CREAT,Creatinine,2,mg/dL,0.6,1.3,H,Routine,2024-08-12 23:45,2024-08-13 00:15,2024-08-13 02:10
LAB715594,ENC106526,PT12925,WBC,White Blood Cell Count,20.4,K/uL,4.5,11,H,STAT,2024-08-12 23:22,2024-08-12 23:29,2024-08-13 00:03
LAB715595,ENC106526,PT12925,HGB,Hemoglobin,14,g/dL,12,17.5,N,STAT,2024-08-12 23:14,2024-08-12 23:32,2024-08-13 00:21
LAB715596,ENC106526,PT12925,LACT,Lactate,2,mmol/L,0.5,2,N,STAT,2024-08-12 23:48,2024-08-13 00:23,2024-08-13 01:10
LAB715597,ENC106527,PT11829,GLU,Glucose,42,mg/dL,70,99,L,STAT,2024-08-13 00:15,2024-08-13 00:35,2024-08-13 01:18
LAB715598,ENC106527,PT11829,CREAT,Creatinine,1.07,mg/dL,0.6,1.3,N,STAT,2024-08-12 23:46,2024-08-13 00:04,2024-08-13 00:38
LAB715599,ENC106527,PT11829,WBC,White Blood Cell Count,7.4,K/uL,4.5,11,N,STAT,2024-08-12 23:38,2024-08-12 23:57,2024-08-13 00:49
LAB715600,ENC106527,PT11829,HGB,Hemoglobin,15.2,g/dL,12,17.5,N,STAT,2024-08-12 23:11,2024-08-12 23:33,2024-08-13 00:53
LAB715601,ENC106529,PT10497,GLU,Glucose,101,mg/dL,70,99,H,STAT,2024-08-13 01:31,2024-08-13 01:53,2024-08-13 03:33
LAB715602,ENC106529,PT10497,CREAT,Creatinine,1.05,mg/dL,0.6,1.3,N,STAT,2024-08-13 01:10,2024-08-13 01:25,2024-08-13 02:41
LAB715603,ENC106529,PT10497,WBC,White Blood Cell Count,8.4,K/uL,4.5,11,N,STAT,2024-08-13 01:45,2024-08-13 01:54,2024-08-13 04:06
LAB715604,ENC106529,PT10497,HGB,Hemoglobin,14.5,g/dL,12,17.5,N,STAT,2024-08-13 02:07,2024-08-13 02:38,2024-08-13 03:04
LAB715605,ENC106529,PT10497,NA,Sodium,141,mmol/L,136,145,N,Routine,2024-08-13 01:42,2024-08-13 01:52,2024-08-13 07:46
LAB715606,ENC106529,PT10497,K,Potassium,4.2,mmol/L,3.5,5.1,N,STAT,2024-08-13 01:23,2024-08-13 01:37,2024-08-13 02:46
LAB715607,ENC106529,PT10497,TROP,"Troponin I, High Sensitivity",36,ng/L,0,34,H,STAT,2024-08-13 01:58,2024-08-13 02:22,2024-08-13 03:21
LAB715608,ENC106529,PT10497,BNP,B-Type Natriuretic Peptide,761,pg/mL,0,100,H,STAT,2024-08-13 01:58,2024-08-13 02:07,2024-08-13 02:41
LAB715609,ENC106531,PT12305,GLU,Glucose,259,mg/dL,70,99,H,STAT,2024-08-13 09:40,2024-08-13 10:15,2024-08-13 11:14
LAB715610,ENC106531,PT12305,CREAT,Creatinine,0.71,mg/dL,0.6,1.3,N,Routine,2024-08-13 09:30,2024-08-13 09:52,2024-08-13 10:50
LAB715611,ENC106531,PT12305,WBC,White Blood Cell Count,5.4,K/uL,4.5,11,N,Routine,2024-08-13 09:23,2024-08-13 09:30,2024-08-13 13:01
LAB715612,ENC106531,PT12305,HGB,Hemoglobin,13,g/dL,12,17.5,N,Routine,2024-08-13 09:02,2024-08-13 09:29,2024-08-13 11:54
LAB715613,ENC106531,PT12305,NA,Sodium,140,mmol/L,136,145,N,Routine,2024-08-13 09:46,2024-08-13 10:17,2024-08-13 18:14
LAB715614,ENC106531,PT12305,K,Potassium,4.5,mmol/L,3.5,5.1,N,STAT,2024-08-13 09:47,2024-08-13 09:59,2024-08-13 10:36
LAB715615,ENC106532,PT13136,GLU,Glucose,83,mg/dL,70,99,N,STAT,2024-08-13 08:29,2024-08-13 08:58,2024-08-13 09:25
LAB715616,ENC106532,PT13136,CREAT,Creatinine,0.77,mg/dL,0.6,1.3,N,STAT,2024-08-13 07:51,2024-08-13 08:02,2024-08-13 08:39
LAB715617,ENC106532,PT13136,WBC,White Blood Cell Count,4.8,K/uL,4.5,11,N,Routine,2024-08-13 07:39,2024-08-13 07:47,2024-08-13 10:30
LAB715618,ENC106532,PT13136,HGB,Hemoglobin,12.4,g/dL,12,17.5,N,STAT,2024-08-13 07:42,2024-08-13 07:58,2024-08-13 08:27
LAB715619,ENC106541,PT11788,A1C,Hemoglobin A1c,6.7,%,4,5.6,H,Routine,2024-08-13 12:55,2024-08-13 13:05,2024-08-13 22:17
LAB715620,ENC106541,PT11788,GLU,Glucose,190,mg/dL,70,99,H,Routine,2024-08-13 12:37,2024-08-13 12:48,2024-08-13 18:40
LAB715621,ENC106541,PT11788,CREAT,Creatinine,0.85,mg/dL,0.6,1.3,N,Routine,2024-08-13 12:55,2024-08-13 13:03,2024-08-13 15:12
LAB715622,ENC106542,PT12057,GLU,Glucose,89,mg/dL,70,99,N,Routine,2024-08-13 17:30,2024-08-13 18:02,2024-08-13 19:24
LAB715623,ENC106542,PT12057,CREAT,Creatinine,1.81,mg/dL,0.6,1.3,H,STAT,2024-08-13 17:09,2024-08-13 17:38,2024-08-13 18:08
LAB715624,ENC106542,PT12057,WBC,White Blood Cell Count,11,K/uL,4.5,11,N,STAT,2024-08-13 17:32,2024-08-13 17:51,2024-08-13 18:59
LAB715625,ENC106542,PT12057,HGB,Hemoglobin,8.1,g/dL,12,17.5,L,STAT,2024-08-13 16:55,2024-08-13 17:11,2024-08-13 18:18
LAB715626,ENC106543,PT12323,GLU,Glucose,137,mg/dL,70,99,H,STAT,2024-08-13 17:16,2024-08-13 17:22,2024-08-13 18:13
LAB715627,ENC106543,PT12323,CREAT,Creatinine,1.4,mg/dL,0.6,1.3,H,Routine,2024-08-13 16:51,2024-08-13 17:24,2024-08-13 22:34
LAB715628,ENC106543,PT12323,WBC,White Blood Cell Count,10,K/uL,4.5,11,N,Routine,2024-08-13 17:11,2024-08-13 17:45,2024-08-13 19:55
LAB715629,ENC106543,PT12323,HGB,Hemoglobin,14.3,g/dL,12,17.5,N,STAT,2024-08-13 16:31,2024-08-13 17:05,2024-08-13 18:56
LAB715630,ENC106543,PT12323,TROP,"Troponin I, High Sensitivity",8,ng/L,0,34,N,STAT,2024-08-13 16:28,2024-08-13 16:42,2024-08-13 16:59
LAB715631,ENC106544,PT10003,GLU,Glucose,110,mg/dL,70,99,H,STAT,2024-08-13 17:35,2024-08-13 17:57,2024-08-13 18:36
LAB715632,ENC106544,PT10003,CREAT,Creatinine,0.82,mg/dL,0.6,1.3,N,STAT,2024-08-13 18:12,2024-08-13 18:30,2024-08-13 20:01
LAB715633,ENC106544,PT10003,WBC,White Blood Cell Count,6.3,K/uL,4.5,11,N,Routine,2024-08-13 17:30,2024-08-13 17:53,2024-08-13 19:31
LAB715634,ENC106544,PT10003,HGB,Hemoglobin,17.2,g/dL,12,17.5,N,STAT,2024-08-13 18:29,2024-08-13 18:41,2024-08-13 20:21
LAB715635,ENC106544,PT10003,NA,Sodium,137,mmol/L,136,145,N,Routine,2024-08-13 18:20,2024-08-13 18:48,2024-08-13 22:04
LAB715636,ENC106544,PT10003,K,Potassium,3.8,mmol/L,3.5,5.1,N,STAT,2024-08-13 18:17,2024-08-13 18:52,2024-08-13 19:44
LAB715637,ENC106544,PT10003,INR,Prothrombin Time INR,1.1,ratio,0.8,1.2,N,Routine,2024-08-13 17:48,2024-08-13 18:16,2024-08-13 21:06
LAB715638,ENC106546,PT12031,WBC,White Blood Cell Count,8.6,K/uL,4.5,11,N,Routine,2024-08-13 14:22,2024-08-13 14:49,2024-08-13 19:08
LAB715639,ENC106546,PT12031,HGB,Hemoglobin,14,g/dL,12,17.5,N,Routine,2024-08-13 14:28,2024-08-13 14:56,2024-08-13 18:49
LAB715640,ENC106546,PT12031,PLT,Platelet Count,192,K/uL,150,400,N,Routine,2024-08-13 14:37,2024-08-13 15:04,2024-08-13 19:43
LAB715641,ENC106547,PT10757,GLU,Glucose,100,mg/dL,70,99,H,STAT,2024-08-13 17:51,2024-08-13 18:12,2024-08-13 18:29
LAB715642,ENC106547,PT10757,CREAT,Creatinine,2.47,mg/dL,0.6,1.3,H,STAT,2024-08-13 18:08,2024-08-13 18:12,2024-08-13 18:26
LAB715643,ENC106547,PT10757,WBC,White Blood Cell Count,6.8,K/uL,4.5,11,N,STAT,2024-08-13 18:18,2024-08-13 18:38,2024-08-13 19:30
LAB715644,ENC106547,PT10757,HGB,Hemoglobin,15,g/dL,12,17.5,N,STAT,2024-08-13 18:05,2024-08-13 18:39,2024-08-13 18:59
LAB715645,ENC106547,PT10757,NA,Sodium,140,mmol/L,136,145,N,STAT,2024-08-13 18:15,2024-08-13 18:50,2024-08-13 19:18
LAB715646,ENC106547,PT10757,K,Potassium,5.2,mmol/L,3.5,5.1,H,STAT,2024-08-13 18:09,2024-08-13 18:13,2024-08-13 18:45
LAB715647,ENC106548,PT11696,GLU,Glucose,182,mg/dL,70,99,H,STAT,2024-08-13 20:05,2024-08-13 20:24,2024-08-13 21:22
LAB715648,ENC106548,PT11696,CREAT,Creatinine,1.07,mg/dL,0.6,1.3,N,Routine,2024-08-13 19:47,2024-08-13 20:00,2024-08-13 22:56
LAB715649,ENC106548,PT11696,WBC,White Blood Cell Count,6.2,K/uL,4.5,11,N,STAT,2024-08-13 19:48,2024-08-13 19:53,2024-08-13 21:06
LAB715650,ENC106548,PT11696,HGB,Hemoglobin,16.2,g/dL,12,17.5,N,Routine,2024-08-13 20:04,2024-08-13 20:33,2024-08-13 23:20
LAB715651,ENC106548,PT11696,NA,Sodium,131,mmol/L,136,145,L,STAT,2024-08-13 20:49,2024-08-13 20:56,2024-08-13 21:37
LAB715652,ENC106548,PT11696,K,Potassium,3.7,mmol/L,3.5,5.1,N,STAT,2024-08-13 20:10,2024-08-13 20:24,2024-08-13 21:11
LAB715653,ENC106550,PT10906,A1C,Hemoglobin A1c,7.5,%,4,5.6,H,Routine,2024-08-13 16:21,2024-08-13 16:56,2024-08-14 10:42
LAB715654,ENC106550,PT10906,GLU,Glucose,235,mg/dL,70,99,H,Routine,2024-08-13 16:41,2024-08-13 16:45,2024-08-13 19:26
LAB715655,ENC106550,PT10906,CREAT,Creatinine,1.08,mg/dL,0.6,1.3,N,Routine,2024-08-13 16:32,2024-08-13 17:01,2024-08-13 19:34
LAB715656,ENC106551,PT10690,GLU,Glucose,77,mg/dL,70,99,N,STAT,2024-08-13 21:07,2024-08-13 21:17,2024-08-13 21:54
LAB715657,ENC106551,PT10690,CREAT,Creatinine,0.72,mg/dL,0.6,1.3,N,STAT,2024-08-13 21:00,2024-08-13 21:09,2024-08-13 22:05
LAB715658,ENC106551,PT10690,WBC,White Blood Cell Count,6.5,K/uL,4.5,11,N,Routine,2024-08-13 20:53,2024-08-13 21:10,2024-08-14 01:21
LAB715659,ENC106551,PT10690,HGB,Hemoglobin,7.3,g/dL,12,17.5,L,STAT,2024-08-13 21:23,2024-08-13 21:45,2024-08-13 22:45
LAB715660,ENC106551,PT10690,BUN,Blood Urea Nitrogen,7,mg/dL,7,20,N,Routine,2024-08-13 21:17,2024-08-13 21:24,2024-08-14 05:01
LAB715661,ENC106551,PT10690,PLT,Platelet Count,132,K/uL,150,400,L,STAT,2024-08-13 21:24,2024-08-13 21:43,2024-08-13 22:28
LAB715662,ENC106551,PT10690,INR,Prothrombin Time INR,1,ratio,0.8,1.2,N,STAT,2024-08-13 21:27,2024-08-13 21:58,2024-08-13 22:23
LAB715663,ENC106552,PT10947,GLU,Glucose,161,mg/dL,70,99,H,STAT,2024-08-13 18:49,2024-08-13 19:06,2024-08-13 19:25
LAB715664,ENC106552,PT10947,CREAT,Creatinine,3.2,mg/dL,0.6,1.3,H,STAT,2024-08-13 18:27,2024-08-13 19:00,2024-08-13 19:51
LAB715665,ENC106552,PT10947,WBC,White Blood Cell Count,7.5,K/uL,4.5,11,N,Routine,2024-08-13 18:12,2024-08-13 18:17,2024-08-13 21:55
LAB715666,ENC106552,PT10947,HGB,Hemoglobin,11.3,g/dL,12,17.5,L,STAT,2024-08-13 18:47,2024-08-13 19:21,2024-08-13 19:56
LAB715667,ENC106554,PT10022,GLU,Glucose,106,mg/dL,70,99,H,STAT,2024-08-14 04:32,2024-08-14 04:41,2024-08-14 05:39
LAB715668,ENC106554,PT10022,CREAT,Creatinine,1.11,mg/dL,0.6,1.3,N,Routine,2024-08-14 03:37,2024-08-14 03:58,2024-08-14 05:48
LAB715669,ENC106554,PT10022,WBC,White Blood Cell Count,12.1,K/uL,4.5,11,H,STAT,2024-08-14 04:06,2024-08-14 04:35,2024-08-14 05:44
LAB715670,ENC106554,PT10022,HGB,Hemoglobin,8.8,g/dL,12,17.5,L,Routine,2024-08-14 04:02,2024-08-14 04:13,2024-08-14 07:38
LAB715671,ENC106554,PT10022,BUN,Blood Urea Nitrogen,8,mg/dL,7,20,N,Routine,2024-08-14 04:33,2024-08-14 05:03,2024-08-14 13:36
LAB715672,ENC106554,PT10022,PLT,Platelet Count,248,K/uL,150,400,N,Routine,2024-08-14 04:02,2024-08-14 04:08,2024-08-14 06:14
LAB715673,ENC106554,PT10022,LACT,Lactate,2.4,mmol/L,0.5,2,H,STAT,2024-08-14 03:48,2024-08-14 04:07,2024-08-14 05:14
LAB715674,ENC106554,PT10022,INR,Prothrombin Time INR,1,ratio,0.8,1.2,N,STAT,2024-08-14 03:35,2024-08-14 03:42,2024-08-14 04:39
LAB715675,ENC106555,PT12460,GLU,Glucose,157,mg/dL,70,99,H,Routine,2024-08-14 02:57,2024-08-14 03:09,2024-08-14 06:30
LAB715676,ENC106555,PT12460,CREAT,Creatinine,0.96,mg/dL,0.6,1.3,N,Routine,2024-08-14 02:25,2024-08-14 02:44,2024-08-14 05:48
LAB715677,ENC106555,PT12460,WBC,White Blood Cell Count,6.2,K/uL,4.5,11,N,STAT,2024-08-14 02:33,2024-08-14 02:47,2024-08-14 03:36
LAB715678,ENC106555,PT12460,HGB,Hemoglobin,14.2,g/dL,12,17.5,N,Routine,2024-08-14 02:53,2024-08-14 03:03,2024-08-14 04:55
LAB715679,ENC106560,PT12344,GLU,Glucose,114,mg/dL,70,99,H,STAT,2024-08-14 13:42,2024-08-14 14:15,2024-08-14 15:20
LAB715680,ENC106560,PT12344,CREAT,Creatinine,1.42,mg/dL,0.6,1.3,H,STAT,2024-08-14 13:14,2024-08-14 13:27,2024-08-14 14:39
LAB715681,ENC106560,PT12344,WBC,White Blood Cell Count,5.4,K/uL,4.5,11,N,STAT,2024-08-14 13:35,2024-08-14 13:59,2024-08-14 14:27
LAB715682,ENC106560,PT12344,HGB,Hemoglobin,15,g/dL,12,17.5,N,Routine,2024-08-14 13:26,2024-08-14 13:35,2024-08-14 15:25
LAB715683,ENC106561,PT11553,LDL,LDL Cholesterol,118,mg/dL,0,99,H,Routine,2024-08-14 10:27,2024-08-14 10:47,2024-08-14 18:25
LAB715684,ENC106562,PT12909,WBC,White Blood Cell Count,6.6,K/uL,4.5,11,N,Routine,2024-08-14 10:27,2024-08-14 10:58,2024-08-14 13:29
LAB715685,ENC106562,PT12909,HGB,Hemoglobin,13.2,g/dL,12,17.5,N,Routine,2024-08-14 10:18,2024-08-14 10:42,2024-08-14 13:30
LAB715686,ENC106562,PT12909,PLT,Platelet Count,214,K/uL,150,400,N,Routine,2024-08-14 10:09,2024-08-14 10:18,2024-08-14 12:30
LAB715687,ENC106564,PT10897,LDL,LDL Cholesterol,145,mg/dL,0,99,H,Routine,2024-08-14 10:55,2024-08-14 11:14,2024-08-14 16:57
LAB715688,ENC106565,PT10319,GLU,Glucose,210,mg/dL,70,99,H,STAT,2024-08-14 16:08,2024-08-14 16:19,2024-08-14 16:58
LAB715689,ENC106565,PT10319,CREAT,Creatinine,1.27,mg/dL,0.6,1.3,N,STAT,2024-08-14 16:03,2024-08-14 16:19,2024-08-14 16:57
LAB715690,ENC106565,PT10319,WBC,White Blood Cell Count,8.4,K/uL,4.5,11,N,Routine,2024-08-14 16:11,2024-08-14 16:40,2024-08-14 18:13
LAB715691,ENC106565,PT10319,HGB,Hemoglobin,12.7,g/dL,12,17.5,N,Routine,2024-08-14 15:47,2024-08-14 16:13,2024-08-14 19:35
LAB715692,ENC106565,PT10319,BUN,Blood Urea Nitrogen,9,mg/dL,7,20,N,Routine,2024-08-14 15:22,2024-08-14 15:48,2024-08-14 18:16
LAB715693,ENC106565,PT10319,PLT,Platelet Count,369,K/uL,150,400,N,STAT,2024-08-14 16:26,2024-08-14 16:34,2024-08-14 17:10
LAB715694,ENC106568,PT10438,GLU,Glucose,93,mg/dL,70,99,N,STAT,2024-08-14 15:23,2024-08-14 15:45,2024-08-14 16:29
LAB715695,ENC106568,PT10438,CREAT,Creatinine,1.35,mg/dL,0.6,1.3,H,STAT,2024-08-14 15:35,2024-08-14 15:58,2024-08-14 16:32
LAB715696,ENC106568,PT10438,WBC,White Blood Cell Count,5.5,K/uL,4.5,11,N,Routine,2024-08-14 15:02,2024-08-14 15:18,2024-08-14 19:39
LAB715697,ENC106568,PT10438,HGB,Hemoglobin,12.4,g/dL,12,17.5,N,STAT,2024-08-14 15:37,2024-08-14 16:11,2024-08-14 16:52
LAB715698,ENC106571,PT11523,WBC,White Blood Cell Count,3.8,K/uL,4.5,11,L,Routine,2024-08-14 13:00,2024-08-14 13:19,2024-08-14 19:22
LAB715699,ENC106571,PT11523,HGB,Hemoglobin,13.2,g/dL,12,17.5,N,Routine,2024-08-14 12:51,2024-08-14 12:58,2024-08-14 15:40
LAB715700,ENC106571,PT11523,PLT,Platelet Count,252,K/uL,150,400,N,Routine,2024-08-14 12:49,2024-08-14 13:23,2024-08-14 15:52
LAB715701,ENC106572,PT11875,LDL,LDL Cholesterol,106,mg/dL,0,99,H,Routine,2024-08-14 13:13,2024-08-14 13:32,2024-08-15 11:50
LAB715702,ENC106575,PT11822,A1C,Hemoglobin A1c,9.4,%,4,5.6,H,Routine,2024-08-14 13:55,2024-08-14 14:25,2024-08-15 09:43
LAB715703,ENC106577,PT13322,LDL,LDL Cholesterol,133,mg/dL,0,99,H,Routine,2024-08-14 14:13,2024-08-14 14:31,2024-08-14 18:58
LAB715704,ENC106577,PT13322,A1C,Hemoglobin A1c,5.1,%,4,5.6,N,Routine,2024-08-14 13:51,2024-08-14 14:26,2024-08-15 06:38
LAB715705,ENC106578,PT13369,LDL,LDL Cholesterol,113,mg/dL,0,99,H,Routine,2024-08-14 14:20,2024-08-14 14:28,2024-08-15 01:20
LAB715706,ENC106580,PT10444,GLU,Glucose,256,mg/dL,70,99,H,Routine,2024-08-14 15:29,2024-08-14 16:00,2024-08-14 20:32
LAB715707,ENC106580,PT10444,CREAT,Creatinine,2.13,mg/dL,0.6,1.3,H,Routine,2024-08-14 15:36,2024-08-14 15:46,2024-08-14 18:53
LAB715708,ENC106580,PT10444,WBC,White Blood Cell Count,15.2,K/uL,4.5,11,H,Routine,2024-08-14 14:55,2024-08-14 15:20,2024-08-14 22:13
LAB715709,ENC106580,PT10444,HGB,Hemoglobin,10,g/dL,12,17.5,L,STAT,2024-08-14 15:38,2024-08-14 15:50,2024-08-14 17:13
LAB715710,ENC106581,PT10322,GLU,Glucose,228,mg/dL,70,99,H,STAT,2024-08-14 18:05,2024-08-14 18:30,2024-08-14 19:33
LAB715711,ENC106581,PT10322,CREAT,Creatinine,1.07,mg/dL,0.6,1.3,N,STAT,2024-08-14 18:56,2024-08-14 19:18,2024-08-14 20:04
LAB715712,ENC106581,PT10322,WBC,White Blood Cell Count,6.6,K/uL,4.5,11,N,Routine,2024-08-14 19:01,2024-08-14 19:05,2024-08-15 00:25
LAB715713,ENC106581,PT10322,HGB,Hemoglobin,13,g/dL,12,17.5,N,Routine,2024-08-14 19:04,2024-08-14 19:36,2024-08-14 21:58
LAB715714,ENC106581,PT10322,TROP,"Troponin I, High Sensitivity",38,ng/L,0,34,H,STAT,2024-08-14 18:56,2024-08-14 19:06,2024-08-14 19:54
LAB715715,ENC106581,PT10322,BNP,B-Type Natriuretic Peptide,1280,pg/mL,0,100,H,Routine,2024-08-14 19:00,2024-08-14 19:18,2024-08-14 23:06
LAB715716,ENC106582,PT13227,INR,Prothrombin Time INR,1.5,ratio,0.8,1.2,H,Routine,2024-08-14 14:50,2024-08-14 15:19,2024-08-14 18:54
LAB715717,ENC106583,PT11818,GLU,Glucose,102,mg/dL,70,99,H,STAT,2024-08-14 15:51,2024-08-14 16:04,2024-08-14 16:50
LAB715718,ENC106583,PT11818,CREAT,Creatinine,1.42,mg/dL,0.6,1.3,H,Routine,2024-08-14 15:08,2024-08-14 15:42,2024-08-14 17:35
LAB715719,ENC106583,PT11818,WBC,White Blood Cell Count,5.9,K/uL,4.5,11,N,STAT,2024-08-14 15:16,2024-08-14 15:47,2024-08-14 17:04
LAB715720,ENC106583,PT11818,HGB,Hemoglobin,15.5,g/dL,12,17.5,N,STAT,2024-08-14 16:06,2024-08-14 16:16,2024-08-14 17:22
LAB715721,ENC106585,PT11739,LDL,LDL Cholesterol,174,mg/dL,0,99,H,Routine,2024-08-14 15:24,2024-08-14 15:36,2024-08-15 10:55
LAB715722,ENC106587,PT13697,INR,Prothrombin Time INR,0.8,ratio,0.8,1.2,N,Routine,2024-08-14 15:46,2024-08-14 15:57,2024-08-14 17:10
LAB715723,ENC106588,PT13177,LDL,LDL Cholesterol,165,mg/dL,0,99,H,Routine,2024-08-14 16:04,2024-08-14 16:29,2024-08-15 02:10
LAB715724,ENC106588,PT13177,A1C,Hemoglobin A1c,5.6,%,4,5.6,N,Routine,2024-08-14 16:00,2024-08-14 16:22,2024-08-15 04:19
LAB715725,ENC106589,PT12008,GLU,Glucose,134,mg/dL,70,99,H,Routine,2024-08-14 18:15,2024-08-14 18:42,2024-08-14 20:33
LAB715726,ENC106589,PT12008,CREAT,Creatinine,2.68,mg/dL,0.6,1.3,H,Routine,2024-08-14 19:03,2024-08-14 19:10,2024-08-14 22:34
LAB715727,ENC106589,PT12008,WBC,White Blood Cell Count,7.6,K/uL,4.5,11,N,STAT,2024-08-14 18:15,2024-08-14 18:35,2024-08-14 19:14
LAB715728,ENC106589,PT12008,HGB,Hemoglobin,10.4,g/dL,12,17.5,L,STAT,2024-08-14 18:41,2024-08-14 18:45,2024-08-14 19:33
LAB715729,ENC106590,PT11259,A1C,Hemoglobin A1c,10.3,%,4,5.6,H,Routine,2024-08-14 16:20,2024-08-14 16:34,2024-08-15 11:11
LAB715730,ENC106591,PT10829,GLU,Glucose,129,mg/dL,70,99,H,STAT,2024-08-14 16:27,2024-08-14 17:01,2024-08-14 18:02
LAB715731,ENC106591,PT10829,CREAT,Creatinine,3.19,mg/dL,0.6,1.3,H,STAT,2024-08-14 17:26,2024-08-14 18:00,2024-08-14 18:34
LAB715732,ENC106591,PT10829,WBC,White Blood Cell Count,10.3,K/uL,4.5,11,N,STAT,2024-08-14 16:19,2024-08-14 16:40,2024-08-14 17:33
LAB715733,ENC106591,PT10829,HGB,Hemoglobin,14.5,g/dL,12,17.5,N,Routine,2024-08-14 17:03,2024-08-14 17:37,2024-08-14 21:34
LAB715734,ENC106591,PT10829,NA,Sodium,142,mmol/L,136,145,N,Routine,2024-08-14 16:16,2024-08-14 16:28,2024-08-14 20:41
LAB715735,ENC106591,PT10829,K,Potassium,5.8,mmol/L,3.5,5.1,H,STAT,2024-08-14 17:08,2024-08-14 17:18,2024-08-14 18:25
LAB715736,ENC106593,PT11773,GLU,Glucose,122,mg/dL,70,99,H,Routine,2024-08-14 17:41,2024-08-14 18:14,2024-08-14 22:42
LAB715737,ENC106593,PT11773,CREAT,Creatinine,0.88,mg/dL,0.6,1.3,N,Routine,2024-08-14 17:42,2024-08-14 17:47,2024-08-14 19:07
LAB715738,ENC106593,PT11773,WBC,White Blood Cell Count,5.8,K/uL,4.5,11,N,STAT,2024-08-14 17:56,2024-08-14 18:01,2024-08-14 18:50
LAB715739,ENC106593,PT11773,HGB,Hemoglobin,14.3,g/dL,12,17.5,N,Routine,2024-08-14 18:29,2024-08-14 18:33,2024-08-14 20:55
LAB715740,ENC106594,PT11264,GLU,Glucose,122,mg/dL,70,99,H,STAT,2024-08-14 18:55,2024-08-14 19:16,2024-08-14 19:57
LAB715741,ENC106594,PT11264,CREAT,Creatinine,0.85,mg/dL,0.6,1.3,N,STAT,2024-08-14 18:58,2024-08-14 19:25,2024-08-14 20:00
LAB715742,ENC106594,PT11264,WBC,White Blood Cell Count,6.2,K/uL,4.5,11,N,Routine,2024-08-14 19:33,2024-08-14 19:54,2024-08-14 22:22
LAB715743,ENC106595,PT13792,TROP,"Troponin I, High Sensitivity",4,ng/L,0,34,N,STAT,2024-08-14 19:04,2024-08-14 19:20,2024-08-14 20:02
LAB715744,ENC106596,PT11292,GLU,Glucose,228,mg/dL,70,99,H,STAT,2024-08-14 23:29,2024-08-15 00:01,2024-08-15 00:31
LAB715745,ENC106596,PT11292,CREAT,Creatinine,0.94,mg/dL,0.6,1.3,N,STAT,2024-08-14 23:40,2024-08-14 23:58,2024-08-15 00:57
LAB715746,ENC106596,PT11292,WBC,White Blood Cell Count,9.1,K/uL,4.5,11,N,STAT,2024-08-14 23:30,2024-08-14 23:43,2024-08-15 00:39
LAB715747,ENC106596,PT11292,HGB,Hemoglobin,13.8,g/dL,12,17.5,N,STAT,2024-08-15 00:08,2024-08-15 00:40,2024-08-15 01:03
LAB715748,ENC106596,PT11292,TROP,"Troponin I, High Sensitivity",1,ng/L,0,34,N,STAT,2024-08-15 00:18,2024-08-15 00:52,2024-08-15 01:34
LAB715749,ENC106596,PT11292,BNP,B-Type Natriuretic Peptide,989,pg/mL,0,100,H,STAT,2024-08-14 23:33,2024-08-15 00:07,2024-08-15 00:38
LAB715750,ENC106599,PT10576,GLU,Glucose,114,mg/dL,70,99,H,STAT,2024-08-14 23:12,2024-08-14 23:24,2024-08-15 00:44
LAB715751,ENC106599,PT10576,CREAT,Creatinine,3.86,mg/dL,0.6,1.3,H,Routine,2024-08-14 23:05,2024-08-14 23:17,2024-08-15 01:51
LAB715752,ENC106599,PT10576,WBC,White Blood Cell Count,8.3,K/uL,4.5,11,N,Routine,2024-08-14 23:17,2024-08-14 23:30,2024-08-15 01:51
LAB715753,ENC106599,PT10576,HGB,Hemoglobin,13.4,g/dL,12,17.5,N,Routine,2024-08-14 23:27,2024-08-14 23:40,2024-08-15 02:00
LAB715754,ENC106599,PT10576,NA,Sodium,140,mmol/L,136,145,N,STAT,2024-08-14 22:45,2024-08-14 22:51,2024-08-14 23:46
LAB715755,ENC106599,PT10576,K,Potassium,5.3,mmol/L,3.5,5.1,H,STAT,2024-08-14 23:29,2024-08-14 23:42,2024-08-15 00:18
LAB715756,ENC106600,PT12946,GLU,Glucose,70,mg/dL,70,99,N,Routine,2024-08-14 22:33,2024-08-14 22:46,2024-08-15 00:57
LAB715757,ENC106600,PT12946,CREAT,Creatinine,1.19,mg/dL,0.6,1.3,N,STAT,2024-08-14 22:39,2024-08-14 22:57,2024-08-14 23:23
LAB715758,ENC106600,PT12946,WBC,White Blood Cell Count,6.4,K/uL,4.5,11,N,STAT,2024-08-14 22:34,2024-08-14 22:39,2024-08-14 23:23
LAB715759,ENC106600,PT12946,HGB,Hemoglobin,12.4,g/dL,12,17.5,N,STAT,2024-08-14 23:05,2024-08-14 23:20,2024-08-14 23:54
LAB715760,ENC106603,PT10075,A1C,Hemoglobin A1c,9.5,%,4,5.6,H,Routine,2024-08-15 09:30,2024-08-15 09:49,2024-08-16 22:13
LAB715761,ENC106605,PT10549,GLU,Glucose,273,mg/dL,70,99,H,STAT,2024-08-15 13:00,2024-08-15 13:18,2024-08-15 13:52
LAB715762,ENC106605,PT10549,CREAT,Creatinine,1.03,mg/dL,0.6,1.3,N,STAT,2024-08-15 13:33,2024-08-15 14:00,2024-08-15 15:02
LAB715763,ENC106605,PT10549,WBC,White Blood Cell Count,8.6,K/uL,4.5,11,N,STAT,2024-08-15 12:37,2024-08-15 12:42,2024-08-15 13:21
LAB715764,ENC106605,PT10549,HGB,Hemoglobin,12.7,g/dL,12,17.5,N,Routine,2024-08-15 12:29,2024-08-15 12:40,2024-08-15 16:03
LAB715765,ENC106606,PT10002,GLU,Glucose,426,mg/dL,70,99,H,Routine,2024-08-15 10:40,2024-08-15 11:09,2024-08-15 14:00
LAB715766,ENC106606,PT10002,CREAT,Creatinine,0.96,mg/dL,0.6,1.3,N,Routine,2024-08-15 10:58,2024-08-15 11:33,2024-08-15 13:36
LAB715767,ENC106606,PT10002,WBC,White Blood Cell Count,8.8,K/uL,4.5,11,N,STAT,2024-08-15 11:03,2024-08-15 11:37,2024-08-15 12:40
LAB715768,ENC106606,PT10002,HGB,Hemoglobin,12.4,g/dL,12,17.5,N,STAT,2024-08-15 10:23,2024-08-15 10:43,2024-08-15 11:06
LAB715769,ENC106606,PT10002,A1C,Hemoglobin A1c,10.4,%,4,5.6,H,STAT,2024-08-15 10:14,2024-08-15 10:48,2024-08-15 11:07
LAB715770,ENC106608,PT12272,TROP,"Troponin I, High Sensitivity",9,ng/L,0,34,N,STAT,2024-08-15 10:33,2024-08-15 11:05,2024-08-15 11:54
LAB715771,ENC106609,PT11964,GLU,Glucose,118,mg/dL,70,99,H,STAT,2024-08-15 11:20,2024-08-15 11:55,2024-08-15 12:41
LAB715772,ENC106609,PT11964,CREAT,Creatinine,1.11,mg/dL,0.6,1.3,N,STAT,2024-08-15 11:02,2024-08-15 11:27,2024-08-15 12:04
LAB715773,ENC106609,PT11964,WBC,White Blood Cell Count,5.1,K/uL,4.5,11,N,Routine,2024-08-15 11:11,2024-08-15 11:36,2024-08-15 14:13
LAB715774,ENC106609,PT11964,HGB,Hemoglobin,13.1,g/dL,12,17.5,N,STAT,2024-08-15 10:40,2024-08-15 10:44,2024-08-15 11:21
LAB715775,ENC106609,PT11964,TROP,"Troponin I, High Sensitivity",64,ng/L,0,34,H,STAT,2024-08-15 11:10,2024-08-15 11:32,2024-08-15 12:13
LAB715776,ENC106610,PT12139,LDL,LDL Cholesterol,95,mg/dL,0,99,N,Routine,2024-08-15 11:31,2024-08-15 11:44,2024-08-16 11:32
LAB715777,ENC106611,PT10543,A1C,Hemoglobin A1c,10.7,%,4,5.6,H,Routine,2024-08-15 12:28,2024-08-15 12:50,2024-08-16 04:07
LAB715778,ENC106613,PT12331,GLU,Glucose,107,mg/dL,70,99,H,Routine,2024-08-15 13:30,2024-08-15 13:44,2024-08-15 17:05
LAB715779,ENC106613,PT12331,CREAT,Creatinine,0.83,mg/dL,0.6,1.3,N,STAT,2024-08-15 13:09,2024-08-15 13:33,2024-08-15 14:44
LAB715780,ENC106613,PT12331,WBC,White Blood Cell Count,17.9,K/uL,4.5,11,H,STAT,2024-08-15 13:47,2024-08-15 13:56,2024-08-15 15:27
LAB715781,ENC106615,PT10222,LDL,LDL Cholesterol,127,mg/dL,0,99,H,Routine,2024-08-15 13:59,2024-08-15 14:06,2024-08-16 03:33
LAB715782,ENC106615,PT10222,A1C,Hemoglobin A1c,4.9,%,4,5.6,N,Routine,2024-08-15 13:37,2024-08-15 13:44,2024-08-17 02:53
LAB715783,ENC106616,PT12546,LDL,LDL Cholesterol,141,mg/dL,0,99,H,Routine,2024-08-15 13:52,2024-08-15 14:14,2024-08-16 09:35
LAB715784,ENC106617,PT10461,GLU,Glucose,98,mg/dL,70,99,N,Routine,2024-08-15 14:51,2024-08-15 14:56,2024-08-15 17:37
LAB715785,ENC106617,PT10461,CREAT,Creatinine,1.01,mg/dL,0.6,1.3,N,STAT,2024-08-15 14:28,2024-08-15 14:38,2024-08-15 16:31
LAB715786,ENC106617,PT10461,WBC,White Blood Cell Count,7.5,K/uL,4.5,11,N,STAT,2024-08-15 14:47,2024-08-15 15:20,2024-08-15 15:40
LAB715787,ENC106617,PT10461,HGB,Hemoglobin,16.2,g/dL,12,17.5,N,Routine,2024-08-15 14:46,2024-08-15 14:54,2024-08-15 16:08
LAB715788,ENC106617,PT10461,TROP,"Troponin I, High Sensitivity",48,ng/L,0,34,H,STAT,2024-08-15 14:11,2024-08-15 14:23,2024-08-15 15:32
LAB715789,ENC106617,PT10461,BNP,B-Type Natriuretic Peptide,465,pg/mL,0,100,H,STAT,2024-08-15 14:40,2024-08-15 15:06,2024-08-15 15:42
LAB715790,ENC106619,PT13149,GLU,Glucose,253,mg/dL,70,99,H,Routine,2024-08-15 19:21,2024-08-15 19:47,2024-08-16 02:03
LAB715791,ENC106619,PT13149,CREAT,Creatinine,2.49,mg/dL,0.6,1.3,H,Routine,2024-08-15 19:24,2024-08-15 19:34,2024-08-15 22:25
LAB715792,ENC106619,PT13149,WBC,White Blood Cell Count,19.8,K/uL,4.5,11,H,Routine,2024-08-15 19:44,2024-08-15 20:12,2024-08-15 22:05
LAB715793,ENC106619,PT13149,HGB,Hemoglobin,13.8,g/dL,12,17.5,N,Routine,2024-08-15 18:46,2024-08-15 19:17,2024-08-15 21:56
LAB715794,ENC106619,PT13149,LACT,Lactate,2.4,mmol/L,0.5,2,H,STAT,2024-08-15 19:35,2024-08-15 19:52,2024-08-15 20:34
LAB715795,ENC106620,PT12524,LDL,LDL Cholesterol,165,mg/dL,0,99,H,Routine,2024-08-15 15:05,2024-08-15 15:40,2024-08-17 01:54
LAB715796,ENC106620,PT12524,A1C,Hemoglobin A1c,7.6,%,4,5.6,H,Routine,2024-08-15 15:13,2024-08-15 15:38,2024-08-16 04:17
LAB715797,ENC106621,PT10346,LDL,LDL Cholesterol,128,mg/dL,0,99,H,Routine,2024-08-15 15:13,2024-08-15 15:36,2024-08-16 03:41
LAB715798,ENC106624,PT13357,GLU,Glucose,95,mg/dL,70,99,N,STAT,2024-08-15 19:49,2024-08-15 20:13,2024-08-15 20:33
LAB715799,ENC106624,PT13357,CREAT,Creatinine,0.82,mg/dL,0.6,1.3,N,STAT,2024-08-15 19:29,2024-08-15 19:42,2024-08-15 20:31
LAB715800,ENC106624,PT13357,WBC,White Blood Cell Count,1.1,K/uL,4.5,11,L,Routine,2024-08-15 19:06,2024-08-15 19:34,2024-08-15 22:52
LAB715801,ENC106624,PT13357,HGB,Hemoglobin,13.5,g/dL,12,17.5,N,Routine,2024-08-15 19:31,2024-08-15 20:06,2024-08-15 22:55
LAB715802,ENC106625,PT13679,GLU,Glucose,102,mg/dL,70,99,H,Routine,2024-08-16 00:12,2024-08-16 00:26,2024-08-16 03:18
LAB715803,ENC106625,PT13679,CREAT,Creatinine,0.66,mg/dL,0.6,1.3,N,STAT,2024-08-16 00:12,2024-08-16 00:46,2024-08-16 01:27
LAB715804,ENC106625,PT13679,WBC,White Blood Cell Count,8.5,K/uL,4.5,11,N,STAT,2024-08-15 23:49,2024-08-16 00:20,2024-08-16 01:33
LAB715805,ENC106625,PT13679,HGB,Hemoglobin,15.1,g/dL,12,17.5,N,Routine,2024-08-16 00:24,2024-08-16 00:34,2024-08-16 04:46
LAB715806,ENC106625,PT13679,NA,Sodium,135,mmol/L,136,145,L,STAT,2024-08-16 00:03,2024-08-16 00:09,2024-08-16 00:39
LAB715807,ENC106625,PT13679,K,Potassium,4.3,mmol/L,3.5,5.1,N,STAT,2024-08-16 00:04,2024-08-16 00:11,2024-08-16 00:56
LAB715808,ENC106625,PT13679,TROP,"Troponin I, High Sensitivity",5,ng/L,0,34,N,STAT,2024-08-15 23:38,2024-08-15 23:55,2024-08-16 00:52
LAB715809,ENC106626,PT10612,GLU,Glucose,151,mg/dL,70,99,H,STAT,2024-08-15 22:33,2024-08-15 22:45,2024-08-15 23:33
LAB715810,ENC106626,PT10612,CREAT,Creatinine,1.03,mg/dL,0.6,1.3,N,Routine,2024-08-15 22:25,2024-08-15 22:36,2024-08-16 02:29
LAB715811,ENC106626,PT10612,WBC,White Blood Cell Count,7,K/uL,4.5,11,N,STAT,2024-08-15 23:11,2024-08-15 23:23,2024-08-16 00:24
LAB715812,ENC106626,PT10612,HGB,Hemoglobin,13,g/dL,12,17.5,N,Routine,2024-08-15 23:15,2024-08-15 23:44,2024-08-16 03:26
LAB715813,ENC106626,PT10612,INR,Prothrombin Time INR,1,ratio,0.8,1.2,N,STAT,2024-08-15 22:49,2024-08-15 23:16,2024-08-16 00:24
LAB715814,ENC106629,PT10601,GLU,Glucose,162,mg/dL,70,99,H,STAT,2024-08-15 23:04,2024-08-15 23:28,2024-08-16 00:43
LAB715815,ENC106629,PT10601,CREAT,Creatinine,0.95,mg/dL,0.6,1.3,N,Routine,2024-08-15 23:37,2024-08-16 00:06,2024-08-16 01:29
LAB715816,ENC106629,PT10601,WBC,White Blood Cell Count,7.2,K/uL,4.5,11,N,STAT,2024-08-15 22:44,2024-08-15 23:19,2024-08-16 00:57
LAB715817,ENC106630,PT12741,GLU,Glucose,114,mg/dL,70,99,H,Routine,2024-08-16 00:53,2024-08-16 00:58,2024-08-16 04:20
LAB715818,ENC106630,PT12741,CREAT,Creatinine,0.93,mg/dL,0.6,1.3,N,STAT,2024-08-16 00:57,2024-08-16 01:17,2024-08-16 02:13
LAB715819,ENC106630,PT12741,WBC,White Blood Cell Count,7.1,K/uL,4.5,11,N,Routine,2024-08-16 00:48,2024-08-16 01:08,2024-08-16 04:32
LAB715820,ENC106630,PT12741,HGB,Hemoglobin,14.6,g/dL,12,17.5,N,STAT,2024-08-16 00:03,2024-08-16 00:15,2024-08-16 01:06
LAB715821,ENC106631,PT13622,GLU,Glucose,85,mg/dL,70,99,N,STAT,2024-08-16 05:49,2024-08-16 06:10,2024-08-16 06:49
LAB715822,ENC106631,PT13622,CREAT,Creatinine,0.85,mg/dL,0.6,1.3,N,STAT,2024-08-16 05:51,2024-08-16 05:59,2024-08-16 06:53
LAB715823,ENC106631,PT13622,WBC,White Blood Cell Count,5.9,K/uL,4.5,11,N,STAT,2024-08-16 06:18,2024-08-16 06:27,2024-08-16 07:04
LAB715824,ENC106631,PT13622,HGB,Hemoglobin,13.6,g/dL,12,17.5,N,STAT,2024-08-16 06:19,2024-08-16 06:23,2024-08-16 06:42
LAB715825,ENC106634,PT13227,GLU,Glucose,91,mg/dL,70,99,N,Routine,2024-08-16 11:20,2024-08-16 11:32,2024-08-16 14:53
LAB715826,ENC106634,PT13227,CREAT,Creatinine,0.7,mg/dL,0.6,1.3,N,STAT,2024-08-16 11:21,2024-08-16 11:43,2024-08-16 12:28
LAB715827,ENC106634,PT13227,WBC,White Blood Cell Count,10.9,K/uL,4.5,11,N,Routine,2024-08-16 11:17,2024-08-16 11:36,2024-08-16 15:49
LAB715828,ENC106634,PT13227,HGB,Hemoglobin,14.6,g/dL,12,17.5,N,Routine,2024-08-16 11:05,2024-08-16 11:23,2024-08-16 13:12
LAB715829,ENC106636,PT10398,A1C,Hemoglobin A1c,8.5,%,4,5.6,H,Routine,2024-08-16 12:12,2024-08-16 12:18,2024-08-16 21:37
LAB715830,ENC106636,PT10398,GLU,Glucose,56,mg/dL,70,99,L,Routine,2024-08-16 12:10,2024-08-16 12:33,2024-08-16 14:24
LAB715831,ENC106636,PT10398,CREAT,Creatinine,0.8,mg/dL,0.6,1.3,N,Routine,2024-08-16 12:05,2024-08-16 12:14,2024-08-16 14:26
LAB715832,ENC106638,PT13235,GLU,Glucose,136,mg/dL,70,99,H,STAT,2024-08-16 16:03,2024-08-16 16:11,2024-08-16 16:57
LAB715833,ENC106638,PT13235,CREAT,Creatinine,1.18,mg/dL,0.6,1.3,N,Routine,2024-08-16 15:40,2024-08-16 16:03,2024-08-16 18:46
LAB715834,ENC106638,PT13235,WBC,White Blood Cell Count,8.5,K/uL,4.5,11,N,STAT,2024-08-16 16:13,2024-08-16 16:26,2024-08-16 16:51
LAB715835,ENC106638,PT13235,HGB,Hemoglobin,15.3,g/dL,12,17.5,N,STAT,2024-08-16 15:48,2024-08-16 15:55,2024-08-16 16:13
LAB715836,ENC106638,PT13235,NA,Sodium,129,mmol/L,136,145,L,STAT,2024-08-16 15:08,2024-08-16 15:14,2024-08-16 16:00
LAB715837,ENC106638,PT13235,K,Potassium,4.7,mmol/L,3.5,5.1,N,STAT,2024-08-16 16:08,2024-08-16 16:36,2024-08-16 17:06
LAB715838,ENC106639,PT13497,TROP,"Troponin I, High Sensitivity",10,ng/L,0,34,N,STAT,2024-08-16 14:00,2024-08-16 14:26,2024-08-16 15:34
LAB715839,ENC106641,PT13084,GLU,Glucose,179,mg/dL,70,99,H,Routine,2024-08-16 17:50,2024-08-16 18:15,2024-08-16 21:46
LAB715840,ENC106641,PT13084,CREAT,Creatinine,2.03,mg/dL,0.6,1.3,H,Routine,2024-08-16 17:52,2024-08-16 17:59,2024-08-16 21:01
LAB715841,ENC106641,PT13084,WBC,White Blood Cell Count,7.4,K/uL,4.5,11,N,Routine,2024-08-16 17:51,2024-08-16 18:17,2024-08-16 20:25
LAB715842,ENC106641,PT13084,HGB,Hemoglobin,10.7,g/dL,12,17.5,L,STAT,2024-08-16 17:28,2024-08-16 17:49,2024-08-16 18:45
LAB715843,ENC106641,PT13084,BUN,Blood Urea Nitrogen,19,mg/dL,7,20,N,Routine,2024-08-16 17:32,2024-08-16 18:04,2024-08-16 19:17
LAB715844,ENC106641,PT13084,PLT,Platelet Count,368,K/uL,150,400,N,Routine,2024-08-16 17:48,2024-08-16 18:01,2024-08-16 20:15
LAB715845,ENC106641,PT13084,TROP,"Troponin I, High Sensitivity",7,ng/L,0,34,N,STAT,2024-08-16 17:26,2024-08-16 17:34,2024-08-16 18:24
LAB715846,ENC106642,PT12335,A1C,Hemoglobin A1c,8.1,%,4,5.6,H,Routine,2024-08-16 16:21,2024-08-16 16:36,2024-08-17 09:07
LAB715847,ENC106643,PT10740,GLU,Glucose,140,mg/dL,70,99,H,STAT,2024-08-16 16:46,2024-08-16 17:13,2024-08-16 18:32
LAB715848,ENC106643,PT10740,CREAT,Creatinine,1.74,mg/dL,0.6,1.3,H,STAT,2024-08-16 17:04,2024-08-16 17:22,2024-08-16 18:24
LAB715849,ENC106643,PT10740,WBC,White Blood Cell Count,8.8,K/uL,4.5,11,N,STAT,2024-08-16 16:37,2024-08-16 16:45,2024-08-16 17:13
LAB715850,ENC106643,PT10740,HGB,Hemoglobin,11.4,g/dL,12,17.5,L,Routine,2024-08-16 17:12,2024-08-16 17:27,2024-08-16 18:27
LAB715851,ENC106643,PT10740,BUN,Blood Urea Nitrogen,18,mg/dL,7,20,N,Routine,2024-08-16 17:29,2024-08-16 17:48,2024-08-16 19:31
LAB715852,ENC106643,PT10740,PLT,Platelet Count,282,K/uL,150,400,N,Routine,2024-08-16 16:51,2024-08-16 17:25,2024-08-16 21:49
LAB715853,ENC106643,PT10740,TROP,"Troponin I, High Sensitivity",367,ng/L,0,34,H,STAT,2024-08-16 17:03,2024-08-16 17:35,2024-08-16 18:18
LAB715854,ENC106644,PT10546,GLU,Glucose,170,mg/dL,70,99,H,STAT,2024-08-16 20:27,2024-08-16 20:47,2024-08-16 21:28
LAB715855,ENC106644,PT10546,CREAT,Creatinine,1.9,mg/dL,0.6,1.3,H,STAT,2024-08-16 20:02,2024-08-16 20:25,2024-08-16 21:29
LAB715856,ENC106644,PT10546,WBC,White Blood Cell Count,16.7,K/uL,4.5,11,H,STAT,2024-08-16 20:33,2024-08-16 20:44,2024-08-16 21:37
LAB715857,ENC106644,PT10546,HGB,Hemoglobin,12.4,g/dL,12,17.5,N,Routine,2024-08-16 21:02,2024-08-16 21:20,2024-08-16 22:38
LAB715858,ENC106644,PT10546,LACT,Lactate,2.4,mmol/L,0.5,2,H,STAT,2024-08-16 20:25,2024-08-16 20:48,2024-08-16 21:22
LAB715859,ENC106645,PT10353,GLU,Glucose,99,mg/dL,70,99,N,STAT,2024-08-16 19:06,2024-08-16 19:10,2024-08-16 19:51
LAB715860,ENC106645,PT10353,CREAT,Creatinine,0.83,mg/dL,0.6,1.3,N,STAT,2024-08-16 18:18,2024-08-16 18:35,2024-08-16 19:37
LAB715861,ENC106645,PT10353,WBC,White Blood Cell Count,7.7,K/uL,4.5,11,N,STAT,2024-08-16 18:41,2024-08-16 19:03,2024-08-16 20:17
LAB715862,ENC106645,PT10353,INR,Prothrombin Time INR,1.1,ratio,0.8,1.2,N,STAT,2024-08-16 19:05,2024-08-16 19:28,2024-08-16 20:46
LAB715863,ENC106646,PT12248,GLU,Glucose,107,mg/dL,70,99,H,STAT,2024-08-16 22:03,2024-08-16 22:23,2024-08-17 00:04
LAB715864,ENC106646,PT12248,CREAT,Creatinine,1.06,mg/dL,0.6,1.3,N,Routine,2024-08-16 22:37,2024-08-16 23:11,2024-08-17 01:38
LAB715865,ENC106646,PT12248,WBC,White Blood Cell Count,7.3,K/uL,4.5,11,N,Routine,2024-08-16 21:35,2024-08-16 21:41,2024-08-17 00:20
LAB715866,ENC106646,PT12248,HGB,Hemoglobin,15,g/dL,12,17.5,N,STAT,2024-08-16 22:17,2024-08-16 22:24,2024-08-16 22:58
LAB715867,ENC106646,PT12248,NA,Sodium,139,mmol/L,136,145,N,STAT,2024-08-16 22:22,2024-08-16 22:33,2024-08-16 23:13
LAB715868,ENC106646,PT12248,K,Potassium,3.5,mmol/L,3.5,5.1,N,STAT,2024-08-16 22:12,2024-08-16 22:38,2024-08-16 23:10
LAB715869,ENC106647,PT11505,GLU,Glucose,122,mg/dL,70,99,H,STAT,2024-08-16 19:30,2024-08-16 19:49,2024-08-16 20:39
LAB715870,ENC106647,PT11505,CREAT,Creatinine,0.62,mg/dL,0.6,1.3,N,STAT,2024-08-16 18:31,2024-08-16 18:39,2024-08-16 19:11
LAB715871,ENC106647,PT11505,WBC,White Blood Cell Count,7.2,K/uL,4.5,11,N,Routine,2024-08-16 19:18,2024-08-16 19:48,2024-08-17 01:04
LAB715872,ENC106647,PT11505,TROP,"Troponin I, High Sensitivity",10,ng/L,0,34,N,STAT,2024-08-16 19:09,2024-08-16 19:18,2024-08-16 20:12
LAB715873,ENC106648,PT13609,GLU,Glucose,255,mg/dL,70,99,H,STAT,2024-08-16 21:54,2024-08-16 22:10,2024-08-16 23:07
LAB715874,ENC106648,PT13609,CREAT,Creatinine,0.76,mg/dL,0.6,1.3,N,STAT,2024-08-16 22:21,2024-08-16 22:35,2024-08-16 23:06
LAB715875,ENC106648,PT13609,WBC,White Blood Cell Count,5.6,K/uL,4.5,11,N,Routine,2024-08-16 22:22,2024-08-16 22:36,2024-08-16 23:44
LAB715876,ENC106648,PT13609,HGB,Hemoglobin,14.1,g/dL,12,17.5,N,STAT,2024-08-16 22:44,2024-08-16 22:52,2024-08-17 00:10
LAB715877,ENC106648,PT13609,NA,Sodium,145,mmol/L,136,145,N,STAT,2024-08-16 22:39,2024-08-16 22:48,2024-08-16 23:51
LAB715878,ENC106648,PT13609,K,Potassium,4.1,mmol/L,3.5,5.1,N,STAT,2024-08-16 22:46,2024-08-16 23:12,2024-08-17 00:02
LAB715879,ENC106648,PT13609,A1C,Hemoglobin A1c,6.8,%,4,5.6,H,Routine,2024-08-16 22:45,2024-08-16 22:59,2024-08-17 18:42
LAB715880,ENC106649,PT11997,GLU,Glucose,78,mg/dL,70,99,N,STAT,2024-08-17 02:47,2024-08-17 03:16,2024-08-17 03:40
LAB715881,ENC106649,PT11997,CREAT,Creatinine,1.84,mg/dL,0.6,1.3,H,STAT,2024-08-17 02:53,2024-08-17 03:04,2024-08-17 03:43
LAB715882,ENC106649,PT11997,WBC,White Blood Cell Count,26.2,K/uL,4.5,11,H,STAT,2024-08-17 02:32,2024-08-17 02:36,2024-08-17 03:20
LAB715883,ENC106649,PT11997,HGB,Hemoglobin,11.9,g/dL,12,17.5,L,Routine,2024-08-17 02:32,2024-08-17 02:58,2024-08-17 04:44
LAB715884,ENC106649,PT11997,LACT,Lactate,2.6,mmol/L,0.5,2,H,STAT,2024-08-17 02:32,2024-08-17 03:00,2024-08-17 03:38
LAB715885,ENC106650,PT10406,GLU,Glucose,106,mg/dL,70,99,H,Routine,2024-08-16 23:43,2024-08-17 00:06,2024-08-17 04:35
LAB715886,ENC106650,PT10406,CREAT,Creatinine,1.27,mg/dL,0.6,1.3,N,Routine,2024-08-16 23:25,2024-08-16 23:29,2024-08-17 01:36
LAB715887,ENC106650,PT10406,WBC,White Blood Cell Count,6.6,K/uL,4.5,11,N,STAT,2024-08-16 23:45,2024-08-17 00:14,2024-08-17 00:44
LAB715888,ENC106650,PT10406,HGB,Hemoglobin,12.2,g/dL,12,17.5,N,STAT,2024-08-16 23:33,2024-08-16 23:49,2024-08-17 00:56
LAB715889,ENC106651,PT13335,GLU,Glucose,96,mg/dL,70,99,N,Routine,2024-08-17 02:49,2024-08-17 03:15,2024-08-17 07:20
LAB715890,ENC106651,PT13335,CREAT,Creatinine,0.93,mg/dL,0.6,1.3,N,Routine,2024-08-17 02:51,2024-08-17 03:16,2024-08-17 04:15
LAB715891,ENC106651,PT13335,WBC,White Blood Cell Count,5.3,K/uL,4.5,11,N,STAT,2024-08-17 03:11,2024-08-17 03:22,2024-08-17 03:52
LAB715892,ENC106651,PT13335,HGB,Hemoglobin,15.8,g/dL,12,17.5,N,STAT,2024-08-17 02:49,2024-08-17 03:21,2024-08-17 04:11
LAB715893,ENC106654,PT11774,GLU,Glucose,116,mg/dL,70,99,H,Routine,2024-08-17 08:23,2024-08-17 08:53,2024-08-17 11:29
LAB715894,ENC106654,PT11774,CREAT,Creatinine,0.73,mg/dL,0.6,1.3,N,Routine,2024-08-17 08:01,2024-08-17 08:36,2024-08-17 10:57
LAB715895,ENC106654,PT11774,WBC,White Blood Cell Count,8.8,K/uL,4.5,11,N,STAT,2024-08-17 08:16,2024-08-17 08:46,2024-08-17 09:19
LAB715896,ENC106654,PT11774,HGB,Hemoglobin,11.1,g/dL,12,17.5,L,STAT,2024-08-17 09:03,2024-08-17 09:12,2024-08-17 09:53
LAB715897,ENC106657,PT10628,GLU,Glucose,90,mg/dL,70,99,N,STAT,2024-08-17 14:49,2024-08-17 15:11,2024-08-17 15:55
LAB715898,ENC106657,PT10628,CREAT,Creatinine,1.01,mg/dL,0.6,1.3,N,STAT,2024-08-17 15:10,2024-08-17 15:16,2024-08-17 15:54
LAB715899,ENC106657,PT10628,WBC,White Blood Cell Count,19.8,K/uL,4.5,11,H,Routine,2024-08-17 15:15,2024-08-17 15:44,2024-08-17 19:31
LAB715900,ENC106657,PT10628,HGB,Hemoglobin,13.6,g/dL,12,17.5,N,STAT,2024-08-17 15:18,2024-08-17 15:36,2024-08-17 16:33
LAB715901,ENC106657,PT10628,NA,Sodium,139,mmol/L,136,145,N,STAT,2024-08-17 14:34,2024-08-17 14:44,2024-08-17 15:40
LAB715902,ENC106657,PT10628,K,Potassium,4.4,mmol/L,3.5,5.1,N,STAT,2024-08-17 15:11,2024-08-17 15:20,2024-08-17 15:56
LAB715903,ENC106657,PT10628,BUN,Blood Urea Nitrogen,16,mg/dL,7,20,N,STAT,2024-08-17 14:27,2024-08-17 14:46,2024-08-17 15:32
LAB715904,ENC106657,PT10628,PLT,Platelet Count,258,K/uL,150,400,N,Routine,2024-08-17 15:34,2024-08-17 15:53,2024-08-17 17:24
LAB715905,ENC106659,PT13672,GLU,Glucose,112,mg/dL,70,99,H,Routine,2024-08-17 14:31,2024-08-17 14:43,2024-08-17 18:16
LAB715906,ENC106659,PT13672,CREAT,Creatinine,1.15,mg/dL,0.6,1.3,N,Routine,2024-08-17 14:27,2024-08-17 14:42,2024-08-17 16:57
LAB715907,ENC106659,PT13672,WBC,White Blood Cell Count,5.6,K/uL,4.5,11,N,STAT,2024-08-17 13:53,2024-08-17 14:16,2024-08-17 14:44
LAB715908,ENC106659,PT13672,HGB,Hemoglobin,9,g/dL,12,17.5,L,STAT,2024-08-17 14:13,2024-08-17 14:17,2024-08-17 15:19
LAB715909,ENC106660,PT12502,GLU,Glucose,84,mg/dL,70,99,N,Routine,2024-08-17 14:16,2024-08-17 14:40,2024-08-17 18:40
LAB715910,ENC106660,PT12502,CREAT,Creatinine,2.16,mg/dL,0.6,1.3,H,Routine,2024-08-17 14:25,2024-08-17 14:37,2024-08-17 19:31
LAB715911,ENC106660,PT12502,WBC,White Blood Cell Count,8.2,K/uL,4.5,11,N,STAT,2024-08-17 14:20,2024-08-17 14:27,2024-08-17 15:55
LAB715912,ENC106660,PT12502,HGB,Hemoglobin,9.1,g/dL,12,17.5,L,STAT,2024-08-17 14:25,2024-08-17 14:44,2024-08-17 15:15
LAB715913,ENC106660,PT12502,NA,Sodium,121,mmol/L,136,145,L,Routine,2024-08-17 13:52,2024-08-17 13:56,2024-08-17 15:54
LAB715914,ENC106660,PT12502,K,Potassium,4.3,mmol/L,3.5,5.1,N,STAT,2024-08-17 14:30,2024-08-17 14:49,2024-08-17 15:42
LAB715915,ENC106661,PT13588,GLU,Glucose,100,mg/dL,70,99,H,STAT,2024-08-17 19:18,2024-08-17 19:25,2024-08-17 20:00
LAB715916,ENC106661,PT13588,CREAT,Creatinine,2.38,mg/dL,0.6,1.3,H,Routine,2024-08-17 18:25,2024-08-17 18:59,2024-08-17 22:08
LAB715917,ENC106661,PT13588,WBC,White Blood Cell Count,7.2,K/uL,4.5,11,N,Routine,2024-08-17 19:06,2024-08-17 19:23,2024-08-17 22:41
LAB715918,ENC106661,PT13588,HGB,Hemoglobin,12.1,g/dL,12,17.5,N,STAT,2024-08-17 18:54,2024-08-17 19:05,2024-08-17 20:07
LAB715919,ENC106664,PT10972,GLU,Glucose,150,mg/dL,70,99,H,Routine,2024-08-17 18:47,2024-08-17 18:58,2024-08-17 22:14
LAB715920,ENC106664,PT10972,CREAT,Creatinine,0.52,mg/dL,0.6,1.3,L,STAT,2024-08-17 18:55,2024-08-17 18:59,2024-08-17 19:47
LAB715921,ENC106664,PT10972,WBC,White Blood Cell Count,15.5,K/uL,4.5,11,H,Routine,2024-08-17 18:47,2024-08-17 19:19,2024-08-18 00:41
LAB715922,ENC106664,PT10972,HGB,Hemoglobin,14,g/dL,12,17.5,N,Routine,2024-08-17 19:02,2024-08-17 19:09,2024-08-17 21:18
LAB715923,ENC106664,PT10972,LACT,Lactate,2.3,mmol/L,0.5,2,H,STAT,2024-08-17 19:34,2024-08-17 20:00,2024-08-17 20:45
LAB715924,ENC106666,PT11521,GLU,Glucose,117,mg/dL,70,99,H,Routine,2024-08-17 18:19,2024-08-17 18:46,2024-08-17 21:02
LAB715925,ENC106666,PT11521,CREAT,Creatinine,0.87,mg/dL,0.6,1.3,N,STAT,2024-08-17 19:06,2024-08-17 19:14,2024-08-17 20:21
LAB715926,ENC106666,PT11521,WBC,White Blood Cell Count,15.1,K/uL,4.5,11,H,Routine,2024-08-17 19:19,2024-08-17 19:30,2024-08-17 22:54
LAB715927,ENC106666,PT11521,HGB,Hemoglobin,13.2,g/dL,12,17.5,N,Routine,2024-08-17 19:01,2024-08-17 19:26,2024-08-17 23:27
LAB715928,ENC106667,PT10201,GLU,Glucose,102,mg/dL,70,99,H,Routine,2024-08-17 19:44,2024-08-17 20:17,2024-08-17 22:27
LAB715929,ENC106667,PT10201,CREAT,Creatinine,1.28,mg/dL,0.6,1.3,N,Routine,2024-08-17 20:07,2024-08-17 20:14,2024-08-17 21:31
LAB715930,ENC106667,PT10201,WBC,White Blood Cell Count,5.5,K/uL,4.5,11,N,STAT,2024-08-17 19:55,2024-08-17 20:22,2024-08-17 21:02
LAB715931,ENC106667,PT10201,HGB,Hemoglobin,15.8,g/dL,12,17.5,N,STAT,2024-08-17 19:40,2024-08-17 20:11,2024-08-17 20:43
LAB715932,ENC106668,PT11452,GLU,Glucose,69,mg/dL,70,99,L,STAT,2024-08-17 22:45,2024-08-17 22:59,2024-08-17 23:41
LAB715933,ENC106668,PT11452,CREAT,Creatinine,0.89,mg/dL,0.6,1.3,N,STAT,2024-08-17 22:33,2024-08-17 22:45,2024-08-17 23:27
LAB715934,ENC106668,PT11452,WBC,White Blood Cell Count,6.7,K/uL,4.5,11,N,STAT,2024-08-17 22:27,2024-08-17 22:45,2024-08-17 23:18
LAB715935,ENC106668,PT11452,HGB,Hemoglobin,13.4,g/dL,12,17.5,N,Routine,2024-08-17 22:52,2024-08-17 23:06,2024-08-18 00:22
LAB715936,ENC106669,PT13848,GLU,Glucose,109,mg/dL,70,99,H,Routine,2024-08-17 21:38,2024-08-17 21:46,2024-08-18 00:58
LAB715937,ENC106669,PT13848,CREAT,Creatinine,0.45,mg/dL,0.6,1.3,L,Routine,2024-08-17 21:32,2024-08-17 22:05,2024-08-18 00:27
LAB715938,ENC106669,PT13848,WBC,White Blood Cell Count,5.3,K/uL,4.5,11,N,STAT,2024-08-17 22:25,2024-08-17 23:00,2024-08-17 23:17
LAB715939,ENC106669,PT13848,HGB,Hemoglobin,16.1,g/dL,12,17.5,N,Routine,2024-08-17 21:58,2024-08-17 22:09,2024-08-17 23:52
LAB715940,ENC106669,PT13848,BUN,Blood Urea Nitrogen,14,mg/dL,7,20,N,STAT,2024-08-17 21:50,2024-08-17 22:19,2024-08-17 23:02
LAB715941,ENC106669,PT13848,PLT,Platelet Count,299,K/uL,150,400,N,STAT,2024-08-17 21:59,2024-08-17 22:30,2024-08-17 22:59
LAB715942,ENC106671,PT12374,GLU,Glucose,116,mg/dL,70,99,H,STAT,2024-08-18 00:46,2024-08-18 01:05,2024-08-18 01:39
LAB715943,ENC106671,PT12374,CREAT,Creatinine,1.23,mg/dL,0.6,1.3,N,Routine,2024-08-18 00:27,2024-08-18 00:49,2024-08-18 03:41
LAB715944,ENC106671,PT12374,WBC,White Blood Cell Count,9.2,K/uL,4.5,11,N,STAT,2024-08-18 00:34,2024-08-18 00:48,2024-08-18 01:56
LAB715945,ENC106671,PT12374,HGB,Hemoglobin,14.2,g/dL,12,17.5,N,STAT,2024-08-18 00:46,2024-08-18 01:05,2024-08-18 01:27
LAB715946,ENC106671,PT12374,INR,Prothrombin Time INR,1.1,ratio,0.8,1.2,N,STAT,2024-08-18 00:22,2024-08-18 00:30,2024-08-18 01:07
LAB715947,ENC106672,PT11413,GLU,Glucose,136,mg/dL,70,99,H,STAT,2024-08-18 07:36,2024-08-18 07:47,2024-08-18 08:35
LAB715948,ENC106672,PT11413,CREAT,Creatinine,0.93,mg/dL,0.6,1.3,N,STAT,2024-08-18 07:20,2024-08-18 07:38,2024-08-18 08:07
LAB715949,ENC106672,PT11413,WBC,White Blood Cell Count,9.1,K/uL,4.5,11,N,STAT,2024-08-18 06:43,2024-08-18 06:53,2024-08-18 07:32
LAB715950,ENC106672,PT11413,HGB,Hemoglobin,12.5,g/dL,12,17.5,N,STAT,2024-08-18 06:54,2024-08-18 07:22,2024-08-18 08:15
LAB715951,ENC106672,PT11413,TROP,"Troponin I, High Sensitivity",9,ng/L,0,34,N,STAT,2024-08-18 06:41,2024-08-18 07:12,2024-08-18 08:06
LAB715952,ENC106673,PT10233,GLU,Glucose,73,mg/dL,70,99,N,STAT,2024-08-18 11:24,2024-08-18 11:52,2024-08-18 12:41
LAB715953,ENC106673,PT10233,CREAT,Creatinine,1.14,mg/dL,0.6,1.3,N,STAT,2024-08-18 10:26,2024-08-18 10:31,2024-08-18 11:42
LAB715954,ENC106673,PT10233,WBC,White Blood Cell Count,11,K/uL,4.5,11,N,STAT,2024-08-18 10:37,2024-08-18 10:45,2024-08-18 11:15
LAB715955,ENC106673,PT10233,HGB,Hemoglobin,15,g/dL,12,17.5,N,STAT,2024-08-18 11:16,2024-08-18 11:21,2024-08-18 12:22
LAB715956,ENC106674,PT10750,GLU,Glucose,119,mg/dL,70,99,H,Routine,2024-08-18 10:32,2024-08-18 10:45,2024-08-18 11:49
LAB715957,ENC106674,PT10750,CREAT,Creatinine,1.76,mg/dL,0.6,1.3,H,STAT,2024-08-18 11:05,2024-08-18 11:20,2024-08-18 12:24
LAB715958,ENC106674,PT10750,WBC,White Blood Cell Count,8.6,K/uL,4.5,11,N,Routine,2024-08-18 11:00,2024-08-18 11:21,2024-08-18 13:53
LAB715959,ENC106674,PT10750,HGB,Hemoglobin,8.9,g/dL,12,17.5,L,Routine,2024-08-18 10:37,2024-08-18 10:48,2024-08-18 12:28
LAB715960,ENC106675,PT10243,GLU,Glucose,262,mg/dL,70,99,H,Routine,2024-08-18 14:09,2024-08-18 14:21,2024-08-18 16:50
LAB715961,ENC106675,PT10243,CREAT,Creatinine,0.77,mg/dL,0.6,1.3,N,STAT,2024-08-18 13:33,2024-08-18 14:06,2024-08-18 15:03
LAB715962,ENC106675,PT10243,WBC,White Blood Cell Count,6.1,K/uL,4.5,11,N,STAT,2024-08-18 14:07,2024-08-18 14:37,2024-08-18 15:14
LAB715963,ENC106676,PT10551,GLU,Glucose,87,mg/dL,70,99,N,Routine,2024-08-18 22:14,2024-08-18 22:43,2024-08-19 01:53
LAB715964,ENC106676,PT10551,CREAT,Creatinine,0.83,mg/dL,0.6,1.3,N,Routine,2024-08-18 22:21,2024-08-18 22:26,2024-08-19 00:40
LAB715965,ENC106676,PT10551,WBC,White Blood Cell Count,5.8,K/uL,4.5,11,N,STAT,2024-08-18 21:31,2024-08-18 21:43,2024-08-18 22:21
LAB715966,ENC106676,PT10551,HGB,Hemoglobin,13.3,g/dL,12,17.5,N,STAT,2024-08-18 21:47,2024-08-18 21:57,2024-08-18 22:56
LAB715967,ENC106677,PT13359,GLU,Glucose,109,mg/dL,70,99,H,STAT,2024-08-18 21:41,2024-08-18 22:12,2024-08-18 22:45
LAB715968,ENC106677,PT13359,CREAT,Creatinine,0.9,mg/dL,0.6,1.3,N,STAT,2024-08-18 21:01,2024-08-18 21:20,2024-08-18 21:42
LAB715969,ENC106677,PT13359,WBC,White Blood Cell Count,9.2,K/uL,4.5,11,N,STAT,2024-08-18 21:14,2024-08-18 21:36,2024-08-18 22:45
LAB715970,ENC106677,PT13359,HGB,Hemoglobin,12.9,g/dL,12,17.5,N,STAT,2024-08-18 21:38,2024-08-18 21:56,2024-08-18 23:08
LAB715971,ENC106677,PT13359,NA,Sodium,140,mmol/L,136,145,N,STAT,2024-08-18 21:19,2024-08-18 21:36,2024-08-18 22:09
LAB715972,ENC106677,PT13359,K,Potassium,4.6,mmol/L,3.5,5.1,N,STAT,2024-08-18 21:34,2024-08-18 21:44,2024-08-18 22:20
LAB715973,ENC106678,PT11386,GLU,Glucose,96,mg/dL,70,99,N,STAT,2024-08-18 18:24,2024-08-18 18:52,2024-08-18 19:24
LAB715974,ENC106678,PT11386,CREAT,Creatinine,1.03,mg/dL,0.6,1.3,N,STAT,2024-08-18 17:40,2024-08-18 18:06,2024-08-18 18:57
LAB715975,ENC106678,PT11386,WBC,White Blood Cell Count,7.7,K/uL,4.5,11,N,STAT,2024-08-18 18:09,2024-08-18 18:33,2024-08-18 19:42
LAB715976,ENC106679,PT12504,GLU,Glucose,135,mg/dL,70,99,H,STAT,2024-08-18 19:44,2024-08-18 20:19,2024-08-18 20:55
LAB715977,ENC106679,PT12504,CREAT,Creatinine,1.11,mg/dL,0.6,1.3,N,Routine,2024-08-18 19:36,2024-08-18 20:11,2024-08-18 22:25
LAB715978,ENC106679,PT12504,WBC,White Blood Cell Count,6.6,K/uL,4.5,11,N,STAT,2024-08-18 19:50,2024-08-18 19:55,2024-08-18 21:23
LAB715979,ENC106679,PT12504,HGB,Hemoglobin,13.4,g/dL,12,17.5,N,STAT,2024-08-18 20:27,2024-08-18 20:56,2024-08-18 22:01
LAB715980,ENC106680,PT13068,GLU,Glucose,117,mg/dL,70,99,H,Routine,2024-08-18 23:42,2024-08-19 00:12,2024-08-19 01:34
LAB715981,ENC106680,PT13068,CREAT,Creatinine,3.01,mg/dL,0.6,1.3,H,STAT,2024-08-19 00:06,2024-08-19 00:38,2024-08-19 01:08
LAB715982,ENC106680,PT13068,WBC,White Blood Cell Count,9,K/uL,4.5,11,N,Routine,2024-08-18 23:46,2024-08-18 23:57,2024-08-19 01:37
LAB715983,ENC106680,PT13068,HGB,Hemoglobin,14.9,g/dL,12,17.5,N,STAT,2024-08-19 00:29,2024-08-19 01:01,2024-08-19 01:50
LAB715984,ENC106680,PT13068,NA,Sodium,143,mmol/L,136,145,N,Routine,2024-08-19 00:33,2024-08-19 01:00,2024-08-19 04:17
LAB715985,ENC106680,PT13068,K,Potassium,5.4,mmol/L,3.5,5.1,H,STAT,2024-08-19 00:21,2024-08-19 00:44,2024-08-19 01:17
LAB715986,ENC106682,PT11681,GLU,Glucose,104,mg/dL,70,99,H,STAT,2024-08-18 20:31,2024-08-18 20:41,2024-08-18 21:21
LAB715987,ENC106682,PT11681,CREAT,Creatinine,0.59,mg/dL,0.6,1.3,L,Routine,2024-08-18 20:38,2024-08-18 20:54,2024-08-18 23:27
LAB715988,ENC106682,PT11681,WBC,White Blood Cell Count,7.5,K/uL,4.5,11,N,Routine,2024-08-18 20:40,2024-08-18 20:54,2024-08-18 23:23
LAB715989,ENC106683,PT10769,GLU,Glucose,113,mg/dL,70,99,H,Routine,2024-08-19 03:04,2024-08-19 03:34,2024-08-19 06:25
LAB715990,ENC106683,PT10769,CREAT,Creatinine,0.86,mg/dL,0.6,1.3,N,STAT,2024-08-19 03:44,2024-08-19 03:53,2024-08-19 04:39
LAB715991,ENC106683,PT10769,WBC,White Blood Cell Count,5.4,K/uL,4.5,11,N,STAT,2024-08-19 03:41,2024-08-19 04:10,2024-08-19 05:12
LAB715992,ENC106683,PT10769,HGB,Hemoglobin,12.4,g/dL,12,17.5,N,STAT,2024-08-19 04:10,2024-08-19 04:43,2024-08-19 05:14
LAB715993,ENC106683,PT10769,NA,Sodium,139,mmol/L,136,145,N,STAT,2024-08-19 03:31,2024-08-19 03:45,2024-08-19 05:14
LAB715994,ENC106683,PT10769,K,Potassium,3.8,mmol/L,3.5,5.1,N,STAT,2024-08-19 03:35,2024-08-19 03:58,2024-08-19 04:56
LAB715995,ENC106683,PT10769,TROP,"Troponin I, High Sensitivity",2,ng/L,0,34,N,STAT,2024-08-19 03:37,2024-08-19 03:52,2024-08-19 04:32
LAB715996,ENC106684,PT12748,GLU,Glucose,72,mg/dL,70,99,N,Routine,2024-08-19 05:27,2024-08-19 05:55,2024-08-19 08:41
LAB715997,ENC106684,PT12748,CREAT,Creatinine,0.85,mg/dL,0.6,1.3,N,STAT,2024-08-19 05:56,2024-08-19 06:02,2024-08-19 06:28
LAB715998,ENC106684,PT12748,WBC,White Blood Cell Count,9,K/uL,4.5,11,N,STAT,2024-08-19 04:50,2024-08-19 05:10,2024-08-19 06:01
LAB715999,ENC106684,PT12748,HGB,Hemoglobin,14.9,g/dL,12,17.5,N,STAT,2024-08-19 05:58,2024-08-19 06:07,2024-08-19 06:46
LAB716000,ENC106686,PT13519,GLU,Glucose,141,mg/dL,70,99,H,STAT,2024-08-19 11:39,2024-08-19 11:56,2024-08-19 12:46
LAB716001,ENC106686,PT13519,CREAT,Creatinine,0.78,mg/dL,0.6,1.3,N,Routine,2024-08-19 12:29,2024-08-19 12:56,2024-08-19 16:29
LAB716002,ENC106686,PT13519,WBC,White Blood Cell Count,5.7,K/uL,4.5,11,N,Routine,2024-08-19 12:06,2024-08-19 12:16,2024-08-19 14:31
LAB716003,ENC106686,PT13519,HGB,Hemoglobin,15.8,g/dL,12,17.5,N,Routine,2024-08-19 12:22,2024-08-19 12:36,2024-08-19 14:46
LAB716004,ENC106686,PT13519,NA,Sodium,139,mmol/L,136,145,N,Routine,2024-08-19 12:11,2024-08-19 12:46,2024-08-19 14:07
LAB716005,ENC106686,PT13519,K,Potassium,4.1,mmol/L,3.5,5.1,N,STAT,2024-08-19 12:22,2024-08-19 12:40,2024-08-19 12:54
LAB716006,ENC106686,PT13519,TROP,"Troponin I, High Sensitivity",7,ng/L,0,34,N,STAT,2024-08-19 12:03,2024-08-19 12:18,2024-08-19 13:05
LAB716007,ENC106686,PT13519,BNP,B-Type Natriuretic Peptide,1097,pg/mL,0,100,H,STAT,2024-08-19 12:09,2024-08-19 12:16,2024-08-19 12:45
LAB716008,ENC106687,PT10560,LDL,LDL Cholesterol,178,mg/dL,0,99,H,Routine,2024-08-19 08:50,2024-08-19 08:56,2024-08-19 21:25
LAB716009,ENC106687,PT10560,A1C,Hemoglobin A1c,6.8,%,4,5.6,H,Routine,2024-08-19 08:36,2024-08-19 09:08,2024-08-19 21:28
LAB716010,ENC106689,PT13386,INR,Prothrombin Time INR,2.5,ratio,0.8,1.2,H,Routine,2024-08-19 10:24,2024-08-19 10:39,2024-08-19 13:41
LAB716011,ENC106693,PT11328,GLU,Glucose,103,mg/dL,70,99,H,STAT,2024-08-19 16:12,2024-08-19 16:42,2024-08-19 17:28
LAB716012,ENC106693,PT11328,CREAT,Creatinine,1,mg/dL,0.6,1.3,N,STAT,2024-08-19 15:50,2024-08-19 16:15,2024-08-19 17:28
LAB716013,ENC106693,PT11328,WBC,White Blood Cell Count,4.3,K/uL,4.5,11,L,STAT,2024-08-19 16:28,2024-08-19 16:41,2024-08-19 17:57
LAB716014,ENC106693,PT11328,HGB,Hemoglobin,14.4,g/dL,12,17.5,N,STAT,2024-08-19 15:45,2024-08-19 16:00,2024-08-19 17:37
LAB716015,ENC106693,PT11328,BUN,Blood Urea Nitrogen,9,mg/dL,7,20,N,Routine,2024-08-19 15:55,2024-08-19 16:00,2024-08-19 19:45
LAB716016,ENC106693,PT11328,PLT,Platelet Count,232,K/uL,150,400,N,Routine,2024-08-19 16:00,2024-08-19 16:29,2024-08-19 20:51
LAB716017,ENC106693,PT11328,TROP,"Troponin I, High Sensitivity",84,ng/L,0,34,H,STAT,2024-08-19 15:54,2024-08-19 16:03,2024-08-19 17:01
LAB716018,ENC106693,PT11328,BNP,B-Type Natriuretic Peptide,2258,pg/mL,0,100,H,STAT,2024-08-19 15:47,2024-08-19 16:16,2024-08-19 16:44
LAB716019,ENC106696,PT11573,TROP,"Troponin I, High Sensitivity",6,ng/L,0,34,N,STAT,2024-08-19 11:50,2024-08-19 12:01,2024-08-19 12:32
LAB716020,ENC106698,PT10198,TROP,"Troponin I, High Sensitivity",4,ng/L,0,34,N,STAT,2024-08-19 12:49,2024-08-19 12:57,2024-08-19 14:12
LAB716021,ENC106699,PT12554,A1C,Hemoglobin A1c,8.3,%,4,5.6,H,Routine,2024-08-19 12:46,2024-08-19 12:58,2024-08-19 21:35
LAB716022,ENC106699,PT12554,GLU,Glucose,188,mg/dL,70,99,H,Routine,2024-08-19 12:40,2024-08-19 13:00,2024-08-19 18:21
LAB716023,ENC106699,PT12554,CREAT,Creatinine,0.73,mg/dL,0.6,1.3,N,Routine,2024-08-19 12:42,2024-08-19 13:05,2024-08-20 00:18
LAB716024,ENC106701,PT11105,GLU,Glucose,142,mg/dL,70,99,H,Routine,2024-08-19 18:00,2024-08-19 18:06,2024-08-19 20:15
LAB716025,ENC106701,PT11105,CREAT,Creatinine,2.03,mg/dL,0.6,1.3,H,Routine,2024-08-19 17:43,2024-08-19 18:14,2024-08-19 19:32
LAB716026,ENC106701,PT11105,WBC,White Blood Cell Count,22.4,K/uL,4.5,11,H,Routine,2024-08-19 17:22,2024-08-19 17:36,2024-08-19 22:03
LAB716027,ENC106701,PT11105,HGB,Hemoglobin,14.7,g/dL,12,17.5,N,Routine,2024-08-19 18:15,2024-08-19 18:39,2024-08-19 21:28
LAB716028,ENC106701,PT11105,LACT,Lactate,2.4,mmol/L,0.5,2,H,STAT,2024-08-19 18:09,2024-08-19 18:38,2024-08-19 19:23
LAB716029,ENC106702,PT12263,A1C,Hemoglobin A1c,9.8,%,4,5.6,H,STAT,2024-08-19 13:40,2024-08-19 14:10,2024-08-19 15:11
LAB716030,ENC106703,PT11232,GLU,Glucose,270,mg/dL,70,99,H,STAT,2024-08-19 19:51,2024-08-19 20:22,2024-08-19 21:37
LAB716031,ENC106703,PT11232,CREAT,Creatinine,1.03,mg/dL,0.6,1.3,N,STAT,2024-08-19 19:44,2024-08-19 19:57,2024-08-19 20:34
LAB716032,ENC106703,PT11232,WBC,White Blood Cell Count,6,K/uL,4.5,11,N,STAT,2024-08-19 19:19,2024-08-19 19:25,2024-08-19 20:58
LAB716033,ENC106703,PT11232,HGB,Hemoglobin,12.3,g/dL,12,17.5,N,Routine,2024-08-19 19:03,2024-08-19 19:35,2024-08-19 21:16
LAB716034,ENC106704,PT10836,A1C,Hemoglobin A1c,6.5,%,4,5.6,H,Routine,2024-08-19 14:50,2024-08-19 14:55,2024-08-20 08:01
LAB716035,ENC106705,PT10757,LDL,LDL Cholesterol,130,mg/dL,0,99,H,Routine,2024-08-19 14:56,2024-08-19 15:30,2024-08-20 10:09
LAB716036,ENC106707,PT12513,LDL,LDL Cholesterol,172,mg/dL,0,99,H,Routine,2024-08-19 16:00,2024-08-19 16:20,2024-08-20 03:22
LAB716037,ENC106708,PT12887,LDL,LDL Cholesterol,169,mg/dL,0,99,H,Routine,2024-08-19 15:45,2024-08-19 16:14,2024-08-20 04:08
LAB716038,ENC106710,PT10534,LDL,LDL Cholesterol,123,mg/dL,0,99,H,Routine,2024-08-19 16:18,2024-08-19 16:23,2024-08-20 22:27
LAB716039,ENC106710,PT10534,A1C,Hemoglobin A1c,7.3,%,4,5.6,H,Routine,2024-08-19 16:15,2024-08-19 16:24,2024-08-20 09:50
LAB716040,ENC106711,PT11179,WBC,White Blood Cell Count,8.9,K/uL,4.5,11,N,Routine,2024-08-19 16:21,2024-08-19 16:52,2024-08-19 18:36
LAB716041,ENC106711,PT11179,HGB,Hemoglobin,11.6,g/dL,12,17.5,L,Routine,2024-08-19 16:12,2024-08-19 16:42,2024-08-19 17:44
LAB716042,ENC106711,PT11179,PLT,Platelet Count,269,K/uL,150,400,N,Routine,2024-08-19 16:14,2024-08-19 16:22,2024-08-19 20:06
LAB716043,ENC106712,PT13205,LDL,LDL Cholesterol,133,mg/dL,0,99,H,Routine,2024-08-19 16:37,2024-08-19 16:54,2024-08-20 02:12
LAB716044,ENC106714,PT13364,GLU,Glucose,86,mg/dL,70,99,N,STAT,2024-08-19 22:02,2024-08-19 22:27,2024-08-19 23:27
LAB716045,ENC106714,PT13364,CREAT,Creatinine,2.86,mg/dL,0.6,1.3,H,STAT,2024-08-19 21:25,2024-08-19 21:56,2024-08-19 22:52
LAB716046,ENC106714,PT13364,WBC,White Blood Cell Count,8.8,K/uL,4.5,11,N,STAT,2024-08-19 21:16,2024-08-19 21:21,2024-08-19 22:09
LAB716047,ENC106714,PT13364,HGB,Hemoglobin,10.3,g/dL,12,17.5,L,STAT,2024-08-19 21:22,2024-08-19 21:34,2024-08-19 22:24
LAB716048,ENC106714,PT13364,NA,Sodium,142,mmol/L,136,145,N,Routine,2024-08-19 21:01,2024-08-19 21:13,2024-08-20 05:18
LAB716049,ENC106714,PT13364,K,Potassium,5.8,mmol/L,3.5,5.1,H,STAT,2024-08-19 21:37,2024-08-19 21:41,2024-08-19 22:25
LAB716050,ENC106715,PT11341,GLU,Glucose,113,mg/dL,70,99,H,STAT,2024-08-19 19:14,2024-08-19 19:47,2024-08-19 20:20
LAB716051,ENC106715,PT11341,CREAT,Creatinine,1.14,mg/dL,0.6,1.3,N,STAT,2024-08-19 19:47,2024-08-19 20:07,2024-08-19 21:01
LAB716052,ENC106719,PT11832,GLU,Glucose,226,mg/dL,70,99,H,STAT,2024-08-19 20:31,2024-08-19 21:03,2024-08-19 21:53
LAB716053,ENC106719,PT11832,CREAT,Creatinine,0.63,mg/dL,0.6,1.3,N,Routine,2024-08-19 20:54,2024-08-19 20:59,2024-08-20 01:09
LAB716054,ENC106719,PT11832,WBC,White Blood Cell Count,9.4,K/uL,4.5,11,N,Routine,2024-08-19 20:45,2024-08-19 20:49,2024-08-19 21:58
LAB716055,ENC106719,PT11832,HGB,Hemoglobin,14.9,g/dL,12,17.5,N,Routine,2024-08-19 20:17,2024-08-19 20:38,2024-08-20 01:19
LAB716056,ENC106720,PT10367,GLU,Glucose,95,mg/dL,70,99,N,STAT,2024-08-20 00:19,2024-08-20 00:48,2024-08-20 01:36
LAB716057,ENC106720,PT10367,CREAT,Creatinine,1.25,mg/dL,0.6,1.3,N,Routine,2024-08-19 23:27,2024-08-19 23:46,2024-08-20 04:34
LAB716058,ENC106720,PT10367,WBC,White Blood Cell Count,5.7,K/uL,4.5,11,N,Routine,2024-08-19 23:38,2024-08-19 23:43,2024-08-20 03:36
LAB716059,ENC106720,PT10367,HGB,Hemoglobin,14.6,g/dL,12,17.5,N,Routine,2024-08-19 23:30,2024-08-19 23:59,2024-08-20 01:09
LAB716060,ENC106720,PT10367,BUN,Blood Urea Nitrogen,10,mg/dL,7,20,N,Routine,2024-08-19 23:52,2024-08-20 00:03,2024-08-20 05:09
LAB716061,ENC106720,PT10367,PLT,Platelet Count,283,K/uL,150,400,N,Routine,2024-08-20 00:02,2024-08-20 00:11,2024-08-20 04:42
LAB716062,ENC106721,PT12293,GLU,Glucose,136,mg/dL,70,99,H,Routine,2024-08-19 23:45,2024-08-20 00:20,2024-08-20 03:56
LAB716063,ENC106721,PT12293,CREAT,Creatinine,0.93,mg/dL,0.6,1.3,N,STAT,2024-08-20 00:24,2024-08-20 00:55,2024-08-20 02:15
LAB716064,ENC106721,PT12293,WBC,White Blood Cell Count,26.6,K/uL,4.5,11,H,Routine,2024-08-19 23:20,2024-08-19 23:49,2024-08-20 02:15
LAB716065,ENC106721,PT12293,HGB,Hemoglobin,14.8,g/dL,12,17.5,N,STAT,2024-08-20 00:26,2024-08-20 00:58,2024-08-20 02:09
LAB716066,ENC106722,PT13648,GLU,Glucose,149,mg/dL,70,99,H,Routine,2024-08-20 01:56,2024-08-20 02:02,2024-08-20 05:46
LAB716067,ENC106722,PT13648,CREAT,Creatinine,1.18,mg/dL,0.6,1.3,N,Routine,2024-08-20 01:42,2024-08-20 02:03,2024-08-20 11:00
LAB716068,ENC106722,PT13648,WBC,White Blood Cell Count,8.3,K/uL,4.5,11,N,Routine,2024-08-20 01:49,2024-08-20 01:55,2024-08-20 03:13
LAB716069,ENC106722,PT13648,HGB,Hemoglobin,13.2,g/dL,12,17.5,N,STAT,2024-08-20 01:43,2024-08-20 02:02,2024-08-20 02:19
LAB716070,ENC106722,PT13648,NA,Sodium,138,mmol/L,136,145,N,STAT,2024-08-20 02:07,2024-08-20 02:16,2024-08-20 02:43
LAB716071,ENC106722,PT13648,K,Potassium,3.6,mmol/L,3.5,5.1,N,STAT,2024-08-20 01:02,2024-08-20 01:16,2024-08-20 01:44
LAB716072,ENC106722,PT13648,BUN,Blood Urea Nitrogen,11,mg/dL,7,20,N,Routine,2024-08-20 01:17,2024-08-20 01:36,2024-08-20 10:23
LAB716073,ENC106722,PT13648,PLT,Platelet Count,364,K/uL,150,400,N,STAT,2024-08-20 02:05,2024-08-20 02:36,2024-08-20 03:40
LAB716074,ENC106722,PT13648,TROP,"Troponin I, High Sensitivity",63,ng/L,0,34,H,STAT,2024-08-20 01:15,2024-08-20 01:42,2024-08-20 03:11
LAB716075,ENC106722,PT13648,BNP,B-Type Natriuretic Peptide,713,pg/mL,0,100,H,Routine,2024-08-20 01:12,2024-08-20 01:47,2024-08-20 05:17
LAB716076,ENC106723,PT12428,GLU,Glucose,114,mg/dL,70,99,H,Routine,2024-08-20 09:59,2024-08-20 10:05,2024-08-20 12:24
LAB716077,ENC106723,PT12428,CREAT,Creatinine,0.87,mg/dL,0.6,1.3,N,STAT,2024-08-20 11:00,2024-08-20 11:14,2024-08-20 12:13
LAB716078,ENC106723,PT12428,WBC,White Blood Cell Count,11.5,K/uL,4.5,11,H,STAT,2024-08-20 11:00,2024-08-20 11:35,2024-08-20 13:33
LAB716079,ENC106723,PT12428,HGB,Hemoglobin,12.7,g/dL,12,17.5,N,STAT,2024-08-20 10:20,2024-08-20 10:28,2024-08-20 11:00
LAB716080,ENC106723,PT12428,NA,Sodium,145,mmol/L,136,145,N,STAT,2024-08-20 10:01,2024-08-20 10:11,2024-08-20 10:53
LAB716081,ENC106723,PT12428,K,Potassium,4.6,mmol/L,3.5,5.1,N,STAT,2024-08-20 10:40,2024-08-20 11:04,2024-08-20 11:25
LAB716082,ENC106724,PT10514,GLU,Glucose,137,mg/dL,70,99,H,Routine,2024-08-20 09:42,2024-08-20 09:52,2024-08-20 13:18
LAB716083,ENC106724,PT10514,CREAT,Creatinine,0.48,mg/dL,0.6,1.3,L,STAT,2024-08-20 09:29,2024-08-20 09:47,2024-08-20 10:18
LAB716084,ENC106724,PT10514,WBC,White Blood Cell Count,4.5,K/uL,4.5,11,N,STAT,2024-08-20 09:20,2024-08-20 09:38,2024-08-20 10:10
LAB716085,ENC106724,PT10514,HGB,Hemoglobin,11.3,g/dL,12,17.5,L,Routine,2024-08-20 08:55,2024-08-20 09:17,2024-08-20 11:45
LAB716086,ENC106724,PT10514,TROP,"Troponin I, High Sensitivity",11,ng/L,0,34,N,STAT,2024-08-20 09:03,2024-08-20 09:15,2024-08-20 09:54
LAB716087,ENC106728,PT10884,LDL,LDL Cholesterol,149,mg/dL,0,99,H,Routine,2024-08-20 10:06,2024-08-20 10:39,2024-08-20 17:34
LAB716088,ENC106728,PT10884,TSH,Thyroid Stimulating Hormone,0.5,mIU/L,0.4,4,N,Routine,2024-08-20 10:24,2024-08-20 10:49,2024-08-21 11:59
LAB716089,ENC106729,PT12879,WBC,White Blood Cell Count,5.4,K/uL,4.5,11,N,Routine,2024-08-20 11:45,2024-08-20 12:15,2024-08-20 16:16
LAB716090,ENC106729,PT12879,HGB,Hemoglobin,14.2,g/dL,12,17.5,N,Routine,2024-08-20 11:35,2024-08-20 12:06,2024-08-20 13:48
LAB716091,ENC106729,PT12879,PLT,Platelet Count,191,K/uL,150,400,N,Routine,2024-08-20 11:30,2024-08-20 11:54,2024-08-20 15:15
LAB716092,ENC106730,PT13030,LDL,LDL Cholesterol,119,mg/dL,0,99,H,Routine,2024-08-20 11:35,2024-08-20 12:06,2024-08-21 04:34
LAB716093,ENC106730,PT13030,A1C,Hemoglobin A1c,5.4,%,4,5.6,N,Routine,2024-08-20 11:43,2024-08-20 12:14,2024-08-21 07:02
LAB716094,ENC106731,PT13169,WBC,White Blood Cell Count,8.6,K/uL,4.5,11,N,Routine,2024-08-20 12:00,2024-08-20 12:18,2024-08-20 13:36
LAB716095,ENC106731,PT13169,HGB,Hemoglobin,11.6,g/dL,12,17.5,L,Routine,2024-08-20 11:50,2024-08-20 11:55,2024-08-20 13:45
LAB716096,ENC106731,PT13169,PLT,Platelet Count,167,K/uL,150,400,N,Routine,2024-08-20 11:36,2024-08-20 11:45,2024-08-20 13:44
LAB716097,ENC106732,PT11405,GLU,Glucose,103,mg/dL,70,99,H,Routine,2024-08-20 12:41,2024-08-20 12:45,2024-08-20 15:38
LAB716098,ENC106732,PT11405,CREAT,Creatinine,1.23,mg/dL,0.6,1.3,N,STAT,2024-08-20 12:20,2024-08-20 12:46,2024-08-20 13:42
LAB716099,ENC106735,PT11362,GLU,Glucose,136,mg/dL,70,99,H,STAT,2024-08-20 14:30,2024-08-20 15:04,2024-08-20 15:29
LAB716100,ENC106735,PT11362,CREAT,Creatinine,0.7,mg/dL,0.6,1.3,N,STAT,2024-08-20 13:33,2024-08-20 13:55,2024-08-20 14:36
LAB716101,ENC106735,PT11362,WBC,White Blood Cell Count,6.4,K/uL,4.5,11,N,STAT,2024-08-20 13:25,2024-08-20 13:34,2024-08-20 14:31
LAB716102,ENC106736,PT11199,GLU,Glucose,87,mg/dL,70,99,N,STAT,2024-08-20 14:12,2024-08-20 14:30,2024-08-20 15:38
LAB716103,ENC106736,PT11199,CREAT,Creatinine,2.08,mg/dL,0.6,1.3,H,STAT,2024-08-20 14:33,2024-08-20 14:39,2024-08-20 15:26
LAB716104,ENC106737,PT13380,LDL,LDL Cholesterol,90,mg/dL,0,99,N,Routine,2024-08-20 13:38,2024-08-20 13:49,2024-08-21 18:55
LAB716105,ENC106737,PT13380,A1C,Hemoglobin A1c,5,%,4,5.6,N,Routine,2024-08-20 13:36,2024-08-20 13:43,2024-08-20 19:40
LAB716106,ENC106737,PT13380,TSH,Thyroid Stimulating Hormone,2.58,mIU/L,0.4,4,N,Routine,2024-08-20 13:49,2024-08-20 14:07,2024-08-21 01:41
LAB716107,ENC106738,PT12684,GLU,Glucose,114,mg/dL,70,99,H,STAT,2024-08-20 16:45,2024-08-20 16:58,2024-08-20 17:49
LAB716108,ENC106738,PT12684,CREAT,Creatinine,0.87,mg/dL,0.6,1.3,N,STAT,2024-08-20 17:06,2024-08-20 17:14,2024-08-20 18:12
LAB716109,ENC106738,PT12684,WBC,White Blood Cell Count,17.6,K/uL,4.5,11,H,Routine,2024-08-20 16:52,2024-08-20 17:10,2024-08-20 18:58
LAB716110,ENC106738,PT12684,HGB,Hemoglobin,12.3,g/dL,12,17.5,N,STAT,2024-08-20 17:35,2024-08-20 17:40,2024-08-20 18:33
LAB716111,ENC106739,PT10951,LDL,LDL Cholesterol,132,mg/dL,0,99,H,Routine,2024-08-20 16:20,2024-08-20 16:46,2024-08-20 21:33
LAB716112,ENC106740,PT12110,GLU,Glucose,112,mg/dL,70,99,H,STAT,2024-08-20 17:14,2024-08-20 17:32,2024-08-20 18:02
LAB716113,ENC106740,PT12110,CREAT,Creatinine,1.16,mg/dL,0.6,1.3,N,STAT,2024-08-20 17:32,2024-08-20 17:49,2024-08-20 18:24
LAB716114,ENC106740,PT12110,TROP,"Troponin I, High Sensitivity",8,ng/L,0,34,N,STAT,2024-08-20 17:31,2024-08-20 18:05,2024-08-20 18:54
LAB716115,ENC106740,PT12110,BNP,B-Type Natriuretic Peptide,827,pg/mL,0,100,H,STAT,2024-08-20 16:34,2024-08-20 17:03,2024-08-20 18:09
LAB716116,ENC106741,PT12427,GLU,Glucose,98,mg/dL,70,99,N,Routine,2024-08-20 21:32,2024-08-20 21:45,2024-08-21 00:50
LAB716117,ENC106741,PT12427,CREAT,Creatinine,1.02,mg/dL,0.6,1.3,N,Routine,2024-08-20 21:51,2024-08-20 21:56,2024-08-20 23:17
LAB716118,ENC106741,PT12427,WBC,White Blood Cell Count,8.8,K/uL,4.5,11,N,STAT,2024-08-20 21:16,2024-08-20 21:29,2024-08-20 22:13
LAB716119,ENC106741,PT12427,HGB,Hemoglobin,15.1,g/dL,12,17.5,N,STAT,2024-08-20 21:55,2024-08-20 22:00,2024-08-20 22:46
LAB716120,ENC106741,PT12427,INR,Prothrombin Time INR,1,ratio,0.8,1.2,N,STAT,2024-08-20 21:18,2024-08-20 21:37,2024-08-20 22:30
LAB716121,ENC106743,PT13824,GLU,Glucose,54,mg/dL,70,99,L,STAT,2024-08-20 20:33,2024-08-20 20:54,2024-08-20 21:26
LAB716122,ENC106743,PT13824,CREAT,Creatinine,0.84,mg/dL,0.6,1.3,N,Routine,2024-08-20 20:02,2024-08-20 20:08,2024-08-20 20:56
LAB716123,ENC106743,PT13824,WBC,White Blood Cell Count,5.5,K/uL,4.5,11,N,STAT,2024-08-20 19:59,2024-08-20 20:30,2024-08-20 20:56
LAB716124,ENC106743,PT13824,HGB,Hemoglobin,15.1,g/dL,12,17.5,N,Routine,2024-08-20 19:36,2024-08-20 19:47,2024-08-20 21:42
LAB716125,ENC106743,PT13824,NA,Sodium,128,mmol/L,136,145,L,Routine,2024-08-20 20:03,2024-08-20 20:22,2024-08-21 00:20
LAB716126,ENC106743,PT13824,K,Potassium,4.1,mmol/L,3.5,5.1,N,STAT,2024-08-20 19:59,2024-08-20 20:26,2024-08-20 20:53
LAB716127,ENC106746,PT13609,GLU,Glucose,366,mg/dL,70,99,H,STAT,2024-08-20 20:00,2024-08-20 20:13,2024-08-20 20:46
LAB716128,ENC106746,PT13609,CREAT,Creatinine,1.17,mg/dL,0.6,1.3,N,Routine,2024-08-20 19:51,2024-08-20 20:21,2024-08-20 22:56
LAB716129,ENC106746,PT13609,WBC,White Blood Cell Count,5.8,K/uL,4.5,11,N,STAT,2024-08-20 19:34,2024-08-20 19:38,2024-08-20 20:28
LAB716130,ENC106746,PT13609,HGB,Hemoglobin,15.5,g/dL,12,17.5,N,STAT,2024-08-20 19:25,2024-08-20 19:55,2024-08-20 20:34
LAB716131,ENC106746,PT13609,NA,Sodium,138,mmol/L,136,145,N,STAT,2024-08-20 19:58,2024-08-20 20:13,2024-08-20 20:56
LAB716132,ENC106746,PT13609,K,Potassium,4,mmol/L,3.5,5.1,N,STAT,2024-08-20 19:17,2024-08-20 19:33,2024-08-20 20:24
LAB716133,ENC106746,PT13609,BUN,Blood Urea Nitrogen,15,mg/dL,7,20,N,STAT,2024-08-20 19:28,2024-08-20 19:40,2024-08-20 20:54
LAB716134,ENC106746,PT13609,PLT,Platelet Count,249,K/uL,150,400,N,Routine,2024-08-20 19:01,2024-08-20 19:09,2024-08-20 22:28
LAB716135,ENC106746,PT13609,A1C,Hemoglobin A1c,10.4,%,4,5.6,H,STAT,2024-08-20 19:11,2024-08-20 19:35,2024-08-20 20:20
LAB716136,ENC106755,PT13907,A1C,Hemoglobin A1c,14.9,%,4,5.6,H,Routine,2024-08-21 12:12,2024-08-21 12:35,2024-08-22 05:02
LAB716137,ENC106756,PT11513,LDL,LDL Cholesterol,124,mg/dL,0,99,H,Routine,2024-08-21 12:09,2024-08-21 12:27,2024-08-22 09:21
LAB716138,ENC106756,PT11513,TSH,Thyroid Stimulating Hormone,1.38,mIU/L,0.4,4,N,Routine,2024-08-21 12:28,2024-08-21 12:53,2024-08-22 15:10
LAB716139,ENC106758,PT13165,GLU,Glucose,119,mg/dL,70,99,H,STAT,2024-08-21 18:01,2024-08-21 18:30,2024-08-21 19:24
LAB716140,ENC106758,PT13165,CREAT,Creatinine,1.06,mg/dL,0.6,1.3,N,STAT,2024-08-21 17:56,2024-08-21 18:22,2024-08-21 19:27
LAB716141,ENC106758,PT13165,WBC,White Blood Cell Count,9.8,K/uL,4.5,11,N,STAT,2024-08-21 17:23,2024-08-21 17:42,2024-08-21 18:43
LAB716142,ENC106758,PT13165,HGB,Hemoglobin,12.5,g/dL,12,17.5,N,Routine,2024-08-21 18:08,2024-08-21 18:41,2024-08-21 22:55
LAB716143,ENC106758,PT13165,NA,Sodium,146,mmol/L,136,145,H,Routine,2024-08-21 17:09,2024-08-21 17:32,2024-08-21 18:59
LAB716144,ENC106758,PT13165,K,Potassium,4.6,mmol/L,3.5,5.1,N,STAT,2024-08-21 17:47,2024-08-21 18:10,2024-08-21 18:42
LAB716145,ENC106758,PT13165,BUN,Blood Urea Nitrogen,11,mg/dL,7,20,N,STAT,2024-08-21 17:42,2024-08-21 17:50,2024-08-21 18:21
LAB716146,ENC106758,PT13165,PLT,Platelet Count,221,K/uL,150,400,N,STAT,2024-08-21 17:18,2024-08-21 17:43,2024-08-21 18:13
LAB716147,ENC106759,PT12156,WBC,White Blood Cell Count,6.1,K/uL,4.5,11,N,Routine,2024-08-21 14:38,2024-08-21 14:51,2024-08-21 17:09
LAB716148,ENC106759,PT12156,HGB,Hemoglobin,10.9,g/dL,12,17.5,L,Routine,2024-08-21 14:39,2024-08-21 15:00,2024-08-21 19:56
LAB716149,ENC106759,PT12156,PLT,Platelet Count,300,K/uL,150,400,N,Routine,2024-08-21 14:37,2024-08-21 14:47,2024-08-21 18:41
LAB716150,ENC106760,PT13515,GLU,Glucose,102,mg/dL,70,99,H,STAT,2024-08-21 18:19,2024-08-21 18:31,2024-08-21 20:05
LAB716151,ENC106760,PT13515,CREAT,Creatinine,1.17,mg/dL,0.6,1.3,N,STAT,2024-08-21 17:21,2024-08-21 17:37,2024-08-21 18:14
LAB716152,ENC106760,PT13515,WBC,White Blood Cell Count,4.4,K/uL,4.5,11,L,Routine,2024-08-21 18:01,2024-08-21 18:05,2024-08-22 00:48
LAB716153,ENC106760,PT13515,HGB,Hemoglobin,9,g/dL,12,17.5,L,STAT,2024-08-21 18:05,2024-08-21 18:20,2024-08-21 19:53
LAB716154,ENC106760,PT13515,NA,Sodium,141,mmol/L,136,145,N,Routine,2024-08-21 18:21,2024-08-21 18:50,2024-08-21 20:55
LAB716155,ENC106760,PT13515,K,Potassium,4.6,mmol/L,3.5,5.1,N,STAT,2024-08-21 17:53,2024-08-21 18:01,2024-08-21 19:26
LAB716156,ENC106760,PT13515,TROP,"Troponin I, High Sensitivity",310,ng/L,0,34,H,STAT,2024-08-21 17:57,2024-08-21 18:11,2024-08-21 19:07
LAB716157,ENC106762,PT13996,A1C,Hemoglobin A1c,10.4,%,4,5.6,H,Routine,2024-08-21 16:11,2024-08-21 16:32,2024-08-22 07:57
LAB716158,ENC106764,PT13000,GLU,Glucose,94,mg/dL,70,99,N,Routine,2024-08-21 16:40,2024-08-21 16:50,2024-08-21 19:19
LAB716159,ENC106764,PT13000,CREAT,Creatinine,1.19,mg/dL,0.6,1.3,N,STAT,2024-08-21 16:36,2024-08-21 16:52,2024-08-21 17:24
LAB716160,ENC106764,PT13000,WBC,White Blood Cell Count,9,K/uL,4.5,11,N,Routine,2024-08-21 17:32,2024-08-21 17:59,2024-08-21 21:43
LAB716161,ENC106765,PT10444,GLU,Glucose,125,mg/dL,70,99,H,STAT,2024-08-21 23:44,2024-08-21 23:49,2024-08-22 00:38
LAB716162,ENC106765,PT10444,CREAT,Creatinine,2.16,mg/dL,0.6,1.3,H,STAT,2024-08-21 23:12,2024-08-21 23:24,2024-08-22 00:18
LAB716163,ENC106765,PT10444,WBC,White Blood Cell Count,4.6,K/uL,4.5,11,N,Routine,2024-08-21 22:43,2024-08-21 23:04,2024-08-22 01:36
LAB716164,ENC106765,PT10444,HGB,Hemoglobin,11.2,g/dL,12,17.5,L,STAT,2024-08-21 22:56,2024-08-21 23:11,2024-08-21 23:51
LAB716165,ENC106765,PT10444,NA,Sodium,140,mmol/L,136,145,N,STAT,2024-08-21 23:22,2024-08-21 23:28,2024-08-22 00:08
LAB716166,ENC106765,PT10444,K,Potassium,4.3,mmol/L,3.5,5.1,N,STAT,2024-08-21 23:43,2024-08-21 23:58,2024-08-22 01:20
LAB716167,ENC106766,PT10721,GLU,Glucose,127,mg/dL,70,99,H,Routine,2024-08-21 19:26,2024-08-21 19:39,2024-08-22 00:24
LAB716168,ENC106766,PT10721,CREAT,Creatinine,1.73,mg/dL,0.6,1.3,H,STAT,2024-08-21 19:36,2024-08-21 20:07,2024-08-21 21:16
LAB716169,ENC106766,PT10721,WBC,White Blood Cell Count,15,K/uL,4.5,11,H,STAT,2024-08-21 19:14,2024-08-21 19:36,2024-08-21 20:18
LAB716170,ENC106766,PT10721,HGB,Hemoglobin,11.9,g/dL,12,17.5,L,STAT,2024-08-21 18:52,2024-08-21 19:21,2024-08-21 20:01
LAB716171,ENC106766,PT10721,LACT,Lactate,2.2,mmol/L,0.5,2,H,STAT,2024-08-21 18:50,2024-08-21 19:14,2024-08-21 20:03
LAB716172,ENC106768,PT12360,A1C,Hemoglobin A1c,9.5,%,4,5.6,H,STAT,2024-08-21 20:17,2024-08-21 20:48,2024-08-21 21:08
LAB716173,ENC106769,PT12571,GLU,Glucose,106,mg/dL,70,99,H,STAT,2024-08-21 23:32,2024-08-21 23:51,2024-08-22 00:44
LAB716174,ENC106769,PT12571,CREAT,Creatinine,1,mg/dL,0.6,1.3,N,STAT,2024-08-22 00:16,2024-08-22 00:29,2024-08-22 00:44
LAB716175,ENC106769,PT12571,WBC,White Blood Cell Count,9,K/uL,4.5,11,N,STAT,2024-08-22 00:18,2024-08-22 00:33,2024-08-22 01:00
LAB716176,ENC106769,PT12571,HGB,Hemoglobin,12.5,g/dL,12,17.5,N,Routine,2024-08-22 00:25,2024-08-22 00:45,2024-08-22 01:34
LAB716177,ENC106772,PT13513,GLU,Glucose,109,mg/dL,70,99,H,STAT,2024-08-21 23:32,2024-08-21 23:46,2024-08-22 00:36
LAB716178,ENC106772,PT13513,CREAT,Creatinine,0.33,mg/dL,0.6,1.3,L,STAT,2024-08-21 23:53,2024-08-22 00:10,2024-08-22 01:46
LAB716179,ENC106772,PT13513,WBC,White Blood Cell Count,14,K/uL,4.5,11,H,STAT,2024-08-21 23:53,2024-08-22 00:04,2024-08-22 00:35
LAB716180,ENC106774,PT11111,GLU,Glucose,115,mg/dL,70,99,H,STAT,2024-08-22 00:11,2024-08-22 00:33,2024-08-22 01:07
LAB716181,ENC106774,PT11111,CREAT,Creatinine,1.21,mg/dL,0.6,1.3,N,Routine,2024-08-22 00:38,2024-08-22 01:00,2024-08-22 05:26
LAB716182,ENC106774,PT11111,WBC,White Blood Cell Count,8.6,K/uL,4.5,11,N,Routine,2024-08-22 00:08,2024-08-22 00:18,2024-08-22 04:32
LAB716183,ENC106774,PT11111,HGB,Hemoglobin,14,g/dL,12,17.5,N,STAT,2024-08-22 00:22,2024-08-22 00:29,2024-08-22 00:57
LAB716184,ENC106774,PT11111,TROP,"Troponin I, High Sensitivity",99,ng/L,0,34,H,STAT,2024-08-22 01:10,2024-08-22 01:26,2024-08-22 02:06
LAB716185,ENC106775,PT13333,GLU,Glucose,112,mg/dL,70,99,H,STAT,2024-08-22 08:16,2024-08-22 08:41,2024-08-22 09:19
LAB716186,ENC106775,PT13333,CREAT,Creatinine,1.12,mg/dL,0.6,1.3,N,STAT,2024-08-22 07:58,2024-08-22 08:29,2024-08-22 08:52
LAB716187,ENC106775,PT13333,WBC,White Blood Cell Count,8.6,K/uL,4.5,11,N,STAT,2024-08-22 08:07,2024-08-22 08:28,2024-08-22 08:53
LAB716188,ENC106775,PT13333,HGB,Hemoglobin,13.9,g/dL,12,17.5,N,STAT,2024-08-22 08:01,2024-08-22 08:29,2024-08-22 08:49
LAB716189,ENC106776,PT11844,GLU,Glucose,141,mg/dL,70,99,H,STAT,2024-08-22 10:22,2024-08-22 10:34,2024-08-22 11:38
LAB716190,ENC106776,PT11844,CREAT,Creatinine,0.69,mg/dL,0.6,1.3,N,Routine,2024-08-22 10:27,2024-08-22 10:38,2024-08-22 15:10
LAB716191,ENC106776,PT11844,WBC,White Blood Cell Count,12.9,K/uL,4.5,11,H,Routine,2024-08-22 10:56,2024-08-22 11:12,2024-08-22 17:31
LAB716192,ENC106776,PT11844,HGB,Hemoglobin,13.1,g/dL,12,17.5,N,STAT,2024-08-22 11:26,2024-08-22 11:53,2024-08-22 12:58
LAB716193,ENC106777,PT13569,GLU,Glucose,86,mg/dL,70,99,N,STAT,2024-08-22 08:51,2024-08-22 09:09,2024-08-22 09:52
LAB716194,ENC106777,PT13569,CREAT,Creatinine,0.98,mg/dL,0.6,1.3,N,STAT,2024-08-22 08:21,2024-08-22 08:36,2024-08-22 09:07
LAB716195,ENC106781,PT12010,GLU,Glucose,119,mg/dL,70,99,H,STAT,2024-08-22 10:54,2024-08-22 11:13,2024-08-22 12:06
LAB716196,ENC106781,PT12010,CREAT,Creatinine,0.97,mg/dL,0.6,1.3,N,STAT,2024-08-22 10:47,2024-08-22 11:15,2024-08-22 12:49
LAB716197,ENC106781,PT12010,WBC,White Blood Cell Count,6.4,K/uL,4.5,11,N,Routine,2024-08-22 11:34,2024-08-22 11:42,2024-08-22 13:33
LAB716198,ENC106781,PT12010,HGB,Hemoglobin,14.5,g/dL,12,17.5,N,STAT,2024-08-22 11:01,2024-08-22 11:29,2024-08-22 12:01
LAB716199,ENC106785,PT13298,GLU,Glucose,378,mg/dL,70,99,H,Routine,2024-08-22 12:09,2024-08-22 12:17,2024-08-22 14:12
LAB716200,ENC106785,PT13298,CREAT,Creatinine,0.73,mg/dL,0.6,1.3,N,STAT,2024-08-22 11:55,2024-08-22 12:10,2024-08-22 13:08
LAB716201,ENC106785,PT13298,WBC,White Blood Cell Count,6.3,K/uL,4.5,11,N,Routine,2024-08-22 11:15,2024-08-22 11:38,2024-08-22 13:19
LAB716202,ENC106785,PT13298,HGB,Hemoglobin,9.1,g/dL,12,17.5,L,Routine,2024-08-22 11:28,2024-08-22 12:02,2024-08-22 13:30
LAB716203,ENC106785,PT13298,NA,Sodium,139,mmol/L,136,145,N,STAT,2024-08-22 12:09,2024-08-22 12:22,2024-08-22 12:54
LAB716204,ENC106785,PT13298,K,Potassium,4.1,mmol/L,3.5,5.1,N,STAT,2024-08-22 11:50,2024-08-22 12:00,2024-08-22 12:45
LAB716205,ENC106785,PT13298,A1C,Hemoglobin A1c,12,%,4,5.6,H,Routine,2024-08-22 11:44,2024-08-22 12:00,2024-08-22 18:21
LAB716206,ENC106786,PT12807,WBC,White Blood Cell Count,11.9,K/uL,4.5,11,H,Routine,2024-08-22 11:22,2024-08-22 11:28,2024-08-22 14:22
LAB716207,ENC106786,PT12807,HGB,Hemoglobin,15.1,g/dL,12,17.5,N,Routine,2024-08-22 11:25,2024-08-22 11:47,2024-08-22 19:02
LAB716208,ENC106786,PT12807,PLT,Platelet Count,303,K/uL,150,400,N,Routine,2024-08-22 11:26,2024-08-22 11:44,2024-08-22 15:20
LAB716209,ENC106787,PT10159,GLU,Glucose,92,mg/dL,70,99,N,Routine,2024-08-22 11:46,2024-08-22 12:08,2024-08-22 14:42
LAB716210,ENC106787,PT10159,CREAT,Creatinine,0.33,mg/dL,0.6,1.3,L,Routine,2024-08-22 11:10,2024-08-22 11:18,2024-08-22 16:08
LAB716211,ENC106787,PT10159,WBC,White Blood Cell Count,7.8,K/uL,4.5,11,N,Routine,2024-08-22 11:23,2024-08-22 11:46,2024-08-22 15:22
LAB716212,ENC106795,PT10189,LDL,LDL Cholesterol,129,mg/dL,0,99,H,Routine,2024-08-22 13:42,2024-08-22 14:16,2024-08-23 04:50
LAB716213,ENC106796,PT11716,LDL,LDL Cholesterol,92,mg/dL,0,99,N,Routine,2024-08-22 14:30,2024-08-22 14:35,2024-08-23 05:31
LAB716214,ENC106796,PT11716,TSH,Thyroid Stimulating Hormone,1.51,mIU/L,0.4,4,N,Routine,2024-08-22 14:12,2024-08-22 14:23,2024-08-23 06:20
LAB716215,ENC106798,PT13767,GLU,Glucose,154,mg/dL,70,99,H,Routine,2024-08-22 19:44,2024-08-22 19:51,2024-08-23 03:09
LAB716216,ENC106798,PT13767,CREAT,Creatinine,1.95,mg/dL,0.6,1.3,H,Routine,2024-08-22 19:47,2024-08-22 20:11,2024-08-23 01:22
LAB716217,ENC106798,PT13767,WBC,White Blood Cell Count,8.7,K/uL,4.5,11,N,STAT,2024-08-22 20:37,2024-08-22 20:52,2024-08-22 21:21
LAB716218,ENC106798,PT13767,HGB,Hemoglobin,12.5,g/dL,12,17.5,N,Routine,2024-08-22 20:09,2024-08-22 20:23,2024-08-22 22:17
LAB716219,ENC106801,PT12774,WBC,White Blood Cell Count,8.3,K/uL,4.5,11,N,Routine,2024-08-22 16:18,2024-08-22 16:46,2024-08-22 19:04
LAB716220,ENC106801,PT12774,HGB,Hemoglobin,14.7,g/dL,12,17.5,N,Routine,2024-08-22 16:19,2024-08-22 16:53,2024-08-22 18:31
LAB716221,ENC106801,PT12774,PLT,Platelet Count,256,K/uL,150,400,N,Routine,2024-08-22 16:06,2024-08-22 16:36,2024-08-22 20:24
LAB716222,ENC106802,PT12243,GLU,Glucose,118,mg/dL,70,99,H,STAT,2024-08-22 19:32,2024-08-22 19:56,2024-08-22 20:49
LAB716223,ENC106802,PT12243,CREAT,Creatinine,0.76,mg/dL,0.6,1.3,N,Routine,2024-08-22 19:44,2024-08-22 20:09,2024-08-23 04:27
LAB716224,ENC106802,PT12243,WBC,White Blood Cell Count,8.4,K/uL,4.5,11,N,Routine,2024-08-22 19:37,2024-08-22 20:06,2024-08-22 23:45
LAB716225,ENC106802,PT12243,HGB,Hemoglobin,14.9,g/dL,12,17.5,N,STAT,2024-08-22 20:22,2024-08-22 20:53,2024-08-22 21:43
LAB716226,ENC106802,PT12243,BUN,Blood Urea Nitrogen,12,mg/dL,7,20,N,STAT,2024-08-22 20:06,2024-08-22 20:17,2024-08-22 20:45
LAB716227,ENC106802,PT12243,PLT,Platelet Count,265,K/uL,150,400,N,STAT,2024-08-22 19:58,2024-08-22 20:07,2024-08-22 20:42
LAB716228,ENC106802,PT12243,TROP,"Troponin I, High Sensitivity",13,ng/L,0,34,N,STAT,2024-08-22 20:13,2024-08-22 20:26,2024-08-22 20:41
LAB716229,ENC106803,PT12251,GLU,Glucose,87,mg/dL,70,99,N,Routine,2024-08-22 18:50,2024-08-22 19:22,2024-08-23 00:25
LAB716230,ENC106803,PT12251,CREAT,Creatinine,1.09,mg/dL,0.6,1.3,N,Routine,2024-08-22 17:49,2024-08-22 18:00,2024-08-23 00:25
LAB716231,ENC106803,PT12251,WBC,White Blood Cell Count,6.8,K/uL,4.5,11,N,STAT,2024-08-22 18:15,2024-08-22 18:48,2024-08-22 19:26
LAB716232,ENC106804,PT13716,GLU,Glucose,109,mg/dL,70,99,H,STAT,2024-08-22 21:19,2024-08-22 21:30,2024-08-22 22:42
LAB716233,ENC106804,PT13716,CREAT,Creatinine,0.95,mg/dL,0.6,1.3,N,STAT,2024-08-22 21:47,2024-08-22 21:57,2024-08-22 22:31
LAB716234,ENC106804,PT13716,WBC,White Blood Cell Count,7.7,K/uL,4.5,11,N,STAT,2024-08-22 21:42,2024-08-22 21:46,2024-08-22 22:45
LAB716235,ENC106804,PT13716,HGB,Hemoglobin,12.6,g/dL,12,17.5,N,STAT,2024-08-22 21:23,2024-08-22 21:57,2024-08-22 22:30
LAB716236,ENC106805,PT13776,GLU,Glucose,123,mg/dL,70,99,H,STAT,2024-08-22 21:12,2024-08-22 21:30,2024-08-22 22:02
LAB716237,ENC106805,PT13776,CREAT,Creatinine,0.83,mg/dL,0.6,1.3,N,STAT,2024-08-22 20:47,2024-08-22 20:59,2024-08-22 22:28
LAB716238,ENC106805,PT13776,WBC,White Blood Cell Count,9.1,K/uL,4.5,11,N,Routine,2024-08-22 20:50,2024-08-22 21:17,2024-08-23 00:08
LAB716239,ENC106805,PT13776,HGB,Hemoglobin,14.6,g/dL,12,17.5,N,Routine,2024-08-22 20:29,2024-08-22 20:46,2024-08-22 23:43
LAB716240,ENC106805,PT13776,NA,Sodium,137,mmol/L,136,145,N,STAT,2024-08-22 20:29,2024-08-22 20:56,2024-08-22 21:19
LAB716241,ENC106805,PT13776,K,Potassium,4.1,mmol/L,3.5,5.1,N,STAT,2024-08-22 20:38,2024-08-22 20:49,2024-08-22 21:12
LAB716242,ENC106807,PT13814,A1C,Hemoglobin A1c,11.1,%,4,5.6,H,STAT,2024-08-22 22:36,2024-08-22 22:47,2024-08-23 00:33
LAB716243,ENC106810,PT11541,GLU,Glucose,106,mg/dL,70,99,H,STAT,2024-08-23 02:20,2024-08-23 02:54,2024-08-23 03:16
LAB716244,ENC106810,PT11541,CREAT,Creatinine,1.15,mg/dL,0.6,1.3,N,STAT,2024-08-23 01:46,2024-08-23 02:07,2024-08-23 02:48
LAB716245,ENC106810,PT11541,WBC,White Blood Cell Count,7.8,K/uL,4.5,11,N,Routine,2024-08-23 02:01,2024-08-23 02:14,2024-08-23 03:41
LAB716246,ENC106810,PT11541,HGB,Hemoglobin,14,g/dL,12,17.5,N,Routine,2024-08-23 02:10,2024-08-23 02:40,2024-08-23 06:41
LAB716247,ENC106810,PT11541,TROP,"Troponin I, High Sensitivity",10,ng/L,0,34,N,STAT,2024-08-23 02:32,2024-08-23 02:43,2024-08-23 03:20
LAB716248,ENC106810,PT11541,BNP,B-Type Natriuretic Peptide,2009,pg/mL,0,100,H,STAT,2024-08-23 02:04,2024-08-23 02:20,2024-08-23 03:10
LAB716249,ENC106811,PT10010,GLU,Glucose,109,mg/dL,70,99,H,STAT,2024-08-23 05:54,2024-08-23 06:13,2024-08-23 06:48
LAB716250,ENC106811,PT10010,CREAT,Creatinine,1.13,mg/dL,0.6,1.3,N,STAT,2024-08-23 05:20,2024-08-23 05:34,2024-08-23 06:37
LAB716251,ENC106811,PT10010,WBC,White Blood Cell Count,3.1,K/uL,4.5,11,L,STAT,2024-08-23 05:22,2024-08-23 05:51,2024-08-23 06:17
LAB716252,ENC106811,PT10010,HGB,Hemoglobin,13.5,g/dL,12,17.5,N,STAT,2024-08-23 06:14,2024-08-23 06:35,2024-08-23 07:36
LAB716253,ENC106811,PT10010,BUN,Blood Urea Nitrogen,15,mg/dL,7,20,N,STAT,2024-08-23 05:13,2024-08-23 05:36,2024-08-23 05:59
LAB716254,ENC106811,PT10010,PLT,Platelet Count,180,K/uL,150,400,N,STAT,2024-08-23 05:46,2024-08-23 06:12,2024-08-23 07:18
LAB716255,ENC106812,PT10586,GLU,Glucose,87,mg/dL,70,99,N,STAT,2024-08-23 06:17,2024-08-23 06:39,2024-08-23 07:27
LAB716256,ENC106812,PT10586,CREAT,Creatinine,0.87,mg/dL,0.6,1.3,N,STAT,2024-08-23 07:07,2024-08-23 07:35,2024-08-23 07:56
LAB716257,ENC106812,PT10586,WBC,White Blood Cell Count,7.1,K/uL,4.5,11,N,Routine,2024-08-23 06:54,2024-08-23 07:28,2024-08-23 09:42
LAB716258,ENC106812,PT10586,HGB,Hemoglobin,13.4,g/dL,12,17.5,N,Routine,2024-08-23 06:32,2024-08-23 06:37,2024-08-23 09:10
LAB716259,ENC106812,PT10586,NA,Sodium,144,mmol/L,136,145,N,Routine,2024-08-23 06:44,2024-08-23 06:59,2024-08-23 09:52
LAB716260,ENC106812,PT10586,K,Potassium,4.4,mmol/L,3.5,5.1,N,STAT,2024-08-23 06:42,2024-08-23 07:13,2024-08-23 07:37
LAB716261,ENC106815,PT12330,WBC,White Blood Cell Count,7.9,K/uL,4.5,11,N,Routine,2024-08-23 09:06,2024-08-23 09:10,2024-08-23 12:54
LAB716262,ENC106815,PT12330,HGB,Hemoglobin,12.6,g/dL,12,17.5,N,Routine,2024-08-23 09:02,2024-08-23 09:23,2024-08-23 11:04
LAB716263,ENC106815,PT12330,PLT,Platelet Count,237,K/uL,150,400,N,Routine,2024-08-23 08:53,2024-08-23 09:09,2024-08-23 13:54
LAB716264,ENC106817,PT13256,LDL,LDL Cholesterol,98,mg/dL,0,99,N,Routine,2024-08-23 09:23,2024-08-23 09:52,2024-08-23 18:52
LAB716265,ENC106817,PT13256,TSH,Thyroid Stimulating Hormone,1.74,mIU/L,0.4,4,N,Routine,2024-08-23 09:28,2024-08-23 09:36,2024-08-24 02:35
LAB716266,ENC106818,PT10021,GLU,Glucose,96,mg/dL,70,99,N,STAT,2024-08-23 10:45,2024-08-23 10:49,2024-08-23 11:37
LAB716267,ENC106818,PT10021,CREAT,Creatinine,0.78,mg/dL,0.6,1.3,N,STAT,2024-08-23 09:56,2024-08-23 10:18,2024-08-23 10:58
LAB716268,ENC106818,PT10021,WBC,White Blood Cell Count,6.7,K/uL,4.5,11,N,STAT,2024-08-23 09:57,2024-08-23 10:22,2024-08-23 11:13
LAB716269,ENC106818,PT10021,HGB,Hemoglobin,13.4,g/dL,12,17.5,N,STAT,2024-08-23 10:53,2024-08-23 11:26,2024-08-23 11:58
LAB716270,ENC106819,PT13277,LDL,LDL Cholesterol,111,mg/dL,0,99,H,Routine,2024-08-23 11:21,2024-08-23 11:39,2024-08-24 03:41
LAB716271,ENC106823,PT10906,A1C,Hemoglobin A1c,7.1,%,4,5.6,H,Routine,2024-08-23 12:09,2024-08-23 12:30,2024-08-24 00:50
LAB716272,ENC106824,PT12641,A1C,Hemoglobin A1c,11.1,%,4,5.6,H,Routine,2024-08-23 12:29,2024-08-23 12:55,2024-08-24 06:34
LAB716273,ENC106824,PT12641,GLU,Glucose,195,mg/dL,70,99,H,Routine,2024-08-23 12:20,2024-08-23 12:24,2024-08-23 13:27
LAB716274,ENC106824,PT12641,CREAT,Creatinine,0.84,mg/dL,0.6,1.3,N,Routine,2024-08-23 12:25,2024-08-23 12:39,2024-08-23 14:51
LAB716275,ENC106826,PT11159,GLU,Glucose,122,mg/dL,70,99,H,STAT,2024-08-23 18:02,2024-08-23 18:37,2024-08-23 19:03
LAB716276,ENC106826,PT11159,CREAT,Creatinine,1.38,mg/dL,0.6,1.3,H,STAT,2024-08-23 18:24,2024-08-23 18:30,2024-08-23 19:02
LAB716277,ENC106826,PT11159,WBC,White Blood Cell Count,5.8,K/uL,4.5,11,N,Routine,2024-08-23 18:18,2024-08-23 18:26,2024-08-23 20:21
LAB716278,ENC106826,PT11159,HGB,Hemoglobin,13.4,g/dL,12,17.5,N,Routine,2024-08-23 18:21,2024-08-23 18:49,2024-08-23 20:37
LAB716279,ENC106826,PT11159,BUN,Blood Urea Nitrogen,14,mg/dL,7,20,N,STAT,2024-08-23 18:24,2024-08-23 18:56,2024-08-23 19:29
LAB716280,ENC106826,PT11159,PLT,Platelet Count,135,K/uL,150,400,L,STAT,2024-08-23 18:32,2024-08-23 19:06,2024-08-23 20:08
LAB716281,ENC106827,PT10082,GLU,Glucose,91,mg/dL,70,99,N,STAT,2024-08-23 18:10,2024-08-23 18:35,2024-08-23 19:30
LAB716282,ENC106827,PT10082,CREAT,Creatinine,1.19,mg/dL,0.6,1.3,N,STAT,2024-08-23 18:35,2024-08-23 18:47,2024-08-23 19:20
LAB716283,ENC106827,PT10082,WBC,White Blood Cell Count,1.6,K/uL,4.5,11,L,STAT,2024-08-23 17:47,2024-08-23 18:08,2024-08-23 18:42
LAB716284,ENC106827,PT10082,HGB,Hemoglobin,12.8,g/dL,12,17.5,N,STAT,2024-08-23 17:53,2024-08-23 18:07,2024-08-23 19:00
LAB716285,ENC106827,PT10082,NA,Sodium,139,mmol/L,136,145,N,STAT,2024-08-23 17:52,2024-08-23 18:17,2024-08-23 19:00
LAB716286,ENC106827,PT10082,K,Potassium,4.4,mmol/L,3.5,5.1,N,STAT,2024-08-23 18:04,2024-08-23 18:32,2024-08-23 18:56
LAB716287,ENC106827,PT10082,TROP,"Troponin I, High Sensitivity",10,ng/L,0,34,N,STAT,2024-08-23 18:28,2024-08-23 18:40,2024-08-23 19:28
LAB716288,ENC106831,PT12922,GLU,Glucose,118,mg/dL,70,99,H,STAT,2024-08-23 16:15,2024-08-23 16:23,2024-08-23 16:57
LAB716289,ENC106831,PT12922,CREAT,Creatinine,0.95,mg/dL,0.6,1.3,N,Routine,2024-08-23 16:46,2024-08-23 17:17,2024-08-23 19:27
LAB716290,ENC106831,PT12922,WBC,White Blood Cell Count,7.6,K/uL,4.5,11,N,STAT,2024-08-23 16:48,2024-08-23 17:10,2024-08-23 17:52
LAB716291,ENC106831,PT12922,HGB,Hemoglobin,17.1,g/dL,12,17.5,N,Routine,2024-08-23 16:34,2024-08-23 17:04,2024-08-23 20:41
LAB716292,ENC106831,PT12922,NA,Sodium,141,mmol/L,136,145,N,Routine,2024-08-23 16:17,2024-08-23 16:44,2024-08-23 20:10
LAB716293,ENC106831,PT12922,K,Potassium,4.2,mmol/L,3.5,5.1,N,STAT,2024-08-23 16:55,2024-08-23 17:13,2024-08-23 18:09
LAB716294,ENC106832,PT11370,GLU,Glucose,169,mg/dL,70,99,H,Routine,2024-08-23 20:23,2024-08-23 20:46,2024-08-23 23:16
LAB716295,ENC106832,PT11370,CREAT,Creatinine,1.12,mg/dL,0.6,1.3,N,Routine,2024-08-23 20:37,2024-08-23 20:51,2024-08-24 01:04
LAB716296,ENC106832,PT11370,WBC,White Blood Cell Count,10.5,K/uL,4.5,11,N,STAT,2024-08-23 19:35,2024-08-23 19:49,2024-08-23 20:29
LAB716297,ENC106832,PT11370,HGB,Hemoglobin,6.7,g/dL,12,17.5,LL,STAT,2024-08-23 19:35,2024-08-23 19:48,2024-08-23 20:14
LAB716298,ENC106832,PT11370,NA,Sodium,139,mmol/L,136,145,N,STAT,2024-08-23 20:18,2024-08-23 20:47,2024-08-23 22:36
LAB716299,ENC106832,PT11370,K,Potassium,4.1,mmol/L,3.5,5.1,N,STAT,2024-08-23 20:34,2024-08-23 21:04,2024-08-23 21:35
LAB716300,ENC106832,PT11370,LACT,Lactate,3,mmol/L,0.5,2,H,STAT,2024-08-23 20:07,2024-08-23 20:39,2024-08-23 21:21
LAB716301,ENC106832,PT11370,INR,Prothrombin Time INR,1.1,ratio,0.8,1.2,N,Routine,2024-08-23 20:06,2024-08-23 20:39,2024-08-23 22:24
LAB716302,ENC106835,PT10239,GLU,Glucose,115,mg/dL,70,99,H,STAT,2024-08-23 21:05,2024-08-23 21:39,2024-08-23 22:28
LAB716303,ENC106835,PT10239,CREAT,Creatinine,1.08,mg/dL,0.6,1.3,N,STAT,2024-08-23 20:29,2024-08-23 20:37,2024-08-23 21:40
LAB716304,ENC106836,PT12925,GLU,Glucose,86,mg/dL,70,99,N,STAT,2024-08-24 00:03,2024-08-24 00:38,2024-08-24 00:52
LAB716305,ENC106836,PT12925,CREAT,Creatinine,0.97,mg/dL,0.6,1.3,N,STAT,2024-08-24 00:17,2024-08-24 00:39,2024-08-24 01:37
LAB716306,ENC106836,PT12925,WBC,White Blood Cell Count,6.6,K/uL,4.5,11,N,Routine,2024-08-23 23:31,2024-08-23 23:52,2024-08-24 02:31
LAB716307,ENC106836,PT12925,HGB,Hemoglobin,13.2,g/dL,12,17.5,N,Routine,2024-08-23 23:59,2024-08-24 00:25,2024-08-24 05:11
LAB716308,ENC106836,PT12925,NA,Sodium,124,mmol/L,136,145,L,STAT,2024-08-23 23:18,2024-08-23 23:46,2024-08-24 00:22
LAB716309,ENC106836,PT12925,K,Potassium,4.1,mmol/L,3.5,5.1,N,STAT,2024-08-23 23:31,2024-08-24 00:01,2024-08-24 01:06
LAB716310,ENC106837,PT12526,GLU,Glucose,161,mg/dL,70,99,H,STAT,2024-08-23 22:48,2024-08-23 23:12,2024-08-24 00:26
LAB716311,ENC106837,PT12526,CREAT,Creatinine,0.79,mg/dL,0.6,1.3,N,Routine,2024-08-23 22:51,2024-08-23 23:20,2024-08-24 02:05
LAB716312,ENC106837,PT12526,WBC,White Blood Cell Count,14.8,K/uL,4.5,11,H,STAT,2024-08-23 22:27,2024-08-23 22:47,2024-08-23 23:56
LAB716313,ENC106837,PT12526,HGB,Hemoglobin,11.6,g/dL,12,17.5,L,Routine,2024-08-23 22:41,2024-08-23 23:03,2024-08-24 02:23
LAB716314,ENC106838,PT13366,GLU,Glucose,109,mg/dL,70,99,H,STAT,2024-08-23 23:52,2024-08-23 23:56,2024-08-24 00:34
LAB716315,ENC106838,PT13366,CREAT,Creatinine,0.83,mg/dL,0.6,1.3,N,STAT,2024-08-24 00:05,2024-08-24 00:38,2024-08-24 01:27
LAB716316,ENC106838,PT13366,WBC,White Blood Cell Count,11,K/uL,4.5,11,N,STAT,2024-08-24 00:13,2024-08-24 00:37,2024-08-24 01:41
LAB716317,ENC106838,PT13366,HGB,Hemoglobin,13.2,g/dL,12,17.5,N,Routine,2024-08-24 00:16,2024-08-24 00:42,2024-08-24 03:45
LAB716318,ENC106839,PT13021,GLU,Glucose,94,mg/dL,70,99,N,STAT,2024-08-24 09:16,2024-08-24 09:51,2024-08-24 10:17
LAB716319,ENC106839,PT13021,CREAT,Creatinine,1.18,mg/dL,0.6,1.3,N,STAT,2024-08-24 08:59,2024-08-24 09:13,2024-08-24 10:22
LAB716320,ENC106839,PT13021,WBC,White Blood Cell Count,6.4,K/uL,4.5,11,N,STAT,2024-08-24 08:37,2024-08-24 08:49,2024-08-24 10:01
LAB716321,ENC106839,PT13021,HGB,Hemoglobin,12.7,g/dL,12,17.5,N,STAT,2024-08-24 09:07,2024-08-24 09:13,2024-08-24 10:19
LAB716322,ENC106844,PT12019,GLU,Glucose,184,mg/dL,70,99,H,STAT,2024-08-24 15:46,2024-08-24 16:03,2024-08-24 17:01
LAB716323,ENC106844,PT12019,CREAT,Creatinine,0.97,mg/dL,0.6,1.3,N,STAT,2024-08-24 15:40,2024-08-24 15:48,2024-08-24 16:22
LAB716324,ENC106844,PT12019,WBC,White Blood Cell Count,6.2,K/uL,4.5,11,N,STAT,2024-08-24 16:02,2024-08-24 16:26,2024-08-24 17:39
LAB716325,ENC106844,PT12019,HGB,Hemoglobin,14.4,g/dL,12,17.5,N,STAT,2024-08-24 15:49,2024-08-24 16:07,2024-08-24 16:34
LAB716326,ENC106844,PT12019,TROP,"Troponin I, High Sensitivity",8,ng/L,0,34,N,STAT,2024-08-24 16:25,2024-08-24 16:59,2024-08-24 17:40
LAB716327,ENC106844,PT12019,BNP,B-Type Natriuretic Peptide,2439,pg/mL,0,100,H,STAT,2024-08-24 15:52,2024-08-24 16:25,2024-08-24 17:21
LAB716328,ENC106847,PT10511,GLU,Glucose,248,mg/dL,70,99,H,STAT,2024-08-24 14:41,2024-08-24 14:45,2024-08-24 15:22
LAB716329,ENC106847,PT10511,CREAT,Creatinine,0.92,mg/dL,0.6,1.3,N,STAT,2024-08-24 14:25,2024-08-24 14:44,2024-08-24 15:33
LAB716330,ENC106847,PT10511,WBC,White Blood Cell Count,8.4,K/uL,4.5,11,N,STAT,2024-08-24 13:42,2024-08-24 13:51,2024-08-24 14:23
LAB716331,ENC106847,PT10511,HGB,Hemoglobin,13.2,g/dL,12,17.5,N,STAT,2024-08-24 14:50,2024-08-24 15:03,2024-08-24 15:55
LAB716332,ENC106848,PT13762,GLU,Glucose,81,mg/dL,70,99,N,Routine,2024-08-24 14:25,2024-08-24 14:37,2024-08-24 15:28
LAB716333,ENC106848,PT13762,CREAT,Creatinine,0.85,mg/dL,0.6,1.3,N,Routine,2024-08-24 14:40,2024-08-24 14:44,2024-08-24 15:53
LAB716334,ENC106849,PT12392,GLU,Glucose,115,mg/dL,70,99,H,Routine,2024-08-24 14:28,2024-08-24 14:34,2024-08-24 17:14
LAB716335,ENC106849,PT12392,CREAT,Creatinine,1.21,mg/dL,0.6,1.3,N,Routine,2024-08-24 14:49,2024-08-24 14:59,2024-08-24 16:31
LAB716336,ENC106849,PT12392,WBC,White Blood Cell Count,7.1,K/uL,4.5,11,N,STAT,2024-08-24 15:15,2024-08-24 15:34,2024-08-24 16:11
LAB716337,ENC106849,PT12392,HGB,Hemoglobin,13.2,g/dL,12,17.5,N,STAT,2024-08-24 14:26,2024-08-24 14:42,2024-08-24 15:35
LAB716338,ENC106850,PT10044,GLU,Glucose,113,mg/dL,70,99,H,Routine,2024-08-24 16:09,2024-08-24 16:44,2024-08-24 20:31
LAB716339,ENC106850,PT10044,CREAT,Creatinine,1.01,mg/dL,0.6,1.3,N,Routine,2024-08-24 15:27,2024-08-24 15:45,2024-08-24 17:24
LAB716340,ENC106850,PT10044,WBC,White Blood Cell Count,9.2,K/uL,4.5,11,N,Routine,2024-08-24 15:57,2024-08-24 16:15,2024-08-24 19:17
LAB716341,ENC106851,PT13313,GLU,Glucose,96,mg/dL,70,99,N,Routine,2024-08-24 16:09,2024-08-24 16:14,2024-08-24 19:19
LAB716342,ENC106851,PT13313,CREAT,Creatinine,0.58,mg/dL,0.6,1.3,L,STAT,2024-08-24 15:39,2024-08-24 16:07,2024-08-24 17:05
LAB716343,ENC106852,PT10230,GLU,Glucose,355,mg/dL,70,99,H,STAT,2024-08-24 17:42,2024-08-24 18:15,2024-08-24 18:46
LAB716344,ENC106852,PT10230,CREAT,Creatinine,1,mg/dL,0.6,1.3,N,STAT,2024-08-24 17:53,2024-08-24 18:14,2024-08-24 18:52
LAB716345,ENC106852,PT10230,WBC,White Blood Cell Count,8.2,K/uL,4.5,11,N,STAT,2024-08-24 17:49,2024-08-24 17:58,2024-08-24 18:47
LAB716346,ENC106852,PT10230,HGB,Hemoglobin,13.7,g/dL,12,17.5,N,STAT,2024-08-24 17:40,2024-08-24 18:07,2024-08-24 18:45
LAB716347,ENC106852,PT10230,NA,Sodium,136,mmol/L,136,145,N,STAT,2024-08-24 17:23,2024-08-24 17:39,2024-08-24 18:21
LAB716348,ENC106852,PT10230,K,Potassium,4.2,mmol/L,3.5,5.1,N,STAT,2024-08-24 17:05,2024-08-24 17:30,2024-08-24 18:07
LAB716349,ENC106852,PT10230,A1C,Hemoglobin A1c,8.4,%,4,5.6,H,STAT,2024-08-24 17:09,2024-08-24 17:21,2024-08-24 17:50
LAB716350,ENC106853,PT11983,GLU,Glucose,121,mg/dL,70,99,H,STAT,2024-08-24 18:39,2024-08-24 18:49,2024-08-24 19:53
LAB716351,ENC106853,PT11983,CREAT,Creatinine,2.01,mg/dL,0.6,1.3,H,Routine,2024-08-24 18:51,2024-08-24 19:18,2024-08-24 23:45
LAB716352,ENC106853,PT11983,WBC,White Blood Cell Count,7.2,K/uL,4.5,11,N,Routine,2024-08-24 18:34,2024-08-24 18:53,2024-08-24 22:10
LAB716353,ENC106853,PT11983,HGB,Hemoglobin,14.8,g/dL,12,17.5,N,STAT,2024-08-24 18:48,2024-08-24 19:19,2024-08-24 20:27
LAB716354,ENC106853,PT11983,NA,Sodium,138,mmol/L,136,145,N,STAT,2024-08-24 19:11,2024-08-24 19:46,2024-08-24 21:14
LAB716355,ENC106853,PT11983,K,Potassium,5.2,mmol/L,3.5,5.1,H,STAT,2024-08-24 19:00,2024-08-24 19:08,2024-08-24 19:45
LAB716356,ENC106854,PT13185,GLU,Glucose,120,mg/dL,70,99,H,STAT,2024-08-24 19:50,2024-08-24 20:00,2024-08-24 21:29
LAB716357,ENC106854,PT13185,CREAT,Creatinine,0.99,mg/dL,0.6,1.3,N,STAT,2024-08-24 19:47,2024-08-24 20:06,2024-08-24 20:36
LAB716358,ENC106854,PT13185,WBC,White Blood Cell Count,6.5,K/uL,4.5,11,N,STAT,2024-08-24 19:47,2024-08-24 19:59,2024-08-24 20:22
LAB716359,ENC106854,PT13185,TROP,"Troponin I, High Sensitivity",5,ng/L,0,34,N,STAT,2024-08-24 20:50,2024-08-24 21:15,2024-08-24 21:56
LAB716360,ENC106855,PT13589,GLU,Glucose,125,mg/dL,70,99,H,STAT,2024-08-25 00:05,2024-08-25 00:21,2024-08-25 01:24
LAB716361,ENC106855,PT13589,CREAT,Creatinine,1.14,mg/dL,0.6,1.3,N,Routine,2024-08-25 00:32,2024-08-25 00:48,2024-08-25 08:08
LAB716362,ENC106855,PT13589,WBC,White Blood Cell Count,7.8,K/uL,4.5,11,N,Routine,2024-08-25 01:05,2024-08-25 01:24,2024-08-25 05:09
LAB716363,ENC106855,PT13589,HGB,Hemoglobin,14.8,g/dL,12,17.5,N,STAT,2024-08-25 01:07,2024-08-25 01:38,2024-08-25 02:13
LAB716364,ENC106855,PT13589,NA,Sodium,140,mmol/L,136,145,N,STAT,2024-08-25 00:11,2024-08-25 00:35,2024-08-25 01:52
LAB716365,ENC106855,PT13589,K,Potassium,3.9,mmol/L,3.5,5.1,N,STAT,2024-08-25 01:08,2024-08-25 01:31,2024-08-25 02:23
LAB716366,ENC106855,PT13589,BUN,Blood Urea Nitrogen,16,mg/dL,7,20,N,STAT,2024-08-25 00:48,2024-08-25 01:18,2024-08-25 02:35
LAB716367,ENC106855,PT13589,PLT,Platelet Count,285,K/uL,150,400,N,Routine,2024-08-25 00:04,2024-08-25 00:39,2024-08-25 03:30
LAB716368,ENC106856,PT11827,GLU,Glucose,57,mg/dL,70,99,L,STAT,2024-08-25 04:28,2024-08-25 04:42,2024-08-25 05:42
LAB716369,ENC106856,PT11827,CREAT,Creatinine,1.01,mg/dL,0.6,1.3,N,STAT,2024-08-25 04:15,2024-08-25 04:45,2024-08-25 06:17
LAB716370,ENC106856,PT11827,WBC,White Blood Cell Count,4.9,K/uL,4.5,11,N,STAT,2024-08-25 03:43,2024-08-25 03:56,2024-08-25 04:33
LAB716371,ENC106856,PT11827,HGB,Hemoglobin,13,g/dL,12,17.5,N,STAT,2024-08-25 04:12,2024-08-25 04:27,2024-08-25 05:20
LAB716372,ENC106856,PT11827,NA,Sodium,141,mmol/L,136,145,N,STAT,2024-08-25 04:08,2024-08-25 04:12,2024-08-25 05:01
LAB716373,ENC106856,PT11827,K,Potassium,4.8,mmol/L,3.5,5.1,N,STAT,2024-08-25 04:00,2024-08-25 04:08,2024-08-25 04:37
LAB716374,ENC106858,PT13885,GLU,Glucose,227,mg/dL,70,99,H,STAT,2024-08-25 07:42,2024-08-25 08:00,2024-08-25 09:44
LAB716375,ENC106858,PT13885,CREAT,Creatinine,0.84,mg/dL,0.6,1.3,N,Routine,2024-08-25 07:51,2024-08-25 08:03,2024-08-25 15:19
LAB716376,ENC106858,PT13885,WBC,White Blood Cell Count,7.9,K/uL,4.5,11,N,STAT,2024-08-25 07:39,2024-08-25 07:54,2024-08-25 08:14
LAB716377,ENC106858,PT13885,HGB,Hemoglobin,12.1,g/dL,12,17.5,N,STAT,2024-08-25 08:04,2024-08-25 08:24,2024-08-25 09:13
LAB716378,ENC106859,PT11461,GLU,Glucose,103,mg/dL,70,99,H,Routine,2024-08-25 08:06,2024-08-25 08:14,2024-08-25 11:06
LAB716379,ENC106859,PT11461,CREAT,Creatinine,0.76,mg/dL,0.6,1.3,N,STAT,2024-08-25 08:11,2024-08-25 08:28,2024-08-25 09:42
LAB716380,ENC106859,PT11461,WBC,White Blood Cell Count,7.4,K/uL,4.5,11,N,Routine,2024-08-25 08:28,2024-08-25 08:39,2024-08-25 12:06
LAB716381,ENC106859,PT11461,HGB,Hemoglobin,10.5,g/dL,12,17.5,L,Routine,2024-08-25 08:22,2024-08-25 08:28,2024-08-25 10:36
LAB716382,ENC106859,PT11461,TROP,"Troponin I, High Sensitivity",439,ng/L,0,34,H,STAT,2024-08-25 08:26,2024-08-25 08:43,2024-08-25 09:13
LAB716383,ENC106860,PT13806,GLU,Glucose,214,mg/dL,70,99,H,STAT,2024-08-25 17:26,2024-08-25 17:41,2024-08-25 18:30
LAB716384,ENC106860,PT13806,CREAT,Creatinine,1.12,mg/dL,0.6,1.3,N,STAT,2024-08-25 17:41,2024-08-25 18:03,2024-08-25 18:45
LAB716385,ENC106860,PT13806,WBC,White Blood Cell Count,8.7,K/uL,4.5,11,N,STAT,2024-08-25 17:25,2024-08-25 17:29,2024-08-25 17:53
LAB716386,ENC106860,PT13806,HGB,Hemoglobin,14.3,g/dL,12,17.5,N,STAT,2024-08-25 17:53,2024-08-25 18:21,2024-08-25 19:20
LAB716387,ENC106860,PT13806,NA,Sodium,139,mmol/L,136,145,N,Routine,2024-08-25 17:31,2024-08-25 17:51,2024-08-25 18:31
LAB716388,ENC106860,PT13806,K,Potassium,5,mmol/L,3.5,5.1,N,STAT,2024-08-25 17:29,2024-08-25 17:38,2024-08-25 18:32
LAB716389,ENC106861,PT13476,GLU,Glucose,178,mg/dL,70,99,H,STAT,2024-08-25 12:24,2024-08-25 12:42,2024-08-25 13:42
LAB716390,ENC106861,PT13476,CREAT,Creatinine,1.16,mg/dL,0.6,1.3,N,Routine,2024-08-25 12:11,2024-08-25 12:37,2024-08-25 15:57
LAB716391,ENC106861,PT13476,WBC,White Blood Cell Count,9.3,K/uL,4.5,11,N,STAT,2024-08-25 11:52,2024-08-25 12:08,2024-08-25 12:45
LAB716392,ENC106861,PT13476,HGB,Hemoglobin,15,g/dL,12,17.5,N,STAT,2024-08-25 11:32,2024-08-25 12:01,2024-08-25 12:46
LAB716393,ENC106861,PT13476,TROP,"Troponin I, High Sensitivity",5,ng/L,0,34,N,STAT,2024-08-25 11:56,2024-08-25 12:10,2024-08-25 12:46
LAB716394,ENC106863,PT11489,GLU,Glucose,90,mg/dL,70,99,N,STAT,2024-08-25 16:22,2024-08-25 16:49,2024-08-25 17:28
LAB716395,ENC106863,PT11489,CREAT,Creatinine,0.92,mg/dL,0.6,1.3,N,STAT,2024-08-25 15:46,2024-08-25 15:57,2024-08-25 16:28
LAB716396,ENC106863,PT11489,WBC,White Blood Cell Count,8.5,K/uL,4.5,11,N,STAT,2024-08-25 15:40,2024-08-25 16:09,2024-08-25 16:50
LAB716397,ENC106863,PT11489,HGB,Hemoglobin,17.8,g/dL,12,17.5,H,STAT,2024-08-25 15:18,2024-08-25 15:40,2024-08-25 17:01
LAB716398,ENC106863,PT11489,NA,Sodium,128,mmol/L,136,145,L,Routine,2024-08-25 16:01,2024-08-25 16:12,2024-08-25 21:32
LAB716399,ENC106863,PT11489,K,Potassium,4.1,mmol/L,3.5,5.1,N,STAT,2024-08-25 15:18,2024-08-25 15:49,2024-08-25 16:47
LAB716400,ENC106865,PT13376,GLU,Glucose,98,mg/dL,70,99,N,STAT,2024-08-25 14:18,2024-08-25 14:35,2024-08-25 15:17
LAB716401,ENC106865,PT13376,CREAT,Creatinine,0.93,mg/dL,0.6,1.3,N,STAT,2024-08-25 14:40,2024-08-25 15:10,2024-08-25 16:39
LAB716402,ENC106865,PT13376,WBC,White Blood Cell Count,6.2,K/uL,4.5,11,N,STAT,2024-08-25 14:09,2024-08-25 14:13,2024-08-25 14:56
LAB716403,ENC106866,PT11953,GLU,Glucose,123,mg/dL,70,99,H,Routine,2024-08-25 18:11,2024-08-25 18:39,2024-08-25 21:05
LAB716404,ENC106866,PT11953,CREAT,Creatinine,0.68,mg/dL,0.6,1.3,N,STAT,2024-08-25 18:02,2024-08-25 18:37,2024-08-25 19:47
LAB716405,ENC106866,PT11953,WBC,White Blood Cell Count,5.6,K/uL,4.5,11,N,Routine,2024-08-25 17:44,2024-08-25 18:13,2024-08-25 20:34
LAB716406,ENC106866,PT11953,HGB,Hemoglobin,13,g/dL,12,17.5,N,Routine,2024-08-25 18:12,2024-08-25 18:21,2024-08-25 19:37
LAB716407,ENC106866,PT11953,TROP,"Troponin I, High Sensitivity",2,ng/L,0,34,N,STAT,2024-08-25 17:59,2024-08-25 18:26,2024-08-25 18:41
LAB716408,ENC106867,PT13667,GLU,Glucose,102,mg/dL,70,99,H,STAT,2024-08-25 15:13,2024-08-25 15:44,2024-08-25 16:55
LAB716409,ENC106867,PT13667,CREAT,Creatinine,0.67,mg/dL,0.6,1.3,N,STAT,2024-08-25 15:22,2024-08-25 15:36,2024-08-25 16:22
LAB716410,ENC106867,PT13667,WBC,White Blood Cell Count,16,K/uL,4.5,11,H,STAT,2024-08-25 14:55,2024-08-25 15:30,2024-08-25 15:48
LAB716411,ENC106867,PT13667,HGB,Hemoglobin,13.8,g/dL,12,17.5,N,STAT,2024-08-25 15:01,2024-08-25 15:36,2024-08-25 16:27
LAB716412,ENC106868,PT11206,GLU,Glucose,142,mg/dL,70,99,H,STAT,2024-08-25 22:23,2024-08-25 22:39,2024-08-25 23:19
LAB716413,ENC106868,PT11206,CREAT,Creatinine,2.35,mg/dL,0.6,1.3,H,STAT,2024-08-25 21:48,2024-08-25 22:09,2024-08-25 23:06
LAB716414,ENC106868,PT11206,WBC,White Blood Cell Count,6,K/uL,4.5,11,N,STAT,2024-08-25 22:43,2024-08-25 22:49,2024-08-25 23:25
LAB716415,ENC106868,PT11206,HGB,Hemoglobin,13.9,g/dL,12,17.5,N,STAT,2024-08-25 22:00,2024-08-25 22:20,2024-08-25 23:49
LAB716416,ENC106868,PT11206,NA,Sodium,141,mmol/L,136,145,N,STAT,2024-08-25 22:34,2024-08-25 22:54,2024-08-26 00:08
LAB716417,ENC106868,PT11206,K,Potassium,5.5,mmol/L,3.5,5.1,H,STAT,2024-08-25 21:45,2024-08-25 21:53,2024-08-25 23:40
LAB716418,ENC106870,PT13836,GLU,Glucose,112,mg/dL,70,99,H,STAT,2024-08-25 23:25,2024-08-25 23:43,2024-08-26 00:17
LAB716419,ENC106870,PT13836,CREAT,Creatinine,0.78,mg/dL,0.6,1.3,N,Routine,2024-08-25 23:10,2024-08-25 23:31,2024-08-26 01:00
LAB716420,ENC106870,PT13836,WBC,White Blood Cell Count,9.1,K/uL,4.5,11,N,Routine,2024-08-25 23:20,2024-08-25 23:53,2024-08-26 03:55
LAB716421,ENC106870,PT13836,HGB,Hemoglobin,12.6,g/dL,12,17.5,N,Routine,2024-08-25 23:52,2024-08-26 00:02,2024-08-26 03:43
LAB716422,ENC106870,PT13836,NA,Sodium,138,mmol/L,136,145,N,Routine,2024-08-25 23:24,2024-08-25 23:49,2024-08-26 03:47
LAB716423,ENC106870,PT13836,K,Potassium,4.5,mmol/L,3.5,5.1,N,STAT,2024-08-25 23:15,2024-08-25 23:43,2024-08-26 00:22
LAB716424,ENC106871,PT11209,GLU,Glucose,110,mg/dL,70,99,H,STAT,2024-08-26 03:34,2024-08-26 03:50,2024-08-26 04:24
LAB716425,ENC106871,PT11209,CREAT,Creatinine,1.44,mg/dL,0.6,1.3,H,STAT,2024-08-26 03:08,2024-08-26 03:42,2024-08-26 04:45
LAB716426,ENC106871,PT11209,WBC,White Blood Cell Count,1.8,K/uL,4.5,11,L,Routine,2024-08-26 03:11,2024-08-26 03:46,2024-08-26 06:35
LAB716427,ENC106871,PT11209,HGB,Hemoglobin,14,g/dL,12,17.5,N,STAT,2024-08-26 03:33,2024-08-26 03:44,2024-08-26 04:35
LAB716428,ENC106872,PT11738,GLU,Glucose,154,mg/dL,70,99,H,STAT,2024-08-25 23:49,2024-08-26 00:07,2024-08-26 01:01
LAB716429,ENC106872,PT11738,CREAT,Creatinine,1.04,mg/dL,0.6,1.3,N,Routine,2024-08-25 23:52,2024-08-26 00:26,2024-08-26 01:48
LAB716430,ENC106872,PT11738,WBC,White Blood Cell Count,7,K/uL,4.5,11,N,STAT,2024-08-25 23:32,2024-08-25 23:56,2024-08-26 00:41
LAB716431,ENC106872,PT11738,TROP,"Troponin I, High Sensitivity",5,ng/L,0,34,N,STAT,2024-08-26 00:14,2024-08-26 00:30,2024-08-26 00:48
LAB716432,ENC106873,PT12322,GLU,Glucose,159,mg/dL,70,99,H,Routine,2024-08-26 00:07,2024-08-26 00:31,2024-08-26 03:34
LAB716433,ENC106873,PT12322,CREAT,Creatinine,0.97,mg/dL,0.6,1.3,N,Routine,2024-08-26 00:22,2024-08-26 00:34,2024-08-26 03:41
LAB716434,ENC106873,PT12322,WBC,White Blood Cell Count,8.3,K/uL,4.5,11,N,STAT,2024-08-26 00:34,2024-08-26 01:01,2024-08-26 02:03
LAB716435,ENC106873,PT12322,HGB,Hemoglobin,14.5,g/dL,12,17.5,N,STAT,2024-08-26 00:27,2024-08-26 00:42,2024-08-26 01:21
LAB716436,ENC106873,PT12322,TROP,"Troponin I, High Sensitivity",5,ng/L,0,34,N,STAT,2024-08-26 00:58,2024-08-26 01:22,2024-08-26 02:11
LAB716437,ENC106875,PT10043,GLU,Glucose,91,mg/dL,70,99,N,STAT,2024-08-26 00:37,2024-08-26 01:02,2024-08-26 01:37
LAB716438,ENC106875,PT10043,CREAT,Creatinine,0.93,mg/dL,0.6,1.3,N,Routine,2024-08-26 01:03,2024-08-26 01:35,2024-08-26 03:12
LAB716439,ENC106876,PT12274,TROP,"Troponin I, High Sensitivity",7,ng/L,0,34,N,STAT,2024-08-26 08:48,2024-08-26 09:15,2024-08-26 09:52
LAB716440,ENC106878,PT13179,GLU,Glucose,76,mg/dL,70,99,N,STAT,2024-08-26 11:50,2024-08-26 12:14,2024-08-26 13:20
LAB716441,ENC106878,PT13179,CREAT,Creatinine,2.65,mg/dL,0.6,1.3,H,STAT,2024-08-26 11:56,2024-08-26 12:18,2024-08-26 12:56
LAB716442,ENC106878,PT13179,WBC,White Blood Cell Count,7.7,K/uL,4.5,11,N,STAT,2024-08-26 11:24,2024-08-26 11:42,2024-08-26 12:54
LAB716443,ENC106878,PT13179,HGB,Hemoglobin,14.9,g/dL,12,17.5,N,Routine,2024-08-26 11:26,2024-08-26 11:57,2024-08-26 14:05
LAB716444,ENC106878,PT13179,NA,Sodium,140,mmol/L,136,145,N,Routine,2024-08-26 12:03,2024-08-26 12:22,2024-08-26 13:56
LAB716445,ENC106878,PT13179,K,Potassium,5,mmol/L,3.5,5.1,N,STAT,2024-08-26 12:02,2024-08-26 12:16,2024-08-26 12:40
LAB716446,ENC106878,PT13179,BUN,Blood Urea Nitrogen,10,mg/dL,7,20,N,Routine,2024-08-26 11:58,2024-08-26 12:10,2024-08-26 14:29
LAB716447,ENC106878,PT13179,PLT,Platelet Count,280,K/uL,150,400,N,Routine,2024-08-26 12:23,2024-08-26 12:35,2024-08-26 14:17
LAB716448,ENC106879,PT11395,GLU,Glucose,239,mg/dL,70,99,H,STAT,2024-08-26 10:46,2024-08-26 11:07,2024-08-26 12:19
LAB716449,ENC106879,PT11395,CREAT,Creatinine,0.81,mg/dL,0.6,1.3,N,Routine,2024-08-26 10:32,2024-08-26 10:42,2024-08-26 12:10
LAB716450,ENC106879,PT11395,WBC,White Blood Cell Count,5.5,K/uL,4.5,11,N,STAT,2024-08-26 10:28,2024-08-26 10:38,2024-08-26 10:59
LAB716451,ENC106879,PT11395,HGB,Hemoglobin,13.3,g/dL,12,17.5,N,Routine,2024-08-26 10:49,2024-08-26 11:11,2024-08-26 12:40
LAB716452,ENC106880,PT13107,GLU,Glucose,80,mg/dL,70,99,N,STAT,2024-08-26 10:24,2024-08-26 10:33,2024-08-26 12:02
LAB716453,ENC106880,PT13107,CREAT,Creatinine,1.17,mg/dL,0.6,1.3,N,STAT,2024-08-26 10:55,2024-08-26 11:15,2024-08-26 12:27
LAB716454,ENC106880,PT13107,WBC,White Blood Cell Count,6.3,K/uL,4.5,11,N,STAT,2024-08-26 10:42,2024-08-26 10:48,2024-08-26 11:16
LAB716455,ENC106880,PT13107,HGB,Hemoglobin,15.3,g/dL,12,17.5,N,STAT,2024-08-26 10:27,2024-08-26 10:31,2024-08-26 11:28
LAB716456,ENC106880,PT13107,TROP,"Troponin I, High Sensitivity",4,ng/L,0,34,N,STAT,2024-08-26 10:13,2024-08-26 10:40,2024-08-26 11:55
LAB716457,ENC106882,PT13787,GLU,Glucose,97,mg/dL,70,99,N,STAT,2024-08-26 13:24,2024-08-26 13:57,2024-08-26 14:51
LAB716458,ENC106882,PT13787,CREAT,Creatinine,1.12,mg/dL,0.6,1.3,N,Routine,2024-08-26 13:11,2024-08-26 13:42,2024-08-26 15:10
LAB716459,ENC106882,PT13787,WBC,White Blood Cell Count,8.8,K/uL,4.5,11,N,STAT,2024-08-26 13:11,2024-08-26 13:42,2024-08-26 14:41
LAB716460,ENC106882,PT13787,HGB,Hemoglobin,14.8,g/dL,12,17.5,N,STAT,2024-08-26 12:55,2024-08-26 13:03,2024-08-26 13:39
LAB716461,ENC106883,PT12472,GLU,Glucose,107,mg/dL,70,99,H,Routine,2024-08-26 13:15,2024-08-26 13:28,2024-08-26 14:47
LAB716462,ENC106883,PT12472,CREAT,Creatinine,1.01,mg/dL,0.6,1.3,N,STAT,2024-08-26 14:19,2024-08-26 14:44,2024-08-26 15:14
LAB716463,ENC106883,PT12472,WBC,White Blood Cell Count,7.3,K/uL,4.5,11,N,Routine,2024-08-26 14:10,2024-08-26 14:29,2024-08-26 16:13
LAB716464,ENC106883,PT12472,HGB,Hemoglobin,14.4,g/dL,12,17.5,N,STAT,2024-08-26 14:13,2024-08-26 14:44,2024-08-26 16:08
LAB716465,ENC106883,PT12472,BUN,Blood Urea Nitrogen,10,mg/dL,7,20,N,STAT,2024-08-26 13:57,2024-08-26 14:18,2024-08-26 15:57
LAB716466,ENC106883,PT12472,PLT,Platelet Count,195,K/uL,150,400,N,Routine,2024-08-26 13:47,2024-08-26 14:02,2024-08-26 17:30
LAB716467,ENC106883,PT12472,TROP,"Troponin I, High Sensitivity",5,ng/L,0,34,N,STAT,2024-08-26 13:59,2024-08-26 14:22,2024-08-26 15:03
LAB716468,ENC106883,PT12472,BNP,B-Type Natriuretic Peptide,4034,pg/mL,0,100,H,Routine,2024-08-26 14:24,2024-08-26 14:43,2024-08-26 17:05
LAB716469,ENC106884,PT12933,WBC,White Blood Cell Count,10.1,K/uL,4.5,11,N,Routine,2024-08-26 10:54,2024-08-26 11:04,2024-08-26 13:44
LAB716470,ENC106884,PT12933,HGB,Hemoglobin,12.8,g/dL,12,17.5,N,Routine,2024-08-26 11:10,2024-08-26 11:31,2024-08-26 15:47
LAB716471,ENC106884,PT12933,PLT,Platelet Count,317,K/uL,150,400,N,Routine,2024-08-26 11:12,2024-08-26 11:28,2024-08-26 15:25
LAB716472,ENC106886,PT11026,A1C,Hemoglobin A1c,10.4,%,4,5.6,H,Routine,2024-08-26 11:20,2024-08-26 11:43,2024-08-26 19:59
LAB716473,ENC106887,PT13185,GLU,Glucose,119,mg/dL,70,99,H,STAT,2024-08-26 12:04,2024-08-26 12:22,2024-08-26 14:29
LAB716474,ENC106887,PT13185,CREAT,Creatinine,0.95,mg/dL,0.6,1.3,N,STAT,2024-08-26 12:44,2024-08-26 13:18,2024-08-26 14:13
LAB716475,ENC106887,PT13185,WBC,White Blood Cell Count,4.1,K/uL,4.5,11,L,STAT,2024-08-26 12:16,2024-08-26 12:28,2024-08-26 12:52
LAB716476,ENC106887,PT13185,HGB,Hemoglobin,13.1,g/dL,12,17.5,N,Routine,2024-08-26 12:32,2024-08-26 12:45,2024-08-26 14:29
LAB716477,ENC106889,PT10451,GLU,Glucose,105,mg/dL,70,99,H,STAT,2024-08-26 14:10,2024-08-26 14:33,2024-08-26 15:24
LAB716478,ENC106889,PT10451,CREAT,Creatinine,0.69,mg/dL,0.6,1.3,N,STAT,2024-08-26 14:13,2024-08-26 14:29,2024-08-26 14:48
LAB716479,ENC106889,PT10451,WBC,White Blood Cell Count,7.8,K/uL,4.5,11,N,STAT,2024-08-26 14:09,2024-08-26 14:22,2024-08-26 15:18
LAB716480,ENC106889,PT10451,HGB,Hemoglobin,12.8,g/dL,12,17.5,N,STAT,2024-08-26 14:22,2024-08-26 14:48,2024-08-26 15:28
LAB716481,ENC106891,PT10392,GLU,Glucose,73,mg/dL,70,99,N,STAT,2024-08-26 14:47,2024-08-26 14:51,2024-08-26 15:41
LAB716482,ENC106891,PT10392,CREAT,Creatinine,0.96,mg/dL,0.6,1.3,N,Routine,2024-08-26 14:55,2024-08-26 15:16,2024-08-26 21:38
LAB716483,ENC106891,PT10392,WBC,White Blood Cell Count,7.7,K/uL,4.5,11,N,Routine,2024-08-26 14:38,2024-08-26 14:58,2024-08-26 17:17
LAB716484,ENC106891,PT10392,HGB,Hemoglobin,12.7,g/dL,12,17.5,N,STAT,2024-08-26 14:35,2024-08-26 14:48,2024-08-26 15:27
LAB716485,ENC106893,PT10487,GLU,Glucose,109,mg/dL,70,99,H,STAT,2024-08-26 18:48,2024-08-26 19:04,2024-08-26 20:29
LAB716486,ENC106893,PT10487,CREAT,Creatinine,0.92,mg/dL,0.6,1.3,N,STAT,2024-08-26 18:42,2024-08-26 19:03,2024-08-26 20:11
LAB716487,ENC106893,PT10487,WBC,White Blood Cell Count,17.6,K/uL,4.5,11,H,STAT,2024-08-26 18:15,2024-08-26 18:42,2024-08-26 19:06
LAB716488,ENC106893,PT10487,HGB,Hemoglobin,15.5,g/dL,12,17.5,N,STAT,2024-08-26 19:06,2024-08-26 19:23,2024-08-26 20:53
LAB716489,ENC106894,PT13191,GLU,Glucose,81,mg/dL,70,99,N,STAT,2024-08-26 15:35,2024-08-26 15:49,2024-08-26 16:40
LAB716490,ENC106894,PT13191,CREAT,Creatinine,0.79,mg/dL,0.6,1.3,N,STAT,2024-08-26 16:34,2024-08-26 17:02,2024-08-26 18:09
LAB716491,ENC106894,PT13191,WBC,White Blood Cell Count,8,K/uL,4.5,11,N,STAT,2024-08-26 16:34,2024-08-26 16:51,2024-08-26 17:16
LAB716492,ENC106895,PT11518,GLU,Glucose,214,mg/dL,70,99,H,STAT,2024-08-26 16:09,2024-08-26 16:22,2024-08-26 17:05
LAB716493,ENC106895,PT11518,CREAT,Creatinine,1.65,mg/dL,0.6,1.3,H,STAT,2024-08-26 15:35,2024-08-26 15:55,2024-08-26 17:31
LAB716494,ENC106895,PT11518,WBC,White Blood Cell Count,6.4,K/uL,4.5,11,N,STAT,2024-08-26 16:08,2024-08-26 16:13,2024-08-26 17:30
LAB716495,ENC106895,PT11518,HGB,Hemoglobin,9.1,g/dL,12,17.5,L,Routine,2024-08-26 16:17,2024-08-26 16:23,2024-08-26 19:05
LAB716496,ENC106896,PT10400,GLU,Glucose,85,mg/dL,70,99,N,STAT,2024-08-26 19:17,2024-08-26 19:38,2024-08-26 20:29
LAB716497,ENC106896,PT10400,CREAT,Creatinine,1.09,mg/dL,0.6,1.3,N,Routine,2024-08-26 19:48,2024-08-26 20:11,2024-08-26 21:51
LAB716498,ENC106896,PT10400,WBC,White Blood Cell Count,8.7,K/uL,4.5,11,N,Routine,2024-08-26 20:07,2024-08-26 20:23,2024-08-26 23:55
LAB716499,ENC106896,PT10400,HGB,Hemoglobin,10.4,g/dL,12,17.5,L,STAT,2024-08-26 20:03,2024-08-26 20:33,2024-08-26 21:17
LAB716500,ENC106896,PT10400,NA,Sodium,139,mmol/L,136,145,N,STAT,2024-08-26 19:36,2024-08-26 19:51,2024-08-26 20:49
LAB716501,ENC106896,PT10400,K,Potassium,4,mmol/L,3.5,5.1,N,STAT,2024-08-26 19:42,2024-08-26 19:59,2024-08-26 20:44
LAB716502,ENC106897,PT11639,LDL,LDL Cholesterol,156,mg/dL,0,99,H,Routine,2024-08-26 16:20,2024-08-26 16:26,2024-08-27 02:57
LAB716503,ENC106897,PT11639,A1C,Hemoglobin A1c,5.8,%,4,5.6,H,Routine,2024-08-26 16:14,2024-08-26 16:33,2024-08-27 04:53
LAB716504,ENC106900,PT10988,GLU,Glucose,106,mg/dL,70,99,H,STAT,2024-08-26 21:32,2024-08-26 21:48,2024-08-26 22:30
LAB716505,ENC106900,PT10988,CREAT,Creatinine,0.9,mg/dL,0.6,1.3,N,Routine,2024-08-26 21:08,2024-08-26 21:36,2024-08-27 00:04
LAB716506,ENC106900,PT10988,WBC,White Blood Cell Count,14.9,K/uL,4.5,11,H,Routine,2024-08-26 21:10,2024-08-26 21:19,2024-08-27 02:45
LAB716507,ENC106900,PT10988,HGB,Hemoglobin,11.7,g/dL,12,17.5,L,STAT,2024-08-26 21:36,2024-08-26 22:04,2024-08-26 23:11
LAB716508,ENC106902,PT10541,GLU,Glucose,128,mg/dL,70,99,H,STAT,2024-08-26 21:46,2024-08-26 21:59,2024-08-26 22:43
LAB716509,ENC106902,PT10541,CREAT,Creatinine,0.71,mg/dL,0.6,1.3,N,STAT,2024-08-26 21:41,2024-08-26 21:45,2024-08-26 22:18
LAB716510,ENC106902,PT10541,WBC,White Blood Cell Count,9.4,K/uL,4.5,11,N,STAT,2024-08-26 21:20,2024-08-26 21:33,2024-08-26 22:44
LAB716511,ENC106902,PT10541,HGB,Hemoglobin,16.7,g/dL,12,17.5,N,STAT,2024-08-26 21:25,2024-08-26 21:33,2024-08-26 21:56
LAB716512,ENC106903,PT12885,GLU,Glucose,136,mg/dL,70,99,H,STAT,2024-08-26 23:56,2024-08-27 00:22,2024-08-27 01:05
LAB716513,ENC106903,PT12885,CREAT,Creatinine,0.68,mg/dL,0.6,1.3,N,STAT,2024-08-26 23:33,2024-08-26 23:56,2024-08-27 00:17
LAB716514,ENC106903,PT12885,WBC,White Blood Cell Count,7.5,K/uL,4.5,11,N,STAT,2024-08-26 23:55,2024-08-27 00:12,2024-08-27 01:06
LAB716515,ENC106903,PT12885,HGB,Hemoglobin,15.3,g/dL,12,17.5,N,STAT,2024-08-26 23:30,2024-08-26 23:51,2024-08-27 00:27
LAB716516,ENC106903,PT12885,NA,Sodium,141,mmol/L,136,145,N,Routine,2024-08-26 23:20,2024-08-26 23:44,2024-08-27 03:23
LAB716517,ENC106903,PT12885,K,Potassium,4.5,mmol/L,3.5,5.1,N,STAT,2024-08-27 00:10,2024-08-27 00:17,2024-08-27 01:11
LAB716518,ENC106904,PT11658,GLU,Glucose,99,mg/dL,70,99,N,Routine,2024-08-27 00:52,2024-08-27 01:09,2024-08-27 04:30
LAB716519,ENC106904,PT11658,CREAT,Creatinine,1.27,mg/dL,0.6,1.3,N,Routine,2024-08-27 00:23,2024-08-27 00:42,2024-08-27 02:29
LAB716520,ENC106904,PT11658,WBC,White Blood Cell Count,7.2,K/uL,4.5,11,N,Routine,2024-08-27 01:15,2024-08-27 01:28,2024-08-27 04:19
LAB716521,ENC106904,PT11658,HGB,Hemoglobin,15.9,g/dL,12,17.5,N,Routine,2024-08-27 00:15,2024-08-27 00:42,2024-08-27 02:59
LAB716522,ENC106905,PT10755,GLU,Glucose,183,mg/dL,70,99,H,Routine,2024-08-27 01:18,2024-08-27 01:32,2024-08-27 03:51
LAB716523,ENC106905,PT10755,CREAT,Creatinine,1.9,mg/dL,0.6,1.3,H,Routine,2024-08-27 01:12,2024-08-27 01:34,2024-08-27 03:02
LAB716524,ENC106905,PT10755,WBC,White Blood Cell Count,19.7,K/uL,4.5,11,H,STAT,2024-08-27 00:34,2024-08-27 00:44,2024-08-27 01:31
LAB716525,ENC106905,PT10755,HGB,Hemoglobin,14.3,g/dL,12,17.5,N,Routine,2024-08-27 01:15,2024-08-27 01:20,2024-08-27 03:46
LAB716526,ENC106905,PT10755,NA,Sodium,142,mmol/L,136,145,N,Routine,2024-08-27 00:55,2024-08-27 01:14,2024-08-27 03:26
LAB716527,ENC106905,PT10755,K,Potassium,4,mmol/L,3.5,5.1,N,STAT,2024-08-27 00:56,2024-08-27 01:06,2024-08-27 01:40
LAB716528,ENC106905,PT10755,LACT,Lactate,5.6,mmol/L,0.5,2,HH,STAT,2024-08-27 00:40,2024-08-27 01:00,2024-08-27 01:39
LAB716529,ENC106906,PT10696,GLU,Glucose,119,mg/dL,70,99,H,Routine,2024-08-27 03:38,2024-08-27 03:45,2024-08-27 11:34
LAB716530,ENC106906,PT10696,CREAT,Creatinine,2.06,mg/dL,0.6,1.3,H,Routine,2024-08-27 04:38,2024-08-27 04:52,2024-08-27 08:17
LAB716531,ENC106906,PT10696,WBC,White Blood Cell Count,10.8,K/uL,4.5,11,N,STAT,2024-08-27 04:26,2024-08-27 04:34,2024-08-27 05:49
LAB716532,ENC106906,PT10696,HGB,Hemoglobin,14.4,g/dL,12,17.5,N,STAT,2024-08-27 03:37,2024-08-27 03:52,2024-08-27 04:25
LAB716533,ENC106906,PT10696,NA,Sodium,141,mmol/L,136,145,N,Routine,2024-08-27 04:18,2024-08-27 04:33,2024-08-27 10:08
LAB716534,ENC106906,PT10696,K,Potassium,5.2,mmol/L,3.5,5.1,H,STAT,2024-08-27 04:08,2024-08-27 04:24,2024-08-27 05:26
LAB716535,ENC106908,PT12579,A1C,Hemoglobin A1c,8.1,%,4,5.6,H,Routine,2024-08-27 09:06,2024-08-27 09:33,2024-08-28 01:10
LAB716536,ENC106908,PT12579,GLU,Glucose,181,mg/dL,70,99,H,Routine,2024-08-27 09:17,2024-08-27 09:40,2024-08-27 11:42
LAB716537,ENC106908,PT12579,CREAT,Creatinine,1.17,mg/dL,0.6,1.3,N,Routine,2024-08-27 09:19,2024-08-27 09:24,2024-08-27 12:11
LAB716538,ENC106909,PT12662,LDL,LDL Cholesterol,137,mg/dL,0,99,H,Routine,2024-08-27 09:43,2024-08-27 10:08,2024-08-28 01:49
LAB716539,ENC106909,PT12662,TSH,Thyroid Stimulating Hormone,1.94,mIU/L,0.4,4,N,Routine,2024-08-27 09:25,2024-08-27 09:50,2024-08-27 22:06
LAB716540,ENC106910,PT13350,GLU,Glucose,97,mg/dL,70,99,N,Routine,2024-08-27 14:14,2024-08-27 14:23,2024-08-27 17:57
LAB716541,ENC106910,PT13350,CREAT,Creatinine,1.06,mg/dL,0.6,1.3,N,Routine,2024-08-27 14:05,2024-08-27 14:40,2024-08-27 19:14
LAB716542,ENC106910,PT13350,WBC,White Blood Cell Count,8.2,K/uL,4.5,11,N,STAT,2024-08-27 14:20,2024-08-27 14:26,2024-08-27 15:40
LAB716543,ENC106910,PT13350,HGB,Hemoglobin,14.2,g/dL,12,17.5,N,STAT,2024-08-27 13:57,2024-08-27 14:17,2024-08-27 15:06
LAB716544,ENC106914,PT11553,GLU,Glucose,81,mg/dL,70,99,N,STAT,2024-08-27 11:19,2024-08-27 11:53,2024-08-27 13:45
LAB716545,ENC106914,PT11553,CREAT,Creatinine,0.9,mg/dL,0.6,1.3,N,Routine,2024-08-27 11:21,2024-08-27 11:54,2024-08-27 14:15
LAB716546,ENC106914,PT11553,WBC,White Blood Cell Count,9.2,K/uL,4.5,11,N,Routine,2024-08-27 11:40,2024-08-27 12:10,2024-08-27 14:29
LAB716547,ENC106918,PT10663,A1C,Hemoglobin A1c,7.5,%,4,5.6,H,Routine,2024-08-27 13:15,2024-08-27 13:21,2024-08-28 08:48
LAB716548,ENC106918,PT10663,GLU,Glucose,168,mg/dL,70,99,H,Routine,2024-08-27 13:30,2024-08-27 13:55,2024-08-27 15:37
LAB716549,ENC106918,PT10663,CREAT,Creatinine,1.22,mg/dL,0.6,1.3,N,Routine,2024-08-27 13:09,2024-08-27 13:29,2024-08-27 15:41
LAB716550,ENC106919,PT10495,GLU,Glucose,126,mg/dL,70,99,H,STAT,2024-08-27 15:54,2024-08-27 16:14,2024-08-27 17:16
LAB716551,ENC106919,PT10495,CREAT,Creatinine,1.71,mg/dL,0.6,1.3,H,STAT,2024-08-27 16:50,2024-08-27 16:55,2024-08-27 17:31
LAB716552,ENC106919,PT10495,WBC,White Blood Cell Count,14.1,K/uL,4.5,11,H,STAT,2024-08-27 16:04,2024-08-27 16:09,2024-08-27 16:50
LAB716553,ENC106919,PT10495,HGB,Hemoglobin,8.8,g/dL,12,17.5,L,STAT,2024-08-27 16:33,2024-08-27 17:07,2024-08-27 17:37
LAB716554,ENC106919,PT10495,NA,Sodium,142,mmol/L,136,145,N,Routine,2024-08-27 16:27,2024-08-27 16:39,2024-08-27 22:25
LAB716555,ENC106919,PT10495,K,Potassium,4.2,mmol/L,3.5,5.1,N,STAT,2024-08-27 15:46,2024-08-27 16:01,2024-08-27 16:54
LAB716556,ENC106924,PT12817,A1C,Hemoglobin A1c,8.7,%,4,5.6,H,Routine,2024-08-27 15:22,2024-08-27 15:36,2024-08-28 23:49
LAB716557,ENC106924,PT12817,GLU,Glucose,260,mg/dL,70,99,H,Routine,2024-08-27 15:37,2024-08-27 16:07,2024-08-27 16:50
LAB716558,ENC106924,PT12817,CREAT,Creatinine,0.75,mg/dL,0.6,1.3,N,Routine,2024-08-27 15:29,2024-08-27 15:37,2024-08-27 18:07
LAB716559,ENC106925,PT11580,LDL,LDL Cholesterol,74,mg/dL,0,99,N,Routine,2024-08-27 16:16,2024-08-27 16:27,2024-08-28 07:09
LAB716560,ENC106925,PT11580,A1C,Hemoglobin A1c,5.9,%,4,5.6,H,Routine,2024-08-27 16:20,2024-08-27 16:40,2024-08-28 04:04
LAB716561,ENC106926,PT10380,GLU,Glucose,95,mg/dL,70,99,N,STAT,2024-08-27 17:04,2024-08-27 17:15,2024-08-27 18:07
LAB716562,ENC106926,PT10380,CREAT,Creatinine,1.29,mg/dL,0.6,1.3,N,Routine,2024-08-27 16:35,2024-08-27 16:42,2024-08-27 18:23
LAB716563,ENC106926,PT10380,WBC,White Blood Cell Count,5.9,K/uL,4.5,11,N,Routine,2024-08-27 16:09,2024-08-27 16:44,2024-08-27 20:29
LAB716564,ENC106926,PT10380,HGB,Hemoglobin,13.2,g/dL,12,17.5,N,STAT,2024-08-27 16:11,2024-08-27 16:30,2024-08-27 17:19
LAB716565,ENC106927,PT13707,GLU,Glucose,105,mg/dL,70,99,H,STAT,2024-08-27 16:55,2024-08-27 17:01,2024-08-27 17:42
LAB716566,ENC106927,PT13707,CREAT,Creatinine,1.11,mg/dL,0.6,1.3,N,STAT,2024-08-27 16:21,2024-08-27 16:33,2024-08-27 17:00
LAB716567,ENC106927,PT13707,WBC,White Blood Cell Count,5.2,K/uL,4.5,11,N,STAT,2024-08-27 16:38,2024-08-27 17:09,2024-08-27 18:00
LAB716568,ENC106927,PT13707,HGB,Hemoglobin,15,g/dL,12,17.5,N,Routine,2024-08-27 16:34,2024-08-27 16:50,2024-08-27 18:57
LAB716569,ENC106927,PT13707,NA,Sodium,140,mmol/L,136,145,N,Routine,2024-08-27 16:27,2024-08-27 16:52,2024-08-27 18:46
LAB716570,ENC106927,PT13707,K,Potassium,4,mmol/L,3.5,5.1,N,STAT,2024-08-27 16:15,2024-08-27 16:26,2024-08-27 17:30
LAB716571,ENC106928,PT12735,GLU,Glucose,162,mg/dL,70,99,H,STAT,2024-08-27 22:28,2024-08-27 22:59,2024-08-27 23:25
LAB716572,ENC106928,PT12735,CREAT,Creatinine,1.26,mg/dL,0.6,1.3,N,STAT,2024-08-27 21:48,2024-08-27 22:18,2024-08-27 22:44
LAB716573,ENC106928,PT12735,WBC,White Blood Cell Count,8.2,K/uL,4.5,11,N,STAT,2024-08-27 21:39,2024-08-27 22:01,2024-08-27 23:33
LAB716574,ENC106928,PT12735,HGB,Hemoglobin,13.3,g/dL,12,17.5,N,Routine,2024-08-27 22:05,2024-08-27 22:32,2024-08-28 04:09
LAB716575,ENC106928,PT12735,NA,Sodium,139,mmol/L,136,145,N,Routine,2024-08-27 21:48,2024-08-27 21:58,2024-08-28 02:02
LAB716576,ENC106928,PT12735,K,Potassium,4.3,mmol/L,3.5,5.1,N,STAT,2024-08-27 22:15,2024-08-27 22:20,2024-08-27 22:52
LAB716577,ENC106928,PT12735,INR,Prothrombin Time INR,1.1,ratio,0.8,1.2,N,STAT,2024-08-27 22:19,2024-08-27 22:47,2024-08-27 23:21
LAB716578,ENC106929,PT10319,GLU,Glucose,154,mg/dL,70,99,H,STAT,2024-08-27 20:03,2024-08-27 20:38,2024-08-27 21:36
LAB716579,ENC106929,PT10319,CREAT,Creatinine,1.08,mg/dL,0.6,1.3,N,STAT,2024-08-27 19:53,2024-08-27 20:05,2024-08-27 21:07
LAB716580,ENC106929,PT10319,WBC,White Blood Cell Count,8.7,K/uL,4.5,11,N,STAT,2024-08-27 19:40,2024-08-27 19:52,2024-08-27 20:20
LAB716581,ENC106929,PT10319,HGB,Hemoglobin,11.7,g/dL,12,17.5,L,STAT,2024-08-27 19:48,2024-08-27 20:10,2024-08-27 21:19
LAB716582,ENC106929,PT10319,TROP,"Troponin I, High Sensitivity",5,ng/L,0,34,N,STAT,2024-08-27 20:11,2024-08-27 20:44,2024-08-27 21:26
LAB716583,ENC106931,PT13450,GLU,Glucose,117,mg/dL,70,99,H,STAT,2024-08-28 05:31,2024-08-28 05:57,2024-08-28 07:12
LAB716584,ENC106931,PT13450,CREAT,Creatinine,1.16,mg/dL,0.6,1.3,N,STAT,2024-08-28 05:10,2024-08-28 05:29,2024-08-28 06:00
LAB716585,ENC106931,PT13450,WBC,White Blood Cell Count,7.8,K/uL,4.5,11,N,STAT,2024-08-28 05:01,2024-08-28 05:33,2024-08-28 06:27
LAB716586,ENC106931,PT13450,HGB,Hemoglobin,15.3,g/dL,12,17.5,N,STAT,2024-08-28 05:25,2024-08-28 05:30,2024-08-28 06:28
LAB716587,ENC106931,PT13450,INR,Prothrombin Time INR,1.1,ratio,0.8,1.2,N,STAT,2024-08-28 04:47,2024-08-28 05:12,2024-08-28 05:46
LAB716588,ENC106934,PT11903,A1C,Hemoglobin A1c,12.5,%,4,5.6,H,Routine,2024-08-28 08:44,2024-08-28 09:13,2024-08-28 19:52
LAB716589,ENC106937,PT10534,A1C,Hemoglobin A1c,11.9,%,4,5.6,H,Routine,2024-08-28 11:00,2024-08-28 11:26,2024-08-28 21:36
LAB716590,ENC106941,PT13549,GLU,Glucose,76,mg/dL,70,99,N,STAT,2024-08-28 16:45,2024-08-28 16:52,2024-08-28 17:50
LAB716591,ENC106941,PT13549,CREAT,Creatinine,0.83,mg/dL,0.6,1.3,N,STAT,2024-08-28 16:36,2024-08-28 16:53,2024-08-28 18:42
LAB716592,ENC106941,PT13549,WBC,White Blood Cell Count,5,K/uL,4.5,11,N,Routine,2024-08-28 16:45,2024-08-28 16:57,2024-08-28 20:10
LAB716593,ENC106941,PT13549,HGB,Hemoglobin,15.3,g/dL,12,17.5,N,Routine,2024-08-28 16:05,2024-08-28 16:21,2024-08-28 20:03
LAB716594,ENC106941,PT13549,NA,Sodium,131,mmol/L,136,145,L,STAT,2024-08-28 17:05,2024-08-28 17:30,2024-08-28 18:30
LAB716595,ENC106941,PT13549,K,Potassium,4.1,mmol/L,3.5,5.1,N,STAT,2024-08-28 16:07,2024-08-28 16:35,2024-08-28 17:40
LAB716596,ENC106943,PT11390,LDL,LDL Cholesterol,174,mg/dL,0,99,H,Routine,2024-08-28 14:30,2024-08-28 14:39,2024-08-29 19:28
LAB716597,ENC106943,PT11390,A1C,Hemoglobin A1c,7.1,%,4,5.6,H,Routine,2024-08-28 14:36,2024-08-28 14:55,2024-08-29 01:35
LAB716598,ENC106945,PT11142,LDL,LDL Cholesterol,95,mg/dL,0,99,N,Routine,2024-08-28 14:39,2024-08-28 15:02,2024-08-29 15:44
LAB716599,ENC106945,PT11142,TSH,Thyroid Stimulating Hormone,1.25,mIU/L,0.4,4,N,Routine,2024-08-28 14:57,2024-08-28 15:06,2024-08-29 09:50
LAB716600,ENC106946,PT10121,GLU,Glucose,103,mg/dL,70,99,H,Routine,2024-08-28 15:26,2024-08-28 15:30,2024-08-28 20:07
LAB716601,ENC106946,PT10121,CREAT,Creatinine,0.91,mg/dL,0.6,1.3,N,STAT,2024-08-28 14:47,2024-08-28 15:06,2024-08-28 15:27
LAB716602,ENC106947,PT11751,GLU,Glucose,96,mg/dL,70,99,N,Routine,2024-08-28 15:18,2024-08-28 15:27,2024-08-28 19:35
LAB716603,ENC106947,PT11751,CREAT,Creatinine,0.98,mg/dL,0.6,1.3,N,STAT,2024-08-28 14:53,2024-08-28 15:12,2024-08-28 15:39
LAB716604,ENC106948,PT12431,GLU,Glucose,213,mg/dL,70,99,H,Routine,2024-08-28 20:21,2024-08-28 20:33,2024-08-28 21:55
LAB716605,ENC106948,PT12431,CREAT,Creatinine,2.35,mg/dL,0.6,1.3,H,STAT,2024-08-28 20:16,2024-08-28 20:21,2024-08-28 21:29
LAB716606,ENC106948,PT12431,WBC,White Blood Cell Count,7.1,K/uL,4.5,11,N,STAT,2024-08-28 20:04,2024-08-28 20:32,2024-08-28 21:39
LAB716607,ENC106948,PT12431,HGB,Hemoglobin,13.3,g/dL,12,17.5,N,STAT,2024-08-28 21:01,2024-08-28 21:16,2024-08-28 22:15
LAB716608,ENC106948,PT12431,NA,Sodium,143,mmol/L,136,145,N,STAT,2024-08-28 20:18,2024-08-28 20:51,2024-08-28 21:34
LAB716609,ENC106948,PT12431,K,Potassium,4,mmol/L,3.5,5.1,N,STAT,2024-08-28 20:19,2024-08-28 20:35,2024-08-28 21:02
LAB716610,ENC106948,PT12431,LACT,Lactate,3.2,mmol/L,0.5,2,H,STAT,2024-08-28 20:09,2024-08-28 20:32,2024-08-28 21:16
LAB716611,ENC106949,PT10543,GLU,Glucose,188,mg/dL,70,99,H,Routine,2024-08-28 17:48,2024-08-28 17:53,2024-08-28 21:42
LAB716612,ENC106949,PT10543,CREAT,Creatinine,1.35,mg/dL,0.6,1.3,H,Routine,2024-08-28 18:03,2024-08-28 18:10,2024-08-28 21:34
LAB716613,ENC106949,PT10543,WBC,White Blood Cell Count,8.6,K/uL,4.5,11,N,STAT,2024-08-28 18:44,2024-08-28 19:04,2024-08-28 19:45
LAB716614,ENC106950,PT13636,GLU,Glucose,109,mg/dL,70,99,H,STAT,2024-08-28 22:33,2024-08-28 22:44,2024-08-28 23:23
LAB716615,ENC106950,PT13636,CREAT,Creatinine,1.03,mg/dL,0.6,1.3,N,STAT,2024-08-28 21:39,2024-08-28 21:43,2024-08-28 22:46
LAB716616,ENC106950,PT13636,WBC,White Blood Cell Count,10.7,K/uL,4.5,11,N,STAT,2024-08-28 22:28,2024-08-28 23:00,2024-08-28 23:45
LAB716617,ENC106950,PT13636,HGB,Hemoglobin,11.3,g/dL,12,17.5,L,Routine,2024-08-28 21:31,2024-08-28 21:59,2024-08-29 04:39
LAB716618,ENC106954,PT12354,GLU,Glucose,123,mg/dL,70,99,H,Routine,2024-08-29 04:57,2024-08-29 05:18,2024-08-29 07:06
LAB716619,ENC106954,PT12354,CREAT,Creatinine,1.06,mg/dL,0.6,1.3,N,STAT,2024-08-29 04:19,2024-08-29 04:32,2024-08-29 05:22
LAB716620,ENC106954,PT12354,WBC,White Blood Cell Count,9.4,K/uL,4.5,11,N,STAT,2024-08-29 04:08,2024-08-29 04:41,2024-08-29 05:47
LAB716621,ENC106954,PT12354,HGB,Hemoglobin,15.1,g/dL,12,17.5,N,STAT,2024-08-29 04:13,2024-08-29 04:22,2024-08-29 05:09
LAB716622,ENC106954,PT12354,NA,Sodium,140,mmol/L,136,145,N,STAT,2024-08-29 04:28,2024-08-29 04:38,2024-08-29 05:31
LAB716623,ENC106954,PT12354,K,Potassium,4.3,mmol/L,3.5,5.1,N,STAT,2024-08-29 04:19,2024-08-29 04:49,2024-08-29 05:41
LAB716624,ENC106954,PT12354,TROP,"Troponin I, High Sensitivity",9,ng/L,0,34,N,STAT,2024-08-29 04:54,2024-08-29 05:19,2024-08-29 06:14
LAB716625,ENC106954,PT12354,BNP,B-Type Natriuretic Peptide,915,pg/mL,0,100,H,STAT,2024-08-29 04:23,2024-08-29 04:44,2024-08-29 04:59
LAB716626,ENC106955,PT11237,GLU,Glucose,181,mg/dL,70,99,H,STAT,2024-08-29 07:08,2024-08-29 07:41,2024-08-29 09:22
LAB716627,ENC106955,PT11237,CREAT,Creatinine,0.96,mg/dL,0.6,1.3,N,Routine,2024-08-29 06:29,2024-08-29 06:55,2024-08-29 10:57
LAB716628,ENC106955,PT11237,WBC,White Blood Cell Count,10.6,K/uL,4.5,11,N,STAT,2024-08-29 07:05,2024-08-29 07:38,2024-08-29 08:01
LAB716629,ENC106955,PT11237,HGB,Hemoglobin,16,g/dL,12,17.5,N,STAT,2024-08-29 06:58,2024-08-29 07:27,2024-08-29 07:58
LAB716630,ENC106956,PT10586,GLU,Glucose,113,mg/dL,70,99,H,STAT,2024-08-29 07:45,2024-08-29 08:18,2024-08-29 09:16
LAB716631,ENC106956,PT10586,CREAT,Creatinine,1.17,mg/dL,0.6,1.3,N,STAT,2024-08-29 07:12,2024-08-29 07:31,2024-08-29 08:44
LAB716632,ENC106956,PT10586,WBC,White Blood Cell Count,10.3,K/uL,4.5,11,N,Routine,2024-08-29 07:08,2024-08-29 07:18,2024-08-29 10:21
LAB716633,ENC106956,PT10586,HGB,Hemoglobin,13.3,g/dL,12,17.5,N,Routine,2024-08-29 07:42,2024-08-29 08:11,2024-08-29 11:30
LAB716634,ENC106957,PT10166,GLU,Glucose,99,mg/dL,70,99,N,STAT,2024-08-29 07:59,2024-08-29 08:21,2024-08-29 09:13
LAB716635,ENC106957,PT10166,CREAT,Creatinine,0.91,mg/dL,0.6,1.3,N,STAT,2024-08-29 07:53,2024-08-29 08:23,2024-08-29 09:27
LAB716636,ENC106957,PT10166,WBC,White Blood Cell Count,7.1,K/uL,4.5,11,N,STAT,2024-08-29 07:28,2024-08-29 07:56,2024-08-29 09:15
LAB716637,ENC106957,PT10166,TROP,"Troponin I, High Sensitivity",6,ng/L,0,34,N,STAT,2024-08-29 07:29,2024-08-29 08:03,2024-08-29 08:37
LAB716638,ENC106959,PT12565,GLU,Glucose,74,mg/dL,70,99,N,STAT,2024-08-29 11:18,2024-08-29 11:50,2024-08-29 12:56
LAB716639,ENC106959,PT12565,CREAT,Creatinine,0.86,mg/dL,0.6,1.3,N,STAT,2024-08-29 12:09,2024-08-29 12:43,2024-08-29 13:14
LAB716640,ENC106959,PT12565,WBC,White Blood Cell Count,4.3,K/uL,4.5,11,L,STAT,2024-08-29 11:38,2024-08-29 12:08,2024-08-29 12:42
LAB716641,ENC106959,PT12565,HGB,Hemoglobin,12.4,g/dL,12,17.5,N,Routine,2024-08-29 11:31,2024-08-29 11:35,2024-08-29 15:17
LAB716642,ENC106960,PT10120,GLU,Glucose,118,mg/dL,70,99,H,STAT,2024-08-29 11:20,2024-08-29 11:38,2024-08-29 12:07
LAB716643,ENC106960,PT10120,CREAT,Creatinine,0.96,mg/dL,0.6,1.3,N,STAT,2024-08-29 10:20,2024-08-29 10:36,2024-08-29 11:06
LAB716644,ENC106960,PT10120,WBC,White Blood Cell Count,10.8,K/uL,4.5,11,N,Routine,2024-08-29 11:26,2024-08-29 11:51,2024-08-29 14:16
LAB716645,ENC106960,PT10120,HGB,Hemoglobin,14.8,g/dL,12,17.5,N,STAT,2024-08-29 10:19,2024-08-29 10:25,2024-08-29 11:14
LAB716646,ENC106961,PT11679,GLU,Glucose,86,mg/dL,70,99,N,Routine,2024-08-29 09:09,2024-08-29 09:23,2024-08-29 12:52
LAB716647,ENC106961,PT11679,CREAT,Creatinine,0.92,mg/dL,0.6,1.3,N,STAT,2024-08-29 08:36,2024-08-29 08:45,2024-08-29 09:19
LAB716648,ENC106961,PT11679,WBC,White Blood Cell Count,9.9,K/uL,4.5,11,N,Routine,2024-08-29 08:26,2024-08-29 08:50,2024-08-29 17:11
LAB716649,ENC106961,PT11679,HGB,Hemoglobin,14.4,g/dL,12,17.5,N,Routine,2024-08-29 08:38,2024-08-29 09:01,2024-08-29 21:44
LAB716650,ENC106965,PT10184,GLU,Glucose,113,mg/dL,70,99,H,Routine,2024-08-29 14:44,2024-08-29 15:17,2024-08-29 17:47
LAB716651,ENC106965,PT10184,CREAT,Creatinine,0.9,mg/dL,0.6,1.3,N,STAT,2024-08-29 13:51,2024-08-29 14:10,2024-08-29 15:32
LAB716652,ENC106965,PT10184,WBC,White Blood Cell Count,7.1,K/uL,4.5,11,N,STAT,2024-08-29 13:45,2024-08-29 14:06,2024-08-29 15:13
LAB716653,ENC106965,PT10184,HGB,Hemoglobin,13.4,g/dL,12,17.5,N,Routine,2024-08-29 14:18,2024-08-29 14:26,2024-08-29 17:57
LAB716654,ENC106966,PT11233,GLU,Glucose,182,mg/dL,70,99,H,Routine,2024-08-29 12:43,2024-08-29 12:50,2024-08-29 15:48
LAB716655,ENC106966,PT11233,CREAT,Creatinine,1.9,mg/dL,0.6,1.3,H,Routine,2024-08-29 12:28,2024-08-29 12:53,2024-08-29 14:00
LAB716656,ENC106966,PT11233,WBC,White Blood Cell Count,7.9,K/uL,4.5,11,N,STAT,2024-08-29 12:34,2024-08-29 12:54,2024-08-29 13:28
LAB716657,ENC106966,PT11233,HGB,Hemoglobin,9.1,g/dL,12,17.5,L,STAT,2024-08-29 12:32,2024-08-29 12:49,2024-08-29 13:32
LAB716658,ENC106967,PT12662,GLU,Glucose,89,mg/dL,70,99,N,STAT,2024-08-29 14:46,2024-08-29 14:54,2024-08-29 15:29
LAB716659,ENC106967,PT12662,CREAT,Creatinine,0.88,mg/dL,0.6,1.3,N,Routine,2024-08-29 14:50,2024-08-29 15:15,2024-08-29 17:33
LAB716660,ENC106967,PT12662,WBC,White Blood Cell Count,5.6,K/uL,4.5,11,N,STAT,2024-08-29 14:15,2024-08-29 14:42,2024-08-29 16:01
LAB716661,ENC106967,PT12662,HGB,Hemoglobin,10.6,g/dL,12,17.5,L,STAT,2024-08-29 14:09,2024-08-29 14:26,2024-08-29 15:10
LAB716662,ENC106971,PT11041,LDL,LDL Cholesterol,162,mg/dL,0,99,H,Routine,2024-08-29 14:23,2024-08-29 14:30,2024-08-30 22:05
LAB716663,ENC106971,PT11041,A1C,Hemoglobin A1c,7.3,%,4,5.6,H,Routine,2024-08-29 14:12,2024-08-29 14:27,2024-08-29 20:28
LAB716664,ENC106972,PT10295,GLU,Glucose,207,mg/dL,70,99,H,STAT,2024-08-29 19:44,2024-08-29 19:59,2024-08-29 21:12
LAB716665,ENC106972,PT10295,CREAT,Creatinine,0.8,mg/dL,0.6,1.3,N,Routine,2024-08-29 19:47,2024-08-29 20:17,2024-08-29 23:16
LAB716666,ENC106972,PT10295,WBC,White Blood Cell Count,8.2,K/uL,4.5,11,N,Routine,2024-08-29 19:29,2024-08-29 19:51,2024-08-29 23:11
LAB716667,ENC106972,PT10295,HGB,Hemoglobin,14.3,g/dL,12,17.5,N,Routine,2024-08-29 20:16,2024-08-29 20:35,2024-08-29 22:51
LAB716668,ENC106972,PT10295,NA,Sodium,145,mmol/L,136,145,N,STAT,2024-08-29 20:22,2024-08-29 20:53,2024-08-29 21:21
LAB716669,ENC106972,PT10295,K,Potassium,4,mmol/L,3.5,5.1,N,STAT,2024-08-29 20:04,2024-08-29 20:37,2024-08-29 21:03
LAB716670,ENC106972,PT10295,BUN,Blood Urea Nitrogen,15,mg/dL,7,20,N,STAT,2024-08-29 20:28,2024-08-29 21:00,2024-08-29 22:45
LAB716671,ENC106972,PT10295,PLT,Platelet Count,351,K/uL,150,400,N,STAT,2024-08-29 19:22,2024-08-29 19:38,2024-08-29 20:50
LAB716672,ENC106972,PT10295,TROP,"Troponin I, High Sensitivity",902,ng/L,0,34,H,STAT,2024-08-29 20:25,2024-08-29 20:47,2024-08-29 21:23
LAB716673,ENC106973,PT11398,GLU,Glucose,85,mg/dL,70,99,N,Routine,2024-08-29 16:28,2024-08-29 16:36,2024-08-29 21:19
LAB716674,ENC106973,PT11398,CREAT,Creatinine,0.91,mg/dL,0.6,1.3,N,STAT,2024-08-29 15:43,2024-08-29 15:48,2024-08-29 16:15
LAB716675,ENC106973,PT11398,WBC,White Blood Cell Count,10.6,K/uL,4.5,11,N,STAT,2024-08-29 15:53,2024-08-29 16:04,2024-08-29 16:51
LAB716676,ENC106973,PT11398,HGB,Hemoglobin,15.8,g/dL,12,17.5,N,STAT,2024-08-29 15:46,2024-08-29 16:18,2024-08-29 16:47
LAB716677,ENC106974,PT10975,GLU,Glucose,253,mg/dL,70,99,H,STAT,2024-08-29 21:54,2024-08-29 22:13,2024-08-29 22:52
LAB716678,ENC106974,PT10975,CREAT,Creatinine,0.97,mg/dL,0.6,1.3,N,STAT,2024-08-29 22:05,2024-08-29 22:34,2024-08-29 23:13
LAB716679,ENC106974,PT10975,WBC,White Blood Cell Count,6.2,K/uL,4.5,11,N,STAT,2024-08-29 21:55,2024-08-29 22:13,2024-08-29 23:01
LAB716680,ENC106974,PT10975,HGB,Hemoglobin,15.4,g/dL,12,17.5,N,STAT,2024-08-29 21:46,2024-08-29 22:06,2024-08-29 22:44
LAB716681,ENC106975,PT12169,GLU,Glucose,91,mg/dL,70,99,N,STAT,2024-08-29 19:16,2024-08-29 19:47,2024-08-29 20:57
LAB716682,ENC106975,PT12169,CREAT,Creatinine,1.11,mg/dL,0.6,1.3,N,Routine,2024-08-29 19:49,2024-08-29 20:21,2024-08-29 22:47
LAB716683,ENC106975,PT12169,WBC,White Blood Cell Count,5.8,K/uL,4.5,11,N,STAT,2024-08-29 19:57,2024-08-29 20:11,2024-08-29 20:53
LAB716684,ENC106978,PT10451,GLU,Glucose,106,mg/dL,70,99,H,STAT,2024-08-30 04:58,2024-08-30 05:02,2024-08-30 05:38
LAB716685,ENC106978,PT10451,CREAT,Creatinine,0.67,mg/dL,0.6,1.3,N,STAT,2024-08-30 05:37,2024-08-30 06:01,2024-08-30 06:29
LAB716686,ENC106978,PT10451,WBC,White Blood Cell Count,9.7,K/uL,4.5,11,N,STAT,2024-08-30 05:30,2024-08-30 05:45,2024-08-30 06:51
LAB716687,ENC106978,PT10451,HGB,Hemoglobin,11.3,g/dL,12,17.5,L,STAT,2024-08-30 04:37,2024-08-30 04:44,2024-08-30 05:31
LAB716688,ENC106978,PT10451,NA,Sodium,139,mmol/L,136,145,N,Routine,2024-08-30 05:04,2024-08-30 05:18,2024-08-30 14:39
LAB716689,ENC106978,PT10451,K,Potassium,4.3,mmol/L,3.5,5.1,N,STAT,2024-08-30 04:36,2024-08-30 05:07,2024-08-30 05:39
LAB716690,ENC106979,PT13040,GLU,Glucose,126,mg/dL,70,99,H,STAT,2024-08-30 05:31,2024-08-30 05:56,2024-08-30 06:46
LAB716691,ENC106979,PT13040,CREAT,Creatinine,1.18,mg/dL,0.6,1.3,N,Routine,2024-08-30 05:58,2024-08-30 06:22,2024-08-30 08:56
LAB716692,ENC106981,PT11715,GLU,Glucose,120,mg/dL,70,99,H,STAT,2024-08-30 09:00,2024-08-30 09:09,2024-08-30 09:59
LAB716693,ENC106981,PT11715,CREAT,Creatinine,0.33,mg/dL,0.6,1.3,L,STAT,2024-08-30 09:23,2024-08-30 09:35,2024-08-30 10:07
LAB716694,ENC106988,PT10710,WBC,White Blood Cell Count,7.9,K/uL,4.5,11,N,Routine,2024-08-30 11:15,2024-08-30 11:40,2024-08-30 14:21
LAB716695,ENC106988,PT10710,HGB,Hemoglobin,16.6,g/dL,12,17.5,N,Routine,2024-08-30 11:11,2024-08-30 11:46,2024-08-30 13:53
LAB716696,ENC106988,PT10710,PLT,Platelet Count,198,K/uL,150,400,N,Routine,2024-08-30 11:12,2024-08-30 11:19,2024-08-30 15:34
LAB716697,ENC106990,PT12992,WBC,White Blood Cell Count,6.5,K/uL,4.5,11,N,Routine,2024-08-30 11:44,2024-08-30 12:02,2024-08-30 14:03
LAB716698,ENC106990,PT12992,HGB,Hemoglobin,16.6,g/dL,12,17.5,N,Routine,2024-08-30 11:35,2024-08-30 12:08,2024-08-30 15:22
LAB716699,ENC106990,PT12992,PLT,Platelet Count,333,K/uL,150,400,N,Routine,2024-08-30 11:45,2024-08-30 12:06,2024-08-30 17:47
LAB716700,ENC106992,PT12139,WBC,White Blood Cell Count,7.6,K/uL,4.5,11,N,Routine,2024-08-30 11:51,2024-08-30 12:01,2024-08-30 16:09
LAB716701,ENC106992,PT12139,HGB,Hemoglobin,13.1,g/dL,12,17.5,N,Routine,2024-08-30 11:43,2024-08-30 12:01,2024-08-30 16:19
LAB716702,ENC106992,PT12139,PLT,Platelet Count,188,K/uL,150,400,N,Routine,2024-08-30 11:39,2024-08-30 11:52,2024-08-30 14:12
LAB716703,ENC106996,PT13913,WBC,White Blood Cell Count,7.7,K/uL,4.5,11,N,Routine,2024-08-30 13:25,2024-08-30 13:44,2024-08-30 15:28
LAB716704,ENC106996,PT13913,HGB,Hemoglobin,13.3,g/dL,12,17.5,N,Routine,2024-08-30 13:44,2024-08-30 13:51,2024-08-30 15:56
LAB716705,ENC106996,PT13913,PLT,Platelet Count,235,K/uL,150,400,N,Routine,2024-08-30 13:36,2024-08-30 13:46,2024-08-30 16:48
LAB716706,ENC106999,PT12837,LDL,LDL Cholesterol,119,mg/dL,0,99,H,Routine,2024-08-30 15:01,2024-08-30 15:31,2024-08-31 02:35
LAB716707,ENC107000,PT10626,LDL,LDL Cholesterol,166,mg/dL,0,99,H,Routine,2024-08-30 16:38,2024-08-30 16:43,2024-08-31 13:23
LAB716708,ENC107001,PT10718,GLU,Glucose,274,mg/dL,70,99,H,STAT,2024-08-30 21:02,2024-08-30 21:20,2024-08-30 21:55
LAB716709,ENC107001,PT10718,CREAT,Creatinine,1.12,mg/dL,0.6,1.3,N,STAT,2024-08-30 20:34,2024-08-30 20:44,2024-08-30 21:31
LAB716710,ENC107001,PT10718,WBC,White Blood Cell Count,7.9,K/uL,4.5,11,N,STAT,2024-08-30 20:48,2024-08-30 21:04,2024-08-30 22:07
LAB716711,ENC107001,PT10718,HGB,Hemoglobin,14.7,g/dL,12,17.5,N,STAT,2024-08-30 20:12,2024-08-30 20:32,2024-08-30 21:35
LAB716712,ENC107001,PT10718,NA,Sodium,140,mmol/L,136,145,N,Routine,2024-08-30 20:15,2024-08-30 20:37,2024-08-30 22:34
LAB716713,ENC107001,PT10718,K,Potassium,4,mmol/L,3.5,5.1,N,STAT,2024-08-30 20:29,2024-08-30 20:57,2024-08-30 21:33
LAB716714,ENC107002,PT10666,GLU,Glucose,129,mg/dL,70,99,H,STAT,2024-08-30 17:27,2024-08-30 17:32,2024-08-30 18:21
LAB716715,ENC107002,PT10666,CREAT,Creatinine,0.63,mg/dL,0.6,1.3,N,Routine,2024-08-30 17:57,2024-08-30 18:32,2024-08-30 21:44
LAB716716,ENC107003,PT10512,GLU,Glucose,105,mg/dL,70,99,H,Routine,2024-08-30 18:55,2024-08-30 19:05,2024-08-31 00:02
LAB716717,ENC107003,PT10512,CREAT,Creatinine,1.29,mg/dL,0.6,1.3,N,Routine,2024-08-30 18:45,2024-08-30 19:00,2024-08-30 21:13
LAB716718,ENC107003,PT10512,WBC,White Blood Cell Count,3.7,K/uL,4.5,11,L,Routine,2024-08-30 18:48,2024-08-30 18:56,2024-08-30 22:26
LAB716719,ENC107004,PT11033,GLU,Glucose,72,mg/dL,70,99,N,Routine,2024-08-30 21:11,2024-08-30 21:34,2024-08-31 04:34
LAB716720,ENC107004,PT11033,CREAT,Creatinine,0.77,mg/dL,0.6,1.3,N,Routine,2024-08-30 21:56,2024-08-30 22:22,2024-08-31 01:36
LAB716721,ENC107004,PT11033,WBC,White Blood Cell Count,6,K/uL,4.5,11,N,STAT,2024-08-30 20:58,2024-08-30 21:23,2024-08-30 22:15
LAB716722,ENC107004,PT11033,HGB,Hemoglobin,12.8,g/dL,12,17.5,N,Routine,2024-08-30 21:28,2024-08-30 22:01,2024-08-30 23:46
LAB716723,ENC107004,PT11033,INR,Prothrombin Time INR,1.1,ratio,0.8,1.2,N,STAT,2024-08-30 21:06,2024-08-30 21:36,2024-08-30 23:19
LAB716724,ENC107005,PT11227,GLU,Glucose,114,mg/dL,70,99,H,Routine,2024-08-30 19:16,2024-08-30 19:42,2024-08-30 21:13
LAB716725,ENC107005,PT11227,CREAT,Creatinine,0.46,mg/dL,0.6,1.3,L,Routine,2024-08-30 20:09,2024-08-30 20:25,2024-08-30 23:31
LAB716726,ENC107005,PT11227,WBC,White Blood Cell Count,11.3,K/uL,4.5,11,H,STAT,2024-08-30 19:20,2024-08-30 19:54,2024-08-30 20:15
LAB716727,ENC107005,PT11227,HGB,Hemoglobin,12.4,g/dL,12,17.5,N,Routine,2024-08-30 19:33,2024-08-30 20:00,2024-08-30 21:12
LAB716728,ENC107006,PT13534,GLU,Glucose,120,mg/dL,70,99,H,STAT,2024-08-30 21:14,2024-08-30 21:36,2024-08-30 22:29
LAB716729,ENC107006,PT13534,CREAT,Creatinine,0.76,mg/dL,0.6,1.3,N,STAT,2024-08-30 21:38,2024-08-30 21:55,2024-08-30 22:36
LAB716730,ENC107007,PT10148,GLU,Glucose,145,mg/dL,70,99,H,STAT,2024-08-30 22:22,2024-08-30 22:47,2024-08-31 00:01
LAB716731,ENC107007,PT10148,CREAT,Creatinine,0.98,mg/dL,0.6,1.3,N,STAT,2024-08-30 22:44,2024-08-30 23:08,2024-08-31 00:27
LAB716732,ENC107007,PT10148,WBC,White Blood Cell Count,6.2,K/uL,4.5,11,N,STAT,2024-08-30 22:05,2024-08-30 22:18,2024-08-30 23:19
LAB716733,ENC107008,PT12394,GLU,Glucose,94,mg/dL,70,99,N,STAT,2024-08-30 22:20,2024-08-30 22:34,2024-08-30 23:11
LAB716734,ENC107008,PT12394,CREAT,Creatinine,1.15,mg/dL,0.6,1.3,N,STAT,2024-08-30 22:49,2024-08-30 22:56,2024-08-30 23:41
LAB716735,ENC107008,PT12394,WBC,White Blood Cell Count,5.9,K/uL,4.5,11,N,STAT,2024-08-30 23:01,2024-08-30 23:06,2024-08-31 00:15
LAB716736,ENC107008,PT12394,HGB,Hemoglobin,11.8,g/dL,12,17.5,L,Routine,2024-08-30 22:59,2024-08-30 23:32,2024-08-31 03:45
LAB716737,ENC107010,PT12346,GLU,Glucose,105,mg/dL,70,99,H,STAT,2024-08-31 00:01,2024-08-31 00:17,2024-08-31 00:47
LAB716738,ENC107010,PT12346,CREAT,Creatinine,1.24,mg/dL,0.6,1.3,N,STAT,2024-08-31 00:24,2024-08-31 00:45,2024-08-31 01:26
LAB716739,ENC107010,PT12346,WBC,White Blood Cell Count,5.4,K/uL,4.5,11,N,Routine,2024-08-31 00:22,2024-08-31 00:49,2024-08-31 01:45
LAB716740,ENC107010,PT12346,HGB,Hemoglobin,11.9,g/dL,12,17.5,L,STAT,2024-08-31 00:10,2024-08-31 00:25,2024-08-31 01:12
LAB716741,ENC107011,PT12502,GLU,Glucose,88,mg/dL,70,99,N,Routine,2024-08-31 03:25,2024-08-31 03:57,2024-08-31 08:40
LAB716742,ENC107011,PT12502,CREAT,Creatinine,1.65,mg/dL,0.6,1.3,H,Routine,2024-08-31 03:59,2024-08-31 04:24,2024-08-31 07:24
LAB716743,ENC107011,PT12502,WBC,White Blood Cell Count,23.2,K/uL,4.5,11,H,STAT,2024-08-31 04:04,2024-08-31 04:12,2024-08-31 05:02
LAB716744,ENC107011,PT12502,HGB,Hemoglobin,11.1,g/dL,12,17.5,L,STAT,2024-08-31 03:38,2024-08-31 03:53,2024-08-31 05:42
LAB716745,ENC107011,PT12502,NA,Sodium,142,mmol/L,136,145,N,STAT,2024-08-31 03:57,2024-08-31 04:24,2024-08-31 05:20
LAB716746,ENC107011,PT12502,K,Potassium,4.7,mmol/L,3.5,5.1,N,STAT,2024-08-31 03:13,2024-08-31 03:19,2024-08-31 03:47
LAB716747,ENC107011,PT12502,LACT,Lactate,2.2,mmol/L,0.5,2,H,STAT,2024-08-31 03:53,2024-08-31 04:09,2024-08-31 04:45
LAB716748,ENC107012,PT10326,GLU,Glucose,89,mg/dL,70,99,N,STAT,2024-08-31 03:33,2024-08-31 03:55,2024-08-31 04:44
LAB716749,ENC107012,PT10326,CREAT,Creatinine,0.84,mg/dL,0.6,1.3,N,STAT,2024-08-31 03:35,2024-08-31 03:39,2024-08-31 04:26
LAB716750,ENC107012,PT10326,WBC,White Blood Cell Count,9.5,K/uL,4.5,11,N,STAT,2024-08-31 02:59,2024-08-31 03:08,2024-08-31 03:58
LAB716751,ENC107012,PT10326,HGB,Hemoglobin,14.2,g/dL,12,17.5,N,STAT,2024-08-31 04:04,2024-08-31 04:38,2024-08-31 05:47
LAB716752,ENC107013,PT10094,GLU,Glucose,85,mg/dL,70,99,N,STAT,2024-08-31 10:27,2024-08-31 10:35,2024-08-31 11:00
LAB716753,ENC107013,PT10094,CREAT,Creatinine,1.55,mg/dL,0.6,1.3,H,Routine,2024-08-31 11:20,2024-08-31 11:32,2024-08-31 14:39
LAB716754,ENC107013,PT10094,WBC,White Blood Cell Count,6.8,K/uL,4.5,11,N,STAT,2024-08-31 10:46,2024-08-31 11:16,2024-08-31 11:34
LAB716755,ENC107013,PT10094,HGB,Hemoglobin,11.1,g/dL,12,17.5,L,STAT,2024-08-31 10:24,2024-08-31 10:52,2024-08-31 12:02
LAB716756,ENC107013,PT10094,TROP,"Troponin I, High Sensitivity",6,ng/L,0,34,N,STAT,2024-08-31 10:31,2024-08-31 10:42,2024-08-31 11:14
LAB716757,ENC107013,PT10094,BNP,B-Type Natriuretic Peptide,717,pg/mL,0,100,H,STAT,2024-08-31 11:32,2024-08-31 11:43,2024-08-31 12:09
LAB716758,ENC107014,PT13692,GLU,Glucose,94,mg/dL,70,99,N,Routine,2024-08-31 11:53,2024-08-31 12:06,2024-08-31 13:25
LAB716759,ENC107014,PT13692,CREAT,Creatinine,1.02,mg/dL,0.6,1.3,N,Routine,2024-08-31 12:29,2024-08-31 12:49,2024-08-31 16:14
LAB716760,ENC107015,PT10213,GLU,Glucose,121,mg/dL,70,99,H,STAT,2024-08-31 13:04,2024-08-31 13:35,2024-08-31 15:00
LAB716761,ENC107015,PT10213,CREAT,Creatinine,0.95,mg/dL,0.6,1.3,N,STAT,2024-08-31 12:33,2024-08-31 12:58,2024-08-31 13:39
LAB716762,ENC107015,PT10213,WBC,White Blood Cell Count,9.1,K/uL,4.5,11,N,STAT,2024-08-31 12:59,2024-08-31 13:15,2024-08-31 15:59
LAB716763,ENC107015,PT10213,INR,Prothrombin Time INR,1.1,ratio,0.8,1.2,N,STAT,2024-08-31 12:31,2024-08-31 12:42,2024-08-31 13:40
LAB716764,ENC107016,PT12532,GLU,Glucose,108,mg/dL,70,99,H,STAT,2024-08-31 13:07,2024-08-31 13:23,2024-08-31 14:45
LAB716765,ENC107016,PT12532,CREAT,Creatinine,0.89,mg/dL,0.6,1.3,N,STAT,2024-08-31 13:17,2024-08-31 13:22,2024-08-31 14:10
LAB716766,ENC107017,PT10142,GLU,Glucose,113,mg/dL,70,99,H,Routine,2024-08-31 14:36,2024-08-31 15:06,2024-08-31 18:31
LAB716767,ENC107017,PT10142,CREAT,Creatinine,2.37,mg/dL,0.6,1.3,H,STAT,2024-08-31 13:47,2024-08-31 14:14,2024-08-31 15:17
LAB716768,ENC107017,PT10142,WBC,White Blood Cell Count,4.3,K/uL,4.5,11,L,STAT,2024-08-31 13:54,2024-08-31 14:01,2024-08-31 15:09
LAB716769,ENC107018,PT12266,GLU,Glucose,129,mg/dL,70,99,H,STAT,2024-08-31 14:58,2024-08-31 15:20,2024-08-31 16:14
LAB716770,ENC107018,PT12266,CREAT,Creatinine,1.05,mg/dL,0.6,1.3,N,STAT,2024-08-31 14:15,2024-08-31 14:35,2024-08-31 15:06
LAB716771,ENC107018,PT12266,WBC,White Blood Cell Count,7.4,K/uL,4.5,11,N,STAT,2024-08-31 14:59,2024-08-31 15:06,2024-08-31 15:47
LAB716772,ENC107018,PT12266,HGB,Hemoglobin,13.3,g/dL,12,17.5,N,STAT,2024-08-31 15:08,2024-08-31 15:39,2024-08-31 16:46
LAB716773,ENC107019,PT13476,GLU,Glucose,208,mg/dL,70,99,H,STAT,2024-08-31 15:38,2024-08-31 15:56,2024-08-31 16:45
LAB716774,ENC107019,PT13476,CREAT,Creatinine,1.04,mg/dL,0.6,1.3,N,STAT,2024-08-31 15:30,2024-08-31 15:57,2024-08-31 16:57
LAB716775,ENC107019,PT13476,WBC,White Blood Cell Count,6.1,K/uL,4.5,11,N,STAT,2024-08-31 15:39,2024-08-31 15:56,2024-08-31 16:33
LAB716776,ENC107020,PT12034,GLU,Glucose,114,mg/dL,70,99,H,STAT,2024-08-31 20:33,2024-08-31 20:45,2024-08-31 21:23
LAB716777,ENC107020,PT12034,CREAT,Creatinine,2.03,mg/dL,0.6,1.3,H,STAT,2024-08-31 19:53,2024-08-31 20:07,2024-08-31 21:02
LAB716778,ENC107020,PT12034,WBC,White Blood Cell Count,6.5,K/uL,4.5,11,N,STAT,2024-08-31 19:31,2024-08-31 19:37,2024-08-31 20:18
LAB716779,ENC107020,PT12034,HGB,Hemoglobin,9.8,g/dL,12,17.5,L,Routine,2024-08-31 20:00,2024-08-31 20:10,2024-09-01 00:32
LAB716780,ENC107020,PT12034,NA,Sodium,140,mmol/L,136,145,N,STAT,2024-08-31 20:17,2024-08-31 20:36,2024-08-31 21:13
LAB716781,ENC107020,PT12034,K,Potassium,5.1,mmol/L,3.5,5.1,N,STAT,2024-08-31 19:40,2024-08-31 19:46,2024-08-31 20:37
LAB716782,ENC107022,PT12343,TROP,"Troponin I, High Sensitivity",1,ng/L,0,34,N,STAT,2024-08-31 17:44,2024-08-31 18:14,2024-08-31 18:46
LAB716783,ENC107023,PT11125,GLU,Glucose,132,mg/dL,70,99,H,STAT,2024-08-31 17:46,2024-08-31 18:14,2024-08-31 18:49
LAB716784,ENC107023,PT11125,CREAT,Creatinine,1,mg/dL,0.6,1.3,N,STAT,2024-08-31 17:53,2024-08-31 18:02,2024-08-31 18:23
LAB716785,ENC107023,PT11125,WBC,White Blood Cell Count,11.3,K/uL,4.5,11,H,STAT,2024-08-31 18:25,2024-08-31 18:41,2024-08-31 20:11
LAB716786,ENC107023,PT11125,HGB,Hemoglobin,10.9,g/dL,12,17.5,L,STAT,2024-08-31 17:29,2024-08-31 17:36,2024-08-31 18:10
LAB716787,ENC107024,PT13889,GLU,Glucose,97,mg/dL,70,99,N,STAT,2024-08-31 18:41,2024-08-31 19:13,2024-08-31 20:17
LAB716788,ENC107024,PT13889,CREAT,Creatinine,0.88,mg/dL,0.6,1.3,N,STAT,2024-08-31 18:19,2024-08-31 18:48,2024-08-31 20:15
LAB716789,ENC107024,PT13889,WBC,White Blood Cell Count,7.2,K/uL,4.5,11,N,Routine,2024-08-31 19:13,2024-08-31 19:44,2024-08-31 23:05
LAB716790,ENC107024,PT13889,TROP,"Troponin I, High Sensitivity",7,ng/L,0,34,N,STAT,2024-08-31 19:09,2024-08-31 19:33,2024-08-31 20:11
LAB716791,ENC107026,PT11121,GLU,Glucose,207,mg/dL,70,99,H,STAT,2024-08-31 21:19,2024-08-31 21:24,2024-08-31 23:05
LAB716792,ENC107026,PT11121,CREAT,Creatinine,1.17,mg/dL,0.6,1.3,N,STAT,2024-08-31 21:39,2024-08-31 22:06,2024-08-31 23:33
LAB716793,ENC107028,PT12026,GLU,Glucose,59,mg/dL,70,99,L,STAT,2024-09-01 01:37,2024-09-01 02:11,2024-09-01 03:13
LAB716794,ENC107028,PT12026,CREAT,Creatinine,0.99,mg/dL,0.6,1.3,N,STAT,2024-09-01 01:08,2024-09-01 01:12,2024-09-01 02:09
LAB716795,ENC107028,PT12026,WBC,White Blood Cell Count,6.6,K/uL,4.5,11,N,STAT,2024-09-01 01:32,2024-09-01 01:46,2024-09-01 02:19
LAB716796,ENC107028,PT12026,HGB,Hemoglobin,14,g/dL,12,17.5,N,STAT,2024-09-01 01:23,2024-09-01 01:47,2024-09-01 02:35
LAB716797,ENC107028,PT12026,NA,Sodium,136,mmol/L,136,145,N,Routine,2024-09-01 01:28,2024-09-01 01:47,2024-09-01 05:02
LAB716798,ENC107028,PT12026,K,Potassium,3.4,mmol/L,3.5,5.1,L,STAT,2024-09-01 01:45,2024-09-01 02:06,2024-09-01 02:24
LAB716799,ENC107029,PT13214,GLU,Glucose,97,mg/dL,70,99,N,Routine,2024-09-01 02:29,2024-09-01 03:04,2024-09-01 06:13
LAB716800,ENC107029,PT13214,CREAT,Creatinine,0.54,mg/dL,0.6,1.3,L,STAT,2024-09-01 02:39,2024-09-01 02:51,2024-09-01 03:33
LAB716801,ENC107029,PT13214,WBC,White Blood Cell Count,8.9,K/uL,4.5,11,N,STAT,2024-09-01 03:00,2024-09-01 03:06,2024-09-01 03:41
LAB716802,ENC107030,PT10750,GLU,Glucose,129,mg/dL,70,99,H,Routine,2024-09-01 13:38,2024-09-01 13:53,2024-09-01 15:45
LAB716803,ENC107030,PT10750,CREAT,Creatinine,2.48,mg/dL,0.6,1.3,H,STAT,2024-09-01 13:46,2024-09-01 13:50,2024-09-01 14:29
LAB716804,ENC107030,PT10750,WBC,White Blood Cell Count,7,K/uL,4.5,11,N,STAT,2024-09-01 13:33,2024-09-01 13:45,2024-09-01 14:27
LAB716805,ENC107030,PT10750,HGB,Hemoglobin,10.1,g/dL,12,17.5,L,STAT,2024-09-01 13:38,2024-09-01 14:07,2024-09-01 14:36
LAB716806,ENC107032,PT13280,GLU,Glucose,107,mg/dL,70,99,H,Routine,2024-09-01 16:32,2024-09-01 16:37,2024-09-01 17:25
LAB716807,ENC107032,PT13280,CREAT,Creatinine,2.34,mg/dL,0.6,1.3,H,STAT,2024-09-01 16:51,2024-09-01 17:10,2024-09-01 18:03
LAB716808,ENC107032,PT13280,WBC,White Blood Cell Count,5.7,K/uL,4.5,11,N,STAT,2024-09-01 16:34,2024-09-01 17:05,2024-09-01 17:56
LAB716809,ENC107032,PT13280,HGB,Hemoglobin,13.6,g/dL,12,17.5,N,STAT,2024-09-01 16:54,2024-09-01 17:00,2024-09-01 17:46
LAB716810,ENC107032,PT13280,NA,Sodium,144,mmol/L,136,145,N,STAT,2024-09-01 16:23,2024-09-01 16:45,2024-09-01 17:31
LAB716811,ENC107032,PT13280,K,Potassium,4.6,mmol/L,3.5,5.1,N,STAT,2024-09-01 16:33,2024-09-01 16:39,2024-09-01 17:38
LAB716812,ENC107032,PT13280,LACT,Lactate,2.7,mmol/L,0.5,2,H,STAT,2024-09-01 16:14,2024-09-01 16:26,2024-09-01 16:51
LAB716813,ENC107037,PT13536,GLU,Glucose,118,mg/dL,70,99,H,Routine,2024-09-01 19:51,2024-09-01 20:00,2024-09-01 21:53
LAB716814,ENC107037,PT13536,CREAT,Creatinine,1.08,mg/dL,0.6,1.3,N,Routine,2024-09-01 20:19,2024-09-01 20:42,2024-09-01 23:49
LAB716815,ENC107037,PT13536,WBC,White Blood Cell Count,5.3,K/uL,4.5,11,N,Routine,2024-09-01 20:17,2024-09-01 20:26,2024-09-01 22:32
LAB716816,ENC107037,PT13536,HGB,Hemoglobin,14.6,g/dL,12,17.5,N,STAT,2024-09-01 20:04,2024-09-01 20:17,2024-09-01 21:04
LAB716817,ENC107037,PT13536,NA,Sodium,127,mmol/L,136,145,L,STAT,2024-09-01 20:03,2024-09-01 20:14,2024-09-01 21:10
LAB716818,ENC107037,PT13536,K,Potassium,4,mmol/L,3.5,5.1,N,STAT,2024-09-01 20:15,2024-09-01 20:25,2024-09-01 21:38
LAB716819,ENC107038,PT10890,GLU,Glucose,152,mg/dL,70,99,H,STAT,2024-09-01 23:01,2024-09-01 23:13,2024-09-02 00:10
LAB716820,ENC107038,PT10890,CREAT,Creatinine,1.87,mg/dL,0.6,1.3,H,STAT,2024-09-01 22:47,2024-09-01 23:01,2024-09-02 00:19
LAB716821,ENC107038,PT10890,WBC,White Blood Cell Count,7.8,K/uL,4.5,11,N,STAT,2024-09-01 22:36,2024-09-01 23:02,2024-09-01 23:52
LAB716822,ENC107038,PT10890,HGB,Hemoglobin,12.4,g/dL,12,17.5,N,Routine,2024-09-01 23:30,2024-09-01 23:49,2024-09-02 04:39
LAB716823,ENC107038,PT10890,NA,Sodium,141,mmol/L,136,145,N,STAT,2024-09-01 23:23,2024-09-01 23:58,2024-09-02 00:28
LAB716824,ENC107038,PT10890,K,Potassium,4.5,mmol/L,3.5,5.1,N,STAT,2024-09-01 22:26,2024-09-01 22:57,2024-09-01 23:53
LAB716825,ENC107038,PT10890,LACT,Lactate,3.4,mmol/L,0.5,2,H,STAT,2024-09-01 23:06,2024-09-01 23:17,2024-09-02 00:14
LAB716826,ENC107039,PT11156,GLU,Glucose,95,mg/dL,70,99,N,STAT,2024-09-01 22:59,2024-09-01 23:29,2024-09-02 00:11
LAB716827,ENC107039,PT11156,CREAT,Creatinine,0.96,mg/dL,0.6,1.3,N,Routine,2024-09-01 22:45,2024-09-01 23:14,2024-09-02 01:56
LAB716828,ENC107039,PT11156,WBC,White Blood Cell Count,2,K/uL,4.5,11,L,Routine,2024-09-01 22:15,2024-09-01 22:29,2024-09-02 00:55
LAB716829,ENC107039,PT11156,HGB,Hemoglobin,16.1,g/dL,12,17.5,N,Routine,2024-09-01 22:31,2024-09-01 22:52,2024-09-02 00:10
LAB716830,ENC107042,PT11270,GLU,Glucose,117,mg/dL,70,99,H,STAT,2024-09-02 04:28,2024-09-02 04:43,2024-09-02 05:25
LAB716831,ENC107042,PT11270,CREAT,Creatinine,2.1,mg/dL,0.6,1.3,H,STAT,2024-09-02 04:50,2024-09-02 05:22,2024-09-02 05:56
LAB716832,ENC107042,PT11270,WBC,White Blood Cell Count,12.4,K/uL,4.5,11,H,STAT,2024-09-02 04:33,2024-09-02 04:42,2024-09-02 05:32
LAB716833,ENC107042,PT11270,HGB,Hemoglobin,10.6,g/dL,12,17.5,L,STAT,2024-09-02 04:35,2024-09-02 04:53,2024-09-02 05:52
LAB716834,ENC107042,PT11270,BUN,Blood Urea Nitrogen,23,mg/dL,7,20,H,Routine,2024-09-02 04:53,2024-09-02 05:16,2024-09-02 12:30
LAB716835,ENC107042,PT11270,PLT,Platelet Count,178,K/uL,150,400,N,Routine,2024-09-02 04:59,2024-09-02 05:31,2024-09-02 07:14
LAB716836,ENC107043,PT13519,GLU,Glucose,114,mg/dL,70,99,H,Routine,2024-09-02 05:20,2024-09-02 05:49,2024-09-02 08:05
LAB716837,ENC107043,PT13519,CREAT,Creatinine,0.78,mg/dL,0.6,1.3,N,STAT,2024-09-02 05:29,2024-09-02 05:55,2024-09-02 06:35
LAB716838,ENC107043,PT13519,WBC,White Blood Cell Count,5.3,K/uL,4.5,11,N,Routine,2024-09-02 06:17,2024-09-02 06:29,2024-09-02 08:14
LAB716839,ENC107043,PT13519,HGB,Hemoglobin,16.2,g/dL,12,17.5,N,Routine,2024-09-02 05:36,2024-09-02 05:57,2024-09-02 08:02
LAB716840,ENC107043,PT13519,NA,Sodium,144,mmol/L,136,145,N,Routine,2024-09-02 05:28,2024-09-02 05:34,2024-09-02 08:00
LAB716841,ENC107043,PT13519,K,Potassium,3.6,mmol/L,3.5,5.1,N,STAT,2024-09-02 05:40,2024-09-02 05:59,2024-09-02 06:40
LAB716842,ENC107043,PT13519,BUN,Blood Urea Nitrogen,11,mg/dL,7,20,N,STAT,2024-09-02 05:41,2024-09-02 06:15,2024-09-02 06:53
LAB716843,ENC107043,PT13519,PLT,Platelet Count,266,K/uL,150,400,N,STAT,2024-09-02 05:45,2024-09-02 06:05,2024-09-02 06:27
LAB716844,ENC107044,PT12472,GLU,Glucose,131,mg/dL,70,99,H,Routine,2024-09-02 10:31,2024-09-02 10:48,2024-09-02 16:38
LAB716845,ENC107044,PT12472,CREAT,Creatinine,1.07,mg/dL,0.6,1.3,N,STAT,2024-09-02 10:48,2024-09-02 11:07,2024-09-02 11:49
LAB716846,ENC107044,PT12472,WBC,White Blood Cell Count,9.8,K/uL,4.5,11,N,STAT,2024-09-02 10:16,2024-09-02 10:38,2024-09-02 11:25
LAB716847,ENC107044,PT12472,HGB,Hemoglobin,14.5,g/dL,12,17.5,N,STAT,2024-09-02 11:06,2024-09-02 11:22,2024-09-02 12:09
LAB716848,ENC107044,PT12472,TROP,"Troponin I, High Sensitivity",1203,ng/L,0,34,H,STAT,2024-09-02 11:08,2024-09-02 11:19,2024-09-02 11:55
LAB716849,ENC107045,PT10049,GLU,Glucose,85,mg/dL,70,99,N,Routine,2024-09-02 06:49,2024-09-02 06:54,2024-09-02 08:52
LAB716850,ENC107045,PT10049,CREAT,Creatinine,0.78,mg/dL,0.6,1.3,N,STAT,2024-09-02 07:29,2024-09-02 07:35,2024-09-02 09:06
LAB716851,ENC107045,PT10049,WBC,White Blood Cell Count,10.2,K/uL,4.5,11,N,Routine,2024-09-02 07:45,2024-09-02 08:00,2024-09-02 09:29
LAB716852,ENC107045,PT10049,HGB,Hemoglobin,13.2,g/dL,12,17.5,N,STAT,2024-09-02 07:02,2024-09-02 07:19,2024-09-02 07:52
LAB716853,ENC107045,PT10049,BUN,Blood Urea Nitrogen,16,mg/dL,7,20,N,STAT,2024-09-02 06:50,2024-09-02 07:03,2024-09-02 07:58
LAB716854,ENC107045,PT10049,PLT,Platelet Count,192,K/uL,150,400,N,Routine,2024-09-02 07:25,2024-09-02 07:58,2024-09-02 11:44
LAB716855,ENC107046,PT11368,GLU,Glucose,89,mg/dL,70,99,N,STAT,2024-09-02 07:24,2024-09-02 07:44,2024-09-02 08:42
LAB716856,ENC107046,PT11368,CREAT,Creatinine,1.87,mg/dL,0.6,1.3,H,Routine,2024-09-02 07:51,2024-09-02 08:03,2024-09-02 12:00
LAB716857,ENC107046,PT11368,WBC,White Blood Cell Count,9.3,K/uL,4.5,11,N,Routine,2024-09-02 08:24,2024-09-02 08:48,2024-09-02 10:06
LAB716858,ENC107046,PT11368,HGB,Hemoglobin,11.2,g/dL,12,17.5,L,Routine,2024-09-02 07:32,2024-09-02 07:55,2024-09-02 12:12
LAB716859,ENC107046,PT11368,BUN,Blood Urea Nitrogen,5,mg/dL,7,20,L,STAT,2024-09-02 08:30,2024-09-02 08:39,2024-09-02 09:58
LAB716860,ENC107046,PT11368,PLT,Platelet Count,275,K/uL,150,400,N,STAT,2024-09-02 08:14,2024-09-02 08:46,2024-09-02 09:10
LAB716861,ENC107050,PT13633,LDL,LDL Cholesterol,108,mg/dL,0,99,H,Routine,2024-09-02 09:23,2024-09-02 09:47,2024-09-03 05:18
LAB716862,ENC107050,PT13633,A1C,Hemoglobin A1c,5.5,%,4,5.6,N,Routine,2024-09-02 09:28,2024-09-02 09:50,2024-09-02 21:05
LAB716863,ENC107051,PT11632,GLU,Glucose,209,mg/dL,70,99,H,Routine,2024-09-02 10:15,2024-09-02 10:25,2024-09-02 13:12
LAB716864,ENC107051,PT11632,CREAT,Creatinine,0.83,mg/dL,0.6,1.3,N,STAT,2024-09-02 10:06,2024-09-02 10:10,2024-09-02 10:50
LAB716865,ENC107051,PT11632,WBC,White Blood Cell Count,7.1,K/uL,4.5,11,N,STAT,2024-09-02 09:59,2024-09-02 10:03,2024-09-02 11:25
LAB716866,ENC107051,PT11632,HGB,Hemoglobin,15.8,g/dL,12,17.5,N,Routine,2024-09-02 09:32,2024-09-02 09:48,2024-09-02 12:14
LAB716867,ENC107055,PT13844,GLU,Glucose,90,mg/dL,70,99,N,STAT,2024-09-02 10:53,2024-09-02 11:09,2024-09-02 11:49
LAB716868,ENC107055,PT13844,CREAT,Creatinine,2.42,mg/dL,0.6,1.3,H,STAT,2024-09-02 11:19,2024-09-02 11:39,2024-09-02 12:22
LAB716869,ENC107057,PT12017,LDL,LDL Cholesterol,185,mg/dL,0,99,H,Routine,2024-09-02 10:54,2024-09-02 11:20,2024-09-02 19:50
LAB716870,ENC107060,PT13493,WBC,White Blood Cell Count,6.4,K/uL,4.5,11,N,Routine,2024-09-02 11:52,2024-09-02 12:07,2024-09-02 13:39
LAB716871,ENC107060,PT13493,HGB,Hemoglobin,14.7,g/dL,12,17.5,N,Routine,2024-09-02 11:53,2024-09-02 12:07,2024-09-02 14:14
LAB716872,ENC107060,PT13493,PLT,Platelet Count,215,K/uL,150,400,N,Routine,2024-09-02 11:59,2024-09-02 12:12,2024-09-02 14:56
LAB716873,ENC107064,PT13621,GLU,Glucose,289,mg/dL,70,99,H,STAT,2024-09-02 13:22,2024-09-02 13:39,2024-09-02 14:16
LAB716874,ENC107064,PT13621,CREAT,Creatinine,0.58,mg/dL,0.6,1.3,L,STAT,2024-09-02 13:04,2024-09-02 13:39,2024-09-02 14:10
LAB716875,ENC107064,PT13621,WBC,White Blood Cell Count,3.5,K/uL,4.5,11,L,Routine,2024-09-02 13:01,2024-09-02 13:25,2024-09-02 15:40
LAB716876,ENC107064,PT13621,A1C,Hemoglobin A1c,11.9,%,4,5.6,H,STAT,2024-09-02 13:17,2024-09-02 13:50,2024-09-02 14:47
LAB716877,ENC107065,PT10450,GLU,Glucose,84,mg/dL,70,99,N,STAT,2024-09-02 18:15,2024-09-02 18:25,2024-09-02 19:40
LAB716878,ENC107065,PT10450,CREAT,Creatinine,1.07,mg/dL,0.6,1.3,N,STAT,2024-09-02 18:21,2024-09-02 18:41,2024-09-02 19:14
LAB716879,ENC107065,PT10450,WBC,White Blood Cell Count,10.7,K/uL,4.5,11,N,Routine,2024-09-02 19:03,2024-09-02 19:08,2024-09-02 23:10
LAB716880,ENC107065,PT10450,HGB,Hemoglobin,11.8,g/dL,12,17.5,L,STAT,2024-09-02 19:10,2024-09-02 19:42,2024-09-02 20:46
LAB716881,ENC107065,PT10450,NA,Sodium,138,mmol/L,136,145,N,STAT,2024-09-02 19:08,2024-09-02 19:31,2024-09-02 19:55
LAB716882,ENC107065,PT10450,K,Potassium,5.2,mmol/L,3.5,5.1,H,STAT,2024-09-02 18:33,2024-09-02 19:04,2024-09-02 19:57
LAB716883,ENC107065,PT10450,TROP,"Troponin I, High Sensitivity",2877,ng/L,0,34,H,STAT,2024-09-02 18:30,2024-09-02 18:59,2024-09-02 19:29
LAB716884,ENC107068,PT12901,A1C,Hemoglobin A1c,5.8,%,4,5.6,H,Routine,2024-09-02 15:23,2024-09-02 15:54,2024-09-02 20:50
LAB716885,ENC107068,PT12901,GLU,Glucose,101,mg/dL,70,99,H,Routine,2024-09-02 15:21,2024-09-02 15:41,2024-09-02 20:41
LAB716886,ENC107068,PT12901,CREAT,Creatinine,0.91,mg/dL,0.6,1.3,N,Routine,2024-09-02 15:31,2024-09-02 15:57,2024-09-02 19:48
LAB716887,ENC107069,PT10175,GLU,Glucose,91,mg/dL,70,99,N,STAT,2024-09-02 20:36,2024-09-02 21:02,2024-09-02 21:58
LAB716888,ENC107069,PT10175,CREAT,Creatinine,0.79,mg/dL,0.6,1.3,N,STAT,2024-09-02 20:46,2024-09-02 21:20,2024-09-02 21:45
LAB716889,ENC107069,PT10175,WBC,White Blood Cell Count,7.5,K/uL,4.5,11,N,Routine,2024-09-02 20:30,2024-09-02 21:03,2024-09-02 22:58
LAB716890,ENC107069,PT10175,HGB,Hemoglobin,13.1,g/dL,12,17.5,N,Routine,2024-09-02 20:24,2024-09-02 20:37,2024-09-02 23:54
LAB716891,ENC107069,PT10175,BUN,Blood Urea Nitrogen,6,mg/dL,7,20,L,STAT,2024-09-02 21:07,2024-09-02 21:19,2024-09-02 23:15
LAB716892,ENC107069,PT10175,PLT,Platelet Count,308,K/uL,150,400,N,Routine,2024-09-02 21:01,2024-09-02 21:06,2024-09-03 01:09
LAB716893,ENC107070,PT11470,GLU,Glucose,116,mg/dL,70,99,H,Routine,2024-09-02 20:13,2024-09-02 20:21,2024-09-02 22:40
LAB716894,ENC107070,PT11470,CREAT,Creatinine,1.04,mg/dL,0.6,1.3,N,STAT,2024-09-02 20:53,2024-09-02 21:06,2024-09-02 21:32
LAB716895,ENC107070,PT11470,WBC,White Blood Cell Count,7,K/uL,4.5,11,N,STAT,2024-09-02 20:20,2024-09-02 20:49,2024-09-02 21:12
LAB716896,ENC107070,PT11470,HGB,Hemoglobin,11.5,g/dL,12,17.5,L,Routine,2024-09-02 20:56,2024-09-02 21:27,2024-09-03 00:33
LAB716897,ENC107070,PT11470,NA,Sodium,132,mmol/L,136,145,L,STAT,2024-09-02 20:35,2024-09-02 21:09,2024-09-02 21:46
LAB716898,ENC107070,PT11470,K,Potassium,3.9,mmol/L,3.5,5.1,N,STAT,2024-09-02 20:27,2024-09-02 20:35,2024-09-02 21:18
LAB716899,ENC107072,PT11849,GLU,Glucose,101,mg/dL,70,99,H,STAT,2024-09-02 21:48,2024-09-02 22:11,2024-09-02 22:44
LAB716900,ENC107072,PT11849,CREAT,Creatinine,0.83,mg/dL,0.6,1.3,N,Routine,2024-09-02 22:44,2024-09-02 23:02,2024-09-03 01:09
LAB716901,ENC107072,PT11849,WBC,White Blood Cell Count,6.2,K/uL,4.5,11,N,STAT,2024-09-02 21:58,2024-09-02 22:07,2024-09-02 23:01
LAB716902,ENC107072,PT11849,HGB,Hemoglobin,12.8,g/dL,12,17.5,N,STAT,2024-09-02 22:37,2024-09-02 22:52,2024-09-03 00:09
LAB716903,ENC107073,PT11218,GLU,Glucose,113,mg/dL,70,99,H,STAT,2024-09-03 02:44,2024-09-03 03:13,2024-09-03 03:53
LAB716904,ENC107073,PT11218,CREAT,Creatinine,0.78,mg/dL,0.6,1.3,N,STAT,2024-09-03 02:16,2024-09-03 02:49,2024-09-03 03:36
LAB716905,ENC107073,PT11218,WBC,White Blood Cell Count,6.7,K/uL,4.5,11,N,STAT,2024-09-03 02:51,2024-09-03 03:03,2024-09-03 03:58
LAB716906,ENC107073,PT11218,HGB,Hemoglobin,13.8,g/dL,12,17.5,N,Routine,2024-09-03 03:00,2024-09-03 03:26,2024-09-03 09:04
LAB716907,ENC107073,PT11218,INR,Prothrombin Time INR,1,ratio,0.8,1.2,N,STAT,2024-09-03 02:33,2024-09-03 02:54,2024-09-03 04:01
LAB716908,ENC107074,PT13667,GLU,Glucose,129,mg/dL,70,99,H,STAT,2024-09-03 05:17,2024-09-03 05:25,2024-09-03 06:08
LAB716909,ENC107074,PT13667,CREAT,Creatinine,0.87,mg/dL,0.6,1.3,N,Routine,2024-09-03 04:22,2024-09-03 04:43,2024-09-03 05:45
LAB716910,ENC107074,PT13667,WBC,White Blood Cell Count,9,K/uL,4.5,11,N,STAT,2024-09-03 04:42,2024-09-03 05:01,2024-09-03 06:09
LAB716911,ENC107074,PT13667,HGB,Hemoglobin,15.2,g/dL,12,17.5,N,STAT,2024-09-03 04:17,2024-09-03 04:42,2024-09-03 05:24
LAB716912,ENC107074,PT13667,TROP,"Troponin I, High Sensitivity",10,ng/L,0,34,N,STAT,2024-09-03 04:30,2024-09-03 04:50,2024-09-03 05:41
LAB716913,ENC107078,PT10502,LDL,LDL Cholesterol,131,mg/dL,0,99,H,Routine,2024-09-03 08:45,2024-09-03 09:16,2024-09-04 00:01
LAB716914,ENC107079,PT13494,GLU,Glucose,186,mg/dL,70,99,H,STAT,2024-09-03 09:42,2024-09-03 10:15,2024-09-03 11:05
LAB716915,ENC107079,PT13494,CREAT,Creatinine,1.07,mg/dL,0.6,1.3,N,STAT,2024-09-03 09:28,2024-09-03 09:57,2024-09-03 10:22
LAB716916,ENC107079,PT13494,WBC,White Blood Cell Count,9,K/uL,4.5,11,N,Routine,2024-09-03 09:25,2024-09-03 09:37,2024-09-03 13:08
LAB716917,ENC107079,PT13494,HGB,Hemoglobin,13.2,g/dL,12,17.5,N,STAT,2024-09-03 08:53,2024-09-03 09:18,2024-09-03 10:06
LAB716918,ENC107083,PT13888,GLU,Glucose,128,mg/dL,70,99,H,STAT,2024-09-03 12:05,2024-09-03 12:14,2024-09-03 13:10
LAB716919,ENC107083,PT13888,CREAT,Creatinine,0.79,mg/dL,0.6,1.3,N,Routine,2024-09-03 12:41,2024-09-03 12:46,2024-09-03 15:35
LAB716920,ENC107083,PT13888,WBC,White Blood Cell Count,11.3,K/uL,4.5,11,H,Routine,2024-09-03 13:07,2024-09-03 13:25,2024-09-03 18:28
LAB716921,ENC107083,PT13888,HGB,Hemoglobin,15.4,g/dL,12,17.5,N,STAT,2024-09-03 13:02,2024-09-03 13:27,2024-09-03 14:31
LAB716922,ENC107086,PT11987,GLU,Glucose,104,mg/dL,70,99,H,STAT,2024-09-03 13:02,2024-09-03 13:21,2024-09-03 14:12
LAB716923,ENC107086,PT11987,CREAT,Creatinine,0.98,mg/dL,0.6,1.3,N,STAT,2024-09-03 13:46,2024-09-03 14:05,2024-09-03 14:34
LAB716924,ENC107086,PT11987,WBC,White Blood Cell Count,7,K/uL,4.5,11,N,Routine,2024-09-03 13:28,2024-09-03 14:02,2024-09-03 15:44
LAB716925,ENC107086,PT11987,HGB,Hemoglobin,11.7,g/dL,12,17.5,L,STAT,2024-09-03 13:24,2024-09-03 13:40,2024-09-03 14:33
LAB716926,ENC107087,PT12551,GLU,Glucose,111,mg/dL,70,99,H,STAT,2024-09-03 18:01,2024-09-03 18:15,2024-09-03 18:42
LAB716927,ENC107087,PT12551,CREAT,Creatinine,0.8,mg/dL,0.6,1.3,N,Routine,2024-09-03 18:19,2024-09-03 18:43,2024-09-03 20:59
LAB716928,ENC107087,PT12551,WBC,White Blood Cell Count,7.1,K/uL,4.5,11,N,Routine,2024-09-03 18:23,2024-09-03 18:50,2024-09-03 20:54
LAB716929,ENC107087,PT12551,HGB,Hemoglobin,13.5,g/dL,12,17.5,N,Routine,2024-09-03 18:01,2024-09-03 18:29,2024-09-03 20:48
LAB716930,ENC107087,PT12551,NA,Sodium,115,mmol/L,136,145,LL,Routine,2024-09-03 18:28,2024-09-03 18:35,2024-09-03 20:13
LAB716931,ENC107087,PT12551,K,Potassium,4.2,mmol/L,3.5,5.1,N,STAT,2024-09-03 18:49,2024-09-03 18:59,2024-09-03 19:41
LAB716932,ENC107088,PT12575,LDL,LDL Cholesterol,74,mg/dL,0,99,N,Routine,2024-09-03 14:14,2024-09-03 14:48,2024-09-03 23:05
LAB716933,ENC107089,PT11518,A1C,Hemoglobin A1c,8.9,%,4,5.6,H,Routine,2024-09-03 14:27,2024-09-03 14:43,2024-09-04 14:22
LAB716934,ENC107092,PT11019,WBC,White Blood Cell Count,5.3,K/uL,4.5,11,N,Routine,2024-09-03 15:58,2024-09-03 16:04,2024-09-03 20:17
LAB716935,ENC107092,PT11019,HGB,Hemoglobin,16.9,g/dL,12,17.5,N,Routine,2024-09-03 15:35,2024-09-03 16:00,2024-09-03 18:06
LAB716936,ENC107092,PT11019,PLT,Platelet Count,191,K/uL,150,400,N,Routine,2024-09-03 15:37,2024-09-03 15:54,2024-09-03 18:05
LAB716937,ENC107095,PT12481,WBC,White Blood Cell Count,11.3,K/uL,4.5,11,H,Routine,2024-09-03 16:22,2024-09-03 16:43,2024-09-03 18:57
LAB716938,ENC107095,PT12481,HGB,Hemoglobin,14.2,g/dL,12,17.5,N,Routine,2024-09-03 16:33,2024-09-03 16:40,2024-09-03 20:17
LAB716939,ENC107095,PT12481,PLT,Platelet Count,262,K/uL,150,400,N,Routine,2024-09-03 16:34,2024-09-03 17:09,2024-09-03 23:19
LAB716940,ENC107097,PT11722,GLU,Glucose,83,mg/dL,70,99,N,STAT,2024-09-03 18:08,2024-09-03 18:42,2024-09-03 19:21
LAB716941,ENC107097,PT11722,CREAT,Creatinine,0.79,mg/dL,0.6,1.3,N,Routine,2024-09-03 18:01,2024-09-03 18:22,2024-09-03 20:06
LAB716942,ENC107097,PT11722,WBC,White Blood Cell Count,6.7,K/uL,4.5,11,N,Routine,2024-09-03 18:17,2024-09-03 18:24,2024-09-03 20:27
LAB716943,ENC107098,PT12943,GLU,Glucose,96,mg/dL,70,99,N,Routine,2024-09-03 22:54,2024-09-03 22:58,2024-09-04 01:05
LAB716944,ENC107098,PT12943,CREAT,Creatinine,0.97,mg/dL,0.6,1.3,N,STAT,2024-09-03 23:29,2024-09-03 23:35,2024-09-04 00:53
LAB716945,ENC107098,PT12943,WBC,White Blood Cell Count,10.6,K/uL,4.5,11,N,Routine,2024-09-03 22:29,2024-09-03 22:52,2024-09-04 00:03
LAB716946,ENC107098,PT12943,HGB,Hemoglobin,13.1,g/dL,12,17.5,N,STAT,2024-09-03 23:10,2024-09-03 23:41,2024-09-04 01:06
LAB716947,ENC107098,PT12943,TROP,"Troponin I, High Sensitivity",4122,ng/L,0,34,H,STAT,2024-09-03 23:33,2024-09-04 00:00,2024-09-04 00:25
LAB716948,ENC107100,PT11631,GLU,Glucose,113,mg/dL,70,99,H,Routine,2024-09-04 01:50,2024-09-04 02:19,2024-09-04 04:18
LAB716949,ENC107100,PT11631,CREAT,Creatinine,0.88,mg/dL,0.6,1.3,N,Routine,2024-09-04 01:45,2024-09-04 01:49,2024-09-04 06:32
LAB716950,ENC107100,PT11631,WBC,White Blood Cell Count,7.3,K/uL,4.5,11,N,STAT,2024-09-04 02:12,2024-09-04 02:38,2024-09-04 03:34
LAB716951,ENC107100,PT11631,HGB,Hemoglobin,13.5,g/dL,12,17.5,N,Routine,2024-09-04 02:01,2024-09-04 02:20,2024-09-04 04:55
LAB716952,ENC107101,PT10779,GLU,Glucose,85,mg/dL,70,99,N,Routine,2024-09-03 21:12,2024-09-03 21:20,2024-09-03 23:25
LAB716953,ENC107101,PT10779,CREAT,Creatinine,0.74,mg/dL,0.6,1.3,N,Routine,2024-09-03 22:06,2024-09-03 22:41,2024-09-04 01:27
LAB716954,ENC107101,PT10779,WBC,White Blood Cell Count,8.4,K/uL,4.5,11,N,STAT,2024-09-03 21:35,2024-09-03 21:50,2024-09-03 22:09
LAB716955,ENC107103,PT12057,GLU,Glucose,103,mg/dL,70,99,H,STAT,2024-09-04 03:26,2024-09-04 03:59,2024-09-04 04:46
LAB716956,ENC107103,PT12057,CREAT,Creatinine,1.7,mg/dL,0.6,1.3,H,Routine,2024-09-04 03:37,2024-09-04 04:06,2024-09-04 07:40
LAB716957,ENC107103,PT12057,WBC,White Blood Cell Count,10.4,K/uL,4.5,11,N,STAT,2024-09-04 02:42,2024-09-04 02:58,2024-09-04 04:36
LAB716958,ENC107103,PT12057,HGB,Hemoglobin,11.1,g/dL,12,17.5,L,Routine,2024-09-04 03:18,2024-09-04 03:29,2024-09-04 04:59
LAB716959,ENC107107,PT11362,GLU,Glucose,116,mg/dL,70,99,H,Routine,2024-09-04 08:14,2024-09-04 08:36,2024-09-04 09:47
LAB716960,ENC107107,PT11362,CREAT,Creatinine,1.13,mg/dL,0.6,1.3,N,Routine,2024-09-04 08:38,2024-09-04 08:47,2024-09-04 11:53
LAB716961,ENC107107,PT11362,WBC,White Blood Cell Count,2.4,K/uL,4.5,11,L,STAT,2024-09-04 08:19,2024-09-04 08:44,2024-09-04 09:27
LAB716962,ENC107107,PT11362,HGB,Hemoglobin,15.9,g/dL,12,17.5,N,STAT,2024-09-04 08:19,2024-09-04 08:37,2024-09-04 09:45
LAB716963,ENC107110,PT11875,LDL,LDL Cholesterol,134,mg/dL,0,99,H,Routine,2024-09-04 09:50,2024-09-04 10:15,2024-09-04 21:47
LAB716964,ENC107114,PT12492,LDL,LDL Cholesterol,192,mg/dL,0,99,H,Routine,2024-09-04 10:30,2024-09-04 10:51,2024-09-05 00:35
LAB716965,ENC107114,PT12492,A1C,Hemoglobin A1c,5.5,%,4,5.6,N,Routine,2024-09-04 10:40,2024-09-04 11:08,2024-09-05 06:18
LAB716966,ENC107114,PT12492,TSH,Thyroid Stimulating Hormone,3.91,mIU/L,0.4,4,N,Routine,2024-09-04 10:24,2024-09-04 10:55,2024-09-05 01:34
LAB716967,ENC107115,PT11341,A1C,Hemoglobin A1c,9.3,%,4,5.6,H,Routine,2024-09-04 11:26,2024-09-04 12:00,2024-09-05 11:49
LAB716968,ENC107116,PT11165,GLU,Glucose,112,mg/dL,70,99,H,STAT,2024-09-04 12:26,2024-09-04 12:47,2024-09-04 13:30
LAB716969,ENC107116,PT11165,CREAT,Creatinine,0.53,mg/dL,0.6,1.3,L,Routine,2024-09-04 12:43,2024-09-04 13:04,2024-09-04 17:29
LAB716970,ENC107116,PT11165,WBC,White Blood Cell Count,9.7,K/uL,4.5,11,N,STAT,2024-09-04 13:07,2024-09-04 13:17,2024-09-04 14:17
LAB716971,ENC107120,PT11080,GLU,Glucose,155,mg/dL,70,99,H,STAT,2024-09-04 17:30,2024-09-04 17:50,2024-09-04 19:40
LAB716972,ENC107120,PT11080,CREAT,Creatinine,1.22,mg/dL,0.6,1.3,N,Routine,2024-09-04 17:31,2024-09-04 17:46,2024-09-04 23:33
LAB716973,ENC107120,PT11080,WBC,White Blood Cell Count,17.5,K/uL,4.5,11,H,STAT,2024-09-04 17:55,2024-09-04 18:27,2024-09-04 18:59
LAB716974,ENC107120,PT11080,HGB,Hemoglobin,14,g/dL,12,17.5,N,STAT,2024-09-04 18:00,2024-09-04 18:11,2024-09-04 18:48
LAB716975,ENC107120,PT11080,NA,Sodium,144,mmol/L,136,145,N,STAT,2024-09-04 17:32,2024-09-04 17:53,2024-09-04 19:11
LAB716976,ENC107120,PT11080,K,Potassium,4.6,mmol/L,3.5,5.1,N,STAT,2024-09-04 17:42,2024-09-04 18:04,2024-09-04 18:46
LAB716977,ENC107120,PT11080,LACT,Lactate,2.2,mmol/L,0.5,2,H,STAT,2024-09-04 17:31,2024-09-04 17:48,2024-09-04 18:11
LAB716978,ENC107121,PT13943,LDL,LDL Cholesterol,175,mg/dL,0,99,H,Routine,2024-09-04 14:44,2024-09-04 15:06,2024-09-05 15:25
LAB716979,ENC107122,PT13621,GLU,Glucose,226,mg/dL,70,99,H,Routine,2024-09-04 19:01,2024-09-04 19:14,2024-09-05 00:11
LAB716980,ENC107122,PT13621,CREAT,Creatinine,1.27,mg/dL,0.6,1.3,N,Routine,2024-09-04 18:41,2024-09-04 19:15,2024-09-04 22:42
LAB716981,ENC107122,PT13621,WBC,White Blood Cell Count,5.9,K/uL,4.5,11,N,STAT,2024-09-04 19:25,2024-09-04 19:37,2024-09-04 20:50
LAB716982,ENC107122,PT13621,HGB,Hemoglobin,14.1,g/dL,12,17.5,N,STAT,2024-09-04 19:05,2024-09-04 19:18,2024-09-04 19:47
LAB716983,ENC107122,PT13621,NA,Sodium,140,mmol/L,136,145,N,Routine,2024-09-04 19:21,2024-09-04 19:40,2024-09-04 21:43
LAB716984,ENC107122,PT13621,K,Potassium,4.3,mmol/L,3.5,5.1,N,STAT,2024-09-04 18:34,2024-09-04 18:40,2024-09-04 19:49
LAB716985,ENC107122,PT13621,BUN,Blood Urea Nitrogen,14,mg/dL,7,20,N,STAT,2024-09-04 18:28,2024-09-04 18:47,2024-09-04 19:29
LAB716986,ENC107122,PT13621,PLT,Platelet Count,275,K/uL,150,400,N,STAT,2024-09-04 19:26,2024-09-04 19:39,2024-09-04 20:56
LAB716987,ENC107123,PT12492,LDL,LDL Cholesterol,165,mg/dL,0,99,H,Routine,2024-09-04 15:05,2024-09-04 15:11,2024-09-05 14:53
LAB716988,ENC107124,PT12121,LDL,LDL Cholesterol,172,mg/dL,0,99,H,Routine,2024-09-04 15:58,2024-09-04 16:05,2024-09-04 22:09
LAB716989,ENC107124,PT12121,TSH,Thyroid Stimulating Hormone,0.78,mIU/L,0.4,4,N,Routine,2024-09-04 16:15,2024-09-04 16:50,2024-09-05 06:06
LAB716990,ENC107126,PT12668,WBC,White Blood Cell Count,9.5,K/uL,4.5,11,N,Routine,2024-09-04 16:05,2024-09-04 16:32,2024-09-05 04:19
LAB716991,ENC107126,PT12668,HGB,Hemoglobin,8.9,g/dL,12,17.5,L,Routine,2024-09-04 16:03,2024-09-04 16:35,2024-09-04 20:33
LAB716992,ENC107126,PT12668,PLT,Platelet Count,295,K/uL,150,400,N,Routine,2024-09-04 16:08,2024-09-04 16:26,2024-09-04 18:54
LAB716993,ENC107128,PT10801,GLU,Glucose,107,mg/dL,70,99,H,STAT,2024-09-04 16:44,2024-09-04 17:16,2024-09-04 18:04
LAB716994,ENC107128,PT10801,CREAT,Creatinine,0.95,mg/dL,0.6,1.3,N,STAT,2024-09-04 16:50,2024-09-04 17:11,2024-09-04 17:38
LAB716995,ENC107128,PT10801,WBC,White Blood Cell Count,7.4,K/uL,4.5,11,N,STAT,2024-09-04 17:16,2024-09-04 17:31,2024-09-04 17:49
LAB716996,ENC107128,PT10801,TROP,"Troponin I, High Sensitivity",36,ng/L,0,34,H,STAT,2024-09-04 17:09,2024-09-04 17:39,2024-09-04 18:15
LAB716997,ENC107129,PT12411,GLU,Glucose,91,mg/dL,70,99,N,STAT,2024-09-04 21:22,2024-09-04 21:34,2024-09-04 22:14
LAB716998,ENC107129,PT12411,CREAT,Creatinine,0.92,mg/dL,0.6,1.3,N,STAT,2024-09-04 22:02,2024-09-04 22:21,2024-09-04 23:37
LAB716999,ENC107129,PT12411,WBC,White Blood Cell Count,5.9,K/uL,4.5,11,N,Routine,2024-09-04 21:37,2024-09-04 21:42,2024-09-05 00:59
LAB717000,ENC107129,PT12411,HGB,Hemoglobin,15.3,g/dL,12,17.5,N,STAT,2024-09-04 21:44,2024-09-04 21:50,2024-09-04 22:34
LAB717001,ENC107129,PT12411,TROP,"Troponin I, High Sensitivity",14,ng/L,0,34,N,STAT,2024-09-04 21:16,2024-09-04 21:34,2024-09-04 22:17
LAB717002,ENC107130,PT10605,GLU,Glucose,99,mg/dL,70,99,N,Routine,2024-09-04 22:28,2024-09-04 22:48,2024-09-05 04:03
LAB717003,ENC107130,PT10605,CREAT,Creatinine,0.92,mg/dL,0.6,1.3,N,Routine,2024-09-04 22:53,2024-09-04 23:05,2024-09-05 01:15
LAB717004,ENC107130,PT10605,WBC,White Blood Cell Count,4.7,K/uL,4.5,11,N,STAT,2024-09-04 23:06,2024-09-04 23:12,2024-09-04 23:48
LAB717005,ENC107130,PT10605,HGB,Hemoglobin,13,g/dL,12,17.5,N,STAT,2024-09-04 22:34,2024-09-04 22:43,2024-09-04 23:53
LAB717006,ENC107130,PT10605,INR,Prothrombin Time INR,0.9,ratio,0.8,1.2,N,STAT,2024-09-04 22:29,2024-09-04 23:02,2024-09-05 00:24
LAB717007,ENC107132,PT13420,A1C,Hemoglobin A1c,11,%,4,5.6,H,STAT,2024-09-05 04:13,2024-09-05 04:36,2024-09-05 05:19
LAB717008,ENC107133,PT11789,GLU,Glucose,116,mg/dL,70,99,H,STAT,2024-09-05 05:23,2024-09-05 05:34,2024-09-05 06:08
LAB717009,ENC107133,PT11789,CREAT,Creatinine,0.93,mg/dL,0.6,1.3,N,STAT,2024-09-05 04:42,2024-09-05 04:47,2024-09-05 06:18
LAB717010,ENC107133,PT11789,WBC,White Blood Cell Count,9.2,K/uL,4.5,11,N,Routine,2024-09-05 05:39,2024-09-05 05:44,2024-09-05 08:34
LAB717011,ENC107133,PT11789,HGB,Hemoglobin,14.2,g/dL,12,17.5,N,STAT,2024-09-05 05:41,2024-09-05 05:50,2024-09-05 06:52
LAB717012,ENC107133,PT11789,NA,Sodium,140,mmol/L,136,145,N,Routine,2024-09-05 05:43,2024-09-05 05:47,2024-09-05 09:28
LAB717013,ENC107133,PT11789,K,Potassium,4.2,mmol/L,3.5,5.1,N,STAT,2024-09-05 05:18,2024-09-05 05:33,2024-09-05 06:14
LAB717014,ENC107134,PT13298,LDL,LDL Cholesterol,167,mg/dL,0,99,H,Routine,2024-09-05 08:30,2024-09-05 08:36,2024-09-05 18:02
LAB717015,ENC107136,PT10238,GLU,Glucose,116,mg/dL,70,99,H,Routine,2024-09-05 08:42,2024-09-05 09:02,2024-09-05 13:31
LAB717016,ENC107136,PT10238,CREAT,Creatinine,0.96,mg/dL,0.6,1.3,N,STAT,2024-09-05 08:46,2024-09-05 09:13,2024-09-05 10:14
LAB717017,ENC107138,PT12470,GLU,Glucose,122,mg/dL,70,99,H,STAT,2024-09-05 09:56,2024-09-05 10:04,2024-09-05 10:39
LAB717018,ENC107138,PT12470,CREAT,Creatinine,0.84,mg/dL,0.6,1.3,N,Routine,2024-09-05 09:16,2024-09-05 09:49,2024-09-05 14:07
LAB717019,ENC107138,PT12470,WBC,White Blood Cell Count,7.9,K/uL,4.5,11,N,STAT,2024-09-05 09:33,2024-09-05 09:41,2024-09-05 10:05
LAB717020,ENC107138,PT12470,HGB,Hemoglobin,13.1,g/dL,12,17.5,N,STAT,2024-09-05 09:40,2024-09-05 10:13,2024-09-05 11:05
LAB717021,ENC107138,PT12470,NA,Sodium,140,mmol/L,136,145,N,STAT,2024-09-05 09:29,2024-09-05 10:02,2024-09-05 10:37
LAB717022,ENC107138,PT12470,K,Potassium,4.6,mmol/L,3.5,5.1,N,STAT,2024-09-05 09:08,2024-09-05 09:19,2024-09-05 09:43
LAB717023,ENC107140,PT12496,GLU,Glucose,113,mg/dL,70,99,H,STAT,2024-09-05 10:30,2024-09-05 10:47,2024-09-05 11:27
LAB717024,ENC107140,PT12496,CREAT,Creatinine,0.84,mg/dL,0.6,1.3,N,Routine,2024-09-05 10:50,2024-09-05 11:18,2024-09-05 15:47
LAB717025,ENC107140,PT12496,WBC,White Blood Cell Count,7.3,K/uL,4.5,11,N,STAT,2024-09-05 10:31,2024-09-05 10:47,2024-09-05 11:28
LAB717026,ENC107140,PT12496,HGB,Hemoglobin,13.8,g/dL,12,17.5,N,STAT,2024-09-05 10:59,2024-09-05 11:34,2024-09-05 12:39
LAB717027,ENC107142,PT10060,WBC,White Blood Cell Count,11.1,K/uL,4.5,11,H,Routine,2024-09-05 10:30,2024-09-05 10:41,2024-09-05 13:21
LAB717028,ENC107142,PT10060,HGB,Hemoglobin,14.5,g/dL,12,17.5,N,Routine,2024-09-05 10:36,2024-09-05 11:07,2024-09-05 14:38
LAB717029,ENC107142,PT10060,PLT,Platelet Count,285,K/uL,150,400,N,Routine,2024-09-05 10:21,2024-09-05 10:34,2024-09-05 13:24
LAB717030,ENC107143,PT12836,GLU,Glucose,109,mg/dL,70,99,H,STAT,2024-09-05 15:24,2024-09-05 15:48,2024-09-05 16:19
LAB717031,ENC107143,PT12836,CREAT,Creatinine,0.91,mg/dL,0.6,1.3,N,STAT,2024-09-05 15:40,2024-09-05 15:49,2024-09-05 16:32
LAB717032,ENC107143,PT12836,WBC,White Blood Cell Count,5.6,K/uL,4.5,11,N,STAT,2024-09-05 14:51,2024-09-05 15:05,2024-09-05 15:39
LAB717033,ENC107143,PT12836,HGB,Hemoglobin,12.9,g/dL,12,17.5,N,STAT,2024-09-05 15:35,2024-09-05 15:59,2024-09-05 16:39
LAB717034,ENC107143,PT12836,NA,Sodium,142,mmol/L,136,145,N,STAT,2024-09-05 15:19,2024-09-05 15:32,2024-09-05 15:57
LAB717035,ENC107143,PT12836,K,Potassium,4,mmol/L,3.5,5.1,N,STAT,2024-09-05 15:30,2024-09-05 15:34,2024-09-05 16:07
LAB717036,ENC107145,PT10862,GLU,Glucose,137,mg/dL,70,99,H,STAT,2024-09-05 12:28,2024-09-05 12:33,2024-09-05 13:26
LAB717037,ENC107145,PT10862,CREAT,Creatinine,0.9,mg/dL,0.6,1.3,N,STAT,2024-09-05 12:11,2024-09-05 12:25,2024-09-05 12:57
LAB717038,ENC107147,PT12166,WBC,White Blood Cell Count,5,K/uL,4.5,11,N,Routine,2024-09-05 12:05,2024-09-05 12:35,2024-09-05 14:49
LAB717039,ENC107147,PT12166,HGB,Hemoglobin,10.4,g/dL,12,17.5,L,Routine,2024-09-05 12:11,2024-09-05 12:43,2024-09-06 02:53
LAB717040,ENC107147,PT12166,PLT,Platelet Count,252,K/uL,150,400,N,Routine,2024-09-05 12:14,2024-09-05 12:23,2024-09-05 14:10
LAB717041,ENC107148,PT13878,GLU,Glucose,87,mg/dL,70,99,N,Routine,2024-09-05 15:42,2024-09-05 15:59,2024-09-05 18:27
LAB717042,ENC107148,PT13878,CREAT,Creatinine,1.55,mg/dL,0.6,1.3,H,Routine,2024-09-05 16:00,2024-09-05 16:13,2024-09-05 20:44
LAB717043,ENC107148,PT13878,WBC,White Blood Cell Count,9.1,K/uL,4.5,11,N,STAT,2024-09-05 15:40,2024-09-05 16:03,2024-09-05 16:55
LAB717044,ENC107148,PT13878,HGB,Hemoglobin,12.1,g/dL,12,17.5,N,Routine,2024-09-05 15:51,2024-09-05 16:16,2024-09-05 18:57
LAB717045,ENC107148,PT13878,BUN,Blood Urea Nitrogen,11,mg/dL,7,20,N,STAT,2024-09-05 15:23,2024-09-05 15:33,2024-09-05 16:17
LAB717046,ENC107148,PT13878,PLT,Platelet Count,231,K/uL,150,400,N,STAT,2024-09-05 15:47,2024-09-05 16:22,2024-09-05 16:50
LAB717047,ENC107148,PT13878,TROP,"Troponin I, High Sensitivity",7,ng/L,0,34,N,STAT,2024-09-05 16:19,2024-09-05 16:41,2024-09-05 18:04
LAB717048,ENC107148,PT13878,BNP,B-Type Natriuretic Peptide,1580,pg/mL,0,100,H,STAT,2024-09-05 16:14,2024-09-05 16:43,2024-09-05 17:13
LAB717049,ENC107149,PT12671,WBC,White Blood Cell Count,5.1,K/uL,4.5,11,N,Routine,2024-09-05 12:38,2024-09-05 12:58,2024-09-05 15:54
LAB717050,ENC107149,PT12671,HGB,Hemoglobin,6,g/dL,12,17.5,LL,Routine,2024-09-05 12:57,2024-09-05 13:05,2024-09-05 14:25
LAB717051,ENC107149,PT12671,PLT,Platelet Count,270,K/uL,150,400,N,Routine,2024-09-05 12:44,2024-09-05 13:14,2024-09-05 15:54
LAB717052,ENC107152,PT11087,GLU,Glucose,106,mg/dL,70,99,H,Routine,2024-09-05 14:25,2024-09-05 14:57,2024-09-05 18:16
LAB717053,ENC107152,PT11087,CREAT,Creatinine,0.86,mg/dL,0.6,1.3,N,Routine,2024-09-05 13:38,2024-09-05 14:10,2024-09-05 16:37
LAB717054,ENC107153,PT10592,LDL,LDL Cholesterol,136,mg/dL,0,99,H,Routine,2024-09-05 14:14,2024-09-05 14:34,2024-09-06 00:12
LAB717055,ENC107153,PT10592,A1C,Hemoglobin A1c,7.3,%,4,5.6,H,Routine,2024-09-05 14:01,2024-09-05 14:35,2024-09-06 01:57
LAB717056,ENC107155,PT11605,WBC,White Blood Cell Count,7.8,K/uL,4.5,11,N,Routine,2024-09-05 15:20,2024-09-05 15:36,2024-09-05 20:33
LAB717057,ENC107155,PT11605,HGB,Hemoglobin,14.4,g/dL,12,17.5,N,Routine,2024-09-05 15:22,2024-09-05 15:53,2024-09-05 17:16
LAB717058,ENC107155,PT11605,PLT,Platelet Count,332,K/uL,150,400,N,Routine,2024-09-05 15:11,2024-09-05 15:40,2024-09-05 18:32
LAB717059,ENC107156,PT13476,A1C,Hemoglobin A1c,11.7,%,4,5.6,H,Routine,2024-09-05 15:28,2024-09-05 16:00,2024-09-06 06:05
LAB717060,ENC107156,PT13476,GLU,Glucose,339,mg/dL,70,99,H,Routine,2024-09-05 15:42,2024-09-05 16:02,2024-09-05 16:56
LAB717061,ENC107156,PT13476,CREAT,Creatinine,0.89,mg/dL,0.6,1.3,N,Routine,2024-09-05 15:31,2024-09-05 15:58,2024-09-05 18:01
LAB717062,ENC107157,PT11580,WBC,White Blood Cell Count,6.1,K/uL,4.5,11,N,Routine,2024-09-05 16:40,2024-09-05 17:00,2024-09-05 22:13
LAB717063,ENC107157,PT11580,HGB,Hemoglobin,14,g/dL,12,17.5,N,Routine,2024-09-05 16:38,2024-09-05 16:47,2024-09-05 19:06
LAB717064,ENC107157,PT11580,PLT,Platelet Count,316,K/uL,150,400,N,Routine,2024-09-05 16:59,2024-09-05 17:06,2024-09-05 21:48
LAB717065,ENC107159,PT12562,GLU,Glucose,105,mg/dL,70,99,H,STAT,2024-09-05 22:15,2024-09-05 22:40,2024-09-05 23:24
LAB717066,ENC107159,PT12562,CREAT,Creatinine,1.04,mg/dL,0.6,1.3,N,STAT,2024-09-05 22:52,2024-09-05 23:15,2024-09-06 00:07
LAB717067,ENC107159,PT12562,WBC,White Blood Cell Count,9.4,K/uL,4.5,11,N,STAT,2024-09-05 22:48,2024-09-05 23:06,2024-09-05 23:51
LAB717068,ENC107159,PT12562,HGB,Hemoglobin,12,g/dL,12,17.5,N,Routine,2024-09-05 22:31,2024-09-05 22:52,2024-09-06 03:29
LAB717069,ENC107159,PT12562,NA,Sodium,144,mmol/L,136,145,N,STAT,2024-09-05 22:50,2024-09-05 23:14,2024-09-05 23:56
LAB717070,ENC107159,PT12562,K,Potassium,6.7,mmol/L,3.5,5.1,HH,STAT,2024-09-05 22:17,2024-09-05 22:39,2024-09-06 00:13
LAB717071,ENC107161,PT12963,GLU,Glucose,105,mg/dL,70,99,H,STAT,2024-09-05 21:15,2024-09-05 21:31,2024-09-05 22:04
LAB717072,ENC107161,PT12963,CREAT,Creatinine,0.9,mg/dL,0.6,1.3,N,STAT,2024-09-05 21:17,2024-09-05 21:50,2024-09-05 22:32
LAB717073,ENC107161,PT12963,WBC,White Blood Cell Count,8.8,K/uL,4.5,11,N,STAT,2024-09-05 21:01,2024-09-05 21:23,2024-09-05 23:41
LAB717074,ENC107161,PT12963,HGB,Hemoglobin,13,g/dL,12,17.5,N,STAT,2024-09-05 20:48,2024-09-05 21:02,2024-09-05 22:00
LAB717075,ENC107161,PT12963,BUN,Blood Urea Nitrogen,12,mg/dL,7,20,N,Routine,2024-09-05 21:01,2024-09-05 21:31,2024-09-05 23:52
LAB717076,ENC107161,PT12963,PLT,Platelet Count,243,K/uL,150,400,N,Routine,2024-09-05 21:14,2024-09-05 21:47,2024-09-06 01:10
LAB717077,ENC107161,PT12963,TROP,"Troponin I, High Sensitivity",5,ng/L,0,34,N,STAT,2024-09-05 21:08,2024-09-05 21:13,2024-09-05 21:39
LAB717078,ENC107162,PT13955,GLU,Glucose,129,mg/dL,70,99,H,Routine,2024-09-06 00:03,2024-09-06 00:14,2024-09-06 02:37
LAB717079,ENC107162,PT13955,CREAT,Creatinine,0.92,mg/dL,0.6,1.3,N,STAT,2024-09-06 00:11,2024-09-06 00:31,2024-09-06 01:02
LAB717080,ENC107162,PT13955,WBC,White Blood Cell Count,10,K/uL,4.5,11,N,Routine,2024-09-05 23:14,2024-09-05 23:48,2024-09-06 01:40
LAB717081,ENC107162,PT13955,HGB,Hemoglobin,13,g/dL,12,17.5,N,STAT,2024-09-05 23:14,2024-09-05 23:37,2024-09-06 00:20
LAB717082,ENC107162,PT13955,TROP,"Troponin I, High Sensitivity",54,ng/L,0,34,H,STAT,2024-09-05 23:19,2024-09-05 23:46,2024-09-06 00:50
LAB717083,ENC107162,PT13955,BNP,B-Type Natriuretic Peptide,1171,pg/mL,0,100,H,STAT,2024-09-06 00:10,2024-09-06 00:24,2024-09-06 02:22
LAB717084,ENC107163,PT12473,GLU,Glucose,106,mg/dL,70,99,H,Routine,2024-09-05 23:43,2024-09-06 00:13,2024-09-06 02:06
LAB717085,ENC107163,PT12473,CREAT,Creatinine,0.88,mg/dL,0.6,1.3,N,STAT,2024-09-06 00:13,2024-09-06 00:23,2024-09-06 01:26
LAB717086,ENC107163,PT12473,WBC,White Blood Cell Count,6.9,K/uL,4.5,11,N,STAT,2024-09-06 00:03,2024-09-06 00:16,2024-09-06 01:08
LAB717087,ENC107163,PT12473,HGB,Hemoglobin,15.3,g/dL,12,17.5,N,Routine,2024-09-05 23:37,2024-09-06 00:08,2024-09-06 03:06
LAB717088,ENC107164,PT12253,GLU,Glucose,97,mg/dL,70,99,N,Routine,2024-09-06 01:11,2024-09-06 01:40,2024-09-06 03:44
LAB717089,ENC107164,PT12253,CREAT,Creatinine,0.94,mg/dL,0.6,1.3,N,STAT,2024-09-06 01:15,2024-09-06 01:30,2024-09-06 02:24
LAB717090,ENC107166,PT13309,GLU,Glucose,90,mg/dL,70,99,N,STAT,2024-09-06 06:04,2024-09-06 06:12,2024-09-06 07:15
LAB717091,ENC107166,PT13309,CREAT,Creatinine,0.89,mg/dL,0.6,1.3,N,STAT,2024-09-06 06:10,2024-09-06 06:38,2024-09-06 07:37
LAB717092,ENC107166,PT13309,WBC,White Blood Cell Count,7.4,K/uL,4.5,11,N,Routine,2024-09-06 05:54,2024-09-06 06:20,2024-09-06 09:11
LAB717093,ENC107166,PT13309,HGB,Hemoglobin,13.2,g/dL,12,17.5,N,STAT,2024-09-06 05:25,2024-09-06 05:51,2024-09-06 06:39
LAB717094,ENC107167,PT12676,GLU,Glucose,131,mg/dL,70,99,H,Routine,2024-09-06 03:52,2024-09-06 04:17,2024-09-06 05:51
LAB717095,ENC107167,PT12676,CREAT,Creatinine,0.9,mg/dL,0.6,1.3,N,STAT,2024-09-06 04:20,2024-09-06 04:43,2024-09-06 05:31
LAB717096,ENC107167,PT12676,WBC,White Blood Cell Count,9,K/uL,4.5,11,N,STAT,2024-09-06 04:14,2024-09-06 04:33,2024-09-06 05:38
LAB717097,ENC107167,PT12676,HGB,Hemoglobin,13.2,g/dL,12,17.5,N,STAT,2024-09-06 04:32,2024-09-06 04:48,2024-09-06 05:49
LAB717098,ENC107167,PT12676,TROP,"Troponin I, High Sensitivity",43,ng/L,0,34,H,STAT,2024-09-06 04:10,2024-09-06 04:22,2024-09-06 05:38
LAB717099,ENC107167,PT12676,BNP,B-Type Natriuretic Peptide,261,pg/mL,0,100,H,STAT,2024-09-06 04:17,2024-09-06 04:27,2024-09-06 05:16
LAB717100,ENC107168,PT11666,GLU,Glucose,100,mg/dL,70,99,H,Routine,2024-09-06 06:38,2024-09-06 06:52,2024-09-06 10:08
LAB717101,ENC107168,PT11666,CREAT,Creatinine,0.9,mg/dL,0.6,1.3,N,Routine,2024-09-06 06:37,2024-09-06 07:10,2024-09-06 09:12
LAB717102,ENC107168,PT11666,WBC,White Blood Cell Count,10,K/uL,4.5,11,N,Routine,2024-09-06 06:56,2024-09-06 07:30,2024-09-06 17:24
LAB717103,ENC107168,PT11666,HGB,Hemoglobin,14.6,g/dL,12,17.5,N,Routine,2024-09-06 07:02,2024-09-06 07:23,2024-09-06 13:19
LAB717104,ENC107168,PT11666,NA,Sodium,139,mmol/L,136,145,N,Routine,2024-09-06 06:45,2024-09-06 07:09,2024-09-06 12:02
LAB717105,ENC107168,PT11666,K,Potassium,4.5,mmol/L,3.5,5.1,N,STAT,2024-09-06 07:27,2024-09-06 07:58,2024-09-06 08:50
LAB717106,ENC107170,PT11696,GLU,Glucose,268,mg/dL,70,99,H,STAT,2024-09-06 09:27,2024-09-06 09:44,2024-09-06 10:53
LAB717107,ENC107170,PT11696,CREAT,Creatinine,1.16,mg/dL,0.6,1.3,N,STAT,2024-09-06 08:34,2024-09-06 08:39,2024-09-06 10:41
LAB717108,ENC107173,PT13231,LDL,LDL Cholesterol,68,mg/dL,0,99,N,Routine,2024-09-06 09:26,2024-09-06 09:57,2024-09-07 07:00
LAB717109,ENC107173,PT13231,A1C,Hemoglobin A1c,8.9,%,4,5.6,H,Routine,2024-09-06 09:32,2024-09-06 10:00,2024-09-06 14:41
LAB717110,ENC107174,PT11749,GLU,Glucose,167,mg/dL,70,99,H,Routine,2024-09-06 13:24,2024-09-06 13:48,2024-09-06 16:43
LAB717111,ENC107174,PT11749,CREAT,Creatinine,1.98,mg/dL,0.6,1.3,H,Routine,2024-09-06 13:31,2024-09-06 13:42,2024-09-06 14:52
LAB717112,ENC107174,PT11749,WBC,White Blood Cell Count,13.4,K/uL,4.5,11,H,Routine,2024-09-06 13:37,2024-09-06 13:56,2024-09-06 17:05
LAB717113,ENC107174,PT11749,HGB,Hemoglobin,11,g/dL,12,17.5,L,Routine,2024-09-06 13:33,2024-09-06 14:05,2024-09-06 16:12
LAB717114,ENC107174,PT11749,BUN,Blood Urea Nitrogen,15,mg/dL,7,20,N,STAT,2024-09-06 13:05,2024-09-06 13:37,2024-09-06 14:38
LAB717115,ENC107174,PT11749,PLT,Platelet Count,259,K/uL,150,400,N,STAT,2024-09-06 13:08,2024-09-06 13:32,2024-09-06 13:58
LAB717116,ENC107174,PT11749,LACT,Lactate,3.7,mmol/L,0.5,2,H,STAT,2024-09-06 13:20,2024-09-06 13:49,2024-09-06 14:36
LAB717117,ENC107176,PT13258,GLU,Glucose,173,mg/dL,70,99,H,STAT,2024-09-06 14:06,2024-09-06 14:18,2024-09-06 15:07
LAB717118,ENC107176,PT13258,CREAT,Creatinine,0.61,mg/dL,0.6,1.3,N,STAT,2024-09-06 13:41,2024-09-06 14:07,2024-09-06 15:19
LAB717119,ENC107176,PT13258,WBC,White Blood Cell Count,8.2,K/uL,4.5,11,N,Routine,2024-09-06 13:20,2024-09-06 13:49,2024-09-06 20:25
LAB717120,ENC107176,PT13258,HGB,Hemoglobin,14.3,g/dL,12,17.5,N,Routine,2024-09-06 14:08,2024-09-06 14:26,2024-09-06 15:59
LAB717121,ENC107176,PT13258,NA,Sodium,138,mmol/L,136,145,N,STAT,2024-09-06 14:12,2024-09-06 14:34,2024-09-06 15:13
LAB717122,ENC107176,PT13258,K,Potassium,3.2,mmol/L,3.5,5.1,L,STAT,2024-09-06 14:12,2024-09-06 14:34,2024-09-06 14:53
LAB717123,ENC107176,PT13258,A1C,Hemoglobin A1c,9.7,%,4,5.6,H,Routine,2024-09-06 13:32,2024-09-06 14:04,2024-09-07 04:30
LAB717124,ENC107179,PT11964,GLU,Glucose,204,mg/dL,70,99,H,Routine,2024-09-06 15:22,2024-09-06 15:26,2024-09-06 19:00
LAB717125,ENC107179,PT11964,CREAT,Creatinine,1.2,mg/dL,0.6,1.3,N,Routine,2024-09-06 15:46,2024-09-06 16:14,2024-09-06 19:18
LAB717126,ENC107179,PT11964,WBC,White Blood Cell Count,11.2,K/uL,4.5,11,H,STAT,2024-09-06 15:55,2024-09-06 16:15,2024-09-06 17:27
LAB717127,ENC107179,PT11964,HGB,Hemoglobin,13.3,g/dL,12,17.5,N,Routine,2024-09-06 15:56,2024-09-06 16:24,2024-09-06 21:50
LAB717128,ENC107179,PT11964,LACT,Lactate,2.2,mmol/L,0.5,2,H,STAT,2024-09-06 15:21,2024-09-06 15:54,2024-09-06 16:55
LAB717129,ENC107180,PT11783,GLU,Glucose,95,mg/dL,70,99,N,STAT,2024-09-06 17:04,2024-09-06 17:36,2024-09-06 18:05
LAB717130,ENC107180,PT11783,CREAT,Creatinine,0.84,mg/dL,0.6,1.3,N,Routine,2024-09-06 17:32,2024-09-06 17:45,2024-09-06 22:46
LAB717131,ENC107180,PT11783,WBC,White Blood Cell Count,7.9,K/uL,4.5,11,N,STAT,2024-09-06 17:25,2024-09-06 17:56,2024-09-06 19:10
LAB717132,ENC107180,PT11783,HGB,Hemoglobin,14.2,g/dL,12,17.5,N,Routine,2024-09-06 17:35,2024-09-06 17:46,2024-09-06 21:48
LAB717133,ENC107180,PT11783,INR,Prothrombin Time INR,1,ratio,0.8,1.2,N,Routine,2024-09-06 17:19,2024-09-06 17:23,2024-09-06 20:21
LAB717134,ENC107182,PT13855,INR,Prothrombin Time INR,2.7,ratio,0.8,1.2,H,Routine,2024-09-06 15:24,2024-09-06 15:31,2024-09-06 19:57
LAB717135,ENC107186,PT13871,GLU,Glucose,103,mg/dL,70,99,H,Routine,2024-09-06 23:14,2024-09-06 23:43,2024-09-07 02:08
LAB717136,ENC107186,PT13871,CREAT,Creatinine,0.97,mg/dL,0.6,1.3,N,Routine,2024-09-06 22:40,2024-09-06 23:07,2024-09-07 01:22
LAB717137,ENC107186,PT13871,WBC,White Blood Cell Count,7.2,K/uL,4.5,11,N,Routine,2024-09-06 22:34,2024-09-06 23:09,2024-09-07 00:55
LAB717138,ENC107186,PT13871,HGB,Hemoglobin,15.3,g/dL,12,17.5,N,Routine,2024-09-06 23:39,2024-09-07 00:14,2024-09-07 02:21
LAB717139,ENC107186,PT13871,BUN,Blood Urea Nitrogen,11,mg/dL,7,20,N,STAT,2024-09-06 22:47,2024-09-06 23:05,2024-09-06 23:39
LAB717140,ENC107186,PT13871,PLT,Platelet Count,300,K/uL,150,400,N,Routine,2024-09-06 22:35,2024-09-06 22:43,2024-09-07 02:03
LAB717141,ENC107187,PT13836,GLU,Glucose,89,mg/dL,70,99,N,STAT,2024-09-06 21:19,2024-09-06 21:32,2024-09-06 22:16
LAB717142,ENC107187,PT13836,CREAT,Creatinine,0.89,mg/dL,0.6,1.3,N,STAT,2024-09-06 21:46,2024-09-06 22:18,2024-09-06 23:01
LAB717143,ENC107187,PT13836,WBC,White Blood Cell Count,8,K/uL,4.5,11,N,STAT,2024-09-06 22:14,2024-09-06 22:30,2024-09-06 23:04
LAB717144,ENC107188,PT11096,GLU,Glucose,124,mg/dL,70,99,H,STAT,2024-09-07 03:04,2024-09-07 03:09,2024-09-07 03:47
LAB717145,ENC107188,PT11096,CREAT,Creatinine,1.66,mg/dL,0.6,1.3,H,STAT,2024-09-07 02:55,2024-09-07 03:15,2024-09-07 03:40
LAB717146,ENC107188,PT11096,WBC,White Blood Cell Count,19.5,K/uL,4.5,11,H,Routine,2024-09-07 03:46,2024-09-07 04:05,2024-09-07 07:10
LAB717147,ENC107188,PT11096,HGB,Hemoglobin,15.3,g/dL,12,17.5,N,Routine,2024-09-07 02:56,2024-09-07 03:15,2024-09-07 05:46
LAB717148,ENC107188,PT11096,LACT,Lactate,2.2,mmol/L,0.5,2,H,STAT,2024-09-07 02:59,2024-09-07 03:13,2024-09-07 03:46
LAB717149,ENC107189,PT11544,GLU,Glucose,81,mg/dL,70,99,N,STAT,2024-09-07 07:22,2024-09-07 07:44,2024-09-07 08:19
LAB717150,ENC107189,PT11544,CREAT,Creatinine,0.38,mg/dL,0.6,1.3,L,STAT,2024-09-07 07:07,2024-09-07 07:16,2024-09-07 07:44
LAB717151,ENC107189,PT11544,WBC,White Blood Cell Count,6.8,K/uL,4.5,11,N,Routine,2024-09-07 08:01,2024-09-07 08:20,2024-09-07 12:16
LAB717152,ENC107190,PT13093,GLU,Glucose,225,mg/dL,70,99,H,STAT,2024-09-07 11:42,2024-09-07 12:07,2024-09-07 12:34
LAB717153,ENC107190,PT13093,CREAT,Creatinine,5.03,mg/dL,0.6,1.3,H,STAT,2024-09-07 11:46,2024-09-07 12:14,2024-09-07 13:01
LAB717154,ENC107190,PT13093,WBC,White Blood Cell Count,6,K/uL,4.5,11,N,Routine,2024-09-07 11:37,2024-09-07 12:07,2024-09-07 13:42
LAB717155,ENC107190,PT13093,HGB,Hemoglobin,10.5,g/dL,12,17.5,L,STAT,2024-09-07 11:23,2024-09-07 11:36,2024-09-07 13:10
LAB717156,ENC107190,PT13093,NA,Sodium,143,mmol/L,136,145,N,STAT,2024-09-07 11:16,2024-09-07 11:30,2024-09-07 12:05
LAB717157,ENC107190,PT13093,K,Potassium,5,mmol/L,3.5,5.1,N,STAT,2024-09-07 11:14,2024-09-07 11:34,2024-09-07 12:43
LAB717158,ENC107191,PT11387,GLU,Glucose,105,mg/dL,70,99,H,Routine,2024-09-07 09:13,2024-09-07 09:17,2024-09-07 11:31
LAB717159,ENC107191,PT11387,CREAT,Creatinine,0.82,mg/dL,0.6,1.3,N,STAT,2024-09-07 09:16,2024-09-07 09:40,2024-09-07 10:27
LAB717160,ENC107191,PT11387,WBC,White Blood Cell Count,7.7,K/uL,4.5,11,N,Routine,2024-09-07 09:10,2024-09-07 09:26,2024-09-07 12:15
LAB717161,ENC107192,PT10935,GLU,Glucose,103,mg/dL,70,99,H,STAT,2024-09-07 10:36,2024-09-07 10:42,2024-09-07 11:54
LAB717162,ENC107192,PT10935,CREAT,Creatinine,1.1,mg/dL,0.6,1.3,N,STAT,2024-09-07 11:03,2024-09-07 11:17,2024-09-07 12:26
LAB717163,ENC107192,PT10935,WBC,White Blood Cell Count,7.7,K/uL,4.5,11,N,Routine,2024-09-07 10:50,2024-09-07 11:04,2024-09-07 12:34
LAB717164,ENC107192,PT10935,TROP,"Troponin I, High Sensitivity",7,ng/L,0,34,N,STAT,2024-09-07 10:28,2024-09-07 10:37,2024-09-07 11:01
LAB717165,ENC107193,PT12514,GLU,Glucose,135,mg/dL,70,99,H,Routine,2024-09-07 10:57,2024-09-07 11:06,2024-09-07 15:57
LAB717166,ENC107193,PT12514,CREAT,Creatinine,0.43,mg/dL,0.6,1.3,L,STAT,2024-09-07 11:37,2024-09-07 12:01,2024-09-07 12:40
LAB717167,ENC107194,PT11798,GLU,Glucose,132,mg/dL,70,99,H,STAT,2024-09-07 11:33,2024-09-07 11:53,2024-09-07 12:15
LAB717168,ENC107194,PT11798,CREAT,Creatinine,0.74,mg/dL,0.6,1.3,N,Routine,2024-09-07 11:01,2024-09-07 11:26,2024-09-07 12:59
LAB717169,ENC107195,PT10382,GLU,Glucose,71,mg/dL,70,99,N,Routine,2024-09-07 13:55,2024-09-07 14:14,2024-09-07 18:12
LAB717170,ENC107195,PT10382,CREAT,Creatinine,0.46,mg/dL,0.6,1.3,L,Routine,2024-09-07 13:38,2024-09-07 14:00,2024-09-07 14:57
LAB717171,ENC107196,PT10329,GLU,Glucose,125,mg/dL,70,99,H,Routine,2024-09-07 17:28,2024-09-07 18:03,2024-09-07 19:53
LAB717172,ENC107196,PT10329,CREAT,Creatinine,1.19,mg/dL,0.6,1.3,N,Routine,2024-09-07 17:17,2024-09-07 17:25,2024-09-07 20:54
LAB717173,ENC107196,PT10329,WBC,White Blood Cell Count,9.2,K/uL,4.5,11,N,STAT,2024-09-07 17:46,2024-09-07 18:17,2024-09-07 19:13
LAB717174,ENC107196,PT10329,HGB,Hemoglobin,12.9,g/dL,12,17.5,N,Routine,2024-09-07 17:51,2024-09-07 18:23,2024-09-07 21:34
LAB717175,ENC107196,PT10329,INR,Prothrombin Time INR,0.8,ratio,0.8,1.2,N,STAT,2024-09-07 17:17,2024-09-07 17:36,2024-09-07 18:18
LAB717176,ENC107197,PT13823,GLU,Glucose,103,mg/dL,70,99,H,STAT,2024-09-07 17:41,2024-09-07 18:08,2024-09-07 18:58
LAB717177,ENC107197,PT13823,CREAT,Creatinine,1.05,mg/dL,0.6,1.3,N,STAT,2024-09-07 17:53,2024-09-07 18:00,2024-09-07 18:47
LAB717178,ENC107197,PT13823,WBC,White Blood Cell Count,0.4,K/uL,4.5,11,LL,STAT,2024-09-07 17:30,2024-09-07 17:34,2024-09-07 18:55
LAB717179,ENC107197,PT13823,HGB,Hemoglobin,12,g/dL,12,17.5,N,STAT,2024-09-07 18:07,2024-09-07 18:12,2024-09-07 19:25
LAB717180,ENC107199,PT13055,GLU,Glucose,110,mg/dL,70,99,H,Routine,2024-09-07 19:10,2024-09-07 19:19,2024-09-07 21:19
LAB717181,ENC107199,PT13055,CREAT,Creatinine,1.1,mg/dL,0.6,1.3,N,Routine,2024-09-07 18:13,2024-09-07 18:26,2024-09-07 23:38
LAB717182,ENC107199,PT13055,WBC,White Blood Cell Count,6.6,K/uL,4.5,11,N,STAT,2024-09-07 18:24,2024-09-07 18:45,2024-09-07 19:41
LAB717183,ENC107199,PT13055,HGB,Hemoglobin,13.7,g/dL,12,17.5,N,Routine,2024-09-07 18:52,2024-09-07 19:22,2024-09-07 21:53
LAB717184,ENC107201,PT13767,GLU,Glucose,360,mg/dL,70,99,H,Routine,2024-09-07 22:24,2024-09-07 22:31,2024-09-08 00:26
LAB717185,ENC107201,PT13767,CREAT,Creatinine,2.33,mg/dL,0.6,1.3,H,Routine,2024-09-07 22:27,2024-09-07 22:40,2024-09-08 02:49
LAB717186,ENC107201,PT13767,WBC,White Blood Cell Count,8.2,K/uL,4.5,11,N,Routine,2024-09-07 22:31,2024-09-07 22:59,2024-09-08 00:53
LAB717187,ENC107201,PT13767,HGB,Hemoglobin,9.7,g/dL,12,17.5,L,STAT,2024-09-07 23:03,2024-09-07 23:30,2024-09-08 00:05
LAB717188,ENC107201,PT13767,NA,Sodium,138,mmol/L,136,145,N,STAT,2024-09-07 22:52,2024-09-07 23:05,2024-09-08 00:14
LAB717189,ENC107201,PT13767,K,Potassium,3.9,mmol/L,3.5,5.1,N,STAT,2024-09-07 22:12,2024-09-07 22:17,2024-09-07 23:18
LAB717190,ENC107201,PT13767,A1C,Hemoglobin A1c,11.9,%,4,5.6,H,STAT,2024-09-07 22:29,2024-09-07 22:59,2024-09-07 23:25
LAB717191,ENC107202,PT10797,GLU,Glucose,98,mg/dL,70,99,N,STAT,2024-09-08 02:19,2024-09-08 02:27,2024-09-08 03:56
LAB717192,ENC107202,PT10797,CREAT,Creatinine,2.9,mg/dL,0.6,1.3,H,Routine,2024-09-08 02:39,2024-09-08 03:07,2024-09-08 05:11
LAB717193,ENC107202,PT10797,WBC,White Blood Cell Count,5.4,K/uL,4.5,11,N,STAT,2024-09-08 02:21,2024-09-08 02:49,2024-09-08 03:24
LAB717194,ENC107202,PT10797,HGB,Hemoglobin,17,g/dL,12,17.5,N,STAT,2024-09-08 02:45,2024-09-08 02:51,2024-09-08 03:24
LAB717195,ENC107202,PT10797,NA,Sodium,139,mmol/L,136,145,N,Routine,2024-09-08 02:10,2024-09-08 02:19,2024-09-08 04:15
LAB717196,ENC107202,PT10797,K,Potassium,6.6,mmol/L,3.5,5.1,HH,STAT,2024-09-08 01:37,2024-09-08 02:01,2024-09-08 02:22
LAB717197,ENC107203,PT12294,GLU,Glucose,97,mg/dL,70,99,N,Routine,2024-09-07 22:54,2024-09-07 23:20,2024-09-08 01:41
LAB717198,ENC107203,PT12294,CREAT,Creatinine,1.18,mg/dL,0.6,1.3,N,STAT,2024-09-07 21:47,2024-09-07 22:12,2024-09-07 23:33
LAB717199,ENC107203,PT12294,WBC,White Blood Cell Count,4.8,K/uL,4.5,11,N,Routine,2024-09-07 22:02,2024-09-07 22:31,2024-09-08 00:57
LAB717200,ENC107203,PT12294,HGB,Hemoglobin,15.9,g/dL,12,17.5,N,Routine,2024-09-07 22:41,2024-09-07 22:50,2024-09-08 09:35
LAB717201,ENC107204,PT11196,GLU,Glucose,132,mg/dL,70,99,H,Routine,2024-09-08 12:05,2024-09-08 12:22,2024-09-08 13:43
LAB717202,ENC107204,PT11196,CREAT,Creatinine,0.92,mg/dL,0.6,1.3,N,STAT,2024-09-08 12:03,2024-09-08 12:36,2024-09-08 13:08
LAB717203,ENC107205,PT10089,GLU,Glucose,140,mg/dL,70,99,H,STAT,2024-09-08 12:46,2024-09-08 13:00,2024-09-08 14:21
LAB717204,ENC107205,PT10089,CREAT,Creatinine,0.8,mg/dL,0.6,1.3,N,Routine,2024-09-08 13:10,2024-09-08 13:26,2024-09-08 16:12
LAB717205,ENC107205,PT10089,WBC,White Blood Cell Count,8.1,K/uL,4.5,11,N,Routine,2024-09-08 12:48,2024-09-08 13:23,2024-09-08 15:13
LAB717206,ENC107205,PT10089,HGB,Hemoglobin,9.1,g/dL,12,17.5,L,Routine,2024-09-08 13:05,2024-09-08 13:32,2024-09-08 16:14
LAB717207,ENC107205,PT10089,NA,Sodium,144,mmol/L,136,145,N,STAT,2024-09-08 12:48,2024-09-08 12:52,2024-09-08 13:33
LAB717208,ENC107205,PT10089,K,Potassium,4.2,mmol/L,3.5,5.1,N,STAT,2024-09-08 12:56,2024-09-08 13:09,2024-09-08 14:16
LAB717209,ENC107206,PT13806,GLU,Glucose,132,mg/dL,70,99,H,STAT,2024-09-08 17:46,2024-09-08 17:54,2024-09-08 19:27
LAB717210,ENC107206,PT13806,CREAT,Creatinine,0.83,mg/dL,0.6,1.3,N,STAT,2024-09-08 16:52,2024-09-08 17:13,2024-09-08 18:54
LAB717211,ENC107206,PT13806,WBC,White Blood Cell Count,7.6,K/uL,4.5,11,N,Routine,2024-09-08 17:43,2024-09-08 18:11,2024-09-08 20:16
LAB717212,ENC107206,PT13806,HGB,Hemoglobin,15.5,g/dL,12,17.5,N,Routine,2024-09-08 17:39,2024-09-08 17:43,2024-09-08 21:14
LAB717213,ENC107206,PT13806,NA,Sodium,137,mmol/L,136,145,N,STAT,2024-09-08 17:42,2024-09-08 17:49,2024-09-08 19:03
LAB717214,ENC107206,PT13806,K,Potassium,3.7,mmol/L,3.5,5.1,N,STAT,2024-09-08 17:26,2024-09-08 17:38,2024-09-08 18:08
LAB717215,ENC107206,PT13806,TROP,"Troponin I, High Sensitivity",5,ng/L,0,34,N,STAT,2024-09-08 17:48,2024-09-08 18:14,2024-09-08 19:20
LAB717216,ENC107206,PT13806,BNP,B-Type Natriuretic Peptide,1759,pg/mL,0,100,H,Routine,2024-09-08 17:03,2024-09-08 17:16,2024-09-08 21:31
LAB717217,ENC107207,PT12511,GLU,Glucose,92,mg/dL,70,99,N,Routine,2024-09-08 18:08,2024-09-08 18:43,2024-09-08 20:30
LAB717218,ENC107207,PT12511,CREAT,Creatinine,0.97,mg/dL,0.6,1.3,N,STAT,2024-09-08 18:47,2024-09-08 19:14,2024-09-08 20:15
LAB717219,ENC107207,PT12511,WBC,White Blood Cell Count,8.9,K/uL,4.5,11,N,STAT,2024-09-08 18:23,2024-09-08 18:45,2024-09-08 19:49
LAB717220,ENC107207,PT12511,HGB,Hemoglobin,17.4,g/dL,12,17.5,N,STAT,2024-09-08 18:21,2024-09-08 18:31,2024-09-08 19:15
LAB717221,ENC107208,PT13501,GLU,Glucose,120,mg/dL,70,99,H,Routine,2024-09-08 14:23,2024-09-08 14:28,2024-09-08 17:05
LAB717222,ENC107208,PT13501,CREAT,Creatinine,0.33,mg/dL,0.6,1.3,L,STAT,2024-09-08 14:56,2024-09-08 15:28,2024-09-08 16:25
LAB717223,ENC107208,PT13501,WBC,White Blood Cell Count,9.7,K/uL,4.5,11,N,Routine,2024-09-08 14:39,2024-09-08 14:52,2024-09-08 17:21
LAB717224,ENC107208,PT13501,HGB,Hemoglobin,15.4,g/dL,12,17.5,N,STAT,2024-09-08 13:48,2024-09-08 14:14,2024-09-08 15:11
LAB717225,ENC107209,PT13149,GLU,Glucose,282,mg/dL,70,99,H,STAT,2024-09-08 14:42,2024-09-08 14:49,2024-09-08 15:41
LAB717226,ENC107209,PT13149,CREAT,Creatinine,0.85,mg/dL,0.6,1.3,N,STAT,2024-09-08 14:17,2024-09-08 14:52,2024-09-08 15:28
LAB717227,ENC107209,PT13149,WBC,White Blood Cell Count,7,K/uL,4.5,11,N,Routine,2024-09-08 13:55,2024-09-08 14:19,2024-09-08 18:01
LAB717228,ENC107209,PT13149,HGB,Hemoglobin,13.4,g/dL,12,17.5,N,STAT,2024-09-08 13:50,2024-09-08 14:05,2024-09-08 15:00
LAB717229,ENC107209,PT13149,NA,Sodium,140,mmol/L,136,145,N,STAT,2024-09-08 13:55,2024-09-08 14:01,2024-09-08 14:40
LAB717230,ENC107209,PT13149,K,Potassium,4.4,mmol/L,3.5,5.1,N,STAT,2024-09-08 14:10,2024-09-08 14:21,2024-09-08 15:15
LAB717231,ENC107210,PT11873,GLU,Glucose,94,mg/dL,70,99,N,Routine,2024-09-08 18:43,2024-09-08 19:15,2024-09-08 20:33
LAB717232,ENC107210,PT11873,CREAT,Creatinine,0.67,mg/dL,0.6,1.3,N,Routine,2024-09-08 17:47,2024-09-08 17:51,2024-09-08 18:56
LAB717233,ENC107210,PT11873,WBC,White Blood Cell Count,18.9,K/uL,4.5,11,H,Routine,2024-09-08 18:12,2024-09-08 18:16,2024-09-08 20:19
LAB717234,ENC107210,PT11873,HGB,Hemoglobin,14.7,g/dL,12,17.5,N,Routine,2024-09-08 18:40,2024-09-08 19:14,2024-09-09 00:46
LAB717235,ENC107211,PT11957,GLU,Glucose,87,mg/dL,70,99,N,STAT,2024-09-08 16:02,2024-09-08 16:23,2024-09-08 17:05
LAB717236,ENC107211,PT11957,CREAT,Creatinine,2.47,mg/dL,0.6,1.3,H,STAT,2024-09-08 17:06,2024-09-08 17:35,2024-09-08 18:30
LAB717237,ENC107211,PT11957,WBC,White Blood Cell Count,7.7,K/uL,4.5,11,N,Routine,2024-09-08 16:08,2024-09-08 16:43,2024-09-08 21:25
LAB717238,ENC107211,PT11957,HGB,Hemoglobin,11.2,g/dL,12,17.5,L,Routine,2024-09-08 16:47,2024-09-08 16:56,2024-09-08 20:54
LAB717239,ENC107211,PT11957,NA,Sodium,143,mmol/L,136,145,N,STAT,2024-09-08 16:35,2024-09-08 16:43,2024-09-08 17:53
LAB717240,ENC107211,PT11957,K,Potassium,4.9,mmol/L,3.5,5.1,N,STAT,2024-09-08 16:59,2024-09-08 17:05,2024-09-08 17:47
LAB717241,ENC107212,PT12492,GLU,Glucose,73,mg/dL,70,99,N,STAT,2024-09-08 17:56,2024-09-08 18:28,2024-09-08 19:12
LAB717242,ENC107212,PT12492,CREAT,Creatinine,1.08,mg/dL,0.6,1.3,N,STAT,2024-09-08 17:33,2024-09-08 17:52,2024-09-08 18:42
LAB717243,ENC107212,PT12492,WBC,White Blood Cell Count,8.6,K/uL,4.5,11,N,Routine,2024-09-08 17:53,2024-09-08 18:11,2024-09-08 19:04
LAB717244,ENC107212,PT12492,HGB,Hemoglobin,15.4,g/dL,12,17.5,N,STAT,2024-09-08 17:27,2024-09-08 17:36,2024-09-08 18:31
LAB717245,ENC107212,PT12492,NA,Sodium,138,mmol/L,136,145,N,STAT,2024-09-08 18:12,2024-09-08 18:33,2024-09-08 19:32
LAB717246,ENC107212,PT12492,K,Potassium,5.7,mmol/L,3.5,5.1,H,STAT,2024-09-08 18:22,2024-09-08 18:44,2024-09-08 19:17
LAB717247,ENC107213,PT10141,GLU,Glucose,88,mg/dL,70,99,N,Routine,2024-09-08 18:11,2024-09-08 18:25,2024-09-08 21:03
LAB717248,ENC107213,PT10141,CREAT,Creatinine,0.61,mg/dL,0.6,1.3,N,STAT,2024-09-08 18:34,2024-09-08 18:49,2024-09-08 19:53
LAB717249,ENC107213,PT10141,WBC,White Blood Cell Count,6.2,K/uL,4.5,11,N,Routine,2024-09-08 18:22,2024-09-08 18:36,2024-09-08 20:09
LAB717250,ENC107213,PT10141,HGB,Hemoglobin,13.2,g/dL,12,17.5,N,Routine,2024-09-08 19:06,2024-09-08 19:28,2024-09-09 04:14
LAB717251,ENC107213,PT10141,NA,Sodium,140,mmol/L,136,145,N,Routine,2024-09-08 18:29,2024-09-08 18:59,2024-09-08 22:30
LAB717252,ENC107213,PT10141,K,Potassium,4.2,mmol/L,3.5,5.1,N,STAT,2024-09-08 18:31,2024-09-08 18:41,2024-09-08 19:01
LAB717253,ENC107213,PT10141,BUN,Blood Urea Nitrogen,21,mg/dL,7,20,H,STAT,2024-09-08 18:46,2024-09-08 18:58,2024-09-08 19:33
LAB717254,ENC107213,PT10141,PLT,Platelet Count,271,K/uL,150,400,N,STAT,2024-09-08 18:09,2024-09-08 18:31,2024-09-08 19:13
LAB717255,ENC107213,PT10141,INR,Prothrombin Time INR,1.1,ratio,0.8,1.2,N,Routine,2024-09-08 18:36,2024-09-08 18:58,2024-09-08 23:39
LAB717256,ENC107214,PT12859,GLU,Glucose,91,mg/dL,70,99,N,Routine,2024-09-09 00:14,2024-09-09 00:24,2024-09-09 03:20
LAB717257,ENC107214,PT12859,CREAT,Creatinine,0.45,mg/dL,0.6,1.3,L,STAT,2024-09-09 00:20,2024-09-09 00:25,2024-09-09 01:16
LAB717258,ENC107214,PT12859,WBC,White Blood Cell Count,8.6,K/uL,4.5,11,N,STAT,2024-09-08 23:35,2024-09-08 23:43,2024-09-09 00:36
LAB717259,ENC107214,PT12859,HGB,Hemoglobin,14.4,g/dL,12,17.5,N,STAT,2024-09-08 23:31,2024-09-08 23:55,2024-09-09 00:28
LAB717260,ENC107215,PT12995,GLU,Glucose,93,mg/dL,70,99,N,STAT,2024-09-09 03:18,2024-09-09 03:52,2024-09-09 04:45
LAB717261,ENC107215,PT12995,CREAT,Creatinine,0.69,mg/dL,0.6,1.3,N,STAT,2024-09-09 02:57,2024-09-09 03:23,2024-09-09 04:42
LAB717262,ENC107215,PT12995,WBC,White Blood Cell Count,7.4,K/uL,4.5,11,N,STAT,2024-09-09 03:13,2024-09-09 03:27,2024-09-09 04:32
LAB717263,ENC107215,PT12995,HGB,Hemoglobin,14.7,g/dL,12,17.5,N,Routine,2024-09-09 04:05,2024-09-09 04:27,2024-09-09 05:56
LAB717264,ENC107217,PT10198,GLU,Glucose,96,mg/dL,70,99,N,STAT,2024-09-09 07:56,2024-09-09 08:15,2024-09-09 10:56
LAB717265,ENC107217,PT10198,CREAT,Creatinine,0.77,mg/dL,0.6,1.3,N,STAT,2024-09-09 08:13,2024-09-09 08:36,2024-09-09 09:17
LAB717266,ENC107217,PT10198,WBC,White Blood Cell Count,7.9,K/uL,4.5,11,N,STAT,2024-09-09 07:35,2024-09-09 07:42,2024-09-09 08:18
LAB717267,ENC107217,PT10198,HGB,Hemoglobin,12.8,g/dL,12,17.5,N,STAT,2024-09-09 07:36,2024-09-09 07:40,2024-09-09 08:17
LAB717268,ENC107217,PT10198,NA,Sodium,137,mmol/L,136,145,N,STAT,2024-09-09 07:41,2024-09-09 07:47,2024-09-09 08:15
LAB717269,ENC107217,PT10198,K,Potassium,4.2,mmol/L,3.5,5.1,N,STAT,2024-09-09 08:30,2024-09-09 08:37,2024-09-09 09:43
LAB717270,ENC107217,PT10198,BUN,Blood Urea Nitrogen,14,mg/dL,7,20,N,STAT,2024-09-09 08:30,2024-09-09 09:01,2024-09-09 09:33
LAB717271,ENC107217,PT10198,PLT,Platelet Count,266,K/uL,150,400,N,STAT,2024-09-09 07:39,2024-09-09 07:50,2024-09-09 08:37
LAB717272,ENC107218,PT10822,A1C,Hemoglobin A1c,8.9,%,4,5.6,H,Routine,2024-09-09 08:20,2024-09-09 08:42,2024-09-10 00:03
LAB717273,ENC107218,PT10822,GLU,Glucose,272,mg/dL,70,99,H,Routine,2024-09-09 08:15,2024-09-09 08:45,2024-09-09 14:37
LAB717274,ENC107218,PT10822,CREAT,Creatinine,0.89,mg/dL,0.6,1.3,N,Routine,2024-09-09 08:13,2024-09-09 08:31,2024-09-09 13:14
LAB717275,ENC107220,PT10821,WBC,White Blood Cell Count,7.6,K/uL,4.5,11,N,Routine,2024-09-09 08:06,2024-09-09 08:13,2024-09-09 09:54
LAB717276,ENC107220,PT10821,HGB,Hemoglobin,13.8,g/dL,12,17.5,N,Routine,2024-09-09 08:13,2024-09-09 08:18,2024-09-09 10:27
LAB717277,ENC107220,PT10821,PLT,Platelet Count,233,K/uL,150,400,N,Routine,2024-09-09 08:16,2024-09-09 08:42,2024-09-09 09:49
LAB717278,ENC107226,PT13196,A1C,Hemoglobin A1c,12.7,%,4,5.6,H,Routine,2024-09-09 10:41,2024-09-09 10:47,2024-09-10 01:51
LAB717279,ENC107227,PT10788,GLU,Glucose,118,mg/dL,70,99,H,Routine,2024-09-09 10:28,2024-09-09 10:47,2024-09-09 18:12
LAB717280,ENC107227,PT10788,CREAT,Creatinine,0.82,mg/dL,0.6,1.3,N,Routine,2024-09-09 11:13,2024-09-09 11:21,2024-09-09 17:00
LAB717281,ENC107227,PT10788,WBC,White Blood Cell Count,14.3,K/uL,4.5,11,H,STAT,2024-09-09 10:35,2024-09-09 10:42,2024-09-09 11:08
LAB717282,ENC107227,PT10788,HGB,Hemoglobin,16,g/dL,12,17.5,N,Routine,2024-09-09 10:34,2024-09-09 10:47,2024-09-09 12:47
LAB717283,ENC107230,PT10534,GLU,Glucose,189,mg/dL,70,99,H,STAT,2024-09-09 12:38,2024-09-09 12:55,2024-09-09 13:55
LAB717284,ENC107230,PT10534,CREAT,Creatinine,1.07,mg/dL,0.6,1.3,N,STAT,2024-09-09 12:33,2024-09-09 12:54,2024-09-09 14:05
LAB717285,ENC107230,PT10534,WBC,White Blood Cell Count,8.9,K/uL,4.5,11,N,STAT,2024-09-09 12:02,2024-09-09 12:31,2024-09-09 13:20
LAB717286,ENC107230,PT10534,HGB,Hemoglobin,9.7,g/dL,12,17.5,L,STAT,2024-09-09 12:50,2024-09-09 13:09,2024-09-09 13:42
LAB717287,ENC107231,PT13924,GLU,Glucose,210,mg/dL,70,99,H,STAT,2024-09-09 16:05,2024-09-09 16:11,2024-09-09 17:49
LAB717288,ENC107231,PT13924,CREAT,Creatinine,1.27,mg/dL,0.6,1.3,N,STAT,2024-09-09 16:22,2024-09-09 16:45,2024-09-09 18:15
LAB717289,ENC107231,PT13924,WBC,White Blood Cell Count,8.8,K/uL,4.5,11,N,STAT,2024-09-09 15:27,2024-09-09 15:47,2024-09-09 16:34
LAB717290,ENC107231,PT13924,HGB,Hemoglobin,15.5,g/dL,12,17.5,N,Routine,2024-09-09 15:43,2024-09-09 16:02,2024-09-10 00:15
LAB717291,ENC107231,PT13924,BUN,Blood Urea Nitrogen,14,mg/dL,7,20,N,Routine,2024-09-09 16:32,2024-09-09 17:03,2024-09-09 21:25
LAB717292,ENC107231,PT13924,PLT,Platelet Count,146,K/uL,150,400,L,Routine,2024-09-09 16:08,2024-09-09 16:20,2024-09-09 20:40
LAB717293,ENC107231,PT13924,LACT,Lactate,1.7,mmol/L,0.5,2,N,STAT,2024-09-09 16:20,2024-09-09 16:27,2024-09-09 17:08
LAB717294,ENC107233,PT11322,GLU,Glucose,106,mg/dL,70,99,H,Routine,2024-09-09 13:24,2024-09-09 13:40,2024-09-09 15:38
LAB717295,ENC107233,PT11322,CREAT,Creatinine,0.68,mg/dL,0.6,1.3,N,STAT,2024-09-09 12:21,2024-09-09 12:46,2024-09-09 15:12
LAB717296,ENC107236,PT12689,LDL,LDL Cholesterol,101,mg/dL,0,99,H,Routine,2024-09-09 13:06,2024-09-09 13:23,2024-09-10 04:12
LAB717297,ENC107239,PT12354,GLU,Glucose,97,mg/dL,70,99,N,STAT,2024-09-09 17:50,2024-09-09 17:59,2024-09-09 18:43
LAB717298,ENC107239,PT12354,CREAT,Creatinine,1.01,mg/dL,0.6,1.3,N,Routine,2024-09-09 17:25,2024-09-09 17:59,2024-09-09 22:50
LAB717299,ENC107239,PT12354,WBC,White Blood Cell Count,13.5,K/uL,4.5,11,H,STAT,2024-09-09 17:48,2024-09-09 18:18,2024-09-09 20:21
LAB717300,ENC107239,PT12354,HGB,Hemoglobin,13.3,g/dL,12,17.5,N,STAT,2024-09-09 17:08,2024-09-09 17:42,2024-09-09 18:48
LAB717301,ENC107239,PT12354,NA,Sodium,145,mmol/L,136,145,N,STAT,2024-09-09 16:58,2024-09-09 17:02,2024-09-09 17:57
LAB717302,ENC107239,PT12354,K,Potassium,4.5,mmol/L,3.5,5.1,N,STAT,2024-09-09 17:22,2024-09-09 17:55,2024-09-09 19:05
LAB717303,ENC107240,PT13993,A1C,Hemoglobin A1c,10.1,%,4,5.6,H,Routine,2024-09-09 14:09,2024-09-09 14:23,2024-09-10 08:26
LAB717304,ENC107240,PT13993,GLU,Glucose,439,mg/dL,70,99,H,Routine,2024-09-09 14:09,2024-09-09 14:43,2024-09-09 18:09
LAB717305,ENC107240,PT13993,CREAT,Creatinine,1,mg/dL,0.6,1.3,N,Routine,2024-09-09 13:59,2024-09-09 14:21,2024-09-09 19:33
LAB717306,ENC107241,PT12523,A1C,Hemoglobin A1c,6.3,%,4,5.6,H,Routine,2024-09-09 14:50,2024-09-09 15:19,2024-09-10 13:53
LAB717307,ENC107241,PT12523,GLU,Glucose,143,mg/dL,70,99,H,Routine,2024-09-09 15:15,2024-09-09 15:23,2024-09-09 17:43
LAB717308,ENC107241,PT12523,CREAT,Creatinine,0.81,mg/dL,0.6,1.3,N,Routine,2024-09-09 15:07,2024-09-09 15:11,2024-09-09 19:16
LAB717309,ENC107243,PT12768,A1C,Hemoglobin A1c,9.4,%,4,5.6,H,Routine,2024-09-09 16:30,2024-09-09 16:42,2024-09-10 06:05
LAB717310,ENC107244,PT10068,LDL,LDL Cholesterol,113,mg/dL,0,99,H,Routine,2024-09-09 17:00,2024-09-09 17:32,2024-09-10 15:05
LAB717311,ENC107244,PT10068,A1C,Hemoglobin A1c,5.4,%,4,5.6,N,Routine,2024-09-09 16:49,2024-09-09 17:08,2024-09-10 03:17
LAB717312,ENC107246,PT10196,GLU,Glucose,109,mg/dL,70,99,H,STAT,2024-09-09 17:21,2024-09-09 17:38,2024-09-09 18:50
LAB717313,ENC107246,PT10196,CREAT,Creatinine,1.02,mg/dL,0.6,1.3,N,STAT,2024-09-09 17:09,2024-09-09 17:14,2024-09-09 17:52
LAB717314,ENC107246,PT10196,WBC,White Blood Cell Count,6.7,K/uL,4.5,11,N,STAT,2024-09-09 17:58,2024-09-09 18:14,2024-09-09 19:17
LAB717315,ENC107246,PT10196,HGB,Hemoglobin,9.7,g/dL,12,17.5,L,Routine,2024-09-09 17:52,2024-09-09 18:21,2024-09-09 22:12
LAB717316,ENC107246,PT10196,NA,Sodium,138,mmol/L,136,145,N,STAT,2024-09-09 17:35,2024-09-09 17:53,2024-09-09 18:38
LAB717317,ENC107246,PT10196,K,Potassium,4.1,mmol/L,3.5,5.1,N,STAT,2024-09-09 18:01,2024-09-09 18:06,2024-09-09 18:40
LAB717318,ENC107246,PT10196,BUN,Blood Urea Nitrogen,18,mg/dL,7,20,N,STAT,2024-09-09 18:04,2024-09-09 18:22,2024-09-09 18:55
LAB717319,ENC107246,PT10196,PLT,Platelet Count,245,K/uL,150,400,N,STAT,2024-09-09 17:15,2024-09-09 17:31,2024-09-09 18:37
LAB717320,ENC107248,PT10372,GLU,Glucose,111,mg/dL,70,99,H,Routine,2024-09-09 17:56,2024-09-09 18:10,2024-09-09 21:09
LAB717321,ENC107248,PT10372,CREAT,Creatinine,1.02,mg/dL,0.6,1.3,N,Routine,2024-09-09 18:07,2024-09-09 18:38,2024-09-10 01:45
LAB717322,ENC107251,PT11547,GLU,Glucose,67,mg/dL,70,99,L,STAT,2024-09-10 00:46,2024-09-10 01:13,2024-09-10 02:56
LAB717323,ENC107251,PT11547,CREAT,Creatinine,0.76,mg/dL,0.6,1.3,N,STAT,2024-09-10 00:17,2024-09-10 00:27,2024-09-10 01:06
LAB717324,ENC107251,PT11547,WBC,White Blood Cell Count,7.1,K/uL,4.5,11,N,Routine,2024-09-10 00:59,2024-09-10 01:06,2024-09-10 05:11
LAB717325,ENC107251,PT11547,HGB,Hemoglobin,14,g/dL,12,17.5,N,STAT,2024-09-10 00:40,2024-09-10 00:51,2024-09-10 01:30
LAB717326,ENC107253,PT10353,GLU,Glucose,127,mg/dL,70,99,H,STAT,2024-09-09 20:32,2024-09-09 21:06,2024-09-09 21:26
LAB717327,ENC107253,PT10353,CREAT,Creatinine,0.61,mg/dL,0.6,1.3,N,Routine,2024-09-09 20:57,2024-09-09 21:03,2024-09-09 23:51
LAB717328,ENC107253,PT10353,WBC,White Blood Cell Count,5.6,K/uL,4.5,11,N,STAT,2024-09-09 21:17,2024-09-09 21:36,2024-09-09 22:24
LAB717329,ENC107253,PT10353,HGB,Hemoglobin,16.7,g/dL,12,17.5,N,Routine,2024-09-09 21:05,2024-09-09 21:30,2024-09-10 08:01
LAB717330,ENC107253,PT10353,NA,Sodium,137,mmol/L,136,145,N,STAT,2024-09-09 21:14,2024-09-09 21:43,2024-09-09 22:13
LAB717331,ENC107253,PT10353,K,Potassium,3.7,mmol/L,3.5,5.1,N,STAT,2024-09-09 21:10,2024-09-09 21:42,2024-09-09 22:49
LAB717332,ENC107255,PT11030,GLU,Glucose,93,mg/dL,70,99,N,STAT,2024-09-09 21:36,2024-09-09 21:50,2024-09-09 22:42
LAB717333,ENC107255,PT11030,CREAT,Creatinine,1.17,mg/dL,0.6,1.3,N,Routine,2024-09-09 20:59,2024-09-09 21:16,2024-09-10 07:01
LAB717334,ENC107256,PT13298,GLU,Glucose,236,mg/dL,70,99,H,Routine,2024-09-09 23:08,2024-09-09 23:38,2024-09-10 01:30
LAB717335,ENC107256,PT13298,CREAT,Creatinine,1.25,mg/dL,0.6,1.3,N,STAT,2024-09-09 23:15,2024-09-09 23:43,2024-09-10 00:05
LAB717336,ENC107256,PT13298,WBC,White Blood Cell Count,8.6,K/uL,4.5,11,N,STAT,2024-09-09 23:43,2024-09-09 23:55,2024-09-10 00:23
LAB717337,ENC107256,PT13298,HGB,Hemoglobin,13.8,g/dL,12,17.5,N,STAT,2024-09-09 23:48,2024-09-10 00:01,2024-09-10 00:32
LAB717338,ENC107256,PT13298,NA,Sodium,135,mmol/L,136,145,L,STAT,2024-09-09 23:52,2024-09-10 00:03,2024-09-10 01:19
LAB717339,ENC107256,PT13298,K,Potassium,4.2,mmol/L,3.5,5.1,N,STAT,2024-09-09 23:31,2024-09-09 23:39,2024-09-10 00:11
LAB717340,ENC107256,PT13298,A1C,Hemoglobin A1c,9.1,%,4,5.6,H,STAT,2024-09-09 23:15,2024-09-09 23:48,2024-09-10 00:05
LAB717341,ENC107257,PT13436,GLU,Glucose,110,mg/dL,70,99,H,STAT,2024-09-10 07:52,2024-09-10 08:22,2024-09-10 08:53
LAB717342,ENC107257,PT13436,CREAT,Creatinine,1.16,mg/dL,0.6,1.3,N,STAT,2024-09-10 08:36,2024-09-10 09:09,2024-09-10 10:33
LAB717343,ENC107257,PT13436,WBC,White Blood Cell Count,10,K/uL,4.5,11,N,STAT,2024-09-10 07:55,2024-09-10 08:17,2024-09-10 08:43
LAB717344,ENC107257,PT13436,HGB,Hemoglobin,13.5,g/dL,12,17.5,N,Routine,2024-09-10 07:38,2024-09-10 07:59,2024-09-10 09:49
LAB717345,ENC107258,PT12547,GLU,Glucose,142,mg/dL,70,99,H,STAT,2024-09-10 08:09,2024-09-10 08:14,2024-09-10 08:39
LAB717346,ENC107258,PT12547,CREAT,Creatinine,1.18,mg/dL,0.6,1.3,N,Routine,2024-09-10 07:40,2024-09-10 07:57,2024-09-10 09:54
LAB717347,ENC107258,PT12547,WBC,White Blood Cell Count,5.8,K/uL,4.5,11,N,STAT,2024-09-10 08:08,2024-09-10 08:38,2024-09-10 09:15
LAB717348,ENC107258,PT12547,HGB,Hemoglobin,10.4,g/dL,12,17.5,L,STAT,2024-09-10 07:41,2024-09-10 08:05,2024-09-10 08:56
LAB717349,ENC107259,PT13226,GLU,Glucose,91,mg/dL,70,99,N,STAT,2024-09-10 06:37,2024-09-10 06:49,2024-09-10 07:55
LAB717350,ENC107259,PT13226,CREAT,Creatinine,0.86,mg/dL,0.6,1.3,N,Routine,2024-09-10 06:34,2024-09-10 06:46,2024-09-10 09:31
LAB717351,ENC107259,PT13226,WBC,White Blood Cell Count,4.6,K/uL,4.5,11,N,STAT,2024-09-10 06:26,2024-09-10 06:47,2024-09-10 07:52
LAB717352,ENC107259,PT13226,HGB,Hemoglobin,15.4,g/dL,12,17.5,N,STAT,2024-09-10 07:21,2024-09-10 07:34,2024-09-10 08:08
LAB717353,ENC107260,PT11846,A1C,Hemoglobin A1c,11.1,%,4,5.6,H,Routine,2024-09-10 08:27,2024-09-10 08:44,2024-09-10 18:36
LAB717354,ENC107260,PT11846,GLU,Glucose,448,mg/dL,70,99,H,Routine,2024-09-10 08:28,2024-09-10 08:48,2024-09-10 10:09
LAB717355,ENC107260,PT11846,CREAT,Creatinine,1.3,mg/dL,0.6,1.3,N,Routine,2024-09-10 08:08,2024-09-10 08:32,2024-09-10 13:02
LAB717356,ENC107264,PT13231,LDL,LDL Cholesterol,136,mg/dL,0,99,H,Routine,2024-09-10 09:10,2024-09-10 09:31,2024-09-10 21:29
LAB717357,ENC107264,PT13231,A1C,Hemoglobin A1c,5.8,%,4,5.6,H,Routine,2024-09-10 09:09,2024-09-10 09:41,2024-09-10 22:44
LAB717358,ENC107265,PT11697,GLU,Glucose,120,mg/dL,70,99,H,STAT,2024-09-10 09:53,2024-09-10 10:22,2024-09-10 11:10
LAB717359,ENC107265,PT11697,CREAT,Creatinine,1.19,mg/dL,0.6,1.3,N,Routine,2024-09-10 10:22,2024-09-10 10:56,2024-09-10 14:02
LAB717360,ENC107265,PT11697,WBC,White Blood Cell Count,0.8,K/uL,4.5,11,LL,STAT,2024-09-10 09:46,2024-09-10 09:59,2024-09-10 10:29
LAB717361,ENC107265,PT11697,HGB,Hemoglobin,8.1,g/dL,12,17.5,L,STAT,2024-09-10 09:43,2024-09-10 09:59,2024-09-10 10:58
LAB717362,ENC107266,PT10379,A1C,Hemoglobin A1c,12.3,%,4,5.6,H,Routine,2024-09-10 09:43,2024-09-10 10:01,2024-09-11 08:09
LAB717363,ENC107267,PT12621,GLU,Glucose,226,mg/dL,70,99,H,STAT,2024-09-10 09:48,2024-09-10 10:03,2024-09-10 10:40
LAB717364,ENC107267,PT12621,CREAT,Creatinine,0.98,mg/dL,0.6,1.3,N,Routine,2024-09-10 10:10,2024-09-10 10:17,2024-09-10 11:56
LAB717365,ENC107267,PT12621,WBC,White Blood Cell Count,5.4,K/uL,4.5,11,N,STAT,2024-09-10 10:48,2024-09-10 11:21,2024-09-10 12:28
LAB717366,ENC107267,PT12621,HGB,Hemoglobin,15.5,g/dL,12,17.5,N,STAT,2024-09-10 10:11,2024-09-10 10:31,2024-09-10 12:02
LAB717367,ENC107267,PT12621,BUN,Blood Urea Nitrogen,14,mg/dL,7,20,N,Routine,2024-09-10 09:42,2024-09-10 09:52,2024-09-10 11:00
LAB717368,ENC107267,PT12621,PLT,Platelet Count,214,K/uL,150,400,N,STAT,2024-09-10 10:31,2024-09-10 10:42,2024-09-10 11:49
LAB717369,ENC107269,PT10552,GLU,Glucose,111,mg/dL,70,99,H,STAT,2024-09-10 11:44,2024-09-10 12:04,2024-09-10 13:58
LAB717370,ENC107269,PT10552,CREAT,Creatinine,0.94,mg/dL,0.6,1.3,N,STAT,2024-09-10 11:01,2024-09-10 11:07,2024-09-10 11:58
LAB717371,ENC107270,PT10507,A1C,Hemoglobin A1c,5.1,%,4,5.6,N,Routine,2024-09-10 11:03,2024-09-10 11:15,2024-09-10 21:26
LAB717372,ENC107272,PT13880,A1C,Hemoglobin A1c,10.6,%,4,5.6,H,Routine,2024-09-10 11:54,2024-09-10 12:07,2024-09-12 01:58
LAB717373,ENC107272,PT13880,GLU,Glucose,152,mg/dL,70,99,H,Routine,2024-09-10 11:40,2024-09-10 11:49,2024-09-10 15:23
LAB717374,ENC107272,PT13880,CREAT,Creatinine,0.84,mg/dL,0.6,1.3,N,Routine,2024-09-10 11:45,2024-09-10 12:08,2024-09-10 17:33
LAB717375,ENC107274,PT13431,A1C,Hemoglobin A1c,7,%,4,5.6,H,Routine,2024-09-10 12:45,2024-09-10 13:14,2024-09-11 14:21
LAB717376,ENC107277,PT11617,GLU,Glucose,86,mg/dL,70,99,N,STAT,2024-09-10 16:46,2024-09-10 17:12,2024-09-10 18:20
LAB717377,ENC107277,PT11617,CREAT,Creatinine,0.68,mg/dL,0.6,1.3,N,STAT,2024-09-10 17:35,2024-09-10 17:56,2024-09-10 18:46
LAB717378,ENC107277,PT11617,WBC,White Blood Cell Count,8.3,K/uL,4.5,11,N,Routine,2024-09-10 16:27,2024-09-10 16:32,2024-09-10 17:47
LAB717379,ENC107277,PT11617,HGB,Hemoglobin,13.6,g/dL,12,17.5,N,Routine,2024-09-10 16:30,2024-09-10 16:38,2024-09-10 20:56
LAB717380,ENC107277,PT11617,TROP,"Troponin I, High Sensitivity",933,ng/L,0,34,H,STAT,2024-09-10 16:36,2024-09-10 16:47,2024-09-10 17:21
LAB717381,ENC107278,PT11903,GLU,Glucose,113,mg/dL,70,99,H,STAT,2024-09-10 18:31,2024-09-10 18:46,2024-09-10 19:27
LAB717382,ENC107278,PT11903,CREAT,Creatinine,4.66,mg/dL,0.6,1.3,H,Routine,2024-09-10 17:45,2024-09-10 17:55,2024-09-10 18:52
LAB717383,ENC107278,PT11903,WBC,White Blood Cell Count,5.3,K/uL,4.5,11,N,Routine,2024-09-10 17:36,2024-09-10 17:41,2024-09-10 21:57
LAB717384,ENC107278,PT11903,HGB,Hemoglobin,12.2,g/dL,12,17.5,N,STAT,2024-09-10 17:48,2024-09-10 18:20,2024-09-10 19:31
LAB717385,ENC107278,PT11903,NA,Sodium,142,mmol/L,136,145,N,STAT,2024-09-10 17:34,2024-09-10 17:43,2024-09-10 18:29
LAB717386,ENC107278,PT11903,K,Potassium,5.3,mmol/L,3.5,5.1,H,STAT,2024-09-10 17:55,2024-09-10 18:23,2024-09-10 19:42
LAB717387,ENC107281,PT13869,WBC,White Blood Cell Count,8.8,K/uL,4.5,11,N,Routine,2024-09-10 12:55,2024-09-10 13:01,2024-09-10 15:07
LAB717388,ENC107281,PT13869,HGB,Hemoglobin,14.9,g/dL,12,17.5,N,Routine,2024-09-10 13:04,2024-09-10 13:36,2024-09-10 15:30
LAB717389,ENC107281,PT13869,PLT,Platelet Count,143,K/uL,150,400,L,Routine,2024-09-10 13:04,2024-09-10 13:10,2024-09-10 15:23
LAB717390,ENC107282,PT10716,A1C,Hemoglobin A1c,5.6,%,4,5.6,N,Routine,2024-09-10 13:25,2024-09-10 13:54,2024-09-10 23:38
LAB717391,ENC107282,PT10716,GLU,Glucose,80,mg/dL,70,99,N,Routine,2024-09-10 13:41,2024-09-10 14:14,2024-09-10 17:41
LAB717392,ENC107282,PT10716,CREAT,Creatinine,0.92,mg/dL,0.6,1.3,N,Routine,2024-09-10 13:28,2024-09-10 14:03,2024-09-10 17:44
LAB717393,ENC107283,PT13412,A1C,Hemoglobin A1c,10.1,%,4,5.6,H,Routine,2024-09-10 13:28,2024-09-10 13:41,2024-09-11 16:00
LAB717394,ENC107283,PT13412,GLU,Glucose,261,mg/dL,70,99,H,Routine,2024-09-10 13:40,2024-09-10 13:54,2024-09-10 17:55
LAB717395,ENC107283,PT13412,CREAT,Creatinine,1.02,mg/dL,0.6,1.3,N,Routine,2024-09-10 13:45,2024-09-10 13:51,2024-09-10 15:49
LAB717396,ENC107284,PT13977,GLU,Glucose,89,mg/dL,70,99,N,STAT,2024-09-10 14:37,2024-09-10 14:42,2024-09-10 15:38
LAB717397,ENC107284,PT13977,CREAT,Creatinine,0.66,mg/dL,0.6,1.3,N,STAT,2024-09-10 14:17,2024-09-10 14:32,2024-09-10 15:40
LAB717398,ENC107284,PT13977,WBC,White Blood Cell Count,8,K/uL,4.5,11,N,Routine,2024-09-10 13:39,2024-09-10 14:00,2024-09-10 16:32
LAB717399,ENC107286,PT11658,GLU,Glucose,96,mg/dL,70,99,N,Routine,2024-09-10 15:01,2024-09-10 15:30,2024-09-10 17:07
LAB717400,ENC107286,PT11658,CREAT,Creatinine,0.69,mg/dL,0.6,1.3,N,STAT,2024-09-10 14:37,2024-09-10 14:45,2024-09-10 15:06
LAB717401,ENC107286,PT11658,WBC,White Blood Cell Count,12.7,K/uL,4.5,11,H,Routine,2024-09-10 15:36,2024-09-10 15:50,2024-09-10 17:29
LAB717402,ENC107286,PT11658,HGB,Hemoglobin,13.8,g/dL,12,17.5,N,STAT,2024-09-10 14:35,2024-09-10 15:00,2024-09-10 15:46
LAB717403,ENC107287,PT10101,GLU,Glucose,126,mg/dL,70,99,H,Routine,2024-09-10 20:59,2024-09-10 21:31,2024-09-11 00:00
LAB717404,ENC107287,PT10101,CREAT,Creatinine,0.82,mg/dL,0.6,1.3,N,Routine,2024-09-10 22:01,2024-09-10 22:35,2024-09-11 01:50
LAB717405,ENC107287,PT10101,WBC,White Blood Cell Count,10.1,K/uL,4.5,11,N,Routine,2024-09-10 21:59,2024-09-10 22:26,2024-09-11 01:11
LAB717406,ENC107287,PT10101,HGB,Hemoglobin,13.7,g/dL,12,17.5,N,STAT,2024-09-10 21:50,2024-09-10 21:58,2024-09-10 22:38
LAB717407,ENC107287,PT10101,NA,Sodium,140,mmol/L,136,145,N,Routine,2024-09-10 21:11,2024-09-10 21:44,2024-09-11 00:17
LAB717408,ENC107287,PT10101,K,Potassium,3.8,mmol/L,3.5,5.1,N,STAT,2024-09-10 21:32,2024-09-10 21:48,2024-09-10 23:11
LAB717409,ENC107287,PT10101,INR,Prothrombin Time INR,0.9,ratio,0.8,1.2,N,Routine,2024-09-10 21:21,2024-09-10 21:25,2024-09-11 01:21
LAB717410,ENC107288,PT11089,LDL,LDL Cholesterol,117,mg/dL,0,99,H,Routine,2024-09-10 15:16,2024-09-10 15:28,2024-09-11 18:24
LAB717411,ENC107288,PT11089,TSH,Thyroid Stimulating Hormone,2.16,mIU/L,0.4,4,N,Routine,2024-09-10 15:07,2024-09-10 15:26,2024-09-11 11:01
LAB717412,ENC107291,PT10523,LDL,LDL Cholesterol,84,mg/dL,0,99,N,Routine,2024-09-10 16:13,2024-09-10 16:47,2024-09-11 06:09
LAB717413,ENC107291,PT10523,A1C,Hemoglobin A1c,5.4,%,4,5.6,N,Routine,2024-09-10 16:05,2024-09-10 16:38,2024-09-11 11:12
LAB717414,ENC107291,PT10523,TSH,Thyroid Stimulating Hormone,3.37,mIU/L,0.4,4,N,Routine,2024-09-10 16:13,2024-09-10 16:23,2024-09-11 14:24
LAB717415,ENC107295,PT13135,TROP,"Troponin I, High Sensitivity",10,ng/L,0,34,N,STAT,2024-09-10 18:54,2024-09-10 19:07,2024-09-10 20:14
LAB717416,ENC107297,PT12101,GLU,Glucose,71,mg/dL,70,99,N,STAT,2024-09-11 03:20,2024-09-11 03:32,2024-09-11 04:38
LAB717417,ENC107297,PT12101,CREAT,Creatinine,0.96,mg/dL,0.6,1.3,N,Routine,2024-09-11 03:34,2024-09-11 03:44,2024-09-11 06:17
LAB717418,ENC107297,PT12101,WBC,White Blood Cell Count,7.8,K/uL,4.5,11,N,STAT,2024-09-11 03:01,2024-09-11 03:31,2024-09-11 03:58
LAB717419,ENC107297,PT12101,HGB,Hemoglobin,14.3,g/dL,12,17.5,N,STAT,2024-09-11 03:21,2024-09-11 03:39,2024-09-11 04:20
LAB717420,ENC107297,PT12101,NA,Sodium,140,mmol/L,136,145,N,STAT,2024-09-11 03:20,2024-09-11 03:34,2024-09-11 04:35
LAB717421,ENC107297,PT12101,K,Potassium,4.3,mmol/L,3.5,5.1,N,STAT,2024-09-11 03:40,2024-09-11 03:50,2024-09-11 04:19
LAB717422,ENC107297,PT12101,TROP,"Troponin I, High Sensitivity",9,ng/L,0,34,N,STAT,2024-09-11 03:03,2024-09-11 03:29,2024-09-11 04:13
LAB717423,ENC107299,PT13722,GLU,Glucose,163,mg/dL,70,99,H,STAT,2024-09-11 08:09,2024-09-11 08:41,2024-09-11 09:49
LAB717424,ENC107299,PT13722,CREAT,Creatinine,0.78,mg/dL,0.6,1.3,N,STAT,2024-09-11 08:33,2024-09-11 09:06,2024-09-11 09:57
LAB717425,ENC107299,PT13722,WBC,White Blood Cell Count,13.4,K/uL,4.5,11,H,STAT,2024-09-11 09:03,2024-09-11 09:11,2024-09-11 09:45
LAB717426,ENC107299,PT13722,HGB,Hemoglobin,13.1,g/dL,12,17.5,N,STAT,2024-09-11 08:52,2024-09-11 09:24,2024-09-11 09:48
LAB717427,ENC107300,PT12798,GLU,Glucose,124,mg/dL,70,99,H,STAT,2024-09-11 10:16,2024-09-11 10:46,2024-09-11 11:30
LAB717428,ENC107300,PT12798,CREAT,Creatinine,0.84,mg/dL,0.6,1.3,N,STAT,2024-09-11 10:13,2024-09-11 10:25,2024-09-11 11:13
LAB717429,ENC107300,PT12798,WBC,White Blood Cell Count,9.1,K/uL,4.5,11,N,Routine,2024-09-11 09:33,2024-09-11 09:48,2024-09-11 11:32
LAB717430,ENC107300,PT12798,HGB,Hemoglobin,14.8,g/dL,12,17.5,N,Routine,2024-09-11 09:32,2024-09-11 09:51,2024-09-11 14:01
LAB717431,ENC107300,PT12798,TROP,"Troponin I, High Sensitivity",9,ng/L,0,34,N,STAT,2024-09-11 09:28,2024-09-11 09:47,2024-09-11 10:51
LAB717432,ENC107301,PT11435,LDL,LDL Cholesterol,134,mg/dL,0,99,H,Routine,2024-09-11 08:27,2024-09-11 08:32,2024-09-12 02:43
LAB717433,ENC107303,PT13829,GLU,Glucose,174,mg/dL,70,99,H,STAT,2024-09-11 10:59,2024-09-11 11:17,2024-09-11 12:37
LAB717434,ENC107303,PT13829,CREAT,Creatinine,1.21,mg/dL,0.6,1.3,N,Routine,2024-09-11 10:22,2024-09-11 10:26,2024-09-11 13:24
LAB717435,ENC107303,PT13829,WBC,White Blood Cell Count,6.7,K/uL,4.5,11,N,Routine,2024-09-11 11:01,2024-09-11 11:15,2024-09-11 13:47
LAB717436,ENC107305,PT13004,GLU,Glucose,88,mg/dL,70,99,N,STAT,2024-09-11 11:05,2024-09-11 11:37,2024-09-11 12:06
LAB717437,ENC107305,PT13004,CREAT,Creatinine,1.04,mg/dL,0.6,1.3,N,STAT,2024-09-11 11:20,2024-09-11 11:54,2024-09-11 12:40
LAB717438,ENC107305,PT13004,INR,Prothrombin Time INR,1.1,ratio,0.8,1.2,N,STAT,2024-09-11 11:48,2024-09-11 12:05,2024-09-11 12:58
LAB717439,ENC107308,PT13586,GLU,Glucose,117,mg/dL,70,99,H,STAT,2024-09-11 15:15,2024-09-11 15:25,2024-09-11 15:47
LAB717440,ENC107308,PT13586,CREAT,Creatinine,2.19,mg/dL,0.6,1.3,H,Routine,2024-09-11 16:06,2024-09-11 16:12,2024-09-11 18:15
LAB717441,ENC107308,PT13586,WBC,White Blood Cell Count,14.7,K/uL,4.5,11,H,STAT,2024-09-11 15:19,2024-09-11 15:32,2024-09-11 15:59
LAB717442,ENC107308,PT13586,HGB,Hemoglobin,11.9,g/dL,12,17.5,L,Routine,2024-09-11 16:09,2024-09-11 16:24,2024-09-11 18:52
LAB717443,ENC107308,PT13586,BUN,Blood Urea Nitrogen,15,mg/dL,7,20,N,STAT,2024-09-11 15:38,2024-09-11 15:43,2024-09-11 17:02
LAB717444,ENC107308,PT13586,PLT,Platelet Count,208,K/uL,150,400,N,STAT,2024-09-11 15:11,2024-09-11 15:42,2024-09-11 16:24
LAB717445,ENC107310,PT13761,LDL,LDL Cholesterol,142,mg/dL,0,99,H,Routine,2024-09-11 14:52,2024-09-11 15:20,2024-09-11 20:01
LAB717446,ENC107310,PT13761,A1C,Hemoglobin A1c,8.1,%,4,5.6,H,Routine,2024-09-11 15:01,2024-09-11 15:11,2024-09-12 01:04
LAB717447,ENC107312,PT11518,GLU,Glucose,146,mg/dL,70,99,H,Routine,2024-09-11 16:41,2024-09-11 17:13,2024-09-11 18:30
LAB717448,ENC107312,PT11518,CREAT,Creatinine,1.87,mg/dL,0.6,1.3,H,STAT,2024-09-11 16:57,2024-09-11 17:04,2024-09-11 18:06
LAB717449,ENC107312,PT11518,WBC,White Blood Cell Count,16.5,K/uL,4.5,11,H,STAT,2024-09-11 16:12,2024-09-11 16:28,2024-09-11 16:55
LAB717450,ENC107312,PT11518,HGB,Hemoglobin,10.3,g/dL,12,17.5,L,STAT,2024-09-11 16:39,2024-09-11 16:52,2024-09-11 17:49
LAB717451,ENC107312,PT11518,NA,Sodium,143,mmol/L,136,145,N,Routine,2024-09-11 16:50,2024-09-11 17:25,2024-09-11 21:30
LAB717452,ENC107312,PT11518,K,Potassium,4.1,mmol/L,3.5,5.1,N,STAT,2024-09-11 16:57,2024-09-11 17:19,2024-09-11 17:52
LAB717453,ENC107313,PT12209,GLU,Glucose,313,mg/dL,70,99,H,Routine,2024-09-11 21:24,2024-09-11 21:32,2024-09-11 23:30
LAB717454,ENC107313,PT12209,CREAT,Creatinine,1.08,mg/dL,0.6,1.3,N,STAT,2024-09-11 21:01,2024-09-11 21:21,2024-09-11 22:00
LAB717455,ENC107313,PT12209,WBC,White Blood Cell Count,8.7,K/uL,4.5,11,N,STAT,2024-09-11 20:58,2024-09-11 21:03,2024-09-11 21:42
LAB717456,ENC107313,PT12209,HGB,Hemoglobin,13.5,g/dL,12,17.5,N,STAT,2024-09-11 20:45,2024-09-11 21:11,2024-09-11 22:33
LAB717457,ENC107313,PT12209,NA,Sodium,136,mmol/L,136,145,N,Routine,2024-09-11 20:50,2024-09-11 21:11,2024-09-12 00:49
LAB717458,ENC107313,PT12209,K,Potassium,4.2,mmol/L,3.5,5.1,N,STAT,2024-09-11 21:47,2024-09-11 22:08,2024-09-11 22:46
LAB717459,ENC107313,PT12209,A1C,Hemoglobin A1c,12.5,%,4,5.6,H,STAT,2024-09-11 21:46,2024-09-11 22:05,2024-09-11 23:42
LAB717460,ENC107314,PT12680,GLU,Glucose,136,mg/dL,70,99,H,STAT,2024-09-11 19:40,2024-09-11 20:06,2024-09-11 20:44
LAB717461,ENC107314,PT12680,CREAT,Creatinine,0.39,mg/dL,0.6,1.3,L,STAT,2024-09-11 20:00,2024-09-11 20:18,2024-09-11 20:47
LAB717462,ENC107314,PT12680,WBC,White Blood Cell Count,9.7,K/uL,4.5,11,N,Routine,2024-09-11 19:43,2024-09-11 20:01,2024-09-12 00:43
LAB717463,ENC107314,PT12680,HGB,Hemoglobin,15,g/dL,12,17.5,N,STAT,2024-09-11 19:33,2024-09-11 20:00,2024-09-11 21:22
LAB717464,ENC107316,PT11636,GLU,Glucose,114,mg/dL,70,99,H,STAT,2024-09-11 22:24,2024-09-11 22:56,2024-09-11 23:10
LAB717465,ENC107316,PT11636,CREAT,Creatinine,1.23,mg/dL,0.6,1.3,N,STAT,2024-09-11 22:53,2024-09-11 23:19,2024-09-12 00:00
LAB717466,ENC107316,PT11636,WBC,White Blood Cell Count,4.1,K/uL,4.5,11,L,STAT,2024-09-11 23:18,2024-09-11 23:27,2024-09-12 00:08
LAB717467,ENC107317,PT11211,GLU,Glucose,82,mg/dL,70,99,N,STAT,2024-09-12 07:05,2024-09-12 07:20,2024-09-12 08:08
LAB717468,ENC107317,PT11211,CREAT,Creatinine,0.94,mg/dL,0.6,1.3,N,Routine,2024-09-12 07:38,2024-09-12 07:55,2024-09-12 09:17
LAB717469,ENC107317,PT11211,WBC,White Blood Cell Count,8.4,K/uL,4.5,11,N,Routine,2024-09-12 07:02,2024-09-12 07:28,2024-09-12 11:41
LAB717470,ENC107317,PT11211,HGB,Hemoglobin,14.7,g/dL,12,17.5,N,STAT,2024-09-12 06:44,2024-09-12 07:12,2024-09-12 07:52
LAB717471,ENC107317,PT11211,NA,Sodium,143,mmol/L,136,145,N,Routine,2024-09-12 07:27,2024-09-12 07:40,2024-09-12 10:29
LAB717472,ENC107317,PT11211,K,Potassium,3.3,mmol/L,3.5,5.1,L,STAT,2024-09-12 06:49,2024-09-12 07:20,2024-09-12 08:04
LAB717473,ENC107318,PT12604,GLU,Glucose,198,mg/dL,70,99,H,STAT,2024-09-12 09:53,2024-09-12 10:00,2024-09-12 11:20
LAB717474,ENC107318,PT12604,CREAT,Creatinine,1.12,mg/dL,0.6,1.3,N,STAT,2024-09-12 09:18,2024-09-12 09:29,2024-09-12 09:53
LAB717475,ENC107318,PT12604,WBC,White Blood Cell Count,5.5,K/uL,4.5,11,N,Routine,2024-09-12 10:10,2024-09-12 10:28,2024-09-12 12:12
LAB717476,ENC107318,PT12604,HGB,Hemoglobin,13.9,g/dL,12,17.5,N,STAT,2024-09-12 10:19,2024-09-12 10:47,2024-09-12 11:34
LAB717477,ENC107319,PT12732,A1C,Hemoglobin A1c,8,%,4,5.6,H,Routine,2024-09-12 09:30,2024-09-12 10:05,2024-09-13 09:00
LAB717478,ENC107320,PT11564,A1C,Hemoglobin A1c,10.9,%,4,5.6,H,Routine,2024-09-12 09:44,2024-09-12 10:12,2024-09-13 01:45
LAB717479,ENC107321,PT11655,GLU,Glucose,130,mg/dL,70,99,H,STAT,2024-09-12 12:44,2024-09-12 12:56,2024-09-12 13:36
LAB717480,ENC107321,PT11655,CREAT,Creatinine,0.82,mg/dL,0.6,1.3,N,Routine,2024-09-12 12:53,2024-09-12 13:26,2024-09-12 14:57
LAB717481,ENC107321,PT11655,WBC,White Blood Cell Count,16.4,K/uL,4.5,11,H,Routine,2024-09-12 12:38,2024-09-12 12:57,2024-09-12 15:42
LAB717482,ENC107321,PT11655,HGB,Hemoglobin,12.9,g/dL,12,17.5,N,STAT,2024-09-12 12:54,2024-09-12 13:16,2024-09-12 14:31
LAB717483,ENC107321,PT11655,NA,Sodium,139,mmol/L,136,145,N,Routine,2024-09-12 12:10,2024-09-12 12:45,2024-09-12 13:52
LAB717484,ENC107321,PT11655,K,Potassium,4.5,mmol/L,3.5,5.1,N,STAT,2024-09-12 12:41,2024-09-12 12:58,2024-09-12 14:10
LAB717485,ENC107322,PT10583,LDL,LDL Cholesterol,192,mg/dL,0,99,H,Routine,2024-09-12 10:13,2024-09-12 10:46,2024-09-12 14:19
LAB717486,ENC107322,PT10583,TSH,Thyroid Stimulating Hormone,2.14,mIU/L,0.4,4,N,Routine,2024-09-12 10:15,2024-09-12 10:34,2024-09-13 01:17
LAB717487,ENC107323,PT12934,GLU,Glucose,77,mg/dL,70,99,N,Routine,2024-09-12 10:53,2024-09-12 11:07,2024-09-12 14:34
LAB717488,ENC107323,PT12934,CREAT,Creatinine,0.41,mg/dL,0.6,1.3,L,Routine,2024-09-12 11:11,2024-09-12 11:35,2024-09-12 16:39
LAB717489,ENC107326,PT13710,GLU,Glucose,111,mg/dL,70,99,H,Routine,2024-09-12 13:38,2024-09-12 13:55,2024-09-12 15:13
LAB717490,ENC107326,PT13710,CREAT,Creatinine,0.85,mg/dL,0.6,1.3,N,Routine,2024-09-12 13:39,2024-09-12 13:52,2024-09-12 15:50
LAB717491,ENC107326,PT13710,WBC,White Blood Cell Count,6.7,K/uL,4.5,11,N,Routine,2024-09-12 13:25,2024-09-12 13:29,2024-09-12 14:56
LAB717492,ENC107326,PT13710,HGB,Hemoglobin,11.2,g/dL,12,17.5,L,STAT,2024-09-12 13:51,2024-09-12 14:03,2024-09-12 14:45
LAB717493,ENC107326,PT13710,LACT,Lactate,1.2,mmol/L,0.5,2,N,STAT,2024-09-12 13:07,2024-09-12 13:36,2024-09-12 14:44
LAB717494,ENC107328,PT13724,A1C,Hemoglobin A1c,13.5,%,4,5.6,H,Routine,2024-09-12 11:06,2024-09-12 11:10,2024-09-12 18:55
LAB717495,ENC107328,PT13724,GLU,Glucose,504,mg/dL,70,99,HH,Routine,2024-09-12 11:08,2024-09-12 11:36,2024-09-12 12:55
LAB717496,ENC107328,PT13724,CREAT,Creatinine,0.95,mg/dL,0.6,1.3,N,Routine,2024-09-12 11:19,2024-09-12 11:48,2024-09-12 15:16
LAB717497,ENC107329,PT12164,WBC,White Blood Cell Count,8.6,K/uL,4.5,11,N,Routine,2024-09-12 11:30,2024-09-12 12:00,2024-09-12 15:02
LAB717498,ENC107329,PT12164,HGB,Hemoglobin,10.6,g/dL,12,17.5,L,Routine,2024-09-12 11:10,2024-09-12 11:17,2024-09-12 12:42
LAB717499,ENC107329,PT12164,PLT,Platelet Count,217,K/uL,150,400,N,Routine,2024-09-12 11:16,2024-09-12 11:28,2024-09-12 15:01
LAB717500,ENC107330,PT12458,WBC,White Blood Cell Count,6,K/uL,4.5,11,N,Routine,2024-09-12 11:24,2024-09-12 11:48,2024-09-12 13:39
LAB717501,ENC107330,PT12458,HGB,Hemoglobin,15.7,g/dL,12,17.5,N,Routine,2024-09-12 11:44,2024-09-12 11:57,2024-09-12 13:07
LAB717502,ENC107330,PT12458,PLT,Platelet Count,264,K/uL,150,400,N,Routine,2024-09-12 11:28,2024-09-12 12:02,2024-09-12 15:13
LAB717503,ENC107335,PT11013,LDL,LDL Cholesterol,170,mg/dL,0,99,H,Routine,2024-09-12 13:56,2024-09-12 14:20,2024-09-13 00:07
LAB717504,ENC107335,PT11013,A1C,Hemoglobin A1c,11.3,%,4,5.6,H,Routine,2024-09-12 14:10,2024-09-12 14:29,2024-09-13 00:33
LAB717505,ENC107335,PT11013,TSH,Thyroid Stimulating Hormone,1.97,mIU/L,0.4,4,N,Routine,2024-09-12 13:59,2024-09-12 14:22,2024-09-12 18:29
LAB717506,ENC107338,PT13876,GLU,Glucose,105,mg/dL,70,99,H,STAT,2024-09-12 15:00,2024-09-12 15:20,2024-09-12 15:54
LAB717507,ENC107338,PT13876,CREAT,Creatinine,0.89,mg/dL,0.6,1.3,N,Routine,2024-09-12 15:51,2024-09-12 15:59,2024-09-12 16:59
LAB717508,ENC107338,PT13876,WBC,White Blood Cell Count,6.6,K/uL,4.5,11,N,Routine,2024-09-12 14:52,2024-09-12 15:22,2024-09-12 17:44
LAB717509,ENC107338,PT13876,HGB,Hemoglobin,14.9,g/dL,12,17.5,N,STAT,2024-09-12 15:40,2024-09-12 16:12,2024-09-12 17:23
LAB717510,ENC107341,PT11576,GLU,Glucose,108,mg/dL,70,99,H,STAT,2024-09-12 16:52,2024-09-12 17:15,2024-09-12 17:45
LAB717511,ENC107341,PT11576,CREAT,Creatinine,0.84,mg/dL,0.6,1.3,N,Routine,2024-09-12 15:57,2024-09-12 16:28,2024-09-12 19:55
LAB717512,ENC107341,PT11576,WBC,White Blood Cell Count,7.6,K/uL,4.5,11,N,STAT,2024-09-12 16:13,2024-09-12 16:18,2024-09-12 17:02
LAB717513,ENC107343,PT10578,GLU,Glucose,79,mg/dL,70,99,N,Routine,2024-09-12 17:43,2024-09-12 18:01,2024-09-12 19:25
LAB717514,ENC107343,PT10578,CREAT,Creatinine,1.5,mg/dL,0.6,1.3,H,Routine,2024-09-12 16:56,2024-09-12 17:05,2024-09-12 19:55
LAB717515,ENC107343,PT10578,WBC,White Blood Cell Count,9.2,K/uL,4.5,11,N,STAT,2024-09-12 17:43,2024-09-12 18:04,2024-09-12 18:34
LAB717516,ENC107343,PT10578,HGB,Hemoglobin,10.6,g/dL,12,17.5,L,STAT,2024-09-12 17:37,2024-09-12 17:41,2024-09-12 18:52
LAB717517,ENC107345,PT10674,GLU,Glucose,105,mg/dL,70,99,H,STAT,2024-09-13 00:30,2024-09-13 00:42,2024-09-13 02:12
LAB717518,ENC107345,PT10674,CREAT,Creatinine,1,mg/dL,0.6,1.3,N,STAT,2024-09-12 23:59,2024-09-13 00:15,2024-09-13 00:58
LAB717519,ENC107345,PT10674,WBC,White Blood Cell Count,10,K/uL,4.5,11,N,Routine,2024-09-13 00:33,2024-09-13 00:46,2024-09-13 05:54
LAB717520,ENC107345,PT10674,HGB,Hemoglobin,14.2,g/dL,12,17.5,N,STAT,2024-09-13 00:14,2024-09-13 00:25,2024-09-13 01:33
LAB717521,ENC107348,PT11326,GLU,Glucose,107,mg/dL,70,99,H,Routine,2024-09-12 22:40,2024-09-12 23:14,2024-09-13 00:56
LAB717522,ENC107348,PT11326,CREAT,Creatinine,1.06,mg/dL,0.6,1.3,N,STAT,2024-09-12 22:00,2024-09-12 22:24,2024-09-12 23:18
LAB717523,ENC107348,PT11326,WBC,White Blood Cell Count,5.5,K/uL,4.5,11,N,STAT,2024-09-12 22:49,2024-09-12 23:23,2024-09-13 00:07
LAB717524,ENC107348,PT11326,HGB,Hemoglobin,14.6,g/dL,12,17.5,N,STAT,2024-09-12 22:27,2024-09-12 22:47,2024-09-12 23:41
LAB717525,ENC107348,PT11326,TROP,"Troponin I, High Sensitivity",88,ng/L,0,34,H,STAT,2024-09-12 22:00,2024-09-12 22:28,2024-09-12 23:02
LAB717526,ENC107348,PT11326,BNP,B-Type Natriuretic Peptide,1277,pg/mL,0,100,H,STAT,2024-09-12 22:49,2024-09-12 22:59,2024-09-13 00:38
LAB717527,ENC107349,PT11256,GLU,Glucose,104,mg/dL,70,99,H,STAT,2024-09-13 03:34,2024-09-13 03:49,2024-09-13 04:33
LAB717528,ENC107349,PT11256,CREAT,Creatinine,1.04,mg/dL,0.6,1.3,N,STAT,2024-09-13 03:36,2024-09-13 03:55,2024-09-13 04:29
LAB717529,ENC107349,PT11256,WBC,White Blood Cell Count,6.8,K/uL,4.5,11,N,Routine,2024-09-13 03:54,2024-09-13 04:18,2024-09-13 06:06
LAB717530,ENC107349,PT11256,HGB,Hemoglobin,13.3,g/dL,12,17.5,N,STAT,2024-09-13 04:10,2024-09-13 04:31,2024-09-13 05:06
LAB717531,ENC107351,PT12706,LDL,LDL Cholesterol,66,mg/dL,0,99,N,Routine,2024-09-13 09:26,2024-09-13 09:58,2024-09-13 22:10
LAB717532,ENC107351,PT12706,A1C,Hemoglobin A1c,5.3,%,4,5.6,N,Routine,2024-09-13 09:12,2024-09-13 09:42,2024-09-13 18:18
LAB717533,ENC107352,PT13110,GLU,Glucose,208,mg/dL,70,99,H,STAT,2024-09-13 09:47,2024-09-13 10:08,2024-09-13 10:49
LAB717534,ENC107352,PT13110,CREAT,Creatinine,1.86,mg/dL,0.6,1.3,H,STAT,2024-09-13 10:09,2024-09-13 10:41,2024-09-13 12:14
LAB717535,ENC107352,PT13110,WBC,White Blood Cell Count,18.4,K/uL,4.5,11,H,Routine,2024-09-13 10:15,2024-09-13 10:44,2024-09-13 13:31
LAB717536,ENC107352,PT13110,HGB,Hemoglobin,12.5,g/dL,12,17.5,N,STAT,2024-09-13 09:48,2024-09-13 10:20,2024-09-13 10:58
LAB717537,ENC107352,PT13110,NA,Sodium,136,mmol/L,136,145,N,STAT,2024-09-13 09:32,2024-09-13 09:49,2024-09-13 10:56
LAB717538,ENC107352,PT13110,K,Potassium,4.3,mmol/L,3.5,5.1,N,STAT,2024-09-13 10:12,2024-09-13 10:25,2024-09-13 11:06
LAB717539,ENC107352,PT13110,BUN,Blood Urea Nitrogen,18,mg/dL,7,20,N,STAT,2024-09-13 09:10,2024-09-13 09:14,2024-09-13 10:06
LAB717540,ENC107352,PT13110,PLT,Platelet Count,331,K/uL,150,400,N,Routine,2024-09-13 10:12,2024-09-13 10:47,2024-09-13 16:31
LAB717541,ENC107352,PT13110,LACT,Lactate,3,mmol/L,0.5,2,H,STAT,2024-09-13 09:43,2024-09-13 10:03,2024-09-13 10:53
LAB717542,ENC107356,PT13065,WBC,White Blood Cell Count,8.8,K/uL,4.5,11,N,Routine,2024-09-13 11:06,2024-09-13 11:15,2024-09-13 12:12
LAB717543,ENC107356,PT13065,HGB,Hemoglobin,11.1,g/dL,12,17.5,L,Routine,2024-09-13 10:55,2024-09-13 11:00,2024-09-13 13:20
LAB717544,ENC107356,PT13065,PLT,Platelet Count,192,K/uL,150,400,N,Routine,2024-09-13 11:15,2024-09-13 11:34,2024-09-13 15:01
LAB717545,ENC107357,PT11852,GLU,Glucose,95,mg/dL,70,99,N,STAT,2024-09-13 11:03,2024-09-13 11:13,2024-09-13 11:57
LAB717546,ENC107357,PT11852,CREAT,Creatinine,1.72,mg/dL,0.6,1.3,H,STAT,2024-09-13 11:35,2024-09-13 11:59,2024-09-13 12:59
LAB717547,ENC107357,PT11852,WBC,White Blood Cell Count,13.4,K/uL,4.5,11,H,Routine,2024-09-13 10:58,2024-09-13 11:02,2024-09-13 14:20
LAB717548,ENC107357,PT11852,HGB,Hemoglobin,9.8,g/dL,12,17.5,L,STAT,2024-09-13 12:05,2024-09-13 12:21,2024-09-13 13:19
LAB717549,ENC107357,PT11852,NA,Sodium,138,mmol/L,136,145,N,STAT,2024-09-13 11:16,2024-09-13 11:51,2024-09-13 14:02
LAB717550,ENC107357,PT11852,K,Potassium,4.2,mmol/L,3.5,5.1,N,STAT,2024-09-13 11:28,2024-09-13 11:45,2024-09-13 13:06
LAB717551,ENC107360,PT13719,GLU,Glucose,206,mg/dL,70,99,H,Routine,2024-09-13 12:37,2024-09-13 13:02,2024-09-13 14:49
LAB717552,ENC107360,PT13719,CREAT,Creatinine,0.83,mg/dL,0.6,1.3,N,STAT,2024-09-13 12:37,2024-09-13 13:10,2024-09-13 14:25
LAB717553,ENC107360,PT13719,WBC,White Blood Cell Count,7.6,K/uL,4.5,11,N,STAT,2024-09-13 13:26,2024-09-13 13:53,2024-09-13 14:36
LAB717554,ENC107360,PT13719,HGB,Hemoglobin,15.6,g/dL,12,17.5,N,STAT,2024-09-13 12:53,2024-09-13 13:09,2024-09-13 13:36
LAB717555,ENC107360,PT13719,TROP,"Troponin I, High Sensitivity",3,ng/L,0,34,N,STAT,2024-09-13 13:30,2024-09-13 13:47,2024-09-13 14:38
LAB717556,ENC107361,PT12130,A1C,Hemoglobin A1c,6.5,%,4,5.6,H,Routine,2024-09-13 12:46,2024-09-13 13:21,2024-09-14 02:52
LAB717557,ENC107361,PT12130,GLU,Glucose,141,mg/dL,70,99,H,Routine,2024-09-13 12:44,2024-09-13 13:15,2024-09-13 19:14
LAB717558,ENC107361,PT12130,CREAT,Creatinine,0.65,mg/dL,0.6,1.3,N,Routine,2024-09-13 12:37,2024-09-13 13:08,2024-09-13 14:13
LAB717559,ENC107362,PT10881,GLU,Glucose,100,mg/dL,70,99,H,STAT,2024-09-13 13:32,2024-09-13 14:05,2024-09-13 14:41
LAB717560,ENC107362,PT10881,CREAT,Creatinine,1.59,mg/dL,0.6,1.3,H,STAT,2024-09-13 13:07,2024-09-13 13:28,2024-09-13 14:12
LAB717561,ENC107362,PT10881,WBC,White Blood Cell Count,7.6,K/uL,4.5,11,N,STAT,2024-09-13 13:19,2024-09-13 13:36,2024-09-13 15:24
LAB717562,ENC107362,PT10881,HGB,Hemoglobin,10.5,g/dL,12,17.5,L,Routine,2024-09-13 13:30,2024-09-13 13:50,2024-09-13 16:03
LAB717563,ENC107363,PT10541,GLU,Glucose,92,mg/dL,70,99,N,STAT,2024-09-13 16:32,2024-09-13 17:06,2024-09-13 17:41
LAB717564,ENC107363,PT10541,CREAT,Creatinine,1.29,mg/dL,0.6,1.3,N,STAT,2024-09-13 16:59,2024-09-13 17:06,2024-09-13 18:10
LAB717565,ENC107363,PT10541,WBC,White Blood Cell Count,6.2,K/uL,4.5,11,N,STAT,2024-09-13 16:39,2024-09-13 16:47,2024-09-13 18:03
LAB717566,ENC107363,PT10541,HGB,Hemoglobin,7.6,g/dL,12,17.5,L,Routine,2024-09-13 16:39,2024-09-13 17:05,2024-09-13 20:51
LAB717567,ENC107363,PT10541,INR,Prothrombin Time INR,1.1,ratio,0.8,1.2,N,STAT,2024-09-13 16:50,2024-09-13 16:55,2024-09-13 18:11
LAB717568,ENC107364,PT13951,WBC,White Blood Cell Count,5.6,K/uL,4.5,11,N,Routine,2024-09-13 14:13,2024-09-13 14:42,2024-09-13 20:25
LAB717569,ENC107364,PT13951,HGB,Hemoglobin,13.6,g/dL,12,17.5,N,Routine,2024-09-13 14:18,2024-09-13 14:34,2024-09-13 18:04
LAB717570,ENC107364,PT13951,PLT,Platelet Count,206,K/uL,150,400,N,Routine,2024-09-13 14:21,2024-09-13 14:43,2024-09-13 17:48
LAB717571,ENC107368,PT12410,GLU,Glucose,126,mg/dL,70,99,H,STAT,2024-09-13 17:03,2024-09-13 17:35,2024-09-13 18:30
LAB717572,ENC107368,PT12410,CREAT,Creatinine,2.97,mg/dL,0.6,1.3,H,STAT,2024-09-13 17:23,2024-09-13 17:47,2024-09-13 18:06
LAB717573,ENC107368,PT12410,WBC,White Blood Cell Count,9.1,K/uL,4.5,11,N,STAT,2024-09-13 17:36,2024-09-13 17:53,2024-09-13 18:49
LAB717574,ENC107368,PT12410,HGB,Hemoglobin,16.2,g/dL,12,17.5,N,STAT,2024-09-13 17:19,2024-09-13 17:50,2024-09-13 18:35
LAB717575,ENC107368,PT12410,NA,Sodium,143,mmol/L,136,145,N,STAT,2024-09-13 18:07,2024-09-13 18:36,2024-09-13 19:33
LAB717576,ENC107368,PT12410,K,Potassium,4.7,mmol/L,3.5,5.1,N,STAT,2024-09-13 17:49,2024-09-13 17:59,2024-09-13 18:38
LAB717577,ENC107369,PT11262,GLU,Glucose,233,mg/dL,70,99,H,STAT,2024-09-13 17:50,2024-09-13 17:59,2024-09-13 18:29
LAB717578,ENC107369,PT11262,CREAT,Creatinine,0.87,mg/dL,0.6,1.3,N,Routine,2024-09-13 17:50,2024-09-13 17:57,2024-09-13 20:26
LAB717579,ENC107369,PT11262,WBC,White Blood Cell Count,7.7,K/uL,4.5,11,N,Routine,2024-09-13 17:48,2024-09-13 17:56,2024-09-13 20:03
LAB717580,ENC107369,PT11262,HGB,Hemoglobin,14.1,g/dL,12,17.5,N,Routine,2024-09-13 17:27,2024-09-13 17:53,2024-09-13 20:08
LAB717581,ENC107370,PT12085,GLU,Glucose,328,mg/dL,70,99,H,Routine,2024-09-13 20:34,2024-09-13 20:52,2024-09-14 00:11
LAB717582,ENC107370,PT12085,CREAT,Creatinine,1.06,mg/dL,0.6,1.3,N,Routine,2024-09-13 21:15,2024-09-13 21:19,2024-09-14 00:28
LAB717583,ENC107370,PT12085,WBC,White Blood Cell Count,5.1,K/uL,4.5,11,N,Routine,2024-09-13 21:15,2024-09-13 21:47,2024-09-14 01:08
LAB717584,ENC107370,PT12085,HGB,Hemoglobin,14.1,g/dL,12,17.5,N,STAT,2024-09-13 21:20,2024-09-13 21:35,2024-09-13 22:18
LAB717585,ENC107370,PT12085,NA,Sodium,140,mmol/L,136,145,N,Routine,2024-09-13 20:38,2024-09-13 21:01,2024-09-14 00:03
LAB717586,ENC107370,PT12085,K,Potassium,4.5,mmol/L,3.5,5.1,N,STAT,2024-09-13 20:58,2024-09-13 21:02,2024-09-13 21:38
LAB717587,ENC107370,PT12085,A1C,Hemoglobin A1c,9.7,%,4,5.6,H,STAT,2024-09-13 21:18,2024-09-13 21:34,2024-09-13 22:13
LAB717588,ENC107371,PT11894,GLU,Glucose,120,mg/dL,70,99,H,STAT,2024-09-13 18:43,2024-09-13 18:54,2024-09-13 19:20
LAB717589,ENC107371,PT11894,CREAT,Creatinine,0.48,mg/dL,0.6,1.3,L,Routine,2024-09-13 18:28,2024-09-13 18:34,2024-09-13 22:03
LAB717590,ENC107372,PT10552,GLU,Glucose,105,mg/dL,70,99,H,STAT,2024-09-13 20:36,2024-09-13 20:48,2024-09-13 21:24
LAB717591,ENC107372,PT10552,CREAT,Creatinine,6.55,mg/dL,0.6,1.3,H,Routine,2024-09-13 20:58,2024-09-13 21:02,2024-09-14 03:53
LAB717592,ENC107372,PT10552,WBC,White Blood Cell Count,10,K/uL,4.5,11,N,Routine,2024-09-13 20:23,2024-09-13 20:31,2024-09-13 23:20
LAB717593,ENC107372,PT10552,HGB,Hemoglobin,12.4,g/dL,12,17.5,N,Routine,2024-09-13 20:31,2024-09-13 20:41,2024-09-14 00:20
LAB717594,ENC107372,PT10552,NA,Sodium,140,mmol/L,136,145,N,STAT,2024-09-13 21:13,2024-09-13 21:17,2024-09-13 22:04
LAB717595,ENC107372,PT10552,K,Potassium,5.8,mmol/L,3.5,5.1,H,STAT,2024-09-13 20:43,2024-09-13 21:13,2024-09-13 21:52
LAB717596,ENC107373,PT10690,GLU,Glucose,117,mg/dL,70,99,H,STAT,2024-09-14 00:56,2024-09-14 01:26,2024-09-14 02:48
LAB717597,ENC107373,PT10690,CREAT,Creatinine,1.22,mg/dL,0.6,1.3,N,Routine,2024-09-14 00:42,2024-09-14 01:14,2024-09-14 04:34
LAB717598,ENC107373,PT10690,WBC,White Blood Cell Count,2.3,K/uL,4.5,11,L,Routine,2024-09-14 00:40,2024-09-14 01:09,2024-09-14 02:54
LAB717599,ENC107373,PT10690,HGB,Hemoglobin,8.1,g/dL,12,17.5,L,Routine,2024-09-14 00:57,2024-09-14 01:26,2024-09-14 04:31
LAB717600,ENC107373,PT10690,INR,Prothrombin Time INR,1,ratio,0.8,1.2,N,STAT,2024-09-14 00:50,2024-09-14 01:20,2024-09-14 02:45
LAB717601,ENC107374,PT13006,GLU,Glucose,111,mg/dL,70,99,H,STAT,2024-09-13 23:05,2024-09-13 23:22,2024-09-14 00:31
LAB717602,ENC107374,PT13006,CREAT,Creatinine,0.76,mg/dL,0.6,1.3,N,STAT,2024-09-13 22:19,2024-09-13 22:24,2024-09-13 23:07
LAB717603,ENC107374,PT13006,WBC,White Blood Cell Count,6.1,K/uL,4.5,11,N,STAT,2024-09-13 22:50,2024-09-13 23:05,2024-09-13 23:52
LAB717604,ENC107374,PT13006,HGB,Hemoglobin,12.2,g/dL,12,17.5,N,STAT,2024-09-13 22:30,2024-09-13 22:47,2024-09-14 00:07
LAB717605,ENC107375,PT13862,GLU,Glucose,97,mg/dL,70,99,N,STAT,2024-09-13 20:06,2024-09-13 20:23,2024-09-13 21:29
LAB717606,ENC107375,PT13862,CREAT,Creatinine,1.01,mg/dL,0.6,1.3,N,STAT,2024-09-13 21:04,2024-09-13 21:29,2024-09-13 21:54
LAB717607,ENC107375,PT13862,WBC,White Blood Cell Count,7.2,K/uL,4.5,11,N,STAT,2024-09-13 20:47,2024-09-13 21:17,2024-09-13 21:56
LAB717608,ENC107376,PT13549,GLU,Glucose,172,mg/dL,70,99,H,STAT,2024-09-13 20:15,2024-09-13 20:45,2024-09-13 21:24
LAB717609,ENC107376,PT13549,CREAT,Creatinine,0.83,mg/dL,0.6,1.3,N,STAT,2024-09-13 21:13,2024-09-13 21:43,2024-09-13 21:57
LAB717610,ENC107376,PT13549,WBC,White Blood Cell Count,14.9,K/uL,4.5,11,H,Routine,2024-09-13 21:11,2024-09-13 21:38,2024-09-13 23:29
LAB717611,ENC107376,PT13549,HGB,Hemoglobin,14.8,g/dL,12,17.5,N,STAT,2024-09-13 20:16,2024-09-13 20:25,2024-09-13 21:00
LAB717612,ENC107376,PT13549,LACT,Lactate,2.4,mmol/L,0.5,2,H,STAT,2024-09-13 20:51,2024-09-13 21:00,2024-09-13 21:44
LAB717613,ENC107377,PT13834,GLU,Glucose,85,mg/dL,70,99,N,STAT,2024-09-14 05:21,2024-09-14 05:34,2024-09-14 06:06
LAB717614,ENC107377,PT13834,CREAT,Creatinine,1.56,mg/dL,0.6,1.3,H,Routine,2024-09-14 05:07,2024-09-14 05:35,2024-09-14 12:32
LAB717615,ENC107377,PT13834,WBC,White Blood Cell Count,5.7,K/uL,4.5,11,N,STAT,2024-09-14 05:07,2024-09-14 05:12,2024-09-14 05:40
LAB717616,ENC107377,PT13834,HGB,Hemoglobin,9.2,g/dL,12,17.5,L,Routine,2024-09-14 04:59,2024-09-14 05:14,2024-09-14 06:53
LAB717617,ENC107377,PT13834,TROP,"Troponin I, High Sensitivity",783,ng/L,0,34,H,STAT,2024-09-14 05:37,2024-09-14 05:48,2024-09-14 06:18
LAB717618,ENC107379,PT10807,GLU,Glucose,105,mg/dL,70,99,H,STAT,2024-09-14 08:46,2024-09-14 09:03,2024-09-14 09:46
LAB717619,ENC107379,PT10807,CREAT,Creatinine,0.86,mg/dL,0.6,1.3,N,Routine,2024-09-14 08:38,2024-09-14 08:54,2024-09-14 10:52
LAB717620,ENC107381,PT10049,GLU,Glucose,81,mg/dL,70,99,N,STAT,2024-09-14 10:03,2024-09-14 10:11,2024-09-14 11:51
LAB717621,ENC107381,PT10049,CREAT,Creatinine,0.45,mg/dL,0.6,1.3,L,Routine,2024-09-14 10:24,2024-09-14 10:57,2024-09-14 13:10
LAB717622,ENC107381,PT10049,WBC,White Blood Cell Count,7.1,K/uL,4.5,11,N,Routine,2024-09-14 09:36,2024-09-14 10:00,2024-09-14 11:01
LAB717623,ENC107381,PT10049,HGB,Hemoglobin,14.1,g/dL,12,17.5,N,STAT,2024-09-14 09:52,2024-09-14 10:19,2024-09-14 10:54
LAB717624,ENC107383,PT12773,GLU,Glucose,204,mg/dL,70,99,H,STAT,2024-09-14 10:38,2024-09-14 10:52,2024-09-14 12:16
LAB717625,ENC107383,PT12773,CREAT,Creatinine,0.69,mg/dL,0.6,1.3,N,STAT,2024-09-14 11:03,2024-09-14 11:09,2024-09-14 12:01
LAB717626,ENC107383,PT12773,WBC,White Blood Cell Count,9.9,K/uL,4.5,11,N,STAT,2024-09-14 11:26,2024-09-14 11:45,2024-09-14 12:18
LAB717627,ENC107383,PT12773,HGB,Hemoglobin,14.8,g/dL,12,17.5,N,STAT,2024-09-14 10:42,2024-09-14 10:55,2024-09-14 11:54
LAB717628,ENC107383,PT12773,NA,Sodium,141,mmol/L,136,145,N,STAT,2024-09-14 10:55,2024-09-14 11:27,2024-09-14 12:22
LAB717629,ENC107383,PT12773,K,Potassium,4,mmol/L,3.5,5.1,N,STAT,2024-09-14 10:31,2024-09-14 10:48,2024-09-14 12:01
LAB717630,ENC107383,PT12773,BUN,Blood Urea Nitrogen,15,mg/dL,7,20,N,STAT,2024-09-14 11:13,2024-09-14 11:36,2024-09-14 12:23
LAB717631,ENC107383,PT12773,PLT,Platelet Count,226,K/uL,150,400,N,STAT,2024-09-14 11:40,2024-09-14 12:08,2024-09-14 12:45
LAB717632,ENC107383,PT12773,A1C,Hemoglobin A1c,10.2,%,4,5.6,H,Routine,2024-09-14 10:59,2024-09-14 11:12,2024-09-15 01:19
LAB717633,ENC107385,PT12007,GLU,Glucose,62,mg/dL,70,99,L,STAT,2024-09-14 11:56,2024-09-14 12:23,2024-09-14 13:12
LAB717634,ENC107385,PT12007,CREAT,Creatinine,0.79,mg/dL,0.6,1.3,N,Routine,2024-09-14 11:55,2024-09-14 12:14,2024-09-14 15:39
LAB717635,ENC107385,PT12007,WBC,White Blood Cell Count,6.1,K/uL,4.5,11,N,STAT,2024-09-14 12:16,2024-09-14 12:34,2024-09-14 13:32
LAB717636,ENC107385,PT12007,HGB,Hemoglobin,10.8,g/dL,12,17.5,L,STAT,2024-09-14 11:58,2024-09-14 12:13,2024-09-14 13:02
LAB717637,ENC107386,PT13297,GLU,Glucose,125,mg/dL,70,99,H,STAT,2024-09-14 14:35,2024-09-14 14:51,2024-09-14 15:25
LAB717638,ENC107386,PT13297,CREAT,Creatinine,1.02,mg/dL,0.6,1.3,N,Routine,2024-09-14 15:15,2024-09-14 15:20,2024-09-14 19:02
LAB717639,ENC107386,PT13297,WBC,White Blood Cell Count,10.7,K/uL,4.5,11,N,Routine,2024-09-14 14:51,2024-09-14 14:56,2024-09-14 16:17
LAB717640,ENC107386,PT13297,HGB,Hemoglobin,12.3,g/dL,12,17.5,N,STAT,2024-09-14 15:19,2024-09-14 15:49,2024-09-14 16:15
LAB717641,ENC107388,PT11025,GLU,Glucose,126,mg/dL,70,99,H,STAT,2024-09-14 16:17,2024-09-14 16:33,2024-09-14 18:14
LAB717642,ENC107388,PT11025,CREAT,Creatinine,1.11,mg/dL,0.6,1.3,N,Routine,2024-09-14 16:13,2024-09-14 16:30,2024-09-14 19:41
LAB717643,ENC107388,PT11025,WBC,White Blood Cell Count,8,K/uL,4.5,11,N,STAT,2024-09-14 15:47,2024-09-14 15:57,2024-09-14 17:05
LAB717644,ENC107388,PT11025,HGB,Hemoglobin,12.3,g/dL,12,17.5,N,Routine,2024-09-14 16:09,2024-09-14 16:33,2024-09-14 20:34
LAB717645,ENC107389,PT13271,GLU,Glucose,75,mg/dL,70,99,N,STAT,2024-09-14 20:02,2024-09-14 20:30,2024-09-14 21:04
LAB717646,ENC107389,PT13271,CREAT,Creatinine,1.66,mg/dL,0.6,1.3,H,STAT,2024-09-14 19:45,2024-09-14 20:20,2024-09-14 20:56
LAB717647,ENC107389,PT13271,WBC,White Blood Cell Count,3.1,K/uL,4.5,11,L,STAT,2024-09-14 18:55,2024-09-14 19:09,2024-09-14 19:49
LAB717648,ENC107389,PT13271,HGB,Hemoglobin,15.5,g/dL,12,17.5,N,STAT,2024-09-14 19:25,2024-09-14 19:43,2024-09-14 20:30
LAB717649,ENC107389,PT13271,BUN,Blood Urea Nitrogen,12,mg/dL,7,20,N,STAT,2024-09-14 19:58,2024-09-14 20:27,2024-09-14 20:48
LAB717650,ENC107389,PT13271,PLT,Platelet Count,231,K/uL,150,400,N,STAT,2024-09-14 19:38,2024-09-14 20:10,2024-09-14 20:44
LAB717651,ENC107389,PT13271,LACT,Lactate,2.3,mmol/L,0.5,2,H,STAT,2024-09-14 20:00,2024-09-14 20:22,2024-09-14 20:56
LAB717652,ENC107392,PT11300,GLU,Glucose,77,mg/dL,70,99,N,Routine,2024-09-14 22:03,2024-09-14 22:31,2024-09-15 02:43
LAB717653,ENC107392,PT11300,CREAT,Creatinine,0.99,mg/dL,0.6,1.3,N,Routine,2024-09-14 22:42,2024-09-14 23:17,2024-09-15 01:05
LAB717654,ENC107392,PT11300,WBC,White Blood Cell Count,6.8,K/uL,4.5,11,N,Routine,2024-09-14 22:30,2024-09-14 22:44,2024-09-15 02:34
LAB717655,ENC107392,PT11300,HGB,Hemoglobin,16,g/dL,12,17.5,N,Routine,2024-09-14 21:59,2024-09-14 22:19,2024-09-14 23:36
LAB717656,ENC107394,PT10875,GLU,Glucose,110,mg/dL,70,99,H,STAT,2024-09-14 23:10,2024-09-14 23:24,2024-09-15 00:06
LAB717657,ENC107394,PT10875,CREAT,Creatinine,0.87,mg/dL,0.6,1.3,N,STAT,2024-09-14 23:12,2024-09-14 23:26,2024-09-15 00:09
LAB717658,ENC107394,PT10875,WBC,White Blood Cell Count,15.5,K/uL,4.5,11,H,Routine,2024-09-14 23:45,2024-09-15 00:19,2024-09-15 04:52
LAB717659,ENC107394,PT10875,HGB,Hemoglobin,14.9,g/dL,12,17.5,N,Routine,2024-09-15 00:05,2024-09-15 00:33,2024-09-15 04:58
LAB717660,ENC107395,PT13420,GLU,Glucose,137,mg/dL,70,99,H,STAT,2024-09-14 23:58,2024-09-15 00:04,2024-09-15 00:34
LAB717661,ENC107395,PT13420,CREAT,Creatinine,1.36,mg/dL,0.6,1.3,H,STAT,2024-09-14 23:48,2024-09-14 23:59,2024-09-15 00:35
LAB717662,ENC107395,PT13420,WBC,White Blood Cell Count,5.4,K/uL,4.5,11,N,STAT,2024-09-15 00:19,2024-09-15 00:51,2024-09-15 01:12
LAB717663,ENC107395,PT13420,HGB,Hemoglobin,12.4,g/dL,12,17.5,N,Routine,2024-09-15 00:33,2024-09-15 00:44,2024-09-15 06:46
LAB717664,ENC107396,PT10135,GLU,Glucose,154,mg/dL,70,99,H,Routine,2024-09-15 09:57,2024-09-15 10:31,2024-09-15 12:01
LAB717665,ENC107396,PT10135,CREAT,Creatinine,1.17,mg/dL,0.6,1.3,N,Routine,2024-09-15 09:15,2024-09-15 09:29,2024-09-15 13:55
LAB717666,ENC107396,PT10135,WBC,White Blood Cell Count,11.8,K/uL,4.5,11,H,STAT,2024-09-15 09:00,2024-09-15 09:10,2024-09-15 10:35
LAB717667,ENC107396,PT10135,HGB,Hemoglobin,15.5,g/dL,12,17.5,N,STAT,2024-09-15 09:02,2024-09-15 09:23,2024-09-15 09:47
LAB717668,ENC107397,PT10985,GLU,Glucose,128,mg/dL,70,99,H,STAT,2024-09-15 09:24,2024-09-15 09:39,2024-09-15 10:26
LAB717669,ENC107397,PT10985,CREAT,Creatinine,1.05,mg/dL,0.6,1.3,N,STAT,2024-09-15 08:50,2024-09-15 08:55,2024-09-15 09:26
LAB717670,ENC107397,PT10985,WBC,White Blood Cell Count,8,K/uL,4.5,11,N,STAT,2024-09-15 09:41,2024-09-15 09:50,2024-09-15 10:57
LAB717671,ENC107397,PT10985,TROP,"Troponin I, High Sensitivity",6,ng/L,0,34,N,STAT,2024-09-15 09:06,2024-09-15 09:19,2024-09-15 10:12
LAB717672,ENC107398,PT11268,GLU,Glucose,185,mg/dL,70,99,H,Routine,2024-09-15 10:38,2024-09-15 10:58,2024-09-15 14:09
LAB717673,ENC107398,PT11268,CREAT,Creatinine,2.16,mg/dL,0.6,1.3,H,Routine,2024-09-15 11:44,2024-09-15 11:56,2024-09-15 13:18
LAB717674,ENC107398,PT11268,WBC,White Blood Cell Count,6.9,K/uL,4.5,11,N,STAT,2024-09-15 11:10,2024-09-15 11:37,2024-09-15 12:22
LAB717675,ENC107398,PT11268,HGB,Hemoglobin,11.9,g/dL,12,17.5,L,Routine,2024-09-15 11:04,2024-09-15 11:14,2024-09-15 14:20
LAB717676,ENC107398,PT11268,TROP,"Troponin I, High Sensitivity",304,ng/L,0,34,H,STAT,2024-09-15 11:20,2024-09-15 11:40,2024-09-15 12:22
LAB717677,ENC107399,PT11929,GLU,Glucose,107,mg/dL,70,99,H,STAT,2024-09-15 09:18,2024-09-15 09:28,2024-09-15 10:07
LAB717678,ENC107399,PT11929,CREAT,Creatinine,1.05,mg/dL,0.6,1.3,N,Routine,2024-09-15 09:13,2024-09-15 09:36,2024-09-15 12:24
LAB717679,ENC107400,PT12156,GLU,Glucose,84,mg/dL,70,99,N,STAT,2024-09-15 11:32,2024-09-15 11:59,2024-09-15 12:57
LAB717680,ENC107400,PT12156,CREAT,Creatinine,0.94,mg/dL,0.6,1.3,N,Routine,2024-09-15 12:11,2024-09-15 12:34,2024-09-15 16:52
LAB717681,ENC107400,PT12156,WBC,White Blood Cell Count,9.5,K/uL,4.5,11,N,Routine,2024-09-15 11:13,2024-09-15 11:34,2024-09-15 13:37
LAB717682,ENC107400,PT12156,HGB,Hemoglobin,11.2,g/dL,12,17.5,L,Routine,2024-09-15 11:28,2024-09-15 11:42,2024-09-15 13:37
LAB717683,ENC107401,PT13579,GLU,Glucose,74,mg/dL,70,99,N,STAT,2024-09-15 18:16,2024-09-15 18:40,2024-09-15 19:29
LAB717684,ENC107401,PT13579,CREAT,Creatinine,0.95,mg/dL,0.6,1.3,N,STAT,2024-09-15 17:44,2024-09-15 18:01,2024-09-15 19:24
LAB717685,ENC107401,PT13579,WBC,White Blood Cell Count,7.3,K/uL,4.5,11,N,STAT,2024-09-15 18:18,2024-09-15 18:38,2024-09-15 19:20
LAB717686,ENC107401,PT13579,HGB,Hemoglobin,14.2,g/dL,12,17.5,N,Routine,2024-09-15 18:13,2024-09-15 18:43,2024-09-15 22:32
LAB717687,ENC107401,PT13579,TROP,"Troponin I, High Sensitivity",11,ng/L,0,34,N,STAT,2024-09-15 18:24,2024-09-15 18:31,2024-09-15 19:05
LAB717688,ENC107401,PT13579,BNP,B-Type Natriuretic Peptide,440,pg/mL,0,100,H,STAT,2024-09-15 17:50,2024-09-15 17:57,2024-09-15 18:44
LAB717689,ENC107404,PT12015,GLU,Glucose,580,mg/dL,70,99,HH,Routine,2024-09-16 02:04,2024-09-16 02:20,2024-09-16 04:29
LAB717690,ENC107404,PT12015,CREAT,Creatinine,0.66,mg/dL,0.6,1.3,N,STAT,2024-09-16 02:25,2024-09-16 02:39,2024-09-16 03:33
LAB717691,ENC107404,PT12015,WBC,White Blood Cell Count,9.5,K/uL,4.5,11,N,Routine,2024-09-16 01:52,2024-09-16 02:09,2024-09-16 04:17
LAB717692,ENC107404,PT12015,HGB,Hemoglobin,13.7,g/dL,12,17.5,N,Routine,2024-09-16 01:55,2024-09-16 02:16,2024-09-16 04:40
LAB717693,ENC107404,PT12015,NA,Sodium,138,mmol/L,136,145,N,STAT,2024-09-16 02:14,2024-09-16 02:38,2024-09-16 03:21
LAB717694,ENC107404,PT12015,K,Potassium,4.1,mmol/L,3.5,5.1,N,STAT,2024-09-16 02:18,2024-09-16 02:44,2024-09-16 03:15
LAB717695,ENC107404,PT12015,A1C,Hemoglobin A1c,9.9,%,4,5.6,H,Routine,2024-09-16 01:58,2024-09-16 02:03,2024-09-16 17:07
LAB717696,ENC107405,PT10913,GLU,Glucose,56,mg/dL,70,99,L,STAT,2024-09-15 23:41,2024-09-15 23:49,2024-09-16 00:25
LAB717697,ENC107405,PT10913,CREAT,Creatinine,0.48,mg/dL,0.6,1.3,L,STAT,2024-09-15 23:17,2024-09-15 23:33,2024-09-16 00:16
LAB717698,ENC107405,PT10913,WBC,White Blood Cell Count,7.7,K/uL,4.5,11,N,STAT,2024-09-15 23:08,2024-09-15 23:17,2024-09-16 00:14
LAB717699,ENC107405,PT10913,HGB,Hemoglobin,12.8,g/dL,12,17.5,N,STAT,2024-09-15 22:58,2024-09-15 23:22,2024-09-16 00:01
LAB717700,ENC107406,PT10686,GLU,Glucose,100,mg/dL,70,99,H,STAT,2024-09-16 03:10,2024-09-16 03:43,2024-09-16 04:20
LAB717701,ENC107406,PT10686,CREAT,Creatinine,0.81,mg/dL,0.6,1.3,N,Routine,2024-09-16 03:30,2024-09-16 04:02,2024-09-16 06:11
LAB717702,ENC107406,PT10686,WBC,White Blood Cell Count,8.1,K/uL,4.5,11,N,STAT,2024-09-16 04:08,2024-09-16 04:34,2024-09-16 05:14
LAB717703,ENC107406,PT10686,HGB,Hemoglobin,13.3,g/dL,12,17.5,N,Routine,2024-09-16 03:14,2024-09-16 03:27,2024-09-16 05:32
LAB717704,ENC107407,PT12947,GLU,Glucose,85,mg/dL,70,99,N,Routine,2024-09-16 03:36,2024-09-16 03:56,2024-09-16 08:38
LAB717705,ENC107407,PT12947,CREAT,Creatinine,0.77,mg/dL,0.6,1.3,N,STAT,2024-09-16 03:51,2024-09-16 04:07,2024-09-16 05:27
LAB717706,ENC107407,PT12947,WBC,White Blood Cell Count,10.7,K/uL,4.5,11,N,STAT,2024-09-16 03:50,2024-09-16 04:20,2024-09-16 04:44
LAB717707,ENC107407,PT12947,HGB,Hemoglobin,12.9,g/dL,12,17.5,N,STAT,2024-09-16 03:34,2024-09-16 03:58,2024-09-16 04:45
LAB717708,ENC107407,PT12947,NA,Sodium,140,mmol/L,136,145,N,Routine,2024-09-16 03:27,2024-09-16 03:57,2024-09-16 07:52
LAB717709,ENC107407,PT12947,K,Potassium,3.6,mmol/L,3.5,5.1,N,STAT,2024-09-16 03:31,2024-09-16 03:59,2024-09-16 04:38
LAB717710,ENC107408,PT10444,GLU,Glucose,206,mg/dL,70,99,H,STAT,2024-09-16 06:52,2024-09-16 07:23,2024-09-16 07:58
LAB717711,ENC107408,PT10444,CREAT,Creatinine,2.36,mg/dL,0.6,1.3,H,STAT,2024-09-16 07:36,2024-09-16 07:55,2024-09-16 09:00
LAB717712,ENC107408,PT10444,WBC,White Blood Cell Count,9.9,K/uL,4.5,11,N,Routine,2024-09-16 06:54,2024-09-16 07:27,2024-09-16 10:07
LAB717713,ENC107408,PT10444,HGB,Hemoglobin,9.3,g/dL,12,17.5,L,STAT,2024-09-16 07:40,2024-09-16 08:08,2024-09-16 09:33
LAB717714,ENC107410,PT11214,WBC,White Blood Cell Count,8.8,K/uL,4.5,11,N,Routine,2024-09-16 08:35,2024-09-16 08:57,2024-09-16 14:43
LAB717715,ENC107410,PT11214,HGB,Hemoglobin,15.1,g/dL,12,17.5,N,Routine,2024-09-16 08:44,2024-09-16 09:09,2024-09-16 13:04
LAB717716,ENC107410,PT11214,PLT,Platelet Count,271,K/uL,150,400,N,Routine,2024-09-16 08:21,2024-09-16 08:51,2024-09-16 10:26
LAB717717,ENC107411,PT13626,WBC,White Blood Cell Count,10.4,K/uL,4.5,11,N,Routine,2024-09-16 09:35,2024-09-16 10:06,2024-09-16 10:59
LAB717718,ENC107411,PT13626,HGB,Hemoglobin,12.5,g/dL,12,17.5,N,Routine,2024-09-16 09:40,2024-09-16 09:57,2024-09-16 14:42
LAB717719,ENC107411,PT13626,PLT,Platelet Count,171,K/uL,150,400,N,Routine,2024-09-16 09:23,2024-09-16 09:40,2024-09-16 15:09
LAB717720,ENC107412,PT13829,A1C,Hemoglobin A1c,12.1,%,4,5.6,H,Routine,2024-09-16 09:57,2024-09-16 10:22,2024-09-17 04:04
LAB717721,ENC107412,PT13829,GLU,Glucose,428,mg/dL,70,99,H,Routine,2024-09-16 10:11,2024-09-16 10:28,2024-09-16 11:58
LAB717722,ENC107412,PT13829,CREAT,Creatinine,0.73,mg/dL,0.6,1.3,N,Routine,2024-09-16 09:53,2024-09-16 10:15,2024-09-16 12:45
LAB717723,ENC107413,PT11399,WBC,White Blood Cell Count,8.1,K/uL,4.5,11,N,Routine,2024-09-16 09:53,2024-09-16 10:20,2024-09-16 12:06
LAB717724,ENC107413,PT11399,HGB,Hemoglobin,14.6,g/dL,12,17.5,N,Routine,2024-09-16 09:53,2024-09-16 10:25,2024-09-16 12:23
LAB717725,ENC107413,PT11399,PLT,Platelet Count,222,K/uL,150,400,N,Routine,2024-09-16 10:02,2024-09-16 10:24,2024-09-16 13:37
LAB717726,ENC107414,PT10863,GLU,Glucose,126,mg/dL,70,99,H,STAT,2024-09-16 10:05,2024-09-16 10:29,2024-09-16 11:28
LAB717727,ENC107414,PT10863,CREAT,Creatinine,0.97,mg/dL,0.6,1.3,N,STAT,2024-09-16 09:54,2024-09-16 10:22,2024-09-16 11:10
LAB717728,ENC107414,PT10863,WBC,White Blood Cell Count,7.3,K/uL,4.5,11,N,STAT,2024-09-16 10:19,2024-09-16 10:44,2024-09-16 11:32
LAB717729,ENC107414,PT10863,HGB,Hemoglobin,15,g/dL,12,17.5,N,STAT,2024-09-16 10:46,2024-09-16 11:00,2024-09-16 11:32
LAB717730,ENC107414,PT10863,TROP,"Troponin I, High Sensitivity",88,ng/L,0,34,H,STAT,2024-09-16 10:26,2024-09-16 10:49,2024-09-16 11:44
LAB717731,ENC107414,PT10863,BNP,B-Type Natriuretic Peptide,757,pg/mL,0,100,H,Routine,2024-09-16 10:50,2024-09-16 11:20,2024-09-16 13:36
LAB717732,ENC107415,PT13424,WBC,White Blood Cell Count,8.7,K/uL,4.5,11,N,Routine,2024-09-16 11:24,2024-09-16 11:55,2024-09-16 14:04
LAB717733,ENC107415,PT13424,HGB,Hemoglobin,13.5,g/dL,12,17.5,N,Routine,2024-09-16 11:07,2024-09-16 11:23,2024-09-16 16:38
LAB717734,ENC107415,PT13424,PLT,Platelet Count,229,K/uL,150,400,N,Routine,2024-09-16 11:28,2024-09-16 11:36,2024-09-16 14:37
LAB717735,ENC107417,PT13357,GLU,Glucose,121,mg/dL,70,99,H,Routine,2024-09-16 12:02,2024-09-16 12:10,2024-09-16 14:45
LAB717736,ENC107417,PT13357,CREAT,Creatinine,0.52,mg/dL,0.6,1.3,L,STAT,2024-09-16 11:57,2024-09-16 12:24,2024-09-16 13:18
LAB717737,ENC107420,PT12273,GLU,Glucose,99,mg/dL,70,99,N,Routine,2024-09-16 14:25,2024-09-16 14:34,2024-09-16 17:35
LAB717738,ENC107420,PT12273,CREAT,Creatinine,1.34,mg/dL,0.6,1.3,H,STAT,2024-09-16 13:36,2024-09-16 13:50,2024-09-16 14:38
LAB717739,ENC107420,PT12273,WBC,White Blood Cell Count,11.3,K/uL,4.5,11,H,Routine,2024-09-16 14:33,2024-09-16 14:48,2024-09-16 19:57
LAB717740,ENC107420,PT12273,HGB,Hemoglobin,9.2,g/dL,12,17.5,L,Routine,2024-09-16 13:38,2024-09-16 14:11,2024-09-16 16:48
LAB717741,ENC107426,PT12600,LDL,LDL Cholesterol,133,mg/dL,0,99,H,Routine,2024-09-16 16:37,2024-09-16 16:56,2024-09-17 00:54
LAB717742,ENC107426,PT12600,A1C,Hemoglobin A1c,6.2,%,4,5.6,H,Routine,2024-09-16 16:50,2024-09-16 16:54,2024-09-17 05:04
LAB717743,ENC107427,PT10222,GLU,Glucose,122,mg/dL,70,99,H,Routine,2024-09-16 18:36,2024-09-16 19:04,2024-09-16 23:44
LAB717744,ENC107427,PT10222,CREAT,Creatinine,0.79,mg/dL,0.6,1.3,N,STAT,2024-09-16 18:45,2024-09-16 19:12,2024-09-16 19:45
LAB717745,ENC107427,PT10222,WBC,White Blood Cell Count,8.7,K/uL,4.5,11,N,Routine,2024-09-16 18:51,2024-09-16 18:57,2024-09-16 22:06
LAB717746,ENC107427,PT10222,HGB,Hemoglobin,12.1,g/dL,12,17.5,N,STAT,2024-09-16 19:28,2024-09-16 19:46,2024-09-16 20:34
LAB717747,ENC107428,PT10561,GLU,Glucose,84,mg/dL,70,99,N,STAT,2024-09-16 19:28,2024-09-16 19:33,2024-09-16 20:15
LAB717748,ENC107428,PT10561,CREAT,Creatinine,0.86,mg/dL,0.6,1.3,N,STAT,2024-09-16 20:10,2024-09-16 20:35,2024-09-16 20:53
LAB717749,ENC107428,PT10561,TROP,"Troponin I, High Sensitivity",5,ng/L,0,34,N,STAT,2024-09-16 19:56,2024-09-16 20:09,2024-09-16 20:58
LAB717750,ENC107429,PT12193,GLU,Glucose,316,mg/dL,70,99,H,STAT,2024-09-16 23:10,2024-09-16 23:38,2024-09-17 00:17
LAB717751,ENC107429,PT12193,CREAT,Creatinine,2.29,mg/dL,0.6,1.3,H,STAT,2024-09-16 22:17,2024-09-16 22:21,2024-09-16 22:54
LAB717752,ENC107429,PT12193,WBC,White Blood Cell Count,9.6,K/uL,4.5,11,N,STAT,2024-09-16 23:05,2024-09-16 23:27,2024-09-17 00:25
LAB717753,ENC107429,PT12193,HGB,Hemoglobin,11.7,g/dL,12,17.5,L,Routine,2024-09-16 22:28,2024-09-16 22:53,2024-09-17 02:01
LAB717754,ENC107429,PT12193,NA,Sodium,140,mmol/L,136,145,N,Routine,2024-09-16 22:17,2024-09-16 22:45,2024-09-17 05:34
LAB717755,ENC107429,PT12193,K,Potassium,3.7,mmol/L,3.5,5.1,N,STAT,2024-09-16 22:42,2024-09-16 23:09,2024-09-16 23:43
LAB717756,ENC107429,PT12193,A1C,Hemoglobin A1c,9.3,%,4,5.6,H,Routine,2024-09-16 23:04,2024-09-16 23:38,2024-09-17 23:46
LAB717757,ENC107430,PT12165,GLU,Glucose,112,mg/dL,70,99,H,Routine,2024-09-16 21:17,2024-09-16 21:35,2024-09-17 00:21
LAB717758,ENC107430,PT12165,CREAT,Creatinine,1.12,mg/dL,0.6,1.3,N,Routine,2024-09-16 21:08,2024-09-16 21:27,2024-09-17 04:41
LAB717759,ENC107430,PT12165,WBC,White Blood Cell Count,8.2,K/uL,4.5,11,N,STAT,2024-09-16 21:04,2024-09-16 21:21,2024-09-16 22:16
LAB717760,ENC107431,PT10435,GLU,Glucose,95,mg/dL,70,99,N,Routine,2024-09-17 03:25,2024-09-17 03:42,2024-09-17 05:46
LAB717761,ENC107431,PT10435,CREAT,Creatinine,1.05,mg/dL,0.6,1.3,N,Routine,2024-09-17 04:21,2024-09-17 04:49,2024-09-17 06:20
LAB717762,ENC107431,PT10435,WBC,White Blood Cell Count,6.6,K/uL,4.5,11,N,Routine,2024-09-17 04:24,2024-09-17 04:41,2024-09-17 10:22
LAB717763,ENC107431,PT10435,HGB,Hemoglobin,11.8,g/dL,12,17.5,L,STAT,2024-09-17 04:29,2024-09-17 04:45,2024-09-17 05:23
LAB717764,ENC107431,PT10435,NA,Sodium,140,mmol/L,136,145,N,STAT,2024-09-17 03:31,2024-09-17 04:05,2024-09-17 04:40
LAB717765,ENC107431,PT10435,K,Potassium,4.6,mmol/L,3.5,5.1,N,STAT,2024-09-17 04:31,2024-09-17 04:57,2024-09-17 05:58
LAB717766,ENC107431,PT10435,TROP,"Troponin I, High Sensitivity",831,ng/L,0,34,H,STAT,2024-09-17 04:19,2024-09-17 04:24,2024-09-17 05:13
LAB717767,ENC107433,PT12564,GLU,Glucose,101,mg/dL,70,99,H,Routine,2024-09-17 05:30,2024-09-17 05:48,2024-09-17 12:33
LAB717768,ENC107433,PT12564,CREAT,Creatinine,1.18,mg/dL,0.6,1.3,N,Routine,2024-09-17 05:41,2024-09-17 06:01,2024-09-17 13:05
LAB717769,ENC107433,PT12564,WBC,White Blood Cell Count,8.1,K/uL,4.5,11,N,STAT,2024-09-17 05:47,2024-09-17 06:19,2024-09-17 07:02
LAB717770,ENC107433,PT12564,HGB,Hemoglobin,12.9,g/dL,12,17.5,N,Routine,2024-09-17 05:21,2024-09-17 05:33,2024-09-17 09:49
LAB717771,ENC107436,PT11749,GLU,Glucose,184,mg/dL,70,99,H,STAT,2024-09-17 12:04,2024-09-17 12:31,2024-09-17 12:56
LAB717772,ENC107436,PT11749,CREAT,Creatinine,1.28,mg/dL,0.6,1.3,N,STAT,2024-09-17 12:39,2024-09-17 13:07,2024-09-17 13:21
LAB717773,ENC107436,PT11749,WBC,White Blood Cell Count,18,K/uL,4.5,11,H,STAT,2024-09-17 12:52,2024-09-17 13:04,2024-09-17 13:57
LAB717774,ENC107436,PT11749,HGB,Hemoglobin,11,g/dL,12,17.5,L,STAT,2024-09-17 12:36,2024-09-17 12:44,2024-09-17 13:19
LAB717775,ENC107436,PT11749,LACT,Lactate,2.2,mmol/L,0.5,2,H,STAT,2024-09-17 12:40,2024-09-17 12:47,2024-09-17 13:20
LAB717776,ENC107437,PT11165,WBC,White Blood Cell Count,2,K/uL,4.5,11,L,Routine,2024-09-17 10:04,2024-09-17 10:14,2024-09-17 14:07
LAB717777,ENC107437,PT11165,HGB,Hemoglobin,12,g/dL,12,17.5,N,Routine,2024-09-17 09:51,2024-09-17 10:16,2024-09-17 14:06
LAB717778,ENC107437,PT11165,PLT,Platelet Count,304,K/uL,150,400,N,Routine,2024-09-17 10:05,2024-09-17 10:22,2024-09-17 13:44
LAB717779,ENC107438,PT11678,A1C,Hemoglobin A1c,9.4,%,4,5.6,H,Routine,2024-09-17 10:29,2024-09-17 10:53,2024-09-17 22:18
LAB717780,ENC107438,PT11678,GLU,Glucose,182,mg/dL,70,99,H,Routine,2024-09-17 10:27,2024-09-17 10:38,2024-09-17 15:52
LAB717781,ENC107438,PT11678,CREAT,Creatinine,1.72,mg/dL,0.6,1.3,H,Routine,2024-09-17 10:30,2024-09-17 10:40,2024-09-17 11:55
LAB717782,ENC107439,PT12335,A1C,Hemoglobin A1c,5.9,%,4,5.6,H,Routine,2024-09-17 10:23,2024-09-17 10:27,2024-09-18 06:38
LAB717783,ENC107439,PT12335,GLU,Glucose,128,mg/dL,70,99,H,Routine,2024-09-17 10:24,2024-09-17 10:45,2024-09-17 13:33
LAB717784,ENC107439,PT12335,CREAT,Creatinine,0.86,mg/dL,0.6,1.3,N,Routine,2024-09-17 10:19,2024-09-17 10:48,2024-09-17 12:11
LAB717785,ENC107440,PT10230,GLU,Glucose,113,mg/dL,70,99,H,STAT,2024-09-17 11:13,2024-09-17 11:33,2024-09-17 12:12
LAB717786,ENC107440,PT10230,CREAT,Creatinine,0.95,mg/dL,0.6,1.3,N,Routine,2024-09-17 10:46,2024-09-17 10:56,2024-09-17 14:37
LAB717787,ENC107440,PT10230,WBC,White Blood Cell Count,5.1,K/uL,4.5,11,N,STAT,2024-09-17 11:01,2024-09-17 11:08,2024-09-17 11:40
LAB717788,ENC107440,PT10230,HGB,Hemoglobin,4,g/dL,12,17.5,LL,Routine,2024-09-17 11:21,2024-09-17 11:44,2024-09-17 16:32
LAB717789,ENC107440,PT10230,INR,Prothrombin Time INR,1,ratio,0.8,1.2,N,Routine,2024-09-17 10:47,2024-09-17 11:11,2024-09-17 11:51
LAB717790,ENC107441,PT11971,A1C,Hemoglobin A1c,5.2,%,4,5.6,N,Routine,2024-09-17 10:56,2024-09-17 11:00,2024-09-17 23:30
LAB717791,ENC107441,PT11971,GLU,Glucose,105,mg/dL,70,99,H,Routine,2024-09-17 10:54,2024-09-17 10:58,2024-09-17 15:56
LAB717792,ENC107441,PT11971,CREAT,Creatinine,1.06,mg/dL,0.6,1.3,N,Routine,2024-09-17 11:12,2024-09-17 11:24,2024-09-17 14:50
LAB717793,ENC107443,PT13916,WBC,White Blood Cell Count,6.6,K/uL,4.5,11,N,Routine,2024-09-17 11:41,2024-09-17 11:53,2024-09-17 18:35
LAB717794,ENC107443,PT13916,HGB,Hemoglobin,15.3,g/dL,12,17.5,N,Routine,2024-09-17 11:35,2024-09-17 11:54,2024-09-17 16:21
LAB717795,ENC107443,PT13916,PLT,Platelet Count,191,K/uL,150,400,N,Routine,2024-09-17 11:35,2024-09-17 11:58,2024-09-17 15:09
LAB717796,ENC107444,PT13784,A1C,Hemoglobin A1c,11.5,%,4,5.6,H,Routine,2024-09-17 12:15,2024-09-17 12:34,2024-09-17 22:23
LAB717797,ENC107444,PT13784,GLU,Glucose,206,mg/dL,70,99,H,Routine,2024-09-17 12:04,2024-09-17 12:12,2024-09-17 15:21
LAB717798,ENC107444,PT13784,CREAT,Creatinine,0.83,mg/dL,0.6,1.3,N,Routine,2024-09-17 11:50,2024-09-17 12:24,2024-09-17 14:29
LAB717799,ENC107445,PT10264,A1C,Hemoglobin A1c,5.2,%,4,5.6,N,Routine,2024-09-17 12:55,2024-09-17 13:04,2024-09-18 00:42
LAB717800,ENC107446,PT13806,GLU,Glucose,400,mg/dL,70,99,H,STAT,2024-09-17 16:59,2024-09-17 17:13,2024-09-17 19:15
LAB717801,ENC107446,PT13806,CREAT,Creatinine,0.76,mg/dL,0.6,1.3,N,Routine,2024-09-17 17:21,2024-09-17 17:48,2024-09-17 19:18
LAB717802,ENC107446,PT13806,WBC,White Blood Cell Count,7.5,K/uL,4.5,11,N,Routine,2024-09-17 17:51,2024-09-17 18:00,2024-09-17 22:02
LAB717803,ENC107446,PT13806,HGB,Hemoglobin,15.9,g/dL,12,17.5,N,STAT,2024-09-17 16:46,2024-09-17 16:59,2024-09-17 17:22
LAB717804,ENC107446,PT13806,NA,Sodium,142,mmol/L,136,145,N,STAT,2024-09-17 17:32,2024-09-17 17:45,2024-09-17 18:33
LAB717805,ENC107446,PT13806,K,Potassium,4.9,mmol/L,3.5,5.1,N,STAT,2024-09-17 17:33,2024-09-17 18:06,2024-09-17 18:52
LAB717806,ENC107446,PT13806,A1C,Hemoglobin A1c,7.1,%,4,5.6,H,STAT,2024-09-17 16:51,2024-09-17 17:24,2024-09-17 18:04
LAB717807,ENC107450,PT13280,GLU,Glucose,130,mg/dL,70,99,H,STAT,2024-09-17 16:47,2024-09-17 17:17,2024-09-17 17:58
LAB717808,ENC107450,PT13280,CREAT,Creatinine,1.47,mg/dL,0.6,1.3,H,STAT,2024-09-17 16:53,2024-09-17 17:20,2024-09-17 18:03
LAB717809,ENC107450,PT13280,WBC,White Blood Cell Count,18.9,K/uL,4.5,11,H,STAT,2024-09-17 17:40,2024-09-17 17:48,2024-09-17 18:56
LAB717810,ENC107450,PT13280,HGB,Hemoglobin,16.2,g/dL,12,17.5,N,Routine,2024-09-17 17:41,2024-09-17 17:51,2024-09-17 20:03
LAB717811,ENC107450,PT13280,LACT,Lactate,4.7,mmol/L,0.5,2,HH,STAT,2024-09-17 17:35,2024-09-17 18:03,2024-09-17 18:52
LAB717812,ENC107451,PT13176,GLU,Glucose,78,mg/dL,70,99,N,STAT,2024-09-17 15:14,2024-09-17 15:27,2024-09-17 16:57
LAB717813,ENC107451,PT13176,CREAT,Creatinine,0.29,mg/dL,0.6,1.3,L,Routine,2024-09-17 15:38,2024-09-17 15:53,2024-09-17 17:47
LAB717814,ENC107451,PT13176,WBC,White Blood Cell Count,6.3,K/uL,4.5,11,N,STAT,2024-09-17 16:01,2024-09-17 16:08,2024-09-17 17:06
LAB717815,ENC107451,PT13176,HGB,Hemoglobin,14.3,g/dL,12,17.5,N,STAT,2024-09-17 15:18,2024-09-17 15:40,2024-09-17 16:41
LAB717816,ENC107455,PT12726,GLU,Glucose,262,mg/dL,70,99,H,STAT,2024-09-17 18:23,2024-09-17 18:42,2024-09-17 19:21
LAB717817,ENC107455,PT12726,CREAT,Creatinine,0.83,mg/dL,0.6,1.3,N,STAT,2024-09-17 19:22,2024-09-17 19:51,2024-09-17 21:00
LAB717818,ENC107455,PT12726,WBC,White Blood Cell Count,6.3,K/uL,4.5,11,N,Routine,2024-09-17 19:23,2024-09-17 19:58,2024-09-18 05:04
LAB717819,ENC107455,PT12726,HGB,Hemoglobin,13.7,g/dL,12,17.5,N,STAT,2024-09-17 18:20,2024-09-17 18:27,2024-09-17 19:56
LAB717820,ENC107455,PT12726,NA,Sodium,134,mmol/L,136,145,L,STAT,2024-09-17 19:03,2024-09-17 19:34,2024-09-17 20:10
LAB717821,ENC107455,PT12726,K,Potassium,4.3,mmol/L,3.5,5.1,N,STAT,2024-09-17 18:52,2024-09-17 19:05,2024-09-17 19:33
LAB717822,ENC107456,PT10437,GLU,Glucose,120,mg/dL,70,99,H,Routine,2024-09-17 20:00,2024-09-17 20:31,2024-09-17 23:09
LAB717823,ENC107456,PT10437,CREAT,Creatinine,1.16,mg/dL,0.6,1.3,N,STAT,2024-09-17 19:45,2024-09-17 20:06,2024-09-17 20:46
LAB717824,ENC107456,PT10437,WBC,White Blood Cell Count,8.5,K/uL,4.5,11,N,Routine,2024-09-17 20:27,2024-09-17 20:47,2024-09-17 22:13
LAB717825,ENC107456,PT10437,HGB,Hemoglobin,15.4,g/dL,12,17.5,N,Routine,2024-09-17 19:27,2024-09-17 19:44,2024-09-17 22:28
LAB717826,ENC107456,PT10437,BUN,Blood Urea Nitrogen,14,mg/dL,7,20,N,STAT,2024-09-17 20:02,2024-09-17 20:26,2024-09-17 20:56
LAB717827,ENC107456,PT10437,PLT,Platelet Count,314,K/uL,150,400,N,STAT,2024-09-17 20:28,2024-09-17 20:45,2024-09-17 21:10
LAB717828,ENC107457,PT13460,GLU,Glucose,82,mg/dL,70,99,N,Routine,2024-09-17 22:57,2024-09-17 23:07,2024-09-17 23:47
LAB717829,ENC107457,PT13460,CREAT,Creatinine,1.06,mg/dL,0.6,1.3,N,Routine,2024-09-17 23:00,2024-09-17 23:10,2024-09-18 04:52
LAB717830,ENC107457,PT13460,WBC,White Blood Cell Count,4.5,K/uL,4.5,11,N,STAT,2024-09-17 22:30,2024-09-17 23:02,2024-09-17 23:25
LAB717831,ENC107457,PT13460,HGB,Hemoglobin,14,g/dL,12,17.5,N,Routine,2024-09-17 22:38,2024-09-17 23:12,2024-09-18 02:56
LAB717832,ENC107457,PT13460,NA,Sodium,137,mmol/L,136,145,N,STAT,2024-09-17 22:46,2024-09-17 22:52,2024-09-18 00:05
LAB717833,ENC107457,PT13460,K,Potassium,4.4,mmol/L,3.5,5.1,N,STAT,2024-09-17 23:14,2024-09-17 23:21,2024-09-18 00:43
LAB717834,ENC107459,PT10871,GLU,Glucose,222,mg/dL,70,99,H,Routine,2024-09-18 00:37,2024-09-18 01:07,2024-09-18 02:39
LAB717835,ENC107459,PT10871,CREAT,Creatinine,1.02,mg/dL,0.6,1.3,N,Routine,2024-09-18 00:51,2024-09-18 01:04,2024-09-18 04:08
LAB717836,ENC107459,PT10871,WBC,White Blood Cell Count,7.3,K/uL,4.5,11,N,STAT,2024-09-18 01:20,2024-09-18 01:28,2024-09-18 02:31
LAB717837,ENC107460,PT10595,GLU,Glucose,102,mg/dL,70,99,H,STAT,2024-09-18 00:49,2024-09-18 01:21,2024-09-18 02:24
LAB717838,ENC107460,PT10595,CREAT,Creatinine,1.81,mg/dL,0.6,1.3,H,STAT,2024-09-18 01:36,2024-09-18 01:47,2024-09-18 02:33
LAB717839,ENC107460,PT10595,TROP,"Troponin I, High Sensitivity",6,ng/L,0,34,N,STAT,2024-09-18 01:21,2024-09-18 01:37,2024-09-18 02:22
LAB717840,ENC107461,PT11673,GLU,Glucose,90,mg/dL,70,99,N,Routine,2024-09-18 07:19,2024-09-18 07:42,2024-09-18 10:52
LAB717841,ENC107461,PT11673,CREAT,Creatinine,1.04,mg/dL,0.6,1.3,N,Routine,2024-09-18 06:30,2024-09-18 06:39,2024-09-18 07:57
LAB717842,ENC107461,PT11673,WBC,White Blood Cell Count,10.3,K/uL,4.5,11,N,STAT,2024-09-18 06:34,2024-09-18 07:00,2024-09-18 07:59
LAB717843,ENC107461,PT11673,HGB,Hemoglobin,14.3,g/dL,12,17.5,N,STAT,2024-09-18 06:09,2024-09-18 06:37,2024-09-18 08:24
LAB717844,ENC107462,PT13348,GLU,Glucose,65,mg/dL,70,99,L,STAT,2024-09-18 08:11,2024-09-18 08:35,2024-09-18 09:25
LAB717845,ENC107462,PT13348,CREAT,Creatinine,0.82,mg/dL,0.6,1.3,N,Routine,2024-09-18 07:26,2024-09-18 07:49,2024-09-18 12:07
LAB717846,ENC107462,PT13348,WBC,White Blood Cell Count,7.3,K/uL,4.5,11,N,STAT,2024-09-18 07:57,2024-09-18 08:03,2024-09-18 10:31
LAB717847,ENC107462,PT13348,HGB,Hemoglobin,12.7,g/dL,12,17.5,N,Routine,2024-09-18 07:31,2024-09-18 07:41,2024-09-18 09:48
LAB717848,ENC107463,PT13054,GLU,Glucose,125,mg/dL,70,99,H,STAT,2024-09-18 09:23,2024-09-18 09:45,2024-09-18 10:34
LAB717849,ENC107463,PT13054,CREAT,Creatinine,0.84,mg/dL,0.6,1.3,N,Routine,2024-09-18 09:32,2024-09-18 09:36,2024-09-18 14:28
LAB717850,ENC107463,PT13054,WBC,White Blood Cell Count,9.2,K/uL,4.5,11,N,Routine,2024-09-18 09:39,2024-09-18 09:53,2024-09-18 12:56
LAB717851,ENC107464,PT12756,GLU,Glucose,103,mg/dL,70,99,H,Routine,2024-09-18 13:04,2024-09-18 13:22,2024-09-18 16:14
LAB717852,ENC107464,PT12756,CREAT,Creatinine,0.92,mg/dL,0.6,1.3,N,STAT,2024-09-18 13:11,2024-09-18 13:39,2024-09-18 14:02
LAB717853,ENC107464,PT12756,WBC,White Blood Cell Count,7.4,K/uL,4.5,11,N,STAT,2024-09-18 14:00,2024-09-18 14:04,2024-09-18 15:12
LAB717854,ENC107464,PT12756,HGB,Hemoglobin,13.4,g/dL,12,17.5,N,STAT,2024-09-18 13:59,2024-09-18 14:28,2024-09-18 15:00
LAB717855,ENC107464,PT12756,INR,Prothrombin Time INR,1.1,ratio,0.8,1.2,N,Routine,2024-09-18 12:58,2024-09-18 13:12,2024-09-18 15:14
LAB717856,ENC107465,PT12954,WBC,White Blood Cell Count,8.4,K/uL,4.5,11,N,Routine,2024-09-18 10:05,2024-09-18 10:15,2024-09-18 12:02
LAB717857,ENC107465,PT12954,HGB,Hemoglobin,13.4,g/dL,12,17.5,N,Routine,2024-09-18 10:30,2024-09-18 10:57,2024-09-18 12:48
LAB717858,ENC107465,PT12954,PLT,Platelet Count,170,K/uL,150,400,N,Routine,2024-09-18 10:11,2024-09-18 10:43,2024-09-18 12:29
LAB717859,ENC107467,PT12543,LDL,LDL Cholesterol,113,mg/dL,0,99,H,Routine,2024-09-18 11:30,2024-09-18 11:53,2024-09-19 01:59
LAB717860,ENC107468,PT13646,A1C,Hemoglobin A1c,8.8,%,4,5.6,H,Routine,2024-09-18 11:55,2024-09-18 12:16,2024-09-18 21:43
LAB717861,ENC107470,PT10584,LDL,LDL Cholesterol,119,mg/dL,0,99,H,Routine,2024-09-18 13:56,2024-09-18 14:16,2024-09-19 05:03
LAB717862,ENC107472,PT11041,GLU,Glucose,67,mg/dL,70,99,L,STAT,2024-09-18 17:24,2024-09-18 17:34,2024-09-18 18:20
LAB717863,ENC107472,PT11041,CREAT,Creatinine,1.23,mg/dL,0.6,1.3,N,STAT,2024-09-18 16:55,2024-09-18 17:23,2024-09-18 18:11
LAB717864,ENC107472,PT11041,WBC,White Blood Cell Count,6.7,K/uL,4.5,11,N,STAT,2024-09-18 17:07,2024-09-18 17:28,2024-09-18 18:27
LAB717865,ENC107472,PT11041,HGB,Hemoglobin,10.5,g/dL,12,17.5,L,Routine,2024-09-18 16:44,2024-09-18 17:16,2024-09-18 18:51
LAB717866,ENC107472,PT11041,BUN,Blood Urea Nitrogen,18,mg/dL,7,20,N,Routine,2024-09-18 16:55,2024-09-18 17:00,2024-09-18 19:06
LAB717867,ENC107472,PT11041,PLT,Platelet Count,249,K/uL,150,400,N,STAT,2024-09-18 17:51,2024-09-18 18:13,2024-09-18 19:19
LAB717868,ENC107472,PT11041,TROP,"Troponin I, High Sensitivity",12,ng/L,0,34,N,STAT,2024-09-18 16:56,2024-09-18 17:11,2024-09-18 17:58
LAB717869,ENC107472,PT11041,BNP,B-Type Natriuretic Peptide,1038,pg/mL,0,100,H,STAT,2024-09-18 16:49,2024-09-18 16:56,2024-09-18 17:51
LAB717870,ENC107473,PT12450,GLU,Glucose,99,mg/dL,70,99,N,STAT,2024-09-18 18:41,2024-09-18 19:08,2024-09-18 19:43
LAB717871,ENC107473,PT12450,CREAT,Creatinine,0.84,mg/dL,0.6,1.3,N,Routine,2024-09-18 18:24,2024-09-18 18:46,2024-09-18 21:14
LAB717872,ENC107473,PT12450,WBC,White Blood Cell Count,7.3,K/uL,4.5,11,N,Routine,2024-09-18 18:41,2024-09-18 18:53,2024-09-18 20:30
LAB717873,ENC107473,PT12450,HGB,Hemoglobin,12.3,g/dL,12,17.5,N,STAT,2024-09-18 18:39,2024-09-18 18:52,2024-09-18 19:10
LAB717874,ENC107478,PT11398,GLU,Glucose,134,mg/dL,70,99,H,STAT,2024-09-18 22:26,2024-09-18 22:59,2024-09-18 23:31
LAB717875,ENC107478,PT11398,CREAT,Creatinine,0.8,mg/dL,0.6,1.3,N,Routine,2024-09-18 22:33,2024-09-18 22:59,2024-09-19 02:57
LAB717876,ENC107478,PT11398,WBC,White Blood Cell Count,9.7,K/uL,4.5,11,N,Routine,2024-09-18 23:10,2024-09-18 23:39,2024-09-19 00:30
LAB717877,ENC107478,PT11398,HGB,Hemoglobin,14.3,g/dL,12,17.5,N,Routine,2024-09-18 22:35,2024-09-18 22:42,2024-09-19 02:03
LAB717878,ENC107478,PT11398,TROP,"Troponin I, High Sensitivity",4,ng/L,0,34,N,STAT,2024-09-18 22:21,2024-09-18 22:30,2024-09-19 00:11
LAB717879,ENC107478,PT11398,BNP,B-Type Natriuretic Peptide,919,pg/mL,0,100,H,STAT,2024-09-18 23:11,2024-09-18 23:46,2024-09-19 00:35
LAB717880,ENC107479,PT11863,GLU,Glucose,377,mg/dL,70,99,H,STAT,2024-09-18 17:29,2024-09-18 17:52,2024-09-18 18:19
LAB717881,ENC107479,PT11863,CREAT,Creatinine,0.76,mg/dL,0.6,1.3,N,Routine,2024-09-18 17:39,2024-09-18 18:09,2024-09-18 20:08
LAB717882,ENC107479,PT11863,WBC,White Blood Cell Count,6.4,K/uL,4.5,11,N,Routine,2024-09-18 18:33,2024-09-18 18:50,2024-09-18 22:40
LAB717883,ENC107479,PT11863,HGB,Hemoglobin,14.7,g/dL,12,17.5,N,Routine,2024-09-18 17:32,2024-09-18 17:40,2024-09-19 00:54
LAB717884,ENC107479,PT11863,NA,Sodium,139,mmol/L,136,145,N,Routine,2024-09-18 18:07,2024-09-18 18:32,2024-09-19 02:13
LAB717885,ENC107479,PT11863,K,Potassium,4,mmol/L,3.5,5.1,N,STAT,2024-09-18 18:01,2024-09-18 18:15,2024-09-18 19:31
LAB717886,ENC107479,PT11863,A1C,Hemoglobin A1c,8,%,4,5.6,H,STAT,2024-09-18 18:05,2024-09-18 18:15,2024-09-18 19:07
LAB717887,ENC107483,PT11361,GLU,Glucose,92,mg/dL,70,99,N,STAT,2024-09-19 00:43,2024-09-19 01:03,2024-09-19 02:03
LAB717888,ENC107483,PT11361,CREAT,Creatinine,2.02,mg/dL,0.6,1.3,H,Routine,2024-09-19 00:46,2024-09-19 01:09,2024-09-19 04:47
LAB717889,ENC107483,PT11361,WBC,White Blood Cell Count,13,K/uL,4.5,11,H,STAT,2024-09-19 00:06,2024-09-19 00:37,2024-09-19 01:04
LAB717890,ENC107483,PT11361,HGB,Hemoglobin,9.9,g/dL,12,17.5,L,STAT,2024-09-19 00:38,2024-09-19 00:50,2024-09-19 01:07
LAB717891,ENC107483,PT11361,LACT,Lactate,3.5,mmol/L,0.5,2,H,STAT,2024-09-19 00:28,2024-09-19 00:56,2024-09-19 01:28
LAB717892,ENC107484,PT10801,GLU,Glucose,111,mg/dL,70,99,H,Routine,2024-09-18 21:20,2024-09-18 21:45,2024-09-19 01:15
LAB717893,ENC107484,PT10801,CREAT,Creatinine,1.06,mg/dL,0.6,1.3,N,STAT,2024-09-18 21:20,2024-09-18 21:32,2024-09-18 22:23
LAB717894,ENC107484,PT10801,WBC,White Blood Cell Count,6.8,K/uL,4.5,11,N,STAT,2024-09-18 21:14,2024-09-18 21:26,2024-09-18 22:21
LAB717895,ENC107484,PT10801,HGB,Hemoglobin,13.5,g/dL,12,17.5,N,Routine,2024-09-18 21:08,2024-09-18 21:33,2024-09-19 02:25
LAB717896,ENC107485,PT13880,GLU,Glucose,179,mg/dL,70,99,H,STAT,2024-09-19 02:04,2024-09-19 02:38,2024-09-19 03:23
LAB717897,ENC107485,PT13880,CREAT,Creatinine,0.85,mg/dL,0.6,1.3,N,Routine,2024-09-19 02:24,2024-09-19 02:49,2024-09-19 05:13
LAB717898,ENC107485,PT13880,WBC,White Blood Cell Count,4.9,K/uL,4.5,11,N,STAT,2024-09-19 01:51,2024-09-19 02:06,2024-09-19 02:50
LAB717899,ENC107485,PT13880,HGB,Hemoglobin,15.1,g/dL,12,17.5,N,STAT,2024-09-19 02:13,2024-09-19 02:28,2024-09-19 02:53
LAB717900,ENC107485,PT13880,TROP,"Troponin I, High Sensitivity",52,ng/L,0,34,H,STAT,2024-09-19 01:59,2024-09-19 02:33,2024-09-19 02:53
LAB717901,ENC107485,PT13880,BNP,B-Type Natriuretic Peptide,4236,pg/mL,0,100,H,STAT,2024-09-19 02:03,2024-09-19 02:14,2024-09-19 02:48
LAB717902,ENC107486,PT11222,GLU,Glucose,114,mg/dL,70,99,H,STAT,2024-09-18 22:35,2024-09-18 22:42,2024-09-18 23:55
LAB717903,ENC107486,PT11222,CREAT,Creatinine,0.93,mg/dL,0.6,1.3,N,STAT,2024-09-18 22:19,2024-09-18 22:42,2024-09-18 23:47
LAB717904,ENC107486,PT11222,WBC,White Blood Cell Count,8.9,K/uL,4.5,11,N,Routine,2024-09-18 22:32,2024-09-18 22:45,2024-09-19 00:48
LAB717905,ENC107486,PT11222,HGB,Hemoglobin,16,g/dL,12,17.5,N,STAT,2024-09-18 22:35,2024-09-18 22:39,2024-09-18 23:53
LAB717906,ENC107486,PT11222,INR,Prothrombin Time INR,1.1,ratio,0.8,1.2,N,Routine,2024-09-18 23:16,2024-09-18 23:20,2024-09-19 05:33
LAB717907,ENC107489,PT10011,GLU,Glucose,137,mg/dL,70,99,H,Routine,2024-09-19 06:10,2024-09-19 06:42,2024-09-19 09:20
LAB717908,ENC107489,PT10011,CREAT,Creatinine,1.84,mg/dL,0.6,1.3,H,STAT,2024-09-19 07:08,2024-09-19 07:22,2024-09-19 07:56
LAB717909,ENC107489,PT10011,WBC,White Blood Cell Count,5.5,K/uL,4.5,11,N,Routine,2024-09-19 07:13,2024-09-19 07:29,2024-09-19 10:16
LAB717910,ENC107489,PT10011,HGB,Hemoglobin,12.6,g/dL,12,17.5,N,STAT,2024-09-19 06:41,2024-09-19 07:09,2024-09-19 07:33
LAB717911,ENC107489,PT10011,BUN,Blood Urea Nitrogen,12,mg/dL,7,20,N,STAT,2024-09-19 07:11,2024-09-19 07:42,2024-09-19 08:23
LAB717912,ENC107489,PT10011,PLT,Platelet Count,311,K/uL,150,400,N,Routine,2024-09-19 06:35,2024-09-19 06:42,2024-09-19 10:21
LAB717913,ENC107490,PT11095,A1C,Hemoglobin A1c,11.1,%,4,5.6,H,Routine,2024-09-19 08:12,2024-09-19 08:16,2024-09-20 01:49
LAB717914,ENC107492,PT13369,GLU,Glucose,58,mg/dL,70,99,L,Routine,2024-09-19 12:30,2024-09-19 12:35,2024-09-19 16:10
LAB717915,ENC107492,PT13369,CREAT,Creatinine,1.19,mg/dL,0.6,1.3,N,STAT,2024-09-19 12:44,2024-09-19 13:08,2024-09-19 13:36
LAB717916,ENC107492,PT13369,WBC,White Blood Cell Count,5.6,K/uL,4.5,11,N,STAT,2024-09-19 12:12,2024-09-19 12:27,2024-09-19 12:56
LAB717917,ENC107492,PT13369,HGB,Hemoglobin,13.8,g/dL,12,17.5,N,STAT,2024-09-19 13:00,2024-09-19 13:33,2024-09-19 14:15
LAB717918,ENC107492,PT13369,TROP,"Troponin I, High Sensitivity",3894,ng/L,0,34,H,STAT,2024-09-19 12:40,2024-09-19 12:55,2024-09-19 13:24
LAB717919,ENC107495,PT12576,LDL,LDL Cholesterol,154,mg/dL,0,99,H,Routine,2024-09-19 10:12,2024-09-19 10:41,2024-09-19 23:54
LAB717920,ENC107495,PT12576,A1C,Hemoglobin A1c,7.4,%,4,5.6,H,Routine,2024-09-19 10:06,2024-09-19 10:22,2024-09-19 22:33
LAB717921,ENC107497,PT13519,GLU,Glucose,125,mg/dL,70,99,H,Routine,2024-09-19 13:42,2024-09-19 13:54,2024-09-19 15:31
LAB717922,ENC107497,PT13519,CREAT,Creatinine,0.87,mg/dL,0.6,1.3,N,STAT,2024-09-19 13:29,2024-09-19 13:48,2024-09-19 14:22
LAB717923,ENC107497,PT13519,WBC,White Blood Cell Count,6.3,K/uL,4.5,11,N,STAT,2024-09-19 14:04,2024-09-19 14:32,2024-09-19 15:23
LAB717924,ENC107497,PT13519,HGB,Hemoglobin,14.1,g/dL,12,17.5,N,STAT,2024-09-19 13:46,2024-09-19 13:53,2024-09-19 14:41
LAB717925,ENC107497,PT13519,TROP,"Troponin I, High Sensitivity",672,ng/L,0,34,H,STAT,2024-09-19 13:25,2024-09-19 13:33,2024-09-19 14:14
LAB717926,ENC107499,PT10461,GLU,Glucose,110,mg/dL,70,99,H,STAT,2024-09-19 14:02,2024-09-19 14:27,2024-09-19 15:13
LAB717927,ENC107499,PT10461,CREAT,Creatinine,0.58,mg/dL,0.6,1.3,L,STAT,2024-09-19 14:03,2024-09-19 14:15,2024-09-19 14:52
LAB717928,ENC107499,PT10461,WBC,White Blood Cell Count,6.6,K/uL,4.5,11,N,STAT,2024-09-19 14:14,2024-09-19 14:47,2024-09-19 15:18
LAB717929,ENC107499,PT10461,HGB,Hemoglobin,14.9,g/dL,12,17.5,N,STAT,2024-09-19 13:52,2024-09-19 14:01,2024-09-19 15:34
LAB717930,ENC107499,PT10461,TROP,"Troponin I, High Sensitivity",94,ng/L,0,34,H,STAT,2024-09-19 13:08,2024-09-19 13:26,2024-09-19 14:04
LAB717931,ENC107499,PT10461,BNP,B-Type Natriuretic Peptide,818,pg/mL,0,100,H,STAT,2024-09-19 13:18,2024-09-19 13:45,2024-09-19 14:22
LAB717932,ENC107501,PT12171,GLU,Glucose,117,mg/dL,70,99,H,STAT,2024-09-19 11:47,2024-09-19 11:51,2024-09-19 12:50
LAB717933,ENC107501,PT12171,CREAT,Creatinine,0.9,mg/dL,0.6,1.3,N,Routine,2024-09-19 10:58,2024-09-19 11:03,2024-09-19 12:20
LAB717934,ENC107501,PT12171,WBC,White Blood Cell Count,9.6,K/uL,4.5,11,N,STAT,2024-09-19 11:19,2024-09-19 11:37,2024-09-19 12:18
LAB717935,ENC107502,PT13622,LDL,LDL Cholesterol,164,mg/dL,0,99,H,Routine,2024-09-19 12:20,2024-09-19 12:52,2024-09-19 21:35
LAB717936,ENC107508,PT13293,TROP,"Troponin I, High Sensitivity",2,ng/L,0,34,N,STAT,2024-09-19 17:04,2024-09-19 17:37,2024-09-19 18:31
LAB717937,ENC107509,PT13738,GLU,Glucose,84,mg/dL,70,99,N,Routine,2024-09-19 20:58,2024-09-19 21:32,2024-09-20 00:01
LAB717938,ENC107509,PT13738,CREAT,Creatinine,0.97,mg/dL,0.6,1.3,N,STAT,2024-09-19 20:49,2024-09-19 21:03,2024-09-19 22:13
LAB717939,ENC107509,PT13738,WBC,White Blood Cell Count,7.6,K/uL,4.5,11,N,Routine,2024-09-19 21:10,2024-09-19 21:23,2024-09-19 23:24
LAB717940,ENC107509,PT13738,HGB,Hemoglobin,14.5,g/dL,12,17.5,N,STAT,2024-09-19 21:28,2024-09-19 21:35,2024-09-19 22:22
LAB717941,ENC107510,PT11493,GLU,Glucose,89,mg/dL,70,99,N,STAT,2024-09-19 19:39,2024-09-19 20:10,2024-09-19 20:37
LAB717942,ENC107510,PT11493,CREAT,Creatinine,1.12,mg/dL,0.6,1.3,N,STAT,2024-09-19 19:19,2024-09-19 19:37,2024-09-19 21:03
LAB717943,ENC107514,PT11652,GLU,Glucose,103,mg/dL,70,99,H,STAT,2024-09-20 02:28,2024-09-20 02:43,2024-09-20 03:32
LAB717944,ENC107514,PT11652,CREAT,Creatinine,0.9,mg/dL,0.6,1.3,N,STAT,2024-09-20 02:04,2024-09-20 02:33,2024-09-20 02:58
LAB717945,ENC107514,PT11652,WBC,White Blood Cell Count,10.6,K/uL,4.5,11,N,STAT,2024-09-20 01:51,2024-09-20 02:21,2024-09-20 04:03
LAB717946,ENC107515,PT12761,GLU,Glucose,110,mg/dL,70,99,H,STAT,2024-09-20 03:57,2024-09-20 04:20,2024-09-20 04:59
LAB717947,ENC107515,PT12761,CREAT,Creatinine,0.94,mg/dL,0.6,1.3,N,Routine,2024-09-20 03:57,2024-09-20 04:32,2024-09-20 06:11
LAB717948,ENC107515,PT12761,WBC,White Blood Cell Count,5.6,K/uL,4.5,11,N,Routine,2024-09-20 03:01,2024-09-20 03:33,2024-09-20 07:08
LAB717949,ENC107515,PT12761,HGB,Hemoglobin,14.1,g/dL,12,17.5,N,STAT,2024-09-20 03:42,2024-09-20 03:54,2024-09-20 04:41
LAB717950,ENC107515,PT12761,TROP,"Troponin I, High Sensitivity",250,ng/L,0,34,H,STAT,2024-09-20 03:02,2024-09-20 03:22,2024-09-20 03:57
LAB717951,ENC107516,PT10766,GLU,Glucose,113,mg/dL,70,99,H,Routine,2024-09-20 08:15,2024-09-20 08:29,2024-09-20 09:23
LAB717952,ENC107516,PT10766,CREAT,Creatinine,1.18,mg/dL,0.6,1.3,N,STAT,2024-09-20 08:42,2024-09-20 09:01,2024-09-20 09:59
LAB717953,ENC107516,PT10766,WBC,White Blood Cell Count,9.8,K/uL,4.5,11,N,Routine,2024-09-20 08:06,2024-09-20 08:13,2024-09-20 13:20
LAB717954,ENC107516,PT10766,HGB,Hemoglobin,9.3,g/dL,12,17.5,L,Routine,2024-09-20 08:41,2024-09-20 08:55,2024-09-20 11:41
LAB717955,ENC107516,PT10766,NA,Sodium,138,mmol/L,136,145,N,STAT,2024-09-20 08:56,2024-09-20 09:29,2024-09-20 09:49
LAB717956,ENC107516,PT10766,K,Potassium,3.6,mmol/L,3.5,5.1,N,STAT,2024-09-20 08:39,2024-09-20 08:51,2024-09-20 10:10
LAB717957,ENC107516,PT10766,INR,Prothrombin Time INR,1.2,ratio,0.8,1.2,N,Routine,2024-09-20 08:39,2024-09-20 08:46,2024-09-20 10:44
LAB717958,ENC107517,PT13299,GLU,Glucose,122,mg/dL,70,99,H,STAT,2024-09-20 09:11,2024-09-20 09:38,2024-09-20 11:02
LAB717959,ENC107517,PT13299,CREAT,Creatinine,1.27,mg/dL,0.6,1.3,N,STAT,2024-09-20 08:49,2024-09-20 09:09,2024-09-20 09:48
LAB717960,ENC107520,PT10499,TROP,"Troponin I, High Sensitivity",0,ng/L,0,34,N,STAT,2024-09-20 09:40,2024-09-20 09:46,2024-09-20 10:53
LAB717961,ENC107521,PT10411,TROP,"Troponin I, High Sensitivity",10,ng/L,0,34,N,STAT,2024-09-20 09:36,2024-09-20 09:40,2024-09-20 10:22
LAB717962,ENC107528,PT10190,LDL,LDL Cholesterol,71,mg/dL,0,99,N,Routine,2024-09-20 11:22,2024-09-20 11:39,2024-09-21 11:56
LAB717963,ENC107531,PT11061,WBC,White Blood Cell Count,9.1,K/uL,4.5,11,N,Routine,2024-09-20 11:36,2024-09-20 11:45,2024-09-20 15:38
LAB717964,ENC107531,PT11061,HGB,Hemoglobin,11.9,g/dL,12,17.5,L,Routine,2024-09-20 11:47,2024-09-20 11:57,2024-09-20 17:24
LAB717965,ENC107531,PT11061,PLT,Platelet Count,285,K/uL,150,400,N,Routine,2024-09-20 11:47,2024-09-20 12:07,2024-09-20 13:31
LAB717966,ENC107533,PT13923,GLU,Glucose,167,mg/dL,70,99,H,STAT,2024-09-20 12:51,2024-09-20 13:02,2024-09-20 13:38
LAB717967,ENC107533,PT13923,CREAT,Creatinine,0.76,mg/dL,0.6,1.3,N,STAT,2024-09-20 12:45,2024-09-20 13:02,2024-09-20 13:38
LAB717968,ENC107534,PT11384,GLU,Glucose,142,mg/dL,70,99,H,Routine,2024-09-20 16:57,2024-09-20 17:22,2024-09-20 19:24
LAB717969,ENC107534,PT11384,CREAT,Creatinine,1.3,mg/dL,0.6,1.3,N,STAT,2024-09-20 17:14,2024-09-20 17:21,2024-09-20 17:54
LAB717970,ENC107534,PT11384,WBC,White Blood Cell Count,5.9,K/uL,4.5,11,N,STAT,2024-09-20 16:31,2024-09-20 16:53,2024-09-20 17:19
LAB717971,ENC107534,PT11384,HGB,Hemoglobin,16.4,g/dL,12,17.5,N,STAT,2024-09-20 17:05,2024-09-20 17:19,2024-09-20 17:43
LAB717972,ENC107536,PT11826,A1C,Hemoglobin A1c,7.5,%,4,5.6,H,Routine,2024-09-20 12:41,2024-09-20 12:46,2024-09-21 10:48
LAB717973,ENC107536,PT11826,GLU,Glucose,203,mg/dL,70,99,H,Routine,2024-09-20 12:38,2024-09-20 13:06,2024-09-20 15:43
LAB717974,ENC107536,PT11826,CREAT,Creatinine,0.72,mg/dL,0.6,1.3,N,Routine,2024-09-20 12:58,2024-09-20 13:13,2024-09-20 16:30
LAB717975,ENC107539,PT12369,A1C,Hemoglobin A1c,9.4,%,4,5.6,H,Routine,2024-09-20 13:52,2024-09-20 14:13,2024-09-21 02:49
LAB717976,ENC107539,PT12369,GLU,Glucose,109,mg/dL,70,99,H,Routine,2024-09-20 13:57,2024-09-20 14:27,2024-09-20 20:53
LAB717977,ENC107539,PT12369,CREAT,Creatinine,1.17,mg/dL,0.6,1.3,N,Routine,2024-09-20 14:04,2024-09-20 14:38,2024-09-20 17:33
LAB717978,ENC107540,PT10811,LDL,LDL Cholesterol,120,mg/dL,0,99,H,Routine,2024-09-20 14:10,2024-09-20 14:40,2024-09-21 02:17
LAB717979,ENC107543,PT11623,GLU,Glucose,178,mg/dL,70,99,H,STAT,2024-09-20 15:44,2024-09-20 15:49,2024-09-20 16:34
LAB717980,ENC107543,PT11623,CREAT,Creatinine,1.78,mg/dL,0.6,1.3,H,STAT,2024-09-20 16:12,2024-09-20 16:23,2024-09-20 17:13
LAB717981,ENC107543,PT11623,WBC,White Blood Cell Count,11.5,K/uL,4.5,11,H,STAT,2024-09-20 16:45,2024-09-20 16:49,2024-09-20 17:19
LAB717982,ENC107543,PT11623,HGB,Hemoglobin,14.3,g/dL,12,17.5,N,STAT,2024-09-20 16:30,2024-09-20 17:04,2024-09-20 18:39
LAB717983,ENC107543,PT11623,NA,Sodium,141,mmol/L,136,145,N,Routine,2024-09-20 15:39,2024-09-20 15:47,2024-09-20 17:29
LAB717984,ENC107543,PT11623,K,Potassium,3.9,mmol/L,3.5,5.1,N,STAT,2024-09-20 16:22,2024-09-20 16:42,2024-09-20 17:23
LAB717985,ENC107543,PT11623,LACT,Lactate,4.1,mmol/L,0.5,2,HH,STAT,2024-09-20 16:32,2024-09-20 16:53,2024-09-20 17:41
LAB717986,ENC107547,PT10666,GLU,Glucose,101,mg/dL,70,99,H,STAT,2024-09-20 17:48,2024-09-20 18:05,2024-09-20 18:56
LAB717987,ENC107547,PT10666,CREAT,Creatinine,1.1,mg/dL,0.6,1.3,N,STAT,2024-09-20 17:13,2024-09-20 17:33,2024-09-20 18:15
LAB717988,ENC107547,PT10666,WBC,White Blood Cell Count,7.5,K/uL,4.5,11,N,STAT,2024-09-20 17:11,2024-09-20 17:45,2024-09-20 17:59
LAB717989,ENC107549,PT12898,GLU,Glucose,103,mg/dL,70,99,H,STAT,2024-09-20 18:19,2024-09-20 18:33,2024-09-20 19:08
LAB717990,ENC107549,PT12898,CREAT,Creatinine,1.18,mg/dL,0.6,1.3,N,Routine,2024-09-20 18:32,2024-09-20 19:02,2024-09-20 20:29
LAB717991,ENC107550,PT12533,GLU,Glucose,129,mg/dL,70,99,H,STAT,2024-09-21 02:54,2024-09-21 03:21,2024-09-21 04:28
LAB717992,ENC107550,PT12533,CREAT,Creatinine,0.97,mg/dL,0.6,1.3,N,Routine,2024-09-21 02:51,2024-09-21 02:55,2024-09-21 06:06
LAB717993,ENC107550,PT12533,WBC,White Blood Cell Count,7.7,K/uL,4.5,11,N,Routine,2024-09-21 02:32,2024-09-21 02:40,2024-09-21 05:59
LAB717994,ENC107550,PT12533,HGB,Hemoglobin,16.9,g/dL,12,17.5,N,Routine,2024-09-21 02:10,2024-09-21 02:32,2024-09-21 06:41
LAB717995,ENC107550,PT12533,NA,Sodium,139,mmol/L,136,145,N,STAT,2024-09-21 02:17,2024-09-21 02:49,2024-09-21 03:43
LAB717996,ENC107550,PT12533,K,Potassium,4.2,mmol/L,3.5,5.1,N,STAT,2024-09-21 02:30,2024-09-21 03:01,2024-09-21 03:31
LAB717997,ENC107550,PT12533,INR,Prothrombin Time INR,0.9,ratio,0.8,1.2,N,STAT,2024-09-21 02:37,2024-09-21 03:11,2024-09-21 03:38
LAB717998,ENC107551,PT13187,GLU,Glucose,177,mg/dL,70,99,H,Routine,2024-09-20 23:52,2024-09-21 00:16,2024-09-21 05:24
LAB717999,ENC107551,PT13187,CREAT,Creatinine,1.04,mg/dL,0.6,1.3,N,Routine,2024-09-20 23:52,2024-09-21 00:04,2024-09-21 02:44
LAB718000,ENC107551,PT13187,WBC,White Blood Cell Count,7,K/uL,4.5,11,N,STAT,2024-09-20 23:35,2024-09-20 23:39,2024-09-21 00:08
LAB718001,ENC107551,PT13187,HGB,Hemoglobin,15.1,g/dL,12,17.5,N,STAT,2024-09-21 00:06,2024-09-21 00:36,2024-09-21 01:17
LAB718002,ENC107551,PT13187,TROP,"Troponin I, High Sensitivity",917,ng/L,0,34,H,STAT,2024-09-20 23:29,2024-09-20 23:36,2024-09-21 00:30
LAB718003,ENC107554,PT13442,GLU,Glucose,91,mg/dL,70,99,N,STAT,2024-09-21 03:19,2024-09-21 03:38,2024-09-21 05:14
LAB718004,ENC107554,PT13442,CREAT,Creatinine,1.91,mg/dL,0.6,1.3,H,Routine,2024-09-21 03:19,2024-09-21 03:32,2024-09-21 05:39
LAB718005,ENC107554,PT13442,WBC,White Blood Cell Count,8.4,K/uL,4.5,11,N,Routine,2024-09-21 03:10,2024-09-21 03:17,2024-09-21 05:24
LAB718006,ENC107554,PT13442,HGB,Hemoglobin,8.9,g/dL,12,17.5,L,Routine,2024-09-21 03:53,2024-09-21 04:22,2024-09-21 07:20
LAB718007,ENC107554,PT13442,TROP,"Troponin I, High Sensitivity",8,ng/L,0,34,N,STAT,2024-09-21 03:17,2024-09-21 03:50,2024-09-21 04:18
LAB718008,ENC107557,PT13001,GLU,Glucose,139,mg/dL,70,99,H,Routine,2024-09-21 04:24,2024-09-21 04:39,2024-09-21 09:02
LAB718009,ENC107557,PT13001,CREAT,Creatinine,0.95,mg/dL,0.6,1.3,N,STAT,2024-09-21 04:25,2024-09-21 04:33,2024-09-21 05:00
LAB718010,ENC107557,PT13001,WBC,White Blood Cell Count,6.7,K/uL,4.5,11,N,STAT,2024-09-21 04:14,2024-09-21 04:19,2024-09-21 05:10
LAB718011,ENC107557,PT13001,HGB,Hemoglobin,13.7,g/dL,12,17.5,N,STAT,2024-09-21 05:04,2024-09-21 05:28,2024-09-21 07:38
LAB718012,ENC107557,PT13001,TROP,"Troponin I, High Sensitivity",5,ng/L,0,34,N,STAT,2024-09-21 04:30,2024-09-21 04:46,2024-09-21 05:36
LAB718013,ENC107557,PT13001,BNP,B-Type Natriuretic Peptide,1056,pg/mL,0,100,H,Routine,2024-09-21 05:18,2024-09-21 05:33,2024-09-21 08:31
LAB718014,ENC107558,PT12645,GLU,Glucose,118,mg/dL,70,99,H,Routine,2024-09-21 03:46,2024-09-21 04:21,2024-09-21 06:19
LAB718015,ENC107558,PT12645,CREAT,Creatinine,0.65,mg/dL,0.6,1.3,N,STAT,2024-09-21 03:59,2024-09-21 04:15,2024-09-21 04:52
LAB718016,ENC107558,PT12645,WBC,White Blood Cell Count,6.2,K/uL,4.5,11,N,STAT,2024-09-21 04:04,2024-09-21 04:24,2024-09-21 04:56
LAB718017,ENC107558,PT12645,TROP,"Troponin I, High Sensitivity",5,ng/L,0,34,N,STAT,2024-09-21 03:33,2024-09-21 03:41,2024-09-21 04:04
LAB718018,ENC107560,PT12876,GLU,Glucose,102,mg/dL,70,99,H,Routine,2024-09-21 10:47,2024-09-21 10:58,2024-09-21 13:35
LAB718019,ENC107560,PT12876,CREAT,Creatinine,1,mg/dL,0.6,1.3,N,Routine,2024-09-21 10:10,2024-09-21 10:23,2024-09-21 15:34
LAB718020,ENC107560,PT12876,WBC,White Blood Cell Count,9.1,K/uL,4.5,11,N,STAT,2024-09-21 10:32,2024-09-21 10:57,2024-09-21 11:40
LAB718021,ENC107560,PT12876,HGB,Hemoglobin,15.3,g/dL,12,17.5,N,Routine,2024-09-21 10:49,2024-09-21 11:07,2024-09-21 13:51
LAB718022,ENC107563,PT11165,GLU,Glucose,102,mg/dL,70,99,H,Routine,2024-09-21 15:27,2024-09-21 15:41,2024-09-21 18:21
LAB718023,ENC107563,PT11165,CREAT,Creatinine,0.89,mg/dL,0.6,1.3,N,Routine,2024-09-21 14:43,2024-09-21 15:04,2024-09-21 18:11
LAB718024,ENC107563,PT11165,WBC,White Blood Cell Count,7.1,K/uL,4.5,11,N,Routine,2024-09-21 15:22,2024-09-21 15:46,2024-09-21 16:44
LAB718025,ENC107563,PT11165,HGB,Hemoglobin,13.9,g/dL,12,17.5,N,STAT,2024-09-21 14:44,2024-09-21 15:05,2024-09-21 15:50
LAB718026,ENC107564,PT12842,GLU,Glucose,84,mg/dL,70,99,N,STAT,2024-09-21 15:17,2024-09-21 15:29,2024-09-21 16:39
LAB718027,ENC107564,PT12842,CREAT,Creatinine,1.45,mg/dL,0.6,1.3,H,STAT,2024-09-21 14:35,2024-09-21 15:09,2024-09-21 16:02
LAB718028,ENC107564,PT12842,WBC,White Blood Cell Count,5.3,K/uL,4.5,11,N,STAT,2024-09-21 15:17,2024-09-21 15:47,2024-09-21 16:15
LAB718029,ENC107564,PT12842,HGB,Hemoglobin,15.8,g/dL,12,17.5,N,Routine,2024-09-21 14:29,2024-09-21 14:40,2024-09-21 18:05
LAB718030,ENC107564,PT12842,LACT,Lactate,2.1,mmol/L,0.5,2,H,STAT,2024-09-21 15:18,2024-09-21 15:38,2024-09-21 16:22
LAB718031,ENC107565,PT11632,GLU,Glucose,224,mg/dL,70,99,H,STAT,2024-09-21 15:47,2024-09-21 16:15,2024-09-21 17:23
LAB718032,ENC107565,PT11632,CREAT,Creatinine,0.66,mg/dL,0.6,1.3,N,Routine,2024-09-21 15:39,2024-09-21 16:04,2024-09-21 18:24
LAB718033,ENC107565,PT11632,WBC,White Blood Cell Count,9.1,K/uL,4.5,11,N,STAT,2024-09-21 16:10,2024-09-21 16:18,2024-09-21 17:23
LAB718034,ENC107565,PT11632,HGB,Hemoglobin,14.6,g/dL,12,17.5,N,Routine,2024-09-21 16:09,2024-09-21 16:44,2024-09-21 19:39
LAB718035,ENC107565,PT11632,TROP,"Troponin I, High Sensitivity",7,ng/L,0,34,N,STAT,2024-09-21 15:20,2024-09-21 15:48,2024-09-21 16:24
LAB718036,ENC107566,PT13829,GLU,Glucose,128,mg/dL,70,99,H,Routine,2024-09-21 19:08,2024-09-21 19:12,2024-09-21 22:09
LAB718037,ENC107566,PT13829,CREAT,Creatinine,1.03,mg/dL,0.6,1.3,N,Routine,2024-09-21 18:35,2024-09-21 18:57,2024-09-21 23:51
LAB718038,ENC107566,PT13829,WBC,White Blood Cell Count,6.3,K/uL,4.5,11,N,Routine,2024-09-21 18:36,2024-09-21 18:55,2024-09-21 21:36
LAB718039,ENC107566,PT13829,HGB,Hemoglobin,10.8,g/dL,12,17.5,L,Routine,2024-09-21 18:29,2024-09-21 18:49,2024-09-22 01:42
LAB718040,ENC107567,PT11775,GLU,Glucose,105,mg/dL,70,99,H,STAT,2024-09-21 20:46,2024-09-21 21:10,2024-09-21 22:00
LAB718041,ENC107567,PT11775,CREAT,Creatinine,0.61,mg/dL,0.6,1.3,N,STAT,2024-09-21 21:31,2024-09-21 21:43,2024-09-21 23:02
LAB718042,ENC107567,PT11775,WBC,White Blood Cell Count,8.8,K/uL,4.5,11,N,Routine,2024-09-21 21:20,2024-09-21 21:47,2024-09-21 23:46
LAB718043,ENC107567,PT11775,HGB,Hemoglobin,12.4,g/dL,12,17.5,N,STAT,2024-09-21 21:16,2024-09-21 21:37,2024-09-21 22:42
LAB718044,ENC107567,PT11775,TROP,"Troponin I, High Sensitivity",73,ng/L,0,34,H,STAT,2024-09-21 21:07,2024-09-21 21:32,2024-09-21 22:03
LAB718045,ENC107567,PT11775,BNP,B-Type Natriuretic Peptide,841,pg/mL,0,100,H,STAT,2024-09-21 21:41,2024-09-21 21:46,2024-09-21 22:18
LAB718046,ENC107568,PT11280,GLU,Glucose,143,mg/dL,70,99,H,Routine,2024-09-21 20:27,2024-09-21 20:50,2024-09-21 22:42
LAB718047,ENC107568,PT11280,CREAT,Creatinine,0.73,mg/dL,0.6,1.3,N,Routine,2024-09-21 21:21,2024-09-21 21:37,2024-09-22 01:21
LAB718048,ENC107568,PT11280,WBC,White Blood Cell Count,10.2,K/uL,4.5,11,N,STAT,2024-09-21 21:20,2024-09-21 21:40,2024-09-21 22:44
LAB718049,ENC107568,PT11280,HGB,Hemoglobin,13.3,g/dL,12,17.5,N,STAT,2024-09-21 20:25,2024-09-21 20:47,2024-09-21 21:33
LAB718050,ENC107568,PT11280,TROP,"Troponin I, High Sensitivity",5,ng/L,0,34,N,STAT,2024-09-21 20:19,2024-09-21 20:47,2024-09-21 21:40
LAB718051,ENC107571,PT13856,GLU,Glucose,92,mg/dL,70,99,N,Routine,2024-09-22 02:12,2024-09-22 02:16,2024-09-22 06:20
LAB718052,ENC107571,PT13856,CREAT,Creatinine,1.27,mg/dL,0.6,1.3,N,Routine,2024-09-22 01:45,2024-09-22 02:09,2024-09-22 09:35
LAB718053,ENC107571,PT13856,WBC,White Blood Cell Count,5.8,K/uL,4.5,11,N,STAT,2024-09-22 02:02,2024-09-22 02:28,2024-09-22 02:50
LAB718054,ENC107571,PT13856,HGB,Hemoglobin,14.1,g/dL,12,17.5,N,STAT,2024-09-22 01:50,2024-09-22 02:22,2024-09-22 03:37
LAB718055,ENC107571,PT13856,NA,Sodium,136,mmol/L,136,145,N,Routine,2024-09-22 02:30,2024-09-22 02:37,2024-09-22 04:18
LAB718056,ENC107571,PT13856,K,Potassium,4.7,mmol/L,3.5,5.1,N,STAT,2024-09-22 01:57,2024-09-22 02:11,2024-09-22 03:10
LAB718057,ENC107572,PT10023,GLU,Glucose,113,mg/dL,70,99,H,STAT,2024-09-21 21:44,2024-09-21 21:55,2024-09-21 22:50
LAB718058,ENC107572,PT10023,CREAT,Creatinine,1.04,mg/dL,0.6,1.3,N,STAT,2024-09-21 22:24,2024-09-21 22:55,2024-09-21 23:33
LAB718059,ENC107572,PT10023,WBC,White Blood Cell Count,7.1,K/uL,4.5,11,N,Routine,2024-09-21 22:35,2024-09-21 22:43,2024-09-22 02:16
LAB718060,ENC107572,PT10023,HGB,Hemoglobin,13.2,g/dL,12,17.5,N,STAT,2024-09-21 22:40,2024-09-21 23:06,2024-09-22 01:44
LAB718061,ENC107576,PT13251,GLU,Glucose,118,mg/dL,70,99,H,Routine,2024-09-22 00:40,2024-09-22 01:02,2024-09-22 06:20
LAB718062,ENC107576,PT13251,CREAT,Creatinine,1.22,mg/dL,0.6,1.3,N,STAT,2024-09-22 01:10,2024-09-22 01:28,2024-09-22 02:59
LAB718063,ENC107576,PT13251,WBC,White Blood Cell Count,12.4,K/uL,4.5,11,H,STAT,2024-09-22 00:48,2024-09-22 01:19,2024-09-22 02:10
LAB718064,ENC107576,PT13251,HGB,Hemoglobin,16.5,g/dL,12,17.5,N,STAT,2024-09-22 01:16,2024-09-22 01:40,2024-09-22 02:37
LAB718065,ENC107577,PT11425,GLU,Glucose,113,mg/dL,70,99,H,Routine,2024-09-22 02:30,2024-09-22 02:59,2024-09-22 05:28
LAB718066,ENC107577,PT11425,CREAT,Creatinine,0.63,mg/dL,0.6,1.3,N,STAT,2024-09-22 02:03,2024-09-22 02:11,2024-09-22 02:39
LAB718067,ENC107577,PT11425,WBC,White Blood Cell Count,11.7,K/uL,4.5,11,H,Routine,2024-09-22 03:12,2024-09-22 03:20,2024-09-22 06:30
LAB718068,ENC107577,PT11425,HGB,Hemoglobin,12.9,g/dL,12,17.5,N,Routine,2024-09-22 02:44,2024-09-22 02:57,2024-09-22 10:49
LAB718069,ENC107578,PT11877,GLU,Glucose,208,mg/dL,70,99,H,STAT,2024-09-22 09:34,2024-09-22 09:44,2024-09-22 10:39
LAB718070,ENC107578,PT11877,CREAT,Creatinine,0.73,mg/dL,0.6,1.3,N,Routine,2024-09-22 09:49,2024-09-22 10:12,2024-09-22 14:45
LAB718071,ENC107579,PT12686,GLU,Glucose,114,mg/dL,70,99,H,STAT,2024-09-22 17:01,2024-09-22 17:09,2024-09-22 18:43
LAB718072,ENC107579,PT12686,CREAT,Creatinine,0.78,mg/dL,0.6,1.3,N,STAT,2024-09-22 16:55,2024-09-22 17:27,2024-09-22 18:43
LAB718073,ENC107579,PT12686,WBC,White Blood Cell Count,5.3,K/uL,4.5,11,N,STAT,2024-09-22 17:10,2024-09-22 17:25,2024-09-22 18:10
LAB718074,ENC107579,PT12686,HGB,Hemoglobin,12.6,g/dL,12,17.5,N,Routine,2024-09-22 17:11,2024-09-22 17:21,2024-09-22 20:26
LAB718075,ENC107579,PT12686,NA,Sodium,141,mmol/L,136,145,N,STAT,2024-09-22 16:58,2024-09-22 17:27,2024-09-22 18:23
LAB718076,ENC107579,PT12686,K,Potassium,4.5,mmol/L,3.5,5.1,N,STAT,2024-09-22 17:18,2024-09-22 17:25,2024-09-22 18:30
LAB718077,ENC107579,PT12686,TROP,"Troponin I, High Sensitivity",2,ng/L,0,34,N,STAT,2024-09-22 17:23,2024-09-22 17:50,2024-09-22 18:34
LAB718078,ENC107580,PT11422,GLU,Glucose,138,mg/dL,70,99,H,STAT,2024-09-22 14:59,2024-09-22 15:14,2024-09-22 15:43
LAB718079,ENC107580,PT11422,CREAT,Creatinine,0.8,mg/dL,0.6,1.3,N,STAT,2024-09-22 15:18,2024-09-22 15:38,2024-09-22 16:23
LAB718080,ENC107580,PT11422,WBC,White Blood Cell Count,6.1,K/uL,4.5,11,N,STAT,2024-09-22 14:54,2024-09-22 15:05,2024-09-22 15:54
LAB718081,ENC107580,PT11422,HGB,Hemoglobin,13.5,g/dL,12,17.5,N,Routine,2024-09-22 15:52,2024-09-22 16:26,2024-09-22 19:24
LAB718082,ENC107582,PT11095,GLU,Glucose,176,mg/dL,70,99,H,Routine,2024-09-22 18:50,2024-09-22 19:06,2024-09-22 20:52
LAB718083,ENC107582,PT11095,CREAT,Creatinine,1.6,mg/dL,0.6,1.3,H,STAT,2024-09-22 19:42,2024-09-22 20:05,2024-09-22 20:55
LAB718084,ENC107582,PT11095,WBC,White Blood Cell Count,2.8,K/uL,4.5,11,L,Routine,2024-09-22 19:24,2024-09-22 19:50,2024-09-23 00:51
LAB718085,ENC107582,PT11095,HGB,Hemoglobin,16.4,g/dL,12,17.5,N,Routine,2024-09-22 19:19,2024-09-22 19:42,2024-09-22 21:21
LAB718086,ENC107582,PT11095,LACT,Lactate,5.3,mmol/L,0.5,2,HH,STAT,2024-09-22 18:43,2024-09-22 18:49,2024-09-22 20:34
LAB718087,ENC107583,PT11326,GLU,Glucose,119,mg/dL,70,99,H,STAT,2024-09-22 18:10,2024-09-22 18:21,2024-09-22 18:54
LAB718088,ENC107583,PT11326,CREAT,Creatinine,1.15,mg/dL,0.6,1.3,N,STAT,2024-09-22 17:25,2024-09-22 17:34,2024-09-22 19:06
LAB718089,ENC107583,PT11326,WBC,White Blood Cell Count,13,K/uL,4.5,11,H,STAT,2024-09-22 17:05,2024-09-22 17:31,2024-09-22 18:58
LAB718090,ENC107583,PT11326,HGB,Hemoglobin,12.1,g/dL,12,17.5,N,STAT,2024-09-22 17:27,2024-09-22 17:58,2024-09-22 18:32
LAB718091,ENC107584,PT12472,GLU,Glucose,110,mg/dL,70,99,H,STAT,2024-09-22 19:05,2024-09-22 19:28,2024-09-22 20:28
LAB718092,ENC107584,PT12472,CREAT,Creatinine,0.87,mg/dL,0.6,1.3,N,STAT,2024-09-22 18:08,2024-09-22 18:43,2024-09-22 19:31
LAB718093,ENC107584,PT12472,WBC,White Blood Cell Count,4.5,K/uL,4.5,11,N,STAT,2024-09-22 18:15,2024-09-22 18:29,2024-09-22 18:59
LAB718094,ENC107585,PT12053,GLU,Glucose,107,mg/dL,70,99,H,Routine,2024-09-22 18:58,2024-09-22 19:22,2024-09-22 22:27
LAB718095,ENC107585,PT12053,CREAT,Creatinine,0.5,mg/dL,0.6,1.3,L,STAT,2024-09-22 19:58,2024-09-22 20:22,2024-09-22 20:53
LAB718096,ENC107585,PT12053,WBC,White Blood Cell Count,8,K/uL,4.5,11,N,Routine,2024-09-22 19:48,2024-09-22 20:21,2024-09-22 21:40
LAB718097,ENC107585,PT12053,HGB,Hemoglobin,12.9,g/dL,12,17.5,N,Routine,2024-09-22 18:50,2024-09-22 19:06,2024-09-22 20:36
LAB718098,ENC107586,PT13421,GLU,Glucose,207,mg/dL,70,99,H,STAT,2024-09-23 00:42,2024-09-23 01:07,2024-09-23 01:53
LAB718099,ENC107586,PT13421,CREAT,Creatinine,1.12,mg/dL,0.6,1.3,N,Routine,2024-09-23 01:12,2024-09-23 01:22,2024-09-23 03:12
LAB718100,ENC107586,PT13421,WBC,White Blood Cell Count,8.5,K/uL,4.5,11,N,STAT,2024-09-23 00:23,2024-09-23 00:45,2024-09-23 01:27
LAB718101,ENC107586,PT13421,HGB,Hemoglobin,14.3,g/dL,12,17.5,N,STAT,2024-09-23 01:17,2024-09-23 01:42,2024-09-23 02:35
LAB718102,ENC107587,PT10100,GLU,Glucose,120,mg/dL,70,99,H,Routine,2024-09-23 02:26,2024-09-23 02:34,2024-09-23 05:58
LAB718103,ENC107587,PT10100,CREAT,Creatinine,0.89,mg/dL,0.6,1.3,N,STAT,2024-09-23 02:40,2024-09-23 02:53,2024-09-23 03:37
LAB718104,ENC107587,PT10100,WBC,White Blood Cell Count,8.8,K/uL,4.5,11,N,STAT,2024-09-23 02:20,2024-09-23 02:51,2024-09-23 03:48
LAB718105,ENC107587,PT10100,HGB,Hemoglobin,11.9,g/dL,12,17.5,L,STAT,2024-09-23 03:02,2024-09-23 03:20,2024-09-23 04:05
LAB718106,ENC107587,PT10100,BUN,Blood Urea Nitrogen,15,mg/dL,7,20,N,STAT,2024-09-23 02:59,2024-09-23 03:34,2024-09-23 04:04
LAB718107,ENC107587,PT10100,PLT,Platelet Count,297,K/uL,150,400,N,STAT,2024-09-23 02:26,2024-09-23 02:37,2024-09-23 03:28
LAB718108,ENC107588,PT12256,GLU,Glucose,109,mg/dL,70,99,H,STAT,2024-09-23 05:33,2024-09-23 05:38,2024-09-23 06:21
LAB718109,ENC107588,PT12256,CREAT,Creatinine,1.13,mg/dL,0.6,1.3,N,STAT,2024-09-23 05:43,2024-09-23 06:01,2024-09-23 06:33
LAB718110,ENC107589,PT10253,GLU,Glucose,110,mg/dL,70,99,H,STAT,2024-09-23 09:16,2024-09-23 09:34,2024-09-23 10:10
LAB718111,ENC107589,PT10253,CREAT,Creatinine,0.45,mg/dL,0.6,1.3,L,STAT,2024-09-23 09:40,2024-09-23 10:15,2024-09-23 10:54
LAB718112,ENC107589,PT10253,WBC,White Blood Cell Count,9.6,K/uL,4.5,11,N,STAT,2024-09-23 09:08,2024-09-23 09:14,2024-09-23 10:35
LAB718113,ENC107589,PT10253,HGB,Hemoglobin,15.9,g/dL,12,17.5,N,STAT,2024-09-23 09:28,2024-09-23 09:43,2024-09-23 10:08
LAB718114,ENC107589,PT10253,NA,Sodium,138,mmol/L,136,145,N,Routine,2024-09-23 09:35,2024-09-23 10:05,2024-09-23 18:09
LAB718115,ENC107589,PT10253,K,Potassium,4,mmol/L,3.5,5.1,N,STAT,2024-09-23 09:21,2024-09-23 09:44,2024-09-23 10:30
LAB718116,ENC107595,PT12293,WBC,White Blood Cell Count,8.5,K/uL,4.5,11,N,Routine,2024-09-23 11:07,2024-09-23 11:32,2024-09-23 17:39
LAB718117,ENC107595,PT12293,HGB,Hemoglobin,12.3,g/dL,12,17.5,N,Routine,2024-09-23 10:55,2024-09-23 11:11,2024-09-23 13:46
LAB718118,ENC107595,PT12293,PLT,Platelet Count,254,K/uL,150,400,N,Routine,2024-09-23 11:02,2024-09-23 11:15,2024-09-23 15:44
LAB718119,ENC107598,PT13747,GLU,Glucose,72,mg/dL,70,99,N,Routine,2024-09-23 16:07,2024-09-23 16:40,2024-09-23 18:45
LAB718120,ENC107598,PT13747,CREAT,Creatinine,1.02,mg/dL,0.6,1.3,N,STAT,2024-09-23 16:16,2024-09-23 16:22,2024-09-23 17:06
LAB718121,ENC107598,PT13747,WBC,White Blood Cell Count,7.5,K/uL,4.5,11,N,STAT,2024-09-23 16:31,2024-09-23 16:39,2024-09-23 18:22
LAB718122,ENC107598,PT13747,HGB,Hemoglobin,13.1,g/dL,12,17.5,N,STAT,2024-09-23 16:47,2024-09-23 17:14,2024-09-23 17:56
LAB718123,ENC107598,PT13747,TROP,"Troponin I, High Sensitivity",219,ng/L,0,34,H,STAT,2024-09-23 16:12,2024-09-23 16:38,2024-09-23 17:43
LAB718124,ENC107600,PT10406,LDL,LDL Cholesterol,145,mg/dL,0,99,H,Routine,2024-09-23 12:15,2024-09-23 12:19,2024-09-23 23:09
LAB718125,ENC107600,PT10406,TSH,Thyroid Stimulating Hormone,2.13,mIU/L,0.4,4,N,Routine,2024-09-23 11:59,2024-09-23 12:03,2024-09-23 23:44
LAB718126,ENC107602,PT10044,GLU,Glucose,89,mg/dL,70,99,N,Routine,2024-09-23 13:24,2024-09-23 13:40,2024-09-23 20:46
LAB718127,ENC107602,PT10044,CREAT,Creatinine,0.86,mg/dL,0.6,1.3,N,Routine,2024-09-23 13:15,2024-09-23 13:21,2024-09-23 15:34
LAB718128,ENC107602,PT10044,WBC,White Blood Cell Count,14,K/uL,4.5,11,H,STAT,2024-09-23 13:22,2024-09-23 13:51,2024-09-23 14:09
LAB718129,ENC107602,PT10044,HGB,Hemoglobin,15,g/dL,12,17.5,N,STAT,2024-09-23 12:52,2024-09-23 12:59,2024-09-23 13:56
LAB718130,ENC107603,PT10555,LDL,LDL Cholesterol,210,mg/dL,0,99,H,Routine,2024-09-23 12:56,2024-09-23 13:05,2024-09-24 04:36
LAB718131,ENC107603,PT10555,A1C,Hemoglobin A1c,8.1,%,4,5.6,H,Routine,2024-09-23 13:02,2024-09-23 13:24,2024-09-24 03:21
LAB718132,ENC107607,PT12292,LDL,LDL Cholesterol,130,mg/dL,0,99,H,Routine,2024-09-23 14:51,2024-09-23 15:07,2024-09-24 05:11
LAB718133,ENC107609,PT10383,A1C,Hemoglobin A1c,7.8,%,4,5.6,H,Routine,2024-09-23 16:06,2024-09-23 16:40,2024-09-24 00:29
LAB718134,ENC107610,PT12930,GLU,Glucose,95,mg/dL,70,99,N,STAT,2024-09-23 18:17,2024-09-23 18:21,2024-09-23 18:49
LAB718135,ENC107610,PT12930,CREAT,Creatinine,1.02,mg/dL,0.6,1.3,N,Routine,2024-09-23 17:31,2024-09-23 18:02,2024-09-23 21:14
LAB718136,ENC107610,PT12930,WBC,White Blood Cell Count,8.3,K/uL,4.5,11,N,STAT,2024-09-23 18:02,2024-09-23 18:17,2024-09-23 18:50
LAB718137,ENC107611,PT13014,GLU,Glucose,188,mg/dL,70,99,H,STAT,2024-09-23 22:54,2024-09-23 23:23,2024-09-24 00:31
LAB718138,ENC107611,PT13014,CREAT,Creatinine,1.76,mg/dL,0.6,1.3,H,STAT,2024-09-23 22:42,2024-09-23 23:06,2024-09-23 23:24
LAB718139,ENC107611,PT13014,WBC,White Blood Cell Count,16.1,K/uL,4.5,11,H,STAT,2024-09-23 22:35,2024-09-23 23:01,2024-09-23 23:29
LAB718140,ENC107611,PT13014,HGB,Hemoglobin,14.7,g/dL,12,17.5,N,Routine,2024-09-23 22:26,2024-09-23 23:01,2024-09-24 00:34
LAB718141,ENC107611,PT13014,LACT,Lactate,4.2,mmol/L,0.5,2,HH,STAT,2024-09-23 22:50,2024-09-23 23:14,2024-09-23 23:54
LAB718142,ENC107613,PT12547,GLU,Glucose,101,mg/dL,70,99,H,STAT,2024-09-23 21:31,2024-09-23 21:56,2024-09-23 22:55
LAB718143,ENC107613,PT12547,CREAT,Creatinine,0.79,mg/dL,0.6,1.3,N,STAT,2024-09-23 22:19,2024-09-23 22:44,2024-09-23 23:46
LAB718144,ENC107613,PT12547,WBC,White Blood Cell Count,6.2,K/uL,4.5,11,N,Routine,2024-09-23 22:06,2024-09-23 22:12,2024-09-24 00:04
LAB718145,ENC107613,PT12547,HGB,Hemoglobin,10.2,g/dL,12,17.5,L,STAT,2024-09-23 21:32,2024-09-23 21:58,2024-09-23 23:27
LAB718146,ENC107613,PT12547,NA,Sodium,143,mmol/L,136,145,N,STAT,2024-09-23 21:41,2024-09-23 22:01,2024-09-23 22:35
LAB718147,ENC107613,PT12547,K,Potassium,4.1,mmol/L,3.5,5.1,N,STAT,2024-09-23 21:53,2024-09-23 22:13,2024-09-23 23:13
LAB718148,ENC107614,PT13303,GLU,Glucose,144,mg/dL,70,99,H,Routine,2024-09-24 00:29,2024-09-24 00:40,2024-09-24 02:51
LAB718149,ENC107614,PT13303,CREAT,Creatinine,0.98,mg/dL,0.6,1.3,N,Routine,2024-09-23 23:50,2024-09-24 00:21,2024-09-24 05:47
LAB718150,ENC107614,PT13303,WBC,White Blood Cell Count,9.1,K/uL,4.5,11,N,STAT,2024-09-24 00:01,2024-09-24 00:09,2024-09-24 01:03
LAB718151,ENC107614,PT13303,HGB,Hemoglobin,16.3,g/dL,12,17.5,N,Routine,2024-09-24 00:42,2024-09-24 00:49,2024-09-24 02:43
LAB718152,ENC107614,PT13303,NA,Sodium,142,mmol/L,136,145,N,Routine,2024-09-23 23:49,2024-09-24 00:11,2024-09-24 02:43
LAB718153,ENC107614,PT13303,K,Potassium,4,mmol/L,3.5,5.1,N,STAT,2024-09-24 00:23,2024-09-24 00:39,2024-09-24 01:53
LAB718154,ENC107615,PT11816,GLU,Glucose,207,mg/dL,70,99,H,Routine,2024-09-23 20:54,2024-09-23 21:21,2024-09-24 02:33
LAB718155,ENC107615,PT11816,CREAT,Creatinine,0.86,mg/dL,0.6,1.3,N,Routine,2024-09-23 21:33,2024-09-23 21:37,2024-09-24 01:42
LAB718156,ENC107615,PT11816,WBC,White Blood Cell Count,6,K/uL,4.5,11,N,STAT,2024-09-23 20:57,2024-09-23 21:20,2024-09-23 22:25
LAB718157,ENC107615,PT11816,HGB,Hemoglobin,12.4,g/dL,12,17.5,N,STAT,2024-09-23 21:05,2024-09-23 21:23,2024-09-23 22:07
LAB718158,ENC107615,PT11816,NA,Sodium,136,mmol/L,136,145,N,Routine,2024-09-23 20:36,2024-09-23 20:52,2024-09-23 23:01
LAB718159,ENC107615,PT11816,K,Potassium,4.3,mmol/L,3.5,5.1,N,STAT,2024-09-23 21:23,2024-09-23 21:42,2024-09-23 22:41
LAB718160,ENC107616,PT12514,GLU,Glucose,108,mg/dL,70,99,H,STAT,2024-09-24 00:58,2024-09-24 01:04,2024-09-24 02:04
LAB718161,ENC107616,PT12514,CREAT,Creatinine,0.37,mg/dL,0.6,1.3,L,Routine,2024-09-24 00:56,2024-09-24 01:24,2024-09-24 05:56
LAB718162,ENC107616,PT12514,WBC,White Blood Cell Count,11.2,K/uL,4.5,11,H,STAT,2024-09-24 01:06,2024-09-24 01:41,2024-09-24 03:00
LAB718163,ENC107616,PT12514,HGB,Hemoglobin,13.4,g/dL,12,17.5,N,Routine,2024-09-24 01:53,2024-09-24 02:27,2024-09-24 04:33
LAB718164,ENC107618,PT12002,GLU,Glucose,121,mg/dL,70,99,H,STAT,2024-09-24 00:38,2024-09-24 00:58,2024-09-24 01:41
LAB718165,ENC107618,PT12002,CREAT,Creatinine,0.86,mg/dL,0.6,1.3,N,Routine,2024-09-24 00:45,2024-09-24 01:15,2024-09-24 03:01
LAB718166,ENC107618,PT12002,WBC,White Blood Cell Count,11.8,K/uL,4.5,11,H,STAT,2024-09-24 00:32,2024-09-24 00:56,2024-09-24 01:26
LAB718167,ENC107618,PT12002,HGB,Hemoglobin,13.5,g/dL,12,17.5,N,Routine,2024-09-23 23:40,2024-09-23 23:55,2024-09-24 02:07
LAB718168,ENC107620,PT10127,GLU,Glucose,93,mg/dL,70,99,N,STAT,2024-09-24 04:30,2024-09-24 04:44,2024-09-24 05:18
LAB718169,ENC107620,PT10127,CREAT,Creatinine,0.87,mg/dL,0.6,1.3,N,STAT,2024-09-24 04:48,2024-09-24 05:04,2024-09-24 05:49
LAB718170,ENC107620,PT10127,WBC,White Blood Cell Count,6.5,K/uL,4.5,11,N,Routine,2024-09-24 05:01,2024-09-24 05:15,2024-09-24 09:31
LAB718171,ENC107620,PT10127,HGB,Hemoglobin,13.3,g/dL,12,17.5,N,Routine,2024-09-24 04:01,2024-09-24 04:18,2024-09-24 05:34
LAB718172,ENC107620,PT10127,TROP,"Troponin I, High Sensitivity",12,ng/L,0,34,N,STAT,2024-09-24 04:22,2024-09-24 04:38,2024-09-24 06:18
LAB718173,ENC107620,PT10127,BNP,B-Type Natriuretic Peptide,532,pg/mL,0,100,H,Routine,2024-09-24 04:44,2024-09-24 05:03,2024-09-24 07:04
LAB718174,ENC107621,PT10114,LDL,LDL Cholesterol,203,mg/dL,0,99,H,Routine,2024-09-24 09:15,2024-09-24 09:49,2024-09-25 04:26
LAB718175,ENC107621,PT10114,A1C,Hemoglobin A1c,5.1,%,4,5.6,N,Routine,2024-09-24 09:11,2024-09-24 09:18,2024-09-24 23:37
LAB718176,ENC107626,PT11480,A1C,Hemoglobin A1c,6.6,%,4,5.6,H,Routine,2024-09-24 10:21,2024-09-24 10:53,2024-09-25 01:31
LAB718177,ENC107627,PT11760,GLU,Glucose,83,mg/dL,70,99,N,STAT,2024-09-24 10:11,2024-09-24 10:33,2024-09-24 11:37
LAB718178,ENC107627,PT11760,CREAT,Creatinine,0.79,mg/dL,0.6,1.3,N,STAT,2024-09-24 11:03,2024-09-24 11:35,2024-09-24 12:35
LAB718179,ENC107628,PT13287,GLU,Glucose,76,mg/dL,70,99,N,STAT,2024-09-24 13:30,2024-09-24 13:45,2024-09-24 14:37
LAB718180,ENC107628,PT13287,CREAT,Creatinine,0.48,mg/dL,0.6,1.3,L,Routine,2024-09-24 13:00,2024-09-24 13:28,2024-09-24 21:40
LAB718181,ENC107628,PT13287,WBC,White Blood Cell Count,9.2,K/uL,4.5,11,N,Routine,2024-09-24 13:29,2024-09-24 13:46,2024-09-24 16:23
LAB718182,ENC107628,PT13287,HGB,Hemoglobin,13.7,g/dL,12,17.5,N,STAT,2024-09-24 12:52,2024-09-24 13:10,2024-09-24 13:31
LAB718183,ENC107628,PT13287,NA,Sodium,137,mmol/L,136,145,N,STAT,2024-09-24 12:54,2024-09-24 13:19,2024-09-24 14:22
LAB718184,ENC107628,PT13287,K,Potassium,4,mmol/L,3.5,5.1,N,STAT,2024-09-24 12:26,2024-09-24 12:38,2024-09-24 13:20
LAB718185,ENC107629,PT13336,A1C,Hemoglobin A1c,11,%,4,5.6,H,Routine,2024-09-24 10:23,2024-09-24 10:52,2024-09-25 18:29
LAB718186,ENC107629,PT13336,GLU,Glucose,472,mg/dL,70,99,H,Routine,2024-09-24 10:22,2024-09-24 10:53,2024-09-24 12:33
LAB718187,ENC107629,PT13336,CREAT,Creatinine,0.92,mg/dL,0.6,1.3,N,Routine,2024-09-24 10:42,2024-09-24 11:01,2024-09-24 13:07
LAB718188,ENC107634,PT11124,A1C,Hemoglobin A1c,5.7,%,4,5.6,H,Routine,2024-09-24 11:24,2024-09-24 11:43,2024-09-24 17:59
LAB718189,ENC107637,PT13842,LDL,LDL Cholesterol,201,mg/dL,0,99,H,Routine,2024-09-24 12:13,2024-09-24 12:31,2024-09-24 22:02
LAB718190,ENC107642,PT12434,GLU,Glucose,104,mg/dL,70,99,H,Routine,2024-09-24 13:45,2024-09-24 13:50,2024-09-24 15:00
LAB718191,ENC107642,PT12434,CREAT,Creatinine,0.84,mg/dL,0.6,1.3,N,Routine,2024-09-24 14:05,2024-09-24 14:14,2024-09-24 18:26
LAB718192,ENC107642,PT12434,WBC,White Blood Cell Count,11.8,K/uL,4.5,11,H,Routine,2024-09-24 14:13,2024-09-24 14:23,2024-09-24 15:56
LAB718193,ENC107644,PT11877,TROP,"Troponin I, High Sensitivity",2,ng/L,0,34,N,STAT,2024-09-24 15:00,2024-09-24 15:09,2024-09-24 16:05
LAB718194,ENC107645,PT12098,A1C,Hemoglobin A1c,5.6,%,4,5.6,N,Routine,2024-09-24 14:48,2024-09-24 15:04,2024-09-25 05:26
LAB718195,ENC107645,PT12098,GLU,Glucose,82,mg/dL,70,99,N,Routine,2024-09-24 14:42,2024-09-24 14:46,2024-09-24 16:47
LAB718196,ENC107645,PT12098,CREAT,Creatinine,0.66,mg/dL,0.6,1.3,N,Routine,2024-09-24 14:59,2024-09-24 15:23,2024-09-24 18:34
LAB718197,ENC107646,PT13786,A1C,Hemoglobin A1c,9,%,4,5.6,H,Routine,2024-09-24 15:45,2024-09-24 15:52,2024-09-25 00:53
LAB718198,ENC107646,PT13786,GLU,Glucose,162,mg/dL,70,99,H,Routine,2024-09-24 15:26,2024-09-24 15:43,2024-09-24 20:24
LAB718199,ENC107646,PT13786,CREAT,Creatinine,0.82,mg/dL,0.6,1.3,N,Routine,2024-09-24 15:28,2024-09-24 15:43,2024-09-24 19:17
LAB718200,ENC107650,PT10234,GLU,Glucose,121,mg/dL,70,99,H,STAT,2024-09-24 19:28,2024-09-24 19:32,2024-09-24 20:24
LAB718201,ENC107650,PT10234,CREAT,Creatinine,0.66,mg/dL,0.6,1.3,N,STAT,2024-09-24 20:34,2024-09-24 20:50,2024-09-24 21:26
LAB718202,ENC107650,PT10234,WBC,White Blood Cell Count,18.1,K/uL,4.5,11,H,Routine,2024-09-24 19:47,2024-09-24 20:09,2024-09-24 23:52
LAB718203,ENC107650,PT10234,HGB,Hemoglobin,15.4,g/dL,12,17.5,N,STAT,2024-09-24 19:55,2024-09-24 20:13,2024-09-24 21:12
LAB718204,ENC107650,PT10234,NA,Sodium,145,mmol/L,136,145,N,Routine,2024-09-24 20:02,2024-09-24 20:13,2024-09-24 22:15
LAB718205,ENC107650,PT10234,K,Potassium,4.6,mmol/L,3.5,5.1,N,STAT,2024-09-24 19:56,2024-09-24 20:29,2024-09-24 22:19
LAB718206,ENC107650,PT10234,LACT,Lactate,2.8,mmol/L,0.5,2,H,STAT,2024-09-24 19:55,2024-09-24 20:10,2024-09-24 20:51
LAB718207,ENC107651,PT11806,GLU,Glucose,87,mg/dL,70,99,N,Routine,2024-09-24 20:11,2024-09-24 20:41,2024-09-25 00:38
LAB718208,ENC107651,PT11806,CREAT,Creatinine,0.94,mg/dL,0.6,1.3,N,Routine,2024-09-24 20:01,2024-09-24 20:14,2024-09-24 21:22
LAB718209,ENC107651,PT11806,WBC,White Blood Cell Count,9.6,K/uL,4.5,11,N,Routine,2024-09-24 20:51,2024-09-24 21:14,2024-09-25 01:10
LAB718210,ENC107651,PT11806,HGB,Hemoglobin,13,g/dL,12,17.5,N,STAT,2024-09-24 20:34,2024-09-24 20:46,2024-09-24 21:20
LAB718211,ENC107652,PT12201,GLU,Glucose,96,mg/dL,70,99,N,Routine,2024-09-24 17:28,2024-09-24 17:43,2024-09-24 19:18
LAB718212,ENC107652,PT12201,CREAT,Creatinine,1.05,mg/dL,0.6,1.3,N,Routine,2024-09-24 17:33,2024-09-24 17:41,2024-09-24 20:14
LAB718213,ENC107652,PT12201,WBC,White Blood Cell Count,14.7,K/uL,4.5,11,H,Routine,2024-09-24 18:32,2024-09-24 18:44,2024-09-24 22:31
LAB718214,ENC107652,PT12201,HGB,Hemoglobin,12.6,g/dL,12,17.5,N,STAT,2024-09-24 17:30,2024-09-24 17:56,2024-09-24 18:55
LAB718215,ENC107653,PT13312,GLU,Glucose,149,mg/dL,70,99,H,STAT,2024-09-24 21:25,2024-09-24 21:34,2024-09-24 22:18
LAB718216,ENC107653,PT13312,CREAT,Creatinine,1.66,mg/dL,0.6,1.3,H,STAT,2024-09-24 21:23,2024-09-24 21:52,2024-09-24 22:33
LAB718217,ENC107653,PT13312,WBC,White Blood Cell Count,12.8,K/uL,4.5,11,H,STAT,2024-09-24 20:29,2024-09-24 20:33,2024-09-24 21:08
LAB718218,ENC107653,PT13312,HGB,Hemoglobin,12.6,g/dL,12,17.5,N,Routine,2024-09-24 21:29,2024-09-24 21:46,2024-09-25 01:24
LAB718219,ENC107653,PT13312,LACT,Lactate,4.4,mmol/L,0.5,2,HH,STAT,2024-09-24 21:29,2024-09-24 22:01,2024-09-24 22:34
LAB718220,ENC107655,PT12205,GLU,Glucose,136,mg/dL,70,99,H,STAT,2024-09-25 00:20,2024-09-25 00:53,2024-09-25 01:19
LAB718221,ENC107655,PT12205,CREAT,Creatinine,0.78,mg/dL,0.6,1.3,N,STAT,2024-09-25 00:47,2024-09-25 00:55,2024-09-25 02:04
LAB718222,ENC107655,PT12205,WBC,White Blood Cell Count,10.5,K/uL,4.5,11,N,STAT,2024-09-25 01:16,2024-09-25 01:23,2024-09-25 01:48
LAB718223,ENC107655,PT12205,HGB,Hemoglobin,14.9,g/dL,12,17.5,N,STAT,2024-09-25 00:43,2024-09-25 01:11,2024-09-25 02:19
LAB718224,ENC107655,PT12205,NA,Sodium,138,mmol/L,136,145,N,Routine,2024-09-25 00:56,2024-09-25 01:27,2024-09-25 06:40
LAB718225,ENC107655,PT12205,K,Potassium,3.6,mmol/L,3.5,5.1,N,STAT,2024-09-25 00:49,2024-09-25 01:07,2024-09-25 01:44
LAB718226,ENC107655,PT12205,TROP,"Troponin I, High Sensitivity",65,ng/L,0,34,H,STAT,2024-09-25 01:13,2024-09-25 01:47,2024-09-25 02:21
LAB718227,ENC107655,PT12205,BNP,B-Type Natriuretic Peptide,1929,pg/mL,0,100,H,STAT,2024-09-25 01:17,2024-09-25 01:22,2024-09-25 02:28
LAB718228,ENC107656,PT13360,GLU,Glucose,105,mg/dL,70,99,H,STAT,2024-09-25 00:09,2024-09-25 00:25,2024-09-25 01:10
LAB718229,ENC107656,PT13360,CREAT,Creatinine,1.09,mg/dL,0.6,1.3,N,Routine,2024-09-25 00:11,2024-09-25 00:43,2024-09-25 03:48
LAB718230,ENC107656,PT13360,WBC,White Blood Cell Count,6.7,K/uL,4.5,11,N,STAT,2024-09-25 00:45,2024-09-25 00:50,2024-09-25 01:53
LAB718231,ENC107656,PT13360,HGB,Hemoglobin,13.7,g/dL,12,17.5,N,Routine,2024-09-25 00:09,2024-09-25 00:39,2024-09-25 03:39
LAB718232,ENC107656,PT13360,TROP,"Troponin I, High Sensitivity",786,ng/L,0,34,H,STAT,2024-09-25 00:26,2024-09-25 00:30,2024-09-25 02:33
LAB718233,ENC107657,PT13831,GLU,Glucose,108,mg/dL,70,99,H,Routine,2024-09-25 00:49,2024-09-25 00:54,2024-09-25 02:54
LAB718234,ENC107657,PT13831,CREAT,Creatinine,0.99,mg/dL,0.6,1.3,N,STAT,2024-09-25 00:54,2024-09-25 01:20,2024-09-25 02:33
LAB718235,ENC107657,PT13831,WBC,White Blood Cell Count,18.6,K/uL,4.5,11,H,Routine,2024-09-25 01:22,2024-09-25 01:48,2024-09-25 04:44
LAB718236,ENC107657,PT13831,HGB,Hemoglobin,15.6,g/dL,12,17.5,N,Routine,2024-09-25 00:52,2024-09-25 01:17,2024-09-25 08:17
LAB718237,ENC107658,PT13790,GLU,Glucose,99,mg/dL,70,99,N,STAT,2024-09-25 02:08,2024-09-25 02:30,2024-09-25 02:59
LAB718238,ENC107658,PT13790,CREAT,Creatinine,0.9,mg/dL,0.6,1.3,N,STAT,2024-09-25 01:55,2024-09-25 02:10,2024-09-25 02:58
LAB718239,ENC107658,PT13790,WBC,White Blood Cell Count,3.8,K/uL,4.5,11,L,STAT,2024-09-25 01:47,2024-09-25 02:11,2024-09-25 02:59
LAB718240,ENC107658,PT13790,HGB,Hemoglobin,12.9,g/dL,12,17.5,N,Routine,2024-09-25 01:31,2024-09-25 01:58,2024-09-25 04:46
LAB718241,ENC107658,PT13790,NA,Sodium,142,mmol/L,136,145,N,Routine,2024-09-25 01:54,2024-09-25 02:03,2024-09-25 07:27
LAB718242,ENC107658,PT13790,K,Potassium,4.1,mmol/L,3.5,5.1,N,STAT,2024-09-25 02:26,2024-09-25 02:34,2024-09-25 03:04
LAB718243,ENC107659,PT12699,GLU,Glucose,76,mg/dL,70,99,N,STAT,2024-09-25 05:51,2024-09-25 06:17,2024-09-25 06:59
LAB718244,ENC107659,PT12699,CREAT,Creatinine,0.99,mg/dL,0.6,1.3,N,STAT,2024-09-25 05:55,2024-09-25 06:03,2024-09-25 06:31
LAB718245,ENC107659,PT12699,WBC,White Blood Cell Count,9,K/uL,4.5,11,N,STAT,2024-09-25 06:06,2024-09-25 06:15,2024-09-25 07:04
LAB718246,ENC107659,PT12699,HGB,Hemoglobin,14.9,g/dL,12,17.5,N,STAT,2024-09-25 06:13,2024-09-25 06:28,2024-09-25 07:02
LAB718247,ENC107660,PT10901,GLU,Glucose,169,mg/dL,70,99,H,STAT,2024-09-25 07:34,2024-09-25 07:43,2024-09-25 08:31
LAB718248,ENC107660,PT10901,CREAT,Creatinine,1.89,mg/dL,0.6,1.3,H,Routine,2024-09-25 08:17,2024-09-25 08:35,2024-09-25 12:14
LAB718249,ENC107660,PT10901,WBC,White Blood Cell Count,14.9,K/uL,4.5,11,H,STAT,2024-09-25 07:23,2024-09-25 07:52,2024-09-25 08:25
LAB718250,ENC107660,PT10901,HGB,Hemoglobin,10,g/dL,12,17.5,L,STAT,2024-09-25 08:03,2024-09-25 08:33,2024-09-25 09:33
LAB718251,ENC107661,PT11146,GLU,Glucose,93,mg/dL,70,99,N,STAT,2024-09-25 06:40,2024-09-25 07:11,2024-09-25 07:55
LAB718252,ENC107661,PT11146,CREAT,Creatinine,0.92,mg/dL,0.6,1.3,N,Routine,2024-09-25 06:46,2024-09-25 07:04,2024-09-25 11:27
LAB718253,ENC107661,PT11146,WBC,White Blood Cell Count,7.5,K/uL,4.5,11,N,STAT,2024-09-25 06:12,2024-09-25 06:32,2024-09-25 08:16
LAB718254,ENC107663,PT11138,GLU,Glucose,89,mg/dL,70,99,N,Routine,2024-09-25 09:46,2024-09-25 10:09,2024-09-25 12:43
LAB718255,ENC107663,PT11138,CREAT,Creatinine,1.27,mg/dL,0.6,1.3,N,Routine,2024-09-25 08:57,2024-09-25 09:11,2024-09-25 12:52
LAB718256,ENC107663,PT11138,WBC,White Blood Cell Count,5.9,K/uL,4.5,11,N,STAT,2024-09-25 09:35,2024-09-25 09:58,2024-09-25 10:32
LAB718257,ENC107663,PT11138,HGB,Hemoglobin,11,g/dL,12,17.5,L,STAT,2024-09-25 09:48,2024-09-25 10:01,2024-09-25 12:09
LAB718258,ENC107665,PT12062,LDL,LDL Cholesterol,70,mg/dL,0,99,N,Routine,2024-09-25 09:24,2024-09-25 09:45,2024-09-25 15:47
LAB718259,ENC107665,PT12062,A1C,Hemoglobin A1c,5.7,%,4,5.6,H,Routine,2024-09-25 09:27,2024-09-25 09:48,2024-09-26 00:03
LAB718260,ENC107665,PT12062,TSH,Thyroid Stimulating Hormone,1.41,mIU/L,0.4,4,N,Routine,2024-09-25 09:20,2024-09-25 09:46,2024-09-25 14:49
LAB718261,ENC107667,PT11235,GLU,Glucose,137,mg/dL,70,99,H,STAT,2024-09-25 11:14,2024-09-25 11:33,2024-09-25 12:53
LAB718262,ENC107667,PT11235,CREAT,Creatinine,0.96,mg/dL,0.6,1.3,N,STAT,2024-09-25 10:47,2024-09-25 11:09,2024-09-25 11:43
LAB718263,ENC107669,PT10799,A1C,Hemoglobin A1c,5.6,%,4,5.6,N,Routine,2024-09-25 11:40,2024-09-25 12:08,2024-09-27 06:46
LAB718264,ENC107673,PT13416,GLU,Glucose,110,mg/dL,70,99,H,Routine,2024-09-25 12:37,2024-09-25 12:56,2024-09-25 13:56
LAB718265,ENC107673,PT13416,CREAT,Creatinine,0.64,mg/dL,0.6,1.3,N,STAT,2024-09-25 12:52,2024-09-25 12:58,2024-09-25 13:47
LAB718266,ENC107674,PT10284,LDL,LDL Cholesterol,85,mg/dL,0,99,N,Routine,2024-09-25 12:38,2024-09-25 12:45,2024-09-25 19:31
LAB718267,ENC107674,PT10284,A1C,Hemoglobin A1c,9.1,%,4,5.6,H,Routine,2024-09-25 12:32,2024-09-25 12:51,2024-09-26 01:23
LAB718268,ENC107674,PT10284,TSH,Thyroid Stimulating Hormone,1.64,mIU/L,0.4,4,N,Routine,2024-09-25 12:35,2024-09-25 12:39,2024-09-25 20:00
LAB718269,ENC107675,PT11513,GLU,Glucose,117,mg/dL,70,99,H,STAT,2024-09-25 12:36,2024-09-25 13:00,2024-09-25 13:44
LAB718270,ENC107675,PT11513,CREAT,Creatinine,1.4,mg/dL,0.6,1.3,H,STAT,2024-09-25 12:56,2024-09-25 13:21,2024-09-25 14:45
LAB718271,ENC107675,PT11513,WBC,White Blood Cell Count,13,K/uL,4.5,11,H,STAT,2024-09-25 12:40,2024-09-25 12:48,2024-09-25 13:34
LAB718272,ENC107675,PT11513,HGB,Hemoglobin,13.2,g/dL,12,17.5,N,Routine,2024-09-25 13:27,2024-09-25 13:34,2024-09-25 18:58
LAB718273,ENC107675,PT11513,NA,Sodium,137,mmol/L,136,145,N,Routine,2024-09-25 13:06,2024-09-25 13:25,2024-09-25 14:52
LAB718274,ENC107675,PT11513,K,Potassium,5.3,mmol/L,3.5,5.1,H,STAT,2024-09-25 13:25,2024-09-25 13:42,2024-09-25 14:04
LAB718275,ENC107677,PT10381,LDL,LDL Cholesterol,149,mg/dL,0,99,H,Routine,2024-09-25 12:59,2024-09-25 13:24,2024-09-26 07:32
LAB718276,ENC107679,PT12043,GLU,Glucose,101,mg/dL,70,99,H,Routine,2024-09-25 17:03,2024-09-25 17:33,2024-09-25 20:32
LAB718277,ENC107679,PT12043,CREAT,Creatinine,0.91,mg/dL,0.6,1.3,N,Routine,2024-09-25 17:35,2024-09-25 18:00,2024-09-25 19:08
LAB718278,ENC107679,PT12043,WBC,White Blood Cell Count,7.3,K/uL,4.5,11,N,Routine,2024-09-25 17:23,2024-09-25 17:39,2024-09-25 19:49
LAB718279,ENC107679,PT12043,HGB,Hemoglobin,12.4,g/dL,12,17.5,N,STAT,2024-09-25 17:17,2024-09-25 17:37,2024-09-25 18:15
LAB718280,ENC107679,PT12043,TROP,"Troponin I, High Sensitivity",1,ng/L,0,34,N,STAT,2024-09-25 16:59,2024-09-25 17:06,2024-09-25 17:29
LAB718281,ENC107679,PT12043,BNP,B-Type Natriuretic Peptide,1345,pg/mL,0,100,H,STAT,2024-09-25 17:05,2024-09-25 17:34,2024-09-25 18:33
LAB718282,ENC107684,PT12917,GLU,Glucose,85,mg/dL,70,99,N,Routine,2024-09-25 17:23,2024-09-25 17:48,2024-09-25 18:47
LAB718283,ENC107684,PT12917,CREAT,Creatinine,0.62,mg/dL,0.6,1.3,N,Routine,2024-09-25 17:20,2024-09-25 17:38,2024-09-25 19:48
LAB718284,ENC107684,PT12917,WBC,White Blood Cell Count,5.7,K/uL,4.5,11,N,Routine,2024-09-25 18:11,2024-09-25 18:41,2024-09-25 20:24
LAB718285,ENC107684,PT12917,HGB,Hemoglobin,15.9,g/dL,12,17.5,N,STAT,2024-09-25 17:22,2024-09-25 17:51,2024-09-25 18:33
LAB718286,ENC107684,PT12917,TROP,"Troponin I, High Sensitivity",66,ng/L,0,34,H,STAT,2024-09-25 17:20,2024-09-25 17:54,2024-09-25 18:33
LAB718287,ENC107684,PT12917,BNP,B-Type Natriuretic Peptide,427,pg/mL,0,100,H,Routine,2024-09-25 17:13,2024-09-25 17:29,2024-09-25 19:33
LAB718288,ENC107688,PT13113,GLU,Glucose,143,mg/dL,70,99,H,Routine,2024-09-25 20:03,2024-09-25 20:31,2024-09-26 00:03
LAB718289,ENC107688,PT13113,CREAT,Creatinine,0.88,mg/dL,0.6,1.3,N,STAT,2024-09-25 20:23,2024-09-25 20:32,2024-09-25 21:40
LAB718290,ENC107688,PT13113,WBC,White Blood Cell Count,6.1,K/uL,4.5,11,N,Routine,2024-09-25 20:11,2024-09-25 20:37,2024-09-25 23:36
LAB718291,ENC107688,PT13113,HGB,Hemoglobin,13.4,g/dL,12,17.5,N,STAT,2024-09-25 20:21,2024-09-25 20:40,2024-09-25 21:19
LAB718292,ENC107688,PT13113,LACT,Lactate,2.6,mmol/L,0.5,2,H,STAT,2024-09-25 20:05,2024-09-25 20:35,2024-09-25 21:12
LAB718293,ENC107689,PT13285,GLU,Glucose,145,mg/dL,70,99,H,STAT,2024-09-25 20:10,2024-09-25 20:20,2024-09-25 20:59
LAB718294,ENC107689,PT13285,CREAT,Creatinine,2.37,mg/dL,0.6,1.3,H,STAT,2024-09-25 19:50,2024-09-25 20:01,2024-09-25 21:41
LAB718295,ENC107689,PT13285,WBC,White Blood Cell Count,13.6,K/uL,4.5,11,H,Routine,2024-09-25 19:29,2024-09-25 19:59,2024-09-25 21:59
LAB718296,ENC107689,PT13285,HGB,Hemoglobin,16.6,g/dL,12,17.5,N,STAT,2024-09-25 19:39,2024-09-25 19:54,2024-09-25 21:41
LAB718297,ENC107689,PT13285,NA,Sodium,140,mmol/L,136,145,N,Routine,2024-09-25 19:24,2024-09-25 19:45,2024-09-25 22:14
LAB718298,ENC107689,PT13285,K,Potassium,4.7,mmol/L,3.5,5.1,N,STAT,2024-09-25 19:44,2024-09-25 20:13,2024-09-25 20:31
LAB718299,ENC107689,PT13285,LACT,Lactate,1.9,mmol/L,0.5,2,N,STAT,2024-09-25 19:44,2024-09-25 20:15,2024-09-25 21:33
LAB718300,ENC107691,PT13522,GLU,Glucose,97,mg/dL,70,99,N,Routine,2024-09-25 22:23,2024-09-25 22:29,2024-09-26 01:11
LAB718301,ENC107691,PT13522,CREAT,Creatinine,0.84,mg/dL,0.6,1.3,N,STAT,2024-09-25 21:49,2024-09-25 21:59,2024-09-25 22:57
LAB718302,ENC107691,PT13522,WBC,White Blood Cell Count,5.5,K/uL,4.5,11,N,STAT,2024-09-25 22:35,2024-09-25 23:10,2024-09-25 23:40
LAB718303,ENC107691,PT13522,HGB,Hemoglobin,13.5,g/dL,12,17.5,N,STAT,2024-09-25 22:21,2024-09-25 22:42,2024-09-25 23:45
LAB718304,ENC107692,PT11355,GLU,Glucose,104,mg/dL,70,99,H,STAT,2024-09-25 19:01,2024-09-25 19:17,2024-09-25 20:21
LAB718305,ENC107692,PT11355,CREAT,Creatinine,1.01,mg/dL,0.6,1.3,N,Routine,2024-09-25 19:42,2024-09-25 20:01,2024-09-25 23:23
LAB718306,ENC107692,PT11355,WBC,White Blood Cell Count,7.5,K/uL,4.5,11,N,STAT,2024-09-25 19:19,2024-09-25 19:42,2024-09-25 20:36
LAB718307,ENC107692,PT11355,HGB,Hemoglobin,14.5,g/dL,12,17.5,N,STAT,2024-09-25 19:01,2024-09-25 19:29,2024-09-25 19:52
LAB718308,ENC107692,PT11355,TROP,"Troponin I, High Sensitivity",2,ng/L,0,34,N,STAT,2024-09-25 19:46,2024-09-25 20:00,2024-09-25 21:21
LAB718309,ENC107693,PT10918,GLU,Glucose,280,mg/dL,70,99,H,STAT,2024-09-25 23:43,2024-09-26 00:14,2024-09-26 01:36
LAB718310,ENC107693,PT10918,CREAT,Creatinine,1.1,mg/dL,0.6,1.3,N,STAT,2024-09-26 00:21,2024-09-26 00:48,2024-09-26 01:07
LAB718311,ENC107693,PT10918,WBC,White Blood Cell Count,4.9,K/uL,4.5,11,N,STAT,2024-09-25 23:56,2024-09-26 00:00,2024-09-26 00:51
LAB718312,ENC107693,PT10918,HGB,Hemoglobin,14.2,g/dL,12,17.5,N,STAT,2024-09-26 00:07,2024-09-26 00:20,2024-09-26 00:46
LAB718313,ENC107693,PT10918,NA,Sodium,135,mmol/L,136,145,L,Routine,2024-09-25 23:39,2024-09-26 00:12,2024-09-26 04:58
LAB718314,ENC107693,PT10918,K,Potassium,3.6,mmol/L,3.5,5.1,N,STAT,2024-09-26 00:20,2024-09-26 00:24,2024-09-26 00:53
LAB718315,ENC107693,PT10918,A1C,Hemoglobin A1c,9.4,%,4,5.6,H,STAT,2024-09-26 00:28,2024-09-26 00:46,2024-09-26 01:48
LAB718316,ENC107695,PT12992,GLU,Glucose,95,mg/dL,70,99,N,Routine,2024-09-26 06:33,2024-09-26 06:49,2024-09-26 15:27
LAB718317,ENC107695,PT12992,CREAT,Creatinine,0.86,mg/dL,0.6,1.3,N,STAT,2024-09-26 05:44,2024-09-26 06:04,2024-09-26 06:42
LAB718318,ENC107695,PT12992,WBC,White Blood Cell Count,11.8,K/uL,4.5,11,H,STAT,2024-09-26 06:39,2024-09-26 07:01,2024-09-26 07:32
LAB718319,ENC107695,PT12992,HGB,Hemoglobin,14.8,g/dL,12,17.5,N,STAT,2024-09-26 05:47,2024-09-26 05:55,2024-09-26 07:14
LAB718320,ENC107695,PT12992,BUN,Blood Urea Nitrogen,17,mg/dL,7,20,N,Routine,2024-09-26 06:39,2024-09-26 06:48,2024-09-26 09:32
LAB718321,ENC107695,PT12992,PLT,Platelet Count,198,K/uL,150,400,N,STAT,2024-09-26 06:29,2024-09-26 06:54,2024-09-26 07:55
LAB718322,ENC107696,PT13515,GLU,Glucose,77,mg/dL,70,99,N,STAT,2024-09-26 08:30,2024-09-26 08:36,2024-09-26 10:09
LAB718323,ENC107696,PT13515,CREAT,Creatinine,0.88,mg/dL,0.6,1.3,N,Routine,2024-09-26 08:34,2024-09-26 08:55,2024-09-26 12:28
LAB718324,ENC107696,PT13515,WBC,White Blood Cell Count,5.8,K/uL,4.5,11,N,Routine,2024-09-26 08:15,2024-09-26 08:45,2024-09-26 10:57
LAB718325,ENC107696,PT13515,HGB,Hemoglobin,8.4,g/dL,12,17.5,L,STAT,2024-09-26 08:48,2024-09-26 09:07,2024-09-26 09:26
LAB718326,ENC107698,PT12341,WBC,White Blood Cell Count,7.6,K/uL,4.5,11,N,Routine,2024-09-26 09:08,2024-09-26 09:33,2024-09-26 11:44
LAB718327,ENC107698,PT12341,HGB,Hemoglobin,9.1,g/dL,12,17.5,L,Routine,2024-09-26 08:58,2024-09-26 09:18,2024-09-26 10:55
LAB718328,ENC107698,PT12341,PLT,Platelet Count,260,K/uL,150,400,N,Routine,2024-09-26 09:10,2024-09-26 09:42,2024-09-26 12:58
LAB718329,ENC107700,PT10937,INR,Prothrombin Time INR,4,ratio,0.8,1.2,H,Routine,2024-09-26 09:39,2024-09-26 10:01,2024-09-26 13:08
LAB718330,ENC107701,PT13858,A1C,Hemoglobin A1c,5,%,4,5.6,N,Routine,2024-09-26 09:35,2024-09-26 10:09,2024-09-26 18:15
LAB718331,ENC107701,PT13858,GLU,Glucose,100,mg/dL,70,99,H,Routine,2024-09-26 09:57,2024-09-26 10:15,2024-09-26 15:15
LAB718332,ENC107701,PT13858,CREAT,Creatinine,0.68,mg/dL,0.6,1.3,N,Routine,2024-09-26 09:40,2024-09-26 10:06,2024-09-26 16:54
LAB718333,ENC107702,PT11016,GLU,Glucose,96,mg/dL,70,99,N,STAT,2024-09-26 13:19,2024-09-26 13:27,2024-09-26 14:06
LAB718334,ENC107702,PT11016,CREAT,Creatinine,1.29,mg/dL,0.6,1.3,N,STAT,2024-09-26 13:36,2024-09-26 14:04,2024-09-26 15:01
LAB718335,ENC107702,PT11016,WBC,White Blood Cell Count,9.8,K/uL,4.5,11,N,STAT,2024-09-26 14:08,2024-09-26 14:25,2024-09-26 15:37
LAB718336,ENC107702,PT11016,HGB,Hemoglobin,13.8,g/dL,12,17.5,N,Routine,2024-09-26 13:21,2024-09-26 13:28,2024-09-26 17:46
LAB718337,ENC107707,PT12244,A1C,Hemoglobin A1c,10.2,%,4,5.6,H,Routine,2024-09-26 11:12,2024-09-26 11:33,2024-09-27 01:03
LAB718338,ENC107707,PT12244,GLU,Glucose,335,mg/dL,70,99,H,Routine,2024-09-26 11:19,2024-09-26 11:52,2024-09-26 16:24
LAB718339,ENC107707,PT12244,CREAT,Creatinine,0.74,mg/dL,0.6,1.3,N,Routine,2024-09-26 11:30,2024-09-26 11:58,2024-09-26 14:52
LAB718340,ENC107709,PT13338,GLU,Glucose,107,mg/dL,70,99,H,STAT,2024-09-26 11:29,2024-09-26 11:46,2024-09-26 12:52
LAB718341,ENC107709,PT13338,CREAT,Creatinine,0.81,mg/dL,0.6,1.3,N,STAT,2024-09-26 12:18,2024-09-26 12:23,2024-09-26 14:09
LAB718342,ENC107709,PT13338,WBC,White Blood Cell Count,9.2,K/uL,4.5,11,N,Routine,2024-09-26 11:39,2024-09-26 12:11,2024-09-26 15:33
LAB718343,ENC107710,PT13721,LDL,LDL Cholesterol,93,mg/dL,0,99,N,Routine,2024-09-26 11:53,2024-09-26 12:07,2024-09-27 11:10
LAB718344,ENC107710,PT13721,A1C,Hemoglobin A1c,5.9,%,4,5.6,H,Routine,2024-09-26 11:50,2024-09-26 12:23,2024-09-27 10:53
LAB718345,ENC107710,PT13721,TSH,Thyroid Stimulating Hormone,0.34,mIU/L,0.4,4,L,Routine,2024-09-26 11:36,2024-09-26 12:08,2024-09-27 04:14
LAB718346,ENC107711,PT11070,GLU,Glucose,103,mg/dL,70,99,H,STAT,2024-09-26 12:19,2024-09-26 12:37,2024-09-26 14:08
LAB718347,ENC107711,PT11070,CREAT,Creatinine,1.28,mg/dL,0.6,1.3,N,STAT,2024-09-26 12:24,2024-09-26 12:53,2024-09-26 13:27
LAB718348,ENC107711,PT11070,WBC,White Blood Cell Count,6.5,K/uL,4.5,11,N,Routine,2024-09-26 12:54,2024-09-26 13:25,2024-09-26 17:27
LAB718349,ENC107711,PT11070,HGB,Hemoglobin,12.1,g/dL,12,17.5,N,STAT,2024-09-26 12:06,2024-09-26 12:41,2024-09-26 13:29
LAB718350,ENC107712,PT11565,GLU,Glucose,64,mg/dL,70,99,L,STAT,2024-09-26 13:41,2024-09-26 14:08,2024-09-26 15:37
LAB718351,ENC107712,PT11565,CREAT,Creatinine,0.76,mg/dL,0.6,1.3,N,STAT,2024-09-26 13:41,2024-09-26 13:48,2024-09-26 15:04
LAB718352,ENC107717,PT12268,GLU,Glucose,124,mg/dL,70,99,H,Routine,2024-09-26 17:28,2024-09-26 17:46,2024-09-26 20:00
LAB718353,ENC107717,PT12268,CREAT,Creatinine,0.8,mg/dL,0.6,1.3,N,STAT,2024-09-26 18:18,2024-09-26 18:48,2024-09-26 20:03
LAB718354,ENC107717,PT12268,WBC,White Blood Cell Count,9.6,K/uL,4.5,11,N,STAT,2024-09-26 17:34,2024-09-26 17:41,2024-09-26 18:26
LAB718355,ENC107717,PT12268,HGB,Hemoglobin,9.5,g/dL,12,17.5,L,STAT,2024-09-26 18:00,2024-09-26 18:24,2024-09-26 19:07
LAB718356,ENC107717,PT12268,NA,Sodium,140,mmol/L,136,145,N,STAT,2024-09-26 17:55,2024-09-26 18:17,2024-09-26 19:45
LAB718357,ENC107717,PT12268,K,Potassium,3.7,mmol/L,3.5,5.1,N,STAT,2024-09-26 17:23,2024-09-26 17:47,2024-09-26 18:55
LAB718358,ENC107717,PT12268,INR,Prothrombin Time INR,1,ratio,0.8,1.2,N,STAT,2024-09-26 17:50,2024-09-26 18:23,2024-09-26 19:14
LAB718359,ENC107719,PT12176,A1C,Hemoglobin A1c,8.5,%,4,5.6,H,Routine,2024-09-26 14:42,2024-09-26 15:11,2024-09-26 23:04
LAB718360,ENC107719,PT12176,GLU,Glucose,41,mg/dL,70,99,L,Routine,2024-09-26 14:49,2024-09-26 15:23,2024-09-26 17:03
LAB718361,ENC107719,PT12176,CREAT,Creatinine,1.05,mg/dL,0.6,1.3,N,Routine,2024-09-26 14:40,2024-09-26 14:44,2024-09-26 15:57
LAB718362,ENC107720,PT10404,GLU,Glucose,126,mg/dL,70,99,H,STAT,2024-09-26 15:28,2024-09-26 15:32,2024-09-26 16:17
LAB718363,ENC107720,PT10404,CREAT,Creatinine,0.95,mg/dL,0.6,1.3,N,Routine,2024-09-26 15:14,2024-09-26 15:31,2024-09-26 20:33
LAB718364,ENC107720,PT10404,WBC,White Blood Cell Count,9.7,K/uL,4.5,11,N,STAT,2024-09-26 15:16,2024-09-26 15:38,2024-09-26 16:17
LAB718365,ENC107721,PT12337,A1C,Hemoglobin A1c,11.4,%,4,5.6,H,Routine,2024-09-26 15:11,2024-09-26 15:30,2024-09-26 23:30
LAB718366,ENC107721,PT12337,GLU,Glucose,243,mg/dL,70,99,H,Routine,2024-09-26 14:56,2024-09-26 15:03,2024-09-26 18:04
LAB718367,ENC107721,PT12337,CREAT,Creatinine,1.06,mg/dL,0.6,1.3,N,Routine,2024-09-26 14:50,2024-09-26 15:10,2024-09-26 18:12
LAB718368,ENC107722,PT10521,LDL,LDL Cholesterol,169,mg/dL,0,99,H,Routine,2024-09-26 14:53,2024-09-26 15:12,2024-09-27 14:19
LAB718369,ENC107725,PT12729,GLU,Glucose,91,mg/dL,70,99,N,Routine,2024-09-26 20:20,2024-09-26 20:45,2024-09-27 01:05
LAB718370,ENC107725,PT12729,CREAT,Creatinine,1.05,mg/dL,0.6,1.3,N,STAT,2024-09-26 19:40,2024-09-26 19:58,2024-09-26 20:27
LAB718371,ENC107725,PT12729,WBC,White Blood Cell Count,7.5,K/uL,4.5,11,N,STAT,2024-09-26 19:20,2024-09-26 19:30,2024-09-26 20:09
LAB718372,ENC107725,PT12729,HGB,Hemoglobin,14.2,g/dL,12,17.5,N,STAT,2024-09-26 19:20,2024-09-26 19:48,2024-09-26 20:26
LAB718373,ENC107726,PT12795,A1C,Hemoglobin A1c,8.2,%,4,5.6,H,Routine,2024-09-26 16:40,2024-09-26 16:53,2024-09-27 11:03
LAB718374,ENC107728,PT12843,GLU,Glucose,109,mg/dL,70,99,H,Routine,2024-09-26 21:15,2024-09-26 21:38,2024-09-27 02:59
LAB718375,ENC107728,PT12843,CREAT,Creatinine,0.88,mg/dL,0.6,1.3,N,STAT,2024-09-26 20:18,2024-09-26 20:51,2024-09-26 21:28
LAB718376,ENC107728,PT12843,WBC,White Blood Cell Count,6.7,K/uL,4.5,11,N,STAT,2024-09-26 21:13,2024-09-26 21:42,2024-09-26 22:46
LAB718377,ENC107728,PT12843,HGB,Hemoglobin,11.2,g/dL,12,17.5,L,STAT,2024-09-26 20:33,2024-09-26 20:41,2024-09-26 21:35
LAB718378,ENC107728,PT12843,BUN,Blood Urea Nitrogen,15,mg/dL,7,20,N,STAT,2024-09-26 21:20,2024-09-26 21:40,2024-09-26 22:16
LAB718379,ENC107728,PT12843,PLT,Platelet Count,325,K/uL,150,400,N,Routine,2024-09-26 20:42,2024-09-26 21:07,2024-09-27 00:18
LAB718380,ENC107728,PT12843,INR,Prothrombin Time INR,1,ratio,0.8,1.2,N,STAT,2024-09-26 20:56,2024-09-26 21:09,2024-09-26 21:50
LAB718381,ENC107729,PT12569,GLU,Glucose,77,mg/dL,70,99,N,STAT,2024-09-26 18:02,2024-09-26 18:25,2024-09-26 19:18
LAB718382,ENC107729,PT12569,CREAT,Creatinine,0.64,mg/dL,0.6,1.3,N,STAT,2024-09-26 17:31,2024-09-26 17:58,2024-09-26 18:34
LAB718383,ENC107730,PT10294,GLU,Glucose,112,mg/dL,70,99,H,STAT,2024-09-26 18:38,2024-09-26 18:53,2024-09-26 19:36
LAB718384,ENC107730,PT10294,CREAT,Creatinine,0.43,mg/dL,0.6,1.3,L,STAT,2024-09-26 19:26,2024-09-26 19:52,2024-09-26 20:51
LAB718385,ENC107730,PT10294,WBC,White Blood Cell Count,7.7,K/uL,4.5,11,N,STAT,2024-09-26 19:02,2024-09-26 19:10,2024-09-26 19:36
LAB718386,ENC107731,PT12938,GLU,Glucose,114,mg/dL,70,99,H,Routine,2024-09-26 22:41,2024-09-26 22:45,2024-09-27 01:54
LAB718387,ENC107731,PT12938,CREAT,Creatinine,0.9,mg/dL,0.6,1.3,N,STAT,2024-09-26 23:28,2024-09-26 23:44,2024-09-27 00:48
LAB718388,ENC107731,PT12938,WBC,White Blood Cell Count,12.9,K/uL,4.5,11,H,Routine,2024-09-26 23:33,2024-09-26 23:53,2024-09-27 03:00
LAB718389,ENC107731,PT12938,HGB,Hemoglobin,12.3,g/dL,12,17.5,N,STAT,2024-09-26 22:56,2024-09-26 23:07,2024-09-26 23:37
LAB718390,ENC107731,PT12938,BUN,Blood Urea Nitrogen,14,mg/dL,7,20,N,STAT,2024-09-26 22:42,2024-09-26 23:10,2024-09-26 23:34
LAB718391,ENC107731,PT12938,PLT,Platelet Count,269,K/uL,150,400,N,STAT,2024-09-26 22:52,2024-09-26 23:01,2024-09-26 23:45
LAB718392,ENC107732,PT11598,GLU,Glucose,104,mg/dL,70,99,H,Routine,2024-09-26 21:31,2024-09-26 21:50,2024-09-27 00:17
LAB718393,ENC107732,PT11598,CREAT,Creatinine,2.02,mg/dL,0.6,1.3,H,STAT,2024-09-26 21:32,2024-09-26 21:36,2024-09-26 22:11
LAB718394,ENC107732,PT11598,WBC,White Blood Cell Count,4.9,K/uL,4.5,11,N,STAT,2024-09-26 22:11,2024-09-26 22:44,2024-09-26 23:43
LAB718395,ENC107732,PT11598,HGB,Hemoglobin,14.7,g/dL,12,17.5,N,STAT,2024-09-26 21:32,2024-09-26 22:07,2024-09-26 22:35
LAB718396,ENC107732,PT11598,NA,Sodium,140,mmol/L,136,145,N,Routine,2024-09-26 21:44,2024-09-26 22:15,2024-09-27 02:10
LAB718397,ENC107732,PT11598,K,Potassium,5.4,mmol/L,3.5,5.1,H,STAT,2024-09-26 22:06,2024-09-26 22:19,2024-09-26 22:51
LAB718398,ENC107734,PT12197,GLU,Glucose,171,mg/dL,70,99,H,Routine,2024-09-27 05:44,2024-09-27 06:01,2024-09-27 07:17
LAB718399,ENC107734,PT12197,CREAT,Creatinine,0.97,mg/dL,0.6,1.3,N,STAT,2024-09-27 06:06,2024-09-27 06:37,2024-09-27 07:30
LAB718400,ENC107735,PT11309,GLU,Glucose,90,mg/dL,70,99,N,STAT,2024-09-27 08:58,2024-09-27 09:17,2024-09-27 10:53
LAB718401,ENC107735,PT11309,CREAT,Creatinine,0.86,mg/dL,0.6,1.3,N,STAT,2024-09-27 08:00,2024-09-27 08:18,2024-09-27 08:44
LAB718402,ENC107735,PT11309,WBC,White Blood Cell Count,8.3,K/uL,4.5,11,N,Routine,2024-09-27 08:11,2024-09-27 08:39,2024-09-27 10:50
LAB718403,ENC107735,PT11309,HGB,Hemoglobin,12,g/dL,12,17.5,N,STAT,2024-09-27 08:36,2024-09-27 09:01,2024-09-27 10:02
LAB718404,ENC107736,PT10771,LDL,LDL Cholesterol,107,mg/dL,0,99,H,Routine,2024-09-27 08:27,2024-09-27 08:58,2024-09-27 22:18
LAB718405,ENC107737,PT11552,GLU,Glucose,97,mg/dL,70,99,N,STAT,2024-09-27 09:21,2024-09-27 09:43,2024-09-27 10:07
LAB718406,ENC107737,PT11552,CREAT,Creatinine,0.86,mg/dL,0.6,1.3,N,STAT,2024-09-27 09:48,2024-09-27 10:17,2024-09-27 11:33
LAB718407,ENC107738,PT11733,GLU,Glucose,95,mg/dL,70,99,N,STAT,2024-09-27 11:59,2024-09-27 12:07,2024-09-27 12:49
LAB718408,ENC107738,PT11733,CREAT,Creatinine,0.82,mg/dL,0.6,1.3,N,Routine,2024-09-27 12:41,2024-09-27 12:51,2024-09-27 15:23
LAB718409,ENC107738,PT11733,WBC,White Blood Cell Count,5.3,K/uL,4.5,11,N,STAT,2024-09-27 11:41,2024-09-27 12:10,2024-09-27 12:50
LAB718410,ENC107738,PT11733,HGB,Hemoglobin,10.2,g/dL,12,17.5,L,Routine,2024-09-27 12:46,2024-09-27 13:13,2024-09-27 19:04
LAB718411,ENC107738,PT11733,BUN,Blood Urea Nitrogen,15,mg/dL,7,20,N,STAT,2024-09-27 11:49,2024-09-27 12:16,2024-09-27 13:33
LAB718412,ENC107738,PT11733,PLT,Platelet Count,341,K/uL,150,400,N,STAT,2024-09-27 12:04,2024-09-27 12:34,2024-09-27 13:22
LAB718413,ENC107740,PT12963,WBC,White Blood Cell Count,6.4,K/uL,4.5,11,N,Routine,2024-09-27 10:04,2024-09-27 10:33,2024-09-27 12:36
LAB718414,ENC107740,PT12963,HGB,Hemoglobin,13.1,g/dL,12,17.5,N,Routine,2024-09-27 10:02,2024-09-27 10:31,2024-09-27 13:11
LAB718415,ENC107740,PT12963,PLT,Platelet Count,239,K/uL,150,400,N,Routine,2024-09-27 09:52,2024-09-27 10:18,2024-09-27 11:31
LAB718416,ENC107741,PT11619,GLU,Glucose,91,mg/dL,70,99,N,STAT,2024-09-27 10:20,2024-09-27 10:25,2024-09-27 11:12
LAB718417,ENC107741,PT11619,CREAT,Creatinine,0.78,mg/dL,0.6,1.3,N,STAT,2024-09-27 10:58,2024-09-27 11:10,2024-09-27 12:12
LAB718418,ENC107741,PT11619,WBC,White Blood Cell Count,7,K/uL,4.5,11,N,Routine,2024-09-27 10:26,2024-09-27 10:55,2024-09-27 12:52
LAB718419,ENC107741,PT11619,TROP,"Troponin I, High Sensitivity",3,ng/L,0,34,N,STAT,2024-09-27 11:06,2024-09-27 11:29,2024-09-27 12:09
LAB718420,ENC107743,PT13280,GLU,Glucose,156,mg/dL,70,99,H,STAT,2024-09-27 14:24,2024-09-27 14:48,2024-09-27 15:49
LAB718421,ENC107743,PT13280,CREAT,Creatinine,2.06,mg/dL,0.6,1.3,H,Routine,2024-09-27 14:09,2024-09-27 14:34,2024-09-27 16:44
LAB718422,ENC107743,PT13280,WBC,White Blood Cell Count,21.9,K/uL,4.5,11,H,STAT,2024-09-27 14:51,2024-09-27 15:25,2024-09-27 16:11
LAB718423,ENC107743,PT13280,HGB,Hemoglobin,16.5,g/dL,12,17.5,N,STAT,2024-09-27 14:17,2024-09-27 14:45,2024-09-27 15:23
LAB718424,ENC107743,PT13280,NA,Sodium,139,mmol/L,136,145,N,STAT,2024-09-27 14:38,2024-09-27 15:02,2024-09-27 16:30
LAB718425,ENC107743,PT13280,K,Potassium,4.4,mmol/L,3.5,5.1,N,STAT,2024-09-27 14:20,2024-09-27 14:42,2024-09-27 15:05
LAB718426,ENC107743,PT13280,LACT,Lactate,5,mmol/L,0.5,2,HH,STAT,2024-09-27 14:13,2024-09-27 14:37,2024-09-27 15:35
LAB718427,ENC107744,PT12642,LDL,LDL Cholesterol,81,mg/dL,0,99,N,Routine,2024-09-27 12:20,2024-09-27 12:46,2024-09-28 00:36
LAB718428,ENC107744,PT12642,TSH,Thyroid Stimulating Hormone,1.36,mIU/L,0.4,4,N,Routine,2024-09-27 12:28,2024-09-27 12:44,2024-09-28 01:01
LAB718429,ENC107745,PT10967,INR,Prothrombin Time INR,1.1,ratio,0.8,1.2,N,Routine,2024-09-27 13:11,2024-09-27 13:23,2024-09-27 15:09
LAB718430,ENC107746,PT13726,WBC,White Blood Cell Count,8.5,K/uL,4.5,11,N,Routine,2024-09-27 13:17,2024-09-27 13:22,2024-09-27 17:50
LAB718431,ENC107746,PT13726,HGB,Hemoglobin,10.2,g/dL,12,17.5,L,Routine,2024-09-27 13:25,2024-09-27 13:39,2024-09-27 14:53
LAB718432,ENC107746,PT13726,PLT,Platelet Count,285,K/uL,150,400,N,Routine,2024-09-27 13:29,2024-09-27 13:47,2024-09-27 16:21
LAB718433,ENC107747,PT13648,GLU,Glucose,239,mg/dL,70,99,H,STAT,2024-09-27 16:30,2024-09-27 16:42,2024-09-27 17:27
LAB718434,ENC107747,PT13648,CREAT,Creatinine,1.02,mg/dL,0.6,1.3,N,Routine,2024-09-27 16:05,2024-09-27 16:30,2024-09-27 18:54
LAB718435,ENC107747,PT13648,WBC,White Blood Cell Count,11.1,K/uL,4.5,11,H,STAT,2024-09-27 16:31,2024-09-27 16:47,2024-09-27 17:55
LAB718436,ENC107747,PT13648,HGB,Hemoglobin,12.4,g/dL,12,17.5,N,STAT,2024-09-27 16:56,2024-09-27 17:00,2024-09-27 18:13
LAB718437,ENC107749,PT13261,GLU,Glucose,100,mg/dL,70,99,H,Routine,2024-09-27 14:50,2024-09-27 15:01,2024-09-27 18:15
LAB718438,ENC107749,PT13261,CREAT,Creatinine,0.82,mg/dL,0.6,1.3,N,STAT,2024-09-27 15:22,2024-09-27 15:49,2024-09-27 17:05
LAB718439,ENC107751,PT10235,GLU,Glucose,100,mg/dL,70,99,H,STAT,2024-09-27 15:31,2024-09-27 15:49,2024-09-27 16:58
LAB718440,ENC107751,PT10235,CREAT,Creatinine,1.04,mg/dL,0.6,1.3,N,STAT,2024-09-27 15:31,2024-09-27 15:53,2024-09-27 16:36
LAB718441,ENC107751,PT10235,WBC,White Blood Cell Count,6.7,K/uL,4.5,11,N,Routine,2024-09-27 15:33,2024-09-27 16:04,2024-09-27 19:28
LAB718442,ENC107751,PT10235,HGB,Hemoglobin,13,g/dL,12,17.5,N,STAT,2024-09-27 15:18,2024-09-27 15:25,2024-09-27 16:12
LAB718443,ENC107752,PT11001,TROP,"Troponin I, High Sensitivity",3,ng/L,0,34,N,STAT,2024-09-27 14:53,2024-09-27 15:07,2024-09-27 15:38
LAB718444,ENC107754,PT12412,LDL,LDL Cholesterol,134,mg/dL,0,99,H,Routine,2024-09-27 16:39,2024-09-27 17:06,2024-09-28 11:44
LAB718445,ENC107754,PT12412,TSH,Thyroid Stimulating Hormone,1.34,mIU/L,0.4,4,N,Routine,2024-09-27 16:21,2024-09-27 16:50,2024-09-28 04:18
LAB718446,ENC107755,PT12741,GLU,Glucose,90,mg/dL,70,99,N,Routine,2024-09-27 17:36,2024-09-27 18:06,2024-09-27 20:10
LAB718447,ENC107755,PT12741,CREAT,Creatinine,0.97,mg/dL,0.6,1.3,N,STAT,2024-09-27 17:23,2024-09-27 17:45,2024-09-27 18:19
LAB718448,ENC107755,PT12741,WBC,White Blood Cell Count,6.8,K/uL,4.5,11,N,Routine,2024-09-27 18:16,2024-09-27 18:32,2024-09-27 22:32
LAB718449,ENC107755,PT12741,HGB,Hemoglobin,17,g/dL,12,17.5,N,STAT,2024-09-27 17:23,2024-09-27 17:44,2024-09-27 18:41
LAB718450,ENC107755,PT12741,INR,Prothrombin Time INR,1,ratio,0.8,1.2,N,STAT,2024-09-27 17:37,2024-09-27 18:12,2024-09-27 19:23
LAB718451,ENC107756,PT11317,GLU,Glucose,121,mg/dL,70,99,H,STAT,2024-09-27 18:33,2024-09-27 18:45,2024-09-27 19:10
LAB718452,ENC107756,PT11317,CREAT,Creatinine,0.89,mg/dL,0.6,1.3,N,STAT,2024-09-27 18:25,2024-09-27 18:39,2024-09-27 19:25
LAB718453,ENC107756,PT11317,WBC,White Blood Cell Count,7.7,K/uL,4.5,11,N,STAT,2024-09-27 17:45,2024-09-27 18:16,2024-09-27 18:56
LAB718454,ENC107756,PT11317,HGB,Hemoglobin,13.9,g/dL,12,17.5,N,Routine,2024-09-27 18:37,2024-09-27 18:53,2024-09-27 20:46
LAB718455,ENC107757,PT13341,GLU,Glucose,106,mg/dL,70,99,H,STAT,2024-09-27 21:52,2024-09-27 22:23,2024-09-27 22:59
LAB718456,ENC107757,PT13341,CREAT,Creatinine,1.11,mg/dL,0.6,1.3,N,Routine,2024-09-27 22:19,2024-09-27 22:24,2024-09-28 04:45
LAB718457,ENC107757,PT13341,WBC,White Blood Cell Count,9,K/uL,4.5,11,N,Routine,2024-09-27 22:07,2024-09-27 22:22,2024-09-28 00:34
LAB718458,ENC107757,PT13341,HGB,Hemoglobin,17.2,g/dL,12,17.5,N,STAT,2024-09-27 22:12,2024-09-27 22:22,2024-09-27 22:59
LAB718459,ENC107757,PT13341,NA,Sodium,140,mmol/L,136,145,N,STAT,2024-09-27 21:26,2024-09-27 21:41,2024-09-27 22:27
LAB718460,ENC107757,PT13341,K,Potassium,4.4,mmol/L,3.5,5.1,N,STAT,2024-09-27 22:06,2024-09-27 22:33,2024-09-27 23:37
LAB718461,ENC107758,PT12308,GLU,Glucose,173,mg/dL,70,99,H,STAT,2024-09-27 23:32,2024-09-27 23:46,2024-09-28 00:17
LAB718462,ENC107758,PT12308,CREAT,Creatinine,1.79,mg/dL,0.6,1.3,H,STAT,2024-09-27 22:46,2024-09-27 23:19,2024-09-28 00:19
LAB718463,ENC107758,PT12308,WBC,White Blood Cell Count,15.5,K/uL,4.5,11,H,Routine,2024-09-27 22:58,2024-09-27 23:21,2024-09-28 05:06
LAB718464,ENC107758,PT12308,HGB,Hemoglobin,11,g/dL,12,17.5,L,Routine,2024-09-27 23:18,2024-09-27 23:22,2024-09-28 02:19
LAB718465,ENC107759,PT11375,GLU,Glucose,112,mg/dL,70,99,H,STAT,2024-09-27 22:26,2024-09-27 22:41,2024-09-27 23:31
LAB718466,ENC107759,PT11375,CREAT,Creatinine,1.02,mg/dL,0.6,1.3,N,STAT,2024-09-27 21:44,2024-09-27 22:08,2024-09-27 22:32
LAB718467,ENC107759,PT11375,WBC,White Blood Cell Count,5.2,K/uL,4.5,11,N,Routine,2024-09-27 22:06,2024-09-27 22:36,2024-09-28 00:13
LAB718468,ENC107759,PT11375,HGB,Hemoglobin,12,g/dL,12,17.5,N,STAT,2024-09-27 21:58,2024-09-27 22:03,2024-09-27 23:02
LAB718469,ENC107759,PT11375,NA,Sodium,139,mmol/L,136,145,N,Routine,2024-09-27 22:22,2024-09-27 22:28,2024-09-28 00:28
LAB718470,ENC107759,PT11375,K,Potassium,3.9,mmol/L,3.5,5.1,N,STAT,2024-09-27 21:58,2024-09-27 22:02,2024-09-27 23:08
LAB718471,ENC107760,PT10689,GLU,Glucose,82,mg/dL,70,99,N,STAT,2024-09-27 19:27,2024-09-27 19:56,2024-09-27 21:08
LAB718472,ENC107760,PT10689,CREAT,Creatinine,1.21,mg/dL,0.6,1.3,N,Routine,2024-09-27 19:42,2024-09-27 19:52,2024-09-27 22:42
LAB718473,ENC107761,PT12185,GLU,Glucose,141,mg/dL,70,99,H,Routine,2024-09-27 20:15,2024-09-27 20:44,2024-09-28 00:16
LAB718474,ENC107761,PT12185,CREAT,Creatinine,1.07,mg/dL,0.6,1.3,N,Routine,2024-09-27 20:05,2024-09-27 20:15,2024-09-27 21:07
LAB718475,ENC107761,PT12185,WBC,White Blood Cell Count,7.1,K/uL,4.5,11,N,Routine,2024-09-27 19:55,2024-09-27 20:25,2024-09-27 22:37
LAB718476,ENC107761,PT12185,HGB,Hemoglobin,14.1,g/dL,12,17.5,N,Routine,2024-09-27 20:35,2024-09-27 21:02,2024-09-28 01:15
LAB718477,ENC107762,PT13491,GLU,Glucose,83,mg/dL,70,99,N,STAT,2024-09-27 20:36,2024-09-27 20:58,2024-09-27 21:29
LAB718478,ENC107762,PT13491,CREAT,Creatinine,0.91,mg/dL,0.6,1.3,N,STAT,2024-09-27 20:21,2024-09-27 20:50,2024-09-27 21:36
LAB718479,ENC107762,PT13491,WBC,White Blood Cell Count,11.7,K/uL,4.5,11,H,STAT,2024-09-27 20:11,2024-09-27 20:45,2024-09-27 21:35
LAB718480,ENC107764,PT11636,GLU,Glucose,112,mg/dL,70,99,H,Routine,2024-09-28 03:03,2024-09-28 03:28,2024-09-28 06:11
LAB718481,ENC107764,PT11636,CREAT,Creatinine,1.26,mg/dL,0.6,1.3,N,STAT,2024-09-28 03:12,2024-09-28 03:39,2024-09-28 04:13
LAB718482,ENC107764,PT11636,WBC,White Blood Cell Count,5.6,K/uL,4.5,11,N,Routine,2024-09-28 02:18,2024-09-28 02:25,2024-09-28 04:04
LAB718483,ENC107764,PT11636,HGB,Hemoglobin,11.7,g/dL,12,17.5,L,STAT,2024-09-28 03:10,2024-09-28 03:32,2024-09-28 04:26
LAB718484,ENC107765,PT13121,GLU,Glucose,177,mg/dL,70,99,H,STAT,2024-09-28 02:58,2024-09-28 03:23,2024-09-28 04:23
LAB718485,ENC107765,PT13121,CREAT,Creatinine,1.32,mg/dL,0.6,1.3,H,STAT,2024-09-28 02:45,2024-09-28 03:12,2024-09-28 03:38
LAB718486,ENC107765,PT13121,WBC,White Blood Cell Count,19.6,K/uL,4.5,11,H,Routine,2024-09-28 02:30,2024-09-28 02:35,2024-09-28 07:13
LAB718487,ENC107765,PT13121,HGB,Hemoglobin,12,g/dL,12,17.5,N,Routine,2024-09-28 02:46,2024-09-28 03:03,2024-09-28 05:28
LAB718488,ENC107765,PT13121,LACT,Lactate,3,mmol/L,0.5,2,H,STAT,2024-09-28 02:29,2024-09-28 02:49,2024-09-28 03:22
LAB718489,ENC107768,PT11366,GLU,Glucose,161,mg/dL,70,99,H,STAT,2024-09-28 12:27,2024-09-28 12:55,2024-09-28 13:41
LAB718490,ENC107768,PT11366,CREAT,Creatinine,0.45,mg/dL,0.6,1.3,L,STAT,2024-09-28 12:08,2024-09-28 12:12,2024-09-28 13:08
LAB718491,ENC107768,PT11366,WBC,White Blood Cell Count,2.1,K/uL,4.5,11,L,STAT,2024-09-28 12:51,2024-09-28 13:07,2024-09-28 13:48
LAB718492,ENC107768,PT11366,HGB,Hemoglobin,15.3,g/dL,12,17.5,N,STAT,2024-09-28 12:36,2024-09-28 12:54,2024-09-28 14:02
LAB718493,ENC107768,PT11366,LACT,Lactate,2.2,mmol/L,0.5,2,H,STAT,2024-09-28 12:44,2024-09-28 12:53,2024-09-28 13:45
LAB718494,ENC107769,PT10768,GLU,Glucose,91,mg/dL,70,99,N,Routine,2024-09-28 15:43,2024-09-28 16:00,2024-09-28 20:38
LAB718495,ENC107769,PT10768,CREAT,Creatinine,1.01,mg/dL,0.6,1.3,N,Routine,2024-09-28 15:53,2024-09-28 16:18,2024-09-28 20:30
LAB718496,ENC107769,PT10768,INR,Prothrombin Time INR,0.9,ratio,0.8,1.2,N,Routine,2024-09-28 16:21,2024-09-28 16:33,2024-09-28 22:19
LAB718497,ENC107770,PT12399,GLU,Glucose,112,mg/dL,70,99,H,STAT,2024-09-28 17:08,2024-09-28 17:12,2024-09-28 17:43
LAB718498,ENC107770,PT12399,CREAT,Creatinine,0.79,mg/dL,0.6,1.3,N,STAT,2024-09-28 16:52,2024-09-28 17:13,2024-09-28 18:55
LAB718499,ENC107770,PT12399,TROP,"Troponin I, High Sensitivity",3,ng/L,0,34,N,STAT,2024-09-28 17:13,2024-09-28 17:47,2024-09-28 18:40
LAB718500,ENC107771,PT10133,GLU,Glucose,108,mg/dL,70,99,H,STAT,2024-09-28 17:37,2024-09-28 17:43,2024-09-28 19:20
LAB718501,ENC107771,PT10133,CREAT,Creatinine,1.23,mg/dL,0.6,1.3,N,STAT,2024-09-28 18:01,2024-09-28 18:31,2024-09-28 19:16
LAB718502,ENC107771,PT10133,WBC,White Blood Cell Count,0.5,K/uL,4.5,11,LL,STAT,2024-09-28 17:27,2024-09-28 17:57,2024-09-28 19:23
LAB718503,ENC107771,PT10133,HGB,Hemoglobin,9.7,g/dL,12,17.5,L,STAT,2024-09-28 17:39,2024-09-28 18:04,2024-09-28 18:33
LAB718504,ENC107771,PT10133,NA,Sodium,137,mmol/L,136,145,N,STAT,2024-09-28 17:46,2024-09-28 17:51,2024-09-28 18:49
LAB718505,ENC107771,PT10133,K,Potassium,3.9,mmol/L,3.5,5.1,N,STAT,2024-09-28 17:31,2024-09-28 18:05,2024-09-28 18:26
LAB718506,ENC107771,PT10133,BUN,Blood Urea Nitrogen,10,mg/dL,7,20,N,Routine,2024-09-28 17:33,2024-09-28 18:03,2024-09-28 20:17
LAB718507,ENC107771,PT10133,PLT,Platelet Count,32,K/uL,150,400,L,STAT,2024-09-28 17:26,2024-09-28 17:45,2024-09-28 18:35
LAB718508,ENC107772,PT11422,GLU,Glucose,107,mg/dL,70,99,H,Routine,2024-09-28 22:33,2024-09-28 22:54,2024-09-29 01:26
LAB718509,ENC107772,PT11422,CREAT,Creatinine,1,mg/dL,0.6,1.3,N,STAT,2024-09-28 22:04,2024-09-28 22:22,2024-09-29 00:37
LAB718510,ENC107772,PT11422,WBC,White Blood Cell Count,5.8,K/uL,4.5,11,N,Routine,2024-09-28 22:58,2024-09-28 23:06,2024-09-29 03:42
LAB718511,ENC107772,PT11422,HGB,Hemoglobin,13.8,g/dL,12,17.5,N,STAT,2024-09-28 22:32,2024-09-28 22:55,2024-09-29 00:08
LAB718512,ENC107773,PT10699,GLU,Glucose,270,mg/dL,70,99,H,Routine,2024-09-28 23:11,2024-09-28 23:26,2024-09-29 02:34
LAB718513,ENC107773,PT10699,CREAT,Creatinine,4.27,mg/dL,0.6,1.3,H,Routine,2024-09-28 23:08,2024-09-28 23:29,2024-09-29 02:13
LAB718514,ENC107773,PT10699,WBC,White Blood Cell Count,6.5,K/uL,4.5,11,N,STAT,2024-09-28 23:13,2024-09-28 23:28,2024-09-29 00:02
LAB718515,ENC107773,PT10699,HGB,Hemoglobin,10.9,g/dL,12,17.5,L,STAT,2024-09-28 23:01,2024-09-28 23:21,2024-09-29 00:01
LAB718516,ENC107773,PT10699,NA,Sodium,138,mmol/L,136,145,N,STAT,2024-09-28 23:45,2024-09-28 23:50,2024-09-29 01:31
LAB718517,ENC107773,PT10699,K,Potassium,6,mmol/L,3.5,5.1,H,STAT,2024-09-28 23:50,2024-09-29 00:00,2024-09-29 00:42
LAB718518,ENC107774,PT11200,GLU,Glucose,111,mg/dL,70,99,H,STAT,2024-09-28 21:28,2024-09-28 22:00,2024-09-28 23:00
LAB718519,ENC107774,PT11200,CREAT,Creatinine,1.23,mg/dL,0.6,1.3,N,STAT,2024-09-28 22:01,2024-09-28 22:22,2024-09-28 23:30
LAB718520,ENC107774,PT11200,WBC,White Blood Cell Count,6.1,K/uL,4.5,11,N,Routine,2024-09-28 21:34,2024-09-28 22:06,2024-09-29 04:02
LAB718521,ENC107774,PT11200,HGB,Hemoglobin,13.8,g/dL,12,17.5,N,STAT,2024-09-28 22:15,2024-09-28 22:26,2024-09-28 23:23
LAB718522,ENC107774,PT11200,INR,Prothrombin Time INR,1.1,ratio,0.8,1.2,N,STAT,2024-09-28 21:35,2024-09-28 22:04,2024-09-28 22:33
LAB718523,ENC107775,PT12869,GLU,Glucose,95,mg/dL,70,99,N,Routine,2024-09-29 04:24,2024-09-29 04:54,2024-09-29 09:55
LAB718524,ENC107775,PT12869,CREAT,Creatinine,0.76,mg/dL,0.6,1.3,N,Routine,2024-09-29 04:52,2024-09-29 05:08,2024-09-29 09:08
LAB718525,ENC107775,PT12869,WBC,White Blood Cell Count,4.2,K/uL,4.5,11,L,Routine,2024-09-29 04:42,2024-09-29 04:54,2024-09-29 08:03
LAB718526,ENC107775,PT12869,HGB,Hemoglobin,14.6,g/dL,12,17.5,N,Routine,2024-09-29 04:34,2024-09-29 04:43,2024-09-29 09:13
LAB718527,ENC107775,PT12869,NA,Sodium,139,mmol/L,136,145,N,STAT,2024-09-29 04:37,2024-09-29 04:47,2024-09-29 05:13
LAB718528,ENC107775,PT12869,K,Potassium,3.8,mmol/L,3.5,5.1,N,STAT,2024-09-29 04:28,2024-09-29 04:45,2024-09-29 06:24
LAB718529,ENC107775,PT12869,TROP,"Troponin I, High Sensitivity",59,ng/L,0,34,H,STAT,2024-09-29 05:12,2024-09-29 05:29,2024-09-29 06:40
LAB718530,ENC107775,PT12869,BNP,B-Type Natriuretic Peptide,804,pg/mL,0,100,H,Routine,2024-09-29 05:11,2024-09-29 05:34,2024-09-29 11:53
LAB718531,ENC107776,PT10193,GLU,Glucose,92,mg/dL,70,99,N,Routine,2024-09-29 10:34,2024-09-29 10:50,2024-09-29 17:08
LAB718532,ENC107776,PT10193,CREAT,Creatinine,1.31,mg/dL,0.6,1.3,H,STAT,2024-09-29 09:26,2024-09-29 09:53,2024-09-29 10:40
LAB718533,ENC107776,PT10193,WBC,White Blood Cell Count,6.9,K/uL,4.5,11,N,Routine,2024-09-29 10:25,2024-09-29 10:42,2024-09-29 14:41
LAB718534,ENC107776,PT10193,HGB,Hemoglobin,13.3,g/dL,12,17.5,N,Routine,2024-09-29 09:38,2024-09-29 10:12,2024-09-29 14:30
LAB718535,ENC107777,PT12257,GLU,Glucose,113,mg/dL,70,99,H,Routine,2024-09-29 12:26,2024-09-29 12:52,2024-09-29 14:52
LAB718536,ENC107777,PT12257,CREAT,Creatinine,0.73,mg/dL,0.6,1.3,N,Routine,2024-09-29 13:17,2024-09-29 13:41,2024-09-29 19:35
LAB718537,ENC107777,PT12257,WBC,White Blood Cell Count,6,K/uL,4.5,11,N,STAT,2024-09-29 13:25,2024-09-29 13:45,2024-09-29 14:53
LAB718538,ENC107777,PT12257,HGB,Hemoglobin,14,g/dL,12,17.5,N,STAT,2024-09-29 13:17,2024-09-29 13:45,2024-09-29 14:15
LAB718539,ENC107777,PT12257,TROP,"Troponin I, High Sensitivity",0,ng/L,0,34,N,STAT,2024-09-29 13:11,2024-09-29 13:29,2024-09-29 14:10
LAB718540,ENC107778,PT12976,GLU,Glucose,91,mg/dL,70,99,N,STAT,2024-09-29 12:53,2024-09-29 13:20,2024-09-29 14:06
LAB718541,ENC107778,PT12976,CREAT,Creatinine,0.97,mg/dL,0.6,1.3,N,STAT,2024-09-29 13:35,2024-09-29 13:39,2024-09-29 14:05
LAB718542,ENC107778,PT12976,WBC,White Blood Cell Count,7.2,K/uL,4.5,11,N,STAT,2024-09-29 13:33,2024-09-29 13:40,2024-09-29 14:07
LAB718543,ENC107778,PT12976,HGB,Hemoglobin,14.8,g/dL,12,17.5,N,STAT,2024-09-29 13:38,2024-09-29 13:47,2024-09-29 14:23
LAB718544,ENC107778,PT12976,NA,Sodium,141,mmol/L,136,145,N,STAT,2024-09-29 13:11,2024-09-29 13:41,2024-09-29 14:33
LAB718545,ENC107778,PT12976,K,Potassium,4.4,mmol/L,3.5,5.1,N,STAT,2024-09-29 13:02,2024-09-29 13:29,2024-09-29 14:07
LAB718546,ENC107779,PT10604,GLU,Glucose,352,mg/dL,70,99,H,STAT,2024-09-29 17:54,2024-09-29 18:02,2024-09-29 18:46
LAB718547,ENC107779,PT10604,CREAT,Creatinine,1.01,mg/dL,0.6,1.3,N,Routine,2024-09-29 18:09,2024-09-29 18:14,2024-09-29 20:22
LAB718548,ENC107779,PT10604,WBC,White Blood Cell Count,9.3,K/uL,4.5,11,N,STAT,2024-09-29 18:19,2024-09-29 18:26,2024-09-29 19:29
LAB718549,ENC107779,PT10604,HGB,Hemoglobin,13,g/dL,12,17.5,N,STAT,2024-09-29 18:30,2024-09-29 18:34,2024-09-29 19:17
LAB718550,ENC107779,PT10604,NA,Sodium,137,mmol/L,136,145,N,STAT,2024-09-29 17:45,2024-09-29 18:01,2024-09-29 18:57
LAB718551,ENC107779,PT10604,K,Potassium,4.7,mmol/L,3.5,5.1,N,STAT,2024-09-29 17:41,2024-09-29 18:02,2024-09-29 19:01
LAB718552,ENC107779,PT10604,A1C,Hemoglobin A1c,9.8,%,4,5.6,H,STAT,2024-09-29 18:02,2024-09-29 18:19,2024-09-29 18:55
LAB718553,ENC107780,PT11713,GLU,Glucose,238,mg/dL,70,99,H,STAT,2024-09-29 17:29,2024-09-29 17:44,2024-09-29 18:23
LAB718554,ENC107780,PT11713,CREAT,Creatinine,0.92,mg/dL,0.6,1.3,N,STAT,2024-09-29 17:39,2024-09-29 17:56,2024-09-29 18:57
LAB718555,ENC107780,PT11713,A1C,Hemoglobin A1c,11,%,4,5.6,H,Routine,2024-09-29 18:00,2024-09-29 18:19,2024-09-30 01:58
LAB718556,ENC107781,PT10930,GLU,Glucose,101,mg/dL,70,99,H,STAT,2024-09-29 17:39,2024-09-29 18:00,2024-09-29 18:57
LAB718557,ENC107781,PT10930,CREAT,Creatinine,0.89,mg/dL,0.6,1.3,N,STAT,2024-09-29 18:12,2024-09-29 18:30,2024-09-29 19:56
LAB718558,ENC107781,PT10930,WBC,White Blood Cell Count,12.1,K/uL,4.5,11,H,Routine,2024-09-29 18:03,2024-09-29 18:37,2024-09-29 23:42
LAB718559,ENC107781,PT10930,HGB,Hemoglobin,12.1,g/dL,12,17.5,N,STAT,2024-09-29 17:45,2024-09-29 17:51,2024-09-29 18:41
LAB718560,ENC107782,PT12112,GLU,Glucose,100,mg/dL,70,99,H,STAT,2024-09-29 21:14,2024-09-29 21:20,2024-09-29 22:04
LAB718561,ENC107782,PT12112,CREAT,Creatinine,1.1,mg/dL,0.6,1.3,N,Routine,2024-09-29 21:34,2024-09-29 22:01,2024-09-30 00:06
LAB718562,ENC107782,PT12112,WBC,White Blood Cell Count,6.2,K/uL,4.5,11,N,Routine,2024-09-29 20:54,2024-09-29 21:10,2024-09-29 23:40
LAB718563,ENC107782,PT12112,HGB,Hemoglobin,11.3,g/dL,12,17.5,L,Routine,2024-09-29 20:53,2024-09-29 21:20,2024-09-29 23:04
LAB718564,ENC107782,PT12112,NA,Sodium,138,mmol/L,136,145,N,STAT,2024-09-29 21:12,2024-09-29 21:33,2024-09-29 22:36
LAB718565,ENC107782,PT12112,K,Potassium,4.4,mmol/L,3.5,5.1,N,STAT,2024-09-29 21:31,2024-09-29 21:48,2024-09-29 22:28
LAB718566,ENC107782,PT12112,LACT,Lactate,3.1,mmol/L,0.5,2,H,STAT,2024-09-29 21:58,2024-09-29 22:19,2024-09-29 22:38
LAB718567,ENC107782,PT12112,INR,Prothrombin Time INR,1,ratio,0.8,1.2,N,Routine,2024-09-29 20:55,2024-09-29 21:21,2024-09-29 23:09
LAB718568,ENC107787,PT12187,GLU,Glucose,90,mg/dL,70,99,N,STAT,2024-09-30 07:12,2024-09-30 07:35,2024-09-30 08:04
LAB718569,ENC107787,PT12187,CREAT,Creatinine,1.16,mg/dL,0.6,1.3,N,Routine,2024-09-30 07:22,2024-09-30 07:43,2024-09-30 11:15
LAB718570,ENC107787,PT12187,WBC,White Blood Cell Count,10.9,K/uL,4.5,11,N,Routine,2024-09-30 06:36,2024-09-30 06:47,2024-09-30 08:09
LAB718571,ENC107787,PT12187,HGB,Hemoglobin,11.8,g/dL,12,17.5,L,Routine,2024-09-30 07:09,2024-09-30 07:32,2024-09-30 09:27
LAB718572,ENC107788,PT11505,GLU,Glucose,88,mg/dL,70,99,N,STAT,2024-09-30 10:30,2024-09-30 10:54,2024-09-30 11:58
LAB718573,ENC107788,PT11505,CREAT,Creatinine,0.78,mg/dL,0.6,1.3,N,STAT,2024-09-30 09:57,2024-09-30 10:25,2024-09-30 10:46
LAB718574,ENC107788,PT11505,WBC,White Blood Cell Count,13.4,K/uL,4.5,11,H,STAT,2024-09-30 10:03,2024-09-30 10:21,2024-09-30 11:23
LAB718575,ENC107788,PT11505,HGB,Hemoglobin,14.6,g/dL,12,17.5,N,STAT,2024-09-30 10:39,2024-09-30 10:54,2024-09-30 11:43
LAB718576,ENC107788,PT11505,NA,Sodium,143,mmol/L,136,145,N,STAT,2024-09-30 09:32,2024-09-30 09:47,2024-09-30 10:20
LAB718577,ENC107788,PT11505,K,Potassium,4.1,mmol/L,3.5,5.1,N,STAT,2024-09-30 09:43,2024-09-30 10:00,2024-09-30 10:36
LAB718578,ENC107789,PT10368,LDL,LDL Cholesterol,23,mg/dL,0,99,N,Routine,2024-09-30 08:12,2024-09-30 08:23,2024-09-30 21:01
LAB718579,ENC107793,PT11726,GLU,Glucose,116,mg/dL,70,99,H,STAT,2024-09-30 13:27,2024-09-30 13:38,2024-09-30 14:06
LAB718580,ENC107793,PT11726,CREAT,Creatinine,0.78,mg/dL,0.6,1.3,N,STAT,2024-09-30 14:09,2024-09-30 14:22,2024-09-30 15:33
LAB718581,ENC107793,PT11726,WBC,White Blood Cell Count,10.4,K/uL,4.5,11,N,STAT,2024-09-30 14:31,2024-09-30 14:57,2024-09-30 15:49
LAB718582,ENC107793,PT11726,HGB,Hemoglobin,13.8,g/dL,12,17.5,N,Routine,2024-09-30 14:10,2024-09-30 14:21,2024-09-30 16:39
LAB718583,ENC107793,PT11726,NA,Sodium,142,mmol/L,136,145,N,STAT,2024-09-30 14:32,2024-09-30 15:02,2024-09-30 15:54
LAB718584,ENC107793,PT11726,K,Potassium,4.3,mmol/L,3.5,5.1,N,STAT,2024-09-30 13:38,2024-09-30 13:48,2024-09-30 14:32
LAB718585,ENC107793,PT11726,TROP,"Troponin I, High Sensitivity",76,ng/L,0,34,H,STAT,2024-09-30 14:08,2024-09-30 14:42,2024-09-30 15:32
LAB718586,ENC107793,PT11726,BNP,B-Type Natriuretic Peptide,1017,pg/mL,0,100,H,STAT,2024-09-30 14:25,2024-09-30 14:44,2024-09-30 15:33
LAB718587,ENC107794,PT12503,GLU,Glucose,79,mg/dL,70,99,N,STAT,2024-09-30 10:37,2024-09-30 10:55,2024-09-30 11:23
LAB718588,ENC107794,PT12503,CREAT,Creatinine,0.93,mg/dL,0.6,1.3,N,STAT,2024-09-30 10:31,2024-09-30 10:57,2024-09-30 11:40
LAB718589,ENC107794,PT12503,WBC,White Blood Cell Count,7.5,K/uL,4.5,11,N,STAT,2024-09-30 10:34,2024-09-30 10:45,2024-09-30 11:58
LAB718590,ENC107794,PT12503,TROP,"Troponin I, High Sensitivity",8,ng/L,0,34,N,STAT,2024-09-30 11:03,2024-09-30 11:26,2024-09-30 12:28
LAB718591,ENC107795,PT13269,GLU,Glucose,146,mg/dL,70,99,H,STAT,2024-09-30 15:14,2024-09-30 15:30,2024-09-30 16:10
LAB718592,ENC107795,PT13269,CREAT,Creatinine,0.95,mg/dL,0.6,1.3,N,Routine,2024-09-30 15:53,2024-09-30 16:07,2024-09-30 18:20
LAB718593,ENC107795,PT13269,WBC,White Blood Cell Count,16.6,K/uL,4.5,11,H,Routine,2024-09-30 16:08,2024-09-30 16:42,2024-09-30 19:00
LAB718594,ENC107795,PT13269,HGB,Hemoglobin,15.6,g/dL,12,17.5,N,STAT,2024-09-30 15:52,2024-09-30 16:08,2024-09-30 16:31
LAB718595,ENC107795,PT13269,BUN,Blood Urea Nitrogen,9,mg/dL,7,20,N,Routine,2024-09-30 15:21,2024-09-30 15:33,2024-09-30 20:30
LAB718596,ENC107795,PT13269,PLT,Platelet Count,273,K/uL,150,400,N,Routine,2024-09-30 16:00,2024-09-30 16:05,2024-09-30 19:52
LAB718597,ENC107796,PT12288,WBC,White Blood Cell Count,10.5,K/uL,4.5,11,N,Routine,2024-09-30 11:52,2024-09-30 12:08,2024-09-30 16:13
LAB718598,ENC107796,PT12288,HGB,Hemoglobin,14.9,g/dL,12,17.5,N,Routine,2024-09-30 11:52,2024-09-30 11:59,2024-09-30 14:03
LAB718599,ENC107796,PT12288,PLT,Platelet Count,321,K/uL,150,400,N,Routine,2024-09-30 11:46,2024-09-30 12:13,2024-09-30 15:56
LAB718600,ENC107797,PT12511,GLU,Glucose,199,mg/dL,70,99,H,STAT,2024-09-30 17:10,2024-09-30 17:15,2024-09-30 18:18
LAB718601,ENC107797,PT12511,CREAT,Creatinine,0.99,mg/dL,0.6,1.3,N,Routine,2024-09-30 16:31,2024-09-30 17:05,2024-09-30 18:52
LAB718602,ENC107797,PT12511,WBC,White Blood Cell Count,15.1,K/uL,4.5,11,H,STAT,2024-09-30 17:06,2024-09-30 17:28,2024-09-30 18:08
LAB718603,ENC107797,PT12511,HGB,Hemoglobin,15.7,g/dL,12,17.5,N,Routine,2024-09-30 17:00,2024-09-30 17:35,2024-10-01 02:37
LAB718604,ENC107797,PT12511,BUN,Blood Urea Nitrogen,18,mg/dL,7,20,N,Routine,2024-09-30 16:21,2024-09-30 16:45,2024-09-30 18:45
LAB718605,ENC107797,PT12511,PLT,Platelet Count,383,K/uL,150,400,N,Routine,2024-09-30 17:05,2024-09-30 17:17,2024-09-30 20:27
LAB718606,ENC107797,PT12511,LACT,Lactate,2.6,mmol/L,0.5,2,H,STAT,2024-09-30 17:12,2024-09-30 17:39,2024-09-30 18:19
LAB718607,ENC107799,PT13461,GLU,Glucose,110,mg/dL,70,99,H,STAT,2024-09-30 15:25,2024-09-30 15:51,2024-09-30 16:29
LAB718608,ENC107799,PT13461,CREAT,Creatinine,0.49,mg/dL,0.6,1.3,L,Routine,2024-09-30 15:06,2024-09-30 15:39,2024-09-30 19:17
LAB718609,ENC107799,PT13461,WBC,White Blood Cell Count,9.4,K/uL,4.5,11,N,Routine,2024-09-30 15:39,2024-09-30 16:01,2024-09-30 17:12
LAB718610,ENC107799,PT13461,HGB,Hemoglobin,13.3,g/dL,12,17.5,N,STAT,2024-09-30 15:02,2024-09-30 15:33,2024-09-30 16:13
LAB718611,ENC107809,PT12279,LDL,LDL Cholesterol,83,mg/dL,0,99,N,Routine,2024-09-30 16:05,2024-09-30 16:40,2024-10-01 08:48
LAB718612,ENC107809,PT12279,A1C,Hemoglobin A1c,5.8,%,4,5.6,H,Routine,2024-09-30 16:05,2024-09-30 16:16,2024-10-01 02:49
LAB718613,ENC107809,PT12279,TSH,Thyroid Stimulating Hormone,1.89,mIU/L,0.4,4,N,Routine,2024-09-30 16:02,2024-09-30 16:19,2024-10-01 03:24
LAB718614,ENC107810,PT11465,GLU,Glucose,92,mg/dL,70,99,N,Routine,2024-09-30 16:27,2024-09-30 16:38,2024-09-30 18:57
LAB718615,ENC107810,PT11465,CREAT,Creatinine,1.31,mg/dL,0.6,1.3,H,STAT,2024-09-30 16:44,2024-09-30 16:59,2024-09-30 19:03
LAB718616,ENC107810,PT11465,WBC,White Blood Cell Count,6.5,K/uL,4.5,11,N,STAT,2024-09-30 17:09,2024-09-30 17:26,2024-09-30 18:01
LAB718617,ENC107810,PT11465,HGB,Hemoglobin,13.2,g/dL,12,17.5,N,STAT,2024-09-30 16:32,2024-09-30 17:03,2024-09-30 17:39
LAB718618,ENC107810,PT11465,TROP,"Troponin I, High Sensitivity",3,ng/L,0,34,N,STAT,2024-09-30 16:21,2024-09-30 16:43,2024-09-30 17:22
LAB718619,ENC107812,PT12111,GLU,Glucose,98,mg/dL,70,99,N,Routine,2024-09-30 18:13,2024-09-30 18:45,2024-09-30 21:32
LAB718620,ENC107812,PT12111,CREAT,Creatinine,0.77,mg/dL,0.6,1.3,N,Routine,2024-09-30 18:16,2024-09-30 18:34,2024-09-30 20:56
LAB718621,ENC107812,PT12111,WBC,White Blood Cell Count,8.9,K/uL,4.5,11,N,STAT,2024-09-30 18:14,2024-09-30 18:24,2024-09-30 19:19
LAB718622,ENC107812,PT12111,HGB,Hemoglobin,14.8,g/dL,12,17.5,N,Routine,2024-09-30 18:22,2024-09-30 18:32,2024-09-30 22:24
LAB718623,ENC107813,PT10755,GLU,Glucose,90,mg/dL,70,99,N,STAT,2024-09-30 18:38,2024-09-30 19:10,2024-09-30 20:19
LAB718624,ENC107813,PT10755,CREAT,Creatinine,1.08,mg/dL,0.6,1.3,N,Routine,2024-09-30 19:10,2024-09-30 19:21,2024-09-30 21:03
LAB718625,ENC107813,PT10755,WBC,White Blood Cell Count,7.2,K/uL,4.5,11,N,Routine,2024-09-30 19:09,2024-09-30 19:39,2024-09-30 21:54
LAB718626,ENC107813,PT10755,HGB,Hemoglobin,16.6,g/dL,12,17.5,N,STAT,2024-09-30 18:58,2024-09-30 19:24,2024-09-30 20:25
LAB718627,ENC107813,PT10755,NA,Sodium,142,mmol/L,136,145,N,STAT,2024-09-30 18:35,2024-09-30 18:41,2024-09-30 19:41
LAB718628,ENC107813,PT10755,K,Potassium,3.4,mmol/L,3.5,5.1,L,STAT,2024-09-30 19:21,2024-09-30 19:37,2024-09-30 20:41
LAB718629,ENC107815,PT12571,GLU,Glucose,100,mg/dL,70,99,H,STAT,2024-10-01 00:45,2024-10-01 00:56,2024-10-01 01:48
LAB718630,ENC107815,PT12571,CREAT,Creatinine,0.94,mg/dL,0.6,1.3,N,STAT,2024-10-01 00:45,2024-10-01 00:57,2024-10-01 01:47
LAB718631,ENC107815,PT12571,WBC,White Blood Cell Count,7.4,K/uL,4.5,11,N,STAT,2024-10-01 01:16,2024-10-01 01:33,2024-10-01 02:52
LAB718632,ENC107815,PT12571,HGB,Hemoglobin,13.4,g/dL,12,17.5,N,Routine,2024-10-01 00:32,2024-10-01 01:01,2024-10-01 03:53
LAB718633,ENC107816,PT13323,GLU,Glucose,125,mg/dL,70,99,H,STAT,2024-10-01 05:33,2024-10-01 05:54,2024-10-01 06:39
LAB718634,ENC107816,PT13323,CREAT,Creatinine,1.06,mg/dL,0.6,1.3,N,STAT,2024-10-01 05:36,2024-10-01 05:40,2024-10-01 06:11
LAB718635,ENC107819,PT13519,GLU,Glucose,117,mg/dL,70,99,H,Routine,2024-10-01 13:04,2024-10-01 13:39,2024-10-01 14:48
LAB718636,ENC107819,PT13519,CREAT,Creatinine,2.38,mg/dL,0.6,1.3,H,STAT,2024-10-01 12:49,2024-10-01 13:23,2024-10-01 14:39
LAB718637,ENC107819,PT13519,WBC,White Blood Cell Count,9.3,K/uL,4.5,11,N,STAT,2024-10-01 13:37,2024-10-01 13:47,2024-10-01 14:21
LAB718638,ENC107819,PT13519,HGB,Hemoglobin,15.4,g/dL,12,17.5,N,Routine,2024-10-01 13:57,2024-10-01 14:26,2024-10-01 15:55
LAB718639,ENC107819,PT13519,NA,Sodium,135,mmol/L,136,145,L,STAT,2024-10-01 13:56,2024-10-01 14:29,2024-10-01 15:04
LAB718640,ENC107819,PT13519,K,Potassium,4.9,mmol/L,3.5,5.1,N,STAT,2024-10-01 13:28,2024-10-01 13:33,2024-10-01 14:36
LAB718641,ENC107823,PT10815,GLU,Glucose,119,mg/dL,70,99,H,Routine,2024-10-01 14:52,2024-10-01 15:22,2024-10-01 16:57
LAB718642,ENC107823,PT10815,CREAT,Creatinine,0.78,mg/dL,0.6,1.3,N,STAT,2024-10-01 13:56,2024-10-01 14:28,2024-10-01 14:48
LAB718643,ENC107823,PT10815,WBC,White Blood Cell Count,6.7,K/uL,4.5,11,N,Routine,2024-10-01 14:38,2024-10-01 14:52,2024-10-01 20:01
LAB718644,ENC107823,PT10815,HGB,Hemoglobin,13.1,g/dL,12,17.5,N,STAT,2024-10-01 14:56,2024-10-01 15:07,2024-10-01 16:21
LAB718645,ENC107823,PT10815,TROP,"Troponin I, High Sensitivity",48,ng/L,0,34,H,STAT,2024-10-01 15:00,2024-10-01 15:05,2024-10-01 16:05
LAB718646,ENC107823,PT10815,BNP,B-Type Natriuretic Peptide,976,pg/mL,0,100,H,STAT,2024-10-01 13:54,2024-10-01 14:08,2024-10-01 16:01
LAB718647,ENC107828,PT13955,GLU,Glucose,114,mg/dL,70,99,H,STAT,2024-10-01 15:18,2024-10-01 15:47,2024-10-01 16:26
LAB718648,ENC107828,PT13955,CREAT,Creatinine,0.92,mg/dL,0.6,1.3,N,STAT,2024-10-01 15:31,2024-10-01 15:36,2024-10-01 16:06
LAB718649,ENC107828,PT13955,WBC,White Blood Cell Count,8.6,K/uL,4.5,11,N,Routine,2024-10-01 15:49,2024-10-01 16:06,2024-10-01 21:38
LAB718650,ENC107828,PT13955,HGB,Hemoglobin,13.1,g/dL,12,17.5,N,Routine,2024-10-01 15:09,2024-10-01 15:25,2024-10-01 17:43
LAB718651,ENC107829,PT11479,GLU,Glucose,109,mg/dL,70,99,H,STAT,2024-10-01 14:27,2024-10-01 14:58,2024-10-01 15:33
LAB718652,ENC107829,PT11479,CREAT,Creatinine,0.72,mg/dL,0.6,1.3,N,STAT,2024-10-01 13:29,2024-10-01 14:00,2024-10-01 14:52
LAB718653,ENC107829,PT11479,WBC,White Blood Cell Count,12.4,K/uL,4.5,11,H,STAT,2024-10-01 13:56,2024-10-01 14:04,2024-10-01 14:39
LAB718654,ENC107829,PT11479,HGB,Hemoglobin,14.8,g/dL,12,17.5,N,STAT,2024-10-01 14:22,2024-10-01 14:37,2024-10-01 15:47
LAB718655,ENC107829,PT11479,NA,Sodium,139,mmol/L,136,145,N,Routine,2024-10-01 13:39,2024-10-01 14:01,2024-10-01 15:40
LAB718656,ENC107829,PT11479,K,Potassium,3.9,mmol/L,3.5,5.1,N,STAT,2024-10-01 13:35,2024-10-01 13:59,2024-10-01 14:30
LAB718657,ENC107830,PT13488,GLU,Glucose,169,mg/dL,70,99,H,STAT,2024-10-01 19:08,2024-10-01 19:17,2024-10-01 20:13
LAB718658,ENC107830,PT13488,CREAT,Creatinine,1.05,mg/dL,0.6,1.3,N,STAT,2024-10-01 19:04,2024-10-01 19:27,2024-10-01 19:57
LAB718659,ENC107830,PT13488,WBC,White Blood Cell Count,4.5,K/uL,4.5,11,N,STAT,2024-10-01 18:24,2024-10-01 18:45,2024-10-01 20:03
LAB718660,ENC107830,PT13488,HGB,Hemoglobin,15.3,g/dL,12,17.5,N,Routine,2024-10-01 18:28,2024-10-01 18:47,2024-10-01 20:57
LAB718661,ENC107830,PT13488,NA,Sodium,139,mmol/L,136,145,N,STAT,2024-10-01 18:20,2024-10-01 18:48,2024-10-01 19:07
LAB718662,ENC107830,PT13488,K,Potassium,4.3,mmol/L,3.5,5.1,N,STAT,2024-10-01 18:24,2024-10-01 18:39,2024-10-01 19:21
LAB718663,ENC107831,PT12927,GLU,Glucose,127,mg/dL,70,99,H,Routine,2024-10-01 17:38,2024-10-01 18:12,2024-10-01 20:15
LAB718664,ENC107831,PT12927,CREAT,Creatinine,1.23,mg/dL,0.6,1.3,N,Routine,2024-10-01 17:12,2024-10-01 17:32,2024-10-01 22:04
LAB718665,ENC107831,PT12927,WBC,White Blood Cell Count,3.2,K/uL,4.5,11,L,Routine,2024-10-01 17:54,2024-10-01 18:06,2024-10-01 20:28
LAB718666,ENC107831,PT12927,HGB,Hemoglobin,11.1,g/dL,12,17.5,L,Routine,2024-10-01 17:28,2024-10-01 17:39,2024-10-01 23:22
LAB718667,ENC107831,PT12927,LACT,Lactate,2.6,mmol/L,0.5,2,H,STAT,2024-10-01 17:49,2024-10-01 18:06,2024-10-01 18:35
LAB718668,ENC107832,PT12007,LDL,LDL Cholesterol,148,mg/dL,0,99,H,Routine,2024-10-01 14:49,2024-10-01 15:05,2024-10-02 09:36
LAB718669,ENC107832,PT12007,A1C,Hemoglobin A1c,6,%,4,5.6,H,Routine,2024-10-01 14:48,2024-10-01 15:07,2024-10-02 11:02
LAB718670,ENC107834,PT12556,GLU,Glucose,109,mg/dL,70,99,H,STAT,2024-10-01 19:28,2024-10-01 19:53,2024-10-01 20:38
LAB718671,ENC107834,PT12556,CREAT,Creatinine,0.91,mg/dL,0.6,1.3,N,STAT,2024-10-01 18:57,2024-10-01 19:18,2024-10-01 19:52
LAB718672,ENC107834,PT12556,WBC,White Blood Cell Count,8.4,K/uL,4.5,11,N,Routine,2024-10-01 19:54,2024-10-01 20:28,2024-10-01 22:31
LAB718673,ENC107834,PT12556,HGB,Hemoglobin,16,g/dL,12,17.5,N,Routine,2024-10-01 19:56,2024-10-01 20:10,2024-10-01 22:47
LAB718674,ENC107834,PT12556,INR,Prothrombin Time INR,1.1,ratio,0.8,1.2,N,STAT,2024-10-01 19:53,2024-10-01 19:59,2024-10-01 20:50
LAB718675,ENC107837,PT11270,TROP,"Troponin I, High Sensitivity",2,ng/L,0,34,N,STAT,2024-10-01 16:21,2024-10-01 16:46,2024-10-01 18:30
LAB718676,ENC107839,PT10569,GLU,Glucose,259,mg/dL,70,99,H,Routine,2024-10-01 16:35,2024-10-01 16:49,2024-10-01 22:43
LAB718677,ENC107839,PT10569,CREAT,Creatinine,0.54,mg/dL,0.6,1.3,L,Routine,2024-10-01 17:15,2024-10-01 17:36,2024-10-01 19:40
LAB718678,ENC107839,PT10569,INR,Prothrombin Time INR,0.9,ratio,0.8,1.2,N,STAT,2024-10-01 17:09,2024-10-01 17:44,2024-10-01 18:04
LAB718679,ENC107841,PT11443,LDL,LDL Cholesterol,76,mg/dL,0,99,N,Routine,2024-10-01 16:55,2024-10-01 17:11,2024-10-02 02:26
LAB718680,ENC107843,PT12462,GLU,Glucose,275,mg/dL,70,99,H,Routine,2024-10-01 20:31,2024-10-01 20:58,2024-10-01 22:47
LAB718681,ENC107843,PT12462,CREAT,Creatinine,1.04,mg/dL,0.6,1.3,N,STAT,2024-10-01 21:03,2024-10-01 21:37,2024-10-01 22:29
LAB718682,ENC107843,PT12462,WBC,White Blood Cell Count,11.2,K/uL,4.5,11,H,STAT,2024-10-01 21:35,2024-10-01 21:49,2024-10-01 22:21
LAB718683,ENC107843,PT12462,HGB,Hemoglobin,13.4,g/dL,12,17.5,N,Routine,2024-10-01 20:54,2024-10-01 21:07,2024-10-02 00:38
LAB718684,ENC107843,PT12462,NA,Sodium,139,mmol/L,136,145,N,STAT,2024-10-01 20:59,2024-10-01 21:10,2024-10-01 21:47
LAB718685,ENC107843,PT12462,K,Potassium,4.2,mmol/L,3.5,5.1,N,STAT,2024-10-01 21:10,2024-10-01 21:19,2024-10-01 23:18
LAB718686,ENC107843,PT12462,A1C,Hemoglobin A1c,11.3,%,4,5.6,H,STAT,2024-10-01 21:10,2024-10-01 21:20,2024-10-01 22:25
LAB718687,ENC107844,PT13985,GLU,Glucose,206,mg/dL,70,99,H,Routine,2024-10-01 20:10,2024-10-01 20:31,2024-10-01 23:11
LAB718688,ENC107844,PT13985,CREAT,Creatinine,1.2,mg/dL,0.6,1.3,N,STAT,2024-10-01 20:43,2024-10-01 20:58,2024-10-01 21:13
LAB718689,ENC107844,PT13985,WBC,White Blood Cell Count,8.4,K/uL,4.5,11,N,STAT,2024-10-01 19:53,2024-10-01 20:15,2024-10-01 21:09
LAB718690,ENC107844,PT13985,HGB,Hemoglobin,14.9,g/dL,12,17.5,N,STAT,2024-10-01 20:12,2024-10-01 20:25,2024-10-01 21:17
LAB718691,ENC107844,PT13985,NA,Sodium,143,mmol/L,136,145,N,STAT,2024-10-01 20:12,2024-10-01 20:22,2024-10-01 20:53
LAB718692,ENC107844,PT13985,K,Potassium,4.4,mmol/L,3.5,5.1,N,STAT,2024-10-01 20:38,2024-10-01 21:00,2024-10-01 21:38
LAB718693,ENC107846,PT12956,GLU,Glucose,121,mg/dL,70,99,H,STAT,2024-10-01 23:15,2024-10-01 23:30,2024-10-02 00:10
LAB718694,ENC107846,PT12956,CREAT,Creatinine,0.79,mg/dL,0.6,1.3,N,STAT,2024-10-01 23:54,2024-10-02 00:28,2024-10-02 00:58
LAB718695,ENC107846,PT12956,WBC,White Blood Cell Count,16.1,K/uL,4.5,11,H,STAT,2024-10-01 23:03,2024-10-01 23:31,2024-10-01 23:56
LAB718696,ENC107846,PT12956,HGB,Hemoglobin,12,g/dL,12,17.5,N,STAT,2024-10-01 23:37,2024-10-01 23:43,2024-10-02 00:25
LAB718697,ENC107848,PT13719,GLU,Glucose,234,mg/dL,70,99,H,Routine,2024-10-01 23:13,2024-10-01 23:47,2024-10-02 03:14
LAB718698,ENC107848,PT13719,CREAT,Creatinine,1.26,mg/dL,0.6,1.3,N,Routine,2024-10-01 23:00,2024-10-01 23:11,2024-10-02 01:36
LAB718699,ENC107848,PT13719,WBC,White Blood Cell Count,6.7,K/uL,4.5,11,N,STAT,2024-10-01 23:17,2024-10-01 23:21,2024-10-01 23:55
LAB718700,ENC107848,PT13719,HGB,Hemoglobin,14,g/dL,12,17.5,N,Routine,2024-10-01 22:56,2024-10-01 23:04,2024-10-02 04:57
LAB718701,ENC107848,PT13719,INR,Prothrombin Time INR,1,ratio,0.8,1.2,N,STAT,2024-10-01 22:49,2024-10-01 23:07,2024-10-02 00:11
LAB718702,ENC107849,PT10533,GLU,Glucose,108,mg/dL,70,99,H,Routine,2024-10-01 19:12,2024-10-01 19:42,2024-10-01 23:07
LAB718703,ENC107849,PT10533,CREAT,Creatinine,1.29,mg/dL,0.6,1.3,N,STAT,2024-10-01 19:44,2024-10-01 19:49,2024-10-01 21:07
LAB718704,ENC107849,PT10533,WBC,White Blood Cell Count,9,K/uL,4.5,11,N,STAT,2024-10-01 19:43,2024-10-01 20:18,2024-10-01 20:49
LAB718705,ENC107849,PT10533,HGB,Hemoglobin,13.9,g/dL,12,17.5,N,Routine,2024-10-01 20:16,2024-10-01 20:40,2024-10-01 22:23
LAB718706,ENC107849,PT10533,TROP,"Troponin I, High Sensitivity",2,ng/L,0,34,N,STAT,2024-10-01 19:42,2024-10-01 20:17,2024-10-01 21:03
LAB718707,ENC107850,PT10155,TROP,"Troponin I, High Sensitivity",12,ng/L,0,34,N,STAT,2024-10-01 20:40,2024-10-01 20:44,2024-10-01 21:23
LAB718708,ENC107851,PT10135,GLU,Glucose,260,mg/dL,70,99,H,STAT,2024-10-01 23:32,2024-10-02 00:02,2024-10-02 00:53
LAB718709,ENC107851,PT10135,CREAT,Creatinine,3.09,mg/dL,0.6,1.3,H,STAT,2024-10-01 23:52,2024-10-02 00:21,2024-10-02 00:50
LAB718710,ENC107851,PT10135,WBC,White Blood Cell Count,6.4,K/uL,4.5,11,N,STAT,2024-10-02 00:04,2024-10-02 00:24,2024-10-02 01:13
LAB718711,ENC107851,PT10135,HGB,Hemoglobin,14.6,g/dL,12,17.5,N,Routine,2024-10-02 00:15,2024-10-02 00:46,2024-10-02 03:05
LAB718712,ENC107851,PT10135,NA,Sodium,143,mmol/L,136,145,N,Routine,2024-10-01 23:25,2024-10-01 23:37,2024-10-02 05:53
LAB718713,ENC107851,PT10135,K,Potassium,4.5,mmol/L,3.5,5.1,N,STAT,2024-10-02 00:03,2024-10-02 00:36,2024-10-02 01:05
LAB718714,ENC107852,PT12023,TROP,"Troponin I, High Sensitivity",9,ng/L,0,34,N,STAT,2024-10-01 22:58,2024-10-01 23:10,2024-10-02 00:25
LAB718715,ENC107853,PT10901,GLU,Glucose,195,mg/dL,70,99,H,STAT,2024-10-02 08:33,2024-10-02 09:01,2024-10-02 09:46
LAB718716,ENC107853,PT10901,CREAT,Creatinine,1.87,mg/dL,0.6,1.3,H,STAT,2024-10-02 09:03,2024-10-02 09:23,2024-10-02 10:08
LAB718717,ENC107853,PT10901,WBC,White Blood Cell Count,13.3,K/uL,4.5,11,H,STAT,2024-10-02 09:00,2024-10-02 09:19,2024-10-02 09:47
LAB718718,ENC107853,PT10901,HGB,Hemoglobin,12.3,g/dL,12,17.5,N,Routine,2024-10-02 08:36,2024-10-02 08:47,2024-10-02 09:35
LAB718719,ENC107853,PT10901,NA,Sodium,141,mmol/L,136,145,N,Routine,2024-10-02 08:35,2024-10-02 09:05,2024-10-02 13:14
LAB718720,ENC107853,PT10901,K,Potassium,4.5,mmol/L,3.5,5.1,N,STAT,2024-10-02 08:29,2024-10-02 08:59,2024-10-02 10:08
LAB718721,ENC107854,PT10364,GLU,Glucose,254,mg/dL,70,99,H,Routine,2024-10-02 12:04,2024-10-02 12:27,2024-10-02 16:52
LAB718722,ENC107854,PT10364,CREAT,Creatinine,1.3,mg/dL,0.6,1.3,N,STAT,2024-10-02 11:30,2024-10-02 11:34,2024-10-02 12:30
LAB718723,ENC107854,PT10364,WBC,White Blood Cell Count,11.1,K/uL,4.5,11,H,Routine,2024-10-02 11:45,2024-10-02 12:09,2024-10-02 17:27
LAB718724,ENC107854,PT10364,HGB,Hemoglobin,12.6,g/dL,12,17.5,N,STAT,2024-10-02 11:59,2024-10-02 12:16,2024-10-02 13:23
LAB718725,ENC107854,PT10364,NA,Sodium,136,mmol/L,136,145,N,Routine,2024-10-02 11:50,2024-10-02 12:12,2024-10-02 15:19
LAB718726,ENC107854,PT10364,K,Potassium,3.8,mmol/L,3.5,5.1,N,STAT,2024-10-02 11:37,2024-10-02 11:51,2024-10-02 12:33
LAB718727,ENC107857,PT12296,GLU,Glucose,95,mg/dL,70,99,N,STAT,2024-10-02 10:20,2024-10-02 10:47,2024-10-02 11:15
LAB718728,ENC107857,PT12296,CREAT,Creatinine,0.89,mg/dL,0.6,1.3,N,STAT,2024-10-02 10:23,2024-10-02 10:50,2024-10-02 11:46
LAB718729,ENC107857,PT12296,WBC,White Blood Cell Count,8.1,K/uL,4.5,11,N,STAT,2024-10-02 10:41,2024-10-02 10:52,2024-10-02 11:38
LAB718730,ENC107857,PT12296,HGB,Hemoglobin,12.2,g/dL,12,17.5,N,STAT,2024-10-02 10:40,2024-10-02 10:49,2024-10-02 11:41
LAB718731,ENC107860,PT13311,LDL,LDL Cholesterol,109,mg/dL,0,99,H,Routine,2024-10-02 11:08,2024-10-02 11:24,2024-10-04 05:07
LAB718732,ENC107860,PT13311,A1C,Hemoglobin A1c,8.5,%,4,5.6,H,Routine,2024-10-02 11:08,2024-10-02 11:26,2024-10-03 04:55
LAB718733,ENC107861,PT12762,LDL,LDL Cholesterol,117,mg/dL,0,99,H,Routine,2024-10-02 11:39,2024-10-02 11:48,2024-10-03 09:33
LAB718734,ENC107862,PT11897,WBC,White Blood Cell Count,6.4,K/uL,4.5,11,N,Routine,2024-10-02 11:52,2024-10-02 12:24,2024-10-02 14:13
LAB718735,ENC107862,PT11897,HGB,Hemoglobin,11.3,g/dL,12,17.5,L,Routine,2024-10-02 11:39,2024-10-02 12:09,2024-10-02 15:16
LAB718736,ENC107862,PT11897,PLT,Platelet Count,172,K/uL,150,400,N,Routine,2024-10-02 11:37,2024-10-02 12:00,2024-10-02 15:28
LAB718737,ENC107866,PT11201,LDL,LDL Cholesterol,134,mg/dL,0,99,H,Routine,2024-10-02 12:47,2024-10-02 13:00,2024-10-03 18:09
LAB718738,ENC107866,PT11201,A1C,Hemoglobin A1c,6.6,%,4,5.6,H,Routine,2024-10-02 12:59,2024-10-02 13:06,2024-10-02 23:56
LAB718739,ENC107866,PT11201,TSH,Thyroid Stimulating Hormone,3.15,mIU/L,0.4,4,N,Routine,2024-10-02 12:58,2024-10-02 13:25,2024-10-03 11:29
LAB718740,ENC107867,PT10705,LDL,LDL Cholesterol,126,mg/dL,0,99,H,Routine,2024-10-02 12:45,2024-10-02 13:09,2024-10-03 02:04
LAB718741,ENC107869,PT13847,GLU,Glucose,112,mg/dL,70,99,H,STAT,2024-10-02 15:36,2024-10-02 16:04,2024-10-02 17:15
LAB718742,ENC107869,PT13847,CREAT,Creatinine,1,mg/dL,0.6,1.3,N,STAT,2024-10-02 16:13,2024-10-02 16:40,2024-10-02 17:33
LAB718743,ENC107869,PT13847,WBC,White Blood Cell Count,8.1,K/uL,4.5,11,N,STAT,2024-10-02 16:06,2024-10-02 16:35,2024-10-02 16:58
LAB718744,ENC107869,PT13847,HGB,Hemoglobin,10.6,g/dL,12,17.5,L,STAT,2024-10-02 15:28,2024-10-02 16:02,2024-10-02 16:28
LAB718745,ENC107869,PT13847,BUN,Blood Urea Nitrogen,14,mg/dL,7,20,N,STAT,2024-10-02 16:08,2024-10-02 16:24,2024-10-02 16:52
LAB718746,ENC107869,PT13847,PLT,Platelet Count,272,K/uL,150,400,N,Routine,2024-10-02 15:41,2024-10-02 15:46,2024-10-02 22:36
LAB718747,ENC107869,PT13847,LACT,Lactate,2.6,mmol/L,0.5,2,H,STAT,2024-10-02 15:18,2024-10-02 15:23,2024-10-02 16:27
LAB718748,ENC107869,PT13847,INR,Prothrombin Time INR,1.1,ratio,0.8,1.2,N,Routine,2024-10-02 15:26,2024-10-02 15:58,2024-10-02 19:10
LAB718749,ENC107870,PT11712,GLU,Glucose,101,mg/dL,70,99,H,Routine,2024-10-02 17:07,2024-10-02 17:36,2024-10-02 19:37
LAB718750,ENC107870,PT11712,CREAT,Creatinine,0.94,mg/dL,0.6,1.3,N,Routine,2024-10-02 17:28,2024-10-02 17:46,2024-10-03 00:51
LAB718751,ENC107870,PT11712,WBC,White Blood Cell Count,9.2,K/uL,4.5,11,N,Routine,2024-10-02 16:35,2024-10-02 16:52,2024-10-02 20:04
LAB718752,ENC107870,PT11712,HGB,Hemoglobin,12.8,g/dL,12,17.5,N,STAT,2024-10-02 17:37,2024-10-02 18:12,2024-10-02 19:04
LAB718753,ENC107870,PT11712,NA,Sodium,139,mmol/L,136,145,N,STAT,2024-10-02 17:10,2024-10-02 17:43,2024-10-02 19:18
LAB718754,ENC107870,PT11712,K,Potassium,3.9,mmol/L,3.5,5.1,N,STAT,2024-10-02 17:35,2024-10-02 18:01,2024-10-02 18:38
LAB718755,ENC107870,PT11712,INR,Prothrombin Time INR,1.1,ratio,0.8,1.2,N,Routine,2024-10-02 17:40,2024-10-02 18:14,2024-10-03 01:28
LAB718756,ENC107871,PT12312,WBC,White Blood Cell Count,8.7,K/uL,4.5,11,N,Routine,2024-10-02 13:28,2024-10-02 13:44,2024-10-02 15:44
LAB718757,ENC107871,PT12312,HGB,Hemoglobin,9.9,g/dL,12,17.5,L,Routine,2024-10-02 13:39,2024-10-02 13:44,2024-10-02 15:48
LAB718758,ENC107871,PT12312,PLT,Platelet Count,311,K/uL,150,400,N,Routine,2024-10-02 13:35,2024-10-02 14:03,2024-10-02 16:58
LAB718759,ENC107872,PT10163,LDL,LDL Cholesterol,132,mg/dL,0,99,H,Routine,2024-10-02 14:50,2024-10-02 15:10,2024-10-03 00:33
LAB718760,ENC107875,PT10314,LDL,LDL Cholesterol,0,mg/dL,0,99,N,Routine,2024-10-02 14:57,2024-10-02 15:01,2024-10-03 06:25
LAB718761,ENC107875,PT10314,A1C,Hemoglobin A1c,5.5,%,4,5.6,N,Routine,2024-10-02 14:59,2024-10-02 15:10,2024-10-03 16:01
LAB718762,ENC107878,PT12035,GLU,Glucose,103,mg/dL,70,99,H,STAT,2024-10-02 19:28,2024-10-02 19:34,2024-10-02 20:18
LAB718763,ENC107878,PT12035,CREAT,Creatinine,1.14,mg/dL,0.6,1.3,N,STAT,2024-10-02 19:40,2024-10-02 20:10,2024-10-02 20:39
LAB718764,ENC107878,PT12035,WBC,White Blood Cell Count,8.2,K/uL,4.5,11,N,STAT,2024-10-02 20:24,2024-10-02 20:31,2024-10-02 22:03
LAB718765,ENC107878,PT12035,HGB,Hemoglobin,8.1,g/dL,12,17.5,L,STAT,2024-10-02 20:07,2024-10-02 20:28,2024-10-02 21:15
LAB718766,ENC107879,PT10503,A1C,Hemoglobin A1c,8.9,%,4,5.6,H,Routine,2024-10-02 16:40,2024-10-02 17:13,2024-10-03 10:58
LAB718767,ENC107881,PT12674,GLU,Glucose,179,mg/dL,70,99,H,Routine,2024-10-02 17:27,2024-10-02 17:36,2024-10-02 18:49
LAB718768,ENC107881,PT12674,CREAT,Creatinine,0.93,mg/dL,0.6,1.3,N,STAT,2024-10-02 17:50,2024-10-02 18:07,2024-10-02 19:05
LAB718769,ENC107881,PT12674,TROP,"Troponin I, High Sensitivity",3,ng/L,0,34,N,STAT,2024-10-02 17:28,2024-10-02 17:38,2024-10-02 18:41
LAB718770,ENC107882,PT10321,GLU,Glucose,123,mg/dL,70,99,H,Routine,2024-10-02 22:42,2024-10-02 22:52,2024-10-03 02:17
LAB718771,ENC107882,PT10321,CREAT,Creatinine,0.46,mg/dL,0.6,1.3,L,STAT,2024-10-02 23:03,2024-10-02 23:35,2024-10-03 00:18
LAB718772,ENC107882,PT10321,WBC,White Blood Cell Count,5,K/uL,4.5,11,N,Routine,2024-10-02 23:31,2024-10-03 00:04,2024-10-03 03:15
LAB718773,ENC107882,PT10321,HGB,Hemoglobin,15.4,g/dL,12,17.5,N,Routine,2024-10-02 22:50,2024-10-02 23:03,2024-10-03 02:02
LAB718774,ENC107883,PT13801,GLU,Glucose,90,mg/dL,70,99,N,STAT,2024-10-03 02:27,2024-10-03 02:42,2024-10-03 03:20
LAB718775,ENC107883,PT13801,CREAT,Creatinine,0.41,mg/dL,0.6,1.3,L,STAT,2024-10-03 01:58,2024-10-03 02:29,2024-10-03 03:00
LAB718776,ENC107883,PT13801,WBC,White Blood Cell Count,6.1,K/uL,4.5,11,N,STAT,2024-10-03 02:49,2024-10-03 02:56,2024-10-03 03:28
LAB718777,ENC107883,PT13801,HGB,Hemoglobin,13.6,g/dL,12,17.5,N,STAT,2024-10-03 02:01,2024-10-03 02:05,2024-10-03 03:12
LAB718778,ENC107884,PT10302,GLU,Glucose,106,mg/dL,70,99,H,STAT,2024-10-02 22:41,2024-10-02 22:55,2024-10-02 23:57
LAB718779,ENC107884,PT10302,CREAT,Creatinine,0.73,mg/dL,0.6,1.3,N,Routine,2024-10-02 23:28,2024-10-02 23:41,2024-10-03 00:49
LAB718780,ENC107884,PT10302,WBC,White Blood Cell Count,6.8,K/uL,4.5,11,N,STAT,2024-10-02 23:34,2024-10-02 23:48,2024-10-03 01:16
LAB718781,ENC107884,PT10302,HGB,Hemoglobin,13,g/dL,12,17.5,N,Routine,2024-10-02 23:20,2024-10-02 23:49,2024-10-03 03:48
LAB718782,ENC107884,PT10302,NA,Sodium,140,mmol/L,136,145,N,Routine,2024-10-02 22:47,2024-10-02 23:10,2024-10-03 01:10
LAB718783,ENC107884,PT10302,K,Potassium,3.7,mmol/L,3.5,5.1,N,STAT,2024-10-02 23:35,2024-10-03 00:01,2024-10-03 00:43
LAB718784,ENC107885,PT12399,INR,Prothrombin Time INR,1.6,ratio,0.8,1.2,H,Routine,2024-10-02 23:37,2024-10-03 00:11,2024-10-03 01:28
LAB718785,ENC107886,PT10801,GLU,Glucose,95,mg/dL,70,99,N,STAT,2024-10-03 06:23,2024-10-03 06:55,2024-10-03 07:54
LAB718786,ENC107886,PT10801,CREAT,Creatinine,0.71,mg/dL,0.6,1.3,N,STAT,2024-10-03 05:42,2024-10-03 05:55,2024-10-03 06:47
LAB718787,ENC107886,PT10801,WBC,White Blood Cell Count,5.2,K/uL,4.5,11,N,STAT,2024-10-03 06:15,2024-10-03 06:24,2024-10-03 06:58
LAB718788,ENC107886,PT10801,HGB,Hemoglobin,13.1,g/dL,12,17.5,N,STAT,2024-10-03 06:02,2024-10-03 06:17,2024-10-03 07:41
LAB718789,ENC107887,PT11883,GLU,Glucose,220,mg/dL,70,99,H,Routine,2024-10-03 07:10,2024-10-03 07:17,2024-10-03 08:38
LAB718790,ENC107887,PT11883,CREAT,Creatinine,1.13,mg/dL,0.6,1.3,N,STAT,2024-10-03 07:14,2024-10-03 07:27,2024-10-03 08:06
LAB718791,ENC107887,PT11883,WBC,White Blood Cell Count,8.5,K/uL,4.5,11,N,Routine,2024-10-03 06:58,2024-10-03 07:10,2024-10-03 09:54
LAB718792,ENC107887,PT11883,HGB,Hemoglobin,12.1,g/dL,12,17.5,N,Routine,2024-10-03 07:12,2024-10-03 07:37,2024-10-03 09:57
LAB718793,ENC107888,PT11360,GLU,Glucose,89,mg/dL,70,99,N,STAT,2024-10-03 08:31,2024-10-03 08:45,2024-10-03 09:18
LAB718794,ENC107888,PT11360,CREAT,Creatinine,0.49,mg/dL,0.6,1.3,L,STAT,2024-10-03 08:33,2024-10-03 09:05,2024-10-03 09:46
LAB718795,ENC107888,PT11360,WBC,White Blood Cell Count,6.2,K/uL,4.5,11,N,STAT,2024-10-03 08:24,2024-10-03 08:36,2024-10-03 09:16
LAB718796,ENC107888,PT11360,HGB,Hemoglobin,13,g/dL,12,17.5,N,Routine,2024-10-03 08:38,2024-10-03 08:45,2024-10-03 10:49
LAB718797,ENC107889,PT13360,GLU,Glucose,111,mg/dL,70,99,H,Routine,2024-10-03 12:43,2024-10-03 13:09,2024-10-03 19:14
LAB718798,ENC107889,PT13360,CREAT,Creatinine,1.02,mg/dL,0.6,1.3,N,Routine,2024-10-03 12:48,2024-10-03 12:59,2024-10-03 15:38
LAB718799,ENC107889,PT13360,WBC,White Blood Cell Count,6.2,K/uL,4.5,11,N,Routine,2024-10-03 11:47,2024-10-03 12:03,2024-10-03 13:37
LAB718800,ENC107889,PT13360,HGB,Hemoglobin,13.6,g/dL,12,17.5,N,STAT,2024-10-03 12:28,2024-10-03 12:42,2024-10-03 14:03
LAB718801,ENC107889,PT13360,TROP,"Troponin I, High Sensitivity",5177,ng/L,0,34,H,STAT,2024-10-03 12:42,2024-10-03 12:53,2024-10-03 13:20
LAB718802,ENC107892,PT12426,WBC,White Blood Cell Count,6,K/uL,4.5,11,N,Routine,2024-10-03 09:05,2024-10-03 09:23,2024-10-03 12:03
LAB718803,ENC107892,PT12426,HGB,Hemoglobin,15.1,g/dL,12,17.5,N,Routine,2024-10-03 08:51,2024-10-03 09:14,2024-10-03 10:38
LAB718804,ENC107892,PT12426,PLT,Platelet Count,239,K/uL,150,400,N,Routine,2024-10-03 09:02,2024-10-03 09:36,2024-10-03 12:25
LAB718805,ENC107894,PT10554,A1C,Hemoglobin A1c,11.3,%,4,5.6,H,Routine,2024-10-03 10:00,2024-10-03 10:10,2024-10-03 18:55
LAB718806,ENC107896,PT12157,GLU,Glucose,130,mg/dL,70,99,H,Routine,2024-10-03 10:25,2024-10-03 10:55,2024-10-03 15:10
LAB718807,ENC107896,PT12157,CREAT,Creatinine,0.74,mg/dL,0.6,1.3,N,STAT,2024-10-03 10:34,2024-10-03 11:03,2024-10-03 11:31
LAB718808,ENC107896,PT12157,WBC,White Blood Cell Count,7.8,K/uL,4.5,11,N,STAT,2024-10-03 10:16,2024-10-03 10:23,2024-10-03 12:21
LAB718809,ENC107897,PT11845,LDL,LDL Cholesterol,97,mg/dL,0,99,N,Routine,2024-10-03 10:41,2024-10-03 11:02,2024-10-03 14:26
LAB718810,ENC107897,PT11845,A1C,Hemoglobin A1c,5.5,%,4,5.6,N,Routine,2024-10-03 10:59,2024-10-03 11:16,2024-10-04 07:32
LAB718811,ENC107900,PT11624,A1C,Hemoglobin A1c,10.6,%,4,5.6,H,Routine,2024-10-03 12:38,2024-10-03 12:56,2024-10-03 21:37
LAB718812,ENC107901,PT10275,WBC,White Blood Cell Count,7.8,K/uL,4.5,11,N,Routine,2024-10-03 12:28,2024-10-03 12:57,2024-10-03 15:31
LAB718813,ENC107901,PT10275,HGB,Hemoglobin,14.5,g/dL,12,17.5,N,Routine,2024-10-03 12:26,2024-10-03 12:58,2024-10-03 14:55
LAB718814,ENC107901,PT10275,PLT,Platelet Count,172,K/uL,150,400,N,Routine,2024-10-03 12:25,2024-10-03 12:31,2024-10-03 15:09
LAB718815,ENC107903,PT13039,WBC,White Blood Cell Count,8.1,K/uL,4.5,11,N,Routine,2024-10-03 12:51,2024-10-03 13:04,2024-10-03 15:56
LAB718816,ENC107903,PT13039,HGB,Hemoglobin,14.3,g/dL,12,17.5,N,Routine,2024-10-03 12:41,2024-10-03 12:51,2024-10-03 15:05
LAB718817,ENC107903,PT13039,PLT,Platelet Count,280,K/uL,150,400,N,Routine,2024-10-03 12:36,2024-10-03 12:56,2024-10-03 15:40
LAB718818,ENC107905,PT10533,LDL,LDL Cholesterol,105,mg/dL,0,99,H,Routine,2024-10-03 14:12,2024-10-03 14:39,2024-10-04 02:29
LAB718819,ENC107905,PT10533,TSH,Thyroid Stimulating Hormone,2.58,mIU/L,0.4,4,N,Routine,2024-10-03 14:27,2024-10-03 14:51,2024-10-04 04:33
LAB718820,ENC107909,PT12665,GLU,Glucose,99,mg/dL,70,99,N,STAT,2024-10-03 19:04,2024-10-03 19:11,2024-10-03 20:16
LAB718821,ENC107909,PT12665,CREAT,Creatinine,0.97,mg/dL,0.6,1.3,N,STAT,2024-10-03 18:34,2024-10-03 18:43,2024-10-03 20:06
LAB718822,ENC107909,PT12665,WBC,White Blood Cell Count,6.5,K/uL,4.5,11,N,STAT,2024-10-03 18:52,2024-10-03 19:27,2024-10-03 20:24
LAB718823,ENC107909,PT12665,HGB,Hemoglobin,13.4,g/dL,12,17.5,N,Routine,2024-10-03 18:38,2024-10-03 18:58,2024-10-04 02:13
LAB718824,ENC107909,PT12665,NA,Sodium,138,mmol/L,136,145,N,STAT,2024-10-03 19:14,2024-10-03 19:25,2024-10-03 20:28
LAB718825,ENC107909,PT12665,K,Potassium,4.2,mmol/L,3.5,5.1,N,STAT,2024-10-03 18:57,2024-10-03 19:31,2024-10-03 20:06
LAB718826,ENC107910,PT10884,GLU,Glucose,90,mg/dL,70,99,N,Routine,2024-10-03 19:40,2024-10-03 20:13,2024-10-03 23:00
LAB718827,ENC107910,PT10884,CREAT,Creatinine,0.77,mg/dL,0.6,1.3,N,Routine,2024-10-03 19:25,2024-10-03 19:33,2024-10-04 01:21
LAB718828,ENC107910,PT10884,WBC,White Blood Cell Count,19.8,K/uL,4.5,11,H,Routine,2024-10-03 19:33,2024-10-03 20:08,2024-10-03 22:44
LAB718829,ENC107910,PT10884,HGB,Hemoglobin,14.7,g/dL,12,17.5,N,STAT,2024-10-03 20:08,2024-10-03 20:36,2024-10-03 21:12
LAB718830,ENC107910,PT10884,BUN,Blood Urea Nitrogen,21,mg/dL,7,20,H,Routine,2024-10-03 20:08,2024-10-03 20:39,2024-10-03 23:25
LAB718831,ENC107910,PT10884,PLT,Platelet Count,131,K/uL,150,400,L,Routine,2024-10-03 19:56,2024-10-03 20:18,2024-10-03 22:33
LAB718832,ENC107912,PT11268,GLU,Glucose,148,mg/dL,70,99,H,STAT,2024-10-03 17:14,2024-10-03 17:35,2024-10-03 18:14
LAB718833,ENC107912,PT11268,CREAT,Creatinine,4.13,mg/dL,0.6,1.3,H,Routine,2024-10-03 17:15,2024-10-03 17:34,2024-10-03 21:29
LAB718834,ENC107912,PT11268,WBC,White Blood Cell Count,8.1,K/uL,4.5,11,N,STAT,2024-10-03 17:38,2024-10-03 17:43,2024-10-03 18:50
LAB718835,ENC107912,PT11268,HGB,Hemoglobin,11.1,g/dL,12,17.5,L,STAT,2024-10-03 16:50,2024-10-03 17:18,2024-10-03 18:01
LAB718836,ENC107912,PT11268,NA,Sodium,136,mmol/L,136,145,N,STAT,2024-10-03 16:44,2024-10-03 16:58,2024-10-03 18:00
LAB718837,ENC107912,PT11268,K,Potassium,5,mmol/L,3.5,5.1,N,STAT,2024-10-03 16:34,2024-10-03 16:40,2024-10-03 17:18
LAB718838,ENC107912,PT11268,BUN,Blood Urea Nitrogen,9,mg/dL,7,20,N,STAT,2024-10-03 17:05,2024-10-03 17:39,2024-10-03 18:14
LAB718839,ENC107912,PT11268,PLT,Platelet Count,283,K/uL,150,400,N,STAT,2024-10-03 17:14,2024-10-03 17:34,2024-10-03 18:11
LAB718840,ENC107914,PT10594,GLU,Glucose,90,mg/dL,70,99,N,Routine,2024-10-03 17:58,2024-10-03 18:28,2024-10-03 23:21
LAB718841,ENC107914,PT10594,CREAT,Creatinine,1.19,mg/dL,0.6,1.3,N,STAT,2024-10-03 17:52,2024-10-03 18:14,2024-10-03 19:10
LAB718842,ENC107914,PT10594,WBC,White Blood Cell Count,6.6,K/uL,4.5,11,N,STAT,2024-10-03 17:34,2024-10-03 17:53,2024-10-03 19:15
LAB718843,ENC107915,PT10929,GLU,Glucose,121,mg/dL,70,99,H,STAT,2024-10-03 17:56,2024-10-03 18:08,2024-10-03 19:12
LAB718844,ENC107915,PT10929,CREAT,Creatinine,0.55,mg/dL,0.6,1.3,L,Routine,2024-10-03 18:52,2024-10-03 19:15,2024-10-03 21:11
LAB718845,ENC107915,PT10929,WBC,White Blood Cell Count,7.4,K/uL,4.5,11,N,STAT,2024-10-03 18:35,2024-10-03 18:39,2024-10-03 19:45
LAB718846,ENC107916,PT13844,GLU,Glucose,242,mg/dL,70,99,H,STAT,2024-10-03 23:57,2024-10-04 00:21,2024-10-04 01:10
LAB718847,ENC107916,PT13844,CREAT,Creatinine,1.92,mg/dL,0.6,1.3,H,STAT,2024-10-03 22:57,2024-10-03 23:25,2024-10-03 23:50
LAB718848,ENC107916,PT13844,WBC,White Blood Cell Count,8.8,K/uL,4.5,11,N,STAT,2024-10-03 23:37,2024-10-03 23:50,2024-10-04 00:36
LAB718849,ENC107916,PT13844,HGB,Hemoglobin,11.4,g/dL,12,17.5,L,STAT,2024-10-03 23:36,2024-10-03 23:59,2024-10-04 00:42
LAB718850,ENC107916,PT13844,NA,Sodium,140,mmol/L,136,145,N,STAT,2024-10-03 23:00,2024-10-03 23:21,2024-10-03 23:51
LAB718851,ENC107916,PT13844,K,Potassium,4.2,mmol/L,3.5,5.1,N,STAT,2024-10-03 22:54,2024-10-03 23:15,2024-10-04 00:07
LAB718852,ENC107916,PT13844,INR,Prothrombin Time INR,1,ratio,0.8,1.2,N,STAT,2024-10-03 23:53,2024-10-04 00:28,2024-10-04 01:00
LAB718853,ENC107917,PT10059,GLU,Glucose,72,mg/dL,70,99,N,STAT,2024-10-03 19:09,2024-10-03 19:28,2024-10-03 19:54
LAB718854,ENC107917,PT10059,CREAT,Creatinine,0.68,mg/dL,0.6,1.3,N,Routine,2024-10-03 19:31,2024-10-03 20:03,2024-10-04 00:07
LAB718855,ENC107917,PT10059,WBC,White Blood Cell Count,8.4,K/uL,4.5,11,N,Routine,2024-10-03 18:49,2024-10-03 18:55,2024-10-04 00:38
LAB718856,ENC107917,PT10059,HGB,Hemoglobin,13.9,g/dL,12,17.5,N,Routine,2024-10-03 18:59,2024-10-03 19:25,2024-10-03 22:27
LAB718857,ENC107918,PT12842,GLU,Glucose,139,mg/dL,70,99,H,STAT,2024-10-03 22:19,2024-10-03 22:30,2024-10-03 23:07
LAB718858,ENC107918,PT12842,CREAT,Creatinine,1.95,mg/dL,0.6,1.3,H,STAT,2024-10-03 22:25,2024-10-03 22:31,2024-10-03 22:54
LAB718859,ENC107918,PT12842,WBC,White Blood Cell Count,14.1,K/uL,4.5,11,H,Routine,2024-10-03 22:38,2024-10-03 22:43,2024-10-04 00:01
LAB718860,ENC107918,PT12842,HGB,Hemoglobin,14.4,g/dL,12,17.5,N,STAT,2024-10-03 23:06,2024-10-03 23:36,2024-10-04 00:43
LAB718861,ENC107918,PT12842,LACT,Lactate,5.5,mmol/L,0.5,2,HH,STAT,2024-10-03 22:54,2024-10-03 23:16,2024-10-04 00:55
LAB718862,ENC107919,PT13752,GLU,Glucose,111,mg/dL,70,99,H,Routine,2024-10-03 22:58,2024-10-03 23:21,2024-10-04 06:43
LAB718863,ENC107919,PT13752,CREAT,Creatinine,0.27,mg/dL,0.6,1.3,L,Routine,2024-10-03 23:19,2024-10-03 23:34,2024-10-04 02:23
LAB718864,ENC107919,PT13752,WBC,White Blood Cell Count,7.6,K/uL,4.5,11,N,STAT,2024-10-03 23:05,2024-10-03 23:28,2024-10-04 00:17
LAB718865,ENC107919,PT13752,HGB,Hemoglobin,11.5,g/dL,12,17.5,L,STAT,2024-10-03 23:30,2024-10-03 23:56,2024-10-04 00:32
LAB718866,ENC107919,PT13752,NA,Sodium,138,mmol/L,136,145,N,STAT,2024-10-03 23:15,2024-10-03 23:19,2024-10-04 00:11
LAB718867,ENC107919,PT13752,K,Potassium,4.7,mmol/L,3.5,5.1,N,STAT,2024-10-03 23:20,2024-10-03 23:40,2024-10-04 00:04
LAB718868,ENC107922,PT11884,GLU,Glucose,148,mg/dL,70,99,H,STAT,2024-10-04 03:22,2024-10-04 03:57,2024-10-04 04:42
LAB718869,ENC107922,PT11884,CREAT,Creatinine,1.2,mg/dL,0.6,1.3,N,Routine,2024-10-04 02:24,2024-10-04 02:36,2024-10-04 04:36
LAB718870,ENC107922,PT11884,WBC,White Blood Cell Count,14.7,K/uL,4.5,11,H,STAT,2024-10-04 02:21,2024-10-04 02:38,2024-10-04 03:31
LAB718871,ENC107922,PT11884,HGB,Hemoglobin,14,g/dL,12,17.5,N,STAT,2024-10-04 02:36,2024-10-04 02:45,2024-10-04 03:25
LAB718872,ENC107923,PT11880,GLU,Glucose,105,mg/dL,70,99,H,Routine,2024-10-04 04:36,2024-10-04 05:10,2024-10-04 11:55
LAB718873,ENC107923,PT11880,CREAT,Creatinine,1.77,mg/dL,0.6,1.3,H,STAT,2024-10-04 04:09,2024-10-04 04:16,2024-10-04 04:56
LAB718874,ENC107923,PT11880,WBC,White Blood Cell Count,7.9,K/uL,4.5,11,N,STAT,2024-10-04 04:27,2024-10-04 04:33,2024-10-04 05:29
LAB718875,ENC107923,PT11880,HGB,Hemoglobin,11.3,g/dL,12,17.5,L,STAT,2024-10-04 04:36,2024-10-04 04:56,2024-10-04 05:59
LAB718876,ENC107923,PT11880,INR,Prothrombin Time INR,1,ratio,0.8,1.2,N,Routine,2024-10-04 04:37,2024-10-04 05:09,2024-10-04 10:27
LAB718877,ENC107925,PT10058,GLU,Glucose,127,mg/dL,70,99,H,Routine,2024-10-04 03:00,2024-10-04 03:16,2024-10-04 07:28
LAB718878,ENC107925,PT10058,CREAT,Creatinine,0.73,mg/dL,0.6,1.3,N,STAT,2024-10-04 02:30,2024-10-04 02:51,2024-10-04 03:24
LAB718879,ENC107925,PT10058,WBC,White Blood Cell Count,7,K/uL,4.5,11,N,STAT,2024-10-04 02:56,2024-10-04 03:07,2024-10-04 04:54
LAB718880,ENC107925,PT10058,HGB,Hemoglobin,11.4,g/dL,12,17.5,L,Routine,2024-10-04 02:36,2024-10-04 02:49,2024-10-04 05:22
LAB718881,ENC107925,PT10058,BUN,Blood Urea Nitrogen,12,mg/dL,7,20,N,Routine,2024-10-04 02:38,2024-10-04 02:47,2024-10-04 05:36
LAB718882,ENC107925,PT10058,PLT,Platelet Count,303,K/uL,150,400,N,STAT,2024-10-04 02:32,2024-10-04 03:00,2024-10-04 03:47
LAB718883,ENC107926,PT11501,GLU,Glucose,93,mg/dL,70,99,N,STAT,2024-10-04 03:02,2024-10-04 03:28,2024-10-04 04:01
LAB718884,ENC107926,PT11501,CREAT,Creatinine,0.89,mg/dL,0.6,1.3,N,Routine,2024-10-04 03:00,2024-10-04 03:05,2024-10-04 05:56
LAB718885,ENC107926,PT11501,WBC,White Blood Cell Count,9.2,K/uL,4.5,11,N,Routine,2024-10-04 03:15,2024-10-04 03:40,2024-10-04 06:04
LAB718886,ENC107926,PT11501,HGB,Hemoglobin,13.4,g/dL,12,17.5,N,STAT,2024-10-04 03:06,2024-10-04 03:37,2024-10-04 04:22
LAB718887,ENC107927,PT10563,GLU,Glucose,106,mg/dL,70,99,H,STAT,2024-10-04 06:27,2024-10-04 07:01,2024-10-04 07:30
LAB718888,ENC107927,PT10563,CREAT,Creatinine,1.34,mg/dL,0.6,1.3,H,STAT,2024-10-04 06:05,2024-10-04 06:39,2024-10-04 07:02
LAB718889,ENC107930,PT12713,GLU,Glucose,97,mg/dL,70,99,N,Routine,2024-10-04 13:24,2024-10-04 13:38,2024-10-04 19:36
LAB718890,ENC107930,PT12713,CREAT,Creatinine,1.09,mg/dL,0.6,1.3,N,Routine,2024-10-04 13:39,2024-10-04 13:59,2024-10-04 21:44
LAB718891,ENC107930,PT12713,WBC,White Blood Cell Count,6.4,K/uL,4.5,11,N,STAT,2024-10-04 13:19,2024-10-04 13:24,2024-10-04 13:52
LAB718892,ENC107930,PT12713,HGB,Hemoglobin,14.5,g/dL,12,17.5,N,STAT,2024-10-04 13:56,2024-10-04 14:25,2024-10-04 15:12
LAB718893,ENC107930,PT12713,INR,Prothrombin Time INR,1.1,ratio,0.8,1.2,N,STAT,2024-10-04 13:55,2024-10-04 14:26,2024-10-04 15:49
LAB718894,ENC107932,PT12966,GLU,Glucose,109,mg/dL,70,99,H,STAT,2024-10-04 13:14,2024-10-04 13:38,2024-10-04 15:13
LAB718895,ENC107932,PT12966,CREAT,Creatinine,1.02,mg/dL,0.6,1.3,N,Routine,2024-10-04 12:12,2024-10-04 12:23,2024-10-04 13:55
LAB718896,ENC107932,PT12966,WBC,White Blood Cell Count,5.7,K/uL,4.5,11,N,STAT,2024-10-04 13:10,2024-10-04 13:26,2024-10-04 14:37
LAB718897,ENC107932,PT12966,HGB,Hemoglobin,10.9,g/dL,12,17.5,L,Routine,2024-10-04 12:39,2024-10-04 12:56,2024-10-04 14:53
LAB718898,ENC107932,PT12966,NA,Sodium,137,mmol/L,136,145,N,STAT,2024-10-04 12:18,2024-10-04 12:36,2024-10-04 13:11
LAB718899,ENC107932,PT12966,K,Potassium,4.5,mmol/L,3.5,5.1,N,STAT,2024-10-04 12:34,2024-10-04 12:49,2024-10-04 13:44
LAB718900,ENC107934,PT12649,GLU,Glucose,138,mg/dL,70,99,H,Routine,2024-10-04 11:49,2024-10-04 11:53,2024-10-04 16:06
LAB718901,ENC107934,PT12649,CREAT,Creatinine,1.03,mg/dL,0.6,1.3,N,Routine,2024-10-04 11:41,2024-10-04 12:07,2024-10-04 21:42
LAB718902,ENC107934,PT12649,WBC,White Blood Cell Count,4.9,K/uL,4.5,11,N,Routine,2024-10-04 12:03,2024-10-04 12:31,2024-10-04 14:37
LAB718903,ENC107935,PT12741,GLU,Glucose,74,mg/dL,70,99,N,STAT,2024-10-04 15:26,2024-10-04 15:52,2024-10-04 16:52
LAB718904,ENC107935,PT12741,CREAT,Creatinine,0.84,mg/dL,0.6,1.3,N,STAT,2024-10-04 15:33,2024-10-04 15:52,2024-10-04 16:40
LAB718905,ENC107935,PT12741,WBC,White Blood Cell Count,9,K/uL,4.5,11,N,Routine,2024-10-04 15:25,2024-10-04 15:59,2024-10-04 18:29
LAB718906,ENC107935,PT12741,HGB,Hemoglobin,16.7,g/dL,12,17.5,N,Routine,2024-10-04 15:35,2024-10-04 15:48,2024-10-04 17:30
LAB718907,ENC107937,PT12487,A1C,Hemoglobin A1c,6.3,%,4,5.6,H,Routine,2024-10-04 11:50,2024-10-04 11:55,2024-10-04 16:37
LAB718908,ENC107941,PT12830,GLU,Glucose,73,mg/dL,70,99,N,STAT,2024-10-04 17:04,2024-10-04 17:30,2024-10-04 18:33
LAB718909,ENC107941,PT12830,CREAT,Creatinine,1.05,mg/dL,0.6,1.3,N,STAT,2024-10-04 16:41,2024-10-04 17:10,2024-10-04 17:40
LAB718910,ENC107941,PT12830,WBC,White Blood Cell Count,6.9,K/uL,4.5,11,N,STAT,2024-10-04 16:40,2024-10-04 17:12,2024-10-04 17:45
LAB718911,ENC107941,PT12830,HGB,Hemoglobin,13.9,g/dL,12,17.5,N,STAT,2024-10-04 16:22,2024-10-04 16:33,2024-10-04 17:39
LAB718912,ENC107941,PT12830,NA,Sodium,137,mmol/L,136,145,N,Routine,2024-10-04 16:14,2024-10-04 16:23,2024-10-04 20:01
LAB718913,ENC107941,PT12830,K,Potassium,4.5,mmol/L,3.5,5.1,N,STAT,2024-10-04 16:34,2024-10-04 16:49,2024-10-04 17:42
LAB718914,ENC107946,PT10814,GLU,Glucose,86,mg/dL,70,99,N,STAT,2024-10-04 20:18,2024-10-04 20:45,2024-10-04 21:22
LAB718915,ENC107946,PT10814,CREAT,Creatinine,1.05,mg/dL,0.6,1.3,N,Routine,2024-10-04 20:54,2024-10-04 21:17,2024-10-05 06:34
LAB718916,ENC107946,PT10814,WBC,White Blood Cell Count,14,K/uL,4.5,11,H,Routine,2024-10-04 21:09,2024-10-04 21:39,2024-10-04 23:56
LAB718917,ENC107946,PT10814,HGB,Hemoglobin,14.1,g/dL,12,17.5,N,Routine,2024-10-04 20:24,2024-10-04 20:34,2024-10-04 23:34
LAB718918,ENC107946,PT10814,NA,Sodium,142,mmol/L,136,145,N,STAT,2024-10-04 20:49,2024-10-04 21:10,2024-10-04 22:54
LAB718919,ENC107946,PT10814,K,Potassium,4.9,mmol/L,3.5,5.1,N,STAT,2024-10-04 21:05,2024-10-04 21:21,2024-10-04 22:01
LAB718920,ENC107948,PT13173,GLU,Glucose,122,mg/dL,70,99,H,Routine,2024-10-04 17:05,2024-10-04 17:12,2024-10-04 21:26
LAB718921,ENC107948,PT13173,CREAT,Creatinine,0.56,mg/dL,0.6,1.3,L,Routine,2024-10-04 17:07,2024-10-04 17:13,2024-10-04 20:33
LAB718922,ENC107949,PT12850,A1C,Hemoglobin A1c,11.3,%,4,5.6,H,Routine,2024-10-04 16:41,2024-10-04 16:57,2024-10-05 05:35
LAB718923,ENC107949,PT12850,GLU,Glucose,225,mg/dL,70,99,H,Routine,2024-10-04 16:45,2024-10-04 17:06,2024-10-04 20:30
LAB718924,ENC107949,PT12850,CREAT,Creatinine,0.95,mg/dL,0.6,1.3,N,Routine,2024-10-04 16:29,2024-10-04 16:37,2024-10-04 19:21
LAB718925,ENC107950,PT12346,GLU,Glucose,81,mg/dL,70,99,N,Routine,2024-10-04 20:36,2024-10-04 21:08,2024-10-05 01:44
LAB718926,ENC107950,PT12346,CREAT,Creatinine,1.08,mg/dL,0.6,1.3,N,STAT,2024-10-04 20:46,2024-10-04 21:03,2024-10-04 21:43
LAB718927,ENC107950,PT12346,WBC,White Blood Cell Count,8.5,K/uL,4.5,11,N,STAT,2024-10-04 20:35,2024-10-04 20:51,2024-10-04 21:57
LAB718928,ENC107950,PT12346,HGB,Hemoglobin,12.8,g/dL,12,17.5,N,Routine,2024-10-04 20:00,2024-10-04 20:17,2024-10-04 23:23
LAB718929,ENC107951,PT11111,GLU,Glucose,68,mg/dL,70,99,L,STAT,2024-10-05 05:43,2024-10-05 06:08,2024-10-05 06:55
LAB718930,ENC107951,PT11111,CREAT,Creatinine,1.05,mg/dL,0.6,1.3,N,STAT,2024-10-05 06:01,2024-10-05 06:15,2024-10-05 08:03
LAB718931,ENC107951,PT11111,WBC,White Blood Cell Count,7.8,K/uL,4.5,11,N,Routine,2024-10-05 05:25,2024-10-05 05:59,2024-10-05 09:01
LAB718932,ENC107951,PT11111,HGB,Hemoglobin,13.5,g/dL,12,17.5,N,Routine,2024-10-05 05:42,2024-10-05 06:14,2024-10-05 11:31
LAB718933,ENC107951,PT11111,TROP,"Troponin I, High Sensitivity",4,ng/L,0,34,N,STAT,2024-10-05 06:22,2024-10-05 06:34,2024-10-05 07:19
LAB718934,ENC107951,PT11111,BNP,B-Type Natriuretic Peptide,1372,pg/mL,0,100,H,STAT,2024-10-05 05:57,2024-10-05 06:12,2024-10-05 07:45
LAB718935,ENC107952,PT10947,GLU,Glucose,123,mg/dL,70,99,H,STAT,2024-10-05 09:30,2024-10-05 09:58,2024-10-05 10:58
LAB718936,ENC107952,PT10947,CREAT,Creatinine,2.13,mg/dL,0.6,1.3,H,STAT,2024-10-05 09:41,2024-10-05 10:11,2024-10-05 11:10
LAB718937,ENC107953,PT12885,GLU,Glucose,132,mg/dL,70,99,H,STAT,2024-10-05 09:55,2024-10-05 10:10,2024-10-05 10:39
LAB718938,ENC107953,PT12885,CREAT,Creatinine,1,mg/dL,0.6,1.3,N,STAT,2024-10-05 10:04,2024-10-05 10:35,2024-10-05 11:35
LAB718939,ENC107953,PT12885,WBC,White Blood Cell Count,6.6,K/uL,4.5,11,N,Routine,2024-10-05 09:20,2024-10-05 09:30,2024-10-05 11:58
LAB718940,ENC107953,PT12885,HGB,Hemoglobin,14,g/dL,12,17.5,N,Routine,2024-10-05 09:58,2024-10-05 10:03,2024-10-05 13:45
LAB718941,ENC107953,PT12885,NA,Sodium,141,mmol/L,136,145,N,Routine,2024-10-05 10:09,2024-10-05 10:42,2024-10-05 14:21
LAB718942,ENC107953,PT12885,K,Potassium,4.1,mmol/L,3.5,5.1,N,STAT,2024-10-05 10:19,2024-10-05 10:40,2024-10-05 11:29
LAB718943,ENC107954,PT11591,GLU,Glucose,94,mg/dL,70,99,N,STAT,2024-10-05 09:58,2024-10-05 10:28,2024-10-05 12:13
LAB718944,ENC107954,PT11591,CREAT,Creatinine,0.73,mg/dL,0.6,1.3,N,Routine,2024-10-05 09:37,2024-10-05 09:48,2024-10-05 12:01
LAB718945,ENC107954,PT11591,WBC,White Blood Cell Count,13.1,K/uL,4.5,11,H,Routine,2024-10-05 09:56,2024-10-05 10:16,2024-10-05 11:37
LAB718946,ENC107954,PT11591,HGB,Hemoglobin,14.3,g/dL,12,17.5,N,STAT,2024-10-05 10:07,2024-10-05 10:33,2024-10-05 11:22
LAB718947,ENC107955,PT13511,GLU,Glucose,126,mg/dL,70,99,H,Routine,2024-10-05 12:23,2024-10-05 12:45,2024-10-05 15:03
LAB718948,ENC107955,PT13511,CREAT,Creatinine,0.49,mg/dL,0.6,1.3,L,Routine,2024-10-05 12:52,2024-10-05 13:24,2024-10-05 15:59
LAB718949,ENC107956,PT11488,GLU,Glucose,64,mg/dL,70,99,L,STAT,2024-10-05 15:40,2024-10-05 16:11,2024-10-05 17:02
LAB718950,ENC107956,PT11488,CREAT,Creatinine,1.16,mg/dL,0.6,1.3,N,STAT,2024-10-05 16:07,2024-10-05 16:28,2024-10-05 17:28
LAB718951,ENC107956,PT11488,WBC,White Blood Cell Count,4.9,K/uL,4.5,11,N,STAT,2024-10-05 15:38,2024-10-05 15:56,2024-10-05 16:58
LAB718952,ENC107956,PT11488,HGB,Hemoglobin,15.9,g/dL,12,17.5,N,STAT,2024-10-05 16:06,2024-10-05 16:37,2024-10-05 18:31
LAB718953,ENC107956,PT11488,BUN,Blood Urea Nitrogen,14,mg/dL,7,20,N,Routine,2024-10-05 15:31,2024-10-05 15:45,2024-10-05 19:16
LAB718954,ENC107956,PT11488,PLT,Platelet Count,183,K/uL,150,400,N,STAT,2024-10-05 16:03,2024-10-05 16:36,2024-10-05 17:30
LAB718955,ENC107957,PT13498,GLU,Glucose,104,mg/dL,70,99,H,Routine,2024-10-05 17:44,2024-10-05 17:56,2024-10-05 19:57
LAB718956,ENC107957,PT13498,CREAT,Creatinine,0.76,mg/dL,0.6,1.3,N,Routine,2024-10-05 17:58,2024-10-05 18:23,2024-10-05 22:19
LAB718957,ENC107957,PT13498,WBC,White Blood Cell Count,6.1,K/uL,4.5,11,N,STAT,2024-10-05 17:28,2024-10-05 17:34,2024-10-05 19:14
LAB718958,ENC107957,PT13498,HGB,Hemoglobin,7.9,g/dL,12,17.5,L,Routine,2024-10-05 17:14,2024-10-05 17:43,2024-10-05 19:51
LAB718959,ENC107957,PT13498,INR,Prothrombin Time INR,1,ratio,0.8,1.2,N,STAT,2024-10-05 17:47,2024-10-05 18:04,2024-10-05 19:10
LAB718960,ENC107958,PT10272,GLU,Glucose,170,mg/dL,70,99,H,STAT,2024-10-05 21:01,2024-10-05 21:13,2024-10-05 21:45
LAB718961,ENC107958,PT10272,CREAT,Creatinine,1.44,mg/dL,0.6,1.3,H,Routine,2024-10-05 21:34,2024-10-05 21:42,2024-10-06 03:45
LAB718962,ENC107958,PT10272,WBC,White Blood Cell Count,6.6,K/uL,4.5,11,N,STAT,2024-10-05 21:34,2024-10-05 21:58,2024-10-05 22:32
LAB718963,ENC107958,PT10272,HGB,Hemoglobin,12,g/dL,12,17.5,N,STAT,2024-10-05 22:05,2024-10-05 22:29,2024-10-05 23:28
LAB718964,ENC107958,PT10272,INR,Prothrombin Time INR,1,ratio,0.8,1.2,N,Routine,2024-10-05 21:29,2024-10-05 21:50,2024-10-06 00:15
LAB718965,ENC107959,PT10799,GLU,Glucose,101,mg/dL,70,99,H,Routine,2024-10-05 21:28,2024-10-05 21:57,2024-10-06 00:11
LAB718966,ENC107959,PT10799,CREAT,Creatinine,1.4,mg/dL,0.6,1.3,H,STAT,2024-10-05 21:10,2024-10-05 21:45,2024-10-05 22:55
LAB718967,ENC107959,PT10799,WBC,White Blood Cell Count,6.8,K/uL,4.5,11,N,STAT,2024-10-05 21:31,2024-10-05 21:44,2024-10-05 22:13
LAB718968,ENC107959,PT10799,HGB,Hemoglobin,11,g/dL,12,17.5,L,STAT,2024-10-05 21:21,2024-10-05 21:47,2024-10-05 22:17
LAB718969,ENC107959,PT10799,INR,Prothrombin Time INR,1,ratio,0.8,1.2,N,STAT,2024-10-05 21:51,2024-10-05 22:09,2024-10-05 22:31
LAB718970,ENC107960,PT11309,GLU,Glucose,124,mg/dL,70,99,H,Routine,2024-10-05 23:30,2024-10-05 23:38,2024-10-06 02:24
LAB718971,ENC107960,PT11309,CREAT,Creatinine,1.38,mg/dL,0.6,1.3,H,STAT,2024-10-05 23:44,2024-10-06 00:19,2024-10-06 01:03
LAB718972,ENC107960,PT11309,WBC,White Blood Cell Count,6.7,K/uL,4.5,11,N,STAT,2024-10-05 23:42,2024-10-06 00:10,2024-10-06 00:31
LAB718973,ENC107960,PT11309,HGB,Hemoglobin,12.7,g/dL,12,17.5,N,STAT,2024-10-05 23:04,2024-10-05 23:31,2024-10-06 00:15
LAB718974,ENC107961,PT12841,GLU,Glucose,323,mg/dL,70,99,H,STAT,2024-10-05 21:16,2024-10-05 21:27,2024-10-05 22:01
LAB718975,ENC107961,PT12841,CREAT,Creatinine,0.91,mg/dL,0.6,1.3,N,Routine,2024-10-05 20:15,2024-10-05 20:40,2024-10-05 23:23
LAB718976,ENC107961,PT12841,WBC,White Blood Cell Count,9.6,K/uL,4.5,11,N,STAT,2024-10-05 21:01,2024-10-05 21:06,2024-10-05 21:48
LAB718977,ENC107961,PT12841,HGB,Hemoglobin,12.3,g/dL,12,17.5,N,STAT,2024-10-05 20:11,2024-10-05 20:32,2024-10-05 21:11
LAB718978,ENC107961,PT12841,NA,Sodium,137,mmol/L,136,145,N,STAT,2024-10-05 20:40,2024-10-05 20:55,2024-10-05 21:37
LAB718979,ENC107961,PT12841,K,Potassium,4.3,mmol/L,3.5,5.1,N,STAT,2024-10-05 20:10,2024-10-05 20:21,2024-10-05 20:58
LAB718980,ENC107961,PT12841,A1C,Hemoglobin A1c,8.2,%,4,5.6,H,STAT,2024-10-05 20:30,2024-10-05 20:36,2024-10-05 22:15
LAB718981,ENC107962,PT13878,INR,Prothrombin Time INR,1.2,ratio,0.8,1.2,N,STAT,2024-10-05 22:02,2024-10-05 22:35,2024-10-05 23:44
LAB718982,ENC107964,PT12179,GLU,Glucose,120,mg/dL,70,99,H,Routine,2024-10-06 04:30,2024-10-06 04:39,2024-10-06 09:50
LAB718983,ENC107964,PT12179,CREAT,Creatinine,1.18,mg/dL,0.6,1.3,N,STAT,2024-10-06 04:48,2024-10-06 04:55,2024-10-06 05:46
LAB718984,ENC107964,PT12179,WBC,White Blood Cell Count,6.8,K/uL,4.5,11,N,STAT,2024-10-06 04:42,2024-10-06 05:16,2024-10-06 05:59
LAB718985,ENC107964,PT12179,HGB,Hemoglobin,15.5,g/dL,12,17.5,N,STAT,2024-10-06 05:06,2024-10-06 05:38,2024-10-06 06:19
LAB718986,ENC107966,PT13065,GLU,Glucose,127,mg/dL,70,99,H,STAT,2024-10-06 09:10,2024-10-06 09:28,2024-10-06 10:27
LAB718987,ENC107966,PT13065,CREAT,Creatinine,1.16,mg/dL,0.6,1.3,N,Routine,2024-10-06 09:32,2024-10-06 09:36,2024-10-06 12:15
LAB718988,ENC107966,PT13065,WBC,White Blood Cell Count,7.7,K/uL,4.5,11,N,STAT,2024-10-06 09:04,2024-10-06 09:16,2024-10-06 10:13
LAB718989,ENC107966,PT13065,HGB,Hemoglobin,9.5,g/dL,12,17.5,L,STAT,2024-10-06 09:09,2024-10-06 09:38,2024-10-06 10:19
LAB718990,ENC107966,PT13065,TROP,"Troponin I, High Sensitivity",59,ng/L,0,34,H,STAT,2024-10-06 09:37,2024-10-06 09:58,2024-10-06 10:33
LAB718991,ENC107968,PT11038,GLU,Glucose,228,mg/dL,70,99,H,STAT,2024-10-06 15:32,2024-10-06 15:59,2024-10-06 16:34
LAB718992,ENC107968,PT11038,CREAT,Creatinine,0.76,mg/dL,0.6,1.3,N,Routine,2024-10-06 15:13,2024-10-06 15:44,2024-10-06 22:07
LAB718993,ENC107968,PT11038,WBC,White Blood Cell Count,6.3,K/uL,4.5,11,N,Routine,2024-10-06 14:52,2024-10-06 15:00,2024-10-06 19:58
LAB718994,ENC107968,PT11038,HGB,Hemoglobin,13.9,g/dL,12,17.5,N,Routine,2024-10-06 15:49,2024-10-06 16:12,2024-10-06 20:00
LAB718995,ENC107968,PT11038,LACT,Lactate,1.8,mmol/L,0.5,2,N,STAT,2024-10-06 15:27,2024-10-06 15:38,2024-10-06 16:42
LAB718996,ENC107969,PT10094,GLU,Glucose,116,mg/dL,70,99,H,Routine,2024-10-06 12:15,2024-10-06 12:24,2024-10-06 14:11
LAB718997,ENC107969,PT10094,CREAT,Creatinine,1.01,mg/dL,0.6,1.3,N,Routine,2024-10-06 12:01,2024-10-06 12:34,2024-10-06 14:03
LAB718998,ENC107969,PT10094,WBC,White Blood Cell Count,7.6,K/uL,4.5,11,N,STAT,2024-10-06 12:11,2024-10-06 12:29,2024-10-06 13:02
LAB718999,ENC107970,PT12321,GLU,Glucose,71,mg/dL,70,99,N,Routine,2024-10-06 16:02,2024-10-06 16:32,2024-10-06 22:15
LAB719000,ENC107970,PT12321,CREAT,Creatinine,1.23,mg/dL,0.6,1.3,N,STAT,2024-10-06 16:31,2024-10-06 17:04,2024-10-06 17:59
LAB719001,ENC107970,PT12321,WBC,White Blood Cell Count,6.9,K/uL,4.5,11,N,STAT,2024-10-06 15:48,2024-10-06 16:15,2024-10-06 16:49
LAB719002,ENC107970,PT12321,HGB,Hemoglobin,13.8,g/dL,12,17.5,N,STAT,2024-10-06 15:58,2024-10-06 16:07,2024-10-06 16:43
LAB719003,ENC107970,PT12321,NA,Sodium,138,mmol/L,136,145,N,STAT,2024-10-06 16:08,2024-10-06 16:14,2024-10-06 17:01
LAB719004,ENC107970,PT12321,K,Potassium,3.8,mmol/L,3.5,5.1,N,STAT,2024-10-06 15:43,2024-10-06 16:04,2024-10-06 16:57
LAB719005,ENC107970,PT12321,INR,Prothrombin Time INR,1,ratio,0.8,1.2,N,STAT,2024-10-06 16:09,2024-10-06 16:20,2024-10-06 17:05
LAB719006,ENC107973,PT10957,GLU,Glucose,163,mg/dL,70,99,H,STAT,2024-10-06 18:40,2024-10-06 18:44,2024-10-06 19:10
LAB719007,ENC107973,PT10957,CREAT,Creatinine,1.44,mg/dL,0.6,1.3,H,STAT,2024-10-06 19:16,2024-10-06 19:22,2024-10-06 20:13
LAB719008,ENC107973,PT10957,WBC,White Blood Cell Count,1.3,K/uL,4.5,11,L,STAT,2024-10-06 19:09,2024-10-06 19:27,2024-10-06 20:06
LAB719009,ENC107973,PT10957,HGB,Hemoglobin,12.7,g/dL,12,17.5,N,STAT,2024-10-06 18:42,2024-10-06 18:50,2024-10-06 19:28
LAB719010,ENC107973,PT10957,NA,Sodium,144,mmol/L,136,145,N,STAT,2024-10-06 18:28,2024-10-06 18:51,2024-10-06 19:31
LAB719011,ENC107973,PT10957,K,Potassium,3.8,mmol/L,3.5,5.1,N,STAT,2024-10-06 18:43,2024-10-06 19:02,2024-10-06 19:35
LAB719012,ENC107973,PT10957,LACT,Lactate,3.1,mmol/L,0.5,2,H,STAT,2024-10-06 19:28,2024-10-06 20:02,2024-10-06 20:52
LAB719013,ENC107974,PT13906,GLU,Glucose,123,mg/dL,70,99,H,STAT,2024-10-06 19:51,2024-10-06 20:07,2024-10-06 21:04
LAB719014,ENC107974,PT13906,CREAT,Creatinine,0.85,mg/dL,0.6,1.3,N,Routine,2024-10-06 19:57,2024-10-06 20:21,2024-10-06 23:06
LAB719015,ENC107974,PT13906,WBC,White Blood Cell Count,7.5,K/uL,4.5,11,N,STAT,2024-10-06 19:33,2024-10-06 19:52,2024-10-06 20:57
LAB719016,ENC107974,PT13906,HGB,Hemoglobin,15.1,g/dL,12,17.5,N,Routine,2024-10-06 19:43,2024-10-06 19:54,2024-10-06 23:35
LAB719017,ENC107975,PT13919,GLU,Glucose,114,mg/dL,70,99,H,Routine,2024-10-06 20:31,2024-10-06 20:50,2024-10-06 22:37
LAB719018,ENC107975,PT13919,CREAT,Creatinine,0.93,mg/dL,0.6,1.3,N,Routine,2024-10-06 20:15,2024-10-06 20:34,2024-10-07 02:12
LAB719019,ENC107975,PT13919,WBC,White Blood Cell Count,6.2,K/uL,4.5,11,N,Routine,2024-10-06 20:18,2024-10-06 20:27,2024-10-07 00:37
LAB719020,ENC107975,PT13919,HGB,Hemoglobin,12.7,g/dL,12,17.5,N,Routine,2024-10-06 20:32,2024-10-06 20:51,2024-10-07 00:05
LAB719021,ENC107975,PT13919,NA,Sodium,140,mmol/L,136,145,N,STAT,2024-10-06 20:34,2024-10-06 20:47,2024-10-06 21:50
LAB719022,ENC107975,PT13919,K,Potassium,3.9,mmol/L,3.5,5.1,N,STAT,2024-10-06 20:19,2024-10-06 20:26,2024-10-06 21:25
LAB719023,ENC107977,PT11719,GLU,Glucose,90,mg/dL,70,99,N,STAT,2024-10-06 21:40,2024-10-06 21:44,2024-10-06 22:17
LAB719024,ENC107977,PT11719,CREAT,Creatinine,0.86,mg/dL,0.6,1.3,N,Routine,2024-10-06 21:26,2024-10-06 21:53,2024-10-07 01:53
LAB719025,ENC107977,PT11719,WBC,White Blood Cell Count,8.9,K/uL,4.5,11,N,STAT,2024-10-06 22:04,2024-10-06 22:16,2024-10-06 23:10
LAB719026,ENC107977,PT11719,HGB,Hemoglobin,16.9,g/dL,12,17.5,N,Routine,2024-10-06 22:02,2024-10-06 22:22,2024-10-07 00:39
LAB719027,ENC107977,PT11719,LACT,Lactate,1.9,mmol/L,0.5,2,N,STAT,2024-10-06 21:16,2024-10-06 21:28,2024-10-06 21:47
LAB719028,ENC107979,PT11018,GLU,Glucose,98,mg/dL,70,99,N,STAT,2024-10-07 01:26,2024-10-07 01:57,2024-10-07 03:04
LAB719029,ENC107979,PT11018,CREAT,Creatinine,1.03,mg/dL,0.6,1.3,N,STAT,2024-10-07 01:06,2024-10-07 01:22,2024-10-07 01:44
LAB719030,ENC107979,PT11018,TROP,"Troponin I, High Sensitivity",7,ng/L,0,34,N,STAT,2024-10-07 00:37,2024-10-07 01:05,2024-10-07 01:54
LAB719031,ENC107986,PT10090,GLU,Glucose,192,mg/dL,70,99,H,Routine,2024-10-07 09:34,2024-10-07 09:59,2024-10-07 13:44
LAB719032,ENC107986,PT10090,CREAT,Creatinine,1.24,mg/dL,0.6,1.3,N,STAT,2024-10-07 10:16,2024-10-07 10:51,2024-10-07 11:16
LAB719033,ENC107986,PT10090,WBC,White Blood Cell Count,23.3,K/uL,4.5,11,H,STAT,2024-10-07 09:10,2024-10-07 09:36,2024-10-07 10:37
LAB719034,ENC107986,PT10090,HGB,Hemoglobin,13.1,g/dL,12,17.5,N,STAT,2024-10-07 09:26,2024-10-07 09:30,2024-10-07 10:13
LAB719035,ENC107986,PT10090,LACT,Lactate,1.3,mmol/L,0.5,2,N,STAT,2024-10-07 09:45,2024-10-07 10:12,2024-10-07 10:55
LAB719036,ENC107987,PT13444,A1C,Hemoglobin A1c,5.3,%,4,5.6,N,Routine,2024-10-07 09:42,2024-10-07 10:02,2024-10-08 12:10
LAB719037,ENC107987,PT13444,GLU,Glucose,92,mg/dL,70,99,N,Routine,2024-10-07 09:40,2024-10-07 10:13,2024-10-07 13:24
LAB719038,ENC107987,PT13444,CREAT,Creatinine,0.88,mg/dL,0.6,1.3,N,Routine,2024-10-07 09:36,2024-10-07 10:05,2024-10-07 15:52
LAB719039,ENC107990,PT11666,GLU,Glucose,80,mg/dL,70,99,N,Routine,2024-10-07 13:34,2024-10-07 13:46,2024-10-07 18:19
LAB719040,ENC107990,PT11666,CREAT,Creatinine,1,mg/dL,0.6,1.3,N,Routine,2024-10-07 13:51,2024-10-07 14:22,2024-10-07 16:31
LAB719041,ENC107990,PT11666,WBC,White Blood Cell Count,7.3,K/uL,4.5,11,N,Routine,2024-10-07 13:31,2024-10-07 14:00,2024-10-07 16:22
LAB719042,ENC107990,PT11666,HGB,Hemoglobin,14.2,g/dL,12,17.5,N,Routine,2024-10-07 13:09,2024-10-07 13:32,2024-10-07 17:56
LAB719043,ENC107990,PT11666,INR,Prothrombin Time INR,2.1,ratio,0.8,1.2,H,STAT,2024-10-07 13:17,2024-10-07 13:25,2024-10-07 14:31
LAB719044,ENC107991,PT11041,A1C,Hemoglobin A1c,7.9,%,4,5.6,H,Routine,2024-10-07 10:42,2024-10-07 11:17,2024-10-08 06:22
LAB719045,ENC107992,PT12401,GLU,Glucose,223,mg/dL,70,99,H,Routine,2024-10-07 14:17,2024-10-07 14:25,2024-10-07 20:35
LAB719046,ENC107992,PT12401,CREAT,Creatinine,1.23,mg/dL,0.6,1.3,N,STAT,2024-10-07 14:16,2024-10-07 14:27,2024-10-07 15:27
LAB719047,ENC107992,PT12401,WBC,White Blood Cell Count,7.4,K/uL,4.5,11,N,STAT,2024-10-07 14:42,2024-10-07 15:03,2024-10-07 16:35
LAB719048,ENC107992,PT12401,HGB,Hemoglobin,12.3,g/dL,12,17.5,N,STAT,2024-10-07 14:35,2024-10-07 14:51,2024-10-07 15:49
LAB719049,ENC107992,PT12401,NA,Sodium,136,mmol/L,136,145,N,Routine,2024-10-07 15:15,2024-10-07 15:19,2024-10-07 17:07
LAB719050,ENC107992,PT12401,K,Potassium,4,mmol/L,3.5,5.1,N,STAT,2024-10-07 14:45,2024-10-07 15:01,2024-10-07 16:02
LAB719051,ENC107993,PT11685,GLU,Glucose,110,mg/dL,70,99,H,Routine,2024-10-07 15:13,2024-10-07 15:41,2024-10-07 19:23
LAB719052,ENC107993,PT11685,CREAT,Creatinine,0.85,mg/dL,0.6,1.3,N,Routine,2024-10-07 15:24,2024-10-07 15:43,2024-10-07 20:30
LAB719053,ENC107993,PT11685,WBC,White Blood Cell Count,6.9,K/uL,4.5,11,N,STAT,2024-10-07 15:06,2024-10-07 15:33,2024-10-07 16:08
LAB719054,ENC107993,PT11685,HGB,Hemoglobin,12.4,g/dL,12,17.5,N,STAT,2024-10-07 14:56,2024-10-07 15:21,2024-10-07 16:09
LAB719055,ENC107993,PT11685,NA,Sodium,137,mmol/L,136,145,N,Routine,2024-10-07 15:19,2024-10-07 15:29,2024-10-07 23:55
LAB719056,ENC107993,PT11685,K,Potassium,5.4,mmol/L,3.5,5.1,H,STAT,2024-10-07 15:14,2024-10-07 15:25,2024-10-07 15:57
LAB719057,ENC107997,PT13767,A1C,Hemoglobin A1c,8,%,4,5.6,H,Routine,2024-10-07 12:13,2024-10-07 12:21,2024-10-08 13:57
LAB719058,ENC107999,PT12696,GLU,Glucose,99,mg/dL,70,99,N,STAT,2024-10-07 16:34,2024-10-07 16:49,2024-10-07 17:43
LAB719059,ENC107999,PT12696,CREAT,Creatinine,0.98,mg/dL,0.6,1.3,N,Routine,2024-10-07 16:52,2024-10-07 17:02,2024-10-07 19:35
LAB719060,ENC107999,PT12696,WBC,White Blood Cell Count,6.8,K/uL,4.5,11,N,STAT,2024-10-07 17:20,2024-10-07 17:42,2024-10-07 18:54
LAB719061,ENC107999,PT12696,HGB,Hemoglobin,13,g/dL,12,17.5,N,STAT,2024-10-07 16:35,2024-10-07 16:40,2024-10-07 17:10
LAB719062,ENC108001,PT11262,GLU,Glucose,177,mg/dL,70,99,H,Routine,2024-10-07 16:00,2024-10-07 16:31,2024-10-07 20:00
LAB719063,ENC108001,PT11262,CREAT,Creatinine,1.08,mg/dL,0.6,1.3,N,STAT,2024-10-07 15:34,2024-10-07 15:46,2024-10-07 16:29
LAB719064,ENC108001,PT11262,WBC,White Blood Cell Count,8,K/uL,4.5,11,N,STAT,2024-10-07 16:12,2024-10-07 16:37,2024-10-07 17:37
LAB719065,ENC108001,PT11262,HGB,Hemoglobin,13.2,g/dL,12,17.5,N,STAT,2024-10-07 15:42,2024-10-07 15:46,2024-10-07 17:45
LAB719066,ENC108002,PT10503,A1C,Hemoglobin A1c,8.4,%,4,5.6,H,Routine,2024-10-07 13:44,2024-10-07 14:17,2024-10-07 18:24
LAB719067,ENC108003,PT13429,A1C,Hemoglobin A1c,13,%,4,5.6,H,Routine,2024-10-07 14:00,2024-10-07 14:19,2024-10-08 09:53
LAB719068,ENC108005,PT11897,LDL,LDL Cholesterol,88,mg/dL,0,99,N,Routine,2024-10-07 14:11,2024-10-07 14:28,2024-10-08 19:41
LAB719069,ENC108005,PT11897,A1C,Hemoglobin A1c,7.5,%,4,5.6,H,Routine,2024-10-07 13:50,2024-10-07 14:08,2024-10-08 14:32
LAB719070,ENC108005,PT11897,TSH,Thyroid Stimulating Hormone,0.55,mIU/L,0.4,4,N,Routine,2024-10-07 14:00,2024-10-07 14:34,2024-10-08 16:15
LAB719071,ENC108007,PT11287,A1C,Hemoglobin A1c,10.1,%,4,5.6,H,Routine,2024-10-07 14:55,2024-10-07 15:13,2024-10-08 04:21
LAB719072,ENC108007,PT11287,GLU,Glucose,301,mg/dL,70,99,H,Routine,2024-10-07 14:40,2024-10-07 15:14,2024-10-07 18:51
LAB719073,ENC108007,PT11287,CREAT,Creatinine,1.24,mg/dL,0.6,1.3,N,Routine,2024-10-07 14:57,2024-10-07 15:28,2024-10-07 18:40
LAB719074,ENC108009,PT11232,A1C,Hemoglobin A1c,5.7,%,4,5.6,H,Routine,2024-10-07 15:43,2024-10-07 15:53,2024-10-08 09:57
LAB719075,ENC108011,PT12921,GLU,Glucose,96,mg/dL,70,99,N,STAT,2024-10-07 18:54,2024-10-07 19:02,2024-10-07 19:37
LAB719076,ENC108011,PT12921,CREAT,Creatinine,2.23,mg/dL,0.6,1.3,H,Routine,2024-10-07 18:32,2024-10-07 18:40,2024-10-08 02:44
LAB719077,ENC108011,PT12921,WBC,White Blood Cell Count,6.8,K/uL,4.5,11,N,Routine,2024-10-07 19:12,2024-10-07 19:44,2024-10-07 23:15
LAB719078,ENC108011,PT12921,HGB,Hemoglobin,11.3,g/dL,12,17.5,L,STAT,2024-10-07 18:23,2024-10-07 18:45,2024-10-07 20:47
LAB719079,ENC108011,PT12921,INR,Prothrombin Time INR,1.1,ratio,0.8,1.2,N,STAT,2024-10-07 19:09,2024-10-07 19:22,2024-10-07 20:21
LAB719080,ENC108012,PT10322,GLU,Glucose,254,mg/dL,70,99,H,STAT,2024-10-07 19:14,2024-10-07 19:21,2024-10-07 20:28
LAB719081,ENC108012,PT10322,CREAT,Creatinine,0.73,mg/dL,0.6,1.3,N,STAT,2024-10-07 19:16,2024-10-07 19:32,2024-10-07 20:03
LAB719082,ENC108012,PT10322,WBC,White Blood Cell Count,14,K/uL,4.5,11,H,STAT,2024-10-07 19:02,2024-10-07 19:07,2024-10-07 20:05
LAB719083,ENC108012,PT10322,HGB,Hemoglobin,10,g/dL,12,17.5,L,Routine,2024-10-07 19:30,2024-10-07 19:42,2024-10-07 20:38
LAB719084,ENC108013,PT11161,GLU,Glucose,90,mg/dL,70,99,N,STAT,2024-10-07 19:34,2024-10-07 19:49,2024-10-07 21:27
LAB719085,ENC108013,PT11161,CREAT,Creatinine,0.92,mg/dL,0.6,1.3,N,STAT,2024-10-07 19:15,2024-10-07 19:31,2024-10-07 20:09
LAB719086,ENC108013,PT11161,WBC,White Blood Cell Count,25.3,K/uL,4.5,11,H,Routine,2024-10-07 18:48,2024-10-07 19:19,2024-10-07 21:43
LAB719087,ENC108013,PT11161,HGB,Hemoglobin,14.5,g/dL,12,17.5,N,Routine,2024-10-07 19:03,2024-10-07 19:25,2024-10-07 22:55
LAB719088,ENC108013,PT11161,NA,Sodium,136,mmol/L,136,145,N,STAT,2024-10-07 18:53,2024-10-07 19:10,2024-10-07 20:24
LAB719089,ENC108013,PT11161,K,Potassium,4.2,mmol/L,3.5,5.1,N,STAT,2024-10-07 19:07,2024-10-07 19:22,2024-10-07 20:03
LAB719090,ENC108013,PT11161,BUN,Blood Urea Nitrogen,16,mg/dL,7,20,N,Routine,2024-10-07 19:43,2024-10-07 20:05,2024-10-07 22:41
LAB719091,ENC108013,PT11161,PLT,Platelet Count,177,K/uL,150,400,N,STAT,2024-10-07 19:15,2024-10-07 19:34,2024-10-07 20:12
LAB719092,ENC108015,PT10889,GLU,Glucose,141,mg/dL,70,99,H,STAT,2024-10-08 01:28,2024-10-08 01:56,2024-10-08 02:56
LAB719093,ENC108015,PT10889,CREAT,Creatinine,0.93,mg/dL,0.6,1.3,N,STAT,2024-10-08 01:15,2024-10-08 01:49,2024-10-08 03:48
LAB719094,ENC108015,PT10889,WBC,White Blood Cell Count,9.5,K/uL,4.5,11,N,STAT,2024-10-08 02:07,2024-10-08 02:30,2024-10-08 04:28
LAB719095,ENC108015,PT10889,HGB,Hemoglobin,14,g/dL,12,17.5,N,Routine,2024-10-08 01:27,2024-10-08 01:44,2024-10-08 03:40
LAB719096,ENC108015,PT10889,TROP,"Troponin I, High Sensitivity",31,ng/L,0,34,N,STAT,2024-10-08 01:28,2024-10-08 01:44,2024-10-08 02:33
LAB719097,ENC108015,PT10889,BNP,B-Type Natriuretic Peptide,930,pg/mL,0,100,H,Routine,2024-10-08 02:15,2024-10-08 02:25,2024-10-08 05:25
LAB719098,ENC108016,PT11256,GLU,Glucose,103,mg/dL,70,99,H,STAT,2024-10-08 02:12,2024-10-08 02:20,2024-10-08 03:24
LAB719099,ENC108016,PT11256,CREAT,Creatinine,0.96,mg/dL,0.6,1.3,N,STAT,2024-10-08 01:41,2024-10-08 01:50,2024-10-08 02:49
LAB719100,ENC108016,PT11256,WBC,White Blood Cell Count,7.1,K/uL,4.5,11,N,Routine,2024-10-08 01:27,2024-10-08 01:59,2024-10-08 05:06
LAB719101,ENC108016,PT11256,HGB,Hemoglobin,13.5,g/dL,12,17.5,N,STAT,2024-10-08 02:17,2024-10-08 02:48,2024-10-08 03:39
LAB719102,ENC108016,PT11256,INR,Prothrombin Time INR,1.1,ratio,0.8,1.2,N,STAT,2024-10-08 01:31,2024-10-08 01:50,2024-10-08 03:10
LAB719103,ENC108017,PT12882,GLU,Glucose,103,mg/dL,70,99,H,STAT,2024-10-08 00:55,2024-10-08 01:22,2024-10-08 02:15
LAB719104,ENC108017,PT12882,CREAT,Creatinine,1.1,mg/dL,0.6,1.3,N,STAT,2024-10-07 23:49,2024-10-07 23:56,2024-10-08 00:50
LAB719105,ENC108017,PT12882,WBC,White Blood Cell Count,8.2,K/uL,4.5,11,N,STAT,2024-10-08 00:17,2024-10-08 00:22,2024-10-08 00:50
LAB719106,ENC108017,PT12882,HGB,Hemoglobin,15.4,g/dL,12,17.5,N,STAT,2024-10-08 00:16,2024-10-08 00:39,2024-10-08 01:51
LAB719107,ENC108018,PT12011,GLU,Glucose,132,mg/dL,70,99,H,STAT,2024-10-08 01:24,2024-10-08 01:46,2024-10-08 02:56
LAB719108,ENC108018,PT12011,CREAT,Creatinine,0.8,mg/dL,0.6,1.3,N,STAT,2024-10-08 01:45,2024-10-08 02:19,2024-10-08 04:07
LAB719109,ENC108018,PT12011,WBC,White Blood Cell Count,9.8,K/uL,4.5,11,N,Routine,2024-10-08 01:16,2024-10-08 01:44,2024-10-08 03:16
LAB719110,ENC108018,PT12011,HGB,Hemoglobin,12.9,g/dL,12,17.5,N,STAT,2024-10-08 01:25,2024-10-08 01:41,2024-10-08 02:21
LAB719111,ENC108019,PT10626,GLU,Glucose,92,mg/dL,70,99,N,STAT,2024-10-08 03:31,2024-10-08 03:41,2024-10-08 04:38
LAB719112,ENC108019,PT10626,CREAT,Creatinine,0.88,mg/dL,0.6,1.3,N,Routine,2024-10-08 03:32,2024-10-08 03:48,2024-10-08 04:53
LAB719113,ENC108019,PT10626,WBC,White Blood Cell Count,14.1,K/uL,4.5,11,H,Routine,2024-10-08 04:22,2024-10-08 04:52,2024-10-08 06:43
LAB719114,ENC108019,PT10626,HGB,Hemoglobin,9.6,g/dL,12,17.5,L,STAT,2024-10-08 04:22,2024-10-08 04:31,2024-10-08 05:15
LAB719115,ENC108020,PT13303,GLU,Glucose,152,mg/dL,70,99,H,STAT,2024-10-08 08:07,2024-10-08 08:18,2024-10-08 08:41
LAB719116,ENC108020,PT13303,CREAT,Creatinine,0.85,mg/dL,0.6,1.3,N,STAT,2024-10-08 08:15,2024-10-08 08:50,2024-10-08 09:32
LAB719117,ENC108020,PT13303,WBC,White Blood Cell Count,8.1,K/uL,4.5,11,N,STAT,2024-10-08 08:03,2024-10-08 08:29,2024-10-08 09:05
LAB719118,ENC108020,PT13303,HGB,Hemoglobin,12.2,g/dL,12,17.5,N,STAT,2024-10-08 07:56,2024-10-08 08:08,2024-10-08 09:19
LAB719119,ENC108021,PT13055,LDL,LDL Cholesterol,173,mg/dL,0,99,H,Routine,2024-10-08 08:16,2024-10-08 08:34,2024-10-08 19:08
LAB719120,ENC108021,PT13055,TSH,Thyroid Stimulating Hormone,1.52,mIU/L,0.4,4,N,Routine,2024-10-08 08:06,2024-10-08 08:16,2024-10-08 22:33
LAB719121,ENC108022,PT13268,GLU,Glucose,108,mg/dL,70,99,H,STAT,2024-10-08 08:58,2024-10-08 09:04,2024-10-08 09:35
LAB719122,ENC108022,PT13268,CREAT,Creatinine,1.04,mg/dL,0.6,1.3,N,Routine,2024-10-08 09:35,2024-10-08 10:10,2024-10-08 12:01
LAB719123,ENC108022,PT13268,WBC,White Blood Cell Count,3.7,K/uL,4.5,11,L,STAT,2024-10-08 09:47,2024-10-08 10:08,2024-10-08 10:23
LAB719124,ENC108022,PT13268,HGB,Hemoglobin,12.4,g/dL,12,17.5,N,STAT,2024-10-08 08:42,2024-10-08 08:51,2024-10-08 09:26
LAB719125,ENC108024,PT13780,GLU,Glucose,141,mg/dL,70,99,H,STAT,2024-10-08 12:11,2024-10-08 12:21,2024-10-08 13:07
LAB719126,ENC108024,PT13780,CREAT,Creatinine,2.4,mg/dL,0.6,1.3,H,STAT,2024-10-08 12:45,2024-10-08 12:54,2024-10-08 13:44
LAB719127,ENC108024,PT13780,WBC,White Blood Cell Count,7.5,K/uL,4.5,11,N,STAT,2024-10-08 12:12,2024-10-08 12:34,2024-10-08 13:27
LAB719128,ENC108024,PT13780,HGB,Hemoglobin,9.3,g/dL,12,17.5,L,STAT,2024-10-08 12:58,2024-10-08 13:04,2024-10-08 13:59
LAB719129,ENC108025,PT10346,LDL,LDL Cholesterol,143,mg/dL,0,99,H,Routine,2024-10-08 09:51,2024-10-08 09:58,2024-10-09 05:16
LAB719130,ENC108025,PT10346,TSH,Thyroid Stimulating Hormone,1.04,mIU/L,0.4,4,N,Routine,2024-10-08 10:15,2024-10-08 10:35,2024-10-08 20:52
LAB719131,ENC108027,PT10088,LDL,LDL Cholesterol,95,mg/dL,0,99,N,Routine,2024-10-08 11:00,2024-10-08 11:14,2024-10-09 21:24
LAB719132,ENC108028,PT11386,WBC,White Blood Cell Count,6.7,K/uL,4.5,11,N,Routine,2024-10-08 10:49,2024-10-08 11:00,2024-10-08 13:53
LAB719133,ENC108028,PT11386,HGB,Hemoglobin,16.8,g/dL,12,17.5,N,Routine,2024-10-08 10:59,2024-10-08 11:24,2024-10-08 13:24
LAB719134,ENC108028,PT11386,PLT,Platelet Count,238,K/uL,150,400,N,Routine,2024-10-08 10:44,2024-10-08 11:06,2024-10-08 15:03
LAB719135,ENC108029,PT10313,GLU,Glucose,93,mg/dL,70,99,N,Routine,2024-10-08 11:45,2024-10-08 11:58,2024-10-08 14:15
LAB719136,ENC108029,PT10313,CREAT,Creatinine,0.59,mg/dL,0.6,1.3,L,STAT,2024-10-08 11:25,2024-10-08 11:56,2024-10-08 12:31
LAB719137,ENC108032,PT10422,A1C,Hemoglobin A1c,7.8,%,4,5.6,H,Routine,2024-10-08 13:08,2024-10-08 13:39,2024-10-09 03:38
LAB719138,ENC108033,PT13441,GLU,Glucose,99,mg/dL,70,99,N,STAT,2024-10-08 18:03,2024-10-08 18:09,2024-10-08 18:42
LAB719139,ENC108033,PT13441,CREAT,Creatinine,0.84,mg/dL,0.6,1.3,N,Routine,2024-10-08 17:10,2024-10-08 17:38,2024-10-08 20:15
LAB719140,ENC108033,PT13441,WBC,White Blood Cell Count,6.7,K/uL,4.5,11,N,Routine,2024-10-08 18:02,2024-10-08 18:07,2024-10-08 21:24
LAB719141,ENC108033,PT13441,HGB,Hemoglobin,11.9,g/dL,12,17.5,L,STAT,2024-10-08 17:42,2024-10-08 18:12,2024-10-08 18:26
LAB719142,ENC108036,PT13136,GLU,Glucose,85,mg/dL,70,99,N,STAT,2024-10-08 14:11,2024-10-08 14:19,2024-10-08 15:03
LAB719143,ENC108036,PT13136,CREAT,Creatinine,0.91,mg/dL,0.6,1.3,N,STAT,2024-10-08 14:46,2024-10-08 14:59,2024-10-08 15:25
LAB719144,ENC108036,PT13136,WBC,White Blood Cell Count,4.4,K/uL,4.5,11,L,STAT,2024-10-08 13:54,2024-10-08 14:16,2024-10-08 15:20
LAB719145,ENC108036,PT13136,HGB,Hemoglobin,12.9,g/dL,12,17.5,N,STAT,2024-10-08 15:00,2024-10-08 15:26,2024-10-08 16:16
LAB719146,ENC108037,PT12450,GLU,Glucose,109,mg/dL,70,99,H,STAT,2024-10-08 15:09,2024-10-08 15:37,2024-10-08 16:02
LAB719147,ENC108037,PT12450,CREAT,Creatinine,1.63,mg/dL,0.6,1.3,H,Routine,2024-10-08 15:55,2024-10-08 16:01,2024-10-08 19:43
LAB719148,ENC108037,PT12450,WBC,White Blood Cell Count,8.5,K/uL,4.5,11,N,STAT,2024-10-08 15:58,2024-10-08 16:05,2024-10-08 16:41
LAB719149,ENC108037,PT12450,HGB,Hemoglobin,13.2,g/dL,12,17.5,N,STAT,2024-10-08 15:21,2024-10-08 15:37,2024-10-08 16:11
LAB719150,ENC108037,PT12450,INR,Prothrombin Time INR,1,ratio,0.8,1.2,N,STAT,2024-10-08 15:03,2024-10-08 15:24,2024-10-08 15:54
LAB719151,ENC108038,PT10228,GLU,Glucose,135,mg/dL,70,99,H,STAT,2024-10-08 15:46,2024-10-08 16:05,2024-10-08 16:49
LAB719152,ENC108038,PT10228,CREAT,Creatinine,0.97,mg/dL,0.6,1.3,N,STAT,2024-10-08 15:42,2024-10-08 16:12,2024-10-08 17:25
LAB719153,ENC108041,PT12324,GLU,Glucose,101,mg/dL,70,99,H,STAT,2024-10-08 20:29,2024-10-08 20:46,2024-10-08 21:28
LAB719154,ENC108041,PT12324,CREAT,Creatinine,0.49,mg/dL,0.6,1.3,L,Routine,2024-10-08 19:37,2024-10-08 20:05,2024-10-08 23:14
LAB719155,ENC108041,PT12324,WBC,White Blood Cell Count,8,K/uL,4.5,11,N,STAT,2024-10-08 20:17,2024-10-08 20:47,2024-10-08 21:40
LAB719156,ENC108041,PT12324,HGB,Hemoglobin,13.3,g/dL,12,17.5,N,STAT,2024-10-08 20:00,2024-10-08 20:25,2024-10-08 21:12
LAB719157,ENC108042,PT12636,GLU,Glucose,100,mg/dL,70,99,H,STAT,2024-10-08 20:27,2024-10-08 20:42,2024-10-08 21:51
LAB719158,ENC108042,PT12636,CREAT,Creatinine,1.24,mg/dL,0.6,1.3,N,STAT,2024-10-08 20:29,2024-10-08 20:59,2024-10-08 22:11
LAB719159,ENC108042,PT12636,WBC,White Blood Cell Count,7.5,K/uL,4.5,11,N,STAT,2024-10-08 20:30,2024-10-08 21:01,2024-10-08 21:24
LAB719160,ENC108042,PT12636,HGB,Hemoglobin,12.4,g/dL,12,17.5,N,STAT,2024-10-08 20:43,2024-10-08 21:03,2024-10-08 22:13
LAB719161,ENC108042,PT12636,NA,Sodium,142,mmol/L,136,145,N,STAT,2024-10-08 20:42,2024-10-08 20:47,2024-10-08 21:35
LAB719162,ENC108042,PT12636,K,Potassium,4.7,mmol/L,3.5,5.1,N,STAT,2024-10-08 20:27,2024-10-08 20:39,2024-10-08 21:16
LAB719163,ENC108042,PT12636,TROP,"Troponin I, High Sensitivity",5,ng/L,0,34,N,STAT,2024-10-08 20:34,2024-10-08 20:57,2024-10-08 22:07
LAB719164,ENC108042,PT12636,BNP,B-Type Natriuretic Peptide,686,pg/mL,0,100,H,STAT,2024-10-08 20:40,2024-10-08 21:15,2024-10-08 22:09
LAB719165,ENC108045,PT13749,GLU,Glucose,141,mg/dL,70,99,H,STAT,2024-10-08 21:51,2024-10-08 21:55,2024-10-08 22:34
LAB719166,ENC108045,PT13749,CREAT,Creatinine,1.26,mg/dL,0.6,1.3,N,Routine,2024-10-08 21:59,2024-10-08 22:21,2024-10-09 02:09
LAB719167,ENC108045,PT13749,WBC,White Blood Cell Count,5.3,K/uL,4.5,11,N,Routine,2024-10-08 22:03,2024-10-08 22:09,2024-10-08 23:47
LAB719168,ENC108045,PT13749,HGB,Hemoglobin,12.6,g/dL,12,17.5,N,STAT,2024-10-08 21:35,2024-10-08 21:39,2024-10-08 22:16
LAB719169,ENC108047,PT11368,GLU,Glucose,79,mg/dL,70,99,N,Routine,2024-10-08 20:55,2024-10-08 21:09,2024-10-09 00:08
LAB719170,ENC108047,PT11368,CREAT,Creatinine,2.58,mg/dL,0.6,1.3,H,Routine,2024-10-08 20:58,2024-10-08 21:27,2024-10-09 00:05
LAB719171,ENC108047,PT11368,TROP,"Troponin I, High Sensitivity",4,ng/L,0,34,N,STAT,2024-10-08 21:29,2024-10-08 21:36,2024-10-08 22:34
LAB719172,ENC108048,PT10713,GLU,Glucose,93,mg/dL,70,99,N,Routine,2024-10-09 01:16,2024-10-09 01:30,2024-10-09 05:05
LAB719173,ENC108048,PT10713,CREAT,Creatinine,0.86,mg/dL,0.6,1.3,N,STAT,2024-10-09 01:30,2024-10-09 01:49,2024-10-09 03:54
LAB719174,ENC108048,PT10713,WBC,White Blood Cell Count,6.5,K/uL,4.5,11,N,STAT,2024-10-09 01:29,2024-10-09 01:44,2024-10-09 02:49
LAB719175,ENC108048,PT10713,HGB,Hemoglobin,7.2,g/dL,12,17.5,L,Routine,2024-10-09 01:45,2024-10-09 02:08,2024-10-09 04:01
LAB719176,ENC108048,PT10713,LACT,Lactate,1.8,mmol/L,0.5,2,N,STAT,2024-10-09 00:59,2024-10-09 01:12,2024-10-09 02:17
LAB719177,ENC108048,PT10713,INR,Prothrombin Time INR,0.9,ratio,0.8,1.2,N,STAT,2024-10-09 01:53,2024-10-09 02:10,2024-10-09 03:03
LAB719178,ENC108049,PT11860,GLU,Glucose,129,mg/dL,70,99,H,Routine,2024-10-09 02:04,2024-10-09 02:11,2024-10-09 10:57
LAB719179,ENC108049,PT11860,CREAT,Creatinine,0.71,mg/dL,0.6,1.3,N,STAT,2024-10-09 02:33,2024-10-09 02:55,2024-10-09 03:44
LAB719180,ENC108049,PT11860,WBC,White Blood Cell Count,6.3,K/uL,4.5,11,N,STAT,2024-10-09 02:06,2024-10-09 02:33,2024-10-09 03:28
LAB719181,ENC108049,PT11860,HGB,Hemoglobin,12.5,g/dL,12,17.5,N,Routine,2024-10-09 02:18,2024-10-09 02:35,2024-10-09 04:21
LAB719182,ENC108050,PT13554,GLU,Glucose,68,mg/dL,70,99,L,STAT,2024-10-09 01:08,2024-10-09 01:36,2024-10-09 02:03
LAB719183,ENC108050,PT13554,CREAT,Creatinine,0.44,mg/dL,0.6,1.3,L,Routine,2024-10-09 01:09,2024-10-09 01:22,2024-10-09 04:55
LAB719184,ENC108050,PT13554,WBC,White Blood Cell Count,7.2,K/uL,4.5,11,N,STAT,2024-10-09 00:52,2024-10-09 01:08,2024-10-09 02:04
LAB719185,ENC108050,PT13554,HGB,Hemoglobin,14.3,g/dL,12,17.5,N,STAT,2024-10-09 00:40,2024-10-09 01:14,2024-10-09 02:30
LAB719186,ENC108051,PT10487,GLU,Glucose,78,mg/dL,70,99,N,Routine,2024-10-09 01:16,2024-10-09 01:37,2024-10-09 04:46
LAB719187,ENC108051,PT10487,CREAT,Creatinine,0.52,mg/dL,0.6,1.3,L,STAT,2024-10-09 00:27,2024-10-09 00:49,2024-10-09 01:48
LAB719188,ENC108051,PT10487,WBC,White Blood Cell Count,9.3,K/uL,4.5,11,N,STAT,2024-10-09 01:06,2024-10-09 01:39,2024-10-09 02:18
LAB719189,ENC108051,PT10487,HGB,Hemoglobin,14,g/dL,12,17.5,N,STAT,2024-10-09 01:11,2024-10-09 01:33,2024-10-09 02:08
LAB719190,ENC108051,PT10487,NA,Sodium,141,mmol/L,136,145,N,Routine,2024-10-09 00:58,2024-10-09 01:15,2024-10-09 03:44
LAB719191,ENC108051,PT10487,K,Potassium,4.8,mmol/L,3.5,5.1,N,STAT,2024-10-09 01:09,2024-10-09 01:19,2024-10-09 02:02
LAB719192,ENC108053,PT11258,TROP,"Troponin I, High Sensitivity",6,ng/L,0,34,N,STAT,2024-10-09 02:33,2024-10-09 02:42,2024-10-09 03:42
LAB719193,ENC108055,PT13434,A1C,Hemoglobin A1c,5.8,%,4,5.6,H,Routine,2024-10-09 08:06,2024-10-09 08:35,2024-10-10 02:43
LAB719194,ENC108059,PT13996,LDL,LDL Cholesterol,82,mg/dL,0,99,N,Routine,2024-10-09 08:51,2024-10-09 08:58,2024-10-09 17:56
LAB719195,ENC108059,PT13996,A1C,Hemoglobin A1c,7.3,%,4,5.6,H,Routine,2024-10-09 09:11,2024-10-09 09:35,2024-10-09 17:43
LAB719196,ENC108059,PT13996,TSH,Thyroid Stimulating Hormone,1.9,mIU/L,0.4,4,N,Routine,2024-10-09 08:56,2024-10-09 09:08,2024-10-10 04:00
LAB719197,ENC108061,PT12853,GLU,Glucose,235,mg/dL,70,99,H,STAT,2024-10-09 12:31,2024-10-09 12:44,2024-10-09 13:36
LAB719198,ENC108061,PT12853,CREAT,Creatinine,1.42,mg/dL,0.6,1.3,H,STAT,2024-10-09 13:08,2024-10-09 13:25,2024-10-09 14:21
LAB719199,ENC108061,PT12853,WBC,White Blood Cell Count,23.3,K/uL,4.5,11,H,Routine,2024-10-09 12:53,2024-10-09 13:07,2024-10-09 14:45
LAB719200,ENC108061,PT12853,HGB,Hemoglobin,13.5,g/dL,12,17.5,N,STAT,2024-10-09 13:07,2024-10-09 13:26,2024-10-09 14:05
LAB719201,ENC108061,PT12853,LACT,Lactate,6.1,mmol/L,0.5,2,HH,STAT,2024-10-09 12:51,2024-10-09 13:23,2024-10-09 14:30
LAB719202,ENC108063,PT13656,A1C,Hemoglobin A1c,8.8,%,4,5.6,H,Routine,2024-10-09 10:52,2024-10-09 11:05,2024-10-09 18:42
LAB719203,ENC108063,PT13656,GLU,Glucose,195,mg/dL,70,99,H,Routine,2024-10-09 10:59,2024-10-09 11:21,2024-10-09 14:45
LAB719204,ENC108063,PT13656,CREAT,Creatinine,1.13,mg/dL,0.6,1.3,N,Routine,2024-10-09 10:38,2024-10-09 11:09,2024-10-09 15:27
LAB719205,ENC108064,PT11977,GLU,Glucose,179,mg/dL,70,99,H,Routine,2024-10-09 16:05,2024-10-09 16:26,2024-10-09 18:00
LAB719206,ENC108064,PT11977,CREAT,Creatinine,1.23,mg/dL,0.6,1.3,N,Routine,2024-10-09 15:34,2024-10-09 15:39,2024-10-09 17:10
LAB719207,ENC108064,PT11977,WBC,White Blood Cell Count,6.4,K/uL,4.5,11,N,STAT,2024-10-09 16:08,2024-10-09 16:18,2024-10-09 17:14
LAB719208,ENC108064,PT11977,HGB,Hemoglobin,12.2,g/dL,12,17.5,N,Routine,2024-10-09 15:32,2024-10-09 15:59,2024-10-09 21:13
LAB719209,ENC108064,PT11977,NA,Sodium,143,mmol/L,136,145,N,Routine,2024-10-09 16:07,2024-10-09 16:35,2024-10-09 20:44
LAB719210,ENC108064,PT11977,K,Potassium,3.9,mmol/L,3.5,5.1,N,STAT,2024-10-09 15:26,2024-10-09 15:30,2024-10-09 15:59
LAB719211,ENC108066,PT10900,WBC,White Blood Cell Count,7.3,K/uL,4.5,11,N,Routine,2024-10-09 11:35,2024-10-09 11:47,2024-10-09 12:53
LAB719212,ENC108066,PT10900,HGB,Hemoglobin,13,g/dL,12,17.5,N,Routine,2024-10-09 11:42,2024-10-09 12:17,2024-10-09 14:27
LAB719213,ENC108066,PT10900,PLT,Platelet Count,249,K/uL,150,400,N,Routine,2024-10-09 11:39,2024-10-09 12:09,2024-10-09 15:01
LAB719214,ENC108068,PT10483,GLU,Glucose,92,mg/dL,70,99,N,STAT,2024-10-09 12:36,2024-10-09 12:43,2024-10-09 13:26
LAB719215,ENC108068,PT10483,CREAT,Creatinine,1.02,mg/dL,0.6,1.3,N,STAT,2024-10-09 12:42,2024-10-09 13:12,2024-10-09 14:20
LAB719216,ENC108071,PT11130,GLU,Glucose,436,mg/dL,70,99,H,STAT,2024-10-09 13:44,2024-10-09 14:08,2024-10-09 15:01
LAB719217,ENC108071,PT11130,CREAT,Creatinine,1.35,mg/dL,0.6,1.3,H,STAT,2024-10-09 12:41,2024-10-09 13:08,2024-10-09 13:49
LAB719218,ENC108071,PT11130,WBC,White Blood Cell Count,4.4,K/uL,4.5,11,L,STAT,2024-10-09 12:57,2024-10-09 13:27,2024-10-09 14:40
LAB719219,ENC108071,PT11130,HGB,Hemoglobin,11,g/dL,12,17.5,L,STAT,2024-10-09 12:54,2024-10-09 13:02,2024-10-09 13:59
LAB719220,ENC108071,PT11130,A1C,Hemoglobin A1c,12.7,%,4,5.6,H,STAT,2024-10-09 12:51,2024-10-09 12:57,2024-10-09 13:38
LAB719221,ENC108074,PT11616,GLU,Glucose,111,mg/dL,70,99,H,Routine,2024-10-09 14:29,2024-10-09 14:46,2024-10-09 17:08
LAB719222,ENC108074,PT11616,CREAT,Creatinine,2.93,mg/dL,0.6,1.3,H,Routine,2024-10-09 14:35,2024-10-09 15:05,2024-10-09 18:33
LAB719223,ENC108074,PT11616,WBC,White Blood Cell Count,8.2,K/uL,4.5,11,N,Routine,2024-10-09 13:59,2024-10-09 14:20,2024-10-09 16:32
LAB719224,ENC108074,PT11616,HGB,Hemoglobin,10.1,g/dL,12,17.5,L,STAT,2024-10-09 13:46,2024-10-09 14:20,2024-10-09 14:57
LAB719225,ENC108075,PT13494,GLU,Glucose,152,mg/dL,70,99,H,STAT,2024-10-09 14:27,2024-10-09 14:59,2024-10-09 16:05
LAB719226,ENC108075,PT13494,CREAT,Creatinine,0.84,mg/dL,0.6,1.3,N,Routine,2024-10-09 14:50,2024-10-09 15:14,2024-10-09 19:40
LAB719227,ENC108075,PT13494,WBC,White Blood Cell Count,13.7,K/uL,4.5,11,H,STAT,2024-10-09 14:07,2024-10-09 14:30,2024-10-09 15:13
LAB719228,ENC108075,PT13494,HGB,Hemoglobin,13.9,g/dL,12,17.5,N,Routine,2024-10-09 14:19,2024-10-09 14:28,2024-10-09 16:59
LAB719229,ENC108077,PT13647,A1C,Hemoglobin A1c,7.2,%,4,5.6,H,Routine,2024-10-09 15:20,2024-10-09 15:26,2024-10-10 01:19
LAB719230,ENC108077,PT13647,GLU,Glucose,225,mg/dL,70,99,H,Routine,2024-10-09 15:32,2024-10-09 15:59,2024-10-09 17:57
LAB719231,ENC108077,PT13647,CREAT,Creatinine,0.89,mg/dL,0.6,1.3,N,Routine,2024-10-09 15:29,2024-10-09 15:53,2024-10-09 20:58
LAB719232,ENC108079,PT10066,GLU,Glucose,110,mg/dL,70,99,H,STAT,2024-10-09 15:55,2024-10-09 16:03,2024-10-09 16:38
LAB719233,ENC108079,PT10066,CREAT,Creatinine,1.05,mg/dL,0.6,1.3,N,STAT,2024-10-09 15:45,2024-10-09 15:52,2024-10-09 16:32
LAB719234,ENC108079,PT10066,WBC,White Blood Cell Count,9.9,K/uL,4.5,11,N,STAT,2024-10-09 16:30,2024-10-09 16:45,2024-10-09 17:20
LAB719235,ENC108079,PT10066,HGB,Hemoglobin,15.6,g/dL,12,17.5,N,STAT,2024-10-09 16:34,2024-10-09 16:43,2024-10-09 17:31
LAB719236,ENC108079,PT10066,BUN,Blood Urea Nitrogen,16,mg/dL,7,20,N,STAT,2024-10-09 16:31,2024-10-09 16:46,2024-10-09 17:33
LAB719237,ENC108079,PT10066,PLT,Platelet Count,245,K/uL,150,400,N,Routine,2024-10-09 16:11,2024-10-09 16:24,2024-10-09 18:53
LAB719238,ENC108081,PT11581,GLU,Glucose,95,mg/dL,70,99,N,STAT,2024-10-09 20:25,2024-10-09 20:54,2024-10-09 21:32
LAB719239,ENC108081,PT11581,CREAT,Creatinine,0.98,mg/dL,0.6,1.3,N,Routine,2024-10-09 19:32,2024-10-09 20:05,2024-10-10 00:47
LAB719240,ENC108081,PT11581,WBC,White Blood Cell Count,10.8,K/uL,4.5,11,N,Routine,2024-10-09 20:13,2024-10-09 20:33,2024-10-10 03:05
LAB719241,ENC108081,PT11581,HGB,Hemoglobin,14.5,g/dL,12,17.5,N,STAT,2024-10-09 19:40,2024-10-09 19:49,2024-10-09 20:52
LAB719242,ENC108081,PT11581,NA,Sodium,142,mmol/L,136,145,N,STAT,2024-10-09 19:37,2024-10-09 19:48,2024-10-09 20:43
LAB719243,ENC108081,PT11581,K,Potassium,4.2,mmol/L,3.5,5.1,N,STAT,2024-10-09 20:05,2024-10-09 20:38,2024-10-09 21:23
LAB719244,ENC108082,PT12769,WBC,White Blood Cell Count,10.4,K/uL,4.5,11,N,Routine,2024-10-09 16:34,2024-10-09 17:08,2024-10-09 23:32
LAB719245,ENC108082,PT12769,HGB,Hemoglobin,13.5,g/dL,12,17.5,N,Routine,2024-10-09 16:44,2024-10-09 17:19,2024-10-10 00:39
LAB719246,ENC108082,PT12769,PLT,Platelet Count,281,K/uL,150,400,N,Routine,2024-10-09 16:27,2024-10-09 16:36,2024-10-09 19:43
LAB719247,ENC108083,PT12059,GLU,Glucose,107,mg/dL,70,99,H,STAT,2024-10-09 17:15,2024-10-09 17:40,2024-10-09 19:07
LAB719248,ENC108083,PT12059,CREAT,Creatinine,0.96,mg/dL,0.6,1.3,N,STAT,2024-10-09 16:37,2024-10-09 16:58,2024-10-09 17:58
LAB719249,ENC108083,PT12059,WBC,White Blood Cell Count,7.4,K/uL,4.5,11,N,Routine,2024-10-09 17:17,2024-10-09 17:38,2024-10-09 19:28
LAB719250,ENC108083,PT12059,HGB,Hemoglobin,15.4,g/dL,12,17.5,N,STAT,2024-10-09 17:29,2024-10-09 17:37,2024-10-09 18:15
LAB719251,ENC108083,PT12059,TROP,"Troponin I, High Sensitivity",5,ng/L,0,34,N,STAT,2024-10-09 17:29,2024-10-09 17:44,2024-10-09 18:21
LAB719252,ENC108084,PT11832,GLU,Glucose,376,mg/dL,70,99,H,STAT,2024-10-09 20:58,2024-10-09 21:21,2024-10-09 21:58
LAB719253,ENC108084,PT11832,CREAT,Creatinine,1.08,mg/dL,0.6,1.3,N,Routine,2024-10-09 20:20,2024-10-09 20:54,2024-10-10 01:05
LAB719254,ENC108084,PT11832,WBC,White Blood Cell Count,8.3,K/uL,4.5,11,N,STAT,2024-10-09 20:50,2024-10-09 21:08,2024-10-09 22:26
LAB719255,ENC108084,PT11832,HGB,Hemoglobin,15.1,g/dL,12,17.5,N,Routine,2024-10-09 20:44,2024-10-09 21:10,2024-10-10 05:30
LAB719256,ENC108084,PT11832,NA,Sodium,137,mmol/L,136,145,N,STAT,2024-10-09 20:19,2024-10-09 20:45,2024-10-09 21:32
LAB719257,ENC108084,PT11832,K,Potassium,4.7,mmol/L,3.5,5.1,N,STAT,2024-10-09 20:45,2024-10-09 21:12,2024-10-09 21:59
LAB719258,ENC108084,PT11832,A1C,Hemoglobin A1c,11.2,%,4,5.6,H,Routine,2024-10-09 20:44,2024-10-09 21:07,2024-10-10 22:02
LAB719259,ENC108085,PT10787,GLU,Glucose,114,mg/dL,70,99,H,STAT,2024-10-09 18:59,2024-10-09 19:27,2024-10-09 19:54
LAB719260,ENC108085,PT10787,CREAT,Creatinine,0.96,mg/dL,0.6,1.3,N,STAT,2024-10-09 18:05,2024-10-09 18:34,2024-10-09 19:57
LAB719261,ENC108085,PT10787,WBC,White Blood Cell Count,7.5,K/uL,4.5,11,N,STAT,2024-10-09 18:17,2024-10-09 18:38,2024-10-09 19:00
LAB719262,ENC108085,PT10787,HGB,Hemoglobin,15,g/dL,12,17.5,N,Routine,2024-10-09 18:00,2024-10-09 18:33,2024-10-09 22:03
LAB719263,ENC108086,PT12652,GLU,Glucose,59,mg/dL,70,99,L,STAT,2024-10-09 23:21,2024-10-09 23:54,2024-10-10 00:52
LAB719264,ENC108086,PT12652,CREAT,Creatinine,1.08,mg/dL,0.6,1.3,N,STAT,2024-10-09 23:05,2024-10-09 23:10,2024-10-09 23:45
LAB719265,ENC108086,PT12652,WBC,White Blood Cell Count,10.8,K/uL,4.5,11,N,Routine,2024-10-09 22:26,2024-10-09 22:39,2024-10-10 00:07
LAB719266,ENC108086,PT12652,HGB,Hemoglobin,15,g/dL,12,17.5,N,Routine,2024-10-09 22:33,2024-10-09 22:37,2024-10-10 00:21
LAB719267,ENC108089,PT10966,GLU,Glucose,116,mg/dL,70,99,H,STAT,2024-10-09 23:34,2024-10-09 23:46,2024-10-10 00:49
LAB719268,ENC108089,PT10966,CREAT,Creatinine,0.65,mg/dL,0.6,1.3,N,STAT,2024-10-09 23:59,2024-10-10 00:03,2024-10-10 01:00
LAB719269,ENC108089,PT10966,WBC,White Blood Cell Count,1.5,K/uL,4.5,11,L,Routine,2024-10-10 00:12,2024-10-10 00:26,2024-10-10 04:07
LAB719270,ENC108089,PT10966,HGB,Hemoglobin,14.4,g/dL,12,17.5,N,Routine,2024-10-10 00:14,2024-10-10 00:47,2024-10-10 02:33
LAB719271,ENC108090,PT12406,GLU,Glucose,116,mg/dL,70,99,H,STAT,2024-10-09 21:06,2024-10-09 21:14,2024-10-09 22:11
LAB719272,ENC108090,PT12406,CREAT,Creatinine,0.98,mg/dL,0.6,1.3,N,STAT,2024-10-09 20:26,2024-10-09 21:00,2024-10-09 22:22
LAB719273,ENC108090,PT12406,WBC,White Blood Cell Count,6.3,K/uL,4.5,11,N,STAT,2024-10-09 21:05,2024-10-09 21:38,2024-10-09 22:33
LAB719274,ENC108090,PT12406,HGB,Hemoglobin,16.9,g/dL,12,17.5,N,STAT,2024-10-09 20:24,2024-10-09 20:57,2024-10-09 21:30
LAB719275,ENC108091,PT12369,GLU,Glucose,386,mg/dL,70,99,H,STAT,2024-10-10 02:29,2024-10-10 02:33,2024-10-10 03:34
LAB719276,ENC108091,PT12369,CREAT,Creatinine,0.85,mg/dL,0.6,1.3,N,Routine,2024-10-10 02:02,2024-10-10 02:11,2024-10-10 04:05
LAB719277,ENC108091,PT12369,WBC,White Blood Cell Count,6.3,K/uL,4.5,11,N,STAT,2024-10-10 02:57,2024-10-10 03:28,2024-10-10 04:34
LAB719278,ENC108091,PT12369,HGB,Hemoglobin,13.8,g/dL,12,17.5,N,STAT,2024-10-10 02:09,2024-10-10 02:33,2024-10-10 03:38
LAB719279,ENC108091,PT12369,NA,Sodium,139,mmol/L,136,145,N,Routine,2024-10-10 02:09,2024-10-10 02:23,2024-10-10 04:06
LAB719280,ENC108091,PT12369,K,Potassium,4.7,mmol/L,3.5,5.1,N,STAT,2024-10-10 02:34,2024-10-10 02:48,2024-10-10 04:01
LAB719281,ENC108091,PT12369,A1C,Hemoglobin A1c,8.6,%,4,5.6,H,Routine,2024-10-10 02:00,2024-10-10 02:32,2024-10-10 18:49
LAB719282,ENC108092,PT12244,GLU,Glucose,223,mg/dL,70,99,H,STAT,2024-10-10 09:45,2024-10-10 10:12,2024-10-10 11:05
LAB719283,ENC108092,PT12244,CREAT,Creatinine,1.19,mg/dL,0.6,1.3,N,STAT,2024-10-10 09:59,2024-10-10 10:22,2024-10-10 11:05
LAB719284,ENC108092,PT12244,WBC,White Blood Cell Count,7.4,K/uL,4.5,11,N,STAT,2024-10-10 09:45,2024-10-10 10:19,2024-10-10 11:09
LAB719285,ENC108092,PT12244,HGB,Hemoglobin,11.8,g/dL,12,17.5,L,STAT,2024-10-10 10:21,2024-10-10 10:55,2024-10-10 11:21
LAB719286,ENC108092,PT12244,NA,Sodium,145,mmol/L,136,145,N,STAT,2024-10-10 10:10,2024-10-10 10:43,2024-10-10 11:23
LAB719287,ENC108092,PT12244,K,Potassium,4.7,mmol/L,3.5,5.1,N,STAT,2024-10-10 10:11,2024-10-10 10:20,2024-10-10 11:09
LAB719288,ENC108092,PT12244,BUN,Blood Urea Nitrogen,15,mg/dL,7,20,N,STAT,2024-10-10 10:36,2024-10-10 11:07,2024-10-10 11:33
LAB719289,ENC108092,PT12244,PLT,Platelet Count,203,K/uL,150,400,N,Routine,2024-10-10 09:59,2024-10-10 10:23,2024-10-10 12:48
LAB719290,ENC108095,PT12549,GLU,Glucose,101,mg/dL,70,99,H,STAT,2024-10-10 10:28,2024-10-10 10:35,2024-10-10 11:08
LAB719291,ENC108095,PT12549,CREAT,Creatinine,0.92,mg/dL,0.6,1.3,N,STAT,2024-10-10 10:23,2024-10-10 10:31,2024-10-10 11:09
LAB719292,ENC108099,PT10063,TROP,"Troponin I, High Sensitivity",6,ng/L,0,34,N,STAT,2024-10-10 12:43,2024-10-10 13:15,2024-10-10 13:58
LAB719293,ENC108100,PT13560,GLU,Glucose,115,mg/dL,70,99,H,STAT,2024-10-10 13:11,2024-10-10 13:36,2024-10-10 14:26
LAB719294,ENC108100,PT13560,CREAT,Creatinine,1.33,mg/dL,0.6,1.3,H,STAT,2024-10-10 13:23,2024-10-10 13:33,2024-10-10 13:56
LAB719295,ENC108101,PT10504,GLU,Glucose,60,mg/dL,70,99,L,STAT,2024-10-10 15:47,2024-10-10 16:06,2024-10-10 17:00
LAB719296,ENC108101,PT10504,CREAT,Creatinine,0.76,mg/dL,0.6,1.3,N,Routine,2024-10-10 15:38,2024-10-10 15:54,2024-10-10 18:15
LAB719297,ENC108101,PT10504,WBC,White Blood Cell Count,3.8,K/uL,4.5,11,L,Routine,2024-10-10 15:59,2024-10-10 16:27,2024-10-10 20:42
LAB719298,ENC108101,PT10504,HGB,Hemoglobin,14.4,g/dL,12,17.5,N,STAT,2024-10-10 15:00,2024-10-10 15:04,2024-10-10 15:57
LAB719299,ENC108102,PT10701,GLU,Glucose,91,mg/dL,70,99,N,Routine,2024-10-10 16:47,2024-10-10 17:09,2024-10-10 19:42
LAB719300,ENC108102,PT10701,CREAT,Creatinine,0.93,mg/dL,0.6,1.3,N,STAT,2024-10-10 16:58,2024-10-10 17:29,2024-10-10 17:59
LAB719301,ENC108102,PT10701,WBC,White Blood Cell Count,8.7,K/uL,4.5,11,N,STAT,2024-10-10 16:46,2024-10-10 16:52,2024-10-10 17:23
LAB719302,ENC108102,PT10701,HGB,Hemoglobin,13.6,g/dL,12,17.5,N,STAT,2024-10-10 15:59,2024-10-10 16:21,2024-10-10 17:30
LAB719303,ENC108102,PT10701,NA,Sodium,140,mmol/L,136,145,N,STAT,2024-10-10 16:33,2024-10-10 16:54,2024-10-10 17:46
LAB719304,ENC108102,PT10701,K,Potassium,4.3,mmol/L,3.5,5.1,N,STAT,2024-10-10 16:13,2024-10-10 16:35,2024-10-10 16:57
LAB719305,ENC108102,PT10701,TROP,"Troponin I, High Sensitivity",6,ng/L,0,34,N,STAT,2024-10-10 16:34,2024-10-10 17:01,2024-10-10 18:30
LAB719306,ENC108108,PT12014,GLU,Glucose,91,mg/dL,70,99,N,Routine,2024-10-10 16:43,2024-10-10 16:55,2024-10-11 00:02
LAB719307,ENC108108,PT12014,CREAT,Creatinine,1.14,mg/dL,0.6,1.3,N,Routine,2024-10-10 16:25,2024-10-10 16:34,2024-10-10 18:14
LAB719308,ENC108108,PT12014,WBC,White Blood Cell Count,8.4,K/uL,4.5,11,N,STAT,2024-10-10 16:15,2024-10-10 16:29,2024-10-10 17:28
LAB719309,ENC108108,PT12014,HGB,Hemoglobin,12.9,g/dL,12,17.5,N,Routine,2024-10-10 16:45,2024-10-10 16:55,2024-10-10 22:52
LAB719310,ENC108109,PT13819,WBC,White Blood Cell Count,6.7,K/uL,4.5,11,N,Routine,2024-10-10 14:22,2024-10-10 14:35,2024-10-10 17:45
LAB719311,ENC108109,PT13819,HGB,Hemoglobin,12.7,g/dL,12,17.5,N,Routine,2024-10-10 14:42,2024-10-10 14:55,2024-10-10 17:58
LAB719312,ENC108109,PT13819,PLT,Platelet Count,163,K/uL,150,400,N,Routine,2024-10-10 14:37,2024-10-10 14:56,2024-10-10 17:51
LAB719313,ENC108110,PT10384,GLU,Glucose,133,mg/dL,70,99,H,STAT,2024-10-10 17:45,2024-10-10 18:10,2024-10-10 19:18
LAB719314,ENC108110,PT10384,CREAT,Creatinine,0.81,mg/dL,0.6,1.3,N,Routine,2024-10-10 17:13,2024-10-10 17:37,2024-10-10 20:42
LAB719315,ENC108110,PT10384,WBC,White Blood Cell Count,11,K/uL,4.5,11,N,STAT,2024-10-10 17:36,2024-10-10 18:07,2024-10-10 19:27
LAB719316,ENC108110,PT10384,HGB,Hemoglobin,14.1,g/dL,12,17.5,N,Routine,2024-10-10 17:34,2024-10-10 18:03,2024-10-10 21:32
LAB719317,ENC108110,PT10384,NA,Sodium,145,mmol/L,136,145,N,Routine,2024-10-10 16:55,2024-10-10 17:09,2024-10-10 23:19
LAB719318,ENC108110,PT10384,K,Potassium,4.5,mmol/L,3.5,5.1,N,STAT,2024-10-10 17:04,2024-10-10 17:19,2024-10-10 17:58
LAB719319,ENC108110,PT10384,INR,Prothrombin Time INR,1,ratio,0.8,1.2,N,STAT,2024-10-10 16:51,2024-10-10 16:58,2024-10-10 17:39
LAB719320,ENC108111,PT13133,GLU,Glucose,87,mg/dL,70,99,N,STAT,2024-10-10 15:32,2024-10-10 15:46,2024-10-10 16:29
LAB719321,ENC108111,PT13133,CREAT,Creatinine,0.85,mg/dL,0.6,1.3,N,Routine,2024-10-10 15:50,2024-10-10 16:04,2024-10-10 18:31
LAB719322,ENC108111,PT13133,WBC,White Blood Cell Count,8.4,K/uL,4.5,11,N,STAT,2024-10-10 15:32,2024-10-10 15:39,2024-10-10 16:27
LAB719323,ENC108111,PT13133,HGB,Hemoglobin,13,g/dL,12,17.5,N,STAT,2024-10-10 15:10,2024-10-10 15:28,2024-10-10 16:28
LAB719324,ENC108112,PT11633,GLU,Glucose,104,mg/dL,70,99,H,STAT,2024-10-10 18:40,2024-10-10 19:11,2024-10-10 20:28
LAB719325,ENC108112,PT11633,CREAT,Creatinine,1.07,mg/dL,0.6,1.3,N,STAT,2024-10-10 18:46,2024-10-10 19:10,2024-10-10 19:33
LAB719326,ENC108112,PT11633,WBC,White Blood Cell Count,6.5,K/uL,4.5,11,N,STAT,2024-10-10 18:14,2024-10-10 18:34,2024-10-10 19:40
LAB719327,ENC108112,PT11633,HGB,Hemoglobin,12.9,g/dL,12,17.5,N,STAT,2024-10-10 18:41,2024-10-10 19:00,2024-10-10 19:42
LAB719328,ENC108112,PT11633,BUN,Blood Urea Nitrogen,11,mg/dL,7,20,N,STAT,2024-10-10 18:57,2024-10-10 19:10,2024-10-10 19:55
LAB719329,ENC108112,PT11633,PLT,Platelet Count,321,K/uL,150,400,N,Routine,2024-10-10 19:08,2024-10-10 19:36,2024-10-10 22:46
LAB719330,ENC108112,PT11633,TROP,"Troponin I, High Sensitivity",253,ng/L,0,34,H,STAT,2024-10-10 18:03,2024-10-10 18:14,2024-10-10 18:51
LAB719331,ENC108115,PT10642,GLU,Glucose,121,mg/dL,70,99,H,STAT,2024-10-10 21:48,2024-10-10 21:57,2024-10-10 23:10
LAB719332,ENC108115,PT10642,CREAT,Creatinine,0.94,mg/dL,0.6,1.3,N,Routine,2024-10-10 21:00,2024-10-10 21:19,2024-10-10 22:54
LAB719333,ENC108115,PT10642,WBC,White Blood Cell Count,3.9,K/uL,4.5,11,L,STAT,2024-10-10 21:43,2024-10-10 22:14,2024-10-10 23:12
LAB719334,ENC108115,PT10642,HGB,Hemoglobin,12.8,g/dL,12,17.5,N,STAT,2024-10-10 21:33,2024-10-10 21:42,2024-10-10 22:22
LAB719335,ENC108115,PT10642,INR,Prothrombin Time INR,0.9,ratio,0.8,1.2,N,STAT,2024-10-10 21:13,2024-10-10 21:22,2024-10-10 22:09
LAB719336,ENC108116,PT11522,GLU,Glucose,119,mg/dL,70,99,H,STAT,2024-10-10 21:50,2024-10-10 22:23,2024-10-10 23:00
LAB719337,ENC108116,PT11522,CREAT,Creatinine,0.92,mg/dL,0.6,1.3,N,Routine,2024-10-10 21:42,2024-10-10 22:04,2024-10-11 03:11
LAB719338,ENC108116,PT11522,WBC,White Blood Cell Count,19.5,K/uL,4.5,11,H,Routine,2024-10-10 21:28,2024-10-10 21:37,2024-10-11 00:23
LAB719339,ENC108116,PT11522,HGB,Hemoglobin,12.5,g/dL,12,17.5,N,STAT,2024-10-10 21:41,2024-10-10 21:55,2024-10-10 22:19
LAB719340,ENC108116,PT11522,BUN,Blood Urea Nitrogen,15,mg/dL,7,20,N,STAT,2024-10-10 21:50,2024-10-10 22:05,2024-10-10 23:48
LAB719341,ENC108116,PT11522,PLT,Platelet Count,269,K/uL,150,400,N,STAT,2024-10-10 21:38,2024-10-10 22:00,2024-10-10 22:45
LAB719342,ENC108117,PT12830,GLU,Glucose,91,mg/dL,70,99,N,Routine,2024-10-10 23:22,2024-10-10 23:34,2024-10-11 01:29
LAB719343,ENC108117,PT12830,CREAT,Creatinine,0.89,mg/dL,0.6,1.3,N,STAT,2024-10-10 22:54,2024-10-10 23:18,2024-10-10 23:54
LAB719344,ENC108117,PT12830,WBC,White Blood Cell Count,8.6,K/uL,4.5,11,N,STAT,2024-10-10 23:29,2024-10-11 00:00,2024-10-11 01:02
LAB719345,ENC108117,PT12830,HGB,Hemoglobin,13.2,g/dL,12,17.5,N,Routine,2024-10-10 23:19,2024-10-10 23:36,2024-10-11 04:01
LAB719346,ENC108119,PT12729,GLU,Glucose,143,mg/dL,70,99,H,Routine,2024-10-10 23:36,2024-10-10 23:46,2024-10-11 03:53
LAB719347,ENC108119,PT12729,CREAT,Creatinine,0.73,mg/dL,0.6,1.3,N,STAT,2024-10-10 22:57,2024-10-10 23:16,2024-10-10 23:54
LAB719348,ENC108119,PT12729,WBC,White Blood Cell Count,6.5,K/uL,4.5,11,N,STAT,2024-10-10 22:41,2024-10-10 22:45,2024-10-10 23:05
LAB719349,ENC108119,PT12729,HGB,Hemoglobin,7.3,g/dL,12,17.5,L,Routine,2024-10-10 22:43,2024-10-10 22:59,2024-10-11 08:09
LAB719350,ENC108119,PT12729,NA,Sodium,138,mmol/L,136,145,N,STAT,2024-10-10 22:49,2024-10-10 23:08,2024-10-10 23:49
LAB719351,ENC108119,PT12729,K,Potassium,4.1,mmol/L,3.5,5.1,N,STAT,2024-10-10 23:30,2024-10-10 23:40,2024-10-11 01:10
LAB719352,ENC108119,PT12729,INR,Prothrombin Time INR,1.1,ratio,0.8,1.2,N,STAT,2024-10-10 23:18,2024-10-10 23:32,2024-10-11 00:13
LAB719353,ENC108120,PT11479,GLU,Glucose,140,mg/dL,70,99,H,Routine,2024-10-11 00:11,2024-10-11 00:28,2024-10-11 02:40
LAB719354,ENC108120,PT11479,CREAT,Creatinine,0.74,mg/dL,0.6,1.3,N,Routine,2024-10-11 01:02,2024-10-11 01:25,2024-10-11 07:51
LAB719355,ENC108120,PT11479,WBC,White Blood Cell Count,9.6,K/uL,4.5,11,N,STAT,2024-10-11 01:04,2024-10-11 01:08,2024-10-11 01:30
LAB719356,ENC108120,PT11479,HGB,Hemoglobin,13.6,g/dL,12,17.5,N,STAT,2024-10-10 23:59,2024-10-11 00:28,2024-10-11 01:07
LAB719357,ENC108120,PT11479,BUN,Blood Urea Nitrogen,12,mg/dL,7,20,N,STAT,2024-10-11 00:01,2024-10-11 00:10,2024-10-11 01:02
LAB719358,ENC108120,PT11479,PLT,Platelet Count,219,K/uL,150,400,N,STAT,2024-10-11 00:08,2024-10-11 00:13,2024-10-11 01:19
LAB719359,ENC108121,PT13539,GLU,Glucose,108,mg/dL,70,99,H,Routine,2024-10-11 06:29,2024-10-11 06:53,2024-10-11 11:03
LAB719360,ENC108121,PT13539,CREAT,Creatinine,0.69,mg/dL,0.6,1.3,N,Routine,2024-10-11 05:30,2024-10-11 05:43,2024-10-11 09:01
LAB719361,ENC108121,PT13539,WBC,White Blood Cell Count,7.2,K/uL,4.5,11,N,Routine,2024-10-11 05:28,2024-10-11 05:35,2024-10-11 08:25
LAB719362,ENC108121,PT13539,HGB,Hemoglobin,15.4,g/dL,12,17.5,N,STAT,2024-10-11 06:26,2024-10-11 06:41,2024-10-11 07:45
LAB719363,ENC108122,PT12786,GLU,Glucose,108,mg/dL,70,99,H,Routine,2024-10-11 09:12,2024-10-11 09:21,2024-10-11 12:26
LAB719364,ENC108122,PT12786,CREAT,Creatinine,2.06,mg/dL,0.6,1.3,H,Routine,2024-10-11 09:25,2024-10-11 09:55,2024-10-11 13:50
LAB719365,ENC108122,PT12786,WBC,White Blood Cell Count,7.7,K/uL,4.5,11,N,STAT,2024-10-11 09:50,2024-10-11 10:03,2024-10-11 11:38
LAB719366,ENC108122,PT12786,HGB,Hemoglobin,13.1,g/dL,12,17.5,N,STAT,2024-10-11 08:53,2024-10-11 09:14,2024-10-11 10:16
LAB719367,ENC108122,PT12786,NA,Sodium,138,mmol/L,136,145,N,STAT,2024-10-11 09:08,2024-10-11 09:13,2024-10-11 09:59
LAB719368,ENC108122,PT12786,K,Potassium,4.4,mmol/L,3.5,5.1,N,STAT,2024-10-11 09:30,2024-10-11 09:39,2024-10-11 10:02
LAB719369,ENC108125,PT13140,GLU,Glucose,90,mg/dL,70,99,N,Routine,2024-10-11 12:13,2024-10-11 12:31,2024-10-11 19:27
LAB719370,ENC108125,PT13140,CREAT,Creatinine,0.92,mg/dL,0.6,1.3,N,Routine,2024-10-11 11:59,2024-10-11 12:05,2024-10-11 14:10
LAB719371,ENC108125,PT13140,WBC,White Blood Cell Count,9.6,K/uL,4.5,11,N,Routine,2024-10-11 12:12,2024-10-11 12:35,2024-10-11 15:40
LAB719372,ENC108125,PT13140,HGB,Hemoglobin,14.2,g/dL,12,17.5,N,STAT,2024-10-11 12:19,2024-10-11 12:37,2024-10-11 13:24
LAB719373,ENC108125,PT13140,NA,Sodium,139,mmol/L,136,145,N,STAT,2024-10-11 11:19,2024-10-11 11:28,2024-10-11 12:24
LAB719374,ENC108125,PT13140,K,Potassium,4.2,mmol/L,3.5,5.1,N,STAT,2024-10-11 11:33,2024-10-11 11:43,2024-10-11 12:47
LAB719375,ENC108130,PT11643,A1C,Hemoglobin A1c,5.7,%,4,5.6,H,Routine,2024-10-11 10:38,2024-10-11 11:12,2024-10-12 06:22
LAB719376,ENC108133,PT11980,GLU,Glucose,113,mg/dL,70,99,H,STAT,2024-10-11 11:46,2024-10-11 12:13,2024-10-11 12:34
LAB719377,ENC108133,PT11980,CREAT,Creatinine,0.69,mg/dL,0.6,1.3,N,STAT,2024-10-11 11:27,2024-10-11 11:37,2024-10-11 12:45
LAB719378,ENC108133,PT11980,WBC,White Blood Cell Count,11.9,K/uL,4.5,11,H,Routine,2024-10-11 12:03,2024-10-11 12:10,2024-10-11 14:09
LAB719379,ENC108135,PT10515,GLU,Glucose,105,mg/dL,70,99,H,STAT,2024-10-11 12:57,2024-10-11 13:24,2024-10-11 14:04
LAB719380,ENC108135,PT10515,CREAT,Creatinine,0.6,mg/dL,0.6,1.3,N,Routine,2024-10-11 12:28,2024-10-11 12:44,2024-10-11 14:30
LAB719381,ENC108135,PT10515,WBC,White Blood Cell Count,8.9,K/uL,4.5,11,N,Routine,2024-10-11 13:03,2024-10-11 13:33,2024-10-11 17:00
LAB719382,ENC108135,PT10515,HGB,Hemoglobin,12,g/dL,12,17.5,N,STAT,2024-10-11 12:44,2024-10-11 13:17,2024-10-11 14:10
LAB719383,ENC108138,PT11835,WBC,White Blood Cell Count,6.8,K/uL,4.5,11,N,Routine,2024-10-11 13:11,2024-10-11 13:21,2024-10-11 15:39
LAB719384,ENC108138,PT11835,HGB,Hemoglobin,15.6,g/dL,12,17.5,N,Routine,2024-10-11 13:18,2024-10-11 13:36,2024-10-11 16:19
LAB719385,ENC108138,PT11835,PLT,Platelet Count,293,K/uL,150,400,N,Routine,2024-10-11 13:30,2024-10-11 13:52,2024-10-11 17:21
LAB719386,ENC108139,PT10783,GLU,Glucose,120,mg/dL,70,99,H,STAT,2024-10-11 16:13,2024-10-11 16:47,2024-10-11 17:46
LAB719387,ENC108139,PT10783,CREAT,Creatinine,3.68,mg/dL,0.6,1.3,H,STAT,2024-10-11 16:01,2024-10-11 16:32,2024-10-11 17:23
LAB719388,ENC108139,PT10783,WBC,White Blood Cell Count,10.2,K/uL,4.5,11,N,STAT,2024-10-11 16:15,2024-10-11 16:40,2024-10-11 18:09
LAB719389,ENC108139,PT10783,HGB,Hemoglobin,10.8,g/dL,12,17.5,L,STAT,2024-10-11 16:18,2024-10-11 16:29,2024-10-11 17:12
LAB719390,ENC108139,PT10783,NA,Sodium,138,mmol/L,136,145,N,STAT,2024-10-11 16:42,2024-10-11 17:05,2024-10-11 17:38
LAB719391,ENC108139,PT10783,K,Potassium,5.6,mmol/L,3.5,5.1,H,STAT,2024-10-11 16:34,2024-10-11 16:46,2024-10-11 17:40
LAB719392,ENC108142,PT12034,LDL,LDL Cholesterol,78,mg/dL,0,99,N,Routine,2024-10-11 14:36,2024-10-11 14:49,2024-10-11 22:19
LAB719393,ENC108142,PT12034,A1C,Hemoglobin A1c,5.4,%,4,5.6,N,Routine,2024-10-11 14:49,2024-10-11 15:15,2024-10-12 04:51
LAB719394,ENC108145,PT12557,GLU,Glucose,91,mg/dL,70,99,N,Routine,2024-10-11 19:43,2024-10-11 19:51,2024-10-11 21:11
LAB719395,ENC108145,PT12557,CREAT,Creatinine,0.81,mg/dL,0.6,1.3,N,STAT,2024-10-11 18:56,2024-10-11 19:09,2024-10-11 19:45
LAB719396,ENC108145,PT12557,TROP,"Troponin I, High Sensitivity",2,ng/L,0,34,N,STAT,2024-10-11 19:22,2024-10-11 19:28,2024-10-11 19:56
LAB719397,ENC108146,PT13317,GLU,Glucose,99,mg/dL,70,99,N,STAT,2024-10-11 21:04,2024-10-11 21:14,2024-10-11 22:08
LAB719398,ENC108146,PT13317,CREAT,Creatinine,0.88,mg/dL,0.6,1.3,N,STAT,2024-10-11 20:52,2024-10-11 20:59,2024-10-11 21:26
LAB719399,ENC108146,PT13317,WBC,White Blood Cell Count,8.4,K/uL,4.5,11,N,STAT,2024-10-11 20:39,2024-10-11 21:01,2024-10-11 22:15
LAB719400,ENC108148,PT12163,GLU,Glucose,119,mg/dL,70,99,H,STAT,2024-10-11 21:21,2024-10-11 21:44,2024-10-11 22:06
LAB719401,ENC108148,PT12163,CREAT,Creatinine,2.45,mg/dL,0.6,1.3,H,Routine,2024-10-11 21:24,2024-10-11 21:35,2024-10-12 03:46
LAB719402,ENC108148,PT12163,WBC,White Blood Cell Count,9.3,K/uL,4.5,11,N,Routine,2024-10-11 21:45,2024-10-11 22:17,2024-10-12 01:44
LAB719403,ENC108148,PT12163,HGB,Hemoglobin,11,g/dL,12,17.5,L,Routine,2024-10-11 21:24,2024-10-11 21:33,2024-10-11 22:51
LAB719404,ENC108148,PT12163,NA,Sodium,121,mmol/L,136,145,L,Routine,2024-10-11 21:19,2024-10-11 21:26,2024-10-12 02:13
LAB719405,ENC108148,PT12163,K,Potassium,4.2,mmol/L,3.5,5.1,N,STAT,2024-10-11 21:10,2024-10-11 21:21,2024-10-11 21:55
LAB719406,ENC108149,PT10924,GLU,Glucose,102,mg/dL,70,99,H,Routine,2024-10-11 22:27,2024-10-11 22:52,2024-10-12 02:34
LAB719407,ENC108149,PT10924,CREAT,Creatinine,1.3,mg/dL,0.6,1.3,N,STAT,2024-10-11 22:24,2024-10-11 22:50,2024-10-11 23:27
LAB719408,ENC108150,PT10111,GLU,Glucose,105,mg/dL,70,99,H,Routine,2024-10-12 00:06,2024-10-12 00:28,2024-10-12 07:26
LAB719409,ENC108150,PT10111,CREAT,Creatinine,0.61,mg/dL,0.6,1.3,N,Routine,2024-10-12 00:16,2024-10-12 00:35,2024-10-12 03:14
LAB719410,ENC108150,PT10111,WBC,White Blood Cell Count,5.4,K/uL,4.5,11,N,STAT,2024-10-11 23:47,2024-10-12 00:02,2024-10-12 00:40
LAB719411,ENC108151,PT11956,GLU,Glucose,115,mg/dL,70,99,H,STAT,2024-10-12 16:13,2024-10-12 16:22,2024-10-12 17:08
LAB719412,ENC108151,PT11956,CREAT,Creatinine,0.9,mg/dL,0.6,1.3,N,STAT,2024-10-12 15:41,2024-10-12 15:51,2024-10-12 16:10
LAB719413,ENC108151,PT11956,WBC,White Blood Cell Count,7.8,K/uL,4.5,11,N,STAT,2024-10-12 15:56,2024-10-12 16:18,2024-10-12 16:58
LAB719414,ENC108151,PT11956,HGB,Hemoglobin,13.8,g/dL,12,17.5,N,STAT,2024-10-12 15:42,2024-10-12 15:54,2024-10-12 16:52
LAB719415,ENC108151,PT11956,TROP,"Troponin I, High Sensitivity",119,ng/L,0,34,H,STAT,2024-10-12 15:37,2024-10-12 16:09,2024-10-12 16:59
LAB719416,ENC108153,PT12016,GLU,Glucose,99,mg/dL,70,99,N,Routine,2024-10-12 17:53,2024-10-12 18:21,2024-10-12 20:18
LAB719417,ENC108153,PT12016,CREAT,Creatinine,1.08,mg/dL,0.6,1.3,N,STAT,2024-10-12 18:01,2024-10-12 18:06,2024-10-12 19:04
LAB719418,ENC108153,PT12016,WBC,White Blood Cell Count,10.3,K/uL,4.5,11,N,STAT,2024-10-12 17:31,2024-10-12 17:36,2024-10-12 18:16
LAB719419,ENC108153,PT12016,HGB,Hemoglobin,15.3,g/dL,12,17.5,N,STAT,2024-10-12 17:56,2024-10-12 18:30,2024-10-12 19:16
LAB719420,ENC108153,PT12016,NA,Sodium,121,mmol/L,136,145,L,STAT,2024-10-12 17:40,2024-10-12 18:08,2024-10-12 18:50
LAB719421,ENC108153,PT12016,K,Potassium,3.9,mmol/L,3.5,5.1,N,STAT,2024-10-12 18:25,2024-10-12 18:42,2024-10-12 19:59
LAB719422,ENC108155,PT13434,GLU,Glucose,170,mg/dL,70,99,H,STAT,2024-10-12 18:42,2024-10-12 18:51,2024-10-12 19:23
LAB719423,ENC108155,PT13434,CREAT,Creatinine,1.02,mg/dL,0.6,1.3,N,STAT,2024-10-12 18:41,2024-10-12 19:12,2024-10-12 19:39
LAB719424,ENC108155,PT13434,TROP,"Troponin I, High Sensitivity",9,ng/L,0,34,N,STAT,2024-10-12 18:34,2024-10-12 19:00,2024-10-12 19:55
LAB719425,ENC108156,PT10200,GLU,Glucose,106,mg/dL,70,99,H,STAT,2024-10-12 19:06,2024-10-12 19:19,2024-10-12 19:48
LAB719426,ENC108156,PT10200,CREAT,Creatinine,0.93,mg/dL,0.6,1.3,N,Routine,2024-10-12 19:34,2024-10-12 20:05,2024-10-13 04:20
LAB719427,ENC108158,PT11913,GLU,Glucose,84,mg/dL,70,99,N,STAT,2024-10-13 01:25,2024-10-13 01:56,2024-10-13 03:20
LAB719428,ENC108158,PT11913,CREAT,Creatinine,2.45,mg/dL,0.6,1.3,H,STAT,2024-10-13 01:57,2024-10-13 02:21,2024-10-13 02:48
LAB719429,ENC108158,PT11913,WBC,White Blood Cell Count,7.9,K/uL,4.5,11,N,STAT,2024-10-13 01:17,2024-10-13 01:37,2024-10-13 02:00
LAB719430,ENC108158,PT11913,HGB,Hemoglobin,11.3,g/dL,12,17.5,L,Routine,2024-10-13 01:06,2024-10-13 01:38,2024-10-13 02:53
LAB719431,ENC108159,PT10881,GLU,Glucose,110,mg/dL,70,99,H,STAT,2024-10-13 02:25,2024-10-13 02:54,2024-10-13 03:23
LAB719432,ENC108159,PT10881,CREAT,Creatinine,4.86,mg/dL,0.6,1.3,H,STAT,2024-10-13 01:44,2024-10-13 01:55,2024-10-13 02:57
LAB719433,ENC108159,PT10881,WBC,White Blood Cell Count,10.8,K/uL,4.5,11,N,Routine,2024-10-13 02:40,2024-10-13 02:47,2024-10-13 03:36
LAB719434,ENC108159,PT10881,HGB,Hemoglobin,12,g/dL,12,17.5,N,Routine,2024-10-13 01:45,2024-10-13 01:52,2024-10-13 04:56
LAB719435,ENC108159,PT10881,NA,Sodium,138,mmol/L,136,145,N,STAT,2024-10-13 02:48,2024-10-13 03:19,2024-10-13 04:28
LAB719436,ENC108159,PT10881,K,Potassium,5.9,mmol/L,3.5,5.1,H,STAT,2024-10-13 02:08,2024-10-13 02:42,2024-10-13 03:25
LAB719437,ENC108160,PT10393,GLU,Glucose,91,mg/dL,70,99,N,STAT,2024-10-13 11:02,2024-10-13 11:37,2024-10-13 12:30
LAB719438,ENC108160,PT10393,CREAT,Creatinine,0.89,mg/dL,0.6,1.3,N,STAT,2024-10-13 11:21,2024-10-13 11:56,2024-10-13 12:36
LAB719439,ENC108160,PT10393,WBC,White Blood Cell Count,7.4,K/uL,4.5,11,N,STAT,2024-10-13 11:15,2024-10-13 11:31,2024-10-13 12:34
LAB719440,ENC108160,PT10393,HGB,Hemoglobin,13.7,g/dL,12,17.5,N,STAT,2024-10-13 11:26,2024-10-13 11:36,2024-10-13 12:11
LAB719441,ENC108160,PT10393,INR,Prothrombin Time INR,0.9,ratio,0.8,1.2,N,STAT,2024-10-13 11:07,2024-10-13 11:21,2024-10-13 11:46
LAB719442,ENC108163,PT13842,GLU,Glucose,118,mg/dL,70,99,H,STAT,2024-10-13 09:36,2024-10-13 09:56,2024-10-13 10:22
LAB719443,ENC108163,PT13842,CREAT,Creatinine,0.78,mg/dL,0.6,1.3,N,Routine,2024-10-13 10:06,2024-10-13 10:38,2024-10-13 14:21
LAB719444,ENC108163,PT13842,WBC,White Blood Cell Count,6.3,K/uL,4.5,11,N,STAT,2024-10-13 09:45,2024-10-13 09:49,2024-10-13 10:53
LAB719445,ENC108163,PT13842,HGB,Hemoglobin,10.7,g/dL,12,17.5,L,STAT,2024-10-13 09:28,2024-10-13 09:43,2024-10-13 10:31
LAB719446,ENC108165,PT10641,GLU,Glucose,211,mg/dL,70,99,H,STAT,2024-10-13 14:07,2024-10-13 14:15,2024-10-13 14:48
LAB719447,ENC108165,PT10641,CREAT,Creatinine,1.25,mg/dL,0.6,1.3,N,STAT,2024-10-13 14:18,2024-10-13 14:26,2024-10-13 15:13
LAB719448,ENC108165,PT10641,WBC,White Blood Cell Count,8.1,K/uL,4.5,11,N,STAT,2024-10-13 14:02,2024-10-13 14:24,2024-10-13 15:02
LAB719449,ENC108165,PT10641,HGB,Hemoglobin,7.3,g/dL,12,17.5,L,Routine,2024-10-13 13:40,2024-10-13 14:03,2024-10-13 17:25
LAB719450,ENC108165,PT10641,LACT,Lactate,1.3,mmol/L,0.5,2,N,STAT,2024-10-13 14:06,2024-10-13 14:26,2024-10-13 15:18
LAB719451,ENC108165,PT10641,INR,Prothrombin Time INR,1,ratio,0.8,1.2,N,Routine,2024-10-13 14:07,2024-10-13 14:40,2024-10-13 20:48
LAB719452,ENC108166,PT12528,GLU,Glucose,98,mg/dL,70,99,N,Routine,2024-10-13 11:08,2024-10-13 11:23,2024-10-13 14:43
LAB719453,ENC108166,PT12528,CREAT,Creatinine,0.64,mg/dL,0.6,1.3,N,STAT,2024-10-13 10:54,2024-10-13 11:08,2024-10-13 11:35
LAB719454,ENC108167,PT12694,GLU,Glucose,182,mg/dL,70,99,H,STAT,2024-10-13 13:36,2024-10-13 14:09,2024-10-13 14:25
LAB719455,ENC108167,PT12694,CREAT,Creatinine,0.96,mg/dL,0.6,1.3,N,Routine,2024-10-13 12:56,2024-10-13 13:03,2024-10-13 15:42
LAB719456,ENC108167,PT12694,WBC,White Blood Cell Count,6.4,K/uL,4.5,11,N,STAT,2024-10-13 13:33,2024-10-13 13:43,2024-10-13 14:45
LAB719457,ENC108167,PT12694,HGB,Hemoglobin,13.8,g/dL,12,17.5,N,STAT,2024-10-13 12:46,2024-10-13 13:02,2024-10-13 14:21
LAB719458,ENC108167,PT12694,NA,Sodium,138,mmol/L,136,145,N,STAT,2024-10-13 12:55,2024-10-13 13:20,2024-10-13 14:24
LAB719459,ENC108167,PT12694,K,Potassium,4.1,mmol/L,3.5,5.1,N,STAT,2024-10-13 13:52,2024-10-13 14:08,2024-10-13 14:52
LAB719460,ENC108167,PT12694,TROP,"Troponin I, High Sensitivity",76,ng/L,0,34,H,STAT,2024-10-13 13:08,2024-10-13 13:19,2024-10-13 14:09
LAB719461,ENC108167,PT12694,BNP,B-Type Natriuretic Peptide,1238,pg/mL,0,100,H,STAT,2024-10-13 13:16,2024-10-13 13:47,2024-10-13 14:02
LAB719462,ENC108168,PT11239,GLU,Glucose,91,mg/dL,70,99,N,STAT,2024-10-13 13:55,2024-10-13 14:30,2024-10-13 15:05
LAB719463,ENC108168,PT11239,CREAT,Creatinine,0.93,mg/dL,0.6,1.3,N,Routine,2024-10-13 13:16,2024-10-13 13:24,2024-10-13 16:48
LAB719464,ENC108168,PT11239,WBC,White Blood Cell Count,8,K/uL,4.5,11,N,Routine,2024-10-13 13:07,2024-10-13 13:40,2024-10-13 16:39
LAB719465,ENC108168,PT11239,HGB,Hemoglobin,13.7,g/dL,12,17.5,N,Routine,2024-10-13 13:14,2024-10-13 13:30,2024-10-13 15:43
LAB719466,ENC108168,PT11239,TROP,"Troponin I, High Sensitivity",9,ng/L,0,34,N,STAT,2024-10-13 13:23,2024-10-13 13:54,2024-10-13 14:43
LAB719467,ENC108170,PT12487,GLU,Glucose,172,mg/dL,70,99,H,STAT,2024-10-13 14:02,2024-10-13 14:13,2024-10-13 15:27
LAB719468,ENC108170,PT12487,CREAT,Creatinine,0.85,mg/dL,0.6,1.3,N,Routine,2024-10-13 14:37,2024-10-13 15:01,2024-10-13 18:36
LAB719469,ENC108170,PT12487,WBC,White Blood Cell Count,7.4,K/uL,4.5,11,N,Routine,2024-10-13 14:31,2024-10-13 15:00,2024-10-13 21:00
LAB719470,ENC108170,PT12487,HGB,Hemoglobin,13.6,g/dL,12,17.5,N,STAT,2024-10-13 14:34,2024-10-13 14:38,2024-10-13 15:26
LAB719471,ENC108172,PT10815,GLU,Glucose,81,mg/dL,70,99,N,STAT,2024-10-13 18:57,2024-10-13 19:17,2024-10-13 20:21
LAB719472,ENC108172,PT10815,CREAT,Creatinine,0.96,mg/dL,0.6,1.3,N,STAT,2024-10-13 19:02,2024-10-13 19:29,2024-10-13 20:00
LAB719473,ENC108172,PT10815,WBC,White Blood Cell Count,16.2,K/uL,4.5,11,H,STAT,2024-10-13 18:51,2024-10-13 19:24,2024-10-13 20:00
LAB719474,ENC108172,PT10815,HGB,Hemoglobin,12.9,g/dL,12,17.5,N,STAT,2024-10-13 18:53,2024-10-13 19:28,2024-10-13 20:04
LAB719475,ENC108174,PT11089,GLU,Glucose,75,mg/dL,70,99,N,STAT,2024-10-13 17:23,2024-10-13 17:34,2024-10-13 18:05
LAB719476,ENC108174,PT11089,CREAT,Creatinine,0.9,mg/dL,0.6,1.3,N,Routine,2024-10-13 17:10,2024-10-13 17:35,2024-10-13 19:48
LAB719477,ENC108175,PT10878,GLU,Glucose,178,mg/dL,70,99,H,STAT,2024-10-13 16:47,2024-10-13 16:57,2024-10-13 17:25
LAB719478,ENC108175,PT10878,CREAT,Creatinine,1.13,mg/dL,0.6,1.3,N,Routine,2024-10-13 17:18,2024-10-13 17:27,2024-10-13 21:06
LAB719479,ENC108175,PT10878,WBC,White Blood Cell Count,7.5,K/uL,4.5,11,N,STAT,2024-10-13 17:24,2024-10-13 17:40,2024-10-13 18:39
LAB719480,ENC108175,PT10878,HGB,Hemoglobin,11.7,g/dL,12,17.5,L,STAT,2024-10-13 16:29,2024-10-13 16:33,2024-10-13 17:17
LAB719481,ENC108176,PT10956,TROP,"Troponin I, High Sensitivity",4,ng/L,0,34,N,STAT,2024-10-13 17:34,2024-10-13 17:43,2024-10-13 18:23
LAB719482,ENC108177,PT10716,GLU,Glucose,130,mg/dL,70,99,H,STAT,2024-10-13 18:24,2024-10-13 18:43,2024-10-13 19:14
LAB719483,ENC108177,PT10716,CREAT,Creatinine,1.2,mg/dL,0.6,1.3,N,STAT,2024-10-13 18:38,2024-10-13 18:59,2024-10-13 20:01
LAB719484,ENC108177,PT10716,WBC,White Blood Cell Count,7.1,K/uL,4.5,11,N,Routine,2024-10-13 17:56,2024-10-13 18:25,2024-10-13 21:41
LAB719485,ENC108177,PT10716,HGB,Hemoglobin,14.7,g/dL,12,17.5,N,Routine,2024-10-13 18:12,2024-10-13 18:20,2024-10-13 21:36
LAB719486,ENC108178,PT12347,GLU,Glucose,128,mg/dL,70,99,H,STAT,2024-10-13 19:03,2024-10-13 19:18,2024-10-13 20:06
LAB719487,ENC108178,PT12347,CREAT,Creatinine,0.37,mg/dL,0.6,1.3,L,STAT,2024-10-13 18:52,2024-10-13 19:18,2024-10-13 20:14
LAB719488,ENC108178,PT12347,WBC,White Blood Cell Count,6.3,K/uL,4.5,11,N,STAT,2024-10-13 19:09,2024-10-13 19:29,2024-10-13 20:54
LAB719489,ENC108178,PT12347,HGB,Hemoglobin,14.8,g/dL,12,17.5,N,STAT,2024-10-13 18:48,2024-10-13 19:01,2024-10-13 19:41
LAB719490,ENC108179,PT11712,GLU,Glucose,103,mg/dL,70,99,H,Routine,2024-10-13 20:26,2024-10-13 20:45,2024-10-13 21:58
LAB719491,ENC108179,PT11712,CREAT,Creatinine,1.08,mg/dL,0.6,1.3,N,Routine,2024-10-13 20:16,2024-10-13 20:27,2024-10-13 22:35
LAB719492,ENC108179,PT11712,WBC,White Blood Cell Count,6.3,K/uL,4.5,11,N,Routine,2024-10-13 20:14,2024-10-13 20:39,2024-10-14 00:15
LAB719493,ENC108179,PT11712,HGB,Hemoglobin,13.5,g/dL,12,17.5,N,STAT,2024-10-13 19:59,2024-10-13 20:33,2024-10-13 21:15
LAB719494,ENC108180,PT13280,GLU,Glucose,151,mg/dL,70,99,H,STAT,2024-10-14 00:31,2024-10-14 00:53,2024-10-14 01:49
LAB719495,ENC108180,PT13280,CREAT,Creatinine,0.77,mg/dL,0.6,1.3,N,Routine,2024-10-14 00:32,2024-10-14 00:53,2024-10-14 02:27
LAB719496,ENC108180,PT13280,WBC,White Blood Cell Count,7.9,K/uL,4.5,11,N,STAT,2024-10-14 00:25,2024-10-14 00:53,2024-10-14 02:04
LAB719497,ENC108180,PT13280,HGB,Hemoglobin,15,g/dL,12,17.5,N,STAT,2024-10-14 00:49,2024-10-14 01:23,2024-10-14 01:56
LAB719498,ENC108181,PT13168,GLU,Glucose,90,mg/dL,70,99,N,STAT,2024-10-14 02:15,2024-10-14 02:34,2024-10-14 02:56
LAB719499,ENC108181,PT13168,CREAT,Creatinine,0.8,mg/dL,0.6,1.3,N,STAT,2024-10-14 02:59,2024-10-14 03:30,2024-10-14 05:09
LAB719500,ENC108181,PT13168,WBC,White Blood Cell Count,7.7,K/uL,4.5,11,N,Routine,2024-10-14 02:53,2024-10-14 02:58,2024-10-14 05:43
LAB719501,ENC108181,PT13168,HGB,Hemoglobin,12.3,g/dL,12,17.5,N,STAT,2024-10-14 02:15,2024-10-14 02:48,2024-10-14 03:52
LAB719502,ENC108181,PT13168,BUN,Blood Urea Nitrogen,8,mg/dL,7,20,N,STAT,2024-10-14 01:54,2024-10-14 02:07,2024-10-14 02:36
LAB719503,ENC108181,PT13168,PLT,Platelet Count,297,K/uL,150,400,N,STAT,2024-10-14 02:20,2024-10-14 02:27,2024-10-14 03:25
LAB719504,ENC108183,PT10126,GLU,Glucose,118,mg/dL,70,99,H,STAT,2024-10-14 06:52,2024-10-14 07:08,2024-10-14 07:31
LAB719505,ENC108183,PT10126,CREAT,Creatinine,1.1,mg/dL,0.6,1.3,N,STAT,2024-10-14 06:54,2024-10-14 07:13,2024-10-14 07:51
LAB719506,ENC108183,PT10126,WBC,White Blood Cell Count,6.7,K/uL,4.5,11,N,STAT,2024-10-14 06:41,2024-10-14 06:52,2024-10-14 07:30
LAB719507,ENC108183,PT10126,HGB,Hemoglobin,14,g/dL,12,17.5,N,Routine,2024-10-14 06:08,2024-10-14 06:36,2024-10-14 09:37
LAB719508,ENC108184,PT11703,GLU,Glucose,75,mg/dL,70,99,N,Routine,2024-10-14 08:04,2024-10-14 08:30,2024-10-14 10:14
LAB719509,ENC108184,PT11703,CREAT,Creatinine,0.82,mg/dL,0.6,1.3,N,STAT,2024-10-14 08:40,2024-10-14 08:52,2024-10-14 09:54
LAB719510,ENC108184,PT11703,WBC,White Blood Cell Count,7,K/uL,4.5,11,N,Routine,2024-10-14 08:30,2024-10-14 09:00,2024-10-14 10:28
LAB719511,ENC108184,PT11703,HGB,Hemoglobin,14.5,g/dL,12,17.5,N,STAT,2024-10-14 08:25,2024-10-14 08:39,2024-10-14 10:08
LAB719512,ENC108184,PT11703,BUN,Blood Urea Nitrogen,11,mg/dL,7,20,N,Routine,2024-10-14 09:02,2024-10-14 09:35,2024-10-14 14:31
LAB719513,ENC108184,PT11703,PLT,Platelet Count,202,K/uL,150,400,N,Routine,2024-10-14 08:38,2024-10-14 08:46,2024-10-14 13:25
LAB719514,ENC108184,PT11703,LACT,Lactate,3.9,mmol/L,0.5,2,H,STAT,2024-10-14 08:45,2024-10-14 09:20,2024-10-14 10:12
LAB719515,ENC108185,PT10726,GLU,Glucose,140,mg/dL,70,99,H,STAT,2024-10-14 11:41,2024-10-14 12:04,2024-10-14 12:34
LAB719516,ENC108185,PT10726,CREAT,Creatinine,1.03,mg/dL,0.6,1.3,N,Routine,2024-10-14 10:59,2024-10-14 11:11,2024-10-14 14:25
LAB719517,ENC108185,PT10726,WBC,White Blood Cell Count,7,K/uL,4.5,11,N,STAT,2024-10-14 11:46,2024-10-14 12:01,2024-10-14 12:47
LAB719518,ENC108185,PT10726,HGB,Hemoglobin,14.6,g/dL,12,17.5,N,Routine,2024-10-14 11:35,2024-10-14 11:52,2024-10-14 14:52
LAB719519,ENC108187,PT11320,WBC,White Blood Cell Count,3.9,K/uL,4.5,11,L,Routine,2024-10-14 09:17,2024-10-14 09:25,2024-10-14 12:57
LAB719520,ENC108187,PT11320,HGB,Hemoglobin,10.3,g/dL,12,17.5,L,Routine,2024-10-14 09:13,2024-10-14 09:48,2024-10-14 16:49
LAB719521,ENC108187,PT11320,PLT,Platelet Count,231,K/uL,150,400,N,Routine,2024-10-14 09:22,2024-10-14 09:47,2024-10-14 11:13
LAB719522,ENC108189,PT11133,A1C,Hemoglobin A1c,11.5,%,4,5.6,H,Routine,2024-10-14 10:09,2024-10-14 10:23,2024-10-15 04:59
LAB719523,ENC108190,PT12956,GLU,Glucose,90,mg/dL,70,99,N,STAT,2024-10-14 11:17,2024-10-14 11:27,2024-10-14 12:33
LAB719524,ENC108190,PT12956,CREAT,Creatinine,0.99,mg/dL,0.6,1.3,N,STAT,2024-10-14 10:44,2024-10-14 10:56,2024-10-14 11:19
LAB719525,ENC108190,PT12956,WBC,White Blood Cell Count,5.6,K/uL,4.5,11,N,Routine,2024-10-14 10:22,2024-10-14 10:27,2024-10-14 12:17
LAB719526,ENC108190,PT12956,HGB,Hemoglobin,13.9,g/dL,12,17.5,N,Routine,2024-10-14 11:13,2024-10-14 11:47,2024-10-14 16:15
LAB719527,ENC108190,PT12956,BUN,Blood Urea Nitrogen,19,mg/dL,7,20,N,STAT,2024-10-14 10:40,2024-10-14 11:14,2024-10-14 11:53
LAB719528,ENC108190,PT12956,PLT,Platelet Count,358,K/uL,150,400,N,STAT,2024-10-14 10:20,2024-10-14 10:33,2024-10-14 12:25
LAB719529,ENC108191,PT10328,A1C,Hemoglobin A1c,8.5,%,4,5.6,H,Routine,2024-10-14 12:24,2024-10-14 12:36,2024-10-15 03:18
LAB719530,ENC108192,PT13538,GLU,Glucose,109,mg/dL,70,99,H,STAT,2024-10-14 15:01,2024-10-14 15:21,2024-10-14 15:39
LAB719531,ENC108192,PT13538,CREAT,Creatinine,0.6,mg/dL,0.6,1.3,N,STAT,2024-10-14 15:02,2024-10-14 15:34,2024-10-14 16:12
LAB719532,ENC108192,PT13538,WBC,White Blood Cell Count,7.2,K/uL,4.5,11,N,STAT,2024-10-14 15:21,2024-10-14 15:33,2024-10-14 16:10
LAB719533,ENC108192,PT13538,HGB,Hemoglobin,12.3,g/dL,12,17.5,N,STAT,2024-10-14 15:40,2024-10-14 16:04,2024-10-14 16:56
LAB719534,ENC108192,PT13538,TROP,"Troponin I, High Sensitivity",81,ng/L,0,34,H,STAT,2024-10-14 15:48,2024-10-14 16:15,2024-10-14 17:06
LAB719535,ENC108192,PT13538,BNP,B-Type Natriuretic Peptide,762,pg/mL,0,100,H,STAT,2024-10-14 15:43,2024-10-14 16:08,2024-10-14 16:49
LAB719536,ENC108194,PT11393,LDL,LDL Cholesterol,149,mg/dL,0,99,H,Routine,2024-10-14 12:25,2024-10-14 12:59,2024-10-15 22:07
LAB719537,ENC108196,PT13534,LDL,LDL Cholesterol,83,mg/dL,0,99,N,Routine,2024-10-14 15:18,2024-10-14 15:26,2024-10-15 05:23
LAB719538,ENC108196,PT13534,A1C,Hemoglobin A1c,4.9,%,4,5.6,N,Routine,2024-10-14 15:14,2024-10-14 15:24,2024-10-14 23:59
LAB719539,ENC108199,PT12628,LDL,LDL Cholesterol,85,mg/dL,0,99,N,Routine,2024-10-14 15:42,2024-10-14 16:01,2024-10-15 14:20
LAB719540,ENC108199,PT12628,A1C,Hemoglobin A1c,11.8,%,4,5.6,H,Routine,2024-10-14 16:00,2024-10-14 16:30,2024-10-15 11:01
LAB719541,ENC108201,PT13620,A1C,Hemoglobin A1c,4.9,%,4,5.6,N,Routine,2024-10-14 16:24,2024-10-14 16:48,2024-10-15 17:46
LAB719542,ENC108202,PT11604,GLU,Glucose,201,mg/dL,70,99,H,Routine,2024-10-14 17:31,2024-10-14 17:58,2024-10-14 20:15
LAB719543,ENC108202,PT11604,CREAT,Creatinine,0.9,mg/dL,0.6,1.3,N,Routine,2024-10-14 17:26,2024-10-14 17:43,2024-10-14 22:39
LAB719544,ENC108202,PT11604,WBC,White Blood Cell Count,17,K/uL,4.5,11,H,STAT,2024-10-14 18:00,2024-10-14 18:28,2024-10-14 19:18
LAB719545,ENC108202,PT11604,HGB,Hemoglobin,14.4,g/dL,12,17.5,N,Routine,2024-10-14 17:19,2024-10-14 17:30,2024-10-14 20:07
LAB719546,ENC108202,PT11604,NA,Sodium,142,mmol/L,136,145,N,STAT,2024-10-14 18:13,2024-10-14 18:36,2024-10-14 18:57
LAB719547,ENC108202,PT11604,K,Potassium,4.4,mmol/L,3.5,5.1,N,STAT,2024-10-14 17:17,2024-10-14 17:49,2024-10-14 19:44
LAB719548,ENC108204,PT13445,GLU,Glucose,88,mg/dL,70,99,N,STAT,2024-10-14 22:55,2024-10-14 23:20,2024-10-14 23:57
LAB719549,ENC108204,PT13445,CREAT,Creatinine,1.59,mg/dL,0.6,1.3,H,STAT,2024-10-14 22:39,2024-10-14 23:06,2024-10-14 23:30
LAB719550,ENC108204,PT13445,WBC,White Blood Cell Count,6,K/uL,4.5,11,N,STAT,2024-10-14 22:17,2024-10-14 22:45,2024-10-14 23:20
LAB719551,ENC108204,PT13445,HGB,Hemoglobin,9.8,g/dL,12,17.5,L,Routine,2024-10-14 22:37,2024-10-14 22:56,2024-10-15 04:48
LAB719552,ENC108204,PT13445,TROP,"Troponin I, High Sensitivity",50,ng/L,0,34,H,STAT,2024-10-14 23:00,2024-10-14 23:31,2024-10-15 00:59
LAB719553,ENC108204,PT13445,BNP,B-Type Natriuretic Peptide,948,pg/mL,0,100,H,Routine,2024-10-14 22:14,2024-10-14 22:38,2024-10-15 07:32
LAB719554,ENC108205,PT12400,GLU,Glucose,119,mg/dL,70,99,H,Routine,2024-10-14 23:37,2024-10-15 00:05,2024-10-15 05:29
LAB719555,ENC108205,PT12400,CREAT,Creatinine,1.14,mg/dL,0.6,1.3,N,Routine,2024-10-14 22:42,2024-10-14 23:15,2024-10-15 01:24
LAB719556,ENC108205,PT12400,WBC,White Blood Cell Count,3.5,K/uL,4.5,11,L,STAT,2024-10-14 23:23,2024-10-14 23:35,2024-10-15 00:43
LAB719557,ENC108205,PT12400,HGB,Hemoglobin,10.6,g/dL,12,17.5,L,STAT,2024-10-14 22:38,2024-10-14 22:57,2024-10-14 23:19
LAB719558,ENC108206,PT10597,GLU,Glucose,117,mg/dL,70,99,H,STAT,2024-10-14 19:12,2024-10-14 19:17,2024-10-14 20:03
LAB719559,ENC108206,PT10597,CREAT,Creatinine,1.17,mg/dL,0.6,1.3,N,Routine,2024-10-14 19:40,2024-10-14 19:49,2024-10-14 23:14
LAB719560,ENC108206,PT10597,WBC,White Blood Cell Count,10.8,K/uL,4.5,11,N,STAT,2024-10-14 19:56,2024-10-14 20:09,2024-10-14 20:48
LAB719561,ENC108206,PT10597,HGB,Hemoglobin,13.9,g/dL,12,17.5,N,STAT,2024-10-14 19:16,2024-10-14 19:38,2024-10-14 20:23
LAB719562,ENC108206,PT10597,NA,Sodium,136,mmol/L,136,145,N,STAT,2024-10-14 19:50,2024-10-14 19:58,2024-10-14 20:36
LAB719563,ENC108206,PT10597,K,Potassium,3.7,mmol/L,3.5,5.1,N,STAT,2024-10-14 19:23,2024-10-14 19:51,2024-10-14 20:11
LAB719564,ENC108206,PT10597,INR,Prothrombin Time INR,1.1,ratio,0.8,1.2,N,Routine,2024-10-14 19:16,2024-10-14 19:21,2024-10-14 23:37
LAB719565,ENC108208,PT12020,GLU,Glucose,81,mg/dL,70,99,N,STAT,2024-10-15 01:34,2024-10-15 01:53,2024-10-15 02:42
LAB719566,ENC108208,PT12020,CREAT,Creatinine,0.43,mg/dL,0.6,1.3,L,STAT,2024-10-15 01:10,2024-10-15 01:34,2024-10-15 02:24
LAB719567,ENC108208,PT12020,WBC,White Blood Cell Count,6.8,K/uL,4.5,11,N,Routine,2024-10-15 01:25,2024-10-15 01:35,2024-10-15 02:43
LAB719568,ENC108208,PT12020,HGB,Hemoglobin,15.3,g/dL,12,17.5,N,STAT,2024-10-15 00:41,2024-10-15 00:47,2024-10-15 01:17
LAB719569,ENC108209,PT13161,GLU,Glucose,458,mg/dL,70,99,H,STAT,2024-10-14 23:03,2024-10-14 23:37,2024-10-15 00:28
LAB719570,ENC108209,PT13161,CREAT,Creatinine,1.11,mg/dL,0.6,1.3,N,STAT,2024-10-14 23:04,2024-10-14 23:16,2024-10-14 23:49
LAB719571,ENC108209,PT13161,A1C,Hemoglobin A1c,10.6,%,4,5.6,H,STAT,2024-10-14 22:23,2024-10-14 22:50,2024-10-14 23:55
LAB719572,ENC108210,PT11208,GLU,Glucose,106,mg/dL,70,99,H,STAT,2024-10-14 22:41,2024-10-14 23:14,2024-10-14 23:40
LAB719573,ENC108210,PT11208,CREAT,Creatinine,1.07,mg/dL,0.6,1.3,N,STAT,2024-10-14 23:09,2024-10-14 23:16,2024-10-14 23:52
LAB719574,ENC108210,PT11208,WBC,White Blood Cell Count,5.9,K/uL,4.5,11,N,STAT,2024-10-14 23:38,2024-10-14 23:57,2024-10-15 00:47
LAB719575,ENC108210,PT11208,HGB,Hemoglobin,10.2,g/dL,12,17.5,L,Routine,2024-10-14 23:01,2024-10-14 23:06,2024-10-15 04:56
LAB719576,ENC108210,PT11208,TROP,"Troponin I, High Sensitivity",4,ng/L,0,34,N,STAT,2024-10-14 22:55,2024-10-14 23:29,2024-10-15 00:39
LAB719577,ENC108211,PT13119,GLU,Glucose,148,mg/dL,70,99,H,Routine,2024-10-14 23:10,2024-10-14 23:19,2024-10-15 01:18
LAB719578,ENC108211,PT13119,CREAT,Creatinine,1.22,mg/dL,0.6,1.3,N,Routine,2024-10-15 00:03,2024-10-15 00:13,2024-10-15 03:08
LAB719579,ENC108211,PT13119,WBC,White Blood Cell Count,8.9,K/uL,4.5,11,N,STAT,2024-10-14 23:52,2024-10-15 00:04,2024-10-15 00:40
LAB719580,ENC108211,PT13119,HGB,Hemoglobin,10.9,g/dL,12,17.5,L,Routine,2024-10-15 00:08,2024-10-15 00:23,2024-10-15 03:57
LAB719581,ENC108212,PT13865,GLU,Glucose,113,mg/dL,70,99,H,STAT,2024-10-15 04:05,2024-10-15 04:37,2024-10-15 05:16
LAB719582,ENC108212,PT13865,CREAT,Creatinine,0.81,mg/dL,0.6,1.3,N,STAT,2024-10-15 04:03,2024-10-15 04:27,2024-10-15 05:48
LAB719583,ENC108212,PT13865,WBC,White Blood Cell Count,15,K/uL,4.5,11,H,STAT,2024-10-15 04:45,2024-10-15 05:03,2024-10-15 05:56
LAB719584,ENC108212,PT13865,HGB,Hemoglobin,12.3,g/dL,12,17.5,N,STAT,2024-10-15 04:47,2024-10-15 05:21,2024-10-15 06:17
LAB719585,ENC108214,PT13136,GLU,Glucose,117,mg/dL,70,99,H,STAT,2024-10-15 06:56,2024-10-15 07:06,2024-10-15 07:56
LAB719586,ENC108214,PT13136,CREAT,Creatinine,1.18,mg/dL,0.6,1.3,N,Routine,2024-10-15 06:25,2024-10-15 06:40,2024-10-15 11:15
LAB719587,ENC108214,PT13136,WBC,White Blood Cell Count,7.4,K/uL,4.5,11,N,Routine,2024-10-15 06:14,2024-10-15 06:45,2024-10-15 10:59
LAB719588,ENC108214,PT13136,HGB,Hemoglobin,13.1,g/dL,12,17.5,N,Routine,2024-10-15 06:09,2024-10-15 06:38,2024-10-15 09:43
LAB719589,ENC108215,PT10050,GLU,Glucose,124,mg/dL,70,99,H,Routine,2024-10-15 08:35,2024-10-15 09:04,2024-10-15 15:08
LAB719590,ENC108215,PT10050,CREAT,Creatinine,1.01,mg/dL,0.6,1.3,N,STAT,2024-10-15 07:35,2024-10-15 07:43,2024-10-15 08:34
LAB719591,ENC108215,PT10050,WBC,White Blood Cell Count,7.4,K/uL,4.5,11,N,STAT,2024-10-15 08:18,2024-10-15 08:37,2024-10-15 08:53
LAB719592,ENC108215,PT10050,HGB,Hemoglobin,15.4,g/dL,12,17.5,N,STAT,2024-10-15 07:40,2024-10-15 07:56,2024-10-15 08:41
LAB719593,ENC108215,PT10050,NA,Sodium,141,mmol/L,136,145,N,STAT,2024-10-15 07:54,2024-10-15 08:04,2024-10-15 09:00
LAB719594,ENC108215,PT10050,K,Potassium,4.3,mmol/L,3.5,5.1,N,STAT,2024-10-15 07:35,2024-10-15 08:04,2024-10-15 09:36
LAB719595,ENC108220,PT11085,A1C,Hemoglobin A1c,11.8,%,4,5.6,H,STAT,2024-10-15 10:58,2024-10-15 11:31,2024-10-15 11:58
LAB719596,ENC108224,PT11179,GLU,Glucose,114,mg/dL,70,99,H,Routine,2024-10-15 15:15,2024-10-15 15:44,2024-10-15 18:56
LAB719597,ENC108224,PT11179,CREAT,Creatinine,0.7,mg/dL,0.6,1.3,N,Routine,2024-10-15 15:51,2024-10-15 16:03,2024-10-15 19:59
LAB719598,ENC108224,PT11179,WBC,White Blood Cell Count,6.1,K/uL,4.5,11,N,STAT,2024-10-15 15:40,2024-10-15 16:02,2024-10-15 16:40
LAB719599,ENC108224,PT11179,HGB,Hemoglobin,12.7,g/dL,12,17.5,N,STAT,2024-10-15 16:10,2024-10-15 16:26,2024-10-15 16:55
LAB719600,ENC108224,PT11179,INR,Prothrombin Time INR,1,ratio,0.8,1.2,N,STAT,2024-10-15 16:02,2024-10-15 16:28,2024-10-15 16:56
LAB719601,ENC108226,PT12456,LDL,LDL Cholesterol,122,mg/dL,0,99,H,Routine,2024-10-15 12:41,2024-10-15 12:46,2024-10-16 13:21
LAB719602,ENC108226,PT12456,A1C,Hemoglobin A1c,5.5,%,4,5.6,N,Routine,2024-10-15 12:56,2024-10-15 13:04,2024-10-16 05:10
LAB719603,ENC108226,PT12456,TSH,Thyroid Stimulating Hormone,2.22,mIU/L,0.4,4,N,Routine,2024-10-15 12:44,2024-10-15 13:03,2024-10-16 08:16
LAB719604,ENC108229,PT11252,WBC,White Blood Cell Count,6.9,K/uL,4.5,11,N,Routine,2024-10-15 13:42,2024-10-15 14:00,2024-10-15 17:15
LAB719605,ENC108229,PT11252,HGB,Hemoglobin,13.1,g/dL,12,17.5,N,Routine,2024-10-15 13:47,2024-10-15 14:03,2024-10-15 15:47
LAB719606,ENC108229,PT11252,PLT,Platelet Count,302,K/uL,150,400,N,Routine,2024-10-15 13:48,2024-10-15 14:18,2024-10-15 15:57
LAB719607,ENC108234,PT10159,GLU,Glucose,82,mg/dL,70,99,N,STAT,2024-10-15 19:44,2024-10-15 19:54,2024-10-15 20:27
LAB719608,ENC108234,PT10159,CREAT,Creatinine,0.51,mg/dL,0.6,1.3,L,STAT,2024-10-15 19:07,2024-10-15 19:16,2024-10-15 20:05
LAB719609,ENC108234,PT10159,WBC,White Blood Cell Count,12.4,K/uL,4.5,11,H,STAT,2024-10-15 19:19,2024-10-15 19:48,2024-10-15 21:23
LAB719610,ENC108234,PT10159,HGB,Hemoglobin,14.2,g/dL,12,17.5,N,STAT,2024-10-15 19:23,2024-10-15 19:28,2024-10-15 20:28
LAB719611,ENC108234,PT10159,NA,Sodium,138,mmol/L,136,145,N,Routine,2024-10-15 19:28,2024-10-15 19:39,2024-10-15 23:00
LAB719612,ENC108234,PT10159,K,Potassium,3.8,mmol/L,3.5,5.1,N,STAT,2024-10-15 19:50,2024-10-15 20:02,2024-10-15 20:25
LAB719613,ENC108236,PT11752,A1C,Hemoglobin A1c,8.1,%,4,5.6,H,Routine,2024-10-15 15:51,2024-10-15 16:22,2024-10-16 10:50
LAB719614,ENC108239,PT13954,LDL,LDL Cholesterol,55,mg/dL,0,99,N,Routine,2024-10-15 16:23,2024-10-15 16:48,2024-10-17 04:45
LAB719615,ENC108240,PT13435,GLU,Glucose,108,mg/dL,70,99,H,Routine,2024-10-15 17:19,2024-10-15 17:25,2024-10-15 19:47
LAB719616,ENC108240,PT13435,CREAT,Creatinine,1.07,mg/dL,0.6,1.3,N,STAT,2024-10-15 17:50,2024-10-15 18:07,2024-10-15 18:44
LAB719617,ENC108240,PT13435,WBC,White Blood Cell Count,3.6,K/uL,4.5,11,L,Routine,2024-10-15 16:59,2024-10-15 17:07,2024-10-15 19:05
LAB719618,ENC108240,PT13435,HGB,Hemoglobin,14.9,g/dL,12,17.5,N,Routine,2024-10-15 17:16,2024-10-15 17:41,2024-10-15 22:38
LAB719619,ENC108242,PT12149,GLU,Glucose,113,mg/dL,70,99,H,STAT,2024-10-15 17:31,2024-10-15 18:03,2024-10-15 18:32
LAB719620,ENC108242,PT12149,CREAT,Creatinine,0.98,mg/dL,0.6,1.3,N,Routine,2024-10-15 17:42,2024-10-15 17:48,2024-10-15 21:14
LAB719621,ENC108245,PT12657,GLU,Glucose,76,mg/dL,70,99,N,STAT,2024-10-16 01:20,2024-10-16 01:46,2024-10-16 02:00
LAB719622,ENC108245,PT12657,CREAT,Creatinine,1.06,mg/dL,0.6,1.3,N,STAT,2024-10-16 02:20,2024-10-16 02:51,2024-10-16 04:23
LAB719623,ENC108245,PT12657,WBC,White Blood Cell Count,10,K/uL,4.5,11,N,STAT,2024-10-16 01:27,2024-10-16 01:50,2024-10-16 02:34
LAB719624,ENC108245,PT12657,HGB,Hemoglobin,16.9,g/dL,12,17.5,N,STAT,2024-10-16 01:49,2024-10-16 02:01,2024-10-16 02:59
LAB719625,ENC108245,PT12657,NA,Sodium,139,mmol/L,136,145,N,Routine,2024-10-16 02:21,2024-10-16 02:50,2024-10-16 06:29
LAB719626,ENC108245,PT12657,K,Potassium,3.8,mmol/L,3.5,5.1,N,STAT,2024-10-16 02:14,2024-10-16 02:36,2024-10-16 03:27
LAB719627,ENC108245,PT12657,TROP,"Troponin I, High Sensitivity",352,ng/L,0,34,H,STAT,2024-10-16 01:51,2024-10-16 01:58,2024-10-16 02:25
LAB719628,ENC108248,PT13850,GLU,Glucose,132,mg/dL,70,99,H,STAT,2024-10-16 04:00,2024-10-16 04:21,2024-10-16 04:41
LAB719629,ENC108248,PT13850,CREAT,Creatinine,0.86,mg/dL,0.6,1.3,N,Routine,2024-10-16 02:59,2024-10-16 03:15,2024-10-16 04:21
LAB719630,ENC108248,PT13850,WBC,White Blood Cell Count,20,K/uL,4.5,11,H,STAT,2024-10-16 03:58,2024-10-16 04:13,2024-10-16 04:39
LAB719631,ENC108248,PT13850,HGB,Hemoglobin,13.5,g/dL,12,17.5,N,Routine,2024-10-16 03:51,2024-10-16 04:09,2024-10-16 05:38
LAB719632,ENC108250,PT10591,GLU,Glucose,155,mg/dL,70,99,H,Routine,2024-10-16 11:15,2024-10-16 11:41,2024-10-16 13:57
LAB719633,ENC108250,PT10591,CREAT,Creatinine,0.88,mg/dL,0.6,1.3,N,Routine,2024-10-16 10:35,2024-10-16 11:05,2024-10-16 16:14
LAB719634,ENC108250,PT10591,WBC,White Blood Cell Count,9.3,K/uL,4.5,11,N,STAT,2024-10-16 11:14,2024-10-16 11:41,2024-10-16 12:46
LAB719635,ENC108250,PT10591,HGB,Hemoglobin,14.1,g/dL,12,17.5,N,STAT,2024-10-16 11:22,2024-10-16 11:38,2024-10-16 12:33
LAB719636,ENC108251,PT13149,GLU,Glucose,87,mg/dL,70,99,N,Routine,2024-10-16 07:00,2024-10-16 07:24,2024-10-16 08:50
LAB719637,ENC108251,PT13149,CREAT,Creatinine,1.03,mg/dL,0.6,1.3,N,STAT,2024-10-16 07:32,2024-10-16 08:02,2024-10-16 08:48
LAB719638,ENC108251,PT13149,WBC,White Blood Cell Count,7.8,K/uL,4.5,11,N,STAT,2024-10-16 07:45,2024-10-16 07:57,2024-10-16 08:44
LAB719639,ENC108251,PT13149,HGB,Hemoglobin,6.3,g/dL,12,17.5,LL,Routine,2024-10-16 07:18,2024-10-16 07:46,2024-10-16 12:06
LAB719640,ENC108251,PT13149,INR,Prothrombin Time INR,1.1,ratio,0.8,1.2,N,STAT,2024-10-16 07:58,2024-10-16 08:16,2024-10-16 08:55
LAB719641,ENC108252,PT10135,GLU,Glucose,31,mg/dL,70,99,LL,STAT,2024-10-16 08:56,2024-10-16 09:16,2024-10-16 09:37
LAB719642,ENC108252,PT10135,CREAT,Creatinine,0.8,mg/dL,0.6,1.3,N,STAT,2024-10-16 09:22,2024-10-16 09:52,2024-10-16 10:30
LAB719643,ENC108252,PT10135,WBC,White Blood Cell Count,9,K/uL,4.5,11,N,Routine,2024-10-16 08:43,2024-10-16 08:47,2024-10-16 12:14
LAB719644,ENC108252,PT10135,HGB,Hemoglobin,12,g/dL,12,17.5,N,Routine,2024-10-16 08:37,2024-10-16 08:45,2024-10-16 12:24
LAB719645,ENC108255,PT13094,A1C,Hemoglobin A1c,6.4,%,4,5.6,H,Routine,2024-10-16 09:14,2024-10-16 09:47,2024-10-17 09:22
LAB719646,ENC108256,PT12544,GLU,Glucose,109,mg/dL,70,99,H,Routine,2024-10-16 10:08,2024-10-16 10:34,2024-10-16 12:52
LAB719647,ENC108256,PT12544,CREAT,Creatinine,0.89,mg/dL,0.6,1.3,N,STAT,2024-10-16 09:51,2024-10-16 09:59,2024-10-16 10:52
LAB719648,ENC108256,PT12544,WBC,White Blood Cell Count,5.9,K/uL,4.5,11,N,Routine,2024-10-16 09:23,2024-10-16 09:31,2024-10-16 12:35
LAB719649,ENC108257,PT10351,GLU,Glucose,202,mg/dL,70,99,H,STAT,2024-10-16 09:47,2024-10-16 09:51,2024-10-16 10:26
LAB719650,ENC108257,PT10351,CREAT,Creatinine,1.82,mg/dL,0.6,1.3,H,STAT,2024-10-16 10:37,2024-10-16 10:44,2024-10-16 11:32
LAB719651,ENC108257,PT10351,WBC,White Blood Cell Count,5.6,K/uL,4.5,11,N,STAT,2024-10-16 10:27,2024-10-16 10:46,2024-10-16 11:44
LAB719652,ENC108257,PT10351,HGB,Hemoglobin,15.5,g/dL,12,17.5,N,Routine,2024-10-16 09:28,2024-10-16 09:55,2024-10-16 13:10
LAB719653,ENC108257,PT10351,LACT,Lactate,1.8,mmol/L,0.5,2,N,STAT,2024-10-16 09:52,2024-10-16 09:59,2024-10-16 10:49
LAB719654,ENC108258,PT13808,GLU,Glucose,114,mg/dL,70,99,H,STAT,2024-10-16 11:34,2024-10-16 11:51,2024-10-16 13:06
LAB719655,ENC108258,PT13808,CREAT,Creatinine,0.83,mg/dL,0.6,1.3,N,STAT,2024-10-16 11:07,2024-10-16 11:26,2024-10-16 12:19
LAB719656,ENC108260,PT11946,GLU,Glucose,93,mg/dL,70,99,N,Routine,2024-10-16 12:32,2024-10-16 12:49,2024-10-16 16:10
LAB719657,ENC108260,PT11946,CREAT,Creatinine,1.04,mg/dL,0.6,1.3,N,STAT,2024-10-16 12:55,2024-10-16 13:07,2024-10-16 13:43
LAB719658,ENC108260,PT11946,WBC,White Blood Cell Count,2.4,K/uL,4.5,11,L,Routine,2024-10-16 12:54,2024-10-16 13:18,2024-10-16 15:13
LAB719659,ENC108260,PT11946,HGB,Hemoglobin,14.9,g/dL,12,17.5,N,STAT,2024-10-16 12:43,2024-10-16 12:49,2024-10-16 13:14
LAB719660,ENC108263,PT10595,WBC,White Blood Cell Count,8.7,K/uL,4.5,11,N,Routine,2024-10-16 12:58,2024-10-16 13:12,2024-10-16 16:27
LAB719661,ENC108263,PT10595,HGB,Hemoglobin,9.8,g/dL,12,17.5,L,Routine,2024-10-16 12:43,2024-10-16 13:07,2024-10-16 15:58
LAB719662,ENC108263,PT10595,PLT,Platelet Count,189,K/uL,150,400,N,Routine,2024-10-16 12:43,2024-10-16 12:50,2024-10-16 14:54
LAB719663,ENC108264,PT11628,A1C,Hemoglobin A1c,11.1,%,4,5.6,H,Routine,2024-10-16 13:50,2024-10-16 14:05,2024-10-17 06:07
LAB719664,ENC108267,PT10652,GLU,Glucose,107,mg/dL,70,99,H,STAT,2024-10-16 19:16,2024-10-16 19:27,2024-10-16 20:03
LAB719665,ENC108267,PT10652,CREAT,Creatinine,0.41,mg/dL,0.6,1.3,L,STAT,2024-10-16 18:50,2024-10-16 19:22,2024-10-16 20:25
LAB719666,ENC108267,PT10652,WBC,White Blood Cell Count,6.7,K/uL,4.5,11,N,STAT,2024-10-16 19:29,2024-10-16 20:02,2024-10-16 20:54
LAB719667,ENC108267,PT10652,HGB,Hemoglobin,12.1,g/dL,12,17.5,N,STAT,2024-10-16 19:26,2024-10-16 19:41,2024-10-16 20:33
LAB719668,ENC108267,PT10652,NA,Sodium,141,mmol/L,136,145,N,Routine,2024-10-16 19:14,2024-10-16 19:48,2024-10-16 22:40
LAB719669,ENC108267,PT10652,K,Potassium,4,mmol/L,3.5,5.1,N,STAT,2024-10-16 19:25,2024-10-16 19:48,2024-10-16 20:51
LAB719670,ENC108269,PT12768,LDL,LDL Cholesterol,112,mg/dL,0,99,H,Routine,2024-10-16 15:28,2024-10-16 16:01,2024-10-17 03:13
LAB719671,ENC108272,PT10954,GLU,Glucose,146,mg/dL,70,99,H,Routine,2024-10-16 17:23,2024-10-16 17:49,2024-10-16 20:00
LAB719672,ENC108272,PT10954,CREAT,Creatinine,0.85,mg/dL,0.6,1.3,N,Routine,2024-10-16 16:55,2024-10-16 17:16,2024-10-16 18:55
LAB719673,ENC108273,PT13955,GLU,Glucose,103,mg/dL,70,99,H,STAT,2024-10-16 18:26,2024-10-16 18:55,2024-10-16 19:35
LAB719674,ENC108273,PT13955,CREAT,Creatinine,1.03,mg/dL,0.6,1.3,N,STAT,2024-10-16 18:23,2024-10-16 18:31,2024-10-16 19:06
LAB719675,ENC108273,PT13955,WBC,White Blood Cell Count,9.1,K/uL,4.5,11,N,Routine,2024-10-16 19:21,2024-10-16 19:33,2024-10-16 23:38
LAB719676,ENC108273,PT13955,HGB,Hemoglobin,13,g/dL,12,17.5,N,STAT,2024-10-16 19:00,2024-10-16 19:12,2024-10-16 19:58
LAB719677,ENC108274,PT11185,GLU,Glucose,89,mg/dL,70,99,N,STAT,2024-10-16 19:35,2024-10-16 19:52,2024-10-16 20:46
LAB719678,ENC108274,PT11185,CREAT,Creatinine,0.54,mg/dL,0.6,1.3,L,STAT,2024-10-16 18:47,2024-10-16 18:51,2024-10-16 19:31
LAB719679,ENC108274,PT11185,WBC,White Blood Cell Count,7.4,K/uL,4.5,11,N,STAT,2024-10-16 19:40,2024-10-16 20:15,2024-10-16 21:22
LAB719680,ENC108275,PT11844,GLU,Glucose,168,mg/dL,70,99,H,STAT,2024-10-17 03:44,2024-10-17 03:59,2024-10-17 05:14
LAB719681,ENC108275,PT11844,CREAT,Creatinine,1.04,mg/dL,0.6,1.3,N,STAT,2024-10-17 02:55,2024-10-17 03:17,2024-10-17 05:06
LAB719682,ENC108275,PT11844,WBC,White Blood Cell Count,5.3,K/uL,4.5,11,N,Routine,2024-10-17 03:52,2024-10-17 04:21,2024-10-17 08:34
LAB719683,ENC108275,PT11844,HGB,Hemoglobin,15.5,g/dL,12,17.5,N,STAT,2024-10-17 03:01,2024-10-17 03:07,2024-10-17 04:00
LAB719684,ENC108277,PT12851,GLU,Glucose,108,mg/dL,70,99,H,STAT,2024-10-17 05:26,2024-10-17 05:43,2024-10-17 06:19
LAB719685,ENC108277,PT12851,CREAT,Creatinine,0.88,mg/dL,0.6,1.3,N,STAT,2024-10-17 05:23,2024-10-17 05:28,2024-10-17 05:52
LAB719686,ENC108277,PT12851,WBC,White Blood Cell Count,7,K/uL,4.5,11,N,STAT,2024-10-17 06:00,2024-10-17 06:25,2024-10-17 07:15
LAB719687,ENC108277,PT12851,HGB,Hemoglobin,16.5,g/dL,12,17.5,N,Routine,2024-10-17 05:26,2024-10-17 05:38,2024-10-17 08:03
LAB719688,ENC108277,PT12851,BUN,Blood Urea Nitrogen,12,mg/dL,7,20,N,Routine,2024-10-17 05:35,2024-10-17 05:48,2024-10-17 08:35
LAB719689,ENC108277,PT12851,PLT,Platelet Count,192,K/uL,150,400,N,Routine,2024-10-17 05:16,2024-10-17 05:20,2024-10-17 06:53
LAB719690,ENC108277,PT12851,INR,Prothrombin Time INR,1.1,ratio,0.8,1.2,N,STAT,2024-10-17 05:21,2024-10-17 05:31,2024-10-17 06:01
LAB719691,ENC108279,PT12176,WBC,White Blood Cell Count,10.1,K/uL,4.5,11,N,Routine,2024-10-17 08:37,2024-10-17 08:52,2024-10-17 10:29
LAB719692,ENC108279,PT12176,HGB,Hemoglobin,13.3,g/dL,12,17.5,N,Routine,2024-10-17 08:45,2024-10-17 09:02,2024-10-17 12:00
LAB719693,ENC108279,PT12176,PLT,Platelet Count,248,K/uL,150,400,N,Routine,2024-10-17 08:50,2024-10-17 09:16,2024-10-17 12:21
LAB719694,ENC108280,PT12904,GLU,Glucose,136,mg/dL,70,99,H,STAT,2024-10-17 09:42,2024-10-17 09:58,2024-10-17 10:41
LAB719695,ENC108280,PT12904,CREAT,Creatinine,0.78,mg/dL,0.6,1.3,N,STAT,2024-10-17 09:06,2024-10-17 09:20,2024-10-17 09:52
LAB719696,ENC108280,PT12904,WBC,White Blood Cell Count,5.7,K/uL,4.5,11,N,STAT,2024-10-17 09:48,2024-10-17 09:52,2024-10-17 10:25
LAB719697,ENC108281,PT10030,GLU,Glucose,155,mg/dL,70,99,H,STAT,2024-10-17 12:08,2024-10-17 12:37,2024-10-17 13:59
LAB719698,ENC108281,PT10030,CREAT,Creatinine,1.29,mg/dL,0.6,1.3,N,STAT,2024-10-17 12:39,2024-10-17 13:13,2024-10-17 13:47
LAB719699,ENC108281,PT10030,WBC,White Blood Cell Count,28.9,K/uL,4.5,11,H,STAT,2024-10-17 12:31,2024-10-17 12:41,2024-10-17 13:35
LAB719700,ENC108281,PT10030,HGB,Hemoglobin,10.7,g/dL,12,17.5,L,STAT,2024-10-17 12:04,2024-10-17 12:11,2024-10-17 13:01
LAB719701,ENC108281,PT10030,LACT,Lactate,1.2,mmol/L,0.5,2,N,STAT,2024-10-17 12:58,2024-10-17 13:33,2024-10-17 14:39
LAB719702,ENC108282,PT10826,LDL,LDL Cholesterol,133,mg/dL,0,99,H,Routine,2024-10-17 09:05,2024-10-17 09:37,2024-10-17 23:01
LAB719703,ENC108284,PT12204,GLU,Glucose,81,mg/dL,70,99,N,STAT,2024-10-17 14:41,2024-10-17 15:13,2024-10-17 16:06
LAB719704,ENC108284,PT12204,CREAT,Creatinine,0.91,mg/dL,0.6,1.3,N,Routine,2024-10-17 14:38,2024-10-17 15:12,2024-10-17 19:08
LAB719705,ENC108284,PT12204,WBC,White Blood Cell Count,4.8,K/uL,4.5,11,N,STAT,2024-10-17 14:57,2024-10-17 15:09,2024-10-17 16:08
LAB719706,ENC108284,PT12204,HGB,Hemoglobin,12.2,g/dL,12,17.5,N,STAT,2024-10-17 14:55,2024-10-17 15:04,2024-10-17 15:35
LAB719707,ENC108285,PT10914,A1C,Hemoglobin A1c,7.6,%,4,5.6,H,Routine,2024-10-17 10:55,2024-10-17 11:12,2024-10-18 03:59
LAB719708,ENC108285,PT10914,GLU,Glucose,127,mg/dL,70,99,H,Routine,2024-10-17 10:49,2024-10-17 11:01,2024-10-17 14:12
LAB719709,ENC108285,PT10914,CREAT,Creatinine,1.04,mg/dL,0.6,1.3,N,Routine,2024-10-17 10:58,2024-10-17 11:10,2024-10-17 12:33
LAB719710,ENC108286,PT11156,LDL,LDL Cholesterol,138,mg/dL,0,99,H,Routine,2024-10-17 10:58,2024-10-17 11:15,2024-10-18 04:07
LAB719711,ENC108286,PT11156,TSH,Thyroid Stimulating Hormone,1.24,mIU/L,0.4,4,N,Routine,2024-10-17 10:57,2024-10-17 11:07,2024-10-18 13:32
LAB719712,ENC108287,PT12827,A1C,Hemoglobin A1c,5.2,%,4,5.6,N,Routine,2024-10-17 12:04,2024-10-17 12:14,2024-10-17 19:32
LAB719713,ENC108287,PT12827,GLU,Glucose,98,mg/dL,70,99,N,Routine,2024-10-17 12:03,2024-10-17 12:31,2024-10-17 14:33
LAB719714,ENC108287,PT12827,CREAT,Creatinine,1.1,mg/dL,0.6,1.3,N,Routine,2024-10-17 12:10,2024-10-17 12:36,2024-10-17 19:44
LAB719715,ENC108288,PT11231,GLU,Glucose,101,mg/dL,70,99,H,STAT,2024-10-17 13:16,2024-10-17 13:37,2024-10-17 15:12
LAB719716,ENC108288,PT11231,CREAT,Creatinine,0.81,mg/dL,0.6,1.3,N,STAT,2024-10-17 13:06,2024-10-17 13:15,2024-10-17 14:08
LAB719717,ENC108288,PT11231,WBC,White Blood Cell Count,7.9,K/uL,4.5,11,N,STAT,2024-10-17 12:39,2024-10-17 13:05,2024-10-17 13:41
LAB719718,ENC108288,PT11231,HGB,Hemoglobin,15,g/dL,12,17.5,N,STAT,2024-10-17 12:59,2024-10-17 13:14,2024-10-17 13:38
LAB719719,ENC108289,PT10053,GLU,Glucose,97,mg/dL,70,99,N,Routine,2024-10-17 13:25,2024-10-17 13:41,2024-10-17 16:12
LAB719720,ENC108289,PT10053,CREAT,Creatinine,1.11,mg/dL,0.6,1.3,N,STAT,2024-10-17 13:11,2024-10-17 13:33,2024-10-17 14:12
LAB719721,ENC108289,PT10053,WBC,White Blood Cell Count,4.5,K/uL,4.5,11,N,STAT,2024-10-17 13:25,2024-10-17 13:41,2024-10-17 14:47
LAB719722,ENC108289,PT10053,HGB,Hemoglobin,12,g/dL,12,17.5,N,STAT,2024-10-17 13:55,2024-10-17 14:30,2024-10-17 14:54
LAB719723,ENC108290,PT12049,A1C,Hemoglobin A1c,9.2,%,4,5.6,H,Routine,2024-10-17 13:07,2024-10-17 13:22,2024-10-18 01:58
LAB719724,ENC108291,PT12955,LDL,LDL Cholesterol,130,mg/dL,0,99,H,Routine,2024-10-17 13:02,2024-10-17 13:26,2024-10-18 03:58
LAB719725,ENC108291,PT12955,A1C,Hemoglobin A1c,6.2,%,4,5.6,H,Routine,2024-10-17 13:03,2024-10-17 13:15,2024-10-17 21:11
LAB719726,ENC108292,PT13961,WBC,White Blood Cell Count,8.5,K/uL,4.5,11,N,Routine,2024-10-17 13:42,2024-10-17 14:08,2024-10-17 16:10
LAB719727,ENC108292,PT13961,HGB,Hemoglobin,12.8,g/dL,12,17.5,N,Routine,2024-10-17 13:52,2024-10-17 14:13,2024-10-17 22:09
LAB719728,ENC108292,PT13961,PLT,Platelet Count,242,K/uL,150,400,N,Routine,2024-10-17 13:59,2024-10-17 14:10,2024-10-17 15:39
LAB719729,ENC108297,PT13169,WBC,White Blood Cell Count,4.8,K/uL,4.5,11,N,Routine,2024-10-17 16:01,2024-10-17 16:32,2024-10-17 20:47
LAB719730,ENC108297,PT13169,HGB,Hemoglobin,8.4,g/dL,12,17.5,L,Routine,2024-10-17 16:12,2024-10-17 16:21,2024-10-17 21:52
LAB719731,ENC108297,PT13169,PLT,Platelet Count,219,K/uL,150,400,N,Routine,2024-10-17 16:11,2024-10-17 16:22,2024-10-18 07:22
LAB719732,ENC108298,PT10496,WBC,White Blood Cell Count,7.5,K/uL,4.5,11,N,Routine,2024-10-17 15:56,2024-10-17 16:31,2024-10-17 17:53
LAB719733,ENC108298,PT10496,HGB,Hemoglobin,11,g/dL,12,17.5,L,Routine,2024-10-17 16:01,2024-10-17 16:07,2024-10-17 18:02
LAB719734,ENC108298,PT10496,PLT,Platelet Count,199,K/uL,150,400,N,Routine,2024-10-17 15:54,2024-10-17 16:13,2024-10-17 17:55
LAB719735,ENC108301,PT11930,GLU,Glucose,114,mg/dL,70,99,H,STAT,2024-10-17 19:45,2024-10-17 20:01,2024-10-17 21:23
LAB719736,ENC108301,PT11930,CREAT,Creatinine,1.11,mg/dL,0.6,1.3,N,STAT,2024-10-17 19:41,2024-10-17 20:09,2024-10-17 20:44
LAB719737,ENC108301,PT11930,WBC,White Blood Cell Count,3.9,K/uL,4.5,11,L,STAT,2024-10-17 19:41,2024-10-17 20:15,2024-10-17 20:46
LAB719738,ENC108301,PT11930,HGB,Hemoglobin,15.4,g/dL,12,17.5,N,STAT,2024-10-17 19:59,2024-10-17 20:25,2024-10-17 21:03
LAB719739,ENC108301,PT11930,NA,Sodium,122,mmol/L,136,145,L,STAT,2024-10-17 20:14,2024-10-17 20:34,2024-10-17 21:32
LAB719740,ENC108301,PT11930,K,Potassium,4.5,mmol/L,3.5,5.1,N,STAT,2024-10-17 19:35,2024-10-17 19:39,2024-10-17 20:49
LAB719741,ENC108303,PT13428,GLU,Glucose,98,mg/dL,70,99,N,STAT,2024-10-17 18:19,2024-10-17 18:52,2024-10-17 19:36
LAB719742,ENC108303,PT13428,CREAT,Creatinine,0.95,mg/dL,0.6,1.3,N,STAT,2024-10-17 18:06,2024-10-17 18:37,2024-10-17 19:33
LAB719743,ENC108303,PT13428,WBC,White Blood Cell Count,5.8,K/uL,4.5,11,N,Routine,2024-10-17 18:22,2024-10-17 18:52,2024-10-17 21:23
LAB719744,ENC108304,PT12146,GLU,Glucose,210,mg/dL,70,99,H,STAT,2024-10-17 20:46,2024-10-17 21:00,2024-10-17 21:54
LAB719745,ENC108304,PT12146,CREAT,Creatinine,0.79,mg/dL,0.6,1.3,N,STAT,2024-10-17 20:23,2024-10-17 20:48,2024-10-17 21:11
LAB719746,ENC108304,PT12146,WBC,White Blood Cell Count,6.2,K/uL,4.5,11,N,STAT,2024-10-17 21:13,2024-10-17 21:36,2024-10-17 22:16
LAB719747,ENC108304,PT12146,HGB,Hemoglobin,11.7,g/dL,12,17.5,L,STAT,2024-10-17 21:14,2024-10-17 21:48,2024-10-17 22:36
LAB719748,ENC108304,PT12146,TROP,"Troponin I, High Sensitivity",285,ng/L,0,34,H,STAT,2024-10-17 20:34,2024-10-17 20:50,2024-10-17 21:29
LAB719749,ENC108305,PT12962,GLU,Glucose,100,mg/dL,70,99,H,STAT,2024-10-17 18:38,2024-10-17 19:11,2024-10-17 19:54
LAB719750,ENC108305,PT12962,CREAT,Creatinine,1,mg/dL,0.6,1.3,N,Routine,2024-10-17 18:29,2024-10-17 18:41,2024-10-17 21:02
LAB719751,ENC108305,PT12962,WBC,White Blood Cell Count,8.5,K/uL,4.5,11,N,STAT,2024-10-17 17:38,2024-10-17 18:03,2024-10-17 18:48
LAB719752,ENC108306,PT13791,GLU,Glucose,119,mg/dL,70,99,H,STAT,2024-10-17 20:05,2024-10-17 20:12,2024-10-17 20:39
LAB719753,ENC108306,PT13791,CREAT,Creatinine,1.2,mg/dL,0.6,1.3,N,Routine,2024-10-17 20:07,2024-10-17 20:35,2024-10-17 22:38
LAB719754,ENC108307,PT12907,GLU,Glucose,123,mg/dL,70,99,H,Routine,2024-10-17 23:32,2024-10-17 23:57,2024-10-18 03:32
LAB719755,ENC108307,PT12907,CREAT,Creatinine,1.09,mg/dL,0.6,1.3,N,STAT,2024-10-17 23:37,2024-10-17 23:52,2024-10-18 00:33
LAB719756,ENC108307,PT12907,WBC,White Blood Cell Count,7.2,K/uL,4.5,11,N,STAT,2024-10-17 23:14,2024-10-17 23:46,2024-10-18 00:19
LAB719757,ENC108307,PT12907,HGB,Hemoglobin,11.8,g/dL,12,17.5,L,STAT,2024-10-18 00:24,2024-10-18 00:36,2024-10-18 02:08
LAB719758,ENC108308,PT12353,GLU,Glucose,128,mg/dL,70,99,H,Routine,2024-10-17 19:58,2024-10-17 20:04,2024-10-17 22:41
LAB719759,ENC108308,PT12353,CREAT,Creatinine,0.98,mg/dL,0.6,1.3,N,STAT,2024-10-17 19:26,2024-10-17 19:56,2024-10-17 20:49
LAB719760,ENC108311,PT10234,GLU,Glucose,108,mg/dL,70,99,H,Routine,2024-10-18 00:59,2024-10-18 01:19,2024-10-18 03:04
LAB719761,ENC108311,PT10234,CREAT,Creatinine,0.69,mg/dL,0.6,1.3,N,STAT,2024-10-18 00:29,2024-10-18 00:40,2024-10-18 01:45
LAB719762,ENC108311,PT10234,WBC,White Blood Cell Count,17.5,K/uL,4.5,11,H,STAT,2024-10-17 23:55,2024-10-18 00:19,2024-10-18 00:50
LAB719763,ENC108311,PT10234,HGB,Hemoglobin,15.2,g/dL,12,17.5,N,Routine,2024-10-18 00:35,2024-10-18 00:54,2024-10-18 01:38
LAB719764,ENC108315,PT11409,GLU,Glucose,96,mg/dL,70,99,N,STAT,2024-10-18 08:04,2024-10-18 08:38,2024-10-18 09:46
LAB719765,ENC108315,PT11409,CREAT,Creatinine,1.26,mg/dL,0.6,1.3,N,Routine,2024-10-18 07:50,2024-10-18 07:57,2024-10-18 10:53
LAB719766,ENC108315,PT11409,WBC,White Blood Cell Count,7.9,K/uL,4.5,11,N,Routine,2024-10-18 08:00,2024-10-18 08:10,2024-10-18 11:27
LAB719767,ENC108315,PT11409,HGB,Hemoglobin,13.8,g/dL,12,17.5,N,STAT,2024-10-18 08:23,2024-10-18 08:39,2024-10-18 10:00
LAB719768,ENC108315,PT11409,NA,Sodium,142,mmol/L,136,145,N,STAT,2024-10-18 07:38,2024-10-18 07:59,2024-10-18 10:05
LAB719769,ENC108315,PT11409,K,Potassium,3.9,mmol/L,3.5,5.1,N,STAT,2024-10-18 07:31,2024-10-18 07:49,2024-10-18 08:30
LAB719770,ENC108318,PT10584,LDL,LDL Cholesterol,123,mg/dL,0,99,H,Routine,2024-10-18 09:05,2024-10-18 09:14,2024-10-18 17:10
LAB719771,ENC108319,PT13117,GLU,Glucose,96,mg/dL,70,99,N,Routine,2024-10-18 11:21,2024-10-18 11:43,2024-10-18 14:25
LAB719772,ENC108319,PT13117,CREAT,Creatinine,0.91,mg/dL,0.6,1.3,N,Routine,2024-10-18 11:23,2024-10-18 11:28,2024-10-18 14:29
LAB719773,ENC108319,PT13117,WBC,White Blood Cell Count,5,K/uL,4.5,11,N,STAT,2024-10-18 11:04,2024-10-18 11:28,2024-10-18 12:12
LAB719774,ENC108319,PT13117,HGB,Hemoglobin,13.4,g/dL,12,17.5,N,STAT,2024-10-18 11:23,2024-10-18 11:35,2024-10-18 12:21
LAB719775,ENC108320,PT11686,GLU,Glucose,107,mg/dL,70,99,H,Routine,2024-10-18 10:16,2024-10-18 10:29,2024-10-18 13:14
LAB719776,ENC108320,PT11686,CREAT,Creatinine,1.09,mg/dL,0.6,1.3,N,STAT,2024-10-18 09:54,2024-10-18 10:09,2024-10-18 10:57
LAB719777,ENC108320,PT11686,WBC,White Blood Cell Count,10.8,K/uL,4.5,11,N,STAT,2024-10-18 10:46,2024-10-18 11:05,2024-10-18 12:31
LAB719778,ENC108320,PT11686,HGB,Hemoglobin,13,g/dL,12,17.5,N,STAT,2024-10-18 10:55,2024-10-18 11:24,2024-10-18 12:03
LAB719779,ENC108321,PT13666,GLU,Glucose,117,mg/dL,70,99,H,STAT,2024-10-18 10:18,2024-10-18 10:34,2024-10-18 12:42
LAB719780,ENC108321,PT13666,CREAT,Creatinine,2.73,mg/dL,0.6,1.3,H,STAT,2024-10-18 10:19,2024-10-18 10:26,2024-10-18 10:56
LAB719781,ENC108321,PT13666,WBC,White Blood Cell Count,5.4,K/uL,4.5,11,N,STAT,2024-10-18 10:52,2024-10-18 10:59,2024-10-18 11:27
LAB719782,ENC108321,PT13666,HGB,Hemoglobin,14.6,g/dL,12,17.5,N,STAT,2024-10-18 10:56,2024-10-18 11:03,2024-10-18 12:02
LAB719783,ENC108321,PT13666,NA,Sodium,139,mmol/L,136,145,N,Routine,2024-10-18 09:54,2024-10-18 10:18,2024-10-18 13:10
LAB719784,ENC108321,PT13666,K,Potassium,6.2,mmol/L,3.5,5.1,H,STAT,2024-10-18 10:28,2024-10-18 11:02,2024-10-18 12:09
LAB719785,ENC108323,PT13653,LDL,LDL Cholesterol,128,mg/dL,0,99,H,Routine,2024-10-18 10:31,2024-10-18 10:55,2024-10-19 07:02
LAB719786,ENC108324,PT10285,GLU,Glucose,111,mg/dL,70,99,H,Routine,2024-10-18 10:39,2024-10-18 10:55,2024-10-18 15:38
LAB719787,ENC108324,PT10285,CREAT,Creatinine,2.51,mg/dL,0.6,1.3,H,Routine,2024-10-18 11:14,2024-10-18 11:38,2024-10-18 14:20
LAB719788,ENC108324,PT10285,WBC,White Blood Cell Count,7.9,K/uL,4.5,11,N,STAT,2024-10-18 11:46,2024-10-18 11:56,2024-10-18 12:58
LAB719789,ENC108324,PT10285,HGB,Hemoglobin,11,g/dL,12,17.5,L,Routine,2024-10-18 10:51,2024-10-18 10:58,2024-10-18 14:30
LAB719790,ENC108325,PT13789,WBC,White Blood Cell Count,6.5,K/uL,4.5,11,N,Routine,2024-10-18 11:21,2024-10-18 11:41,2024-10-18 12:45
LAB719791,ENC108325,PT13789,HGB,Hemoglobin,11.8,g/dL,12,17.5,L,Routine,2024-10-18 11:31,2024-10-18 11:50,2024-10-18 14:24
LAB719792,ENC108325,PT13789,PLT,Platelet Count,249,K/uL,150,400,N,Routine,2024-10-18 11:45,2024-10-18 11:49,2024-10-18 13:21
LAB719793,ENC108326,PT10833,LDL,LDL Cholesterol,113,mg/dL,0,99,H,Routine,2024-10-18 11:46,2024-10-18 12:15,2024-10-19 03:26
LAB719794,ENC108327,PT11908,GLU,Glucose,102,mg/dL,70,99,H,STAT,2024-10-18 14:42,2024-10-18 15:17,2024-10-18 15:47
LAB719795,ENC108327,PT11908,CREAT,Creatinine,1.35,mg/dL,0.6,1.3,H,Routine,2024-10-18 15:13,2024-10-18 15:30,2024-10-18 17:34
LAB719796,ENC108327,PT11908,WBC,White Blood Cell Count,11.2,K/uL,4.5,11,H,STAT,2024-10-18 15:23,2024-10-18 15:45,2024-10-18 16:32
LAB719797,ENC108327,PT11908,HGB,Hemoglobin,12.5,g/dL,12,17.5,N,STAT,2024-10-18 15:40,2024-10-18 15:46,2024-10-18 16:11
LAB719798,ENC108328,PT11663,GLU,Glucose,95,mg/dL,70,99,N,STAT,2024-10-18 15:01,2024-10-18 15:07,2024-10-18 15:42
LAB719799,ENC108328,PT11663,CREAT,Creatinine,1.28,mg/dL,0.6,1.3,N,STAT,2024-10-18 14:46,2024-10-18 14:54,2024-10-18 15:41
LAB719800,ENC108328,PT11663,WBC,White Blood Cell Count,8.3,K/uL,4.5,11,N,Routine,2024-10-18 14:11,2024-10-18 14:29,2024-10-18 19:54
LAB719801,ENC108328,PT11663,HGB,Hemoglobin,13.7,g/dL,12,17.5,N,STAT,2024-10-18 14:43,2024-10-18 14:47,2024-10-18 15:20
LAB719802,ENC108328,PT11663,NA,Sodium,140,mmol/L,136,145,N,STAT,2024-10-18 14:19,2024-10-18 14:42,2024-10-18 15:25
LAB719803,ENC108328,PT11663,K,Potassium,3.9,mmol/L,3.5,5.1,N,STAT,2024-10-18 14:34,2024-10-18 14:38,2024-10-18 15:44
LAB719804,ENC108328,PT11663,INR,Prothrombin Time INR,1,ratio,0.8,1.2,N,STAT,2024-10-18 14:49,2024-10-18 15:12,2024-10-18 16:04
LAB719805,ENC108330,PT12593,GLU,Glucose,130,mg/dL,70,99,H,Routine,2024-10-18 17:35,2024-10-18 17:55,2024-10-18 19:46
LAB719806,ENC108330,PT12593,CREAT,Creatinine,2.22,mg/dL,0.6,1.3,H,Routine,2024-10-18 17:22,2024-10-18 17:39,2024-10-18 20:03
LAB719807,ENC108330,PT12593,WBC,White Blood Cell Count,17.3,K/uL,4.5,11,H,STAT,2024-10-18 17:32,2024-10-18 17:56,2024-10-18 18:55
LAB719808,ENC108330,PT12593,HGB,Hemoglobin,10.4,g/dL,12,17.5,L,STAT,2024-10-18 17:48,2024-10-18 18:21,2024-10-18 18:47
LAB719809,ENC108330,PT12593,BUN,Blood Urea Nitrogen,11,mg/dL,7,20,N,Routine,2024-10-18 16:51,2024-10-18 17:09,2024-10-18 19:10
LAB719810,ENC108330,PT12593,PLT,Platelet Count,206,K/uL,150,400,N,STAT,2024-10-18 17:32,2024-10-18 17:53,2024-10-18 19:12
LAB719811,ENC108331,PT13501,GLU,Glucose,64,mg/dL,70,99,L,STAT,2024-10-18 17:31,2024-10-18 17:39,2024-10-18 18:11
LAB719812,ENC108331,PT13501,CREAT,Creatinine,0.34,mg/dL,0.6,1.3,L,Routine,2024-10-18 16:39,2024-10-18 16:50,2024-10-18 20:46
LAB719813,ENC108331,PT13501,WBC,White Blood Cell Count,8.5,K/uL,4.5,11,N,STAT,2024-10-18 17:04,2024-10-18 17:17,2024-10-18 17:42
LAB719814,ENC108331,PT13501,HGB,Hemoglobin,13.7,g/dL,12,17.5,N,STAT,2024-10-18 17:25,2024-10-18 17:40,2024-10-18 18:20
LAB719815,ENC108333,PT10390,GLU,Glucose,88,mg/dL,70,99,N,STAT,2024-10-18 16:26,2024-10-18 16:52,2024-10-18 17:49
LAB719816,ENC108333,PT10390,CREAT,Creatinine,0.48,mg/dL,0.6,1.3,L,STAT,2024-10-18 16:27,2024-10-18 16:38,2024-10-18 17:20
LAB719817,ENC108333,PT10390,WBC,White Blood Cell Count,10.3,K/uL,4.5,11,N,STAT,2024-10-18 16:14,2024-10-18 16:40,2024-10-18 18:03
LAB719818,ENC108333,PT10390,HGB,Hemoglobin,13.5,g/dL,12,17.5,N,STAT,2024-10-18 16:10,2024-10-18 16:39,2024-10-18 17:08
LAB719819,ENC108336,PT13622,GLU,Glucose,110,mg/dL,70,99,H,STAT,2024-10-18 15:49,2024-10-18 16:19,2024-10-18 16:56
LAB719820,ENC108336,PT13622,CREAT,Creatinine,0.59,mg/dL,0.6,1.3,L,Routine,2024-10-18 15:23,2024-10-18 15:38,2024-10-18 19:42
LAB719821,ENC108336,PT13622,INR,Prothrombin Time INR,1,ratio,0.8,1.2,N,STAT,2024-10-18 15:09,2024-10-18 15:37,2024-10-18 16:15
LAB719822,ENC108339,PT11749,GLU,Glucose,162,mg/dL,70,99,H,STAT,2024-10-18 20:34,2024-10-18 20:58,2024-10-18 21:53
LAB719823,ENC108339,PT11749,CREAT,Creatinine,3.08,mg/dL,0.6,1.3,H,STAT,2024-10-18 21:03,2024-10-18 21:34,2024-10-18 22:38
LAB719824,ENC108339,PT11749,WBC,White Blood Cell Count,28.9,K/uL,4.5,11,H,Routine,2024-10-18 20:04,2024-10-18 20:35,2024-10-19 00:14
LAB719825,ENC108339,PT11749,HGB,Hemoglobin,11.8,g/dL,12,17.5,L,Routine,2024-10-18 20:27,2024-10-18 20:49,2024-10-18 22:59
LAB719826,ENC108339,PT11749,LACT,Lactate,2,mmol/L,0.5,2,N,STAT,2024-10-18 20:31,2024-10-18 20:43,2024-10-18 21:13
LAB719827,ENC108340,PT10889,GLU,Glucose,87,mg/dL,70,99,N,STAT,2024-10-18 16:34,2024-10-18 17:08,2024-10-18 18:07
LAB719828,ENC108340,PT10889,CREAT,Creatinine,0.61,mg/dL,0.6,1.3,N,STAT,2024-10-18 17:12,2024-10-18 17:18,2024-10-18 18:02
LAB719829,ENC108340,PT10889,WBC,White Blood Cell Count,6,K/uL,4.5,11,N,STAT,2024-10-18 16:47,2024-10-18 17:18,2024-10-18 18:31
LAB719830,ENC108340,PT10889,HGB,Hemoglobin,17.3,g/dL,12,17.5,N,Routine,2024-10-18 16:21,2024-10-18 16:52,2024-10-18 18:41
LAB719831,ENC108340,PT10889,TROP,"Troponin I, High Sensitivity",7,ng/L,0,34,N,STAT,2024-10-18 17:08,2024-10-18 17:39,2024-10-18 18:35
LAB719832,ENC108340,PT10889,BNP,B-Type Natriuretic Peptide,3047,pg/mL,0,100,H,STAT,2024-10-18 17:05,2024-10-18 17:25,2024-10-18 17:46
LAB719833,ENC108341,PT12404,GLU,Glucose,110,mg/dL,70,99,H,Routine,2024-10-19 00:51,2024-10-19 01:22,2024-10-19 02:41
LAB719834,ENC108341,PT12404,CREAT,Creatinine,1.29,mg/dL,0.6,1.3,N,STAT,2024-10-19 00:43,2024-10-19 01:17,2024-10-19 02:20
LAB719835,ENC108341,PT12404,WBC,White Blood Cell Count,9.5,K/uL,4.5,11,N,STAT,2024-10-19 00:32,2024-10-19 00:49,2024-10-19 01:11
LAB719836,ENC108341,PT12404,HGB,Hemoglobin,13,g/dL,12,17.5,N,STAT,2024-10-19 01:02,2024-10-19 01:19,2024-10-19 02:27
LAB719837,ENC108342,PT13587,TROP,"Troponin I, High Sensitivity",3,ng/L,0,34,N,STAT,2024-10-18 20:55,2024-10-18 21:26,2024-10-18 22:12
LAB719838,ENC108342,PT13587,BNP,B-Type Natriuretic Peptide,545,pg/mL,0,100,H,STAT,2024-10-18 20:00,2024-10-18 20:19,2024-10-18 20:47
LAB719839,ENC108343,PT13318,GLU,Glucose,111,mg/dL,70,99,H,STAT,2024-10-19 00:27,2024-10-19 00:56,2024-10-19 01:15
LAB719840,ENC108343,PT13318,CREAT,Creatinine,0.85,mg/dL,0.6,1.3,N,STAT,2024-10-18 23:54,2024-10-19 00:29,2024-10-19 01:05
LAB719841,ENC108343,PT13318,WBC,White Blood Cell Count,9.7,K/uL,4.5,11,N,Routine,2024-10-19 00:30,2024-10-19 01:02,2024-10-19 04:21
LAB719842,ENC108343,PT13318,HGB,Hemoglobin,15.1,g/dL,12,17.5,N,Routine,2024-10-18 23:48,2024-10-19 00:06,2024-10-19 01:58
LAB719843,ENC108343,PT13318,TROP,"Troponin I, High Sensitivity",11,ng/L,0,34,N,STAT,2024-10-19 00:42,2024-10-19 00:53,2024-10-19 01:19
LAB719844,ENC108344,PT12857,GLU,Glucose,113,mg/dL,70,99,H,STAT,2024-10-18 23:29,2024-10-18 23:57,2024-10-19 01:07
LAB719845,ENC108344,PT12857,CREAT,Creatinine,0.89,mg/dL,0.6,1.3,N,STAT,2024-10-18 23:00,2024-10-18 23:15,2024-10-18 23:39
LAB719846,ENC108344,PT12857,WBC,White Blood Cell Count,13.2,K/uL,4.5,11,H,STAT,2024-10-18 23:46,2024-10-19 00:08,2024-10-19 00:50
LAB719847,ENC108344,PT12857,HGB,Hemoglobin,14.5,g/dL,12,17.5,N,Routine,2024-10-18 23:18,2024-10-18 23:31,2024-10-19 02:01
LAB719848,ENC108345,PT12296,GLU,Glucose,81,mg/dL,70,99,N,STAT,2024-10-18 20:59,2024-10-18 21:12,2024-10-18 22:01
LAB719849,ENC108345,PT12296,CREAT,Creatinine,0.87,mg/dL,0.6,1.3,N,Routine,2024-10-18 20:54,2024-10-18 21:14,2024-10-19 02:42
LAB719850,ENC108345,PT12296,WBC,White Blood Cell Count,6.5,K/uL,4.5,11,N,STAT,2024-10-18 21:37,2024-10-18 21:47,2024-10-18 22:02
LAB719851,ENC108345,PT12296,HGB,Hemoglobin,13.4,g/dL,12,17.5,N,STAT,2024-10-18 20:44,2024-10-18 20:51,2024-10-18 21:27
LAB719852,ENC108346,PT12399,GLU,Glucose,115,mg/dL,70,99,H,STAT,2024-10-18 22:22,2024-10-18 22:47,2024-10-18 23:49
LAB719853,ENC108346,PT12399,CREAT,Creatinine,0.74,mg/dL,0.6,1.3,N,STAT,2024-10-18 22:14,2024-10-18 22:22,2024-10-18 23:12
LAB719854,ENC108346,PT12399,WBC,White Blood Cell Count,6.3,K/uL,4.5,11,N,STAT,2024-10-18 22:25,2024-10-18 22:32,2024-10-18 23:57
LAB719855,ENC108346,PT12399,HGB,Hemoglobin,14,g/dL,12,17.5,N,STAT,2024-10-18 21:48,2024-10-18 22:05,2024-10-18 23:19
LAB719856,ENC108347,PT10760,GLU,Glucose,167,mg/dL,70,99,H,STAT,2024-10-19 03:54,2024-10-19 04:05,2024-10-19 04:50
LAB719857,ENC108347,PT10760,CREAT,Creatinine,0.86,mg/dL,0.6,1.3,N,STAT,2024-10-19 03:55,2024-10-19 04:27,2024-10-19 05:46
LAB719858,ENC108347,PT10760,WBC,White Blood Cell Count,9.8,K/uL,4.5,11,N,STAT,2024-10-19 03:44,2024-10-19 04:15,2024-10-19 04:42
LAB719859,ENC108350,PT12426,GLU,Glucose,136,mg/dL,70,99,H,STAT,2024-10-19 12:05,2024-10-19 12:35,2024-10-19 13:32
LAB719860,ENC108350,PT12426,CREAT,Creatinine,1.24,mg/dL,0.6,1.3,N,Routine,2024-10-19 12:04,2024-10-19 12:31,2024-10-19 15:11
LAB719861,ENC108350,PT12426,WBC,White Blood Cell Count,11.6,K/uL,4.5,11,H,STAT,2024-10-19 11:59,2024-10-19 12:06,2024-10-19 13:05
LAB719862,ENC108350,PT12426,HGB,Hemoglobin,14,g/dL,12,17.5,N,Routine,2024-10-19 11:23,2024-10-19 11:27,2024-10-19 14:29
LAB719863,ENC108350,PT12426,NA,Sodium,141,mmol/L,136,145,N,STAT,2024-10-19 11:15,2024-10-19 11:29,2024-10-19 12:32
LAB719864,ENC108350,PT12426,K,Potassium,4.5,mmol/L,3.5,5.1,N,STAT,2024-10-19 11:27,2024-10-19 12:01,2024-10-19 12:21
LAB719865,ENC108350,PT12426,INR,Prothrombin Time INR,1.1,ratio,0.8,1.2,N,STAT,2024-10-19 12:10,2024-10-19 12:34,2024-10-19 13:49
LAB719866,ENC108352,PT12308,GLU,Glucose,183,mg/dL,70,99,H,STAT,2024-10-19 18:31,2024-10-19 18:52,2024-10-19 20:18
LAB719867,ENC108352,PT12308,CREAT,Creatinine,1.9,mg/dL,0.6,1.3,H,Routine,2024-10-19 18:01,2024-10-19 18:21,2024-10-19 21:01
LAB719868,ENC108352,PT12308,WBC,White Blood Cell Count,8.9,K/uL,4.5,11,N,Routine,2024-10-19 17:58,2024-10-19 18:26,2024-10-20 02:18
LAB719869,ENC108352,PT12308,HGB,Hemoglobin,9.4,g/dL,12,17.5,L,STAT,2024-10-19 17:57,2024-10-19 18:16,2024-10-19 18:39
LAB719870,ENC108352,PT12308,NA,Sodium,137,mmol/L,136,145,N,STAT,2024-10-19 17:52,2024-10-19 18:19,2024-10-19 19:26
LAB719871,ENC108352,PT12308,K,Potassium,4.4,mmol/L,3.5,5.1,N,STAT,2024-10-19 18:35,2024-10-19 18:48,2024-10-19 19:30
LAB719872,ENC108352,PT12308,LACT,Lactate,2.1,mmol/L,0.5,2,H,STAT,2024-10-19 18:11,2024-10-19 18:44,2024-10-19 19:19
LAB719873,ENC108352,PT12308,INR,Prothrombin Time INR,1,ratio,0.8,1.2,N,Routine,2024-10-19 18:23,2024-10-19 18:39,2024-10-19 21:13
LAB719874,ENC108354,PT12436,GLU,Glucose,92,mg/dL,70,99,N,STAT,2024-10-19 17:39,2024-10-19 17:52,2024-10-19 19:06
LAB719875,ENC108354,PT12436,CREAT,Creatinine,2.21,mg/dL,0.6,1.3,H,STAT,2024-10-19 17:18,2024-10-19 17:43,2024-10-19 18:50
LAB719876,ENC108355,PT10477,GLU,Glucose,110,mg/dL,70,99,H,STAT,2024-10-19 21:45,2024-10-19 21:50,2024-10-19 22:11
LAB719877,ENC108355,PT10477,CREAT,Creatinine,0.9,mg/dL,0.6,1.3,N,STAT,2024-10-19 21:39,2024-10-19 21:44,2024-10-19 22:38
LAB719878,ENC108355,PT10477,WBC,White Blood Cell Count,8.5,K/uL,4.5,11,N,Routine,2024-10-19 22:03,2024-10-19 22:16,2024-10-20 01:31
LAB719879,ENC108355,PT10477,HGB,Hemoglobin,14,g/dL,12,17.5,N,Routine,2024-10-19 22:02,2024-10-19 22:09,2024-10-19 23:40
LAB719880,ENC108357,PT13847,GLU,Glucose,133,mg/dL,70,99,H,STAT,2024-10-19 19:24,2024-10-19 19:40,2024-10-19 20:52
LAB719881,ENC108357,PT13847,CREAT,Creatinine,1.07,mg/dL,0.6,1.3,N,Routine,2024-10-19 19:14,2024-10-19 19:42,2024-10-19 20:48
LAB719882,ENC108357,PT13847,WBC,White Blood Cell Count,7.6,K/uL,4.5,11,N,Routine,2024-10-19 20:18,2024-10-19 20:42,2024-10-19 23:57
LAB719883,ENC108357,PT13847,HGB,Hemoglobin,5.7,g/dL,12,17.5,LL,Routine,2024-10-19 19:46,2024-10-19 20:14,2024-10-19 22:12
LAB719884,ENC108357,PT13847,NA,Sodium,140,mmol/L,136,145,N,STAT,2024-10-19 19:51,2024-10-19 20:02,2024-10-19 21:09
LAB719885,ENC108357,PT13847,K,Potassium,4,mmol/L,3.5,5.1,N,STAT,2024-10-19 19:28,2024-10-19 19:48,2024-10-19 20:10
LAB719886,ENC108357,PT13847,INR,Prothrombin Time INR,1,ratio,0.8,1.2,N,Routine,2024-10-19 19:14,2024-10-19 19:44,2024-10-19 23:33
LAB719887,ENC108358,PT10602,GLU,Glucose,132,mg/dL,70,99,H,STAT,2024-10-19 20:24,2024-10-19 20:30,2024-10-19 21:03
LAB719888,ENC108358,PT10602,CREAT,Creatinine,0.85,mg/dL,0.6,1.3,N,STAT,2024-10-19 19:40,2024-10-19 20:10,2024-10-19 21:08
LAB719889,ENC108358,PT10602,WBC,White Blood Cell Count,8.5,K/uL,4.5,11,N,Routine,2024-10-19 20:19,2024-10-19 20:38,2024-10-20 01:11
LAB719890,ENC108358,PT10602,HGB,Hemoglobin,14.1,g/dL,12,17.5,N,STAT,2024-10-19 20:21,2024-10-19 20:30,2024-10-19 21:35
LAB719891,ENC108359,PT11224,GLU,Glucose,96,mg/dL,70,99,N,STAT,2024-10-20 00:42,2024-10-20 00:49,2024-10-20 01:19
LAB719892,ENC108359,PT11224,CREAT,Creatinine,0.97,mg/dL,0.6,1.3,N,STAT,2024-10-20 01:04,2024-10-20 01:22,2024-10-20 02:00
LAB719893,ENC108359,PT11224,WBC,White Blood Cell Count,5.2,K/uL,4.5,11,N,STAT,2024-10-20 01:33,2024-10-20 02:05,2024-10-20 02:49
LAB719894,ENC108359,PT11224,HGB,Hemoglobin,15.9,g/dL,12,17.5,N,Routine,2024-10-20 01:26,2024-10-20 01:35,2024-10-20 05:21
LAB719895,ENC108360,PT13045,GLU,Glucose,131,mg/dL,70,99,H,Routine,2024-10-20 07:10,2024-10-20 07:32,2024-10-20 12:12
LAB719896,ENC108360,PT13045,CREAT,Creatinine,1.07,mg/dL,0.6,1.3,N,STAT,2024-10-20 07:02,2024-10-20 07:34,2024-10-20 08:34
LAB719897,ENC108360,PT13045,WBC,White Blood Cell Count,3.7,K/uL,4.5,11,L,Routine,2024-10-20 06:35,2024-10-20 06:55,2024-10-20 10:11
LAB719898,ENC108360,PT13045,HGB,Hemoglobin,13.5,g/dL,12,17.5,N,Routine,2024-10-20 06:24,2024-10-20 06:35,2024-10-20 09:11
LAB719899,ENC108361,PT12329,GLU,Glucose,73,mg/dL,70,99,N,STAT,2024-10-20 14:05,2024-10-20 14:17,2024-10-20 14:42
LAB719900,ENC108361,PT12329,CREAT,Creatinine,1.23,mg/dL,0.6,1.3,N,Routine,2024-10-20 13:13,2024-10-20 13:21,2024-10-20 15:55
LAB719901,ENC108361,PT12329,WBC,White Blood Cell Count,5.2,K/uL,4.5,11,N,Routine,2024-10-20 14:05,2024-10-20 14:17,2024-10-20 17:07
LAB719902,ENC108361,PT12329,HGB,Hemoglobin,15.1,g/dL,12,17.5,N,STAT,2024-10-20 13:37,2024-10-20 13:45,2024-10-20 14:27
LAB719903,ENC108364,PT13211,GLU,Glucose,194,mg/dL,70,99,H,Routine,2024-10-20 16:08,2024-10-20 16:38,2024-10-20 20:33
LAB719904,ENC108364,PT13211,CREAT,Creatinine,0.87,mg/dL,0.6,1.3,N,Routine,2024-10-20 16:16,2024-10-20 16:47,2024-10-20 19:56
LAB719905,ENC108364,PT13211,WBC,White Blood Cell Count,7.6,K/uL,4.5,11,N,STAT,2024-10-20 15:37,2024-10-20 15:59,2024-10-20 16:54
LAB719906,ENC108364,PT13211,HGB,Hemoglobin,6.1,g/dL,12,17.5,LL,Routine,2024-10-20 15:49,2024-10-20 16:10,2024-10-20 18:15
LAB719907,ENC108364,PT13211,INR,Prothrombin Time INR,1,ratio,0.8,1.2,N,STAT,2024-10-20 16:02,2024-10-20 16:08,2024-10-20 17:16
LAB719908,ENC108367,PT10308,GLU,Glucose,78,mg/dL,70,99,N,Routine,2024-10-20 12:59,2024-10-20 13:23,2024-10-20 16:10
LAB719909,ENC108367,PT10308,CREAT,Creatinine,1.32,mg/dL,0.6,1.3,H,STAT,2024-10-20 12:19,2024-10-20 12:41,2024-10-20 13:50
LAB719910,ENC108367,PT10308,WBC,White Blood Cell Count,15.2,K/uL,4.5,11,H,Routine,2024-10-20 12:35,2024-10-20 13:03,2024-10-20 14:28
LAB719911,ENC108367,PT10308,HGB,Hemoglobin,13.9,g/dL,12,17.5,N,STAT,2024-10-20 12:31,2024-10-20 13:02,2024-10-20 13:49
LAB719912,ENC108368,PT12511,GLU,Glucose,64,mg/dL,70,99,L,STAT,2024-10-20 16:36,2024-10-20 16:43,2024-10-20 17:49
LAB719913,ENC108368,PT12511,CREAT,Creatinine,1.21,mg/dL,0.6,1.3,N,STAT,2024-10-20 16:34,2024-10-20 17:03,2024-10-20 18:11
LAB719914,ENC108368,PT12511,WBC,White Blood Cell Count,9.2,K/uL,4.5,11,N,STAT,2024-10-20 16:05,2024-10-20 16:38,2024-10-20 17:12
LAB719915,ENC108368,PT12511,HGB,Hemoglobin,14.1,g/dL,12,17.5,N,Routine,2024-10-20 15:54,2024-10-20 16:04,2024-10-20 18:55
LAB719916,ENC108371,PT10934,GLU,Glucose,108,mg/dL,70,99,H,STAT,2024-10-21 00:11,2024-10-21 00:24,2024-10-21 00:56
LAB719917,ENC108371,PT10934,CREAT,Creatinine,0.89,mg/dL,0.6,1.3,N,STAT,2024-10-20 23:26,2024-10-20 23:31,2024-10-21 01:07
LAB719918,ENC108371,PT10934,WBC,White Blood Cell Count,5.4,K/uL,4.5,11,N,Routine,2024-10-20 23:33,2024-10-20 23:55,2024-10-21 02:47
LAB719919,ENC108371,PT10934,HGB,Hemoglobin,11.8,g/dL,12,17.5,L,STAT,2024-10-20 23:15,2024-10-20 23:26,2024-10-21 00:20
LAB719920,ENC108371,PT10934,NA,Sodium,140,mmol/L,136,145,N,STAT,2024-10-20 23:31,2024-10-20 23:49,2024-10-21 00:40
LAB719921,ENC108371,PT10934,K,Potassium,3.9,mmol/L,3.5,5.1,N,STAT,2024-10-20 23:05,2024-10-20 23:33,2024-10-21 00:13
LAB719922,ENC108372,PT10097,GLU,Glucose,124,mg/dL,70,99,H,STAT,2024-10-21 00:47,2024-10-21 01:12,2024-10-21 02:15
LAB719923,ENC108372,PT10097,CREAT,Creatinine,1.02,mg/dL,0.6,1.3,N,Routine,2024-10-21 01:09,2024-10-21 01:33,2024-10-21 03:20
LAB719924,ENC108372,PT10097,WBC,White Blood Cell Count,18.4,K/uL,4.5,11,H,STAT,2024-10-21 01:00,2024-10-21 01:15,2024-10-21 01:50
LAB719925,ENC108372,PT10097,HGB,Hemoglobin,11.1,g/dL,12,17.5,L,STAT,2024-10-21 01:05,2024-10-21 01:19,2024-10-21 02:21
LAB719926,ENC108373,PT10318,GLU,Glucose,166,mg/dL,70,99,H,Routine,2024-10-21 01:10,2024-10-21 01:33,2024-10-21 04:24
LAB719927,ENC108373,PT10318,CREAT,Creatinine,0.83,mg/dL,0.6,1.3,N,Routine,2024-10-21 01:38,2024-10-21 01:47,2024-10-21 04:20
LAB719928,ENC108373,PT10318,WBC,White Blood Cell Count,9.9,K/uL,4.5,11,N,Routine,2024-10-21 01:38,2024-10-21 02:06,2024-10-21 05:22
LAB719929,ENC108373,PT10318,HGB,Hemoglobin,13.9,g/dL,12,17.5,N,STAT,2024-10-21 01:27,2024-10-21 01:43,2024-10-21 02:32
LAB719930,ENC108374,PT10399,GLU,Glucose,279,mg/dL,70,99,H,STAT,2024-10-20 23:36,2024-10-20 23:47,2024-10-21 00:44
LAB719931,ENC108374,PT10399,CREAT,Creatinine,1.09,mg/dL,0.6,1.3,N,STAT,2024-10-20 23:29,2024-10-20 23:36,2024-10-21 00:35
LAB719932,ENC108374,PT10399,WBC,White Blood Cell Count,6.7,K/uL,4.5,11,N,STAT,2024-10-20 22:56,2024-10-20 23:21,2024-10-21 00:11
LAB719933,ENC108374,PT10399,HGB,Hemoglobin,12.9,g/dL,12,17.5,N,Routine,2024-10-20 22:55,2024-10-20 23:24,2024-10-21 01:35
LAB719934,ENC108375,PT13832,GLU,Glucose,103,mg/dL,70,99,H,Routine,2024-10-21 03:57,2024-10-21 04:22,2024-10-21 06:49
LAB719935,ENC108375,PT13832,CREAT,Creatinine,2.16,mg/dL,0.6,1.3,H,Routine,2024-10-21 03:38,2024-10-21 03:52,2024-10-21 06:21
LAB719936,ENC108375,PT13832,WBC,White Blood Cell Count,13,K/uL,4.5,11,H,Routine,2024-10-21 03:26,2024-10-21 03:52,2024-10-21 05:10
LAB719937,ENC108375,PT13832,HGB,Hemoglobin,10.7,g/dL,12,17.5,L,STAT,2024-10-21 04:00,2024-10-21 04:10,2024-10-21 05:39
LAB719938,ENC108376,PT13834,GLU,Glucose,132,mg/dL,70,99,H,STAT,2024-10-21 04:43,2024-10-21 04:57,2024-10-21 06:43
LAB719939,ENC108376,PT13834,CREAT,Creatinine,2.96,mg/dL,0.6,1.3,H,STAT,2024-10-21 04:15,2024-10-21 04:22,2024-10-21 05:07
LAB719940,ENC108376,PT13834,WBC,White Blood Cell Count,6.7,K/uL,4.5,11,N,Routine,2024-10-21 04:26,2024-10-21 05:00,2024-10-21 06:52
LAB719941,ENC108376,PT13834,HGB,Hemoglobin,11.1,g/dL,12,17.5,L,STAT,2024-10-21 04:07,2024-10-21 04:12,2024-10-21 05:00
LAB719942,ENC108378,PT12867,GLU,Glucose,139,mg/dL,70,99,H,Routine,2024-10-21 07:03,2024-10-21 07:33,2024-10-21 12:52
LAB719943,ENC108378,PT12867,CREAT,Creatinine,1.05,mg/dL,0.6,1.3,N,STAT,2024-10-21 06:22,2024-10-21 06:57,2024-10-21 07:32
LAB719944,ENC108378,PT12867,WBC,White Blood Cell Count,6,K/uL,4.5,11,N,Routine,2024-10-21 06:53,2024-10-21 06:58,2024-10-21 08:57
LAB719945,ENC108378,PT12867,HGB,Hemoglobin,15.3,g/dL,12,17.5,N,STAT,2024-10-21 06:36,2024-10-21 06:59,2024-10-21 08:00
LAB719946,ENC108379,PT13637,GLU,Glucose,111,mg/dL,70,99,H,Routine,2024-10-21 12:21,2024-10-21 12:31,2024-10-21 15:54
LAB719947,ENC108379,PT13637,CREAT,Creatinine,1.39,mg/dL,0.6,1.3,H,Routine,2024-10-21 11:23,2024-10-21 11:27,2024-10-21 15:36
LAB719948,ENC108379,PT13637,WBC,White Blood Cell Count,5.6,K/uL,4.5,11,N,Routine,2024-10-21 11:17,2024-10-21 11:46,2024-10-21 21:55
LAB719949,ENC108379,PT13637,HGB,Hemoglobin,13,g/dL,12,17.5,N,Routine,2024-10-21 11:45,2024-10-21 11:57,2024-10-21 13:56
LAB719950,ENC108386,PT13625,WBC,White Blood Cell Count,7.1,K/uL,4.5,11,N,Routine,2024-10-21 10:06,2024-10-21 10:19,2024-10-21 12:38
LAB719951,ENC108386,PT13625,HGB,Hemoglobin,14.3,g/dL,12,17.5,N,Routine,2024-10-21 10:20,2024-10-21 10:36,2024-10-21 12:30
LAB719952,ENC108386,PT13625,PLT,Platelet Count,171,K/uL,150,400,N,Routine,2024-10-21 10:16,2024-10-21 10:28,2024-10-21 13:50
LAB719953,ENC108387,PT13240,LDL,LDL Cholesterol,131,mg/dL,0,99,H,Routine,2024-10-21 10:24,2024-10-21 10:39,2024-10-21 22:01
LAB719954,ENC108387,PT13240,A1C,Hemoglobin A1c,5.8,%,4,5.6,H,Routine,2024-10-21 10:34,2024-10-21 11:07,2024-10-21 22:07
LAB719955,ENC108388,PT11981,GLU,Glucose,149,mg/dL,70,99,H,STAT,2024-10-21 11:08,2024-10-21 11:26,2024-10-21 12:31
LAB719956,ENC108388,PT11981,CREAT,Creatinine,1.14,mg/dL,0.6,1.3,N,STAT,2024-10-21 11:05,2024-10-21 11:20,2024-10-21 11:59
LAB719957,ENC108388,PT11981,WBC,White Blood Cell Count,14.4,K/uL,4.5,11,H,STAT,2024-10-21 11:01,2024-10-21 11:22,2024-10-21 11:45
LAB719958,ENC108388,PT11981,HGB,Hemoglobin,13.4,g/dL,12,17.5,N,STAT,2024-10-21 10:42,2024-10-21 10:55,2024-10-21 11:55
LAB719959,ENC108388,PT11981,NA,Sodium,137,mmol/L,136,145,N,STAT,2024-10-21 11:29,2024-10-21 12:04,2024-10-21 13:06
LAB719960,ENC108388,PT11981,K,Potassium,4.2,mmol/L,3.5,5.1,N,STAT,2024-10-21 10:33,2024-10-21 11:02,2024-10-21 11:47
LAB719961,ENC108389,PT13581,A1C,Hemoglobin A1c,11.3,%,4,5.6,H,Routine,2024-10-21 10:56,2024-10-21 11:31,2024-10-21 20:37
LAB719962,ENC108389,PT13581,GLU,Glucose,311,mg/dL,70,99,H,Routine,2024-10-21 10:55,2024-10-21 11:30,2024-10-21 12:53
LAB719963,ENC108389,PT13581,CREAT,Creatinine,0.87,mg/dL,0.6,1.3,N,Routine,2024-10-21 10:58,2024-10-21 11:05,2024-10-21 14:58
LAB719964,ENC108391,PT13940,TROP,"Troponin I, High Sensitivity",4,ng/L,0,34,N,STAT,2024-10-21 12:22,2024-10-21 12:44,2024-10-21 13:04
LAB719965,ENC108398,PT10949,GLU,Glucose,124,mg/dL,70,99,H,STAT,2024-10-21 15:36,2024-10-21 15:52,2024-10-21 16:35
LAB719966,ENC108398,PT10949,CREAT,Creatinine,1.04,mg/dL,0.6,1.3,N,STAT,2024-10-21 16:10,2024-10-21 16:32,2024-10-21 17:15
LAB719967,ENC108401,PT10371,WBC,White Blood Cell Count,8.3,K/uL,4.5,11,N,Routine,2024-10-21 15:41,2024-10-21 15:54,2024-10-22 02:28
LAB719968,ENC108401,PT10371,HGB,Hemoglobin,13.2,g/dL,12,17.5,N,Routine,2024-10-21 15:53,2024-10-21 16:05,2024-10-21 19:44
LAB719969,ENC108401,PT10371,PLT,Platelet Count,240,K/uL,150,400,N,Routine,2024-10-21 15:37,2024-10-21 16:00,2024-10-21 17:39
LAB719970,ENC108402,PT12153,GLU,Glucose,85,mg/dL,70,99,N,STAT,2024-10-21 16:24,2024-10-21 16:30,2024-10-21 17:22
LAB719971,ENC108402,PT12153,CREAT,Creatinine,0.81,mg/dL,0.6,1.3,N,STAT,2024-10-21 16:43,2024-10-21 17:05,2024-10-21 17:51
LAB719972,ENC108402,PT12153,WBC,White Blood Cell Count,8.8,K/uL,4.5,11,N,Routine,2024-10-21 15:56,2024-10-21 16:05,2024-10-21 18:17
LAB719973,ENC108402,PT12153,HGB,Hemoglobin,15.1,g/dL,12,17.5,N,STAT,2024-10-21 16:32,2024-10-21 17:01,2024-10-21 18:21
LAB719974,ENC108402,PT12153,TROP,"Troponin I, High Sensitivity",3,ng/L,0,34,N,STAT,2024-10-21 15:41,2024-10-21 16:01,2024-10-21 16:55
LAB719975,ENC108403,PT12299,TROP,"Troponin I, High Sensitivity",5,ng/L,0,34,N,STAT,2024-10-21 17:07,2024-10-21 17:38,2024-10-21 18:34
LAB719976,ENC108405,PT12008,GLU,Glucose,98,mg/dL,70,99,N,Routine,2024-10-21 18:32,2024-10-21 18:48,2024-10-21 22:03
LAB719977,ENC108405,PT12008,CREAT,Creatinine,1.96,mg/dL,0.6,1.3,H,Routine,2024-10-21 17:56,2024-10-21 18:01,2024-10-21 20:22
LAB719978,ENC108405,PT12008,WBC,White Blood Cell Count,5.7,K/uL,4.5,11,N,STAT,2024-10-21 18:45,2024-10-21 19:17,2024-10-21 19:58
LAB719979,ENC108405,PT12008,HGB,Hemoglobin,9.7,g/dL,12,17.5,L,STAT,2024-10-21 18:58,2024-10-21 19:25,2024-10-21 20:27
LAB719980,ENC108405,PT12008,NA,Sodium,141,mmol/L,136,145,N,Routine,2024-10-21 18:15,2024-10-21 18:44,2024-10-21 21:58
LAB719981,ENC108405,PT12008,K,Potassium,4.8,mmol/L,3.5,5.1,N,STAT,2024-10-21 18:14,2024-10-21 18:30,2024-10-21 19:12
LAB719982,ENC108408,PT10350,GLU,Glucose,121,mg/dL,70,99,H,STAT,2024-10-22 03:03,2024-10-22 03:18,2024-10-22 04:18
LAB719983,ENC108408,PT10350,CREAT,Creatinine,1.05,mg/dL,0.6,1.3,N,STAT,2024-10-22 03:51,2024-10-22 04:03,2024-10-22 04:47
LAB719984,ENC108408,PT10350,WBC,White Blood Cell Count,6.9,K/uL,4.5,11,N,STAT,2024-10-22 03:41,2024-10-22 04:12,2024-10-22 04:55
LAB719985,ENC108408,PT10350,HGB,Hemoglobin,12.1,g/dL,12,17.5,N,Routine,2024-10-22 03:49,2024-10-22 04:08,2024-10-22 09:14
LAB719986,ENC108409,PT12829,GLU,Glucose,169,mg/dL,70,99,H,STAT,2024-10-22 05:28,2024-10-22 05:43,2024-10-22 06:21
LAB719987,ENC108409,PT12829,CREAT,Creatinine,2.49,mg/dL,0.6,1.3,H,STAT,2024-10-22 05:50,2024-10-22 06:00,2024-10-22 06:52
LAB719988,ENC108409,PT12829,WBC,White Blood Cell Count,11.6,K/uL,4.5,11,H,Routine,2024-10-22 04:57,2024-10-22 05:01,2024-10-22 06:18
LAB719989,ENC108409,PT12829,HGB,Hemoglobin,11.8,g/dL,12,17.5,L,STAT,2024-10-22 04:57,2024-10-22 05:18,2024-10-22 06:07
LAB719990,ENC108409,PT12829,LACT,Lactate,2.6,mmol/L,0.5,2,H,STAT,2024-10-22 05:30,2024-10-22 06:05,2024-10-22 06:29
LAB719991,ENC108410,PT11189,GLU,Glucose,121,mg/dL,70,99,H,STAT,2024-10-22 07:55,2024-10-22 08:02,2024-10-22 08:19
LAB719992,ENC108410,PT11189,CREAT,Creatinine,1.11,mg/dL,0.6,1.3,N,STAT,2024-10-22 08:32,2024-10-22 08:36,2024-10-22 09:07
LAB719993,ENC108410,PT11189,WBC,White Blood Cell Count,8.8,K/uL,4.5,11,N,STAT,2024-10-22 07:37,2024-10-22 07:57,2024-10-22 08:17
LAB719994,ENC108410,PT11189,HGB,Hemoglobin,14.2,g/dL,12,17.5,N,STAT,2024-10-22 08:28,2024-10-22 08:48,2024-10-22 09:25
LAB719995,ENC108413,PT11844,A1C,Hemoglobin A1c,10.6,%,4,5.6,H,Routine,2024-10-22 08:49,2024-10-22 09:22,2024-10-22 21:59
LAB719996,ENC108413,PT11844,GLU,Glucose,459,mg/dL,70,99,H,Routine,2024-10-22 08:43,2024-10-22 09:18,2024-10-22 11:53
LAB719997,ENC108413,PT11844,CREAT,Creatinine,1.02,mg/dL,0.6,1.3,N,Routine,2024-10-22 08:37,2024-10-22 09:09,2024-10-22 14:08
LAB719998,ENC108414,PT10381,GLU,Glucose,74,mg/dL,70,99,N,STAT,2024-10-22 12:39,2024-10-22 13:04,2024-10-22 13:44
LAB719999,ENC108414,PT10381,CREAT,Creatinine,0.79,mg/dL,0.6,1.3,N,Routine,2024-10-22 12:24,2024-10-22 12:35,2024-10-22 20:01
LAB720000,ENC108414,PT10381,WBC,White Blood Cell Count,8.7,K/uL,4.5,11,N,STAT,2024-10-22 12:50,2024-10-22 13:13,2024-10-22 13:52
LAB720001,ENC108414,PT10381,HGB,Hemoglobin,13.3,g/dL,12,17.5,N,Routine,2024-10-22 12:53,2024-10-22 13:09,2024-10-22 15:27
LAB720002,ENC108415,PT10784,GLU,Glucose,88,mg/dL,70,99,N,Routine,2024-10-22 13:09,2024-10-22 13:13,2024-10-22 17:45
LAB720003,ENC108415,PT10784,CREAT,Creatinine,1,mg/dL,0.6,1.3,N,STAT,2024-10-22 13:38,2024-10-22 13:53,2024-10-22 14:24
LAB720004,ENC108415,PT10784,WBC,White Blood Cell Count,6.1,K/uL,4.5,11,N,STAT,2024-10-22 13:29,2024-10-22 14:03,2024-10-22 14:30
LAB720005,ENC108415,PT10784,HGB,Hemoglobin,16.8,g/dL,12,17.5,N,STAT,2024-10-22 13:34,2024-10-22 13:48,2024-10-22 14:33
LAB720006,ENC108415,PT10784,NA,Sodium,124,mmol/L,136,145,L,STAT,2024-10-22 13:19,2024-10-22 13:24,2024-10-22 13:55
LAB720007,ENC108415,PT10784,K,Potassium,4.3,mmol/L,3.5,5.1,N,STAT,2024-10-22 13:20,2024-10-22 13:38,2024-10-22 14:35
LAB720008,ENC108416,PT12796,WBC,White Blood Cell Count,9.3,K/uL,4.5,11,N,Routine,2024-10-22 10:21,2024-10-22 10:46,2024-10-22 12:27
LAB720009,ENC108416,PT12796,HGB,Hemoglobin,11.8,g/dL,12,17.5,L,Routine,2024-10-22 10:30,2024-10-22 11:03,2024-10-22 12:51
LAB720010,ENC108416,PT12796,PLT,Platelet Count,274,K/uL,150,400,N,Routine,2024-10-22 10:06,2024-10-22 10:14,2024-10-22 12:41
LAB720011,ENC108417,PT10138,LDL,LDL Cholesterol,116,mg/dL,0,99,H,Routine,2024-10-22 10:40,2024-10-22 10:49,2024-10-22 23:01
LAB720012,ENC108417,PT10138,TSH,Thyroid Stimulating Hormone,3.56,mIU/L,0.4,4,N,Routine,2024-10-22 10:39,2024-10-22 11:07,2024-10-22 19:44
LAB720013,ENC108418,PT11937,GLU,Glucose,70,mg/dL,70,99,N,Routine,2024-10-22 15:19,2024-10-22 15:45,2024-10-22 20:50
LAB720014,ENC108418,PT11937,CREAT,Creatinine,0.77,mg/dL,0.6,1.3,N,STAT,2024-10-22 15:43,2024-10-22 16:18,2024-10-22 17:09
LAB720015,ENC108418,PT11937,WBC,White Blood Cell Count,6.7,K/uL,4.5,11,N,STAT,2024-10-22 15:06,2024-10-22 15:38,2024-10-22 16:43
LAB720016,ENC108418,PT11937,HGB,Hemoglobin,15.7,g/dL,12,17.5,N,Routine,2024-10-22 15:22,2024-10-22 15:41,2024-10-22 18:41
LAB720017,ENC108420,PT11517,GLU,Glucose,198,mg/dL,70,99,H,STAT,2024-10-22 12:13,2024-10-22 12:47,2024-10-22 14:03
LAB720018,ENC108420,PT11517,CREAT,Creatinine,1.1,mg/dL,0.6,1.3,N,STAT,2024-10-22 13:04,2024-10-22 13:22,2024-10-22 14:00
LAB720019,ENC108420,PT11517,WBC,White Blood Cell Count,20.7,K/uL,4.5,11,H,Routine,2024-10-22 13:14,2024-10-22 13:29,2024-10-22 15:45
LAB720020,ENC108420,PT11517,HGB,Hemoglobin,14.3,g/dL,12,17.5,N,STAT,2024-10-22 12:47,2024-10-22 13:01,2024-10-22 13:41
LAB720021,ENC108420,PT11517,NA,Sodium,141,mmol/L,136,145,N,STAT,2024-10-22 12:49,2024-10-22 13:20,2024-10-22 13:39
LAB720022,ENC108420,PT11517,K,Potassium,4,mmol/L,3.5,5.1,N,STAT,2024-10-22 12:10,2024-10-22 12:31,2024-10-22 13:02
LAB720023,ENC108420,PT11517,BUN,Blood Urea Nitrogen,19,mg/dL,7,20,N,STAT,2024-10-22 12:38,2024-10-22 13:09,2024-10-22 14:26
LAB720024,ENC108420,PT11517,PLT,Platelet Count,250,K/uL,150,400,N,Routine,2024-10-22 12:30,2024-10-22 12:36,2024-10-22 14:56
LAB720025,ENC108420,PT11517,LACT,Lactate,4.4,mmol/L,0.5,2,HH,STAT,2024-10-22 12:38,2024-10-22 13:06,2024-10-22 14:04
LAB720026,ENC108423,PT13681,GLU,Glucose,86,mg/dL,70,99,N,STAT,2024-10-22 13:29,2024-10-22 13:48,2024-10-22 15:29
LAB720027,ENC108423,PT13681,CREAT,Creatinine,0.61,mg/dL,0.6,1.3,N,STAT,2024-10-22 13:42,2024-10-22 13:59,2024-10-22 14:41
LAB720028,ENC108423,PT13681,WBC,White Blood Cell Count,7.8,K/uL,4.5,11,N,STAT,2024-10-22 13:03,2024-10-22 13:25,2024-10-22 14:04
LAB720029,ENC108423,PT13681,HGB,Hemoglobin,13.3,g/dL,12,17.5,N,STAT,2024-10-22 13:38,2024-10-22 13:44,2024-10-22 14:41
LAB720030,ENC108424,PT10551,A1C,Hemoglobin A1c,7.7,%,4,5.6,H,Routine,2024-10-22 13:12,2024-10-22 13:39,2024-10-23 11:40
LAB720031,ENC108426,PT13823,GLU,Glucose,116,mg/dL,70,99,H,Routine,2024-10-22 17:16,2024-10-22 17:21,2024-10-22 19:47
LAB720032,ENC108426,PT13823,CREAT,Creatinine,0.97,mg/dL,0.6,1.3,N,STAT,2024-10-22 16:55,2024-10-22 17:14,2024-10-22 17:42
LAB720033,ENC108426,PT13823,WBC,White Blood Cell Count,11.1,K/uL,4.5,11,H,STAT,2024-10-22 16:59,2024-10-22 17:23,2024-10-22 17:57
LAB720034,ENC108426,PT13823,HGB,Hemoglobin,14,g/dL,12,17.5,N,Routine,2024-10-22 17:02,2024-10-22 17:33,2024-10-22 19:38
LAB720035,ENC108426,PT13823,NA,Sodium,140,mmol/L,136,145,N,STAT,2024-10-22 17:51,2024-10-22 17:59,2024-10-22 18:23
LAB720036,ENC108426,PT13823,K,Potassium,5,mmol/L,3.5,5.1,N,STAT,2024-10-22 17:47,2024-10-22 18:14,2024-10-22 19:44
LAB720037,ENC108427,PT11958,GLU,Glucose,106,mg/dL,70,99,H,STAT,2024-10-22 18:16,2024-10-22 18:43,2024-10-22 19:42
LAB720038,ENC108427,PT11958,CREAT,Creatinine,1.13,mg/dL,0.6,1.3,N,Routine,2024-10-22 18:01,2024-10-22 18:20,2024-10-22 19:25
LAB720039,ENC108427,PT11958,WBC,White Blood Cell Count,8.8,K/uL,4.5,11,N,STAT,2024-10-22 18:14,2024-10-22 18:21,2024-10-22 19:20
LAB720040,ENC108427,PT11958,HGB,Hemoglobin,11.7,g/dL,12,17.5,L,STAT,2024-10-22 17:52,2024-10-22 18:10,2024-10-22 19:06
LAB720041,ENC108427,PT11958,NA,Sodium,136,mmol/L,136,145,N,STAT,2024-10-22 18:01,2024-10-22 18:29,2024-10-22 19:20
LAB720042,ENC108427,PT11958,K,Potassium,4.3,mmol/L,3.5,5.1,N,STAT,2024-10-22 18:23,2024-10-22 18:58,2024-10-22 19:30
LAB720043,ENC108427,PT11958,TROP,"Troponin I, High Sensitivity",5,ng/L,0,34,N,STAT,2024-10-22 17:43,2024-10-22 17:51,2024-10-22 18:49
LAB720044,ENC108427,PT11958,BNP,B-Type Natriuretic Peptide,2856,pg/mL,0,100,H,STAT,2024-10-22 17:32,2024-10-22 17:59,2024-10-22 18:31
LAB720045,ENC108428,PT11374,GLU,Glucose,95,mg/dL,70,99,N,STAT,2024-10-22 19:26,2024-10-22 19:30,2024-10-22 19:58
LAB720046,ENC108428,PT11374,CREAT,Creatinine,0.97,mg/dL,0.6,1.3,N,STAT,2024-10-22 18:38,2024-10-22 19:05,2024-10-22 19:52
LAB720047,ENC108428,PT11374,WBC,White Blood Cell Count,7.8,K/uL,4.5,11,N,Routine,2024-10-22 18:55,2024-10-22 19:30,2024-10-22 23:10
LAB720048,ENC108428,PT11374,HGB,Hemoglobin,12.7,g/dL,12,17.5,N,STAT,2024-10-22 18:35,2024-10-22 18:56,2024-10-22 19:15
LAB720049,ENC108432,PT11099,GLU,Glucose,94,mg/dL,70,99,N,Routine,2024-10-22 18:14,2024-10-22 18:36,2024-10-22 19:43
LAB720050,ENC108432,PT11099,CREAT,Creatinine,0.88,mg/dL,0.6,1.3,N,STAT,2024-10-22 18:29,2024-10-22 18:43,2024-10-22 19:17
LAB720051,ENC108432,PT11099,WBC,White Blood Cell Count,9.4,K/uL,4.5,11,N,STAT,2024-10-22 18:58,2024-10-22 19:12,2024-10-22 19:53
LAB720052,ENC108432,PT11099,HGB,Hemoglobin,10.3,g/dL,12,17.5,L,STAT,2024-10-22 19:09,2024-10-22 19:28,2024-10-22 20:19
LAB720053,ENC108433,PT11798,GLU,Glucose,93,mg/dL,70,99,N,STAT,2024-10-22 19:14,2024-10-22 19:48,2024-10-22 21:02
LAB720054,ENC108433,PT11798,CREAT,Creatinine,1.07,mg/dL,0.6,1.3,N,Routine,2024-10-22 19:15,2024-10-22 19:45,2024-10-22 22:18
LAB720055,ENC108433,PT11798,WBC,White Blood Cell Count,3.7,K/uL,4.5,11,L,STAT,2024-10-22 18:36,2024-10-22 18:55,2024-10-22 19:20
LAB720056,ENC108433,PT11798,HGB,Hemoglobin,16.6,g/dL,12,17.5,N,STAT,2024-10-22 18:40,2024-10-22 19:06,2024-10-22 20:51
LAB720057,ENC108433,PT11798,BUN,Blood Urea Nitrogen,4,mg/dL,7,20,L,STAT,2024-10-22 18:48,2024-10-22 19:07,2024-10-22 19:46
LAB720058,ENC108433,PT11798,PLT,Platelet Count,215,K/uL,150,400,N,STAT,2024-10-22 18:52,2024-10-22 19:04,2024-10-22 20:05
LAB720059,ENC108434,PT13739,GLU,Glucose,97,mg/dL,70,99,N,STAT,2024-10-22 23:24,2024-10-22 23:51,2024-10-23 00:38
LAB720060,ENC108434,PT13739,CREAT,Creatinine,0.92,mg/dL,0.6,1.3,N,STAT,2024-10-22 23:19,2024-10-22 23:53,2024-10-23 00:21
LAB720061,ENC108434,PT13739,WBC,White Blood Cell Count,6.9,K/uL,4.5,11,N,STAT,2024-10-22 23:10,2024-10-22 23:44,2024-10-23 00:21
LAB720062,ENC108434,PT13739,HGB,Hemoglobin,14.1,g/dL,12,17.5,N,STAT,2024-10-22 23:08,2024-10-22 23:35,2024-10-23 00:38
LAB720063,ENC108435,PT12989,GLU,Glucose,95,mg/dL,70,99,N,STAT,2024-10-22 23:06,2024-10-22 23:40,2024-10-23 00:46
LAB720064,ENC108435,PT12989,CREAT,Creatinine,1.21,mg/dL,0.6,1.3,N,Routine,2024-10-22 23:26,2024-10-22 23:33,2024-10-23 01:36
LAB720065,ENC108435,PT12989,WBC,White Blood Cell Count,9.8,K/uL,4.5,11,N,Routine,2024-10-22 23:44,2024-10-23 00:17,2024-10-23 02:25
LAB720066,ENC108435,PT12989,HGB,Hemoglobin,12.9,g/dL,12,17.5,N,STAT,2024-10-22 23:41,2024-10-22 23:51,2024-10-23 00:38
LAB720067,ENC108436,PT10305,GLU,Glucose,81,mg/dL,70,99,N,STAT,2024-10-23 01:57,2024-10-23 02:18,2024-10-23 03:00
LAB720068,ENC108436,PT10305,CREAT,Creatinine,1.1,mg/dL,0.6,1.3,N,Routine,2024-10-23 02:05,2024-10-23 02:11,2024-10-23 05:31
LAB720069,ENC108436,PT10305,WBC,White Blood Cell Count,8.9,K/uL,4.5,11,N,Routine,2024-10-23 02:26,2024-10-23 02:58,2024-10-23 07:02
LAB720070,ENC108436,PT10305,HGB,Hemoglobin,14,g/dL,12,17.5,N,Routine,2024-10-23 02:22,2024-10-23 02:56,2024-10-23 10:24
LAB720071,ENC108436,PT10305,NA,Sodium,138,mmol/L,136,145,N,STAT,2024-10-23 02:17,2024-10-23 02:33,2024-10-23 03:22
LAB720072,ENC108436,PT10305,K,Potassium,4.8,mmol/L,3.5,5.1,N,STAT,2024-10-23 02:20,2024-10-23 02:29,2024-10-23 02:59
LAB720073,ENC108437,PT10814,GLU,Glucose,113,mg/dL,70,99,H,STAT,2024-10-23 00:35,2024-10-23 00:46,2024-10-23 01:36
LAB720074,ENC108437,PT10814,CREAT,Creatinine,1.09,mg/dL,0.6,1.3,N,Routine,2024-10-22 23:38,2024-10-23 00:00,2024-10-23 03:37
LAB720075,ENC108443,PT12186,GLU,Glucose,104,mg/dL,70,99,H,STAT,2024-10-23 11:08,2024-10-23 11:26,2024-10-23 12:14
LAB720076,ENC108443,PT12186,CREAT,Creatinine,0.86,mg/dL,0.6,1.3,N,STAT,2024-10-23 10:30,2024-10-23 11:02,2024-10-23 11:33
LAB720077,ENC108446,PT13051,A1C,Hemoglobin A1c,5.6,%,4,5.6,N,Routine,2024-10-23 11:30,2024-10-23 11:45,2024-10-23 21:28
LAB720078,ENC108447,PT12817,A1C,Hemoglobin A1c,10.6,%,4,5.6,H,Routine,2024-10-23 11:35,2024-10-23 11:41,2024-10-23 20:18
LAB720079,ENC108447,PT12817,GLU,Glucose,398,mg/dL,70,99,H,Routine,2024-10-23 11:23,2024-10-23 11:40,2024-10-23 16:57
LAB720080,ENC108447,PT12817,CREAT,Creatinine,0.8,mg/dL,0.6,1.3,N,Routine,2024-10-23 11:44,2024-10-23 12:13,2024-10-23 14:20
LAB720081,ENC108449,PT10120,WBC,White Blood Cell Count,6.8,K/uL,4.5,11,N,Routine,2024-10-23 12:13,2024-10-23 12:20,2024-10-23 17:16
LAB720082,ENC108449,PT10120,HGB,Hemoglobin,15.6,g/dL,12,17.5,N,Routine,2024-10-23 12:04,2024-10-23 12:28,2024-10-23 15:24
LAB720083,ENC108449,PT10120,PLT,Platelet Count,212,K/uL,150,400,N,Routine,2024-10-23 11:59,2024-10-23 12:17,2024-10-23 14:41
LAB720084,ENC108451,PT12841,A1C,Hemoglobin A1c,7.5,%,4,5.6,H,Routine,2024-10-23 12:56,2024-10-23 13:04,2024-10-23 23:55
LAB720085,ENC108451,PT12841,GLU,Glucose,167,mg/dL,70,99,H,Routine,2024-10-23 12:37,2024-10-23 12:51,2024-10-23 17:23
LAB720086,ENC108451,PT12841,CREAT,Creatinine,0.75,mg/dL,0.6,1.3,N,Routine,2024-10-23 12:38,2024-10-23 13:12,2024-10-23 14:25
LAB720087,ENC108452,PT13806,GLU,Glucose,130,mg/dL,70,99,H,STAT,2024-10-23 12:55,2024-10-23 13:17,2024-10-23 13:47
LAB720088,ENC108452,PT13806,CREAT,Creatinine,0.81,mg/dL,0.6,1.3,N,STAT,2024-10-23 13:08,2024-10-23 13:25,2024-10-23 13:55
LAB720089,ENC108452,PT13806,WBC,White Blood Cell Count,5.3,K/uL,4.5,11,N,STAT,2024-10-23 13:17,2024-10-23 13:39,2024-10-23 14:36
LAB720090,ENC108452,PT13806,HGB,Hemoglobin,14.4,g/dL,12,17.5,N,STAT,2024-10-23 13:32,2024-10-23 13:41,2024-10-23 14:15
LAB720091,ENC108452,PT13806,TROP,"Troponin I, High Sensitivity",50,ng/L,0,34,H,STAT,2024-10-23 13:31,2024-10-23 14:02,2024-10-23 14:46
LAB720092,ENC108452,PT13806,BNP,B-Type Natriuretic Peptide,533,pg/mL,0,100,H,Routine,2024-10-23 13:19,2024-10-23 13:50,2024-10-23 17:29
LAB720093,ENC108454,PT11571,LDL,LDL Cholesterol,133,mg/dL,0,99,H,Routine,2024-10-23 13:02,2024-10-23 13:23,2024-10-24 06:44
LAB720094,ENC108455,PT10264,LDL,LDL Cholesterol,164,mg/dL,0,99,H,Routine,2024-10-23 14:54,2024-10-23 15:28,2024-10-24 07:20
LAB720095,ENC108456,PT11309,GLU,Glucose,107,mg/dL,70,99,H,STAT,2024-10-23 19:09,2024-10-23 19:24,2024-10-23 20:33
LAB720096,ENC108456,PT11309,CREAT,Creatinine,1.15,mg/dL,0.6,1.3,N,Routine,2024-10-23 19:18,2024-10-23 19:39,2024-10-24 01:59
LAB720097,ENC108456,PT11309,WBC,White Blood Cell Count,14.8,K/uL,4.5,11,H,Routine,2024-10-23 18:27,2024-10-23 18:56,2024-10-23 23:57
LAB720098,ENC108456,PT11309,HGB,Hemoglobin,11.9,g/dL,12,17.5,L,STAT,2024-10-23 19:33,2024-10-23 20:07,2024-10-23 20:26
LAB720099,ENC108457,PT13119,GLU,Glucose,49,mg/dL,70,99,L,STAT,2024-10-23 16:29,2024-10-23 16:51,2024-10-23 17:26
LAB720100,ENC108457,PT13119,CREAT,Creatinine,0.89,mg/dL,0.6,1.3,N,Routine,2024-10-23 16:14,2024-10-23 16:20,2024-10-23 18:51
LAB720101,ENC108457,PT13119,WBC,White Blood Cell Count,8.6,K/uL,4.5,11,N,STAT,2024-10-23 15:45,2024-10-23 16:08,2024-10-23 17:18
LAB720102,ENC108457,PT13119,HGB,Hemoglobin,13.4,g/dL,12,17.5,N,Routine,2024-10-23 16:30,2024-10-23 16:56,2024-10-23 19:35
LAB720103,ENC108461,PT12945,GLU,Glucose,118,mg/dL,70,99,H,STAT,2024-10-23 18:52,2024-10-23 19:03,2024-10-23 20:05
LAB720104,ENC108461,PT12945,CREAT,Creatinine,0.85,mg/dL,0.6,1.3,N,Routine,2024-10-23 18:38,2024-10-23 18:57,2024-10-23 22:53
LAB720105,ENC108461,PT12945,WBC,White Blood Cell Count,7.9,K/uL,4.5,11,N,STAT,2024-10-23 18:43,2024-10-23 18:52,2024-10-23 19:30
LAB720106,ENC108461,PT12945,HGB,Hemoglobin,15.3,g/dL,12,17.5,N,Routine,2024-10-23 18:38,2024-10-23 18:44,2024-10-24 04:17
LAB720107,ENC108461,PT12945,TROP,"Troponin I, High Sensitivity",43,ng/L,0,34,H,STAT,2024-10-23 18:47,2024-10-23 19:07,2024-10-23 20:00
LAB720108,ENC108461,PT12945,BNP,B-Type Natriuretic Peptide,132,pg/mL,0,100,H,STAT,2024-10-23 18:54,2024-10-23 19:18,2024-10-23 20:39
LAB720109,ENC108463,PT13798,GLU,Glucose,144,mg/dL,70,99,H,STAT,2024-10-24 01:08,2024-10-24 01:42,2024-10-24 02:14
LAB720110,ENC108463,PT13798,CREAT,Creatinine,1.21,mg/dL,0.6,1.3,N,STAT,2024-10-24 01:52,2024-10-24 01:57,2024-10-24 02:42
LAB720111,ENC108463,PT13798,WBC,White Blood Cell Count,11.6,K/uL,4.5,11,H,Routine,2024-10-24 01:23,2024-10-24 01:55,2024-10-24 04:33
LAB720112,ENC108463,PT13798,HGB,Hemoglobin,11,g/dL,12,17.5,L,STAT,2024-10-24 01:56,2024-10-24 02:09,2024-10-24 03:12
LAB720113,ENC108465,PT13081,GLU,Glucose,106,mg/dL,70,99,H,STAT,2024-10-24 03:08,2024-10-24 03:25,2024-10-24 03:48
LAB720114,ENC108465,PT13081,CREAT,Creatinine,0.63,mg/dL,0.6,1.3,N,Routine,2024-10-24 03:23,2024-10-24 03:27,2024-10-24 05:59
LAB720115,ENC108465,PT13081,WBC,White Blood Cell Count,5.6,K/uL,4.5,11,N,Routine,2024-10-24 02:53,2024-10-24 03:04,2024-10-24 05:36
LAB720116,ENC108465,PT13081,HGB,Hemoglobin,12.9,g/dL,12,17.5,N,STAT,2024-10-24 02:21,2024-10-24 02:34,2024-10-24 03:22
LAB720117,ENC108465,PT13081,NA,Sodium,144,mmol/L,136,145,N,Routine,2024-10-24 03:20,2024-10-24 03:25,2024-10-24 06:02
LAB720118,ENC108465,PT13081,K,Potassium,4.2,mmol/L,3.5,5.1,N,STAT,2024-10-24 03:20,2024-10-24 03:39,2024-10-24 04:41
LAB720119,ENC108466,PT13103,GLU,Glucose,84,mg/dL,70,99,N,STAT,2024-10-24 04:18,2024-10-24 04:51,2024-10-24 05:27
LAB720120,ENC108466,PT13103,CREAT,Creatinine,0.8,mg/dL,0.6,1.3,N,Routine,2024-10-24 04:05,2024-10-24 04:17,2024-10-24 06:15
LAB720121,ENC108466,PT13103,WBC,White Blood Cell Count,11.4,K/uL,4.5,11,H,STAT,2024-10-24 04:52,2024-10-24 05:20,2024-10-24 06:29
LAB720122,ENC108466,PT13103,HGB,Hemoglobin,14.3,g/dL,12,17.5,N,STAT,2024-10-24 04:05,2024-10-24 04:33,2024-10-24 05:25
LAB720123,ENC108466,PT13103,NA,Sodium,138,mmol/L,136,145,N,Routine,2024-10-24 04:32,2024-10-24 04:47,2024-10-24 06:57
LAB720124,ENC108466,PT13103,K,Potassium,4.8,mmol/L,3.5,5.1,N,STAT,2024-10-24 04:25,2024-10-24 04:44,2024-10-24 05:44
LAB720125,ENC108467,PT13610,GLU,Glucose,109,mg/dL,70,99,H,Routine,2024-10-24 03:34,2024-10-24 03:55,2024-10-24 07:00
LAB720126,ENC108467,PT13610,CREAT,Creatinine,1.1,mg/dL,0.6,1.3,N,Routine,2024-10-24 03:21,2024-10-24 03:36,2024-10-24 06:16
LAB720127,ENC108468,PT13379,GLU,Glucose,120,mg/dL,70,99,H,STAT,2024-10-24 04:12,2024-10-24 04:25,2024-10-24 05:54
LAB720128,ENC108468,PT13379,CREAT,Creatinine,0.99,mg/dL,0.6,1.3,N,STAT,2024-10-24 04:28,2024-10-24 04:38,2024-10-24 05:01
LAB720129,ENC108468,PT13379,WBC,White Blood Cell Count,10.2,K/uL,4.5,11,N,STAT,2024-10-24 03:41,2024-10-24 04:08,2024-10-24 04:37
LAB720130,ENC108468,PT13379,HGB,Hemoglobin,13.7,g/dL,12,17.5,N,STAT,2024-10-24 04:13,2024-10-24 04:37,2024-10-24 05:45
LAB720131,ENC108469,PT11794,GLU,Glucose,128,mg/dL,70,99,H,STAT,2024-10-24 10:18,2024-10-24 10:38,2024-10-24 11:12
LAB720132,ENC108469,PT11794,CREAT,Creatinine,0.66,mg/dL,0.6,1.3,N,Routine,2024-10-24 10:50,2024-10-24 11:09,2024-10-24 13:05
LAB720133,ENC108469,PT11794,WBC,White Blood Cell Count,7.1,K/uL,4.5,11,N,STAT,2024-10-24 10:19,2024-10-24 10:52,2024-10-24 11:25
LAB720134,ENC108469,PT11794,HGB,Hemoglobin,13.7,g/dL,12,17.5,N,Routine,2024-10-24 10:39,2024-10-24 11:05,2024-10-24 15:00
LAB720135,ENC108469,PT11794,TROP,"Troponin I, High Sensitivity",9,ng/L,0,34,N,STAT,2024-10-24 09:58,2024-10-24 10:15,2024-10-24 11:04
LAB720136,ENC108469,PT11794,BNP,B-Type Natriuretic Peptide,544,pg/mL,0,100,H,STAT,2024-10-24 10:39,2024-10-24 11:12,2024-10-24 11:58
LAB720137,ENC108471,PT10441,GLU,Glucose,114,mg/dL,70,99,H,STAT,2024-10-24 09:16,2024-10-24 09:26,2024-10-24 10:33
LAB720138,ENC108471,PT10441,CREAT,Creatinine,1.27,mg/dL,0.6,1.3,N,STAT,2024-10-24 09:30,2024-10-24 09:38,2024-10-24 10:44
LAB720139,ENC108471,PT10441,WBC,White Blood Cell Count,7.9,K/uL,4.5,11,N,Routine,2024-10-24 09:44,2024-10-24 09:55,2024-10-24 11:30
LAB720140,ENC108471,PT10441,HGB,Hemoglobin,9.1,g/dL,12,17.5,L,Routine,2024-10-24 09:07,2024-10-24 09:13,2024-10-24 11:13
LAB720141,ENC108472,PT13751,A1C,Hemoglobin A1c,7.7,%,4,5.6,H,Routine,2024-10-24 10:14,2024-10-24 10:48,2024-10-24 23:08
LAB720142,ENC108479,PT12551,A1C,Hemoglobin A1c,5.6,%,4,5.6,N,Routine,2024-10-24 12:24,2024-10-24 12:36,2024-10-25 07:12
LAB720143,ENC108479,PT12551,GLU,Glucose,102,mg/dL,70,99,H,Routine,2024-10-24 12:34,2024-10-24 12:50,2024-10-24 16:52
LAB720144,ENC108479,PT12551,CREAT,Creatinine,1.41,mg/dL,0.6,1.3,H,Routine,2024-10-24 12:34,2024-10-24 12:51,2024-10-24 14:15
LAB720145,ENC108483,PT11931,GLU,Glucose,100,mg/dL,70,99,H,Routine,2024-10-24 13:42,2024-10-24 14:03,2024-10-24 15:59
LAB720146,ENC108483,PT11931,CREAT,Creatinine,1.03,mg/dL,0.6,1.3,N,STAT,2024-10-24 12:54,2024-10-24 13:16,2024-10-24 14:02
LAB720147,ENC108483,PT11931,WBC,White Blood Cell Count,8,K/uL,4.5,11,N,STAT,2024-10-24 13:28,2024-10-24 13:43,2024-10-24 14:12
LAB720148,ENC108483,PT11931,HGB,Hemoglobin,14.8,g/dL,12,17.5,N,STAT,2024-10-24 13:36,2024-10-24 13:54,2024-10-24 15:10
LAB720149,ENC108483,PT11931,TROP,"Troponin I, High Sensitivity",9,ng/L,0,34,N,STAT,2024-10-24 13:54,2024-10-24 14:29,2024-10-24 15:18
LAB720150,ENC108484,PT12889,LDL,LDL Cholesterol,121,mg/dL,0,99,H,Routine,2024-10-24 13:35,2024-10-24 14:00,2024-10-25 17:02
LAB720151,ENC108484,PT12889,TSH,Thyroid Stimulating Hormone,1.63,mIU/L,0.4,4,N,Routine,2024-10-24 13:52,2024-10-24 14:16,2024-10-24 23:36
LAB720152,ENC108485,PT11245,GLU,Glucose,116,mg/dL,70,99,H,Routine,2024-10-24 14:24,2024-10-24 14:58,2024-10-24 18:08
LAB720153,ENC108485,PT11245,CREAT,Creatinine,0.54,mg/dL,0.6,1.3,L,STAT,2024-10-24 14:11,2024-10-24 14:37,2024-10-24 15:16
LAB720154,ENC108485,PT11245,WBC,White Blood Cell Count,6.2,K/uL,4.5,11,N,STAT,2024-10-24 14:24,2024-10-24 14:46,2024-10-24 16:05
LAB720155,ENC108487,PT10434,GLU,Glucose,106,mg/dL,70,99,H,STAT,2024-10-24 14:01,2024-10-24 14:10,2024-10-24 15:19
LAB720156,ENC108487,PT10434,CREAT,Creatinine,1.19,mg/dL,0.6,1.3,N,Routine,2024-10-24 14:55,2024-10-24 15:04,2024-10-24 20:57
LAB720157,ENC108487,PT10434,WBC,White Blood Cell Count,7.7,K/uL,4.5,11,N,STAT,2024-10-24 14:58,2024-10-24 15:18,2024-10-24 16:18
LAB720158,ENC108487,PT10434,INR,Prothrombin Time INR,1.1,ratio,0.8,1.2,N,STAT,2024-10-24 15:01,2024-10-24 15:29,2024-10-24 16:20
LAB720159,ENC108489,PT13548,GLU,Glucose,495,mg/dL,70,99,H,Routine,2024-10-24 18:46,2024-10-24 19:21,2024-10-25 00:04
LAB720160,ENC108489,PT13548,CREAT,Creatinine,0.38,mg/dL,0.6,1.3,L,Routine,2024-10-24 18:50,2024-10-24 19:08,2024-10-24 20:37
LAB720161,ENC108489,PT13548,WBC,White Blood Cell Count,5.9,K/uL,4.5,11,N,Routine,2024-10-24 18:47,2024-10-24 18:55,2024-10-25 00:32
LAB720162,ENC108489,PT13548,HGB,Hemoglobin,13.8,g/dL,12,17.5,N,STAT,2024-10-24 17:53,2024-10-24 18:27,2024-10-24 19:24
LAB720163,ENC108489,PT13548,NA,Sodium,137,mmol/L,136,145,N,Routine,2024-10-24 17:51,2024-10-24 18:01,2024-10-24 23:56
LAB720164,ENC108489,PT13548,K,Potassium,4.3,mmol/L,3.5,5.1,N,STAT,2024-10-24 18:40,2024-10-24 18:55,2024-10-24 19:32
LAB720165,ENC108489,PT13548,BUN,Blood Urea Nitrogen,12,mg/dL,7,20,N,STAT,2024-10-24 18:34,2024-10-24 18:38,2024-10-24 19:24
LAB720166,ENC108489,PT13548,PLT,Platelet Count,315,K/uL,150,400,N,STAT,2024-10-24 18:26,2024-10-24 19:01,2024-10-24 19:36
LAB720167,ENC108489,PT13548,A1C,Hemoglobin A1c,12.8,%,4,5.6,H,Routine,2024-10-24 18:10,2024-10-24 18:14,2024-10-25 11:56
LAB720168,ENC108491,PT12905,A1C,Hemoglobin A1c,8.6,%,4,5.6,H,Routine,2024-10-24 14:39,2024-10-24 15:11,2024-10-25 04:45
LAB720169,ENC108491,PT12905,GLU,Glucose,37,mg/dL,70,99,LL,Routine,2024-10-24 14:58,2024-10-24 15:32,2024-10-24 18:56
LAB720170,ENC108491,PT12905,CREAT,Creatinine,0.88,mg/dL,0.6,1.3,N,Routine,2024-10-24 14:51,2024-10-24 15:07,2024-10-24 17:36
LAB720171,ENC108492,PT11471,LDL,LDL Cholesterol,129,mg/dL,0,99,H,Routine,2024-10-24 15:02,2024-10-24 15:22,2024-10-25 05:27
LAB720172,ENC108494,PT12382,LDL,LDL Cholesterol,131,mg/dL,0,99,H,Routine,2024-10-24 15:45,2024-10-24 16:13,2024-10-25 14:42
LAB720173,ENC108496,PT12035,LDL,LDL Cholesterol,177,mg/dL,0,99,H,Routine,2024-10-24 15:52,2024-10-24 16:15,2024-10-25 04:03
LAB720174,ENC108500,PT10496,GLU,Glucose,111,mg/dL,70,99,H,Routine,2024-10-24 17:46,2024-10-24 17:54,2024-10-25 00:20
LAB720175,ENC108500,PT10496,CREAT,Creatinine,0.81,mg/dL,0.6,1.3,N,Routine,2024-10-24 18:22,2024-10-24 18:40,2024-10-24 23:26
LAB720176,ENC108500,PT10496,WBC,White Blood Cell Count,22.9,K/uL,4.5,11,H,STAT,2024-10-24 17:40,2024-10-24 17:52,2024-10-24 18:29
LAB720177,ENC108500,PT10496,HGB,Hemoglobin,9.2,g/dL,12,17.5,L,STAT,2024-10-24 17:47,2024-10-24 18:15,2024-10-24 18:56
LAB720178,ENC108502,PT12360,GLU,Glucose,211,mg/dL,70,99,H,STAT,2024-10-24 20:54,2024-10-24 21:23,2024-10-24 22:29
LAB720179,ENC108502,PT12360,CREAT,Creatinine,0.93,mg/dL,0.6,1.3,N,STAT,2024-10-24 21:08,2024-10-24 21:15,2024-10-24 22:02
LAB720180,ENC108502,PT12360,WBC,White Blood Cell Count,12.3,K/uL,4.5,11,H,Routine,2024-10-24 21:44,2024-10-24 22:05,2024-10-25 00:40
LAB720181,ENC108502,PT12360,HGB,Hemoglobin,13.8,g/dL,12,17.5,N,STAT,2024-10-24 21:26,2024-10-24 21:54,2024-10-24 23:41
LAB720182,ENC108504,PT11768,GLU,Glucose,92,mg/dL,70,99,N,STAT,2024-10-25 00:08,2024-10-25 00:32,2024-10-25 01:07
LAB720183,ENC108504,PT11768,CREAT,Creatinine,0.71,mg/dL,0.6,1.3,N,Routine,2024-10-25 00:29,2024-10-25 01:01,2024-10-25 06:30
LAB720184,ENC108504,PT11768,WBC,White Blood Cell Count,7.8,K/uL,4.5,11,N,STAT,2024-10-25 01:08,2024-10-25 01:14,2024-10-25 01:54
LAB720185,ENC108504,PT11768,HGB,Hemoglobin,13.7,g/dL,12,17.5,N,STAT,2024-10-25 00:43,2024-10-25 01:00,2024-10-25 01:44
LAB720186,ENC108504,PT11768,NA,Sodium,142,mmol/L,136,145,N,STAT,2024-10-25 00:13,2024-10-25 00:46,2024-10-25 01:12
LAB720187,ENC108504,PT11768,K,Potassium,3.7,mmol/L,3.5,5.1,N,STAT,2024-10-25 00:59,2024-10-25 01:23,2024-10-25 01:47
LAB720188,ENC108505,PT12556,GLU,Glucose,85,mg/dL,70,99,N,STAT,2024-10-25 01:41,2024-10-25 02:14,2024-10-25 02:41
LAB720189,ENC108505,PT12556,CREAT,Creatinine,1.14,mg/dL,0.6,1.3,N,STAT,2024-10-25 01:33,2024-10-25 01:39,2024-10-25 02:03
LAB720190,ENC108505,PT12556,WBC,White Blood Cell Count,8.9,K/uL,4.5,11,N,Routine,2024-10-25 01:15,2024-10-25 01:35,2024-10-25 04:16
LAB720191,ENC108505,PT12556,HGB,Hemoglobin,14.7,g/dL,12,17.5,N,STAT,2024-10-25 01:14,2024-10-25 01:33,2024-10-25 02:13
LAB720192,ENC108507,PT11909,GLU,Glucose,102,mg/dL,70,99,H,STAT,2024-10-25 05:40,2024-10-25 05:55,2024-10-25 06:14
LAB720193,ENC108507,PT11909,CREAT,Creatinine,0.8,mg/dL,0.6,1.3,N,Routine,2024-10-25 05:12,2024-10-25 05:40,2024-10-25 09:20
LAB720194,ENC108507,PT11909,WBC,White Blood Cell Count,6.7,K/uL,4.5,11,N,Routine,2024-10-25 05:02,2024-10-25 05:32,2024-10-25 09:30
LAB720195,ENC108507,PT11909,HGB,Hemoglobin,14.2,g/dL,12,17.5,N,Routine,2024-10-25 05:04,2024-10-25 05:17,2024-10-25 06:47
LAB720196,ENC108507,PT11909,TROP,"Troponin I, High Sensitivity",36,ng/L,0,34,H,STAT,2024-10-25 04:52,2024-10-25 05:09,2024-10-25 05:53
LAB720197,ENC108507,PT11909,BNP,B-Type Natriuretic Peptide,228,pg/mL,0,100,H,Routine,2024-10-25 05:44,2024-10-25 06:18,2024-10-25 07:49
LAB720198,ENC108508,PT12502,GLU,Glucose,115,mg/dL,70,99,H,STAT,2024-10-25 05:27,2024-10-25 05:43,2024-10-25 06:06
LAB720199,ENC108508,PT12502,CREAT,Creatinine,4.17,mg/dL,0.6,1.3,H,Routine,2024-10-25 05:47,2024-10-25 06:05,2024-10-25 09:16
LAB720200,ENC108508,PT12502,WBC,White Blood Cell Count,6.9,K/uL,4.5,11,N,STAT,2024-10-25 06:10,2024-10-25 06:20,2024-10-25 07:00
LAB720201,ENC108508,PT12502,HGB,Hemoglobin,10.2,g/dL,12,17.5,L,STAT,2024-10-25 05:58,2024-10-25 06:12,2024-10-25 06:43
LAB720202,ENC108508,PT12502,NA,Sodium,141,mmol/L,136,145,N,STAT,2024-10-25 06:10,2024-10-25 06:21,2024-10-25 06:50
LAB720203,ENC108508,PT12502,K,Potassium,5.6,mmol/L,3.5,5.1,H,STAT,2024-10-25 05:19,2024-10-25 05:50,2024-10-25 06:49
LAB720204,ENC108509,PT10660,GLU,Glucose,207,mg/dL,70,99,H,Routine,2024-10-25 05:54,2024-10-25 06:28,2024-10-25 08:13
LAB720205,ENC108509,PT10660,CREAT,Creatinine,0.94,mg/dL,0.6,1.3,N,STAT,2024-10-25 05:52,2024-10-25 06:09,2024-10-25 06:29
LAB720206,ENC108509,PT10660,WBC,White Blood Cell Count,7.8,K/uL,4.5,11,N,STAT,2024-10-25 04:47,2024-10-25 05:10,2024-10-25 06:36
LAB720207,ENC108509,PT10660,HGB,Hemoglobin,13.3,g/dL,12,17.5,N,STAT,2024-10-25 05:15,2024-10-25 05:24,2024-10-25 06:00
LAB720208,ENC108510,PT13919,GLU,Glucose,122,mg/dL,70,99,H,STAT,2024-10-25 10:36,2024-10-25 10:56,2024-10-25 11:32
LAB720209,ENC108510,PT13919,CREAT,Creatinine,0.85,mg/dL,0.6,1.3,N,STAT,2024-10-25 10:14,2024-10-25 10:28,2024-10-25 10:49
LAB720210,ENC108510,PT13919,WBC,White Blood Cell Count,6.6,K/uL,4.5,11,N,STAT,2024-10-25 10:32,2024-10-25 10:52,2024-10-25 11:35
LAB720211,ENC108510,PT13919,HGB,Hemoglobin,14,g/dL,12,17.5,N,Routine,2024-10-25 09:51,2024-10-25 10:23,2024-10-25 12:23
LAB720212,ENC108510,PT13919,NA,Sodium,141,mmol/L,136,145,N,STAT,2024-10-25 10:07,2024-10-25 10:40,2024-10-25 11:31
LAB720213,ENC108510,PT13919,K,Potassium,3.8,mmol/L,3.5,5.1,N,STAT,2024-10-25 10:17,2024-10-25 10:40,2024-10-25 11:37
LAB720214,ENC108511,PT11901,A1C,Hemoglobin A1c,5.9,%,4,5.6,H,Routine,2024-10-25 08:28,2024-10-25 08:33,2024-10-25 21:31
LAB720215,ENC108513,PT13228,GLU,Glucose,86,mg/dL,70,99,N,STAT,2024-10-25 09:37,2024-10-25 09:41,2024-10-25 10:11
LAB720216,ENC108513,PT13228,CREAT,Creatinine,0.54,mg/dL,0.6,1.3,L,Routine,2024-10-25 09:04,2024-10-25 09:30,2024-10-25 11:52
LAB720217,ENC108513,PT13228,WBC,White Blood Cell Count,8.4,K/uL,4.5,11,N,Routine,2024-10-25 09:33,2024-10-25 09:58,2024-10-25 14:58
LAB720218,ENC108514,PT11453,GLU,Glucose,113,mg/dL,70,99,H,Routine,2024-10-25 14:37,2024-10-25 15:10,2024-10-25 16:39
LAB720219,ENC108514,PT11453,CREAT,Creatinine,0.95,mg/dL,0.6,1.3,N,Routine,2024-10-25 14:02,2024-10-25 14:33,2024-10-25 16:49
LAB720220,ENC108514,PT11453,WBC,White Blood Cell Count,10,K/uL,4.5,11,N,STAT,2024-10-25 14:13,2024-10-25 14:26,2024-10-25 14:59
LAB720221,ENC108514,PT11453,HGB,Hemoglobin,14.4,g/dL,12,17.5,N,STAT,2024-10-25 13:45,2024-10-25 14:17,2024-10-25 15:06
LAB720222,ENC108515,PT12092,GLU,Glucose,121,mg/dL,70,99,H,STAT,2024-10-25 09:52,2024-10-25 10:08,2024-10-25 10:40
LAB720223,ENC108515,PT12092,CREAT,Creatinine,1.05,mg/dL,0.6,1.3,N,STAT,2024-10-25 09:28,2024-10-25 09:46,2024-10-25 11:16
LAB720224,ENC108515,PT12092,WBC,White Blood Cell Count,7.3,K/uL,4.5,11,N,Routine,2024-10-25 10:28,2024-10-25 10:32,2024-10-25 12:11
LAB720225,ENC108518,PT13903,LDL,LDL Cholesterol,100,mg/dL,0,99,H,Routine,2024-10-25 11:08,2024-10-25 11:34,2024-10-25 17:18
LAB720226,ENC108518,PT13903,A1C,Hemoglobin A1c,7.2,%,4,5.6,H,Routine,2024-10-25 10:52,2024-10-25 11:22,2024-10-26 03:56
LAB720227,ENC108518,PT13903,TSH,Thyroid Stimulating Hormone,2.32,mIU/L,0.4,4,N,Routine,2024-10-25 10:55,2024-10-25 11:13,2024-10-25 19:43
LAB720228,ENC108520,PT12958,LDL,LDL Cholesterol,141,mg/dL,0,99,H,Routine,2024-10-25 11:05,2024-10-25 11:40,2024-10-26 00:32
LAB720229,ENC108522,PT11878,LDL,LDL Cholesterol,182,mg/dL,0,99,H,Routine,2024-10-25 12:07,2024-10-25 12:36,2024-10-27 01:33
LAB720230,ENC108522,PT11878,A1C,Hemoglobin A1c,5.6,%,4,5.6,N,Routine,2024-10-25 12:09,2024-10-25 12:42,2024-10-26 11:05
LAB720231,ENC108523,PT10902,WBC,White Blood Cell Count,7.9,K/uL,4.5,11,N,Routine,2024-10-25 13:45,2024-10-25 14:09,2024-10-25 18:45
LAB720232,ENC108523,PT10902,HGB,Hemoglobin,10.6,g/dL,12,17.5,L,Routine,2024-10-25 13:38,2024-10-25 13:44,2024-10-25 19:49
LAB720233,ENC108523,PT10902,PLT,Platelet Count,288,K/uL,150,400,N,Routine,2024-10-25 13:41,2024-10-25 13:58,2024-10-25 16:24
LAB720234,ENC108524,PT11632,A1C,Hemoglobin A1c,6.7,%,4,5.6,H,Routine,2024-10-25 13:45,2024-10-25 14:12,2024-10-26 06:09
LAB720235,ENC108525,PT11357,GLU,Glucose,134,mg/dL,70,99,H,STAT,2024-10-25 16:23,2024-10-25 16:42,2024-10-25 18:31
LAB720236,ENC108525,PT11357,CREAT,Creatinine,1.11,mg/dL,0.6,1.3,N,Routine,2024-10-25 16:40,2024-10-25 17:15,2024-10-25 18:42
LAB720237,ENC108525,PT11357,WBC,White Blood Cell Count,3.6,K/uL,4.5,11,L,STAT,2024-10-25 16:41,2024-10-25 16:52,2024-10-25 17:56
LAB720238,ENC108525,PT11357,HGB,Hemoglobin,11.7,g/dL,12,17.5,L,STAT,2024-10-25 16:48,2024-10-25 16:55,2024-10-25 17:53
LAB720239,ENC108529,PT12532,GLU,Glucose,108,mg/dL,70,99,H,Routine,2024-10-25 20:15,2024-10-25 20:39,2024-10-25 21:44
LAB720240,ENC108529,PT12532,CREAT,Creatinine,0.73,mg/dL,0.6,1.3,N,STAT,2024-10-25 20:13,2024-10-25 20:46,2024-10-25 21:20
LAB720241,ENC108529,PT12532,WBC,White Blood Cell Count,5.7,K/uL,4.5,11,N,STAT,2024-10-25 19:37,2024-10-25 19:47,2024-10-25 20:13
LAB720242,ENC108529,PT12532,HGB,Hemoglobin,14.6,g/dL,12,17.5,N,Routine,2024-10-25 20:00,2024-10-25 20:22,2024-10-26 00:23
LAB720243,ENC108530,PT12341,TROP,"Troponin I, High Sensitivity",3,ng/L,0,34,N,STAT,2024-10-25 17:32,2024-10-25 17:53,2024-10-25 18:18
LAB720244,ENC108531,PT12365,GLU,Glucose,62,mg/dL,70,99,L,STAT,2024-10-25 21:49,2024-10-25 22:11,2024-10-25 22:47
LAB720245,ENC108531,PT12365,CREAT,Creatinine,0.81,mg/dL,0.6,1.3,N,Routine,2024-10-25 22:01,2024-10-25 22:25,2024-10-26 02:52
LAB720246,ENC108531,PT12365,WBC,White Blood Cell Count,6.9,K/uL,4.5,11,N,Routine,2024-10-25 22:02,2024-10-25 22:09,2024-10-26 01:09
LAB720247,ENC108531,PT12365,HGB,Hemoglobin,11.6,g/dL,12,17.5,L,STAT,2024-10-25 22:17,2024-10-25 22:52,2024-10-25 23:12
LAB720248,ENC108531,PT12365,TROP,"Troponin I, High Sensitivity",3,ng/L,0,34,N,STAT,2024-10-25 22:10,2024-10-25 22:38,2024-10-25 23:11
LAB720249,ENC108532,PT12007,GLU,Glucose,143,mg/dL,70,99,H,Routine,2024-10-25 20:44,2024-10-25 20:59,2024-10-26 00:31
LAB720250,ENC108532,PT12007,CREAT,Creatinine,0.74,mg/dL,0.6,1.3,N,STAT,2024-10-25 19:48,2024-10-25 20:18,2024-10-25 21:05
LAB720251,ENC108532,PT12007,WBC,White Blood Cell Count,11.1,K/uL,4.5,11,H,Routine,2024-10-25 19:48,2024-10-25 19:57,2024-10-26 00:17
LAB720252,ENC108532,PT12007,HGB,Hemoglobin,12.8,g/dL,12,17.5,N,STAT,2024-10-25 20:32,2024-10-25 20:49,2024-10-25 21:20
LAB720253,ENC108533,PT13063,GLU,Glucose,187,mg/dL,70,99,H,Routine,2024-10-26 00:37,2024-10-26 01:08,2024-10-26 02:53
LAB720254,ENC108533,PT13063,CREAT,Creatinine,0.85,mg/dL,0.6,1.3,N,STAT,2024-10-26 00:46,2024-10-26 01:16,2024-10-26 03:02
LAB720255,ENC108533,PT13063,WBC,White Blood Cell Count,12,K/uL,4.5,11,H,STAT,2024-10-25 23:55,2024-10-26 00:04,2024-10-26 01:00
LAB720256,ENC108533,PT13063,HGB,Hemoglobin,13,g/dL,12,17.5,N,STAT,2024-10-26 00:50,2024-10-26 01:24,2024-10-26 02:50
LAB720257,ENC108533,PT13063,NA,Sodium,136,mmol/L,136,145,N,STAT,2024-10-26 00:57,2024-10-26 01:21,2024-10-26 01:53
LAB720258,ENC108533,PT13063,K,Potassium,4.5,mmol/L,3.5,5.1,N,STAT,2024-10-26 00:31,2024-10-26 00:37,2024-10-26 01:44
LAB720259,ENC108533,PT13063,LACT,Lactate,1.9,mmol/L,0.5,2,N,STAT,2024-10-26 00:05,2024-10-26 00:32,2024-10-26 01:09
LAB720260,ENC108534,PT13999,GLU,Glucose,114,mg/dL,70,99,H,Routine,2024-10-26 09:44,2024-10-26 09:54,2024-10-26 12:42
LAB720261,ENC108534,PT13999,CREAT,Creatinine,1.84,mg/dL,0.6,1.3,H,STAT,2024-10-26 10:09,2024-10-26 10:40,2024-10-26 10:56
LAB720262,ENC108534,PT13999,WBC,White Blood Cell Count,6.7,K/uL,4.5,11,N,STAT,2024-10-26 09:30,2024-10-26 09:34,2024-10-26 10:13
LAB720263,ENC108534,PT13999,HGB,Hemoglobin,10.9,g/dL,12,17.5,L,Routine,2024-10-26 10:03,2024-10-26 10:29,2024-10-26 12:32
LAB720264,ENC108535,PT12429,GLU,Glucose,215,mg/dL,70,99,H,Routine,2024-10-26 10:45,2024-10-26 11:11,2024-10-26 12:38
LAB720265,ENC108535,PT12429,CREAT,Creatinine,0.67,mg/dL,0.6,1.3,N,STAT,2024-10-26 10:34,2024-10-26 10:44,2024-10-26 11:42
LAB720266,ENC108535,PT12429,WBC,White Blood Cell Count,6.9,K/uL,4.5,11,N,Routine,2024-10-26 10:53,2024-10-26 11:14,2024-10-26 14:45
LAB720267,ENC108535,PT12429,HGB,Hemoglobin,16.7,g/dL,12,17.5,N,Routine,2024-10-26 10:21,2024-10-26 10:45,2024-10-26 16:03
LAB720268,ENC108535,PT12429,NA,Sodium,138,mmol/L,136,145,N,STAT,2024-10-26 10:57,2024-10-26 11:32,2024-10-26 11:57
LAB720269,ENC108535,PT12429,K,Potassium,4.1,mmol/L,3.5,5.1,N,STAT,2024-10-26 10:31,2024-10-26 10:40,2024-10-26 11:31
LAB720270,ENC108537,PT10998,GLU,Glucose,116,mg/dL,70,99,H,Routine,2024-10-26 12:33,2024-10-26 12:41,2024-10-26 17:02
LAB720271,ENC108537,PT10998,CREAT,Creatinine,0.48,mg/dL,0.6,1.3,L,Routine,2024-10-26 12:29,2024-10-26 13:00,2024-10-26 16:58
LAB720272,ENC108537,PT10998,WBC,White Blood Cell Count,6.8,K/uL,4.5,11,N,Routine,2024-10-26 12:20,2024-10-26 12:44,2024-10-26 14:16
LAB720273,ENC108537,PT10998,HGB,Hemoglobin,11.9,g/dL,12,17.5,L,STAT,2024-10-26 12:12,2024-10-26 12:27,2024-10-26 13:29
LAB720274,ENC108539,PT10415,GLU,Glucose,114,mg/dL,70,99,H,Routine,2024-10-26 13:12,2024-10-26 13:25,2024-10-26 14:46
LAB720275,ENC108539,PT10415,CREAT,Creatinine,0.38,mg/dL,0.6,1.3,L,STAT,2024-10-26 12:38,2024-10-26 12:52,2024-10-26 13:36
LAB720276,ENC108539,PT10415,WBC,White Blood Cell Count,13.4,K/uL,4.5,11,H,STAT,2024-10-26 13:15,2024-10-26 13:38,2024-10-26 14:20
LAB720277,ENC108539,PT10415,HGB,Hemoglobin,12.1,g/dL,12,17.5,N,Routine,2024-10-26 13:04,2024-10-26 13:28,2024-10-26 15:20
LAB720278,ENC108540,PT11209,GLU,Glucose,155,mg/dL,70,99,H,Routine,2024-10-26 14:00,2024-10-26 14:27,2024-10-26 16:57
LAB720279,ENC108540,PT11209,CREAT,Creatinine,1.16,mg/dL,0.6,1.3,N,Routine,2024-10-26 14:06,2024-10-26 14:34,2024-10-26 15:56
LAB720280,ENC108540,PT11209,WBC,White Blood Cell Count,4.3,K/uL,4.5,11,L,STAT,2024-10-26 14:33,2024-10-26 14:46,2024-10-26 16:59
LAB720281,ENC108540,PT11209,HGB,Hemoglobin,13.5,g/dL,12,17.5,N,Routine,2024-10-26 14:43,2024-10-26 15:16,2024-10-26 17:35
LAB720282,ENC108540,PT11209,NA,Sodium,140,mmol/L,136,145,N,STAT,2024-10-26 14:11,2024-10-26 14:27,2024-10-26 16:30
LAB720283,ENC108540,PT11209,K,Potassium,4,mmol/L,3.5,5.1,N,STAT,2024-10-26 14:35,2024-10-26 15:00,2024-10-26 16:02
LAB720284,ENC108540,PT11209,TROP,"Troponin I, High Sensitivity",61,ng/L,0,34,H,STAT,2024-10-26 14:56,2024-10-26 15:09,2024-10-26 15:36
LAB720285,ENC108540,PT11209,BNP,B-Type Natriuretic Peptide,670,pg/mL,0,100,H,Routine,2024-10-26 13:50,2024-10-26 14:10,2024-10-26 17:49
LAB720286,ENC108543,PT12231,GLU,Glucose,103,mg/dL,70,99,H,STAT,2024-10-26 15:46,2024-10-26 16:07,2024-10-26 16:52
LAB720287,ENC108543,PT12231,CREAT,Creatinine,1.91,mg/dL,0.6,1.3,H,STAT,2024-10-26 16:07,2024-10-26 16:33,2024-10-26 17:20
LAB720288,ENC108543,PT12231,WBC,White Blood Cell Count,7.5,K/uL,4.5,11,N,Routine,2024-10-26 15:21,2024-10-26 15:29,2024-10-26 20:41
LAB720289,ENC108544,PT12163,GLU,Glucose,132,mg/dL,70,99,H,Routine,2024-10-26 23:55,2024-10-27 00:10,2024-10-27 03:49
LAB720290,ENC108544,PT12163,CREAT,Creatinine,2.86,mg/dL,0.6,1.3,H,Routine,2024-10-26 22:52,2024-10-26 23:23,2024-10-27 06:31
LAB720291,ENC108544,PT12163,WBC,White Blood Cell Count,5.1,K/uL,4.5,11,N,STAT,2024-10-26 23:09,2024-10-26 23:26,2024-10-26 23:55
LAB720292,ENC108544,PT12163,HGB,Hemoglobin,10.3,g/dL,12,17.5,L,Routine,2024-10-26 22:58,2024-10-26 23:08,2024-10-27 01:21
LAB720293,ENC108544,PT12163,NA,Sodium,125,mmol/L,136,145,L,Routine,2024-10-26 23:54,2024-10-27 00:07,2024-10-27 03:17
LAB720294,ENC108544,PT12163,K,Potassium,4.1,mmol/L,3.5,5.1,N,STAT,2024-10-26 23:03,2024-10-26 23:14,2024-10-27 00:02
LAB720295,ENC108545,PT12592,GLU,Glucose,105,mg/dL,70,99,H,STAT,2024-10-26 21:14,2024-10-26 21:44,2024-10-26 22:34
LAB720296,ENC108545,PT12592,CREAT,Creatinine,0.59,mg/dL,0.6,1.3,L,STAT,2024-10-26 21:46,2024-10-26 21:57,2024-10-26 22:14
LAB720297,ENC108545,PT12592,WBC,White Blood Cell Count,6.7,K/uL,4.5,11,N,STAT,2024-10-26 22:16,2024-10-26 22:25,2024-10-26 23:40
LAB720298,ENC108545,PT12592,HGB,Hemoglobin,15.1,g/dL,12,17.5,N,STAT,2024-10-26 21:49,2024-10-26 22:10,2024-10-26 23:32
LAB720299,ENC108546,PT12830,GLU,Glucose,93,mg/dL,70,99,N,Routine,2024-10-27 03:03,2024-10-27 03:21,2024-10-27 06:23
LAB720300,ENC108546,PT12830,CREAT,Creatinine,1.01,mg/dL,0.6,1.3,N,STAT,2024-10-27 03:59,2024-10-27 04:15,2024-10-27 05:45
LAB720301,ENC108546,PT12830,WBC,White Blood Cell Count,7.7,K/uL,4.5,11,N,STAT,2024-10-27 03:32,2024-10-27 03:51,2024-10-27 04:33
LAB720302,ENC108546,PT12830,HGB,Hemoglobin,12.9,g/dL,12,17.5,N,STAT,2024-10-27 04:06,2024-10-27 04:15,2024-10-27 04:47
LAB720303,ENC108546,PT12830,INR,Prothrombin Time INR,0.9,ratio,0.8,1.2,N,STAT,2024-10-27 03:58,2024-10-27 04:08,2024-10-27 04:38
LAB720304,ENC108547,PT10174,GLU,Glucose,99,mg/dL,70,99,N,STAT,2024-10-27 03:57,2024-10-27 04:31,2024-10-27 05:41
LAB720305,ENC108547,PT10174,CREAT,Creatinine,0.73,mg/dL,0.6,1.3,N,Routine,2024-10-27 04:51,2024-10-27 05:18,2024-10-27 10:04
LAB720306,ENC108549,PT11777,GLU,Glucose,115,mg/dL,70,99,H,STAT,2024-10-27 12:11,2024-10-27 12:18,2024-10-27 13:00
LAB720307,ENC108549,PT11777,CREAT,Creatinine,1.21,mg/dL,0.6,1.3,N,STAT,2024-10-27 12:30,2024-10-27 12:55,2024-10-27 14:03
LAB720308,ENC108549,PT11777,WBC,White Blood Cell Count,9.9,K/uL,4.5,11,N,STAT,2024-10-27 12:19,2024-10-27 12:23,2024-10-27 13:17
LAB720309,ENC108549,PT11777,HGB,Hemoglobin,15.9,g/dL,12,17.5,N,Routine,2024-10-27 12:01,2024-10-27 12:15,2024-10-27 15:46
LAB720310,ENC108549,PT11777,INR,Prothrombin Time INR,1,ratio,0.8,1.2,N,Routine,2024-10-27 11:57,2024-10-27 12:03,2024-10-27 14:31
LAB720311,ENC108552,PT11548,GLU,Glucose,117,mg/dL,70,99,H,Routine,2024-10-27 17:25,2024-10-27 17:54,2024-10-27 20:12
LAB720312,ENC108552,PT11548,CREAT,Creatinine,0.91,mg/dL,0.6,1.3,N,STAT,2024-10-27 16:47,2024-10-27 17:07,2024-10-27 17:38
LAB720313,ENC108552,PT11548,WBC,White Blood Cell Count,4.9,K/uL,4.5,11,N,STAT,2024-10-27 16:42,2024-10-27 17:14,2024-10-27 17:38
LAB720314,ENC108552,PT11548,HGB,Hemoglobin,13.2,g/dL,12,17.5,N,STAT,2024-10-27 16:22,2024-10-27 16:43,2024-10-27 17:25
LAB720315,ENC108553,PT12405,GLU,Glucose,279,mg/dL,70,99,H,STAT,2024-10-27 14:24,2024-10-27 14:28,2024-10-27 15:08
LAB720316,ENC108553,PT12405,CREAT,Creatinine,0.97,mg/dL,0.6,1.3,N,Routine,2024-10-27 14:36,2024-10-27 14:58,2024-10-27 20:04
LAB720317,ENC108553,PT12405,WBC,White Blood Cell Count,8.4,K/uL,4.5,11,N,STAT,2024-10-27 13:53,2024-10-27 14:20,2024-10-27 15:00
LAB720318,ENC108554,PT12317,GLU,Glucose,117,mg/dL,70,99,H,STAT,2024-10-27 16:25,2024-10-27 16:29,2024-10-27 17:10
LAB720319,ENC108554,PT12317,CREAT,Creatinine,2.79,mg/dL,0.6,1.3,H,Routine,2024-10-27 16:29,2024-10-27 16:36,2024-10-27 18:11
LAB720320,ENC108554,PT12317,WBC,White Blood Cell Count,10.7,K/uL,4.5,11,N,STAT,2024-10-27 16:10,2024-10-27 16:28,2024-10-27 18:03
LAB720321,ENC108554,PT12317,HGB,Hemoglobin,13.1,g/dL,12,17.5,N,Routine,2024-10-27 16:39,2024-10-27 17:12,2024-10-27 18:56
LAB720322,ENC108554,PT12317,NA,Sodium,139,mmol/L,136,145,N,Routine,2024-10-27 16:08,2024-10-27 16:21,2024-10-27 17:58
LAB720323,ENC108554,PT12317,K,Potassium,4.2,mmol/L,3.5,5.1,N,STAT,2024-10-27 16:12,2024-10-27 16:32,2024-10-27 17:03
LAB720324,ENC108557,PT10159,GLU,Glucose,96,mg/dL,70,99,N,STAT,2024-10-27 23:55,2024-10-28 00:06,2024-10-28 00:55
LAB720325,ENC108557,PT10159,CREAT,Creatinine,0.35,mg/dL,0.6,1.3,L,Routine,2024-10-28 00:47,2024-10-28 01:12,2024-10-28 03:36
LAB720326,ENC108557,PT10159,WBC,White Blood Cell Count,12.9,K/uL,4.5,11,H,STAT,2024-10-28 00:17,2024-10-28 00:46,2024-10-28 01:23
LAB720327,ENC108557,PT10159,HGB,Hemoglobin,13.3,g/dL,12,17.5,N,STAT,2024-10-28 00:19,2024-10-28 00:26,2024-10-28 01:07
LAB720328,ENC108558,PT11883,GLU,Glucose,274,mg/dL,70,99,H,STAT,2024-10-28 02:13,2024-10-28 02:20,2024-10-28 03:41
LAB720329,ENC108558,PT11883,CREAT,Creatinine,1.44,mg/dL,0.6,1.3,H,STAT,2024-10-28 02:21,2024-10-28 02:43,2024-10-28 03:11
LAB720330,ENC108558,PT11883,WBC,White Blood Cell Count,4.2,K/uL,4.5,11,L,Routine,2024-10-28 02:15,2024-10-28 02:24,2024-10-28 08:10
LAB720331,ENC108558,PT11883,HGB,Hemoglobin,13.9,g/dL,12,17.5,N,Routine,2024-10-28 01:28,2024-10-28 01:45,2024-10-28 02:42
LAB720332,ENC108558,PT11883,NA,Sodium,142,mmol/L,136,145,N,Routine,2024-10-28 01:19,2024-10-28 01:43,2024-10-28 11:53
LAB720333,ENC108558,PT11883,K,Potassium,3.9,mmol/L,3.5,5.1,N,STAT,2024-10-28 02:28,2024-10-28 02:51,2024-10-28 03:45
LAB720334,ENC108558,PT11883,LACT,Lactate,2.7,mmol/L,0.5,2,H,STAT,2024-10-28 01:48,2024-10-28 01:55,2024-10-28 02:27
LAB720335,ENC108559,PT11872,GLU,Glucose,96,mg/dL,70,99,N,Routine,2024-10-28 05:41,2024-10-28 05:47,2024-10-28 08:49
LAB720336,ENC108559,PT11872,CREAT,Creatinine,0.57,mg/dL,0.6,1.3,L,STAT,2024-10-28 05:37,2024-10-28 05:42,2024-10-28 06:09
LAB720337,ENC108559,PT11872,WBC,White Blood Cell Count,5.1,K/uL,4.5,11,N,Routine,2024-10-28 05:39,2024-10-28 05:58,2024-10-28 09:20
LAB720338,ENC108559,PT11872,HGB,Hemoglobin,12.8,g/dL,12,17.5,N,STAT,2024-10-28 05:55,2024-10-28 06:12,2024-10-28 06:57
LAB720339,ENC108560,PT10211,GLU,Glucose,87,mg/dL,70,99,N,Routine,2024-10-28 05:01,2024-10-28 05:33,2024-10-28 09:02
LAB720340,ENC108560,PT10211,CREAT,Creatinine,1.09,mg/dL,0.6,1.3,N,Routine,2024-10-28 04:37,2024-10-28 04:45,2024-10-28 08:54
LAB720341,ENC108560,PT10211,WBC,White Blood Cell Count,7.9,K/uL,4.5,11,N,STAT,2024-10-28 05:04,2024-10-28 05:17,2024-10-28 05:52
LAB720342,ENC108560,PT10211,HGB,Hemoglobin,14,g/dL,12,17.5,N,STAT,2024-10-28 04:45,2024-10-28 05:13,2024-10-28 05:47
LAB720343,ENC108561,PT12699,GLU,Glucose,85,mg/dL,70,99,N,STAT,2024-10-28 08:32,2024-10-28 09:06,2024-10-28 10:30
LAB720344,ENC108561,PT12699,CREAT,Creatinine,0.53,mg/dL,0.6,1.3,L,STAT,2024-10-28 08:34,2024-10-28 08:56,2024-10-28 09:55
LAB720345,ENC108561,PT12699,WBC,White Blood Cell Count,9.4,K/uL,4.5,11,N,Routine,2024-10-28 08:01,2024-10-28 08:35,2024-10-28 15:21
LAB720346,ENC108561,PT12699,HGB,Hemoglobin,15.6,g/dL,12,17.5,N,STAT,2024-10-28 07:37,2024-10-28 07:46,2024-10-28 08:44
LAB720347,ENC108563,PT11489,A1C,Hemoglobin A1c,9.9,%,4,5.6,H,Routine,2024-10-28 09:05,2024-10-28 09:21,2024-10-28 16:27
LAB720348,ENC108563,PT11489,GLU,Glucose,185,mg/dL,70,99,H,Routine,2024-10-28 09:02,2024-10-28 09:20,2024-10-28 10:39
LAB720349,ENC108563,PT11489,CREAT,Creatinine,1.22,mg/dL,0.6,1.3,N,Routine,2024-10-28 09:13,2024-10-28 09:37,2024-10-28 11:20
LAB720350,ENC108566,PT11181,A1C,Hemoglobin A1c,5.5,%,4,5.6,N,Routine,2024-10-28 11:29,2024-10-28 12:03,2024-10-29 11:12
LAB720351,ENC108567,PT10901,GLU,Glucose,177,mg/dL,70,99,H,Routine,2024-10-28 12:22,2024-10-28 12:35,2024-10-28 13:57
LAB720352,ENC108567,PT10901,CREAT,Creatinine,2.16,mg/dL,0.6,1.3,H,Routine,2024-10-28 11:50,2024-10-28 12:18,2024-10-28 13:58
LAB720353,ENC108567,PT10901,WBC,White Blood Cell Count,9.2,K/uL,4.5,11,N,Routine,2024-10-28 12:05,2024-10-28 12:15,2024-10-28 15:08
LAB720354,ENC108567,PT10901,HGB,Hemoglobin,13.2,g/dL,12,17.5,N,STAT,2024-10-28 11:55,2024-10-28 12:09,2024-10-28 13:05
LAB720355,ENC108567,PT10901,LACT,Lactate,1.7,mmol/L,0.5,2,N,STAT,2024-10-28 12:40,2024-10-28 12:57,2024-10-28 13:31
LAB720356,ENC108568,PT12112,A1C,Hemoglobin A1c,5.2,%,4,5.6,N,Routine,2024-10-28 12:28,2024-10-28 12:37,2024-10-29 05:59
LAB720357,ENC108568,PT12112,GLU,Glucose,102,mg/dL,70,99,H,Routine,2024-10-28 12:16,2024-10-28 12:30,2024-10-28 16:06
LAB720358,ENC108568,PT12112,CREAT,Creatinine,1.04,mg/dL,0.6,1.3,N,Routine,2024-10-28 12:22,2024-10-28 12:39,2024-10-28 16:18
LAB720359,ENC108569,PT10215,GLU,Glucose,244,mg/dL,70,99,H,Routine,2024-10-28 13:36,2024-10-28 13:55,2024-10-28 18:05
LAB720360,ENC108569,PT10215,CREAT,Creatinine,0.99,mg/dL,0.6,1.3,N,Routine,2024-10-28 13:33,2024-10-28 13:38,2024-10-28 17:24
LAB720361,ENC108569,PT10215,WBC,White Blood Cell Count,8.4,K/uL,4.5,11,N,STAT,2024-10-28 12:50,2024-10-28 13:15,2024-10-28 13:43
LAB720362,ENC108570,PT12603,GLU,Glucose,90,mg/dL,70,99,N,STAT,2024-10-28 13:33,2024-10-28 13:47,2024-10-28 15:43
LAB720363,ENC108570,PT12603,CREAT,Creatinine,0.39,mg/dL,0.6,1.3,L,STAT,2024-10-28 13:33,2024-10-28 13:53,2024-10-28 14:25
LAB720364,ENC108572,PT12007,LDL,LDL Cholesterol,127,mg/dL,0,99,H,Routine,2024-10-28 13:41,2024-10-28 14:15,2024-10-29 05:34
LAB720365,ENC108572,PT12007,A1C,Hemoglobin A1c,7,%,4,5.6,H,Routine,2024-10-28 13:48,2024-10-28 13:52,2024-10-29 10:50
LAB720366,ENC108573,PT11408,GLU,Glucose,93,mg/dL,70,99,N,STAT,2024-10-28 14:18,2024-10-28 14:32,2024-10-28 14:52
LAB720367,ENC108573,PT11408,CREAT,Creatinine,0.46,mg/dL,0.6,1.3,L,STAT,2024-10-28 13:47,2024-10-28 13:51,2024-10-28 14:43
LAB720368,ENC108573,PT11408,WBC,White Blood Cell Count,6.9,K/uL,4.5,11,N,STAT,2024-10-28 14:40,2024-10-28 14:44,2024-10-28 15:16
LAB720369,ENC108573,PT11408,HGB,Hemoglobin,12.7,g/dL,12,17.5,N,STAT,2024-10-28 14:32,2024-10-28 15:07,2024-10-28 15:54
LAB720370,ENC108574,PT13637,GLU,Glucose,94,mg/dL,70,99,N,STAT,2024-10-28 17:11,2024-10-28 17:21,2024-10-28 18:14
LAB720371,ENC108574,PT13637,CREAT,Creatinine,0.8,mg/dL,0.6,1.3,N,Routine,2024-10-28 16:41,2024-10-28 17:06,2024-10-28 19:32
LAB720372,ENC108574,PT13637,WBC,White Blood Cell Count,8.4,K/uL,4.5,11,N,Routine,2024-10-28 17:26,2024-10-28 17:55,2024-10-28 20:39
LAB720373,ENC108574,PT13637,HGB,Hemoglobin,12.1,g/dL,12,17.5,N,Routine,2024-10-28 17:27,2024-10-28 18:00,2024-10-29 02:39
LAB720374,ENC108576,PT10697,GLU,Glucose,98,mg/dL,70,99,N,Routine,2024-10-28 14:08,2024-10-28 14:14,2024-10-28 17:07
LAB720375,ENC108576,PT10697,CREAT,Creatinine,0.61,mg/dL,0.6,1.3,N,STAT,2024-10-28 14:47,2024-10-28 15:07,2024-10-28 15:38
LAB720376,ENC108576,PT10697,TROP,"Troponin I, High Sensitivity",7,ng/L,0,34,N,STAT,2024-10-28 15:07,2024-10-28 15:34,2024-10-28 16:21
LAB720377,ENC108577,PT10987,A1C,Hemoglobin A1c,5.6,%,4,5.6,N,Routine,2024-10-28 14:33,2024-10-28 14:41,2024-10-28 19:26
LAB720378,ENC108578,PT12468,GLU,Glucose,113,mg/dL,70,99,H,STAT,2024-10-28 18:08,2024-10-28 18:34,2024-10-28 19:26
LAB720379,ENC108578,PT12468,CREAT,Creatinine,0.87,mg/dL,0.6,1.3,N,STAT,2024-10-28 18:04,2024-10-28 18:27,2024-10-28 19:33
LAB720380,ENC108578,PT12468,WBC,White Blood Cell Count,5.8,K/uL,4.5,11,N,STAT,2024-10-28 17:27,2024-10-28 17:47,2024-10-28 18:29
LAB720381,ENC108578,PT12468,HGB,Hemoglobin,14.4,g/dL,12,17.5,N,STAT,2024-10-28 18:01,2024-10-28 18:09,2024-10-28 19:13
LAB720382,ENC108578,PT12468,TROP,"Troponin I, High Sensitivity",55,ng/L,0,34,H,STAT,2024-10-28 17:35,2024-10-28 17:49,2024-10-28 19:09
LAB720383,ENC108579,PT11360,GLU,Glucose,103,mg/dL,70,99,H,STAT,2024-10-28 19:21,2024-10-28 19:42,2024-10-28 20:16
LAB720384,ENC108579,PT11360,CREAT,Creatinine,1.01,mg/dL,0.6,1.3,N,STAT,2024-10-28 18:44,2024-10-28 18:59,2024-10-28 19:14
LAB720385,ENC108579,PT11360,WBC,White Blood Cell Count,7.6,K/uL,4.5,11,N,STAT,2024-10-28 19:20,2024-10-28 19:49,2024-10-28 20:18
LAB720386,ENC108579,PT11360,HGB,Hemoglobin,13.2,g/dL,12,17.5,N,STAT,2024-10-28 18:52,2024-10-28 19:08,2024-10-28 20:08
LAB720387,ENC108579,PT11360,TROP,"Troponin I, High Sensitivity",4,ng/L,0,34,N,STAT,2024-10-28 19:31,2024-10-28 19:44,2024-10-28 20:41
LAB720388,ENC108580,PT13162,GLU,Glucose,258,mg/dL,70,99,H,Routine,2024-10-28 16:05,2024-10-28 16:18,2024-10-28 17:41
LAB720389,ENC108580,PT13162,CREAT,Creatinine,1.17,mg/dL,0.6,1.3,N,STAT,2024-10-28 16:21,2024-10-28 16:50,2024-10-28 17:24
LAB720390,ENC108581,PT10152,GLU,Glucose,99,mg/dL,70,99,N,Routine,2024-10-28 16:52,2024-10-28 17:02,2024-10-28 22:29
LAB720391,ENC108581,PT10152,CREAT,Creatinine,0.91,mg/dL,0.6,1.3,N,Routine,2024-10-28 16:50,2024-10-28 17:21,2024-10-28 22:28
LAB720392,ENC108581,PT10152,WBC,White Blood Cell Count,14.2,K/uL,4.5,11,H,Routine,2024-10-28 17:20,2024-10-28 17:35,2024-10-28 18:48
LAB720393,ENC108582,PT10887,GLU,Glucose,124,mg/dL,70,99,H,STAT,2024-10-28 20:52,2024-10-28 21:07,2024-10-28 22:37
LAB720394,ENC108582,PT10887,CREAT,Creatinine,1.3,mg/dL,0.6,1.3,N,Routine,2024-10-28 20:37,2024-10-28 21:10,2024-10-29 00:57
LAB720395,ENC108582,PT10887,WBC,White Blood Cell Count,11.6,K/uL,4.5,11,H,STAT,2024-10-28 21:29,2024-10-28 21:46,2024-10-28 22:34
LAB720396,ENC108582,PT10887,HGB,Hemoglobin,14.1,g/dL,12,17.5,N,Routine,2024-10-28 20:42,2024-10-28 20:57,2024-10-28 22:23
LAB720397,ENC108582,PT10887,INR,Prothrombin Time INR,0.9,ratio,0.8,1.2,N,STAT,2024-10-28 20:44,2024-10-28 21:15,2024-10-28 23:06
LAB720398,ENC108585,PT10434,GLU,Glucose,101,mg/dL,70,99,H,STAT,2024-10-28 22:00,2024-10-28 22:08,2024-10-28 22:49
LAB720399,ENC108585,PT10434,CREAT,Creatinine,0.67,mg/dL,0.6,1.3,N,Routine,2024-10-28 22:22,2024-10-28 22:50,2024-10-29 04:49
LAB720400,ENC108585,PT10434,WBC,White Blood Cell Count,7.2,K/uL,4.5,11,N,STAT,2024-10-28 22:21,2024-10-28 22:26,2024-10-28 23:21
LAB720401,ENC108585,PT10434,HGB,Hemoglobin,13.5,g/dL,12,17.5,N,STAT,2024-10-28 22:04,2024-10-28 22:37,2024-10-28 23:32
LAB720402,ENC108585,PT10434,TROP,"Troponin I, High Sensitivity",5,ng/L,0,34,N,STAT,2024-10-28 22:13,2024-10-28 22:28,2024-10-28 23:34
LAB720403,ENC108586,PT10198,GLU,Glucose,117,mg/dL,70,99,H,Routine,2024-10-28 23:03,2024-10-28 23:13,2024-10-29 03:10
LAB720404,ENC108586,PT10198,CREAT,Creatinine,0.68,mg/dL,0.6,1.3,N,STAT,2024-10-28 22:34,2024-10-28 23:03,2024-10-28 23:32
LAB720405,ENC108586,PT10198,WBC,White Blood Cell Count,7.1,K/uL,4.5,11,N,STAT,2024-10-28 23:09,2024-10-28 23:13,2024-10-29 00:23
LAB720406,ENC108586,PT10198,HGB,Hemoglobin,15,g/dL,12,17.5,N,Routine,2024-10-28 22:46,2024-10-28 23:03,2024-10-29 02:44
LAB720407,ENC108586,PT10198,BUN,Blood Urea Nitrogen,16,mg/dL,7,20,N,STAT,2024-10-28 22:59,2024-10-28 23:29,2024-10-28 23:48
LAB720408,ENC108586,PT10198,PLT,Platelet Count,233,K/uL,150,400,N,Routine,2024-10-28 22:59,2024-10-28 23:32,2024-10-29 02:45
LAB720409,ENC108586,PT10198,TROP,"Troponin I, High Sensitivity",6,ng/L,0,34,N,STAT,2024-10-28 23:08,2024-10-28 23:25,2024-10-29 00:12
LAB720410,ENC108587,PT12478,GLU,Glucose,135,mg/dL,70,99,H,STAT,2024-10-28 21:18,2024-10-28 21:34,2024-10-28 22:33
LAB720411,ENC108587,PT12478,CREAT,Creatinine,0.75,mg/dL,0.6,1.3,N,Routine,2024-10-28 20:50,2024-10-28 21:02,2024-10-29 01:43
LAB720412,ENC108588,PT12340,GLU,Glucose,99,mg/dL,70,99,N,Routine,2024-10-28 21:48,2024-10-28 21:59,2024-10-29 00:37
LAB720413,ENC108588,PT12340,CREAT,Creatinine,0.78,mg/dL,0.6,1.3,N,STAT,2024-10-28 22:35,2024-10-28 22:48,2024-10-28 23:23
LAB720414,ENC108588,PT12340,WBC,White Blood Cell Count,10.8,K/uL,4.5,11,N,STAT,2024-10-28 22:18,2024-10-28 22:33,2024-10-28 23:13
LAB720415,ENC108588,PT12340,HGB,Hemoglobin,16.1,g/dL,12,17.5,N,STAT,2024-10-28 22:47,2024-10-28 22:51,2024-10-28 23:31
LAB720416,ENC108588,PT12340,NA,Sodium,138,mmol/L,136,145,N,Routine,2024-10-28 22:47,2024-10-28 23:17,2024-10-29 02:36
LAB720417,ENC108588,PT12340,K,Potassium,4.4,mmol/L,3.5,5.1,N,STAT,2024-10-28 22:11,2024-10-28 22:38,2024-10-28 23:24
LAB720418,ENC108589,PT10878,GLU,Glucose,293,mg/dL,70,99,H,STAT,2024-10-29 07:37,2024-10-29 07:42,2024-10-29 09:10
LAB720419,ENC108589,PT10878,CREAT,Creatinine,0.99,mg/dL,0.6,1.3,N,Routine,2024-10-29 07:50,2024-10-29 08:11,2024-10-29 10:45
LAB720420,ENC108589,PT10878,WBC,White Blood Cell Count,6.2,K/uL,4.5,11,N,STAT,2024-10-29 07:31,2024-10-29 07:54,2024-10-29 08:18
LAB720421,ENC108589,PT10878,HGB,Hemoglobin,14.1,g/dL,12,17.5,N,STAT,2024-10-29 07:51,2024-10-29 08:08,2024-10-29 09:02
LAB720422,ENC108590,PT10332,GLU,Glucose,237,mg/dL,70,99,H,Routine,2024-10-29 07:07,2024-10-29 07:35,2024-10-29 11:35
LAB720423,ENC108590,PT10332,CREAT,Creatinine,0.78,mg/dL,0.6,1.3,N,Routine,2024-10-29 07:07,2024-10-29 07:20,2024-10-29 09:22
LAB720424,ENC108590,PT10332,WBC,White Blood Cell Count,5.3,K/uL,4.5,11,N,STAT,2024-10-29 08:14,2024-10-29 08:31,2024-10-29 09:14
LAB720425,ENC108590,PT10332,HGB,Hemoglobin,13.4,g/dL,12,17.5,N,Routine,2024-10-29 07:52,2024-10-29 08:06,2024-10-29 10:40
LAB720426,ENC108591,PT10020,GLU,Glucose,101,mg/dL,70,99,H,STAT,2024-10-29 12:14,2024-10-29 12:37,2024-10-29 13:25
LAB720427,ENC108591,PT10020,CREAT,Creatinine,0.66,mg/dL,0.6,1.3,N,Routine,2024-10-29 11:58,2024-10-29 12:20,2024-10-29 14:39
LAB720428,ENC108591,PT10020,WBC,White Blood Cell Count,8.7,K/uL,4.5,11,N,STAT,2024-10-29 11:54,2024-10-29 12:22,2024-10-29 12:40
LAB720429,ENC108591,PT10020,HGB,Hemoglobin,14,g/dL,12,17.5,N,STAT,2024-10-29 11:44,2024-10-29 12:12,2024-10-29 13:26
LAB720430,ENC108591,PT10020,NA,Sodium,136,mmol/L,136,145,N,STAT,2024-10-29 11:25,2024-10-29 11:30,2024-10-29 12:13
LAB720431,ENC108591,PT10020,K,Potassium,4.4,mmol/L,3.5,5.1,N,STAT,2024-10-29 11:30,2024-10-29 11:47,2024-10-29 12:06
LAB720432,ENC108593,PT11089,LDL,LDL Cholesterol,116,mg/dL,0,99,H,Routine,2024-10-29 08:31,2024-10-29 09:02,2024-10-30 01:45
LAB720433,ENC108593,PT11089,TSH,Thyroid Stimulating Hormone,2.4,mIU/L,0.4,4,N,Routine,2024-10-29 08:42,2024-10-29 09:06,2024-10-30 02:55
LAB720434,ENC108594,PT13110,LDL,LDL Cholesterol,179,mg/dL,0,99,H,Routine,2024-10-29 08:51,2024-10-29 09:25,2024-10-30 01:09
LAB720435,ENC108594,PT13110,A1C,Hemoglobin A1c,4.9,%,4,5.6,N,Routine,2024-10-29 08:45,2024-10-29 09:18,2024-10-29 22:25
LAB720436,ENC108595,PT11217,GLU,Glucose,114,mg/dL,70,99,H,STAT,2024-10-29 13:29,2024-10-29 13:52,2024-10-29 14:35
LAB720437,ENC108595,PT11217,CREAT,Creatinine,0.85,mg/dL,0.6,1.3,N,STAT,2024-10-29 13:14,2024-10-29 13:38,2024-10-29 14:33
LAB720438,ENC108595,PT11217,WBC,White Blood Cell Count,14.7,K/uL,4.5,11,H,STAT,2024-10-29 13:14,2024-10-29 13:27,2024-10-29 14:09
LAB720439,ENC108595,PT11217,HGB,Hemoglobin,14.2,g/dL,12,17.5,N,STAT,2024-10-29 12:41,2024-10-29 13:06,2024-10-29 13:34
LAB720440,ENC108596,PT10914,A1C,Hemoglobin A1c,10.8,%,4,5.6,H,Routine,2024-10-29 10:32,2024-10-29 11:04,2024-10-29 21:48
LAB720441,ENC108597,PT13829,WBC,White Blood Cell Count,5.9,K/uL,4.5,11,N,Routine,2024-10-29 10:35,2024-10-29 10:55,2024-10-29 13:17
LAB720442,ENC108597,PT13829,HGB,Hemoglobin,10.2,g/dL,12,17.5,L,Routine,2024-10-29 10:31,2024-10-29 10:36,2024-10-29 13:13
LAB720443,ENC108597,PT13829,PLT,Platelet Count,230,K/uL,150,400,N,Routine,2024-10-29 10:29,2024-10-29 10:35,2024-10-29 12:23
LAB720444,ENC108598,PT12950,GLU,Glucose,224,mg/dL,70,99,H,STAT,2024-10-29 10:38,2024-10-29 10:48,2024-10-29 11:49
LAB720445,ENC108598,PT12950,CREAT,Creatinine,1.11,mg/dL,0.6,1.3,N,Routine,2024-10-29 11:07,2024-10-29 11:40,2024-10-29 15:07
LAB720446,ENC108598,PT12950,WBC,White Blood Cell Count,7.8,K/uL,4.5,11,N,Routine,2024-10-29 11:09,2024-10-29 11:26,2024-10-29 13:17
LAB720447,ENC108598,PT12950,HGB,Hemoglobin,15,g/dL,12,17.5,N,STAT,2024-10-29 10:40,2024-10-29 10:50,2024-10-29 11:45
LAB720448,ENC108599,PT10835,GLU,Glucose,224,mg/dL,70,99,H,STAT,2024-10-29 15:30,2024-10-29 15:53,2024-10-29 16:38
LAB720449,ENC108599,PT10835,CREAT,Creatinine,1.1,mg/dL,0.6,1.3,N,STAT,2024-10-29 14:41,2024-10-29 15:12,2024-10-29 15:47
LAB720450,ENC108599,PT10835,WBC,White Blood Cell Count,9.1,K/uL,4.5,11,N,STAT,2024-10-29 14:26,2024-10-29 14:41,2024-10-29 15:51
LAB720451,ENC108599,PT10835,HGB,Hemoglobin,12.7,g/dL,12,17.5,N,STAT,2024-10-29 15:23,2024-10-29 15:42,2024-10-29 15:57
LAB720452,ENC108599,PT10835,NA,Sodium,137,mmol/L,136,145,N,STAT,2024-10-29 15:00,2024-10-29 15:20,2024-10-29 17:23
LAB720453,ENC108599,PT10835,K,Potassium,4.2,mmol/L,3.5,5.1,N,STAT,2024-10-29 14:25,2024-10-29 14:38,2024-10-29 15:11
LAB720454,ENC108599,PT10835,BUN,Blood Urea Nitrogen,11,mg/dL,7,20,N,STAT,2024-10-29 14:58,2024-10-29 15:30,2024-10-29 16:28
LAB720455,ENC108599,PT10835,PLT,Platelet Count,215,K/uL,150,400,N,Routine,2024-10-29 14:50,2024-10-29 15:09,2024-10-29 17:08
LAB720456,ENC108599,PT10835,A1C,Hemoglobin A1c,9.8,%,4,5.6,H,Routine,2024-10-29 15:28,2024-10-29 15:41,2024-10-29 22:13
LAB720457,ENC108600,PT13865,LDL,LDL Cholesterol,80,mg/dL,0,99,N,Routine,2024-10-29 11:41,2024-10-29 11:52,2024-10-30 04:40
LAB720458,ENC108601,PT10784,GLU,Glucose,86,mg/dL,70,99,N,Routine,2024-10-29 16:37,2024-10-29 16:47,2024-10-29 21:43
LAB720459,ENC108601,PT10784,CREAT,Creatinine,2.66,mg/dL,0.6,1.3,H,STAT,2024-10-29 16:19,2024-10-29 16:44,2024-10-29 17:21
LAB720460,ENC108601,PT10784,WBC,White Blood Cell Count,9.4,K/uL,4.5,11,N,Routine,2024-10-29 16:12,2024-10-29 16:32,2024-10-29 23:06
LAB720461,ENC108601,PT10784,HGB,Hemoglobin,16.3,g/dL,12,17.5,N,STAT,2024-10-29 16:21,2024-10-29 16:26,2024-10-29 17:09
LAB720462,ENC108601,PT10784,NA,Sodium,136,mmol/L,136,145,N,STAT,2024-10-29 16:19,2024-10-29 16:33,2024-10-29 17:49
LAB720463,ENC108601,PT10784,K,Potassium,5.5,mmol/L,3.5,5.1,H,STAT,2024-10-29 15:42,2024-10-29 16:06,2024-10-29 17:00
LAB720464,ENC108602,PT12711,GLU,Glucose,111,mg/dL,70,99,H,STAT,2024-10-29 12:23,2024-10-29 12:48,2024-10-29 13:34
LAB720465,ENC108602,PT12711,CREAT,Creatinine,1.36,mg/dL,0.6,1.3,H,STAT,2024-10-29 12:56,2024-10-29 13:23,2024-10-29 14:19
LAB720466,ENC108602,PT12711,WBC,White Blood Cell Count,5.8,K/uL,4.5,11,N,STAT,2024-10-29 12:06,2024-10-29 12:40,2024-10-29 13:45
LAB720467,ENC108605,PT13753,LDL,LDL Cholesterol,206,mg/dL,0,99,H,Routine,2024-10-29 13:05,2024-10-29 13:28,2024-10-30 13:38
LAB720468,ENC108605,PT13753,A1C,Hemoglobin A1c,5.3,%,4,5.6,N,Routine,2024-10-29 13:13,2024-10-29 13:45,2024-10-30 11:23
LAB720469,ENC108606,PT11494,WBC,White Blood Cell Count,7.1,K/uL,4.5,11,N,Routine,2024-10-29 13:15,2024-10-29 13:49,2024-10-29 15:50
LAB720470,ENC108606,PT11494,HGB,Hemoglobin,14.3,g/dL,12,17.5,N,Routine,2024-10-29 13:23,2024-10-29 13:33,2024-10-29 14:31
LAB720471,ENC108606,PT11494,PLT,Platelet Count,277,K/uL,150,400,N,Routine,2024-10-29 13:29,2024-10-29 14:00,2024-10-29 16:16
LAB720472,ENC108609,PT13445,GLU,Glucose,94,mg/dL,70,99,N,STAT,2024-10-29 15:37,2024-10-29 15:43,2024-10-29 16:44
LAB720473,ENC108609,PT13445,CREAT,Creatinine,1.31,mg/dL,0.6,1.3,H,STAT,2024-10-29 15:09,2024-10-29 15:36,2024-10-29 16:00
LAB720474,ENC108609,PT13445,WBC,White Blood Cell Count,4.8,K/uL,4.5,11,N,STAT,2024-10-29 15:33,2024-10-29 15:52,2024-10-29 16:19
LAB720475,ENC108609,PT13445,HGB,Hemoglobin,11.9,g/dL,12,17.5,L,Routine,2024-10-29 16:01,2024-10-29 16:28,2024-10-29 17:48
LAB720476,ENC108611,PT10915,LDL,LDL Cholesterol,168,mg/dL,0,99,H,Routine,2024-10-29 15:25,2024-10-29 15:52,2024-10-30 10:17
LAB720477,ENC108611,PT10915,A1C,Hemoglobin A1c,8.1,%,4,5.6,H,Routine,2024-10-29 15:27,2024-10-29 15:41,2024-10-30 06:05
LAB720478,ENC108611,PT10915,TSH,Thyroid Stimulating Hormone,1.78,mIU/L,0.4,4,N,Routine,2024-10-29 15:39,2024-10-29 16:11,2024-10-30 18:05
LAB720479,ENC108613,PT11279,LDL,LDL Cholesterol,176,mg/dL,0,99,H,Routine,2024-10-29 16:20,2024-10-29 16:25,2024-10-30 01:42
LAB720480,ENC108614,PT10466,GLU,Glucose,132,mg/dL,70,99,H,STAT,2024-10-29 21:04,2024-10-29 21:20,2024-10-29 22:43
LAB720481,ENC108614,PT10466,CREAT,Creatinine,0.98,mg/dL,0.6,1.3,N,STAT,2024-10-29 21:06,2024-10-29 21:33,2024-10-29 22:15
LAB720482,ENC108614,PT10466,WBC,White Blood Cell Count,18.6,K/uL,4.5,11,H,Routine,2024-10-29 21:03,2024-10-29 21:17,2024-10-30 00:19
LAB720483,ENC108614,PT10466,HGB,Hemoglobin,14.7,g/dL,12,17.5,N,STAT,2024-10-29 20:52,2024-10-29 21:17,2024-10-29 21:46
LAB720484,ENC108614,PT10466,NA,Sodium,143,mmol/L,136,145,N,STAT,2024-10-29 20:55,2024-10-29 21:25,2024-10-29 22:08
LAB720485,ENC108614,PT10466,K,Potassium,3.9,mmol/L,3.5,5.1,N,STAT,2024-10-29 20:45,2024-10-29 21:09,2024-10-29 22:41
LAB720486,ENC108615,PT13372,GLU,Glucose,88,mg/dL,70,99,N,STAT,2024-10-29 21:32,2024-10-29 21:46,2024-10-29 22:55
LAB720487,ENC108615,PT13372,CREAT,Creatinine,1.11,mg/dL,0.6,1.3,N,STAT,2024-10-29 22:24,2024-10-29 22:32,2024-10-29 23:39
LAB720488,ENC108615,PT13372,WBC,White Blood Cell Count,7.6,K/uL,4.5,11,N,Routine,2024-10-29 22:07,2024-10-29 22:12,2024-10-30 00:02
LAB720489,ENC108615,PT13372,HGB,Hemoglobin,12.2,g/dL,12,17.5,N,STAT,2024-10-29 22:21,2024-10-29 22:40,2024-10-29 23:45
LAB720490,ENC108616,PT13625,GLU,Glucose,111,mg/dL,70,99,H,Routine,2024-10-29 21:19,2024-10-29 21:23,2024-10-30 00:59
LAB720491,ENC108616,PT13625,CREAT,Creatinine,2.11,mg/dL,0.6,1.3,H,STAT,2024-10-29 21:36,2024-10-29 22:05,2024-10-29 22:51
LAB720492,ENC108616,PT13625,WBC,White Blood Cell Count,7.4,K/uL,4.5,11,N,STAT,2024-10-29 21:47,2024-10-29 21:57,2024-10-29 22:19
LAB720493,ENC108616,PT13625,HGB,Hemoglobin,14.7,g/dL,12,17.5,N,STAT,2024-10-29 21:24,2024-10-29 21:51,2024-10-29 22:13
LAB720494,ENC108616,PT13625,NA,Sodium,141,mmol/L,136,145,N,Routine,2024-10-29 21:15,2024-10-29 21:48,2024-10-30 00:32
LAB720495,ENC108616,PT13625,K,Potassium,5.6,mmol/L,3.5,5.1,H,STAT,2024-10-29 21:21,2024-10-29 21:31,2024-10-29 22:04
LAB720496,ENC108617,PT13025,GLU,Glucose,35,mg/dL,70,99,LL,Routine,2024-10-29 22:34,2024-10-29 22:41,2024-10-29 23:31
LAB720497,ENC108617,PT13025,CREAT,Creatinine,0.91,mg/dL,0.6,1.3,N,Routine,2024-10-29 22:15,2024-10-29 22:21,2024-10-29 23:56
LAB720498,ENC108617,PT13025,WBC,White Blood Cell Count,6.6,K/uL,4.5,11,N,Routine,2024-10-29 21:26,2024-10-29 21:33,2024-10-30 01:39
LAB720499,ENC108617,PT13025,HGB,Hemoglobin,12.3,g/dL,12,17.5,N,Routine,2024-10-29 22:10,2024-10-29 22:39,2024-10-30 01:18
LAB720500,ENC108617,PT13025,BUN,Blood Urea Nitrogen,16,mg/dL,7,20,N,Routine,2024-10-29 21:58,2024-10-29 22:16,2024-10-30 03:41
LAB720501,ENC108617,PT13025,PLT,Platelet Count,338,K/uL,150,400,N,STAT,2024-10-29 22:09,2024-10-29 22:32,2024-10-29 23:12
LAB720502,ENC108618,PT10986,GLU,Glucose,414,mg/dL,70,99,H,STAT,2024-10-29 22:03,2024-10-29 22:14,2024-10-29 23:01
LAB720503,ENC108618,PT10986,CREAT,Creatinine,0.82,mg/dL,0.6,1.3,N,STAT,2024-10-29 21:38,2024-10-29 21:53,2024-10-29 22:30
LAB720504,ENC108618,PT10986,WBC,White Blood Cell Count,8.1,K/uL,4.5,11,N,STAT,2024-10-29 21:54,2024-10-29 22:16,2024-10-29 22:58
LAB720505,ENC108618,PT10986,HGB,Hemoglobin,6.7,g/dL,12,17.5,LL,STAT,2024-10-29 21:04,2024-10-29 21:23,2024-10-29 21:51
LAB720506,ENC108618,PT10986,NA,Sodium,136,mmol/L,136,145,N,STAT,2024-10-29 22:04,2024-10-29 22:27,2024-10-29 23:09
LAB720507,ENC108618,PT10986,K,Potassium,4.7,mmol/L,3.5,5.1,N,STAT,2024-10-29 21:52,2024-10-29 21:59,2024-10-29 23:04
LAB720508,ENC108618,PT10986,INR,Prothrombin Time INR,1.1,ratio,0.8,1.2,N,Routine,2024-10-29 21:34,2024-10-29 21:56,2024-10-30 01:57
LAB720509,ENC108619,PT13188,GLU,Glucose,122,mg/dL,70,99,H,Routine,2024-10-29 18:58,2024-10-29 19:20,2024-10-29 21:03
LAB720510,ENC108619,PT13188,CREAT,Creatinine,0.9,mg/dL,0.6,1.3,N,STAT,2024-10-29 18:49,2024-10-29 19:06,2024-10-29 20:43
LAB720511,ENC108621,PT10221,GLU,Glucose,113,mg/dL,70,99,H,STAT,2024-10-30 00:09,2024-10-30 00:31,2024-10-30 01:15
LAB720512,ENC108621,PT10221,CREAT,Creatinine,0.99,mg/dL,0.6,1.3,N,Routine,2024-10-30 01:03,2024-10-30 01:21,2024-10-30 05:33
LAB720513,ENC108621,PT10221,WBC,White Blood Cell Count,15.4,K/uL,4.5,11,H,Routine,2024-10-30 00:26,2024-10-30 00:45,2024-10-30 04:47
LAB720514,ENC108621,PT10221,HGB,Hemoglobin,13.1,g/dL,12,17.5,N,STAT,2024-10-30 00:22,2024-10-30 00:27,2024-10-30 01:47
LAB720515,ENC108625,PT12666,LDL,LDL Cholesterol,148,mg/dL,0,99,H,Routine,2024-10-30 08:40,2024-10-30 08:46,2024-10-30 18:39
LAB720516,ENC108627,PT12554,A1C,Hemoglobin A1c,10.1,%,4,5.6,H,Routine,2024-10-30 09:02,2024-10-30 09:37,2024-10-30 16:04
LAB720517,ENC108631,PT12374,GLU,Glucose,90,mg/dL,70,99,N,Routine,2024-10-30 11:41,2024-10-30 11:57,2024-10-30 15:27
LAB720518,ENC108631,PT12374,CREAT,Creatinine,1.03,mg/dL,0.6,1.3,N,STAT,2024-10-30 12:04,2024-10-30 12:35,2024-10-30 14:04
LAB720519,ENC108631,PT12374,WBC,White Blood Cell Count,9.9,K/uL,4.5,11,N,STAT,2024-10-30 11:57,2024-10-30 12:10,2024-10-30 12:49
LAB720520,ENC108631,PT12374,HGB,Hemoglobin,14.1,g/dL,12,17.5,N,Routine,2024-10-30 11:19,2024-10-30 11:33,2024-10-30 12:59
LAB720521,ENC108631,PT12374,TROP,"Troponin I, High Sensitivity",9,ng/L,0,34,N,STAT,2024-10-30 11:20,2024-10-30 11:46,2024-10-30 12:25
LAB720522,ENC108632,PT10584,GLU,Glucose,63,mg/dL,70,99,L,Routine,2024-10-30 12:37,2024-10-30 13:02,2024-10-30 15:23
LAB720523,ENC108632,PT10584,CREAT,Creatinine,0.88,mg/dL,0.6,1.3,N,STAT,2024-10-30 11:47,2024-10-30 11:57,2024-10-30 12:50
LAB720524,ENC108632,PT10584,WBC,White Blood Cell Count,8.1,K/uL,4.5,11,N,Routine,2024-10-30 11:39,2024-10-30 11:51,2024-10-30 14:26
LAB720525,ENC108632,PT10584,HGB,Hemoglobin,14.1,g/dL,12,17.5,N,Routine,2024-10-30 11:34,2024-10-30 11:54,2024-10-30 13:05
LAB720526,ENC108632,PT10584,NA,Sodium,134,mmol/L,136,145,L,STAT,2024-10-30 11:58,2024-10-30 12:13,2024-10-30 12:55
LAB720527,ENC108632,PT10584,K,Potassium,4.4,mmol/L,3.5,5.1,N,STAT,2024-10-30 11:33,2024-10-30 11:52,2024-10-30 12:49
LAB720528,ENC108636,PT12339,LDL,LDL Cholesterol,153,mg/dL,0,99,H,Routine,2024-10-30 12:13,2024-10-30 12:44,2024-10-30 23:14
LAB720529,ENC108636,PT12339,TSH,Thyroid Stimulating Hormone,1.27,mIU/L,0.4,4,N,Routine,2024-10-30 12:11,2024-10-30 12:15,2024-11-01 08:46
LAB720530,ENC108637,PT12968,GLU,Glucose,113,mg/dL,70,99,H,STAT,2024-10-30 12:06,2024-10-30 12:14,2024-10-30 13:00
LAB720531,ENC108637,PT12968,CREAT,Creatinine,1.12,mg/dL,0.6,1.3,N,STAT,2024-10-30 12:52,2024-10-30 13:18,2024-10-30 13:55
LAB720532,ENC108637,PT12968,WBC,White Blood Cell Count,6.1,K/uL,4.5,11,N,STAT,2024-10-30 12:09,2024-10-30 12:40,2024-10-30 13:27
LAB720533,ENC108637,PT12968,HGB,Hemoglobin,11,g/dL,12,17.5,L,STAT,2024-10-30 13:03,2024-10-30 13:17,2024-10-30 14:31
LAB720534,ENC108639,PT10263,GLU,Glucose,107,mg/dL,70,99,H,STAT,2024-10-30 16:35,2024-10-30 17:01,2024-10-30 17:43
LAB720535,ENC108639,PT10263,CREAT,Creatinine,0.82,mg/dL,0.6,1.3,N,Routine,2024-10-30 16:25,2024-10-30 16:44,2024-10-30 19:17
LAB720536,ENC108639,PT10263,WBC,White Blood Cell Count,7.9,K/uL,4.5,11,N,STAT,2024-10-30 16:08,2024-10-30 16:30,2024-10-30 17:27
LAB720537,ENC108639,PT10263,HGB,Hemoglobin,14.8,g/dL,12,17.5,N,STAT,2024-10-30 16:22,2024-10-30 16:32,2024-10-30 17:20
LAB720538,ENC108642,PT11374,GLU,Glucose,91,mg/dL,70,99,N,STAT,2024-10-30 19:37,2024-10-30 19:45,2024-10-30 20:09
LAB720539,ENC108642,PT11374,CREAT,Creatinine,1.04,mg/dL,0.6,1.3,N,STAT,2024-10-30 19:24,2024-10-30 19:50,2024-10-30 21:33
LAB720540,ENC108642,PT11374,WBC,White Blood Cell Count,10.6,K/uL,4.5,11,N,Routine,2024-10-30 19:30,2024-10-30 19:48,2024-10-30 21:24
LAB720541,ENC108642,PT11374,HGB,Hemoglobin,15.5,g/dL,12,17.5,N,Routine,2024-10-30 19:54,2024-10-30 20:26,2024-10-30 23:05
LAB720542,ENC108642,PT11374,BUN,Blood Urea Nitrogen,13,mg/dL,7,20,N,Routine,2024-10-30 19:23,2024-10-30 19:51,2024-10-30 21:40
LAB720543,ENC108642,PT11374,PLT,Platelet Count,258,K/uL,150,400,N,STAT,2024-10-30 20:08,2024-10-30 20:19,2024-10-30 20:46
LAB720544,ENC108643,PT11105,GLU,Glucose,109,mg/dL,70,99,H,Routine,2024-10-30 17:30,2024-10-30 17:41,2024-10-30 22:15
LAB720545,ENC108643,PT11105,CREAT,Creatinine,0.84,mg/dL,0.6,1.3,N,STAT,2024-10-30 17:17,2024-10-30 17:43,2024-10-30 18:30
LAB720546,ENC108643,PT11105,WBC,White Blood Cell Count,6.5,K/uL,4.5,11,N,STAT,2024-10-30 17:48,2024-10-30 18:13,2024-10-30 18:56
LAB720547,ENC108643,PT11105,HGB,Hemoglobin,12.8,g/dL,12,17.5,N,Routine,2024-10-30 17:05,2024-10-30 17:31,2024-10-30 19:30
LAB720548,ENC108643,PT11105,BUN,Blood Urea Nitrogen,13,mg/dL,7,20,N,Routine,2024-10-30 17:43,2024-10-30 18:12,2024-10-30 20:10
LAB720549,ENC108643,PT11105,PLT,Platelet Count,288,K/uL,150,400,N,Routine,2024-10-30 17:35,2024-10-30 18:06,2024-10-30 20:37
LAB720550,ENC108644,PT12120,GLU,Glucose,107,mg/dL,70,99,H,STAT,2024-10-30 18:16,2024-10-30 18:36,2024-10-30 19:44
LAB720551,ENC108644,PT12120,CREAT,Creatinine,1.02,mg/dL,0.6,1.3,N,STAT,2024-10-30 18:34,2024-10-30 18:54,2024-10-30 20:17
LAB720552,ENC108644,PT12120,WBC,White Blood Cell Count,11.3,K/uL,4.5,11,H,STAT,2024-10-30 17:54,2024-10-30 18:29,2024-10-30 19:07
LAB720553,ENC108644,PT12120,HGB,Hemoglobin,12.8,g/dL,12,17.5,N,Routine,2024-10-30 18:24,2024-10-30 18:31,2024-10-30 23:20
LAB720554,ENC108645,PT11309,LDL,LDL Cholesterol,113,mg/dL,0,99,H,Routine,2024-10-30 14:58,2024-10-30 15:14,2024-10-31 16:39
LAB720555,ENC108645,PT11309,TSH,Thyroid Stimulating Hormone,0.17,mIU/L,0.4,4,L,Routine,2024-10-30 15:12,2024-10-30 15:40,2024-10-30 21:00
LAB720556,ENC108646,PT11480,GLU,Glucose,285,mg/dL,70,99,H,Routine,2024-10-30 15:44,2024-10-30 16:10,2024-10-30 17:14
LAB720557,ENC108646,PT11480,CREAT,Creatinine,0.8,mg/dL,0.6,1.3,N,STAT,2024-10-30 15:47,2024-10-30 16:22,2024-10-30 17:17
LAB720558,ENC108646,PT11480,WBC,White Blood Cell Count,7.2,K/uL,4.5,11,N,STAT,2024-10-30 15:29,2024-10-30 15:37,2024-10-30 16:17
LAB720559,ENC108646,PT11480,HGB,Hemoglobin,13.1,g/dL,12,17.5,N,STAT,2024-10-30 15:25,2024-10-30 15:29,2024-10-30 16:07
LAB720560,ENC108647,PT12345,A1C,Hemoglobin A1c,9.1,%,4,5.6,H,Routine,2024-10-30 15:43,2024-10-30 16:16,2024-10-31 13:48
LAB720561,ENC108647,PT12345,GLU,Glucose,210,mg/dL,70,99,H,Routine,2024-10-30 15:21,2024-10-30 15:38,2024-10-30 23:33
LAB720562,ENC108647,PT12345,CREAT,Creatinine,0.64,mg/dL,0.6,1.3,N,Routine,2024-10-30 15:21,2024-10-30 15:38,2024-10-30 19:08
LAB720563,ENC108652,PT11117,GLU,Glucose,78,mg/dL,70,99,N,STAT,2024-10-30 21:17,2024-10-30 21:50,2024-10-30 22:51
LAB720564,ENC108652,PT11117,CREAT,Creatinine,0.82,mg/dL,0.6,1.3,N,Routine,2024-10-30 21:07,2024-10-30 21:40,2024-10-30 22:58
LAB720565,ENC108652,PT11117,WBC,White Blood Cell Count,6.4,K/uL,4.5,11,N,STAT,2024-10-30 21:27,2024-10-30 21:31,2024-10-30 23:10
LAB720566,ENC108652,PT11117,HGB,Hemoglobin,13.7,g/dL,12,17.5,N,STAT,2024-10-30 20:53,2024-10-30 21:16,2024-10-30 22:33
LAB720567,ENC108655,PT10602,GLU,Glucose,103,mg/dL,70,99,H,Routine,2024-10-30 22:12,2024-10-30 22:35,2024-10-31 00:06
LAB720568,ENC108655,PT10602,CREAT,Creatinine,0.73,mg/dL,0.6,1.3,N,STAT,2024-10-30 22:39,2024-10-30 23:05,2024-10-30 23:32
LAB720569,ENC108655,PT10602,WBC,White Blood Cell Count,5.7,K/uL,4.5,11,N,Routine,2024-10-30 23:13,2024-10-30 23:33,2024-10-31 03:11
LAB720570,ENC108655,PT10602,HGB,Hemoglobin,14.1,g/dL,12,17.5,N,STAT,2024-10-30 22:26,2024-10-30 22:31,2024-10-30 23:01
LAB720571,ENC108655,PT10602,NA,Sodium,145,mmol/L,136,145,N,STAT,2024-10-30 22:44,2024-10-30 23:07,2024-10-31 00:07
LAB720572,ENC108655,PT10602,K,Potassium,3.9,mmol/L,3.5,5.1,N,STAT,2024-10-30 22:13,2024-10-30 22:41,2024-10-30 23:28
LAB720573,ENC108655,PT10602,INR,Prothrombin Time INR,0.9,ratio,0.8,1.2,N,STAT,2024-10-30 22:10,2024-10-30 22:42,2024-10-30 23:37
LAB720574,ENC108656,PT12919,GLU,Glucose,94,mg/dL,70,99,N,STAT,2024-10-30 23:33,2024-10-30 23:54,2024-10-31 00:22
LAB720575,ENC108656,PT12919,CREAT,Creatinine,2.58,mg/dL,0.6,1.3,H,Routine,2024-10-30 23:38,2024-10-30 23:55,2024-10-31 07:50
LAB720576,ENC108656,PT12919,WBC,White Blood Cell Count,8.2,K/uL,4.5,11,N,Routine,2024-10-30 23:53,2024-10-31 00:11,2024-10-31 05:07
LAB720577,ENC108656,PT12919,HGB,Hemoglobin,11.3,g/dL,12,17.5,L,STAT,2024-10-30 23:27,2024-10-30 23:44,2024-10-31 00:28
LAB720578,ENC108656,PT12919,NA,Sodium,141,mmol/L,136,145,N,Routine,2024-10-30 23:26,2024-10-30 23:30,2024-10-31 00:57
LAB720579,ENC108656,PT12919,K,Potassium,4.7,mmol/L,3.5,5.1,N,STAT,2024-10-30 23:35,2024-10-30 23:40,2024-10-31 01:06
LAB720580,ENC108657,PT10687,GLU,Glucose,101,mg/dL,70,99,H,STAT,2024-10-31 00:43,2024-10-31 00:53,2024-10-31 01:30
LAB720581,ENC108657,PT10687,CREAT,Creatinine,0.46,mg/dL,0.6,1.3,L,STAT,2024-10-31 00:32,2024-10-31 01:01,2024-10-31 01:58
LAB720582,ENC108657,PT10687,WBC,White Blood Cell Count,6.6,K/uL,4.5,11,N,STAT,2024-10-31 00:59,2024-10-31 01:28,2024-10-31 01:59
LAB720583,ENC108658,PT12299,GLU,Glucose,87,mg/dL,70,99,N,STAT,2024-10-31 06:03,2024-10-31 06:32,2024-10-31 07:14
LAB720584,ENC108658,PT12299,CREAT,Creatinine,1,mg/dL,0.6,1.3,N,Routine,2024-10-31 05:16,2024-10-31 05:35,2024-10-31 07:31
LAB720585,ENC108658,PT12299,WBC,White Blood Cell Count,6.5,K/uL,4.5,11,N,STAT,2024-10-31 05:52,2024-10-31 06:18,2024-10-31 06:45
LAB720586,ENC108658,PT12299,HGB,Hemoglobin,12.6,g/dL,12,17.5,N,Routine,2024-10-31 05:25,2024-10-31 05:43,2024-10-31 07:32
LAB720587,ENC108658,PT12299,BUN,Blood Urea Nitrogen,13,mg/dL,7,20,N,STAT,2024-10-31 05:50,2024-10-31 06:24,2024-10-31 07:18
LAB720588,ENC108658,PT12299,PLT,Platelet Count,181,K/uL,150,400,N,STAT,2024-10-31 05:25,2024-10-31 05:30,2024-10-31 06:08
LAB720589,ENC108659,PT10304,GLU,Glucose,127,mg/dL,70,99,H,Routine,2024-10-31 03:54,2024-10-31 04:22,2024-10-31 11:08
LAB720590,ENC108659,PT10304,CREAT,Creatinine,1.14,mg/dL,0.6,1.3,N,Routine,2024-10-31 03:49,2024-10-31 04:20,2024-10-31 06:48
LAB720591,ENC108659,PT10304,WBC,White Blood Cell Count,18.3,K/uL,4.5,11,H,Routine,2024-10-31 04:07,2024-10-31 04:23,2024-10-31 08:19
LAB720592,ENC108660,PT10318,GLU,Glucose,156,mg/dL,70,99,H,STAT,2024-10-31 04:59,2024-10-31 05:11,2024-10-31 05:40
LAB720593,ENC108660,PT10318,CREAT,Creatinine,0.91,mg/dL,0.6,1.3,N,STAT,2024-10-31 04:42,2024-10-31 05:11,2024-10-31 06:24
LAB720594,ENC108660,PT10318,WBC,White Blood Cell Count,6.9,K/uL,4.5,11,N,STAT,2024-10-31 04:23,2024-10-31 04:43,2024-10-31 05:32
LAB720595,ENC108660,PT10318,HGB,Hemoglobin,12.5,g/dL,12,17.5,N,Routine,2024-10-31 04:23,2024-10-31 04:55,2024-10-31 06:56
LAB720596,ENC108661,PT11533,GLU,Glucose,84,mg/dL,70,99,N,STAT,2024-10-31 08:07,2024-10-31 08:24,2024-10-31 09:09
LAB720597,ENC108661,PT11533,CREAT,Creatinine,1.18,mg/dL,0.6,1.3,N,STAT,2024-10-31 08:46,2024-10-31 09:20,2024-10-31 10:22
LAB720598,ENC108661,PT11533,WBC,White Blood Cell Count,10.4,K/uL,4.5,11,N,Routine,2024-10-31 08:11,2024-10-31 08:20,2024-10-31 17:46
LAB720599,ENC108661,PT11533,HGB,Hemoglobin,15.9,g/dL,12,17.5,N,Routine,2024-10-31 08:50,2024-10-31 09:06,2024-10-31 12:53
LAB720600,ENC108662,PT11359,GLU,Glucose,104,mg/dL,70,99,H,Routine,2024-10-31 12:01,2024-10-31 12:30,2024-10-31 16:00
LAB720601,ENC108662,PT11359,CREAT,Creatinine,3.55,mg/dL,0.6,1.3,H,Routine,2024-10-31 11:36,2024-10-31 12:09,2024-10-31 15:00
LAB720602,ENC108662,PT11359,WBC,White Blood Cell Count,5,K/uL,4.5,11,N,Routine,2024-10-31 12:27,2024-10-31 12:43,2024-10-31 15:19
LAB720603,ENC108662,PT11359,HGB,Hemoglobin,12.5,g/dL,12,17.5,N,Routine,2024-10-31 12:11,2024-10-31 12:39,2024-10-31 15:22
LAB720604,ENC108662,PT11359,NA,Sodium,137,mmol/L,136,145,N,STAT,2024-10-31 12:00,2024-10-31 12:12,2024-10-31 12:55
LAB720605,ENC108662,PT11359,K,Potassium,5.8,mmol/L,3.5,5.1,H,STAT,2024-10-31 11:52,2024-10-31 12:11,2024-10-31 12:52
LAB720606,ENC108664,PT12964,GLU,Glucose,95,mg/dL,70,99,N,STAT,2024-10-31 14:24,2024-10-31 14:33,2024-10-31 15:13
LAB720607,ENC108664,PT12964,CREAT,Creatinine,0.99,mg/dL,0.6,1.3,N,STAT,2024-10-31 14:25,2024-10-31 14:31,2024-10-31 15:36
LAB720608,ENC108664,PT12964,WBC,White Blood Cell Count,4.3,K/uL,4.5,11,L,Routine,2024-10-31 14:17,2024-10-31 14:22,2024-10-31 15:26
LAB720609,ENC108664,PT12964,HGB,Hemoglobin,14,g/dL,12,17.5,N,STAT,2024-10-31 14:32,2024-10-31 14:52,2024-10-31 15:19
LAB720610,ENC108664,PT12964,NA,Sodium,139,mmol/L,136,145,N,Routine,2024-10-31 14:55,2024-10-31 15:04,2024-10-31 19:16
LAB720611,ENC108664,PT12964,K,Potassium,4,mmol/L,3.5,5.1,N,STAT,2024-10-31 14:18,2024-10-31 14:32,2024-10-31 14:59
LAB720612,ENC108665,PT13175,LDL,LDL Cholesterol,146,mg/dL,0,99,H,Routine,2024-10-31 11:24,2024-10-31 11:29,2024-10-31 21:08
LAB720613,ENC108666,PT11497,GLU,Glucose,112,mg/dL,70,99,H,Routine,2024-10-31 14:48,2024-10-31 15:02,2024-10-31 17:16
LAB720614,ENC108666,PT11497,CREAT,Creatinine,0.98,mg/dL,0.6,1.3,N,Routine,2024-10-31 14:19,2024-10-31 14:50,2024-10-31 16:34
LAB720615,ENC108666,PT11497,WBC,White Blood Cell Count,8.6,K/uL,4.5,11,N,STAT,2024-10-31 14:28,2024-10-31 15:00,2024-10-31 15:58
LAB720616,ENC108666,PT11497,HGB,Hemoglobin,14.8,g/dL,12,17.5,N,Routine,2024-10-31 15:04,2024-10-31 15:19,2024-11-01 01:30
LAB720617,ENC108666,PT11497,NA,Sodium,141,mmol/L,136,145,N,Routine,2024-10-31 14:22,2024-10-31 14:28,2024-10-31 21:14
LAB720618,ENC108666,PT11497,K,Potassium,4,mmol/L,3.5,5.1,N,STAT,2024-10-31 14:57,2024-10-31 15:12,2024-10-31 16:34
LAB720619,ENC108666,PT11497,BUN,Blood Urea Nitrogen,6,mg/dL,7,20,L,Routine,2024-10-31 15:08,2024-10-31 15:19,2024-10-31 19:03
LAB720620,ENC108666,PT11497,PLT,Platelet Count,176,K/uL,150,400,N,Routine,2024-10-31 14:19,2024-10-31 14:28,2024-10-31 15:50
LAB720621,ENC108667,PT12903,GLU,Glucose,115,mg/dL,70,99,H,STAT,2024-10-31 11:51,2024-10-31 12:14,2024-10-31 13:10
LAB720622,ENC108667,PT12903,CREAT,Creatinine,0.51,mg/dL,0.6,1.3,L,Routine,2024-10-31 12:01,2024-10-31 12:16,2024-10-31 15:09
LAB720623,ENC108667,PT12903,WBC,White Blood Cell Count,11.2,K/uL,4.5,11,H,Routine,2024-10-31 12:23,2024-10-31 12:37,2024-10-31 15:06
LAB720624,ENC108667,PT12903,HGB,Hemoglobin,12.2,g/dL,12,17.5,N,Routine,2024-10-31 12:17,2024-10-31 12:39,2024-10-31 15:47
LAB720625,ENC108668,PT11596,GLU,Glucose,122,mg/dL,70,99,H,Routine,2024-10-31 12:00,2024-10-31 12:30,2024-10-31 14:56
LAB720626,ENC108668,PT11596,CREAT,Creatinine,0.8,mg/dL,0.6,1.3,N,STAT,2024-10-31 12:38,2024-10-31 13:04,2024-10-31 13:53
LAB720627,ENC108668,PT11596,WBC,White Blood Cell Count,9.3,K/uL,4.5,11,N,STAT,2024-10-31 12:13,2024-10-31 12:17,2024-10-31 12:56
LAB720628,ENC108668,PT11596,HGB,Hemoglobin,12.3,g/dL,12,17.5,N,STAT,2024-10-31 12:34,2024-10-31 12:44,2024-10-31 13:53
LAB720629,ENC108669,PT11694,GLU,Glucose,117,mg/dL,70,99,H,Routine,2024-10-31 13:20,2024-10-31 13:24,2024-10-31 16:26
LAB720630,ENC108669,PT11694,CREAT,Creatinine,1.92,mg/dL,0.6,1.3,H,Routine,2024-10-31 12:21,2024-10-31 12:56,2024-10-31 17:10
LAB720631,ENC108669,PT11694,WBC,White Blood Cell Count,6.8,K/uL,4.5,11,N,STAT,2024-10-31 12:21,2024-10-31 12:31,2024-10-31 13:21
LAB720632,ENC108669,PT11694,TROP,"Troponin I, High Sensitivity",8,ng/L,0,34,N,STAT,2024-10-31 12:38,2024-10-31 12:47,2024-10-31 13:26
LAB720633,ENC108672,PT12330,GLU,Glucose,111,mg/dL,70,99,H,STAT,2024-10-31 13:31,2024-10-31 14:00,2024-10-31 14:28
LAB720634,ENC108672,PT12330,CREAT,Creatinine,1.12,mg/dL,0.6,1.3,N,STAT,2024-10-31 14:28,2024-10-31 14:35,2024-10-31 15:05
LAB720635,ENC108672,PT12330,WBC,White Blood Cell Count,11.2,K/uL,4.5,11,H,Routine,2024-10-31 14:12,2024-10-31 14:17,2024-10-31 21:12
LAB720636,ENC108672,PT12330,HGB,Hemoglobin,12.7,g/dL,12,17.5,N,STAT,2024-10-31 13:43,2024-10-31 13:55,2024-10-31 15:13
LAB720637,ENC108672,PT12330,BUN,Blood Urea Nitrogen,15,mg/dL,7,20,N,STAT,2024-10-31 14:16,2024-10-31 14:33,2024-10-31 15:22
LAB720638,ENC108672,PT12330,PLT,Platelet Count,284,K/uL,150,400,N,STAT,2024-10-31 14:02,2024-10-31 14:30,2024-10-31 14:58
LAB720639,ENC108672,PT12330,INR,Prothrombin Time INR,2.9,ratio,0.8,1.2,H,Routine,2024-10-31 14:22,2024-10-31 14:36,2024-10-31 18:44
LAB720640,ENC108674,PT12547,GLU,Glucose,136,mg/dL,70,99,H,STAT,2024-10-31 18:15,2024-10-31 18:40,2024-10-31 19:45
LAB720641,ENC108674,PT12547,CREAT,Creatinine,0.97,mg/dL,0.6,1.3,N,Routine,2024-10-31 18:48,2024-10-31 18:59,2024-10-31 22:40
LAB720642,ENC108674,PT12547,WBC,White Blood Cell Count,8.5,K/uL,4.5,11,N,STAT,2024-10-31 17:59,2024-10-31 18:11,2024-10-31 18:58
LAB720643,ENC108674,PT12547,HGB,Hemoglobin,11.8,g/dL,12,17.5,L,Routine,2024-10-31 18:13,2024-10-31 18:36,2024-10-31 21:22
LAB720644,ENC108674,PT12547,BUN,Blood Urea Nitrogen,10,mg/dL,7,20,N,STAT,2024-10-31 17:59,2024-10-31 18:12,2024-10-31 19:00
LAB720645,ENC108674,PT12547,PLT,Platelet Count,361,K/uL,150,400,N,STAT,2024-10-31 18:21,2024-10-31 18:34,2024-10-31 19:20
LAB720646,ENC108674,PT12547,INR,Prothrombin Time INR,1.1,ratio,0.8,1.2,N,STAT,2024-10-31 18:14,2024-10-31 18:44,2024-10-31 19:39
LAB720647,ENC108676,PT13543,WBC,White Blood Cell Count,6,K/uL,4.5,11,N,Routine,2024-10-31 14:38,2024-10-31 15:13,2024-11-01 00:29
LAB720648,ENC108676,PT13543,HGB,Hemoglobin,14.9,g/dL,12,17.5,N,Routine,2024-10-31 14:20,2024-10-31 14:45,2024-10-31 17:53
LAB720649,ENC108676,PT13543,PLT,Platelet Count,210,K/uL,150,400,N,Routine,2024-10-31 14:23,2024-10-31 14:33,2024-10-31 17:50
LAB720650,ENC108681,PT13845,GLU,Glucose,100,mg/dL,70,99,H,STAT,2024-10-31 18:42,2024-10-31 19:08,2024-10-31 19:46
LAB720651,ENC108681,PT13845,CREAT,Creatinine,0.9,mg/dL,0.6,1.3,N,Routine,2024-10-31 18:17,2024-10-31 18:38,2024-10-31 22:19
LAB720652,ENC108681,PT13845,WBC,White Blood Cell Count,6.9,K/uL,4.5,11,N,STAT,2024-10-31 18:50,2024-10-31 19:03,2024-10-31 20:14
LAB720653,ENC108681,PT13845,HGB,Hemoglobin,15.6,g/dL,12,17.5,N,STAT,2024-10-31 18:36,2024-10-31 19:06,2024-10-31 19:39
LAB720654,ENC108686,PT13261,GLU,Glucose,98,mg/dL,70,99,N,Routine,2024-10-31 19:35,2024-10-31 19:51,2024-10-31 20:50
LAB720655,ENC108686,PT13261,CREAT,Creatinine,1.04,mg/dL,0.6,1.3,N,Routine,2024-10-31 19:57,2024-10-31 20:30,2024-10-31 22:58
LAB720656,ENC108686,PT13261,WBC,White Blood Cell Count,8.8,K/uL,4.5,11,N,Routine,2024-10-31 20:28,2024-10-31 20:53,2024-11-01 00:39
LAB720657,ENC108686,PT13261,HGB,Hemoglobin,7,g/dL,12,17.5,L,STAT,2024-10-31 19:54,2024-10-31 20:29,2024-10-31 21:21
LAB720658,ENC108687,PT13738,GLU,Glucose,99,mg/dL,70,99,N,STAT,2024-10-31 20:33,2024-10-31 20:50,2024-10-31 21:21
LAB720659,ENC108687,PT13738,CREAT,Creatinine,0.63,mg/dL,0.6,1.3,N,Routine,2024-10-31 19:39,2024-10-31 19:57,2024-11-01 02:37
LAB720660,ENC108687,PT13738,WBC,White Blood Cell Count,10,K/uL,4.5,11,N,Routine,2024-10-31 19:27,2024-10-31 19:57,2024-10-31 23:38
LAB720661,ENC108690,PT12532,GLU,Glucose,85,mg/dL,70,99,N,STAT,2024-11-01 04:44,2024-11-01 05:08,2024-11-01 05:57
LAB720662,ENC108690,PT12532,CREAT,Creatinine,0.86,mg/dL,0.6,1.3,N,STAT,2024-11-01 04:43,2024-11-01 04:50,2024-11-01 05:28
LAB720663,ENC108690,PT12532,WBC,White Blood Cell Count,11,K/uL,4.5,11,N,Routine,2024-11-01 05:12,2024-11-01 05:46,2024-11-01 08:33
LAB720664,ENC108690,PT12532,HGB,Hemoglobin,13.5,g/dL,12,17.5,N,Routine,2024-11-01 04:26,2024-11-01 04:39,2024-11-01 07:22
LAB720665,ENC108692,PT13424,GLU,Glucose,94,mg/dL,70,99,N,Routine,2024-11-01 13:15,2024-11-01 13:21,2024-11-01 16:16
LAB720666,ENC108692,PT13424,CREAT,Creatinine,0.99,mg/dL,0.6,1.3,N,STAT,2024-11-01 13:04,2024-11-01 13:34,2024-11-01 14:40
LAB720667,ENC108692,PT13424,WBC,White Blood Cell Count,7.6,K/uL,4.5,11,N,STAT,2024-11-01 12:50,2024-11-01 13:10,2024-11-01 14:14
LAB720668,ENC108692,PT13424,HGB,Hemoglobin,6.4,g/dL,12,17.5,LL,STAT,2024-11-01 13:53,2024-11-01 14:17,2024-11-01 14:49
LAB720669,ENC108692,PT13424,NA,Sodium,135,mmol/L,136,145,L,STAT,2024-11-01 13:47,2024-11-01 14:16,2024-11-01 14:57
LAB720670,ENC108692,PT13424,K,Potassium,4,mmol/L,3.5,5.1,N,STAT,2024-11-01 12:43,2024-11-01 13:17,2024-11-01 13:55
LAB720671,ENC108692,PT13424,INR,Prothrombin Time INR,5.3,ratio,0.8,1.2,HH,Routine,2024-11-01 13:24,2024-11-01 13:30,2024-11-01 16:54
LAB720672,ENC108694,PT10799,GLU,Glucose,138,mg/dL,70,99,H,STAT,2024-11-01 14:02,2024-11-01 14:08,2024-11-01 15:18
LAB720673,ENC108694,PT10799,CREAT,Creatinine,1.74,mg/dL,0.6,1.3,H,STAT,2024-11-01 14:42,2024-11-01 14:57,2024-11-01 16:19
LAB720674,ENC108694,PT10799,WBC,White Blood Cell Count,8.3,K/uL,4.5,11,N,STAT,2024-11-01 13:48,2024-11-01 14:15,2024-11-01 15:30
LAB720675,ENC108694,PT10799,HGB,Hemoglobin,13.1,g/dL,12,17.5,N,STAT,2024-11-01 14:49,2024-11-01 15:00,2024-11-01 16:22
LAB720676,ENC108694,PT10799,INR,Prothrombin Time INR,1,ratio,0.8,1.2,N,Routine,2024-11-01 14:03,2024-11-01 14:08,2024-11-01 15:52
LAB720677,ENC108696,PT10620,GLU,Glucose,145,mg/dL,70,99,H,Routine,2024-11-01 13:40,2024-11-01 13:51,2024-11-01 16:46
LAB720678,ENC108696,PT10620,CREAT,Creatinine,1.08,mg/dL,0.6,1.3,N,Routine,2024-11-01 14:22,2024-11-01 14:50,2024-11-01 18:45
LAB720679,ENC108696,PT10620,WBC,White Blood Cell Count,8.2,K/uL,4.5,11,N,Routine,2024-11-01 13:44,2024-11-01 14:00,2024-11-01 17:24
LAB720680,ENC108696,PT10620,HGB,Hemoglobin,6,g/dL,12,17.5,LL,STAT,2024-11-01 14:34,2024-11-01 15:08,2024-11-01 16:20
LAB720681,ENC108696,PT10620,INR,Prothrombin Time INR,1,ratio,0.8,1.2,N,Routine,2024-11-01 14:07,2024-11-01 14:23,2024-11-01 16:57
LAB720682,ENC108697,PT13555,GLU,Glucose,197,mg/dL,70,99,H,STAT,2024-11-01 15:52,2024-11-01 15:59,2024-11-01 16:13
LAB720683,ENC108697,PT13555,CREAT,Creatinine,0.78,mg/dL,0.6,1.3,N,Routine,2024-11-01 16:02,2024-11-01 16:09,2024-11-01 18:19
LAB720684,ENC108697,PT13555,WBC,White Blood Cell Count,4,K/uL,4.5,11,L,Routine,2024-11-01 15:36,2024-11-01 16:09,2024-11-01 22:06
LAB720685,ENC108697,PT13555,HGB,Hemoglobin,11.7,g/dL,12,17.5,L,STAT,2024-11-01 16:07,2024-11-01 16:37,2024-11-01 17:22
LAB720686,ENC108699,PT12630,LDL,LDL Cholesterol,87,mg/dL,0,99,N,Routine,2024-11-01 11:25,2024-11-01 12:00,2024-11-02 03:35
LAB720687,ENC108699,PT12630,A1C,Hemoglobin A1c,5.1,%,4,5.6,N,Routine,2024-11-01 11:27,2024-11-01 11:31,2024-11-02 15:07
LAB720688,ENC108700,PT11443,LDL,LDL Cholesterol,160,mg/dL,0,99,H,Routine,2024-11-01 12:51,2024-11-01 12:57,2024-11-01 22:35
LAB720689,ENC108700,PT11443,A1C,Hemoglobin A1c,5.8,%,4,5.6,H,Routine,2024-11-01 13:00,2024-11-01 13:17,2024-11-01 23:17
LAB720690,ENC108700,PT11443,TSH,Thyroid Stimulating Hormone,1.07,mIU/L,0.4,4,N,Routine,2024-11-01 12:55,2024-11-01 13:19,2024-11-01 23:09
LAB720691,ENC108701,PT10983,GLU,Glucose,114,mg/dL,70,99,H,STAT,2024-11-01 16:57,2024-11-01 17:08,2024-11-01 17:37
LAB720692,ENC108701,PT10983,CREAT,Creatinine,0.92,mg/dL,0.6,1.3,N,Routine,2024-11-01 16:16,2024-11-01 16:31,2024-11-01 19:07
LAB720693,ENC108701,PT10983,WBC,White Blood Cell Count,7.2,K/uL,4.5,11,N,STAT,2024-11-01 16:54,2024-11-01 17:21,2024-11-01 18:50
LAB720694,ENC108701,PT10983,HGB,Hemoglobin,12.9,g/dL,12,17.5,N,STAT,2024-11-01 16:48,2024-11-01 16:56,2024-11-01 17:29
LAB720695,ENC108701,PT10983,BUN,Blood Urea Nitrogen,17,mg/dL,7,20,N,STAT,2024-11-01 16:41,2024-11-01 16:56,2024-11-01 17:48
LAB720696,ENC108701,PT10983,PLT,Platelet Count,186,K/uL,150,400,N,STAT,2024-11-01 16:08,2024-11-01 16:26,2024-11-01 16:57
LAB720697,ENC108701,PT10983,TROP,"Troponin I, High Sensitivity",68,ng/L,0,34,H,STAT,2024-11-01 17:08,2024-11-01 17:22,2024-11-01 17:57
LAB720698,ENC108701,PT10983,BNP,B-Type Natriuretic Peptide,359,pg/mL,0,100,H,STAT,2024-11-01 16:38,2024-11-01 16:52,2024-11-01 17:44
LAB720699,ENC108705,PT12942,GLU,Glucose,93,mg/dL,70,99,N,STAT,2024-11-01 15:19,2024-11-01 15:31,2024-11-01 15:45
LAB720700,ENC108705,PT12942,CREAT,Creatinine,0.35,mg/dL,0.6,1.3,L,STAT,2024-11-01 16:14,2024-11-01 16:31,2024-11-01 16:52
LAB720701,ENC108705,PT12942,WBC,White Blood Cell Count,6.9,K/uL,4.5,11,N,Routine,2024-11-01 16:22,2024-11-01 16:48,2024-11-01 18:25
LAB720702,ENC108705,PT12942,HGB,Hemoglobin,14.9,g/dL,12,17.5,N,STAT,2024-11-01 16:22,2024-11-01 16:32,2024-11-01 17:12
LAB720703,ENC108708,PT10914,GLU,Glucose,268,mg/dL,70,99,H,STAT,2024-11-01 19:13,2024-11-01 19:22,2024-11-01 19:52
LAB720704,ENC108708,PT10914,CREAT,Creatinine,1.13,mg/dL,0.6,1.3,N,Routine,2024-11-01 19:15,2024-11-01 19:40,2024-11-02 00:05
LAB720705,ENC108708,PT10914,WBC,White Blood Cell Count,12.5,K/uL,4.5,11,H,Routine,2024-11-01 19:16,2024-11-01 19:41,2024-11-01 23:56
LAB720706,ENC108708,PT10914,HGB,Hemoglobin,14.7,g/dL,12,17.5,N,STAT,2024-11-01 19:39,2024-11-01 19:50,2024-11-01 20:24
LAB720707,ENC108709,PT10381,GLU,Glucose,132,mg/dL,70,99,H,Routine,2024-11-01 20:07,2024-11-01 20:17,2024-11-01 21:35
LAB720708,ENC108709,PT10381,CREAT,Creatinine,0.8,mg/dL,0.6,1.3,N,Routine,2024-11-01 19:48,2024-11-01 19:54,2024-11-01 21:09
LAB720709,ENC108709,PT10381,WBC,White Blood Cell Count,7.5,K/uL,4.5,11,N,Routine,2024-11-01 19:55,2024-11-01 20:02,2024-11-01 23:51
LAB720710,ENC108709,PT10381,HGB,Hemoglobin,7.5,g/dL,12,17.5,L,STAT,2024-11-01 20:32,2024-11-01 20:59,2024-11-01 22:13
LAB720711,ENC108709,PT10381,NA,Sodium,142,mmol/L,136,145,N,STAT,2024-11-01 20:11,2024-11-01 20:36,2024-11-01 21:18
LAB720712,ENC108709,PT10381,K,Potassium,4.6,mmol/L,3.5,5.1,N,STAT,2024-11-01 19:43,2024-11-01 20:00,2024-11-01 20:57
LAB720713,ENC108709,PT10381,LACT,Lactate,1,mmol/L,0.5,2,N,STAT,2024-11-01 19:52,2024-11-01 20:23,2024-11-01 20:59
LAB720714,ENC108709,PT10381,INR,Prothrombin Time INR,1.2,ratio,0.8,1.2,N,STAT,2024-11-01 20:53,2024-11-01 21:23,2024-11-01 22:12
LAB720715,ENC108710,PT12993,GLU,Glucose,240,mg/dL,70,99,H,Routine,2024-11-01 20:59,2024-11-01 21:19,2024-11-01 23:47
LAB720716,ENC108710,PT12993,CREAT,Creatinine,0.9,mg/dL,0.6,1.3,N,STAT,2024-11-01 21:05,2024-11-01 21:16,2024-11-01 21:57
LAB720717,ENC108710,PT12993,WBC,White Blood Cell Count,10.1,K/uL,4.5,11,N,STAT,2024-11-01 21:31,2024-11-01 22:02,2024-11-01 22:46
LAB720718,ENC108710,PT12993,HGB,Hemoglobin,16.4,g/dL,12,17.5,N,STAT,2024-11-01 21:37,2024-11-01 21:51,2024-11-01 22:24
LAB720719,ENC108712,PT10982,GLU,Glucose,115,mg/dL,70,99,H,STAT,2024-11-01 18:32,2024-11-01 18:46,2024-11-01 19:33
LAB720720,ENC108712,PT10982,CREAT,Creatinine,0.91,mg/dL,0.6,1.3,N,Routine,2024-11-01 18:22,2024-11-01 18:51,2024-11-01 19:56
LAB720721,ENC108713,PT12487,GLU,Glucose,235,mg/dL,70,99,H,STAT,2024-11-01 22:36,2024-11-01 22:40,2024-11-01 23:22
LAB720722,ENC108713,PT12487,CREAT,Creatinine,0.97,mg/dL,0.6,1.3,N,STAT,2024-11-01 21:51,2024-11-01 22:13,2024-11-01 22:46
LAB720723,ENC108713,PT12487,WBC,White Blood Cell Count,8.9,K/uL,4.5,11,N,STAT,2024-11-01 22:41,2024-11-01 23:09,2024-11-01 23:43
LAB720724,ENC108713,PT12487,HGB,Hemoglobin,15.2,g/dL,12,17.5,N,STAT,2024-11-01 21:43,2024-11-01 22:18,2024-11-01 22:55
LAB720725,ENC108714,PT12205,GLU,Glucose,175,mg/dL,70,99,H,STAT,2024-11-01 21:54,2024-11-01 22:10,2024-11-01 22:55
LAB720726,ENC108714,PT12205,CREAT,Creatinine,1.34,mg/dL,0.6,1.3,H,Routine,2024-11-01 21:50,2024-11-01 22:23,2024-11-02 00:25
LAB720727,ENC108714,PT12205,WBC,White Blood Cell Count,16.4,K/uL,4.5,11,H,STAT,2024-11-01 21:36,2024-11-01 21:48,2024-11-01 22:21
LAB720728,ENC108714,PT12205,HGB,Hemoglobin,16.1,g/dL,12,17.5,N,Routine,2024-11-01 21:43,2024-11-01 22:03,2024-11-02 06:26
LAB720729,ENC108714,PT12205,LACT,Lactate,3.5,mmol/L,0.5,2,H,STAT,2024-11-01 21:38,2024-11-01 21:56,2024-11-01 22:16
LAB720730,ENC108715,PT13028,GLU,Glucose,194,mg/dL,70,99,H,Routine,2024-11-02 00:53,2024-11-02 01:18,2024-11-02 02:51
LAB720731,ENC108715,PT13028,CREAT,Creatinine,2.32,mg/dL,0.6,1.3,H,STAT,2024-11-02 00:28,2024-11-02 00:34,2024-11-02 02:25
LAB720732,ENC108715,PT13028,WBC,White Blood Cell Count,6.1,K/uL,4.5,11,N,Routine,2024-11-02 01:11,2024-11-02 01:44,2024-11-02 03:34
LAB720733,ENC108715,PT13028,HGB,Hemoglobin,9.4,g/dL,12,17.5,L,STAT,2024-11-02 01:06,2024-11-02 01:14,2024-11-02 01:51
LAB720734,ENC108715,PT13028,BUN,Blood Urea Nitrogen,13,mg/dL,7,20,N,STAT,2024-11-02 00:40,2024-11-02 01:02,2024-11-02 01:33
LAB720735,ENC108715,PT13028,PLT,Platelet Count,235,K/uL,150,400,N,STAT,2024-11-02 01:12,2024-11-02 01:35,2024-11-02 01:57
LAB720736,ENC108715,PT13028,TROP,"Troponin I, High Sensitivity",12,ng/L,0,34,N,STAT,2024-11-02 00:39,2024-11-02 00:50,2024-11-02 01:37
LAB720737,ENC108715,PT13028,BNP,B-Type Natriuretic Peptide,824,pg/mL,0,100,H,Routine,2024-11-02 00:40,2024-11-02 01:07,2024-11-02 03:22
LAB720738,ENC108718,PT13465,GLU,Glucose,122,mg/dL,70,99,H,STAT,2024-11-01 20:11,2024-11-01 20:31,2024-11-01 21:22
LAB720739,ENC108718,PT13465,CREAT,Creatinine,2.85,mg/dL,0.6,1.3,H,STAT,2024-11-01 20:46,2024-11-01 21:07,2024-11-01 21:41
LAB720740,ENC108718,PT13465,WBC,White Blood Cell Count,9.1,K/uL,4.5,11,N,STAT,2024-11-01 21:08,2024-11-01 21:23,2024-11-01 22:23
LAB720741,ENC108718,PT13465,HGB,Hemoglobin,9.8,g/dL,12,17.5,L,Routine,2024-11-01 20:38,2024-11-01 20:58,2024-11-01 23:58
LAB720742,ENC108721,PT12137,GLU,Glucose,178,mg/dL,70,99,H,STAT,2024-11-02 01:29,2024-11-02 01:47,2024-11-02 02:39
LAB720743,ENC108721,PT12137,CREAT,Creatinine,0.86,mg/dL,0.6,1.3,N,STAT,2024-11-02 01:19,2024-11-02 01:54,2024-11-02 02:26
LAB720744,ENC108721,PT12137,WBC,White Blood Cell Count,7.3,K/uL,4.5,11,N,STAT,2024-11-02 01:02,2024-11-02 01:20,2024-11-02 01:56
LAB720745,ENC108721,PT12137,HGB,Hemoglobin,14.4,g/dL,12,17.5,N,STAT,2024-11-02 00:49,2024-11-02 01:11,2024-11-02 01:33
LAB720746,ENC108721,PT12137,NA,Sodium,138,mmol/L,136,145,N,Routine,2024-11-02 00:49,2024-11-02 01:22,2024-11-02 04:42
LAB720747,ENC108721,PT12137,K,Potassium,3.9,mmol/L,3.5,5.1,N,STAT,2024-11-02 00:58,2024-11-02 01:11,2024-11-02 02:01
LAB720748,ENC108723,PT11131,GLU,Glucose,83,mg/dL,70,99,N,Routine,2024-11-02 05:41,2024-11-02 06:13,2024-11-02 09:43
LAB720749,ENC108723,PT11131,CREAT,Creatinine,0.91,mg/dL,0.6,1.3,N,STAT,2024-11-02 05:56,2024-11-02 06:18,2024-11-02 06:57
LAB720750,ENC108723,PT11131,WBC,White Blood Cell Count,4.5,K/uL,4.5,11,N,Routine,2024-11-02 06:09,2024-11-02 06:22,2024-11-02 07:09
LAB720751,ENC108723,PT11131,HGB,Hemoglobin,13.3,g/dL,12,17.5,N,STAT,2024-11-02 05:39,2024-11-02 05:44,2024-11-02 06:27
LAB720752,ENC108723,PT11131,BUN,Blood Urea Nitrogen,15,mg/dL,7,20,N,STAT,2024-11-02 06:30,2024-11-02 06:49,2024-11-02 07:22
LAB720753,ENC108723,PT11131,PLT,Platelet Count,240,K/uL,150,400,N,STAT,2024-11-02 06:36,2024-11-02 06:48,2024-11-02 07:16
LAB720754,ENC108723,PT11131,TROP,"Troponin I, High Sensitivity",10,ng/L,0,34,N,STAT,2024-11-02 05:53,2024-11-02 05:59,2024-11-02 06:54
LAB720755,ENC108724,PT11691,GLU,Glucose,71,mg/dL,70,99,N,Routine,2024-11-02 07:44,2024-11-02 08:16,2024-11-02 10:38
LAB720756,ENC108724,PT11691,CREAT,Creatinine,3.01,mg/dL,0.6,1.3,H,STAT,2024-11-02 07:57,2024-11-02 08:30,2024-11-02 10:14
LAB720757,ENC108724,PT11691,WBC,White Blood Cell Count,11.7,K/uL,4.5,11,H,STAT,2024-11-02 07:45,2024-11-02 07:51,2024-11-02 08:21
LAB720758,ENC108724,PT11691,HGB,Hemoglobin,11.2,g/dL,12,17.5,L,Routine,2024-11-02 07:34,2024-11-02 07:58,2024-11-02 13:09
LAB720759,ENC108725,PT13606,GLU,Glucose,108,mg/dL,70,99,H,Routine,2024-11-02 07:59,2024-11-02 08:31,2024-11-02 14:18
LAB720760,ENC108725,PT13606,CREAT,Creatinine,0.5,mg/dL,0.6,1.3,L,Routine,2024-11-02 08:19,2024-11-02 08:44,2024-11-02 09:49
LAB720761,ENC108726,PT11940,GLU,Glucose,100,mg/dL,70,99,H,Routine,2024-11-02 12:49,2024-11-02 13:02,2024-11-02 16:27
LAB720762,ENC108726,PT11940,CREAT,Creatinine,1.12,mg/dL,0.6,1.3,N,STAT,2024-11-02 12:31,2024-11-02 12:53,2024-11-02 14:24
LAB720763,ENC108726,PT11940,WBC,White Blood Cell Count,5,K/uL,4.5,11,N,Routine,2024-11-02 12:03,2024-11-02 12:30,2024-11-02 16:12
LAB720764,ENC108726,PT11940,HGB,Hemoglobin,15.9,g/dL,12,17.5,N,STAT,2024-11-02 12:06,2024-11-02 12:12,2024-11-02 13:21
LAB720765,ENC108726,PT11940,NA,Sodium,138,mmol/L,136,145,N,STAT,2024-11-02 12:42,2024-11-02 13:01,2024-11-02 13:52
LAB720766,ENC108726,PT11940,K,Potassium,4,mmol/L,3.5,5.1,N,STAT,2024-11-02 12:36,2024-11-02 12:41,2024-11-02 13:20
LAB720767,ENC108727,PT12059,GLU,Glucose,90,mg/dL,70,99,N,Routine,2024-11-02 13:35,2024-11-02 13:40,2024-11-02 15:35
LAB720768,ENC108727,PT12059,CREAT,Creatinine,1.03,mg/dL,0.6,1.3,N,STAT,2024-11-02 13:59,2024-11-02 14:27,2024-11-02 15:08
LAB720769,ENC108730,PT12966,GLU,Glucose,101,mg/dL,70,99,H,STAT,2024-11-02 19:50,2024-11-02 20:18,2024-11-02 20:58
LAB720770,ENC108730,PT12966,CREAT,Creatinine,0.98,mg/dL,0.6,1.3,N,STAT,2024-11-02 19:01,2024-11-02 19:27,2024-11-02 20:03
LAB720771,ENC108730,PT12966,WBC,White Blood Cell Count,14.5,K/uL,4.5,11,H,Routine,2024-11-02 19:26,2024-11-02 19:32,2024-11-02 23:17
LAB720772,ENC108730,PT12966,HGB,Hemoglobin,12.5,g/dL,12,17.5,N,STAT,2024-11-02 19:18,2024-11-02 19:35,2024-11-02 20:30
LAB720773,ENC108731,PT12472,GLU,Glucose,120,mg/dL,70,99,H,Routine,2024-11-02 18:58,2024-11-02 19:27,2024-11-02 23:13
LAB720774,ENC108731,PT12472,CREAT,Creatinine,0.96,mg/dL,0.6,1.3,N,Routine,2024-11-02 18:51,2024-11-02 19:09,2024-11-02 21:18
LAB720775,ENC108731,PT12472,WBC,White Blood Cell Count,6.8,K/uL,4.5,11,N,STAT,2024-11-02 18:23,2024-11-02 18:36,2024-11-02 20:10
LAB720776,ENC108732,PT11880,GLU,Glucose,213,mg/dL,70,99,H,STAT,2024-11-02 18:18,2024-11-02 18:23,2024-11-02 19:51
LAB720777,ENC108732,PT11880,CREAT,Creatinine,1.66,mg/dL,0.6,1.3,H,STAT,2024-11-02 19:07,2024-11-02 19:19,2024-11-02 20:16
LAB720778,ENC108733,PT11309,GLU,Glucose,93,mg/dL,70,99,N,Routine,2024-11-02 23:00,2024-11-02 23:15,2024-11-03 03:54
LAB720779,ENC108733,PT11309,CREAT,Creatinine,0.91,mg/dL,0.6,1.3,N,STAT,2024-11-02 23:10,2024-11-02 23:18,2024-11-02 23:55
LAB720780,ENC108733,PT11309,WBC,White Blood Cell Count,25.3,K/uL,4.5,11,H,STAT,2024-11-02 22:52,2024-11-02 23:11,2024-11-03 00:04
LAB720781,ENC108733,PT11309,HGB,Hemoglobin,15.1,g/dL,12,17.5,N,STAT,2024-11-02 22:27,2024-11-02 22:50,2024-11-03 00:02
LAB720782,ENC108735,PT11822,GLU,Glucose,198,mg/dL,70,99,H,STAT,2024-11-02 23:36,2024-11-03 00:08,2024-11-03 00:40
LAB720783,ENC108735,PT11822,CREAT,Creatinine,1.08,mg/dL,0.6,1.3,N,STAT,2024-11-02 23:12,2024-11-02 23:39,2024-11-03 00:41
LAB720784,ENC108735,PT11822,WBC,White Blood Cell Count,6.9,K/uL,4.5,11,N,Routine,2024-11-02 22:56,2024-11-02 23:12,2024-11-03 04:52
LAB720785,ENC108736,PT10063,GLU,Glucose,152,mg/dL,70,99,H,STAT,2024-11-03 01:16,2024-11-03 01:21,2024-11-03 01:49
LAB720786,ENC108736,PT10063,CREAT,Creatinine,0.93,mg/dL,0.6,1.3,N,STAT,2024-11-03 00:59,2024-11-03 01:28,2024-11-03 02:24
LAB720787,ENC108736,PT10063,WBC,White Blood Cell Count,6.9,K/uL,4.5,11,N,Routine,2024-11-03 00:42,2024-11-03 00:46,2024-11-03 05:46
LAB720788,ENC108736,PT10063,HGB,Hemoglobin,15.7,g/dL,12,17.5,N,STAT,2024-11-03 00:47,2024-11-03 01:16,2024-11-03 02:13
LAB720789,ENC108738,PT12306,GLU,Glucose,64,mg/dL,70,99,L,STAT,2024-11-03 10:24,2024-11-03 10:40,2024-11-03 11:43
LAB720790,ENC108738,PT12306,CREAT,Creatinine,1.2,mg/dL,0.6,1.3,N,Routine,2024-11-03 10:46,2024-11-03 10:55,2024-11-03 13:04
LAB720791,ENC108738,PT12306,TROP,"Troponin I, High Sensitivity",4,ng/L,0,34,N,STAT,2024-11-03 10:12,2024-11-03 10:24,2024-11-03 11:12
LAB720792,ENC108739,PT12220,GLU,Glucose,255,mg/dL,70,99,H,STAT,2024-11-03 16:36,2024-11-03 17:04,2024-11-03 18:31
LAB720793,ENC108739,PT12220,CREAT,Creatinine,0.85,mg/dL,0.6,1.3,N,Routine,2024-11-03 15:43,2024-11-03 15:54,2024-11-03 18:21
LAB720794,ENC108739,PT12220,WBC,White Blood Cell Count,8.4,K/uL,4.5,11,N,STAT,2024-11-03 15:41,2024-11-03 15:47,2024-11-03 16:09
LAB720795,ENC108739,PT12220,HGB,Hemoglobin,13.4,g/dL,12,17.5,N,Routine,2024-11-03 16:33,2024-11-03 17:03,2024-11-03 18:56
LAB720796,ENC108741,PT12116,GLU,Glucose,109,mg/dL,70,99,H,Routine,2024-11-03 14:32,2024-11-03 15:03,2024-11-03 17:23
LAB720797,ENC108741,PT12116,CREAT,Creatinine,0.8,mg/dL,0.6,1.3,N,Routine,2024-11-03 14:02,2024-11-03 14:14,2024-11-03 18:41
LAB720798,ENC108741,PT12116,WBC,White Blood Cell Count,7.1,K/uL,4.5,11,N,Routine,2024-11-03 14:53,2024-11-03 15:12,2024-11-03 16:43
LAB720799,ENC108741,PT12116,HGB,Hemoglobin,12.2,g/dL,12,17.5,N,Routine,2024-11-03 14:19,2024-11-03 14:32,2024-11-03 18:40
LAB720800,ENC108742,PT11183,GLU,Glucose,121,mg/dL,70,99,H,STAT,2024-11-03 17:28,2024-11-03 17:44,2024-11-03 19:43
LAB720801,ENC108742,PT11183,CREAT,Creatinine,1.17,mg/dL,0.6,1.3,N,STAT,2024-11-03 17:07,2024-11-03 17:15,2024-11-03 18:11
LAB720802,ENC108742,PT11183,WBC,White Blood Cell Count,7.8,K/uL,4.5,11,N,STAT,2024-11-03 17:15,2024-11-03 17:35,2024-11-03 18:09
LAB720803,ENC108742,PT11183,HGB,Hemoglobin,13.4,g/dL,12,17.5,N,STAT,2024-11-03 16:20,2024-11-03 16:37,2024-11-03 17:25
LAB720804,ENC108743,PT10008,GLU,Glucose,94,mg/dL,70,99,N,STAT,2024-11-03 18:58,2024-11-03 19:02,2024-11-03 19:38
LAB720805,ENC108743,PT10008,CREAT,Creatinine,1.08,mg/dL,0.6,1.3,N,Routine,2024-11-03 18:06,2024-11-03 18:40,2024-11-03 21:18
LAB720806,ENC108743,PT10008,WBC,White Blood Cell Count,4.5,K/uL,4.5,11,N,STAT,2024-11-03 17:58,2024-11-03 18:05,2024-11-03 18:40
LAB720807,ENC108743,PT10008,HGB,Hemoglobin,15.8,g/dL,12,17.5,N,Routine,2024-11-03 18:52,2024-11-03 19:21,2024-11-03 21:45
LAB720808,ENC108743,PT10008,TROP,"Troponin I, High Sensitivity",5,ng/L,0,34,N,STAT,2024-11-03 18:42,2024-11-03 19:11,2024-11-03 19:57
LAB720809,ENC108744,PT13487,GLU,Glucose,91,mg/dL,70,99,N,STAT,2024-11-03 16:48,2024-11-03 17:12,2024-11-03 18:11
LAB720810,ENC108744,PT13487,CREAT,Creatinine,0.36,mg/dL,0.6,1.3,L,STAT,2024-11-03 15:59,2024-11-03 16:16,2024-11-03 16:46
LAB720811,ENC108744,PT13487,WBC,White Blood Cell Count,8.4,K/uL,4.5,11,N,Routine,2024-11-03 16:34,2024-11-03 16:44,2024-11-03 23:32
LAB720812,ENC108745,PT10261,GLU,Glucose,94,mg/dL,70,99,N,Routine,2024-11-03 16:42,2024-11-03 17:02,2024-11-03 19:24
LAB720813,ENC108745,PT10261,CREAT,Creatinine,0.43,mg/dL,0.6,1.3,L,Routine,2024-11-03 15:56,2024-11-03 16:24,2024-11-03 21:05
LAB720814,ENC108746,PT13538,GLU,Glucose,124,mg/dL,70,99,H,STAT,2024-11-03 16:20,2024-11-03 16:35,2024-11-03 17:55
LAB720815,ENC108746,PT13538,CREAT,Creatinine,0.94,mg/dL,0.6,1.3,N,Routine,2024-11-03 16:27,2024-11-03 16:32,2024-11-03 19:52
LAB720816,ENC108746,PT13538,WBC,White Blood Cell Count,12.3,K/uL,4.5,11,H,Routine,2024-11-03 17:00,2024-11-03 17:07,2024-11-03 22:04
LAB720817,ENC108746,PT13538,HGB,Hemoglobin,11.7,g/dL,12,17.5,L,Routine,2024-11-03 16:27,2024-11-03 16:51,2024-11-03 18:19
LAB720818,ENC108747,PT12501,GLU,Glucose,114,mg/dL,70,99,H,STAT,2024-11-03 16:27,2024-11-03 16:56,2024-11-03 17:46
LAB720819,ENC108747,PT12501,CREAT,Creatinine,0.83,mg/dL,0.6,1.3,N,STAT,2024-11-03 16:00,2024-11-03 16:35,2024-11-03 17:25
LAB720820,ENC108747,PT12501,WBC,White Blood Cell Count,11.1,K/uL,4.5,11,H,Routine,2024-11-03 16:32,2024-11-03 16:53,2024-11-03 19:03
LAB720821,ENC108747,PT12501,HGB,Hemoglobin,12,g/dL,12,17.5,N,STAT,2024-11-03 16:12,2024-11-03 16:43,2024-11-03 17:35
LAB720822,ENC108747,PT12501,NA,Sodium,139,mmol/L,136,145,N,STAT,2024-11-03 15:55,2024-11-03 16:08,2024-11-03 16:29
LAB720823,ENC108747,PT12501,K,Potassium,4,mmol/L,3.5,5.1,N,STAT,2024-11-03 16:29,2024-11-03 16:51,2024-11-03 17:21
LAB720824,ENC108748,PT10056,GLU,Glucose,115,mg/dL,70,99,H,Routine,2024-11-03 16:41,2024-11-03 17:13,2024-11-03 21:18
LAB720825,ENC108748,PT10056,CREAT,Creatinine,0.88,mg/dL,0.6,1.3,N,STAT,2024-11-03 16:26,2024-11-03 16:50,2024-11-03 17:50
LAB720826,ENC108748,PT10056,WBC,White Blood Cell Count,7.7,K/uL,4.5,11,N,Routine,2024-11-03 16:16,2024-11-03 16:45,2024-11-03 18:54
LAB720827,ENC108748,PT10056,HGB,Hemoglobin,13.5,g/dL,12,17.5,N,Routine,2024-11-03 16:27,2024-11-03 16:45,2024-11-03 18:13
LAB720828,ENC108748,PT10056,TROP,"Troponin I, High Sensitivity",1,ng/L,0,34,N,STAT,2024-11-03 17:20,2024-11-03 17:43,2024-11-03 18:17
LAB720829,ENC108750,PT10911,GLU,Glucose,104,mg/dL,70,99,H,Routine,2024-11-03 23:56,2024-11-04 00:04,2024-11-04 03:32
LAB720830,ENC108750,PT10911,CREAT,Creatinine,0.97,mg/dL,0.6,1.3,N,Routine,2024-11-04 00:37,2024-11-04 00:44,2024-11-04 02:36
LAB720831,ENC108750,PT10911,WBC,White Blood Cell Count,6.1,K/uL,4.5,11,N,STAT,2024-11-04 00:42,2024-11-04 00:52,2024-11-04 02:16
LAB720832,ENC108750,PT10911,HGB,Hemoglobin,14.6,g/dL,12,17.5,N,STAT,2024-11-04 00:19,2024-11-04 00:40,2024-11-04 01:22
LAB720833,ENC108750,PT10911,NA,Sodium,140,mmol/L,136,145,N,Routine,2024-11-03 23:59,2024-11-04 00:34,2024-11-04 03:18
LAB720834,ENC108750,PT10911,K,Potassium,4.3,mmol/L,3.5,5.1,N,STAT,2024-11-04 00:22,2024-11-04 00:52,2024-11-04 01:47
LAB720835,ENC108751,PT10556,GLU,Glucose,96,mg/dL,70,99,N,STAT,2024-11-04 00:21,2024-11-04 00:26,2024-11-04 01:50
LAB720836,ENC108751,PT10556,CREAT,Creatinine,1,mg/dL,0.6,1.3,N,Routine,2024-11-03 23:46,2024-11-04 00:11,2024-11-04 03:03
LAB720837,ENC108751,PT10556,WBC,White Blood Cell Count,8.3,K/uL,4.5,11,N,STAT,2024-11-03 23:59,2024-11-04 00:17,2024-11-04 01:01
LAB720838,ENC108751,PT10556,HGB,Hemoglobin,14.3,g/dL,12,17.5,N,STAT,2024-11-04 00:51,2024-11-04 00:58,2024-11-04 02:05
LAB720839,ENC108751,PT10556,NA,Sodium,136,mmol/L,136,145,N,Routine,2024-11-04 00:37,2024-11-04 00:48,2024-11-04 03:07
LAB720840,ENC108751,PT10556,K,Potassium,3,mmol/L,3.5,5.1,L,STAT,2024-11-04 00:28,2024-11-04 00:49,2024-11-04 01:22
LAB720841,ENC108751,PT10556,TROP,"Troponin I, High Sensitivity",167,ng/L,0,34,H,STAT,2024-11-04 00:38,2024-11-04 00:59,2024-11-04 02:46
LAB720842,ENC108754,PT11421,GLU,Glucose,92,mg/dL,70,99,N,Routine,2024-11-04 05:37,2024-11-04 05:58,2024-11-04 10:19
LAB720843,ENC108754,PT11421,CREAT,Creatinine,0.98,mg/dL,0.6,1.3,N,Routine,2024-11-04 06:03,2024-11-04 06:15,2024-11-04 10:54
LAB720844,ENC108754,PT11421,WBC,White Blood Cell Count,6.7,K/uL,4.5,11,N,STAT,2024-11-04 05:41,2024-11-04 06:01,2024-11-04 06:32
LAB720845,ENC108754,PT11421,HGB,Hemoglobin,12.8,g/dL,12,17.5,N,STAT,2024-11-04 06:04,2024-11-04 06:23,2024-11-04 07:28
LAB720846,ENC108755,PT11896,GLU,Glucose,291,mg/dL,70,99,H,Routine,2024-11-04 11:30,2024-11-04 11:43,2024-11-04 13:26
LAB720847,ENC108755,PT11896,CREAT,Creatinine,0.96,mg/dL,0.6,1.3,N,Routine,2024-11-04 11:44,2024-11-04 12:00,2024-11-04 16:33
LAB720848,ENC108755,PT11896,WBC,White Blood Cell Count,7.2,K/uL,4.5,11,N,Routine,2024-11-04 12:07,2024-11-04 12:17,2024-11-04 15:25
LAB720849,ENC108755,PT11896,HGB,Hemoglobin,12.8,g/dL,12,17.5,N,Routine,2024-11-04 11:08,2024-11-04 11:41,2024-11-04 17:02
LAB720850,ENC108755,PT11896,NA,Sodium,137,mmol/L,136,145,N,Routine,2024-11-04 11:30,2024-11-04 11:42,2024-11-04 13:38
LAB720851,ENC108755,PT11896,K,Potassium,4.4,mmol/L,3.5,5.1,N,STAT,2024-11-04 11:01,2024-11-04 11:08,2024-11-04 11:39
LAB720852,ENC108755,PT11896,BUN,Blood Urea Nitrogen,18,mg/dL,7,20,N,STAT,2024-11-04 11:04,2024-11-04 11:16,2024-11-04 11:38
LAB720853,ENC108755,PT11896,PLT,Platelet Count,269,K/uL,150,400,N,STAT,2024-11-04 11:57,2024-11-04 12:08,2024-11-04 13:07
LAB720854,ENC108755,PT11896,A1C,Hemoglobin A1c,11.1,%,4,5.6,H,Routine,2024-11-04 12:02,2024-11-04 12:29,2024-11-05 02:17
LAB720855,ENC108756,PT11913,GLU,Glucose,96,mg/dL,70,99,N,Routine,2024-11-04 08:40,2024-11-04 09:01,2024-11-04 14:32
LAB720856,ENC108756,PT11913,CREAT,Creatinine,1.25,mg/dL,0.6,1.3,N,STAT,2024-11-04 08:15,2024-11-04 08:48,2024-11-04 09:29
LAB720857,ENC108756,PT11913,WBC,White Blood Cell Count,6.4,K/uL,4.5,11,N,STAT,2024-11-04 08:59,2024-11-04 09:21,2024-11-04 10:25
LAB720858,ENC108757,PT11207,GLU,Glucose,115,mg/dL,70,99,H,Routine,2024-11-04 09:05,2024-11-04 09:33,2024-11-04 13:05
LAB720859,ENC108757,PT11207,CREAT,Creatinine,1.23,mg/dL,0.6,1.3,N,STAT,2024-11-04 09:16,2024-11-04 09:36,2024-11-04 10:12
LAB720860,ENC108757,PT11207,WBC,White Blood Cell Count,5.5,K/uL,4.5,11,N,STAT,2024-11-04 09:10,2024-11-04 09:36,2024-11-04 09:57
LAB720861,ENC108757,PT11207,HGB,Hemoglobin,14.3,g/dL,12,17.5,N,Routine,2024-11-04 09:03,2024-11-04 09:08,2024-11-04 10:12
LAB720862,ENC108757,PT11207,NA,Sodium,140,mmol/L,136,145,N,STAT,2024-11-04 08:38,2024-11-04 08:47,2024-11-04 09:59
LAB720863,ENC108757,PT11207,K,Potassium,4,mmol/L,3.5,5.1,N,STAT,2024-11-04 08:39,2024-11-04 09:00,2024-11-04 10:05
LAB720864,ENC108759,PT13948,GLU,Glucose,182,mg/dL,70,99,H,Routine,2024-11-04 09:17,2024-11-04 09:22,2024-11-04 12:55
LAB720865,ENC108759,PT13948,CREAT,Creatinine,1.3,mg/dL,0.6,1.3,N,STAT,2024-11-04 09:52,2024-11-04 10:16,2024-11-04 10:43
LAB720866,ENC108759,PT13948,WBC,White Blood Cell Count,15.4,K/uL,4.5,11,H,STAT,2024-11-04 09:27,2024-11-04 09:53,2024-11-04 10:21
LAB720867,ENC108759,PT13948,HGB,Hemoglobin,13.1,g/dL,12,17.5,N,STAT,2024-11-04 09:27,2024-11-04 09:36,2024-11-04 10:21
LAB720868,ENC108759,PT13948,LACT,Lactate,7,mmol/L,0.5,2,HH,STAT,2024-11-04 09:15,2024-11-04 09:19,2024-11-04 10:12
LAB720869,ENC108760,PT10631,GLU,Glucose,216,mg/dL,70,99,H,Routine,2024-11-04 11:54,2024-11-04 12:21,2024-11-04 14:02
LAB720870,ENC108760,PT10631,CREAT,Creatinine,0.49,mg/dL,0.6,1.3,L,STAT,2024-11-04 12:41,2024-11-04 13:03,2024-11-04 13:50
LAB720871,ENC108760,PT10631,WBC,White Blood Cell Count,16.7,K/uL,4.5,11,H,STAT,2024-11-04 12:48,2024-11-04 12:56,2024-11-04 14:12
LAB720872,ENC108760,PT10631,HGB,Hemoglobin,12.8,g/dL,12,17.5,N,STAT,2024-11-04 11:54,2024-11-04 12:27,2024-11-04 12:49
LAB720873,ENC108760,PT10631,NA,Sodium,139,mmol/L,136,145,N,Routine,2024-11-04 12:20,2024-11-04 12:50,2024-11-04 17:12
LAB720874,ENC108760,PT10631,K,Potassium,4.5,mmol/L,3.5,5.1,N,STAT,2024-11-04 12:35,2024-11-04 12:39,2024-11-04 13:37
LAB720875,ENC108760,PT10631,LACT,Lactate,3.4,mmol/L,0.5,2,H,STAT,2024-11-04 12:06,2024-11-04 12:22,2024-11-04 13:13
LAB720876,ENC108762,PT12893,GLU,Glucose,91,mg/dL,70,99,N,STAT,2024-11-04 09:22,2024-11-04 09:50,2024-11-04 10:37
LAB720877,ENC108762,PT12893,CREAT,Creatinine,1.23,mg/dL,0.6,1.3,N,Routine,2024-11-04 09:54,2024-11-04 10:01,2024-11-04 11:17
LAB720878,ENC108764,PT11535,GLU,Glucose,120,mg/dL,70,99,H,Routine,2024-11-04 10:50,2024-11-04 10:58,2024-11-04 16:33
LAB720879,ENC108764,PT11535,CREAT,Creatinine,1.35,mg/dL,0.6,1.3,H,Routine,2024-11-04 11:32,2024-11-04 11:52,2024-11-04 17:03
LAB720880,ENC108765,PT10021,GLU,Glucose,63,mg/dL,70,99,L,STAT,2024-11-04 11:04,2024-11-04 11:30,2024-11-04 12:21
LAB720881,ENC108765,PT10021,CREAT,Creatinine,0.93,mg/dL,0.6,1.3,N,STAT,2024-11-04 10:51,2024-11-04 10:57,2024-11-04 12:04
LAB720882,ENC108765,PT10021,WBC,White Blood Cell Count,15.2,K/uL,4.5,11,H,Routine,2024-11-04 11:48,2024-11-04 12:17,2024-11-04 14:41
LAB720883,ENC108765,PT10021,HGB,Hemoglobin,13.8,g/dL,12,17.5,N,STAT,2024-11-04 11:17,2024-11-04 11:43,2024-11-04 12:48
LAB720884,ENC108766,PT12657,GLU,Glucose,108,mg/dL,70,99,H,STAT,2024-11-04 11:03,2024-11-04 11:18,2024-11-04 12:11
LAB720885,ENC108766,PT12657,CREAT,Creatinine,0.75,mg/dL,0.6,1.3,N,STAT,2024-11-04 11:57,2024-11-04 12:17,2024-11-04 12:55
LAB720886,ENC108766,PT12657,WBC,White Blood Cell Count,7.4,K/uL,4.5,11,N,Routine,2024-11-04 11:52,2024-11-04 11:58,2024-11-04 14:15
LAB720887,ENC108766,PT12657,HGB,Hemoglobin,14.8,g/dL,12,17.5,N,Routine,2024-11-04 11:29,2024-11-04 11:49,2024-11-04 16:08
LAB720888,ENC108770,PT12778,GLU,Glucose,140,mg/dL,70,99,H,STAT,2024-11-04 12:10,2024-11-04 12:23,2024-11-04 13:17
LAB720889,ENC108770,PT12778,CREAT,Creatinine,0.88,mg/dL,0.6,1.3,N,Routine,2024-11-04 11:28,2024-11-04 11:43,2024-11-04 15:07
LAB720890,ENC108772,PT11434,GLU,Glucose,99,mg/dL,70,99,N,STAT,2024-11-04 12:24,2024-11-04 12:43,2024-11-04 13:18
LAB720891,ENC108772,PT11434,CREAT,Creatinine,1.26,mg/dL,0.6,1.3,N,STAT,2024-11-04 12:16,2024-11-04 12:32,2024-11-04 12:58
LAB720892,ENC108772,PT11434,TROP,"Troponin I, High Sensitivity",5,ng/L,0,34,N,STAT,2024-11-04 12:33,2024-11-04 12:40,2024-11-04 13:33
LAB720893,ENC108773,PT12598,A1C,Hemoglobin A1c,9.2,%,4,5.6,H,Routine,2024-11-04 12:06,2024-11-04 12:20,2024-11-04 22:56
LAB720894,ENC108773,PT12598,GLU,Glucose,286,mg/dL,70,99,H,Routine,2024-11-04 12:24,2024-11-04 12:30,2024-11-04 16:08
LAB720895,ENC108773,PT12598,CREAT,Creatinine,0.86,mg/dL,0.6,1.3,N,Routine,2024-11-04 12:20,2024-11-04 12:49,2024-11-04 15:50
LAB720896,ENC108775,PT11156,WBC,White Blood Cell Count,6.4,K/uL,4.5,11,N,Routine,2024-11-04 13:27,2024-11-04 13:46,2024-11-04 19:19
LAB720897,ENC108775,PT11156,HGB,Hemoglobin,14.1,g/dL,12,17.5,N,Routine,2024-11-04 13:14,2024-11-04 13:32,2024-11-04 14:55
LAB720898,ENC108775,PT11156,PLT,Platelet Count,274,K/uL,150,400,N,Routine,2024-11-04 13:18,2024-11-04 13:32,2024-11-04 17:17
LAB720899,ENC108778,PT11570,LDL,LDL Cholesterol,146,mg/dL,0,99,H,Routine,2024-11-04 13:44,2024-11-04 14:12,2024-11-05 05:07
LAB720900,ENC108778,PT11570,A1C,Hemoglobin A1c,8,%,4,5.6,H,Routine,2024-11-04 13:32,2024-11-04 13:57,2024-11-05 00:23
LAB720901,ENC108780,PT11219,A1C,Hemoglobin A1c,12.5,%,4,5.6,H,Routine,2024-11-04 13:43,2024-11-04 14:08,2024-11-05 05:19
LAB720902,ENC108783,PT11981,GLU,Glucose,127,mg/dL,70,99,H,Routine,2024-11-04 13:56,2024-11-04 14:10,2024-11-04 17:55
LAB720903,ENC108783,PT11981,CREAT,Creatinine,0.97,mg/dL,0.6,1.3,N,STAT,2024-11-04 13:51,2024-11-04 14:04,2024-11-04 15:02
LAB720904,ENC108783,PT11981,WBC,White Blood Cell Count,13.3,K/uL,4.5,11,H,STAT,2024-11-04 13:37,2024-11-04 13:46,2024-11-04 14:32
LAB720905,ENC108783,PT11981,HGB,Hemoglobin,12.4,g/dL,12,17.5,N,STAT,2024-11-04 14:04,2024-11-04 14:26,2024-11-04 14:58
LAB720906,ENC108784,PT11822,A1C,Hemoglobin A1c,8.8,%,4,5.6,H,Routine,2024-11-04 14:03,2024-11-04 14:36,2024-11-04 21:46
LAB720907,ENC108784,PT11822,GLU,Glucose,149,mg/dL,70,99,H,Routine,2024-11-04 14:14,2024-11-04 14:23,2024-11-04 18:18
LAB720908,ENC108784,PT11822,CREAT,Creatinine,0.88,mg/dL,0.6,1.3,N,Routine,2024-11-04 13:52,2024-11-04 13:56,2024-11-04 16:30
LAB720909,ENC108785,PT10641,GLU,Glucose,89,mg/dL,70,99,N,Routine,2024-11-04 14:47,2024-11-04 15:13,2024-11-04 17:06
LAB720910,ENC108785,PT10641,CREAT,Creatinine,1.13,mg/dL,0.6,1.3,N,STAT,2024-11-04 14:27,2024-11-04 15:01,2024-11-04 15:31
LAB720911,ENC108786,PT10549,A1C,Hemoglobin A1c,8.2,%,4,5.6,H,Routine,2024-11-04 14:33,2024-11-04 14:57,2024-11-04 23:29
LAB720912,ENC108786,PT10549,GLU,Glucose,111,mg/dL,70,99,H,Routine,2024-11-04 14:38,2024-11-04 14:58,2024-11-04 19:39
LAB720913,ENC108786,PT10549,CREAT,Creatinine,1.05,mg/dL,0.6,1.3,N,Routine,2024-11-04 14:42,2024-11-04 15:03,2024-11-04 21:56
LAB720914,ENC108787,PT10571,GLU,Glucose,83,mg/dL,70,99,N,STAT,2024-11-04 15:43,2024-11-04 15:52,2024-11-04 16:23
LAB720915,ENC108787,PT10571,CREAT,Creatinine,0.88,mg/dL,0.6,1.3,N,STAT,2024-11-04 15:33,2024-11-04 15:58,2024-11-04 16:24
LAB720916,ENC108787,PT10571,WBC,White Blood Cell Count,5.7,K/uL,4.5,11,N,STAT,2024-11-04 15:58,2024-11-04 16:06,2024-11-04 16:40
LAB720917,ENC108791,PT11480,GLU,Glucose,212,mg/dL,70,99,H,STAT,2024-11-04 17:39,2024-11-04 18:08,2024-11-04 18:50
LAB720918,ENC108791,PT11480,CREAT,Creatinine,0.94,mg/dL,0.6,1.3,N,Routine,2024-11-04 18:11,2024-11-04 18:16,2024-11-04 19:10
LAB720919,ENC108791,PT11480,WBC,White Blood Cell Count,10.9,K/uL,4.5,11,N,Routine,2024-11-04 17:44,2024-11-04 18:02,2024-11-04 20:34
LAB720920,ENC108791,PT11480,HGB,Hemoglobin,13.1,g/dL,12,17.5,N,STAT,2024-11-04 18:09,2024-11-04 18:29,2024-11-04 19:37
LAB720921,ENC108791,PT11480,NA,Sodium,141,mmol/L,136,145,N,Routine,2024-11-04 17:15,2024-11-04 17:26,2024-11-04 19:27
LAB720922,ENC108791,PT11480,K,Potassium,4.3,mmol/L,3.5,5.1,N,STAT,2024-11-04 18:14,2024-11-04 18:22,2024-11-04 19:33
LAB720923,ENC108791,PT11480,BUN,Blood Urea Nitrogen,18,mg/dL,7,20,N,STAT,2024-11-04 17:36,2024-11-04 18:00,2024-11-04 18:34
LAB720924,ENC108791,PT11480,PLT,Platelet Count,252,K/uL,150,400,N,Routine,2024-11-04 17:59,2024-11-04 18:08,2024-11-04 22:18
LAB720925,ENC108793,PT10810,GLU,Glucose,98,mg/dL,70,99,N,Routine,2024-11-04 21:00,2024-11-04 21:33,2024-11-05 01:00
LAB720926,ENC108793,PT10810,CREAT,Creatinine,0.94,mg/dL,0.6,1.3,N,Routine,2024-11-04 21:26,2024-11-04 21:56,2024-11-05 00:30
LAB720927,ENC108793,PT10810,WBC,White Blood Cell Count,21.8,K/uL,4.5,11,H,STAT,2024-11-04 21:23,2024-11-04 21:39,2024-11-04 22:18
LAB720928,ENC108793,PT10810,HGB,Hemoglobin,14.2,g/dL,12,17.5,N,STAT,2024-11-04 21:36,2024-11-04 21:47,2024-11-04 22:40
LAB720929,ENC108793,PT10810,BUN,Blood Urea Nitrogen,19,mg/dL,7,20,N,STAT,2024-11-04 21:16,2024-11-04 21:32,2024-11-04 22:10
LAB720930,ENC108793,PT10810,PLT,Platelet Count,297,K/uL,150,400,N,Routine,2024-11-04 21:11,2024-11-04 21:30,2024-11-04 23:47
LAB720931,ENC108794,PT10113,GLU,Glucose,144,mg/dL,70,99,H,STAT,2024-11-04 20:47,2024-11-04 21:12,2024-11-04 21:45
LAB720932,ENC108794,PT10113,CREAT,Creatinine,1.2,mg/dL,0.6,1.3,N,STAT,2024-11-04 21:42,2024-11-04 22:11,2024-11-04 23:28
LAB720933,ENC108794,PT10113,WBC,White Blood Cell Count,19.3,K/uL,4.5,11,H,STAT,2024-11-04 21:06,2024-11-04 21:10,2024-11-04 21:51
LAB720934,ENC108794,PT10113,HGB,Hemoglobin,14.7,g/dL,12,17.5,N,STAT,2024-11-04 21:48,2024-11-04 22:02,2024-11-04 22:28
LAB720935,ENC108795,PT10234,GLU,Glucose,82,mg/dL,70,99,N,STAT,2024-11-04 22:02,2024-11-04 22:32,2024-11-04 23:03
LAB720936,ENC108795,PT10234,CREAT,Creatinine,0.84,mg/dL,0.6,1.3,N,STAT,2024-11-04 22:09,2024-11-04 22:33,2024-11-04 23:05
LAB720937,ENC108795,PT10234,WBC,White Blood Cell Count,9.4,K/uL,4.5,11,N,Routine,2024-11-04 22:19,2024-11-04 22:53,2024-11-05 01:22
LAB720938,ENC108795,PT10234,HGB,Hemoglobin,15.1,g/dL,12,17.5,N,STAT,2024-11-04 22:13,2024-11-04 22:22,2024-11-04 23:04
LAB720939,ENC108795,PT10234,BUN,Blood Urea Nitrogen,16,mg/dL,7,20,N,STAT,2024-11-04 22:50,2024-11-04 23:14,2024-11-04 23:58
LAB720940,ENC108795,PT10234,PLT,Platelet Count,296,K/uL,150,400,N,STAT,2024-11-04 22:50,2024-11-04 23:06,2024-11-04 23:43
LAB720941,ENC108796,PT13359,GLU,Glucose,82,mg/dL,70,99,N,STAT,2024-11-04 18:26,2024-11-04 18:38,2024-11-04 19:32
LAB720942,ENC108796,PT13359,CREAT,Creatinine,1.18,mg/dL,0.6,1.3,N,Routine,2024-11-04 18:50,2024-11-04 19:19,2024-11-04 23:15
LAB720943,ENC108797,PT13736,GLU,Glucose,92,mg/dL,70,99,N,STAT,2024-11-04 23:22,2024-11-04 23:30,2024-11-05 00:29
LAB720944,ENC108797,PT13736,CREAT,Creatinine,1.15,mg/dL,0.6,1.3,N,STAT,2024-11-04 23:33,2024-11-04 23:42,2024-11-05 00:20
LAB720945,ENC108797,PT13736,WBC,White Blood Cell Count,9,K/uL,4.5,11,N,STAT,2024-11-04 22:52,2024-11-04 23:00,2024-11-05 00:02
LAB720946,ENC108797,PT13736,HGB,Hemoglobin,10.1,g/dL,12,17.5,L,Routine,2024-11-04 23:15,2024-11-04 23:37,2024-11-05 03:00
LAB720947,ENC108797,PT13736,NA,Sodium,139,mmol/L,136,145,N,STAT,2024-11-04 23:36,2024-11-04 23:40,2024-11-05 00:15
LAB720948,ENC108797,PT13736,K,Potassium,3.8,mmol/L,3.5,5.1,N,STAT,2024-11-04 23:20,2024-11-04 23:47,2024-11-05 00:32
LAB720949,ENC108798,PT12566,GLU,Glucose,266,mg/dL,70,99,H,STAT,2024-11-04 19:50,2024-11-04 20:08,2024-11-04 20:47
LAB720950,ENC108798,PT12566,CREAT,Creatinine,1.15,mg/dL,0.6,1.3,N,Routine,2024-11-04 19:26,2024-11-04 19:32,2024-11-04 22:25
LAB720951,ENC108799,PT10777,GLU,Glucose,74,mg/dL,70,99,N,STAT,2024-11-04 21:35,2024-11-04 21:55,2024-11-04 22:31
LAB720952,ENC108799,PT10777,CREAT,Creatinine,1.32,mg/dL,0.6,1.3,H,STAT,2024-11-04 22:03,2024-11-04 22:35,2024-11-04 23:15
LAB720953,ENC108799,PT10777,WBC,White Blood Cell Count,6.4,K/uL,4.5,11,N,Routine,2024-11-04 20:59,2024-11-04 21:30,2024-11-05 03:49
LAB720954,ENC108799,PT10777,HGB,Hemoglobin,15.7,g/dL,12,17.5,N,Routine,2024-11-04 21:37,2024-11-04 22:10,2024-11-05 00:37
LAB720955,ENC108799,PT10777,NA,Sodium,140,mmol/L,136,145,N,STAT,2024-11-04 21:01,2024-11-04 21:11,2024-11-04 22:39
LAB720956,ENC108799,PT10777,K,Potassium,4.2,mmol/L,3.5,5.1,N,STAT,2024-11-04 21:13,2024-11-04 21:37,2024-11-04 22:36
LAB720957,ENC108800,PT12682,GLU,Glucose,65,mg/dL,70,99,L,STAT,2024-11-05 00:33,2024-11-05 01:04,2024-11-05 01:31
LAB720958,ENC108800,PT12682,CREAT,Creatinine,0.8,mg/dL,0.6,1.3,N,Routine,2024-11-05 00:20,2024-11-05 00:24,2024-11-05 03:34
LAB720959,ENC108800,PT12682,WBC,White Blood Cell Count,8.6,K/uL,4.5,11,N,Routine,2024-11-04 23:58,2024-11-05 00:31,2024-11-05 02:43
LAB720960,ENC108800,PT12682,HGB,Hemoglobin,8.6,g/dL,12,17.5,L,STAT,2024-11-05 00:12,2024-11-05 00:31,2024-11-05 01:23
LAB720961,ENC108800,PT12682,INR,Prothrombin Time INR,1,ratio,0.8,1.2,N,STAT,2024-11-05 00:08,2024-11-05 00:31,2024-11-05 01:25
LAB720962,ENC108801,PT10322,GLU,Glucose,156,mg/dL,70,99,H,Routine,2024-11-05 02:37,2024-11-05 02:56,2024-11-05 06:44
LAB720963,ENC108801,PT10322,CREAT,Creatinine,0.85,mg/dL,0.6,1.3,N,Routine,2024-11-05 02:18,2024-11-05 02:25,2024-11-05 05:14
LAB720964,ENC108801,PT10322,WBC,White Blood Cell Count,8.8,K/uL,4.5,11,N,STAT,2024-11-05 02:23,2024-11-05 02:44,2024-11-05 03:24
LAB720965,ENC108801,PT10322,HGB,Hemoglobin,8.7,g/dL,12,17.5,L,Routine,2024-11-05 03:21,2024-11-05 03:42,2024-11-05 06:45
LAB720966,ENC108801,PT10322,TROP,"Troponin I, High Sensitivity",79,ng/L,0,34,H,STAT,2024-11-05 02:51,2024-11-05 03:20,2024-11-05 04:02
LAB720967,ENC108801,PT10322,BNP,B-Type Natriuretic Peptide,1159,pg/mL,0,100,H,Routine,2024-11-05 02:18,2024-11-05 02:24,2024-11-05 06:41
LAB720968,ENC108803,PT13297,GLU,Glucose,139,mg/dL,70,99,H,STAT,2024-11-05 06:29,2024-11-05 06:49,2024-11-05 07:20
LAB720969,ENC108803,PT13297,CREAT,Creatinine,1.16,mg/dL,0.6,1.3,N,STAT,2024-11-05 05:58,2024-11-05 06:21,2024-11-05 06:51
LAB720970,ENC108803,PT13297,WBC,White Blood Cell Count,11.7,K/uL,4.5,11,H,STAT,2024-11-05 05:43,2024-11-05 05:50,2024-11-05 06:37
LAB720971,ENC108803,PT13297,HGB,Hemoglobin,13.8,g/dL,12,17.5,N,STAT,2024-11-05 06:22,2024-11-05 06:47,2024-11-05 07:20
LAB720972,ENC108803,PT13297,NA,Sodium,144,mmol/L,136,145,N,STAT,2024-11-05 06:30,2024-11-05 06:48,2024-11-05 07:45
LAB720973,ENC108803,PT13297,K,Potassium,3.9,mmol/L,3.5,5.1,N,STAT,2024-11-05 06:35,2024-11-05 07:03,2024-11-05 08:04
LAB720974,ENC108804,PT12667,GLU,Glucose,120,mg/dL,70,99,H,STAT,2024-11-05 03:15,2024-11-05 03:27,2024-11-05 04:36
LAB720975,ENC108804,PT12667,CREAT,Creatinine,0.93,mg/dL,0.6,1.3,N,Routine,2024-11-05 03:16,2024-11-05 03:33,2024-11-05 05:01
LAB720976,ENC108804,PT12667,WBC,White Blood Cell Count,8.6,K/uL,4.5,11,N,Routine,2024-11-05 03:38,2024-11-05 03:42,2024-11-05 05:32
LAB720977,ENC108804,PT12667,HGB,Hemoglobin,15.2,g/dL,12,17.5,N,Routine,2024-11-05 03:08,2024-11-05 03:13,2024-11-05 05:08
LAB720978,ENC108805,PT10120,GLU,Glucose,113,mg/dL,70,99,H,STAT,2024-11-05 07:47,2024-11-05 08:19,2024-11-05 08:59
LAB720979,ENC108805,PT10120,CREAT,Creatinine,1.47,mg/dL,0.6,1.3,H,STAT,2024-11-05 07:18,2024-11-05 07:49,2024-11-05 08:50
LAB720980,ENC108805,PT10120,WBC,White Blood Cell Count,5.5,K/uL,4.5,11,N,STAT,2024-11-05 06:51,2024-11-05 07:08,2024-11-05 08:03
LAB720981,ENC108805,PT10120,HGB,Hemoglobin,15.6,g/dL,12,17.5,N,Routine,2024-11-05 07:05,2024-11-05 07:17,2024-11-05 09:22
LAB720982,ENC108805,PT10120,NA,Sodium,135,mmol/L,136,145,L,STAT,2024-11-05 06:50,2024-11-05 07:06,2024-11-05 07:26
LAB720983,ENC108805,PT10120,K,Potassium,4.7,mmol/L,3.5,5.1,N,STAT,2024-11-05 07:59,2024-11-05 08:08,2024-11-05 08:57
LAB720984,ENC108805,PT10120,TROP,"Troponin I, High Sensitivity",0,ng/L,0,34,N,STAT,2024-11-05 07:04,2024-11-05 07:17,2024-11-05 08:09
LAB720985,ENC108805,PT10120,BNP,B-Type Natriuretic Peptide,338,pg/mL,0,100,H,STAT,2024-11-05 07:58,2024-11-05 08:07,2024-11-05 09:40
LAB720986,ENC108807,PT10497,WBC,White Blood Cell Count,5.5,K/uL,4.5,11,N,Routine,2024-11-05 08:26,2024-11-05 08:37,2024-11-05 13:16
LAB720987,ENC108807,PT10497,HGB,Hemoglobin,15.1,g/dL,12,17.5,N,Routine,2024-11-05 08:41,2024-11-05 09:14,2024-11-05 11:05
LAB720988,ENC108807,PT10497,PLT,Platelet Count,291,K/uL,150,400,N,Routine,2024-11-05 08:23,2024-11-05 08:36,2024-11-05 11:14
LAB720989,ENC108814,PT12918,WBC,White Blood Cell Count,6,K/uL,4.5,11,N,Routine,2024-11-05 10:22,2024-11-05 10:31,2024-11-05 13:38
LAB720990,ENC108814,PT12918,HGB,Hemoglobin,17.3,g/dL,12,17.5,N,Routine,2024-11-05 10:08,2024-11-05 10:37,2024-11-05 13:55
LAB720991,ENC108814,PT12918,PLT,Platelet Count,293,K/uL,150,400,N,Routine,2024-11-05 10:13,2024-11-05 10:20,2024-11-05 17:30
LAB720992,ENC108817,PT13473,GLU,Glucose,89,mg/dL,70,99,N,Routine,2024-11-05 12:26,2024-11-05 12:56,2024-11-05 15:15
LAB720993,ENC108817,PT13473,CREAT,Creatinine,0.43,mg/dL,0.6,1.3,L,STAT,2024-11-05 12:41,2024-11-05 12:57,2024-11-05 13:32
LAB720994,ENC108817,PT13473,WBC,White Blood Cell Count,9,K/uL,4.5,11,N,STAT,2024-11-05 12:15,2024-11-05 12:43,2024-11-05 13:26
LAB720995,ENC108822,PT11913,LDL,LDL Cholesterol,120,mg/dL,0,99,H,Routine,2024-11-05 12:50,2024-11-05 13:24,2024-11-06 10:02
LAB720996,ENC108825,PT13336,WBC,White Blood Cell Count,5.3,K/uL,4.5,11,N,Routine,2024-11-05 13:25,2024-11-05 13:48,2024-11-05 15:23
LAB720997,ENC108825,PT13336,HGB,Hemoglobin,12,g/dL,12,17.5,N,Routine,2024-11-05 13:31,2024-11-05 13:59,2024-11-05 14:59
LAB720998,ENC108825,PT13336,PLT,Platelet Count,290,K/uL,150,400,N,Routine,2024-11-05 13:42,2024-11-05 13:48,2024-11-05 16:13
LAB720999,ENC108827,PT13693,A1C,Hemoglobin A1c,7.9,%,4,5.6,H,Routine,2024-11-05 14:16,2024-11-05 14:28,2024-11-06 11:36
LAB721000,ENC108827,PT13693,GLU,Glucose,196,mg/dL,70,99,H,Routine,2024-11-05 14:08,2024-11-05 14:13,2024-11-05 17:17
LAB721001,ENC108827,PT13693,CREAT,Creatinine,1.22,mg/dL,0.6,1.3,N,Routine,2024-11-05 14:12,2024-11-05 14:46,2024-11-05 16:48
LAB721002,ENC108832,PT12042,TROP,"Troponin I, High Sensitivity",9,ng/L,0,34,N,STAT,2024-11-05 17:05,2024-11-05 17:34,2024-11-05 18:20
LAB721003,ENC108834,PT12101,GLU,Glucose,98,mg/dL,70,99,N,STAT,2024-11-05 18:49,2024-11-05 18:59,2024-11-05 20:26
LAB721004,ENC108834,PT12101,CREAT,Creatinine,1.05,mg/dL,0.6,1.3,N,STAT,2024-11-05 18:26,2024-11-05 18:32,2024-11-05 19:22
LAB721005,ENC108836,PT11682,GLU,Glucose,122,mg/dL,70,99,H,STAT,2024-11-06 01:05,2024-11-06 01:13,2024-11-06 02:15
LAB721006,ENC108836,PT11682,CREAT,Creatinine,0.95,mg/dL,0.6,1.3,N,STAT,2024-11-06 01:17,2024-11-06 01:24,2024-11-06 02:24
LAB721007,ENC108836,PT11682,WBC,White Blood Cell Count,10.1,K/uL,4.5,11,N,Routine,2024-11-06 01:10,2024-11-06 01:17,2024-11-06 06:24
LAB721008,ENC108836,PT11682,HGB,Hemoglobin,14.1,g/dL,12,17.5,N,Routine,2024-11-06 01:13,2024-11-06 01:44,2024-11-06 05:46
LAB721009,ENC108836,PT11682,NA,Sodium,140,mmol/L,136,145,N,STAT,2024-11-06 00:57,2024-11-06 01:23,2024-11-06 02:39
LAB721010,ENC108836,PT11682,K,Potassium,4.1,mmol/L,3.5,5.1,N,STAT,2024-11-06 00:45,2024-11-06 01:01,2024-11-06 02:12
LAB721011,ENC108836,PT11682,TROP,"Troponin I, High Sensitivity",70,ng/L,0,34,H,STAT,2024-11-06 01:03,2024-11-06 01:27,2024-11-06 02:17
LAB721012,ENC108836,PT11682,BNP,B-Type Natriuretic Peptide,415,pg/mL,0,100,H,Routine,2024-11-06 01:35,2024-11-06 02:10,2024-11-06 03:50
LAB721013,ENC108837,PT12964,GLU,Glucose,97,mg/dL,70,99,N,STAT,2024-11-05 22:50,2024-11-05 23:21,2024-11-05 23:57
LAB721014,ENC108837,PT12964,CREAT,Creatinine,0.95,mg/dL,0.6,1.3,N,Routine,2024-11-05 22:20,2024-11-05 22:51,2024-11-06 04:11
LAB721015,ENC108837,PT12964,WBC,White Blood Cell Count,14.1,K/uL,4.5,11,H,STAT,2024-11-05 23:14,2024-11-05 23:28,2024-11-06 00:35
LAB721016,ENC108837,PT12964,HGB,Hemoglobin,12.6,g/dL,12,17.5,N,Routine,2024-11-05 22:55,2024-11-05 23:20,2024-11-06 00:36
LAB721017,ENC108837,PT12964,NA,Sodium,138,mmol/L,136,145,N,Routine,2024-11-05 22:23,2024-11-05 22:37,2024-11-06 02:05
LAB721018,ENC108837,PT12964,K,Potassium,4.1,mmol/L,3.5,5.1,N,STAT,2024-11-05 22:35,2024-11-05 22:57,2024-11-05 23:36
LAB721019,ENC108837,PT12964,BUN,Blood Urea Nitrogen,20,mg/dL,7,20,N,STAT,2024-11-05 22:18,2024-11-05 22:24,2024-11-05 23:15
LAB721020,ENC108837,PT12964,PLT,Platelet Count,238,K/uL,150,400,N,Routine,2024-11-05 22:27,2024-11-05 22:39,2024-11-06 00:17
LAB721021,ENC108838,PT11266,GLU,Glucose,114,mg/dL,70,99,H,STAT,2024-11-05 23:11,2024-11-05 23:29,2024-11-06 00:05
LAB721022,ENC108838,PT11266,CREAT,Creatinine,0.87,mg/dL,0.6,1.3,N,STAT,2024-11-05 23:09,2024-11-05 23:18,2024-11-06 00:06
LAB721023,ENC108838,PT11266,WBC,White Blood Cell Count,4.5,K/uL,4.5,11,N,STAT,2024-11-05 23:41,2024-11-06 00:16,2024-11-06 00:51
LAB721024,ENC108838,PT11266,HGB,Hemoglobin,12.5,g/dL,12,17.5,N,Routine,2024-11-05 23:18,2024-11-05 23:27,2024-11-06 02:42
LAB721025,ENC108839,PT11457,GLU,Glucose,109,mg/dL,70,99,H,STAT,2024-11-06 00:46,2024-11-06 00:57,2024-11-06 01:52
LAB721026,ENC108839,PT11457,CREAT,Creatinine,0.96,mg/dL,0.6,1.3,N,Routine,2024-11-06 00:05,2024-11-06 00:38,2024-11-06 03:13
LAB721027,ENC108839,PT11457,WBC,White Blood Cell Count,6.1,K/uL,4.5,11,N,STAT,2024-11-06 00:24,2024-11-06 00:38,2024-11-06 01:17
LAB721028,ENC108839,PT11457,HGB,Hemoglobin,16.5,g/dL,12,17.5,N,STAT,2024-11-06 01:06,2024-11-06 01:25,2024-11-06 02:24
LAB721029,ENC108839,PT11457,NA,Sodium,142,mmol/L,136,145,N,STAT,2024-11-06 00:43,2024-11-06 01:10,2024-11-06 01:40
LAB721030,ENC108839,PT11457,K,Potassium,4.7,mmol/L,3.5,5.1,N,STAT,2024-11-06 00:23,2024-11-06 00:44,2024-11-06 01:37
LAB721031,ENC108839,PT11457,TROP,"Troponin I, High Sensitivity",314,ng/L,0,34,H,STAT,2024-11-06 00:15,2024-11-06 00:40,2024-11-06 01:06
LAB721032,ENC108840,PT12266,GLU,Glucose,176,mg/dL,70,99,H,STAT,2024-11-06 00:45,2024-11-06 01:03,2024-11-06 01:55
LAB721033,ENC108840,PT12266,CREAT,Creatinine,1.16,mg/dL,0.6,1.3,N,Routine,2024-11-06 01:15,2024-11-06 01:50,2024-11-06 07:26
LAB721034,ENC108840,PT12266,WBC,White Blood Cell Count,7.4,K/uL,4.5,11,N,Routine,2024-11-06 01:28,2024-11-06 01:55,2024-11-06 03:32
LAB721035,ENC108840,PT12266,HGB,Hemoglobin,11.8,g/dL,12,17.5,L,Routine,2024-11-06 01:32,2024-11-06 01:55,2024-11-06 03:53
LAB721036,ENC108840,PT12266,TROP,"Troponin I, High Sensitivity",8,ng/L,0,34,N,STAT,2024-11-06 00:41,2024-11-06 00:45,2024-11-06 01:25
LAB721037,ENC108842,PT11853,GLU,Glucose,114,mg/dL,70,99,H,Routine,2024-11-06 04:08,2024-11-06 04:20,2024-11-06 07:06
LAB721038,ENC108842,PT11853,CREAT,Creatinine,0.93,mg/dL,0.6,1.3,N,Routine,2024-11-06 04:14,2024-11-06 04:36,2024-11-06 07:02
LAB721039,ENC108842,PT11853,WBC,White Blood Cell Count,8.4,K/uL,4.5,11,N,Routine,2024-11-06 03:24,2024-11-06 03:35,2024-11-06 05:19
LAB721040,ENC108842,PT11853,HGB,Hemoglobin,13.5,g/dL,12,17.5,N,STAT,2024-11-06 04:04,2024-11-06 04:21,2024-11-06 05:51
LAB721041,ENC108843,PT11008,GLU,Glucose,95,mg/dL,70,99,N,STAT,2024-11-06 01:25,2024-11-06 01:32,2024-11-06 02:32
LAB721042,ENC108843,PT11008,CREAT,Creatinine,0.95,mg/dL,0.6,1.3,N,STAT,2024-11-06 02:01,2024-11-06 02:16,2024-11-06 02:38
LAB721043,ENC108843,PT11008,WBC,White Blood Cell Count,10,K/uL,4.5,11,N,Routine,2024-11-06 01:42,2024-11-06 01:47,2024-11-06 05:43
LAB721044,ENC108844,PT11283,GLU,Glucose,124,mg/dL,70,99,H,Routine,2024-11-06 06:47,2024-11-06 07:19,2024-11-06 11:23
LAB721045,ENC108844,PT11283,CREAT,Creatinine,0.96,mg/dL,0.6,1.3,N,STAT,2024-11-06 06:31,2024-11-06 06:44,2024-11-06 07:28
LAB721046,ENC108844,PT11283,WBC,White Blood Cell Count,7,K/uL,4.5,11,N,STAT,2024-11-06 06:37,2024-11-06 07:00,2024-11-06 08:07
LAB721047,ENC108844,PT11283,HGB,Hemoglobin,13.1,g/dL,12,17.5,N,STAT,2024-11-06 05:45,2024-11-06 06:05,2024-11-06 06:55
LAB721048,ENC108844,PT11283,NA,Sodium,126,mmol/L,136,145,L,STAT,2024-11-06 06:39,2024-11-06 06:53,2024-11-06 08:18
LAB721049,ENC108844,PT11283,K,Potassium,4.1,mmol/L,3.5,5.1,N,STAT,2024-11-06 06:23,2024-11-06 06:45,2024-11-06 07:51
LAB721050,ENC108845,PT10841,GLU,Glucose,109,mg/dL,70,99,H,STAT,2024-11-06 04:05,2024-11-06 04:35,2024-11-06 05:09
LAB721051,ENC108845,PT10841,CREAT,Creatinine,0.93,mg/dL,0.6,1.3,N,STAT,2024-11-06 04:11,2024-11-06 04:43,2024-11-06 05:27
LAB721052,ENC108845,PT10841,WBC,White Blood Cell Count,8.6,K/uL,4.5,11,N,STAT,2024-11-06 04:34,2024-11-06 04:39,2024-11-06 05:26
LAB721053,ENC108845,PT10841,HGB,Hemoglobin,13.9,g/dL,12,17.5,N,STAT,2024-11-06 04:01,2024-11-06 04:28,2024-11-06 05:10
LAB721054,ENC108846,PT11138,GLU,Glucose,117,mg/dL,70,99,H,STAT,2024-11-06 11:09,2024-11-06 11:40,2024-11-06 12:29
LAB721055,ENC108846,PT11138,CREAT,Creatinine,0.88,mg/dL,0.6,1.3,N,Routine,2024-11-06 10:51,2024-11-06 11:09,2024-11-06 14:41
LAB721056,ENC108846,PT11138,WBC,White Blood Cell Count,8.7,K/uL,4.5,11,N,Routine,2024-11-06 11:36,2024-11-06 12:08,2024-11-06 15:37
LAB721057,ENC108846,PT11138,HGB,Hemoglobin,10.7,g/dL,12,17.5,L,STAT,2024-11-06 11:12,2024-11-06 11:32,2024-11-06 12:10
LAB721058,ENC108846,PT11138,TROP,"Troponin I, High Sensitivity",63,ng/L,0,34,H,STAT,2024-11-06 11:31,2024-11-06 12:04,2024-11-06 12:35
LAB721059,ENC108846,PT11138,BNP,B-Type Natriuretic Peptide,1269,pg/mL,0,100,H,Routine,2024-11-06 11:55,2024-11-06 12:20,2024-11-06 15:28
LAB721060,ENC108847,PT13176,GLU,Glucose,94,mg/dL,70,99,N,STAT,2024-11-06 07:37,2024-11-06 07:43,2024-11-06 08:30
LAB721061,ENC108847,PT13176,CREAT,Creatinine,0.79,mg/dL,0.6,1.3,N,Routine,2024-11-06 07:19,2024-11-06 07:37,2024-11-06 10:16
LAB721062,ENC108847,PT13176,WBC,White Blood Cell Count,9.9,K/uL,4.5,11,N,STAT,2024-11-06 07:25,2024-11-06 07:32,2024-11-06 08:47
LAB721063,ENC108847,PT13176,HGB,Hemoglobin,15,g/dL,12,17.5,N,Routine,2024-11-06 07:39,2024-11-06 08:13,2024-11-06 09:56
LAB721064,ENC108848,PT12379,GLU,Glucose,137,mg/dL,70,99,H,STAT,2024-11-06 10:25,2024-11-06 10:43,2024-11-06 11:45
LAB721065,ENC108848,PT12379,CREAT,Creatinine,2.68,mg/dL,0.6,1.3,H,STAT,2024-11-06 10:33,2024-11-06 10:57,2024-11-06 11:39
LAB721066,ENC108848,PT12379,WBC,White Blood Cell Count,26.6,K/uL,4.5,11,H,STAT,2024-11-06 10:50,2024-11-06 11:03,2024-11-06 12:08
LAB721067,ENC108848,PT12379,HGB,Hemoglobin,11.3,g/dL,12,17.5,L,Routine,2024-11-06 10:30,2024-11-06 10:45,2024-11-06 12:40
LAB721068,ENC108848,PT12379,LACT,Lactate,3.1,mmol/L,0.5,2,H,STAT,2024-11-06 11:24,2024-11-06 11:44,2024-11-06 12:07
LAB721069,ENC108849,PT12854,GLU,Glucose,129,mg/dL,70,99,H,STAT,2024-11-06 08:00,2024-11-06 08:14,2024-11-06 09:40
LAB721070,ENC108849,PT12854,CREAT,Creatinine,0.84,mg/dL,0.6,1.3,N,STAT,2024-11-06 08:14,2024-11-06 08:19,2024-11-06 08:46
LAB721071,ENC108849,PT12854,WBC,White Blood Cell Count,7.1,K/uL,4.5,11,N,STAT,2024-11-06 07:52,2024-11-06 08:07,2024-11-06 09:07
LAB721072,ENC108849,PT12854,HGB,Hemoglobin,14.7,g/dL,12,17.5,N,STAT,2024-11-06 08:12,2024-11-06 08:18,2024-11-06 09:16
LAB721073,ENC108849,PT12854,NA,Sodium,141,mmol/L,136,145,N,Routine,2024-11-06 07:31,2024-11-06 07:56,2024-11-06 09:09
LAB721074,ENC108849,PT12854,K,Potassium,3.9,mmol/L,3.5,5.1,N,STAT,2024-11-06 07:29,2024-11-06 07:42,2024-11-06 08:09
LAB721075,ENC108849,PT12854,LACT,Lactate,4.2,mmol/L,0.5,2,HH,STAT,2024-11-06 07:32,2024-11-06 07:45,2024-11-06 08:06
LAB721076,ENC108850,PT13771,GLU,Glucose,277,mg/dL,70,99,H,STAT,2024-11-06 10:44,2024-11-06 10:48,2024-11-06 11:25
LAB721077,ENC108850,PT13771,CREAT,Creatinine,1.1,mg/dL,0.6,1.3,N,Routine,2024-11-06 10:30,2024-11-06 10:38,2024-11-06 14:34
LAB721078,ENC108850,PT13771,WBC,White Blood Cell Count,9.5,K/uL,4.5,11,N,STAT,2024-11-06 10:47,2024-11-06 11:16,2024-11-06 12:04
LAB721079,ENC108850,PT13771,HGB,Hemoglobin,12.4,g/dL,12,17.5,N,STAT,2024-11-06 10:44,2024-11-06 11:16,2024-11-06 11:30
LAB721080,ENC108851,PT12093,GLU,Glucose,212,mg/dL,70,99,H,Routine,2024-11-06 08:34,2024-11-06 08:44,2024-11-06 09:54
LAB721081,ENC108851,PT12093,CREAT,Creatinine,0.86,mg/dL,0.6,1.3,N,STAT,2024-11-06 08:33,2024-11-06 08:44,2024-11-06 09:34
LAB721082,ENC108852,PT10104,GLU,Glucose,119,mg/dL,70,99,H,STAT,2024-11-06 11:41,2024-11-06 12:07,2024-11-06 12:35
LAB721083,ENC108852,PT10104,CREAT,Creatinine,0.94,mg/dL,0.6,1.3,N,STAT,2024-11-06 10:49,2024-11-06 11:03,2024-11-06 11:42
LAB721084,ENC108852,PT10104,WBC,White Blood Cell Count,8.1,K/uL,4.5,11,N,Routine,2024-11-06 11:27,2024-11-06 11:37,2024-11-06 15:22
LAB721085,ENC108852,PT10104,HGB,Hemoglobin,8.4,g/dL,12,17.5,L,STAT,2024-11-06 11:38,2024-11-06 11:46,2024-11-06 12:15
LAB721086,ENC108852,PT10104,LACT,Lactate,1.5,mmol/L,0.5,2,N,STAT,2024-11-06 10:49,2024-11-06 11:20,2024-11-06 12:34
LAB721087,ENC108852,PT10104,INR,Prothrombin Time INR,1,ratio,0.8,1.2,N,STAT,2024-11-06 10:50,2024-11-06 11:13,2024-11-06 11:43
LAB721088,ENC108854,PT12467,WBC,White Blood Cell Count,8.8,K/uL,4.5,11,N,Routine,2024-11-06 09:06,2024-11-06 09:28,2024-11-06 21:10
LAB721089,ENC108854,PT12467,HGB,Hemoglobin,12.6,g/dL,12,17.5,N,Routine,2024-11-06 09:03,2024-11-06 09:07,2024-11-06 11:25
LAB721090,ENC108854,PT12467,PLT,Platelet Count,131,K/uL,150,400,L,Routine,2024-11-06 08:58,2024-11-06 09:29,2024-11-06 16:50
LAB721091,ENC108855,PT10515,GLU,Glucose,59,mg/dL,70,99,L,Routine,2024-11-06 09:08,2024-11-06 09:28,2024-11-06 17:20
LAB721092,ENC108855,PT10515,CREAT,Creatinine,0.99,mg/dL,0.6,1.3,N,STAT,2024-11-06 09:24,2024-11-06 09:55,2024-11-06 10:31
LAB721093,ENC108855,PT10515,WBC,White Blood Cell Count,9.4,K/uL,4.5,11,N,STAT,2024-11-06 09:39,2024-11-06 10:07,2024-11-06 10:44
LAB721094,ENC108855,PT10515,TROP,"Troponin I, High Sensitivity",10,ng/L,0,34,N,STAT,2024-11-06 09:58,2024-11-06 10:08,2024-11-06 10:31
LAB721095,ENC108858,PT13359,LDL,LDL Cholesterol,113,mg/dL,0,99,H,Routine,2024-11-06 10:36,2024-11-06 10:47,2024-11-08 08:02
LAB721096,ENC108859,PT12562,GLU,Glucose,152,mg/dL,70,99,H,STAT,2024-11-06 12:24,2024-11-06 12:58,2024-11-06 14:04
LAB721097,ENC108859,PT12562,CREAT,Creatinine,1.03,mg/dL,0.6,1.3,N,Routine,2024-11-06 12:21,2024-11-06 12:33,2024-11-06 14:52
LAB721098,ENC108859,PT12562,WBC,White Blood Cell Count,9.2,K/uL,4.5,11,N,STAT,2024-11-06 11:18,2024-11-06 11:48,2024-11-06 12:34
LAB721099,ENC108863,PT10264,GLU,Glucose,129,mg/dL,70,99,H,STAT,2024-11-06 19:08,2024-11-06 19:41,2024-11-06 20:32
LAB721100,ENC108863,PT10264,CREAT,Creatinine,0.93,mg/dL,0.6,1.3,N,Routine,2024-11-06 18:49,2024-11-06 19:14,2024-11-06 21:41
LAB721101,ENC108863,PT10264,WBC,White Blood Cell Count,6.2,K/uL,4.5,11,N,STAT,2024-11-06 18:59,2024-11-06 19:07,2024-11-06 19:44
LAB721102,ENC108863,PT10264,HGB,Hemoglobin,9.8,g/dL,12,17.5,L,STAT,2024-11-06 18:53,2024-11-06 19:08,2024-11-06 19:53
LAB721103,ENC108864,PT13681,GLU,Glucose,82,mg/dL,70,99,N,Routine,2024-11-06 15:29,2024-11-06 15:39,2024-11-06 19:31
LAB721104,ENC108864,PT13681,CREAT,Creatinine,0.88,mg/dL,0.6,1.3,N,STAT,2024-11-06 15:04,2024-11-06 15:30,2024-11-06 16:04
LAB721105,ENC108864,PT13681,WBC,White Blood Cell Count,8.7,K/uL,4.5,11,N,Routine,2024-11-06 14:45,2024-11-06 15:12,2024-11-06 18:13
LAB721106,ENC108864,PT13681,HGB,Hemoglobin,13.7,g/dL,12,17.5,N,Routine,2024-11-06 15:19,2024-11-06 15:38,2024-11-06 18:22
LAB721107,ENC108866,PT13111,LDL,LDL Cholesterol,151,mg/dL,0,99,H,Routine,2024-11-06 15:37,2024-11-06 15:48,2024-11-07 10:03
LAB721108,ENC108868,PT10773,INR,Prothrombin Time INR,2.7,ratio,0.8,1.2,H,Routine,2024-11-06 16:06,2024-11-06 16:11,2024-11-06 17:36
LAB721109,ENC108870,PT12011,GLU,Glucose,78,mg/dL,70,99,N,Routine,2024-11-06 17:01,2024-11-06 17:30,2024-11-06 19:06
LAB721110,ENC108870,PT12011,CREAT,Creatinine,1.02,mg/dL,0.6,1.3,N,STAT,2024-11-06 17:03,2024-11-06 17:15,2024-11-06 18:00
LAB721111,ENC108870,PT12011,WBC,White Blood Cell Count,9.6,K/uL,4.5,11,N,STAT,2024-11-06 16:02,2024-11-06 16:15,2024-11-06 16:54
LAB721112,ENC108870,PT12011,HGB,Hemoglobin,13,g/dL,12,17.5,N,STAT,2024-11-06 16:50,2024-11-06 17:11,2024-11-06 17:58
LAB721113,ENC108872,PT10513,A1C,Hemoglobin A1c,6.6,%,4,5.6,H,Routine,2024-11-06 16:41,2024-11-06 16:58,2024-11-07 03:52
LAB721114,ENC108873,PT12991,GLU,Glucose,80,mg/dL,70,99,N,STAT,2024-11-06 18:37,2024-11-06 18:53,2024-11-06 19:57
LAB721115,ENC108873,PT12991,CREAT,Creatinine,1.01,mg/dL,0.6,1.3,N,STAT,2024-11-06 18:29,2024-11-06 18:56,2024-11-06 19:36
LAB721116,ENC108873,PT12991,WBC,White Blood Cell Count,5.6,K/uL,4.5,11,N,Routine,2024-11-06 18:13,2024-11-06 18:38,2024-11-06 20:30
LAB721117,ENC108873,PT12991,HGB,Hemoglobin,16.1,g/dL,12,17.5,N,STAT,2024-11-06 18:38,2024-11-06 18:57,2024-11-06 19:31
LAB721118,ENC108875,PT10527,GLU,Glucose,98,mg/dL,70,99,N,Routine,2024-11-06 19:53,2024-11-06 20:28,2024-11-06 23:36
LAB721119,ENC108875,PT10527,CREAT,Creatinine,1.19,mg/dL,0.6,1.3,N,Routine,2024-11-06 19:25,2024-11-06 19:54,2024-11-06 22:18
LAB721120,ENC108875,PT10527,WBC,White Blood Cell Count,5.7,K/uL,4.5,11,N,STAT,2024-11-06 19:13,2024-11-06 19:42,2024-11-06 20:16
LAB721121,ENC108875,PT10527,TROP,"Troponin I, High Sensitivity",7,ng/L,0,34,N,STAT,2024-11-06 19:40,2024-11-06 20:13,2024-11-06 20:50
LAB721122,ENC108876,PT11447,GLU,Glucose,107,mg/dL,70,99,H,STAT,2024-11-06 23:19,2024-11-06 23:49,2024-11-07 00:30
LAB721123,ENC108876,PT11447,CREAT,Creatinine,0.65,mg/dL,0.6,1.3,N,Routine,2024-11-06 23:40,2024-11-06 23:46,2024-11-07 01:56
LAB721124,ENC108876,PT11447,WBC,White Blood Cell Count,5.7,K/uL,4.5,11,N,STAT,2024-11-06 22:42,2024-11-06 23:02,2024-11-06 23:56
LAB721125,ENC108876,PT11447,HGB,Hemoglobin,14.6,g/dL,12,17.5,N,STAT,2024-11-06 22:51,2024-11-06 23:01,2024-11-06 23:50
LAB721126,ENC108880,PT11900,GLU,Glucose,117,mg/dL,70,99,H,STAT,2024-11-07 02:18,2024-11-07 02:45,2024-11-07 04:07
LAB721127,ENC108880,PT11900,CREAT,Creatinine,1.94,mg/dL,0.6,1.3,H,Routine,2024-11-07 02:26,2024-11-07 03:00,2024-11-07 06:53
LAB721128,ENC108880,PT11900,WBC,White Blood Cell Count,17.4,K/uL,4.5,11,H,STAT,2024-11-07 02:43,2024-11-07 02:47,2024-11-07 03:18
LAB721129,ENC108880,PT11900,HGB,Hemoglobin,16.2,g/dL,12,17.5,N,STAT,2024-11-07 02:43,2024-11-07 02:53,2024-11-07 04:01
LAB721130,ENC108880,PT11900,BUN,Blood Urea Nitrogen,17,mg/dL,7,20,N,Routine,2024-11-07 02:57,2024-11-07 03:14,2024-11-07 07:13
LAB721131,ENC108880,PT11900,PLT,Platelet Count,181,K/uL,150,400,N,Routine,2024-11-07 02:03,2024-11-07 02:28,2024-11-07 08:01
LAB721132,ENC108880,PT11900,LACT,Lactate,4,mmol/L,0.5,2,H,STAT,2024-11-07 02:33,2024-11-07 02:53,2024-11-07 03:17
LAB721133,ENC108881,PT11013,GLU,Glucose,175,mg/dL,70,99,H,STAT,2024-11-06 23:02,2024-11-06 23:30,2024-11-07 00:08
LAB721134,ENC108881,PT11013,CREAT,Creatinine,0.73,mg/dL,0.6,1.3,N,Routine,2024-11-06 23:32,2024-11-06 23:45,2024-11-07 01:34
LAB721135,ENC108881,PT11013,WBC,White Blood Cell Count,7.2,K/uL,4.5,11,N,STAT,2024-11-06 23:36,2024-11-06 23:47,2024-11-07 00:23
LAB721136,ENC108881,PT11013,HGB,Hemoglobin,14.2,g/dL,12,17.5,N,Routine,2024-11-06 23:15,2024-11-06 23:50,2024-11-07 04:56
LAB721137,ENC108881,PT11013,TROP,"Troponin I, High Sensitivity",3,ng/L,0,34,N,STAT,2024-11-06 23:40,2024-11-07 00:15,2024-11-07 00:54
LAB721138,ENC108882,PT12354,GLU,Glucose,93,mg/dL,70,99,N,Routine,2024-11-07 00:07,2024-11-07 00:21,2024-11-07 03:48
LAB721139,ENC108882,PT12354,CREAT,Creatinine,0.76,mg/dL,0.6,1.3,N,STAT,2024-11-07 00:21,2024-11-07 00:51,2024-11-07 01:22
LAB721140,ENC108882,PT12354,WBC,White Blood Cell Count,8.7,K/uL,4.5,11,N,STAT,2024-11-06 23:45,2024-11-07 00:04,2024-11-07 00:43
LAB721141,ENC108883,PT10626,GLU,Glucose,129,mg/dL,70,99,H,STAT,2024-11-07 00:56,2024-11-07 01:31,2024-11-07 02:28
LAB721142,ENC108883,PT10626,CREAT,Creatinine,2,mg/dL,0.6,1.3,H,STAT,2024-11-07 00:48,2024-11-07 00:53,2024-11-07 01:38
LAB721143,ENC108883,PT10626,WBC,White Blood Cell Count,8.1,K/uL,4.5,11,N,STAT,2024-11-07 00:59,2024-11-07 01:14,2024-11-07 02:29
LAB721144,ENC108883,PT10626,HGB,Hemoglobin,12.6,g/dL,12,17.5,N,STAT,2024-11-07 00:34,2024-11-07 00:56,2024-11-07 01:29
LAB721145,ENC108884,PT13817,GLU,Glucose,113,mg/dL,70,99,H,STAT,2024-11-07 02:31,2024-11-07 02:48,2024-11-07 03:42
LAB721146,ENC108884,PT13817,CREAT,Creatinine,0.95,mg/dL,0.6,1.3,N,STAT,2024-11-07 01:58,2024-11-07 02:32,2024-11-07 03:08
LAB721147,ENC108884,PT13817,WBC,White Blood Cell Count,6.9,K/uL,4.5,11,N,STAT,2024-11-07 02:52,2024-11-07 02:59,2024-11-07 03:18
LAB721148,ENC108884,PT13817,HGB,Hemoglobin,13.4,g/dL,12,17.5,N,STAT,2024-11-07 02:22,2024-11-07 02:40,2024-11-07 03:20
LAB721149,ENC108884,PT13817,INR,Prothrombin Time INR,1,ratio,0.8,1.2,N,STAT,2024-11-07 01:58,2024-11-07 02:33,2024-11-07 03:12
LAB721150,ENC108886,PT13117,GLU,Glucose,105,mg/dL,70,99,H,STAT,2024-11-07 02:49,2024-11-07 02:55,2024-11-07 03:53
LAB721151,ENC108886,PT13117,CREAT,Creatinine,0.78,mg/dL,0.6,1.3,N,Routine,2024-11-07 02:44,2024-11-07 03:02,2024-11-07 07:16
LAB721152,ENC108887,PT11897,GLU,Glucose,262,mg/dL,70,99,H,STAT,2024-11-07 06:29,2024-11-07 06:40,2024-11-07 07:23
LAB721153,ENC108887,PT11897,CREAT,Creatinine,0.62,mg/dL,0.6,1.3,N,Routine,2024-11-07 06:44,2024-11-07 07:12,2024-11-07 09:23
LAB721154,ENC108887,PT11897,WBC,White Blood Cell Count,7,K/uL,4.5,11,N,STAT,2024-11-07 06:10,2024-11-07 06:38,2024-11-07 07:35
LAB721155,ENC108887,PT11897,HGB,Hemoglobin,11.8,g/dL,12,17.5,L,Routine,2024-11-07 05:44,2024-11-07 06:18,2024-11-07 09:39
LAB721156,ENC108889,PT10516,GLU,Glucose,119,mg/dL,70,99,H,STAT,2024-11-07 13:11,2024-11-07 13:23,2024-11-07 14:32
LAB721157,ENC108889,PT10516,CREAT,Creatinine,0.94,mg/dL,0.6,1.3,N,Routine,2024-11-07 13:06,2024-11-07 13:22,2024-11-07 16:37
LAB721158,ENC108889,PT10516,WBC,White Blood Cell Count,19.3,K/uL,4.5,11,H,Routine,2024-11-07 13:13,2024-11-07 13:44,2024-11-07 17:14
LAB721159,ENC108889,PT10516,HGB,Hemoglobin,13.2,g/dL,12,17.5,N,STAT,2024-11-07 13:19,2024-11-07 13:51,2024-11-07 14:50
LAB721160,ENC108889,PT10516,LACT,Lactate,3.4,mmol/L,0.5,2,H,STAT,2024-11-07 12:47,2024-11-07 12:53,2024-11-07 14:22
LAB721161,ENC108890,PT11450,A1C,Hemoglobin A1c,5.6,%,4,5.6,N,Routine,2024-11-07 09:20,2024-11-07 09:49,2024-11-08 00:05
LAB721162,ENC108892,PT12643,WBC,White Blood Cell Count,10.9,K/uL,4.5,11,N,Routine,2024-11-07 09:57,2024-11-07 10:26,2024-11-07 12:57
LAB721163,ENC108892,PT12643,HGB,Hemoglobin,12.5,g/dL,12,17.5,N,Routine,2024-11-07 09:50,2024-11-07 10:24,2024-11-07 15:13
LAB721164,ENC108892,PT12643,PLT,Platelet Count,178,K/uL,150,400,N,Routine,2024-11-07 09:58,2024-11-07 10:08,2024-11-07 12:38
LAB721165,ENC108895,PT12572,GLU,Glucose,118,mg/dL,70,99,H,STAT,2024-11-07 15:49,2024-11-07 16:10,2024-11-07 17:12
LAB721166,ENC108895,PT12572,CREAT,Creatinine,0.87,mg/dL,0.6,1.3,N,STAT,2024-11-07 16:03,2024-11-07 16:24,2024-11-07 17:02
LAB721167,ENC108895,PT12572,WBC,White Blood Cell Count,13.4,K/uL,4.5,11,H,STAT,2024-11-07 16:29,2024-11-07 16:55,2024-11-07 17:18
LAB721168,ENC108895,PT12572,HGB,Hemoglobin,12.6,g/dL,12,17.5,N,Routine,2024-11-07 15:58,2024-11-07 16:04,2024-11-07 17:37
LAB721169,ENC108895,PT12572,NA,Sodium,136,mmol/L,136,145,N,Routine,2024-11-07 16:06,2024-11-07 16:21,2024-11-07 21:02
LAB721170,ENC108895,PT12572,K,Potassium,4,mmol/L,3.5,5.1,N,STAT,2024-11-07 16:30,2024-11-07 16:41,2024-11-07 17:16
LAB721171,ENC108896,PT10557,A1C,Hemoglobin A1c,8.1,%,4,5.6,H,Routine,2024-11-07 11:22,2024-11-07 11:29,2024-11-08 05:32
LAB721172,ENC108898,PT13402,WBC,White Blood Cell Count,3.7,K/uL,4.5,11,L,Routine,2024-11-07 11:24,2024-11-07 11:54,2024-11-07 13:35
LAB721173,ENC108898,PT13402,HGB,Hemoglobin,12.3,g/dL,12,17.5,N,Routine,2024-11-07 11:18,2024-11-07 11:49,2024-11-07 13:40
LAB721174,ENC108898,PT13402,PLT,Platelet Count,206,K/uL,150,400,N,Routine,2024-11-07 11:12,2024-11-07 11:41,2024-11-07 17:22
LAB721175,ENC108899,PT11076,GLU,Glucose,104,mg/dL,70,99,H,STAT,2024-11-07 15:57,2024-11-07 16:18,2024-11-07 18:26
LAB721176,ENC108899,PT11076,CREAT,Creatinine,0.78,mg/dL,0.6,1.3,N,STAT,2024-11-07 15:44,2024-11-07 15:56,2024-11-07 16:48
LAB721177,ENC108899,PT11076,WBC,White Blood Cell Count,5.3,K/uL,4.5,11,N,STAT,2024-11-07 15:46,2024-11-07 16:02,2024-11-07 16:36
LAB721178,ENC108899,PT11076,HGB,Hemoglobin,15.5,g/dL,12,17.5,N,STAT,2024-11-07 15:16,2024-11-07 15:29,2024-11-07 16:41
LAB721179,ENC108903,PT12164,GLU,Glucose,281,mg/dL,70,99,H,STAT,2024-11-07 14:08,2024-11-07 14:16,2024-11-07 15:49
LAB721180,ENC108903,PT12164,CREAT,Creatinine,1.31,mg/dL,0.6,1.3,H,STAT,2024-11-07 13:25,2024-11-07 13:43,2024-11-07 14:29
LAB721181,ENC108905,PT13419,GLU,Glucose,100,mg/dL,70,99,H,STAT,2024-11-07 14:25,2024-11-07 15:00,2024-11-07 15:33
LAB721182,ENC108905,PT13419,CREAT,Creatinine,0.89,mg/dL,0.6,1.3,N,Routine,2024-11-07 14:42,2024-11-07 14:59,2024-11-07 16:56
LAB721183,ENC108905,PT13419,WBC,White Blood Cell Count,7.4,K/uL,4.5,11,N,Routine,2024-11-07 14:12,2024-11-07 14:19,2024-11-07 16:21
LAB721184,ENC108905,PT13419,HGB,Hemoglobin,14.8,g/dL,12,17.5,N,Routine,2024-11-07 14:09,2024-11-07 14:38,2024-11-07 16:35
LAB721185,ENC108907,PT10590,GLU,Glucose,109,mg/dL,70,99,H,STAT,2024-11-07 18:50,2024-11-07 19:06,2024-11-07 19:42
LAB721186,ENC108907,PT10590,CREAT,Creatinine,1.28,mg/dL,0.6,1.3,N,Routine,2024-11-07 18:57,2024-11-07 19:14,2024-11-07 22:46
LAB721187,ENC108907,PT10590,WBC,White Blood Cell Count,15.7,K/uL,4.5,11,H,STAT,2024-11-07 19:51,2024-11-07 20:17,2024-11-07 21:43
LAB721188,ENC108907,PT10590,HGB,Hemoglobin,12.2,g/dL,12,17.5,N,Routine,2024-11-07 19:28,2024-11-07 20:02,2024-11-07 22:26
LAB721189,ENC108907,PT10590,NA,Sodium,136,mmol/L,136,145,N,Routine,2024-11-07 19:17,2024-11-07 19:35,2024-11-07 23:18
LAB721190,ENC108907,PT10590,K,Potassium,4.6,mmol/L,3.5,5.1,N,STAT,2024-11-07 19:53,2024-11-07 20:28,2024-11-07 20:53
LAB721191,ENC108907,PT10590,BUN,Blood Urea Nitrogen,18,mg/dL,7,20,N,STAT,2024-11-07 19:50,2024-11-07 20:09,2024-11-07 20:43
LAB721192,ENC108907,PT10590,PLT,Platelet Count,290,K/uL,150,400,N,Routine,2024-11-07 19:59,2024-11-07 20:24,2024-11-07 22:44
LAB721193,ENC108910,PT10841,GLU,Glucose,110,mg/dL,70,99,H,Routine,2024-11-07 15:50,2024-11-07 15:56,2024-11-07 20:07
LAB721194,ENC108910,PT10841,CREAT,Creatinine,1.18,mg/dL,0.6,1.3,N,Routine,2024-11-07 15:07,2024-11-07 15:32,2024-11-07 17:57
LAB721195,ENC108912,PT10168,GLU,Glucose,141,mg/dL,70,99,H,STAT,2024-11-07 16:46,2024-11-07 17:04,2024-11-07 18:06
LAB721196,ENC108912,PT10168,CREAT,Creatinine,0.9,mg/dL,0.6,1.3,N,Routine,2024-11-07 16:40,2024-11-07 16:48,2024-11-07 18:17
LAB721197,ENC108912,PT10168,WBC,White Blood Cell Count,5.7,K/uL,4.5,11,N,Routine,2024-11-07 16:40,2024-11-07 16:46,2024-11-07 17:53
LAB721198,ENC108912,PT10168,HGB,Hemoglobin,11.1,g/dL,12,17.5,L,STAT,2024-11-07 16:41,2024-11-07 17:03,2024-11-07 17:36
LAB721199,ENC108912,PT10168,BUN,Blood Urea Nitrogen,18,mg/dL,7,20,N,STAT,2024-11-07 16:25,2024-11-07 16:51,2024-11-07 17:47
LAB721200,ENC108912,PT10168,PLT,Platelet Count,230,K/uL,150,400,N,Routine,2024-11-07 16:00,2024-11-07 16:09,2024-11-07 17:56
LAB721201,ENC108913,PT12230,WBC,White Blood Cell Count,9.3,K/uL,4.5,11,N,Routine,2024-11-07 16:05,2024-11-07 16:22,2024-11-07 18:43
LAB721202,ENC108913,PT12230,HGB,Hemoglobin,10,g/dL,12,17.5,L,Routine,2024-11-07 16:13,2024-11-07 16:28,2024-11-07 21:40
LAB721203,ENC108913,PT12230,PLT,Platelet Count,240,K/uL,150,400,N,Routine,2024-11-07 16:30,2024-11-07 16:49,2024-11-07 19:26
LAB721204,ENC108914,PT13601,GLU,Glucose,163,mg/dL,70,99,H,STAT,2024-11-07 18:01,2024-11-07 18:23,2024-11-07 19:23
LAB721205,ENC108914,PT13601,CREAT,Creatinine,1.95,mg/dL,0.6,1.3,H,Routine,2024-11-07 17:54,2024-11-07 18:19,2024-11-07 21:06
LAB721206,ENC108914,PT13601,WBC,White Blood Cell Count,11.9,K/uL,4.5,11,H,Routine,2024-11-07 17:34,2024-11-07 17:49,2024-11-07 20:12
LAB721207,ENC108914,PT13601,HGB,Hemoglobin,12.7,g/dL,12,17.5,N,Routine,2024-11-07 17:01,2024-11-07 17:15,2024-11-07 21:14
LAB721208,ENC108914,PT13601,INR,Prothrombin Time INR,1.1,ratio,0.8,1.2,N,STAT,2024-11-07 17:08,2024-11-07 17:41,2024-11-07 18:33
LAB721209,ENC108915,PT13751,GLU,Glucose,172,mg/dL,70,99,H,STAT,2024-11-07 18:10,2024-11-07 18:43,2024-11-07 20:00
LAB721210,ENC108915,PT13751,CREAT,Creatinine,0.93,mg/dL,0.6,1.3,N,STAT,2024-11-07 18:33,2024-11-07 18:45,2024-11-07 19:44
LAB721211,ENC108915,PT13751,WBC,White Blood Cell Count,7.9,K/uL,4.5,11,N,Routine,2024-11-07 18:42,2024-11-07 19:09,2024-11-07 21:39
LAB721212,ENC108915,PT13751,HGB,Hemoglobin,14,g/dL,12,17.5,N,Routine,2024-11-07 18:07,2024-11-07 18:40,2024-11-07 21:30
LAB721213,ENC108917,PT11827,GLU,Glucose,92,mg/dL,70,99,N,STAT,2024-11-07 20:54,2024-11-07 21:11,2024-11-07 22:43
LAB721214,ENC108917,PT11827,CREAT,Creatinine,1,mg/dL,0.6,1.3,N,STAT,2024-11-07 20:47,2024-11-07 21:18,2024-11-07 22:02
LAB721215,ENC108918,PT10363,GLU,Glucose,67,mg/dL,70,99,L,STAT,2024-11-07 20:07,2024-11-07 20:33,2024-11-07 21:06
LAB721216,ENC108918,PT10363,CREAT,Creatinine,0.36,mg/dL,0.6,1.3,L,Routine,2024-11-07 21:01,2024-11-07 21:07,2024-11-07 23:11
LAB721217,ENC108919,PT13703,GLU,Glucose,85,mg/dL,70,99,N,Routine,2024-11-08 00:27,2024-11-08 00:41,2024-11-08 02:16
LAB721218,ENC108919,PT13703,CREAT,Creatinine,0.93,mg/dL,0.6,1.3,N,Routine,2024-11-07 23:24,2024-11-07 23:52,2024-11-08 02:59
LAB721219,ENC108919,PT13703,WBC,White Blood Cell Count,6.8,K/uL,4.5,11,N,Routine,2024-11-07 23:52,2024-11-08 00:04,2024-11-08 02:40
LAB721220,ENC108919,PT13703,HGB,Hemoglobin,12.7,g/dL,12,17.5,N,STAT,2024-11-08 00:12,2024-11-08 00:27,2024-11-08 01:34
LAB721221,ENC108919,PT13703,NA,Sodium,140,mmol/L,136,145,N,STAT,2024-11-07 23:46,2024-11-08 00:09,2024-11-08 01:16
LAB721222,ENC108919,PT13703,K,Potassium,4.7,mmol/L,3.5,5.1,N,STAT,2024-11-07 23:27,2024-11-07 23:58,2024-11-08 00:29
LAB721223,ENC108920,PT11105,GLU,Glucose,122,mg/dL,70,99,H,Routine,2024-11-08 00:16,2024-11-08 00:42,2024-11-08 02:42
LAB721224,ENC108920,PT11105,CREAT,Creatinine,0.74,mg/dL,0.6,1.3,N,STAT,2024-11-07 23:51,2024-11-07 23:55,2024-11-08 00:24
LAB721225,ENC108920,PT11105,WBC,White Blood Cell Count,6.4,K/uL,4.5,11,N,STAT,2024-11-07 23:56,2024-11-08 00:17,2024-11-08 01:46
LAB721226,ENC108920,PT11105,HGB,Hemoglobin,13.4,g/dL,12,17.5,N,STAT,2024-11-07 23:47,2024-11-08 00:18,2024-11-08 00:55
LAB721227,ENC108920,PT11105,NA,Sodium,137,mmol/L,136,145,N,Routine,2024-11-08 00:31,2024-11-08 00:58,2024-11-08 04:01
LAB721228,ENC108920,PT11105,K,Potassium,3.4,mmol/L,3.5,5.1,L,STAT,2024-11-07 23:52,2024-11-08 00:04,2024-11-08 00:40
LAB721229,ENC108922,PT12289,GLU,Glucose,74,mg/dL,70,99,N,STAT,2024-11-07 23:12,2024-11-07 23:45,2024-11-08 00:44
LAB721230,ENC108922,PT12289,CREAT,Creatinine,0.49,mg/dL,0.6,1.3,L,STAT,2024-11-07 22:56,2024-11-07 23:13,2024-11-08 00:00
LAB721231,ENC108923,PT12611,GLU,Glucose,135,mg/dL,70,99,H,Routine,2024-11-08 06:48,2024-11-08 07:13,2024-11-08 09:05
LAB721232,ENC108923,PT12611,CREAT,Creatinine,0.95,mg/dL,0.6,1.3,N,STAT,2024-11-08 05:54,2024-11-08 06:26,2024-11-08 07:02
LAB721233,ENC108923,PT12611,WBC,White Blood Cell Count,4.3,K/uL,4.5,11,L,STAT,2024-11-08 06:51,2024-11-08 07:19,2024-11-08 09:58
LAB721234,ENC108923,PT12611,HGB,Hemoglobin,12.8,g/dL,12,17.5,N,STAT,2024-11-08 06:16,2024-11-08 06:28,2024-11-08 07:37
LAB721235,ENC108924,PT10784,GLU,Glucose,129,mg/dL,70,99,H,STAT,2024-11-08 04:29,2024-11-08 04:52,2024-11-08 05:28
LAB721236,ENC108924,PT10784,CREAT,Creatinine,1.2,mg/dL,0.6,1.3,N,STAT,2024-11-08 04:43,2024-11-08 04:47,2024-11-08 06:10
LAB721237,ENC108924,PT10784,WBC,White Blood Cell Count,5.4,K/uL,4.5,11,N,STAT,2024-11-08 04:39,2024-11-08 05:11,2024-11-08 05:31
LAB721238,ENC108924,PT10784,HGB,Hemoglobin,15.8,g/dL,12,17.5,N,STAT,2024-11-08 05:03,2024-11-08 05:07,2024-11-08 05:22
LAB721239,ENC108924,PT10784,NA,Sodium,125,mmol/L,136,145,L,Routine,2024-11-08 05:27,2024-11-08 05:34,2024-11-08 10:15
LAB721240,ENC108924,PT10784,K,Potassium,4.5,mmol/L,3.5,5.1,N,STAT,2024-11-08 05:29,2024-11-08 05:59,2024-11-08 06:32
LAB721241,ENC108929,PT10836,A1C,Hemoglobin A1c,8.6,%,4,5.6,H,Routine,2024-11-08 09:37,2024-11-08 09:58,2024-11-08 18:36
LAB721242,ENC108929,PT10836,GLU,Glucose,272,mg/dL,70,99,H,Routine,2024-11-08 09:34,2024-11-08 09:39,2024-11-08 12:51
LAB721243,ENC108929,PT10836,CREAT,Creatinine,0.79,mg/dL,0.6,1.3,N,Routine,2024-11-08 09:26,2024-11-08 09:43,2024-11-08 11:42
LAB721244,ENC108930,PT10367,A1C,Hemoglobin A1c,5.1,%,4,5.6,N,Routine,2024-11-08 09:44,2024-11-08 10:11,2024-11-09 11:30
LAB721245,ENC108930,PT10367,GLU,Glucose,109,mg/dL,70,99,H,Routine,2024-11-08 09:45,2024-11-08 10:07,2024-11-08 11:49
LAB721246,ENC108930,PT10367,CREAT,Creatinine,1.25,mg/dL,0.6,1.3,N,Routine,2024-11-08 09:43,2024-11-08 10:18,2024-11-08 15:09
LAB721247,ENC108931,PT11866,LDL,LDL Cholesterol,139,mg/dL,0,99,H,Routine,2024-11-08 09:36,2024-11-08 09:44,2024-11-08 19:12
LAB721248,ENC108933,PT13273,LDL,LDL Cholesterol,90,mg/dL,0,99,N,Routine,2024-11-08 10:53,2024-11-08 10:57,2024-11-09 00:22
LAB721249,ENC108933,PT13273,A1C,Hemoglobin A1c,7.4,%,4,5.6,H,Routine,2024-11-08 11:09,2024-11-08 11:29,2024-11-09 13:23
LAB721250,ENC108934,PT11549,GLU,Glucose,127,mg/dL,70,99,H,STAT,2024-11-08 11:48,2024-11-08 12:14,2024-11-08 12:55
LAB721251,ENC108934,PT11549,CREAT,Creatinine,0.74,mg/dL,0.6,1.3,N,Routine,2024-11-08 11:57,2024-11-08 12:28,2024-11-08 14:15
LAB721252,ENC108934,PT11549,WBC,White Blood Cell Count,10.8,K/uL,4.5,11,N,Routine,2024-11-08 11:41,2024-11-08 11:56,2024-11-08 14:17
LAB721253,ENC108934,PT11549,HGB,Hemoglobin,13.2,g/dL,12,17.5,N,Routine,2024-11-08 11:22,2024-11-08 11:56,2024-11-08 17:31
LAB721254,ENC108934,PT11549,TROP,"Troponin I, High Sensitivity",46,ng/L,0,34,H,STAT,2024-11-08 11:58,2024-11-08 12:10,2024-11-08 13:35
LAB721255,ENC108934,PT11549,BNP,B-Type Natriuretic Peptide,1084,pg/mL,0,100,H,STAT,2024-11-08 12:20,2024-11-08 12:29,2024-11-08 13:03
LAB721256,ENC108936,PT11512,GLU,Glucose,110,mg/dL,70,99,H,Routine,2024-11-08 17:15,2024-11-08 17:43,2024-11-08 20:32
LAB721257,ENC108936,PT11512,CREAT,Creatinine,1.29,mg/dL,0.6,1.3,N,Routine,2024-11-08 18:02,2024-11-08 18:31,2024-11-08 20:11
LAB721258,ENC108936,PT11512,WBC,White Blood Cell Count,11,K/uL,4.5,11,N,Routine,2024-11-08 18:12,2024-11-08 18:45,2024-11-08 22:03
LAB721259,ENC108936,PT11512,HGB,Hemoglobin,12.7,g/dL,12,17.5,N,Routine,2024-11-08 17:45,2024-11-08 17:58,2024-11-08 19:45
LAB721260,ENC108944,PT13957,GLU,Glucose,75,mg/dL,70,99,N,STAT,2024-11-08 16:18,2024-11-08 16:26,2024-11-08 17:21
LAB721261,ENC108944,PT13957,CREAT,Creatinine,1.17,mg/dL,0.6,1.3,N,STAT,2024-11-08 16:41,2024-11-08 17:07,2024-11-08 17:47
LAB721262,ENC108944,PT13957,WBC,White Blood Cell Count,4.4,K/uL,4.5,11,L,STAT,2024-11-08 17:03,2024-11-08 17:22,2024-11-08 17:52
LAB721263,ENC108944,PT13957,HGB,Hemoglobin,15.1,g/dL,12,17.5,N,STAT,2024-11-08 16:10,2024-11-08 16:24,2024-11-08 16:54
LAB721264,ENC108946,PT11359,GLU,Glucose,112,mg/dL,70,99,H,Routine,2024-11-08 20:22,2024-11-08 20:37,2024-11-08 22:28
LAB721265,ENC108946,PT11359,CREAT,Creatinine,1.04,mg/dL,0.6,1.3,N,STAT,2024-11-08 20:19,2024-11-08 20:46,2024-11-08 21:55
LAB721266,ENC108946,PT11359,WBC,White Blood Cell Count,5.1,K/uL,4.5,11,N,Routine,2024-11-08 19:45,2024-11-08 19:57,2024-11-08 23:40
LAB721267,ENC108946,PT11359,HGB,Hemoglobin,11.6,g/dL,12,17.5,L,STAT,2024-11-08 20:13,2024-11-08 20:46,2024-11-08 21:58
LAB721268,ENC108946,PT11359,NA,Sodium,134,mmol/L,136,145,L,STAT,2024-11-08 19:57,2024-11-08 20:17,2024-11-08 21:00
LAB721269,ENC108946,PT11359,K,Potassium,6.2,mmol/L,3.5,5.1,H,STAT,2024-11-08 20:15,2024-11-08 20:49,2024-11-08 21:33
LAB721270,ENC108947,PT10588,GLU,Glucose,117,mg/dL,70,99,H,STAT,2024-11-08 17:44,2024-11-08 17:49,2024-11-08 18:23
LAB721271,ENC108947,PT10588,CREAT,Creatinine,1.77,mg/dL,0.6,1.3,H,Routine,2024-11-08 17:21,2024-11-08 17:44,2024-11-08 20:10
LAB721272,ENC108947,PT10588,WBC,White Blood Cell Count,10.5,K/uL,4.5,11,N,Routine,2024-11-08 17:22,2024-11-08 17:35,2024-11-08 20:25
LAB721273,ENC108947,PT10588,HGB,Hemoglobin,10.8,g/dL,12,17.5,L,STAT,2024-11-08 17:26,2024-11-08 17:42,2024-11-08 18:08
LAB721274,ENC108947,PT10588,TROP,"Troponin I, High Sensitivity",6,ng/L,0,34,N,STAT,2024-11-08 17:33,2024-11-08 17:44,2024-11-08 18:42
LAB721275,ENC108947,PT10588,BNP,B-Type Natriuretic Peptide,442,pg/mL,0,100,H,Routine,2024-11-08 17:11,2024-11-08 17:44,2024-11-08 20:05
LAB721276,ENC108948,PT11421,GLU,Glucose,98,mg/dL,70,99,N,STAT,2024-11-08 18:05,2024-11-08 18:36,2024-11-08 19:06
LAB721277,ENC108948,PT11421,CREAT,Creatinine,0.76,mg/dL,0.6,1.3,N,Routine,2024-11-08 18:53,2024-11-08 19:25,2024-11-08 20:21
LAB721278,ENC108948,PT11421,WBC,White Blood Cell Count,9.7,K/uL,4.5,11,N,Routine,2024-11-08 18:30,2024-11-08 18:35,2024-11-08 20:24
LAB721279,ENC108948,PT11421,HGB,Hemoglobin,11.1,g/dL,12,17.5,L,STAT,2024-11-08 18:56,2024-11-08 19:21,2024-11-08 19:54
LAB721280,ENC108950,PT12939,GLU,Glucose,81,mg/dL,70,99,N,STAT,2024-11-09 00:17,2024-11-09 00:22,2024-11-09 01:02
LAB721281,ENC108950,PT12939,CREAT,Creatinine,2.13,mg/dL,0.6,1.3,H,STAT,2024-11-09 00:08,2024-11-09 00:39,2024-11-09 01:58
LAB721282,ENC108950,PT12939,WBC,White Blood Cell Count,3.7,K/uL,4.5,11,L,Routine,2024-11-09 00:23,2024-11-09 00:49,2024-11-09 02:23
LAB721283,ENC108950,PT12939,HGB,Hemoglobin,16.3,g/dL,12,17.5,N,STAT,2024-11-08 23:35,2024-11-09 00:00,2024-11-09 01:03
LAB721284,ENC108950,PT12939,LACT,Lactate,7,mmol/L,0.5,2,HH,STAT,2024-11-09 00:26,2024-11-09 00:39,2024-11-09 01:48
LAB721285,ENC108952,PT10191,GLU,Glucose,94,mg/dL,70,99,N,STAT,2024-11-08 22:30,2024-11-08 22:53,2024-11-08 23:30
LAB721286,ENC108952,PT10191,CREAT,Creatinine,0.79,mg/dL,0.6,1.3,N,Routine,2024-11-08 22:50,2024-11-08 23:00,2024-11-09 01:51
LAB721287,ENC108952,PT10191,WBC,White Blood Cell Count,6.2,K/uL,4.5,11,N,STAT,2024-11-08 22:55,2024-11-08 23:00,2024-11-08 23:33
LAB721288,ENC108952,PT10191,HGB,Hemoglobin,14.4,g/dL,12,17.5,N,Routine,2024-11-08 22:43,2024-11-08 23:02,2024-11-09 04:44
LAB721289,ENC108953,PT10271,GLU,Glucose,125,mg/dL,70,99,H,STAT,2024-11-08 22:13,2024-11-08 22:30,2024-11-08 23:05
LAB721290,ENC108953,PT10271,CREAT,Creatinine,0.91,mg/dL,0.6,1.3,N,STAT,2024-11-08 22:18,2024-11-08 22:27,2024-11-08 23:04
LAB721291,ENC108953,PT10271,WBC,White Blood Cell Count,12.4,K/uL,4.5,11,H,Routine,2024-11-08 22:44,2024-11-08 23:09,2024-11-09 03:40
LAB721292,ENC108953,PT10271,HGB,Hemoglobin,15.1,g/dL,12,17.5,N,Routine,2024-11-08 22:05,2024-11-08 22:14,2024-11-09 02:35
LAB721293,ENC108954,PT10131,GLU,Glucose,288,mg/dL,70,99,H,Routine,2024-11-08 22:09,2024-11-08 22:30,2024-11-08 23:32
LAB721294,ENC108954,PT10131,CREAT,Creatinine,1.06,mg/dL,0.6,1.3,N,STAT,2024-11-08 22:32,2024-11-08 22:55,2024-11-08 23:54
LAB721295,ENC108954,PT10131,WBC,White Blood Cell Count,5.3,K/uL,4.5,11,N,STAT,2024-11-08 23:03,2024-11-08 23:12,2024-11-08 23:39
LAB721296,ENC108955,PT10966,GLU,Glucose,90,mg/dL,70,99,N,STAT,2024-11-08 23:01,2024-11-08 23:26,2024-11-08 23:58
LAB721297,ENC108955,PT10966,CREAT,Creatinine,1.1,mg/dL,0.6,1.3,N,STAT,2024-11-08 23:37,2024-11-08 23:44,2024-11-09 00:10
LAB721298,ENC108955,PT10966,WBC,White Blood Cell Count,6.9,K/uL,4.5,11,N,Routine,2024-11-08 23:17,2024-11-08 23:52,2024-11-09 03:49
LAB721299,ENC108955,PT10966,HGB,Hemoglobin,16.1,g/dL,12,17.5,N,STAT,2024-11-08 23:32,2024-11-08 23:53,2024-11-09 01:04
LAB721300,ENC108955,PT10966,BUN,Blood Urea Nitrogen,17,mg/dL,7,20,N,STAT,2024-11-08 23:48,2024-11-09 00:02,2024-11-09 01:04
LAB721301,ENC108955,PT10966,PLT,Platelet Count,186,K/uL,150,400,N,STAT,2024-11-08 23:02,2024-11-08 23:34,2024-11-09 00:18
LAB721302,ENC108957,PT11600,GLU,Glucose,97,mg/dL,70,99,N,Routine,2024-11-09 08:34,2024-11-09 08:53,2024-11-09 11:16
LAB721303,ENC108957,PT11600,CREAT,Creatinine,0.85,mg/dL,0.6,1.3,N,STAT,2024-11-09 08:25,2024-11-09 08:35,2024-11-09 09:16
LAB721304,ENC108957,PT11600,WBC,White Blood Cell Count,5.1,K/uL,4.5,11,N,STAT,2024-11-09 08:49,2024-11-09 09:07,2024-11-09 09:30
LAB721305,ENC108957,PT11600,HGB,Hemoglobin,10.7,g/dL,12,17.5,L,STAT,2024-11-09 08:32,2024-11-09 08:57,2024-11-09 09:54
LAB721306,ENC108960,PT11954,GLU,Glucose,123,mg/dL,70,99,H,STAT,2024-11-09 13:55,2024-11-09 14:03,2024-11-09 14:42
LAB721307,ENC108960,PT11954,CREAT,Creatinine,0.87,mg/dL,0.6,1.3,N,Routine,2024-11-09 14:04,2024-11-09 14:36,2024-11-09 21:05
LAB721308,ENC108960,PT11954,WBC,White Blood Cell Count,7.3,K/uL,4.5,11,N,STAT,2024-11-09 14:03,2024-11-09 14:12,2024-11-09 15:04
LAB721309,ENC108960,PT11954,HGB,Hemoglobin,14.8,g/dL,12,17.5,N,STAT,2024-11-09 14:14,2024-11-09 14:23,2024-11-09 14:56
LAB721310,ENC108960,PT11954,NA,Sodium,142,mmol/L,136,145,N,STAT,2024-11-09 14:29,2024-11-09 14:34,2024-11-09 15:01
LAB721311,ENC108960,PT11954,K,Potassium,4.3,mmol/L,3.5,5.1,N,STAT,2024-11-09 13:42,2024-11-09 14:03,2024-11-09 14:44
LAB721312,ENC108960,PT11954,BUN,Blood Urea Nitrogen,20,mg/dL,7,20,N,STAT,2024-11-09 14:05,2024-11-09 14:21,2024-11-09 15:29
LAB721313,ENC108960,PT11954,PLT,Platelet Count,304,K/uL,150,400,N,STAT,2024-11-09 14:09,2024-11-09 14:29,2024-11-09 14:56
LAB721314,ENC108962,PT10594,GLU,Glucose,105,mg/dL,70,99,H,STAT,2024-11-09 14:37,2024-11-09 15:08,2024-11-09 15:35
LAB721315,ENC108962,PT10594,CREAT,Creatinine,0.88,mg/dL,0.6,1.3,N,STAT,2024-11-09 15:03,2024-11-09 15:19,2024-11-09 15:56
LAB721316,ENC108963,PT10508,GLU,Glucose,123,mg/dL,70,99,H,Routine,2024-11-09 18:05,2024-11-09 18:30,2024-11-10 01:15
LAB721317,ENC108963,PT10508,CREAT,Creatinine,0.79,mg/dL,0.6,1.3,N,STAT,2024-11-09 18:58,2024-11-09 19:04,2024-11-09 20:25
LAB721318,ENC108963,PT10508,WBC,White Blood Cell Count,3.7,K/uL,4.5,11,L,STAT,2024-11-09 18:39,2024-11-09 18:59,2024-11-09 19:36
LAB721319,ENC108963,PT10508,HGB,Hemoglobin,14.4,g/dL,12,17.5,N,STAT,2024-11-09 18:56,2024-11-09 19:21,2024-11-09 20:08
LAB721320,ENC108963,PT10508,INR,Prothrombin Time INR,1,ratio,0.8,1.2,N,Routine,2024-11-09 19:12,2024-11-09 19:30,2024-11-09 21:55
LAB721321,ENC108966,PT12297,GLU,Glucose,76,mg/dL,70,99,N,STAT,2024-11-09 16:06,2024-11-09 16:15,2024-11-09 16:56
LAB721322,ENC108966,PT12297,CREAT,Creatinine,0.78,mg/dL,0.6,1.3,N,STAT,2024-11-09 15:25,2024-11-09 15:56,2024-11-09 16:30
LAB721323,ENC108966,PT12297,WBC,White Blood Cell Count,8.1,K/uL,4.5,11,N,STAT,2024-11-09 15:52,2024-11-09 16:05,2024-11-09 16:58
LAB721324,ENC108966,PT12297,HGB,Hemoglobin,12.1,g/dL,12,17.5,N,STAT,2024-11-09 16:14,2024-11-09 16:40,2024-11-09 17:23
LAB721325,ENC108967,PT10338,GLU,Glucose,176,mg/dL,70,99,H,Routine,2024-11-09 19:02,2024-11-09 19:21,2024-11-09 22:38
LAB721326,ENC108967,PT10338,CREAT,Creatinine,0.74,mg/dL,0.6,1.3,N,Routine,2024-11-09 18:30,2024-11-09 18:51,2024-11-09 20:36
LAB721327,ENC108967,PT10338,WBC,White Blood Cell Count,6,K/uL,4.5,11,N,STAT,2024-11-09 19:13,2024-11-09 19:42,2024-11-09 20:40
LAB721328,ENC108967,PT10338,HGB,Hemoglobin,11.3,g/dL,12,17.5,L,STAT,2024-11-09 18:37,2024-11-09 18:48,2024-11-09 19:45
LAB721329,ENC108968,PT13219,GLU,Glucose,87,mg/dL,70,99,N,Routine,2024-11-09 20:53,2024-11-09 21:19,2024-11-10 00:50
LAB721330,ENC108968,PT13219,CREAT,Creatinine,2.41,mg/dL,0.6,1.3,H,Routine,2024-11-09 20:15,2024-11-09 20:25,2024-11-10 04:20
LAB721331,ENC108968,PT13219,WBC,White Blood Cell Count,5.9,K/uL,4.5,11,N,Routine,2024-11-09 20:47,2024-11-09 20:55,2024-11-09 22:52
LAB721332,ENC108968,PT13219,HGB,Hemoglobin,11.7,g/dL,12,17.5,L,Routine,2024-11-09 20:44,2024-11-09 21:07,2024-11-09 23:10
LAB721333,ENC108968,PT13219,NA,Sodium,138,mmol/L,136,145,N,Routine,2024-11-09 20:54,2024-11-09 21:02,2024-11-10 00:04
LAB721334,ENC108968,PT13219,K,Potassium,4.6,mmol/L,3.5,5.1,N,STAT,2024-11-09 20:16,2024-11-09 20:35,2024-11-09 21:14
LAB721335,ENC108970,PT12427,GLU,Glucose,131,mg/dL,70,99,H,Routine,2024-11-10 08:40,2024-11-10 08:52,2024-11-10 12:35
LAB721336,ENC108970,PT12427,CREAT,Creatinine,1.19,mg/dL,0.6,1.3,N,STAT,2024-11-10 09:11,2024-11-10 09:37,2024-11-10 10:02
LAB721337,ENC108970,PT12427,WBC,White Blood Cell Count,10.5,K/uL,4.5,11,N,STAT,2024-11-10 09:12,2024-11-10 09:44,2024-11-10 10:12
LAB721338,ENC108970,PT12427,HGB,Hemoglobin,15,g/dL,12,17.5,N,STAT,2024-11-10 09:19,2024-11-10 09:33,2024-11-10 10:15
LAB721339,ENC108970,PT12427,BUN,Blood Urea Nitrogen,20,mg/dL,7,20,N,Routine,2024-11-10 09:02,2024-11-10 09:36,2024-11-10 11:26
LAB721340,ENC108970,PT12427,PLT,Platelet Count,162,K/uL,150,400,N,Routine,2024-11-10 08:31,2024-11-10 09:05,2024-11-10 11:45
LAB721341,ENC108971,PT11598,GLU,Glucose,101,mg/dL,70,99,H,Routine,2024-11-10 08:18,2024-11-10 08:41,2024-11-10 14:29
LAB721342,ENC108971,PT11598,CREAT,Creatinine,1.21,mg/dL,0.6,1.3,N,STAT,2024-11-10 08:20,2024-11-10 08:32,2024-11-10 09:41
LAB721343,ENC108971,PT11598,WBC,White Blood Cell Count,9.3,K/uL,4.5,11,N,STAT,2024-11-10 08:41,2024-11-10 09:06,2024-11-10 09:34
LAB721344,ENC108971,PT11598,HGB,Hemoglobin,15.9,g/dL,12,17.5,N,STAT,2024-11-10 08:13,2024-11-10 08:43,2024-11-10 09:44
LAB721345,ENC108971,PT11598,TROP,"Troponin I, High Sensitivity",63,ng/L,0,34,H,STAT,2024-11-10 08:43,2024-11-10 08:49,2024-11-10 09:25
LAB721346,ENC108972,PT10006,GLU,Glucose,73,mg/dL,70,99,N,STAT,2024-11-10 12:07,2024-11-10 12:24,2024-11-10 13:51
LAB721347,ENC108972,PT10006,CREAT,Creatinine,0.73,mg/dL,0.6,1.3,N,STAT,2024-11-10 12:22,2024-11-10 12:51,2024-11-10 13:46
LAB721348,ENC108972,PT10006,WBC,White Blood Cell Count,8.2,K/uL,4.5,11,N,Routine,2024-11-10 12:17,2024-11-10 12:21,2024-11-10 14:43
LAB721349,ENC108972,PT10006,HGB,Hemoglobin,13.4,g/dL,12,17.5,N,STAT,2024-11-10 12:11,2024-11-10 12:30,2024-11-10 13:41
LAB721350,ENC108972,PT10006,TROP,"Troponin I, High Sensitivity",4,ng/L,0,34,N,STAT,2024-11-10 11:48,2024-11-10 11:55,2024-11-10 12:20
LAB721351,ENC108973,PT13564,GLU,Glucose,127,mg/dL,70,99,H,STAT,2024-11-10 12:44,2024-11-10 12:49,2024-11-10 13:18
LAB721352,ENC108973,PT13564,CREAT,Creatinine,1.09,mg/dL,0.6,1.3,N,STAT,2024-11-10 12:29,2024-11-10 12:48,2024-11-10 13:42
LAB721353,ENC108973,PT13564,WBC,White Blood Cell Count,7.6,K/uL,4.5,11,N,STAT,2024-11-10 12:32,2024-11-10 12:42,2024-11-10 13:31
LAB721354,ENC108974,PT11745,GLU,Glucose,81,mg/dL,70,99,N,STAT,2024-11-10 13:44,2024-11-10 14:17,2024-11-10 15:16
LAB721355,ENC108974,PT11745,CREAT,Creatinine,0.39,mg/dL,0.6,1.3,L,Routine,2024-11-10 13:57,2024-11-10 14:27,2024-11-10 17:17
LAB721356,ENC108974,PT11745,WBC,White Blood Cell Count,5.7,K/uL,4.5,11,N,Routine,2024-11-10 14:07,2024-11-10 14:36,2024-11-10 17:43
LAB721357,ENC108974,PT11745,HGB,Hemoglobin,12.4,g/dL,12,17.5,N,STAT,2024-11-10 13:43,2024-11-10 13:57,2024-11-10 14:41
LAB721358,ENC108975,PT11677,GLU,Glucose,102,mg/dL,70,99,H,STAT,2024-11-10 18:45,2024-11-10 19:02,2024-11-10 20:09
LAB721359,ENC108975,PT11677,CREAT,Creatinine,0.66,mg/dL,0.6,1.3,N,STAT,2024-11-10 18:40,2024-11-10 19:04,2024-11-10 20:24
LAB721360,ENC108975,PT11677,WBC,White Blood Cell Count,19.8,K/uL,4.5,11,H,STAT,2024-11-10 18:02,2024-11-10 18:36,2024-11-10 19:21
LAB721361,ENC108975,PT11677,HGB,Hemoglobin,12.5,g/dL,12,17.5,N,STAT,2024-11-10 18:27,2024-11-10 18:52,2024-11-10 19:15
LAB721362,ENC108976,PT10872,GLU,Glucose,102,mg/dL,70,99,H,Routine,2024-11-10 16:43,2024-11-10 17:13,2024-11-10 22:19
LAB721363,ENC108976,PT10872,CREAT,Creatinine,1.35,mg/dL,0.6,1.3,H,STAT,2024-11-10 16:29,2024-11-10 17:04,2024-11-10 17:50
LAB721364,ENC108976,PT10872,WBC,White Blood Cell Count,8.1,K/uL,4.5,11,N,Routine,2024-11-10 16:26,2024-11-10 16:36,2024-11-10 18:50
LAB721365,ENC108977,PT11902,GLU,Glucose,120,mg/dL,70,99,H,Routine,2024-11-10 22:04,2024-11-10 22:08,2024-11-11 01:53
LAB721366,ENC108977,PT11902,CREAT,Creatinine,1.85,mg/dL,0.6,1.3,H,STAT,2024-11-10 21:38,2024-11-10 22:10,2024-11-10 22:45
LAB721367,ENC108977,PT11902,WBC,White Blood Cell Count,9.9,K/uL,4.5,11,N,STAT,2024-11-10 22:23,2024-11-10 22:31,2024-11-10 23:07
LAB721368,ENC108977,PT11902,HGB,Hemoglobin,12,g/dL,12,17.5,N,STAT,2024-11-10 21:27,2024-11-10 21:41,2024-11-10 22:00
LAB721369,ENC108978,PT10796,GLU,Glucose,117,mg/dL,70,99,H,STAT,2024-11-10 20:55,2024-11-10 21:04,2024-11-10 21:54
LAB721370,ENC108978,PT10796,CREAT,Creatinine,1.1,mg/dL,0.6,1.3,N,Routine,2024-11-10 20:28,2024-11-10 20:41,2024-11-11 00:17
LAB721371,ENC108978,PT10796,WBC,White Blood Cell Count,5.5,K/uL,4.5,11,N,STAT,2024-11-10 20:24,2024-11-10 20:33,2024-11-10 21:03
LAB721372,ENC108978,PT10796,HGB,Hemoglobin,14,g/dL,12,17.5,N,Routine,2024-11-10 20:54,2024-11-10 21:10,2024-11-11 00:41
LAB721373,ENC108978,PT10796,TROP,"Troponin I, High Sensitivity",456,ng/L,0,34,H,STAT,2024-11-10 21:19,2024-11-10 21:41,2024-11-10 22:45
LAB721374,ENC108980,PT10658,GLU,Glucose,85,mg/dL,70,99,N,Routine,2024-11-10 22:27,2024-11-10 22:57,2024-11-11 01:58
LAB721375,ENC108980,PT10658,CREAT,Creatinine,1.3,mg/dL,0.6,1.3,N,Routine,2024-11-10 21:33,2024-11-10 21:48,2024-11-11 02:20
LAB721376,ENC108981,PT10655,GLU,Glucose,202,mg/dL,70,99,H,STAT,2024-11-11 03:57,2024-11-11 04:27,2024-11-11 05:12
LAB721377,ENC108981,PT10655,CREAT,Creatinine,1.52,mg/dL,0.6,1.3,H,STAT,2024-11-11 03:23,2024-11-11 03:54,2024-11-11 05:14
LAB721378,ENC108981,PT10655,WBC,White Blood Cell Count,7.6,K/uL,4.5,11,N,STAT,2024-11-11 03:01,2024-11-11 03:16,2024-11-11 04:19
LAB721379,ENC108981,PT10655,HGB,Hemoglobin,12.9,g/dL,12,17.5,N,Routine,2024-11-11 03:36,2024-11-11 03:57,2024-11-11 07:08
LAB721380,ENC108981,PT10655,BUN,Blood Urea Nitrogen,14,mg/dL,7,20,N,STAT,2024-11-11 03:03,2024-11-11 03:10,2024-11-11 03:57
LAB721381,ENC108981,PT10655,PLT,Platelet Count,293,K/uL,150,400,N,STAT,2024-11-11 03:46,2024-11-11 03:50,2024-11-11 04:45
LAB721382,ENC108981,PT10655,TROP,"Troponin I, High Sensitivity",13,ng/L,0,34,N,STAT,2024-11-11 03:22,2024-11-11 03:48,2024-11-11 04:44
LAB721383,ENC108981,PT10655,BNP,B-Type Natriuretic Peptide,327,pg/mL,0,100,H,Routine,2024-11-11 03:46,2024-11-11 04:15,2024-11-11 07:34
LAB721384,ENC108982,PT10360,GLU,Glucose,107,mg/dL,70,99,H,STAT,2024-11-11 03:50,2024-11-11 04:24,2024-11-11 04:51
LAB721385,ENC108982,PT10360,CREAT,Creatinine,1.14,mg/dL,0.6,1.3,N,Routine,2024-11-11 03:09,2024-11-11 03:37,2024-11-11 10:39
LAB721386,ENC108982,PT10360,WBC,White Blood Cell Count,8.7,K/uL,4.5,11,N,Routine,2024-11-11 03:24,2024-11-11 03:42,2024-11-11 06:13
LAB721387,ENC108982,PT10360,HGB,Hemoglobin,15.1,g/dL,12,17.5,N,Routine,2024-11-11 03:41,2024-11-11 04:04,2024-11-11 05:24
LAB721388,ENC108982,PT10360,BUN,Blood Urea Nitrogen,17,mg/dL,7,20,N,STAT,2024-11-11 02:56,2024-11-11 03:20,2024-11-11 03:49
LAB721389,ENC108982,PT10360,PLT,Platelet Count,242,K/uL,150,400,N,STAT,2024-11-11 03:31,2024-11-11 03:51,2024-11-11 04:36
LAB721390,ENC108983,PT10394,GLU,Glucose,136,mg/dL,70,99,H,STAT,2024-11-11 02:42,2024-11-11 03:10,2024-11-11 03:43
LAB721391,ENC108983,PT10394,CREAT,Creatinine,1.08,mg/dL,0.6,1.3,N,Routine,2024-11-11 03:00,2024-11-11 03:13,2024-11-11 05:31
LAB721392,ENC108983,PT10394,WBC,White Blood Cell Count,1.7,K/uL,4.5,11,L,STAT,2024-11-11 02:54,2024-11-11 03:27,2024-11-11 04:50
LAB721393,ENC108983,PT10394,HGB,Hemoglobin,13.3,g/dL,12,17.5,N,Routine,2024-11-11 02:40,2024-11-11 02:59,2024-11-11 07:56
LAB721394,ENC108984,PT11469,GLU,Glucose,82,mg/dL,70,99,N,STAT,2024-11-11 04:52,2024-11-11 05:24,2024-11-11 06:02
LAB721395,ENC108984,PT11469,CREAT,Creatinine,1.08,mg/dL,0.6,1.3,N,STAT,2024-11-11 04:22,2024-11-11 04:34,2024-11-11 06:16
LAB721396,ENC108984,PT11469,WBC,White Blood Cell Count,8.2,K/uL,4.5,11,N,Routine,2024-11-11 04:50,2024-11-11 05:03,2024-11-11 06:53
LAB721397,ENC108984,PT11469,HGB,Hemoglobin,17.7,g/dL,12,17.5,H,STAT,2024-11-11 03:53,2024-11-11 04:26,2024-11-11 05:06
LAB721398,ENC108984,PT11469,NA,Sodium,136,mmol/L,136,145,N,Routine,2024-11-11 04:46,2024-11-11 05:08,2024-11-11 08:42
LAB721399,ENC108984,PT11469,K,Potassium,3.9,mmol/L,3.5,5.1,N,STAT,2024-11-11 04:36,2024-11-11 05:08,2024-11-11 06:24
LAB721400,ENC108986,PT11730,A1C,Hemoglobin A1c,9.5,%,4,5.6,H,Routine,2024-11-11 08:33,2024-11-11 08:38,2024-11-11 21:31
LAB721401,ENC108991,PT12501,GLU,Glucose,103,mg/dL,70,99,H,STAT,2024-11-11 15:18,2024-11-11 15:39,2024-11-11 16:10
LAB721402,ENC108991,PT12501,CREAT,Creatinine,0.87,mg/dL,0.6,1.3,N,Routine,2024-11-11 14:36,2024-11-11 14:43,2024-11-11 20:17
LAB721403,ENC108991,PT12501,WBC,White Blood Cell Count,9.5,K/uL,4.5,11,N,Routine,2024-11-11 15:18,2024-11-11 15:24,2024-11-11 17:38
LAB721404,ENC108991,PT12501,HGB,Hemoglobin,14.1,g/dL,12,17.5,N,STAT,2024-11-11 15:19,2024-11-11 15:26,2024-11-11 16:25
LAB721405,ENC108992,PT10040,GLU,Glucose,122,mg/dL,70,99,H,STAT,2024-11-11 13:11,2024-11-11 13:18,2024-11-11 13:58
LAB721406,ENC108992,PT10040,CREAT,Creatinine,0.85,mg/dL,0.6,1.3,N,STAT,2024-11-11 12:43,2024-11-11 12:58,2024-11-11 13:51
LAB721407,ENC108992,PT10040,WBC,White Blood Cell Count,7.8,K/uL,4.5,11,N,STAT,2024-11-11 13:08,2024-11-11 13:42,2024-11-11 14:33
LAB721408,ENC108992,PT10040,HGB,Hemoglobin,11.3,g/dL,12,17.5,L,Routine,2024-11-11 13:18,2024-11-11 13:31,2024-11-11 15:49
LAB721409,ENC108992,PT10040,NA,Sodium,138,mmol/L,136,145,N,Routine,2024-11-11 13:02,2024-11-11 13:30,2024-11-11 17:18
LAB721410,ENC108992,PT10040,K,Potassium,4.1,mmol/L,3.5,5.1,N,STAT,2024-11-11 12:35,2024-11-11 13:07,2024-11-11 14:19
LAB721411,ENC108994,PT13744,GLU,Glucose,85,mg/dL,70,99,N,Routine,2024-11-11 14:00,2024-11-11 14:28,2024-11-11 17:29
LAB721412,ENC108994,PT13744,CREAT,Creatinine,2.13,mg/dL,0.6,1.3,H,Routine,2024-11-11 13:05,2024-11-11 13:38,2024-11-11 21:29
LAB721413,ENC108994,PT13744,WBC,White Blood Cell Count,5,K/uL,4.5,11,N,STAT,2024-11-11 13:59,2024-11-11 14:08,2024-11-11 14:51
LAB721414,ENC108994,PT13744,HGB,Hemoglobin,9.3,g/dL,12,17.5,L,Routine,2024-11-11 13:35,2024-11-11 13:42,2024-11-11 19:14
LAB721415,ENC108995,PT11447,GLU,Glucose,126,mg/dL,70,99,H,STAT,2024-11-11 15:19,2024-11-11 15:35,2024-11-11 16:49
LAB721416,ENC108995,PT11447,CREAT,Creatinine,0.88,mg/dL,0.6,1.3,N,STAT,2024-11-11 14:58,2024-11-11 15:19,2024-11-11 15:53
LAB721417,ENC108995,PT11447,WBC,White Blood Cell Count,16.6,K/uL,4.5,11,H,STAT,2024-11-11 15:21,2024-11-11 15:27,2024-11-11 16:30
LAB721418,ENC108995,PT11447,HGB,Hemoglobin,13.5,g/dL,12,17.5,N,STAT,2024-11-11 14:17,2024-11-11 14:45,2024-11-11 15:22
LAB721419,ENC108997,PT12621,LDL,LDL Cholesterol,94,mg/dL,0,99,N,Routine,2024-11-11 10:56,2024-11-11 11:14,2024-11-11 21:43
LAB721420,ENC108997,PT12621,A1C,Hemoglobin A1c,6.7,%,4,5.6,H,Routine,2024-11-11 11:00,2024-11-11 11:16,2024-11-11 22:14
LAB721421,ENC108999,PT11339,A1C,Hemoglobin A1c,10.4,%,4,5.6,H,Routine,2024-11-11 11:05,2024-11-11 11:33,2024-11-12 01:08
LAB721422,ENC109002,PT12198,GLU,Glucose,121,mg/dL,70,99,H,STAT,2024-11-11 16:09,2024-11-11 16:24,2024-11-11 17:23
LAB721423,ENC109002,PT12198,CREAT,Creatinine,0.99,mg/dL,0.6,1.3,N,Routine,2024-11-11 15:59,2024-11-11 16:18,2024-11-11 19:12
LAB721424,ENC109002,PT12198,WBC,White Blood Cell Count,12.9,K/uL,4.5,11,H,STAT,2024-11-11 15:30,2024-11-11 15:49,2024-11-11 16:30
LAB721425,ENC109002,PT12198,HGB,Hemoglobin,11.8,g/dL,12,17.5,L,STAT,2024-11-11 15:06,2024-11-11 15:36,2024-11-11 16:09
LAB721426,ENC109002,PT12198,NA,Sodium,145,mmol/L,136,145,N,STAT,2024-11-11 16:12,2024-11-11 16:25,2024-11-11 17:20
LAB721427,ENC109002,PT12198,K,Potassium,4.2,mmol/L,3.5,5.1,N,STAT,2024-11-11 15:50,2024-11-11 16:08,2024-11-11 17:21
LAB721428,ENC109003,PT11787,GLU,Glucose,100,mg/dL,70,99,H,STAT,2024-11-11 12:48,2024-11-11 13:15,2024-11-11 13:51
LAB721429,ENC109003,PT11787,CREAT,Creatinine,1.09,mg/dL,0.6,1.3,N,STAT,2024-11-11 12:25,2024-11-11 12:56,2024-11-11 13:43
LAB721430,ENC109003,PT11787,WBC,White Blood Cell Count,13.8,K/uL,4.5,11,H,Routine,2024-11-11 12:50,2024-11-11 13:16,2024-11-11 15:44
LAB721431,ENC109003,PT11787,HGB,Hemoglobin,13.2,g/dL,12,17.5,N,STAT,2024-11-11 12:29,2024-11-11 12:49,2024-11-11 14:05
LAB721432,ENC109004,PT13412,A1C,Hemoglobin A1c,8.5,%,4,5.6,H,Routine,2024-11-11 12:56,2024-11-11 13:24,2024-11-12 01:00
LAB721433,ENC109006,PT12602,GLU,Glucose,104,mg/dL,70,99,H,STAT,2024-11-11 16:28,2024-11-11 16:46,2024-11-11 17:18
LAB721434,ENC109006,PT12602,CREAT,Creatinine,0.95,mg/dL,0.6,1.3,N,STAT,2024-11-11 15:52,2024-11-11 16:21,2024-11-11 17:16
LAB721435,ENC109006,PT12602,WBC,White Blood Cell Count,10.3,K/uL,4.5,11,N,STAT,2024-11-11 16:15,2024-11-11 16:39,2024-11-11 17:44
LAB721436,ENC109006,PT12602,HGB,Hemoglobin,14.1,g/dL,12,17.5,N,STAT,2024-11-11 15:42,2024-11-11 16:12,2024-11-11 16:36
LAB721437,ENC109007,PT13886,A1C,Hemoglobin A1c,8.5,%,4,5.6,H,Routine,2024-11-11 13:36,2024-11-11 13:48,2024-11-11 20:33
LAB721438,ENC109007,PT13886,GLU,Glucose,289,mg/dL,70,99,H,Routine,2024-11-11 13:31,2024-11-11 13:43,2024-11-11 14:55
LAB721439,ENC109007,PT13886,CREAT,Creatinine,1.03,mg/dL,0.6,1.3,N,Routine,2024-11-11 13:38,2024-11-11 13:49,2024-11-11 20:12
LAB721440,ENC109008,PT13951,LDL,LDL Cholesterol,111,mg/dL,0,99,H,Routine,2024-11-11 13:30,2024-11-11 13:51,2024-11-12 00:53
LAB721441,ENC109008,PT13951,TSH,Thyroid Stimulating Hormone,0.72,mIU/L,0.4,4,N,Routine,2024-11-11 13:29,2024-11-11 14:00,2024-11-11 23:20
LAB721442,ENC109013,PT12244,A1C,Hemoglobin A1c,8,%,4,5.6,H,Routine,2024-11-11 15:07,2024-11-11 15:26,2024-11-12 01:09
LAB721443,ENC109019,PT10692,GLU,Glucose,117,mg/dL,70,99,H,STAT,2024-11-11 17:21,2024-11-11 17:56,2024-11-11 19:07
LAB721444,ENC109019,PT10692,CREAT,Creatinine,0.86,mg/dL,0.6,1.3,N,STAT,2024-11-11 18:07,2024-11-11 18:25,2024-11-11 18:55
LAB721445,ENC109019,PT10692,WBC,White Blood Cell Count,5,K/uL,4.5,11,N,Routine,2024-11-11 17:34,2024-11-11 17:52,2024-11-11 21:34
LAB721446,ENC109019,PT10692,HGB,Hemoglobin,13.2,g/dL,12,17.5,N,STAT,2024-11-11 17:29,2024-11-11 17:33,2024-11-11 18:15
LAB721447,ENC109021,PT12622,GLU,Glucose,93,mg/dL,70,99,N,STAT,2024-11-11 19:14,2024-11-11 19:20,2024-11-11 20:00
LAB721448,ENC109021,PT12622,CREAT,Creatinine,0.7,mg/dL,0.6,1.3,N,STAT,2024-11-11 18:43,2024-11-11 18:55,2024-11-11 19:26
LAB721449,ENC109021,PT12622,WBC,White Blood Cell Count,8.4,K/uL,4.5,11,N,STAT,2024-11-11 18:41,2024-11-11 18:59,2024-11-11 19:46
LAB721450,ENC109022,PT12822,GLU,Glucose,89,mg/dL,70,99,N,Routine,2024-11-11 22:30,2024-11-11 22:48,2024-11-12 02:04
LAB721451,ENC109022,PT12822,CREAT,Creatinine,0.71,mg/dL,0.6,1.3,N,STAT,2024-11-11 22:33,2024-11-11 22:58,2024-11-12 00:01
LAB721452,ENC109022,PT12822,WBC,White Blood Cell Count,6.3,K/uL,4.5,11,N,STAT,2024-11-11 22:25,2024-11-11 23:00,2024-11-12 00:52
LAB721453,ENC109022,PT12822,HGB,Hemoglobin,16,g/dL,12,17.5,N,STAT,2024-11-11 22:48,2024-11-11 23:10,2024-11-11 23:48
LAB721454,ENC109022,PT12822,NA,Sodium,138,mmol/L,136,145,N,Routine,2024-11-11 21:59,2024-11-11 22:28,2024-11-12 00:31
LAB721455,ENC109022,PT12822,K,Potassium,3.8,mmol/L,3.5,5.1,N,STAT,2024-11-11 22:59,2024-11-11 23:34,2024-11-12 00:05
LAB721456,ENC109023,PT10172,GLU,Glucose,154,mg/dL,70,99,H,STAT,2024-11-11 22:17,2024-11-11 22:41,2024-11-11 23:04
LAB721457,ENC109023,PT10172,CREAT,Creatinine,1.3,mg/dL,0.6,1.3,N,STAT,2024-11-11 22:27,2024-11-11 22:31,2024-11-11 23:23
LAB721458,ENC109023,PT10172,WBC,White Blood Cell Count,6.4,K/uL,4.5,11,N,STAT,2024-11-11 21:59,2024-11-11 22:16,2024-11-11 22:54
LAB721459,ENC109023,PT10172,HGB,Hemoglobin,14.2,g/dL,12,17.5,N,Routine,2024-11-11 22:19,2024-11-11 22:28,2024-11-12 01:23
LAB721460,ENC109023,PT10172,NA,Sodium,146,mmol/L,136,145,H,Routine,2024-11-11 21:50,2024-11-11 22:06,2024-11-12 01:20
LAB721461,ENC109023,PT10172,K,Potassium,4.9,mmol/L,3.5,5.1,N,STAT,2024-11-11 22:40,2024-11-11 23:11,2024-11-12 00:09
LAB721462,ENC109024,PT13198,GLU,Glucose,136,mg/dL,70,99,H,STAT,2024-11-11 21:18,2024-11-11 21:25,2024-11-11 22:12
LAB721463,ENC109024,PT13198,CREAT,Creatinine,0.92,mg/dL,0.6,1.3,N,STAT,2024-11-11 21:20,2024-11-11 21:42,2024-11-11 22:27
LAB721464,ENC109024,PT13198,WBC,White Blood Cell Count,5.8,K/uL,4.5,11,N,STAT,2024-11-11 21:27,2024-11-11 21:45,2024-11-11 22:19
LAB721465,ENC109024,PT13198,HGB,Hemoglobin,12.5,g/dL,12,17.5,N,Routine,2024-11-11 21:03,2024-11-11 21:17,2024-11-12 02:01
LAB721466,ENC109025,PT13800,GLU,Glucose,134,mg/dL,70,99,H,STAT,2024-11-11 21:24,2024-11-11 21:46,2024-11-11 22:32
LAB721467,ENC109025,PT13800,CREAT,Creatinine,2.13,mg/dL,0.6,1.3,H,STAT,2024-11-11 22:10,2024-11-11 22:15,2024-11-11 23:17
LAB721468,ENC109025,PT13800,WBC,White Blood Cell Count,6.6,K/uL,4.5,11,N,Routine,2024-11-11 21:30,2024-11-11 21:59,2024-11-12 04:09
LAB721469,ENC109027,PT11075,GLU,Glucose,131,mg/dL,70,99,H,Routine,2024-11-12 06:31,2024-11-12 06:47,2024-11-12 13:14
LAB721470,ENC109027,PT11075,CREAT,Creatinine,0.93,mg/dL,0.6,1.3,N,STAT,2024-11-12 06:16,2024-11-12 06:26,2024-11-12 07:19
LAB721471,ENC109027,PT11075,WBC,White Blood Cell Count,20.9,K/uL,4.5,11,H,STAT,2024-11-12 06:31,2024-11-12 06:47,2024-11-12 07:41
LAB721472,ENC109027,PT11075,HGB,Hemoglobin,13.4,g/dL,12,17.5,N,Routine,2024-11-12 06:37,2024-11-12 06:59,2024-11-12 09:17
LAB721473,ENC109027,PT11075,LACT,Lactate,3.7,mmol/L,0.5,2,H,STAT,2024-11-12 06:29,2024-11-12 06:51,2024-11-12 07:26
LAB721474,ENC109032,PT11453,GLU,Glucose,99,mg/dL,70,99,N,Routine,2024-11-12 10:03,2024-11-12 10:09,2024-11-12 12:01
LAB721475,ENC109032,PT11453,CREAT,Creatinine,0.96,mg/dL,0.6,1.3,N,STAT,2024-11-12 10:25,2024-11-12 10:46,2024-11-12 11:17
LAB721476,ENC109036,PT10945,GLU,Glucose,121,mg/dL,70,99,H,STAT,2024-11-12 12:47,2024-11-12 13:18,2024-11-12 14:09
LAB721477,ENC109036,PT10945,CREAT,Creatinine,0.95,mg/dL,0.6,1.3,N,Routine,2024-11-12 13:14,2024-11-12 13:41,2024-11-12 15:57
LAB721478,ENC109036,PT10945,WBC,White Blood Cell Count,16.6,K/uL,4.5,11,H,Routine,2024-11-12 12:25,2024-11-12 12:32,2024-11-12 14:32
LAB721479,ENC109036,PT10945,HGB,Hemoglobin,15.1,g/dL,12,17.5,N,STAT,2024-11-12 12:48,2024-11-12 13:20,2024-11-12 14:31
LAB721480,ENC109036,PT10945,NA,Sodium,139,mmol/L,136,145,N,Routine,2024-11-12 12:10,2024-11-12 12:35,2024-11-12 16:16
LAB721481,ENC109036,PT10945,K,Potassium,4,mmol/L,3.5,5.1,N,STAT,2024-11-12 12:45,2024-11-12 13:13,2024-11-12 14:12
LAB721482,ENC109040,PT10697,GLU,Glucose,113,mg/dL,70,99,H,Routine,2024-11-12 13:43,2024-11-12 14:06,2024-11-12 17:49
LAB721483,ENC109040,PT10697,CREAT,Creatinine,0.76,mg/dL,0.6,1.3,N,STAT,2024-11-12 13:38,2024-11-12 13:51,2024-11-12 14:26
LAB721484,ENC109041,PT11958,GLU,Glucose,75,mg/dL,70,99,N,Routine,2024-11-12 15:09,2024-11-12 15:27,2024-11-12 17:10
LAB721485,ENC109041,PT11958,CREAT,Creatinine,1.19,mg/dL,0.6,1.3,N,STAT,2024-11-12 15:23,2024-11-12 15:55,2024-11-12 16:25
LAB721486,ENC109041,PT11958,WBC,White Blood Cell Count,10.4,K/uL,4.5,11,N,Routine,2024-11-12 15:53,2024-11-12 16:09,2024-11-12 17:26
LAB721487,ENC109041,PT11958,HGB,Hemoglobin,13.2,g/dL,12,17.5,N,STAT,2024-11-12 15:53,2024-11-12 16:02,2024-11-12 16:40
LAB721488,ENC109041,PT11958,NA,Sodium,141,mmol/L,136,145,N,Routine,2024-11-12 16:16,2024-11-12 16:48,2024-11-12 19:09
LAB721489,ENC109041,PT11958,K,Potassium,4.5,mmol/L,3.5,5.1,N,STAT,2024-11-12 15:39,2024-11-12 15:59,2024-11-12 16:31
LAB721490,ENC109041,PT11958,TROP,"Troponin I, High Sensitivity",94,ng/L,0,34,H,STAT,2024-11-12 15:44,2024-11-12 15:48,2024-11-12 16:12
LAB721491,ENC109041,PT11958,BNP,B-Type Natriuretic Peptide,1034,pg/mL,0,100,H,STAT,2024-11-12 15:58,2024-11-12 16:30,2024-11-12 17:06
LAB721492,ENC109042,PT10560,GLU,Glucose,173,mg/dL,70,99,H,Routine,2024-11-12 16:09,2024-11-12 16:43,2024-11-12 18:35
LAB721493,ENC109042,PT10560,CREAT,Creatinine,1.05,mg/dL,0.6,1.3,N,STAT,2024-11-12 16:58,2024-11-12 17:03,2024-11-12 18:05
LAB721494,ENC109042,PT10560,WBC,White Blood Cell Count,8.7,K/uL,4.5,11,N,STAT,2024-11-12 16:36,2024-11-12 16:59,2024-11-12 17:21
LAB721495,ENC109042,PT10560,HGB,Hemoglobin,11.9,g/dL,12,17.5,L,Routine,2024-11-12 16:50,2024-11-12 16:59,2024-11-12 19:16
LAB721496,ENC109042,PT10560,INR,Prothrombin Time INR,1,ratio,0.8,1.2,N,STAT,2024-11-12 15:58,2024-11-12 16:20,2024-11-12 17:06
LAB721497,ENC109043,PT13734,GLU,Glucose,162,mg/dL,70,99,H,STAT,2024-11-12 14:25,2024-11-12 14:49,2024-11-12 15:37
LAB721498,ENC109043,PT13734,CREAT,Creatinine,1.06,mg/dL,0.6,1.3,N,STAT,2024-11-12 14:10,2024-11-12 14:41,2024-11-12 15:04
LAB721499,ENC109043,PT13734,WBC,White Blood Cell Count,13.2,K/uL,4.5,11,H,STAT,2024-11-12 15:00,2024-11-12 15:09,2024-11-12 15:43
LAB721500,ENC109043,PT13734,HGB,Hemoglobin,15.2,g/dL,12,17.5,N,Routine,2024-11-12 14:20,2024-11-12 14:33,2024-11-12 15:41
LAB721501,ENC109044,PT10762,GLU,Glucose,113,mg/dL,70,99,H,STAT,2024-11-12 14:02,2024-11-12 14:17,2024-11-12 15:17
LAB721502,ENC109044,PT10762,CREAT,Creatinine,0.69,mg/dL,0.6,1.3,N,STAT,2024-11-12 14:02,2024-11-12 14:15,2024-11-12 14:43
LAB721503,ENC109047,PT12205,GLU,Glucose,106,mg/dL,70,99,H,Routine,2024-11-12 15:03,2024-11-12 15:15,2024-11-12 18:10
LAB721504,ENC109047,PT12205,CREAT,Creatinine,0.95,mg/dL,0.6,1.3,N,STAT,2024-11-12 15:09,2024-11-12 15:23,2024-11-12 16:11
LAB721505,ENC109048,PT13468,GLU,Glucose,82,mg/dL,70,99,N,STAT,2024-11-12 15:41,2024-11-12 16:01,2024-11-12 17:02
LAB721506,ENC109048,PT13468,CREAT,Creatinine,1.18,mg/dL,0.6,1.3,N,STAT,2024-11-12 16:08,2024-11-12 16:22,2024-11-12 17:11
LAB721507,ENC109048,PT13468,WBC,White Blood Cell Count,9.2,K/uL,4.5,11,N,Routine,2024-11-12 16:06,2024-11-12 16:18,2024-11-12 19:47
LAB721508,ENC109050,PT10232,GLU,Glucose,121,mg/dL,70,99,H,STAT,2024-11-12 15:43,2024-11-12 15:50,2024-11-12 16:27
LAB721509,ENC109050,PT10232,CREAT,Creatinine,0.58,mg/dL,0.6,1.3,L,Routine,2024-11-12 16:01,2024-11-12 16:34,2024-11-12 18:59
LAB721510,ENC109050,PT10232,WBC,White Blood Cell Count,6.9,K/uL,4.5,11,N,Routine,2024-11-12 16:25,2024-11-12 16:58,2024-11-12 19:20
LAB721511,ENC109051,PT13103,WBC,White Blood Cell Count,9.5,K/uL,4.5,11,N,Routine,2024-11-12 15:50,2024-11-12 16:11,2024-11-12 17:21
LAB721512,ENC109051,PT13103,HGB,Hemoglobin,15,g/dL,12,17.5,N,Routine,2024-11-12 16:04,2024-11-12 16:39,2024-11-12 20:56
LAB721513,ENC109051,PT13103,PLT,Platelet Count,199,K/uL,150,400,N,Routine,2024-11-12 16:02,2024-11-12 16:36,2024-11-12 23:04
LAB721514,ENC109052,PT12344,LDL,LDL Cholesterol,114,mg/dL,0,99,H,Routine,2024-11-12 16:16,2024-11-12 16:33,2024-11-13 04:36
LAB721515,ENC109055,PT12169,A1C,Hemoglobin A1c,5,%,4,5.6,N,Routine,2024-11-12 16:30,2024-11-12 16:54,2024-11-13 16:36
LAB721516,ENC109056,PT13855,GLU,Glucose,74,mg/dL,70,99,N,Routine,2024-11-12 21:07,2024-11-12 21:26,2024-11-12 23:46
LAB721517,ENC109056,PT13855,CREAT,Creatinine,0.84,mg/dL,0.6,1.3,N,STAT,2024-11-12 21:00,2024-11-12 21:10,2024-11-12 22:00
LAB721518,ENC109056,PT13855,WBC,White Blood Cell Count,6.4,K/uL,4.5,11,N,Routine,2024-11-12 20:56,2024-11-12 21:02,2024-11-12 22:22
LAB721519,ENC109056,PT13855,HGB,Hemoglobin,14.8,g/dL,12,17.5,N,STAT,2024-11-12 21:22,2024-11-12 21:47,2024-11-12 22:39
LAB721520,ENC109057,PT13885,A1C,Hemoglobin A1c,12,%,4,5.6,H,Routine,2024-11-12 16:36,2024-11-12 16:46,2024-11-13 04:40
LAB721521,ENC109059,PT12785,WBC,White Blood Cell Count,7.7,K/uL,4.5,11,N,Routine,2024-11-12 16:38,2024-11-12 16:42,2024-11-12 18:31
LAB721522,ENC109059,PT12785,HGB,Hemoglobin,16.1,g/dL,12,17.5,N,Routine,2024-11-12 16:36,2024-11-12 16:52,2024-11-12 18:37
LAB721523,ENC109059,PT12785,PLT,Platelet Count,220,K/uL,150,400,N,Routine,2024-11-12 16:54,2024-11-12 17:14,2024-11-12 23:05
LAB721524,ENC109061,PT13996,GLU,Glucose,251,mg/dL,70,99,H,STAT,2024-11-12 16:59,2024-11-12 17:15,2024-11-12 18:08
LAB721525,ENC109061,PT13996,CREAT,Creatinine,1.19,mg/dL,0.6,1.3,N,STAT,2024-11-12 17:07,2024-11-12 17:38,2024-11-12 19:10
LAB721526,ENC109061,PT13996,WBC,White Blood Cell Count,6.3,K/uL,4.5,11,N,STAT,2024-11-12 17:21,2024-11-12 17:34,2024-11-12 18:24
LAB721527,ENC109061,PT13996,HGB,Hemoglobin,11,g/dL,12,17.5,L,Routine,2024-11-12 17:51,2024-11-12 18:11,2024-11-12 19:29
LAB721528,ENC109061,PT13996,NA,Sodium,129,mmol/L,136,145,L,STAT,2024-11-12 17:23,2024-11-12 17:33,2024-11-12 18:28
LAB721529,ENC109061,PT13996,K,Potassium,4.5,mmol/L,3.5,5.1,N,STAT,2024-11-12 16:56,2024-11-12 17:10,2024-11-12 17:39
LAB721530,ENC109063,PT13072,GLU,Glucose,309,mg/dL,70,99,H,STAT,2024-11-12 21:25,2024-11-12 21:33,2024-11-12 22:22
LAB721531,ENC109063,PT13072,CREAT,Creatinine,1.27,mg/dL,0.6,1.3,N,STAT,2024-11-12 20:38,2024-11-12 21:03,2024-11-12 21:49
LAB721532,ENC109063,PT13072,WBC,White Blood Cell Count,17.5,K/uL,4.5,11,H,Routine,2024-11-12 21:07,2024-11-12 21:26,2024-11-13 01:36
LAB721533,ENC109063,PT13072,HGB,Hemoglobin,13.7,g/dL,12,17.5,N,STAT,2024-11-12 20:24,2024-11-12 20:40,2024-11-12 22:01
LAB721534,ENC109063,PT13072,LACT,Lactate,2.5,mmol/L,0.5,2,H,STAT,2024-11-12 20:44,2024-11-12 21:16,2024-11-12 22:23
LAB721535,ENC109064,PT11053,GLU,Glucose,111,mg/dL,70,99,H,STAT,2024-11-12 19:47,2024-11-12 20:22,2024-11-12 21:20
LAB721536,ENC109064,PT11053,CREAT,Creatinine,1.13,mg/dL,0.6,1.3,N,Routine,2024-11-12 18:45,2024-11-12 19:11,2024-11-12 21:42
LAB721537,ENC109064,PT11053,WBC,White Blood Cell Count,5.7,K/uL,4.5,11,N,Routine,2024-11-12 19:36,2024-11-12 19:42,2024-11-12 23:55
LAB721538,ENC109064,PT11053,HGB,Hemoglobin,7.9,g/dL,12,17.5,L,STAT,2024-11-12 19:06,2024-11-12 19:24,2024-11-12 20:27
LAB721539,ENC109064,PT11053,LACT,Lactate,2.1,mmol/L,0.5,2,H,STAT,2024-11-12 18:49,2024-11-12 19:08,2024-11-12 20:10
LAB721540,ENC109064,PT11053,INR,Prothrombin Time INR,1.2,ratio,0.8,1.2,N,STAT,2024-11-12 19:08,2024-11-12 19:31,2024-11-12 20:38
LAB721541,ENC109065,PT10566,GLU,Glucose,247,mg/dL,70,99,H,STAT,2024-11-12 23:38,2024-11-12 23:44,2024-11-13 00:34
LAB721542,ENC109065,PT10566,CREAT,Creatinine,0.98,mg/dL,0.6,1.3,N,Routine,2024-11-12 23:28,2024-11-12 23:44,2024-11-13 03:06
LAB721543,ENC109065,PT10566,WBC,White Blood Cell Count,5.7,K/uL,4.5,11,N,STAT,2024-11-12 23:13,2024-11-12 23:17,2024-11-13 00:18
LAB721544,ENC109065,PT10566,HGB,Hemoglobin,13.8,g/dL,12,17.5,N,STAT,2024-11-12 23:39,2024-11-13 00:00,2024-11-13 00:59
LAB721545,ENC109067,PT13861,GLU,Glucose,102,mg/dL,70,99,H,Routine,2024-11-13 05:01,2024-11-13 05:26,2024-11-13 09:12
LAB721546,ENC109067,PT13861,CREAT,Creatinine,0.84,mg/dL,0.6,1.3,N,STAT,2024-11-13 05:00,2024-11-13 05:08,2024-11-13 05:55
LAB721547,ENC109067,PT13861,WBC,White Blood Cell Count,6.2,K/uL,4.5,11,N,STAT,2024-11-13 04:21,2024-11-13 04:52,2024-11-13 05:29
LAB721548,ENC109067,PT13861,HGB,Hemoglobin,11.5,g/dL,12,17.5,L,STAT,2024-11-13 05:07,2024-11-13 05:20,2024-11-13 06:15
LAB721549,ENC109067,PT13861,BUN,Blood Urea Nitrogen,24,mg/dL,7,20,H,Routine,2024-11-13 04:52,2024-11-13 05:00,2024-11-13 08:45
LAB721550,ENC109067,PT13861,PLT,Platelet Count,219,K/uL,150,400,N,STAT,2024-11-13 04:49,2024-11-13 05:13,2024-11-13 05:31
LAB721551,ENC109068,PT10172,GLU,Glucose,119,mg/dL,70,99,H,STAT,2024-11-13 09:52,2024-11-13 10:24,2024-11-13 11:08
LAB721552,ENC109068,PT10172,CREAT,Creatinine,0.92,mg/dL,0.6,1.3,N,STAT,2024-11-13 09:50,2024-11-13 09:57,2024-11-13 10:18
LAB721553,ENC109068,PT10172,WBC,White Blood Cell Count,7,K/uL,4.5,11,N,Routine,2024-11-13 09:34,2024-11-13 09:38,2024-11-13 16:52
LAB721554,ENC109068,PT10172,HGB,Hemoglobin,13.3,g/dL,12,17.5,N,STAT,2024-11-13 09:51,2024-11-13 10:05,2024-11-13 11:10
LAB721555,ENC109072,PT13820,GLU,Glucose,104,mg/dL,70,99,H,Routine,2024-11-13 12:46,2024-11-13 12:58,2024-11-13 14:40
LAB721556,ENC109072,PT13820,CREAT,Creatinine,0.62,mg/dL,0.6,1.3,N,STAT,2024-11-13 11:58,2024-11-13 12:26,2024-11-13 12:55
LAB721557,ENC109072,PT13820,WBC,White Blood Cell Count,6.8,K/uL,4.5,11,N,STAT,2024-11-13 12:05,2024-11-13 12:28,2024-11-13 13:28
LAB721558,ENC109072,PT13820,HGB,Hemoglobin,13.5,g/dL,12,17.5,N,STAT,2024-11-13 12:39,2024-11-13 13:03,2024-11-13 13:44
LAB721559,ENC109073,PT10591,A1C,Hemoglobin A1c,7.6,%,4,5.6,H,Routine,2024-11-13 09:34,2024-11-13 09:46,2024-11-13 19:05
LAB721560,ENC109073,PT10591,GLU,Glucose,197,mg/dL,70,99,H,Routine,2024-11-13 09:43,2024-11-13 10:10,2024-11-13 13:42
LAB721561,ENC109073,PT10591,CREAT,Creatinine,1.1,mg/dL,0.6,1.3,N,Routine,2024-11-13 09:41,2024-11-13 10:06,2024-11-13 13:49
LAB721562,ENC109074,PT10814,LDL,LDL Cholesterol,180,mg/dL,0,99,H,Routine,2024-11-13 09:45,2024-11-13 10:18,2024-11-13 21:33
LAB721563,ENC109074,PT10814,TSH,Thyroid Stimulating Hormone,0.74,mIU/L,0.4,4,N,Routine,2024-11-13 09:35,2024-11-13 09:50,2024-11-14 13:29
LAB721564,ENC109075,PT11209,GLU,Glucose,195,mg/dL,70,99,H,STAT,2024-11-13 13:44,2024-11-13 14:10,2024-11-13 14:59
LAB721565,ENC109075,PT11209,CREAT,Creatinine,0.87,mg/dL,0.6,1.3,N,STAT,2024-11-13 12:58,2024-11-13 13:09,2024-11-13 13:44
LAB721566,ENC109075,PT11209,WBC,White Blood Cell Count,7.5,K/uL,4.5,11,N,STAT,2024-11-13 12:36,2024-11-13 12:46,2024-11-13 13:16
LAB721567,ENC109075,PT11209,HGB,Hemoglobin,15.5,g/dL,12,17.5,N,STAT,2024-11-13 13:18,2024-11-13 13:39,2024-11-13 14:06
LAB721568,ENC109075,PT11209,TROP,"Troponin I, High Sensitivity",47,ng/L,0,34,H,STAT,2024-11-13 12:53,2024-11-13 13:07,2024-11-13 13:38
LAB721569,ENC109075,PT11209,BNP,B-Type Natriuretic Peptide,1426,pg/mL,0,100,H,Routine,2024-11-13 13:15,2024-11-13 13:34,2024-11-13 16:58
LAB721570,ENC109076,PT12628,A1C,Hemoglobin A1c,11.6,%,4,5.6,H,Routine,2024-11-13 10:13,2024-11-13 10:44,2024-11-13 19:49
LAB721571,ENC109076,PT12628,GLU,Glucose,232,mg/dL,70,99,H,Routine,2024-11-13 10:17,2024-11-13 10:30,2024-11-13 12:07
LAB721572,ENC109076,PT12628,CREAT,Creatinine,0.62,mg/dL,0.6,1.3,N,Routine,2024-11-13 10:16,2024-11-13 10:29,2024-11-13 14:47
LAB721573,ENC109077,PT12754,WBC,White Blood Cell Count,6.3,K/uL,4.5,11,N,Routine,2024-11-13 10:23,2024-11-13 10:42,2024-11-13 17:22
LAB721574,ENC109077,PT12754,HGB,Hemoglobin,14.8,g/dL,12,17.5,N,Routine,2024-11-13 10:15,2024-11-13 10:27,2024-11-13 19:48
LAB721575,ENC109077,PT12754,PLT,Platelet Count,372,K/uL,150,400,N,Routine,2024-11-13 10:17,2024-11-13 10:38,2024-11-13 14:15
LAB721576,ENC109081,PT11147,LDL,LDL Cholesterol,92,mg/dL,0,99,N,Routine,2024-11-13 11:22,2024-11-13 11:32,2024-11-14 06:44
LAB721577,ENC109083,PT13834,GLU,Glucose,110,mg/dL,70,99,H,STAT,2024-11-13 17:32,2024-11-13 17:43,2024-11-13 18:29
LAB721578,ENC109083,PT13834,CREAT,Creatinine,2.5,mg/dL,0.6,1.3,H,STAT,2024-11-13 16:48,2024-11-13 17:21,2024-11-13 18:08
LAB721579,ENC109083,PT13834,WBC,White Blood Cell Count,5.2,K/uL,4.5,11,N,Routine,2024-11-13 16:46,2024-11-13 17:14,2024-11-13 20:23
LAB721580,ENC109083,PT13834,HGB,Hemoglobin,14.1,g/dL,12,17.5,N,Routine,2024-11-13 16:57,2024-11-13 17:16,2024-11-13 19:36
LAB721581,ENC109083,PT13834,NA,Sodium,141,mmol/L,136,145,N,Routine,2024-11-13 17:19,2024-11-13 17:51,2024-11-13 20:58
LAB721582,ENC109083,PT13834,K,Potassium,6,mmol/L,3.5,5.1,H,STAT,2024-11-13 17:24,2024-11-13 17:41,2024-11-13 18:27
LAB721583,ENC109086,PT12045,A1C,Hemoglobin A1c,12.8,%,4,5.6,H,Routine,2024-11-13 12:24,2024-11-13 12:55,2024-11-13 17:29
LAB721584,ENC109087,PT13047,GLU,Glucose,113,mg/dL,70,99,H,Routine,2024-11-13 15:59,2024-11-13 16:34,2024-11-13 20:06
LAB721585,ENC109087,PT13047,CREAT,Creatinine,0.51,mg/dL,0.6,1.3,L,STAT,2024-11-13 15:34,2024-11-13 15:48,2024-11-13 16:09
LAB721586,ENC109087,PT13047,WBC,White Blood Cell Count,7.1,K/uL,4.5,11,N,Routine,2024-11-13 15:02,2024-11-13 15:22,2024-11-13 17:47
LAB721587,ENC109087,PT13047,HGB,Hemoglobin,15,g/dL,12,17.5,N,Routine,2024-11-13 15:49,2024-11-13 16:07,2024-11-13 19:16
LAB721588,ENC109087,PT13047,NA,Sodium,139,mmol/L,136,145,N,STAT,2024-11-13 15:38,2024-11-13 15:49,2024-11-13 16:24
LAB721589,ENC109087,PT13047,K,Potassium,4,mmol/L,3.5,5.1,N,STAT,2024-11-13 15:35,2024-11-13 15:40,2024-11-13 16:19
LAB721590,ENC109088,PT10480,GLU,Glucose,119,mg/dL,70,99,H,Routine,2024-11-13 13:47,2024-11-13 14:04,2024-11-13 19:23
LAB721591,ENC109088,PT10480,CREAT,Creatinine,0.55,mg/dL,0.6,1.3,L,STAT,2024-11-13 13:10,2024-11-13 13:32,2024-11-13 14:22
LAB721592,ENC109088,PT10480,WBC,White Blood Cell Count,10,K/uL,4.5,11,N,Routine,2024-11-13 13:50,2024-11-13 14:03,2024-11-13 18:25
LAB721593,ENC109088,PT10480,HGB,Hemoglobin,14.6,g/dL,12,17.5,N,STAT,2024-11-13 13:39,2024-11-13 13:48,2024-11-13 14:21
LAB721594,ENC109089,PT11077,A1C,Hemoglobin A1c,9.6,%,4,5.6,H,Routine,2024-11-13 13:10,2024-11-13 13:17,2024-11-13 22:10
LAB721595,ENC109090,PT12562,GLU,Glucose,141,mg/dL,70,99,H,Routine,2024-11-13 13:39,2024-11-13 13:54,2024-11-13 17:12
LAB721596,ENC109090,PT12562,CREAT,Creatinine,1.19,mg/dL,0.6,1.3,N,STAT,2024-11-13 14:22,2024-11-13 14:41,2024-11-13 15:53
LAB721597,ENC109090,PT12562,WBC,White Blood Cell Count,6.4,K/uL,4.5,11,N,STAT,2024-11-13 14:23,2024-11-13 14:44,2024-11-13 15:18
LAB721598,ENC109090,PT12562,HGB,Hemoglobin,13.3,g/dL,12,17.5,N,STAT,2024-11-13 14:02,2024-11-13 14:21,2024-11-13 15:02
LAB721599,ENC109091,PT10472,A1C,Hemoglobin A1c,12.8,%,4,5.6,H,Routine,2024-11-13 14:39,2024-11-13 14:50,2024-11-13 20:49
LAB721600,ENC109093,PT13570,WBC,White Blood Cell Count,8.5,K/uL,4.5,11,N,Routine,2024-11-13 15:15,2024-11-13 15:35,2024-11-13 18:39
LAB721601,ENC109093,PT13570,HGB,Hemoglobin,8.6,g/dL,12,17.5,L,Routine,2024-11-13 15:00,2024-11-13 15:35,2024-11-13 21:13
LAB721602,ENC109093,PT13570,PLT,Platelet Count,211,K/uL,150,400,N,Routine,2024-11-13 15:04,2024-11-13 15:29,2024-11-13 18:19
LAB721603,ENC109096,PT10357,GLU,Glucose,56,mg/dL,70,99,L,Routine,2024-11-13 21:23,2024-11-13 21:31,2024-11-13 23:54
LAB721604,ENC109096,PT10357,CREAT,Creatinine,0.91,mg/dL,0.6,1.3,N,STAT,2024-11-13 21:42,2024-11-13 22:01,2024-11-13 22:32
LAB721605,ENC109096,PT10357,WBC,White Blood Cell Count,13.5,K/uL,4.5,11,H,Routine,2024-11-13 21:15,2024-11-13 21:22,2024-11-13 23:30
LAB721606,ENC109096,PT10357,HGB,Hemoglobin,15.3,g/dL,12,17.5,N,STAT,2024-11-13 21:32,2024-11-13 21:51,2024-11-13 22:29
LAB721607,ENC109096,PT10357,NA,Sodium,138,mmol/L,136,145,N,Routine,2024-11-13 21:35,2024-11-13 21:39,2024-11-14 05:47
LAB721608,ENC109096,PT10357,K,Potassium,4.8,mmol/L,3.5,5.1,N,STAT,2024-11-13 21:57,2024-11-13 22:15,2024-11-13 22:51
LAB721609,ENC109097,PT12093,A1C,Hemoglobin A1c,8.3,%,4,5.6,H,Routine,2024-11-13 16:33,2024-11-13 16:59,2024-11-14 06:40
LAB721610,ENC109097,PT12093,GLU,Glucose,109,mg/dL,70,99,H,Routine,2024-11-13 16:45,2024-11-13 17:06,2024-11-13 20:29
LAB721611,ENC109097,PT12093,CREAT,Creatinine,0.92,mg/dL,0.6,1.3,N,Routine,2024-11-13 16:39,2024-11-13 16:59,2024-11-13 19:12
LAB721612,ENC109098,PT10260,GLU,Glucose,94,mg/dL,70,99,N,STAT,2024-11-13 16:59,2024-11-13 17:32,2024-11-13 18:11
LAB721613,ENC109098,PT10260,CREAT,Creatinine,0.82,mg/dL,0.6,1.3,N,STAT,2024-11-13 17:05,2024-11-13 17:14,2024-11-13 17:44
LAB721614,ENC109099,PT11002,GLU,Glucose,83,mg/dL,70,99,N,STAT,2024-11-13 17:16,2024-11-13 17:45,2024-11-13 18:58
LAB721615,ENC109099,PT11002,CREAT,Creatinine,0.83,mg/dL,0.6,1.3,N,STAT,2024-11-13 18:13,2024-11-13 18:46,2024-11-13 19:22
LAB721616,ENC109099,PT11002,WBC,White Blood Cell Count,8.8,K/uL,4.5,11,N,STAT,2024-11-13 17:39,2024-11-13 17:47,2024-11-13 18:23
LAB721617,ENC109100,PT12975,GLU,Glucose,70,mg/dL,70,99,N,Routine,2024-11-13 18:13,2024-11-13 18:32,2024-11-13 21:56
LAB721618,ENC109100,PT12975,CREAT,Creatinine,1.33,mg/dL,0.6,1.3,H,Routine,2024-11-13 17:56,2024-11-13 18:23,2024-11-13 19:54
LAB721619,ENC109100,PT12975,WBC,White Blood Cell Count,3,K/uL,4.5,11,L,Routine,2024-11-13 17:58,2024-11-13 18:30,2024-11-13 19:45
LAB721620,ENC109101,PT11600,GLU,Glucose,108,mg/dL,70,99,H,Routine,2024-11-13 18:48,2024-11-13 19:14,2024-11-13 21:33
LAB721621,ENC109101,PT11600,CREAT,Creatinine,0.7,mg/dL,0.6,1.3,N,STAT,2024-11-13 18:59,2024-11-13 19:33,2024-11-13 20:35
LAB721622,ENC109103,PT12298,GLU,Glucose,96,mg/dL,70,99,N,STAT,2024-11-13 22:34,2024-11-13 23:08,2024-11-13 23:52
LAB721623,ENC109103,PT12298,CREAT,Creatinine,0.67,mg/dL,0.6,1.3,N,STAT,2024-11-13 22:07,2024-11-13 22:29,2024-11-13 22:52
LAB721624,ENC109103,PT12298,WBC,White Blood Cell Count,7.7,K/uL,4.5,11,N,STAT,2024-11-13 22:57,2024-11-13 23:32,2024-11-13 23:55
LAB721625,ENC109103,PT12298,HGB,Hemoglobin,11.8,g/dL,12,17.5,L,STAT,2024-11-13 22:10,2024-11-13 22:26,2024-11-13 23:03
LAB721626,ENC109104,PT13581,GLU,Glucose,93,mg/dL,70,99,N,Routine,2024-11-14 00:48,2024-11-14 01:19,2024-11-14 04:04
LAB721627,ENC109104,PT13581,CREAT,Creatinine,0.94,mg/dL,0.6,1.3,N,STAT,2024-11-14 01:16,2024-11-14 01:33,2024-11-14 02:17
LAB721628,ENC109104,PT13581,WBC,White Blood Cell Count,8,K/uL,4.5,11,N,STAT,2024-11-14 01:46,2024-11-14 01:58,2024-11-14 02:50
LAB721629,ENC109104,PT13581,HGB,Hemoglobin,13,g/dL,12,17.5,N,Routine,2024-11-14 01:19,2024-11-14 01:42,2024-11-14 05:19
LAB721630,ENC109106,PT13698,GLU,Glucose,85,mg/dL,70,99,N,Routine,2024-11-14 10:31,2024-11-14 10:48,2024-11-14 12:45
LAB721631,ENC109106,PT13698,CREAT,Creatinine,0.87,mg/dL,0.6,1.3,N,STAT,2024-11-14 10:30,2024-11-14 10:39,2024-11-14 11:07
LAB721632,ENC109106,PT13698,WBC,White Blood Cell Count,7,K/uL,4.5,11,N,Routine,2024-11-14 10:41,2024-11-14 10:58,2024-11-14 13:25
LAB721633,ENC109106,PT13698,HGB,Hemoglobin,12.9,g/dL,12,17.5,N,STAT,2024-11-14 11:02,2024-11-14 11:19,2024-11-14 12:41
LAB721634,ENC109107,PT12581,GLU,Glucose,119,mg/dL,70,99,H,Routine,2024-11-14 11:58,2024-11-14 12:15,2024-11-14 14:12
LAB721635,ENC109107,PT12581,CREAT,Creatinine,1.22,mg/dL,0.6,1.3,N,STAT,2024-11-14 12:01,2024-11-14 12:36,2024-11-14 13:34
LAB721636,ENC109107,PT12581,WBC,White Blood Cell Count,8.9,K/uL,4.5,11,N,Routine,2024-11-14 12:12,2024-11-14 12:24,2024-11-14 17:51
LAB721637,ENC109107,PT12581,HGB,Hemoglobin,13.2,g/dL,12,17.5,N,Routine,2024-11-14 12:10,2024-11-14 12:32,2024-11-14 14:59
LAB721638,ENC109108,PT13844,GLU,Glucose,173,mg/dL,70,99,H,Routine,2024-11-14 08:23,2024-11-14 08:35,2024-11-14 10:09
LAB721639,ENC109108,PT13844,CREAT,Creatinine,2.48,mg/dL,0.6,1.3,H,STAT,2024-11-14 08:56,2024-11-14 09:04,2024-11-14 09:59
LAB721640,ENC109108,PT13844,WBC,White Blood Cell Count,7.9,K/uL,4.5,11,N,STAT,2024-11-14 08:34,2024-11-14 08:47,2024-11-14 09:51
LAB721641,ENC109108,PT13844,HGB,Hemoglobin,9.9,g/dL,12,17.5,L,STAT,2024-11-14 08:36,2024-11-14 08:44,2024-11-14 10:11
LAB721642,ENC109108,PT13844,NA,Sodium,139,mmol/L,136,145,N,STAT,2024-11-14 09:15,2024-11-14 09:38,2024-11-14 10:25
LAB721643,ENC109108,PT13844,K,Potassium,4.7,mmol/L,3.5,5.1,N,STAT,2024-11-14 08:11,2024-11-14 08:30,2024-11-14 08:49
LAB721644,ENC109108,PT13844,TROP,"Troponin I, High Sensitivity",6,ng/L,0,34,N,STAT,2024-11-14 08:47,2024-11-14 09:07,2024-11-14 11:11
LAB721645,ENC109108,PT13844,BNP,B-Type Natriuretic Peptide,1021,pg/mL,0,100,H,STAT,2024-11-14 08:12,2024-11-14 08:30,2024-11-14 09:01
LAB721646,ENC109110,PT11230,GLU,Glucose,96,mg/dL,70,99,N,Routine,2024-11-14 09:07,2024-11-14 09:42,2024-11-14 12:18
LAB721647,ENC109110,PT11230,CREAT,Creatinine,0.65,mg/dL,0.6,1.3,N,STAT,2024-11-14 08:45,2024-11-14 09:06,2024-11-14 09:44
LAB721648,ENC109110,PT11230,WBC,White Blood Cell Count,11.3,K/uL,4.5,11,H,Routine,2024-11-14 09:25,2024-11-14 09:53,2024-11-14 15:59
LAB721649,ENC109110,PT11230,HGB,Hemoglobin,15.6,g/dL,12,17.5,N,Routine,2024-11-14 08:41,2024-11-14 08:59,2024-11-14 10:56
LAB721650,ENC109111,PT11004,LDL,LDL Cholesterol,150,mg/dL,0,99,H,Routine,2024-11-14 08:52,2024-11-14 09:09,2024-11-15 03:24
LAB721651,ENC109113,PT13446,LDL,LDL Cholesterol,157,mg/dL,0,99,H,Routine,2024-11-14 09:36,2024-11-14 10:03,2024-11-15 23:12
LAB721652,ENC109113,PT13446,A1C,Hemoglobin A1c,6.9,%,4,5.6,H,Routine,2024-11-14 09:48,2024-11-14 09:59,2024-11-16 11:59
LAB721653,ENC109113,PT13446,TSH,Thyroid Stimulating Hormone,1.36,mIU/L,0.4,4,N,Routine,2024-11-14 09:52,2024-11-14 10:24,2024-11-14 19:36
LAB721654,ENC109119,PT12499,A1C,Hemoglobin A1c,5.3,%,4,5.6,N,Routine,2024-11-14 11:23,2024-11-14 11:34,2024-11-15 04:46
LAB721655,ENC109124,PT12991,GLU,Glucose,74,mg/dL,70,99,N,STAT,2024-11-14 15:05,2024-11-14 15:27,2024-11-14 15:54
LAB721656,ENC109124,PT12991,CREAT,Creatinine,1.05,mg/dL,0.6,1.3,N,Routine,2024-11-14 15:00,2024-11-14 15:25,2024-11-14 17:51
LAB721657,ENC109124,PT12991,WBC,White Blood Cell Count,6.4,K/uL,4.5,11,N,STAT,2024-11-14 15:39,2024-11-14 16:13,2024-11-14 16:32
LAB721658,ENC109124,PT12991,HGB,Hemoglobin,15.6,g/dL,12,17.5,N,STAT,2024-11-14 15:11,2024-11-14 15:25,2024-11-14 15:55
LAB721659,ENC109126,PT11034,LDL,LDL Cholesterol,113,mg/dL,0,99,H,Routine,2024-11-14 12:58,2024-11-14 13:21,2024-11-15 08:15
LAB721660,ENC109126,PT11034,A1C,Hemoglobin A1c,5.4,%,4,5.6,N,Routine,2024-11-14 13:07,2024-11-14 13:18,2024-11-15 09:06
LAB721661,ENC109128,PT10952,GLU,Glucose,116,mg/dL,70,99,H,STAT,2024-11-14 14:18,2024-11-14 14:52,2024-11-14 15:22
LAB721662,ENC109128,PT10952,CREAT,Creatinine,1,mg/dL,0.6,1.3,N,Routine,2024-11-14 13:45,2024-11-14 14:10,2024-11-14 16:14
LAB721663,ENC109128,PT10952,WBC,White Blood Cell Count,7.5,K/uL,4.5,11,N,Routine,2024-11-14 13:25,2024-11-14 13:45,2024-11-14 16:20
LAB721664,ENC109129,PT11713,WBC,White Blood Cell Count,5.6,K/uL,4.5,11,N,Routine,2024-11-14 13:27,2024-11-14 13:44,2024-11-14 15:38
LAB721665,ENC109129,PT11713,HGB,Hemoglobin,10.8,g/dL,12,17.5,L,Routine,2024-11-14 13:34,2024-11-14 13:40,2024-11-14 17:58
LAB721666,ENC109129,PT11713,PLT,Platelet Count,258,K/uL,150,400,N,Routine,2024-11-14 13:32,2024-11-14 14:00,2024-11-14 17:38
LAB721667,ENC109132,PT10603,GLU,Glucose,80,mg/dL,70,99,N,Routine,2024-11-14 15:32,2024-11-14 15:52,2024-11-14 20:10
LAB721668,ENC109132,PT10603,CREAT,Creatinine,0.79,mg/dL,0.6,1.3,N,STAT,2024-11-14 15:38,2024-11-14 15:57,2024-11-14 16:39
LAB721669,ENC109134,PT10772,GLU,Glucose,131,mg/dL,70,99,H,STAT,2024-11-14 17:58,2024-11-14 18:29,2024-11-14 19:06
LAB721670,ENC109134,PT10772,CREAT,Creatinine,1.96,mg/dL,0.6,1.3,H,STAT,2024-11-14 18:29,2024-11-14 18:50,2024-11-14 19:37
LAB721671,ENC109134,PT10772,WBC,White Blood Cell Count,7.8,K/uL,4.5,11,N,STAT,2024-11-14 18:15,2024-11-14 18:29,2024-11-14 19:37
LAB721672,ENC109134,PT10772,HGB,Hemoglobin,10.1,g/dL,12,17.5,L,STAT,2024-11-14 17:47,2024-11-14 18:12,2024-11-14 18:56
LAB721673,ENC109134,PT10772,INR,Prothrombin Time INR,0.9,ratio,0.8,1.2,N,Routine,2024-11-14 18:38,2024-11-14 18:56,2024-11-14 21:21
LAB721674,ENC109135,PT11773,GLU,Glucose,319,mg/dL,70,99,H,STAT,2024-11-14 16:17,2024-11-14 16:48,2024-11-14 17:32
LAB721675,ENC109135,PT11773,CREAT,Creatinine,1.09,mg/dL,0.6,1.3,N,STAT,2024-11-14 15:56,2024-11-14 16:22,2024-11-14 17:18
LAB721676,ENC109136,PT11495,GLU,Glucose,145,mg/dL,70,99,H,STAT,2024-11-14 18:48,2024-11-14 18:53,2024-11-14 19:26
LAB721677,ENC109136,PT11495,CREAT,Creatinine,1.41,mg/dL,0.6,1.3,H,Routine,2024-11-14 19:30,2024-11-14 19:39,2024-11-14 21:56
LAB721678,ENC109136,PT11495,WBC,White Blood Cell Count,21,K/uL,4.5,11,H,STAT,2024-11-14 19:23,2024-11-14 19:27,2024-11-14 20:21
LAB721679,ENC109136,PT11495,HGB,Hemoglobin,12.3,g/dL,12,17.5,N,Routine,2024-11-14 18:49,2024-11-14 19:04,2024-11-15 00:08
LAB721680,ENC109136,PT11495,LACT,Lactate,2.4,mmol/L,0.5,2,H,STAT,2024-11-14 19:01,2024-11-14 19:36,2024-11-14 20:09
LAB721681,ENC109138,PT12033,WBC,White Blood Cell Count,9.6,K/uL,4.5,11,N,Routine,2024-11-14 16:07,2024-11-14 16:39,2024-11-14 19:25
LAB721682,ENC109138,PT12033,HGB,Hemoglobin,8.8,g/dL,12,17.5,L,Routine,2024-11-14 16:08,2024-11-14 16:20,2024-11-14 18:21
LAB721683,ENC109138,PT12033,PLT,Platelet Count,290,K/uL,150,400,N,Routine,2024-11-14 16:15,2024-11-14 16:29,2024-11-14 17:41
LAB721684,ENC109141,PT10345,GLU,Glucose,120,mg/dL,70,99,H,STAT,2024-11-14 18:13,2024-11-14 18:38,2024-11-14 19:11
LAB721685,ENC109141,PT10345,CREAT,Creatinine,0.8,mg/dL,0.6,1.3,N,STAT,2024-11-14 18:21,2024-11-14 18:35,2024-11-14 19:07
LAB721686,ENC109143,PT10736,GLU,Glucose,83,mg/dL,70,99,N,STAT,2024-11-14 19:31,2024-11-14 20:06,2024-11-14 20:37
LAB721687,ENC109143,PT10736,CREAT,Creatinine,0.76,mg/dL,0.6,1.3,N,STAT,2024-11-14 19:38,2024-11-14 19:43,2024-11-14 21:03
LAB721688,ENC109143,PT10736,WBC,White Blood Cell Count,6.8,K/uL,4.5,11,N,Routine,2024-11-14 19:52,2024-11-14 19:59,2024-11-15 02:02
LAB721689,ENC109143,PT10736,HGB,Hemoglobin,13.6,g/dL,12,17.5,N,STAT,2024-11-14 20:02,2024-11-14 20:36,2024-11-14 21:37
LAB721690,ENC109145,PT10352,GLU,Glucose,138,mg/dL,70,99,H,STAT,2024-11-14 21:12,2024-11-14 21:40,2024-11-14 23:14
LAB721691,ENC109145,PT10352,CREAT,Creatinine,0.97,mg/dL,0.6,1.3,N,Routine,2024-11-14 20:48,2024-11-14 21:06,2024-11-15 00:26
LAB721692,ENC109145,PT10352,WBC,White Blood Cell Count,19.8,K/uL,4.5,11,H,Routine,2024-11-14 20:34,2024-11-14 20:42,2024-11-15 00:55
LAB721693,ENC109145,PT10352,HGB,Hemoglobin,13,g/dL,12,17.5,N,Routine,2024-11-14 21:12,2024-11-14 21:41,2024-11-15 08:26
LAB721694,ENC109146,PT10232,GLU,Glucose,104,mg/dL,70,99,H,STAT,2024-11-15 02:22,2024-11-15 02:48,2024-11-15 03:23
LAB721695,ENC109146,PT10232,CREAT,Creatinine,0.45,mg/dL,0.6,1.3,L,STAT,2024-11-15 02:21,2024-11-15 02:44,2024-11-15 03:46
LAB721696,ENC109146,PT10232,WBC,White Blood Cell Count,10.2,K/uL,4.5,11,N,STAT,2024-11-15 02:04,2024-11-15 02:39,2024-11-15 03:05
LAB721697,ENC109146,PT10232,HGB,Hemoglobin,12.8,g/dL,12,17.5,N,STAT,2024-11-15 01:54,2024-11-15 02:04,2024-11-15 02:43
LAB721698,ENC109147,PT12226,GLU,Glucose,89,mg/dL,70,99,N,STAT,2024-11-14 22:56,2024-11-14 23:07,2024-11-14 23:28
LAB721699,ENC109147,PT12226,CREAT,Creatinine,1.06,mg/dL,0.6,1.3,N,STAT,2024-11-14 23:06,2024-11-14 23:27,2024-11-15 00:03
LAB721700,ENC109147,PT12226,WBC,White Blood Cell Count,8.7,K/uL,4.5,11,N,Routine,2024-11-14 22:28,2024-11-14 22:56,2024-11-15 00:48
LAB721701,ENC109147,PT12226,HGB,Hemoglobin,12.5,g/dL,12,17.5,N,Routine,2024-11-14 22:28,2024-11-14 22:44,2024-11-15 01:07
LAB721702,ENC109147,PT12226,INR,Prothrombin Time INR,1.1,ratio,0.8,1.2,N,Routine,2024-11-14 23:01,2024-11-14 23:08,2024-11-15 02:34
LAB721703,ENC109148,PT13836,GLU,Glucose,111,mg/dL,70,99,H,STAT,2024-11-15 01:00,2024-11-15 01:29,2024-11-15 02:14
LAB721704,ENC109148,PT13836,CREAT,Creatinine,1.35,mg/dL,0.6,1.3,H,Routine,2024-11-15 00:57,2024-11-15 01:10,2024-11-15 03:53
LAB721705,ENC109148,PT13836,WBC,White Blood Cell Count,9.6,K/uL,4.5,11,N,Routine,2024-11-15 01:19,2024-11-15 01:53,2024-11-15 04:10
LAB721706,ENC109148,PT13836,HGB,Hemoglobin,12.5,g/dL,12,17.5,N,STAT,2024-11-15 00:36,2024-11-15 00:50,2024-11-15 01:17
LAB721707,ENC109148,PT13836,BUN,Blood Urea Nitrogen,0,mg/dL,7,20,L,STAT,2024-11-15 01:11,2024-11-15 01:35,2024-11-15 02:25
LAB721708,ENC109148,PT13836,PLT,Platelet Count,268,K/uL,150,400,N,STAT,2024-11-15 01:29,2024-11-15 01:33,2024-11-15 02:23
LAB721709,ENC109150,PT10841,GLU,Glucose,105,mg/dL,70,99,H,STAT,2024-11-15 03:41,2024-11-15 03:46,2024-11-15 05:18
LAB721710,ENC109150,PT10841,CREAT,Creatinine,0.97,mg/dL,0.6,1.3,N,STAT,2024-11-15 04:01,2024-11-15 04:31,2024-11-15 04:55
LAB721711,ENC109150,PT10841,WBC,White Blood Cell Count,9.9,K/uL,4.5,11,N,Routine,2024-11-15 03:30,2024-11-15 03:43,2024-11-15 06:39
LAB721712,ENC109151,PT12998,GLU,Glucose,97,mg/dL,70,99,N,STAT,2024-11-15 06:58,2024-11-15 07:13,2024-11-15 08:04
LAB721713,ENC109151,PT12998,CREAT,Creatinine,1.02,mg/dL,0.6,1.3,N,STAT,2024-11-15 07:51,2024-11-15 07:55,2024-11-15 09:36
LAB721714,ENC109151,PT12998,WBC,White Blood Cell Count,7.8,K/uL,4.5,11,N,Routine,2024-11-15 07:53,2024-11-15 08:12,2024-11-15 12:25
LAB721715,ENC109151,PT12998,HGB,Hemoglobin,13.4,g/dL,12,17.5,N,Routine,2024-11-15 07:23,2024-11-15 07:29,2024-11-15 08:56
LAB721716,ENC109151,PT12998,NA,Sodium,135,mmol/L,136,145,L,Routine,2024-11-15 07:09,2024-11-15 07:22,2024-11-15 09:28
LAB721717,ENC109151,PT12998,K,Potassium,4.3,mmol/L,3.5,5.1,N,STAT,2024-11-15 07:24,2024-11-15 07:36,2024-11-15 08:24
LAB721718,ENC109155,PT13032,WBC,White Blood Cell Count,8.3,K/uL,4.5,11,N,Routine,2024-11-15 09:11,2024-11-15 09:26,2024-11-15 16:18
LAB721719,ENC109155,PT13032,HGB,Hemoglobin,13.8,g/dL,12,17.5,N,Routine,2024-11-15 08:53,2024-11-15 09:05,2024-11-15 10:36
LAB721720,ENC109155,PT13032,PLT,Platelet Count,180,K/uL,150,400,N,Routine,2024-11-15 09:06,2024-11-15 09:23,2024-11-15 12:47
LAB721721,ENC109156,PT13815,WBC,White Blood Cell Count,5.6,K/uL,4.5,11,N,Routine,2024-11-15 09:09,2024-11-15 09:37,2024-11-15 12:26
LAB721722,ENC109156,PT13815,HGB,Hemoglobin,12.1,g/dL,12,17.5,N,Routine,2024-11-15 09:30,2024-11-15 10:01,2024-11-15 11:13
LAB721723,ENC109156,PT13815,PLT,Platelet Count,207,K/uL,150,400,N,Routine,2024-11-15 09:22,2024-11-15 09:34,2024-11-15 11:23
LAB721724,ENC109157,PT13728,GLU,Glucose,115,mg/dL,70,99,H,Routine,2024-11-15 12:16,2024-11-15 12:32,2024-11-15 15:17
LAB721725,ENC109157,PT13728,CREAT,Creatinine,1.04,mg/dL,0.6,1.3,N,STAT,2024-11-15 12:48,2024-11-15 13:23,2024-11-15 14:05
LAB721726,ENC109157,PT13728,WBC,White Blood Cell Count,10.1,K/uL,4.5,11,N,Routine,2024-11-15 12:35,2024-11-15 12:39,2024-11-15 13:41
LAB721727,ENC109157,PT13728,HGB,Hemoglobin,14.9,g/dL,12,17.5,N,Routine,2024-11-15 13:03,2024-11-15 13:11,2024-11-15 16:15
LAB721728,ENC109157,PT13728,NA,Sodium,141,mmol/L,136,145,N,Routine,2024-11-15 13:21,2024-11-15 13:28,2024-11-15 19:57
LAB721729,ENC109157,PT13728,K,Potassium,4.5,mmol/L,3.5,5.1,N,STAT,2024-11-15 12:42,2024-11-15 12:46,2024-11-15 13:10
LAB721730,ENC109157,PT13728,BUN,Blood Urea Nitrogen,8,mg/dL,7,20,N,Routine,2024-11-15 12:48,2024-11-15 12:59,2024-11-15 16:31
LAB721731,ENC109157,PT13728,PLT,Platelet Count,305,K/uL,150,400,N,STAT,2024-11-15 12:54,2024-11-15 13:01,2024-11-15 14:19
LAB721732,ENC109159,PT13964,LDL,LDL Cholesterol,132,mg/dL,0,99,H,Routine,2024-11-15 09:33,2024-11-15 09:44,2024-11-16 04:39
LAB721733,ENC109160,PT13629,GLU,Glucose,154,mg/dL,70,99,H,STAT,2024-11-15 13:45,2024-11-15 14:09,2024-11-15 14:48
LAB721734,ENC109160,PT13629,CREAT,Creatinine,0.83,mg/dL,0.6,1.3,N,STAT,2024-11-15 13:46,2024-11-15 13:51,2024-11-15 14:29
LAB721735,ENC109160,PT13629,WBC,White Blood Cell Count,8.6,K/uL,4.5,11,N,STAT,2024-11-15 14:02,2024-11-15 14:32,2024-11-15 15:22
LAB721736,ENC109160,PT13629,HGB,Hemoglobin,10.4,g/dL,12,17.5,L,STAT,2024-11-15 13:59,2024-11-15 14:33,2024-11-15 16:00
LAB721737,ENC109160,PT13629,TROP,"Troponin I, High Sensitivity",6,ng/L,0,34,N,STAT,2024-11-15 13:13,2024-11-15 13:33,2024-11-15 14:20
LAB721738,ENC109160,PT13629,BNP,B-Type Natriuretic Peptide,552,pg/mL,0,100,H,STAT,2024-11-15 14:14,2024-11-15 14:38,2024-11-15 15:12
LAB721739,ENC109164,PT13511,GLU,Glucose,67,mg/dL,70,99,L,Routine,2024-11-15 11:01,2024-11-15 11:34,2024-11-15 16:32
LAB721740,ENC109164,PT13511,CREAT,Creatinine,0.52,mg/dL,0.6,1.3,L,Routine,2024-11-15 11:32,2024-11-15 12:05,2024-11-15 16:51
LAB721741,ENC109164,PT13511,WBC,White Blood Cell Count,4.4,K/uL,4.5,11,L,Routine,2024-11-15 11:40,2024-11-15 12:12,2024-11-15 19:36
LAB721742,ENC109164,PT13511,HGB,Hemoglobin,10.6,g/dL,12,17.5,L,Routine,2024-11-15 11:56,2024-11-15 12:31,2024-11-15 15:08
LAB721743,ENC109165,PT10306,GLU,Glucose,107,mg/dL,70,99,H,STAT,2024-11-15 16:40,2024-11-15 17:02,2024-11-15 17:44
LAB721744,ENC109165,PT10306,CREAT,Creatinine,1.06,mg/dL,0.6,1.3,N,STAT,2024-11-15 16:16,2024-11-15 16:25,2024-11-15 16:53
LAB721745,ENC109165,PT10306,WBC,White Blood Cell Count,5.6,K/uL,4.5,11,N,Routine,2024-11-15 16:06,2024-11-15 16:35,2024-11-15 19:36
LAB721746,ENC109165,PT10306,HGB,Hemoglobin,13,g/dL,12,17.5,N,Routine,2024-11-15 15:46,2024-11-15 16:21,2024-11-15 17:51
LAB721747,ENC109165,PT10306,BUN,Blood Urea Nitrogen,17,mg/dL,7,20,N,STAT,2024-11-15 15:42,2024-11-15 16:14,2024-11-15 16:50
LAB721748,ENC109165,PT10306,PLT,Platelet Count,295,K/uL,150,400,N,STAT,2024-11-15 16:40,2024-11-15 16:52,2024-11-15 17:18
LAB721749,ENC109165,PT10306,INR,Prothrombin Time INR,1,ratio,0.8,1.2,N,STAT,2024-11-15 16:16,2024-11-15 16:25,2024-11-15 17:49
LAB721750,ENC109166,PT10734,LDL,LDL Cholesterol,9,mg/dL,0,99,N,Routine,2024-11-15 12:07,2024-11-15 12:12,2024-11-16 04:53
LAB721751,ENC109167,PT13190,GLU,Glucose,119,mg/dL,70,99,H,Routine,2024-11-15 15:18,2024-11-15 15:23,2024-11-15 17:55
LAB721752,ENC109167,PT13190,CREAT,Creatinine,0.76,mg/dL,0.6,1.3,N,Routine,2024-11-15 15:11,2024-11-15 15:43,2024-11-15 17:49
LAB721753,ENC109167,PT13190,WBC,White Blood Cell Count,7.6,K/uL,4.5,11,N,STAT,2024-11-15 14:48,2024-11-15 15:10,2024-11-15 15:36
LAB721754,ENC109167,PT13190,HGB,Hemoglobin,12.5,g/dL,12,17.5,N,STAT,2024-11-15 15:44,2024-11-15 16:09,2024-11-15 16:38
LAB721755,ENC109170,PT13532,GLU,Glucose,99,mg/dL,70,99,N,Routine,2024-11-15 13:51,2024-11-15 14:07,2024-11-15 16:10
LAB721756,ENC109170,PT13532,CREAT,Creatinine,0.84,mg/dL,0.6,1.3,N,STAT,2024-11-15 14:26,2024-11-15 14:37,2024-11-15 15:22
LAB721757,ENC109170,PT13532,WBC,White Blood Cell Count,1.5,K/uL,4.5,11,L,STAT,2024-11-15 14:16,2024-11-15 14:20,2024-11-15 14:48
LAB721758,ENC109170,PT13532,HGB,Hemoglobin,16.9,g/dL,12,17.5,N,STAT,2024-11-15 14:31,2024-11-15 15:01,2024-11-15 15:58
LAB721759,ENC109170,PT13532,TROP,"Troponin I, High Sensitivity",14,ng/L,0,34,N,STAT,2024-11-15 14:20,2024-11-15 14:41,2024-11-15 15:50
LAB721760,ENC109171,PT12277,GLU,Glucose,88,mg/dL,70,99,N,STAT,2024-11-15 14:06,2024-11-15 14:22,2024-11-15 14:52
LAB721761,ENC109171,PT12277,CREAT,Creatinine,1.98,mg/dL,0.6,1.3,H,STAT,2024-11-15 14:20,2024-11-15 14:37,2024-11-15 15:37
LAB721762,ENC109171,PT12277,WBC,White Blood Cell Count,7.2,K/uL,4.5,11,N,STAT,2024-11-15 14:35,2024-11-15 15:09,2024-11-15 16:34
LAB721763,ENC109171,PT12277,HGB,Hemoglobin,10.6,g/dL,12,17.5,L,Routine,2024-11-15 14:29,2024-11-15 14:53,2024-11-15 16:15
LAB721764,ENC109171,PT12277,NA,Sodium,137,mmol/L,136,145,N,STAT,2024-11-15 14:38,2024-11-15 14:52,2024-11-15 15:30
LAB721765,ENC109171,PT12277,K,Potassium,3.8,mmol/L,3.5,5.1,N,STAT,2024-11-15 14:41,2024-11-15 15:11,2024-11-15 15:30
LAB721766,ENC109172,PT13910,GLU,Glucose,109,mg/dL,70,99,H,STAT,2024-11-15 18:58,2024-11-15 19:27,2024-11-15 20:09
LAB721767,ENC109172,PT13910,CREAT,Creatinine,0.8,mg/dL,0.6,1.3,N,STAT,2024-11-15 19:26,2024-11-15 19:45,2024-11-15 20:13
LAB721768,ENC109172,PT13910,WBC,White Blood Cell Count,6.9,K/uL,4.5,11,N,STAT,2024-11-15 19:29,2024-11-15 19:46,2024-11-15 20:41
LAB721769,ENC109172,PT13910,HGB,Hemoglobin,15.8,g/dL,12,17.5,N,STAT,2024-11-15 19:28,2024-11-15 19:59,2024-11-15 20:28
LAB721770,ENC109172,PT13910,INR,Prothrombin Time INR,1.1,ratio,0.8,1.2,N,STAT,2024-11-15 19:09,2024-11-15 19:44,2024-11-15 21:59
LAB721771,ENC109173,PT13014,GLU,Glucose,103,mg/dL,70,99,H,STAT,2024-11-15 15:13,2024-11-15 15:36,2024-11-15 16:59
LAB721772,ENC109173,PT13014,CREAT,Creatinine,0.84,mg/dL,0.6,1.3,N,Routine,2024-11-15 15:27,2024-11-15 15:35,2024-11-15 19:43
LAB721773,ENC109173,PT13014,TROP,"Troponin I, High Sensitivity",90,ng/L,0,34,H,STAT,2024-11-15 15:52,2024-11-15 16:22,2024-11-15 17:10
LAB721774,ENC109173,PT13014,BNP,B-Type Natriuretic Peptide,1321,pg/mL,0,100,H,STAT,2024-11-15 15:07,2024-11-15 15:25,2024-11-15 15:56
LAB721775,ENC109174,PT10701,GLU,Glucose,114,mg/dL,70,99,H,Routine,2024-11-15 15:57,2024-11-15 16:20,2024-11-15 20:23
LAB721776,ENC109174,PT10701,CREAT,Creatinine,0.96,mg/dL,0.6,1.3,N,Routine,2024-11-15 16:09,2024-11-15 16:34,2024-11-15 19:52
LAB721777,ENC109175,PT12770,GLU,Glucose,91,mg/dL,70,99,N,STAT,2024-11-15 15:34,2024-11-15 15:54,2024-11-15 16:25
LAB721778,ENC109175,PT12770,CREAT,Creatinine,1.02,mg/dL,0.6,1.3,N,STAT,2024-11-15 16:10,2024-11-15 16:45,2024-11-15 17:20
LAB721779,ENC109175,PT12770,WBC,White Blood Cell Count,9.1,K/uL,4.5,11,N,STAT,2024-11-15 16:25,2024-11-15 16:51,2024-11-15 17:53
LAB721780,ENC109175,PT12770,HGB,Hemoglobin,14.9,g/dL,12,17.5,N,STAT,2024-11-15 16:41,2024-11-15 17:10,2024-11-15 17:31
LAB721781,ENC109177,PT13479,GLU,Glucose,80,mg/dL,70,99,N,Routine,2024-11-15 20:12,2024-11-15 20:17,2024-11-16 00:07
LAB721782,ENC109177,PT13479,CREAT,Creatinine,0.69,mg/dL,0.6,1.3,N,STAT,2024-11-15 20:21,2024-11-15 20:28,2024-11-15 21:38
LAB721783,ENC109177,PT13479,WBC,White Blood Cell Count,10.6,K/uL,4.5,11,N,Routine,2024-11-15 20:04,2024-11-15 20:18,2024-11-16 00:43
LAB721784,ENC109177,PT13479,HGB,Hemoglobin,12.4,g/dL,12,17.5,N,STAT,2024-11-15 20:28,2024-11-15 20:46,2024-11-15 21:07
LAB721785,ENC109178,PT11176,LDL,LDL Cholesterol,119,mg/dL,0,99,H,Routine,2024-11-15 16:20,2024-11-15 16:55,2024-11-16 10:40
LAB721786,ENC109178,PT11176,A1C,Hemoglobin A1c,5.5,%,4,5.6,N,Routine,2024-11-15 16:27,2024-11-15 16:45,2024-11-16 06:03
LAB721787,ENC109179,PT13088,GLU,Glucose,288,mg/dL,70,99,H,STAT,2024-11-15 18:08,2024-11-15 18:23,2024-11-15 19:11
LAB721788,ENC109179,PT13088,CREAT,Creatinine,0.67,mg/dL,0.6,1.3,N,STAT,2024-11-15 18:02,2024-11-15 18:30,2024-11-15 19:09
LAB721789,ENC109179,PT13088,WBC,White Blood Cell Count,4.6,K/uL,4.5,11,N,STAT,2024-11-15 17:51,2024-11-15 17:55,2024-11-15 18:41
LAB721790,ENC109179,PT13088,HGB,Hemoglobin,13.2,g/dL,12,17.5,N,STAT,2024-11-15 18:08,2024-11-15 18:26,2024-11-15 19:27
LAB721791,ENC109179,PT13088,TROP,"Troponin I, High Sensitivity",254,ng/L,0,34,H,STAT,2024-11-15 18:22,2024-11-15 18:46,2024-11-15 19:16
LAB721792,ENC109180,PT12958,GLU,Glucose,120,mg/dL,70,99,H,Routine,2024-11-15 22:50,2024-11-15 23:03,2024-11-16 03:11
LAB721793,ENC109180,PT12958,CREAT,Creatinine,1.24,mg/dL,0.6,1.3,N,STAT,2024-11-15 22:15,2024-11-15 22:42,2024-11-15 23:37
LAB721794,ENC109180,PT12958,WBC,White Blood Cell Count,6,K/uL,4.5,11,N,STAT,2024-11-15 22:17,2024-11-15 22:30,2024-11-15 23:07
LAB721795,ENC109180,PT12958,HGB,Hemoglobin,13.4,g/dL,12,17.5,N,STAT,2024-11-15 22:50,2024-11-15 22:56,2024-11-16 00:09
LAB721796,ENC109180,PT12958,TROP,"Troponin I, High Sensitivity",10,ng/L,0,34,N,STAT,2024-11-15 22:51,2024-11-15 23:03,2024-11-15 23:58
LAB721797,ENC109180,PT12958,BNP,B-Type Natriuretic Peptide,976,pg/mL,0,100,H,Routine,2024-11-15 22:05,2024-11-15 22:30,2024-11-16 00:15
LAB721798,ENC109181,PT13716,GLU,Glucose,117,mg/dL,70,99,H,Routine,2024-11-15 19:27,2024-11-15 19:45,2024-11-16 02:34
LAB721799,ENC109181,PT13716,CREAT,Creatinine,0.54,mg/dL,0.6,1.3,L,STAT,2024-11-15 18:35,2024-11-15 19:05,2024-11-15 21:02
LAB721800,ENC109181,PT13716,WBC,White Blood Cell Count,7.5,K/uL,4.5,11,N,STAT,2024-11-15 19:21,2024-11-15 19:46,2024-11-15 20:09
LAB721801,ENC109181,PT13716,HGB,Hemoglobin,12.8,g/dL,12,17.5,N,STAT,2024-11-15 19:06,2024-11-15 19:38,2024-11-15 20:23
LAB721802,ENC109185,PT12822,GLU,Glucose,103,mg/dL,70,99,H,Routine,2024-11-15 22:57,2024-11-15 23:05,2024-11-16 01:14
LAB721803,ENC109185,PT12822,CREAT,Creatinine,0.97,mg/dL,0.6,1.3,N,Routine,2024-11-16 00:01,2024-11-16 00:20,2024-11-16 01:48
LAB721804,ENC109185,PT12822,WBC,White Blood Cell Count,8.8,K/uL,4.5,11,N,STAT,2024-11-15 23:03,2024-11-15 23:35,2024-11-16 00:26
LAB721805,ENC109185,PT12822,HGB,Hemoglobin,14.8,g/dL,12,17.5,N,STAT,2024-11-16 00:04,2024-11-16 00:18,2024-11-16 00:53
LAB721806,ENC109186,PT12043,GLU,Glucose,71,mg/dL,70,99,N,Routine,2024-11-16 01:08,2024-11-16 01:32,2024-11-16 05:46
LAB721807,ENC109186,PT12043,CREAT,Creatinine,0.96,mg/dL,0.6,1.3,N,STAT,2024-11-16 01:36,2024-11-16 01:56,2024-11-16 02:28
LAB721808,ENC109186,PT12043,WBC,White Blood Cell Count,4.9,K/uL,4.5,11,N,Routine,2024-11-16 00:59,2024-11-16 01:20,2024-11-16 07:40
LAB721809,ENC109186,PT12043,HGB,Hemoglobin,13,g/dL,12,17.5,N,STAT,2024-11-16 00:40,2024-11-16 00:51,2024-11-16 01:30
LAB721810,ENC109186,PT12043,NA,Sodium,121,mmol/L,136,145,L,STAT,2024-11-16 00:59,2024-11-16 01:07,2024-11-16 01:55
LAB721811,ENC109186,PT12043,K,Potassium,4.1,mmol/L,3.5,5.1,N,STAT,2024-11-16 00:33,2024-11-16 00:44,2024-11-16 01:33
LAB721812,ENC109186,PT12043,BUN,Blood Urea Nitrogen,15,mg/dL,7,20,N,STAT,2024-11-16 00:38,2024-11-16 00:48,2024-11-16 01:36
LAB721813,ENC109186,PT12043,PLT,Platelet Count,341,K/uL,150,400,N,Routine,2024-11-16 00:28,2024-11-16 00:59,2024-11-16 07:57
LAB721814,ENC109188,PT12299,GLU,Glucose,128,mg/dL,70,99,H,Routine,2024-11-16 00:44,2024-11-16 00:58,2024-11-16 05:29
LAB721815,ENC109188,PT12299,CREAT,Creatinine,2.43,mg/dL,0.6,1.3,H,Routine,2024-11-16 01:03,2024-11-16 01:29,2024-11-16 03:21
LAB721816,ENC109188,PT12299,WBC,White Blood Cell Count,20.3,K/uL,4.5,11,H,STAT,2024-11-16 01:31,2024-11-16 01:37,2024-11-16 02:27
LAB721817,ENC109188,PT12299,HGB,Hemoglobin,11.1,g/dL,12,17.5,L,STAT,2024-11-16 01:09,2024-11-16 01:43,2024-11-16 02:31
LAB721818,ENC109188,PT12299,BUN,Blood Urea Nitrogen,12,mg/dL,7,20,N,Routine,2024-11-16 00:48,2024-11-16 01:00,2024-11-16 04:52
LAB721819,ENC109188,PT12299,PLT,Platelet Count,364,K/uL,150,400,N,Routine,2024-11-16 00:37,2024-11-16 00:41,2024-11-16 12:31
LAB721820,ENC109188,PT12299,LACT,Lactate,7.7,mmol/L,0.5,2,HH,STAT,2024-11-16 00:44,2024-11-16 00:55,2024-11-16 01:40
LAB721821,ENC109190,PT12323,GLU,Glucose,127,mg/dL,70,99,H,STAT,2024-11-16 02:14,2024-11-16 02:40,2024-11-16 03:17
LAB721822,ENC109190,PT12323,CREAT,Creatinine,0.39,mg/dL,0.6,1.3,L,Routine,2024-11-16 02:46,2024-11-16 03:21,2024-11-16 04:44
LAB721823,ENC109190,PT12323,WBC,White Blood Cell Count,8.8,K/uL,4.5,11,N,Routine,2024-11-16 02:58,2024-11-16 03:30,2024-11-16 05:25
LAB721824,ENC109190,PT12323,HGB,Hemoglobin,12.4,g/dL,12,17.5,N,STAT,2024-11-16 03:11,2024-11-16 03:27,2024-11-16 04:44
LAB721825,ENC109191,PT11724,TROP,"Troponin I, High Sensitivity",4,ng/L,0,34,N,STAT,2024-11-16 01:15,2024-11-16 01:39,2024-11-16 02:29
LAB721826,ENC109192,PT10972,GLU,Glucose,83,mg/dL,70,99,N,STAT,2024-11-16 08:33,2024-11-16 08:52,2024-11-16 09:56
LAB721827,ENC109192,PT10972,CREAT,Creatinine,0.31,mg/dL,0.6,1.3,L,STAT,2024-11-16 08:42,2024-11-16 09:13,2024-11-16 10:37
LAB721828,ENC109192,PT10972,WBC,White Blood Cell Count,9.1,K/uL,4.5,11,N,Routine,2024-11-16 08:54,2024-11-16 09:00,2024-11-16 10:58
LAB721829,ENC109192,PT10972,HGB,Hemoglobin,12.5,g/dL,12,17.5,N,STAT,2024-11-16 08:41,2024-11-16 09:04,2024-11-16 09:42
LAB721830,ENC109193,PT11436,GLU,Glucose,189,mg/dL,70,99,H,Routine,2024-11-16 06:36,2024-11-16 07:05,2024-11-16 08:50
LAB721831,ENC109193,PT11436,CREAT,Creatinine,1.07,mg/dL,0.6,1.3,N,Routine,2024-11-16 06:25,2024-11-16 06:29,2024-11-16 08:04
LAB721832,ENC109194,PT10690,GLU,Glucose,107,mg/dL,70,99,H,STAT,2024-11-16 07:05,2024-11-16 07:34,2024-11-16 08:21
LAB721833,ENC109194,PT10690,CREAT,Creatinine,0.94,mg/dL,0.6,1.3,N,STAT,2024-11-16 07:12,2024-11-16 07:26,2024-11-16 08:17
LAB721834,ENC109194,PT10690,WBC,White Blood Cell Count,5.6,K/uL,4.5,11,N,STAT,2024-11-16 07:04,2024-11-16 07:08,2024-11-16 08:17
LAB721835,ENC109194,PT10690,HGB,Hemoglobin,14.8,g/dL,12,17.5,N,Routine,2024-11-16 07:16,2024-11-16 07:37,2024-11-16 12:28
LAB721836,ENC109195,PT11948,GLU,Glucose,195,mg/dL,70,99,H,STAT,2024-11-16 12:10,2024-11-16 12:26,2024-11-16 12:57
LAB721837,ENC109195,PT11948,CREAT,Creatinine,1.2,mg/dL,0.6,1.3,N,Routine,2024-11-16 11:46,2024-11-16 12:06,2024-11-16 16:45
LAB721838,ENC109195,PT11948,WBC,White Blood Cell Count,11.1,K/uL,4.5,11,H,Routine,2024-11-16 11:39,2024-11-16 12:03,2024-11-16 15:11
LAB721839,ENC109195,PT11948,HGB,Hemoglobin,15.2,g/dL,12,17.5,N,Routine,2024-11-16 11:22,2024-11-16 11:48,2024-11-16 13:43
LAB721840,ENC109196,PT12631,GLU,Glucose,123,mg/dL,70,99,H,STAT,2024-11-16 12:23,2024-11-16 12:32,2024-11-16 12:55
LAB721841,ENC109196,PT12631,CREAT,Creatinine,1.23,mg/dL,0.6,1.3,N,Routine,2024-11-16 12:54,2024-11-16 13:15,2024-11-16 16:25
LAB721842,ENC109196,PT12631,WBC,White Blood Cell Count,7,K/uL,4.5,11,N,STAT,2024-11-16 12:32,2024-11-16 12:42,2024-11-16 13:18
LAB721843,ENC109196,PT12631,HGB,Hemoglobin,14,g/dL,12,17.5,N,STAT,2024-11-16 12:27,2024-11-16 12:49,2024-11-16 13:05
LAB721844,ENC109198,PT12791,GLU,Glucose,136,mg/dL,70,99,H,Routine,2024-11-16 11:46,2024-11-16 11:54,2024-11-16 15:16
LAB721845,ENC109198,PT12791,CREAT,Creatinine,1.06,mg/dL,0.6,1.3,N,Routine,2024-11-16 11:19,2024-11-16 11:54,2024-11-16 14:18
LAB721846,ENC109201,PT13439,TROP,"Troponin I, High Sensitivity",12,ng/L,0,34,N,STAT,2024-11-16 13:51,2024-11-16 14:14,2024-11-16 14:49
LAB721847,ENC109202,PT13588,GLU,Glucose,122,mg/dL,70,99,H,STAT,2024-11-16 16:29,2024-11-16 17:03,2024-11-16 17:54
LAB721848,ENC109202,PT13588,CREAT,Creatinine,3.96,mg/dL,0.6,1.3,H,Routine,2024-11-16 16:51,2024-11-16 17:13,2024-11-16 19:35
LAB721849,ENC109202,PT13588,WBC,White Blood Cell Count,7,K/uL,4.5,11,N,STAT,2024-11-16 16:22,2024-11-16 16:27,2024-11-16 17:06
LAB721850,ENC109202,PT13588,HGB,Hemoglobin,9.4,g/dL,12,17.5,L,STAT,2024-11-16 16:23,2024-11-16 16:43,2024-11-16 17:33
LAB721851,ENC109202,PT13588,NA,Sodium,136,mmol/L,136,145,N,STAT,2024-11-16 17:18,2024-11-16 17:36,2024-11-16 18:19
LAB721852,ENC109202,PT13588,K,Potassium,5.5,mmol/L,3.5,5.1,H,STAT,2024-11-16 16:26,2024-11-16 16:34,2024-11-16 17:28
LAB721853,ENC109203,PT13860,GLU,Glucose,105,mg/dL,70,99,H,STAT,2024-11-16 15:19,2024-11-16 15:43,2024-11-16 16:21
LAB721854,ENC109203,PT13860,CREAT,Creatinine,0.83,mg/dL,0.6,1.3,N,STAT,2024-11-16 15:25,2024-11-16 15:37,2024-11-16 17:35
LAB721855,ENC109203,PT13860,WBC,White Blood Cell Count,7.9,K/uL,4.5,11,N,STAT,2024-11-16 14:42,2024-11-16 14:49,2024-11-16 15:45
LAB721856,ENC109204,PT11749,GLU,Glucose,99,mg/dL,70,99,N,STAT,2024-11-16 19:55,2024-11-16 20:17,2024-11-16 21:17
LAB721857,ENC109204,PT11749,CREAT,Creatinine,1.6,mg/dL,0.6,1.3,H,STAT,2024-11-16 20:39,2024-11-16 21:11,2024-11-16 21:39
LAB721858,ENC109204,PT11749,WBC,White Blood Cell Count,3,K/uL,4.5,11,L,STAT,2024-11-16 20:21,2024-11-16 20:50,2024-11-16 21:53
LAB721859,ENC109204,PT11749,HGB,Hemoglobin,8.9,g/dL,12,17.5,L,STAT,2024-11-16 20:25,2024-11-16 20:43,2024-11-16 21:49
LAB721860,ENC109204,PT11749,NA,Sodium,138,mmol/L,136,145,N,Routine,2024-11-16 20:42,2024-11-16 21:08,2024-11-17 00:56
LAB721861,ENC109204,PT11749,K,Potassium,3.9,mmol/L,3.5,5.1,N,STAT,2024-11-16 20:11,2024-11-16 20:40,2024-11-16 21:31
LAB721862,ENC109204,PT11749,LACT,Lactate,4.8,mmol/L,0.5,2,HH,STAT,2024-11-16 20:11,2024-11-16 20:42,2024-11-16 21:09
LAB721863,ENC109205,PT12022,GLU,Glucose,124,mg/dL,70,99,H,STAT,2024-11-16 19:53,2024-11-16 20:08,2024-11-16 20:41
LAB721864,ENC109205,PT12022,CREAT,Creatinine,0.48,mg/dL,0.6,1.3,L,Routine,2024-11-16 19:09,2024-11-16 19:33,2024-11-17 00:20
LAB721865,ENC109205,PT12022,WBC,White Blood Cell Count,5.9,K/uL,4.5,11,N,STAT,2024-11-16 19:18,2024-11-16 19:52,2024-11-16 20:17
LAB721866,ENC109205,PT12022,HGB,Hemoglobin,15.4,g/dL,12,17.5,N,Routine,2024-11-16 19:00,2024-11-16 19:12,2024-11-16 22:00
LAB721867,ENC109205,PT12022,NA,Sodium,142,mmol/L,136,145,N,Routine,2024-11-16 19:01,2024-11-16 19:33,2024-11-17 01:06
LAB721868,ENC109205,PT12022,K,Potassium,3.9,mmol/L,3.5,5.1,N,STAT,2024-11-16 20:01,2024-11-16 20:12,2024-11-16 20:56
LAB721869,ENC109207,PT10516,GLU,Glucose,172,mg/dL,70,99,H,STAT,2024-11-16 23:25,2024-11-16 23:48,2024-11-17 00:28
LAB721870,ENC109207,PT10516,CREAT,Creatinine,1.05,mg/dL,0.6,1.3,N,STAT,2024-11-16 23:29,2024-11-16 23:48,2024-11-17 01:08
LAB721871,ENC109207,PT10516,WBC,White Blood Cell Count,15.9,K/uL,4.5,11,H,STAT,2024-11-16 23:52,2024-11-17 00:11,2024-11-17 01:17
LAB721872,ENC109207,PT10516,HGB,Hemoglobin,13.2,g/dL,12,17.5,N,STAT,2024-11-16 23:07,2024-11-16 23:16,2024-11-17 01:02
LAB721873,ENC109207,PT10516,LACT,Lactate,3.7,mmol/L,0.5,2,H,STAT,2024-11-16 22:46,2024-11-16 23:16,2024-11-17 00:11
LAB721874,ENC109208,PT12860,GLU,Glucose,160,mg/dL,70,99,H,STAT,2024-11-17 00:43,2024-11-17 00:54,2024-11-17 02:38
LAB721875,ENC109208,PT12860,CREAT,Creatinine,4.04,mg/dL,0.6,1.3,H,Routine,2024-11-17 00:57,2024-11-17 01:18,2024-11-17 06:38
LAB721876,ENC109208,PT12860,WBC,White Blood Cell Count,6,K/uL,4.5,11,N,STAT,2024-11-17 00:58,2024-11-17 01:02,2024-11-17 01:48
LAB721877,ENC109208,PT12860,HGB,Hemoglobin,14.7,g/dL,12,17.5,N,STAT,2024-11-17 00:46,2024-11-17 01:16,2024-11-17 02:59
LAB721878,ENC109208,PT12860,NA,Sodium,136,mmol/L,136,145,N,Routine,2024-11-17 01:17,2024-11-17 01:37,2024-11-17 02:56
LAB721879,ENC109208,PT12860,K,Potassium,4,mmol/L,3.5,5.1,N,STAT,2024-11-17 01:31,2024-11-17 01:45,2024-11-17 02:19
LAB721880,ENC109209,PT11940,GLU,Glucose,102,mg/dL,70,99,H,Routine,2024-11-16 22:55,2024-11-16 23:04,2024-11-17 05:37
LAB721881,ENC109209,PT11940,CREAT,Creatinine,0.96,mg/dL,0.6,1.3,N,STAT,2024-11-16 22:53,2024-11-16 23:12,2024-11-17 00:54
LAB721882,ENC109209,PT11940,WBC,White Blood Cell Count,9,K/uL,4.5,11,N,STAT,2024-11-16 23:32,2024-11-16 23:59,2024-11-17 00:28
LAB721883,ENC109209,PT11940,HGB,Hemoglobin,14.7,g/dL,12,17.5,N,Routine,2024-11-16 23:02,2024-11-16 23:24,2024-11-17 02:04
LAB721884,ENC109211,PT11808,GLU,Glucose,86,mg/dL,70,99,N,Routine,2024-11-16 23:17,2024-11-16 23:48,2024-11-17 01:44
LAB721885,ENC109211,PT11808,CREAT,Creatinine,0.88,mg/dL,0.6,1.3,N,Routine,2024-11-16 23:08,2024-11-16 23:16,2024-11-17 04:26
LAB721886,ENC109211,PT11808,WBC,White Blood Cell Count,11.4,K/uL,4.5,11,H,STAT,2024-11-16 23:25,2024-11-16 23:45,2024-11-17 00:19
LAB721887,ENC109211,PT11808,HGB,Hemoglobin,14.6,g/dL,12,17.5,N,Routine,2024-11-16 23:33,2024-11-16 23:46,2024-11-17 01:53
LAB721888,ENC109212,PT13071,GLU,Glucose,107,mg/dL,70,99,H,STAT,2024-11-17 04:15,2024-11-17 04:32,2024-11-17 05:10
LAB721889,ENC109212,PT13071,CREAT,Creatinine,0.69,mg/dL,0.6,1.3,N,STAT,2024-11-17 04:00,2024-11-17 04:27,2024-11-17 05:28
LAB721890,ENC109212,PT13071,WBC,White Blood Cell Count,4.3,K/uL,4.5,11,L,STAT,2024-11-17 04:07,2024-11-17 04:42,2024-11-17 06:13
LAB721891,ENC109212,PT13071,HGB,Hemoglobin,14.3,g/dL,12,17.5,N,STAT,2024-11-17 04:21,2024-11-17 04:44,2024-11-17 05:51
LAB721892,ENC109213,PT12319,GLU,Glucose,78,mg/dL,70,99,N,STAT,2024-11-17 03:59,2024-11-17 04:05,2024-11-17 04:22
LAB721893,ENC109213,PT12319,CREAT,Creatinine,1.1,mg/dL,0.6,1.3,N,Routine,2024-11-17 03:41,2024-11-17 04:09,2024-11-17 08:11
LAB721894,ENC109213,PT12319,TROP,"Troponin I, High Sensitivity",4,ng/L,0,34,N,STAT,2024-11-17 03:31,2024-11-17 03:52,2024-11-17 04:49
LAB721895,ENC109214,PT12542,GLU,Glucose,107,mg/dL,70,99,H,Routine,2024-11-17 12:10,2024-11-17 12:35,2024-11-17 20:57
LAB721896,ENC109214,PT12542,CREAT,Creatinine,1.39,mg/dL,0.6,1.3,H,STAT,2024-11-17 11:21,2024-11-17 11:46,2024-11-17 12:28
LAB721897,ENC109214,PT12542,WBC,White Blood Cell Count,8.5,K/uL,4.5,11,N,STAT,2024-11-17 11:57,2024-11-17 12:13,2024-11-17 12:55
LAB721898,ENC109214,PT12542,HGB,Hemoglobin,13.8,g/dL,12,17.5,N,Routine,2024-11-17 12:00,2024-11-17 12:20,2024-11-17 16:11
LAB721899,ENC109214,PT12542,BUN,Blood Urea Nitrogen,18,mg/dL,7,20,N,STAT,2024-11-17 11:32,2024-11-17 11:42,2024-11-17 12:27
LAB721900,ENC109214,PT12542,PLT,Platelet Count,244,K/uL,150,400,N,Routine,2024-11-17 12:01,2024-11-17 12:17,2024-11-17 15:53
LAB721901,ENC109215,PT12495,GLU,Glucose,98,mg/dL,70,99,N,STAT,2024-11-17 09:11,2024-11-17 09:16,2024-11-17 09:41
LAB721902,ENC109215,PT12495,CREAT,Creatinine,0.84,mg/dL,0.6,1.3,N,STAT,2024-11-17 09:05,2024-11-17 09:17,2024-11-17 10:06
LAB721903,ENC109215,PT12495,WBC,White Blood Cell Count,6.7,K/uL,4.5,11,N,Routine,2024-11-17 08:52,2024-11-17 09:14,2024-11-17 13:09
LAB721904,ENC109216,PT13686,GLU,Glucose,224,mg/dL,70,99,H,STAT,2024-11-17 11:48,2024-11-17 12:07,2024-11-17 12:35
LAB721905,ENC109216,PT13686,CREAT,Creatinine,1.17,mg/dL,0.6,1.3,N,Routine,2024-11-17 11:49,2024-11-17 12:24,2024-11-17 13:51
LAB721906,ENC109216,PT13686,WBC,White Blood Cell Count,6.8,K/uL,4.5,11,N,STAT,2024-11-17 11:32,2024-11-17 12:03,2024-11-17 13:44
LAB721907,ENC109216,PT13686,HGB,Hemoglobin,14.8,g/dL,12,17.5,N,STAT,2024-11-17 11:04,2024-11-17 11:25,2024-11-17 12:29
LAB721908,ENC109216,PT13686,NA,Sodium,139,mmol/L,136,145,N,Routine,2024-11-17 10:54,2024-11-17 11:03,2024-11-17 13:00
LAB721909,ENC109216,PT13686,K,Potassium,4.4,mmol/L,3.5,5.1,N,STAT,2024-11-17 11:19,2024-11-17 11:38,2024-11-17 12:09
LAB721910,ENC109218,PT11174,GLU,Glucose,96,mg/dL,70,99,N,STAT,2024-11-17 11:01,2024-11-17 11:20,2024-11-17 12:00
LAB721911,ENC109218,PT11174,CREAT,Creatinine,0.9,mg/dL,0.6,1.3,N,STAT,2024-11-17 11:21,2024-11-17 11:56,2024-11-17 12:46
LAB721912,ENC109218,PT11174,WBC,White Blood Cell Count,7.1,K/uL,4.5,11,N,STAT,2024-11-17 10:59,2024-11-17 11:27,2024-11-17 12:00
LAB721913,ENC109218,PT11174,HGB,Hemoglobin,13.2,g/dL,12,17.5,N,Routine,2024-11-17 11:08,2024-11-17 11:23,2024-11-17 14:43
LAB721914,ENC109220,PT13792,GLU,Glucose,191,mg/dL,70,99,H,STAT,2024-11-17 12:48,2024-11-17 13:22,2024-11-17 14:10
LAB721915,ENC109220,PT13792,CREAT,Creatinine,0.99,mg/dL,0.6,1.3,N,Routine,2024-11-17 13:49,2024-11-17 14:13,2024-11-17 15:47
LAB721916,ENC109220,PT13792,TROP,"Troponin I, High Sensitivity",8,ng/L,0,34,N,STAT,2024-11-17 13:15,2024-11-17 13:29,2024-11-17 14:19
LAB721917,ENC109221,PT10018,GLU,Glucose,129,mg/dL,70,99,H,STAT,2024-11-17 14:33,2024-11-17 14:58,2024-11-17 15:40
LAB721918,ENC109221,PT10018,CREAT,Creatinine,0.91,mg/dL,0.6,1.3,N,Routine,2024-11-17 15:15,2024-11-17 15:34,2024-11-17 16:23
LAB721919,ENC109221,PT10018,WBC,White Blood Cell Count,15.8,K/uL,4.5,11,H,STAT,2024-11-17 14:59,2024-11-17 15:09,2024-11-17 15:31
LAB721920,ENC109221,PT10018,HGB,Hemoglobin,14.1,g/dL,12,17.5,N,Routine,2024-11-17 15:02,2024-11-17 15:19,2024-11-17 16:49
LAB721921,ENC109221,PT10018,NA,Sodium,140,mmol/L,136,145,N,Routine,2024-11-17 14:22,2024-11-17 14:27,2024-11-17 16:55
LAB721922,ENC109221,PT10018,K,Potassium,4.4,mmol/L,3.5,5.1,N,STAT,2024-11-17 14:58,2024-11-17 15:29,2024-11-17 16:13
LAB721923,ENC109222,PT10317,GLU,Glucose,192,mg/dL,70,99,H,STAT,2024-11-17 17:53,2024-11-17 18:12,2024-11-17 19:00
LAB721924,ENC109222,PT10317,CREAT,Creatinine,1.51,mg/dL,0.6,1.3,H,STAT,2024-11-17 17:16,2024-11-17 17:28,2024-11-17 18:59
LAB721925,ENC109222,PT10317,WBC,White Blood Cell Count,15.7,K/uL,4.5,11,H,Routine,2024-11-17 17:53,2024-11-17 18:17,2024-11-17 23:00
LAB721926,ENC109222,PT10317,HGB,Hemoglobin,12.7,g/dL,12,17.5,N,Routine,2024-11-17 17:39,2024-11-17 18:03,2024-11-17 20:52
LAB721927,ENC109224,PT12384,GLU,Glucose,97,mg/dL,70,99,N,Routine,2024-11-17 15:32,2024-11-17 15:59,2024-11-17 23:04
LAB721928,ENC109224,PT12384,CREAT,Creatinine,0.86,mg/dL,0.6,1.3,N,STAT,2024-11-17 15:43,2024-11-17 16:06,2024-11-17 16:56
LAB721929,ENC109224,PT12384,WBC,White Blood Cell Count,7.2,K/uL,4.5,11,N,Routine,2024-11-17 16:32,2024-11-17 16:45,2024-11-17 18:19
LAB721930,ENC109224,PT12384,TROP,"Troponin I, High Sensitivity",7,ng/L,0,34,N,STAT,2024-11-17 15:27,2024-11-17 15:46,2024-11-17 16:21
LAB721931,ENC109226,PT12344,GLU,Glucose,170,mg/dL,70,99,H,Routine,2024-11-17 20:12,2024-11-17 20:26,2024-11-17 22:30
LAB721932,ENC109226,PT12344,CREAT,Creatinine,1.28,mg/dL,0.6,1.3,N,STAT,2024-11-17 20:08,2024-11-17 20:18,2024-11-17 21:11
LAB721933,ENC109226,PT12344,WBC,White Blood Cell Count,12.2,K/uL,4.5,11,H,STAT,2024-11-17 20:41,2024-11-17 21:00,2024-11-17 22:49
LAB721934,ENC109226,PT12344,HGB,Hemoglobin,11.5,g/dL,12,17.5,L,STAT,2024-11-17 20:11,2024-11-17 20:35,2024-11-17 21:02
LAB721935,ENC109226,PT12344,LACT,Lactate,2.6,mmol/L,0.5,2,H,STAT,2024-11-17 20:01,2024-11-17 20:20,2024-11-17 21:47
LAB721936,ENC109227,PT12744,GLU,Glucose,110,mg/dL,70,99,H,Routine,2024-11-17 21:10,2024-11-17 21:23,2024-11-18 00:11
LAB721937,ENC109227,PT12744,CREAT,Creatinine,0.53,mg/dL,0.6,1.3,L,STAT,2024-11-17 21:28,2024-11-17 21:44,2024-11-17 23:04
LAB721938,ENC109227,PT12744,WBC,White Blood Cell Count,8.9,K/uL,4.5,11,N,STAT,2024-11-17 22:20,2024-11-17 22:31,2024-11-17 22:55
LAB721939,ENC109227,PT12744,HGB,Hemoglobin,10.1,g/dL,12,17.5,L,STAT,2024-11-17 22:15,2024-11-17 22:44,2024-11-17 23:48
LAB721940,ENC109229,PT13345,GLU,Glucose,181,mg/dL,70,99,H,Routine,2024-11-18 00:15,2024-11-18 00:41,2024-11-18 03:03
LAB721941,ENC109229,PT13345,CREAT,Creatinine,0.88,mg/dL,0.6,1.3,N,STAT,2024-11-18 00:16,2024-11-18 00:24,2024-11-18 01:09
LAB721942,ENC109229,PT13345,WBC,White Blood Cell Count,18.7,K/uL,4.5,11,H,STAT,2024-11-18 00:12,2024-11-18 00:46,2024-11-18 01:33
LAB721943,ENC109229,PT13345,HGB,Hemoglobin,15.7,g/dL,12,17.5,N,STAT,2024-11-17 23:42,2024-11-18 00:14,2024-11-18 01:15
LAB721944,ENC109230,PT11522,GLU,Glucose,151,mg/dL,70,99,H,STAT,2024-11-17 21:05,2024-11-17 21:27,2024-11-17 22:26
LAB721945,ENC109230,PT11522,CREAT,Creatinine,1,mg/dL,0.6,1.3,N,Routine,2024-11-17 21:19,2024-11-17 21:47,2024-11-17 23:25
LAB721946,ENC109230,PT11522,WBC,White Blood Cell Count,14.7,K/uL,4.5,11,H,Routine,2024-11-17 20:54,2024-11-17 21:08,2024-11-17 22:32
LAB721947,ENC109230,PT11522,HGB,Hemoglobin,15.9,g/dL,12,17.5,N,STAT,2024-11-17 21:17,2024-11-17 21:24,2024-11-17 22:29
LAB721948,ENC109231,PT10260,GLU,Glucose,121,mg/dL,70,99,H,STAT,2024-11-17 21:01,2024-11-17 21:20,2024-11-17 21:42
LAB721949,ENC109231,PT10260,CREAT,Creatinine,0.83,mg/dL,0.6,1.3,N,STAT,2024-11-17 20:36,2024-11-17 21:11,2024-11-17 22:02
LAB721950,ENC109231,PT10260,WBC,White Blood Cell Count,9.8,K/uL,4.5,11,N,Routine,2024-11-17 21:39,2024-11-17 21:55,2024-11-18 01:57
LAB721951,ENC109231,PT10260,HGB,Hemoglobin,13.9,g/dL,12,17.5,N,STAT,2024-11-17 21:21,2024-11-17 21:29,2024-11-17 22:24
LAB721952,ENC109232,PT13618,GLU,Glucose,77,mg/dL,70,99,N,STAT,2024-11-18 00:17,2024-11-18 00:52,2024-11-18 01:27
LAB721953,ENC109232,PT13618,CREAT,Creatinine,0.9,mg/dL,0.6,1.3,N,STAT,2024-11-18 00:01,2024-11-18 00:11,2024-11-18 00:46
LAB721954,ENC109233,PT13191,GLU,Glucose,103,mg/dL,70,99,H,STAT,2024-11-18 03:58,2024-11-18 04:15,2024-11-18 05:38
LAB721955,ENC109233,PT13191,CREAT,Creatinine,0.86,mg/dL,0.6,1.3,N,Routine,2024-11-18 04:08,2024-11-18 04:35,2024-11-18 05:56
LAB721956,ENC109233,PT13191,WBC,White Blood Cell Count,11.8,K/uL,4.5,11,H,Routine,2024-11-18 03:07,2024-11-18 03:27,2024-11-18 08:20
LAB721957,ENC109233,PT13191,HGB,Hemoglobin,12.1,g/dL,12,17.5,N,STAT,2024-11-18 03:42,2024-11-18 03:46,2024-11-18 04:19
LAB721958,ENC109233,PT13191,NA,Sodium,136,mmol/L,136,145,N,Routine,2024-11-18 04:05,2024-11-18 04:23,2024-11-18 07:39
LAB721959,ENC109233,PT13191,K,Potassium,4.5,mmol/L,3.5,5.1,N,STAT,2024-11-18 03:45,2024-11-18 03:49,2024-11-18 04:27
LAB721960,ENC109236,PT13503,GLU,Glucose,126,mg/dL,70,99,H,Routine,2024-11-18 11:07,2024-11-18 11:18,2024-11-18 21:31
LAB721961,ENC109236,PT13503,CREAT,Creatinine,0.94,mg/dL,0.6,1.3,N,STAT,2024-11-18 10:52,2024-11-18 10:59,2024-11-18 12:07
LAB721962,ENC109236,PT13503,WBC,White Blood Cell Count,8.7,K/uL,4.5,11,N,Routine,2024-11-18 11:07,2024-11-18 11:18,2024-11-18 12:22
LAB721963,ENC109236,PT13503,HGB,Hemoglobin,13,g/dL,12,17.5,N,STAT,2024-11-18 10:31,2024-11-18 10:35,2024-11-18 11:14
LAB721964,ENC109236,PT13503,NA,Sodium,137,mmol/L,136,145,N,STAT,2024-11-18 10:14,2024-11-18 10:39,2024-11-18 12:05
LAB721965,ENC109236,PT13503,K,Potassium,4.2,mmol/L,3.5,5.1,N,STAT,2024-11-18 10:01,2024-11-18 10:25,2024-11-18 11:06
LAB721966,ENC109236,PT13503,INR,Prothrombin Time INR,1,ratio,0.8,1.2,N,Routine,2024-11-18 11:03,2024-11-18 11:22,2024-11-18 12:44
LAB721967,ENC109237,PT10886,GLU,Glucose,117,mg/dL,70,99,H,STAT,2024-11-18 07:54,2024-11-18 08:10,2024-11-18 09:14
LAB721968,ENC109237,PT10886,CREAT,Creatinine,0.87,mg/dL,0.6,1.3,N,Routine,2024-11-18 07:17,2024-11-18 07:30,2024-11-18 13:34
LAB721969,ENC109237,PT10886,WBC,White Blood Cell Count,6.1,K/uL,4.5,11,N,Routine,2024-11-18 06:53,2024-11-18 06:58,2024-11-18 16:53
LAB721970,ENC109237,PT10886,HGB,Hemoglobin,11.8,g/dL,12,17.5,L,STAT,2024-11-18 06:55,2024-11-18 07:00,2024-11-18 07:38
LAB721971,ENC109239,PT12105,LDL,LDL Cholesterol,212,mg/dL,0,99,H,Routine,2024-11-18 08:30,2024-11-18 08:36,2024-11-18 23:08
LAB721972,ENC109239,PT12105,A1C,Hemoglobin A1c,5.7,%,4,5.6,H,Routine,2024-11-18 08:12,2024-11-18 08:45,2024-11-19 06:51
LAB721973,ENC109240,PT11388,GLU,Glucose,85,mg/dL,70,99,N,Routine,2024-11-18 09:24,2024-11-18 09:35,2024-11-18 16:46
LAB721974,ENC109240,PT11388,CREAT,Creatinine,0.56,mg/dL,0.6,1.3,L,STAT,2024-11-18 08:58,2024-11-18 09:26,2024-11-18 10:18
LAB721975,ENC109240,PT11388,WBC,White Blood Cell Count,7,K/uL,4.5,11,N,STAT,2024-11-18 09:33,2024-11-18 09:37,2024-11-18 10:24
LAB721976,ENC109240,PT11388,HGB,Hemoglobin,13.5,g/dL,12,17.5,N,STAT,2024-11-18 09:22,2024-11-18 09:34,2024-11-18 10:37
LAB721977,ENC109240,PT11388,NA,Sodium,141,mmol/L,136,145,N,STAT,2024-11-18 09:25,2024-11-18 09:29,2024-11-18 10:19
LAB721978,ENC109240,PT11388,K,Potassium,4.4,mmol/L,3.5,5.1,N,STAT,2024-11-18 09:32,2024-11-18 09:44,2024-11-18 11:04
LAB721979,ENC109245,PT13820,GLU,Glucose,90,mg/dL,70,99,N,STAT,2024-11-18 11:30,2024-11-18 12:05,2024-11-18 13:45
LAB721980,ENC109245,PT13820,CREAT,Creatinine,0.95,mg/dL,0.6,1.3,N,STAT,2024-11-18 11:01,2024-11-18 11:25,2024-11-18 12:02
LAB721981,ENC109245,PT13820,WBC,White Blood Cell Count,8.7,K/uL,4.5,11,N,STAT,2024-11-18 11:22,2024-11-18 11:46,2024-11-18 12:36
LAB721982,ENC109245,PT13820,HGB,Hemoglobin,13.6,g/dL,12,17.5,N,STAT,2024-11-18 11:30,2024-11-18 11:55,2024-11-18 13:06
LAB721983,ENC109245,PT13820,BUN,Blood Urea Nitrogen,13,mg/dL,7,20,N,STAT,2024-11-18 11:24,2024-11-18 11:38,2024-11-18 12:25
LAB721984,ENC109245,PT13820,PLT,Platelet Count,240,K/uL,150,400,N,STAT,2024-11-18 11:23,2024-11-18 11:32,2024-11-18 11:59
LAB721985,ENC109246,PT10051,GLU,Glucose,124,mg/dL,70,99,H,STAT,2024-11-18 11:26,2024-11-18 11:36,2024-11-18 12:43
LAB721986,ENC109246,PT10051,CREAT,Creatinine,1.24,mg/dL,0.6,1.3,N,STAT,2024-11-18 11:13,2024-11-18 11:32,2024-11-18 13:05
LAB721987,ENC109246,PT10051,WBC,White Blood Cell Count,8.1,K/uL,4.5,11,N,Routine,2024-11-18 12:01,2024-11-18 12:05,2024-11-18 21:51
LAB721988,ENC109246,PT10051,HGB,Hemoglobin,14.5,g/dL,12,17.5,N,Routine,2024-11-18 10:57,2024-11-18 11:17,2024-11-18 15:13
LAB721989,ENC109247,PT11311,GLU,Glucose,171,mg/dL,70,99,H,STAT,2024-11-18 11:47,2024-11-18 11:55,2024-11-18 12:28
LAB721990,ENC109247,PT11311,CREAT,Creatinine,0.86,mg/dL,0.6,1.3,N,Routine,2024-11-18 11:51,2024-11-18 12:10,2024-11-18 17:10
LAB721991,ENC109248,PT10413,WBC,White Blood Cell Count,9.7,K/uL,4.5,11,N,Routine,2024-11-18 11:44,2024-11-18 12:07,2024-11-18 17:22
LAB721992,ENC109248,PT10413,HGB,Hemoglobin,13.5,g/dL,12,17.5,N,Routine,2024-11-18 11:36,2024-11-18 12:09,2024-11-18 15:10
LAB721993,ENC109248,PT10413,PLT,Platelet Count,254,K/uL,150,400,N,Routine,2024-11-18 11:41,2024-11-18 11:54,2024-11-18 13:31
LAB721994,ENC109249,PT11809,GLU,Glucose,112,mg/dL,70,99,H,STAT,2024-11-18 17:07,2024-11-18 17:33,2024-11-18 17:59
LAB721995,ENC109249,PT11809,CREAT,Creatinine,0.69,mg/dL,0.6,1.3,N,STAT,2024-11-18 17:01,2024-11-18 17:19,2024-11-18 17:54
LAB721996,ENC109249,PT11809,WBC,White Blood Cell Count,7.8,K/uL,4.5,11,N,Routine,2024-11-18 16:52,2024-11-18 17:21,2024-11-18 20:25
LAB721997,ENC109249,PT11809,HGB,Hemoglobin,13.2,g/dL,12,17.5,N,Routine,2024-11-18 17:27,2024-11-18 17:39,2024-11-18 19:23
LAB721998,ENC109249,PT11809,NA,Sodium,139,mmol/L,136,145,N,STAT,2024-11-18 17:33,2024-11-18 18:05,2024-11-18 18:40
LAB721999,ENC109249,PT11809,K,Potassium,4.1,mmol/L,3.5,5.1,N,STAT,2024-11-18 17:37,2024-11-18 17:53,2024-11-18 18:34
LAB722000,ENC109250,PT12994,A1C,Hemoglobin A1c,8.1,%,4,5.6,H,Routine,2024-11-18 12:11,2024-11-18 12:18,2024-11-19 12:46
LAB722001,ENC109250,PT12994,GLU,Glucose,229,mg/dL,70,99,H,Routine,2024-11-18 11:50,2024-11-18 11:54,2024-11-18 14:17
LAB722002,ENC109250,PT12994,CREAT,Creatinine,0.93,mg/dL,0.6,1.3,N,Routine,2024-11-18 12:06,2024-11-18 12:28,2024-11-18 15:16
LAB722003,ENC109253,PT13406,LDL,LDL Cholesterol,118,mg/dL,0,99,H,Routine,2024-11-18 13:13,2024-11-18 13:35,2024-11-19 09:51
LAB722004,ENC109253,PT13406,TSH,Thyroid Stimulating Hormone,2.14,mIU/L,0.4,4,N,Routine,2024-11-18 12:57,2024-11-18 13:16,2024-11-18 22:30
LAB722005,ENC109254,PT10512,GLU,Glucose,99,mg/dL,70,99,N,STAT,2024-11-18 16:16,2024-11-18 16:36,2024-11-18 17:13
LAB722006,ENC109254,PT10512,CREAT,Creatinine,1.23,mg/dL,0.6,1.3,N,STAT,2024-11-18 16:13,2024-11-18 16:21,2024-11-18 17:32
LAB722007,ENC109254,PT10512,WBC,White Blood Cell Count,10.6,K/uL,4.5,11,N,STAT,2024-11-18 16:06,2024-11-18 16:37,2024-11-18 17:59
LAB722008,ENC109254,PT10512,HGB,Hemoglobin,14.1,g/dL,12,17.5,N,STAT,2024-11-18 15:45,2024-11-18 15:56,2024-11-18 17:04
LAB722009,ENC109254,PT10512,TROP,"Troponin I, High Sensitivity",72,ng/L,0,34,H,STAT,2024-11-18 16:12,2024-11-18 16:31,2024-11-18 17:13
LAB722010,ENC109254,PT10512,BNP,B-Type Natriuretic Peptide,677,pg/mL,0,100,H,Routine,2024-11-18 15:30,2024-11-18 15:40,2024-11-18 20:36
LAB722011,ENC109256,PT11011,GLU,Glucose,96,mg/dL,70,99,N,STAT,2024-11-18 16:08,2024-11-18 16:20,2024-11-18 17:16
LAB722012,ENC109256,PT11011,CREAT,Creatinine,0.91,mg/dL,0.6,1.3,N,STAT,2024-11-18 15:37,2024-11-18 16:09,2024-11-18 16:31
LAB722013,ENC109256,PT11011,INR,Prothrombin Time INR,1.9,ratio,0.8,1.2,H,Routine,2024-11-18 16:00,2024-11-18 16:35,2024-11-18 21:15
LAB722014,ENC109257,PT11931,GLU,Glucose,69,mg/dL,70,99,L,STAT,2024-11-18 19:21,2024-11-18 19:54,2024-11-18 20:42
LAB722015,ENC109257,PT11931,CREAT,Creatinine,0.67,mg/dL,0.6,1.3,N,STAT,2024-11-18 19:52,2024-11-18 20:20,2024-11-18 20:46
LAB722016,ENC109257,PT11931,WBC,White Blood Cell Count,9.5,K/uL,4.5,11,N,STAT,2024-11-18 19:49,2024-11-18 20:02,2024-11-18 20:41
LAB722017,ENC109257,PT11931,HGB,Hemoglobin,14.1,g/dL,12,17.5,N,STAT,2024-11-18 19:02,2024-11-18 19:23,2024-11-18 20:02
LAB722018,ENC109259,PT11127,GLU,Glucose,84,mg/dL,70,99,N,STAT,2024-11-18 17:19,2024-11-18 17:44,2024-11-18 18:39
LAB722019,ENC109259,PT11127,CREAT,Creatinine,0.98,mg/dL,0.6,1.3,N,STAT,2024-11-18 16:58,2024-11-18 17:24,2024-11-18 18:06
LAB722020,ENC109259,PT11127,WBC,White Blood Cell Count,9.3,K/uL,4.5,11,N,Routine,2024-11-18 16:33,2024-11-18 16:40,2024-11-18 19:56
LAB722021,ENC109259,PT11127,HGB,Hemoglobin,14,g/dL,12,17.5,N,Routine,2024-11-18 16:33,2024-11-18 17:07,2024-11-18 20:24
LAB722022,ENC109262,PT11941,GLU,Glucose,104,mg/dL,70,99,H,STAT,2024-11-18 21:16,2024-11-18 21:26,2024-11-18 23:14
LAB722023,ENC109262,PT11941,CREAT,Creatinine,1.1,mg/dL,0.6,1.3,N,STAT,2024-11-18 20:40,2024-11-18 20:53,2024-11-18 21:45
LAB722024,ENC109262,PT11941,WBC,White Blood Cell Count,8.1,K/uL,4.5,11,N,Routine,2024-11-18 21:19,2024-11-18 21:27,2024-11-18 23:41
LAB722025,ENC109262,PT11941,HGB,Hemoglobin,13,g/dL,12,17.5,N,STAT,2024-11-18 21:27,2024-11-18 21:45,2024-11-18 22:22
LAB722026,ENC109262,PT11941,NA,Sodium,143,mmol/L,136,145,N,STAT,2024-11-18 20:52,2024-11-18 21:24,2024-11-18 22:03
LAB722027,ENC109262,PT11941,K,Potassium,4.2,mmol/L,3.5,5.1,N,STAT,2024-11-18 21:45,2024-11-18 22:04,2024-11-19 00:02
LAB722028,ENC109262,PT11941,LACT,Lactate,1.3,mmol/L,0.5,2,N,STAT,2024-11-18 21:09,2024-11-18 21:13,2024-11-18 21:45
LAB722029,ENC109263,PT11954,GLU,Glucose,138,mg/dL,70,99,H,Routine,2024-11-18 17:33,2024-11-18 18:03,2024-11-18 19:36
LAB722030,ENC109263,PT11954,CREAT,Creatinine,0.63,mg/dL,0.6,1.3,N,STAT,2024-11-18 18:33,2024-11-18 18:46,2024-11-18 20:01
LAB722031,ENC109263,PT11954,WBC,White Blood Cell Count,10.5,K/uL,4.5,11,N,STAT,2024-11-18 17:59,2024-11-18 18:29,2024-11-18 19:29
LAB722032,ENC109263,PT11954,HGB,Hemoglobin,13.2,g/dL,12,17.5,N,Routine,2024-11-18 18:25,2024-11-18 18:56,2024-11-18 22:25
LAB722033,ENC109264,PT12859,GLU,Glucose,111,mg/dL,70,99,H,STAT,2024-11-18 18:54,2024-11-18 19:18,2024-11-18 19:58
LAB722034,ENC109264,PT12859,CREAT,Creatinine,0.52,mg/dL,0.6,1.3,L,Routine,2024-11-18 19:20,2024-11-18 19:31,2024-11-18 23:35
LAB722035,ENC109264,PT12859,WBC,White Blood Cell Count,5.3,K/uL,4.5,11,N,Routine,2024-11-18 19:22,2024-11-18 19:55,2024-11-18 22:46
LAB722036,ENC109264,PT12859,HGB,Hemoglobin,13.1,g/dL,12,17.5,N,STAT,2024-11-18 19:27,2024-11-18 19:57,2024-11-18 20:45
LAB722037,ENC109265,PT12120,GLU,Glucose,112,mg/dL,70,99,H,STAT,2024-11-18 21:39,2024-11-18 22:12,2024-11-19 00:09
LAB722038,ENC109265,PT12120,CREAT,Creatinine,0.92,mg/dL,0.6,1.3,N,STAT,2024-11-18 21:51,2024-11-18 22:25,2024-11-18 22:54
LAB722039,ENC109265,PT12120,WBC,White Blood Cell Count,8.1,K/uL,4.5,11,N,STAT,2024-11-18 21:02,2024-11-18 21:28,2024-11-18 21:59
LAB722040,ENC109265,PT12120,HGB,Hemoglobin,12.5,g/dL,12,17.5,N,STAT,2024-11-18 20:53,2024-11-18 21:13,2024-11-18 21:46
LAB722041,ENC109266,PT12660,GLU,Glucose,115,mg/dL,70,99,H,STAT,2024-11-19 00:32,2024-11-19 00:44,2024-11-19 01:29
LAB722042,ENC109266,PT12660,CREAT,Creatinine,1.54,mg/dL,0.6,1.3,H,STAT,2024-11-19 00:40,2024-11-19 01:05,2024-11-19 02:03
LAB722043,ENC109266,PT12660,WBC,White Blood Cell Count,4.7,K/uL,4.5,11,N,STAT,2024-11-19 00:55,2024-11-19 01:08,2024-11-19 01:42
LAB722044,ENC109266,PT12660,HGB,Hemoglobin,14.3,g/dL,12,17.5,N,STAT,2024-11-19 00:40,2024-11-19 00:53,2024-11-19 01:29
LAB722045,ENC109266,PT12660,NA,Sodium,142,mmol/L,136,145,N,STAT,2024-11-19 00:03,2024-11-19 00:38,2024-11-19 01:13
LAB722046,ENC109266,PT12660,K,Potassium,3.9,mmol/L,3.5,5.1,N,STAT,2024-11-19 00:38,2024-11-19 01:09,2024-11-19 01:57
LAB722047,ENC109266,PT12660,TROP,"Troponin I, High Sensitivity",94,ng/L,0,34,H,STAT,2024-11-19 00:22,2024-11-19 00:45,2024-11-19 01:25
LAB722048,ENC109266,PT12660,BNP,B-Type Natriuretic Peptide,1885,pg/mL,0,100,H,STAT,2024-11-19 00:24,2024-11-19 00:55,2024-11-19 01:53
LAB722049,ENC109267,PT13338,GLU,Glucose,92,mg/dL,70,99,N,Routine,2024-11-19 00:42,2024-11-19 00:49,2024-11-19 04:19
LAB722050,ENC109267,PT13338,CREAT,Creatinine,0.79,mg/dL,0.6,1.3,N,STAT,2024-11-19 00:12,2024-11-19 00:27,2024-11-19 01:16
LAB722051,ENC109267,PT13338,WBC,White Blood Cell Count,9.2,K/uL,4.5,11,N,STAT,2024-11-19 01:08,2024-11-19 01:26,2024-11-19 02:20
LAB722052,ENC109267,PT13338,HGB,Hemoglobin,16.2,g/dL,12,17.5,N,Routine,2024-11-19 00:22,2024-11-19 00:27,2024-11-19 03:49
LAB722053,ENC109267,PT13338,NA,Sodium,148,mmol/L,136,145,H,Routine,2024-11-19 00:23,2024-11-19 00:47,2024-11-19 05:39
LAB722054,ENC109267,PT13338,K,Potassium,4.5,mmol/L,3.5,5.1,N,STAT,2024-11-19 01:13,2024-11-19 01:48,2024-11-19 03:26
LAB722055,ENC109267,PT13338,TROP,"Troponin I, High Sensitivity",7,ng/L,0,34,N,STAT,2024-11-19 01:09,2024-11-19 01:40,2024-11-19 03:41
LAB722056,ENC109267,PT13338,BNP,B-Type Natriuretic Peptide,1761,pg/mL,0,100,H,STAT,2024-11-19 00:31,2024-11-19 00:46,2024-11-19 01:24
LAB722057,ENC109268,PT11121,GLU,Glucose,248,mg/dL,70,99,H,STAT,2024-11-19 01:36,2024-11-19 01:45,2024-11-19 02:18
LAB722058,ENC109268,PT11121,CREAT,Creatinine,0.73,mg/dL,0.6,1.3,N,Routine,2024-11-19 00:43,2024-11-19 01:06,2024-11-19 02:08
LAB722059,ENC109268,PT11121,WBC,White Blood Cell Count,6,K/uL,4.5,11,N,STAT,2024-11-19 01:14,2024-11-19 01:20,2024-11-19 02:19
LAB722060,ENC109268,PT11121,HGB,Hemoglobin,14.5,g/dL,12,17.5,N,STAT,2024-11-19 01:39,2024-11-19 01:43,2024-11-19 02:32
LAB722061,ENC109268,PT11121,NA,Sodium,140,mmol/L,136,145,N,STAT,2024-11-19 00:40,2024-11-19 01:08,2024-11-19 02:18
LAB722062,ENC109268,PT11121,K,Potassium,4.4,mmol/L,3.5,5.1,N,STAT,2024-11-19 01:25,2024-11-19 01:36,2024-11-19 03:08
LAB722063,ENC109268,PT11121,TROP,"Troponin I, High Sensitivity",75,ng/L,0,34,H,STAT,2024-11-19 01:28,2024-11-19 02:01,2024-11-19 04:05
LAB722064,ENC109268,PT11121,BNP,B-Type Natriuretic Peptide,1399,pg/mL,0,100,H,STAT,2024-11-19 01:27,2024-11-19 01:55,2024-11-19 02:39
LAB722065,ENC109269,PT10626,GLU,Glucose,90,mg/dL,70,99,N,Routine,2024-11-19 01:29,2024-11-19 01:45,2024-11-19 04:42
LAB722066,ENC109269,PT10626,CREAT,Creatinine,1.81,mg/dL,0.6,1.3,H,STAT,2024-11-19 01:54,2024-11-19 02:18,2024-11-19 02:50
LAB722067,ENC109269,PT10626,WBC,White Blood Cell Count,11.8,K/uL,4.5,11,H,STAT,2024-11-19 01:38,2024-11-19 01:58,2024-11-19 02:23
LAB722068,ENC109269,PT10626,HGB,Hemoglobin,9,g/dL,12,17.5,L,STAT,2024-11-19 02:10,2024-11-19 02:39,2024-11-19 03:24
LAB722069,ENC109269,PT10626,NA,Sodium,137,mmol/L,136,145,N,Routine,2024-11-19 01:37,2024-11-19 01:42,2024-11-19 04:39
LAB722070,ENC109269,PT10626,K,Potassium,4.2,mmol/L,3.5,5.1,N,STAT,2024-11-19 02:01,2024-11-19 02:12,2024-11-19 03:43
LAB722071,ENC109269,PT10626,LACT,Lactate,2.1,mmol/L,0.5,2,H,STAT,2024-11-19 02:05,2024-11-19 02:37,2024-11-19 03:23
LAB722072,ENC109270,PT12024,GLU,Glucose,100,mg/dL,70,99,H,STAT,2024-11-19 02:09,2024-11-19 02:21,2024-11-19 02:50
LAB722073,ENC109270,PT12024,CREAT,Creatinine,1.08,mg/dL,0.6,1.3,N,Routine,2024-11-19 02:12,2024-11-19 02:16,2024-11-19 04:50
LAB722074,ENC109270,PT12024,WBC,White Blood Cell Count,7.7,K/uL,4.5,11,N,STAT,2024-11-19 02:43,2024-11-19 03:00,2024-11-19 03:31
LAB722075,ENC109270,PT12024,HGB,Hemoglobin,15.8,g/dL,12,17.5,N,Routine,2024-11-19 02:19,2024-11-19 02:31,2024-11-19 04:32
LAB722076,ENC109270,PT12024,TROP,"Troponin I, High Sensitivity",2518,ng/L,0,34,H,STAT,2024-11-19 02:08,2024-11-19 02:42,2024-11-19 03:14
LAB722077,ENC109271,PT11831,GLU,Glucose,112,mg/dL,70,99,H,Routine,2024-11-19 00:13,2024-11-19 00:37,2024-11-19 03:49
LAB722078,ENC109271,PT11831,CREAT,Creatinine,0.98,mg/dL,0.6,1.3,N,Routine,2024-11-19 00:43,2024-11-19 00:52,2024-11-19 03:20
LAB722079,ENC109271,PT11831,WBC,White Blood Cell Count,7,K/uL,4.5,11,N,STAT,2024-11-19 00:46,2024-11-19 01:20,2024-11-19 01:37
LAB722080,ENC109271,PT11831,HGB,Hemoglobin,9.8,g/dL,12,17.5,L,STAT,2024-11-19 00:08,2024-11-19 00:39,2024-11-19 01:15
LAB722081,ENC109271,PT11831,TROP,"Troponin I, High Sensitivity",173,ng/L,0,34,H,STAT,2024-11-18 23:53,2024-11-19 00:04,2024-11-19 00:44
LAB722082,ENC109272,PT11912,GLU,Glucose,16,mg/dL,70,99,LL,STAT,2024-11-19 04:31,2024-11-19 05:02,2024-11-19 05:34
LAB722083,ENC109272,PT11912,CREAT,Creatinine,0.52,mg/dL,0.6,1.3,L,STAT,2024-11-19 04:48,2024-11-19 05:05,2024-11-19 05:28
LAB722084,ENC109272,PT11912,WBC,White Blood Cell Count,15,K/uL,4.5,11,H,STAT,2024-11-19 04:29,2024-11-19 04:34,2024-11-19 05:07
LAB722085,ENC109272,PT11912,HGB,Hemoglobin,13.6,g/dL,12,17.5,N,STAT,2024-11-19 04:08,2024-11-19 04:29,2024-11-19 05:59
LAB722086,ENC109272,PT11912,LACT,Lactate,2.2,mmol/L,0.5,2,H,STAT,2024-11-19 04:55,2024-11-19 05:03,2024-11-19 06:01
LAB722087,ENC109273,PT10719,GLU,Glucose,220,mg/dL,70,99,H,STAT,2024-11-19 03:28,2024-11-19 03:51,2024-11-19 04:22
LAB722088,ENC109273,PT10719,CREAT,Creatinine,1.32,mg/dL,0.6,1.3,H,STAT,2024-11-19 03:08,2024-11-19 03:37,2024-11-19 04:28
LAB722089,ENC109273,PT10719,WBC,White Blood Cell Count,16.1,K/uL,4.5,11,H,Routine,2024-11-19 03:13,2024-11-19 03:44,2024-11-19 06:07
LAB722090,ENC109273,PT10719,HGB,Hemoglobin,14.5,g/dL,12,17.5,N,Routine,2024-11-19 02:28,2024-11-19 02:34,2024-11-19 05:42
LAB722091,ENC109273,PT10719,LACT,Lactate,3.9,mmol/L,0.5,2,H,STAT,2024-11-19 02:49,2024-11-19 03:10,2024-11-19 04:28
LAB722092,ENC109274,PT13985,GLU,Glucose,278,mg/dL,70,99,H,STAT,2024-11-19 08:09,2024-11-19 08:18,2024-11-19 09:28
LAB722093,ENC109274,PT13985,CREAT,Creatinine,1.06,mg/dL,0.6,1.3,N,STAT,2024-11-19 07:16,2024-11-19 07:25,2024-11-19 08:34
LAB722094,ENC109274,PT13985,WBC,White Blood Cell Count,6.3,K/uL,4.5,11,N,Routine,2024-11-19 08:01,2024-11-19 08:18,2024-11-19 12:36
LAB722095,ENC109274,PT13985,HGB,Hemoglobin,15.2,g/dL,12,17.5,N,STAT,2024-11-19 07:27,2024-11-19 07:49,2024-11-19 08:22
LAB722096,ENC109274,PT13985,A1C,Hemoglobin A1c,9.8,%,4,5.6,H,Routine,2024-11-19 07:41,2024-11-19 07:48,2024-11-19 13:45
LAB722097,ENC109277,PT10805,GLU,Glucose,106,mg/dL,70,99,H,STAT,2024-11-19 12:52,2024-11-19 13:26,2024-11-19 13:59
LAB722098,ENC109277,PT10805,CREAT,Creatinine,0.93,mg/dL,0.6,1.3,N,STAT,2024-11-19 12:39,2024-11-19 13:10,2024-11-19 14:21
LAB722099,ENC109277,PT10805,WBC,White Blood Cell Count,0.9,K/uL,4.5,11,LL,STAT,2024-11-19 12:15,2024-11-19 12:27,2024-11-19 13:18
LAB722100,ENC109277,PT10805,HGB,Hemoglobin,11.5,g/dL,12,17.5,L,STAT,2024-11-19 12:24,2024-11-19 12:36,2024-11-19 13:08
LAB722101,ENC109277,PT10805,NA,Sodium,139,mmol/L,136,145,N,Routine,2024-11-19 12:47,2024-11-19 13:08,2024-11-19 14:51
LAB722102,ENC109277,PT10805,K,Potassium,4.2,mmol/L,3.5,5.1,N,STAT,2024-11-19 12:22,2024-11-19 12:48,2024-11-19 14:32
LAB722103,ENC109278,PT13156,GLU,Glucose,91,mg/dL,70,99,N,Routine,2024-11-19 09:43,2024-11-19 09:54,2024-11-19 11:56
LAB722104,ENC109278,PT13156,CREAT,Creatinine,1.63,mg/dL,0.6,1.3,H,Routine,2024-11-19 10:02,2024-11-19 10:31,2024-11-19 15:45
LAB722105,ENC109278,PT13156,WBC,White Blood Cell Count,8.2,K/uL,4.5,11,N,STAT,2024-11-19 10:11,2024-11-19 10:19,2024-11-19 11:04
LAB722106,ENC109279,PT12963,A1C,Hemoglobin A1c,5.2,%,4,5.6,N,Routine,2024-11-19 09:37,2024-11-19 09:43,2024-11-19 19:21
LAB722107,ENC109279,PT12963,GLU,Glucose,93,mg/dL,70,99,N,Routine,2024-11-19 09:46,2024-11-19 10:12,2024-11-19 11:17
LAB722108,ENC109279,PT12963,CREAT,Creatinine,0.61,mg/dL,0.6,1.3,N,Routine,2024-11-19 09:39,2024-11-19 09:50,2024-11-19 11:27
LAB722109,ENC109281,PT13292,LDL,LDL Cholesterol,51,mg/dL,0,99,N,Routine,2024-11-19 11:30,2024-11-19 11:54,2024-11-19 17:12
LAB722110,ENC109282,PT11850,A1C,Hemoglobin A1c,5.4,%,4,5.6,N,Routine,2024-11-19 13:20,2024-11-19 13:35,2024-11-20 05:40
LAB722111,ENC109282,PT11850,GLU,Glucose,113,mg/dL,70,99,H,Routine,2024-11-19 13:12,2024-11-19 13:18,2024-11-19 16:08
LAB722112,ENC109282,PT11850,CREAT,Creatinine,1.21,mg/dL,0.6,1.3,N,Routine,2024-11-19 13:18,2024-11-19 13:35,2024-11-19 21:02
LAB722113,ENC109284,PT13788,A1C,Hemoglobin A1c,8.6,%,4,5.6,H,Routine,2024-11-19 14:45,2024-11-19 14:55,2024-11-20 06:52
LAB722114,ENC109286,PT12198,GLU,Glucose,210,mg/dL,70,99,H,Routine,2024-11-19 15:37,2024-11-19 15:56,2024-11-19 18:22
LAB722115,ENC109286,PT12198,CREAT,Creatinine,0.96,mg/dL,0.6,1.3,N,Routine,2024-11-19 14:50,2024-11-19 15:25,2024-11-19 21:31
LAB722116,ENC109286,PT12198,WBC,White Blood Cell Count,14.8,K/uL,4.5,11,H,Routine,2024-11-19 14:56,2024-11-19 15:06,2024-11-19 17:20
LAB722117,ENC109286,PT12198,HGB,Hemoglobin,12.9,g/dL,12,17.5,N,STAT,2024-11-19 15:48,2024-11-19 15:59,2024-11-19 16:47
LAB722118,ENC109286,PT12198,LACT,Lactate,3.8,mmol/L,0.5,2,H,STAT,2024-11-19 15:35,2024-11-19 15:49,2024-11-19 18:11
LAB722119,ENC109287,PT10843,GLU,Glucose,120,mg/dL,70,99,H,STAT,2024-11-19 18:02,2024-11-19 18:16,2024-11-19 18:52
LAB722120,ENC109287,PT10843,CREAT,Creatinine,1.24,mg/dL,0.6,1.3,N,STAT,2024-11-19 17:47,2024-11-19 18:19,2024-11-19 19:13
LAB722121,ENC109287,PT10843,WBC,White Blood Cell Count,9.1,K/uL,4.5,11,N,STAT,2024-11-19 18:09,2024-11-19 18:39,2024-11-19 19:20
LAB722122,ENC109287,PT10843,HGB,Hemoglobin,11.5,g/dL,12,17.5,L,Routine,2024-11-19 18:12,2024-11-19 18:43,2024-11-20 00:00
LAB722123,ENC109287,PT10843,TROP,"Troponin I, High Sensitivity",970,ng/L,0,34,H,STAT,2024-11-19 18:51,2024-11-19 19:11,2024-11-19 19:57
LAB722124,ENC109291,PT10299,A1C,Hemoglobin A1c,9.3,%,4,5.6,H,Routine,2024-11-19 16:45,2024-11-19 17:16,2024-11-20 03:25
LAB722125,ENC109291,PT10299,GLU,Glucose,419,mg/dL,70,99,H,Routine,2024-11-19 16:49,2024-11-19 16:56,2024-11-19 19:29
LAB722126,ENC109291,PT10299,CREAT,Creatinine,0.95,mg/dL,0.6,1.3,N,Routine,2024-11-19 16:54,2024-11-19 17:13,2024-11-19 18:50
LAB722127,ENC109292,PT12696,LDL,LDL Cholesterol,75,mg/dL,0,99,N,Routine,2024-11-19 16:37,2024-11-19 17:05,2024-11-20 10:30
LAB722128,ENC109293,PT13981,GLU,Glucose,75,mg/dL,70,99,N,STAT,2024-11-19 18:02,2024-11-19 18:19,2024-11-19 19:23
LAB722129,ENC109293,PT13981,CREAT,Creatinine,0.98,mg/dL,0.6,1.3,N,STAT,2024-11-19 18:57,2024-11-19 19:13,2024-11-19 20:11
LAB722130,ENC109294,PT10662,GLU,Glucose,109,mg/dL,70,99,H,STAT,2024-11-19 22:52,2024-11-19 22:57,2024-11-19 23:55
LAB722131,ENC109294,PT10662,CREAT,Creatinine,0.86,mg/dL,0.6,1.3,N,STAT,2024-11-19 22:33,2024-11-19 22:56,2024-11-19 23:34
LAB722132,ENC109294,PT10662,WBC,White Blood Cell Count,8.3,K/uL,4.5,11,N,STAT,2024-11-19 22:00,2024-11-19 22:33,2024-11-19 23:18
LAB722133,ENC109294,PT10662,HGB,Hemoglobin,11.9,g/dL,12,17.5,L,STAT,2024-11-19 22:02,2024-11-19 22:27,2024-11-19 22:56
LAB722134,ENC109294,PT10662,INR,Prothrombin Time INR,1.1,ratio,0.8,1.2,N,STAT,2024-11-19 22:45,2024-11-19 23:07,2024-11-19 23:46
LAB722135,ENC109296,PT10640,GLU,Glucose,100,mg/dL,70,99,H,STAT,2024-11-19 21:46,2024-11-19 22:07,2024-11-19 22:52
LAB722136,ENC109296,PT10640,CREAT,Creatinine,1.02,mg/dL,0.6,1.3,N,STAT,2024-11-19 22:04,2024-11-19 22:35,2024-11-19 23:35
LAB722137,ENC109296,PT10640,WBC,White Blood Cell Count,7.4,K/uL,4.5,11,N,STAT,2024-11-19 21:46,2024-11-19 22:12,2024-11-19 22:38
LAB722138,ENC109296,PT10640,HGB,Hemoglobin,16,g/dL,12,17.5,N,Routine,2024-11-19 22:11,2024-11-19 22:19,2024-11-20 05:00
LAB722139,ENC109297,PT10706,GLU,Glucose,207,mg/dL,70,99,H,Routine,2024-11-20 01:23,2024-11-20 01:44,2024-11-20 03:39
LAB722140,ENC109297,PT10706,CREAT,Creatinine,0.98,mg/dL,0.6,1.3,N,Routine,2024-11-20 01:26,2024-11-20 01:45,2024-11-20 05:52
LAB722141,ENC109297,PT10706,WBC,White Blood Cell Count,6.7,K/uL,4.5,11,N,STAT,2024-11-20 00:52,2024-11-20 01:25,2024-11-20 02:06
LAB722142,ENC109297,PT10706,HGB,Hemoglobin,12.3,g/dL,12,17.5,N,Routine,2024-11-20 00:59,2024-11-20 01:32,2024-11-20 03:41
LAB722143,ENC109297,PT10706,NA,Sodium,129,mmol/L,136,145,L,Routine,2024-11-20 01:05,2024-11-20 01:20,2024-11-20 02:41
LAB722144,ENC109297,PT10706,K,Potassium,4,mmol/L,3.5,5.1,N,STAT,2024-11-20 01:32,2024-11-20 01:47,2024-11-20 02:38
LAB722145,ENC109297,PT10706,BUN,Blood Urea Nitrogen,10,mg/dL,7,20,N,Routine,2024-11-20 01:05,2024-11-20 01:16,2024-11-20 02:58
LAB722146,ENC109297,PT10706,PLT,Platelet Count,195,K/uL,150,400,N,STAT,2024-11-20 01:46,2024-11-20 02:11,2024-11-20 03:40
LAB722147,ENC109299,PT11055,GLU,Glucose,103,mg/dL,70,99,H,STAT,2024-11-20 11:53,2024-11-20 12:13,2024-11-20 12:45
LAB722148,ENC109299,PT11055,CREAT,Creatinine,2.64,mg/dL,0.6,1.3,H,STAT,2024-11-20 12:19,2024-11-20 12:24,2024-11-20 13:17
LAB722149,ENC109299,PT11055,WBC,White Blood Cell Count,4.6,K/uL,4.5,11,N,STAT,2024-11-20 12:23,2024-11-20 12:33,2024-11-20 13:10
LAB722150,ENC109299,PT11055,HGB,Hemoglobin,11.5,g/dL,12,17.5,L,STAT,2024-11-20 12:40,2024-11-20 13:04,2024-11-20 13:38
LAB722151,ENC109300,PT11256,GLU,Glucose,111,mg/dL,70,99,H,STAT,2024-11-20 12:44,2024-11-20 12:55,2024-11-20 13:41
LAB722152,ENC109300,PT11256,CREAT,Creatinine,0.89,mg/dL,0.6,1.3,N,STAT,2024-11-20 12:20,2024-11-20 12:50,2024-11-20 13:54
LAB722153,ENC109300,PT11256,WBC,White Blood Cell Count,6.5,K/uL,4.5,11,N,STAT,2024-11-20 12:33,2024-11-20 12:44,2024-11-20 13:12
LAB722154,ENC109300,PT11256,HGB,Hemoglobin,12.8,g/dL,12,17.5,N,STAT,2024-11-20 12:50,2024-11-20 13:25,2024-11-20 14:00
LAB722155,ENC109300,PT11256,TROP,"Troponin I, High Sensitivity",39,ng/L,0,34,H,STAT,2024-11-20 12:35,2024-11-20 12:43,2024-11-20 13:06
LAB722156,ENC109300,PT11256,BNP,B-Type Natriuretic Peptide,825,pg/mL,0,100,H,STAT,2024-11-20 12:13,2024-11-20 12:31,2024-11-20 13:34
LAB722157,ENC109301,PT10431,GLU,Glucose,113,mg/dL,70,99,H,Routine,2024-11-20 11:58,2024-11-20 12:25,2024-11-20 13:53
LAB722158,ENC109301,PT10431,CREAT,Creatinine,0.86,mg/dL,0.6,1.3,N,Routine,2024-11-20 11:43,2024-11-20 11:54,2024-11-20 16:40
LAB722159,ENC109301,PT10431,WBC,White Blood Cell Count,8.1,K/uL,4.5,11,N,STAT,2024-11-20 11:08,2024-11-20 11:36,2024-11-20 13:03
LAB722160,ENC109301,PT10431,HGB,Hemoglobin,14.4,g/dL,12,17.5,N,STAT,2024-11-20 11:39,2024-11-20 12:12,2024-11-20 13:07
LAB722161,ENC109301,PT10431,TROP,"Troponin I, High Sensitivity",1166,ng/L,0,34,H,STAT,2024-11-20 12:09,2024-11-20 12:28,2024-11-20 13:35
LAB722162,ENC109302,PT10417,A1C,Hemoglobin A1c,5.5,%,4,5.6,N,Routine,2024-11-20 08:53,2024-11-20 09:21,2024-11-20 21:23
LAB722163,ENC109304,PT13013,GLU,Glucose,102,mg/dL,70,99,H,Routine,2024-11-20 10:14,2024-11-20 10:44,2024-11-20 13:42
LAB722164,ENC109304,PT13013,CREAT,Creatinine,0.31,mg/dL,0.6,1.3,L,STAT,2024-11-20 09:21,2024-11-20 09:31,2024-11-20 10:11
LAB722165,ENC109304,PT13013,WBC,White Blood Cell Count,12.4,K/uL,4.5,11,H,STAT,2024-11-20 10:03,2024-11-20 10:30,2024-11-20 11:41
LAB722166,ENC109304,PT13013,HGB,Hemoglobin,12.5,g/dL,12,17.5,N,STAT,2024-11-20 09:51,2024-11-20 10:15,2024-11-20 10:46
LAB722167,ENC109305,PT10012,A1C,Hemoglobin A1c,5.8,%,4,5.6,H,Routine,2024-11-20 09:30,2024-11-20 09:42,2024-11-20 19:55
LAB722168,ENC109306,PT12671,WBC,White Blood Cell Count,8,K/uL,4.5,11,N,Routine,2024-11-20 10:07,2024-11-20 10:30,2024-11-20 12:07
LAB722169,ENC109306,PT12671,HGB,Hemoglobin,12.7,g/dL,12,17.5,N,Routine,2024-11-20 10:07,2024-11-20 10:39,2024-11-20 15:05
LAB722170,ENC109306,PT12671,PLT,Platelet Count,293,K/uL,150,400,N,Routine,2024-11-20 10:30,2024-11-20 10:34,2024-11-20 14:59
LAB722171,ENC109308,PT12038,GLU,Glucose,101,mg/dL,70,99,H,STAT,2024-11-20 11:53,2024-11-20 12:13,2024-11-20 12:51
LAB722172,ENC109308,PT12038,CREAT,Creatinine,1.24,mg/dL,0.6,1.3,N,STAT,2024-11-20 11:39,2024-11-20 12:14,2024-11-20 13:11
LAB722173,ENC109308,PT12038,WBC,White Blood Cell Count,7.3,K/uL,4.5,11,N,STAT,2024-11-20 12:09,2024-11-20 12:22,2024-11-20 12:38
LAB722174,ENC109308,PT12038,HGB,Hemoglobin,12.9,g/dL,12,17.5,N,Routine,2024-11-20 12:08,2024-11-20 12:34,2024-11-20 14:12
LAB722175,ENC109310,PT10764,GLU,Glucose,84,mg/dL,70,99,N,STAT,2024-11-20 14:38,2024-11-20 15:09,2024-11-20 15:54
LAB722176,ENC109310,PT10764,CREAT,Creatinine,1.1,mg/dL,0.6,1.3,N,STAT,2024-11-20 14:27,2024-11-20 14:47,2024-11-20 15:30
LAB722177,ENC109310,PT10764,WBC,White Blood Cell Count,8.3,K/uL,4.5,11,N,STAT,2024-11-20 14:43,2024-11-20 15:17,2024-11-20 15:59
LAB722178,ENC109310,PT10764,HGB,Hemoglobin,13.5,g/dL,12,17.5,N,STAT,2024-11-20 15:05,2024-11-20 15:38,2024-11-20 17:32
LAB722179,ENC109310,PT10764,NA,Sodium,138,mmol/L,136,145,N,Routine,2024-11-20 15:15,2024-11-20 15:26,2024-11-20 16:07
LAB722180,ENC109310,PT10764,K,Potassium,4.1,mmol/L,3.5,5.1,N,STAT,2024-11-20 14:21,2024-11-20 14:54,2024-11-20 15:35
LAB722181,ENC109313,PT12138,A1C,Hemoglobin A1c,10,%,4,5.6,H,Routine,2024-11-20 14:30,2024-11-20 14:41,2024-11-21 01:45
LAB722182,ENC109315,PT12358,GLU,Glucose,110,mg/dL,70,99,H,STAT,2024-11-20 15:31,2024-11-20 15:55,2024-11-20 16:59
LAB722183,ENC109315,PT12358,CREAT,Creatinine,0.88,mg/dL,0.6,1.3,N,Routine,2024-11-20 15:05,2024-11-20 15:38,2024-11-20 19:40
LAB722184,ENC109318,PT11329,GLU,Glucose,198,mg/dL,70,99,H,Routine,2024-11-20 18:45,2024-11-20 19:08,2024-11-20 22:20
LAB722185,ENC109318,PT11329,CREAT,Creatinine,1.07,mg/dL,0.6,1.3,N,STAT,2024-11-20 18:55,2024-11-20 19:03,2024-11-20 19:48
LAB722186,ENC109318,PT11329,WBC,White Blood Cell Count,8.4,K/uL,4.5,11,N,Routine,2024-11-20 19:08,2024-11-20 19:24,2024-11-20 22:09
LAB722187,ENC109318,PT11329,HGB,Hemoglobin,13.6,g/dL,12,17.5,N,Routine,2024-11-20 18:43,2024-11-20 18:59,2024-11-21 00:39
LAB722188,ENC109318,PT11329,TROP,"Troponin I, High Sensitivity",14,ng/L,0,34,N,STAT,2024-11-20 18:10,2024-11-20 18:38,2024-11-20 19:23
LAB722189,ENC109318,PT11329,BNP,B-Type Natriuretic Peptide,786,pg/mL,0,100,H,Routine,2024-11-20 18:38,2024-11-20 19:11,2024-11-20 20:39
LAB722190,ENC109319,PT10231,LDL,LDL Cholesterol,150,mg/dL,0,99,H,Routine,2024-11-20 16:12,2024-11-20 16:40,2024-11-21 02:46
LAB722191,ENC109321,PT10915,WBC,White Blood Cell Count,9.1,K/uL,4.5,11,N,Routine,2024-11-20 16:09,2024-11-20 16:18,2024-11-20 17:20
LAB722192,ENC109321,PT10915,HGB,Hemoglobin,14.6,g/dL,12,17.5,N,Routine,2024-11-20 16:11,2024-11-20 16:31,2024-11-20 19:49
LAB722193,ENC109321,PT10915,PLT,Platelet Count,247,K/uL,150,400,N,Routine,2024-11-20 16:05,2024-11-20 16:33,2024-11-20 19:26
LAB722194,ENC109323,PT13313,GLU,Glucose,108,mg/dL,70,99,H,Routine,2024-11-20 19:25,2024-11-20 19:51,2024-11-21 01:30
LAB722195,ENC109323,PT13313,CREAT,Creatinine,0.41,mg/dL,0.6,1.3,L,Routine,2024-11-20 19:43,2024-11-20 19:51,2024-11-20 22:56
LAB722196,ENC109323,PT13313,WBC,White Blood Cell Count,10.4,K/uL,4.5,11,N,STAT,2024-11-20 19:08,2024-11-20 19:22,2024-11-20 20:15
LAB722197,ENC109323,PT13313,HGB,Hemoglobin,13.7,g/dL,12,17.5,N,STAT,2024-11-20 19:33,2024-11-20 19:45,2024-11-20 20:22
LAB722198,ENC109324,PT13162,GLU,Glucose,221,mg/dL,70,99,H,STAT,2024-11-20 22:34,2024-11-20 22:38,2024-11-20 23:10
LAB722199,ENC109324,PT13162,CREAT,Creatinine,0.86,mg/dL,0.6,1.3,N,STAT,2024-11-20 23:35,2024-11-20 23:57,2024-11-21 00:42
LAB722200,ENC109325,PT10697,GLU,Glucose,100,mg/dL,70,99,H,Routine,2024-11-21 00:59,2024-11-21 01:11,2024-11-21 02:42
LAB722201,ENC109325,PT10697,CREAT,Creatinine,1.05,mg/dL,0.6,1.3,N,STAT,2024-11-21 01:42,2024-11-21 01:50,2024-11-21 02:28
LAB722202,ENC109325,PT10697,WBC,White Blood Cell Count,14.6,K/uL,4.5,11,H,Routine,2024-11-21 01:28,2024-11-21 01:57,2024-11-21 03:44
LAB722203,ENC109327,PT12516,TROP,"Troponin I, High Sensitivity",1,ng/L,0,34,N,STAT,2024-11-21 05:26,2024-11-21 06:01,2024-11-21 06:45
LAB722204,ENC109330,PT10347,LDL,LDL Cholesterol,65,mg/dL,0,99,N,Routine,2024-11-21 09:23,2024-11-21 09:41,2024-11-22 00:13
LAB722205,ENC109330,PT10347,TSH,Thyroid Stimulating Hormone,0.35,mIU/L,0.4,4,L,Routine,2024-11-21 09:10,2024-11-21 09:24,2024-11-21 13:05
LAB722206,ENC109331,PT13933,GLU,Glucose,161,mg/dL,70,99,H,STAT,2024-11-21 13:43,2024-11-21 14:17,2024-11-21 14:47
LAB722207,ENC109331,PT13933,CREAT,Creatinine,0.99,mg/dL,0.6,1.3,N,Routine,2024-11-21 13:12,2024-11-21 13:21,2024-11-21 16:14
LAB722208,ENC109331,PT13933,WBC,White Blood Cell Count,15.2,K/uL,4.5,11,H,STAT,2024-11-21 13:19,2024-11-21 13:34,2024-11-21 14:48
LAB722209,ENC109331,PT13933,HGB,Hemoglobin,13.6,g/dL,12,17.5,N,STAT,2024-11-21 13:46,2024-11-21 14:20,2024-11-21 14:52
LAB722210,ENC109332,PT11570,A1C,Hemoglobin A1c,12,%,4,5.6,H,Routine,2024-11-21 09:22,2024-11-21 09:41,2024-11-22 19:37
LAB722211,ENC109335,PT12146,GLU,Glucose,206,mg/dL,70,99,H,STAT,2024-11-21 11:21,2024-11-21 11:39,2024-11-21 12:41
LAB722212,ENC109335,PT12146,CREAT,Creatinine,0.79,mg/dL,0.6,1.3,N,STAT,2024-11-21 11:16,2024-11-21 11:29,2024-11-21 12:12
LAB722213,ENC109335,PT12146,WBC,White Blood Cell Count,15.6,K/uL,4.5,11,H,Routine,2024-11-21 11:03,2024-11-21 11:28,2024-11-21 13:38
LAB722214,ENC109335,PT12146,HGB,Hemoglobin,14.5,g/dL,12,17.5,N,Routine,2024-11-21 11:11,2024-11-21 11:20,2024-11-21 14:30
LAB722215,ENC109338,PT13325,LDL,LDL Cholesterol,88,mg/dL,0,99,N,Routine,2024-11-21 11:27,2024-11-21 12:01,2024-11-22 00:05
LAB722216,ENC109340,PT10506,GLU,Glucose,175,mg/dL,70,99,H,Routine,2024-11-21 15:22,2024-11-21 15:53,2024-11-21 18:21
LAB722217,ENC109340,PT10506,CREAT,Creatinine,1.15,mg/dL,0.6,1.3,N,STAT,2024-11-21 15:43,2024-11-21 15:52,2024-11-21 16:20
LAB722218,ENC109340,PT10506,WBC,White Blood Cell Count,14.2,K/uL,4.5,11,H,STAT,2024-11-21 15:10,2024-11-21 15:22,2024-11-21 16:07
LAB722219,ENC109340,PT10506,HGB,Hemoglobin,13.6,g/dL,12,17.5,N,STAT,2024-11-21 15:33,2024-11-21 15:55,2024-11-21 16:54
LAB722220,ENC109340,PT10506,LACT,Lactate,3.1,mmol/L,0.5,2,H,STAT,2024-11-21 16:07,2024-11-21 16:20,2024-11-21 17:05
LAB722221,ENC109342,PT12784,GLU,Glucose,256,mg/dL,70,99,H,STAT,2024-11-21 13:03,2024-11-21 13:09,2024-11-21 13:43
LAB722222,ENC109342,PT12784,CREAT,Creatinine,1.2,mg/dL,0.6,1.3,N,Routine,2024-11-21 12:57,2024-11-21 13:32,2024-11-21 16:52
LAB722223,ENC109342,PT12784,WBC,White Blood Cell Count,6.1,K/uL,4.5,11,N,STAT,2024-11-21 14:00,2024-11-21 14:08,2024-11-21 14:59
LAB722224,ENC109342,PT12784,HGB,Hemoglobin,13.1,g/dL,12,17.5,N,Routine,2024-11-21 13:31,2024-11-21 14:03,2024-11-21 17:19
LAB722225,ENC109343,PT13631,LDL,LDL Cholesterol,134,mg/dL,0,99,H,Routine,2024-11-21 13:28,2024-11-21 13:35,2024-11-22 10:16
LAB722226,ENC109343,PT13631,A1C,Hemoglobin A1c,5.1,%,4,5.6,N,Routine,2024-11-21 13:10,2024-11-21 13:43,2024-11-21 23:25
LAB722227,ENC109344,PT10307,GLU,Glucose,81,mg/dL,70,99,N,STAT,2024-11-21 18:58,2024-11-21 19:26,2024-11-21 19:57
LAB722228,ENC109344,PT10307,CREAT,Creatinine,1.03,mg/dL,0.6,1.3,N,Routine,2024-11-21 18:12,2024-11-21 18:16,2024-11-21 20:06
LAB722229,ENC109344,PT10307,WBC,White Blood Cell Count,6,K/uL,4.5,11,N,STAT,2024-11-21 18:24,2024-11-21 18:51,2024-11-21 19:43
LAB722230,ENC109344,PT10307,HGB,Hemoglobin,5.8,g/dL,12,17.5,LL,Routine,2024-11-21 18:36,2024-11-21 18:40,2024-11-21 22:39
LAB722231,ENC109344,PT10307,INR,Prothrombin Time INR,1,ratio,0.8,1.2,N,Routine,2024-11-21 18:29,2024-11-21 19:00,2024-11-22 00:53
LAB722232,ENC109347,PT11395,GLU,Glucose,189,mg/dL,70,99,H,STAT,2024-11-21 19:22,2024-11-21 19:47,2024-11-21 20:39
LAB722233,ENC109347,PT11395,CREAT,Creatinine,1.16,mg/dL,0.6,1.3,N,STAT,2024-11-21 19:40,2024-11-21 20:08,2024-11-21 20:45
LAB722234,ENC109347,PT11395,WBC,White Blood Cell Count,7.1,K/uL,4.5,11,N,STAT,2024-11-21 19:21,2024-11-21 19:37,2024-11-21 20:15
LAB722235,ENC109347,PT11395,HGB,Hemoglobin,11.2,g/dL,12,17.5,L,STAT,2024-11-21 19:31,2024-11-21 20:04,2024-11-21 20:31
LAB722236,ENC109351,PT13643,GLU,Glucose,235,mg/dL,70,99,H,STAT,2024-11-21 17:52,2024-11-21 18:07,2024-11-21 18:49
LAB722237,ENC109351,PT13643,CREAT,Creatinine,1.12,mg/dL,0.6,1.3,N,STAT,2024-11-21 17:22,2024-11-21 17:44,2024-11-21 18:37
LAB722238,ENC109351,PT13643,WBC,White Blood Cell Count,7.9,K/uL,4.5,11,N,STAT,2024-11-21 17:46,2024-11-21 17:50,2024-11-21 18:33
LAB722239,ENC109351,PT13643,HGB,Hemoglobin,14.8,g/dL,12,17.5,N,STAT,2024-11-21 17:39,2024-11-21 17:56,2024-11-21 18:28
LAB722240,ENC109351,PT13643,TROP,"Troponin I, High Sensitivity",7,ng/L,0,34,N,STAT,2024-11-21 17:39,2024-11-21 18:11,2024-11-21 19:03
LAB722241,ENC109352,PT12729,GLU,Glucose,120,mg/dL,70,99,H,Routine,2024-11-21 17:44,2024-11-21 18:00,2024-11-21 22:51
LAB722242,ENC109352,PT12729,CREAT,Creatinine,0.95,mg/dL,0.6,1.3,N,Routine,2024-11-21 18:29,2024-11-21 19:02,2024-11-21 21:34
LAB722243,ENC109352,PT12729,WBC,White Blood Cell Count,12.1,K/uL,4.5,11,H,STAT,2024-11-21 18:29,2024-11-21 18:40,2024-11-21 19:13
LAB722244,ENC109353,PT12672,GLU,Glucose,181,mg/dL,70,99,H,STAT,2024-11-21 23:23,2024-11-21 23:32,2024-11-22 00:46
LAB722245,ENC109353,PT12672,CREAT,Creatinine,1.8,mg/dL,0.6,1.3,H,STAT,2024-11-21 23:03,2024-11-21 23:15,2024-11-21 23:53
LAB722246,ENC109353,PT12672,WBC,White Blood Cell Count,11.7,K/uL,4.5,11,H,STAT,2024-11-21 23:29,2024-11-21 23:33,2024-11-22 01:46
LAB722247,ENC109353,PT12672,HGB,Hemoglobin,11.3,g/dL,12,17.5,L,STAT,2024-11-21 23:02,2024-11-21 23:24,2024-11-21 23:52
LAB722248,ENC109353,PT12672,LACT,Lactate,2.2,mmol/L,0.5,2,H,STAT,2024-11-21 23:35,2024-11-21 23:43,2024-11-22 00:18
LAB722249,ENC109355,PT12378,GLU,Glucose,93,mg/dL,70,99,N,STAT,2024-11-21 21:52,2024-11-21 22:24,2024-11-21 22:57
LAB722250,ENC109355,PT12378,CREAT,Creatinine,0.59,mg/dL,0.6,1.3,L,STAT,2024-11-21 22:04,2024-11-21 22:14,2024-11-21 23:10
LAB722251,ENC109355,PT12378,WBC,White Blood Cell Count,5.3,K/uL,4.5,11,N,STAT,2024-11-21 21:44,2024-11-21 22:06,2024-11-21 23:08
LAB722252,ENC109355,PT12378,HGB,Hemoglobin,14.4,g/dL,12,17.5,N,Routine,2024-11-21 21:32,2024-11-21 21:56,2024-11-22 01:29
LAB722253,ENC109357,PT11544,GLU,Glucose,109,mg/dL,70,99,H,Routine,2024-11-22 11:17,2024-11-22 11:37,2024-11-22 14:10
LAB722254,ENC109357,PT11544,CREAT,Creatinine,0.57,mg/dL,0.6,1.3,L,Routine,2024-11-22 11:40,2024-11-22 12:00,2024-11-22 18:46
LAB722255,ENC109357,PT11544,WBC,White Blood Cell Count,3.8,K/uL,4.5,11,L,STAT,2024-11-22 11:08,2024-11-22 11:35,2024-11-22 12:29
LAB722256,ENC109357,PT11544,HGB,Hemoglobin,14.4,g/dL,12,17.5,N,STAT,2024-11-22 10:55,2024-11-22 11:29,2024-11-22 12:12
LAB722257,ENC109360,PT11399,GLU,Glucose,107,mg/dL,70,99,H,STAT,2024-11-22 12:55,2024-11-22 13:25,2024-11-22 13:57
LAB722258,ENC109360,PT11399,CREAT,Creatinine,0.66,mg/dL,0.6,1.3,N,Routine,2024-11-22 12:12,2024-11-22 12:27,2024-11-22 14:27
LAB722259,ENC109360,PT11399,WBC,White Blood Cell Count,7.6,K/uL,4.5,11,N,Routine,2024-11-22 12:36,2024-11-22 12:58,2024-11-22 15:21
LAB722260,ENC109360,PT11399,HGB,Hemoglobin,16.3,g/dL,12,17.5,N,STAT,2024-11-22 12:41,2024-11-22 13:04,2024-11-22 13:48
LAB722261,ENC109360,PT11399,TROP,"Troponin I, High Sensitivity",7,ng/L,0,34,N,STAT,2024-11-22 12:31,2024-11-22 12:56,2024-11-22 13:45
LAB722262,ENC109362,PT12668,WBC,White Blood Cell Count,8.3,K/uL,4.5,11,N,Routine,2024-11-22 10:35,2024-11-22 11:00,2024-11-22 13:30
LAB722263,ENC109362,PT12668,HGB,Hemoglobin,13.5,g/dL,12,17.5,N,Routine,2024-11-22 10:30,2024-11-22 11:02,2024-11-22 13:03
LAB722264,ENC109362,PT12668,PLT,Platelet Count,291,K/uL,150,400,N,Routine,2024-11-22 10:29,2024-11-22 10:33,2024-11-22 12:31
LAB722265,ENC109364,PT12631,GLU,Glucose,88,mg/dL,70,99,N,Routine,2024-11-22 16:36,2024-11-22 16:53,2024-11-22 18:41
LAB722266,ENC109364,PT12631,CREAT,Creatinine,0.92,mg/dL,0.6,1.3,N,Routine,2024-11-22 16:41,2024-11-22 16:58,2024-11-22 20:40
LAB722267,ENC109364,PT12631,WBC,White Blood Cell Count,6.9,K/uL,4.5,11,N,Routine,2024-11-22 16:38,2024-11-22 17:11,2024-11-22 20:18
LAB722268,ENC109364,PT12631,HGB,Hemoglobin,13.6,g/dL,12,17.5,N,STAT,2024-11-22 15:50,2024-11-22 16:09,2024-11-22 17:09
LAB722269,ENC109364,PT12631,BUN,Blood Urea Nitrogen,16,mg/dL,7,20,N,Routine,2024-11-22 16:52,2024-11-22 17:00,2024-11-22 20:30
LAB722270,ENC109364,PT12631,PLT,Platelet Count,318,K/uL,150,400,N,STAT,2024-11-22 15:48,2024-11-22 16:07,2024-11-22 17:05
LAB722271,ENC109364,PT12631,TROP,"Troponin I, High Sensitivity",7,ng/L,0,34,N,STAT,2024-11-22 16:11,2024-11-22 16:37,2024-11-22 17:30
LAB722272,ENC109366,PT13854,GLU,Glucose,195,mg/dL,70,99,H,Routine,2024-11-22 15:40,2024-11-22 16:04,2024-11-22 20:10
LAB722273,ENC109366,PT13854,CREAT,Creatinine,1.2,mg/dL,0.6,1.3,N,STAT,2024-11-22 15:58,2024-11-22 16:14,2024-11-22 16:39
LAB722274,ENC109366,PT13854,WBC,White Blood Cell Count,10.5,K/uL,4.5,11,N,Routine,2024-11-22 15:39,2024-11-22 15:52,2024-11-22 19:10
LAB722275,ENC109366,PT13854,HGB,Hemoglobin,14.5,g/dL,12,17.5,N,Routine,2024-11-22 16:42,2024-11-22 16:48,2024-11-22 18:37
LAB722276,ENC109366,PT13854,TROP,"Troponin I, High Sensitivity",54,ng/L,0,34,H,STAT,2024-11-22 15:48,2024-11-22 15:55,2024-11-22 16:41
LAB722277,ENC109366,PT13854,BNP,B-Type Natriuretic Peptide,652,pg/mL,0,100,H,Routine,2024-11-22 15:38,2024-11-22 15:46,2024-11-22 19:09
LAB722278,ENC109367,PT12060,WBC,White Blood Cell Count,5.3,K/uL,4.5,11,N,Routine,2024-11-22 12:57,2024-11-22 13:24,2024-11-22 15:47
LAB722279,ENC109367,PT12060,HGB,Hemoglobin,13.1,g/dL,12,17.5,N,Routine,2024-11-22 12:40,2024-11-22 13:13,2024-11-22 16:59
LAB722280,ENC109367,PT12060,PLT,Platelet Count,289,K/uL,150,400,N,Routine,2024-11-22 12:49,2024-11-22 13:04,2024-11-22 18:50
LAB722281,ENC109368,PT11357,TROP,"Troponin I, High Sensitivity",6,ng/L,0,34,N,STAT,2024-11-22 14:13,2024-11-22 14:19,2024-11-22 15:01
LAB722282,ENC109368,PT11357,BNP,B-Type Natriuretic Peptide,709,pg/mL,0,100,H,STAT,2024-11-22 13:36,2024-11-22 14:07,2024-11-22 15:00
LAB722283,ENC109369,PT13476,A1C,Hemoglobin A1c,10.6,%,4,5.6,H,STAT,2024-11-22 14:03,2024-11-22 14:29,2024-11-22 15:08
LAB722284,ENC109370,PT10781,GLU,Glucose,79,mg/dL,70,99,N,Routine,2024-11-22 15:44,2024-11-22 16:10,2024-11-22 20:08
LAB722285,ENC109370,PT10781,CREAT,Creatinine,1.28,mg/dL,0.6,1.3,N,STAT,2024-11-22 15:59,2024-11-22 16:33,2024-11-22 17:06
LAB722286,ENC109370,PT10781,WBC,White Blood Cell Count,8.9,K/uL,4.5,11,N,Routine,2024-11-22 16:18,2024-11-22 16:37,2024-11-22 18:39
LAB722287,ENC109370,PT10781,HGB,Hemoglobin,13,g/dL,12,17.5,N,Routine,2024-11-22 16:19,2024-11-22 16:40,2024-11-22 18:28
LAB722288,ENC109370,PT10781,TROP,"Troponin I, High Sensitivity",0,ng/L,0,34,N,STAT,2024-11-22 16:23,2024-11-22 16:45,2024-11-22 17:35
LAB722289,ENC109370,PT10781,BNP,B-Type Natriuretic Peptide,1372,pg/mL,0,100,H,Routine,2024-11-22 16:06,2024-11-22 16:14,2024-11-22 23:16
LAB722290,ENC109371,PT12731,A1C,Hemoglobin A1c,9.1,%,4,5.6,H,Routine,2024-11-22 13:59,2024-11-22 14:27,2024-11-22 22:09
LAB722291,ENC109376,PT11722,GLU,Glucose,77,mg/dL,70,99,N,STAT,2024-11-22 16:18,2024-11-22 16:44,2024-11-22 17:18
LAB722292,ENC109376,PT11722,CREAT,Creatinine,1.36,mg/dL,0.6,1.3,H,Routine,2024-11-22 16:25,2024-11-22 16:41,2024-11-22 21:24
LAB722293,ENC109376,PT11722,WBC,White Blood Cell Count,9.1,K/uL,4.5,11,N,Routine,2024-11-22 15:36,2024-11-22 15:42,2024-11-22 18:39
LAB722294,ENC109376,PT11722,HGB,Hemoglobin,13.4,g/dL,12,17.5,N,STAT,2024-11-22 16:23,2024-11-22 16:37,2024-11-22 17:09
LAB722295,ENC109377,PT11091,A1C,Hemoglobin A1c,9.8,%,4,5.6,H,Routine,2024-11-22 15:39,2024-11-22 15:46,2024-11-23 22:34
LAB722296,ENC109378,PT10821,GLU,Glucose,93,mg/dL,70,99,N,STAT,2024-11-22 19:09,2024-11-22 19:20,2024-11-22 20:05
LAB722297,ENC109378,PT10821,CREAT,Creatinine,1.04,mg/dL,0.6,1.3,N,STAT,2024-11-22 19:49,2024-11-22 20:24,2024-11-22 21:13
LAB722298,ENC109378,PT10821,WBC,White Blood Cell Count,10.2,K/uL,4.5,11,N,STAT,2024-11-22 19:26,2024-11-22 19:48,2024-11-22 20:45
LAB722299,ENC109378,PT10821,HGB,Hemoglobin,13,g/dL,12,17.5,N,Routine,2024-11-22 19:35,2024-11-22 19:40,2024-11-22 22:09
LAB722300,ENC109378,PT10821,NA,Sodium,141,mmol/L,136,145,N,STAT,2024-11-22 19:37,2024-11-22 19:44,2024-11-22 20:47
LAB722301,ENC109378,PT10821,K,Potassium,4,mmol/L,3.5,5.1,N,STAT,2024-11-22 19:55,2024-11-22 20:04,2024-11-22 21:14
LAB722302,ENC109379,PT13662,GLU,Glucose,120,mg/dL,70,99,H,STAT,2024-11-22 19:45,2024-11-22 20:15,2024-11-22 20:43
LAB722303,ENC109379,PT13662,CREAT,Creatinine,0.86,mg/dL,0.6,1.3,N,STAT,2024-11-22 20:25,2024-11-22 20:32,2024-11-22 20:58
LAB722304,ENC109379,PT13662,WBC,White Blood Cell Count,4.6,K/uL,4.5,11,N,STAT,2024-11-22 19:50,2024-11-22 19:56,2024-11-22 20:35
LAB722305,ENC109379,PT13662,HGB,Hemoglobin,11.9,g/dL,12,17.5,L,Routine,2024-11-22 19:58,2024-11-22 20:25,2024-11-23 00:17
LAB722306,ENC109379,PT13662,TROP,"Troponin I, High Sensitivity",6,ng/L,0,34,N,STAT,2024-11-22 19:35,2024-11-22 19:39,2024-11-22 20:12
LAB722307,ENC109380,PT13106,GLU,Glucose,76,mg/dL,70,99,N,Routine,2024-11-22 18:06,2024-11-22 18:22,2024-11-22 21:20
LAB722308,ENC109380,PT13106,CREAT,Creatinine,0.82,mg/dL,0.6,1.3,N,Routine,2024-11-22 18:26,2024-11-22 18:35,2024-11-22 19:54
LAB722309,ENC109380,PT13106,WBC,White Blood Cell Count,12.9,K/uL,4.5,11,H,Routine,2024-11-22 19:04,2024-11-22 19:08,2024-11-22 21:04
LAB722310,ENC109380,PT13106,HGB,Hemoglobin,13,g/dL,12,17.5,N,STAT,2024-11-22 18:53,2024-11-22 19:12,2024-11-22 19:43
LAB722311,ENC109381,PT11168,GLU,Glucose,123,mg/dL,70,99,H,STAT,2024-11-22 23:36,2024-11-22 23:43,2024-11-23 00:29
LAB722312,ENC109381,PT11168,CREAT,Creatinine,0.91,mg/dL,0.6,1.3,N,STAT,2024-11-22 23:41,2024-11-23 00:00,2024-11-23 00:38
LAB722313,ENC109381,PT11168,WBC,White Blood Cell Count,6.9,K/uL,4.5,11,N,Routine,2024-11-23 00:26,2024-11-23 00:43,2024-11-23 06:56
LAB722314,ENC109381,PT11168,HGB,Hemoglobin,14.3,g/dL,12,17.5,N,STAT,2024-11-23 00:04,2024-11-23 00:16,2024-11-23 01:11
LAB722315,ENC109381,PT11168,BUN,Blood Urea Nitrogen,13,mg/dL,7,20,N,STAT,2024-11-22 23:55,2024-11-23 00:30,2024-11-23 01:12
LAB722316,ENC109381,PT11168,PLT,Platelet Count,149,K/uL,150,400,L,STAT,2024-11-22 23:55,2024-11-23 00:04,2024-11-23 00:44
LAB722317,ENC109381,PT11168,INR,Prothrombin Time INR,1,ratio,0.8,1.2,N,STAT,2024-11-23 00:40,2024-11-23 01:12,2024-11-23 02:06
LAB722318,ENC109382,PT10603,GLU,Glucose,106,mg/dL,70,99,H,Routine,2024-11-22 21:17,2024-11-22 21:45,2024-11-22 23:43
LAB722319,ENC109382,PT10603,CREAT,Creatinine,0.96,mg/dL,0.6,1.3,N,Routine,2024-11-22 20:51,2024-11-22 21:01,2024-11-22 22:29
LAB722320,ENC109382,PT10603,WBC,White Blood Cell Count,5.1,K/uL,4.5,11,N,Routine,2024-11-22 20:52,2024-11-22 21:13,2024-11-22 22:50
LAB722321,ENC109382,PT10603,HGB,Hemoglobin,12.3,g/dL,12,17.5,N,STAT,2024-11-22 20:45,2024-11-22 21:05,2024-11-22 21:32
LAB722322,ENC109382,PT10603,BUN,Blood Urea Nitrogen,8,mg/dL,7,20,N,Routine,2024-11-22 21:04,2024-11-22 21:08,2024-11-23 00:47
LAB722323,ENC109382,PT10603,PLT,Platelet Count,271,K/uL,150,400,N,Routine,2024-11-22 21:23,2024-11-22 21:43,2024-11-23 00:11
LAB722324,ENC109383,PT13085,GLU,Glucose,150,mg/dL,70,99,H,STAT,2024-11-23 00:57,2024-11-23 01:25,2024-11-23 02:47
LAB722325,ENC109383,PT13085,CREAT,Creatinine,0.98,mg/dL,0.6,1.3,N,STAT,2024-11-23 00:49,2024-11-23 00:59,2024-11-23 01:48
LAB722326,ENC109383,PT13085,WBC,White Blood Cell Count,7.2,K/uL,4.5,11,N,STAT,2024-11-23 00:27,2024-11-23 00:41,2024-11-23 01:45
LAB722327,ENC109383,PT13085,HGB,Hemoglobin,13.4,g/dL,12,17.5,N,STAT,2024-11-23 00:49,2024-11-23 01:09,2024-11-23 02:30
LAB722328,ENC109383,PT13085,INR,Prothrombin Time INR,1,ratio,0.8,1.2,N,Routine,2024-11-23 01:12,2024-11-23 01:26,2024-11-23 06:44
LAB722329,ENC109385,PT11697,GLU,Glucose,106,mg/dL,70,99,H,STAT,2024-11-23 02:09,2024-11-23 02:44,2024-11-23 03:48
LAB722330,ENC109385,PT11697,CREAT,Creatinine,0.87,mg/dL,0.6,1.3,N,Routine,2024-11-23 02:18,2024-11-23 02:37,2024-11-23 04:25
LAB722331,ENC109385,PT11697,WBC,White Blood Cell Count,8.7,K/uL,4.5,11,N,Routine,2024-11-23 03:01,2024-11-23 03:07,2024-11-23 07:22
LAB722332,ENC109385,PT11697,HGB,Hemoglobin,11.3,g/dL,12,17.5,L,STAT,2024-11-23 02:52,2024-11-23 03:04,2024-11-23 03:27
LAB722333,ENC109387,PT11358,GLU,Glucose,98,mg/dL,70,99,N,STAT,2024-11-23 05:38,2024-11-23 05:56,2024-11-23 06:30
LAB722334,ENC109387,PT11358,CREAT,Creatinine,0.97,mg/dL,0.6,1.3,N,Routine,2024-11-23 06:05,2024-11-23 06:13,2024-11-23 09:07
LAB722335,ENC109387,PT11358,WBC,White Blood Cell Count,8.8,K/uL,4.5,11,N,STAT,2024-11-23 06:19,2024-11-23 06:49,2024-11-23 07:14
LAB722336,ENC109387,PT11358,HGB,Hemoglobin,13.2,g/dL,12,17.5,N,STAT,2024-11-23 06:00,2024-11-23 06:14,2024-11-23 08:04
LAB722337,ENC109388,PT12532,GLU,Glucose,110,mg/dL,70,99,H,STAT,2024-11-23 08:38,2024-11-23 08:42,2024-11-23 09:06
LAB722338,ENC109388,PT12532,CREAT,Creatinine,0.79,mg/dL,0.6,1.3,N,STAT,2024-11-23 08:58,2024-11-23 09:11,2024-11-23 09:43
LAB722339,ENC109388,PT12532,WBC,White Blood Cell Count,9.5,K/uL,4.5,11,N,STAT,2024-11-23 08:54,2024-11-23 09:23,2024-11-23 09:48
LAB722340,ENC109388,PT12532,HGB,Hemoglobin,14.1,g/dL,12,17.5,N,STAT,2024-11-23 08:11,2024-11-23 08:41,2024-11-23 09:08
LAB722341,ENC109391,PT10946,GLU,Glucose,117,mg/dL,70,99,H,Routine,2024-11-23 11:15,2024-11-23 11:50,2024-11-23 14:07
LAB722342,ENC109391,PT10946,CREAT,Creatinine,1.02,mg/dL,0.6,1.3,N,STAT,2024-11-23 11:01,2024-11-23 11:09,2024-11-23 12:05
LAB722343,ENC109391,PT10946,WBC,White Blood Cell Count,8.7,K/uL,4.5,11,N,STAT,2024-11-23 11:13,2024-11-23 11:19,2024-11-23 12:29
LAB722344,ENC109391,PT10946,HGB,Hemoglobin,16.5,g/dL,12,17.5,N,Routine,2024-11-23 11:25,2024-11-23 11:29,2024-11-23 13:41
LAB722345,ENC109392,PT13248,GLU,Glucose,60,mg/dL,70,99,L,Routine,2024-11-23 12:46,2024-11-23 13:19,2024-11-23 18:31
LAB722346,ENC109392,PT13248,CREAT,Creatinine,1.18,mg/dL,0.6,1.3,N,STAT,2024-11-23 12:39,2024-11-23 12:44,2024-11-23 14:27
LAB722347,ENC109392,PT13248,WBC,White Blood Cell Count,15.8,K/uL,4.5,11,H,STAT,2024-11-23 12:45,2024-11-23 13:12,2024-11-23 14:24
LAB722348,ENC109392,PT13248,HGB,Hemoglobin,14.3,g/dL,12,17.5,N,Routine,2024-11-23 12:06,2024-11-23 12:14,2024-11-23 14:11
LAB722349,ENC109393,PT13451,GLU,Glucose,129,mg/dL,70,99,H,STAT,2024-11-23 12:06,2024-11-23 12:18,2024-11-23 12:46
LAB722350,ENC109393,PT13451,CREAT,Creatinine,1.78,mg/dL,0.6,1.3,H,STAT,2024-11-23 11:27,2024-11-23 11:48,2024-11-23 13:24
LAB722351,ENC109393,PT13451,WBC,White Blood Cell Count,20.2,K/uL,4.5,11,H,Routine,2024-11-23 12:25,2024-11-23 12:33,2024-11-23 15:09
LAB722352,ENC109393,PT13451,HGB,Hemoglobin,14.2,g/dL,12,17.5,N,Routine,2024-11-23 11:28,2024-11-23 11:55,2024-11-23 14:09
LAB722353,ENC109393,PT13451,NA,Sodium,140,mmol/L,136,145,N,STAT,2024-11-23 11:39,2024-11-23 12:12,2024-11-23 12:54
LAB722354,ENC109393,PT13451,K,Potassium,3.9,mmol/L,3.5,5.1,N,STAT,2024-11-23 11:51,2024-11-23 12:14,2024-11-23 13:08
LAB722355,ENC109393,PT13451,BUN,Blood Urea Nitrogen,13,mg/dL,7,20,N,STAT,2024-11-23 12:23,2024-11-23 12:40,2024-11-23 13:13
LAB722356,ENC109393,PT13451,PLT,Platelet Count,87,K/uL,150,400,L,STAT,2024-11-23 12:27,2024-11-23 12:54,2024-11-23 13:45
LAB722357,ENC109393,PT13451,LACT,Lactate,3.4,mmol/L,0.5,2,H,STAT,2024-11-23 11:27,2024-11-23 11:55,2024-11-23 12:59
LAB722358,ENC109394,PT12962,GLU,Glucose,87,mg/dL,70,99,N,Routine,2024-11-23 10:41,2024-11-23 10:59,2024-11-23 15:28
LAB722359,ENC109394,PT12962,CREAT,Creatinine,0.97,mg/dL,0.6,1.3,N,Routine,2024-11-23 10:15,2024-11-23 10:27,2024-11-23 11:32
LAB722360,ENC109395,PT13802,GLU,Glucose,122,mg/dL,70,99,H,Routine,2024-11-23 14:20,2024-11-23 14:55,2024-11-23 19:21
LAB722361,ENC109395,PT13802,CREAT,Creatinine,1.17,mg/dL,0.6,1.3,N,STAT,2024-11-23 13:54,2024-11-23 14:06,2024-11-23 15:06
LAB722362,ENC109395,PT13802,WBC,White Blood Cell Count,6.9,K/uL,4.5,11,N,STAT,2024-11-23 14:16,2024-11-23 14:47,2024-11-23 16:25
LAB722363,ENC109395,PT13802,HGB,Hemoglobin,15.8,g/dL,12,17.5,N,Routine,2024-11-23 14:15,2024-11-23 14:45,2024-11-23 16:37
LAB722364,ENC109395,PT13802,TROP,"Troponin I, High Sensitivity",363,ng/L,0,34,H,STAT,2024-11-23 14:28,2024-11-23 14:34,2024-11-23 15:07
LAB722365,ENC109396,PT11755,GLU,Glucose,72,mg/dL,70,99,N,Routine,2024-11-23 13:57,2024-11-23 14:31,2024-11-23 15:59
LAB722366,ENC109396,PT11755,CREAT,Creatinine,0.9,mg/dL,0.6,1.3,N,STAT,2024-11-23 14:12,2024-11-23 14:46,2024-11-23 15:44
LAB722367,ENC109396,PT11755,WBC,White Blood Cell Count,7.1,K/uL,4.5,11,N,STAT,2024-11-23 13:12,2024-11-23 13:35,2024-11-23 14:03
LAB722368,ENC109396,PT11755,HGB,Hemoglobin,13.3,g/dL,12,17.5,N,Routine,2024-11-23 13:21,2024-11-23 13:33,2024-11-23 16:05
LAB722369,ENC109398,PT13832,GLU,Glucose,395,mg/dL,70,99,H,Routine,2024-11-23 12:23,2024-11-23 12:35,2024-11-23 14:18
LAB722370,ENC109398,PT13832,CREAT,Creatinine,1.93,mg/dL,0.6,1.3,H,STAT,2024-11-23 12:35,2024-11-23 13:10,2024-11-23 13:52
LAB722371,ENC109398,PT13832,WBC,White Blood Cell Count,5.8,K/uL,4.5,11,N,Routine,2024-11-23 12:38,2024-11-23 12:49,2024-11-23 16:57
LAB722372,ENC109398,PT13832,HGB,Hemoglobin,9.3,g/dL,12,17.5,L,STAT,2024-11-23 12:14,2024-11-23 12:33,2024-11-23 13:27
LAB722373,ENC109398,PT13832,A1C,Hemoglobin A1c,11,%,4,5.6,H,Routine,2024-11-23 12:13,2024-11-23 12:31,2024-11-23 23:31
LAB722374,ENC109399,PT13692,GLU,Glucose,118,mg/dL,70,99,H,STAT,2024-11-23 16:45,2024-11-23 17:08,2024-11-23 17:26
LAB722375,ENC109399,PT13692,CREAT,Creatinine,0.96,mg/dL,0.6,1.3,N,STAT,2024-11-23 16:51,2024-11-23 16:59,2024-11-23 17:47
LAB722376,ENC109399,PT13692,WBC,White Blood Cell Count,8.6,K/uL,4.5,11,N,STAT,2024-11-23 17:00,2024-11-23 17:32,2024-11-23 18:30
LAB722377,ENC109399,PT13692,HGB,Hemoglobin,13.6,g/dL,12,17.5,N,STAT,2024-11-23 17:18,2024-11-23 17:45,2024-11-23 18:28
LAB722378,ENC109399,PT13692,TROP,"Troponin I, High Sensitivity",6,ng/L,0,34,N,STAT,2024-11-23 17:54,2024-11-23 18:14,2024-11-23 19:14
LAB722379,ENC109399,PT13692,BNP,B-Type Natriuretic Peptide,866,pg/mL,0,100,H,STAT,2024-11-23 17:14,2024-11-23 17:18,2024-11-23 17:47
LAB722380,ENC109400,PT10393,GLU,Glucose,121,mg/dL,70,99,H,STAT,2024-11-23 16:49,2024-11-23 17:16,2024-11-23 17:56
LAB722381,ENC109400,PT10393,CREAT,Creatinine,0.88,mg/dL,0.6,1.3,N,STAT,2024-11-23 17:00,2024-11-23 17:15,2024-11-23 17:58
LAB722382,ENC109400,PT10393,WBC,White Blood Cell Count,6.6,K/uL,4.5,11,N,Routine,2024-11-23 17:42,2024-11-23 18:07,2024-11-23 20:17
LAB722383,ENC109400,PT10393,HGB,Hemoglobin,13.3,g/dL,12,17.5,N,Routine,2024-11-23 16:52,2024-11-23 16:57,2024-11-23 22:00
LAB722384,ENC109401,PT12116,GLU,Glucose,110,mg/dL,70,99,H,STAT,2024-11-23 16:12,2024-11-23 16:37,2024-11-23 17:25
LAB722385,ENC109401,PT12116,CREAT,Creatinine,0.79,mg/dL,0.6,1.3,N,Routine,2024-11-23 15:38,2024-11-23 16:09,2024-11-23 19:27
LAB722386,ENC109401,PT12116,WBC,White Blood Cell Count,8,K/uL,4.5,11,N,STAT,2024-11-23 16:01,2024-11-23 16:28,2024-11-23 17:34
LAB722387,ENC109401,PT12116,HGB,Hemoglobin,8.8,g/dL,12,17.5,L,Routine,2024-11-23 16:12,2024-11-23 16:42,2024-11-23 21:17
LAB722388,ENC109401,PT12116,LACT,Lactate,1.8,mmol/L,0.5,2,N,STAT,2024-11-23 16:15,2024-11-23 16:29,2024-11-23 18:09
LAB722389,ENC109401,PT12116,INR,Prothrombin Time INR,1.1,ratio,0.8,1.2,N,STAT,2024-11-23 16:17,2024-11-23 16:34,2024-11-23 17:32
LAB722390,ENC109403,PT11035,GLU,Glucose,98,mg/dL,70,99,N,Routine,2024-11-23 16:55,2024-11-23 17:13,2024-11-23 19:38
LAB722391,ENC109403,PT11035,CREAT,Creatinine,0.88,mg/dL,0.6,1.3,N,STAT,2024-11-23 17:29,2024-11-23 17:56,2024-11-23 18:38
LAB722392,ENC109403,PT11035,WBC,White Blood Cell Count,6.5,K/uL,4.5,11,N,Routine,2024-11-23 16:47,2024-11-23 16:55,2024-11-23 19:06
LAB722393,ENC109403,PT11035,HGB,Hemoglobin,15,g/dL,12,17.5,N,STAT,2024-11-23 17:48,2024-11-23 17:54,2024-11-23 19:19
LAB722394,ENC109403,PT11035,INR,Prothrombin Time INR,1,ratio,0.8,1.2,N,STAT,2024-11-23 17:27,2024-11-23 17:50,2024-11-23 18:41
LAB722395,ENC109405,PT10424,GLU,Glucose,106,mg/dL,70,99,H,Routine,2024-11-23 21:20,2024-11-23 21:46,2024-11-24 00:19
LAB722396,ENC109405,PT10424,CREAT,Creatinine,1.01,mg/dL,0.6,1.3,N,STAT,2024-11-23 21:34,2024-11-23 21:54,2024-11-23 22:27
LAB722397,ENC109405,PT10424,WBC,White Blood Cell Count,5.5,K/uL,4.5,11,N,Routine,2024-11-23 21:29,2024-11-23 21:45,2024-11-24 01:33
LAB722398,ENC109405,PT10424,HGB,Hemoglobin,14,g/dL,12,17.5,N,STAT,2024-11-23 21:23,2024-11-23 21:40,2024-11-23 22:42
LAB722399,ENC109406,PT13720,GLU,Glucose,106,mg/dL,70,99,H,STAT,2024-11-24 09:54,2024-11-24 10:10,2024-11-24 10:42
LAB722400,ENC109406,PT13720,CREAT,Creatinine,1.15,mg/dL,0.6,1.3,N,STAT,2024-11-24 09:36,2024-11-24 09:44,2024-11-24 10:36
LAB722401,ENC109406,PT13720,WBC,White Blood Cell Count,4.4,K/uL,4.5,11,L,STAT,2024-11-24 09:55,2024-11-24 10:27,2024-11-24 10:59
LAB722402,ENC109406,PT13720,HGB,Hemoglobin,14.2,g/dL,12,17.5,N,Routine,2024-11-24 10:02,2024-11-24 10:07,2024-11-24 15:14
LAB722403,ENC109406,PT13720,LACT,Lactate,1.2,mmol/L,0.5,2,N,STAT,2024-11-24 10:38,2024-11-24 11:03,2024-11-24 11:45
LAB722404,ENC109407,PT10981,GLU,Glucose,121,mg/dL,70,99,H,Routine,2024-11-24 13:26,2024-11-24 13:53,2024-11-24 18:14
LAB722405,ENC109407,PT10981,CREAT,Creatinine,1.03,mg/dL,0.6,1.3,N,STAT,2024-11-24 13:21,2024-11-24 13:31,2024-11-24 14:03
LAB722406,ENC109407,PT10981,WBC,White Blood Cell Count,7.5,K/uL,4.5,11,N,Routine,2024-11-24 13:30,2024-11-24 13:56,2024-11-24 17:01
LAB722407,ENC109407,PT10981,HGB,Hemoglobin,8.4,g/dL,12,17.5,L,STAT,2024-11-24 13:11,2024-11-24 13:33,2024-11-24 14:22
LAB722408,ENC109407,PT10981,NA,Sodium,136,mmol/L,136,145,N,STAT,2024-11-24 13:03,2024-11-24 13:38,2024-11-24 14:04
LAB722409,ENC109407,PT10981,K,Potassium,4,mmol/L,3.5,5.1,N,STAT,2024-11-24 13:25,2024-11-24 13:43,2024-11-24 14:35
LAB722410,ENC109407,PT10981,INR,Prothrombin Time INR,0.9,ratio,0.8,1.2,N,STAT,2024-11-24 12:50,2024-11-24 13:20,2024-11-24 14:26
LAB722411,ENC109408,PT12481,GLU,Glucose,101,mg/dL,70,99,H,STAT,2024-11-24 13:12,2024-11-24 13:29,2024-11-24 14:04
LAB722412,ENC109408,PT12481,CREAT,Creatinine,0.92,mg/dL,0.6,1.3,N,Routine,2024-11-24 12:59,2024-11-24 13:28,2024-11-24 15:46
LAB722413,ENC109408,PT12481,WBC,White Blood Cell Count,5,K/uL,4.5,11,N,STAT,2024-11-24 13:39,2024-11-24 13:55,2024-11-24 14:39
LAB722414,ENC109408,PT12481,HGB,Hemoglobin,14.6,g/dL,12,17.5,N,STAT,2024-11-24 13:37,2024-11-24 13:47,2024-11-24 14:41
LAB722415,ENC109408,PT12481,NA,Sodium,141,mmol/L,136,145,N,Routine,2024-11-24 12:43,2024-11-24 13:16,2024-11-24 17:09
LAB722416,ENC109408,PT12481,K,Potassium,4.9,mmol/L,3.5,5.1,N,STAT,2024-11-24 13:39,2024-11-24 14:12,2024-11-24 14:48
LAB722417,ENC109409,PT12360,GLU,Glucose,132,mg/dL,70,99,H,STAT,2024-11-24 14:33,2024-11-24 15:08,2024-11-24 15:41
LAB722418,ENC109409,PT12360,CREAT,Creatinine,1,mg/dL,0.6,1.3,N,STAT,2024-11-24 14:04,2024-11-24 14:19,2024-11-24 15:07
LAB722419,ENC109409,PT12360,WBC,White Blood Cell Count,11,K/uL,4.5,11,N,STAT,2024-11-24 14:09,2024-11-24 14:28,2024-11-24 15:04
LAB722420,ENC109409,PT12360,HGB,Hemoglobin,14.7,g/dL,12,17.5,N,Routine,2024-11-24 14:16,2024-11-24 14:41,2024-11-24 17:59
LAB722421,ENC109409,PT12360,NA,Sodium,127,mmol/L,136,145,L,STAT,2024-11-24 14:31,2024-11-24 14:49,2024-11-24 15:15
LAB722422,ENC109409,PT12360,K,Potassium,4.4,mmol/L,3.5,5.1,N,STAT,2024-11-24 14:26,2024-11-24 14:45,2024-11-24 15:56
LAB722423,ENC109410,PT11582,GLU,Glucose,154,mg/dL,70,99,H,STAT,2024-11-24 10:33,2024-11-24 11:03,2024-11-24 11:20
LAB722424,ENC109410,PT11582,CREAT,Creatinine,0.68,mg/dL,0.6,1.3,N,STAT,2024-11-24 10:05,2024-11-24 10:20,2024-11-24 11:10
LAB722425,ENC109410,PT11582,WBC,White Blood Cell Count,5.6,K/uL,4.5,11,N,STAT,2024-11-24 11:00,2024-11-24 11:13,2024-11-24 11:49
LAB722426,ENC109410,PT11582,HGB,Hemoglobin,12.3,g/dL,12,17.5,N,Routine,2024-11-24 10:10,2024-11-24 10:20,2024-11-24 12:12
LAB722427,ENC109411,PT13276,GLU,Glucose,99,mg/dL,70,99,N,Routine,2024-11-24 16:53,2024-11-24 16:58,2024-11-24 18:27
LAB722428,ENC109411,PT13276,CREAT,Creatinine,0.58,mg/dL,0.6,1.3,L,STAT,2024-11-24 16:35,2024-11-24 16:53,2024-11-24 17:47
LAB722429,ENC109411,PT13276,WBC,White Blood Cell Count,8,K/uL,4.5,11,N,STAT,2024-11-24 16:22,2024-11-24 16:53,2024-11-24 17:51
LAB722430,ENC109411,PT13276,HGB,Hemoglobin,12.2,g/dL,12,17.5,N,STAT,2024-11-24 16:35,2024-11-24 16:40,2024-11-24 17:28
LAB722431,ENC109411,PT13276,NA,Sodium,139,mmol/L,136,145,N,STAT,2024-11-24 17:02,2024-11-24 17:12,2024-11-24 18:10
LAB722432,ENC109411,PT13276,K,Potassium,3.5,mmol/L,3.5,5.1,N,STAT,2024-11-24 16:25,2024-11-24 16:42,2024-11-24 17:39
LAB722433,ENC109412,PT12337,TROP,"Troponin I, High Sensitivity",78,ng/L,0,34,H,STAT,2024-11-24 13:12,2024-11-24 13:47,2024-11-24 14:39
LAB722434,ENC109412,PT12337,BNP,B-Type Natriuretic Peptide,768,pg/mL,0,100,H,STAT,2024-11-24 12:51,2024-11-24 13:25,2024-11-24 14:39
LAB722435,ENC109413,PT12427,GLU,Glucose,91,mg/dL,70,99,N,STAT,2024-11-24 17:16,2024-11-24 17:40,2024-11-24 18:17
LAB722436,ENC109413,PT12427,CREAT,Creatinine,0.72,mg/dL,0.6,1.3,N,STAT,2024-11-24 17:23,2024-11-24 17:51,2024-11-24 18:34
LAB722437,ENC109413,PT12427,WBC,White Blood Cell Count,5.3,K/uL,4.5,11,N,STAT,2024-11-24 17:39,2024-11-24 17:55,2024-11-24 19:00
LAB722438,ENC109413,PT12427,HGB,Hemoglobin,17.7,g/dL,12,17.5,H,STAT,2024-11-24 17:50,2024-11-24 18:08,2024-11-24 18:22
LAB722439,ENC109413,PT12427,BUN,Blood Urea Nitrogen,14,mg/dL,7,20,N,STAT,2024-11-24 17:34,2024-11-24 17:53,2024-11-24 18:39
LAB722440,ENC109413,PT12427,PLT,Platelet Count,199,K/uL,150,400,N,STAT,2024-11-24 17:28,2024-11-24 17:51,2024-11-24 18:28
LAB722441,ENC109414,PT10556,GLU,Glucose,103,mg/dL,70,99,H,Routine,2024-11-24 20:10,2024-11-24 20:19,2024-11-25 01:15
LAB722442,ENC109414,PT10556,CREAT,Creatinine,0.97,mg/dL,0.6,1.3,N,STAT,2024-11-24 20:18,2024-11-24 20:36,2024-11-24 21:18
LAB722443,ENC109414,PT10556,WBC,White Blood Cell Count,16.1,K/uL,4.5,11,H,STAT,2024-11-24 20:06,2024-11-24 20:35,2024-11-24 21:42
LAB722444,ENC109414,PT10556,HGB,Hemoglobin,12.2,g/dL,12,17.5,N,Routine,2024-11-24 19:32,2024-11-24 19:57,2024-11-24 21:28
LAB722445,ENC109416,PT13305,GLU,Glucose,213,mg/dL,70,99,H,Routine,2024-11-24 21:09,2024-11-24 21:26,2024-11-25 01:11
LAB722446,ENC109416,PT13305,CREAT,Creatinine,0.96,mg/dL,0.6,1.3,N,STAT,2024-11-24 22:00,2024-11-24 22:04,2024-11-24 23:03
LAB722447,ENC109416,PT13305,WBC,White Blood Cell Count,15.5,K/uL,4.5,11,H,Routine,2024-11-24 21:59,2024-11-24 22:11,2024-11-25 01:14
LAB722448,ENC109416,PT13305,HGB,Hemoglobin,14.6,g/dL,12,17.5,N,STAT,2024-11-24 22:03,2024-11-24 22:37,2024-11-24 23:24
LAB722449,ENC109418,PT12509,GLU,Glucose,81,mg/dL,70,99,N,STAT,2024-11-24 18:57,2024-11-24 19:01,2024-11-24 19:30
LAB722450,ENC109418,PT12509,CREAT,Creatinine,1.22,mg/dL,0.6,1.3,N,STAT,2024-11-24 19:28,2024-11-24 19:33,2024-11-24 20:01
LAB722451,ENC109418,PT12509,WBC,White Blood Cell Count,8.2,K/uL,4.5,11,N,STAT,2024-11-24 19:37,2024-11-24 19:51,2024-11-24 20:28
LAB722452,ENC109420,PT13834,GLU,Glucose,143,mg/dL,70,99,H,STAT,2024-11-24 21:44,2024-11-24 22:13,2024-11-24 22:53
LAB722453,ENC109420,PT13834,CREAT,Creatinine,2.31,mg/dL,0.6,1.3,H,STAT,2024-11-24 21:17,2024-11-24 21:48,2024-11-24 22:13
LAB722454,ENC109420,PT13834,WBC,White Blood Cell Count,3.5,K/uL,4.5,11,L,Routine,2024-11-24 22:09,2024-11-24 22:16,2024-11-25 02:45
LAB722455,ENC109420,PT13834,HGB,Hemoglobin,10.1,g/dL,12,17.5,L,STAT,2024-11-24 22:10,2024-11-24 22:45,2024-11-24 23:31
LAB722456,ENC109420,PT13834,NA,Sodium,141,mmol/L,136,145,N,STAT,2024-11-24 21:46,2024-11-24 22:18,2024-11-24 23:55
LAB722457,ENC109420,PT13834,K,Potassium,4.8,mmol/L,3.5,5.1,N,STAT,2024-11-24 21:21,2024-11-24 21:27,2024-11-24 22:13
LAB722458,ENC109421,PT12933,GLU,Glucose,131,mg/dL,70,99,H,STAT,2024-11-24 20:16,2024-11-24 20:21,2024-11-24 21:15
LAB722459,ENC109421,PT12933,CREAT,Creatinine,2.04,mg/dL,0.6,1.3,H,Routine,2024-11-24 19:54,2024-11-24 20:25,2024-11-24 22:10
LAB722460,ENC109423,PT11213,GLU,Glucose,98,mg/dL,70,99,N,Routine,2024-11-25 00:26,2024-11-25 00:47,2024-11-25 02:01
LAB722461,ENC109423,PT11213,CREAT,Creatinine,0.33,mg/dL,0.6,1.3,L,Routine,2024-11-24 23:34,2024-11-25 00:08,2024-11-25 02:30
LAB722462,ENC109423,PT11213,WBC,White Blood Cell Count,10,K/uL,4.5,11,N,Routine,2024-11-24 23:39,2024-11-24 23:59,2024-11-25 02:30
LAB722463,ENC109423,PT11213,HGB,Hemoglobin,11.6,g/dL,12,17.5,L,STAT,2024-11-25 00:09,2024-11-25 00:39,2024-11-25 01:59
LAB722464,ENC109423,PT11213,BUN,Blood Urea Nitrogen,2,mg/dL,7,20,L,STAT,2024-11-25 00:07,2024-11-25 00:15,2024-11-25 00:51
LAB722465,ENC109423,PT11213,PLT,Platelet Count,246,K/uL,150,400,N,Routine,2024-11-25 00:10,2024-11-25 00:18,2024-11-25 02:12
LAB722466,ENC109424,PT12328,GLU,Glucose,229,mg/dL,70,99,H,STAT,2024-11-25 01:00,2024-11-25 01:18,2024-11-25 01:51
LAB722467,ENC109424,PT12328,CREAT,Creatinine,1.09,mg/dL,0.6,1.3,N,STAT,2024-11-25 00:29,2024-11-25 00:34,2024-11-25 01:28
LAB722468,ENC109424,PT12328,WBC,White Blood Cell Count,5.5,K/uL,4.5,11,N,Routine,2024-11-25 01:06,2024-11-25 01:31,2024-11-25 04:48
LAB722469,ENC109424,PT12328,TROP,"Troponin I, High Sensitivity",38,ng/L,0,34,H,STAT,2024-11-25 00:46,2024-11-25 00:50,2024-11-25 01:44
LAB722470,ENC109425,PT12167,GLU,Glucose,146,mg/dL,70,99,H,STAT,2024-11-25 10:22,2024-11-25 10:53,2024-11-25 12:16
LAB722471,ENC109425,PT12167,CREAT,Creatinine,1.37,mg/dL,0.6,1.3,H,STAT,2024-11-25 10:33,2024-11-25 10:57,2024-11-25 11:19
LAB722472,ENC109425,PT12167,WBC,White Blood Cell Count,22.2,K/uL,4.5,11,H,STAT,2024-11-25 10:40,2024-11-25 11:11,2024-11-25 11:59
LAB722473,ENC109425,PT12167,HGB,Hemoglobin,13.3,g/dL,12,17.5,N,STAT,2024-11-25 11:01,2024-11-25 11:07,2024-11-25 12:31
LAB722474,ENC109425,PT12167,NA,Sodium,142,mmol/L,136,145,N,Routine,2024-11-25 10:25,2024-11-25 10:50,2024-11-25 12:04
LAB722475,ENC109425,PT12167,K,Potassium,4,mmol/L,3.5,5.1,N,STAT,2024-11-25 10:36,2024-11-25 10:44,2024-11-25 11:31
LAB722476,ENC109425,PT12167,LACT,Lactate,2.3,mmol/L,0.5,2,H,STAT,2024-11-25 10:32,2024-11-25 10:47,2024-11-25 11:26
LAB722477,ENC109426,PT13532,GLU,Glucose,94,mg/dL,70,99,N,Routine,2024-11-25 08:54,2024-11-25 09:28,2024-11-25 12:17
LAB722478,ENC109426,PT13532,CREAT,Creatinine,1.19,mg/dL,0.6,1.3,N,STAT,2024-11-25 09:03,2024-11-25 09:11,2024-11-25 10:05
LAB722479,ENC109426,PT13532,WBC,White Blood Cell Count,6.1,K/uL,4.5,11,N,STAT,2024-11-25 08:22,2024-11-25 08:41,2024-11-25 09:19
LAB722480,ENC109426,PT13532,HGB,Hemoglobin,16.6,g/dL,12,17.5,N,Routine,2024-11-25 08:09,2024-11-25 08:30,2024-11-25 10:44
LAB722481,ENC109426,PT13532,NA,Sodium,140,mmol/L,136,145,N,STAT,2024-11-25 08:03,2024-11-25 08:11,2024-11-25 09:30
LAB722482,ENC109426,PT13532,K,Potassium,4.4,mmol/L,3.5,5.1,N,STAT,2024-11-25 07:57,2024-11-25 08:29,2024-11-25 09:01
LAB722483,ENC109426,PT13532,TROP,"Troponin I, High Sensitivity",5,ng/L,0,34,N,STAT,2024-11-25 08:41,2024-11-25 09:02,2024-11-25 09:38
LAB722484,ENC109428,PT10020,LDL,LDL Cholesterol,159,mg/dL,0,99,H,Routine,2024-11-25 08:54,2024-11-25 09:18,2024-11-26 03:37
LAB722485,ENC109428,PT10020,TSH,Thyroid Stimulating Hormone,1.25,mIU/L,0.4,4,N,Routine,2024-11-25 08:47,2024-11-25 09:21,2024-11-25 21:37
LAB722486,ENC109429,PT13374,GLU,Glucose,73,mg/dL,70,99,N,Routine,2024-11-25 12:47,2024-11-25 13:00,2024-11-25 16:24
LAB722487,ENC109429,PT13374,CREAT,Creatinine,1.33,mg/dL,0.6,1.3,H,Routine,2024-11-25 13:04,2024-11-25 13:26,2024-11-25 15:53
LAB722488,ENC109429,PT13374,WBC,White Blood Cell Count,9.9,K/uL,4.5,11,N,Routine,2024-11-25 12:42,2024-11-25 12:50,2024-11-25 15:07
LAB722489,ENC109429,PT13374,HGB,Hemoglobin,15.5,g/dL,12,17.5,N,STAT,2024-11-25 13:24,2024-11-25 13:29,2024-11-25 13:54
LAB722490,ENC109429,PT13374,NA,Sodium,140,mmol/L,136,145,N,STAT,2024-11-25 13:03,2024-11-25 13:09,2024-11-25 14:17
LAB722491,ENC109429,PT13374,K,Potassium,3.8,mmol/L,3.5,5.1,N,STAT,2024-11-25 13:12,2024-11-25 13:37,2024-11-25 14:36
LAB722492,ENC109429,PT13374,TROP,"Troponin I, High Sensitivity",416,ng/L,0,34,H,STAT,2024-11-25 13:19,2024-11-25 13:51,2024-11-25 14:18
LAB722493,ENC109432,PT10655,GLU,Glucose,178,mg/dL,70,99,H,Routine,2024-11-25 12:30,2024-11-25 13:03,2024-11-25 18:30
LAB722494,ENC109432,PT10655,CREAT,Creatinine,0.91,mg/dL,0.6,1.3,N,Routine,2024-11-25 12:24,2024-11-25 12:30,2024-11-25 16:44
LAB722495,ENC109432,PT10655,WBC,White Blood Cell Count,8.5,K/uL,4.5,11,N,Routine,2024-11-25 12:02,2024-11-25 12:22,2024-11-25 16:57
LAB722496,ENC109432,PT10655,HGB,Hemoglobin,13.3,g/dL,12,17.5,N,Routine,2024-11-25 11:29,2024-11-25 11:37,2024-11-25 16:53
LAB722497,ENC109432,PT10655,NA,Sodium,139,mmol/L,136,145,N,STAT,2024-11-25 12:20,2024-11-25 12:41,2024-11-25 13:11
LAB722498,ENC109432,PT10655,K,Potassium,4.5,mmol/L,3.5,5.1,N,STAT,2024-11-25 11:55,2024-11-25 12:07,2024-11-25 12:59
LAB722499,ENC109433,PT11101,LDL,LDL Cholesterol,111,mg/dL,0,99,H,Routine,2024-11-25 09:51,2024-11-25 10:05,2024-11-26 07:35
LAB722500,ENC109433,PT11101,A1C,Hemoglobin A1c,4.9,%,4,5.6,N,Routine,2024-11-25 10:04,2024-11-25 10:34,2024-11-25 22:20
LAB722501,ENC109433,PT11101,TSH,Thyroid Stimulating Hormone,2.44,mIU/L,0.4,4,N,Routine,2024-11-25 09:59,2024-11-25 10:29,2024-11-25 18:38
LAB722502,ENC109435,PT12198,GLU,Glucose,173,mg/dL,70,99,H,Routine,2024-11-25 11:27,2024-11-25 12:01,2024-11-25 13:56
LAB722503,ENC109435,PT12198,CREAT,Creatinine,1.79,mg/dL,0.6,1.3,H,STAT,2024-11-25 11:49,2024-11-25 11:53,2024-11-25 13:11
LAB722504,ENC109435,PT12198,WBC,White Blood Cell Count,12.4,K/uL,4.5,11,H,STAT,2024-11-25 11:55,2024-11-25 12:22,2024-11-25 12:55
LAB722505,ENC109435,PT12198,HGB,Hemoglobin,12.3,g/dL,12,17.5,N,STAT,2024-11-25 12:02,2024-11-25 12:14,2024-11-25 13:27
LAB722506,ENC109435,PT12198,LACT,Lactate,3.5,mmol/L,0.5,2,H,STAT,2024-11-25 11:41,2024-11-25 11:49,2024-11-25 12:32
LAB722507,ENC109436,PT12912,LDL,LDL Cholesterol,111,mg/dL,0,99,H,Routine,2024-11-25 12:05,2024-11-25 12:16,2024-11-26 16:25
LAB722508,ENC109437,PT10608,LDL,LDL Cholesterol,104,mg/dL,0,99,H,Routine,2024-11-25 12:35,2024-11-25 12:51,2024-11-26 11:37
LAB722509,ENC109441,PT10588,LDL,LDL Cholesterol,164,mg/dL,0,99,H,Routine,2024-11-25 13:59,2024-11-25 14:04,2024-11-26 09:50
LAB722510,ENC109441,PT10588,TSH,Thyroid Stimulating Hormone,0.29,mIU/L,0.4,4,L,Routine,2024-11-25 13:56,2024-11-25 14:00,2024-11-26 05:37
LAB722511,ENC109442,PT11167,GLU,Glucose,263,mg/dL,70,99,H,STAT,2024-11-25 13:53,2024-11-25 14:19,2024-11-25 16:10
LAB722512,ENC109442,PT11167,CREAT,Creatinine,1.14,mg/dL,0.6,1.3,N,STAT,2024-11-25 13:47,2024-11-25 14:05,2024-11-25 14:45
LAB722513,ENC109442,PT11167,WBC,White Blood Cell Count,5.5,K/uL,4.5,11,N,Routine,2024-11-25 14:01,2024-11-25 14:25,2024-11-25 16:50
LAB722514,ENC109442,PT11167,HGB,Hemoglobin,14.5,g/dL,12,17.5,N,Routine,2024-11-25 14:49,2024-11-25 15:01,2024-11-25 16:19
LAB722515,ENC109443,PT11819,GLU,Glucose,68,mg/dL,70,99,L,STAT,2024-11-25 14:37,2024-11-25 15:03,2024-11-25 15:42
LAB722516,ENC109443,PT11819,CREAT,Creatinine,3.56,mg/dL,0.6,1.3,H,STAT,2024-11-25 15:18,2024-11-25 15:31,2024-11-25 16:31
LAB722517,ENC109443,PT11819,WBC,White Blood Cell Count,5,K/uL,4.5,11,N,STAT,2024-11-25 15:03,2024-11-25 15:34,2024-11-25 16:24
LAB722518,ENC109443,PT11819,HGB,Hemoglobin,12.4,g/dL,12,17.5,N,Routine,2024-11-25 14:51,2024-11-25 15:15,2024-11-25 18:14
LAB722519,ENC109443,PT11819,NA,Sodium,138,mmol/L,136,145,N,STAT,2024-11-25 15:35,2024-11-25 15:39,2024-11-25 16:28
LAB722520,ENC109443,PT11819,K,Potassium,6.1,mmol/L,3.5,5.1,H,STAT,2024-11-25 15:09,2024-11-25 15:44,2024-11-25 16:52
LAB722521,ENC109443,PT11819,BUN,Blood Urea Nitrogen,14,mg/dL,7,20,N,STAT,2024-11-25 15:30,2024-11-25 15:49,2024-11-25 17:05
LAB722522,ENC109443,PT11819,PLT,Platelet Count,282,K/uL,150,400,N,STAT,2024-11-25 15:13,2024-11-25 15:19,2024-11-25 15:56
LAB722523,ENC109445,PT13987,GLU,Glucose,105,mg/dL,70,99,H,STAT,2024-11-25 16:20,2024-11-25 16:52,2024-11-25 17:29
LAB722524,ENC109445,PT13987,CREAT,Creatinine,0.36,mg/dL,0.6,1.3,L,STAT,2024-11-25 16:07,2024-11-25 16:15,2024-11-25 16:54
LAB722525,ENC109448,PT13656,GLU,Glucose,196,mg/dL,70,99,H,Routine,2024-11-25 21:30,2024-11-25 21:45,2024-11-25 23:27
LAB722526,ENC109448,PT13656,CREAT,Creatinine,1.24,mg/dL,0.6,1.3,N,STAT,2024-11-25 21:26,2024-11-25 21:44,2024-11-25 22:16
LAB722527,ENC109448,PT13656,WBC,White Blood Cell Count,6.3,K/uL,4.5,11,N,STAT,2024-11-25 20:38,2024-11-25 20:52,2024-11-25 21:42
LAB722528,ENC109448,PT13656,HGB,Hemoglobin,13.3,g/dL,12,17.5,N,STAT,2024-11-25 21:12,2024-11-25 21:47,2024-11-25 22:17
LAB722529,ENC109448,PT13656,NA,Sodium,138,mmol/L,136,145,N,Routine,2024-11-25 21:41,2024-11-25 22:00,2024-11-26 00:40
LAB722530,ENC109448,PT13656,K,Potassium,3.4,mmol/L,3.5,5.1,L,STAT,2024-11-25 20:46,2024-11-25 20:54,2024-11-25 22:51
LAB722531,ENC109449,PT12035,GLU,Glucose,135,mg/dL,70,99,H,STAT,2024-11-25 18:15,2024-11-25 18:47,2024-11-25 19:33
LAB722532,ENC109449,PT12035,CREAT,Creatinine,0.89,mg/dL,0.6,1.3,N,STAT,2024-11-25 18:07,2024-11-25 18:16,2024-11-25 19:12
LAB722533,ENC109450,PT13172,GLU,Glucose,109,mg/dL,70,99,H,STAT,2024-11-25 20:55,2024-11-25 21:07,2024-11-25 21:53
LAB722534,ENC109450,PT13172,CREAT,Creatinine,0.5,mg/dL,0.6,1.3,L,STAT,2024-11-25 21:33,2024-11-25 22:02,2024-11-25 23:17
LAB722535,ENC109450,PT13172,WBC,White Blood Cell Count,6.2,K/uL,4.5,11,N,STAT,2024-11-25 21:33,2024-11-25 21:54,2024-11-25 22:42
LAB722536,ENC109450,PT13172,HGB,Hemoglobin,12.1,g/dL,12,17.5,N,STAT,2024-11-25 20:59,2024-11-25 21:03,2024-11-25 21:45
LAB722537,ENC109451,PT11834,GLU,Glucose,100,mg/dL,70,99,H,STAT,2024-11-25 21:39,2024-11-25 22:04,2024-11-25 22:49
LAB722538,ENC109451,PT11834,CREAT,Creatinine,0.75,mg/dL,0.6,1.3,N,STAT,2024-11-25 21:37,2024-11-25 21:45,2024-11-25 22:28
LAB722539,ENC109451,PT11834,WBC,White Blood Cell Count,6.3,K/uL,4.5,11,N,Routine,2024-11-25 22:18,2024-11-25 22:40,2024-11-26 04:07
LAB722540,ENC109451,PT11834,HGB,Hemoglobin,14.6,g/dL,12,17.5,N,Routine,2024-11-25 21:59,2024-11-25 22:12,2024-11-26 00:34
LAB722541,ENC109451,PT11834,NA,Sodium,140,mmol/L,136,145,N,STAT,2024-11-25 22:01,2024-11-25 22:29,2024-11-25 23:25
LAB722542,ENC109451,PT11834,K,Potassium,4.5,mmol/L,3.5,5.1,N,STAT,2024-11-25 22:32,2024-11-25 22:41,2024-11-25 23:14
LAB722543,ENC109453,PT12395,GLU,Glucose,113,mg/dL,70,99,H,STAT,2024-11-25 19:36,2024-11-25 19:50,2024-11-25 20:52
LAB722544,ENC109453,PT12395,CREAT,Creatinine,0.53,mg/dL,0.6,1.3,L,STAT,2024-11-25 19:32,2024-11-25 19:47,2024-11-25 20:25
LAB722545,ENC109454,PT12259,GLU,Glucose,100,mg/dL,70,99,H,Routine,2024-11-25 22:26,2024-11-25 22:45,2024-11-26 01:42
LAB722546,ENC109454,PT12259,CREAT,Creatinine,1.08,mg/dL,0.6,1.3,N,Routine,2024-11-25 22:13,2024-11-25 22:39,2024-11-25 23:47
LAB722547,ENC109455,PT11115,GLU,Glucose,160,mg/dL,70,99,H,Routine,2024-11-26 02:19,2024-11-26 02:45,2024-11-26 05:16
LAB722548,ENC109455,PT11115,CREAT,Creatinine,0.87,mg/dL,0.6,1.3,N,Routine,2024-11-26 02:18,2024-11-26 02:31,2024-11-26 04:38
LAB722549,ENC109455,PT11115,WBC,White Blood Cell Count,21.2,K/uL,4.5,11,H,STAT,2024-11-26 02:43,2024-11-26 03:10,2024-11-26 03:57
LAB722550,ENC109455,PT11115,HGB,Hemoglobin,15.9,g/dL,12,17.5,N,STAT,2024-11-26 01:55,2024-11-26 02:23,2024-11-26 03:32
LAB722551,ENC109455,PT11115,NA,Sodium,138,mmol/L,136,145,N,Routine,2024-11-26 02:01,2024-11-26 02:14,2024-11-26 03:34
LAB722552,ENC109455,PT11115,K,Potassium,4.2,mmol/L,3.5,5.1,N,STAT,2024-11-26 02:34,2024-11-26 02:55,2024-11-26 04:10
LAB722553,ENC109456,PT12417,GLU,Glucose,103,mg/dL,70,99,H,STAT,2024-11-26 02:55,2024-11-26 02:59,2024-11-26 04:26
LAB722554,ENC109456,PT12417,CREAT,Creatinine,1.18,mg/dL,0.6,1.3,N,STAT,2024-11-26 03:08,2024-11-26 03:30,2024-11-26 03:55
LAB722555,ENC109456,PT12417,WBC,White Blood Cell Count,5.8,K/uL,4.5,11,N,Routine,2024-11-26 02:13,2024-11-26 02:48,2024-11-26 03:43
LAB722556,ENC109456,PT12417,HGB,Hemoglobin,11.7,g/dL,12,17.5,L,STAT,2024-11-26 03:07,2024-11-26 03:41,2024-11-26 04:29
LAB722557,ENC109457,PT13548,GLU,Glucose,194,mg/dL,70,99,H,STAT,2024-11-25 22:20,2024-11-25 22:30,2024-11-25 23:14
LAB722558,ENC109457,PT13548,CREAT,Creatinine,0.94,mg/dL,0.6,1.3,N,STAT,2024-11-25 22:16,2024-11-25 22:26,2024-11-25 22:58
LAB722559,ENC109457,PT13548,WBC,White Blood Cell Count,12.3,K/uL,4.5,11,H,STAT,2024-11-25 22:36,2024-11-25 22:55,2024-11-25 23:39
LAB722560,ENC109459,PT13342,GLU,Glucose,117,mg/dL,70,99,H,Routine,2024-11-26 05:21,2024-11-26 05:55,2024-11-26 08:47
LAB722561,ENC109459,PT13342,CREAT,Creatinine,0.99,mg/dL,0.6,1.3,N,Routine,2024-11-26 05:43,2024-11-26 06:00,2024-11-26 07:51
LAB722562,ENC109459,PT13342,WBC,White Blood Cell Count,6.1,K/uL,4.5,11,N,STAT,2024-11-26 05:11,2024-11-26 05:29,2024-11-26 06:10
LAB722563,ENC109459,PT13342,HGB,Hemoglobin,13.4,g/dL,12,17.5,N,STAT,2024-11-26 05:15,2024-11-26 05:35,2024-11-26 06:14
LAB722564,ENC109460,PT12648,GLU,Glucose,224,mg/dL,70,99,H,Routine,2024-11-26 04:39,2024-11-26 05:10,2024-11-26 10:17
LAB722565,ENC109460,PT12648,CREAT,Creatinine,1.11,mg/dL,0.6,1.3,N,STAT,2024-11-26 04:57,2024-11-26 05:07,2024-11-26 05:32
LAB722566,ENC109460,PT12648,WBC,White Blood Cell Count,6.7,K/uL,4.5,11,N,Routine,2024-11-26 04:40,2024-11-26 04:58,2024-11-26 07:00
LAB722567,ENC109462,PT13058,GLU,Glucose,112,mg/dL,70,99,H,Routine,2024-11-26 11:06,2024-11-26 11:11,2024-11-26 12:43
LAB722568,ENC109462,PT13058,CREAT,Creatinine,1.61,mg/dL,0.6,1.3,H,STAT,2024-11-26 11:18,2024-11-26 11:23,2024-11-26 12:08
LAB722569,ENC109462,PT13058,WBC,White Blood Cell Count,15.5,K/uL,4.5,11,H,STAT,2024-11-26 11:35,2024-11-26 12:06,2024-11-26 14:21
LAB722570,ENC109462,PT13058,HGB,Hemoglobin,11.7,g/dL,12,17.5,L,STAT,2024-11-26 11:50,2024-11-26 12:04,2024-11-26 13:07
LAB722571,ENC109464,PT10101,INR,Prothrombin Time INR,3.2,ratio,0.8,1.2,H,Routine,2024-11-26 08:45,2024-11-26 09:04,2024-11-26 11:05
LAB722572,ENC109465,PT12731,A1C,Hemoglobin A1c,9.1,%,4,5.6,H,Routine,2024-11-26 09:05,2024-11-26 09:25,2024-11-28 11:25
LAB722573,ENC109465,PT12731,GLU,Glucose,107,mg/dL,70,99,H,Routine,2024-11-26 08:50,2024-11-26 08:58,2024-11-26 11:47
LAB722574,ENC109465,PT12731,CREAT,Creatinine,1.07,mg/dL,0.6,1.3,N,Routine,2024-11-26 09:11,2024-11-26 09:15,2024-11-26 12:08
LAB722575,ENC109470,PT12462,GLU,Glucose,218,mg/dL,70,99,H,Routine,2024-11-26 12:10,2024-11-26 12:22,2024-11-26 17:58
LAB722576,ENC109470,PT12462,CREAT,Creatinine,0.76,mg/dL,0.6,1.3,N,STAT,2024-11-26 12:26,2024-11-26 12:48,2024-11-26 13:34
LAB722577,ENC109470,PT12462,WBC,White Blood Cell Count,8.6,K/uL,4.5,11,N,Routine,2024-11-26 11:43,2024-11-26 11:56,2024-11-26 14:08
LAB722578,ENC109470,PT12462,HGB,Hemoglobin,15.5,g/dL,12,17.5,N,STAT,2024-11-26 12:13,2024-11-26 12:36,2024-11-26 13:52
LAB722579,ENC109472,PT11524,GLU,Glucose,113,mg/dL,70,99,H,STAT,2024-11-26 13:12,2024-11-26 13:19,2024-11-26 14:29
LAB722580,ENC109472,PT11524,CREAT,Creatinine,0.66,mg/dL,0.6,1.3,N,Routine,2024-11-26 12:52,2024-11-26 13:09,2024-11-26 16:51
LAB722581,ENC109474,PT13040,GLU,Glucose,90,mg/dL,70,99,N,STAT,2024-11-26 13:33,2024-11-26 13:40,2024-11-26 14:11
LAB722582,ENC109474,PT13040,CREAT,Creatinine,1.01,mg/dL,0.6,1.3,N,STAT,2024-11-26 12:33,2024-11-26 12:44,2024-11-26 13:15
LAB722583,ENC109483,PT13669,GLU,Glucose,60,mg/dL,70,99,L,Routine,2024-11-26 18:08,2024-11-26 18:41,2024-11-26 22:33
LAB722584,ENC109483,PT13669,CREAT,Creatinine,1.11,mg/dL,0.6,1.3,N,Routine,2024-11-26 18:07,2024-11-26 18:32,2024-11-26 20:26
LAB722585,ENC109483,PT13669,WBC,White Blood Cell Count,4.7,K/uL,4.5,11,N,STAT,2024-11-26 18:01,2024-11-26 18:08,2024-11-26 18:48
LAB722586,ENC109483,PT13669,HGB,Hemoglobin,14.1,g/dL,12,17.5,N,STAT,2024-11-26 18:17,2024-11-26 18:37,2024-11-26 19:19
LAB722587,ENC109485,PT12841,LDL,LDL Cholesterol,161,mg/dL,0,99,H,Routine,2024-11-26 15:25,2024-11-26 15:39,2024-11-27 01:16
LAB722588,ENC109485,PT12841,A1C,Hemoglobin A1c,8.4,%,4,5.6,H,Routine,2024-11-26 15:41,2024-11-26 16:07,2024-11-27 02:51
LAB722589,ENC109485,PT12841,TSH,Thyroid Stimulating Hormone,1.66,mIU/L,0.4,4,N,Routine,2024-11-26 15:45,2024-11-26 15:52,2024-11-27 03:33
LAB722590,ENC109488,PT10543,GLU,Glucose,193,mg/dL,70,99,H,STAT,2024-11-26 21:36,2024-11-26 22:03,2024-11-26 22:52
LAB722591,ENC109488,PT10543,CREAT,Creatinine,1.38,mg/dL,0.6,1.3,H,Routine,2024-11-26 21:46,2024-11-26 22:19,2024-11-27 02:40
LAB722592,ENC109488,PT10543,WBC,White Blood Cell Count,9.4,K/uL,4.5,11,N,STAT,2024-11-26 21:16,2024-11-26 21:43,2024-11-26 23:00
LAB722593,ENC109488,PT10543,HGB,Hemoglobin,13.1,g/dL,12,17.5,N,Routine,2024-11-26 20:54,2024-11-26 21:05,2024-11-26 23:27
LAB722594,ENC109489,PT12092,GLU,Glucose,97,mg/dL,70,99,N,STAT,2024-11-26 19:53,2024-11-26 20:26,2024-11-26 21:22
LAB722595,ENC109489,PT12092,CREAT,Creatinine,1.27,mg/dL,0.6,1.3,N,STAT,2024-11-26 19:35,2024-11-26 20:06,2024-11-26 20:46
LAB722596,ENC109489,PT12092,WBC,White Blood Cell Count,7,K/uL,4.5,11,N,STAT,2024-11-26 20:34,2024-11-26 20:52,2024-11-26 21:37
LAB722597,ENC109489,PT12092,HGB,Hemoglobin,13.8,g/dL,12,17.5,N,STAT,2024-11-26 19:43,2024-11-26 19:48,2024-11-26 20:16
LAB722598,ENC109489,PT12092,LACT,Lactate,2.4,mmol/L,0.5,2,H,STAT,2024-11-26 19:57,2024-11-26 20:11,2024-11-26 20:51
LAB722599,ENC109490,PT13668,GLU,Glucose,75,mg/dL,70,99,N,Routine,2024-11-26 21:17,2024-11-26 21:30,2024-11-27 02:39
LAB722600,ENC109490,PT13668,CREAT,Creatinine,0.87,mg/dL,0.6,1.3,N,STAT,2024-11-26 20:52,2024-11-26 21:11,2024-11-26 21:56
LAB722601,ENC109490,PT13668,WBC,White Blood Cell Count,6.9,K/uL,4.5,11,N,STAT,2024-11-26 21:40,2024-11-26 22:02,2024-11-26 22:42
LAB722602,ENC109490,PT13668,HGB,Hemoglobin,13.5,g/dL,12,17.5,N,STAT,2024-11-26 20:41,2024-11-26 20:57,2024-11-26 21:29
LAB722603,ENC109490,PT13668,TROP,"Troponin I, High Sensitivity",3,ng/L,0,34,N,STAT,2024-11-26 21:47,2024-11-26 21:55,2024-11-26 22:38
LAB722604,ENC109490,PT13668,BNP,B-Type Natriuretic Peptide,2454,pg/mL,0,100,H,STAT,2024-11-26 21:26,2024-11-26 21:57,2024-11-26 22:18
LAB722605,ENC109491,PT10465,GLU,Glucose,121,mg/dL,70,99,H,Routine,2024-11-26 18:43,2024-11-26 19:12,2024-11-26 21:44
LAB722606,ENC109491,PT10465,CREAT,Creatinine,2.22,mg/dL,0.6,1.3,H,STAT,2024-11-26 17:58,2024-11-26 18:29,2024-11-26 19:03
LAB722607,ENC109491,PT10465,WBC,White Blood Cell Count,11.6,K/uL,4.5,11,H,STAT,2024-11-26 17:51,2024-11-26 18:22,2024-11-26 18:47
LAB722608,ENC109491,PT10465,HGB,Hemoglobin,10.1,g/dL,12,17.5,L,Routine,2024-11-26 18:17,2024-11-26 18:31,2024-11-26 19:37
LAB722609,ENC109492,PT12084,GLU,Glucose,83,mg/dL,70,99,N,Routine,2024-11-26 18:02,2024-11-26 18:37,2024-11-26 20:41
LAB722610,ENC109492,PT12084,CREAT,Creatinine,2.37,mg/dL,0.6,1.3,H,STAT,2024-11-26 18:25,2024-11-26 18:29,2024-11-26 18:52
LAB722611,ENC109492,PT12084,WBC,White Blood Cell Count,7.4,K/uL,4.5,11,N,STAT,2024-11-26 18:19,2024-11-26 18:52,2024-11-26 19:23
LAB722612,ENC109492,PT12084,HGB,Hemoglobin,11.1,g/dL,12,17.5,L,STAT,2024-11-26 19:06,2024-11-26 19:24,2024-11-26 20:07
LAB722613,ENC109493,PT10865,GLU,Glucose,117,mg/dL,70,99,H,STAT,2024-11-26 20:37,2024-11-26 21:02,2024-11-26 22:05
LAB722614,ENC109493,PT10865,CREAT,Creatinine,0.79,mg/dL,0.6,1.3,N,Routine,2024-11-26 21:18,2024-11-26 21:44,2024-11-27 00:58
LAB722615,ENC109493,PT10865,WBC,White Blood Cell Count,7.4,K/uL,4.5,11,N,STAT,2024-11-26 20:56,2024-11-26 21:16,2024-11-26 22:01
LAB722616,ENC109493,PT10865,HGB,Hemoglobin,12,g/dL,12,17.5,N,Routine,2024-11-26 20:30,2024-11-26 20:40,2024-11-27 00:05
LAB722617,ENC109494,PT11345,GLU,Glucose,97,mg/dL,70,99,N,Routine,2024-11-26 21:18,2024-11-26 21:46,2024-11-27 01:00
LAB722618,ENC109494,PT11345,CREAT,Creatinine,1.12,mg/dL,0.6,1.3,N,STAT,2024-11-26 21:11,2024-11-26 21:43,2024-11-26 22:14
LAB722619,ENC109494,PT11345,WBC,White Blood Cell Count,5.5,K/uL,4.5,11,N,STAT,2024-11-26 21:09,2024-11-26 21:43,2024-11-26 22:16
LAB722620,ENC109494,PT11345,HGB,Hemoglobin,14.4,g/dL,12,17.5,N,STAT,2024-11-26 21:22,2024-11-26 21:26,2024-11-26 22:05
LAB722621,ENC109495,PT12030,GLU,Glucose,91,mg/dL,70,99,N,Routine,2024-11-27 02:06,2024-11-27 02:21,2024-11-27 06:22
LAB722622,ENC109495,PT12030,CREAT,Creatinine,0.93,mg/dL,0.6,1.3,N,STAT,2024-11-27 01:50,2024-11-27 02:13,2024-11-27 03:37
LAB722623,ENC109495,PT12030,WBC,White Blood Cell Count,5.8,K/uL,4.5,11,N,STAT,2024-11-27 01:51,2024-11-27 02:01,2024-11-27 03:02
LAB722624,ENC109495,PT12030,HGB,Hemoglobin,15,g/dL,12,17.5,N,STAT,2024-11-27 02:35,2024-11-27 02:50,2024-11-27 03:22
LAB722625,ENC109496,PT12992,GLU,Glucose,113,mg/dL,70,99,H,Routine,2024-11-27 00:13,2024-11-27 00:39,2024-11-27 02:51
LAB722626,ENC109496,PT12992,CREAT,Creatinine,1.07,mg/dL,0.6,1.3,N,Routine,2024-11-27 00:07,2024-11-27 00:31,2024-11-27 07:17
LAB722627,ENC109496,PT12992,WBC,White Blood Cell Count,8.9,K/uL,4.5,11,N,Routine,2024-11-26 23:41,2024-11-27 00:05,2024-11-27 00:45
LAB722628,ENC109496,PT12992,HGB,Hemoglobin,15.6,g/dL,12,17.5,N,Routine,2024-11-26 23:19,2024-11-26 23:39,2024-11-27 02:52
LAB722629,ENC109497,PT11300,GLU,Glucose,119,mg/dL,70,99,H,STAT,2024-11-27 00:55,2024-11-27 01:03,2024-11-27 01:46
LAB722630,ENC109497,PT11300,CREAT,Creatinine,1.01,mg/dL,0.6,1.3,N,STAT,2024-11-27 01:15,2024-11-27 01:49,2024-11-27 02:52
LAB722631,ENC109497,PT11300,WBC,White Blood Cell Count,8.8,K/uL,4.5,11,N,Routine,2024-11-27 01:03,2024-11-27 01:38,2024-11-27 05:12
LAB722632,ENC109497,PT11300,HGB,Hemoglobin,14.1,g/dL,12,17.5,N,STAT,2024-11-27 01:46,2024-11-27 02:10,2024-11-27 04:02
LAB722633,ENC109498,PT12377,TROP,"Troponin I, High Sensitivity",4,ng/L,0,34,N,STAT,2024-11-26 22:50,2024-11-26 23:05,2024-11-27 00:13
LAB722634,ENC109500,PT13791,GLU,Glucose,103,mg/dL,70,99,H,STAT,2024-11-26 23:21,2024-11-26 23:34,2024-11-27 00:27
LAB722635,ENC109500,PT13791,CREAT,Creatinine,1.02,mg/dL,0.6,1.3,N,STAT,2024-11-26 22:27,2024-11-26 22:52,2024-11-26 23:20
LAB722636,ENC109500,PT13791,WBC,White Blood Cell Count,6.6,K/uL,4.5,11,N,Routine,2024-11-26 22:55,2024-11-26 23:02,2024-11-27 02:30
LAB722637,ENC109500,PT13791,HGB,Hemoglobin,12.5,g/dL,12,17.5,N,Routine,2024-11-26 22:56,2024-11-26 23:12,2024-11-27 03:41
LAB722638,ENC109501,PT13357,GLU,Glucose,108,mg/dL,70,99,H,Routine,2024-11-27 04:44,2024-11-27 05:13,2024-11-27 09:01
LAB722639,ENC109501,PT13357,CREAT,Creatinine,1.22,mg/dL,0.6,1.3,N,Routine,2024-11-27 04:42,2024-11-27 04:50,2024-11-27 08:43
LAB722640,ENC109501,PT13357,WBC,White Blood Cell Count,6.1,K/uL,4.5,11,N,STAT,2024-11-27 04:06,2024-11-27 04:26,2024-11-27 04:55
LAB722641,ENC109501,PT13357,HGB,Hemoglobin,13.6,g/dL,12,17.5,N,Routine,2024-11-27 04:30,2024-11-27 04:43,2024-11-27 07:19
LAB722642,ENC109501,PT13357,NA,Sodium,138,mmol/L,136,145,N,Routine,2024-11-27 03:52,2024-11-27 04:02,2024-11-27 05:22
LAB722643,ENC109501,PT13357,K,Potassium,4.3,mmol/L,3.5,5.1,N,STAT,2024-11-27 03:50,2024-11-27 04:15,2024-11-27 04:58
LAB722644,ENC109504,PT10079,GLU,Glucose,100,mg/dL,70,99,H,Routine,2024-11-27 08:10,2024-11-27 08:30,2024-11-27 11:45
LAB722645,ENC109504,PT10079,CREAT,Creatinine,0.86,mg/dL,0.6,1.3,N,Routine,2024-11-27 08:28,2024-11-27 08:45,2024-11-27 13:06
LAB722646,ENC109504,PT10079,WBC,White Blood Cell Count,8.6,K/uL,4.5,11,N,Routine,2024-11-27 08:33,2024-11-27 09:03,2024-11-27 12:41
LAB722647,ENC109504,PT10079,HGB,Hemoglobin,15,g/dL,12,17.5,N,Routine,2024-11-27 08:00,2024-11-27 08:12,2024-11-27 09:30
LAB722648,ENC109505,PT12945,GLU,Glucose,110,mg/dL,70,99,H,STAT,2024-11-27 09:52,2024-11-27 10:18,2024-11-27 11:13
LAB722649,ENC109505,PT12945,CREAT,Creatinine,0.88,mg/dL,0.6,1.3,N,Routine,2024-11-27 09:31,2024-11-27 09:41,2024-11-27 11:25
LAB722650,ENC109505,PT12945,WBC,White Blood Cell Count,10.1,K/uL,4.5,11,N,STAT,2024-11-27 09:03,2024-11-27 09:12,2024-11-27 10:11
LAB722651,ENC109505,PT12945,HGB,Hemoglobin,12.7,g/dL,12,17.5,N,Routine,2024-11-27 09:15,2024-11-27 09:24,2024-11-27 15:54
LAB722652,ENC109506,PT11991,GLU,Glucose,198,mg/dL,70,99,H,STAT,2024-11-27 11:35,2024-11-27 11:50,2024-11-27 12:23
LAB722653,ENC109506,PT11991,CREAT,Creatinine,1.41,mg/dL,0.6,1.3,H,STAT,2024-11-27 11:01,2024-11-27 11:09,2024-11-27 11:40
LAB722654,ENC109506,PT11991,WBC,White Blood Cell Count,19.6,K/uL,4.5,11,H,STAT,2024-11-27 11:54,2024-11-27 12:04,2024-11-27 12:52
LAB722655,ENC109506,PT11991,HGB,Hemoglobin,13.4,g/dL,12,17.5,N,Routine,2024-11-27 11:12,2024-11-27 11:29,2024-11-27 15:35
LAB722656,ENC109506,PT11991,LACT,Lactate,3.1,mmol/L,0.5,2,H,STAT,2024-11-27 11:33,2024-11-27 11:42,2024-11-27 12:43
LAB722657,ENC109508,PT12643,GLU,Glucose,135,mg/dL,70,99,H,Routine,2024-11-27 11:58,2024-11-27 12:27,2024-11-27 13:45
LAB722658,ENC109508,PT12643,CREAT,Creatinine,0.92,mg/dL,0.6,1.3,N,STAT,2024-11-27 11:23,2024-11-27 11:29,2024-11-27 11:55
LAB722659,ENC109508,PT12643,WBC,White Blood Cell Count,7.3,K/uL,4.5,11,N,STAT,2024-11-27 11:49,2024-11-27 12:02,2024-11-27 12:50
LAB722660,ENC109508,PT12643,HGB,Hemoglobin,13,g/dL,12,17.5,N,STAT,2024-11-27 11:29,2024-11-27 11:47,2024-11-27 12:46
LAB722661,ENC109510,PT11385,WBC,White Blood Cell Count,8.3,K/uL,4.5,11,N,Routine,2024-11-27 10:09,2024-11-27 10:36,2024-11-27 13:13
LAB722662,ENC109510,PT11385,HGB,Hemoglobin,13.3,g/dL,12,17.5,N,Routine,2024-11-27 10:13,2024-11-27 10:33,2024-11-27 14:32
LAB722663,ENC109510,PT11385,PLT,Platelet Count,283,K/uL,150,400,N,Routine,2024-11-27 10:17,2024-11-27 10:29,2024-11-27 12:32
LAB722664,ENC109511,PT13515,GLU,Glucose,111,mg/dL,70,99,H,STAT,2024-11-27 15:12,2024-11-27 15:22,2024-11-27 16:19
LAB722665,ENC109511,PT13515,CREAT,Creatinine,1,mg/dL,0.6,1.3,N,Routine,2024-11-27 14:38,2024-11-27 14:46,2024-11-27 18:11
LAB722666,ENC109511,PT13515,WBC,White Blood Cell Count,4.8,K/uL,4.5,11,N,STAT,2024-11-27 14:50,2024-11-27 15:05,2024-11-27 16:19
LAB722667,ENC109511,PT13515,HGB,Hemoglobin,10.7,g/dL,12,17.5,L,STAT,2024-11-27 15:27,2024-11-27 16:02,2024-11-27 16:29
LAB722668,ENC109511,PT13515,NA,Sodium,143,mmol/L,136,145,N,Routine,2024-11-27 14:27,2024-11-27 14:48,2024-11-27 18:02
LAB722669,ENC109511,PT13515,K,Potassium,4.3,mmol/L,3.5,5.1,N,STAT,2024-11-27 14:20,2024-11-27 14:36,2024-11-27 15:10
LAB722670,ENC109516,PT13581,GLU,Glucose,191,mg/dL,70,99,H,Routine,2024-11-27 15:06,2024-11-27 15:37,2024-11-27 17:54
LAB722671,ENC109516,PT13581,CREAT,Creatinine,0.8,mg/dL,0.6,1.3,N,STAT,2024-11-27 15:02,2024-11-27 15:36,2024-11-27 16:06
LAB722672,ENC109516,PT13581,WBC,White Blood Cell Count,5.3,K/uL,4.5,11,N,Routine,2024-11-27 15:36,2024-11-27 15:55,2024-11-27 19:25
LAB722673,ENC109516,PT13581,HGB,Hemoglobin,14.7,g/dL,12,17.5,N,STAT,2024-11-27 15:59,2024-11-27 16:07,2024-11-27 16:28
LAB722674,ENC109516,PT13581,NA,Sodium,141,mmol/L,136,145,N,Routine,2024-11-27 14:53,2024-11-27 15:04,2024-11-27 16:49
LAB722675,ENC109516,PT13581,K,Potassium,4.2,mmol/L,3.5,5.1,N,STAT,2024-11-27 15:34,2024-11-27 16:03,2024-11-27 16:51
LAB722676,ENC109516,PT13581,A1C,Hemoglobin A1c,9.1,%,4,5.6,H,Routine,2024-11-27 14:56,2024-11-27 15:28,2024-11-27 23:48
LAB722677,ENC109518,PT13948,GLU,Glucose,95,mg/dL,70,99,N,STAT,2024-11-27 16:11,2024-11-27 16:25,2024-11-27 18:32
LAB722678,ENC109518,PT13948,CREAT,Creatinine,0.65,mg/dL,0.6,1.3,N,STAT,2024-11-27 16:21,2024-11-27 16:31,2024-11-27 17:33
LAB722679,ENC109518,PT13948,WBC,White Blood Cell Count,12,K/uL,4.5,11,H,STAT,2024-11-27 16:28,2024-11-27 16:40,2024-11-27 17:16
LAB722680,ENC109518,PT13948,HGB,Hemoglobin,12.7,g/dL,12,17.5,N,STAT,2024-11-27 15:53,2024-11-27 16:04,2024-11-27 17:12
LAB722681,ENC109520,PT12913,LDL,LDL Cholesterol,104,mg/dL,0,99,H,Routine,2024-11-27 12:25,2024-11-27 12:43,2024-11-28 07:38
LAB722682,ENC109520,PT12913,A1C,Hemoglobin A1c,5.3,%,4,5.6,N,Routine,2024-11-27 12:25,2024-11-27 12:42,2024-11-27 23:35
LAB722683,ENC109522,PT12093,GLU,Glucose,247,mg/dL,70,99,H,STAT,2024-11-27 13:06,2024-11-27 13:17,2024-11-27 14:16
LAB722684,ENC109522,PT12093,CREAT,Creatinine,1.04,mg/dL,0.6,1.3,N,STAT,2024-11-27 13:29,2024-11-27 13:40,2024-11-27 13:59
LAB722685,ENC109522,PT12093,WBC,White Blood Cell Count,7.7,K/uL,4.5,11,N,Routine,2024-11-27 13:55,2024-11-27 14:11,2024-11-27 18:13
LAB722686,ENC109524,PT13483,GLU,Glucose,72,mg/dL,70,99,N,STAT,2024-11-27 16:42,2024-11-27 17:04,2024-11-27 18:02
LAB722687,ENC109524,PT13483,CREAT,Creatinine,1.01,mg/dL,0.6,1.3,N,STAT,2024-11-27 16:33,2024-11-27 16:40,2024-11-27 17:11
LAB722688,ENC109524,PT13483,WBC,White Blood Cell Count,6.3,K/uL,4.5,11,N,Routine,2024-11-27 17:07,2024-11-27 17:16,2024-11-27 21:20
LAB722689,ENC109524,PT13483,HGB,Hemoglobin,12.8,g/dL,12,17.5,N,Routine,2024-11-27 16:30,2024-11-27 16:36,2024-11-27 18:25
LAB722690,ENC109524,PT13483,NA,Sodium,142,mmol/L,136,145,N,STAT,2024-11-27 16:24,2024-11-27 16:53,2024-11-27 17:57
LAB722691,ENC109524,PT13483,K,Potassium,4.5,mmol/L,3.5,5.1,N,STAT,2024-11-27 16:18,2024-11-27 16:50,2024-11-27 17:19
LAB722692,ENC109525,PT11918,LDL,LDL Cholesterol,131,mg/dL,0,99,H,Routine,2024-11-27 13:42,2024-11-27 13:56,2024-11-28 06:59
LAB722693,ENC109525,PT11918,A1C,Hemoglobin A1c,8.1,%,4,5.6,H,Routine,2024-11-27 13:36,2024-11-27 14:05,2024-11-28 11:33
LAB722694,ENC109527,PT12386,GLU,Glucose,116,mg/dL,70,99,H,STAT,2024-11-27 17:12,2024-11-27 17:30,2024-11-27 18:04
LAB722695,ENC109527,PT12386,CREAT,Creatinine,1,mg/dL,0.6,1.3,N,STAT,2024-11-27 16:55,2024-11-27 17:26,2024-11-27 18:22
LAB722696,ENC109527,PT12386,WBC,White Blood Cell Count,7.8,K/uL,4.5,11,N,STAT,2024-11-27 17:17,2024-11-27 17:24,2024-11-27 17:41
LAB722697,ENC109527,PT12386,HGB,Hemoglobin,13.6,g/dL,12,17.5,N,Routine,2024-11-27 17:06,2024-11-27 17:13,2024-11-27 22:46
LAB722698,ENC109530,PT12989,LDL,LDL Cholesterol,95,mg/dL,0,99,N,Routine,2024-11-27 16:07,2024-11-27 16:28,2024-11-28 03:21
LAB722699,ENC109531,PT13399,GLU,Glucose,97,mg/dL,70,99,N,STAT,2024-11-27 16:59,2024-11-27 17:30,2024-11-27 18:29
LAB722700,ENC109531,PT13399,CREAT,Creatinine,1.05,mg/dL,0.6,1.3,N,STAT,2024-11-27 16:47,2024-11-27 17:16,2024-11-27 18:01
LAB722701,ENC109531,PT13399,WBC,White Blood Cell Count,4.6,K/uL,4.5,11,N,STAT,2024-11-27 16:17,2024-11-27 16:36,2024-11-27 17:21
LAB722702,ENC109532,PT10751,GLU,Glucose,85,mg/dL,70,99,N,STAT,2024-11-27 17:15,2024-11-27 17:20,2024-11-27 18:15
LAB722703,ENC109532,PT10751,CREAT,Creatinine,1.21,mg/dL,0.6,1.3,N,STAT,2024-11-27 17:31,2024-11-27 17:50,2024-11-27 19:33
LAB722704,ENC109532,PT10751,WBC,White Blood Cell Count,5.8,K/uL,4.5,11,N,Routine,2024-11-27 17:25,2024-11-27 17:44,2024-11-27 23:27
LAB722705,ENC109532,PT10751,HGB,Hemoglobin,12.9,g/dL,12,17.5,N,Routine,2024-11-27 17:14,2024-11-27 17:49,2024-11-27 21:08
LAB722706,ENC109532,PT10751,NA,Sodium,126,mmol/L,136,145,L,STAT,2024-11-27 16:37,2024-11-27 16:56,2024-11-27 17:46
LAB722707,ENC109532,PT10751,K,Potassium,3.8,mmol/L,3.5,5.1,N,STAT,2024-11-27 17:31,2024-11-27 17:51,2024-11-27 18:23
LAB722708,ENC109534,PT10929,GLU,Glucose,94,mg/dL,70,99,N,STAT,2024-11-27 20:46,2024-11-27 20:57,2024-11-27 21:32
LAB722709,ENC109534,PT10929,CREAT,Creatinine,0.5,mg/dL,0.6,1.3,L,Routine,2024-11-27 20:46,2024-11-27 21:11,2024-11-28 01:56
LAB722710,ENC109534,PT10929,WBC,White Blood Cell Count,9,K/uL,4.5,11,N,Routine,2024-11-27 21:28,2024-11-27 21:33,2024-11-27 23:42
LAB722711,ENC109534,PT10929,HGB,Hemoglobin,12.4,g/dL,12,17.5,N,Routine,2024-11-27 21:35,2024-11-27 21:39,2024-11-27 23:08
LAB722712,ENC109536,PT11399,GLU,Glucose,131,mg/dL,70,99,H,STAT,2024-11-27 18:48,2024-11-27 19:20,2024-11-27 20:44
LAB722713,ENC109536,PT11399,CREAT,Creatinine,0.69,mg/dL,0.6,1.3,N,STAT,2024-11-27 19:09,2024-11-27 19:15,2024-11-27 20:07
LAB722714,ENC109536,PT11399,WBC,White Blood Cell Count,11.7,K/uL,4.5,11,H,STAT,2024-11-27 19:02,2024-11-27 19:09,2024-11-27 20:19
LAB722715,ENC109536,PT11399,HGB,Hemoglobin,14.9,g/dL,12,17.5,N,Routine,2024-11-27 18:06,2024-11-27 18:40,2024-11-27 21:14
LAB722716,ENC109537,PT11813,GLU,Glucose,163,mg/dL,70,99,H,STAT,2024-11-27 19:49,2024-11-27 19:56,2024-11-27 20:49
LAB722717,ENC109537,PT11813,CREAT,Creatinine,1.07,mg/dL,0.6,1.3,N,Routine,2024-11-27 19:33,2024-11-27 19:49,2024-11-27 22:48
LAB722718,ENC109537,PT11813,WBC,White Blood Cell Count,7.4,K/uL,4.5,11,N,Routine,2024-11-27 20:24,2024-11-27 20:28,2024-11-27 21:16
LAB722719,ENC109538,PT10162,GLU,Glucose,115,mg/dL,70,99,H,Routine,2024-11-27 23:04,2024-11-27 23:23,2024-11-28 01:32
LAB722720,ENC109538,PT10162,CREAT,Creatinine,1.11,mg/dL,0.6,1.3,N,STAT,2024-11-27 22:31,2024-11-27 22:41,2024-11-27 23:37
LAB722721,ENC109538,PT10162,WBC,White Blood Cell Count,6.7,K/uL,4.5,11,N,STAT,2024-11-27 22:08,2024-11-27 22:25,2024-11-27 23:33
LAB722722,ENC109538,PT10162,HGB,Hemoglobin,13.4,g/dL,12,17.5,N,STAT,2024-11-27 23:13,2024-11-27 23:24,2024-11-28 00:04
LAB722723,ENC109538,PT10162,NA,Sodium,144,mmol/L,136,145,N,STAT,2024-11-27 22:08,2024-11-27 22:27,2024-11-27 23:18
LAB722724,ENC109538,PT10162,K,Potassium,4.6,mmol/L,3.5,5.1,N,STAT,2024-11-27 22:54,2024-11-27 23:15,2024-11-28 00:41
LAB722725,ENC109539,PT12245,GLU,Glucose,129,mg/dL,70,99,H,STAT,2024-11-27 20:55,2024-11-27 21:30,2024-11-27 21:50
LAB722726,ENC109539,PT12245,CREAT,Creatinine,0.77,mg/dL,0.6,1.3,N,Routine,2024-11-27 20:44,2024-11-27 20:49,2024-11-27 22:17
LAB722727,ENC109541,PT12958,GLU,Glucose,126,mg/dL,70,99,H,STAT,2024-11-28 01:46,2024-11-28 02:18,2024-11-28 03:00
LAB722728,ENC109541,PT12958,CREAT,Creatinine,1.23,mg/dL,0.6,1.3,N,Routine,2024-11-28 01:41,2024-11-28 01:47,2024-11-28 09:08
LAB722729,ENC109541,PT12958,WBC,White Blood Cell Count,6.7,K/uL,4.5,11,N,STAT,2024-11-28 01:36,2024-11-28 01:55,2024-11-28 02:38
LAB722730,ENC109541,PT12958,HGB,Hemoglobin,14.1,g/dL,12,17.5,N,STAT,2024-11-28 01:20,2024-11-28 01:28,2024-11-28 02:27
LAB722731,ENC109541,PT12958,TROP,"Troponin I, High Sensitivity",80,ng/L,0,34,H,STAT,2024-11-28 01:11,2024-11-28 01:16,2024-11-28 02:22
LAB722732,ENC109541,PT12958,BNP,B-Type Natriuretic Peptide,1076,pg/mL,0,100,H,STAT,2024-11-28 01:41,2024-11-28 02:02,2024-11-28 02:46
LAB722733,ENC109543,PT11849,GLU,Glucose,95,mg/dL,70,99,N,Routine,2024-11-28 10:07,2024-11-28 10:33,2024-11-28 14:40
LAB722734,ENC109543,PT11849,CREAT,Creatinine,1,mg/dL,0.6,1.3,N,Routine,2024-11-28 09:33,2024-11-28 09:46,2024-11-28 13:23
LAB722735,ENC109543,PT11849,WBC,White Blood Cell Count,4.7,K/uL,4.5,11,N,Routine,2024-11-28 10:13,2024-11-28 10:26,2024-11-28 14:59
LAB722736,ENC109543,PT11849,HGB,Hemoglobin,15.4,g/dL,12,17.5,N,Routine,2024-11-28 09:08,2024-11-28 09:33,2024-11-28 12:14
LAB722737,ENC109544,PT13340,GLU,Glucose,132,mg/dL,70,99,H,Routine,2024-11-28 06:07,2024-11-28 06:35,2024-11-28 08:41
LAB722738,ENC109544,PT13340,CREAT,Creatinine,1,mg/dL,0.6,1.3,N,STAT,2024-11-28 06:27,2024-11-28 06:36,2024-11-28 07:26
LAB722739,ENC109544,PT13340,WBC,White Blood Cell Count,5.7,K/uL,4.5,11,N,STAT,2024-11-28 05:44,2024-11-28 06:03,2024-11-28 06:56
LAB722740,ENC109544,PT13340,HGB,Hemoglobin,15.2,g/dL,12,17.5,N,STAT,2024-11-28 06:42,2024-11-28 06:54,2024-11-28 07:49
LAB722741,ENC109544,PT13340,NA,Sodium,138,mmol/L,136,145,N,STAT,2024-11-28 06:08,2024-11-28 06:12,2024-11-28 06:33
LAB722742,ENC109544,PT13340,K,Potassium,4.2,mmol/L,3.5,5.1,N,STAT,2024-11-28 06:42,2024-11-28 07:17,2024-11-28 08:14
LAB722743,ENC109545,PT11140,GLU,Glucose,98,mg/dL,70,99,N,Routine,2024-11-28 07:39,2024-11-28 07:46,2024-11-28 11:32
LAB722744,ENC109545,PT11140,CREAT,Creatinine,0.65,mg/dL,0.6,1.3,N,STAT,2024-11-28 07:29,2024-11-28 07:43,2024-11-28 08:53
LAB722745,ENC109546,PT11628,A1C,Hemoglobin A1c,7.1,%,4,5.6,H,Routine,2024-11-28 08:09,2024-11-28 08:42,2024-11-28 20:56
LAB722746,ENC109546,PT11628,GLU,Glucose,216,mg/dL,70,99,H,Routine,2024-11-28 08:05,2024-11-28 08:19,2024-11-28 11:23
LAB722747,ENC109546,PT11628,CREAT,Creatinine,1,mg/dL,0.6,1.3,N,Routine,2024-11-28 08:15,2024-11-28 08:37,2024-11-28 15:37
LAB722748,ENC109547,PT13680,GLU,Glucose,101,mg/dL,70,99,H,STAT,2024-11-28 12:54,2024-11-28 13:16,2024-11-28 13:41
LAB722749,ENC109547,PT13680,CREAT,Creatinine,1.39,mg/dL,0.6,1.3,H,STAT,2024-11-28 12:10,2024-11-28 12:27,2024-11-28 13:02
LAB722750,ENC109547,PT13680,WBC,White Blood Cell Count,19.7,K/uL,4.5,11,H,Routine,2024-11-28 12:11,2024-11-28 12:43,2024-11-28 16:29
LAB722751,ENC109547,PT13680,HGB,Hemoglobin,12.9,g/dL,12,17.5,N,STAT,2024-11-28 12:31,2024-11-28 13:04,2024-11-28 13:59
LAB722752,ENC109550,PT13328,GLU,Glucose,138,mg/dL,70,99,H,STAT,2024-11-28 14:13,2024-11-28 14:18,2024-11-28 15:18
LAB722753,ENC109550,PT13328,CREAT,Creatinine,1.07,mg/dL,0.6,1.3,N,Routine,2024-11-28 13:56,2024-11-28 14:28,2024-11-28 18:20
LAB722754,ENC109550,PT13328,WBC,White Blood Cell Count,6.1,K/uL,4.5,11,N,STAT,2024-11-28 13:15,2024-11-28 13:39,2024-11-28 14:30
LAB722755,ENC109550,PT13328,HGB,Hemoglobin,14.4,g/dL,12,17.5,N,STAT,2024-11-28 13:32,2024-11-28 13:56,2024-11-28 14:15
LAB722756,ENC109550,PT13328,LACT,Lactate,1.4,mmol/L,0.5,2,N,STAT,2024-11-28 13:42,2024-11-28 13:49,2024-11-28 14:23
LAB722757,ENC109551,PT13023,GLU,Glucose,114,mg/dL,70,99,H,STAT,2024-11-28 13:23,2024-11-28 13:57,2024-11-28 14:22
LAB722758,ENC109551,PT13023,CREAT,Creatinine,0.97,mg/dL,0.6,1.3,N,STAT,2024-11-28 13:38,2024-11-28 14:00,2024-11-28 14:52
LAB722759,ENC109551,PT13023,WBC,White Blood Cell Count,6.8,K/uL,4.5,11,N,Routine,2024-11-28 13:43,2024-11-28 13:57,2024-11-28 18:04
LAB722760,ENC109551,PT13023,HGB,Hemoglobin,9.9,g/dL,12,17.5,L,Routine,2024-11-28 14:13,2024-11-28 14:42,2024-11-28 19:37
LAB722761,ENC109551,PT13023,NA,Sodium,142,mmol/L,136,145,N,STAT,2024-11-28 13:04,2024-11-28 13:27,2024-11-28 14:37
LAB722762,ENC109551,PT13023,K,Potassium,4.1,mmol/L,3.5,5.1,N,STAT,2024-11-28 13:32,2024-11-28 13:37,2024-11-28 14:17
LAB722763,ENC109552,PT12173,GLU,Glucose,120,mg/dL,70,99,H,Routine,2024-11-28 09:28,2024-11-28 09:58,2024-11-28 13:32
LAB722764,ENC109552,PT12173,CREAT,Creatinine,0.87,mg/dL,0.6,1.3,N,STAT,2024-11-28 10:18,2024-11-28 10:50,2024-11-28 11:40
LAB722765,ENC109552,PT12173,WBC,White Blood Cell Count,5.4,K/uL,4.5,11,N,STAT,2024-11-28 10:37,2024-11-28 10:42,2024-11-28 11:48
LAB722766,ENC109552,PT12173,HGB,Hemoglobin,15.4,g/dL,12,17.5,N,Routine,2024-11-28 09:46,2024-11-28 09:50,2024-11-28 10:52
LAB722767,ENC109552,PT12173,NA,Sodium,136,mmol/L,136,145,N,STAT,2024-11-28 09:48,2024-11-28 10:09,2024-11-28 11:03
LAB722768,ENC109552,PT12173,K,Potassium,4,mmol/L,3.5,5.1,N,STAT,2024-11-28 10:02,2024-11-28 10:13,2024-11-28 11:32
LAB722769,ENC109554,PT12814,GLU,Glucose,107,mg/dL,70,99,H,Routine,2024-11-28 15:01,2024-11-28 15:24,2024-11-28 16:51
LAB722770,ENC109554,PT12814,CREAT,Creatinine,0.96,mg/dL,0.6,1.3,N,STAT,2024-11-28 15:26,2024-11-28 15:58,2024-11-28 16:42
LAB722771,ENC109554,PT12814,WBC,White Blood Cell Count,10,K/uL,4.5,11,N,STAT,2024-11-28 15:14,2024-11-28 15:45,2024-11-28 16:37
LAB722772,ENC109554,PT12814,HGB,Hemoglobin,13.1,g/dL,12,17.5,N,STAT,2024-11-28 15:42,2024-11-28 15:51,2024-11-28 16:35
LAB722773,ENC109554,PT12814,NA,Sodium,141,mmol/L,136,145,N,Routine,2024-11-28 15:03,2024-11-28 15:36,2024-11-28 19:57
LAB722774,ENC109554,PT12814,K,Potassium,4.5,mmol/L,3.5,5.1,N,STAT,2024-11-28 14:53,2024-11-28 15:15,2024-11-28 16:19
LAB722775,ENC109555,PT13149,A1C,Hemoglobin A1c,6.9,%,4,5.6,H,Routine,2024-11-28 11:22,2024-11-28 11:57,2024-11-28 22:32
LAB722776,ENC109557,PT13140,WBC,White Blood Cell Count,5.5,K/uL,4.5,11,N,Routine,2024-11-28 11:49,2024-11-28 12:00,2024-11-28 15:03
LAB722777,ENC109557,PT13140,HGB,Hemoglobin,14.6,g/dL,12,17.5,N,Routine,2024-11-28 11:37,2024-11-28 11:47,2024-11-28 14:57
LAB722778,ENC109557,PT13140,PLT,Platelet Count,316,K/uL,150,400,N,Routine,2024-11-28 11:35,2024-11-28 11:54,2024-11-28 14:56
LAB722779,ENC109561,PT10451,GLU,Glucose,264,mg/dL,70,99,H,Routine,2024-11-28 19:01,2024-11-28 19:17,2024-11-28 22:13
LAB722780,ENC109561,PT10451,CREAT,Creatinine,0.8,mg/dL,0.6,1.3,N,STAT,2024-11-28 19:29,2024-11-28 19:34,2024-11-28 20:01
LAB722781,ENC109561,PT10451,WBC,White Blood Cell Count,8.9,K/uL,4.5,11,N,STAT,2024-11-28 19:56,2024-11-28 20:19,2024-11-28 21:12
LAB722782,ENC109561,PT10451,HGB,Hemoglobin,13.7,g/dL,12,17.5,N,STAT,2024-11-28 19:49,2024-11-28 20:08,2024-11-28 21:05
LAB722783,ENC109561,PT10451,NA,Sodium,136,mmol/L,136,145,N,Routine,2024-11-28 20:00,2024-11-28 20:10,2024-11-28 21:55
LAB722784,ENC109561,PT10451,K,Potassium,3.9,mmol/L,3.5,5.1,N,STAT,2024-11-28 19:05,2024-11-28 19:11,2024-11-28 20:09
LAB722785,ENC109561,PT10451,A1C,Hemoglobin A1c,12.6,%,4,5.6,H,STAT,2024-11-28 19:39,2024-11-28 19:43,2024-11-28 20:48
LAB722786,ENC109564,PT12613,GLU,Glucose,104,mg/dL,70,99,H,Routine,2024-11-28 21:38,2024-11-28 21:46,2024-11-28 23:37
LAB722787,ENC109564,PT12613,CREAT,Creatinine,0.88,mg/dL,0.6,1.3,N,Routine,2024-11-28 21:37,2024-11-28 21:43,2024-11-29 01:38
LAB722788,ENC109564,PT12613,WBC,White Blood Cell Count,11.3,K/uL,4.5,11,H,STAT,2024-11-28 22:05,2024-11-28 22:28,2024-11-28 23:22
LAB722789,ENC109565,PT11112,GLU,Glucose,69,mg/dL,70,99,L,Routine,2024-11-28 22:25,2024-11-28 22:43,2024-11-29 02:16
LAB722790,ENC109565,PT11112,CREAT,Creatinine,1.07,mg/dL,0.6,1.3,N,STAT,2024-11-28 22:48,2024-11-28 23:05,2024-11-28 23:37
LAB722791,ENC109565,PT11112,WBC,White Blood Cell Count,5,K/uL,4.5,11,N,Routine,2024-11-28 22:07,2024-11-28 22:33,2024-11-29 01:30
LAB722792,ENC109566,PT12624,GLU,Glucose,136,mg/dL,70,99,H,Routine,2024-11-29 04:56,2024-11-29 05:28,2024-11-29 09:21
LAB722793,ENC109566,PT12624,CREAT,Creatinine,1.26,mg/dL,0.6,1.3,N,STAT,2024-11-29 04:36,2024-11-29 05:03,2024-11-29 05:48
LAB722794,ENC109568,PT13122,GLU,Glucose,138,mg/dL,70,99,H,Routine,2024-11-29 09:31,2024-11-29 09:51,2024-11-29 11:13
LAB722795,ENC109568,PT13122,CREAT,Creatinine,0.62,mg/dL,0.6,1.3,N,STAT,2024-11-29 09:40,2024-11-29 10:09,2024-11-29 10:42
LAB722796,ENC109568,PT13122,WBC,White Blood Cell Count,7.3,K/uL,4.5,11,N,STAT,2024-11-29 09:34,2024-11-29 09:54,2024-11-29 11:19
LAB722797,ENC109568,PT13122,HGB,Hemoglobin,13.9,g/dL,12,17.5,N,STAT,2024-11-29 09:51,2024-11-29 09:56,2024-11-29 10:55
LAB722798,ENC109568,PT13122,NA,Sodium,137,mmol/L,136,145,N,STAT,2024-11-29 10:11,2024-11-29 10:15,2024-11-29 11:02
LAB722799,ENC109568,PT13122,K,Potassium,4.2,mmol/L,3.5,5.1,N,STAT,2024-11-29 09:55,2024-11-29 10:24,2024-11-29 11:18
LAB722800,ENC109575,PT12845,GLU,Glucose,77,mg/dL,70,99,N,STAT,2024-11-29 10:21,2024-11-29 10:42,2024-11-29 11:19
LAB722801,ENC109575,PT12845,CREAT,Creatinine,0.76,mg/dL,0.6,1.3,N,Routine,2024-11-29 10:28,2024-11-29 11:01,2024-11-29 14:32
LAB722802,ENC109575,PT12845,WBC,White Blood Cell Count,8.9,K/uL,4.5,11,N,STAT,2024-11-29 10:33,2024-11-29 11:02,2024-11-29 11:42
LAB722803,ENC109576,PT11341,GLU,Glucose,108,mg/dL,70,99,H,Routine,2024-11-29 14:43,2024-11-29 14:50,2024-11-29 18:53
LAB722804,ENC109576,PT11341,CREAT,Creatinine,0.84,mg/dL,0.6,1.3,N,STAT,2024-11-29 13:53,2024-11-29 14:03,2024-11-29 14:43
LAB722805,ENC109576,PT11341,WBC,White Blood Cell Count,8,K/uL,4.5,11,N,STAT,2024-11-29 14:06,2024-11-29 14:26,2024-11-29 14:56
LAB722806,ENC109576,PT11341,HGB,Hemoglobin,14.1,g/dL,12,17.5,N,Routine,2024-11-29 14:03,2024-11-29 14:09,2024-11-29 16:41
LAB722807,ENC109576,PT11341,BUN,Blood Urea Nitrogen,10,mg/dL,7,20,N,STAT,2024-11-29 13:40,2024-11-29 14:07,2024-11-29 14:31
LAB722808,ENC109576,PT11341,PLT,Platelet Count,222,K/uL,150,400,N,STAT,2024-11-29 13:57,2024-11-29 14:21,2024-11-29 15:19
LAB722809,ENC109576,PT11341,TROP,"Troponin I, High Sensitivity",218,ng/L,0,34,H,STAT,2024-11-29 14:20,2024-11-29 14:51,2024-11-29 15:58
LAB722810,ENC109578,PT10893,GLU,Glucose,122,mg/dL,70,99,H,Routine,2024-11-29 14:27,2024-11-29 15:00,2024-11-29 16:25
LAB722811,ENC109578,PT10893,CREAT,Creatinine,1.93,mg/dL,0.6,1.3,H,Routine,2024-11-29 14:55,2024-11-29 15:29,2024-11-29 22:39
LAB722812,ENC109578,PT10893,WBC,White Blood Cell Count,10.4,K/uL,4.5,11,N,Routine,2024-11-29 14:56,2024-11-29 15:29,2024-11-29 18:06
LAB722813,ENC109578,PT10893,HGB,Hemoglobin,9.7,g/dL,12,17.5,L,Routine,2024-11-29 15:30,2024-11-29 15:40,2024-11-29 19:03
LAB722814,ENC109578,PT10893,NA,Sodium,138,mmol/L,136,145,N,STAT,2024-11-29 15:26,2024-11-29 15:59,2024-11-29 16:52
LAB722815,ENC109578,PT10893,K,Potassium,4.3,mmol/L,3.5,5.1,N,STAT,2024-11-29 14:45,2024-11-29 14:59,2024-11-29 15:43
LAB722816,ENC109579,PT11626,GLU,Glucose,107,mg/dL,70,99,H,Routine,2024-11-29 16:20,2024-11-29 16:46,2024-11-29 18:42
LAB722817,ENC109579,PT11626,CREAT,Creatinine,0.96,mg/dL,0.6,1.3,N,STAT,2024-11-29 16:13,2024-11-29 16:31,2024-11-29 17:46
LAB722818,ENC109579,PT11626,WBC,White Blood Cell Count,8.2,K/uL,4.5,11,N,Routine,2024-11-29 15:59,2024-11-29 16:28,2024-11-29 20:59
LAB722819,ENC109579,PT11626,HGB,Hemoglobin,16.9,g/dL,12,17.5,N,STAT,2024-11-29 16:00,2024-11-29 16:23,2024-11-29 17:30
LAB722820,ENC109579,PT11626,NA,Sodium,140,mmol/L,136,145,N,Routine,2024-11-29 16:26,2024-11-29 16:55,2024-11-29 18:58
LAB722821,ENC109579,PT11626,K,Potassium,4.7,mmol/L,3.5,5.1,N,STAT,2024-11-29 16:32,2024-11-29 16:43,2024-11-29 17:28
LAB722822,ENC109579,PT11626,BUN,Blood Urea Nitrogen,15,mg/dL,7,20,N,Routine,2024-11-29 15:39,2024-11-29 15:56,2024-11-29 19:29
LAB722823,ENC109579,PT11626,PLT,Platelet Count,317,K/uL,150,400,N,STAT,2024-11-29 16:07,2024-11-29 16:40,2024-11-29 17:14
LAB722824,ENC109581,PT12442,A1C,Hemoglobin A1c,9.1,%,4,5.6,H,Routine,2024-11-29 12:14,2024-11-29 12:47,2024-11-29 17:30
LAB722825,ENC109581,PT12442,GLU,Glucose,427,mg/dL,70,99,H,Routine,2024-11-29 11:58,2024-11-29 12:19,2024-11-29 13:55
LAB722826,ENC109581,PT12442,CREAT,Creatinine,0.91,mg/dL,0.6,1.3,N,Routine,2024-11-29 12:10,2024-11-29 12:40,2024-11-29 14:08
LAB722827,ENC109582,PT13671,GLU,Glucose,145,mg/dL,70,99,H,STAT,2024-11-29 15:18,2024-11-29 15:34,2024-11-29 16:11
LAB722828,ENC109582,PT13671,CREAT,Creatinine,1.05,mg/dL,0.6,1.3,N,STAT,2024-11-29 15:01,2024-11-29 15:09,2024-11-29 16:31
LAB722829,ENC109582,PT13671,WBC,White Blood Cell Count,8.5,K/uL,4.5,11,N,STAT,2024-11-29 15:37,2024-11-29 16:08,2024-11-29 16:38
LAB722830,ENC109582,PT13671,HGB,Hemoglobin,14,g/dL,12,17.5,N,Routine,2024-11-29 14:57,2024-11-29 15:26,2024-11-29 19:21
LAB722831,ENC109585,PT10143,GLU,Glucose,218,mg/dL,70,99,H,STAT,2024-11-29 17:11,2024-11-29 17:21,2024-11-29 18:43
LAB722832,ENC109585,PT10143,CREAT,Creatinine,0.75,mg/dL,0.6,1.3,N,STAT,2024-11-29 17:03,2024-11-29 17:14,2024-11-29 18:11
LAB722833,ENC109585,PT10143,WBC,White Blood Cell Count,12.9,K/uL,4.5,11,H,STAT,2024-11-29 17:31,2024-11-29 18:03,2024-11-29 19:15
LAB722834,ENC109585,PT10143,HGB,Hemoglobin,13.9,g/dL,12,17.5,N,STAT,2024-11-29 17:21,2024-11-29 17:45,2024-11-29 18:22
LAB722835,ENC109587,PT10308,LDL,LDL Cholesterol,92,mg/dL,0,99,N,Routine,2024-11-29 14:23,2024-11-29 14:35,2024-11-29 21:01
LAB722836,ENC109588,PT11165,GLU,Glucose,93,mg/dL,70,99,N,Routine,2024-11-29 17:06,2024-11-29 17:34,2024-11-29 21:31
LAB722837,ENC109588,PT11165,CREAT,Creatinine,1,mg/dL,0.6,1.3,N,Routine,2024-11-29 17:33,2024-11-29 17:46,2024-11-29 18:35
LAB722838,ENC109588,PT11165,WBC,White Blood Cell Count,13.3,K/uL,4.5,11,H,Routine,2024-11-29 17:43,2024-11-29 17:48,2024-11-29 21:59
LAB722839,ENC109588,PT11165,HGB,Hemoglobin,12.8,g/dL,12,17.5,N,STAT,2024-11-29 18:05,2024-11-29 18:17,2024-11-29 18:45
LAB722840,ENC109589,PT13203,GLU,Glucose,124,mg/dL,70,99,H,STAT,2024-11-29 14:38,2024-11-29 14:46,2024-11-29 16:22
LAB722841,ENC109589,PT13203,CREAT,Creatinine,0.66,mg/dL,0.6,1.3,N,Routine,2024-11-29 14:51,2024-11-29 15:15,2024-11-29 16:49
LAB722842,ENC109589,PT13203,WBC,White Blood Cell Count,13.6,K/uL,4.5,11,H,Routine,2024-11-29 14:26,2024-11-29 14:59,2024-11-29 19:10
LAB722843,ENC109589,PT13203,HGB,Hemoglobin,14.2,g/dL,12,17.5,N,STAT,2024-11-29 14:34,2024-11-29 14:57,2024-11-29 15:23
LAB722844,ENC109591,PT11070,GLU,Glucose,108,mg/dL,70,99,H,Routine,2024-11-29 16:41,2024-11-29 17:03,2024-11-29 20:25
LAB722845,ENC109591,PT11070,CREAT,Creatinine,0.88,mg/dL,0.6,1.3,N,Routine,2024-11-29 16:15,2024-11-29 16:32,2024-11-29 18:46
LAB722846,ENC109591,PT11070,WBC,White Blood Cell Count,6.4,K/uL,4.5,11,N,Routine,2024-11-29 16:35,2024-11-29 16:50,2024-11-29 21:16
LAB722847,ENC109591,PT11070,HGB,Hemoglobin,11.3,g/dL,12,17.5,L,Routine,2024-11-29 15:43,2024-11-29 15:52,2024-11-29 18:20
LAB722848,ENC109591,PT11070,TROP,"Troponin I, High Sensitivity",6,ng/L,0,34,N,STAT,2024-11-29 16:10,2024-11-29 16:16,2024-11-29 17:09
LAB722849,ENC109591,PT11070,BNP,B-Type Natriuretic Peptide,1096,pg/mL,0,100,H,STAT,2024-11-29 15:47,2024-11-29 16:09,2024-11-29 17:03
LAB722850,ENC109592,PT13697,LDL,LDL Cholesterol,108,mg/dL,0,99,H,Routine,2024-11-29 16:11,2024-11-29 16:31,2024-12-01 03:12
LAB722851,ENC109592,PT13697,A1C,Hemoglobin A1c,5.6,%,4,5.6,N,Routine,2024-11-29 16:05,2024-11-29 16:12,2024-11-30 21:08
LAB722852,ENC109592,PT13697,TSH,Thyroid Stimulating Hormone,1.22,mIU/L,0.4,4,N,Routine,2024-11-29 16:02,2024-11-29 16:35,2024-11-30 08:52
LAB722853,ENC109595,PT11016,GLU,Glucose,111,mg/dL,70,99,H,STAT,2024-11-29 20:17,2024-11-29 20:51,2024-11-29 21:37
LAB722854,ENC109595,PT11016,CREAT,Creatinine,1.04,mg/dL,0.6,1.3,N,STAT,2024-11-29 20:50,2024-11-29 21:00,2024-11-29 21:46
LAB722855,ENC109595,PT11016,WBC,White Blood Cell Count,17.5,K/uL,4.5,11,H,STAT,2024-11-29 21:21,2024-11-29 21:49,2024-11-29 23:24
LAB722856,ENC109595,PT11016,HGB,Hemoglobin,13.8,g/dL,12,17.5,N,STAT,2024-11-29 20:40,2024-11-29 20:47,2024-11-29 21:53
LAB722857,ENC109595,PT11016,NA,Sodium,138,mmol/L,136,145,N,STAT,2024-11-29 21:03,2024-11-29 21:25,2024-11-29 22:40
LAB722858,ENC109595,PT11016,K,Potassium,4.5,mmol/L,3.5,5.1,N,STAT,2024-11-29 20:28,2024-11-29 21:02,2024-11-29 22:03
LAB722859,ENC109596,PT11542,GLU,Glucose,78,mg/dL,70,99,N,Routine,2024-11-29 18:07,2024-11-29 18:31,2024-11-29 22:48
LAB722860,ENC109596,PT11542,CREAT,Creatinine,2,mg/dL,0.6,1.3,H,STAT,2024-11-29 18:04,2024-11-29 18:30,2024-11-29 19:22
LAB722861,ENC109596,PT11542,WBC,White Blood Cell Count,6.7,K/uL,4.5,11,N,STAT,2024-11-29 17:21,2024-11-29 17:50,2024-11-29 18:18
LAB722862,ENC109596,PT11542,HGB,Hemoglobin,11.3,g/dL,12,17.5,L,STAT,2024-11-29 17:58,2024-11-29 18:24,2024-11-29 18:57
LAB722863,ENC109596,PT11542,BUN,Blood Urea Nitrogen,17,mg/dL,7,20,N,STAT,2024-11-29 17:33,2024-11-29 17:52,2024-11-29 19:36
LAB722864,ENC109596,PT11542,PLT,Platelet Count,216,K/uL,150,400,N,STAT,2024-11-29 17:30,2024-11-29 17:34,2024-11-29 18:08
LAB722865,ENC109596,PT11542,TROP,"Troponin I, High Sensitivity",9,ng/L,0,34,N,STAT,2024-11-29 17:43,2024-11-29 17:58,2024-11-29 19:04
LAB722866,ENC109596,PT11542,BNP,B-Type Natriuretic Peptide,1485,pg/mL,0,100,H,STAT,2024-11-29 18:00,2024-11-29 18:23,2024-11-29 19:20
LAB722867,ENC109597,PT11988,GLU,Glucose,102,mg/dL,70,99,H,STAT,2024-11-29 19:46,2024-11-29 19:51,2024-11-29 20:38
LAB722868,ENC109597,PT11988,CREAT,Creatinine,1.1,mg/dL,0.6,1.3,N,STAT,2024-11-29 19:52,2024-11-29 20:03,2024-11-29 21:15
LAB722869,ENC109597,PT11988,WBC,White Blood Cell Count,6.6,K/uL,4.5,11,N,STAT,2024-11-29 20:12,2024-11-29 20:38,2024-11-29 21:23
LAB722870,ENC109597,PT11988,HGB,Hemoglobin,14.5,g/dL,12,17.5,N,Routine,2024-11-29 19:49,2024-11-29 19:54,2024-11-29 23:17
LAB722871,ENC109597,PT11988,NA,Sodium,139,mmol/L,136,145,N,STAT,2024-11-29 19:19,2024-11-29 19:34,2024-11-29 20:06
LAB722872,ENC109597,PT11988,K,Potassium,3.6,mmol/L,3.5,5.1,N,STAT,2024-11-29 19:25,2024-11-29 19:39,2024-11-29 20:09
LAB722873,ENC109598,PT11500,GLU,Glucose,82,mg/dL,70,99,N,STAT,2024-11-29 21:58,2024-11-29 22:15,2024-11-29 23:00
LAB722874,ENC109598,PT11500,CREAT,Creatinine,0.77,mg/dL,0.6,1.3,N,STAT,2024-11-29 22:27,2024-11-29 22:56,2024-11-30 00:03
LAB722875,ENC109598,PT11500,WBC,White Blood Cell Count,5.6,K/uL,4.5,11,N,Routine,2024-11-29 22:01,2024-11-29 22:12,2024-11-30 00:42
LAB722876,ENC109598,PT11500,HGB,Hemoglobin,13.5,g/dL,12,17.5,N,STAT,2024-11-29 21:57,2024-11-29 22:01,2024-11-29 22:48
LAB722877,ENC109598,PT11500,NA,Sodium,135,mmol/L,136,145,L,STAT,2024-11-29 22:56,2024-11-29 23:19,2024-11-30 00:01
LAB722878,ENC109598,PT11500,K,Potassium,4,mmol/L,3.5,5.1,N,STAT,2024-11-29 21:59,2024-11-29 22:20,2024-11-29 23:10
LAB722879,ENC109599,PT12601,GLU,Glucose,97,mg/dL,70,99,N,Routine,2024-11-29 22:24,2024-11-29 22:45,2024-11-30 02:36
LAB722880,ENC109599,PT12601,CREAT,Creatinine,0.88,mg/dL,0.6,1.3,N,STAT,2024-11-29 22:17,2024-11-29 22:36,2024-11-29 23:10
LAB722881,ENC109599,PT12601,WBC,White Blood Cell Count,4.5,K/uL,4.5,11,N,STAT,2024-11-29 22:16,2024-11-29 22:28,2024-11-29 23:25
LAB722882,ENC109599,PT12601,HGB,Hemoglobin,13.6,g/dL,12,17.5,N,Routine,2024-11-29 23:17,2024-11-29 23:52,2024-11-30 04:10
LAB722883,ENC109600,PT11105,GLU,Glucose,98,mg/dL,70,99,N,Routine,2024-11-29 20:21,2024-11-29 20:46,2024-11-30 02:38
LAB722884,ENC109600,PT11105,CREAT,Creatinine,1.1,mg/dL,0.6,1.3,N,STAT,2024-11-29 20:36,2024-11-29 21:10,2024-11-29 21:29
LAB722885,ENC109600,PT11105,WBC,White Blood Cell Count,8.2,K/uL,4.5,11,N,STAT,2024-11-29 20:41,2024-11-29 21:14,2024-11-29 21:37
LAB722886,ENC109600,PT11105,HGB,Hemoglobin,13.7,g/dL,12,17.5,N,STAT,2024-11-29 21:03,2024-11-29 21:11,2024-11-29 22:07
LAB722887,ENC109600,PT11105,NA,Sodium,139,mmol/L,136,145,N,Routine,2024-11-29 20:29,2024-11-29 20:54,2024-11-30 00:04
LAB722888,ENC109600,PT11105,K,Potassium,4,mmol/L,3.5,5.1,N,STAT,2024-11-29 20:21,2024-11-29 20:37,2024-11-29 21:14
LAB722889,ENC109601,PT12169,GLU,Glucose,114,mg/dL,70,99,H,STAT,2024-11-29 21:30,2024-11-29 21:41,2024-11-29 22:19
LAB722890,ENC109601,PT12169,CREAT,Creatinine,0.66,mg/dL,0.6,1.3,N,STAT,2024-11-29 21:27,2024-11-29 21:55,2024-11-29 22:49
LAB722891,ENC109602,PT11781,GLU,Glucose,94,mg/dL,70,99,N,Routine,2024-11-29 21:27,2024-11-29 22:00,2024-11-30 01:50
LAB722892,ENC109602,PT11781,CREAT,Creatinine,1.22,mg/dL,0.6,1.3,N,STAT,2024-11-29 21:58,2024-11-29 22:22,2024-11-29 22:58
LAB722893,ENC109605,PT12627,GLU,Glucose,138,mg/dL,70,99,H,Routine,2024-11-30 00:32,2024-11-30 00:44,2024-11-30 03:36
LAB722894,ENC109605,PT12627,CREAT,Creatinine,1.08,mg/dL,0.6,1.3,N,Routine,2024-11-30 00:27,2024-11-30 00:52,2024-11-30 02:31
LAB722895,ENC109605,PT12627,WBC,White Blood Cell Count,4.6,K/uL,4.5,11,N,STAT,2024-11-29 23:43,2024-11-30 00:09,2024-11-30 00:51
LAB722896,ENC109605,PT12627,HGB,Hemoglobin,13.3,g/dL,12,17.5,N,STAT,2024-11-29 23:58,2024-11-30 00:23,2024-11-30 01:20
LAB722897,ENC109605,PT12627,TROP,"Troponin I, High Sensitivity",6,ng/L,0,34,N,STAT,2024-11-30 00:15,2024-11-30 00:28,2024-11-30 01:00
LAB722898,ENC109606,PT10043,GLU,Glucose,145,mg/dL,70,99,H,STAT,2024-11-30 11:43,2024-11-30 11:49,2024-11-30 12:13
LAB722899,ENC109606,PT10043,CREAT,Creatinine,1.05,mg/dL,0.6,1.3,N,STAT,2024-11-30 12:03,2024-11-30 12:25,2024-11-30 12:51
LAB722900,ENC109606,PT10043,WBC,White Blood Cell Count,4.6,K/uL,4.5,11,N,Routine,2024-11-30 11:17,2024-11-30 11:41,2024-11-30 14:57
LAB722901,ENC109606,PT10043,HGB,Hemoglobin,15.1,g/dL,12,17.5,N,STAT,2024-11-30 11:42,2024-11-30 12:08,2024-11-30 12:37
LAB722902,ENC109607,PT10098,GLU,Glucose,353,mg/dL,70,99,H,STAT,2024-11-30 12:05,2024-11-30 12:32,2024-11-30 12:49
LAB722903,ENC109607,PT10098,CREAT,Creatinine,0.52,mg/dL,0.6,1.3,L,Routine,2024-11-30 12:05,2024-11-30 12:22,2024-11-30 16:10
LAB722904,ENC109607,PT10098,WBC,White Blood Cell Count,7.4,K/uL,4.5,11,N,Routine,2024-11-30 12:16,2024-11-30 12:28,2024-11-30 14:36
LAB722905,ENC109607,PT10098,A1C,Hemoglobin A1c,8.9,%,4,5.6,H,Routine,2024-11-30 11:26,2024-11-30 11:39,2024-11-30 22:55
LAB722906,ENC109608,PT10398,GLU,Glucose,198,mg/dL,70,99,H,Routine,2024-11-30 15:16,2024-11-30 15:41,2024-11-30 17:29
LAB722907,ENC109608,PT10398,CREAT,Creatinine,1.06,mg/dL,0.6,1.3,N,Routine,2024-11-30 14:47,2024-11-30 15:05,2024-11-30 21:10
LAB722908,ENC109608,PT10398,WBC,White Blood Cell Count,8.6,K/uL,4.5,11,N,STAT,2024-11-30 14:39,2024-11-30 15:08,2024-11-30 15:46
LAB722909,ENC109608,PT10398,HGB,Hemoglobin,12.6,g/dL,12,17.5,N,STAT,2024-11-30 15:03,2024-11-30 15:09,2024-11-30 15:45
LAB722910,ENC109610,PT11614,GLU,Glucose,206,mg/dL,70,99,H,STAT,2024-11-30 15:56,2024-11-30 16:01,2024-11-30 16:26
LAB722911,ENC109610,PT11614,CREAT,Creatinine,1.13,mg/dL,0.6,1.3,N,Routine,2024-11-30 15:27,2024-11-30 15:32,2024-11-30 17:36
LAB722912,ENC109610,PT11614,WBC,White Blood Cell Count,7.3,K/uL,4.5,11,N,Routine,2024-11-30 15:14,2024-11-30 15:25,2024-11-30 21:49
LAB722913,ENC109610,PT11614,HGB,Hemoglobin,14.1,g/dL,12,17.5,N,STAT,2024-11-30 15:47,2024-11-30 16:09,2024-11-30 16:43
LAB722914,ENC109612,PT10141,GLU,Glucose,77,mg/dL,70,99,N,STAT,2024-11-30 16:43,2024-11-30 17:06,2024-11-30 17:53
LAB722915,ENC109612,PT10141,CREAT,Creatinine,0.89,mg/dL,0.6,1.3,N,STAT,2024-11-30 16:40,2024-11-30 16:52,2024-11-30 17:32
LAB722916,ENC109612,PT10141,WBC,White Blood Cell Count,6.1,K/uL,4.5,11,N,STAT,2024-11-30 16:43,2024-11-30 17:16,2024-11-30 17:57
LAB722917,ENC109612,PT10141,HGB,Hemoglobin,13,g/dL,12,17.5,N,STAT,2024-11-30 16:08,2024-11-30 16:33,2024-11-30 17:02
LAB722918,ENC109612,PT10141,NA,Sodium,139,mmol/L,136,145,N,Routine,2024-11-30 16:57,2024-11-30 17:15,2024-11-30 22:37
LAB722919,ENC109612,PT10141,K,Potassium,4.1,mmol/L,3.5,5.1,N,STAT,2024-11-30 17:05,2024-11-30 17:15,2024-11-30 18:20
LAB722920,ENC109613,PT12454,GLU,Glucose,110,mg/dL,70,99,H,Routine,2024-11-30 17:21,2024-11-30 17:41,2024-11-30 20:11
LAB722921,ENC109613,PT12454,CREAT,Creatinine,0.76,mg/dL,0.6,1.3,N,STAT,2024-11-30 17:02,2024-11-30 17:30,2024-11-30 18:13
LAB722922,ENC109614,PT10938,GLU,Glucose,63,mg/dL,70,99,L,STAT,2024-11-30 21:43,2024-11-30 21:54,2024-11-30 22:47
LAB722923,ENC109614,PT10938,CREAT,Creatinine,1.45,mg/dL,0.6,1.3,H,STAT,2024-11-30 21:08,2024-11-30 21:14,2024-11-30 22:21
LAB722924,ENC109614,PT10938,WBC,White Blood Cell Count,9.1,K/uL,4.5,11,N,STAT,2024-11-30 20:54,2024-11-30 21:14,2024-11-30 22:08
LAB722925,ENC109614,PT10938,HGB,Hemoglobin,15.9,g/dL,12,17.5,N,STAT,2024-11-30 21:05,2024-11-30 21:24,2024-11-30 22:08
LAB722926,ENC109615,PT13603,GLU,Glucose,127,mg/dL,70,99,H,STAT,2024-11-30 21:28,2024-11-30 21:45,2024-11-30 22:26
LAB722927,ENC109615,PT13603,CREAT,Creatinine,1.05,mg/dL,0.6,1.3,N,STAT,2024-11-30 21:08,2024-11-30 21:43,2024-11-30 22:23
LAB722928,ENC109615,PT13603,WBC,White Blood Cell Count,8.1,K/uL,4.5,11,N,Routine,2024-11-30 21:44,2024-11-30 22:06,2024-12-01 00:58
LAB722929,ENC109615,PT13603,HGB,Hemoglobin,13.8,g/dL,12,17.5,N,STAT,2024-11-30 21:44,2024-11-30 22:19,2024-11-30 23:20
LAB722930,ENC109615,PT13603,TROP,"Troponin I, High Sensitivity",1366,ng/L,0,34,H,STAT,2024-11-30 21:09,2024-11-30 21:39,2024-11-30 22:02
LAB722931,ENC109616,PT11730,GLU,Glucose,237,mg/dL,70,99,H,STAT,2024-11-30 17:29,2024-11-30 17:59,2024-11-30 19:42
LAB722932,ENC109616,PT11730,CREAT,Creatinine,1.22,mg/dL,0.6,1.3,N,STAT,2024-11-30 18:02,2024-11-30 18:23,2024-11-30 19:03
LAB722933,ENC109616,PT11730,TROP,"Troponin I, High Sensitivity",52,ng/L,0,34,H,STAT,2024-11-30 18:27,2024-11-30 19:00,2024-11-30 20:01
LAB722934,ENC109619,PT13853,GLU,Glucose,141,mg/dL,70,99,H,STAT,2024-12-01 00:27,2024-12-01 00:41,2024-12-01 01:23
LAB722935,ENC109619,PT13853,CREAT,Creatinine,0.9,mg/dL,0.6,1.3,N,Routine,2024-11-30 23:43,2024-12-01 00:01,2024-12-01 03:09
LAB722936,ENC109619,PT13853,WBC,White Blood Cell Count,7.1,K/uL,4.5,11,N,STAT,2024-12-01 00:02,2024-12-01 00:09,2024-12-01 00:56
LAB722937,ENC109619,PT13853,HGB,Hemoglobin,13,g/dL,12,17.5,N,Routine,2024-12-01 00:01,2024-12-01 00:17,2024-12-01 04:19
LAB722938,ENC109619,PT13853,BUN,Blood Urea Nitrogen,23,mg/dL,7,20,H,STAT,2024-11-30 23:56,2024-12-01 00:14,2024-12-01 01:00
LAB722939,ENC109619,PT13853,PLT,Platelet Count,295,K/uL,150,400,N,STAT,2024-11-30 23:48,2024-11-30 23:57,2024-12-01 00:44
LAB722940,ENC109620,PT13332,GLU,Glucose,91,mg/dL,70,99,N,STAT,2024-11-30 22:03,2024-11-30 22:18,2024-11-30 23:30
LAB722941,ENC109620,PT13332,CREAT,Creatinine,1.31,mg/dL,0.6,1.3,H,STAT,2024-11-30 22:14,2024-11-30 22:27,2024-11-30 22:53
LAB722942,ENC109621,PT10863,GLU,Glucose,102,mg/dL,70,99,H,STAT,2024-12-01 01:39,2024-12-01 02:12,2024-12-01 03:30
LAB722943,ENC109621,PT10863,CREAT,Creatinine,0.67,mg/dL,0.6,1.3,N,Routine,2024-12-01 01:35,2024-12-01 01:54,2024-12-01 05:00
LAB722944,ENC109621,PT10863,WBC,White Blood Cell Count,7.9,K/uL,4.5,11,N,STAT,2024-12-01 01:24,2024-12-01 01:37,2024-12-01 02:14
LAB722945,ENC109621,PT10863,HGB,Hemoglobin,16.7,g/dL,12,17.5,N,STAT,2024-12-01 01:09,2024-12-01 01:41,2024-12-01 02:47
LAB722946,ENC109621,PT10863,NA,Sodium,138,mmol/L,136,145,N,Routine,2024-12-01 00:38,2024-12-01 01:06,2024-12-01 05:29
LAB722947,ENC109621,PT10863,K,Potassium,4,mmol/L,3.5,5.1,N,STAT,2024-12-01 01:29,2024-12-01 01:50,2024-12-01 02:19
LAB722948,ENC109621,PT10863,TROP,"Troponin I, High Sensitivity",9,ng/L,0,34,N,STAT,2024-12-01 01:18,2024-12-01 01:39,2024-12-01 01:56
LAB722949,ENC109624,PT10434,GLU,Glucose,117,mg/dL,70,99,H,STAT,2024-12-01 06:06,2024-12-01 06:41,2024-12-01 07:20
LAB722950,ENC109624,PT10434,CREAT,Creatinine,1.01,mg/dL,0.6,1.3,N,STAT,2024-12-01 05:39,2024-12-01 05:44,2024-12-01 06:11
LAB722951,ENC109624,PT10434,WBC,White Blood Cell Count,7.3,K/uL,4.5,11,N,Routine,2024-12-01 05:50,2024-12-01 06:17,2024-12-01 11:08
LAB722952,ENC109624,PT10434,HGB,Hemoglobin,15.1,g/dL,12,17.5,N,Routine,2024-12-01 06:33,2024-12-01 07:03,2024-12-01 12:18
LAB722953,ENC109624,PT10434,NA,Sodium,139,mmol/L,136,145,N,Routine,2024-12-01 06:21,2024-12-01 06:34,2024-12-01 07:54
LAB722954,ENC109624,PT10434,K,Potassium,3.5,mmol/L,3.5,5.1,N,STAT,2024-12-01 06:43,2024-12-01 06:55,2024-12-01 07:41
LAB722955,ENC109625,PT11869,GLU,Glucose,114,mg/dL,70,99,H,STAT,2024-12-01 05:53,2024-12-01 06:24,2024-12-01 07:09
LAB722956,ENC109625,PT11869,CREAT,Creatinine,1.08,mg/dL,0.6,1.3,N,Routine,2024-12-01 06:09,2024-12-01 06:22,2024-12-01 07:30
LAB722957,ENC109625,PT11869,WBC,White Blood Cell Count,8,K/uL,4.5,11,N,STAT,2024-12-01 06:21,2024-12-01 06:39,2024-12-01 07:04
LAB722958,ENC109625,PT11869,HGB,Hemoglobin,14.7,g/dL,12,17.5,N,STAT,2024-12-01 05:21,2024-12-01 05:26,2024-12-01 06:49
LAB722959,ENC109625,PT11869,NA,Sodium,141,mmol/L,136,145,N,STAT,2024-12-01 05:15,2024-12-01 05:21,2024-12-01 06:00
LAB722960,ENC109625,PT11869,K,Potassium,4.6,mmol/L,3.5,5.1,N,STAT,2024-12-01 05:31,2024-12-01 06:02,2024-12-01 07:10
LAB722961,ENC109627,PT11880,GLU,Glucose,383,mg/dL,70,99,H,Routine,2024-12-01 13:11,2024-12-01 13:30,2024-12-01 15:39
LAB722962,ENC109627,PT11880,CREAT,Creatinine,1.52,mg/dL,0.6,1.3,H,STAT,2024-12-01 13:00,2024-12-01 13:13,2024-12-01 14:28
LAB722963,ENC109627,PT11880,WBC,White Blood Cell Count,5.4,K/uL,4.5,11,N,STAT,2024-12-01 12:55,2024-12-01 13:25,2024-12-01 14:03
LAB722964,ENC109627,PT11880,HGB,Hemoglobin,10.8,g/dL,12,17.5,L,STAT,2024-12-01 13:36,2024-12-01 13:48,2024-12-01 14:30
LAB722965,ENC109627,PT11880,A1C,Hemoglobin A1c,11.5,%,4,5.6,H,Routine,2024-12-01 13:43,2024-12-01 13:52,2024-12-01 20:23
LAB722966,ENC109631,PT11474,GLU,Glucose,141,mg/dL,70,99,H,Routine,2024-12-01 15:46,2024-12-01 15:59,2024-12-01 18:11
LAB722967,ENC109631,PT11474,CREAT,Creatinine,0.9,mg/dL,0.6,1.3,N,STAT,2024-12-01 16:29,2024-12-01 16:56,2024-12-01 17:45
LAB722968,ENC109631,PT11474,WBC,White Blood Cell Count,9.1,K/uL,4.5,11,N,Routine,2024-12-01 16:16,2024-12-01 16:31,2024-12-01 18:57
LAB722969,ENC109631,PT11474,HGB,Hemoglobin,15.4,g/dL,12,17.5,N,Routine,2024-12-01 15:45,2024-12-01 15:54,2024-12-01 17:50
LAB722970,ENC109632,PT13645,GLU,Glucose,118,mg/dL,70,99,H,Routine,2024-12-01 16:32,2024-12-01 16:56,2024-12-02 00:05
LAB722971,ENC109632,PT13645,CREAT,Creatinine,0.84,mg/dL,0.6,1.3,N,Routine,2024-12-01 16:56,2024-12-01 17:27,2024-12-01 20:12
LAB722972,ENC109632,PT13645,WBC,White Blood Cell Count,6,K/uL,4.5,11,N,STAT,2024-12-01 16:18,2024-12-01 16:33,2024-12-01 17:40
LAB722973,ENC109632,PT13645,HGB,Hemoglobin,11.7,g/dL,12,17.5,L,Routine,2024-12-01 17:19,2024-12-01 17:40,2024-12-01 20:05
LAB722974,ENC109633,PT10452,GLU,Glucose,197,mg/dL,70,99,H,STAT,2024-12-01 17:30,2024-12-01 17:51,2024-12-01 18:51
LAB722975,ENC109633,PT10452,CREAT,Creatinine,3.61,mg/dL,0.6,1.3,H,STAT,2024-12-01 17:28,2024-12-01 17:56,2024-12-01 18:52
LAB722976,ENC109634,PT10584,GLU,Glucose,113,mg/dL,70,99,H,Routine,2024-12-01 17:05,2024-12-01 17:15,2024-12-01 20:01
LAB722977,ENC109634,PT10584,CREAT,Creatinine,0.99,mg/dL,0.6,1.3,N,Routine,2024-12-01 18:06,2024-12-01 18:20,2024-12-01 20:27
LAB722978,ENC109634,PT10584,WBC,White Blood Cell Count,1.6,K/uL,4.5,11,L,STAT,2024-12-01 17:20,2024-12-01 17:35,2024-12-01 19:04
LAB722979,ENC109634,PT10584,HGB,Hemoglobin,14.9,g/dL,12,17.5,N,STAT,2024-12-01 18:01,2024-12-01 18:19,2024-12-01 19:16
LAB722980,ENC109634,PT10584,BUN,Blood Urea Nitrogen,11,mg/dL,7,20,N,Routine,2024-12-01 17:49,2024-12-01 18:09,2024-12-02 00:33
LAB722981,ENC109634,PT10584,PLT,Platelet Count,185,K/uL,150,400,N,STAT,2024-12-01 17:26,2024-12-01 17:48,2024-12-01 18:54
LAB722982,ENC109636,PT11793,GLU,Glucose,105,mg/dL,70,99,H,STAT,2024-12-01 20:28,2024-12-01 21:01,2024-12-01 21:24
LAB722983,ENC109636,PT11793,CREAT,Creatinine,0.99,mg/dL,0.6,1.3,N,STAT,2024-12-01 20:20,2024-12-01 20:38,2024-12-01 21:14
LAB722984,ENC109636,PT11793,WBC,White Blood Cell Count,8.5,K/uL,4.5,11,N,STAT,2024-12-01 19:48,2024-12-01 20:22,2024-12-01 21:16
LAB722985,ENC109636,PT11793,HGB,Hemoglobin,13.9,g/dL,12,17.5,N,STAT,2024-12-01 20:50,2024-12-01 21:08,2024-12-01 22:26
LAB722986,ENC109637,PT11897,GLU,Glucose,118,mg/dL,70,99,H,Routine,2024-12-01 20:13,2024-12-01 20:37,2024-12-01 22:52
LAB722987,ENC109637,PT11897,CREAT,Creatinine,1.03,mg/dL,0.6,1.3,N,STAT,2024-12-01 20:28,2024-12-01 20:44,2024-12-01 21:15
LAB722988,ENC109637,PT11897,WBC,White Blood Cell Count,3,K/uL,4.5,11,L,STAT,2024-12-01 20:40,2024-12-01 20:49,2024-12-01 21:53
LAB722989,ENC109637,PT11897,HGB,Hemoglobin,11.5,g/dL,12,17.5,L,STAT,2024-12-01 20:36,2024-12-01 21:00,2024-12-01 22:11
LAB722990,ENC109638,PT12532,GLU,Glucose,85,mg/dL,70,99,N,STAT,2024-12-02 00:46,2024-12-02 01:20,2024-12-02 02:17
LAB722991,ENC109638,PT12532,CREAT,Creatinine,0.8,mg/dL,0.6,1.3,N,STAT,2024-12-02 00:39,2024-12-02 00:57,2024-12-02 02:04
LAB722992,ENC109638,PT12532,WBC,White Blood Cell Count,10.9,K/uL,4.5,11,N,STAT,2024-12-02 00:41,2024-12-02 01:07,2024-12-02 01:57
LAB722993,ENC109638,PT12532,HGB,Hemoglobin,15,g/dL,12,17.5,N,STAT,2024-12-02 00:20,2024-12-02 00:43,2024-12-02 02:26
LAB722994,ENC109638,PT12532,BUN,Blood Urea Nitrogen,12,mg/dL,7,20,N,Routine,2024-12-02 00:43,2024-12-02 00:48,2024-12-02 04:15
LAB722995,ENC109638,PT12532,PLT,Platelet Count,238,K/uL,150,400,N,STAT,2024-12-02 01:12,2024-12-02 01:46,2024-12-02 02:45
LAB722996,ENC109639,PT11895,GLU,Glucose,274,mg/dL,70,99,H,Routine,2024-12-02 00:26,2024-12-02 01:00,2024-12-02 02:03
LAB722997,ENC109639,PT11895,CREAT,Creatinine,0.98,mg/dL,0.6,1.3,N,Routine,2024-12-02 00:15,2024-12-02 00:39,2024-12-02 07:59
LAB722998,ENC109639,PT11895,WBC,White Blood Cell Count,17.9,K/uL,4.5,11,H,Routine,2024-12-02 00:33,2024-12-02 00:40,2024-12-02 04:42
LAB722999,ENC109639,PT11895,HGB,Hemoglobin,14.5,g/dL,12,17.5,N,STAT,2024-12-02 00:11,2024-12-02 00:37,2024-12-02 01:01
LAB723000,ENC109639,PT11895,LACT,Lactate,2,mmol/L,0.5,2,N,STAT,2024-12-02 00:17,2024-12-02 00:37,2024-12-02 01:27
LAB723001,ENC109640,PT11811,GLU,Glucose,156,mg/dL,70,99,H,Routine,2024-12-02 03:58,2024-12-02 04:05,2024-12-02 06:07
LAB723002,ENC109640,PT11811,CREAT,Creatinine,0.31,mg/dL,0.6,1.3,L,STAT,2024-12-02 03:28,2024-12-02 03:57,2024-12-02 04:50
LAB723003,ENC109640,PT11811,WBC,White Blood Cell Count,14.8,K/uL,4.5,11,H,Routine,2024-12-02 03:25,2024-12-02 03:33,2024-12-02 08:25
LAB723004,ENC109640,PT11811,HGB,Hemoglobin,15.1,g/dL,12,17.5,N,STAT,2024-12-02 03:29,2024-12-02 04:04,2024-12-02 04:51
LAB723005,ENC109640,PT11811,LACT,Lactate,4.5,mmol/L,0.5,2,HH,STAT,2024-12-02 03:32,2024-12-02 04:01,2024-12-02 04:34
LAB723006,ENC109641,PT13341,GLU,Glucose,114,mg/dL,70,99,H,Routine,2024-12-02 01:07,2024-12-02 01:28,2024-12-02 04:38
LAB723007,ENC109641,PT13341,CREAT,Creatinine,1.16,mg/dL,0.6,1.3,N,STAT,2024-12-02 00:40,2024-12-02 00:51,2024-12-02 01:08
LAB723008,ENC109641,PT13341,WBC,White Blood Cell Count,11.8,K/uL,4.5,11,H,STAT,2024-12-02 00:53,2024-12-02 01:25,2024-12-02 02:06
LAB723009,ENC109642,PT12390,GLU,Glucose,145,mg/dL,70,99,H,STAT,2024-12-02 04:39,2024-12-02 05:04,2024-12-02 05:30
LAB723010,ENC109642,PT12390,CREAT,Creatinine,0.75,mg/dL,0.6,1.3,N,STAT,2024-12-02 03:58,2024-12-02 04:10,2024-12-02 04:40
LAB723011,ENC109643,PT11248,GLU,Glucose,227,mg/dL,70,99,H,STAT,2024-12-02 06:06,2024-12-02 06:16,2024-12-02 07:19
LAB723012,ENC109643,PT11248,CREAT,Creatinine,1.16,mg/dL,0.6,1.3,N,STAT,2024-12-02 05:27,2024-12-02 05:52,2024-12-02 06:25
LAB723013,ENC109643,PT11248,WBC,White Blood Cell Count,5.8,K/uL,4.5,11,N,STAT,2024-12-02 06:12,2024-12-02 06:37,2024-12-02 07:17
LAB723014,ENC109643,PT11248,HGB,Hemoglobin,15,g/dL,12,17.5,N,STAT,2024-12-02 06:01,2024-12-02 06:28,2024-12-02 07:33
LAB723015,ENC109643,PT11248,NA,Sodium,140,mmol/L,136,145,N,STAT,2024-12-02 05:14,2024-12-02 05:39,2024-12-02 07:01
LAB723016,ENC109643,PT11248,K,Potassium,4.3,mmol/L,3.5,5.1,N,STAT,2024-12-02 05:42,2024-12-02 05:48,2024-12-02 06:36
LAB723017,ENC109644,PT12157,GLU,Glucose,98,mg/dL,70,99,N,Routine,2024-12-02 07:35,2024-12-02 07:47,2024-12-02 09:24
LAB723018,ENC109644,PT12157,CREAT,Creatinine,1.02,mg/dL,0.6,1.3,N,STAT,2024-12-02 06:52,2024-12-02 07:21,2024-12-02 08:36
LAB723019,ENC109644,PT12157,WBC,White Blood Cell Count,7.9,K/uL,4.5,11,N,STAT,2024-12-02 07:05,2024-12-02 07:26,2024-12-02 07:59
LAB723020,ENC109644,PT12157,HGB,Hemoglobin,14.1,g/dL,12,17.5,N,STAT,2024-12-02 07:17,2024-12-02 07:22,2024-12-02 08:12
LAB723021,ENC109645,PT10773,GLU,Glucose,85,mg/dL,70,99,N,Routine,2024-12-02 07:15,2024-12-02 07:44,2024-12-02 09:28
LAB723022,ENC109645,PT10773,CREAT,Creatinine,0.81,mg/dL,0.6,1.3,N,STAT,2024-12-02 06:55,2024-12-02 07:14,2024-12-02 08:03
LAB723023,ENC109645,PT10773,WBC,White Blood Cell Count,5.7,K/uL,4.5,11,N,Routine,2024-12-02 06:47,2024-12-02 07:07,2024-12-02 08:33
LAB723024,ENC109645,PT10773,HGB,Hemoglobin,14.9,g/dL,12,17.5,N,Routine,2024-12-02 06:59,2024-12-02 07:09,2024-12-02 08:42
LAB723025,ENC109646,PT11216,LDL,LDL Cholesterol,138,mg/dL,0,99,H,Routine,2024-12-02 08:11,2024-12-02 08:17,2024-12-02 17:39
LAB723026,ENC109646,PT11216,A1C,Hemoglobin A1c,8.1,%,4,5.6,H,Routine,2024-12-02 08:16,2024-12-02 08:39,2024-12-03 04:23
LAB723027,ENC109648,PT13755,GLU,Glucose,100,mg/dL,70,99,H,Routine,2024-12-02 09:58,2024-12-02 10:14,2024-12-02 12:34
LAB723028,ENC109648,PT13755,CREAT,Creatinine,3.56,mg/dL,0.6,1.3,H,STAT,2024-12-02 10:31,2024-12-02 11:02,2024-12-02 11:16
LAB723029,ENC109648,PT13755,WBC,White Blood Cell Count,6,K/uL,4.5,11,N,STAT,2024-12-02 09:46,2024-12-02 10:21,2024-12-02 11:30
LAB723030,ENC109648,PT13755,HGB,Hemoglobin,11.6,g/dL,12,17.5,L,STAT,2024-12-02 09:45,2024-12-02 10:07,2024-12-02 10:49
LAB723031,ENC109648,PT13755,NA,Sodium,138,mmol/L,136,145,N,STAT,2024-12-02 09:36,2024-12-02 10:09,2024-12-02 10:56
LAB723032,ENC109648,PT13755,K,Potassium,5.5,mmol/L,3.5,5.1,H,STAT,2024-12-02 09:44,2024-12-02 10:11,2024-12-02 10:50
LAB723033,ENC109649,PT13907,LDL,LDL Cholesterol,102,mg/dL,0,99,H,Routine,2024-12-02 10:29,2024-12-02 11:03,2024-12-03 01:13
LAB723034,ENC109649,PT13907,A1C,Hemoglobin A1c,8.2,%,4,5.6,H,Routine,2024-12-02 10:33,2024-12-02 11:03,2024-12-02 19:43
LAB723035,ENC109650,PT11701,GLU,Glucose,89,mg/dL,70,99,N,Routine,2024-12-02 11:47,2024-12-02 11:57,2024-12-02 16:46
LAB723036,ENC109650,PT11701,CREAT,Creatinine,0.72,mg/dL,0.6,1.3,N,STAT,2024-12-02 11:09,2024-12-02 11:17,2024-12-02 12:00
LAB723037,ENC109650,PT11701,WBC,White Blood Cell Count,9.9,K/uL,4.5,11,N,STAT,2024-12-02 11:15,2024-12-02 11:38,2024-12-02 12:07
LAB723038,ENC109650,PT11701,HGB,Hemoglobin,15.6,g/dL,12,17.5,N,Routine,2024-12-02 11:31,2024-12-02 12:01,2024-12-02 18:23
LAB723039,ENC109653,PT11788,A1C,Hemoglobin A1c,9.5,%,4,5.6,H,Routine,2024-12-02 12:01,2024-12-02 12:33,2024-12-03 05:27
LAB723040,ENC109653,PT11788,GLU,Glucose,384,mg/dL,70,99,H,Routine,2024-12-02 11:51,2024-12-02 12:04,2024-12-02 14:20
LAB723041,ENC109653,PT11788,CREAT,Creatinine,1.25,mg/dL,0.6,1.3,N,Routine,2024-12-02 12:03,2024-12-02 12:27,2024-12-02 16:11
LAB723042,ENC109655,PT10638,WBC,White Blood Cell Count,9.6,K/uL,4.5,11,N,Routine,2024-12-02 12:21,2024-12-02 12:51,2024-12-02 16:34
LAB723043,ENC109655,PT10638,HGB,Hemoglobin,16.7,g/dL,12,17.5,N,Routine,2024-12-02 12:16,2024-12-02 12:39,2024-12-02 19:04
LAB723044,ENC109655,PT10638,PLT,Platelet Count,328,K/uL,150,400,N,Routine,2024-12-02 12:22,2024-12-02 12:29,2024-12-02 14:06
LAB723045,ENC109656,PT12617,WBC,White Blood Cell Count,6.9,K/uL,4.5,11,N,Routine,2024-12-02 12:31,2024-12-02 12:59,2024-12-02 15:30
LAB723046,ENC109656,PT12617,HGB,Hemoglobin,13.6,g/dL,12,17.5,N,Routine,2024-12-02 12:25,2024-12-02 12:29,2024-12-02 17:19
LAB723047,ENC109656,PT12617,PLT,Platelet Count,350,K/uL,150,400,N,Routine,2024-12-02 12:38,2024-12-02 12:47,2024-12-02 14:57
LAB723048,ENC109657,PT10877,GLU,Glucose,72,mg/dL,70,99,N,STAT,2024-12-02 17:31,2024-12-02 18:01,2024-12-02 18:30
LAB723049,ENC109657,PT10877,CREAT,Creatinine,0.65,mg/dL,0.6,1.3,N,STAT,2024-12-02 17:43,2024-12-02 18:13,2024-12-02 19:08
LAB723050,ENC109657,PT10877,WBC,White Blood Cell Count,8.7,K/uL,4.5,11,N,Routine,2024-12-02 17:40,2024-12-02 18:15,2024-12-02 19:36
LAB723051,ENC109657,PT10877,HGB,Hemoglobin,14.3,g/dL,12,17.5,N,STAT,2024-12-02 17:15,2024-12-02 17:28,2024-12-02 18:59
LAB723052,ENC109657,PT10877,NA,Sodium,139,mmol/L,136,145,N,STAT,2024-12-02 17:20,2024-12-02 17:41,2024-12-02 18:41
LAB723053,ENC109657,PT10877,K,Potassium,4.6,mmol/L,3.5,5.1,N,STAT,2024-12-02 18:00,2024-12-02 18:26,2024-12-02 19:04
LAB723054,ENC109658,PT11658,GLU,Glucose,72,mg/dL,70,99,N,STAT,2024-12-02 13:01,2024-12-02 13:27,2024-12-02 13:54
LAB723055,ENC109658,PT11658,CREAT,Creatinine,0.98,mg/dL,0.6,1.3,N,Routine,2024-12-02 12:43,2024-12-02 12:57,2024-12-02 16:39
LAB723056,ENC109658,PT11658,WBC,White Blood Cell Count,8.6,K/uL,4.5,11,N,STAT,2024-12-02 13:19,2024-12-02 13:40,2024-12-02 14:10
LAB723057,ENC109658,PT11658,HGB,Hemoglobin,14.9,g/dL,12,17.5,N,STAT,2024-12-02 12:56,2024-12-02 13:11,2024-12-02 15:14
LAB723058,ENC109660,PT12705,GLU,Glucose,101,mg/dL,70,99,H,STAT,2024-12-02 15:03,2024-12-02 15:26,2024-12-02 16:19
LAB723059,ENC109660,PT12705,CREAT,Creatinine,1.24,mg/dL,0.6,1.3,N,Routine,2024-12-02 15:14,2024-12-02 15:44,2024-12-02 18:44
LAB723060,ENC109660,PT12705,WBC,White Blood Cell Count,4.6,K/uL,4.5,11,N,Routine,2024-12-02 15:05,2024-12-02 15:17,2024-12-02 16:05
LAB723061,ENC109660,PT12705,HGB,Hemoglobin,16.3,g/dL,12,17.5,N,STAT,2024-12-02 15:23,2024-12-02 15:53,2024-12-02 16:32
LAB723062,ENC109660,PT12705,BUN,Blood Urea Nitrogen,17,mg/dL,7,20,N,STAT,2024-12-02 15:02,2024-12-02 15:08,2024-12-02 15:52
LAB723063,ENC109660,PT12705,PLT,Platelet Count,279,K/uL,150,400,N,STAT,2024-12-02 15:18,2024-12-02 15:49,2024-12-02 16:25
LAB723064,ENC109660,PT12705,LACT,Lactate,2.3,mmol/L,0.5,2,H,STAT,2024-12-02 15:17,2024-12-02 15:52,2024-12-02 16:27
LAB723065,ENC109661,PT11939,GLU,Glucose,99,mg/dL,70,99,N,STAT,2024-12-02 18:28,2024-12-02 18:43,2024-12-02 19:10
LAB723066,ENC109661,PT11939,CREAT,Creatinine,0.48,mg/dL,0.6,1.3,L,Routine,2024-12-02 18:34,2024-12-02 18:38,2024-12-02 20:39
LAB723067,ENC109661,PT11939,WBC,White Blood Cell Count,22.3,K/uL,4.5,11,H,STAT,2024-12-02 19:00,2024-12-02 19:12,2024-12-02 19:30
LAB723068,ENC109661,PT11939,HGB,Hemoglobin,15.2,g/dL,12,17.5,N,STAT,2024-12-02 19:21,2024-12-02 19:27,2024-12-02 19:47
LAB723069,ENC109662,PT11687,GLU,Glucose,101,mg/dL,70,99,H,STAT,2024-12-02 15:05,2024-12-02 15:22,2024-12-02 16:49
LAB723070,ENC109662,PT11687,CREAT,Creatinine,0.81,mg/dL,0.6,1.3,N,STAT,2024-12-02 15:26,2024-12-02 15:42,2024-12-02 16:24
LAB723071,ENC109662,PT11687,WBC,White Blood Cell Count,5.9,K/uL,4.5,11,N,STAT,2024-12-02 15:14,2024-12-02 15:34,2024-12-02 16:36
LAB723072,ENC109662,PT11687,HGB,Hemoglobin,12.6,g/dL,12,17.5,N,Routine,2024-12-02 15:36,2024-12-02 15:46,2024-12-02 20:19
LAB723073,ENC109663,PT12325,GLU,Glucose,111,mg/dL,70,99,H,Routine,2024-12-02 15:55,2024-12-02 16:20,2024-12-02 17:41
LAB723074,ENC109663,PT12325,CREAT,Creatinine,0.49,mg/dL,0.6,1.3,L,STAT,2024-12-02 15:03,2024-12-02 15:36,2024-12-02 16:21
LAB723075,ENC109663,PT12325,WBC,White Blood Cell Count,7.5,K/uL,4.5,11,N,Routine,2024-12-02 15:06,2024-12-02 15:20,2024-12-02 17:23
LAB723076,ENC109663,PT12325,HGB,Hemoglobin,14.5,g/dL,12,17.5,N,STAT,2024-12-02 15:09,2024-12-02 15:29,2024-12-02 16:18
LAB723077,ENC109663,PT12325,INR,Prothrombin Time INR,1.1,ratio,0.8,1.2,N,STAT,2024-12-02 16:06,2024-12-02 16:19,2024-12-02 17:09
LAB723078,ENC109665,PT12148,LDL,LDL Cholesterol,147,mg/dL,0,99,H,Routine,2024-12-02 16:17,2024-12-02 16:24,2024-12-03 21:04
LAB723079,ENC109665,PT12148,A1C,Hemoglobin A1c,5.2,%,4,5.6,N,Routine,2024-12-02 16:19,2024-12-02 16:51,2024-12-03 19:23
LAB723080,ENC109665,PT12148,TSH,Thyroid Stimulating Hormone,2.41,mIU/L,0.4,4,N,Routine,2024-12-02 16:10,2024-12-02 16:17,2024-12-03 00:35
LAB723081,ENC109666,PT11594,LDL,LDL Cholesterol,124,mg/dL,0,99,H,Routine,2024-12-02 16:40,2024-12-02 17:07,2024-12-03 06:35
LAB723082,ENC109668,PT13072,GLU,Glucose,112,mg/dL,70,99,H,Routine,2024-12-02 20:42,2024-12-02 21:16,2024-12-03 00:02
LAB723083,ENC109668,PT13072,CREAT,Creatinine,1.08,mg/dL,0.6,1.3,N,Routine,2024-12-02 20:37,2024-12-02 20:59,2024-12-03 02:58
LAB723084,ENC109668,PT13072,WBC,White Blood Cell Count,5.3,K/uL,4.5,11,N,STAT,2024-12-02 20:23,2024-12-02 20:31,2024-12-02 21:06
LAB723085,ENC109668,PT13072,HGB,Hemoglobin,16.3,g/dL,12,17.5,N,STAT,2024-12-02 20:12,2024-12-02 20:29,2024-12-02 21:02
LAB723086,ENC109668,PT13072,NA,Sodium,140,mmol/L,136,145,N,STAT,2024-12-02 20:33,2024-12-02 20:49,2024-12-02 21:23
LAB723087,ENC109668,PT13072,K,Potassium,4.9,mmol/L,3.5,5.1,N,STAT,2024-12-02 20:23,2024-12-02 20:38,2024-12-02 21:47
LAB723088,ENC109670,PT12851,GLU,Glucose,77,mg/dL,70,99,N,STAT,2024-12-02 21:41,2024-12-02 22:10,2024-12-02 23:13
LAB723089,ENC109670,PT12851,CREAT,Creatinine,1.07,mg/dL,0.6,1.3,N,STAT,2024-12-02 21:56,2024-12-02 22:28,2024-12-02 23:19
LAB723090,ENC109670,PT12851,WBC,White Blood Cell Count,8.7,K/uL,4.5,11,N,STAT,2024-12-02 22:11,2024-12-02 22:32,2024-12-02 23:06
LAB723091,ENC109670,PT12851,HGB,Hemoglobin,14.8,g/dL,12,17.5,N,STAT,2024-12-02 22:07,2024-12-02 22:39,2024-12-02 23:31
LAB723092,ENC109670,PT12851,NA,Sodium,142,mmol/L,136,145,N,STAT,2024-12-02 21:09,2024-12-02 21:40,2024-12-02 22:15
LAB723093,ENC109670,PT12851,K,Potassium,4.2,mmol/L,3.5,5.1,N,STAT,2024-12-02 21:54,2024-12-02 22:28,2024-12-02 23:28
LAB723094,ENC109671,PT11437,GLU,Glucose,154,mg/dL,70,99,H,STAT,2024-12-03 00:28,2024-12-03 00:52,2024-12-03 01:38
LAB723095,ENC109671,PT11437,CREAT,Creatinine,1.06,mg/dL,0.6,1.3,N,STAT,2024-12-03 00:38,2024-12-03 00:52,2024-12-03 01:07
LAB723096,ENC109671,PT11437,WBC,White Blood Cell Count,7.8,K/uL,4.5,11,N,Routine,2024-12-02 23:56,2024-12-03 00:23,2024-12-03 09:04
LAB723097,ENC109671,PT11437,HGB,Hemoglobin,15.3,g/dL,12,17.5,N,STAT,2024-12-03 00:19,2024-12-03 00:48,2024-12-03 01:23
LAB723098,ENC109674,PT11762,GLU,Glucose,127,mg/dL,70,99,H,Routine,2024-12-02 21:52,2024-12-02 22:10,2024-12-03 00:00
LAB723099,ENC109674,PT11762,CREAT,Creatinine,0.41,mg/dL,0.6,1.3,L,Routine,2024-12-02 21:28,2024-12-02 21:43,2024-12-03 01:23
LAB723100,ENC109674,PT11762,WBC,White Blood Cell Count,9.7,K/uL,4.5,11,N,Routine,2024-12-02 22:03,2024-12-02 22:08,2024-12-02 23:17
LAB723101,ENC109675,PT12243,GLU,Glucose,81,mg/dL,70,99,N,STAT,2024-12-02 21:24,2024-12-02 21:50,2024-12-02 22:21
LAB723102,ENC109675,PT12243,CREAT,Creatinine,1.05,mg/dL,0.6,1.3,N,STAT,2024-12-02 22:21,2024-12-02 22:45,2024-12-02 23:36
LAB723103,ENC109675,PT12243,WBC,White Blood Cell Count,5,K/uL,4.5,11,N,Routine,2024-12-02 21:28,2024-12-02 22:03,2024-12-03 01:31
LAB723104,ENC109676,PT11518,GLU,Glucose,108,mg/dL,70,99,H,Routine,2024-12-03 02:24,2024-12-03 02:37,2024-12-03 06:46
LAB723105,ENC109676,PT11518,CREAT,Creatinine,0.74,mg/dL,0.6,1.3,N,STAT,2024-12-03 03:08,2024-12-03 03:12,2024-12-03 03:29
LAB723106,ENC109676,PT11518,WBC,White Blood Cell Count,8,K/uL,4.5,11,N,Routine,2024-12-03 02:06,2024-12-03 02:22,2024-12-03 04:45
LAB723107,ENC109676,PT11518,HGB,Hemoglobin,10.3,g/dL,12,17.5,L,Routine,2024-12-03 02:05,2024-12-03 02:14,2024-12-03 07:23
LAB723108,ENC109677,PT12353,GLU,Glucose,149,mg/dL,70,99,H,Routine,2024-12-03 01:39,2024-12-03 02:05,2024-12-03 06:28
LAB723109,ENC109677,PT12353,CREAT,Creatinine,1.66,mg/dL,0.6,1.3,H,STAT,2024-12-03 01:45,2024-12-03 02:03,2024-12-03 02:45
LAB723110,ENC109677,PT12353,WBC,White Blood Cell Count,4.2,K/uL,4.5,11,L,STAT,2024-12-03 01:17,2024-12-03 01:35,2024-12-03 02:11
LAB723111,ENC109677,PT12353,HGB,Hemoglobin,15.4,g/dL,12,17.5,N,STAT,2024-12-03 00:55,2024-12-03 01:00,2024-12-03 02:10
LAB723112,ENC109677,PT12353,LACT,Lactate,2.8,mmol/L,0.5,2,H,STAT,2024-12-03 01:09,2024-12-03 01:32,2024-12-03 02:07
LAB723113,ENC109678,PT11855,GLU,Glucose,89,mg/dL,70,99,N,STAT,2024-12-03 02:57,2024-12-03 03:08,2024-12-03 04:04
LAB723114,ENC109678,PT11855,CREAT,Creatinine,1.03,mg/dL,0.6,1.3,N,STAT,2024-12-03 03:39,2024-12-03 04:05,2024-12-03 05:09
LAB723115,ENC109678,PT11855,WBC,White Blood Cell Count,7,K/uL,4.5,11,N,STAT,2024-12-03 03:37,2024-12-03 04:12,2024-12-03 04:35
LAB723116,ENC109678,PT11855,HGB,Hemoglobin,12.4,g/dL,12,17.5,N,STAT,2024-12-03 03:44,2024-12-03 04:01,2024-12-03 04:41
LAB723117,ENC109679,PT13826,GLU,Glucose,115,mg/dL,70,99,H,STAT,2024-12-03 00:41,2024-12-03 01:05,2024-12-03 01:33
LAB723118,ENC109679,PT13826,CREAT,Creatinine,0.73,mg/dL,0.6,1.3,N,Routine,2024-12-03 00:16,2024-12-03 00:20,2024-12-03 01:22
LAB723119,ENC109679,PT13826,WBC,White Blood Cell Count,4.2,K/uL,4.5,11,L,STAT,2024-12-03 01:25,2024-12-03 01:32,2024-12-03 02:08
LAB723120,ENC109679,PT13826,HGB,Hemoglobin,15.5,g/dL,12,17.5,N,Routine,2024-12-03 00:16,2024-12-03 00:51,2024-12-03 02:24
LAB723121,ENC109680,PT11119,GLU,Glucose,100,mg/dL,70,99,H,Routine,2024-12-03 10:09,2024-12-03 10:18,2024-12-03 15:42
LAB723122,ENC109680,PT11119,CREAT,Creatinine,0.78,mg/dL,0.6,1.3,N,STAT,2024-12-03 10:07,2024-12-03 10:32,2024-12-03 11:14
LAB723123,ENC109680,PT11119,WBC,White Blood Cell Count,7.7,K/uL,4.5,11,N,Routine,2024-12-03 09:49,2024-12-03 10:08,2024-12-03 12:08
LAB723124,ENC109680,PT11119,HGB,Hemoglobin,13.4,g/dL,12,17.5,N,STAT,2024-12-03 09:32,2024-12-03 09:46,2024-12-03 10:57
LAB723125,ENC109680,PT11119,NA,Sodium,137,mmol/L,136,145,N,Routine,2024-12-03 10:13,2024-12-03 10:47,2024-12-03 12:09
LAB723126,ENC109680,PT11119,K,Potassium,4.1,mmol/L,3.5,5.1,N,STAT,2024-12-03 09:55,2024-12-03 10:18,2024-12-03 10:57
LAB723127,ENC109682,PT10915,GLU,Glucose,155,mg/dL,70,99,H,STAT,2024-12-03 11:20,2024-12-03 11:51,2024-12-03 13:40
LAB723128,ENC109682,PT10915,CREAT,Creatinine,0.84,mg/dL,0.6,1.3,N,Routine,2024-12-03 11:10,2024-12-03 11:33,2024-12-03 12:49
LAB723129,ENC109682,PT10915,WBC,White Blood Cell Count,8.7,K/uL,4.5,11,N,STAT,2024-12-03 11:07,2024-12-03 11:17,2024-12-03 11:49
LAB723130,ENC109682,PT10915,HGB,Hemoglobin,10.5,g/dL,12,17.5,L,STAT,2024-12-03 10:44,2024-12-03 10:52,2024-12-03 11:06
LAB723131,ENC109682,PT10915,TROP,"Troponin I, High Sensitivity",66,ng/L,0,34,H,STAT,2024-12-03 11:21,2024-12-03 11:46,2024-12-03 12:44
LAB723132,ENC109682,PT10915,BNP,B-Type Natriuretic Peptide,859,pg/mL,0,100,H,STAT,2024-12-03 11:37,2024-12-03 11:54,2024-12-03 13:06
LAB723133,ENC109685,PT11573,GLU,Glucose,243,mg/dL,70,99,H,Routine,2024-12-03 14:13,2024-12-03 14:36,2024-12-03 16:47
LAB723134,ENC109685,PT11573,CREAT,Creatinine,1.17,mg/dL,0.6,1.3,N,Routine,2024-12-03 14:01,2024-12-03 14:17,2024-12-03 18:08
LAB723135,ENC109685,PT11573,WBC,White Blood Cell Count,26.1,K/uL,4.5,11,H,STAT,2024-12-03 14:14,2024-12-03 14:49,2024-12-03 16:03
LAB723136,ENC109685,PT11573,HGB,Hemoglobin,12,g/dL,12,17.5,N,Routine,2024-12-03 14:52,2024-12-03 15:10,2024-12-03 17:19
LAB723137,ENC109685,PT11573,BUN,Blood Urea Nitrogen,9,mg/dL,7,20,N,Routine,2024-12-03 15:03,2024-12-03 15:07,2024-12-03 16:48
LAB723138,ENC109685,PT11573,PLT,Platelet Count,223,K/uL,150,400,N,STAT,2024-12-03 14:22,2024-12-03 14:36,2024-12-03 15:08
LAB723139,ENC109685,PT11573,LACT,Lactate,3.1,mmol/L,0.5,2,H,STAT,2024-12-03 14:06,2024-12-03 14:33,2024-12-03 15:37
LAB723140,ENC109686,PT12641,LDL,LDL Cholesterol,113,mg/dL,0,99,H,Routine,2024-12-03 10:25,2024-12-03 10:49,2024-12-04 02:56
LAB723141,ENC109686,PT12641,A1C,Hemoglobin A1c,6,%,4,5.6,H,Routine,2024-12-03 10:05,2024-12-03 10:19,2024-12-04 02:01
LAB723142,ENC109687,PT10608,WBC,White Blood Cell Count,7.4,K/uL,4.5,11,N,Routine,2024-12-03 10:20,2024-12-03 10:36,2024-12-03 13:15
LAB723143,ENC109687,PT10608,HGB,Hemoglobin,11.6,g/dL,12,17.5,L,Routine,2024-12-03 10:27,2024-12-03 10:57,2024-12-03 13:46
LAB723144,ENC109687,PT10608,PLT,Platelet Count,215,K/uL,150,400,N,Routine,2024-12-03 10:43,2024-12-03 11:06,2024-12-03 13:17
LAB723145,ENC109690,PT10419,GLU,Glucose,239,mg/dL,70,99,H,STAT,2024-12-03 12:23,2024-12-03 12:36,2024-12-03 13:06
LAB723146,ENC109690,PT10419,CREAT,Creatinine,0.75,mg/dL,0.6,1.3,N,STAT,2024-12-03 11:49,2024-12-03 11:55,2024-12-03 12:17
LAB723147,ENC109692,PT12280,GLU,Glucose,148,mg/dL,70,99,H,Routine,2024-12-03 13:37,2024-12-03 13:41,2024-12-03 16:26
LAB723148,ENC109692,PT12280,CREAT,Creatinine,0.87,mg/dL,0.6,1.3,N,Routine,2024-12-03 13:03,2024-12-03 13:24,2024-12-03 19:33
LAB723149,ENC109692,PT12280,WBC,White Blood Cell Count,7.8,K/uL,4.5,11,N,STAT,2024-12-03 13:07,2024-12-03 13:21,2024-12-03 14:18
LAB723150,ENC109692,PT12280,HGB,Hemoglobin,12.5,g/dL,12,17.5,N,STAT,2024-12-03 14:05,2024-12-03 14:35,2024-12-03 15:27
LAB723151,ENC109693,PT12605,GLU,Glucose,110,mg/dL,70,99,H,Routine,2024-12-03 13:19,2024-12-03 13:47,2024-12-03 18:05
LAB723152,ENC109693,PT12605,CREAT,Creatinine,1.03,mg/dL,0.6,1.3,N,Routine,2024-12-03 14:12,2024-12-03 14:32,2024-12-03 17:21
LAB723153,ENC109693,PT12605,WBC,White Blood Cell Count,6.9,K/uL,4.5,11,N,Routine,2024-12-03 13:29,2024-12-03 13:46,2024-12-03 15:40
LAB723154,ENC109693,PT12605,HGB,Hemoglobin,13.3,g/dL,12,17.5,N,STAT,2024-12-03 13:53,2024-12-03 14:15,2024-12-03 15:07
LAB723155,ENC109694,PT12058,GLU,Glucose,94,mg/dL,70,99,N,STAT,2024-12-03 13:53,2024-12-03 14:17,2024-12-03 17:46
LAB723156,ENC109694,PT12058,CREAT,Creatinine,0.72,mg/dL,0.6,1.3,N,STAT,2024-12-03 13:50,2024-12-03 14:16,2024-12-03 14:36
LAB723157,ENC109694,PT12058,TROP,"Troponin I, High Sensitivity",6,ng/L,0,34,N,STAT,2024-12-03 13:50,2024-12-03 14:07,2024-12-03 15:23
LAB723158,ENC109698,PT13243,GLU,Glucose,99,mg/dL,70,99,N,Routine,2024-12-03 14:19,2024-12-03 14:53,2024-12-03 16:11
LAB723159,ENC109698,PT13243,CREAT,Creatinine,1.1,mg/dL,0.6,1.3,N,STAT,2024-12-03 15:25,2024-12-03 15:42,2024-12-03 16:43
LAB723160,ENC109698,PT13243,WBC,White Blood Cell Count,14.9,K/uL,4.5,11,H,Routine,2024-12-03 15:13,2024-12-03 15:25,2024-12-03 19:10
LAB723161,ENC109698,PT13243,HGB,Hemoglobin,14.4,g/dL,12,17.5,N,Routine,2024-12-03 15:24,2024-12-03 15:36,2024-12-03 18:48
LAB723162,ENC109698,PT13243,BUN,Blood Urea Nitrogen,17,mg/dL,7,20,N,Routine,2024-12-03 14:55,2024-12-03 15:18,2024-12-03 17:54
LAB723163,ENC109698,PT13243,PLT,Platelet Count,428,K/uL,150,400,H,Routine,2024-12-03 14:35,2024-12-03 15:08,2024-12-03 17:53
LAB723164,ENC109701,PT12611,GLU,Glucose,111,mg/dL,70,99,H,Routine,2024-12-03 16:23,2024-12-03 16:52,2024-12-04 00:57
LAB723165,ENC109701,PT12611,CREAT,Creatinine,0.95,mg/dL,0.6,1.3,N,Routine,2024-12-03 16:13,2024-12-03 16:26,2024-12-03 22:30
LAB723166,ENC109701,PT12611,WBC,White Blood Cell Count,19.6,K/uL,4.5,11,H,Routine,2024-12-03 16:23,2024-12-03 16:36,2024-12-03 18:40
LAB723167,ENC109701,PT12611,HGB,Hemoglobin,13,g/dL,12,17.5,N,STAT,2024-12-03 15:49,2024-12-03 16:08,2024-12-03 16:52
LAB723168,ENC109702,PT12893,LDL,LDL Cholesterol,181,mg/dL,0,99,H,Routine,2024-12-03 16:05,2024-12-03 16:14,2024-12-04 03:59
LAB723169,ENC109702,PT12893,TSH,Thyroid Stimulating Hormone,0.13,mIU/L,0.4,4,L,Routine,2024-12-03 15:50,2024-12-03 16:15,2024-12-04 00:41
LAB723170,ENC109704,PT13182,GLU,Glucose,127,mg/dL,70,99,H,Routine,2024-12-03 22:11,2024-12-03 22:45,2024-12-04 00:58
LAB723171,ENC109704,PT13182,CREAT,Creatinine,0.74,mg/dL,0.6,1.3,N,STAT,2024-12-03 21:57,2024-12-03 22:26,2024-12-03 23:13
LAB723172,ENC109704,PT13182,WBC,White Blood Cell Count,18.9,K/uL,4.5,11,H,Routine,2024-12-03 22:36,2024-12-03 22:48,2024-12-04 02:48
LAB723173,ENC109704,PT13182,HGB,Hemoglobin,15.7,g/dL,12,17.5,N,STAT,2024-12-03 22:49,2024-12-03 23:24,2024-12-04 00:16
LAB723174,ENC109704,PT13182,BUN,Blood Urea Nitrogen,20,mg/dL,7,20,N,STAT,2024-12-03 22:52,2024-12-03 23:07,2024-12-04 00:12
LAB723175,ENC109704,PT13182,PLT,Platelet Count,242,K/uL,150,400,N,Routine,2024-12-03 22:53,2024-12-03 23:17,2024-12-04 03:33
LAB723176,ENC109705,PT10670,GLU,Glucose,140,mg/dL,70,99,H,Routine,2024-12-04 00:21,2024-12-04 00:33,2024-12-04 07:48
LAB723177,ENC109705,PT10670,CREAT,Creatinine,1.06,mg/dL,0.6,1.3,N,Routine,2024-12-04 00:18,2024-12-04 00:31,2024-12-04 03:47
LAB723178,ENC109705,PT10670,WBC,White Blood Cell Count,4.8,K/uL,4.5,11,N,STAT,2024-12-04 00:28,2024-12-04 00:51,2024-12-04 01:24
LAB723179,ENC109705,PT10670,HGB,Hemoglobin,12.6,g/dL,12,17.5,N,Routine,2024-12-03 23:45,2024-12-04 00:18,2024-12-04 02:32
LAB723180,ENC109707,PT10853,GLU,Glucose,117,mg/dL,70,99,H,Routine,2024-12-04 01:47,2024-12-04 01:52,2024-12-04 04:36
LAB723181,ENC109707,PT10853,CREAT,Creatinine,0.67,mg/dL,0.6,1.3,N,STAT,2024-12-04 02:00,2024-12-04 02:29,2024-12-04 03:30
LAB723182,ENC109708,PT13278,GLU,Glucose,87,mg/dL,70,99,N,STAT,2024-12-04 02:31,2024-12-04 03:01,2024-12-04 03:25
LAB723183,ENC109708,PT13278,CREAT,Creatinine,1.17,mg/dL,0.6,1.3,N,Routine,2024-12-04 02:18,2024-12-04 02:53,2024-12-04 06:23
LAB723184,ENC109708,PT13278,WBC,White Blood Cell Count,8.5,K/uL,4.5,11,N,Routine,2024-12-04 01:39,2024-12-04 01:57,2024-12-04 06:20
LAB723185,ENC109708,PT13278,HGB,Hemoglobin,13.2,g/dL,12,17.5,N,STAT,2024-12-04 01:41,2024-12-04 02:07,2024-12-04 02:42
LAB723186,ENC109709,PT12514,GLU,Glucose,109,mg/dL,70,99,H,Routine,2024-12-04 07:39,2024-12-04 07:52,2024-12-04 09:08
LAB723187,ENC109709,PT12514,CREAT,Creatinine,0.51,mg/dL,0.6,1.3,L,Routine,2024-12-04 07:46,2024-12-04 08:11,2024-12-04 10:36
LAB723188,ENC109709,PT12514,WBC,White Blood Cell Count,16.3,K/uL,4.5,11,H,STAT,2024-12-04 07:50,2024-12-04 08:12,2024-12-04 08:41
LAB723189,ENC109709,PT12514,HGB,Hemoglobin,13.2,g/dL,12,17.5,N,Routine,2024-12-04 07:58,2024-12-04 08:17,2024-12-04 12:45
LAB723190,ENC109709,PT12514,NA,Sodium,140,mmol/L,136,145,N,Routine,2024-12-04 07:49,2024-12-04 07:58,2024-12-04 10:09
LAB723191,ENC109709,PT12514,K,Potassium,4.3,mmol/L,3.5,5.1,N,STAT,2024-12-04 08:10,2024-12-04 08:34,2024-12-04 09:20
LAB723192,ENC109710,PT13672,GLU,Glucose,120,mg/dL,70,99,H,Routine,2024-12-04 06:29,2024-12-04 06:37,2024-12-04 13:23
LAB723193,ENC109710,PT13672,CREAT,Creatinine,0.94,mg/dL,0.6,1.3,N,Routine,2024-12-04 07:18,2024-12-04 07:51,2024-12-04 11:19
LAB723194,ENC109710,PT13672,WBC,White Blood Cell Count,9.3,K/uL,4.5,11,N,Routine,2024-12-04 06:36,2024-12-04 07:11,2024-12-04 10:38
LAB723195,ENC109710,PT13672,HGB,Hemoglobin,11.5,g/dL,12,17.5,L,STAT,2024-12-04 07:15,2024-12-04 07:48,2024-12-04 09:00
LAB723196,ENC109711,PT10191,GLU,Glucose,81,mg/dL,70,99,N,Routine,2024-12-04 12:42,2024-12-04 12:55,2024-12-04 15:42
LAB723197,ENC109711,PT10191,CREAT,Creatinine,0.68,mg/dL,0.6,1.3,N,Routine,2024-12-04 12:48,2024-12-04 13:10,2024-12-04 14:42
LAB723198,ENC109711,PT10191,WBC,White Blood Cell Count,9.5,K/uL,4.5,11,N,STAT,2024-12-04 12:28,2024-12-04 13:02,2024-12-04 13:56
LAB723199,ENC109711,PT10191,HGB,Hemoglobin,16.1,g/dL,12,17.5,N,STAT,2024-12-04 12:22,2024-12-04 12:51,2024-12-04 13:59
LAB723200,ENC109714,PT11041,A1C,Hemoglobin A1c,7.1,%,4,5.6,H,Routine,2024-12-04 09:08,2024-12-04 09:28,2024-12-05 13:21
LAB723201,ENC109716,PT10470,GLU,Glucose,95,mg/dL,70,99,N,STAT,2024-12-04 13:59,2024-12-04 14:26,2024-12-04 15:53
LAB723202,ENC109716,PT10470,CREAT,Creatinine,0.45,mg/dL,0.6,1.3,L,STAT,2024-12-04 13:34,2024-12-04 13:50,2024-12-04 14:23
LAB723203,ENC109716,PT10470,WBC,White Blood Cell Count,5.9,K/uL,4.5,11,N,STAT,2024-12-04 13:59,2024-12-04 14:22,2024-12-04 15:42
LAB723204,ENC109716,PT10470,HGB,Hemoglobin,14.3,g/dL,12,17.5,N,STAT,2024-12-04 13:02,2024-12-04 13:11,2024-12-04 13:33
LAB723205,ENC109716,PT10470,BUN,Blood Urea Nitrogen,10,mg/dL,7,20,N,Routine,2024-12-04 14:02,2024-12-04 14:31,2024-12-04 16:26
LAB723206,ENC109716,PT10470,PLT,Platelet Count,334,K/uL,150,400,N,Routine,2024-12-04 13:56,2024-12-04 14:26,2024-12-04 16:26
LAB723207,ENC109717,PT12329,INR,Prothrombin Time INR,1,ratio,0.8,1.2,N,STAT,2024-12-04 09:50,2024-12-04 09:57,2024-12-04 10:47
LAB723208,ENC109719,PT10325,GLU,Glucose,96,mg/dL,70,99,N,STAT,2024-12-04 10:37,2024-12-04 11:00,2024-12-04 11:55
LAB723209,ENC109719,PT10325,CREAT,Creatinine,0.74,mg/dL,0.6,1.3,N,Routine,2024-12-04 10:46,2024-12-04 11:17,2024-12-04 14:38
LAB723210,ENC109719,PT10325,WBC,White Blood Cell Count,12.6,K/uL,4.5,11,H,STAT,2024-12-04 10:44,2024-12-04 10:57,2024-12-04 11:47
LAB723211,ENC109719,PT10325,HGB,Hemoglobin,11.7,g/dL,12,17.5,L,Routine,2024-12-04 10:33,2024-12-04 10:52,2024-12-04 12:23
LAB723212,ENC109723,PT10480,GLU,Glucose,107,mg/dL,70,99,H,STAT,2024-12-04 12:44,2024-12-04 12:54,2024-12-04 13:36
LAB723213,ENC109723,PT10480,CREAT,Creatinine,0.4,mg/dL,0.6,1.3,L,STAT,2024-12-04 12:49,2024-12-04 12:58,2024-12-04 13:56
LAB723214,ENC109723,PT10480,WBC,White Blood Cell Count,4.5,K/uL,4.5,11,N,Routine,2024-12-04 12:11,2024-12-04 12:33,2024-12-04 15:10
LAB723215,ENC109723,PT10480,HGB,Hemoglobin,16.4,g/dL,12,17.5,N,STAT,2024-12-04 12:12,2024-12-04 12:45,2024-12-04 13:35
LAB723216,ENC109723,PT10480,BUN,Blood Urea Nitrogen,11,mg/dL,7,20,N,STAT,2024-12-04 11:48,2024-12-04 12:13,2024-12-04 12:55
LAB723217,ENC109723,PT10480,PLT,Platelet Count,249,K/uL,150,400,N,Routine,2024-12-04 11:47,2024-12-04 12:02,2024-12-04 15:56
LAB723218,ENC109724,PT13501,GLU,Glucose,168,mg/dL,70,99,H,Routine,2024-12-04 14:45,2024-12-04 15:00,2024-12-04 17:11
LAB723219,ENC109724,PT13501,CREAT,Creatinine,0.47,mg/dL,0.6,1.3,L,Routine,2024-12-04 14:55,2024-12-04 15:17,2024-12-04 17:54
LAB723220,ENC109724,PT13501,WBC,White Blood Cell Count,14,K/uL,4.5,11,H,STAT,2024-12-04 14:41,2024-12-04 15:01,2024-12-04 15:58
LAB723221,ENC109724,PT13501,HGB,Hemoglobin,15.1,g/dL,12,17.5,N,STAT,2024-12-04 15:20,2024-12-04 15:44,2024-12-04 17:13
LAB723222,ENC109724,PT13501,LACT,Lactate,1,mmol/L,0.5,2,N,STAT,2024-12-04 15:05,2024-12-04 15:26,2024-12-04 16:21
LAB723223,ENC109725,PT10554,GLU,Glucose,214,mg/dL,70,99,H,Routine,2024-12-04 14:30,2024-12-04 14:56,2024-12-04 18:33
LAB723224,ENC109725,PT10554,CREAT,Creatinine,0.9,mg/dL,0.6,1.3,N,Routine,2024-12-04 13:50,2024-12-04 13:55,2024-12-04 15:58
LAB723225,ENC109725,PT10554,WBC,White Blood Cell Count,11.3,K/uL,4.5,11,H,STAT,2024-12-04 13:40,2024-12-04 13:57,2024-12-04 14:41
LAB723226,ENC109725,PT10554,HGB,Hemoglobin,15.8,g/dL,12,17.5,N,STAT,2024-12-04 13:35,2024-12-04 13:58,2024-12-04 15:00
LAB723227,ENC109725,PT10554,TROP,"Troponin I, High Sensitivity",44,ng/L,0,34,H,STAT,2024-12-04 13:58,2024-12-04 14:31,2024-12-04 15:06
LAB723228,ENC109725,PT10554,BNP,B-Type Natriuretic Peptide,2213,pg/mL,0,100,H,Routine,2024-12-04 13:37,2024-12-04 14:12,2024-12-04 16:43
LAB723229,ENC109729,PT12982,LDL,LDL Cholesterol,106,mg/dL,0,99,H,Routine,2024-12-04 12:03,2024-12-04 12:35,2024-12-05 01:17
LAB723230,ENC109730,PT10979,A1C,Hemoglobin A1c,5.6,%,4,5.6,N,Routine,2024-12-04 12:23,2024-12-04 12:34,2024-12-06 08:35
LAB723231,ENC109730,PT10979,GLU,Glucose,93,mg/dL,70,99,N,Routine,2024-12-04 12:08,2024-12-04 12:28,2024-12-04 14:58
LAB723232,ENC109730,PT10979,CREAT,Creatinine,1.06,mg/dL,0.6,1.3,N,Routine,2024-12-04 12:14,2024-12-04 12:34,2024-12-04 14:35
LAB723233,ENC109731,PT13831,GLU,Glucose,118,mg/dL,70,99,H,STAT,2024-12-04 13:09,2024-12-04 13:21,2024-12-04 14:13
LAB723234,ENC109731,PT13831,CREAT,Creatinine,1,mg/dL,0.6,1.3,N,STAT,2024-12-04 12:18,2024-12-04 12:46,2024-12-04 13:59
LAB723235,ENC109731,PT13831,WBC,White Blood Cell Count,9.8,K/uL,4.5,11,N,Routine,2024-12-04 12:49,2024-12-04 13:03,2024-12-04 14:51
LAB723236,ENC109731,PT13831,HGB,Hemoglobin,14.7,g/dL,12,17.5,N,STAT,2024-12-04 12:59,2024-12-04 13:29,2024-12-04 13:55
LAB723237,ENC109736,PT13097,WBC,White Blood Cell Count,8.3,K/uL,4.5,11,N,Routine,2024-12-04 13:58,2024-12-04 14:29,2024-12-04 18:26
LAB723238,ENC109736,PT13097,HGB,Hemoglobin,9.2,g/dL,12,17.5,L,Routine,2024-12-04 13:46,2024-12-04 14:06,2024-12-04 14:52
LAB723239,ENC109736,PT13097,PLT,Platelet Count,274,K/uL,150,400,N,Routine,2024-12-04 13:55,2024-12-04 14:23,2024-12-04 17:20
LAB723240,ENC109737,PT10337,GLU,Glucose,114,mg/dL,70,99,H,Routine,2024-12-04 14:43,2024-12-04 15:13,2024-12-04 21:35
LAB723241,ENC109737,PT10337,CREAT,Creatinine,0.68,mg/dL,0.6,1.3,N,STAT,2024-12-04 14:06,2024-12-04 14:27,2024-12-04 15:30
LAB723242,ENC109737,PT10337,WBC,White Blood Cell Count,12.9,K/uL,4.5,11,H,STAT,2024-12-04 14:45,2024-12-04 15:16,2024-12-04 15:48
LAB723243,ENC109738,PT13007,GLU,Glucose,88,mg/dL,70,99,N,Routine,2024-12-04 14:02,2024-12-04 14:06,2024-12-04 16:26
LAB723244,ENC109738,PT13007,CREAT,Creatinine,1.04,mg/dL,0.6,1.3,N,Routine,2024-12-04 14:33,2024-12-04 15:03,2024-12-04 20:29
LAB723245,ENC109739,PT11114,GLU,Glucose,85,mg/dL,70,99,N,Routine,2024-12-04 15:04,2024-12-04 15:20,2024-12-04 16:45
LAB723246,ENC109739,PT11114,CREAT,Creatinine,0.98,mg/dL,0.6,1.3,N,Routine,2024-12-04 14:28,2024-12-04 14:34,2024-12-04 18:09
LAB723247,ENC109739,PT11114,INR,Prothrombin Time INR,0.9,ratio,0.8,1.2,N,Routine,2024-12-04 14:30,2024-12-04 14:38,2024-12-04 15:18
LAB723248,ENC109740,PT12166,WBC,White Blood Cell Count,6,K/uL,4.5,11,N,Routine,2024-12-04 14:45,2024-12-04 15:00,2024-12-04 20:02
LAB723249,ENC109740,PT12166,HGB,Hemoglobin,11.2,g/dL,12,17.5,L,Routine,2024-12-04 14:35,2024-12-04 15:00,2024-12-04 19:18
LAB723250,ENC109740,PT12166,PLT,Platelet Count,237,K/uL,150,400,N,Routine,2024-12-04 14:32,2024-12-04 14:43,2024-12-04 18:09
LAB723251,ENC109741,PT10048,GLU,Glucose,126,mg/dL,70,99,H,STAT,2024-12-04 15:08,2024-12-04 15:35,2024-12-04 16:26
LAB723252,ENC109741,PT10048,CREAT,Creatinine,0.45,mg/dL,0.6,1.3,L,STAT,2024-12-04 15:16,2024-12-04 15:33,2024-12-04 16:03
LAB723253,ENC109742,PT12465,GLU,Glucose,97,mg/dL,70,99,N,Routine,2024-12-04 20:49,2024-12-04 21:03,2024-12-04 23:22
LAB723254,ENC109742,PT12465,CREAT,Creatinine,0.43,mg/dL,0.6,1.3,L,STAT,2024-12-04 20:50,2024-12-04 21:25,2024-12-04 21:59
LAB723255,ENC109742,PT12465,WBC,White Blood Cell Count,7,K/uL,4.5,11,N,STAT,2024-12-04 21:24,2024-12-04 21:31,2024-12-04 22:06
LAB723256,ENC109742,PT12465,HGB,Hemoglobin,16.4,g/dL,12,17.5,N,STAT,2024-12-04 21:25,2024-12-04 21:54,2024-12-04 22:18
LAB723257,ENC109746,PT10883,LDL,LDL Cholesterol,157,mg/dL,0,99,H,Routine,2024-12-04 15:56,2024-12-04 16:19,2024-12-05 10:06
LAB723258,ENC109746,PT10883,A1C,Hemoglobin A1c,5.4,%,4,5.6,N,Routine,2024-12-04 15:55,2024-12-04 16:06,2024-12-05 03:52
LAB723259,ENC109749,PT11852,GLU,Glucose,93,mg/dL,70,99,N,Routine,2024-12-04 16:54,2024-12-04 16:58,2024-12-04 18:45
LAB723260,ENC109749,PT11852,CREAT,Creatinine,2.55,mg/dL,0.6,1.3,H,Routine,2024-12-04 17:17,2024-12-04 17:41,2024-12-04 20:48
LAB723261,ENC109749,PT11852,WBC,White Blood Cell Count,6.3,K/uL,4.5,11,N,Routine,2024-12-04 16:35,2024-12-04 17:07,2024-12-04 21:01
LAB723262,ENC109749,PT11852,HGB,Hemoglobin,11.7,g/dL,12,17.5,L,STAT,2024-12-04 17:02,2024-12-04 17:37,2024-12-04 18:10
LAB723263,ENC109749,PT11852,TROP,"Troponin I, High Sensitivity",144,ng/L,0,34,H,STAT,2024-12-04 16:57,2024-12-04 17:11,2024-12-04 19:05
LAB723264,ENC109752,PT12945,GLU,Glucose,113,mg/dL,70,99,H,STAT,2024-12-04 21:37,2024-12-04 21:56,2024-12-04 22:38
LAB723265,ENC109752,PT12945,CREAT,Creatinine,1.16,mg/dL,0.6,1.3,N,STAT,2024-12-04 21:57,2024-12-04 22:29,2024-12-04 23:03
LAB723266,ENC109752,PT12945,WBC,White Blood Cell Count,14.2,K/uL,4.5,11,H,STAT,2024-12-04 21:56,2024-12-04 22:10,2024-12-04 22:54
LAB723267,ENC109752,PT12945,HGB,Hemoglobin,11.1,g/dL,12,17.5,L,Routine,2024-12-04 21:55,2024-12-04 22:05,2024-12-04 22:53
LAB723268,ENC109754,PT10269,GLU,Glucose,99,mg/dL,70,99,N,STAT,2024-12-04 18:29,2024-12-04 18:36,2024-12-04 19:15
LAB723269,ENC109754,PT10269,CREAT,Creatinine,0.6,mg/dL,0.6,1.3,N,Routine,2024-12-04 18:58,2024-12-04 19:11,2024-12-04 21:28
LAB723270,ENC109754,PT10269,WBC,White Blood Cell Count,8.7,K/uL,4.5,11,N,STAT,2024-12-04 19:02,2024-12-04 19:07,2024-12-04 20:22
LAB723271,ENC109755,PT11002,GLU,Glucose,89,mg/dL,70,99,N,STAT,2024-12-04 23:32,2024-12-04 23:36,2024-12-05 00:22
LAB723272,ENC109755,PT11002,CREAT,Creatinine,1.17,mg/dL,0.6,1.3,N,Routine,2024-12-04 23:38,2024-12-04 23:42,2024-12-05 01:14
LAB723273,ENC109755,PT11002,WBC,White Blood Cell Count,7.4,K/uL,4.5,11,N,Routine,2024-12-05 00:07,2024-12-05 00:32,2024-12-05 03:26
LAB723274,ENC109755,PT11002,HGB,Hemoglobin,15.3,g/dL,12,17.5,N,Routine,2024-12-04 23:08,2024-12-04 23:26,2024-12-05 01:49
LAB723275,ENC109755,PT11002,BUN,Blood Urea Nitrogen,18,mg/dL,7,20,N,STAT,2024-12-04 23:54,2024-12-05 00:11,2024-12-05 00:55
LAB723276,ENC109755,PT11002,PLT,Platelet Count,270,K/uL,150,400,N,STAT,2024-12-04 22:57,2024-12-04 23:14,2024-12-04 23:43
LAB723277,ENC109755,PT11002,TROP,"Troponin I, High Sensitivity",1,ng/L,0,34,N,STAT,2024-12-05 00:05,2024-12-05 00:39,2024-12-05 01:37
LAB723278,ENC109758,PT12442,GLU,Glucose,85,mg/dL,70,99,N,STAT,2024-12-05 01:26,2024-12-05 01:36,2024-12-05 02:12
LAB723279,ENC109758,PT12442,CREAT,Creatinine,1.05,mg/dL,0.6,1.3,N,Routine,2024-12-05 01:13,2024-12-05 01:17,2024-12-05 04:40
LAB723280,ENC109758,PT12442,WBC,White Blood Cell Count,12.6,K/uL,4.5,11,H,Routine,2024-12-05 01:30,2024-12-05 02:05,2024-12-05 04:29
LAB723281,ENC109758,PT12442,HGB,Hemoglobin,13.7,g/dL,12,17.5,N,STAT,2024-12-05 01:23,2024-12-05 01:37,2024-12-05 02:39
LAB723282,ENC109759,PT12926,GLU,Glucose,86,mg/dL,70,99,N,STAT,2024-12-04 20:55,2024-12-04 21:05,2024-12-04 22:04
LAB723283,ENC109759,PT12926,CREAT,Creatinine,0.34,mg/dL,0.6,1.3,L,STAT,2024-12-04 21:21,2024-12-04 21:43,2024-12-04 22:17
LAB723284,ENC109760,PT10134,GLU,Glucose,231,mg/dL,70,99,H,STAT,2024-12-05 02:57,2024-12-05 03:07,2024-12-05 03:54
LAB723285,ENC109760,PT10134,CREAT,Creatinine,1,mg/dL,0.6,1.3,N,STAT,2024-12-05 02:15,2024-12-05 02:49,2024-12-05 04:46
LAB723286,ENC109760,PT10134,WBC,White Blood Cell Count,7,K/uL,4.5,11,N,STAT,2024-12-05 02:04,2024-12-05 02:08,2024-12-05 02:41
LAB723287,ENC109760,PT10134,HGB,Hemoglobin,12.4,g/dL,12,17.5,N,STAT,2024-12-05 02:07,2024-12-05 02:30,2024-12-05 03:09
LAB723288,ENC109760,PT10134,TROP,"Troponin I, High Sensitivity",57,ng/L,0,34,H,STAT,2024-12-05 02:10,2024-12-05 02:33,2024-12-05 03:40
LAB723289,ENC109760,PT10134,BNP,B-Type Natriuretic Peptide,2258,pg/mL,0,100,H,STAT,2024-12-05 02:02,2024-12-05 02:20,2024-12-05 03:42
LAB723290,ENC109762,PT12188,GLU,Glucose,105,mg/dL,70,99,H,STAT,2024-12-05 01:55,2024-12-05 02:08,2024-12-05 02:39
LAB723291,ENC109762,PT12188,CREAT,Creatinine,0.89,mg/dL,0.6,1.3,N,STAT,2024-12-05 02:00,2024-12-05 02:06,2024-12-05 02:33
LAB723292,ENC109762,PT12188,WBC,White Blood Cell Count,8.6,K/uL,4.5,11,N,STAT,2024-12-05 02:10,2024-12-05 02:44,2024-12-05 03:33
LAB723293,ENC109762,PT12188,HGB,Hemoglobin,6.5,g/dL,12,17.5,LL,STAT,2024-12-05 03:01,2024-12-05 03:07,2024-12-05 03:29
LAB723294,ENC109762,PT12188,INR,Prothrombin Time INR,1.1,ratio,0.8,1.2,N,Routine,2024-12-05 03:01,2024-12-05 03:12,2024-12-05 06:16
LAB723295,ENC109763,PT13749,GLU,Glucose,89,mg/dL,70,99,N,Routine,2024-12-05 01:30,2024-12-05 01:55,2024-12-05 05:40
LAB723296,ENC109763,PT13749,CREAT,Creatinine,0.85,mg/dL,0.6,1.3,N,STAT,2024-12-05 01:18,2024-12-05 01:42,2024-12-05 02:24
LAB723297,ENC109763,PT13749,WBC,White Blood Cell Count,7.1,K/uL,4.5,11,N,STAT,2024-12-05 01:15,2024-12-05 01:49,2024-12-05 02:59
LAB723298,ENC109763,PT13749,HGB,Hemoglobin,13.4,g/dL,12,17.5,N,STAT,2024-12-05 01:10,2024-12-05 01:32,2024-12-05 02:13
LAB723299,ENC109764,PT11500,GLU,Glucose,120,mg/dL,70,99,H,STAT,2024-12-05 03:44,2024-12-05 04:08,2024-12-05 04:56
LAB723300,ENC109764,PT11500,CREAT,Creatinine,1.09,mg/dL,0.6,1.3,N,STAT,2024-12-05 03:48,2024-12-05 03:52,2024-12-05 04:23
LAB723301,ENC109764,PT11500,WBC,White Blood Cell Count,6.6,K/uL,4.5,11,N,Routine,2024-12-05 03:40,2024-12-05 04:13,2024-12-05 05:10
LAB723302,ENC109764,PT11500,HGB,Hemoglobin,11.8,g/dL,12,17.5,L,STAT,2024-12-05 02:58,2024-12-05 03:05,2024-12-05 03:50
LAB723303,ENC109765,PT12254,GLU,Glucose,105,mg/dL,70,99,H,STAT,2024-12-05 00:17,2024-12-05 00:39,2024-12-05 01:37
LAB723304,ENC109765,PT12254,CREAT,Creatinine,1.56,mg/dL,0.6,1.3,H,STAT,2024-12-04 23:25,2024-12-04 23:31,2024-12-05 00:15
LAB723305,ENC109765,PT12254,WBC,White Blood Cell Count,5.9,K/uL,4.5,11,N,STAT,2024-12-04 23:33,2024-12-05 00:04,2024-12-05 00:33
LAB723306,ENC109765,PT12254,HGB,Hemoglobin,12.8,g/dL,12,17.5,N,Routine,2024-12-05 00:29,2024-12-05 00:53,2024-12-05 02:16
LAB723307,ENC109766,PT13515,GLU,Glucose,144,mg/dL,70,99,H,STAT,2024-12-05 00:42,2024-12-05 00:55,2024-12-05 02:06
LAB723308,ENC109766,PT13515,CREAT,Creatinine,1.22,mg/dL,0.6,1.3,N,Routine,2024-12-05 01:16,2024-12-05 01:20,2024-12-05 07:10
LAB723309,ENC109766,PT13515,WBC,White Blood Cell Count,8,K/uL,4.5,11,N,Routine,2024-12-05 01:12,2024-12-05 01:34,2024-12-05 03:23
LAB723310,ENC109766,PT13515,HGB,Hemoglobin,10.8,g/dL,12,17.5,L,STAT,2024-12-05 00:55,2024-12-05 01:29,2024-12-05 01:59
LAB723311,ENC109766,PT13515,NA,Sodium,140,mmol/L,136,145,N,Routine,2024-12-05 00:40,2024-12-05 00:53,2024-12-05 01:49
LAB723312,ENC109766,PT13515,K,Potassium,3.8,mmol/L,3.5,5.1,N,STAT,2024-12-05 01:30,2024-12-05 01:44,2024-12-05 02:28
LAB723313,ENC109767,PT12690,GLU,Glucose,96,mg/dL,70,99,N,STAT,2024-12-05 01:02,2024-12-05 01:18,2024-12-05 01:34
LAB723314,ENC109767,PT12690,CREAT,Creatinine,0.83,mg/dL,0.6,1.3,N,STAT,2024-12-05 01:00,2024-12-05 01:30,2024-12-05 02:21
LAB723315,ENC109767,PT12690,TROP,"Troponin I, High Sensitivity",7,ng/L,0,34,N,STAT,2024-12-05 01:26,2024-12-05 01:51,2024-12-05 02:23
LAB723316,ENC109768,PT11686,GLU,Glucose,182,mg/dL,70,99,H,STAT,2024-12-05 02:02,2024-12-05 02:22,2024-12-05 02:51
LAB723317,ENC109768,PT11686,CREAT,Creatinine,0.97,mg/dL,0.6,1.3,N,STAT,2024-12-05 01:49,2024-12-05 02:18,2024-12-05 02:55
LAB723318,ENC109768,PT11686,WBC,White Blood Cell Count,8.2,K/uL,4.5,11,N,Routine,2024-12-05 02:08,2024-12-05 02:37,2024-12-05 05:51
LAB723319,ENC109768,PT11686,HGB,Hemoglobin,15.9,g/dL,12,17.5,N,STAT,2024-12-05 01:31,2024-12-05 01:42,2024-12-05 02:10
LAB723320,ENC109770,PT10758,GLU,Glucose,93,mg/dL,70,99,N,Routine,2024-12-05 09:04,2024-12-05 09:12,2024-12-05 13:13
LAB723321,ENC109770,PT10758,CREAT,Creatinine,0.98,mg/dL,0.6,1.3,N,STAT,2024-12-05 08:56,2024-12-05 09:17,2024-12-05 10:10
LAB723322,ENC109770,PT10758,WBC,White Blood Cell Count,8,K/uL,4.5,11,N,STAT,2024-12-05 08:46,2024-12-05 09:05,2024-12-05 09:54
LAB723323,ENC109770,PT10758,HGB,Hemoglobin,15.4,g/dL,12,17.5,N,STAT,2024-12-05 09:05,2024-12-05 09:25,2024-12-05 10:27
LAB723324,ENC109770,PT10758,NA,Sodium,135,mmol/L,136,145,L,Routine,2024-12-05 09:04,2024-12-05 09:20,2024-12-05 13:14
LAB723325,ENC109770,PT10758,K,Potassium,4.6,mmol/L,3.5,5.1,N,STAT,2024-12-05 08:57,2024-12-05 09:12,2024-12-05 10:15
LAB723326,ENC109770,PT10758,TROP,"Troponin I, High Sensitivity",1069,ng/L,0,34,H,STAT,2024-12-05 08:15,2024-12-05 08:39,2024-12-05 09:44
LAB723327,ENC109771,PT10335,GLU,Glucose,81,mg/dL,70,99,N,STAT,2024-12-05 06:37,2024-12-05 06:53,2024-12-05 07:39
LAB723328,ENC109771,PT10335,CREAT,Creatinine,0.92,mg/dL,0.6,1.3,N,STAT,2024-12-05 07:02,2024-12-05 07:33,2024-12-05 08:32
LAB723329,ENC109771,PT10335,WBC,White Blood Cell Count,8.7,K/uL,4.5,11,N,STAT,2024-12-05 06:38,2024-12-05 07:00,2024-12-05 07:31
LAB723330,ENC109771,PT10335,HGB,Hemoglobin,12.7,g/dL,12,17.5,N,STAT,2024-12-05 07:10,2024-12-05 07:36,2024-12-05 08:51
LAB723331,ENC109771,PT10335,NA,Sodium,136,mmol/L,136,145,N,Routine,2024-12-05 06:38,2024-12-05 07:03,2024-12-05 10:41
LAB723332,ENC109771,PT10335,K,Potassium,4.2,mmol/L,3.5,5.1,N,STAT,2024-12-05 06:26,2024-12-05 06:53,2024-12-05 07:37
LAB723333,ENC109771,PT10335,INR,Prothrombin Time INR,1.1,ratio,0.8,1.2,N,Routine,2024-12-05 06:17,2024-12-05 06:42,2024-12-05 12:27
LAB723334,ENC109776,PT10101,GLU,Glucose,145,mg/dL,70,99,H,Routine,2024-12-05 10:54,2024-12-05 11:29,2024-12-05 18:26
LAB723335,ENC109776,PT10101,CREAT,Creatinine,0.94,mg/dL,0.6,1.3,N,STAT,2024-12-05 10:42,2024-12-05 11:16,2024-12-05 12:04
LAB723336,ENC109776,PT10101,WBC,White Blood Cell Count,9.3,K/uL,4.5,11,N,STAT,2024-12-05 10:28,2024-12-05 10:53,2024-12-05 11:48
LAB723337,ENC109776,PT10101,HGB,Hemoglobin,17.6,g/dL,12,17.5,H,STAT,2024-12-05 10:23,2024-12-05 10:43,2024-12-05 11:34
LAB723338,ENC109778,PT11055,GLU,Glucose,97,mg/dL,70,99,N,STAT,2024-12-05 10:14,2024-12-05 10:21,2024-12-05 11:13
LAB723339,ENC109778,PT11055,CREAT,Creatinine,1.66,mg/dL,0.6,1.3,H,Routine,2024-12-05 10:13,2024-12-05 10:24,2024-12-05 12:05
LAB723340,ENC109778,PT11055,WBC,White Blood Cell Count,6.5,K/uL,4.5,11,N,Routine,2024-12-05 10:00,2024-12-05 10:12,2024-12-05 11:14
LAB723341,ENC109778,PT11055,HGB,Hemoglobin,12,g/dL,12,17.5,N,STAT,2024-12-05 09:38,2024-12-05 09:42,2024-12-05 10:20
LAB723342,ENC109779,PT10913,A1C,Hemoglobin A1c,9,%,4,5.6,H,Routine,2024-12-05 09:30,2024-12-05 09:47,2024-12-05 20:47
LAB723343,ENC109779,PT10913,GLU,Glucose,280,mg/dL,70,99,H,Routine,2024-12-05 09:40,2024-12-05 10:11,2024-12-05 12:54
LAB723344,ENC109779,PT10913,CREAT,Creatinine,0.95,mg/dL,0.6,1.3,N,Routine,2024-12-05 09:44,2024-12-05 09:51,2024-12-05 12:46
LAB723345,ENC109780,PT10279,GLU,Glucose,82,mg/dL,70,99,N,STAT,2024-12-05 09:35,2024-12-05 09:50,2024-12-05 10:26
LAB723346,ENC109780,PT10279,CREAT,Creatinine,0.47,mg/dL,0.6,1.3,L,STAT,2024-12-05 10:08,2024-12-05 10:33,2024-12-05 11:04
LAB723347,ENC109780,PT10279,WBC,White Blood Cell Count,4,K/uL,4.5,11,L,Routine,2024-12-05 09:55,2024-12-05 10:08,2024-12-05 13:11
LAB723348,ENC109780,PT10279,HGB,Hemoglobin,14.5,g/dL,12,17.5,N,STAT,2024-12-05 09:47,2024-12-05 10:00,2024-12-05 10:38
LAB723349,ENC109781,PT13069,A1C,Hemoglobin A1c,9.6,%,4,5.6,H,Routine,2024-12-05 10:40,2024-12-05 10:49,2024-12-05 20:42
LAB723350,ENC109781,PT13069,GLU,Glucose,202,mg/dL,70,99,H,Routine,2024-12-05 10:36,2024-12-05 10:54,2024-12-05 13:23
LAB723351,ENC109781,PT13069,CREAT,Creatinine,1,mg/dL,0.6,1.3,N,Routine,2024-12-05 10:20,2024-12-05 10:37,2024-12-05 12:20
LAB723352,ENC109783,PT11868,LDL,LDL Cholesterol,36,mg/dL,0,99,N,Routine,2024-12-05 11:05,2024-12-05 11:18,2024-12-05 23:04
LAB723353,ENC109784,PT10192,WBC,White Blood Cell Count,10.2,K/uL,4.5,11,N,Routine,2024-12-05 11:26,2024-12-05 11:33,2024-12-05 14:26
LAB723354,ENC109784,PT10192,HGB,Hemoglobin,13.5,g/dL,12,17.5,N,Routine,2024-12-05 11:41,2024-12-05 12:09,2024-12-05 15:19
LAB723355,ENC109784,PT10192,PLT,Platelet Count,240,K/uL,150,400,N,Routine,2024-12-05 11:41,2024-12-05 12:06,2024-12-05 15:42
LAB723356,ENC109786,PT10298,LDL,LDL Cholesterol,105,mg/dL,0,99,H,Routine,2024-12-05 12:15,2024-12-05 12:40,2024-12-06 01:17
LAB723357,ENC109787,PT13161,LDL,LDL Cholesterol,165,mg/dL,0,99,H,Routine,2024-12-05 12:25,2024-12-05 12:29,2024-12-05 23:01
LAB723358,ENC109787,PT13161,A1C,Hemoglobin A1c,10.1,%,4,5.6,H,Routine,2024-12-05 12:22,2024-12-05 12:28,2024-12-06 11:47
LAB723359,ENC109787,PT13161,TSH,Thyroid Stimulating Hormone,2.12,mIU/L,0.4,4,N,Routine,2024-12-05 12:22,2024-12-05 12:28,2024-12-05 23:56
LAB723360,ENC109789,PT12365,LDL,LDL Cholesterol,122,mg/dL,0,99,H,Routine,2024-12-05 12:28,2024-12-05 12:39,2024-12-06 04:03
LAB723361,ENC109789,PT12365,A1C,Hemoglobin A1c,5.3,%,4,5.6,N,Routine,2024-12-05 12:40,2024-12-05 12:50,2024-12-05 21:29
LAB723362,ENC109789,PT12365,TSH,Thyroid Stimulating Hormone,1.09,mIU/L,0.4,4,N,Routine,2024-12-05 12:21,2024-12-05 12:39,2024-12-06 06:48
LAB723363,ENC109790,PT12500,GLU,Glucose,95,mg/dL,70,99,N,STAT,2024-12-05 17:59,2024-12-05 18:21,2024-12-05 19:30
LAB723364,ENC109790,PT12500,CREAT,Creatinine,1.23,mg/dL,0.6,1.3,N,Routine,2024-12-05 17:37,2024-12-05 18:12,2024-12-05 22:02
LAB723365,ENC109790,PT12500,WBC,White Blood Cell Count,17.8,K/uL,4.5,11,H,Routine,2024-12-05 17:15,2024-12-05 17:42,2024-12-05 23:12
LAB723366,ENC109790,PT12500,HGB,Hemoglobin,13.3,g/dL,12,17.5,N,STAT,2024-12-05 17:42,2024-12-05 18:15,2024-12-05 19:17
LAB723367,ENC109790,PT12500,NA,Sodium,142,mmol/L,136,145,N,STAT,2024-12-05 17:51,2024-12-05 18:15,2024-12-05 18:35
LAB723368,ENC109790,PT12500,K,Potassium,4.5,mmol/L,3.5,5.1,N,STAT,2024-12-05 16:58,2024-12-05 17:24,2024-12-05 17:51
LAB723369,ENC109790,PT12500,BUN,Blood Urea Nitrogen,15,mg/dL,7,20,N,Routine,2024-12-05 16:57,2024-12-05 17:31,2024-12-05 21:04
LAB723370,ENC109790,PT12500,PLT,Platelet Count,314,K/uL,150,400,N,Routine,2024-12-05 17:58,2024-12-05 18:14,2024-12-05 22:58
LAB723371,ENC109791,PT11802,GLU,Glucose,125,mg/dL,70,99,H,STAT,2024-12-05 18:31,2024-12-05 19:05,2024-12-05 19:40
LAB723372,ENC109791,PT11802,CREAT,Creatinine,2.86,mg/dL,0.6,1.3,H,STAT,2024-12-05 18:39,2024-12-05 18:57,2024-12-05 19:54
LAB723373,ENC109791,PT11802,WBC,White Blood Cell Count,7.2,K/uL,4.5,11,N,Routine,2024-12-05 18:38,2024-12-05 19:01,2024-12-05 22:43
LAB723374,ENC109791,PT11802,HGB,Hemoglobin,11.6,g/dL,12,17.5,L,STAT,2024-12-05 18:26,2024-12-05 18:42,2024-12-05 19:33
LAB723375,ENC109791,PT11802,NA,Sodium,140,mmol/L,136,145,N,Routine,2024-12-05 17:46,2024-12-05 18:08,2024-12-05 20:07
LAB723376,ENC109791,PT11802,K,Potassium,4.5,mmol/L,3.5,5.1,N,STAT,2024-12-05 18:33,2024-12-05 19:05,2024-12-05 19:50
LAB723377,ENC109793,PT11861,GLU,Glucose,84,mg/dL,70,99,N,STAT,2024-12-05 17:12,2024-12-05 17:25,2024-12-05 17:55
LAB723378,ENC109793,PT11861,CREAT,Creatinine,0.81,mg/dL,0.6,1.3,N,Routine,2024-12-05 17:07,2024-12-05 17:33,2024-12-05 22:24
LAB723379,ENC109793,PT11861,WBC,White Blood Cell Count,14.5,K/uL,4.5,11,H,STAT,2024-12-05 17:24,2024-12-05 17:51,2024-12-05 18:30
LAB723380,ENC109793,PT11861,HGB,Hemoglobin,14.3,g/dL,12,17.5,N,Routine,2024-12-05 17:36,2024-12-05 17:43,2024-12-05 22:09
LAB723381,ENC109794,PT13352,GLU,Glucose,98,mg/dL,70,99,N,Routine,2024-12-05 17:14,2024-12-05 17:28,2024-12-05 19:59
LAB723382,ENC109794,PT13352,CREAT,Creatinine,0.92,mg/dL,0.6,1.3,N,STAT,2024-12-05 17:28,2024-12-05 17:45,2024-12-05 19:06
LAB723383,ENC109794,PT13352,WBC,White Blood Cell Count,8.6,K/uL,4.5,11,N,STAT,2024-12-05 17:01,2024-12-05 17:08,2024-12-05 18:45
LAB723384,ENC109794,PT13352,HGB,Hemoglobin,12.6,g/dL,12,17.5,N,STAT,2024-12-05 16:47,2024-12-05 17:05,2024-12-05 17:51
LAB723385,ENC109794,PT13352,NA,Sodium,141,mmol/L,136,145,N,STAT,2024-12-05 16:51,2024-12-05 16:56,2024-12-05 17:39
LAB723386,ENC109794,PT13352,K,Potassium,4.1,mmol/L,3.5,5.1,N,STAT,2024-12-05 17:22,2024-12-05 17:48,2024-12-05 18:29
LAB723387,ENC109794,PT13352,INR,Prothrombin Time INR,1,ratio,0.8,1.2,N,STAT,2024-12-05 16:42,2024-12-05 17:15,2024-12-05 18:22
LAB723388,ENC109796,PT11671,GLU,Glucose,146,mg/dL,70,99,H,STAT,2024-12-05 17:12,2024-12-05 17:40,2024-12-05 18:16
LAB723389,ENC109796,PT11671,CREAT,Creatinine,0.47,mg/dL,0.6,1.3,L,STAT,2024-12-05 16:38,2024-12-05 17:00,2024-12-05 17:21
LAB723390,ENC109796,PT11671,WBC,White Blood Cell Count,8.2,K/uL,4.5,11,N,STAT,2024-12-05 17:07,2024-12-05 17:40,2024-12-05 18:21
LAB723391,ENC109796,PT11671,HGB,Hemoglobin,12.1,g/dL,12,17.5,N,STAT,2024-12-05 17:41,2024-12-05 17:57,2024-12-05 19:28
LAB723392,ENC109798,PT10480,GLU,Glucose,110,mg/dL,70,99,H,STAT,2024-12-05 19:34,2024-12-05 19:44,2024-12-05 20:45
LAB723393,ENC109798,PT10480,CREAT,Creatinine,0.52,mg/dL,0.6,1.3,L,Routine,2024-12-05 19:35,2024-12-05 20:08,2024-12-05 23:28
LAB723394,ENC109798,PT10480,WBC,White Blood Cell Count,13.2,K/uL,4.5,11,H,STAT,2024-12-05 18:59,2024-12-05 19:34,2024-12-05 20:23
LAB723395,ENC109798,PT10480,HGB,Hemoglobin,14.5,g/dL,12,17.5,N,STAT,2024-12-05 19:27,2024-12-05 19:35,2024-12-05 20:31
LAB723396,ENC109801,PT10601,LDL,LDL Cholesterol,117,mg/dL,0,99,H,Routine,2024-12-05 15:50,2024-12-05 16:06,2024-12-06 00:23
LAB723397,ENC109801,PT10601,A1C,Hemoglobin A1c,9.1,%,4,5.6,H,Routine,2024-12-05 15:50,2024-12-05 16:04,2024-12-06 20:50
LAB723398,ENC109803,PT10468,GLU,Glucose,190,mg/dL,70,99,H,Routine,2024-12-05 18:00,2024-12-05 18:16,2024-12-06 04:09
LAB723399,ENC109803,PT10468,CREAT,Creatinine,2.11,mg/dL,0.6,1.3,H,Routine,2024-12-05 17:32,2024-12-05 17:38,2024-12-05 20:36
LAB723400,ENC109804,PT11506,GLU,Glucose,112,mg/dL,70,99,H,STAT,2024-12-05 17:45,2024-12-05 17:52,2024-12-05 18:26
LAB723401,ENC109804,PT11506,CREAT,Creatinine,0.48,mg/dL,0.6,1.3,L,Routine,2024-12-05 18:42,2024-12-05 18:59,2024-12-05 21:56
LAB723402,ENC109805,PT11406,GLU,Glucose,201,mg/dL,70,99,H,Routine,2024-12-05 22:53,2024-12-05 23:00,2024-12-06 01:26
LAB723403,ENC109805,PT11406,CREAT,Creatinine,1.03,mg/dL,0.6,1.3,N,STAT,2024-12-05 22:52,2024-12-05 22:57,2024-12-05 23:49
LAB723404,ENC109805,PT11406,WBC,White Blood Cell Count,9.3,K/uL,4.5,11,N,STAT,2024-12-05 22:50,2024-12-05 23:16,2024-12-06 00:34
LAB723405,ENC109805,PT11406,HGB,Hemoglobin,13.3,g/dL,12,17.5,N,Routine,2024-12-05 23:11,2024-12-05 23:26,2024-12-06 01:31
LAB723406,ENC109805,PT11406,TROP,"Troponin I, High Sensitivity",817,ng/L,0,34,H,STAT,2024-12-05 23:23,2024-12-05 23:33,2024-12-06 00:11
LAB723407,ENC109806,PT13311,GLU,Glucose,232,mg/dL,70,99,H,Routine,2024-12-06 00:35,2024-12-06 01:08,2024-12-06 03:15
LAB723408,ENC109806,PT13311,CREAT,Creatinine,0.92,mg/dL,0.6,1.3,N,Routine,2024-12-06 00:22,2024-12-06 00:28,2024-12-06 02:03
LAB723409,ENC109806,PT13311,WBC,White Blood Cell Count,5.2,K/uL,4.5,11,N,STAT,2024-12-06 00:28,2024-12-06 00:45,2024-12-06 01:11
LAB723410,ENC109806,PT13311,HGB,Hemoglobin,14.4,g/dL,12,17.5,N,Routine,2024-12-05 23:39,2024-12-05 23:57,2024-12-06 00:54
LAB723411,ENC109806,PT13311,NA,Sodium,135,mmol/L,136,145,L,Routine,2024-12-06 00:00,2024-12-06 00:27,2024-12-06 07:52
LAB723412,ENC109806,PT13311,K,Potassium,3.2,mmol/L,3.5,5.1,L,STAT,2024-12-06 00:19,2024-12-06 00:54,2024-12-06 01:28
LAB723413,ENC109807,PT13083,GLU,Glucose,405,mg/dL,70,99,H,STAT,2024-12-05 21:11,2024-12-05 21:36,2024-12-05 23:01
LAB723414,ENC109807,PT13083,CREAT,Creatinine,1.06,mg/dL,0.6,1.3,N,Routine,2024-12-05 21:20,2024-12-05 21:27,2024-12-05 22:50
LAB723415,ENC109807,PT13083,WBC,White Blood Cell Count,8.6,K/uL,4.5,11,N,Routine,2024-12-05 20:39,2024-12-05 20:44,2024-12-05 23:58
LAB723416,ENC109807,PT13083,HGB,Hemoglobin,17.9,g/dL,12,17.5,H,STAT,2024-12-05 21:00,2024-12-05 21:14,2024-12-05 21:57
LAB723417,ENC109807,PT13083,NA,Sodium,140,mmol/L,136,145,N,STAT,2024-12-05 20:13,2024-12-05 20:48,2024-12-05 21:42
LAB723418,ENC109807,PT13083,K,Potassium,4.8,mmol/L,3.5,5.1,N,STAT,2024-12-05 21:15,2024-12-05 21:31,2024-12-05 22:09
LAB723419,ENC109807,PT13083,A1C,Hemoglobin A1c,12.6,%,4,5.6,H,Routine,2024-12-05 20:40,2024-12-05 20:57,2024-12-06 07:14
LAB723420,ENC109808,PT10775,GLU,Glucose,99,mg/dL,70,99,N,STAT,2024-12-06 03:29,2024-12-06 03:38,2024-12-06 04:14
LAB723421,ENC109808,PT10775,CREAT,Creatinine,0.75,mg/dL,0.6,1.3,N,Routine,2024-12-06 03:13,2024-12-06 03:33,2024-12-06 06:07
LAB723422,ENC109808,PT10775,WBC,White Blood Cell Count,4.2,K/uL,4.5,11,L,STAT,2024-12-06 03:29,2024-12-06 03:49,2024-12-06 04:17
LAB723423,ENC109808,PT10775,HGB,Hemoglobin,14.9,g/dL,12,17.5,N,Routine,2024-12-06 03:33,2024-12-06 03:59,2024-12-06 07:06
LAB723424,ENC109808,PT10775,TROP,"Troponin I, High Sensitivity",52,ng/L,0,34,H,STAT,2024-12-06 03:02,2024-12-06 03:30,2024-12-06 04:15
LAB723425,ENC109808,PT10775,BNP,B-Type Natriuretic Peptide,349,pg/mL,0,100,H,Routine,2024-12-06 02:47,2024-12-06 03:13,2024-12-06 05:25
LAB723426,ENC109810,PT10449,GLU,Glucose,436,mg/dL,70,99,H,STAT,2024-12-06 02:07,2024-12-06 02:35,2024-12-06 03:55
LAB723427,ENC109810,PT10449,CREAT,Creatinine,0.82,mg/dL,0.6,1.3,N,STAT,2024-12-06 02:32,2024-12-06 02:55,2024-12-06 03:28
LAB723428,ENC109810,PT10449,A1C,Hemoglobin A1c,9.1,%,4,5.6,H,STAT,2024-12-06 02:16,2024-12-06 02:30,2024-12-06 03:38
LAB723429,ENC109811,PT11429,GLU,Glucose,114,mg/dL,70,99,H,STAT,2024-12-06 03:30,2024-12-06 03:41,2024-12-06 04:54
LAB723430,ENC109811,PT11429,CREAT,Creatinine,1.08,mg/dL,0.6,1.3,N,STAT,2024-12-06 02:36,2024-12-06 02:51,2024-12-06 04:17
LAB723431,ENC109811,PT11429,WBC,White Blood Cell Count,4.9,K/uL,4.5,11,N,Routine,2024-12-06 02:35,2024-12-06 02:41,2024-12-06 06:31
LAB723432,ENC109811,PT11429,HGB,Hemoglobin,11.5,g/dL,12,17.5,L,STAT,2024-12-06 02:51,2024-12-06 03:18,2024-12-06 03:47
LAB723433,ENC109812,PT10609,GLU,Glucose,149,mg/dL,70,99,H,Routine,2024-12-06 09:26,2024-12-06 09:57,2024-12-06 15:49
LAB723434,ENC109812,PT10609,CREAT,Creatinine,1.65,mg/dL,0.6,1.3,H,STAT,2024-12-06 09:14,2024-12-06 09:22,2024-12-06 09:58
LAB723435,ENC109812,PT10609,WBC,White Blood Cell Count,21.2,K/uL,4.5,11,H,STAT,2024-12-06 09:34,2024-12-06 09:56,2024-12-06 10:44
LAB723436,ENC109812,PT10609,HGB,Hemoglobin,14.7,g/dL,12,17.5,N,STAT,2024-12-06 09:28,2024-12-06 09:34,2024-12-06 11:25
LAB723437,ENC109812,PT10609,LACT,Lactate,2.4,mmol/L,0.5,2,H,STAT,2024-12-06 09:12,2024-12-06 09:29,2024-12-06 10:37
LAB723438,ENC109821,PT11213,GLU,Glucose,109,mg/dL,70,99,H,STAT,2024-12-06 10:40,2024-12-06 10:46,2024-12-06 11:57
LAB723439,ENC109821,PT11213,CREAT,Creatinine,0.46,mg/dL,0.6,1.3,L,Routine,2024-12-06 10:46,2024-12-06 11:12,2024-12-06 13:42
LAB723440,ENC109821,PT11213,WBC,White Blood Cell Count,8.7,K/uL,4.5,11,N,Routine,2024-12-06 11:40,2024-12-06 12:13,2024-12-06 13:44
LAB723441,ENC109825,PT12445,LDL,LDL Cholesterol,189,mg/dL,0,99,H,Routine,2024-12-06 12:43,2024-12-06 12:52,2024-12-07 04:06
LAB723442,ENC109825,PT12445,A1C,Hemoglobin A1c,8.8,%,4,5.6,H,Routine,2024-12-06 12:40,2024-12-06 12:45,2024-12-06 19:41
LAB723443,ENC109825,PT12445,TSH,Thyroid Stimulating Hormone,3.08,mIU/L,0.4,4,N,Routine,2024-12-06 12:35,2024-12-06 13:04,2024-12-07 13:28
LAB723444,ENC109826,PT11765,GLU,Glucose,77,mg/dL,70,99,N,STAT,2024-12-06 17:34,2024-12-06 18:08,2024-12-06 19:05
LAB723445,ENC109826,PT11765,CREAT,Creatinine,0.86,mg/dL,0.6,1.3,N,STAT,2024-12-06 18:04,2024-12-06 18:13,2024-12-06 19:52
LAB723446,ENC109826,PT11765,WBC,White Blood Cell Count,7.7,K/uL,4.5,11,N,STAT,2024-12-06 17:27,2024-12-06 17:35,2024-12-06 18:55
LAB723447,ENC109826,PT11765,HGB,Hemoglobin,15.5,g/dL,12,17.5,N,Routine,2024-12-06 17:07,2024-12-06 17:39,2024-12-06 20:38
LAB723448,ENC109828,PT12896,GLU,Glucose,92,mg/dL,70,99,N,Routine,2024-12-06 14:29,2024-12-06 14:50,2024-12-06 17:55
LAB723449,ENC109828,PT12896,CREAT,Creatinine,0.59,mg/dL,0.6,1.3,L,STAT,2024-12-06 14:40,2024-12-06 15:06,2024-12-06 15:38
LAB723450,ENC109828,PT12896,WBC,White Blood Cell Count,5.7,K/uL,4.5,11,N,STAT,2024-12-06 15:24,2024-12-06 15:31,2024-12-06 16:08
LAB723451,ENC109828,PT12896,HGB,Hemoglobin,12.7,g/dL,12,17.5,N,STAT,2024-12-06 15:21,2024-12-06 15:29,2024-12-06 16:00
LAB723452,ENC109828,PT12896,NA,Sodium,136,mmol/L,136,145,N,STAT,2024-12-06 15:18,2024-12-06 15:27,2024-12-06 16:04
LAB723453,ENC109828,PT12896,K,Potassium,4.5,mmol/L,3.5,5.1,N,STAT,2024-12-06 14:25,2024-12-06 14:33,2024-12-06 15:49
LAB723454,ENC109831,PT12811,GLU,Glucose,114,mg/dL,70,99,H,Routine,2024-12-06 20:06,2024-12-06 20:19,2024-12-06 22:09
LAB723455,ENC109831,PT12811,CREAT,Creatinine,0.81,mg/dL,0.6,1.3,N,STAT,2024-12-06 20:07,2024-12-06 20:17,2024-12-06 21:19
LAB723456,ENC109831,PT12811,WBC,White Blood Cell Count,4.1,K/uL,4.5,11,L,Routine,2024-12-06 19:46,2024-12-06 19:51,2024-12-07 00:35
LAB723457,ENC109831,PT12811,HGB,Hemoglobin,13.5,g/dL,12,17.5,N,STAT,2024-12-06 20:06,2024-12-06 20:15,2024-12-06 20:39
LAB723458,ENC109831,PT12811,NA,Sodium,141,mmol/L,136,145,N,STAT,2024-12-06 20:16,2024-12-06 20:35,2024-12-06 21:31
LAB723459,ENC109831,PT12811,K,Potassium,4.2,mmol/L,3.5,5.1,N,STAT,2024-12-06 19:31,2024-12-06 19:44,2024-12-06 20:32
LAB723460,ENC109832,PT11767,GLU,Glucose,112,mg/dL,70,99,H,Routine,2024-12-06 18:56,2024-12-06 19:06,2024-12-06 23:50
LAB723461,ENC109832,PT11767,CREAT,Creatinine,0.38,mg/dL,0.6,1.3,L,STAT,2024-12-06 19:32,2024-12-06 19:48,2024-12-06 20:42
LAB723462,ENC109832,PT11767,WBC,White Blood Cell Count,9.3,K/uL,4.5,11,N,Routine,2024-12-06 19:35,2024-12-06 20:00,2024-12-07 01:29
LAB723463,ENC109832,PT11767,HGB,Hemoglobin,14.1,g/dL,12,17.5,N,STAT,2024-12-06 19:00,2024-12-06 19:21,2024-12-06 20:03
LAB723464,ENC109834,PT11207,GLU,Glucose,118,mg/dL,70,99,H,Routine,2024-12-06 20:26,2024-12-06 21:00,2024-12-06 23:07
LAB723465,ENC109834,PT11207,CREAT,Creatinine,0.82,mg/dL,0.6,1.3,N,STAT,2024-12-06 20:33,2024-12-06 21:08,2024-12-06 21:54
LAB723466,ENC109834,PT11207,WBC,White Blood Cell Count,9.7,K/uL,4.5,11,N,Routine,2024-12-06 19:46,2024-12-06 20:00,2024-12-06 23:18
LAB723467,ENC109834,PT11207,HGB,Hemoglobin,14.5,g/dL,12,17.5,N,STAT,2024-12-06 20:30,2024-12-06 20:50,2024-12-06 21:22
LAB723468,ENC109834,PT11207,TROP,"Troponin I, High Sensitivity",41,ng/L,0,34,H,STAT,2024-12-06 19:46,2024-12-06 20:14,2024-12-06 21:12
LAB723469,ENC109835,PT11436,LDL,LDL Cholesterol,185,mg/dL,0,99,H,Routine,2024-12-06 15:44,2024-12-06 16:18,2024-12-07 04:04
LAB723470,ENC109835,PT11436,A1C,Hemoglobin A1c,8.6,%,4,5.6,H,Routine,2024-12-06 15:48,2024-12-06 16:11,2024-12-07 03:21
LAB723471,ENC109835,PT11436,TSH,Thyroid Stimulating Hormone,2.45,mIU/L,0.4,4,N,Routine,2024-12-06 15:43,2024-12-06 16:07,2024-12-07 02:21
LAB723472,ENC109837,PT13063,WBC,White Blood Cell Count,5.5,K/uL,4.5,11,N,Routine,2024-12-06 16:23,2024-12-06 16:46,2024-12-07 01:41
LAB723473,ENC109837,PT13063,HGB,Hemoglobin,13.3,g/dL,12,17.5,N,Routine,2024-12-06 16:42,2024-12-06 17:12,2024-12-06 21:15
LAB723474,ENC109837,PT13063,PLT,Platelet Count,341,K/uL,150,400,N,Routine,2024-12-06 16:37,2024-12-06 16:44,2024-12-06 19:17
LAB723475,ENC109838,PT13620,GLU,Glucose,120,mg/dL,70,99,H,STAT,2024-12-06 19:32,2024-12-06 19:46,2024-12-06 20:23
LAB723476,ENC109838,PT13620,CREAT,Creatinine,1.05,mg/dL,0.6,1.3,N,STAT,2024-12-06 19:41,2024-12-06 19:52,2024-12-06 20:48
LAB723477,ENC109838,PT13620,WBC,White Blood Cell Count,8.8,K/uL,4.5,11,N,STAT,2024-12-06 19:15,2024-12-06 19:29,2024-12-06 20:21
LAB723478,ENC109838,PT13620,HGB,Hemoglobin,14.1,g/dL,12,17.5,N,STAT,2024-12-06 19:43,2024-12-06 20:13,2024-12-06 21:12
LAB723479,ENC109839,PT11226,GLU,Glucose,98,mg/dL,70,99,N,STAT,2024-12-06 18:28,2024-12-06 18:41,2024-12-06 19:28
LAB723480,ENC109839,PT11226,CREAT,Creatinine,0.84,mg/dL,0.6,1.3,N,STAT,2024-12-06 18:10,2024-12-06 18:14,2024-12-06 18:53
LAB723481,ENC109839,PT11226,WBC,White Blood Cell Count,7,K/uL,4.5,11,N,STAT,2024-12-06 18:54,2024-12-06 19:25,2024-12-06 19:55
LAB723482,ENC109839,PT11226,HGB,Hemoglobin,15.9,g/dL,12,17.5,N,STAT,2024-12-06 18:10,2024-12-06 18:33,2024-12-06 19:17
LAB723483,ENC109841,PT11407,GLU,Glucose,88,mg/dL,70,99,N,STAT,2024-12-06 21:20,2024-12-06 21:42,2024-12-06 22:15
LAB723484,ENC109841,PT11407,CREAT,Creatinine,1.07,mg/dL,0.6,1.3,N,Routine,2024-12-06 21:15,2024-12-06 21:33,2024-12-07 00:33
LAB723485,ENC109841,PT11407,WBC,White Blood Cell Count,9.3,K/uL,4.5,11,N,STAT,2024-12-06 21:21,2024-12-06 21:32,2024-12-06 22:04
LAB723486,ENC109841,PT11407,HGB,Hemoglobin,13.2,g/dL,12,17.5,N,STAT,2024-12-06 21:36,2024-12-06 22:08,2024-12-06 22:48
LAB723487,ENC109844,PT11840,GLU,Glucose,115,mg/dL,70,99,H,STAT,2024-12-07 01:24,2024-12-07 01:33,2024-12-07 02:01
LAB723488,ENC109844,PT11840,CREAT,Creatinine,0.87,mg/dL,0.6,1.3,N,Routine,2024-12-07 02:20,2024-12-07 02:48,2024-12-07 05:27
LAB723489,ENC109844,PT11840,WBC,White Blood Cell Count,10.7,K/uL,4.5,11,N,Routine,2024-12-07 01:30,2024-12-07 01:55,2024-12-07 03:53
LAB723490,ENC109844,PT11840,HGB,Hemoglobin,11.8,g/dL,12,17.5,L,Routine,2024-12-07 01:55,2024-12-07 02:02,2024-12-07 04:01
LAB723491,ENC109844,PT11840,NA,Sodium,139,mmol/L,136,145,N,STAT,2024-12-07 01:28,2024-12-07 01:51,2024-12-07 02:31
LAB723492,ENC109844,PT11840,K,Potassium,4,mmol/L,3.5,5.1,N,STAT,2024-12-07 01:58,2024-12-07 02:10,2024-12-07 03:41
LAB723493,ENC109845,PT12443,GLU,Glucose,127,mg/dL,70,99,H,STAT,2024-12-07 05:26,2024-12-07 05:56,2024-12-07 07:16
LAB723494,ENC109845,PT12443,CREAT,Creatinine,0.81,mg/dL,0.6,1.3,N,STAT,2024-12-07 06:16,2024-12-07 06:21,2024-12-07 07:04
LAB723495,ENC109845,PT12443,WBC,White Blood Cell Count,7,K/uL,4.5,11,N,Routine,2024-12-07 05:22,2024-12-07 05:35,2024-12-07 08:57
LAB723496,ENC109845,PT12443,HGB,Hemoglobin,15,g/dL,12,17.5,N,Routine,2024-12-07 05:34,2024-12-07 05:41,2024-12-07 07:34
LAB723497,ENC109847,PT13984,GLU,Glucose,94,mg/dL,70,99,N,Routine,2024-12-07 02:14,2024-12-07 02:40,2024-12-07 08:24
LAB723498,ENC109847,PT13984,CREAT,Creatinine,1.02,mg/dL,0.6,1.3,N,Routine,2024-12-07 02:02,2024-12-07 02:29,2024-12-07 04:01
LAB723499,ENC109847,PT13984,WBC,White Blood Cell Count,7.8,K/uL,4.5,11,N,Routine,2024-12-07 02:30,2024-12-07 02:57,2024-12-07 04:45
LAB723500,ENC109848,PT12933,GLU,Glucose,120,mg/dL,70,99,H,STAT,2024-12-07 03:45,2024-12-07 04:06,2024-12-07 05:35
LAB723501,ENC109848,PT12933,CREAT,Creatinine,1.57,mg/dL,0.6,1.3,H,STAT,2024-12-07 03:28,2024-12-07 03:57,2024-12-07 04:37
LAB723502,ENC109848,PT12933,WBC,White Blood Cell Count,25.5,K/uL,4.5,11,H,Routine,2024-12-07 03:48,2024-12-07 04:06,2024-12-07 07:28
LAB723503,ENC109848,PT12933,HGB,Hemoglobin,12.8,g/dL,12,17.5,N,STAT,2024-12-07 04:08,2024-12-07 04:26,2024-12-07 04:49
LAB723504,ENC109849,PT12436,GLU,Glucose,104,mg/dL,70,99,H,Routine,2024-12-07 08:21,2024-12-07 08:49,2024-12-07 12:27
LAB723505,ENC109849,PT12436,CREAT,Creatinine,1.49,mg/dL,0.6,1.3,H,STAT,2024-12-07 08:13,2024-12-07 08:18,2024-12-07 10:10
LAB723506,ENC109850,PT11617,GLU,Glucose,95,mg/dL,70,99,N,STAT,2024-12-07 11:13,2024-12-07 11:34,2024-12-07 12:55
LAB723507,ENC109850,PT11617,CREAT,Creatinine,1.09,mg/dL,0.6,1.3,N,Routine,2024-12-07 10:59,2024-12-07 11:04,2024-12-07 17:57
LAB723508,ENC109850,PT11617,WBC,White Blood Cell Count,6.4,K/uL,4.5,11,N,STAT,2024-12-07 10:23,2024-12-07 10:47,2024-12-07 11:48
LAB723509,ENC109850,PT11617,HGB,Hemoglobin,11.2,g/dL,12,17.5,L,STAT,2024-12-07 11:07,2024-12-07 11:25,2024-12-07 11:57
LAB723510,ENC109850,PT11617,TROP,"Troponin I, High Sensitivity",3,ng/L,0,34,N,STAT,2024-12-07 11:18,2024-12-07 11:31,2024-12-07 12:40
LAB723511,ENC109851,PT12573,GLU,Glucose,138,mg/dL,70,99,H,STAT,2024-12-07 16:31,2024-12-07 16:56,2024-12-07 17:26
LAB723512,ENC109851,PT12573,CREAT,Creatinine,1.25,mg/dL,0.6,1.3,N,STAT,2024-12-07 16:11,2024-12-07 16:17,2024-12-07 17:00
LAB723513,ENC109851,PT12573,WBC,White Blood Cell Count,5.5,K/uL,4.5,11,N,STAT,2024-12-07 16:20,2024-12-07 16:25,2024-12-07 17:20
LAB723514,ENC109851,PT12573,HGB,Hemoglobin,13.6,g/dL,12,17.5,N,STAT,2024-12-07 15:55,2024-12-07 16:11,2024-12-07 16:39
LAB723515,ENC109853,PT12303,GLU,Glucose,54,mg/dL,70,99,L,STAT,2024-12-07 11:42,2024-12-07 12:09,2024-12-07 13:03
LAB723516,ENC109853,PT12303,CREAT,Creatinine,1.13,mg/dL,0.6,1.3,N,STAT,2024-12-07 11:18,2024-12-07 11:24,2024-12-07 11:46
LAB723517,ENC109853,PT12303,WBC,White Blood Cell Count,6.8,K/uL,4.5,11,N,Routine,2024-12-07 11:57,2024-12-07 12:20,2024-12-07 15:23
LAB723518,ENC109853,PT12303,HGB,Hemoglobin,13,g/dL,12,17.5,N,Routine,2024-12-07 11:16,2024-12-07 11:37,2024-12-07 13:26
LAB723519,ENC109855,PT10008,GLU,Glucose,98,mg/dL,70,99,N,STAT,2024-12-07 17:28,2024-12-07 17:45,2024-12-07 18:42
LAB723520,ENC109855,PT10008,CREAT,Creatinine,0.86,mg/dL,0.6,1.3,N,Routine,2024-12-07 16:55,2024-12-07 17:08,2024-12-07 18:59
LAB723521,ENC109855,PT10008,WBC,White Blood Cell Count,12.3,K/uL,4.5,11,H,STAT,2024-12-07 17:12,2024-12-07 17:21,2024-12-07 19:07
LAB723522,ENC109855,PT10008,HGB,Hemoglobin,13.4,g/dL,12,17.5,N,STAT,2024-12-07 16:40,2024-12-07 16:44,2024-12-07 17:31
LAB723523,ENC109856,PT13812,GLU,Glucose,130,mg/dL,70,99,H,STAT,2024-12-07 18:15,2024-12-07 18:43,2024-12-07 19:53
LAB723524,ENC109856,PT13812,CREAT,Creatinine,0.78,mg/dL,0.6,1.3,N,Routine,2024-12-07 17:46,2024-12-07 17:58,2024-12-07 20:10
LAB723525,ENC109856,PT13812,WBC,White Blood Cell Count,7.9,K/uL,4.5,11,N,STAT,2024-12-07 18:19,2024-12-07 18:26,2024-12-07 19:14
LAB723526,ENC109856,PT13812,HGB,Hemoglobin,14.5,g/dL,12,17.5,N,STAT,2024-12-07 17:34,2024-12-07 17:56,2024-12-07 18:53
LAB723527,ENC109856,PT13812,NA,Sodium,137,mmol/L,136,145,N,STAT,2024-12-07 17:41,2024-12-07 18:13,2024-12-07 18:49
LAB723528,ENC109856,PT13812,K,Potassium,4.2,mmol/L,3.5,5.1,N,STAT,2024-12-07 18:32,2024-12-07 18:50,2024-12-07 19:23
LAB723529,ENC109859,PT11199,GLU,Glucose,113,mg/dL,70,99,H,STAT,2024-12-07 23:48,2024-12-08 00:11,2024-12-08 00:52
LAB723530,ENC109859,PT11199,CREAT,Creatinine,0.76,mg/dL,0.6,1.3,N,STAT,2024-12-08 00:15,2024-12-08 00:25,2024-12-08 00:52
LAB723531,ENC109859,PT11199,WBC,White Blood Cell Count,16.1,K/uL,4.5,11,H,STAT,2024-12-07 23:19,2024-12-07 23:23,2024-12-08 00:24
LAB723532,ENC109859,PT11199,HGB,Hemoglobin,10.2,g/dL,12,17.5,L,STAT,2024-12-07 23:50,2024-12-08 00:09,2024-12-08 00:45
LAB723533,ENC109861,PT13058,GLU,Glucose,109,mg/dL,70,99,H,Routine,2024-12-07 20:40,2024-12-07 20:47,2024-12-07 22:46
LAB723534,ENC109861,PT13058,CREAT,Creatinine,2.4,mg/dL,0.6,1.3,H,Routine,2024-12-07 20:08,2024-12-07 20:38,2024-12-08 01:26
LAB723535,ENC109861,PT13058,WBC,White Blood Cell Count,8.7,K/uL,4.5,11,N,STAT,2024-12-07 19:56,2024-12-07 20:07,2024-12-07 21:12
LAB723536,ENC109861,PT13058,HGB,Hemoglobin,9.1,g/dL,12,17.5,L,Routine,2024-12-07 20:23,2024-12-07 20:32,2024-12-07 22:45
LAB723537,ENC109861,PT13058,TROP,"Troponin I, High Sensitivity",3,ng/L,0,34,N,STAT,2024-12-07 20:02,2024-12-07 20:17,2024-12-07 20:53
LAB723538,ENC109863,PT10158,GLU,Glucose,113,mg/dL,70,99,H,STAT,2024-12-08 10:28,2024-12-08 10:45,2024-12-08 11:15
LAB723539,ENC109863,PT10158,CREAT,Creatinine,0.77,mg/dL,0.6,1.3,N,STAT,2024-12-08 10:26,2024-12-08 10:52,2024-12-08 11:27
LAB723540,ENC109863,PT10158,WBC,White Blood Cell Count,17.4,K/uL,4.5,11,H,STAT,2024-12-08 09:42,2024-12-08 10:01,2024-12-08 10:47
LAB723541,ENC109863,PT10158,HGB,Hemoglobin,13.9,g/dL,12,17.5,N,STAT,2024-12-08 10:26,2024-12-08 10:57,2024-12-08 11:54
LAB723542,ENC109864,PT11103,GLU,Glucose,96,mg/dL,70,99,N,Routine,2024-12-08 06:55,2024-12-08 07:21,2024-12-08 09:15
LAB723543,ENC109864,PT11103,CREAT,Creatinine,1.1,mg/dL,0.6,1.3,N,STAT,2024-12-08 06:26,2024-12-08 06:37,2024-12-08 07:30
LAB723544,ENC109864,PT11103,WBC,White Blood Cell Count,10.2,K/uL,4.5,11,N,STAT,2024-12-08 07:25,2024-12-08 07:54,2024-12-08 08:17
LAB723545,ENC109864,PT11103,HGB,Hemoglobin,13.3,g/dL,12,17.5,N,Routine,2024-12-08 07:10,2024-12-08 07:41,2024-12-08 14:01
LAB723546,ENC109867,PT11462,GLU,Glucose,123,mg/dL,70,99,H,STAT,2024-12-08 15:40,2024-12-08 15:45,2024-12-08 16:44
LAB723547,ENC109867,PT11462,CREAT,Creatinine,1.23,mg/dL,0.6,1.3,N,STAT,2024-12-08 15:19,2024-12-08 15:45,2024-12-08 16:33
LAB723548,ENC109867,PT11462,WBC,White Blood Cell Count,15,K/uL,4.5,11,H,Routine,2024-12-08 15:50,2024-12-08 16:10,2024-12-08 19:39
LAB723549,ENC109867,PT11462,HGB,Hemoglobin,12.2,g/dL,12,17.5,N,Routine,2024-12-08 14:55,2024-12-08 15:12,2024-12-08 18:42
LAB723550,ENC109867,PT11462,LACT,Lactate,1.8,mmol/L,0.5,2,N,STAT,2024-12-08 15:37,2024-12-08 15:49,2024-12-08 16:37
LAB723551,ENC109868,PT12973,GLU,Glucose,111,mg/dL,70,99,H,Routine,2024-12-08 18:17,2024-12-08 18:49,2024-12-09 00:18
LAB723552,ENC109868,PT12973,CREAT,Creatinine,1.09,mg/dL,0.6,1.3,N,STAT,2024-12-08 18:09,2024-12-08 18:31,2024-12-08 18:56
LAB723553,ENC109868,PT12973,WBC,White Blood Cell Count,5.9,K/uL,4.5,11,N,STAT,2024-12-08 17:46,2024-12-08 18:19,2024-12-08 19:18
LAB723554,ENC109868,PT12973,HGB,Hemoglobin,14.2,g/dL,12,17.5,N,STAT,2024-12-08 18:09,2024-12-08 18:22,2024-12-08 19:22
LAB723555,ENC109868,PT12973,NA,Sodium,136,mmol/L,136,145,N,STAT,2024-12-08 17:53,2024-12-08 18:06,2024-12-08 18:36
LAB723556,ENC109868,PT12973,K,Potassium,4.4,mmol/L,3.5,5.1,N,STAT,2024-12-08 18:03,2024-12-08 18:17,2024-12-08 19:07
LAB723557,ENC109868,PT12973,TROP,"Troponin I, High Sensitivity",47,ng/L,0,34,H,STAT,2024-12-08 17:56,2024-12-08 18:01,2024-12-08 18:32
LAB723558,ENC109868,PT12973,BNP,B-Type Natriuretic Peptide,1667,pg/mL,0,100,H,STAT,2024-12-08 18:04,2024-12-08 18:14,2024-12-08 19:24
LAB723559,ENC109869,PT11017,GLU,Glucose,108,mg/dL,70,99,H,Routine,2024-12-08 19:01,2024-12-08 19:34,2024-12-09 04:24
LAB723560,ENC109869,PT11017,CREAT,Creatinine,0.81,mg/dL,0.6,1.3,N,Routine,2024-12-08 18:41,2024-12-08 18:49,2024-12-08 22:45
LAB723561,ENC109869,PT11017,WBC,White Blood Cell Count,6.1,K/uL,4.5,11,N,STAT,2024-12-08 19:02,2024-12-08 19:30,2024-12-08 20:03
LAB723562,ENC109869,PT11017,HGB,Hemoglobin,15.9,g/dL,12,17.5,N,Routine,2024-12-08 18:30,2024-12-08 18:41,2024-12-08 21:59
LAB723563,ENC109869,PT11017,INR,Prothrombin Time INR,1,ratio,0.8,1.2,N,Routine,2024-12-08 18:44,2024-12-08 18:49,2024-12-08 21:26
LAB723564,ENC109873,PT13744,GLU,Glucose,82,mg/dL,70,99,N,Routine,2024-12-08 22:24,2024-12-08 22:56,2024-12-09 00:09
LAB723565,ENC109873,PT13744,CREAT,Creatinine,2.35,mg/dL,0.6,1.3,H,STAT,2024-12-08 22:09,2024-12-08 22:21,2024-12-08 23:39
LAB723566,ENC109873,PT13744,WBC,White Blood Cell Count,17,K/uL,4.5,11,H,Routine,2024-12-08 21:51,2024-12-08 22:24,2024-12-09 00:48
LAB723567,ENC109873,PT13744,HGB,Hemoglobin,9.9,g/dL,12,17.5,L,Routine,2024-12-08 21:59,2024-12-08 22:04,2024-12-09 03:11
LAB723568,ENC109875,PT11832,GLU,Glucose,151,mg/dL,70,99,H,STAT,2024-12-08 23:03,2024-12-08 23:35,2024-12-09 00:27
LAB723569,ENC109875,PT11832,CREAT,Creatinine,0.91,mg/dL,0.6,1.3,N,Routine,2024-12-08 23:24,2024-12-08 23:42,2024-12-09 01:12
LAB723570,ENC109875,PT11832,WBC,White Blood Cell Count,20.5,K/uL,4.5,11,H,STAT,2024-12-08 22:56,2024-12-08 23:19,2024-12-08 23:55
LAB723571,ENC109875,PT11832,HGB,Hemoglobin,16.1,g/dL,12,17.5,N,Routine,2024-12-08 22:59,2024-12-08 23:08,2024-12-09 05:45
LAB723572,ENC109875,PT11832,NA,Sodium,137,mmol/L,136,145,N,Routine,2024-12-08 23:43,2024-12-08 23:54,2024-12-09 02:39
LAB723573,ENC109875,PT11832,K,Potassium,4.4,mmol/L,3.5,5.1,N,STAT,2024-12-08 23:11,2024-12-08 23:31,2024-12-08 23:53
LAB723574,ENC109876,PT13855,GLU,Glucose,116,mg/dL,70,99,H,STAT,2024-12-09 03:10,2024-12-09 03:31,2024-12-09 04:01
LAB723575,ENC109876,PT13855,CREAT,Creatinine,1.08,mg/dL,0.6,1.3,N,STAT,2024-12-09 03:10,2024-12-09 03:33,2024-12-09 03:47
LAB723576,ENC109876,PT13855,WBC,White Blood Cell Count,6.8,K/uL,4.5,11,N,Routine,2024-12-09 03:32,2024-12-09 03:59,2024-12-09 06:40
LAB723577,ENC109878,PT12517,GLU,Glucose,107,mg/dL,70,99,H,Routine,2024-12-09 05:56,2024-12-09 06:29,2024-12-09 11:54
LAB723578,ENC109878,PT12517,CREAT,Creatinine,1.09,mg/dL,0.6,1.3,N,STAT,2024-12-09 06:08,2024-12-09 06:31,2024-12-09 07:58
LAB723579,ENC109878,PT12517,WBC,White Blood Cell Count,7.6,K/uL,4.5,11,N,STAT,2024-12-09 06:28,2024-12-09 06:55,2024-12-09 07:09
LAB723580,ENC109878,PT12517,HGB,Hemoglobin,5.7,g/dL,12,17.5,LL,STAT,2024-12-09 06:18,2024-12-09 06:40,2024-12-09 07:33
LAB723581,ENC109878,PT12517,NA,Sodium,137,mmol/L,136,145,N,Routine,2024-12-09 05:45,2024-12-09 05:56,2024-12-09 09:03
LAB723582,ENC109878,PT12517,K,Potassium,4.8,mmol/L,3.5,5.1,N,STAT,2024-12-09 06:40,2024-12-09 07:15,2024-12-09 07:57
LAB723583,ENC109878,PT12517,LACT,Lactate,2.1,mmol/L,0.5,2,H,STAT,2024-12-09 06:29,2024-12-09 06:42,2024-12-09 07:17
LAB723584,ENC109878,PT12517,INR,Prothrombin Time INR,1,ratio,0.8,1.2,N,STAT,2024-12-09 05:42,2024-12-09 05:54,2024-12-09 06:51
LAB723585,ENC109879,PT12133,GLU,Glucose,148,mg/dL,70,99,H,STAT,2024-12-09 09:20,2024-12-09 09:32,2024-12-09 10:20
LAB723586,ENC109879,PT12133,CREAT,Creatinine,1.05,mg/dL,0.6,1.3,N,Routine,2024-12-09 08:39,2024-12-09 08:56,2024-12-09 12:48
LAB723587,ENC109879,PT12133,WBC,White Blood Cell Count,3.7,K/uL,4.5,11,L,Routine,2024-12-09 09:28,2024-12-09 10:03,2024-12-09 13:21
LAB723588,ENC109879,PT12133,HGB,Hemoglobin,13.6,g/dL,12,17.5,N,STAT,2024-12-09 09:24,2024-12-09 09:32,2024-12-09 10:11
LAB723589,ENC109879,PT12133,BUN,Blood Urea Nitrogen,14,mg/dL,7,20,N,Routine,2024-12-09 08:30,2024-12-09 08:52,2024-12-09 10:02
LAB723590,ENC109879,PT12133,PLT,Platelet Count,255,K/uL,150,400,N,Routine,2024-12-09 08:44,2024-12-09 09:16,2024-12-09 14:35
LAB723591,ENC109879,PT12133,LACT,Lactate,1.1,mmol/L,0.5,2,N,STAT,2024-12-09 08:50,2024-12-09 09:25,2024-12-09 09:53
LAB723592,ENC109881,PT12226,GLU,Glucose,99,mg/dL,70,99,N,Routine,2024-12-09 07:54,2024-12-09 08:02,2024-12-09 10:42
LAB723593,ENC109881,PT12226,CREAT,Creatinine,1.26,mg/dL,0.6,1.3,N,Routine,2024-12-09 08:07,2024-12-09 08:28,2024-12-09 11:17
LAB723594,ENC109881,PT12226,WBC,White Blood Cell Count,7.6,K/uL,4.5,11,N,STAT,2024-12-09 07:30,2024-12-09 07:37,2024-12-09 08:07
LAB723595,ENC109881,PT12226,HGB,Hemoglobin,15.5,g/dL,12,17.5,N,STAT,2024-12-09 07:22,2024-12-09 07:32,2024-12-09 08:45
LAB723596,ENC109881,PT12226,NA,Sodium,140,mmol/L,136,145,N,Routine,2024-12-09 07:21,2024-12-09 07:39,2024-12-09 09:37
LAB723597,ENC109881,PT12226,K,Potassium,4.3,mmol/L,3.5,5.1,N,STAT,2024-12-09 08:14,2024-12-09 08:24,2024-12-09 09:02
LAB723598,ENC109881,PT12226,TROP,"Troponin I, High Sensitivity",2,ng/L,0,34,N,STAT,2024-12-09 07:42,2024-12-09 07:51,2024-12-09 09:08
LAB723599,ENC109881,PT12226,BNP,B-Type Natriuretic Peptide,1286,pg/mL,0,100,H,Routine,2024-12-09 07:39,2024-12-09 08:11,2024-12-09 10:51
LAB723600,ENC109882,PT11948,GLU,Glucose,241,mg/dL,70,99,H,Routine,2024-12-09 12:28,2024-12-09 12:48,2024-12-09 15:55
LAB723601,ENC109882,PT11948,CREAT,Creatinine,0.76,mg/dL,0.6,1.3,N,STAT,2024-12-09 13:00,2024-12-09 13:15,2024-12-09 13:49
LAB723602,ENC109882,PT11948,WBC,White Blood Cell Count,5.2,K/uL,4.5,11,N,STAT,2024-12-09 12:46,2024-12-09 13:02,2024-12-09 13:47
LAB723603,ENC109882,PT11948,HGB,Hemoglobin,17,g/dL,12,17.5,N,STAT,2024-12-09 12:59,2024-12-09 13:13,2024-12-09 13:49
LAB723604,ENC109882,PT11948,NA,Sodium,139,mmol/L,136,145,N,Routine,2024-12-09 13:15,2024-12-09 13:34,2024-12-09 17:29
LAB723605,ENC109882,PT11948,K,Potassium,3.6,mmol/L,3.5,5.1,N,STAT,2024-12-09 12:19,2024-12-09 12:48,2024-12-09 14:05
LAB723606,ENC109882,PT11948,A1C,Hemoglobin A1c,11.2,%,4,5.6,H,Routine,2024-12-09 12:18,2024-12-09 12:30,2024-12-09 22:34
LAB723607,ENC109885,PT11912,GLU,Glucose,273,mg/dL,70,99,H,STAT,2024-12-09 13:28,2024-12-09 13:59,2024-12-09 14:57
LAB723608,ENC109885,PT11912,CREAT,Creatinine,1.97,mg/dL,0.6,1.3,H,STAT,2024-12-09 13:39,2024-12-09 13:47,2024-12-09 15:02
LAB723609,ENC109885,PT11912,WBC,White Blood Cell Count,19.7,K/uL,4.5,11,H,STAT,2024-12-09 13:47,2024-12-09 14:04,2024-12-09 14:41
LAB723610,ENC109885,PT11912,HGB,Hemoglobin,14,g/dL,12,17.5,N,Routine,2024-12-09 13:16,2024-12-09 13:42,2024-12-09 18:27
LAB723611,ENC109885,PT11912,LACT,Lactate,3.5,mmol/L,0.5,2,H,STAT,2024-12-09 13:13,2024-12-09 13:30,2024-12-09 14:21
LAB723612,ENC109888,PT12427,LDL,LDL Cholesterol,130,mg/dL,0,99,H,Routine,2024-12-09 10:05,2024-12-09 10:34,2024-12-09 18:24
LAB723613,ENC109888,PT12427,A1C,Hemoglobin A1c,5.5,%,4,5.6,N,Routine,2024-12-09 10:17,2024-12-09 10:47,2024-12-09 18:00
LAB723614,ENC109890,PT11622,GLU,Glucose,157,mg/dL,70,99,H,STAT,2024-12-09 10:32,2024-12-09 10:42,2024-12-09 11:07
LAB723615,ENC109890,PT11622,CREAT,Creatinine,1.22,mg/dL,0.6,1.3,N,STAT,2024-12-09 10:42,2024-12-09 10:56,2024-12-09 12:30
LAB723616,ENC109890,PT11622,WBC,White Blood Cell Count,5.5,K/uL,4.5,11,N,Routine,2024-12-09 11:38,2024-12-09 12:13,2024-12-09 15:50
LAB723617,ENC109890,PT11622,HGB,Hemoglobin,14.3,g/dL,12,17.5,N,Routine,2024-12-09 11:39,2024-12-09 11:47,2024-12-09 14:43
LAB723618,ENC109890,PT11622,LACT,Lactate,1.4,mmol/L,0.5,2,N,STAT,2024-12-09 11:34,2024-12-09 12:04,2024-12-09 12:26
LAB723619,ENC109895,PT13789,GLU,Glucose,90,mg/dL,70,99,N,Routine,2024-12-09 14:30,2024-12-09 15:00,2024-12-09 17:57
LAB723620,ENC109895,PT13789,CREAT,Creatinine,1.92,mg/dL,0.6,1.3,H,STAT,2024-12-09 14:29,2024-12-09 14:41,2024-12-09 15:17
LAB723621,ENC109895,PT13789,WBC,White Blood Cell Count,6.6,K/uL,4.5,11,N,Routine,2024-12-09 14:47,2024-12-09 15:15,2024-12-09 17:13
LAB723622,ENC109895,PT13789,HGB,Hemoglobin,7.5,g/dL,12,17.5,L,Routine,2024-12-09 15:07,2024-12-09 15:32,2024-12-09 17:46
LAB723623,ENC109895,PT13789,NA,Sodium,119,mmol/L,136,145,LL,STAT,2024-12-09 14:42,2024-12-09 15:02,2024-12-09 15:48
LAB723624,ENC109895,PT13789,K,Potassium,4.6,mmol/L,3.5,5.1,N,STAT,2024-12-09 14:08,2024-12-09 14:12,2024-12-09 15:07
LAB723625,ENC109896,PT11278,GLU,Glucose,132,mg/dL,70,99,H,Routine,2024-12-09 16:53,2024-12-09 17:15,2024-12-09 21:46
LAB723626,ENC109896,PT11278,CREAT,Creatinine,2.44,mg/dL,0.6,1.3,H,STAT,2024-12-09 17:41,2024-12-09 18:08,2024-12-09 19:29
LAB723627,ENC109896,PT11278,WBC,White Blood Cell Count,7.7,K/uL,4.5,11,N,STAT,2024-12-09 17:41,2024-12-09 17:47,2024-12-09 18:14
LAB723628,ENC109896,PT11278,HGB,Hemoglobin,11.4,g/dL,12,17.5,L,Routine,2024-12-09 17:41,2024-12-09 17:48,2024-12-09 18:47
LAB723629,ENC109896,PT11278,NA,Sodium,140,mmol/L,136,145,N,STAT,2024-12-09 17:08,2024-12-09 17:14,2024-12-09 18:06
LAB723630,ENC109896,PT11278,K,Potassium,4.9,mmol/L,3.5,5.1,N,STAT,2024-12-09 16:48,2024-12-09 17:07,2024-12-09 19:00
LAB723631,ENC109897,PT13925,GLU,Glucose,140,mg/dL,70,99,H,STAT,2024-12-09 13:10,2024-12-09 13:25,2024-12-09 14:02
LAB723632,ENC109897,PT13925,CREAT,Creatinine,0.98,mg/dL,0.6,1.3,N,Routine,2024-12-09 12:16,2024-12-09 12:29,2024-12-09 15:50
LAB723633,ENC109897,PT13925,WBC,White Blood Cell Count,13.3,K/uL,4.5,11,H,Routine,2024-12-09 13:10,2024-12-09 13:21,2024-12-09 16:41
LAB723634,ENC109897,PT13925,HGB,Hemoglobin,15.8,g/dL,12,17.5,N,STAT,2024-12-09 12:10,2024-12-09 12:41,2024-12-09 13:17
LAB723635,ENC109900,PT13552,INR,Prothrombin Time INR,1.1,ratio,0.8,1.2,N,Routine,2024-12-09 14:08,2024-12-09 14:12,2024-12-09 17:55
LAB723636,ENC109901,PT12861,GLU,Glucose,107,mg/dL,70,99,H,STAT,2024-12-09 15:26,2024-12-09 15:32,2024-12-09 16:03
LAB723637,ENC109901,PT12861,CREAT,Creatinine,0.87,mg/dL,0.6,1.3,N,STAT,2024-12-09 14:53,2024-12-09 15:12,2024-12-09 15:39
LAB723638,ENC109901,PT12861,WBC,White Blood Cell Count,6.7,K/uL,4.5,11,N,STAT,2024-12-09 14:57,2024-12-09 15:15,2024-12-09 16:09
LAB723639,ENC109901,PT12861,HGB,Hemoglobin,16.7,g/dL,12,17.5,N,STAT,2024-12-09 14:51,2024-12-09 15:07,2024-12-09 16:36
LAB723640,ENC109902,PT13169,GLU,Glucose,96,mg/dL,70,99,N,Routine,2024-12-09 15:44,2024-12-09 16:02,2024-12-09 17:48
LAB723641,ENC109902,PT13169,CREAT,Creatinine,1.09,mg/dL,0.6,1.3,N,Routine,2024-12-09 15:47,2024-12-09 15:56,2024-12-09 17:17
LAB723642,ENC109902,PT13169,WBC,White Blood Cell Count,7.3,K/uL,4.5,11,N,STAT,2024-12-09 15:26,2024-12-09 16:00,2024-12-09 16:57
LAB723643,ENC109902,PT13169,HGB,Hemoglobin,11.7,g/dL,12,17.5,L,Routine,2024-12-09 15:45,2024-12-09 15:51,2024-12-09 20:02
LAB723644,ENC109904,PT10526,GLU,Glucose,92,mg/dL,70,99,N,Routine,2024-12-09 16:16,2024-12-09 16:21,2024-12-09 19:08
LAB723645,ENC109904,PT10526,CREAT,Creatinine,1.42,mg/dL,0.6,1.3,H,STAT,2024-12-09 16:04,2024-12-09 16:10,2024-12-09 16:44
LAB723646,ENC109904,PT10526,WBC,White Blood Cell Count,9,K/uL,4.5,11,N,STAT,2024-12-09 16:50,2024-12-09 17:04,2024-12-09 17:47
LAB723647,ENC109904,PT10526,HGB,Hemoglobin,12.6,g/dL,12,17.5,N,STAT,2024-12-09 16:20,2024-12-09 16:54,2024-12-09 17:38
LAB723648,ENC109904,PT10526,NA,Sodium,138,mmol/L,136,145,N,STAT,2024-12-09 17:01,2024-12-09 17:35,2024-12-09 18:10
LAB723649,ENC109904,PT10526,K,Potassium,3.4,mmol/L,3.5,5.1,L,STAT,2024-12-09 16:06,2024-12-09 16:33,2024-12-09 17:24
LAB723650,ENC109904,PT10526,TROP,"Troponin I, High Sensitivity",12,ng/L,0,34,N,STAT,2024-12-09 16:13,2024-12-09 16:28,2024-12-09 17:23
LAB723651,ENC109904,PT10526,BNP,B-Type Natriuretic Peptide,1858,pg/mL,0,100,H,STAT,2024-12-09 16:21,2024-12-09 16:50,2024-12-09 17:20
LAB723652,ENC109905,PT12912,LDL,LDL Cholesterol,142,mg/dL,0,99,H,Routine,2024-12-09 16:21,2024-12-09 16:36,2024-12-10 02:49
LAB723653,ENC109907,PT12486,LDL,LDL Cholesterol,117,mg/dL,0,99,H,Routine,2024-12-09 16:49,2024-12-09 17:21,2024-12-10 11:32
LAB723654,ENC109908,PT11904,GLU,Glucose,87,mg/dL,70,99,N,STAT,2024-12-09 18:31,2024-12-09 18:37,2024-12-09 19:36
LAB723655,ENC109908,PT11904,CREAT,Creatinine,0.97,mg/dL,0.6,1.3,N,STAT,2024-12-09 18:08,2024-12-09 18:19,2024-12-09 19:21
LAB723656,ENC109908,PT11904,WBC,White Blood Cell Count,7.6,K/uL,4.5,11,N,STAT,2024-12-09 18:29,2024-12-09 18:49,2024-12-09 20:32
LAB723657,ENC109910,PT11711,GLU,Glucose,129,mg/dL,70,99,H,Routine,2024-12-09 20:20,2024-12-09 20:35,2024-12-10 01:15
LAB723658,ENC109910,PT11711,CREAT,Creatinine,0.93,mg/dL,0.6,1.3,N,STAT,2024-12-09 20:33,2024-12-09 21:03,2024-12-09 22:07
LAB723659,ENC109910,PT11711,WBC,White Blood Cell Count,9.1,K/uL,4.5,11,N,Routine,2024-12-09 20:38,2024-12-09 21:03,2024-12-10 00:20
LAB723660,ENC109910,PT11711,HGB,Hemoglobin,14.3,g/dL,12,17.5,N,STAT,2024-12-09 20:32,2024-12-09 20:57,2024-12-09 21:18
LAB723661,ENC109910,PT11711,NA,Sodium,139,mmol/L,136,145,N,STAT,2024-12-09 20:48,2024-12-09 21:21,2024-12-09 21:57
LAB723662,ENC109910,PT11711,K,Potassium,3.6,mmol/L,3.5,5.1,N,STAT,2024-12-09 21:09,2024-12-09 21:33,2024-12-09 22:18
LAB723663,ENC109912,PT13961,GLU,Glucose,232,mg/dL,70,99,H,Routine,2024-12-09 22:10,2024-12-09 22:19,2024-12-10 00:42
LAB723664,ENC109912,PT13961,CREAT,Creatinine,0.87,mg/dL,0.6,1.3,N,STAT,2024-12-09 22:17,2024-12-09 22:48,2024-12-09 23:29
LAB723665,ENC109912,PT13961,WBC,White Blood Cell Count,7.2,K/uL,4.5,11,N,STAT,2024-12-09 22:24,2024-12-09 22:31,2024-12-09 23:01
LAB723666,ENC109912,PT13961,HGB,Hemoglobin,10.6,g/dL,12,17.5,L,Routine,2024-12-09 21:54,2024-12-09 21:58,2024-12-10 00:00
LAB723667,ENC109914,PT13735,GLU,Glucose,125,mg/dL,70,99,H,Routine,2024-12-09 22:39,2024-12-09 23:01,2024-12-10 02:34
LAB723668,ENC109914,PT13735,CREAT,Creatinine,0.73,mg/dL,0.6,1.3,N,Routine,2024-12-09 22:43,2024-12-09 23:04,2024-12-10 00:46
LAB723669,ENC109914,PT13735,WBC,White Blood Cell Count,5.1,K/uL,4.5,11,N,STAT,2024-12-09 22:05,2024-12-09 22:17,2024-12-09 22:44
LAB723670,ENC109915,PT10826,GLU,Glucose,79,mg/dL,70,99,N,Routine,2024-12-10 01:15,2024-12-10 01:32,2024-12-10 02:44
LAB723671,ENC109915,PT10826,CREAT,Creatinine,0.6,mg/dL,0.6,1.3,N,Routine,2024-12-10 01:04,2024-12-10 01:23,2024-12-10 03:34
LAB723672,ENC109915,PT10826,WBC,White Blood Cell Count,7.5,K/uL,4.5,11,N,STAT,2024-12-10 01:16,2024-12-10 01:46,2024-12-10 02:06
LAB723673,ENC109915,PT10826,HGB,Hemoglobin,13.4,g/dL,12,17.5,N,STAT,2024-12-10 00:34,2024-12-10 00:54,2024-12-10 01:44
LAB723674,ENC109916,PT10120,GLU,Glucose,108,mg/dL,70,99,H,Routine,2024-12-10 00:46,2024-12-10 01:18,2024-12-10 05:49
LAB723675,ENC109916,PT10120,CREAT,Creatinine,0.73,mg/dL,0.6,1.3,N,Routine,2024-12-10 01:19,2024-12-10 01:31,2024-12-10 09:08
LAB723676,ENC109916,PT10120,WBC,White Blood Cell Count,13.2,K/uL,4.5,11,H,STAT,2024-12-10 01:04,2024-12-10 01:26,2024-12-10 01:54
LAB723677,ENC109916,PT10120,HGB,Hemoglobin,13.3,g/dL,12,17.5,N,STAT,2024-12-10 01:22,2024-12-10 01:47,2024-12-10 02:20
LAB723678,ENC109917,PT12490,GLU,Glucose,110,mg/dL,70,99,H,Routine,2024-12-10 06:15,2024-12-10 06:34,2024-12-10 08:56
LAB723679,ENC109917,PT12490,CREAT,Creatinine,1.78,mg/dL,0.6,1.3,H,STAT,2024-12-10 06:25,2024-12-10 06:38,2024-12-10 07:03
LAB723680,ENC109917,PT12490,WBC,White Blood Cell Count,4.5,K/uL,4.5,11,N,STAT,2024-12-10 06:11,2024-12-10 06:38,2024-12-10 07:01
LAB723681,ENC109917,PT12490,HGB,Hemoglobin,11.6,g/dL,12,17.5,L,STAT,2024-12-10 06:00,2024-12-10 06:11,2024-12-10 06:54
LAB723682,ENC109917,PT12490,BUN,Blood Urea Nitrogen,13,mg/dL,7,20,N,Routine,2024-12-10 06:42,2024-12-10 07:07,2024-12-10 09:36
LAB723683,ENC109917,PT12490,PLT,Platelet Count,278,K/uL,150,400,N,STAT,2024-12-10 06:23,2024-12-10 06:43,2024-12-10 07:52
LAB723684,ENC109918,PT13298,INR,Prothrombin Time INR,1.4,ratio,0.8,1.2,H,STAT,2024-12-10 05:18,2024-12-10 05:48,2024-12-10 06:34
LAB723685,ENC109920,PT13686,GLU,Glucose,50,mg/dL,70,99,L,STAT,2024-12-10 08:14,2024-12-10 08:48,2024-12-10 09:47
LAB723686,ENC109920,PT13686,CREAT,Creatinine,0.47,mg/dL,0.6,1.3,L,Routine,2024-12-10 08:56,2024-12-10 09:11,2024-12-10 10:14
LAB723687,ENC109920,PT13686,WBC,White Blood Cell Count,7.2,K/uL,4.5,11,N,Routine,2024-12-10 08:53,2024-12-10 09:15,2024-12-10 11:20
LAB723688,ENC109920,PT13686,HGB,Hemoglobin,17.1,g/dL,12,17.5,N,STAT,2024-12-10 08:06,2024-12-10 08:12,2024-12-10 09:20
LAB723689,ENC109920,PT13686,INR,Prothrombin Time INR,1.1,ratio,0.8,1.2,N,STAT,2024-12-10 09:06,2024-12-10 09:36,2024-12-10 10:06
LAB723690,ENC109923,PT13311,TROP,"Troponin I, High Sensitivity",8,ng/L,0,34,N,STAT,2024-12-10 10:27,2024-12-10 10:59,2024-12-10 11:14
LAB723691,ENC109928,PT10931,LDL,LDL Cholesterol,129,mg/dL,0,99,H,Routine,2024-12-10 10:54,2024-12-10 11:18,2024-12-11 15:09
LAB723692,ENC109928,PT10931,A1C,Hemoglobin A1c,8.6,%,4,5.6,H,Routine,2024-12-10 11:07,2024-12-10 11:33,2024-12-11 03:11
LAB723693,ENC109930,PT10897,GLU,Glucose,102,mg/dL,70,99,H,Routine,2024-12-10 12:59,2024-12-10 13:28,2024-12-10 15:25
LAB723694,ENC109930,PT10897,CREAT,Creatinine,0.76,mg/dL,0.6,1.3,N,STAT,2024-12-10 14:04,2024-12-10 14:17,2024-12-10 14:48
LAB723695,ENC109930,PT10897,WBC,White Blood Cell Count,9.6,K/uL,4.5,11,N,STAT,2024-12-10 13:02,2024-12-10 13:14,2024-12-10 14:27
LAB723696,ENC109930,PT10897,HGB,Hemoglobin,14.3,g/dL,12,17.5,N,STAT,2024-12-10 13:39,2024-12-10 14:08,2024-12-10 14:42
LAB723697,ENC109931,PT11574,GLU,Glucose,100,mg/dL,70,99,H,STAT,2024-12-10 12:00,2024-12-10 12:06,2024-12-10 13:24
LAB723698,ENC109931,PT11574,CREAT,Creatinine,1.37,mg/dL,0.6,1.3,H,Routine,2024-12-10 11:57,2024-12-10 12:20,2024-12-10 17:00
LAB723699,ENC109931,PT11574,WBC,White Blood Cell Count,5.5,K/uL,4.5,11,N,STAT,2024-12-10 12:16,2024-12-10 12:24,2024-12-10 12:46
LAB723700,ENC109931,PT11574,HGB,Hemoglobin,13.2,g/dL,12,17.5,N,Routine,2024-12-10 11:47,2024-12-10 11:59,2024-12-10 13:15
LAB723701,ENC109931,PT11574,TROP,"Troponin I, High Sensitivity",6,ng/L,0,34,N,STAT,2024-12-10 12:00,2024-12-10 12:35,2024-12-10 13:06
LAB723702,ENC109933,PT12926,GLU,Glucose,101,mg/dL,70,99,H,STAT,2024-12-10 12:16,2024-12-10 12:31,2024-12-10 13:37
LAB723703,ENC109933,PT12926,CREAT,Creatinine,0.46,mg/dL,0.6,1.3,L,STAT,2024-12-10 11:36,2024-12-10 12:05,2024-12-10 12:56
LAB723704,ENC109933,PT12926,WBC,White Blood Cell Count,8.1,K/uL,4.5,11,N,Routine,2024-12-10 11:53,2024-12-10 12:11,2024-12-10 16:43
LAB723705,ENC109933,PT12926,HGB,Hemoglobin,13.7,g/dL,12,17.5,N,Routine,2024-12-10 11:31,2024-12-10 11:44,2024-12-10 15:06
LAB723706,ENC109934,PT10334,TROP,"Troponin I, High Sensitivity",3,ng/L,0,34,N,STAT,2024-12-10 11:44,2024-12-10 12:00,2024-12-10 12:41
LAB723707,ENC109938,PT11354,GLU,Glucose,203,mg/dL,70,99,H,Routine,2024-12-10 12:16,2024-12-10 12:31,2024-12-10 14:48
LAB723708,ENC109938,PT11354,CREAT,Creatinine,0.67,mg/dL,0.6,1.3,N,Routine,2024-12-10 12:21,2024-12-10 12:39,2024-12-10 15:55
LAB723709,ENC109938,PT11354,WBC,White Blood Cell Count,9,K/uL,4.5,11,N,STAT,2024-12-10 12:04,2024-12-10 12:24,2024-12-10 12:55
LAB723710,ENC109938,PT11354,HGB,Hemoglobin,13.4,g/dL,12,17.5,N,STAT,2024-12-10 12:15,2024-12-10 12:19,2024-12-10 12:54
LAB723711,ENC109943,PT12173,GLU,Glucose,99,mg/dL,70,99,N,Routine,2024-12-10 16:21,2024-12-10 16:46,2024-12-10 22:05
LAB723712,ENC109943,PT12173,CREAT,Creatinine,0.84,mg/dL,0.6,1.3,N,STAT,2024-12-10 17:03,2024-12-10 17:21,2024-12-10 18:20
LAB723713,ENC109943,PT12173,WBC,White Blood Cell Count,6.1,K/uL,4.5,11,N,STAT,2024-12-10 16:45,2024-12-10 17:02,2024-12-10 17:30
LAB723714,ENC109943,PT12173,HGB,Hemoglobin,13.9,g/dL,12,17.5,N,STAT,2024-12-10 17:04,2024-12-10 17:12,2024-12-10 17:54
LAB723715,ENC109943,PT12173,INR,Prothrombin Time INR,1,ratio,0.8,1.2,N,STAT,2024-12-10 17:02,2024-12-10 17:32,2024-12-10 18:10
LAB723716,ENC109946,PT12801,A1C,Hemoglobin A1c,5.1,%,4,5.6,N,Routine,2024-12-10 13:54,2024-12-10 14:06,2024-12-10 21:33
LAB723717,ENC109946,PT12801,GLU,Glucose,108,mg/dL,70,99,H,Routine,2024-12-10 13:56,2024-12-10 14:11,2024-12-10 16:17
LAB723718,ENC109946,PT12801,CREAT,Creatinine,1.22,mg/dL,0.6,1.3,N,Routine,2024-12-10 14:11,2024-12-10 14:26,2024-12-10 16:39
LAB723719,ENC109948,PT10912,LDL,LDL Cholesterol,78,mg/dL,0,99,N,Routine,2024-12-10 13:51,2024-12-10 14:16,2024-12-10 23:48
LAB723720,ENC109949,PT10408,GLU,Glucose,115,mg/dL,70,99,H,STAT,2024-12-10 14:37,2024-12-10 14:49,2024-12-10 16:25
LAB723721,ENC109949,PT10408,CREAT,Creatinine,1.53,mg/dL,0.6,1.3,H,STAT,2024-12-10 14:47,2024-12-10 14:55,2024-12-10 16:04
LAB723722,ENC109949,PT10408,WBC,White Blood Cell Count,7.2,K/uL,4.5,11,N,Routine,2024-12-10 15:00,2024-12-10 15:17,2024-12-10 18:08
LAB723723,ENC109949,PT10408,HGB,Hemoglobin,13.5,g/dL,12,17.5,N,STAT,2024-12-10 14:41,2024-12-10 15:01,2024-12-10 16:14
LAB723724,ENC109949,PT10408,BUN,Blood Urea Nitrogen,13,mg/dL,7,20,N,STAT,2024-12-10 15:22,2024-12-10 15:52,2024-12-10 16:23
LAB723725,ENC109949,PT10408,PLT,Platelet Count,274,K/uL,150,400,N,STAT,2024-12-10 15:19,2024-12-10 15:24,2024-12-10 15:59
LAB723726,ENC109950,PT10190,TROP,"Troponin I, High Sensitivity",8,ng/L,0,34,N,STAT,2024-12-10 14:39,2024-12-10 14:55,2024-12-10 15:43
LAB723727,ENC109953,PT10639,LDL,LDL Cholesterol,150,mg/dL,0,99,H,Routine,2024-12-10 14:53,2024-12-10 15:27,2024-12-11 14:43
LAB723728,ENC109953,PT10639,TSH,Thyroid Stimulating Hormone,2.47,mIU/L,0.4,4,N,Routine,2024-12-10 15:00,2024-12-10 15:19,2024-12-11 07:11
LAB723729,ENC109956,PT11776,GLU,Glucose,124,mg/dL,70,99,H,STAT,2024-12-10 16:45,2024-12-10 16:51,2024-12-10 17:50
LAB723730,ENC109956,PT11776,CREAT,Creatinine,0.7,mg/dL,0.6,1.3,N,Routine,2024-12-10 16:27,2024-12-10 16:43,2024-12-10 18:38
LAB723731,ENC109958,PT11879,GLU,Glucose,81,mg/dL,70,99,N,STAT,2024-12-10 16:53,2024-12-10 17:21,2024-12-10 18:15
LAB723732,ENC109958,PT11879,CREAT,Creatinine,1.16,mg/dL,0.6,1.3,N,STAT,2024-12-10 16:50,2024-12-10 17:03,2024-12-10 17:47
LAB723733,ENC109958,PT11879,WBC,White Blood Cell Count,5.8,K/uL,4.5,11,N,Routine,2024-12-10 17:22,2024-12-10 17:26,2024-12-10 18:56
LAB723734,ENC109958,PT11879,HGB,Hemoglobin,11.9,g/dL,12,17.5,L,Routine,2024-12-10 16:51,2024-12-10 17:16,2024-12-11 05:51
LAB723735,ENC109959,PT10415,GLU,Glucose,130,mg/dL,70,99,H,STAT,2024-12-10 17:04,2024-12-10 17:18,2024-12-10 18:04
LAB723736,ENC109959,PT10415,CREAT,Creatinine,0.3,mg/dL,0.6,1.3,L,STAT,2024-12-10 17:02,2024-12-10 17:33,2024-12-10 18:15
LAB723737,ENC109961,PT10691,GLU,Glucose,91,mg/dL,70,99,N,Routine,2024-12-10 22:04,2024-12-10 22:37,2024-12-11 00:12
LAB723738,ENC109961,PT10691,CREAT,Creatinine,0.53,mg/dL,0.6,1.3,L,STAT,2024-12-10 21:33,2024-12-10 21:49,2024-12-10 22:46
LAB723739,ENC109961,PT10691,WBC,White Blood Cell Count,6,K/uL,4.5,11,N,STAT,2024-12-10 21:07,2024-12-10 21:32,2024-12-10 22:14
LAB723740,ENC109961,PT10691,HGB,Hemoglobin,16.3,g/dL,12,17.5,N,STAT,2024-12-10 21:25,2024-12-10 21:40,2024-12-10 22:50
LAB723741,ENC109961,PT10691,NA,Sodium,138,mmol/L,136,145,N,STAT,2024-12-10 21:08,2024-12-10 21:41,2024-12-10 22:19
LAB723742,ENC109961,PT10691,K,Potassium,4.5,mmol/L,3.5,5.1,N,STAT,2024-12-10 21:38,2024-12-10 21:42,2024-12-10 22:25
LAB723743,ENC109961,PT10691,INR,Prothrombin Time INR,1,ratio,0.8,1.2,N,STAT,2024-12-10 22:10,2024-12-10 22:18,2024-12-10 23:21
LAB723744,ENC109963,PT12680,GLU,Glucose,117,mg/dL,70,99,H,STAT,2024-12-10 21:32,2024-12-10 21:51,2024-12-10 22:12
LAB723745,ENC109963,PT12680,CREAT,Creatinine,0.51,mg/dL,0.6,1.3,L,STAT,2024-12-10 22:25,2024-12-10 22:44,2024-12-10 23:28
LAB723746,ENC109963,PT12680,WBC,White Blood Cell Count,7.6,K/uL,4.5,11,N,STAT,2024-12-10 21:49,2024-12-10 22:16,2024-12-10 23:02
LAB723747,ENC109963,PT12680,HGB,Hemoglobin,15.3,g/dL,12,17.5,N,Routine,2024-12-10 22:10,2024-12-10 22:20,2024-12-11 01:16
LAB723748,ENC109963,PT12680,NA,Sodium,141,mmol/L,136,145,N,Routine,2024-12-10 21:52,2024-12-10 22:24,2024-12-11 00:52
LAB723749,ENC109963,PT12680,K,Potassium,4.5,mmol/L,3.5,5.1,N,STAT,2024-12-10 21:25,2024-12-10 21:46,2024-12-10 22:46
LAB723750,ENC109964,PT12495,GLU,Glucose,127,mg/dL,70,99,H,STAT,2024-12-11 00:54,2024-12-11 01:13,2024-12-11 01:49
LAB723751,ENC109964,PT12495,CREAT,Creatinine,1.93,mg/dL,0.6,1.3,H,STAT,2024-12-11 00:59,2024-12-11 01:04,2024-12-11 01:55
LAB723752,ENC109964,PT12495,WBC,White Blood Cell Count,20.8,K/uL,4.5,11,H,STAT,2024-12-11 01:34,2024-12-11 01:42,2024-12-11 02:23
LAB723753,ENC109964,PT12495,HGB,Hemoglobin,16.1,g/dL,12,17.5,N,Routine,2024-12-11 01:01,2024-12-11 01:16,2024-12-11 05:32
LAB723754,ENC109964,PT12495,LACT,Lactate,4.5,mmol/L,0.5,2,HH,STAT,2024-12-11 01:09,2024-12-11 01:30,2024-12-11 02:17
LAB723755,ENC109965,PT11928,GLU,Glucose,76,mg/dL,70,99,N,Routine,2024-12-10 22:29,2024-12-10 22:53,2024-12-11 00:53
LAB723756,ENC109965,PT11928,CREAT,Creatinine,0.92,mg/dL,0.6,1.3,N,STAT,2024-12-10 23:34,2024-12-10 23:38,2024-12-11 00:24
LAB723757,ENC109965,PT11928,WBC,White Blood Cell Count,5.8,K/uL,4.5,11,N,STAT,2024-12-10 23:27,2024-12-10 23:33,2024-12-11 00:05
LAB723758,ENC109965,PT11928,HGB,Hemoglobin,13.2,g/dL,12,17.5,N,Routine,2024-12-10 22:44,2024-12-10 22:56,2024-12-11 00:49
LAB723759,ENC109965,PT11928,NA,Sodium,136,mmol/L,136,145,N,Routine,2024-12-10 23:34,2024-12-10 23:52,2024-12-11 04:16
LAB723760,ENC109965,PT11928,K,Potassium,4,mmol/L,3.5,5.1,N,STAT,2024-12-10 23:18,2024-12-10 23:37,2024-12-10 23:59
LAB723761,ENC109966,PT13768,GLU,Glucose,105,mg/dL,70,99,H,STAT,2024-12-11 01:50,2024-12-11 02:04,2024-12-11 02:42
LAB723762,ENC109966,PT13768,CREAT,Creatinine,0.66,mg/dL,0.6,1.3,N,Routine,2024-12-11 02:24,2024-12-11 02:34,2024-12-11 06:01
LAB723763,ENC109966,PT13768,WBC,White Blood Cell Count,18,K/uL,4.5,11,H,STAT,2024-12-11 01:42,2024-12-11 02:01,2024-12-11 02:53
LAB723764,ENC109966,PT13768,HGB,Hemoglobin,9.3,g/dL,12,17.5,L,STAT,2024-12-11 02:04,2024-12-11 02:18,2024-12-11 02:58
LAB723765,ENC109966,PT13768,NA,Sodium,139,mmol/L,136,145,N,Routine,2024-12-11 02:19,2024-12-11 02:48,2024-12-11 05:45
LAB723766,ENC109966,PT13768,K,Potassium,4.6,mmol/L,3.5,5.1,N,STAT,2024-12-11 01:39,2024-12-11 02:03,2024-12-11 02:46
LAB723767,ENC109967,PT11931,GLU,Glucose,115,mg/dL,70,99,H,Routine,2024-12-11 02:41,2024-12-11 02:56,2024-12-11 06:56
LAB723768,ENC109967,PT11931,CREAT,Creatinine,0.98,mg/dL,0.6,1.3,N,STAT,2024-12-11 02:12,2024-12-11 02:31,2024-12-11 02:58
LAB723769,ENC109967,PT11931,WBC,White Blood Cell Count,5.9,K/uL,4.5,11,N,Routine,2024-12-11 02:29,2024-12-11 02:58,2024-12-11 06:16
LAB723770,ENC109967,PT11931,HGB,Hemoglobin,15.6,g/dL,12,17.5,N,Routine,2024-12-11 02:45,2024-12-11 03:17,2024-12-11 06:46
LAB723771,ENC109967,PT11931,NA,Sodium,140,mmol/L,136,145,N,STAT,2024-12-11 02:29,2024-12-11 02:46,2024-12-11 03:41
LAB723772,ENC109967,PT11931,K,Potassium,4.4,mmol/L,3.5,5.1,N,STAT,2024-12-11 02:39,2024-12-11 03:11,2024-12-11 03:47
LAB723773,ENC109968,PT10699,GLU,Glucose,177,mg/dL,70,99,H,STAT,2024-12-11 03:23,2024-12-11 03:47,2024-12-11 04:03
LAB723774,ENC109968,PT10699,CREAT,Creatinine,2.27,mg/dL,0.6,1.3,H,STAT,2024-12-11 02:51,2024-12-11 03:03,2024-12-11 03:50
LAB723775,ENC109968,PT10699,WBC,White Blood Cell Count,7.5,K/uL,4.5,11,N,STAT,2024-12-11 03:32,2024-12-11 03:53,2024-12-11 04:25
LAB723776,ENC109968,PT10699,HGB,Hemoglobin,12.5,g/dL,12,17.5,N,STAT,2024-12-11 02:54,2024-12-11 03:07,2024-12-11 03:40
LAB723777,ENC109969,PT12247,GLU,Glucose,104,mg/dL,70,99,H,STAT,2024-12-11 06:38,2024-12-11 06:56,2024-12-11 07:32
LAB723778,ENC109969,PT12247,CREAT,Creatinine,0.73,mg/dL,0.6,1.3,N,Routine,2024-12-11 06:47,2024-12-11 07:09,2024-12-11 09:49
LAB723779,ENC109969,PT12247,WBC,White Blood Cell Count,6.7,K/uL,4.5,11,N,STAT,2024-12-11 06:24,2024-12-11 06:58,2024-12-11 07:27
LAB723780,ENC109969,PT12247,HGB,Hemoglobin,15,g/dL,12,17.5,N,STAT,2024-12-11 07:03,2024-12-11 07:23,2024-12-11 07:49
LAB723781,ENC109969,PT12247,LACT,Lactate,2,mmol/L,0.5,2,N,STAT,2024-12-11 07:10,2024-12-11 07:43,2024-12-11 08:40
LAB723782,ENC109970,PT13313,GLU,Glucose,113,mg/dL,70,99,H,Routine,2024-12-11 04:41,2024-12-11 04:47,2024-12-11 09:31
LAB723783,ENC109970,PT13313,CREAT,Creatinine,0.43,mg/dL,0.6,1.3,L,STAT,2024-12-11 05:43,2024-12-11 06:00,2024-12-11 06:40
LAB723784,ENC109971,PT10334,GLU,Glucose,125,mg/dL,70,99,H,STAT,2024-12-11 06:00,2024-12-11 06:05,2024-12-11 07:14
LAB723785,ENC109971,PT10334,CREAT,Creatinine,0.97,mg/dL,0.6,1.3,N,Routine,2024-12-11 05:06,2024-12-11 05:23,2024-12-11 07:29
LAB723786,ENC109971,PT10334,WBC,White Blood Cell Count,4.9,K/uL,4.5,11,N,Routine,2024-12-11 05:00,2024-12-11 05:25,2024-12-11 08:16
LAB723787,ENC109971,PT10334,HGB,Hemoglobin,15.8,g/dL,12,17.5,N,STAT,2024-12-11 05:40,2024-12-11 06:06,2024-12-11 06:20
LAB723788,ENC109971,PT10334,NA,Sodium,142,mmol/L,136,145,N,STAT,2024-12-11 05:37,2024-12-11 05:42,2024-12-11 06:56
LAB723789,ENC109971,PT10334,K,Potassium,4.1,mmol/L,3.5,5.1,N,STAT,2024-12-11 05:05,2024-12-11 05:17,2024-12-11 05:48
LAB723790,ENC109975,PT12651,A1C,Hemoglobin A1c,7.3,%,4,5.6,H,Routine,2024-12-11 09:51,2024-12-11 10:11,2024-12-11 18:12
LAB723791,ENC109976,PT10868,GLU,Glucose,116,mg/dL,70,99,H,STAT,2024-12-11 10:57,2024-12-11 11:11,2024-12-11 12:11
LAB723792,ENC109976,PT10868,CREAT,Creatinine,0.84,mg/dL,0.6,1.3,N,STAT,2024-12-11 11:43,2024-12-11 11:50,2024-12-11 12:43
LAB723793,ENC109976,PT10868,WBC,White Blood Cell Count,5.5,K/uL,4.5,11,N,Routine,2024-12-11 11:28,2024-12-11 11:41,2024-12-11 15:51
LAB723794,ENC109976,PT10868,HGB,Hemoglobin,13.3,g/dL,12,17.5,N,Routine,2024-12-11 10:57,2024-12-11 11:27,2024-12-11 14:19
LAB723795,ENC109978,PT11003,GLU,Glucose,101,mg/dL,70,99,H,STAT,2024-12-11 11:07,2024-12-11 11:19,2024-12-11 12:14
LAB723796,ENC109978,PT11003,CREAT,Creatinine,0.45,mg/dL,0.6,1.3,L,STAT,2024-12-11 11:29,2024-12-11 11:46,2024-12-11 12:20
LAB723797,ENC109978,PT11003,WBC,White Blood Cell Count,9.6,K/uL,4.5,11,N,STAT,2024-12-11 11:41,2024-12-11 12:16,2024-12-11 12:42
LAB723798,ENC109978,PT11003,HGB,Hemoglobin,11.2,g/dL,12,17.5,L,Routine,2024-12-11 11:02,2024-12-11 11:26,2024-12-11 15:18
LAB723799,ENC109980,PT11244,GLU,Glucose,112,mg/dL,70,99,H,STAT,2024-12-11 12:30,2024-12-11 12:59,2024-12-11 14:10
LAB723800,ENC109980,PT11244,CREAT,Creatinine,0.4,mg/dL,0.6,1.3,L,STAT,2024-12-11 12:34,2024-12-11 13:07,2024-12-11 14:13
LAB723801,ENC109980,PT11244,WBC,White Blood Cell Count,9.6,K/uL,4.5,11,N,STAT,2024-12-11 12:13,2024-12-11 12:48,2024-12-11 13:53
LAB723802,ENC109986,PT13572,GLU,Glucose,78,mg/dL,70,99,N,STAT,2024-12-11 13:03,2024-12-11 13:19,2024-12-11 14:15
LAB723803,ENC109986,PT13572,CREAT,Creatinine,1.08,mg/dL,0.6,1.3,N,STAT,2024-12-11 13:55,2024-12-11 14:27,2024-12-11 15:11
LAB723804,ENC109990,PT11749,WBC,White Blood Cell Count,8.4,K/uL,4.5,11,N,Routine,2024-12-11 13:53,2024-12-11 14:07,2024-12-11 18:19
LAB723805,ENC109990,PT11749,HGB,Hemoglobin,10.8,g/dL,12,17.5,L,Routine,2024-12-11 14:04,2024-12-11 14:28,2024-12-11 15:47
LAB723806,ENC109990,PT11749,PLT,Platelet Count,268,K/uL,150,400,N,Routine,2024-12-11 13:59,2024-12-11 14:13,2024-12-11 15:21
LAB723807,ENC109991,PT13903,A1C,Hemoglobin A1c,11.3,%,4,5.6,H,Routine,2024-12-11 14:19,2024-12-11 14:33,2024-12-12 01:28
LAB723808,ENC109991,PT13903,GLU,Glucose,404,mg/dL,70,99,H,Routine,2024-12-11 14:13,2024-12-11 14:33,2024-12-11 18:37
LAB723809,ENC109991,PT13903,CREAT,Creatinine,1.01,mg/dL,0.6,1.3,N,Routine,2024-12-11 14:20,2024-12-11 14:41,2024-12-11 20:31
LAB723810,ENC109992,PT12776,GLU,Glucose,105,mg/dL,70,99,H,Routine,2024-12-11 15:16,2024-12-11 15:50,2024-12-11 18:12
LAB723811,ENC109992,PT12776,CREAT,Creatinine,1.07,mg/dL,0.6,1.3,N,Routine,2024-12-11 15:18,2024-12-11 15:25,2024-12-11 19:21
LAB723812,ENC109993,PT11501,LDL,LDL Cholesterol,124,mg/dL,0,99,H,Routine,2024-12-11 14:56,2024-12-11 15:22,2024-12-12 07:45
LAB723813,ENC109994,PT10805,WBC,White Blood Cell Count,9.5,K/uL,4.5,11,N,Routine,2024-12-11 14:36,2024-12-11 15:02,2024-12-11 21:16
LAB723814,ENC109994,PT10805,HGB,Hemoglobin,12.1,g/dL,12,17.5,N,Routine,2024-12-11 14:39,2024-12-11 14:54,2024-12-11 20:27
LAB723815,ENC109994,PT10805,PLT,Platelet Count,174,K/uL,150,400,N,Routine,2024-12-11 14:38,2024-12-11 14:42,2024-12-11 16:38
LAB723816,ENC109995,PT12974,GLU,Glucose,91,mg/dL,70,99,N,STAT,2024-12-11 17:30,2024-12-11 17:38,2024-12-11 18:20
LAB723817,ENC109995,PT12974,CREAT,Creatinine,1.19,mg/dL,0.6,1.3,N,STAT,2024-12-11 17:46,2024-12-11 17:51,2024-12-11 18:21
LAB723818,ENC109995,PT12974,WBC,White Blood Cell Count,7.5,K/uL,4.5,11,N,STAT,2024-12-11 17:50,2024-12-11 18:15,2024-12-11 19:22
LAB723819,ENC109995,PT12974,HGB,Hemoglobin,13.1,g/dL,12,17.5,N,STAT,2024-12-11 17:37,2024-12-11 17:44,2024-12-11 18:26
LAB723820,ENC109995,PT12974,BUN,Blood Urea Nitrogen,13,mg/dL,7,20,N,STAT,2024-12-11 17:42,2024-12-11 17:46,2024-12-11 18:35
LAB723821,ENC109995,PT12974,PLT,Platelet Count,260,K/uL,150,400,N,STAT,2024-12-11 17:38,2024-12-11 17:48,2024-12-11 18:28
LAB723822,ENC109996,PT12696,A1C,Hemoglobin A1c,11.2,%,4,5.6,H,Routine,2024-12-11 16:07,2024-12-11 16:11,2024-12-12 03:13
LAB723823,ENC109997,PT13309,LDL,LDL Cholesterol,115,mg/dL,0,99,H,Routine,2024-12-11 16:11,2024-12-11 16:38,2024-12-12 02:33
LAB723824,ENC109997,PT13309,A1C,Hemoglobin A1c,5.3,%,4,5.6,N,Routine,2024-12-11 16:15,2024-12-11 16:35,2024-12-12 07:25
LAB723825,ENC109997,PT13309,TSH,Thyroid Stimulating Hormone,0.82,mIU/L,0.4,4,N,Routine,2024-12-11 15:57,2024-12-11 16:28,2024-12-12 01:45
LAB723826,ENC110003,PT10974,WBC,White Blood Cell Count,7.7,K/uL,4.5,11,N,Routine,2024-12-11 16:46,2024-12-11 17:04,2024-12-11 23:50
LAB723827,ENC110003,PT10974,HGB,Hemoglobin,11,g/dL,12,17.5,L,Routine,2024-12-11 16:50,2024-12-11 17:10,2024-12-11 20:55
LAB723828,ENC110003,PT10974,PLT,Platelet Count,304,K/uL,150,400,N,Routine,2024-12-11 16:42,2024-12-11 16:49,2024-12-11 19:52
LAB723829,ENC110005,PT11897,TROP,"Troponin I, High Sensitivity",6,ng/L,0,34,N,STAT,2024-12-11 19:54,2024-12-11 20:23,2024-12-11 21:45
LAB723830,ENC110006,PT13021,GLU,Glucose,76,mg/dL,70,99,N,Routine,2024-12-12 00:27,2024-12-12 00:58,2024-12-12 03:41
LAB723831,ENC110006,PT13021,CREAT,Creatinine,1.12,mg/dL,0.6,1.3,N,STAT,2024-12-12 00:01,2024-12-12 00:30,2024-12-12 01:00
LAB723832,ENC110006,PT13021,WBC,White Blood Cell Count,9.1,K/uL,4.5,11,N,STAT,2024-12-12 00:24,2024-12-12 00:44,2024-12-12 01:18
LAB723833,ENC110006,PT13021,HGB,Hemoglobin,13.7,g/dL,12,17.5,N,STAT,2024-12-12 00:22,2024-12-12 00:57,2024-12-12 01:44
LAB723834,ENC110007,PT13464,GLU,Glucose,101,mg/dL,70,99,H,Routine,2024-12-12 03:06,2024-12-12 03:38,2024-12-12 11:18
LAB723835,ENC110007,PT13464,CREAT,Creatinine,1.06,mg/dL,0.6,1.3,N,Routine,2024-12-12 02:14,2024-12-12 02:24,2024-12-12 06:56
LAB723836,ENC110007,PT13464,WBC,White Blood Cell Count,6.6,K/uL,4.5,11,N,STAT,2024-12-12 02:54,2024-12-12 03:22,2024-12-12 03:56
LAB723837,ENC110008,PT13804,TROP,"Troponin I, High Sensitivity",15,ng/L,0,34,N,STAT,2024-12-12 06:24,2024-12-12 06:39,2024-12-12 07:48
LAB723838,ENC110009,PT13331,GLU,Glucose,110,mg/dL,70,99,H,STAT,2024-12-12 08:13,2024-12-12 08:36,2024-12-12 09:24
LAB723839,ENC110009,PT13331,CREAT,Creatinine,0.94,mg/dL,0.6,1.3,N,STAT,2024-12-12 08:49,2024-12-12 08:57,2024-12-12 09:48
LAB723840,ENC110009,PT13331,WBC,White Blood Cell Count,8.4,K/uL,4.5,11,N,STAT,2024-12-12 08:45,2024-12-12 08:54,2024-12-12 09:40
LAB723841,ENC110009,PT13331,HGB,Hemoglobin,13.2,g/dL,12,17.5,N,Routine,2024-12-12 08:03,2024-12-12 08:19,2024-12-12 10:47
LAB723842,ENC110009,PT13331,NA,Sodium,135,mmol/L,136,145,L,Routine,2024-12-12 07:56,2024-12-12 08:09,2024-12-12 11:44
LAB723843,ENC110009,PT13331,K,Potassium,4.1,mmol/L,3.5,5.1,N,STAT,2024-12-12 08:47,2024-12-12 09:19,2024-12-12 10:01
LAB723844,ENC110010,PT12233,WBC,White Blood Cell Count,7.3,K/uL,4.5,11,N,Routine,2024-12-12 08:15,2024-12-12 08:47,2024-12-12 10:23
LAB723845,ENC110010,PT12233,HGB,Hemoglobin,14.2,g/dL,12,17.5,N,Routine,2024-12-12 08:20,2024-12-12 08:47,2024-12-12 10:03
LAB723846,ENC110010,PT12233,PLT,Platelet Count,341,K/uL,150,400,N,Routine,2024-12-12 08:30,2024-12-12 09:01,2024-12-12 09:58
LAB723847,ENC110011,PT10135,GLU,Glucose,249,mg/dL,70,99,H,STAT,2024-12-12 08:35,2024-12-12 09:08,2024-12-12 09:33
LAB723848,ENC110011,PT10135,CREAT,Creatinine,1.01,mg/dL,0.6,1.3,N,Routine,2024-12-12 08:34,2024-12-12 08:43,2024-12-12 10:56
LAB723849,ENC110013,PT12500,GLU,Glucose,91,mg/dL,70,99,N,STAT,2024-12-12 12:22,2024-12-12 12:28,2024-12-12 13:03
LAB723850,ENC110013,PT12500,CREAT,Creatinine,1.14,mg/dL,0.6,1.3,N,STAT,2024-12-12 12:43,2024-12-12 12:48,2024-12-12 13:26
LAB723851,ENC110013,PT12500,WBC,White Blood Cell Count,8.7,K/uL,4.5,11,N,STAT,2024-12-12 12:45,2024-12-12 13:04,2024-12-12 13:39
LAB723852,ENC110013,PT12500,HGB,Hemoglobin,12,g/dL,12,17.5,N,Routine,2024-12-12 11:59,2024-12-12 12:34,2024-12-12 18:00
LAB723853,ENC110013,PT12500,INR,Prothrombin Time INR,1,ratio,0.8,1.2,N,STAT,2024-12-12 11:58,2024-12-12 12:07,2024-12-12 12:57
LAB723854,ENC110017,PT10919,GLU,Glucose,162,mg/dL,70,99,H,Routine,2024-12-12 15:22,2024-12-12 15:31,2024-12-12 16:34
LAB723855,ENC110017,PT10919,CREAT,Creatinine,0.8,mg/dL,0.6,1.3,N,Routine,2024-12-12 15:18,2024-12-12 15:50,2024-12-13 00:04
LAB723856,ENC110017,PT10919,WBC,White Blood Cell Count,6.6,K/uL,4.5,11,N,STAT,2024-12-12 15:16,2024-12-12 15:43,2024-12-12 16:35
LAB723857,ENC110017,PT10919,HGB,Hemoglobin,11.7,g/dL,12,17.5,L,STAT,2024-12-12 16:00,2024-12-12 16:06,2024-12-12 16:58
LAB723858,ENC110018,PT12753,GLU,Glucose,97,mg/dL,70,99,N,Routine,2024-12-12 16:41,2024-12-12 17:03,2024-12-12 20:13
LAB723859,ENC110018,PT12753,CREAT,Creatinine,0.41,mg/dL,0.6,1.3,L,STAT,2024-12-12 16:18,2024-12-12 16:35,2024-12-12 17:06
LAB723860,ENC110018,PT12753,WBC,White Blood Cell Count,9.5,K/uL,4.5,11,N,STAT,2024-12-12 16:51,2024-12-12 16:59,2024-12-12 17:23
LAB723861,ENC110018,PT12753,HGB,Hemoglobin,15.8,g/dL,12,17.5,N,Routine,2024-12-12 16:57,2024-12-12 17:10,2024-12-12 18:45
LAB723862,ENC110018,PT12753,BUN,Blood Urea Nitrogen,7,mg/dL,7,20,N,Routine,2024-12-12 15:54,2024-12-12 16:27,2024-12-12 19:22
LAB723863,ENC110018,PT12753,PLT,Platelet Count,359,K/uL,150,400,N,STAT,2024-12-12 16:12,2024-12-12 16:47,2024-12-12 18:00
LAB723864,ENC110020,PT13886,GLU,Glucose,180,mg/dL,70,99,H,STAT,2024-12-12 12:13,2024-12-12 12:23,2024-12-12 12:49
LAB723865,ENC110020,PT13886,CREAT,Creatinine,1.3,mg/dL,0.6,1.3,N,Routine,2024-12-12 12:25,2024-12-12 12:36,2024-12-12 14:26
LAB723866,ENC110020,PT13886,WBC,White Blood Cell Count,4.9,K/uL,4.5,11,N,STAT,2024-12-12 12:31,2024-12-12 13:05,2024-12-12 13:41
LAB723867,ENC110020,PT13886,HGB,Hemoglobin,14.1,g/dL,12,17.5,N,STAT,2024-12-12 12:02,2024-12-12 12:06,2024-12-12 12:51
LAB723868,ENC110022,PT13598,GLU,Glucose,157,mg/dL,70,99,H,Routine,2024-12-12 12:35,2024-12-12 12:54,2024-12-12 15:17
LAB723869,ENC110022,PT13598,CREAT,Creatinine,0.78,mg/dL,0.6,1.3,N,Routine,2024-12-12 12:53,2024-12-12 13:19,2024-12-12 14:57
LAB723870,ENC110022,PT13598,WBC,White Blood Cell Count,7.9,K/uL,4.5,11,N,Routine,2024-12-12 13:15,2024-12-12 13:24,2024-12-12 19:31
LAB723871,ENC110022,PT13598,HGB,Hemoglobin,15.9,g/dL,12,17.5,N,STAT,2024-12-12 12:36,2024-12-12 12:52,2024-12-12 13:36
LAB723872,ENC110024,PT13943,GLU,Glucose,73,mg/dL,70,99,N,STAT,2024-12-12 15:11,2024-12-12 15:22,2024-12-12 16:03
LAB723873,ENC110024,PT13943,CREAT,Creatinine,1.85,mg/dL,0.6,1.3,H,STAT,2024-12-12 15:12,2024-12-12 15:27,2024-12-12 16:46
LAB723874,ENC110024,PT13943,WBC,White Blood Cell Count,12.5,K/uL,4.5,11,H,Routine,2024-12-12 15:28,2024-12-12 15:40,2024-12-12 20:48
LAB723875,ENC110024,PT13943,HGB,Hemoglobin,9.1,g/dL,12,17.5,L,Routine,2024-12-12 15:52,2024-12-12 16:03,2024-12-12 19:08
LAB723876,ENC110029,PT10971,A1C,Hemoglobin A1c,8,%,4,5.6,H,Routine,2024-12-12 13:27,2024-12-12 13:46,2024-12-14 00:29
LAB723877,ENC110029,PT10971,GLU,Glucose,289,mg/dL,70,99,H,Routine,2024-12-12 13:28,2024-12-12 13:48,2024-12-12 15:16
LAB723878,ENC110029,PT10971,CREAT,Creatinine,0.78,mg/dL,0.6,1.3,N,Routine,2024-12-12 13:23,2024-12-12 13:38,2024-12-12 18:51
LAB723879,ENC110030,PT13168,GLU,Glucose,128,mg/dL,70,99,H,Routine,2024-12-12 17:14,2024-12-12 17:26,2024-12-12 20:04
LAB723880,ENC110030,PT13168,CREAT,Creatinine,0.7,mg/dL,0.6,1.3,N,Routine,2024-12-12 17:03,2024-12-12 17:17,2024-12-12 21:16
LAB723881,ENC110030,PT13168,WBC,White Blood Cell Count,7.5,K/uL,4.5,11,N,STAT,2024-12-12 17:01,2024-12-12 17:16,2024-12-12 17:56
LAB723882,ENC110030,PT13168,HGB,Hemoglobin,13.8,g/dL,12,17.5,N,Routine,2024-12-12 16:55,2024-12-12 17:18,2024-12-12 20:58
LAB723883,ENC110030,PT13168,NA,Sodium,124,mmol/L,136,145,L,STAT,2024-12-12 17:24,2024-12-12 17:36,2024-12-12 18:28
LAB723884,ENC110030,PT13168,K,Potassium,4.6,mmol/L,3.5,5.1,N,STAT,2024-12-12 17:37,2024-12-12 17:48,2024-12-12 18:09
LAB723885,ENC110030,PT13168,BUN,Blood Urea Nitrogen,12,mg/dL,7,20,N,STAT,2024-12-12 17:26,2024-12-12 17:33,2024-12-12 18:21
LAB723886,ENC110030,PT13168,PLT,Platelet Count,308,K/uL,150,400,N,Routine,2024-12-12 17:31,2024-12-12 18:03,2024-12-12 19:34
LAB723887,ENC110031,PT12400,GLU,Glucose,112,mg/dL,70,99,H,STAT,2024-12-12 14:24,2024-12-12 14:38,2024-12-12 15:29
LAB723888,ENC110031,PT12400,CREAT,Creatinine,0.84,mg/dL,0.6,1.3,N,Routine,2024-12-12 14:15,2024-12-12 14:41,2024-12-12 17:15
LAB723889,ENC110031,PT12400,WBC,White Blood Cell Count,7.2,K/uL,4.5,11,N,STAT,2024-12-12 14:50,2024-12-12 15:22,2024-12-12 16:11
LAB723890,ENC110031,PT12400,HGB,Hemoglobin,10.6,g/dL,12,17.5,L,Routine,2024-12-12 13:54,2024-12-12 14:07,2024-12-12 16:59
LAB723891,ENC110031,PT12400,TROP,"Troponin I, High Sensitivity",10,ng/L,0,34,N,STAT,2024-12-12 14:03,2024-12-12 14:33,2024-12-12 15:26
LAB723892,ENC110032,PT12600,GLU,Glucose,117,mg/dL,70,99,H,STAT,2024-12-12 14:07,2024-12-12 14:35,2024-12-12 15:12
LAB723893,ENC110032,PT12600,CREAT,Creatinine,0.67,mg/dL,0.6,1.3,N,STAT,2024-12-12 15:05,2024-12-12 15:33,2024-12-12 16:08
LAB723894,ENC110032,PT12600,WBC,White Blood Cell Count,6.1,K/uL,4.5,11,N,Routine,2024-12-12 14:09,2024-12-12 14:34,2024-12-12 17:09
LAB723895,ENC110032,PT12600,HGB,Hemoglobin,14.4,g/dL,12,17.5,N,Routine,2024-12-12 14:13,2024-12-12 14:48,2024-12-12 16:48
LAB723896,ENC110034,PT12984,GLU,Glucose,114,mg/dL,70,99,H,STAT,2024-12-12 19:29,2024-12-12 19:58,2024-12-12 20:36
LAB723897,ENC110034,PT12984,CREAT,Creatinine,0.96,mg/dL,0.6,1.3,N,STAT,2024-12-12 19:22,2024-12-12 19:26,2024-12-12 20:54
LAB723898,ENC110034,PT12984,WBC,White Blood Cell Count,4.2,K/uL,4.5,11,L,STAT,2024-12-12 19:08,2024-12-12 19:28,2024-12-12 20:21
LAB723899,ENC110034,PT12984,HGB,Hemoglobin,16.3,g/dL,12,17.5,N,Routine,2024-12-12 19:37,2024-12-12 19:41,2024-12-12 22:47
LAB723900,ENC110036,PT12308,A1C,Hemoglobin A1c,14.3,%,4,5.6,H,Routine,2024-12-12 15:55,2024-12-12 16:12,2024-12-13 09:43
LAB723901,ENC110036,PT12308,GLU,Glucose,176,mg/dL,70,99,H,Routine,2024-12-12 16:08,2024-12-12 16:17,2024-12-12 19:05
LAB723902,ENC110036,PT12308,CREAT,Creatinine,1.9,mg/dL,0.6,1.3,H,Routine,2024-12-12 15:58,2024-12-12 16:13,2024-12-12 17:51
LAB723903,ENC110039,PT11165,GLU,Glucose,89,mg/dL,70,99,N,Routine,2024-12-12 16:55,2024-12-12 17:12,2024-12-12 19:08
LAB723904,ENC110039,PT11165,CREAT,Creatinine,1,mg/dL,0.6,1.3,N,Routine,2024-12-12 16:46,2024-12-12 17:09,2024-12-12 22:08
LAB723905,ENC110039,PT11165,WBC,White Blood Cell Count,9.1,K/uL,4.5,11,N,Routine,2024-12-12 16:47,2024-12-12 16:58,2024-12-12 18:17
LAB723906,ENC110040,PT10319,GLU,Glucose,124,mg/dL,70,99,H,STAT,2024-12-12 21:11,2024-12-12 21:30,2024-12-12 22:59
LAB723907,ENC110040,PT10319,CREAT,Creatinine,1.22,mg/dL,0.6,1.3,N,STAT,2024-12-12 20:30,2024-12-12 20:43,2024-12-12 21:25
LAB723908,ENC110040,PT10319,WBC,White Blood Cell Count,9.1,K/uL,4.5,11,N,STAT,2024-12-12 20:39,2024-12-12 21:08,2024-12-12 21:34
LAB723909,ENC110040,PT10319,HGB,Hemoglobin,11.2,g/dL,12,17.5,L,STAT,2024-12-12 20:56,2024-12-12 21:05,2024-12-12 22:00
LAB723910,ENC110040,PT10319,BUN,Blood Urea Nitrogen,11,mg/dL,7,20,N,STAT,2024-12-12 20:21,2024-12-12 20:31,2024-12-12 21:07
LAB723911,ENC110040,PT10319,PLT,Platelet Count,234,K/uL,150,400,N,STAT,2024-12-12 20:18,2024-12-12 20:47,2024-12-12 21:50
LAB723912,ENC110040,PT10319,INR,Prothrombin Time INR,1,ratio,0.8,1.2,N,Routine,2024-12-12 20:40,2024-12-12 20:46,2024-12-12 23:28
LAB723913,ENC110044,PT13823,GLU,Glucose,114,mg/dL,70,99,H,Routine,2024-12-12 17:19,2024-12-12 17:23,2024-12-12 19:24
LAB723914,ENC110044,PT13823,CREAT,Creatinine,1.31,mg/dL,0.6,1.3,H,Routine,2024-12-12 17:00,2024-12-12 17:04,2024-12-12 20:27
LAB723915,ENC110044,PT13823,TROP,"Troponin I, High Sensitivity",65,ng/L,0,34,H,STAT,2024-12-12 17:56,2024-12-12 18:29,2024-12-12 19:32
LAB723916,ENC110046,PT12892,GLU,Glucose,76,mg/dL,70,99,N,Routine,2024-12-12 19:41,2024-12-12 19:57,2024-12-13 01:07
LAB723917,ENC110046,PT12892,CREAT,Creatinine,1.05,mg/dL,0.6,1.3,N,Routine,2024-12-12 20:50,2024-12-12 21:18,2024-12-13 02:43
LAB723918,ENC110046,PT12892,WBC,White Blood Cell Count,4.2,K/uL,4.5,11,L,Routine,2024-12-12 19:55,2024-12-12 20:26,2024-12-13 00:01
LAB723919,ENC110046,PT12892,HGB,Hemoglobin,14.1,g/dL,12,17.5,N,Routine,2024-12-12 19:46,2024-12-12 20:02,2024-12-12 22:18
LAB723920,ENC110046,PT12892,NA,Sodium,143,mmol/L,136,145,N,Routine,2024-12-12 20:13,2024-12-12 20:19,2024-12-12 23:01
LAB723921,ENC110046,PT12892,K,Potassium,4,mmol/L,3.5,5.1,N,STAT,2024-12-12 20:07,2024-12-12 20:33,2024-12-12 21:26
LAB723922,ENC110047,PT10465,GLU,Glucose,95,mg/dL,70,99,N,STAT,2024-12-12 20:22,2024-12-12 20:33,2024-12-12 21:15
LAB723923,ENC110047,PT10465,CREAT,Creatinine,1.92,mg/dL,0.6,1.3,H,Routine,2024-12-12 20:24,2024-12-12 20:59,2024-12-13 02:03
LAB723924,ENC110047,PT10465,WBC,White Blood Cell Count,12.7,K/uL,4.5,11,H,STAT,2024-12-12 20:22,2024-12-12 20:26,2024-12-12 21:42
LAB723925,ENC110047,PT10465,HGB,Hemoglobin,10.6,g/dL,12,17.5,L,STAT,2024-12-12 20:59,2024-12-12 21:05,2024-12-12 21:21
LAB723926,ENC110048,PT10938,GLU,Glucose,111,mg/dL,70,99,H,Routine,2024-12-12 19:21,2024-12-12 19:28,2024-12-12 23:00
LAB723927,ENC110048,PT10938,CREAT,Creatinine,1.03,mg/dL,0.6,1.3,N,Routine,2024-12-12 19:28,2024-12-12 19:56,2024-12-12 22:22
LAB723928,ENC110048,PT10938,WBC,White Blood Cell Count,5.8,K/uL,4.5,11,N,STAT,2024-12-12 19:37,2024-12-12 20:06,2024-12-12 21:05
LAB723929,ENC110048,PT10938,HGB,Hemoglobin,15.8,g/dL,12,17.5,N,STAT,2024-12-12 18:59,2024-12-12 19:22,2024-12-12 19:46
LAB723930,ENC110051,PT13063,GLU,Glucose,230,mg/dL,70,99,H,Routine,2024-12-12 20:02,2024-12-12 20:25,2024-12-12 21:48
LAB723931,ENC110051,PT13063,CREAT,Creatinine,0.76,mg/dL,0.6,1.3,N,Routine,2024-12-12 20:21,2024-12-12 20:26,2024-12-12 21:51
LAB723932,ENC110051,PT13063,WBC,White Blood Cell Count,3.6,K/uL,4.5,11,L,Routine,2024-12-12 20:51,2024-12-12 21:15,2024-12-12 23:04
LAB723933,ENC110051,PT13063,HGB,Hemoglobin,12,g/dL,12,17.5,N,STAT,2024-12-12 20:41,2024-12-12 21:15,2024-12-12 21:47
LAB723934,ENC110052,PT11867,GLU,Glucose,99,mg/dL,70,99,N,STAT,2024-12-12 20:13,2024-12-12 20:25,2024-12-12 20:54
LAB723935,ENC110052,PT11867,CREAT,Creatinine,1.41,mg/dL,0.6,1.3,H,Routine,2024-12-12 20:44,2024-12-12 21:05,2024-12-13 01:26
LAB723936,ENC110052,PT11867,WBC,White Blood Cell Count,7,K/uL,4.5,11,N,STAT,2024-12-12 20:58,2024-12-12 21:10,2024-12-12 21:39
LAB723937,ENC110052,PT11867,HGB,Hemoglobin,13,g/dL,12,17.5,N,STAT,2024-12-12 20:44,2024-12-12 20:48,2024-12-12 21:56
LAB723938,ENC110052,PT11867,BUN,Blood Urea Nitrogen,13,mg/dL,7,20,N,Routine,2024-12-12 21:07,2024-12-12 21:21,2024-12-12 23:56
LAB723939,ENC110052,PT11867,PLT,Platelet Count,308,K/uL,150,400,N,Routine,2024-12-12 20:20,2024-12-12 20:35,2024-12-13 06:37
LAB723940,ENC110054,PT11371,GLU,Glucose,129,mg/dL,70,99,H,Routine,2024-12-13 02:02,2024-12-13 02:06,2024-12-13 05:00
LAB723941,ENC110054,PT11371,CREAT,Creatinine,1.85,mg/dL,0.6,1.3,H,Routine,2024-12-13 01:53,2024-12-13 02:18,2024-12-13 04:13
LAB723942,ENC110054,PT11371,WBC,White Blood Cell Count,10.5,K/uL,4.5,11,N,STAT,2024-12-13 00:53,2024-12-13 01:27,2024-12-13 02:32
LAB723943,ENC110054,PT11371,HGB,Hemoglobin,11.6,g/dL,12,17.5,L,STAT,2024-12-13 00:58,2024-12-13 01:25,2024-12-13 02:04
LAB723944,ENC110054,PT11371,BUN,Blood Urea Nitrogen,21,mg/dL,7,20,H,STAT,2024-12-13 01:10,2024-12-13 01:29,2024-12-13 02:03
LAB723945,ENC110054,PT11371,PLT,Platelet Count,281,K/uL,150,400,N,STAT,2024-12-13 01:04,2024-12-13 01:23,2024-12-13 01:56
LAB723946,ENC110055,PT12963,GLU,Glucose,117,mg/dL,70,99,H,STAT,2024-12-13 02:10,2024-12-13 02:34,2024-12-13 03:22
LAB723947,ENC110055,PT12963,CREAT,Creatinine,0.9,mg/dL,0.6,1.3,N,STAT,2024-12-13 03:04,2024-12-13 03:23,2024-12-13 04:01
LAB723948,ENC110055,PT12963,WBC,White Blood Cell Count,2.1,K/uL,4.5,11,L,Routine,2024-12-13 02:57,2024-12-13 03:04,2024-12-13 05:30
LAB723949,ENC110055,PT12963,HGB,Hemoglobin,13.5,g/dL,12,17.5,N,Routine,2024-12-13 02:35,2024-12-13 03:05,2024-12-13 07:22
LAB723950,ENC110055,PT12963,TROP,"Troponin I, High Sensitivity",9,ng/L,0,34,N,STAT,2024-12-13 02:11,2024-12-13 02:39,2024-12-13 03:04
LAB723951,ENC110055,PT12963,BNP,B-Type Natriuretic Peptide,900,pg/mL,0,100,H,STAT,2024-12-13 02:56,2024-12-13 03:22,2024-12-13 03:51
LAB723952,ENC110056,PT13403,GLU,Glucose,126,mg/dL,70,99,H,Routine,2024-12-13 02:02,2024-12-13 02:34,2024-12-13 07:51
LAB723953,ENC110056,PT13403,CREAT,Creatinine,1.26,mg/dL,0.6,1.3,N,STAT,2024-12-13 02:38,2024-12-13 03:10,2024-12-13 04:20
LAB723954,ENC110056,PT13403,WBC,White Blood Cell Count,8.8,K/uL,4.5,11,N,Routine,2024-12-13 02:14,2024-12-13 02:40,2024-12-13 12:05
LAB723955,ENC110056,PT13403,HGB,Hemoglobin,12,g/dL,12,17.5,N,STAT,2024-12-13 02:22,2024-12-13 02:43,2024-12-13 03:21
LAB723956,ENC110057,PT10755,GLU,Glucose,126,mg/dL,70,99,H,STAT,2024-12-13 03:07,2024-12-13 03:12,2024-12-13 03:44
LAB723957,ENC110057,PT10755,CREAT,Creatinine,0.77,mg/dL,0.6,1.3,N,STAT,2024-12-13 02:50,2024-12-13 03:22,2024-12-13 04:04
LAB723958,ENC110059,PT11003,GLU,Glucose,84,mg/dL,70,99,N,STAT,2024-12-13 09:02,2024-12-13 09:26,2024-12-13 10:19
LAB723959,ENC110059,PT11003,CREAT,Creatinine,0.44,mg/dL,0.6,1.3,L,STAT,2024-12-13 08:38,2024-12-13 08:45,2024-12-13 09:33
LAB723960,ENC110059,PT11003,WBC,White Blood Cell Count,5.6,K/uL,4.5,11,N,STAT,2024-12-13 08:39,2024-12-13 08:55,2024-12-13 11:03
LAB723961,ENC110059,PT11003,HGB,Hemoglobin,13,g/dL,12,17.5,N,STAT,2024-12-13 08:45,2024-12-13 08:54,2024-12-13 10:08
LAB723962,ENC110059,PT11003,NA,Sodium,136,mmol/L,136,145,N,STAT,2024-12-13 08:59,2024-12-13 09:16,2024-12-13 09:53
LAB723963,ENC110059,PT11003,K,Potassium,3.6,mmol/L,3.5,5.1,N,STAT,2024-12-13 09:14,2024-12-13 09:31,2024-12-13 10:45
LAB723964,ENC110060,PT13678,GLU,Glucose,142,mg/dL,70,99,H,STAT,2024-12-13 09:57,2024-12-13 10:11,2024-12-13 10:58
LAB723965,ENC110060,PT13678,CREAT,Creatinine,2.29,mg/dL,0.6,1.3,H,Routine,2024-12-13 08:58,2024-12-13 09:16,2024-12-13 10:35
LAB723966,ENC110060,PT13678,WBC,White Blood Cell Count,8.2,K/uL,4.5,11,N,STAT,2024-12-13 09:16,2024-12-13 09:40,2024-12-13 10:45
LAB723967,ENC110060,PT13678,HGB,Hemoglobin,14,g/dL,12,17.5,N,Routine,2024-12-13 09:09,2024-12-13 09:13,2024-12-13 13:30
LAB723968,ENC110060,PT13678,NA,Sodium,141,mmol/L,136,145,N,STAT,2024-12-13 09:36,2024-12-13 09:41,2024-12-13 10:16
LAB723969,ENC110060,PT13678,K,Potassium,7,mmol/L,3.5,5.1,HH,STAT,2024-12-13 09:53,2024-12-13 10:06,2024-12-13 10:40
LAB723970,ENC110061,PT13201,GLU,Glucose,125,mg/dL,70,99,H,Routine,2024-12-13 12:35,2024-12-13 13:03,2024-12-13 16:30
LAB723971,ENC110061,PT13201,CREAT,Creatinine,1.13,mg/dL,0.6,1.3,N,STAT,2024-12-13 13:16,2024-12-13 13:44,2024-12-13 14:18
LAB723972,ENC110061,PT13201,WBC,White Blood Cell Count,5.6,K/uL,4.5,11,N,STAT,2024-12-13 12:48,2024-12-13 13:04,2024-12-13 13:36
LAB723973,ENC110061,PT13201,HGB,Hemoglobin,12.5,g/dL,12,17.5,N,STAT,2024-12-13 13:13,2024-12-13 13:42,2024-12-13 14:11
LAB723974,ENC110061,PT13201,TROP,"Troponin I, High Sensitivity",475,ng/L,0,34,H,STAT,2024-12-13 12:47,2024-12-13 12:57,2024-12-13 13:31
LAB723975,ENC110062,PT11999,GLU,Glucose,135,mg/dL,70,99,H,STAT,2024-12-13 12:54,2024-12-13 13:27,2024-12-13 13:50
LAB723976,ENC110062,PT11999,CREAT,Creatinine,0.53,mg/dL,0.6,1.3,L,STAT,2024-12-13 12:35,2024-12-13 12:59,2024-12-13 14:06
LAB723977,ENC110062,PT11999,WBC,White Blood Cell Count,4.1,K/uL,4.5,11,L,Routine,2024-12-13 12:55,2024-12-13 13:03,2024-12-13 17:35
LAB723978,ENC110062,PT11999,HGB,Hemoglobin,13.8,g/dL,12,17.5,N,Routine,2024-12-13 12:56,2024-12-13 13:23,2024-12-13 17:38
LAB723979,ENC110064,PT13781,GLU,Glucose,102,mg/dL,70,99,H,STAT,2024-12-13 15:09,2024-12-13 15:15,2024-12-13 16:15
LAB723980,ENC110064,PT13781,CREAT,Creatinine,0.5,mg/dL,0.6,1.3,L,Routine,2024-12-13 14:55,2024-12-13 14:59,2024-12-13 16:14
LAB723981,ENC110064,PT13781,WBC,White Blood Cell Count,7.1,K/uL,4.5,11,N,Routine,2024-12-13 15:02,2024-12-13 15:30,2024-12-13 17:17
LAB723982,ENC110064,PT13781,HGB,Hemoglobin,13.6,g/dL,12,17.5,N,STAT,2024-12-13 14:49,2024-12-13 15:04,2024-12-13 15:33
LAB723983,ENC110066,PT12304,LDL,LDL Cholesterol,140,mg/dL,0,99,H,Routine,2024-12-13 11:08,2024-12-13 11:17,2024-12-13 19:53
LAB723984,ENC110068,PT11220,GLU,Glucose,89,mg/dL,70,99,N,STAT,2024-12-13 14:29,2024-12-13 15:02,2024-12-13 16:05
LAB723985,ENC110068,PT11220,CREAT,Creatinine,1,mg/dL,0.6,1.3,N,STAT,2024-12-13 14:48,2024-12-13 15:00,2024-12-13 15:40
LAB723986,ENC110068,PT11220,WBC,White Blood Cell Count,7.5,K/uL,4.5,11,N,Routine,2024-12-13 15:31,2024-12-13 15:38,2024-12-13 16:49
LAB723987,ENC110068,PT11220,HGB,Hemoglobin,12,g/dL,12,17.5,N,STAT,2024-12-13 15:00,2024-12-13 15:30,2024-12-13 16:16
LAB723988,ENC110068,PT11220,NA,Sodium,137,mmol/L,136,145,N,STAT,2024-12-13 14:46,2024-12-13 15:20,2024-12-13 15:49
LAB723989,ENC110068,PT11220,K,Potassium,4.7,mmol/L,3.5,5.1,N,STAT,2024-12-13 15:26,2024-12-13 16:01,2024-12-13 16:41
LAB723990,ENC110069,PT12557,LDL,LDL Cholesterol,180,mg/dL,0,99,H,Routine,2024-12-13 12:31,2024-12-13 12:39,2024-12-14 11:23
LAB723991,ENC110070,PT13560,GLU,Glucose,132,mg/dL,70,99,H,STAT,2024-12-13 13:31,2024-12-13 13:42,2024-12-13 14:55
LAB723992,ENC110070,PT13560,CREAT,Creatinine,1.12,mg/dL,0.6,1.3,N,STAT,2024-12-13 13:11,2024-12-13 13:27,2024-12-13 14:39
LAB723993,ENC110070,PT13560,WBC,White Blood Cell Count,5.3,K/uL,4.5,11,N,STAT,2024-12-13 13:33,2024-12-13 13:40,2024-12-13 14:33
LAB723994,ENC110070,PT13560,HGB,Hemoglobin,13.5,g/dL,12,17.5,N,STAT,2024-12-13 13:33,2024-12-13 13:37,2024-12-13 14:22
LAB723995,ENC110075,PT11176,GLU,Glucose,206,mg/dL,70,99,H,STAT,2024-12-13 13:55,2024-12-13 14:12,2024-12-13 15:13
LAB723996,ENC110075,PT11176,CREAT,Creatinine,1.08,mg/dL,0.6,1.3,N,Routine,2024-12-13 13:19,2024-12-13 13:47,2024-12-13 15:58
LAB723997,ENC110076,PT12429,GLU,Glucose,209,mg/dL,70,99,H,Routine,2024-12-13 16:59,2024-12-13 17:15,2024-12-13 19:51
LAB723998,ENC110076,PT12429,CREAT,Creatinine,0.85,mg/dL,0.6,1.3,N,STAT,2024-12-13 16:35,2024-12-13 17:01,2024-12-13 17:58
LAB723999,ENC110076,PT12429,WBC,White Blood Cell Count,6,K/uL,4.5,11,N,Routine,2024-12-13 17:21,2024-12-13 17:42,2024-12-13 20:48
LAB724000,ENC110076,PT12429,HGB,Hemoglobin,16.1,g/dL,12,17.5,N,STAT,2024-12-13 17:40,2024-12-13 18:14,2024-12-13 18:53
LAB724001,ENC110076,PT12429,BUN,Blood Urea Nitrogen,16,mg/dL,7,20,N,Routine,2024-12-13 17:39,2024-12-13 17:57,2024-12-13 20:48
LAB724002,ENC110076,PT12429,PLT,Platelet Count,182,K/uL,150,400,N,Routine,2024-12-13 17:15,2024-12-13 17:41,2024-12-13 18:44
LAB724003,ENC110077,PT10569,GLU,Glucose,206,mg/dL,70,99,H,STAT,2024-12-13 14:22,2024-12-13 14:30,2024-12-13 15:24
LAB724004,ENC110077,PT10569,CREAT,Creatinine,0.81,mg/dL,0.6,1.3,N,STAT,2024-12-13 15:18,2024-12-13 15:49,2024-12-13 16:22
LAB724005,ENC110077,PT10569,WBC,White Blood Cell Count,7.6,K/uL,4.5,11,N,STAT,2024-12-13 14:47,2024-12-13 15:00,2024-12-13 16:09
LAB724006,ENC110077,PT10569,HGB,Hemoglobin,13.1,g/dL,12,17.5,N,STAT,2024-12-13 14:53,2024-12-13 15:05,2024-12-13 15:50
LAB724007,ENC110077,PT10569,TROP,"Troponin I, High Sensitivity",34,ng/L,0,34,N,STAT,2024-12-13 14:59,2024-12-13 15:17,2024-12-13 16:39
LAB724008,ENC110077,PT10569,BNP,B-Type Natriuretic Peptide,1213,pg/mL,0,100,H,Routine,2024-12-13 14:45,2024-12-13 14:58,2024-12-13 17:19
LAB724009,ENC110082,PT10766,LDL,LDL Cholesterol,143,mg/dL,0,99,H,Routine,2024-12-13 15:23,2024-12-13 15:47,2024-12-14 18:05
LAB724010,ENC110083,PT12438,GLU,Glucose,107,mg/dL,70,99,H,STAT,2024-12-13 16:22,2024-12-13 16:34,2024-12-13 17:19
LAB724011,ENC110083,PT12438,CREAT,Creatinine,1.32,mg/dL,0.6,1.3,H,STAT,2024-12-13 16:03,2024-12-13 16:09,2024-12-13 17:15
LAB724012,ENC110084,PT13284,GLU,Glucose,106,mg/dL,70,99,H,Routine,2024-12-13 15:40,2024-12-13 15:44,2024-12-13 19:29
LAB724013,ENC110084,PT13284,CREAT,Creatinine,1.34,mg/dL,0.6,1.3,H,Routine,2024-12-13 16:23,2024-12-13 16:31,2024-12-13 20:02
LAB724014,ENC110084,PT13284,WBC,White Blood Cell Count,14.8,K/uL,4.5,11,H,Routine,2024-12-13 16:12,2024-12-13 16:28,2024-12-13 18:22
LAB724015,ENC110084,PT13284,HGB,Hemoglobin,13.1,g/dL,12,17.5,N,Routine,2024-12-13 16:38,2024-12-13 16:48,2024-12-13 18:09
LAB724016,ENC110086,PT11079,WBC,White Blood Cell Count,10.6,K/uL,4.5,11,N,Routine,2024-12-13 15:55,2024-12-13 16:19,2024-12-13 17:28
LAB724017,ENC110086,PT11079,HGB,Hemoglobin,14.9,g/dL,12,17.5,N,Routine,2024-12-13 15:50,2024-12-13 16:00,2024-12-13 21:20
LAB724018,ENC110086,PT11079,PLT,Platelet Count,253,K/uL,150,400,N,Routine,2024-12-13 15:58,2024-12-13 16:20,2024-12-13 18:12
LAB724019,ENC110087,PT11208,GLU,Glucose,96,mg/dL,70,99,N,STAT,2024-12-13 16:00,2024-12-13 16:23,2024-12-13 17:21
LAB724020,ENC110087,PT11208,CREAT,Creatinine,1.21,mg/dL,0.6,1.3,N,Routine,2024-12-13 16:06,2024-12-13 16:23,2024-12-13 18:19
LAB724021,ENC110087,PT11208,TROP,"Troponin I, High Sensitivity",5,ng/L,0,34,N,STAT,2024-12-13 16:18,2024-12-13 16:51,2024-12-13 17:53
LAB724022,ENC110089,PT11088,LDL,LDL Cholesterol,76,mg/dL,0,99,N,Routine,2024-12-13 16:50,2024-12-13 17:07,2024-12-14 17:30
LAB724023,ENC110089,PT11088,A1C,Hemoglobin A1c,4,%,4,5.6,N,Routine,2024-12-13 16:53,2024-12-13 17:11,2024-12-14 09:15
LAB724024,ENC110090,PT11532,GLU,Glucose,110,mg/dL,70,99,H,STAT,2024-12-13 17:06,2024-12-13 17:14,2024-12-13 18:07
LAB724025,ENC110090,PT11532,CREAT,Creatinine,0.88,mg/dL,0.6,1.3,N,STAT,2024-12-13 17:44,2024-12-13 18:04,2024-12-13 18:45
LAB724026,ENC110090,PT11532,WBC,White Blood Cell Count,5.7,K/uL,4.5,11,N,Routine,2024-12-13 17:53,2024-12-13 18:25,2024-12-13 20:51
LAB724027,ENC110090,PT11532,INR,Prothrombin Time INR,1,ratio,0.8,1.2,N,STAT,2024-12-13 18:06,2024-12-13 18:26,2024-12-13 18:50
LAB724028,ENC110091,PT11705,GLU,Glucose,233,mg/dL,70,99,H,STAT,2024-12-13 17:25,2024-12-13 17:43,2024-12-13 18:32
LAB724029,ENC110091,PT11705,CREAT,Creatinine,1.63,mg/dL,0.6,1.3,H,Routine,2024-12-13 18:03,2024-12-13 18:29,2024-12-13 20:07
LAB724030,ENC110091,PT11705,WBC,White Blood Cell Count,14.2,K/uL,4.5,11,H,Routine,2024-12-13 17:31,2024-12-13 17:47,2024-12-13 21:02
LAB724031,ENC110091,PT11705,HGB,Hemoglobin,10.3,g/dL,12,17.5,L,STAT,2024-12-13 17:12,2024-12-13 17:23,2024-12-13 18:13
LAB724032,ENC110092,PT12300,GLU,Glucose,96,mg/dL,70,99,N,Routine,2024-12-13 18:44,2024-12-13 19:09,2024-12-13 20:42
LAB724033,ENC110092,PT12300,CREAT,Creatinine,0.74,mg/dL,0.6,1.3,N,STAT,2024-12-13 18:27,2024-12-13 18:32,2024-12-13 19:15
LAB724034,ENC110092,PT12300,WBC,White Blood Cell Count,9,K/uL,4.5,11,N,STAT,2024-12-13 18:55,2024-12-13 19:07,2024-12-13 19:41
LAB724035,ENC110093,PT12786,GLU,Glucose,107,mg/dL,70,99,H,Routine,2024-12-13 18:21,2024-12-13 18:47,2024-12-13 23:15
LAB724036,ENC110093,PT12786,CREAT,Creatinine,1.06,mg/dL,0.6,1.3,N,STAT,2024-12-13 18:40,2024-12-13 19:06,2024-12-13 19:44
LAB724037,ENC110094,PT13720,GLU,Glucose,110,mg/dL,70,99,H,Routine,2024-12-13 20:56,2024-12-13 21:22,2024-12-13 23:18
LAB724038,ENC110094,PT13720,CREAT,Creatinine,1.1,mg/dL,0.6,1.3,N,STAT,2024-12-13 21:23,2024-12-13 21:35,2024-12-13 22:26
LAB724039,ENC110094,PT13720,WBC,White Blood Cell Count,7.5,K/uL,4.5,11,N,Routine,2024-12-13 21:39,2024-12-13 22:14,2024-12-13 23:16
LAB724040,ENC110094,PT13720,HGB,Hemoglobin,13.6,g/dL,12,17.5,N,STAT,2024-12-13 20:33,2024-12-13 20:48,2024-12-13 21:33
LAB724041,ENC110094,PT13720,BUN,Blood Urea Nitrogen,11,mg/dL,7,20,N,STAT,2024-12-13 20:36,2024-12-13 20:48,2024-12-13 21:40
LAB724042,ENC110094,PT13720,PLT,Platelet Count,300,K/uL,150,400,N,Routine,2024-12-13 20:32,2024-12-13 21:01,2024-12-14 01:30
LAB724043,ENC110094,PT13720,TROP,"Troponin I, High Sensitivity",66,ng/L,0,34,H,STAT,2024-12-13 21:29,2024-12-13 21:53,2024-12-13 22:26
LAB724044,ENC110094,PT13720,BNP,B-Type Natriuretic Peptide,614,pg/mL,0,100,H,STAT,2024-12-13 20:45,2024-12-13 20:59,2024-12-13 21:27
LAB724045,ENC110096,PT13563,GLU,Glucose,109,mg/dL,70,99,H,STAT,2024-12-13 20:10,2024-12-13 20:34,2024-12-13 20:51
LAB724046,ENC110096,PT13563,CREAT,Creatinine,0.68,mg/dL,0.6,1.3,N,Routine,2024-12-13 19:41,2024-12-13 20:00,2024-12-13 22:58
LAB724047,ENC110096,PT13563,WBC,White Blood Cell Count,7.1,K/uL,4.5,11,N,Routine,2024-12-13 20:11,2024-12-13 20:22,2024-12-13 23:01
LAB724048,ENC110096,PT13563,HGB,Hemoglobin,14.2,g/dL,12,17.5,N,Routine,2024-12-13 19:45,2024-12-13 19:59,2024-12-13 21:12
LAB724049,ENC110101,PT13589,GLU,Glucose,91,mg/dL,70,99,N,STAT,2024-12-14 05:42,2024-12-14 06:02,2024-12-14 06:33
LAB724050,ENC110101,PT13589,CREAT,Creatinine,0.86,mg/dL,0.6,1.3,N,STAT,2024-12-14 06:10,2024-12-14 06:42,2024-12-14 07:28
LAB724051,ENC110101,PT13589,WBC,White Blood Cell Count,16.3,K/uL,4.5,11,H,Routine,2024-12-14 05:35,2024-12-14 05:56,2024-12-14 07:09
LAB724052,ENC110101,PT13589,HGB,Hemoglobin,13.5,g/dL,12,17.5,N,STAT,2024-12-14 05:04,2024-12-14 05:27,2024-12-14 05:55
LAB724053,ENC110101,PT13589,NA,Sodium,139,mmol/L,136,145,N,Routine,2024-12-14 05:05,2024-12-14 05:33,2024-12-14 07:54
LAB724054,ENC110101,PT13589,K,Potassium,3.8,mmol/L,3.5,5.1,N,STAT,2024-12-14 06:01,2024-12-14 06:06,2024-12-14 07:02
LAB724055,ENC110103,PT11352,GLU,Glucose,136,mg/dL,70,99,H,STAT,2024-12-14 07:33,2024-12-14 08:01,2024-12-14 08:29
LAB724056,ENC110103,PT11352,CREAT,Creatinine,0.84,mg/dL,0.6,1.3,N,STAT,2024-12-14 07:26,2024-12-14 07:55,2024-12-14 08:40
LAB724057,ENC110104,PT13850,GLU,Glucose,97,mg/dL,70,99,N,STAT,2024-12-14 09:02,2024-12-14 09:37,2024-12-14 10:11
LAB724058,ENC110104,PT13850,CREAT,Creatinine,0.91,mg/dL,0.6,1.3,N,STAT,2024-12-14 08:19,2024-12-14 08:29,2024-12-14 08:59
LAB724059,ENC110105,PT10646,GLU,Glucose,88,mg/dL,70,99,N,Routine,2024-12-14 12:00,2024-12-14 12:33,2024-12-14 13:48
LAB724060,ENC110105,PT10646,CREAT,Creatinine,0.72,mg/dL,0.6,1.3,N,STAT,2024-12-14 12:10,2024-12-14 12:34,2024-12-14 13:42
LAB724061,ENC110105,PT10646,WBC,White Blood Cell Count,8.3,K/uL,4.5,11,N,STAT,2024-12-14 11:36,2024-12-14 11:53,2024-12-14 12:38
LAB724062,ENC110105,PT10646,HGB,Hemoglobin,7.8,g/dL,12,17.5,L,STAT,2024-12-14 11:46,2024-12-14 12:04,2024-12-14 12:59
LAB724063,ENC110105,PT10646,INR,Prothrombin Time INR,1,ratio,0.8,1.2,N,STAT,2024-12-14 12:00,2024-12-14 12:06,2024-12-14 14:03
LAB724064,ENC110106,PT12677,GLU,Glucose,116,mg/dL,70,99,H,STAT,2024-12-14 11:05,2024-12-14 11:11,2024-12-14 12:15
LAB724065,ENC110106,PT12677,CREAT,Creatinine,0.96,mg/dL,0.6,1.3,N,STAT,2024-12-14 11:06,2024-12-14 11:35,2024-12-14 12:20
LAB724066,ENC110106,PT12677,TROP,"Troponin I, High Sensitivity",3,ng/L,0,34,N,STAT,2024-12-14 10:55,2024-12-14 11:15,2024-12-14 11:53
LAB724067,ENC110107,PT10140,GLU,Glucose,117,mg/dL,70,99,H,STAT,2024-12-14 11:34,2024-12-14 11:45,2024-12-14 12:33
LAB724068,ENC110107,PT10140,CREAT,Creatinine,0.52,mg/dL,0.6,1.3,L,STAT,2024-12-14 10:53,2024-12-14 10:57,2024-12-14 11:56
LAB724069,ENC110108,PT10634,GLU,Glucose,104,mg/dL,70,99,H,STAT,2024-12-14 15:13,2024-12-14 15:48,2024-12-14 16:58
LAB724070,ENC110108,PT10634,CREAT,Creatinine,2.01,mg/dL,0.6,1.3,H,STAT,2024-12-14 15:19,2024-12-14 15:29,2024-12-14 16:30
LAB724071,ENC110108,PT10634,WBC,White Blood Cell Count,6.3,K/uL,4.5,11,N,Routine,2024-12-14 15:38,2024-12-14 15:49,2024-12-14 18:05
LAB724072,ENC110108,PT10634,HGB,Hemoglobin,11.6,g/dL,12,17.5,L,Routine,2024-12-14 15:44,2024-12-14 16:14,2024-12-14 19:46
LAB724073,ENC110108,PT10634,TROP,"Troponin I, High Sensitivity",9,ng/L,0,34,N,STAT,2024-12-14 16:05,2024-12-14 16:17,2024-12-14 17:28
LAB724074,ENC110108,PT10634,BNP,B-Type Natriuretic Peptide,1456,pg/mL,0,100,H,STAT,2024-12-14 15:46,2024-12-14 15:52,2024-12-14 17:20
LAB724075,ENC110109,PT12733,GLU,Glucose,79,mg/dL,70,99,N,STAT,2024-12-14 13:00,2024-12-14 13:05,2024-12-14 13:52
LAB724076,ENC110109,PT12733,CREAT,Creatinine,0.91,mg/dL,0.6,1.3,N,STAT,2024-12-14 13:00,2024-12-14 13:34,2024-12-14 14:29
LAB724077,ENC110110,PT13585,GLU,Glucose,231,mg/dL,70,99,H,Routine,2024-12-14 13:09,2024-12-14 13:41,2024-12-14 15:21
LAB724078,ENC110110,PT13585,CREAT,Creatinine,1.05,mg/dL,0.6,1.3,N,STAT,2024-12-14 13:14,2024-12-14 13:18,2024-12-14 14:01
LAB724079,ENC110110,PT13585,WBC,White Blood Cell Count,9,K/uL,4.5,11,N,STAT,2024-12-14 12:27,2024-12-14 13:02,2024-12-14 13:46
LAB724080,ENC110110,PT13585,HGB,Hemoglobin,14,g/dL,12,17.5,N,Routine,2024-12-14 12:41,2024-12-14 13:14,2024-12-14 14:44
LAB724081,ENC110110,PT13585,NA,Sodium,138,mmol/L,136,145,N,STAT,2024-12-14 13:25,2024-12-14 13:48,2024-12-14 14:58
LAB724082,ENC110110,PT13585,K,Potassium,4.4,mmol/L,3.5,5.1,N,STAT,2024-12-14 13:12,2024-12-14 13:43,2024-12-14 14:17
LAB724083,ENC110110,PT13585,TROP,"Troponin I, High Sensitivity",51,ng/L,0,34,H,STAT,2024-12-14 13:28,2024-12-14 13:50,2024-12-14 14:22
LAB724084,ENC110110,PT13585,BNP,B-Type Natriuretic Peptide,886,pg/mL,0,100,H,Routine,2024-12-14 12:50,2024-12-14 13:10,2024-12-14 15:45
LAB724085,ENC110111,PT12745,GLU,Glucose,201,mg/dL,70,99,H,STAT,2024-12-14 13:40,2024-12-14 14:13,2024-12-14 14:40
LAB724086,ENC110111,PT12745,CREAT,Creatinine,1.05,mg/dL,0.6,1.3,N,Routine,2024-12-14 13:44,2024-12-14 13:51,2024-12-14 16:26
LAB724087,ENC110111,PT12745,WBC,White Blood Cell Count,5.6,K/uL,4.5,11,N,STAT,2024-12-14 13:05,2024-12-14 13:12,2024-12-14 14:12
LAB724088,ENC110111,PT12745,HGB,Hemoglobin,13.9,g/dL,12,17.5,N,STAT,2024-12-14 13:32,2024-12-14 13:56,2024-12-14 14:58
LAB724089,ENC110111,PT12745,BUN,Blood Urea Nitrogen,10,mg/dL,7,20,N,STAT,2024-12-14 14:00,2024-12-14 14:15,2024-12-14 14:46
LAB724090,ENC110111,PT12745,PLT,Platelet Count,255,K/uL,150,400,N,STAT,2024-12-14 13:35,2024-12-14 13:42,2024-12-14 14:14
LAB724091,ENC110111,PT12745,LACT,Lactate,2.2,mmol/L,0.5,2,H,STAT,2024-12-14 13:39,2024-12-14 14:13,2024-12-14 14:46
LAB724092,ENC110112,PT10485,GLU,Glucose,92,mg/dL,70,99,N,STAT,2024-12-14 13:33,2024-12-14 14:00,2024-12-14 14:42
LAB724093,ENC110112,PT10485,CREAT,Creatinine,0.77,mg/dL,0.6,1.3,N,STAT,2024-12-14 13:51,2024-12-14 14:24,2024-12-14 14:59
LAB724094,ENC110116,PT13199,GLU,Glucose,125,mg/dL,70,99,H,Routine,2024-12-14 20:18,2024-12-14 20:50,2024-12-14 22:43
LAB724095,ENC110116,PT13199,CREAT,Creatinine,1.18,mg/dL,0.6,1.3,N,STAT,2024-12-14 19:45,2024-12-14 20:01,2024-12-14 21:10
LAB724096,ENC110116,PT13199,WBC,White Blood Cell Count,9.8,K/uL,4.5,11,N,STAT,2024-12-14 19:23,2024-12-14 19:44,2024-12-14 20:51
LAB724097,ENC110116,PT13199,HGB,Hemoglobin,13.9,g/dL,12,17.5,N,Routine,2024-12-14 19:59,2024-12-14 20:08,2024-12-14 22:49
LAB724098,ENC110116,PT13199,BUN,Blood Urea Nitrogen,12,mg/dL,7,20,N,Routine,2024-12-14 20:20,2024-12-14 20:32,2024-12-14 23:59
LAB724099,ENC110116,PT13199,PLT,Platelet Count,147,K/uL,150,400,L,STAT,2024-12-14 20:32,2024-12-14 20:52,2024-12-14 22:13
LAB724100,ENC110117,PT10720,GLU,Glucose,81,mg/dL,70,99,N,Routine,2024-12-14 17:26,2024-12-14 17:41,2024-12-14 22:09
LAB724101,ENC110117,PT10720,CREAT,Creatinine,1.19,mg/dL,0.6,1.3,N,STAT,2024-12-14 17:52,2024-12-14 18:11,2024-12-14 19:04
LAB724102,ENC110117,PT10720,WBC,White Blood Cell Count,10.5,K/uL,4.5,11,N,STAT,2024-12-14 17:26,2024-12-14 17:55,2024-12-14 18:18
LAB724103,ENC110117,PT10720,HGB,Hemoglobin,14.4,g/dL,12,17.5,N,STAT,2024-12-14 17:49,2024-12-14 18:10,2024-12-14 18:48
LAB724104,ENC110118,PT13840,GLU,Glucose,102,mg/dL,70,99,H,STAT,2024-12-14 18:31,2024-12-14 19:05,2024-12-14 20:23
LAB724105,ENC110118,PT13840,CREAT,Creatinine,1.09,mg/dL,0.6,1.3,N,STAT,2024-12-14 18:14,2024-12-14 18:34,2024-12-14 19:13
LAB724106,ENC110118,PT13840,WBC,White Blood Cell Count,6.7,K/uL,4.5,11,N,STAT,2024-12-14 18:16,2024-12-14 18:36,2024-12-14 19:36
LAB724107,ENC110118,PT13840,HGB,Hemoglobin,12.4,g/dL,12,17.5,N,STAT,2024-12-14 18:44,2024-12-14 19:10,2024-12-14 19:49
LAB724108,ENC110118,PT13840,NA,Sodium,134,mmol/L,136,145,L,STAT,2024-12-14 18:20,2024-12-14 18:45,2024-12-14 19:58
LAB724109,ENC110118,PT13840,K,Potassium,4.2,mmol/L,3.5,5.1,N,STAT,2024-12-14 18:37,2024-12-14 18:47,2024-12-14 19:52
LAB724110,ENC110121,PT12535,GLU,Glucose,144,mg/dL,70,99,H,STAT,2024-12-14 21:38,2024-12-14 22:03,2024-12-14 23:01
LAB724111,ENC110121,PT12535,CREAT,Creatinine,1.09,mg/dL,0.6,1.3,N,STAT,2024-12-14 21:56,2024-12-14 22:25,2024-12-14 23:08
LAB724112,ENC110121,PT12535,WBC,White Blood Cell Count,8.4,K/uL,4.5,11,N,Routine,2024-12-14 22:06,2024-12-14 22:13,2024-12-15 02:51
LAB724113,ENC110121,PT12535,HGB,Hemoglobin,16.4,g/dL,12,17.5,N,STAT,2024-12-14 22:37,2024-12-14 23:10,2024-12-15 00:26
LAB724114,ENC110122,PT11413,GLU,Glucose,131,mg/dL,70,99,H,STAT,2024-12-14 21:16,2024-12-14 21:25,2024-12-14 22:23
LAB724115,ENC110122,PT11413,CREAT,Creatinine,1.32,mg/dL,0.6,1.3,H,Routine,2024-12-14 21:41,2024-12-14 21:48,2024-12-15 00:15
LAB724116,ENC110123,PT10575,GLU,Glucose,117,mg/dL,70,99,H,STAT,2024-12-14 23:36,2024-12-14 23:42,2024-12-15 00:30
LAB724117,ENC110123,PT10575,CREAT,Creatinine,1.19,mg/dL,0.6,1.3,N,STAT,2024-12-14 23:40,2024-12-14 23:51,2024-12-15 00:42
LAB724118,ENC110123,PT10575,WBC,White Blood Cell Count,7.1,K/uL,4.5,11,N,STAT,2024-12-14 23:50,2024-12-15 00:13,2024-12-15 01:29
LAB724119,ENC110123,PT10575,HGB,Hemoglobin,13.6,g/dL,12,17.5,N,STAT,2024-12-15 00:01,2024-12-15 00:32,2024-12-15 01:09
LAB724120,ENC110123,PT10575,NA,Sodium,140,mmol/L,136,145,N,Routine,2024-12-14 23:48,2024-12-15 00:03,2024-12-15 07:02
LAB724121,ENC110123,PT10575,K,Potassium,4,mmol/L,3.5,5.1,N,STAT,2024-12-14 23:24,2024-12-14 23:46,2024-12-15 00:19
LAB724122,ENC110124,PT10758,GLU,Glucose,104,mg/dL,70,99,H,Routine,2024-12-15 04:47,2024-12-15 04:57,2024-12-15 06:28
LAB724123,ENC110124,PT10758,CREAT,Creatinine,1.76,mg/dL,0.6,1.3,H,Routine,2024-12-15 05:29,2024-12-15 05:51,2024-12-15 07:51
LAB724124,ENC110124,PT10758,WBC,White Blood Cell Count,8.4,K/uL,4.5,11,N,STAT,2024-12-15 05:11,2024-12-15 05:26,2024-12-15 06:06
LAB724125,ENC110124,PT10758,HGB,Hemoglobin,14.6,g/dL,12,17.5,N,STAT,2024-12-15 05:09,2024-12-15 05:40,2024-12-15 06:43
LAB724126,ENC110124,PT10758,NA,Sodium,140,mmol/L,136,145,N,STAT,2024-12-15 04:51,2024-12-15 05:01,2024-12-15 05:55
LAB724127,ENC110124,PT10758,K,Potassium,5,mmol/L,3.5,5.1,N,STAT,2024-12-15 05:30,2024-12-15 05:40,2024-12-15 06:39
LAB724128,ENC110125,PT11655,GLU,Glucose,71,mg/dL,70,99,N,Routine,2024-12-15 05:23,2024-12-15 05:36,2024-12-15 07:50
LAB724129,ENC110125,PT11655,CREAT,Creatinine,1.07,mg/dL,0.6,1.3,N,Routine,2024-12-15 05:41,2024-12-15 06:03,2024-12-15 09:41
LAB724130,ENC110125,PT11655,WBC,White Blood Cell Count,7.7,K/uL,4.5,11,N,Routine,2024-12-15 05:54,2024-12-15 06:00,2024-12-15 08:25
LAB724131,ENC110127,PT10701,TROP,"Troponin I, High Sensitivity",6,ng/L,0,34,N,STAT,2024-12-15 10:03,2024-12-15 10:23,2024-12-15 11:06
LAB724132,ENC110128,PT13206,GLU,Glucose,119,mg/dL,70,99,H,STAT,2024-12-15 15:25,2024-12-15 15:59,2024-12-15 17:15
LAB724133,ENC110128,PT13206,CREAT,Creatinine,1.01,mg/dL,0.6,1.3,N,Routine,2024-12-15 14:30,2024-12-15 14:42,2024-12-15 17:40
LAB724134,ENC110128,PT13206,WBC,White Blood Cell Count,6.8,K/uL,4.5,11,N,Routine,2024-12-15 15:28,2024-12-15 15:56,2024-12-15 18:21
LAB724135,ENC110128,PT13206,TROP,"Troponin I, High Sensitivity",11,ng/L,0,34,N,STAT,2024-12-15 15:19,2024-12-15 15:27,2024-12-15 16:12
LAB724136,ENC110130,PT12586,GLU,Glucose,83,mg/dL,70,99,N,Routine,2024-12-15 23:46,2024-12-16 00:12,2024-12-16 04:24
LAB724137,ENC110130,PT12586,CREAT,Creatinine,1.18,mg/dL,0.6,1.3,N,STAT,2024-12-15 23:17,2024-12-15 23:27,2024-12-15 23:53
LAB724138,ENC110130,PT12586,WBC,White Blood Cell Count,7.3,K/uL,4.5,11,N,STAT,2024-12-15 22:42,2024-12-15 23:07,2024-12-15 23:49
LAB724139,ENC110130,PT12586,HGB,Hemoglobin,18.4,g/dL,12,17.5,H,Routine,2024-12-15 22:43,2024-12-15 23:07,2024-12-16 04:42
LAB724140,ENC110134,PT10171,GLU,Glucose,118,mg/dL,70,99,H,STAT,2024-12-16 05:44,2024-12-16 06:19,2024-12-16 07:13
LAB724141,ENC110134,PT10171,CREAT,Creatinine,1.23,mg/dL,0.6,1.3,N,STAT,2024-12-16 04:54,2024-12-16 05:27,2024-12-16 06:47
LAB724142,ENC110134,PT10171,WBC,White Blood Cell Count,15.6,K/uL,4.5,11,H,STAT,2024-12-16 05:35,2024-12-16 05:41,2024-12-16 06:40
LAB724143,ENC110135,PT10174,GLU,Glucose,101,mg/dL,70,99,H,STAT,2024-12-16 05:48,2024-12-16 05:56,2024-12-16 06:32
LAB724144,ENC110135,PT10174,CREAT,Creatinine,0.98,mg/dL,0.6,1.3,N,STAT,2024-12-16 06:38,2024-12-16 06:42,2024-12-16 07:55
LAB724145,ENC110135,PT10174,WBC,White Blood Cell Count,6,K/uL,4.5,11,N,STAT,2024-12-16 06:29,2024-12-16 06:40,2024-12-16 07:10
LAB724146,ENC110135,PT10174,HGB,Hemoglobin,15.2,g/dL,12,17.5,N,STAT,2024-12-16 05:53,2024-12-16 06:25,2024-12-16 08:47
LAB724147,ENC110135,PT10174,NA,Sodium,138,mmol/L,136,145,N,STAT,2024-12-16 06:20,2024-12-16 06:24,2024-12-16 07:10
LAB724148,ENC110135,PT10174,K,Potassium,4,mmol/L,3.5,5.1,N,STAT,2024-12-16 06:29,2024-12-16 06:43,2024-12-16 08:11
LAB724149,ENC110136,PT12624,GLU,Glucose,117,mg/dL,70,99,H,STAT,2024-12-16 06:59,2024-12-16 07:22,2024-12-16 08:08
LAB724150,ENC110136,PT12624,CREAT,Creatinine,0.81,mg/dL,0.6,1.3,N,STAT,2024-12-16 07:06,2024-12-16 07:34,2024-12-16 08:21
LAB724151,ENC110136,PT12624,WBC,White Blood Cell Count,7.5,K/uL,4.5,11,N,Routine,2024-12-16 06:48,2024-12-16 06:53,2024-12-16 07:44
LAB724152,ENC110136,PT12624,HGB,Hemoglobin,10.9,g/dL,12,17.5,L,STAT,2024-12-16 06:43,2024-12-16 07:07,2024-12-16 07:57
LAB724153,ENC110137,PT11405,GLU,Glucose,114,mg/dL,70,99,H,STAT,2024-12-16 09:40,2024-12-16 09:53,2024-12-16 10:59
LAB724154,ENC110137,PT11405,CREAT,Creatinine,1.1,mg/dL,0.6,1.3,N,STAT,2024-12-16 10:16,2024-12-16 10:23,2024-12-16 10:58
LAB724155,ENC110137,PT11405,WBC,White Blood Cell Count,2.4,K/uL,4.5,11,L,Routine,2024-12-16 09:47,2024-12-16 10:15,2024-12-16 11:24
LAB724156,ENC110137,PT11405,HGB,Hemoglobin,12.5,g/dL,12,17.5,N,STAT,2024-12-16 09:44,2024-12-16 10:10,2024-12-16 11:26
LAB724157,ENC110138,PT10556,GLU,Glucose,109,mg/dL,70,99,H,Routine,2024-12-16 13:08,2024-12-16 13:14,2024-12-16 15:12
LAB724158,ENC110138,PT10556,CREAT,Creatinine,0.92,mg/dL,0.6,1.3,N,Routine,2024-12-16 12:55,2024-12-16 13:16,2024-12-16 16:58
LAB724159,ENC110138,PT10556,WBC,White Blood Cell Count,16.1,K/uL,4.5,11,H,Routine,2024-12-16 12:35,2024-12-16 12:45,2024-12-16 15:18
LAB724160,ENC110138,PT10556,HGB,Hemoglobin,11.5,g/dL,12,17.5,L,STAT,2024-12-16 12:13,2024-12-16 12:25,2024-12-16 13:21
LAB724161,ENC110139,PT12678,GLU,Glucose,139,mg/dL,70,99,H,Routine,2024-12-16 12:01,2024-12-16 12:12,2024-12-16 15:07
LAB724162,ENC110139,PT12678,CREAT,Creatinine,0.55,mg/dL,0.6,1.3,L,STAT,2024-12-16 11:56,2024-12-16 12:14,2024-12-16 13:12
LAB724163,ENC110139,PT12678,WBC,White Blood Cell Count,5.1,K/uL,4.5,11,N,STAT,2024-12-16 11:53,2024-12-16 12:20,2024-12-16 12:49
LAB724164,ENC110139,PT12678,HGB,Hemoglobin,14.5,g/dL,12,17.5,N,Routine,2024-12-16 12:02,2024-12-16 12:14,2024-12-16 13:38
LAB724165,ENC110139,PT12678,NA,Sodium,136,mmol/L,136,145,N,Routine,2024-12-16 11:42,2024-12-16 11:53,2024-12-16 13:32
LAB724166,ENC110139,PT12678,K,Potassium,4.4,mmol/L,3.5,5.1,N,STAT,2024-12-16 11:25,2024-12-16 11:37,2024-12-16 12:13
LAB724167,ENC110141,PT10613,WBC,White Blood Cell Count,9.4,K/uL,4.5,11,N,Routine,2024-12-16 08:48,2024-12-16 09:21,2024-12-16 11:37
LAB724168,ENC110141,PT10613,HGB,Hemoglobin,12,g/dL,12,17.5,N,Routine,2024-12-16 08:36,2024-12-16 09:11,2024-12-16 11:09
LAB724169,ENC110141,PT10613,PLT,Platelet Count,251,K/uL,150,400,N,Routine,2024-12-16 08:56,2024-12-16 09:05,2024-12-16 11:36
LAB724170,ENC110143,PT13117,GLU,Glucose,95,mg/dL,70,99,N,STAT,2024-12-16 09:47,2024-12-16 10:08,2024-12-16 10:58
LAB724171,ENC110143,PT13117,CREAT,Creatinine,1.04,mg/dL,0.6,1.3,N,STAT,2024-12-16 09:40,2024-12-16 09:58,2024-12-16 10:39
LAB724172,ENC110143,PT13117,WBC,White Blood Cell Count,5.4,K/uL,4.5,11,N,STAT,2024-12-16 10:06,2024-12-16 10:35,2024-12-16 12:05
LAB724173,ENC110143,PT13117,HGB,Hemoglobin,12.5,g/dL,12,17.5,N,STAT,2024-12-16 10:06,2024-12-16 10:14,2024-12-16 10:52
LAB724174,ENC110143,PT13117,NA,Sodium,137,mmol/L,136,145,N,Routine,2024-12-16 09:49,2024-12-16 10:02,2024-12-16 16:18
LAB724175,ENC110143,PT13117,K,Potassium,4.3,mmol/L,3.5,5.1,N,STAT,2024-12-16 10:05,2024-12-16 10:11,2024-12-16 11:04
LAB724176,ENC110145,PT10496,WBC,White Blood Cell Count,7.4,K/uL,4.5,11,N,Routine,2024-12-16 09:24,2024-12-16 09:53,2024-12-16 11:42
LAB724177,ENC110145,PT10496,HGB,Hemoglobin,11.3,g/dL,12,17.5,L,Routine,2024-12-16 09:28,2024-12-16 09:39,2024-12-16 12:13
LAB724178,ENC110145,PT10496,PLT,Platelet Count,90,K/uL,150,400,L,Routine,2024-12-16 09:39,2024-12-16 09:58,2024-12-16 11:52
LAB724179,ENC110146,PT11176,GLU,Glucose,109,mg/dL,70,99,H,STAT,2024-12-16 12:49,2024-12-16 13:06,2024-12-16 13:58
LAB724180,ENC110146,PT11176,CREAT,Creatinine,1.76,mg/dL,0.6,1.3,H,Routine,2024-12-16 12:41,2024-12-16 12:46,2024-12-16 15:31
LAB724181,ENC110146,PT11176,WBC,White Blood Cell Count,2.1,K/uL,4.5,11,L,STAT,2024-12-16 13:12,2024-12-16 13:21,2024-12-16 13:54
LAB724182,ENC110146,PT11176,HGB,Hemoglobin,14.5,g/dL,12,17.5,N,Routine,2024-12-16 12:52,2024-12-16 13:08,2024-12-16 16:17
LAB724183,ENC110146,PT11176,LACT,Lactate,3.2,mmol/L,0.5,2,H,STAT,2024-12-16 12:32,2024-12-16 13:07,2024-12-16 13:50
LAB724184,ENC110147,PT13104,GLU,Glucose,114,mg/dL,70,99,H,STAT,2024-12-16 10:25,2024-12-16 10:48,2024-12-16 11:34
LAB724185,ENC110147,PT13104,CREAT,Creatinine,0.85,mg/dL,0.6,1.3,N,Routine,2024-12-16 09:53,2024-12-16 10:03,2024-12-16 10:43
LAB724186,ENC110147,PT13104,WBC,White Blood Cell Count,13.1,K/uL,4.5,11,H,STAT,2024-12-16 10:11,2024-12-16 10:21,2024-12-16 11:01
LAB724187,ENC110149,PT12101,GLU,Glucose,99,mg/dL,70,99,N,STAT,2024-12-16 10:39,2024-12-16 11:09,2024-12-16 12:02
LAB724188,ENC110149,PT12101,CREAT,Creatinine,1.33,mg/dL,0.6,1.3,H,STAT,2024-12-16 11:26,2024-12-16 11:57,2024-12-16 12:44
LAB724189,ENC110149,PT12101,WBC,White Blood Cell Count,5.3,K/uL,4.5,11,N,STAT,2024-12-16 11:36,2024-12-16 12:08,2024-12-16 12:48
LAB724190,ENC110149,PT12101,HGB,Hemoglobin,16.8,g/dL,12,17.5,N,Routine,2024-12-16 11:35,2024-12-16 11:44,2024-12-16 18:57
LAB724191,ENC110153,PT10316,LDL,LDL Cholesterol,144,mg/dL,0,99,H,Routine,2024-12-16 11:26,2024-12-16 12:01,2024-12-17 07:23
LAB724192,ENC110154,PT13073,GLU,Glucose,196,mg/dL,70,99,H,Routine,2024-12-16 11:57,2024-12-16 12:30,2024-12-16 15:23
LAB724193,ENC110154,PT13073,CREAT,Creatinine,1.1,mg/dL,0.6,1.3,N,STAT,2024-12-16 11:38,2024-12-16 12:06,2024-12-16 12:46
LAB724194,ENC110154,PT13073,WBC,White Blood Cell Count,8.7,K/uL,4.5,11,N,STAT,2024-12-16 12:30,2024-12-16 13:04,2024-12-16 13:40
LAB724195,ENC110156,PT10961,GLU,Glucose,94,mg/dL,70,99,N,Routine,2024-12-16 12:43,2024-12-16 13:06,2024-12-16 16:51
LAB724196,ENC110156,PT10961,CREAT,Creatinine,0.41,mg/dL,0.6,1.3,L,Routine,2024-12-16 12:54,2024-12-16 13:08,2024-12-16 15:03
LAB724197,ENC110156,PT10961,WBC,White Blood Cell Count,6.3,K/uL,4.5,11,N,Routine,2024-12-16 13:00,2024-12-16 13:34,2024-12-16 20:16
LAB724198,ENC110156,PT10961,HGB,Hemoglobin,13.2,g/dL,12,17.5,N,Routine,2024-12-16 13:19,2024-12-16 13:48,2024-12-16 16:40
LAB724199,ENC110157,PT11641,A1C,Hemoglobin A1c,5.8,%,4,5.6,H,Routine,2024-12-16 13:36,2024-12-16 14:07,2024-12-17 14:20
LAB724200,ENC110158,PT11481,GLU,Glucose,176,mg/dL,70,99,H,Routine,2024-12-16 14:08,2024-12-16 14:12,2024-12-16 15:56
LAB724201,ENC110158,PT11481,CREAT,Creatinine,1.51,mg/dL,0.6,1.3,H,Routine,2024-12-16 14:26,2024-12-16 14:40,2024-12-16 18:57
LAB724202,ENC110158,PT11481,WBC,White Blood Cell Count,5.9,K/uL,4.5,11,N,Routine,2024-12-16 14:53,2024-12-16 15:15,2024-12-16 18:19
LAB724203,ENC110158,PT11481,A1C,Hemoglobin A1c,11,%,4,5.6,H,STAT,2024-12-16 14:04,2024-12-16 14:22,2024-12-16 15:09
LAB724204,ENC110159,PT11419,GLU,Glucose,105,mg/dL,70,99,H,Routine,2024-12-16 14:42,2024-12-16 15:02,2024-12-16 16:23
LAB724205,ENC110159,PT11419,CREAT,Creatinine,1,mg/dL,0.6,1.3,N,STAT,2024-12-16 15:12,2024-12-16 15:32,2024-12-16 16:03
LAB724206,ENC110162,PT12203,WBC,White Blood Cell Count,6,K/uL,4.5,11,N,Routine,2024-12-16 14:40,2024-12-16 15:15,2024-12-16 17:40
LAB724207,ENC110162,PT12203,HGB,Hemoglobin,12.3,g/dL,12,17.5,N,Routine,2024-12-16 14:21,2024-12-16 14:51,2024-12-16 18:23
LAB724208,ENC110162,PT12203,PLT,Platelet Count,235,K/uL,150,400,N,Routine,2024-12-16 14:35,2024-12-16 14:58,2024-12-16 17:16
LAB724209,ENC110171,PT13402,GLU,Glucose,97,mg/dL,70,99,N,Routine,2024-12-16 20:41,2024-12-16 21:00,2024-12-17 02:37
LAB724210,ENC110171,PT13402,CREAT,Creatinine,0.84,mg/dL,0.6,1.3,N,STAT,2024-12-16 20:32,2024-12-16 20:39,2024-12-16 21:33
LAB724211,ENC110171,PT13402,WBC,White Blood Cell Count,6.1,K/uL,4.5,11,N,STAT,2024-12-16 20:01,2024-12-16 20:36,2024-12-16 21:42
LAB724212,ENC110171,PT13402,HGB,Hemoglobin,14.1,g/dL,12,17.5,N,STAT,2024-12-16 20:48,2024-12-16 21:04,2024-12-16 21:43
LAB724213,ENC110171,PT13402,NA,Sodium,139,mmol/L,136,145,N,Routine,2024-12-16 20:58,2024-12-16 21:11,2024-12-16 22:33
LAB724214,ENC110171,PT13402,K,Potassium,4.2,mmol/L,3.5,5.1,N,STAT,2024-12-16 19:50,2024-12-16 20:18,2024-12-16 20:39
LAB724215,ENC110172,PT12744,GLU,Glucose,116,mg/dL,70,99,H,Routine,2024-12-16 20:42,2024-12-16 20:46,2024-12-17 02:15
LAB724216,ENC110172,PT12744,CREAT,Creatinine,0.61,mg/dL,0.6,1.3,N,Routine,2024-12-16 21:02,2024-12-16 21:33,2024-12-17 00:32
LAB724217,ENC110172,PT12744,WBC,White Blood Cell Count,7.4,K/uL,4.5,11,N,STAT,2024-12-16 21:16,2024-12-16 21:39,2024-12-16 22:49
LAB724218,ENC110172,PT12744,HGB,Hemoglobin,7.4,g/dL,12,17.5,L,STAT,2024-12-16 21:25,2024-12-16 21:33,2024-12-16 22:18
LAB724219,ENC110172,PT12744,NA,Sodium,144,mmol/L,136,145,N,STAT,2024-12-16 20:48,2024-12-16 21:21,2024-12-16 22:18
LAB724220,ENC110172,PT12744,K,Potassium,4,mmol/L,3.5,5.1,N,STAT,2024-12-16 21:48,2024-12-16 21:57,2024-12-16 22:39
LAB724221,ENC110172,PT12744,LACT,Lactate,3,mmol/L,0.5,2,H,STAT,2024-12-16 21:40,2024-12-16 22:09,2024-12-16 22:46
LAB724222,ENC110172,PT12744,INR,Prothrombin Time INR,0.9,ratio,0.8,1.2,N,Routine,2024-12-16 21:23,2024-12-16 21:57,2024-12-16 23:39
LAB724223,ENC110173,PT13300,GLU,Glucose,168,mg/dL,70,99,H,Routine,2024-12-16 21:01,2024-12-16 21:14,2024-12-17 01:52
LAB724224,ENC110173,PT13300,CREAT,Creatinine,1.47,mg/dL,0.6,1.3,H,STAT,2024-12-16 21:02,2024-12-16 21:32,2024-12-16 22:16
LAB724225,ENC110173,PT13300,WBC,White Blood Cell Count,18.3,K/uL,4.5,11,H,STAT,2024-12-16 20:58,2024-12-16 21:27,2024-12-16 22:34
LAB724226,ENC110173,PT13300,HGB,Hemoglobin,14.4,g/dL,12,17.5,N,Routine,2024-12-16 20:21,2024-12-16 20:25,2024-12-17 00:07
LAB724227,ENC110173,PT13300,NA,Sodium,141,mmol/L,136,145,N,STAT,2024-12-16 21:21,2024-12-16 21:44,2024-12-16 22:39
LAB724228,ENC110173,PT13300,K,Potassium,4.7,mmol/L,3.5,5.1,N,STAT,2024-12-16 20:53,2024-12-16 20:58,2024-12-16 22:34
LAB724229,ENC110173,PT13300,LACT,Lactate,1.7,mmol/L,0.5,2,N,STAT,2024-12-16 20:19,2024-12-16 20:37,2024-12-16 21:44
LAB724230,ENC110174,PT12874,GLU,Glucose,114,mg/dL,70,99,H,Routine,2024-12-16 18:15,2024-12-16 18:50,2024-12-16 21:52
LAB724231,ENC110174,PT12874,CREAT,Creatinine,1.24,mg/dL,0.6,1.3,N,Routine,2024-12-16 18:06,2024-12-16 18:11,2024-12-16 21:18
LAB724232,ENC110176,PT10235,GLU,Glucose,83,mg/dL,70,99,N,STAT,2024-12-17 00:06,2024-12-17 00:32,2024-12-17 00:56
LAB724233,ENC110176,PT10235,CREAT,Creatinine,0.8,mg/dL,0.6,1.3,N,STAT,2024-12-17 00:09,2024-12-17 00:17,2024-12-17 00:58
LAB724234,ENC110176,PT10235,WBC,White Blood Cell Count,8.5,K/uL,4.5,11,N,STAT,2024-12-16 23:22,2024-12-16 23:28,2024-12-17 00:10
LAB724235,ENC110176,PT10235,HGB,Hemoglobin,15.6,g/dL,12,17.5,N,STAT,2024-12-16 23:30,2024-12-16 23:37,2024-12-17 00:18
LAB724236,ENC110178,PT11138,GLU,Glucose,98,mg/dL,70,99,N,STAT,2024-12-17 00:51,2024-12-17 01:25,2024-12-17 01:52
LAB724237,ENC110178,PT11138,CREAT,Creatinine,0.81,mg/dL,0.6,1.3,N,STAT,2024-12-17 00:45,2024-12-17 01:15,2024-12-17 01:44
LAB724238,ENC110178,PT11138,WBC,White Blood Cell Count,8.7,K/uL,4.5,11,N,Routine,2024-12-17 00:46,2024-12-17 01:05,2024-12-17 04:02
LAB724239,ENC110178,PT11138,HGB,Hemoglobin,10.3,g/dL,12,17.5,L,Routine,2024-12-17 00:44,2024-12-17 00:50,2024-12-17 02:13
LAB724240,ENC110178,PT11138,NA,Sodium,138,mmol/L,136,145,N,STAT,2024-12-17 00:41,2024-12-17 01:14,2024-12-17 01:42
LAB724241,ENC110178,PT11138,K,Potassium,4.2,mmol/L,3.5,5.1,N,STAT,2024-12-17 01:00,2024-12-17 01:20,2024-12-17 01:54
LAB724242,ENC110178,PT11138,TROP,"Troponin I, High Sensitivity",10,ng/L,0,34,N,STAT,2024-12-17 01:24,2024-12-17 01:49,2024-12-17 03:06
LAB724243,ENC110178,PT11138,BNP,B-Type Natriuretic Peptide,1774,pg/mL,0,100,H,Routine,2024-12-17 01:19,2024-12-17 01:35,2024-12-17 07:15
LAB724244,ENC110179,PT10184,GLU,Glucose,129,mg/dL,70,99,H,STAT,2024-12-17 00:28,2024-12-17 00:41,2024-12-17 01:30
LAB724245,ENC110179,PT10184,CREAT,Creatinine,0.96,mg/dL,0.6,1.3,N,STAT,2024-12-17 00:11,2024-12-17 00:42,2024-12-17 01:18
LAB724246,ENC110179,PT10184,WBC,White Blood Cell Count,9.2,K/uL,4.5,11,N,Routine,2024-12-17 00:28,2024-12-17 00:53,2024-12-17 02:30
LAB724247,ENC110179,PT10184,HGB,Hemoglobin,14.1,g/dL,12,17.5,N,STAT,2024-12-17 00:47,2024-12-17 01:16,2024-12-17 01:45
LAB724248,ENC110180,PT13397,TROP,"Troponin I, High Sensitivity",6,ng/L,0,34,N,STAT,2024-12-17 03:49,2024-12-17 04:01,2024-12-17 04:28
LAB724249,ENC110181,PT13406,GLU,Glucose,69,mg/dL,70,99,L,STAT,2024-12-17 07:15,2024-12-17 07:20,2024-12-17 08:12
LAB724250,ENC110181,PT13406,CREAT,Creatinine,0.86,mg/dL,0.6,1.3,N,STAT,2024-12-17 07:09,2024-12-17 07:28,2024-12-17 09:32
LAB724251,ENC110181,PT13406,WBC,White Blood Cell Count,9.4,K/uL,4.5,11,N,Routine,2024-12-17 07:03,2024-12-17 07:33,2024-12-17 14:00
LAB724252,ENC110181,PT13406,HGB,Hemoglobin,11.3,g/dL,12,17.5,L,Routine,2024-12-17 07:28,2024-12-17 07:45,2024-12-17 09:00
LAB724253,ENC110184,PT11849,GLU,Glucose,110,mg/dL,70,99,H,Routine,2024-12-17 10:07,2024-12-17 10:18,2024-12-17 11:11
LAB724254,ENC110184,PT11849,CREAT,Creatinine,0.85,mg/dL,0.6,1.3,N,STAT,2024-12-17 10:31,2024-12-17 10:50,2024-12-17 11:49
LAB724255,ENC110184,PT11849,WBC,White Blood Cell Count,10.2,K/uL,4.5,11,N,Routine,2024-12-17 10:30,2024-12-17 11:04,2024-12-17 13:44
LAB724256,ENC110184,PT11849,HGB,Hemoglobin,10.6,g/dL,12,17.5,L,STAT,2024-12-17 10:22,2024-12-17 10:26,2024-12-17 11:00
LAB724257,ENC110184,PT11849,LACT,Lactate,2.4,mmol/L,0.5,2,H,STAT,2024-12-17 10:00,2024-12-17 10:20,2024-12-17 11:04
LAB724258,ENC110184,PT11849,INR,Prothrombin Time INR,1,ratio,0.8,1.2,N,STAT,2024-12-17 10:29,2024-12-17 10:56,2024-12-17 11:23
LAB724259,ENC110185,PT13592,A1C,Hemoglobin A1c,7.3,%,4,5.6,H,Routine,2024-12-17 10:03,2024-12-17 10:12,2024-12-17 23:25
LAB724260,ENC110186,PT10210,LDL,LDL Cholesterol,178,mg/dL,0,99,H,Routine,2024-12-17 10:05,2024-12-17 10:37,2024-12-18 04:42
LAB724261,ENC110189,PT12358,GLU,Glucose,94,mg/dL,70,99,N,STAT,2024-12-17 14:34,2024-12-17 15:00,2024-12-17 15:58
LAB724262,ENC110189,PT12358,CREAT,Creatinine,0.9,mg/dL,0.6,1.3,N,Routine,2024-12-17 15:07,2024-12-17 15:35,2024-12-17 18:56
LAB724263,ENC110189,PT12358,WBC,White Blood Cell Count,6.9,K/uL,4.5,11,N,STAT,2024-12-17 15:31,2024-12-17 15:56,2024-12-17 17:01
LAB724264,ENC110189,PT12358,HGB,Hemoglobin,13.8,g/dL,12,17.5,N,STAT,2024-12-17 15:13,2024-12-17 15:38,2024-12-17 16:17
LAB724265,ENC110191,PT11462,GLU,Glucose,114,mg/dL,70,99,H,STAT,2024-12-17 15:39,2024-12-17 15:59,2024-12-17 16:31
LAB724266,ENC110191,PT11462,CREAT,Creatinine,2.06,mg/dL,0.6,1.3,H,STAT,2024-12-17 15:56,2024-12-17 16:12,2024-12-17 16:42
LAB724267,ENC110191,PT11462,WBC,White Blood Cell Count,20.7,K/uL,4.5,11,H,STAT,2024-12-17 16:14,2024-12-17 16:41,2024-12-17 18:36
LAB724268,ENC110191,PT11462,HGB,Hemoglobin,13.2,g/dL,12,17.5,N,Routine,2024-12-17 16:15,2024-12-17 16:33,2024-12-17 19:38
LAB724269,ENC110191,PT11462,LACT,Lactate,3.2,mmol/L,0.5,2,H,STAT,2024-12-17 16:02,2024-12-17 16:23,2024-12-17 16:47
LAB724270,ENC110192,PT12811,GLU,Glucose,113,mg/dL,70,99,H,STAT,2024-12-17 15:20,2024-12-17 15:32,2024-12-17 16:52
LAB724271,ENC110192,PT12811,CREAT,Creatinine,1,mg/dL,0.6,1.3,N,STAT,2024-12-17 15:28,2024-12-17 15:43,2024-12-17 16:32
LAB724272,ENC110192,PT12811,WBC,White Blood Cell Count,7.3,K/uL,4.5,11,N,STAT,2024-12-17 15:39,2024-12-17 15:43,2024-12-17 16:23
LAB724273,ENC110192,PT12811,HGB,Hemoglobin,13.3,g/dL,12,17.5,N,STAT,2024-12-17 15:09,2024-12-17 15:20,2024-12-17 17:36
LAB724274,ENC110192,PT12811,NA,Sodium,140,mmol/L,136,145,N,STAT,2024-12-17 15:41,2024-12-17 15:49,2024-12-17 16:11
LAB724275,ENC110192,PT12811,K,Potassium,4.9,mmol/L,3.5,5.1,N,STAT,2024-12-17 15:13,2024-12-17 15:24,2024-12-17 16:25
LAB724276,ENC110194,PT13163,A1C,Hemoglobin A1c,8.7,%,4,5.6,H,Routine,2024-12-17 13:09,2024-12-17 13:44,2024-12-17 22:46
LAB724277,ENC110194,PT13163,GLU,Glucose,156,mg/dL,70,99,H,Routine,2024-12-17 13:11,2024-12-17 13:26,2024-12-17 16:18
LAB724278,ENC110194,PT13163,CREAT,Creatinine,0.84,mg/dL,0.6,1.3,N,Routine,2024-12-17 13:08,2024-12-17 13:40,2024-12-17 15:44
LAB724279,ENC110195,PT10721,GLU,Glucose,117,mg/dL,70,99,H,STAT,2024-12-17 15:17,2024-12-17 15:28,2024-12-17 15:59
LAB724280,ENC110195,PT10721,CREAT,Creatinine,0.89,mg/dL,0.6,1.3,N,Routine,2024-12-17 15:55,2024-12-17 16:27,2024-12-17 20:36
LAB724281,ENC110195,PT10721,WBC,White Blood Cell Count,8.2,K/uL,4.5,11,N,STAT,2024-12-17 15:47,2024-12-17 16:22,2024-12-17 17:07
LAB724282,ENC110195,PT10721,HGB,Hemoglobin,12.6,g/dL,12,17.5,N,Routine,2024-12-17 15:19,2024-12-17 15:34,2024-12-17 17:57
LAB724283,ENC110195,PT10721,BUN,Blood Urea Nitrogen,12,mg/dL,7,20,N,Routine,2024-12-17 15:03,2024-12-17 15:10,2024-12-17 17:17
LAB724284,ENC110195,PT10721,PLT,Platelet Count,256,K/uL,150,400,N,STAT,2024-12-17 15:22,2024-12-17 15:45,2024-12-17 16:27
LAB724285,ENC110198,PT11837,GLU,Glucose,96,mg/dL,70,99,N,STAT,2024-12-17 14:31,2024-12-17 14:36,2024-12-17 15:39
LAB724286,ENC110198,PT11837,CREAT,Creatinine,1.04,mg/dL,0.6,1.3,N,Routine,2024-12-17 14:47,2024-12-17 15:13,2024-12-17 17:44
LAB724287,ENC110198,PT11837,WBC,White Blood Cell Count,7.3,K/uL,4.5,11,N,STAT,2024-12-17 13:56,2024-12-17 14:24,2024-12-17 14:59
LAB724288,ENC110199,PT11287,A1C,Hemoglobin A1c,8.5,%,4,5.6,H,Routine,2024-12-17 13:54,2024-12-17 14:16,2024-12-17 21:31
LAB724289,ENC110199,PT11287,GLU,Glucose,278,mg/dL,70,99,H,Routine,2024-12-17 14:00,2024-12-17 14:25,2024-12-17 15:31
LAB724290,ENC110199,PT11287,CREAT,Creatinine,1.21,mg/dL,0.6,1.3,N,Routine,2024-12-17 14:15,2024-12-17 14:37,2024-12-17 16:39
LAB724291,ENC110200,PT10195,A1C,Hemoglobin A1c,5.6,%,4,5.6,N,Routine,2024-12-17 14:09,2024-12-17 14:20,2024-12-18 13:29
LAB724292,ENC110202,PT10648,GLU,Glucose,68,mg/dL,70,99,L,Routine,2024-12-17 18:01,2024-12-17 18:21,2024-12-17 20:24
LAB724293,ENC110202,PT10648,CREAT,Creatinine,0.56,mg/dL,0.6,1.3,L,STAT,2024-12-17 18:04,2024-12-17 18:32,2024-12-17 19:28
LAB724294,ENC110202,PT10648,WBC,White Blood Cell Count,8.4,K/uL,4.5,11,N,STAT,2024-12-17 17:40,2024-12-17 17:48,2024-12-17 18:10
LAB724295,ENC110202,PT10648,HGB,Hemoglobin,12.1,g/dL,12,17.5,N,STAT,2024-12-17 18:08,2024-12-17 18:37,2024-12-17 20:33
LAB724296,ENC110202,PT10648,BUN,Blood Urea Nitrogen,14,mg/dL,7,20,N,STAT,2024-12-17 17:48,2024-12-17 18:22,2024-12-17 19:41
LAB724297,ENC110202,PT10648,PLT,Platelet Count,213,K/uL,150,400,N,STAT,2024-12-17 18:23,2024-12-17 18:41,2024-12-17 19:28
LAB724298,ENC110206,PT10352,GLU,Glucose,211,mg/dL,70,99,H,STAT,2024-12-17 18:41,2024-12-17 19:15,2024-12-17 20:10
LAB724299,ENC110206,PT10352,CREAT,Creatinine,0.99,mg/dL,0.6,1.3,N,Routine,2024-12-17 18:55,2024-12-17 19:26,2024-12-18 01:17
LAB724300,ENC110206,PT10352,WBC,White Blood Cell Count,12.8,K/uL,4.5,11,H,STAT,2024-12-17 18:25,2024-12-17 18:30,2024-12-17 19:16
LAB724301,ENC110206,PT10352,HGB,Hemoglobin,12.9,g/dL,12,17.5,N,STAT,2024-12-17 18:42,2024-12-17 19:13,2024-12-17 20:44
LAB724302,ENC110207,PT12537,GLU,Glucose,90,mg/dL,70,99,N,STAT,2024-12-17 15:22,2024-12-17 15:36,2024-12-17 16:43
LAB724303,ENC110207,PT12537,CREAT,Creatinine,1.17,mg/dL,0.6,1.3,N,STAT,2024-12-17 15:25,2024-12-17 15:44,2024-12-17 16:19
LAB724304,ENC110207,PT12537,WBC,White Blood Cell Count,6.1,K/uL,4.5,11,N,Routine,2024-12-17 16:05,2024-12-17 16:39,2024-12-17 18:43
LAB724305,ENC110207,PT12537,HGB,Hemoglobin,15.2,g/dL,12,17.5,N,STAT,2024-12-17 15:21,2024-12-17 15:56,2024-12-17 16:23
LAB724306,ENC110210,PT13292,GLU,Glucose,102,mg/dL,70,99,H,STAT,2024-12-17 19:13,2024-12-17 19:39,2024-12-17 20:14
LAB724307,ENC110210,PT13292,CREAT,Creatinine,0.61,mg/dL,0.6,1.3,N,STAT,2024-12-17 19:12,2024-12-17 19:32,2024-12-17 20:43
LAB724308,ENC110212,PT10137,GLU,Glucose,110,mg/dL,70,99,H,Routine,2024-12-17 20:43,2024-12-17 21:17,2024-12-18 01:52
LAB724309,ENC110212,PT10137,CREAT,Creatinine,0.89,mg/dL,0.6,1.3,N,Routine,2024-12-17 20:01,2024-12-17 20:28,2024-12-17 23:12
LAB724310,ENC110212,PT10137,WBC,White Blood Cell Count,8.9,K/uL,4.5,11,N,STAT,2024-12-17 19:49,2024-12-17 20:14,2024-12-17 21:07
LAB724311,ENC110214,PT13985,GLU,Glucose,130,mg/dL,70,99,H,STAT,2024-12-18 01:48,2024-12-18 02:21,2024-12-18 02:49
LAB724312,ENC110214,PT13985,CREAT,Creatinine,0.81,mg/dL,0.6,1.3,N,Routine,2024-12-18 01:34,2024-12-18 02:08,2024-12-18 04:43
LAB724313,ENC110214,PT13985,WBC,White Blood Cell Count,9.1,K/uL,4.5,11,N,STAT,2024-12-18 02:19,2024-12-18 02:42,2024-12-18 03:34
LAB724314,ENC110214,PT13985,HGB,Hemoglobin,14,g/dL,12,17.5,N,Routine,2024-12-18 01:46,2024-12-18 01:55,2024-12-18 04:59
LAB724315,ENC110214,PT13985,TROP,"Troponin I, High Sensitivity",4,ng/L,0,34,N,STAT,2024-12-18 01:19,2024-12-18 01:33,2024-12-18 01:58
LAB724316,ENC110214,PT13985,BNP,B-Type Natriuretic Peptide,1366,pg/mL,0,100,H,STAT,2024-12-18 01:21,2024-12-18 01:39,2024-12-18 03:06
LAB724317,ENC110215,PT11944,GLU,Glucose,105,mg/dL,70,99,H,Routine,2024-12-17 23:51,2024-12-18 00:10,2024-12-18 02:33
LAB724318,ENC110215,PT11944,CREAT,Creatinine,2.69,mg/dL,0.6,1.3,H,STAT,2024-12-17 22:52,2024-12-17 23:06,2024-12-17 23:57
LAB724319,ENC110215,PT11944,WBC,White Blood Cell Count,9.4,K/uL,4.5,11,N,STAT,2024-12-17 23:03,2024-12-17 23:26,2024-12-18 00:07
LAB724320,ENC110215,PT11944,HGB,Hemoglobin,10.1,g/dL,12,17.5,L,Routine,2024-12-17 23:26,2024-12-17 23:59,2024-12-18 07:36
LAB724321,ENC110215,PT11944,NA,Sodium,136,mmol/L,136,145,N,STAT,2024-12-17 23:42,2024-12-17 23:47,2024-12-18 00:26
LAB724322,ENC110215,PT11944,K,Potassium,4.1,mmol/L,3.5,5.1,N,STAT,2024-12-17 22:52,2024-12-17 22:56,2024-12-17 23:27
LAB724323,ENC110215,PT11944,TROP,"Troponin I, High Sensitivity",44,ng/L,0,34,H,STAT,2024-12-17 23:01,2024-12-17 23:06,2024-12-17 23:52
LAB724324,ENC110215,PT11944,BNP,B-Type Natriuretic Peptide,1930,pg/mL,0,100,H,Routine,2024-12-17 23:46,2024-12-18 00:17,2024-12-18 02:48
LAB724325,ENC110216,PT13586,GLU,Glucose,351,mg/dL,70,99,H,Routine,2024-12-18 01:39,2024-12-18 02:13,2024-12-18 06:15
LAB724326,ENC110216,PT13586,CREAT,Creatinine,1.7,mg/dL,0.6,1.3,H,STAT,2024-12-18 01:28,2024-12-18 01:36,2024-12-18 03:00
LAB724327,ENC110216,PT13586,WBC,White Blood Cell Count,10.4,K/uL,4.5,11,N,STAT,2024-12-18 01:18,2024-12-18 01:32,2024-12-18 02:20
LAB724328,ENC110216,PT13586,HGB,Hemoglobin,11.1,g/dL,12,17.5,L,STAT,2024-12-18 01:52,2024-12-18 02:27,2024-12-18 03:20
LAB724329,ENC110216,PT13586,NA,Sodium,140,mmol/L,136,145,N,Routine,2024-12-18 02:05,2024-12-18 02:31,2024-12-18 08:16
LAB724330,ENC110216,PT13586,K,Potassium,3.6,mmol/L,3.5,5.1,N,STAT,2024-12-18 01:24,2024-12-18 01:45,2024-12-18 02:47
LAB724331,ENC110216,PT13586,A1C,Hemoglobin A1c,10.4,%,4,5.6,H,Routine,2024-12-18 01:54,2024-12-18 02:28,2024-12-18 14:09
LAB724332,ENC110217,PT10803,GLU,Glucose,117,mg/dL,70,99,H,STAT,2024-12-18 05:04,2024-12-18 05:16,2024-12-18 06:28
LAB724333,ENC110217,PT10803,CREAT,Creatinine,0.91,mg/dL,0.6,1.3,N,STAT,2024-12-18 04:51,2024-12-18 05:03,2024-12-18 05:52
LAB724334,ENC110217,PT10803,WBC,White Blood Cell Count,6.5,K/uL,4.5,11,N,Routine,2024-12-18 05:04,2024-12-18 05:18,2024-12-18 08:40
LAB724335,ENC110218,PT11985,GLU,Glucose,115,mg/dL,70,99,H,Routine,2024-12-18 06:52,2024-12-18 07:05,2024-12-18 10:25
LAB724336,ENC110218,PT11985,CREAT,Creatinine,1.01,mg/dL,0.6,1.3,N,Routine,2024-12-18 05:59,2024-12-18 06:11,2024-12-18 08:08
LAB724337,ENC110218,PT11985,WBC,White Blood Cell Count,8.7,K/uL,4.5,11,N,STAT,2024-12-18 06:55,2024-12-18 07:26,2024-12-18 08:45
LAB724338,ENC110218,PT11985,HGB,Hemoglobin,13.2,g/dL,12,17.5,N,STAT,2024-12-18 06:21,2024-12-18 06:49,2024-12-18 07:31
LAB724339,ENC110219,PT13203,GLU,Glucose,112,mg/dL,70,99,H,STAT,2024-12-18 10:14,2024-12-18 10:19,2024-12-18 11:33
LAB724340,ENC110219,PT13203,CREAT,Creatinine,1.04,mg/dL,0.6,1.3,N,Routine,2024-12-18 09:57,2024-12-18 10:12,2024-12-18 11:23
LAB724341,ENC110219,PT13203,WBC,White Blood Cell Count,13,K/uL,4.5,11,H,STAT,2024-12-18 10:19,2024-12-18 10:50,2024-12-18 11:18
LAB724342,ENC110219,PT13203,HGB,Hemoglobin,13.7,g/dL,12,17.5,N,STAT,2024-12-18 09:38,2024-12-18 09:49,2024-12-18 10:17
LAB724343,ENC110220,PT12635,GLU,Glucose,101,mg/dL,70,99,H,STAT,2024-12-18 08:29,2024-12-18 08:49,2024-12-18 09:35
LAB724344,ENC110220,PT12635,CREAT,Creatinine,0.5,mg/dL,0.6,1.3,L,STAT,2024-12-18 08:21,2024-12-18 08:55,2024-12-18 09:32
LAB724345,ENC110220,PT12635,WBC,White Blood Cell Count,9.7,K/uL,4.5,11,N,Routine,2024-12-18 08:30,2024-12-18 08:58,2024-12-18 12:32
LAB724346,ENC110220,PT12635,TROP,"Troponin I, High Sensitivity",9,ng/L,0,34,N,STAT,2024-12-18 08:55,2024-12-18 09:03,2024-12-18 10:09
LAB724347,ENC110221,PT12447,GLU,Glucose,101,mg/dL,70,99,H,STAT,2024-12-18 12:55,2024-12-18 13:06,2024-12-18 13:46
LAB724348,ENC110221,PT12447,CREAT,Creatinine,1.01,mg/dL,0.6,1.3,N,STAT,2024-12-18 13:41,2024-12-18 14:12,2024-12-18 15:28
LAB724349,ENC110221,PT12447,WBC,White Blood Cell Count,5.5,K/uL,4.5,11,N,STAT,2024-12-18 12:35,2024-12-18 13:03,2024-12-18 13:30
LAB724350,ENC110221,PT12447,HGB,Hemoglobin,12.7,g/dL,12,17.5,N,Routine,2024-12-18 13:42,2024-12-18 14:03,2024-12-18 20:02
LAB724351,ENC110221,PT12447,BUN,Blood Urea Nitrogen,14,mg/dL,7,20,N,Routine,2024-12-18 13:13,2024-12-18 13:36,2024-12-18 15:50
LAB724352,ENC110221,PT12447,PLT,Platelet Count,221,K/uL,150,400,N,STAT,2024-12-18 13:19,2024-12-18 13:39,2024-12-18 14:45
LAB724353,ENC110224,PT13686,GLU,Glucose,182,mg/dL,70,99,H,STAT,2024-12-18 12:21,2024-12-18 12:33,2024-12-18 13:06
LAB724354,ENC110224,PT13686,CREAT,Creatinine,0.93,mg/dL,0.6,1.3,N,STAT,2024-12-18 12:20,2024-12-18 12:26,2024-12-18 13:17
LAB724355,ENC110224,PT13686,WBC,White Blood Cell Count,10.9,K/uL,4.5,11,N,STAT,2024-12-18 12:34,2024-12-18 12:40,2024-12-18 13:52
LAB724356,ENC110224,PT13686,HGB,Hemoglobin,16.3,g/dL,12,17.5,N,STAT,2024-12-18 12:42,2024-12-18 12:53,2024-12-18 13:24
LAB724357,ENC110234,PT11878,A1C,Hemoglobin A1c,5,%,4,5.6,N,Routine,2024-12-18 12:57,2024-12-18 13:15,2024-12-19 10:38
LAB724358,ENC110236,PT10206,LDL,LDL Cholesterol,128,mg/dL,0,99,H,Routine,2024-12-18 13:14,2024-12-18 13:24,2024-12-18 21:24
LAB724359,ENC110236,PT10206,A1C,Hemoglobin A1c,5.5,%,4,5.6,N,Routine,2024-12-18 13:00,2024-12-18 13:06,2024-12-18 21:23
LAB724360,ENC110239,PT13974,GLU,Glucose,95,mg/dL,70,99,N,Routine,2024-12-18 13:54,2024-12-18 14:08,2024-12-18 19:08
LAB724361,ENC110239,PT13974,CREAT,Creatinine,0.48,mg/dL,0.6,1.3,L,Routine,2024-12-18 14:26,2024-12-18 14:52,2024-12-18 19:03
LAB724362,ENC110242,PT12311,GLU,Glucose,95,mg/dL,70,99,N,STAT,2024-12-18 19:17,2024-12-18 19:34,2024-12-18 20:37
LAB724363,ENC110242,PT12311,CREAT,Creatinine,1.05,mg/dL,0.6,1.3,N,STAT,2024-12-18 18:25,2024-12-18 18:31,2024-12-18 19:23
LAB724364,ENC110242,PT12311,WBC,White Blood Cell Count,9.8,K/uL,4.5,11,N,STAT,2024-12-18 18:26,2024-12-18 18:31,2024-12-18 19:13
LAB724365,ENC110242,PT12311,HGB,Hemoglobin,14.3,g/dL,12,17.5,N,STAT,2024-12-18 18:52,2024-12-18 19:01,2024-12-18 19:30
LAB724366,ENC110242,PT12311,TROP,"Troponin I, High Sensitivity",68,ng/L,0,34,H,STAT,2024-12-18 18:41,2024-12-18 19:00,2024-12-18 19:46
LAB724367,ENC110242,PT12311,BNP,B-Type Natriuretic Peptide,632,pg/mL,0,100,H,STAT,2024-12-18 18:59,2024-12-18 19:16,2024-12-18 20:20
LAB724368,ENC110245,PT10695,GLU,Glucose,105,mg/dL,70,99,H,STAT,2024-12-18 15:01,2024-12-18 15:31,2024-12-18 17:09
LAB724369,ENC110245,PT10695,CREAT,Creatinine,0.94,mg/dL,0.6,1.3,N,STAT,2024-12-18 14:37,2024-12-18 14:49,2024-12-18 16:13
LAB724370,ENC110246,PT11306,GLU,Glucose,119,mg/dL,70,99,H,Routine,2024-12-18 14:48,2024-12-18 15:21,2024-12-18 18:42
LAB724371,ENC110246,PT11306,CREAT,Creatinine,0.54,mg/dL,0.6,1.3,L,STAT,2024-12-18 15:14,2024-12-18 15:31,2024-12-18 16:26
LAB724372,ENC110246,PT11306,WBC,White Blood Cell Count,13.5,K/uL,4.5,11,H,Routine,2024-12-18 15:29,2024-12-18 15:53,2024-12-18 17:19
LAB724373,ENC110246,PT11306,HGB,Hemoglobin,14.6,g/dL,12,17.5,N,Routine,2024-12-18 15:22,2024-12-18 15:35,2024-12-18 18:20
LAB724374,ENC110247,PT10034,LDL,LDL Cholesterol,153,mg/dL,0,99,H,Routine,2024-12-18 15:07,2024-12-18 15:11,2024-12-19 03:07
LAB724375,ENC110248,PT13357,GLU,Glucose,63,mg/dL,70,99,L,Routine,2024-12-18 17:06,2024-12-18 17:22,2024-12-18 22:25
LAB724376,ENC110248,PT13357,CREAT,Creatinine,0.86,mg/dL,0.6,1.3,N,Routine,2024-12-18 17:58,2024-12-18 18:26,2024-12-19 01:25
LAB724377,ENC110248,PT13357,WBC,White Blood Cell Count,5.2,K/uL,4.5,11,N,STAT,2024-12-18 17:35,2024-12-18 18:05,2024-12-18 18:33
LAB724378,ENC110248,PT13357,HGB,Hemoglobin,13.1,g/dL,12,17.5,N,STAT,2024-12-18 17:59,2024-12-18 18:10,2024-12-18 18:41
LAB724379,ENC110249,PT12067,GLU,Glucose,117,mg/dL,70,99,H,STAT,2024-12-18 15:27,2024-12-18 16:00,2024-12-18 16:40
LAB724380,ENC110249,PT12067,CREAT,Creatinine,0.89,mg/dL,0.6,1.3,N,STAT,2024-12-18 16:09,2024-12-18 16:14,2024-12-18 16:36
LAB724381,ENC110249,PT12067,WBC,White Blood Cell Count,8.3,K/uL,4.5,11,N,STAT,2024-12-18 15:24,2024-12-18 15:40,2024-12-18 16:28
LAB724382,ENC110249,PT12067,HGB,Hemoglobin,14.2,g/dL,12,17.5,N,Routine,2024-12-18 15:18,2024-12-18 15:32,2024-12-18 19:14
LAB724383,ENC110249,PT12067,TROP,"Troponin I, High Sensitivity",58,ng/L,0,34,H,STAT,2024-12-18 16:24,2024-12-18 16:31,2024-12-18 17:07
LAB724384,ENC110249,PT12067,BNP,B-Type Natriuretic Peptide,1399,pg/mL,0,100,H,STAT,2024-12-18 15:14,2024-12-18 15:22,2024-12-18 15:45
LAB724385,ENC110251,PT13877,WBC,White Blood Cell Count,9,K/uL,4.5,11,N,Routine,2024-12-18 15:49,2024-12-18 16:14,2024-12-18 20:02
LAB724386,ENC110251,PT13877,HGB,Hemoglobin,13.6,g/dL,12,17.5,N,Routine,2024-12-18 15:48,2024-12-18 15:55,2024-12-18 18:02
LAB724387,ENC110251,PT13877,PLT,Platelet Count,266,K/uL,150,400,N,Routine,2024-12-18 15:52,2024-12-18 16:14,2024-12-18 18:55
LAB724388,ENC110252,PT11897,GLU,Glucose,105,mg/dL,70,99,H,Routine,2024-12-18 18:51,2024-12-18 19:08,2024-12-18 20:42
LAB724389,ENC110252,PT11897,CREAT,Creatinine,1.28,mg/dL,0.6,1.3,N,Routine,2024-12-18 18:27,2024-12-18 18:45,2024-12-18 22:34
LAB724390,ENC110252,PT11897,WBC,White Blood Cell Count,7.3,K/uL,4.5,11,N,STAT,2024-12-18 19:08,2024-12-18 19:35,2024-12-18 20:22
LAB724391,ENC110252,PT11897,HGB,Hemoglobin,10.2,g/dL,12,17.5,L,STAT,2024-12-18 18:53,2024-12-18 18:59,2024-12-18 19:56
LAB724392,ENC110252,PT11897,BUN,Blood Urea Nitrogen,10,mg/dL,7,20,N,Routine,2024-12-18 18:12,2024-12-18 18:33,2024-12-19 03:48
LAB724393,ENC110252,PT11897,PLT,Platelet Count,173,K/uL,150,400,N,STAT,2024-12-18 18:57,2024-12-18 19:18,2024-12-18 20:17
LAB724394,ENC110254,PT12509,LDL,LDL Cholesterol,131,mg/dL,0,99,H,Routine,2024-12-18 16:10,2024-12-18 16:14,2024-12-19 15:50
LAB724395,ENC110254,PT12509,TSH,Thyroid Stimulating Hormone,13.75,mIU/L,0.4,4,H,Routine,2024-12-18 16:22,2024-12-18 16:37,2024-12-19 03:08
LAB724396,ENC110255,PT10740,GLU,Glucose,120,mg/dL,70,99,H,STAT,2024-12-18 19:59,2024-12-18 20:05,2024-12-18 20:40
LAB724397,ENC110255,PT10740,CREAT,Creatinine,2.4,mg/dL,0.6,1.3,H,STAT,2024-12-18 19:47,2024-12-18 20:17,2024-12-18 20:52
LAB724398,ENC110255,PT10740,WBC,White Blood Cell Count,2.4,K/uL,4.5,11,L,STAT,2024-12-18 19:00,2024-12-18 19:27,2024-12-18 20:12
LAB724399,ENC110255,PT10740,HGB,Hemoglobin,12.2,g/dL,12,17.5,N,STAT,2024-12-18 19:43,2024-12-18 19:48,2024-12-18 20:12
LAB724400,ENC110258,PT13430,GLU,Glucose,92,mg/dL,70,99,N,Routine,2024-12-19 00:10,2024-12-19 00:35,2024-12-19 02:54
LAB724401,ENC110258,PT13430,CREAT,Creatinine,0.8,mg/dL,0.6,1.3,N,Routine,2024-12-18 23:50,2024-12-19 00:07,2024-12-19 05:42
LAB724402,ENC110258,PT13430,WBC,White Blood Cell Count,7.1,K/uL,4.5,11,N,STAT,2024-12-19 00:02,2024-12-19 00:33,2024-12-19 01:12
LAB724403,ENC110258,PT13430,HGB,Hemoglobin,17,g/dL,12,17.5,N,Routine,2024-12-19 00:04,2024-12-19 00:22,2024-12-19 05:09
LAB724404,ENC110258,PT13430,LACT,Lactate,2.2,mmol/L,0.5,2,H,STAT,2024-12-19 00:27,2024-12-19 00:57,2024-12-19 01:21
LAB724405,ENC110260,PT11963,GLU,Glucose,92,mg/dL,70,99,N,STAT,2024-12-19 07:57,2024-12-19 08:24,2024-12-19 08:42
LAB724406,ENC110260,PT11963,CREAT,Creatinine,1.61,mg/dL,0.6,1.3,H,STAT,2024-12-19 08:03,2024-12-19 08:23,2024-12-19 09:21
LAB724407,ENC110260,PT11963,WBC,White Blood Cell Count,8,K/uL,4.5,11,N,Routine,2024-12-19 08:33,2024-12-19 09:07,2024-12-19 17:54
LAB724408,ENC110260,PT11963,HGB,Hemoglobin,9.8,g/dL,12,17.5,L,STAT,2024-12-19 07:45,2024-12-19 08:08,2024-12-19 08:44
LAB724409,ENC110261,PT13250,GLU,Glucose,118,mg/dL,70,99,H,STAT,2024-12-19 06:49,2024-12-19 07:11,2024-12-19 07:58
LAB724410,ENC110261,PT13250,CREAT,Creatinine,0.73,mg/dL,0.6,1.3,N,Routine,2024-12-19 06:32,2024-12-19 06:48,2024-12-19 08:49
LAB724411,ENC110261,PT13250,WBC,White Blood Cell Count,9.2,K/uL,4.5,11,N,STAT,2024-12-19 06:32,2024-12-19 06:53,2024-12-19 07:39
LAB724412,ENC110261,PT13250,HGB,Hemoglobin,12.5,g/dL,12,17.5,N,Routine,2024-12-19 06:14,2024-12-19 06:42,2024-12-19 08:41
LAB724413,ENC110262,PT13321,GLU,Glucose,103,mg/dL,70,99,H,Routine,2024-12-19 10:52,2024-12-19 11:10,2024-12-19 17:02
LAB724414,ENC110262,PT13321,CREAT,Creatinine,0.66,mg/dL,0.6,1.3,N,STAT,2024-12-19 11:01,2024-12-19 11:27,2024-12-19 12:27
LAB724415,ENC110262,PT13321,WBC,White Blood Cell Count,17.5,K/uL,4.5,11,H,Routine,2024-12-19 11:20,2024-12-19 11:48,2024-12-19 13:57
LAB724416,ENC110262,PT13321,HGB,Hemoglobin,12.3,g/dL,12,17.5,N,STAT,2024-12-19 11:08,2024-12-19 11:29,2024-12-19 12:10
LAB724417,ENC110263,PT12030,GLU,Glucose,104,mg/dL,70,99,H,STAT,2024-12-19 12:28,2024-12-19 12:58,2024-12-19 14:02
LAB724418,ENC110263,PT12030,CREAT,Creatinine,0.9,mg/dL,0.6,1.3,N,STAT,2024-12-19 13:09,2024-12-19 13:23,2024-12-19 14:48
LAB724419,ENC110263,PT12030,WBC,White Blood Cell Count,9,K/uL,4.5,11,N,Routine,2024-12-19 12:31,2024-12-19 13:06,2024-12-19 17:02
LAB724420,ENC110263,PT12030,HGB,Hemoglobin,14,g/dL,12,17.5,N,Routine,2024-12-19 12:53,2024-12-19 13:00,2024-12-19 16:05
LAB724421,ENC110265,PT13941,GLU,Glucose,114,mg/dL,70,99,H,Routine,2024-12-19 09:01,2024-12-19 09:14,2024-12-19 12:11
LAB724422,ENC110265,PT13941,CREAT,Creatinine,1.02,mg/dL,0.6,1.3,N,Routine,2024-12-19 09:04,2024-12-19 09:08,2024-12-19 10:57
LAB724423,ENC110268,PT10202,LDL,LDL Cholesterol,129,mg/dL,0,99,H,Routine,2024-12-19 09:50,2024-12-19 10:01,2024-12-20 06:32
LAB724424,ENC110268,PT10202,TSH,Thyroid Stimulating Hormone,0.06,mIU/L,0.4,4,L,Routine,2024-12-19 09:37,2024-12-19 10:06,2024-12-21 12:06
LAB724425,ENC110270,PT12308,LDL,LDL Cholesterol,112,mg/dL,0,99,H,Routine,2024-12-19 11:03,2024-12-19 11:27,2024-12-20 07:46
LAB724426,ENC110270,PT12308,A1C,Hemoglobin A1c,7.7,%,4,5.6,H,Routine,2024-12-19 11:11,2024-12-19 11:33,2024-12-19 19:35
LAB724427,ENC110274,PT11639,LDL,LDL Cholesterol,134,mg/dL,0,99,H,Routine,2024-12-19 12:23,2024-12-19 12:51,2024-12-20 03:20
LAB724428,ENC110274,PT11639,A1C,Hemoglobin A1c,5.6,%,4,5.6,N,Routine,2024-12-19 12:24,2024-12-19 12:31,2024-12-19 20:01
LAB724429,ENC110277,PT11381,WBC,White Blood Cell Count,4.8,K/uL,4.5,11,N,Routine,2024-12-19 12:35,2024-12-19 13:09,2024-12-19 19:49
LAB724430,ENC110277,PT11381,HGB,Hemoglobin,10.7,g/dL,12,17.5,L,Routine,2024-12-19 12:35,2024-12-19 12:54,2024-12-19 14:39
LAB724431,ENC110277,PT11381,PLT,Platelet Count,243,K/uL,150,400,N,Routine,2024-12-19 12:41,2024-12-19 13:00,2024-12-19 14:11
LAB724432,ENC110279,PT10716,GLU,Glucose,103,mg/dL,70,99,H,STAT,2024-12-19 14:31,2024-12-19 14:35,2024-12-19 15:49
LAB724433,ENC110279,PT10716,CREAT,Creatinine,0.86,mg/dL,0.6,1.3,N,STAT,2024-12-19 14:20,2024-12-19 14:26,2024-12-19 15:07
LAB724434,ENC110279,PT10716,WBC,White Blood Cell Count,6.2,K/uL,4.5,11,N,STAT,2024-12-19 14:26,2024-12-19 14:53,2024-12-19 15:37
LAB724435,ENC110279,PT10716,HGB,Hemoglobin,14.1,g/dL,12,17.5,N,STAT,2024-12-19 13:38,2024-12-19 13:59,2024-12-19 14:42
LAB724436,ENC110280,PT13077,LDL,LDL Cholesterol,148,mg/dL,0,99,H,Routine,2024-12-19 13:48,2024-12-19 13:52,2024-12-20 03:49
LAB724437,ENC110282,PT12725,A1C,Hemoglobin A1c,12.3,%,4,5.6,H,Routine,2024-12-19 13:55,2024-12-19 14:03,2024-12-19 23:22
LAB724438,ENC110282,PT12725,GLU,Glucose,418,mg/dL,70,99,H,Routine,2024-12-19 13:58,2024-12-19 14:16,2024-12-19 17:41
LAB724439,ENC110282,PT12725,CREAT,Creatinine,0.79,mg/dL,0.6,1.3,N,Routine,2024-12-19 14:08,2024-12-19 14:30,2024-12-19 17:29
LAB724440,ENC110283,PT10368,GLU,Glucose,101,mg/dL,70,99,H,STAT,2024-12-19 14:08,2024-12-19 14:41,2024-12-19 15:29
LAB724441,ENC110283,PT10368,CREAT,Creatinine,0.83,mg/dL,0.6,1.3,N,STAT,2024-12-19 14:15,2024-12-19 14:50,2024-12-19 15:56
LAB724442,ENC110283,PT10368,WBC,White Blood Cell Count,6.3,K/uL,4.5,11,N,STAT,2024-12-19 14:36,2024-12-19 14:42,2024-12-19 15:49
LAB724443,ENC110285,PT10543,GLU,Glucose,192,mg/dL,70,99,H,Routine,2024-12-19 15:49,2024-12-19 15:58,2024-12-19 17:56
LAB724444,ENC110285,PT10543,CREAT,Creatinine,0.9,mg/dL,0.6,1.3,N,STAT,2024-12-19 16:01,2024-12-19 16:35,2024-12-19 17:07
LAB724445,ENC110285,PT10543,WBC,White Blood Cell Count,7.5,K/uL,4.5,11,N,STAT,2024-12-19 15:28,2024-12-19 15:43,2024-12-19 16:24
LAB724446,ENC110285,PT10543,HGB,Hemoglobin,11.9,g/dL,12,17.5,L,Routine,2024-12-19 15:38,2024-12-19 16:05,2024-12-19 18:01
LAB724447,ENC110285,PT10543,NA,Sodium,135,mmol/L,136,145,L,STAT,2024-12-19 14:58,2024-12-19 15:06,2024-12-19 16:18
LAB724448,ENC110285,PT10543,K,Potassium,3.5,mmol/L,3.5,5.1,N,STAT,2024-12-19 15:10,2024-12-19 15:36,2024-12-19 16:09
LAB724449,ENC110290,PT13383,GLU,Glucose,96,mg/dL,70,99,N,STAT,2024-12-19 17:11,2024-12-19 17:21,2024-12-19 17:59
LAB724450,ENC110290,PT13383,CREAT,Creatinine,1,mg/dL,0.6,1.3,N,STAT,2024-12-19 17:34,2024-12-19 18:00,2024-12-19 19:05
LAB724451,ENC110290,PT13383,WBC,White Blood Cell Count,9.6,K/uL,4.5,11,N,STAT,2024-12-19 17:04,2024-12-19 17:21,2024-12-19 17:59
LAB724452,ENC110290,PT13383,TROP,"Troponin I, High Sensitivity",3,ng/L,0,34,N,STAT,2024-12-19 17:24,2024-12-19 17:57,2024-12-19 18:16
LAB724453,ENC110291,PT11681,GLU,Glucose,104,mg/dL,70,99,H,Routine,2024-12-19 21:39,2024-12-19 21:46,2024-12-20 00:15
LAB724454,ENC110291,PT11681,CREAT,Creatinine,1.26,mg/dL,0.6,1.3,N,Routine,2024-12-19 21:27,2024-12-19 21:33,2024-12-20 03:09
LAB724455,ENC110291,PT11681,WBC,White Blood Cell Count,10.3,K/uL,4.5,11,N,STAT,2024-12-19 21:38,2024-12-19 22:06,2024-12-19 22:29
LAB724456,ENC110291,PT11681,HGB,Hemoglobin,5.1,g/dL,12,17.5,LL,STAT,2024-12-19 21:43,2024-12-19 22:16,2024-12-19 23:15
LAB724457,ENC110291,PT11681,NA,Sodium,135,mmol/L,136,145,L,STAT,2024-12-19 22:06,2024-12-19 22:16,2024-12-19 23:42
LAB724458,ENC110291,PT11681,K,Potassium,4.7,mmol/L,3.5,5.1,N,STAT,2024-12-19 21:48,2024-12-19 22:22,2024-12-19 23:16
LAB724459,ENC110291,PT11681,INR,Prothrombin Time INR,1.1,ratio,0.8,1.2,N,STAT,2024-12-19 22:01,2024-12-19 22:22,2024-12-20 00:16
LAB724460,ENC110293,PT10634,GLU,Glucose,124,mg/dL,70,99,H,Routine,2024-12-19 22:16,2024-12-19 22:26,2024-12-20 01:33
LAB724461,ENC110293,PT10634,CREAT,Creatinine,0.68,mg/dL,0.6,1.3,N,Routine,2024-12-19 22:07,2024-12-19 22:16,2024-12-20 00:47
LAB724462,ENC110293,PT10634,WBC,White Blood Cell Count,9.7,K/uL,4.5,11,N,STAT,2024-12-19 21:51,2024-12-19 21:55,2024-12-19 22:53
LAB724463,ENC110293,PT10634,HGB,Hemoglobin,10.7,g/dL,12,17.5,L,STAT,2024-12-19 22:22,2024-12-19 22:39,2024-12-19 23:38
LAB724464,ENC110293,PT10634,TROP,"Troponin I, High Sensitivity",41,ng/L,0,34,H,STAT,2024-12-19 22:03,2024-12-19 22:31,2024-12-19 23:04
LAB724465,ENC110293,PT10634,BNP,B-Type Natriuretic Peptide,394,pg/mL,0,100,H,STAT,2024-12-19 21:58,2024-12-19 22:32,2024-12-19 23:26
LAB724466,ENC110295,PT12844,GLU,Glucose,78,mg/dL,70,99,N,STAT,2024-12-20 00:06,2024-12-20 00:26,2024-12-20 00:56
LAB724467,ENC110295,PT12844,CREAT,Creatinine,1.45,mg/dL,0.6,1.3,H,Routine,2024-12-20 01:05,2024-12-20 01:20,2024-12-20 03:29
LAB724468,ENC110295,PT12844,WBC,White Blood Cell Count,7.2,K/uL,4.5,11,N,STAT,2024-12-20 00:36,2024-12-20 01:09,2024-12-20 02:07
LAB724469,ENC110295,PT12844,HGB,Hemoglobin,13.1,g/dL,12,17.5,N,Routine,2024-12-20 00:24,2024-12-20 00:30,2024-12-20 03:04
LAB724470,ENC110296,PT12561,GLU,Glucose,200,mg/dL,70,99,H,Routine,2024-12-19 23:15,2024-12-19 23:46,2024-12-20 03:09
LAB724471,ENC110296,PT12561,CREAT,Creatinine,1.14,mg/dL,0.6,1.3,N,STAT,2024-12-19 23:38,2024-12-19 23:43,2024-12-20 00:23
LAB724472,ENC110296,PT12561,WBC,White Blood Cell Count,5.4,K/uL,4.5,11,N,STAT,2024-12-20 00:06,2024-12-20 00:19,2024-12-20 01:05
LAB724473,ENC110296,PT12561,HGB,Hemoglobin,13.6,g/dL,12,17.5,N,STAT,2024-12-20 00:00,2024-12-20 00:06,2024-12-20 01:15
LAB724474,ENC110296,PT12561,BUN,Blood Urea Nitrogen,13,mg/dL,7,20,N,STAT,2024-12-19 23:21,2024-12-19 23:39,2024-12-20 00:13
LAB724475,ENC110296,PT12561,PLT,Platelet Count,320,K/uL,150,400,N,Routine,2024-12-19 23:58,2024-12-20 00:28,2024-12-20 03:06
LAB724476,ENC110296,PT12561,LACT,Lactate,1.8,mmol/L,0.5,2,N,STAT,2024-12-20 00:08,2024-12-20 00:20,2024-12-20 00:54
LAB724477,ENC110298,PT12792,GLU,Glucose,433,mg/dL,70,99,H,Routine,2024-12-20 03:39,2024-12-20 04:10,2024-12-20 05:20
LAB724478,ENC110298,PT12792,CREAT,Creatinine,1.04,mg/dL,0.6,1.3,N,STAT,2024-12-20 03:33,2024-12-20 04:02,2024-12-20 04:37
LAB724479,ENC110298,PT12792,WBC,White Blood Cell Count,6.8,K/uL,4.5,11,N,STAT,2024-12-20 03:50,2024-12-20 04:21,2024-12-20 05:03
LAB724480,ENC110298,PT12792,HGB,Hemoglobin,13.1,g/dL,12,17.5,N,Routine,2024-12-20 03:35,2024-12-20 03:46,2024-12-20 06:14
LAB724481,ENC110298,PT12792,NA,Sodium,138,mmol/L,136,145,N,STAT,2024-12-20 04:04,2024-12-20 04:18,2024-12-20 04:48
LAB724482,ENC110298,PT12792,K,Potassium,3.8,mmol/L,3.5,5.1,N,STAT,2024-12-20 03:38,2024-12-20 03:57,2024-12-20 04:26
LAB724483,ENC110298,PT12792,A1C,Hemoglobin A1c,9,%,4,5.6,H,STAT,2024-12-20 03:52,2024-12-20 04:10,2024-12-20 05:15
LAB724484,ENC110299,PT13783,GLU,Glucose,88,mg/dL,70,99,N,Routine,2024-12-20 05:03,2024-12-20 05:27,2024-12-20 08:09
LAB724485,ENC110299,PT13783,CREAT,Creatinine,0.84,mg/dL,0.6,1.3,N,Routine,2024-12-20 04:30,2024-12-20 05:03,2024-12-20 08:09
LAB724486,ENC110299,PT13783,WBC,White Blood Cell Count,7.6,K/uL,4.5,11,N,STAT,2024-12-20 04:45,2024-12-20 05:13,2024-12-20 05:42
LAB724487,ENC110299,PT13783,TROP,"Troponin I, High Sensitivity",39,ng/L,0,34,H,STAT,2024-12-20 04:26,2024-12-20 04:41,2024-12-20 05:41
LAB724488,ENC110301,PT12934,A1C,Hemoglobin A1c,6.8,%,4,5.6,H,Routine,2024-12-20 08:15,2024-12-20 08:46,2024-12-21 06:08
LAB724489,ENC110302,PT10591,GLU,Glucose,235,mg/dL,70,99,H,STAT,2024-12-20 10:46,2024-12-20 10:55,2024-12-20 11:49
LAB724490,ENC110302,PT10591,CREAT,Creatinine,1.23,mg/dL,0.6,1.3,N,STAT,2024-12-20 10:40,2024-12-20 11:15,2024-12-20 11:34
LAB724491,ENC110302,PT10591,WBC,White Blood Cell Count,6.6,K/uL,4.5,11,N,STAT,2024-12-20 11:25,2024-12-20 11:34,2024-12-20 12:47
LAB724492,ENC110302,PT10591,HGB,Hemoglobin,14.2,g/dL,12,17.5,N,STAT,2024-12-20 11:38,2024-12-20 11:58,2024-12-20 13:06
LAB724493,ENC110302,PT10591,NA,Sodium,142,mmol/L,136,145,N,STAT,2024-12-20 11:03,2024-12-20 11:30,2024-12-20 12:20
LAB724494,ENC110302,PT10591,K,Potassium,4.1,mmol/L,3.5,5.1,N,STAT,2024-12-20 11:30,2024-12-20 11:39,2024-12-20 12:13
LAB724495,ENC110302,PT10591,INR,Prothrombin Time INR,1,ratio,0.8,1.2,N,Routine,2024-12-20 11:05,2024-12-20 11:34,2024-12-20 13:25
LAB724496,ENC110304,PT12328,WBC,White Blood Cell Count,7.4,K/uL,4.5,11,N,Routine,2024-12-20 09:08,2024-12-20 09:32,2024-12-20 12:36
LAB724497,ENC110304,PT12328,HGB,Hemoglobin,14,g/dL,12,17.5,N,Routine,2024-12-20 08:53,2024-12-20 09:05,2024-12-20 14:49
LAB724498,ENC110304,PT12328,PLT,Platelet Count,215,K/uL,150,400,N,Routine,2024-12-20 09:10,2024-12-20 09:30,2024-12-20 12:19
LAB724499,ENC110306,PT10442,GLU,Glucose,114,mg/dL,70,99,H,Routine,2024-12-20 10:00,2024-12-20 10:28,2024-12-20 12:23
LAB724500,ENC110306,PT10442,CREAT,Creatinine,1,mg/dL,0.6,1.3,N,Routine,2024-12-20 09:56,2024-12-20 10:22,2024-12-20 13:44
LAB724501,ENC110306,PT10442,WBC,White Blood Cell Count,9.5,K/uL,4.5,11,N,STAT,2024-12-20 10:03,2024-12-20 10:10,2024-12-20 10:32
LAB724502,ENC110306,PT10442,HGB,Hemoglobin,12.3,g/dL,12,17.5,N,STAT,2024-12-20 09:42,2024-12-20 10:08,2024-12-20 11:02
LAB724503,ENC110306,PT10442,NA,Sodium,140,mmol/L,136,145,N,STAT,2024-12-20 09:38,2024-12-20 09:57,2024-12-20 10:11
LAB724504,ENC110306,PT10442,K,Potassium,4.4,mmol/L,3.5,5.1,N,STAT,2024-12-20 09:59,2024-12-20 10:29,2024-12-20 11:16
LAB724505,ENC110308,PT10338,A1C,Hemoglobin A1c,8.8,%,4,5.6,H,Routine,2024-12-20 11:34,2024-12-20 11:54,2024-12-20 20:39
LAB724506,ENC110309,PT11677,GLU,Glucose,138,mg/dL,70,99,H,STAT,2024-12-20 15:57,2024-12-20 16:02,2024-12-20 16:36
LAB724507,ENC110309,PT11677,CREAT,Creatinine,0.99,mg/dL,0.6,1.3,N,Routine,2024-12-20 16:28,2024-12-20 16:38,2024-12-20 21:05
LAB724508,ENC110309,PT11677,WBC,White Blood Cell Count,15.7,K/uL,4.5,11,H,STAT,2024-12-20 16:19,2024-12-20 16:49,2024-12-20 17:23
LAB724509,ENC110309,PT11677,HGB,Hemoglobin,12.2,g/dL,12,17.5,N,STAT,2024-12-20 15:44,2024-12-20 16:02,2024-12-20 16:23
LAB724510,ENC110311,PT11908,LDL,LDL Cholesterol,126,mg/dL,0,99,H,Routine,2024-12-20 12:11,2024-12-20 12:19,2024-12-20 22:51
LAB724511,ENC110311,PT11908,TSH,Thyroid Stimulating Hormone,0.11,mIU/L,0.4,4,L,Routine,2024-12-20 11:50,2024-12-20 12:03,2024-12-21 03:52
LAB724512,ENC110312,PT11087,GLU,Glucose,121,mg/dL,70,99,H,STAT,2024-12-20 15:47,2024-12-20 15:56,2024-12-20 16:14
LAB724513,ENC110312,PT11087,CREAT,Creatinine,1.31,mg/dL,0.6,1.3,H,STAT,2024-12-20 15:26,2024-12-20 15:58,2024-12-20 16:33
LAB724514,ENC110312,PT11087,WBC,White Blood Cell Count,9.5,K/uL,4.5,11,N,STAT,2024-12-20 16:28,2024-12-20 16:56,2024-12-20 17:45
LAB724515,ENC110312,PT11087,HGB,Hemoglobin,15.7,g/dL,12,17.5,N,STAT,2024-12-20 15:39,2024-12-20 15:58,2024-12-20 17:00
LAB724516,ENC110313,PT11547,GLU,Glucose,118,mg/dL,70,99,H,STAT,2024-12-20 18:16,2024-12-20 18:25,2024-12-20 19:27
LAB724517,ENC110313,PT11547,CREAT,Creatinine,1.11,mg/dL,0.6,1.3,N,STAT,2024-12-20 17:38,2024-12-20 17:51,2024-12-20 18:11
LAB724518,ENC110313,PT11547,WBC,White Blood Cell Count,8.6,K/uL,4.5,11,N,Routine,2024-12-20 18:06,2024-12-20 18:17,2024-12-20 20:07
LAB724519,ENC110313,PT11547,HGB,Hemoglobin,13.3,g/dL,12,17.5,N,STAT,2024-12-20 17:57,2024-12-20 18:21,2024-12-20 19:36
LAB724520,ENC110313,PT11547,TROP,"Troponin I, High Sensitivity",5,ng/L,0,34,N,STAT,2024-12-20 18:38,2024-12-20 18:52,2024-12-20 19:18
LAB724521,ENC110315,PT11795,GLU,Glucose,109,mg/dL,70,99,H,Routine,2024-12-20 19:16,2024-12-20 19:42,2024-12-20 21:55
LAB724522,ENC110315,PT11795,CREAT,Creatinine,0.87,mg/dL,0.6,1.3,N,STAT,2024-12-20 19:05,2024-12-20 19:18,2024-12-20 19:55
LAB724523,ENC110315,PT11795,WBC,White Blood Cell Count,6.1,K/uL,4.5,11,N,STAT,2024-12-20 18:29,2024-12-20 18:50,2024-12-20 19:24
LAB724524,ENC110315,PT11795,HGB,Hemoglobin,14.8,g/dL,12,17.5,N,Routine,2024-12-20 18:26,2024-12-20 19:01,2024-12-21 00:53
LAB724525,ENC110315,PT11795,NA,Sodium,142,mmol/L,136,145,N,Routine,2024-12-20 19:24,2024-12-20 19:39,2024-12-21 00:15
LAB724526,ENC110315,PT11795,K,Potassium,4.5,mmol/L,3.5,5.1,N,STAT,2024-12-20 18:23,2024-12-20 18:42,2024-12-20 19:29
LAB724527,ENC110315,PT11795,BUN,Blood Urea Nitrogen,11,mg/dL,7,20,N,Routine,2024-12-20 19:30,2024-12-20 19:50,2024-12-20 21:44
LAB724528,ENC110315,PT11795,PLT,Platelet Count,232,K/uL,150,400,N,Routine,2024-12-20 19:11,2024-12-20 19:17,2024-12-20 20:46
LAB724529,ENC110316,PT13227,INR,Prothrombin Time INR,2.4,ratio,0.8,1.2,H,Routine,2024-12-20 14:36,2024-12-20 15:01,2024-12-20 17:12
LAB724530,ENC110317,PT11529,GLU,Glucose,141,mg/dL,70,99,H,Routine,2024-12-20 15:28,2024-12-20 15:46,2024-12-20 21:38
LAB724531,ENC110317,PT11529,CREAT,Creatinine,0.45,mg/dL,0.6,1.3,L,STAT,2024-12-20 15:27,2024-12-20 15:58,2024-12-20 16:43
LAB724532,ENC110317,PT11529,WBC,White Blood Cell Count,7,K/uL,4.5,11,N,STAT,2024-12-20 14:31,2024-12-20 14:40,2024-12-20 15:32
LAB724533,ENC110317,PT11529,HGB,Hemoglobin,14.8,g/dL,12,17.5,N,STAT,2024-12-20 15:23,2024-12-20 15:47,2024-12-20 16:50
LAB724534,ENC110318,PT10740,GLU,Glucose,89,mg/dL,70,99,N,STAT,2024-12-20 15:26,2024-12-20 16:00,2024-12-20 16:50
LAB724535,ENC110318,PT10740,CREAT,Creatinine,1.43,mg/dL,0.6,1.3,H,STAT,2024-12-20 15:02,2024-12-20 15:37,2024-12-20 16:11
LAB724536,ENC110318,PT10740,WBC,White Blood Cell Count,9.6,K/uL,4.5,11,N,STAT,2024-12-20 15:41,2024-12-20 16:12,2024-12-20 17:06
LAB724537,ENC110322,PT11329,LDL,LDL Cholesterol,82,mg/dL,0,99,N,Routine,2024-12-20 16:12,2024-12-20 16:27,2024-12-21 16:24
LAB724538,ENC110322,PT11329,A1C,Hemoglobin A1c,10.1,%,4,5.6,H,Routine,2024-12-20 16:09,2024-12-20 16:26,2024-12-21 14:20
LAB724539,ENC110324,PT11424,GLU,Glucose,117,mg/dL,70,99,H,STAT,2024-12-20 17:37,2024-12-20 18:02,2024-12-20 19:41
LAB724540,ENC110324,PT11424,CREAT,Creatinine,1.02,mg/dL,0.6,1.3,N,Routine,2024-12-20 17:30,2024-12-20 17:58,2024-12-20 20:20
LAB724541,ENC110324,PT11424,WBC,White Blood Cell Count,8.2,K/uL,4.5,11,N,STAT,2024-12-20 17:22,2024-12-20 17:53,2024-12-20 18:12
LAB724542,ENC110324,PT11424,HGB,Hemoglobin,14,g/dL,12,17.5,N,Routine,2024-12-20 18:06,2024-12-20 18:26,2024-12-20 23:53
LAB724543,ENC110324,PT11424,NA,Sodium,139,mmol/L,136,145,N,STAT,2024-12-20 17:37,2024-12-20 17:51,2024-12-20 18:28
LAB724544,ENC110324,PT11424,K,Potassium,4,mmol/L,3.5,5.1,N,STAT,2024-12-20 17:34,2024-12-20 17:58,2024-12-20 18:57
LAB724545,ENC110328,PT13856,GLU,Glucose,102,mg/dL,70,99,H,STAT,2024-12-20 19:58,2024-12-20 20:29,2024-12-20 21:27
LAB724546,ENC110328,PT13856,CREAT,Creatinine,1.03,mg/dL,0.6,1.3,N,STAT,2024-12-20 19:26,2024-12-20 19:37,2024-12-20 20:28
LAB724547,ENC110328,PT13856,WBC,White Blood Cell Count,7.5,K/uL,4.5,11,N,STAT,2024-12-20 20:22,2024-12-20 20:30,2024-12-20 21:43
LAB724548,ENC110329,PT12003,GLU,Glucose,92,mg/dL,70,99,N,Routine,2024-12-20 22:08,2024-12-20 22:16,2024-12-21 02:20
LAB724549,ENC110329,PT12003,CREAT,Creatinine,0.33,mg/dL,0.6,1.3,L,Routine,2024-12-20 21:28,2024-12-20 21:45,2024-12-21 03:21
LAB724550,ENC110329,PT12003,WBC,White Blood Cell Count,10.3,K/uL,4.5,11,N,Routine,2024-12-20 22:35,2024-12-20 22:39,2024-12-21 10:12
LAB724551,ENC110329,PT12003,HGB,Hemoglobin,11.6,g/dL,12,17.5,L,STAT,2024-12-20 21:43,2024-12-20 22:15,2024-12-21 00:19
LAB724552,ENC110330,PT10500,GLU,Glucose,136,mg/dL,70,99,H,Routine,2024-12-21 03:59,2024-12-21 04:15,2024-12-21 05:51
LAB724553,ENC110330,PT10500,CREAT,Creatinine,1.31,mg/dL,0.6,1.3,H,STAT,2024-12-21 03:34,2024-12-21 03:49,2024-12-21 04:18
LAB724554,ENC110330,PT10500,WBC,White Blood Cell Count,15.8,K/uL,4.5,11,H,STAT,2024-12-21 04:42,2024-12-21 05:11,2024-12-21 06:07
LAB724555,ENC110330,PT10500,HGB,Hemoglobin,11.3,g/dL,12,17.5,L,Routine,2024-12-21 03:51,2024-12-21 04:08,2024-12-21 06:39
LAB724556,ENC110330,PT10500,LACT,Lactate,3.5,mmol/L,0.5,2,H,STAT,2024-12-21 04:34,2024-12-21 04:42,2024-12-21 05:29
LAB724557,ENC110331,PT12681,GLU,Glucose,130,mg/dL,70,99,H,STAT,2024-12-21 03:10,2024-12-21 03:19,2024-12-21 04:24
LAB724558,ENC110331,PT12681,CREAT,Creatinine,0.81,mg/dL,0.6,1.3,N,Routine,2024-12-21 03:48,2024-12-21 04:11,2024-12-21 09:30
LAB724559,ENC110332,PT12910,GLU,Glucose,114,mg/dL,70,99,H,STAT,2024-12-21 05:51,2024-12-21 05:56,2024-12-21 06:55
LAB724560,ENC110332,PT12910,CREAT,Creatinine,1.29,mg/dL,0.6,1.3,N,STAT,2024-12-21 05:47,2024-12-21 05:58,2024-12-21 06:26
LAB724561,ENC110332,PT12910,WBC,White Blood Cell Count,8.1,K/uL,4.5,11,N,STAT,2024-12-21 06:09,2024-12-21 06:19,2024-12-21 07:27
LAB724562,ENC110332,PT12910,HGB,Hemoglobin,14,g/dL,12,17.5,N,STAT,2024-12-21 06:14,2024-12-21 06:36,2024-12-21 07:39
LAB724563,ENC110333,PT10859,GLU,Glucose,79,mg/dL,70,99,N,STAT,2024-12-21 07:31,2024-12-21 07:56,2024-12-21 09:09
LAB724564,ENC110333,PT10859,CREAT,Creatinine,2.02,mg/dL,0.6,1.3,H,STAT,2024-12-21 07:06,2024-12-21 07:20,2024-12-21 08:54
LAB724565,ENC110333,PT10859,WBC,White Blood Cell Count,8.4,K/uL,4.5,11,N,STAT,2024-12-21 06:57,2024-12-21 07:03,2024-12-21 07:33
LAB724566,ENC110333,PT10859,HGB,Hemoglobin,9.5,g/dL,12,17.5,L,Routine,2024-12-21 06:50,2024-12-21 07:14,2024-12-21 09:44
LAB724567,ENC110334,PT13269,GLU,Glucose,98,mg/dL,70,99,N,STAT,2024-12-21 11:23,2024-12-21 11:33,2024-12-21 12:28
LAB724568,ENC110334,PT13269,CREAT,Creatinine,1.04,mg/dL,0.6,1.3,N,Routine,2024-12-21 12:09,2024-12-21 12:24,2024-12-21 14:39
LAB724569,ENC110334,PT13269,WBC,White Blood Cell Count,11.1,K/uL,4.5,11,H,Routine,2024-12-21 11:19,2024-12-21 11:46,2024-12-21 14:18
LAB724570,ENC110334,PT13269,HGB,Hemoglobin,14.1,g/dL,12,17.5,N,Routine,2024-12-21 11:50,2024-12-21 12:07,2024-12-21 12:56
LAB724571,ENC110335,PT11148,GLU,Glucose,78,mg/dL,70,99,N,Routine,2024-12-21 08:15,2024-12-21 08:35,2024-12-21 09:26
LAB724572,ENC110335,PT11148,CREAT,Creatinine,0.95,mg/dL,0.6,1.3,N,Routine,2024-12-21 08:48,2024-12-21 09:09,2024-12-21 15:09
LAB724573,ENC110336,PT11999,GLU,Glucose,139,mg/dL,70,99,H,Routine,2024-12-21 12:24,2024-12-21 12:44,2024-12-21 15:21
LAB724574,ENC110336,PT11999,CREAT,Creatinine,0.54,mg/dL,0.6,1.3,L,Routine,2024-12-21 11:59,2024-12-21 12:04,2024-12-21 13:01
LAB724575,ENC110336,PT11999,WBC,White Blood Cell Count,10.3,K/uL,4.5,11,N,STAT,2024-12-21 12:14,2024-12-21 12:45,2024-12-21 13:40
LAB724576,ENC110336,PT11999,HGB,Hemoglobin,14,g/dL,12,17.5,N,Routine,2024-12-21 12:25,2024-12-21 12:29,2024-12-21 17:16
LAB724577,ENC110337,PT10498,GLU,Glucose,114,mg/dL,70,99,H,Routine,2024-12-21 08:19,2024-12-21 08:44,2024-12-21 12:41
LAB724578,ENC110337,PT10498,CREAT,Creatinine,0.76,mg/dL,0.6,1.3,N,STAT,2024-12-21 08:12,2024-12-21 08:44,2024-12-21 09:52
LAB724579,ENC110337,PT10498,WBC,White Blood Cell Count,8.7,K/uL,4.5,11,N,STAT,2024-12-21 08:55,2024-12-21 09:05,2024-12-21 10:27
LAB724580,ENC110337,PT10498,HGB,Hemoglobin,14.2,g/dL,12,17.5,N,STAT,2024-12-21 09:07,2024-12-21 09:30,2024-12-21 10:04
LAB724581,ENC110337,PT10498,TROP,"Troponin I, High Sensitivity",12,ng/L,0,34,N,STAT,2024-12-21 08:58,2024-12-21 09:29,2024-12-21 10:52
LAB724582,ENC110338,PT13305,GLU,Glucose,223,mg/dL,70,99,H,STAT,2024-12-21 08:38,2024-12-21 08:51,2024-12-21 09:43
LAB724583,ENC110338,PT13305,CREAT,Creatinine,0.9,mg/dL,0.6,1.3,N,STAT,2024-12-21 08:56,2024-12-21 09:01,2024-12-21 09:37
LAB724584,ENC110338,PT13305,WBC,White Blood Cell Count,12.8,K/uL,4.5,11,H,STAT,2024-12-21 08:53,2024-12-21 09:16,2024-12-21 09:56
LAB724585,ENC110341,PT12273,GLU,Glucose,116,mg/dL,70,99,H,STAT,2024-12-21 10:10,2024-12-21 10:16,2024-12-21 11:47
LAB724586,ENC110341,PT12273,CREAT,Creatinine,2.27,mg/dL,0.6,1.3,H,STAT,2024-12-21 10:15,2024-12-21 10:32,2024-12-21 11:18
LAB724587,ENC110342,PT13025,GLU,Glucose,116,mg/dL,70,99,H,STAT,2024-12-21 14:00,2024-12-21 14:07,2024-12-21 15:14
LAB724588,ENC110342,PT13025,CREAT,Creatinine,1.3,mg/dL,0.6,1.3,N,STAT,2024-12-21 14:26,2024-12-21 14:31,2024-12-21 15:41
LAB724589,ENC110342,PT13025,WBC,White Blood Cell Count,14.3,K/uL,4.5,11,H,STAT,2024-12-21 13:38,2024-12-21 14:12,2024-12-21 15:03
LAB724590,ENC110342,PT13025,HGB,Hemoglobin,12.5,g/dL,12,17.5,N,Routine,2024-12-21 14:38,2024-12-21 15:11,2024-12-21 17:00
LAB724591,ENC110343,PT11145,GLU,Glucose,121,mg/dL,70,99,H,Routine,2024-12-21 11:16,2024-12-21 11:48,2024-12-21 13:28
LAB724592,ENC110343,PT11145,CREAT,Creatinine,1.17,mg/dL,0.6,1.3,N,Routine,2024-12-21 11:15,2024-12-21 11:37,2024-12-21 13:04
LAB724593,ENC110343,PT11145,WBC,White Blood Cell Count,9,K/uL,4.5,11,N,STAT,2024-12-21 12:04,2024-12-21 12:19,2024-12-21 13:27
LAB724594,ENC110343,PT11145,HGB,Hemoglobin,16.9,g/dL,12,17.5,N,STAT,2024-12-21 11:07,2024-12-21 11:29,2024-12-21 12:01
LAB724595,ENC110344,PT10753,GLU,Glucose,91,mg/dL,70,99,N,STAT,2024-12-21 15:38,2024-12-21 15:45,2024-12-21 16:38
LAB724596,ENC110344,PT10753,CREAT,Creatinine,0.93,mg/dL,0.6,1.3,N,Routine,2024-12-21 16:01,2024-12-21 16:30,2024-12-21 21:36
LAB724597,ENC110344,PT10753,WBC,White Blood Cell Count,6.6,K/uL,4.5,11,N,STAT,2024-12-21 15:10,2024-12-21 15:23,2024-12-21 16:08
LAB724598,ENC110344,PT10753,HGB,Hemoglobin,15.4,g/dL,12,17.5,N,Routine,2024-12-21 15:24,2024-12-21 15:29,2024-12-21 18:45
LAB724599,ENC110346,PT12734,GLU,Glucose,103,mg/dL,70,99,H,Routine,2024-12-21 16:01,2024-12-21 16:19,2024-12-21 17:36
LAB724600,ENC110346,PT12734,CREAT,Creatinine,1.07,mg/dL,0.6,1.3,N,STAT,2024-12-21 15:40,2024-12-21 16:02,2024-12-21 16:40
LAB724601,ENC110346,PT12734,WBC,White Blood Cell Count,16.7,K/uL,4.5,11,H,STAT,2024-12-21 16:03,2024-12-21 16:22,2024-12-21 16:42
LAB724602,ENC110346,PT12734,HGB,Hemoglobin,11.7,g/dL,12,17.5,L,STAT,2024-12-21 16:25,2024-12-21 16:37,2024-12-21 17:48
LAB724603,ENC110353,PT13646,GLU,Glucose,194,mg/dL,70,99,H,STAT,2024-12-21 21:12,2024-12-21 21:17,2024-12-21 22:01
LAB724604,ENC110353,PT13646,CREAT,Creatinine,0.76,mg/dL,0.6,1.3,N,STAT,2024-12-21 21:15,2024-12-21 21:50,2024-12-21 22:49
LAB724605,ENC110353,PT13646,WBC,White Blood Cell Count,9,K/uL,4.5,11,N,STAT,2024-12-21 20:49,2024-12-21 21:17,2024-12-21 22:30
LAB724606,ENC110353,PT13646,HGB,Hemoglobin,11.4,g/dL,12,17.5,L,STAT,2024-12-21 20:47,2024-12-21 21:20,2024-12-21 21:53
LAB724607,ENC110353,PT13646,NA,Sodium,141,mmol/L,136,145,N,STAT,2024-12-21 20:44,2024-12-21 21:14,2024-12-21 21:56
LAB724608,ENC110353,PT13646,K,Potassium,5,mmol/L,3.5,5.1,N,STAT,2024-12-21 21:24,2024-12-21 21:55,2024-12-21 22:34
LAB724609,ENC110354,PT13256,GLU,Glucose,100,mg/dL,70,99,H,STAT,2024-12-21 22:08,2024-12-21 22:25,2024-12-21 23:10
LAB724610,ENC110354,PT13256,CREAT,Creatinine,1.24,mg/dL,0.6,1.3,N,STAT,2024-12-21 22:59,2024-12-21 23:07,2024-12-21 23:29
LAB724611,ENC110354,PT13256,WBC,White Blood Cell Count,16.1,K/uL,4.5,11,H,STAT,2024-12-21 22:34,2024-12-21 22:53,2024-12-22 00:04
LAB724612,ENC110354,PT13256,HGB,Hemoglobin,14.4,g/dL,12,17.5,N,STAT,2024-12-21 22:15,2024-12-21 22:22,2024-12-21 23:23
LAB724613,ENC110354,PT13256,NA,Sodium,142,mmol/L,136,145,N,Routine,2024-12-21 23:07,2024-12-21 23:15,2024-12-22 01:37
LAB724614,ENC110354,PT13256,K,Potassium,4.3,mmol/L,3.5,5.1,N,STAT,2024-12-21 23:01,2024-12-21 23:30,2024-12-22 00:35
LAB724615,ENC110355,PT11513,GLU,Glucose,109,mg/dL,70,99,H,Routine,2024-12-21 22:29,2024-12-21 22:34,2024-12-22 01:18
LAB724616,ENC110355,PT11513,CREAT,Creatinine,0.62,mg/dL,0.6,1.3,N,STAT,2024-12-21 23:24,2024-12-21 23:28,2024-12-22 00:49
LAB724617,ENC110355,PT11513,WBC,White Blood Cell Count,6.9,K/uL,4.5,11,N,Routine,2024-12-21 23:31,2024-12-21 23:51,2024-12-22 08:49
LAB724618,ENC110355,PT11513,HGB,Hemoglobin,14.2,g/dL,12,17.5,N,STAT,2024-12-21 22:51,2024-12-21 23:19,2024-12-21 23:40
LAB724619,ENC110355,PT11513,NA,Sodium,144,mmol/L,136,145,N,Routine,2024-12-21 23:24,2024-12-21 23:58,2024-12-22 04:22
LAB724620,ENC110355,PT11513,K,Potassium,3.5,mmol/L,3.5,5.1,N,STAT,2024-12-21 23:28,2024-12-21 23:59,2024-12-22 00:51
LAB724621,ENC110356,PT11623,GLU,Glucose,86,mg/dL,70,99,N,STAT,2024-12-21 19:19,2024-12-21 19:26,2024-12-21 20:29
LAB724622,ENC110356,PT11623,CREAT,Creatinine,0.86,mg/dL,0.6,1.3,N,STAT,2024-12-21 19:17,2024-12-21 19:48,2024-12-21 20:28
LAB724623,ENC110356,PT11623,WBC,White Blood Cell Count,8.7,K/uL,4.5,11,N,Routine,2024-12-21 19:01,2024-12-21 19:36,2024-12-21 22:07
LAB724624,ENC110357,PT12742,GLU,Glucose,153,mg/dL,70,99,H,Routine,2024-12-21 20:14,2024-12-21 20:35,2024-12-21 22:39
LAB724625,ENC110357,PT12742,CREAT,Creatinine,0.99,mg/dL,0.6,1.3,N,Routine,2024-12-21 20:32,2024-12-21 20:39,2024-12-21 23:30
LAB724626,ENC110358,PT12190,GLU,Glucose,85,mg/dL,70,99,N,Routine,2024-12-22 00:58,2024-12-22 01:18,2024-12-22 05:16
LAB724627,ENC110358,PT12190,CREAT,Creatinine,1.13,mg/dL,0.6,1.3,N,Routine,2024-12-22 00:11,2024-12-22 00:35,2024-12-22 02:46
LAB724628,ENC110358,PT12190,WBC,White Blood Cell Count,5,K/uL,4.5,11,N,Routine,2024-12-22 00:19,2024-12-22 00:49,2024-12-22 10:22
LAB724629,ENC110358,PT12190,HGB,Hemoglobin,17.1,g/dL,12,17.5,N,STAT,2024-12-22 00:57,2024-12-22 01:30,2024-12-22 02:04
LAB724630,ENC110360,PT10009,GLU,Glucose,142,mg/dL,70,99,H,STAT,2024-12-22 02:29,2024-12-22 03:03,2024-12-22 04:28
LAB724631,ENC110360,PT10009,CREAT,Creatinine,0.96,mg/dL,0.6,1.3,N,STAT,2024-12-22 02:14,2024-12-22 02:41,2024-12-22 03:00
LAB724632,ENC110360,PT10009,WBC,White Blood Cell Count,8.3,K/uL,4.5,11,N,STAT,2024-12-22 02:40,2024-12-22 02:59,2024-12-22 03:29
LAB724633,ENC110360,PT10009,HGB,Hemoglobin,14.5,g/dL,12,17.5,N,STAT,2024-12-22 02:13,2024-12-22 02:37,2024-12-22 03:33
LAB724634,ENC110360,PT10009,NA,Sodium,141,mmol/L,136,145,N,Routine,2024-12-22 03:02,2024-12-22 03:09,2024-12-22 07:44
LAB724635,ENC110360,PT10009,K,Potassium,4.1,mmol/L,3.5,5.1,N,STAT,2024-12-22 02:02,2024-12-22 02:28,2024-12-22 02:55
LAB724636,ENC110362,PT13164,GLU,Glucose,87,mg/dL,70,99,N,STAT,2024-12-22 05:05,2024-12-22 05:26,2024-12-22 06:09
LAB724637,ENC110362,PT13164,CREAT,Creatinine,1.13,mg/dL,0.6,1.3,N,STAT,2024-12-22 04:20,2024-12-22 04:42,2024-12-22 05:10
LAB724638,ENC110362,PT13164,WBC,White Blood Cell Count,5.5,K/uL,4.5,11,N,Routine,2024-12-22 05:04,2024-12-22 05:21,2024-12-22 13:18
LAB724639,ENC110362,PT13164,HGB,Hemoglobin,14.7,g/dL,12,17.5,N,STAT,2024-12-22 04:20,2024-12-22 04:49,2024-12-22 06:29
LAB724640,ENC110363,PT10648,GLU,Glucose,115,mg/dL,70,99,H,STAT,2024-12-22 07:14,2024-12-22 07:37,2024-12-22 08:14
LAB724641,ENC110363,PT10648,CREAT,Creatinine,0.62,mg/dL,0.6,1.3,N,STAT,2024-12-22 07:44,2024-12-22 08:19,2024-12-22 09:34
LAB724642,ENC110363,PT10648,WBC,White Blood Cell Count,3.8,K/uL,4.5,11,L,STAT,2024-12-22 07:57,2024-12-22 08:15,2024-12-22 08:51
LAB724643,ENC110363,PT10648,HGB,Hemoglobin,13,g/dL,12,17.5,N,Routine,2024-12-22 07:51,2024-12-22 07:58,2024-12-22 13:19
LAB724644,ENC110363,PT10648,NA,Sodium,137,mmol/L,136,145,N,Routine,2024-12-22 07:47,2024-12-22 07:52,2024-12-22 10:51
LAB724645,ENC110363,PT10648,K,Potassium,4.7,mmol/L,3.5,5.1,N,STAT,2024-12-22 07:11,2024-12-22 07:41,2024-12-22 08:03
LAB724646,ENC110363,PT10648,TROP,"Troponin I, High Sensitivity",147,ng/L,0,34,H,STAT,2024-12-22 07:43,2024-12-22 08:12,2024-12-22 08:52
LAB724647,ENC110367,PT10275,GLU,Glucose,86,mg/dL,70,99,N,STAT,2024-12-22 13:13,2024-12-22 13:44,2024-12-22 14:59
LAB724648,ENC110367,PT10275,CREAT,Creatinine,1.06,mg/dL,0.6,1.3,N,STAT,2024-12-22 13:04,2024-12-22 13:32,2024-12-22 14:11
LAB724649,ENC110367,PT10275,WBC,White Blood Cell Count,14.2,K/uL,4.5,11,H,Routine,2024-12-22 13:00,2024-12-22 13:32,2024-12-22 16:52
LAB724650,ENC110367,PT10275,HGB,Hemoglobin,13,g/dL,12,17.5,N,STAT,2024-12-22 13:30,2024-12-22 13:57,2024-12-22 15:02
LAB724651,ENC110370,PT10820,GLU,Glucose,95,mg/dL,70,99,N,STAT,2024-12-22 13:01,2024-12-22 13:35,2024-12-22 13:55
LAB724652,ENC110370,PT10820,CREAT,Creatinine,1.07,mg/dL,0.6,1.3,N,Routine,2024-12-22 12:53,2024-12-22 12:58,2024-12-22 16:17
LAB724653,ENC110372,PT12133,GLU,Glucose,181,mg/dL,70,99,H,STAT,2024-12-22 18:16,2024-12-22 18:20,2024-12-22 19:31
LAB724654,ENC110372,PT12133,CREAT,Creatinine,2.35,mg/dL,0.6,1.3,H,STAT,2024-12-22 17:45,2024-12-22 18:15,2024-12-22 18:57
LAB724655,ENC110372,PT12133,WBC,White Blood Cell Count,6.6,K/uL,4.5,11,N,STAT,2024-12-22 17:26,2024-12-22 17:42,2024-12-22 18:38
LAB724656,ENC110372,PT12133,HGB,Hemoglobin,13.3,g/dL,12,17.5,N,Routine,2024-12-22 18:24,2024-12-22 18:55,2024-12-22 20:33
LAB724657,ENC110372,PT12133,NA,Sodium,139,mmol/L,136,145,N,STAT,2024-12-22 17:55,2024-12-22 18:11,2024-12-22 18:44
LAB724658,ENC110372,PT12133,K,Potassium,3.6,mmol/L,3.5,5.1,N,STAT,2024-12-22 18:17,2024-12-22 18:49,2024-12-22 19:26
LAB724659,ENC110372,PT12133,LACT,Lactate,3.7,mmol/L,0.5,2,H,STAT,2024-12-22 17:29,2024-12-22 18:03,2024-12-22 19:05
LAB724660,ENC110373,PT11301,GLU,Glucose,109,mg/dL,70,99,H,Routine,2024-12-22 18:54,2024-12-22 19:16,2024-12-22 21:40
LAB724661,ENC110373,PT11301,CREAT,Creatinine,1.38,mg/dL,0.6,1.3,H,STAT,2024-12-22 18:31,2024-12-22 18:41,2024-12-22 19:23
LAB724662,ENC110373,PT11301,WBC,White Blood Cell Count,13.5,K/uL,4.5,11,H,STAT,2024-12-22 19:02,2024-12-22 19:35,2024-12-22 20:04
LAB724663,ENC110373,PT11301,HGB,Hemoglobin,15.7,g/dL,12,17.5,N,Routine,2024-12-22 19:01,2024-12-22 19:27,2024-12-22 20:45
LAB724664,ENC110374,PT12753,GLU,Glucose,68,mg/dL,70,99,L,Routine,2024-12-22 15:27,2024-12-22 15:51,2024-12-22 20:34
LAB724665,ENC110374,PT12753,CREAT,Creatinine,0.31,mg/dL,0.6,1.3,L,STAT,2024-12-22 15:33,2024-12-22 15:54,2024-12-22 16:24
LAB724666,ENC110374,PT12753,WBC,White Blood Cell Count,5,K/uL,4.5,11,N,STAT,2024-12-22 16:15,2024-12-22 16:36,2024-12-22 17:23
LAB724667,ENC110374,PT12753,HGB,Hemoglobin,13.2,g/dL,12,17.5,N,STAT,2024-12-22 16:19,2024-12-22 16:34,2024-12-22 17:11
LAB724668,ENC110375,PT10756,GLU,Glucose,169,mg/dL,70,99,H,STAT,2024-12-22 19:48,2024-12-22 19:52,2024-12-22 20:35
LAB724669,ENC110375,PT10756,CREAT,Creatinine,1.53,mg/dL,0.6,1.3,H,STAT,2024-12-22 19:44,2024-12-22 20:09,2024-12-22 21:12
LAB724670,ENC110375,PT10756,WBC,White Blood Cell Count,10.4,K/uL,4.5,11,N,STAT,2024-12-22 20:01,2024-12-22 20:11,2024-12-22 21:04
LAB724671,ENC110375,PT10756,HGB,Hemoglobin,15.3,g/dL,12,17.5,N,Routine,2024-12-22 19:54,2024-12-22 20:18,2024-12-22 22:39
LAB724672,ENC110375,PT10756,NA,Sodium,144,mmol/L,136,145,N,STAT,2024-12-22 19:47,2024-12-22 20:13,2024-12-22 21:08
LAB724673,ENC110375,PT10756,K,Potassium,4.2,mmol/L,3.5,5.1,N,STAT,2024-12-22 20:11,2024-12-22 20:43,2024-12-22 21:36
LAB724674,ENC110375,PT10756,LACT,Lactate,4.4,mmol/L,0.5,2,HH,STAT,2024-12-22 19:21,2024-12-22 19:27,2024-12-22 21:18
LAB724675,ENC110376,PT12478,GLU,Glucose,90,mg/dL,70,99,N,STAT,2024-12-22 18:52,2024-12-22 19:10,2024-12-22 20:10
LAB724676,ENC110376,PT12478,CREAT,Creatinine,0.96,mg/dL,0.6,1.3,N,Routine,2024-12-22 18:56,2024-12-22 19:11,2024-12-22 23:20
LAB724677,ENC110376,PT12478,WBC,White Blood Cell Count,9.3,K/uL,4.5,11,N,STAT,2024-12-22 18:51,2024-12-22 19:03,2024-12-22 19:57
LAB724678,ENC110376,PT12478,HGB,Hemoglobin,12.4,g/dL,12,17.5,N,Routine,2024-12-22 19:37,2024-12-22 20:12,2024-12-22 23:11
LAB724679,ENC110376,PT12478,TROP,"Troponin I, High Sensitivity",9,ng/L,0,34,N,STAT,2024-12-22 19:41,2024-12-22 19:52,2024-12-22 20:48
LAB724680,ENC110376,PT12478,BNP,B-Type Natriuretic Peptide,1079,pg/mL,0,100,H,STAT,2024-12-22 19:03,2024-12-22 19:11,2024-12-22 20:16
LAB724681,ENC110377,PT10590,GLU,Glucose,171,mg/dL,70,99,H,STAT,2024-12-22 19:29,2024-12-22 20:02,2024-12-22 21:22
LAB724682,ENC110377,PT10590,CREAT,Creatinine,0.75,mg/dL,0.6,1.3,N,STAT,2024-12-22 20:03,2024-12-22 20:38,2024-12-22 21:32
LAB724683,ENC110377,PT10590,WBC,White Blood Cell Count,8.7,K/uL,4.5,11,N,STAT,2024-12-22 19:34,2024-12-22 19:52,2024-12-22 21:02
LAB724684,ENC110377,PT10590,HGB,Hemoglobin,14.2,g/dL,12,17.5,N,STAT,2024-12-22 19:40,2024-12-22 19:53,2024-12-22 21:09
LAB724685,ENC110378,PT12895,GLU,Glucose,126,mg/dL,70,99,H,STAT,2024-12-22 22:08,2024-12-22 22:12,2024-12-22 22:41
LAB724686,ENC110378,PT12895,CREAT,Creatinine,1.73,mg/dL,0.6,1.3,H,STAT,2024-12-22 22:31,2024-12-22 22:43,2024-12-22 23:11
LAB724687,ENC110378,PT12895,WBC,White Blood Cell Count,21.9,K/uL,4.5,11,H,Routine,2024-12-22 21:47,2024-12-22 22:19,2024-12-23 00:54
LAB724688,ENC110378,PT12895,HGB,Hemoglobin,13.4,g/dL,12,17.5,N,Routine,2024-12-22 21:38,2024-12-22 21:46,2024-12-23 02:12
LAB724689,ENC110378,PT12895,NA,Sodium,138,mmol/L,136,145,N,Routine,2024-12-22 22:20,2024-12-22 22:50,2024-12-23 01:06
LAB724690,ENC110378,PT12895,K,Potassium,4.2,mmol/L,3.5,5.1,N,STAT,2024-12-22 21:59,2024-12-22 22:06,2024-12-22 22:39
LAB724691,ENC110378,PT12895,BUN,Blood Urea Nitrogen,18,mg/dL,7,20,N,STAT,2024-12-22 21:44,2024-12-22 22:09,2024-12-22 22:42
LAB724692,ENC110378,PT12895,PLT,Platelet Count,121,K/uL,150,400,L,Routine,2024-12-22 22:14,2024-12-22 22:26,2024-12-23 01:59
LAB724693,ENC110378,PT12895,LACT,Lactate,5.1,mmol/L,0.5,2,HH,STAT,2024-12-22 22:45,2024-12-22 23:09,2024-12-22 23:52
LAB724694,ENC110379,PT11516,GLU,Glucose,79,mg/dL,70,99,N,STAT,2024-12-23 00:52,2024-12-23 01:03,2024-12-23 02:12
LAB724695,ENC110379,PT11516,CREAT,Creatinine,0.82,mg/dL,0.6,1.3,N,STAT,2024-12-23 01:08,2024-12-23 01:34,2024-12-23 02:01
LAB724696,ENC110379,PT11516,WBC,White Blood Cell Count,7.5,K/uL,4.5,11,N,Routine,2024-12-23 01:23,2024-12-23 01:58,2024-12-23 04:22
LAB724697,ENC110379,PT11516,HGB,Hemoglobin,12.4,g/dL,12,17.5,N,Routine,2024-12-23 00:41,2024-12-23 01:04,2024-12-23 05:53
LAB724698,ENC110381,PT10792,GLU,Glucose,119,mg/dL,70,99,H,STAT,2024-12-22 23:59,2024-12-23 00:16,2024-12-23 00:53
LAB724699,ENC110381,PT10792,CREAT,Creatinine,1.18,mg/dL,0.6,1.3,N,Routine,2024-12-23 00:07,2024-12-23 00:16,2024-12-23 06:41
LAB724700,ENC110381,PT10792,WBC,White Blood Cell Count,7,K/uL,4.5,11,N,Routine,2024-12-23 00:18,2024-12-23 00:40,2024-12-23 01:48
LAB724701,ENC110382,PT10186,GLU,Glucose,218,mg/dL,70,99,H,STAT,2024-12-23 02:17,2024-12-23 02:34,2024-12-23 03:08
LAB724702,ENC110382,PT10186,CREAT,Creatinine,0.79,mg/dL,0.6,1.3,N,STAT,2024-12-23 01:54,2024-12-23 02:20,2024-12-23 02:51
LAB724703,ENC110382,PT10186,WBC,White Blood Cell Count,7.3,K/uL,4.5,11,N,Routine,2024-12-23 03:01,2024-12-23 03:06,2024-12-23 07:21
LAB724704,ENC110382,PT10186,HGB,Hemoglobin,14,g/dL,12,17.5,N,STAT,2024-12-23 03:00,2024-12-23 03:05,2024-12-23 03:43
LAB724705,ENC110382,PT10186,LACT,Lactate,6.3,mmol/L,0.5,2,HH,STAT,2024-12-23 02:25,2024-12-23 02:58,2024-12-23 03:22
LAB724706,ENC110383,PT10821,GLU,Glucose,68,mg/dL,70,99,L,STAT,2024-12-23 06:10,2024-12-23 06:16,2024-12-23 06:35
LAB724707,ENC110383,PT10821,CREAT,Creatinine,1.2,mg/dL,0.6,1.3,N,STAT,2024-12-23 06:20,2024-12-23 06:55,2024-12-23 07:54
LAB724708,ENC110383,PT10821,WBC,White Blood Cell Count,7.4,K/uL,4.5,11,N,STAT,2024-12-23 05:13,2024-12-23 05:38,2024-12-23 06:47
LAB724709,ENC110383,PT10821,HGB,Hemoglobin,12.6,g/dL,12,17.5,N,Routine,2024-12-23 05:50,2024-12-23 06:04,2024-12-23 09:45
LAB724710,ENC110384,PT10050,GLU,Glucose,121,mg/dL,70,99,H,STAT,2024-12-23 07:10,2024-12-23 07:37,2024-12-23 08:47
LAB724711,ENC110384,PT10050,CREAT,Creatinine,0.97,mg/dL,0.6,1.3,N,STAT,2024-12-23 07:08,2024-12-23 07:25,2024-12-23 08:01
LAB724712,ENC110384,PT10050,WBC,White Blood Cell Count,6.2,K/uL,4.5,11,N,STAT,2024-12-23 06:40,2024-12-23 07:04,2024-12-23 07:28
LAB724713,ENC110384,PT10050,HGB,Hemoglobin,13.2,g/dL,12,17.5,N,STAT,2024-12-23 06:46,2024-12-23 07:04,2024-12-23 07:50
LAB724714,ENC110386,PT10171,LDL,LDL Cholesterol,65,mg/dL,0,99,N,Routine,2024-12-23 08:45,2024-12-23 09:04,2024-12-23 16:14
LAB724715,ENC110391,PT12668,GLU,Glucose,87,mg/dL,70,99,N,Routine,2024-12-23 13:53,2024-12-23 14:28,2024-12-23 18:30
LAB724716,ENC110391,PT12668,CREAT,Creatinine,0.83,mg/dL,0.6,1.3,N,STAT,2024-12-23 13:20,2024-12-23 13:45,2024-12-23 14:16
LAB724717,ENC110391,PT12668,WBC,White Blood Cell Count,11.6,K/uL,4.5,11,H,STAT,2024-12-23 14:07,2024-12-23 14:30,2024-12-23 15:35
LAB724718,ENC110391,PT12668,HGB,Hemoglobin,11.8,g/dL,12,17.5,L,STAT,2024-12-23 13:34,2024-12-23 14:06,2024-12-23 14:40
LAB724719,ENC110392,PT12092,GLU,Glucose,72,mg/dL,70,99,N,STAT,2024-12-23 10:55,2024-12-23 11:22,2024-12-23 12:05
LAB724720,ENC110392,PT12092,CREAT,Creatinine,0.58,mg/dL,0.6,1.3,L,STAT,2024-12-23 11:10,2024-12-23 11:18,2024-12-23 12:03
LAB724721,ENC110394,PT12447,GLU,Glucose,113,mg/dL,70,99,H,STAT,2024-12-23 11:12,2024-12-23 11:20,2024-12-23 12:22
LAB724722,ENC110394,PT12447,CREAT,Creatinine,1,mg/dL,0.6,1.3,N,STAT,2024-12-23 10:42,2024-12-23 11:17,2024-12-23 12:08
LAB724723,ENC110394,PT12447,WBC,White Blood Cell Count,8.5,K/uL,4.5,11,N,Routine,2024-12-23 11:10,2024-12-23 11:23,2024-12-23 15:16
LAB724724,ENC110394,PT12447,HGB,Hemoglobin,12.1,g/dL,12,17.5,N,STAT,2024-12-23 10:17,2024-12-23 10:30,2024-12-23 11:25
LAB724725,ENC110395,PT13450,A1C,Hemoglobin A1c,5.5,%,4,5.6,N,Routine,2024-12-23 10:31,2024-12-23 10:50,2024-12-24 07:00
LAB724726,ENC110396,PT11121,GLU,Glucose,304,mg/dL,70,99,H,STAT,2024-12-23 14:05,2024-12-23 14:38,2024-12-23 15:48
LAB724727,ENC110396,PT11121,CREAT,Creatinine,0.76,mg/dL,0.6,1.3,N,STAT,2024-12-23 13:50,2024-12-23 14:03,2024-12-23 15:00
LAB724728,ENC110396,PT11121,WBC,White Blood Cell Count,7.4,K/uL,4.5,11,N,Routine,2024-12-23 13:31,2024-12-23 13:45,2024-12-23 15:26
LAB724729,ENC110396,PT11121,HGB,Hemoglobin,15.5,g/dL,12,17.5,N,Routine,2024-12-23 13:35,2024-12-23 13:41,2024-12-23 21:27
LAB724730,ENC110396,PT11121,NA,Sodium,141,mmol/L,136,145,N,Routine,2024-12-23 13:42,2024-12-23 13:56,2024-12-23 15:17
LAB724731,ENC110396,PT11121,K,Potassium,4.1,mmol/L,3.5,5.1,N,STAT,2024-12-23 13:53,2024-12-23 14:12,2024-12-23 15:03
LAB724732,ENC110396,PT11121,A1C,Hemoglobin A1c,8.3,%,4,5.6,H,Routine,2024-12-23 13:52,2024-12-23 14:06,2024-12-24 13:52
LAB724733,ENC110398,PT10028,GLU,Glucose,136,mg/dL,70,99,H,Routine,2024-12-23 12:02,2024-12-23 12:16,2024-12-23 17:48
LAB724734,ENC110398,PT10028,CREAT,Creatinine,0.41,mg/dL,0.6,1.3,L,STAT,2024-12-23 11:43,2024-12-23 11:51,2024-12-23 12:49
LAB724735,ENC110402,PT12979,LDL,LDL Cholesterol,202,mg/dL,0,99,H,Routine,2024-12-23 13:43,2024-12-23 13:51,2024-12-24 12:56
LAB724736,ENC110402,PT12979,A1C,Hemoglobin A1c,6.8,%,4,5.6,H,Routine,2024-12-23 13:55,2024-12-23 14:14,2024-12-24 10:27
LAB724737,ENC110406,PT13328,GLU,Glucose,89,mg/dL,70,99,N,STAT,2024-12-23 15:25,2024-12-23 15:42,2024-12-23 16:38
LAB724738,ENC110406,PT13328,CREAT,Creatinine,1.06,mg/dL,0.6,1.3,N,STAT,2024-12-23 15:47,2024-12-23 15:58,2024-12-23 16:48
LAB724739,ENC110406,PT13328,WBC,White Blood Cell Count,7.3,K/uL,4.5,11,N,Routine,2024-12-23 15:18,2024-12-23 15:42,2024-12-23 22:34
LAB724740,ENC110406,PT13328,TROP,"Troponin I, High Sensitivity",10,ng/L,0,34,N,STAT,2024-12-23 14:44,2024-12-23 15:07,2024-12-23 15:28
LAB724741,ENC110407,PT10244,A1C,Hemoglobin A1c,9.3,%,4,5.6,H,Routine,2024-12-23 14:53,2024-12-23 15:18,2024-12-24 09:07
LAB724742,ENC110407,PT10244,GLU,Glucose,281,mg/dL,70,99,H,Routine,2024-12-23 15:14,2024-12-23 15:23,2024-12-23 18:03
LAB724743,ENC110407,PT10244,CREAT,Creatinine,1.17,mg/dL,0.6,1.3,N,Routine,2024-12-23 14:57,2024-12-23 15:09,2024-12-23 19:18
LAB724744,ENC110409,PT13978,A1C,Hemoglobin A1c,10.1,%,4,5.6,H,Routine,2024-12-23 15:06,2024-12-23 15:22,2024-12-24 03:25
LAB724745,ENC110409,PT13978,GLU,Glucose,191,mg/dL,70,99,H,Routine,2024-12-23 15:25,2024-12-23 15:36,2024-12-23 22:59
LAB724746,ENC110409,PT13978,CREAT,Creatinine,1.05,mg/dL,0.6,1.3,N,Routine,2024-12-23 15:10,2024-12-23 15:18,2024-12-23 17:16
LAB724747,ENC110410,PT10856,GLU,Glucose,74,mg/dL,70,99,N,STAT,2024-12-23 18:43,2024-12-23 18:48,2024-12-23 19:31
LAB724748,ENC110410,PT10856,CREAT,Creatinine,0.75,mg/dL,0.6,1.3,N,Routine,2024-12-23 19:06,2024-12-23 19:11,2024-12-24 00:23
LAB724749,ENC110410,PT10856,WBC,White Blood Cell Count,12.9,K/uL,4.5,11,H,Routine,2024-12-23 18:15,2024-12-23 18:23,2024-12-23 19:50
LAB724750,ENC110410,PT10856,HGB,Hemoglobin,13.1,g/dL,12,17.5,N,STAT,2024-12-23 18:33,2024-12-23 18:47,2024-12-23 19:18
LAB724751,ENC110413,PT13697,GLU,Glucose,112,mg/dL,70,99,H,STAT,2024-12-23 18:14,2024-12-23 18:20,2024-12-23 18:52
LAB724752,ENC110413,PT13697,CREAT,Creatinine,1.1,mg/dL,0.6,1.3,N,Routine,2024-12-23 17:55,2024-12-23 18:05,2024-12-23 22:29
LAB724753,ENC110413,PT13697,WBC,White Blood Cell Count,11.1,K/uL,4.5,11,H,STAT,2024-12-23 18:22,2024-12-23 18:26,2024-12-23 19:18
LAB724754,ENC110413,PT13697,HGB,Hemoglobin,15.5,g/dL,12,17.5,N,STAT,2024-12-23 17:46,2024-12-23 17:57,2024-12-23 18:26
LAB724755,ENC110414,PT11980,GLU,Glucose,374,mg/dL,70,99,H,STAT,2024-12-23 18:15,2024-12-23 18:37,2024-12-23 19:28
LAB724756,ENC110414,PT11980,CREAT,Creatinine,1.07,mg/dL,0.6,1.3,N,Routine,2024-12-23 18:29,2024-12-23 18:52,2024-12-23 21:33
LAB724757,ENC110414,PT11980,A1C,Hemoglobin A1c,10.6,%,4,5.6,H,STAT,2024-12-23 17:58,2024-12-23 18:15,2024-12-23 18:53
LAB724758,ENC110416,PT11114,GLU,Glucose,85,mg/dL,70,99,N,STAT,2024-12-23 23:58,2024-12-24 00:02,2024-12-24 01:11
LAB724759,ENC110416,PT11114,CREAT,Creatinine,1.04,mg/dL,0.6,1.3,N,Routine,2024-12-23 23:50,2024-12-24 00:18,2024-12-24 02:32
LAB724760,ENC110416,PT11114,WBC,White Blood Cell Count,6.2,K/uL,4.5,11,N,STAT,2024-12-24 00:05,2024-12-24 00:25,2024-12-24 00:45
LAB724761,ENC110416,PT11114,HGB,Hemoglobin,12.9,g/dL,12,17.5,N,STAT,2024-12-23 23:50,2024-12-24 00:23,2024-12-24 00:42
LAB724762,ENC110416,PT11114,TROP,"Troponin I, High Sensitivity",3,ng/L,0,34,N,STAT,2024-12-24 00:43,2024-12-24 00:57,2024-12-24 01:31
LAB724763,ENC110416,PT11114,BNP,B-Type Natriuretic Peptide,486,pg/mL,0,100,H,STAT,2024-12-23 23:45,2024-12-23 23:53,2024-12-24 00:38
LAB724764,ENC110417,PT12127,GLU,Glucose,71,mg/dL,70,99,N,STAT,2024-12-23 20:51,2024-12-23 21:19,2024-12-23 21:38
LAB724765,ENC110417,PT12127,CREAT,Creatinine,0.95,mg/dL,0.6,1.3,N,STAT,2024-12-23 21:39,2024-12-23 21:50,2024-12-23 22:33
LAB724766,ENC110417,PT12127,WBC,White Blood Cell Count,16.7,K/uL,4.5,11,H,Routine,2024-12-23 21:57,2024-12-23 22:19,2024-12-24 01:37
LAB724767,ENC110418,PT12940,GLU,Glucose,111,mg/dL,70,99,H,STAT,2024-12-23 23:03,2024-12-23 23:17,2024-12-24 00:26
LAB724768,ENC110418,PT12940,CREAT,Creatinine,0.61,mg/dL,0.6,1.3,N,STAT,2024-12-23 22:52,2024-12-23 23:07,2024-12-24 00:10
LAB724769,ENC110418,PT12940,WBC,White Blood Cell Count,6,K/uL,4.5,11,N,STAT,2024-12-23 23:14,2024-12-23 23:28,2024-12-24 00:42
LAB724770,ENC110418,PT12940,HGB,Hemoglobin,13,g/dL,12,17.5,N,STAT,2024-12-23 22:21,2024-12-23 22:41,2024-12-23 23:00
LAB724771,ENC110421,PT10757,GLU,Glucose,127,mg/dL,70,99,H,STAT,2024-12-24 03:50,2024-12-24 04:00,2024-12-24 05:22
LAB724772,ENC110421,PT10757,CREAT,Creatinine,0.82,mg/dL,0.6,1.3,N,STAT,2024-12-24 03:55,2024-12-24 04:19,2024-12-24 06:09
LAB724773,ENC110421,PT10757,WBC,White Blood Cell Count,20.1,K/uL,4.5,11,H,STAT,2024-12-24 03:41,2024-12-24 04:14,2024-12-24 05:06
LAB724774,ENC110421,PT10757,HGB,Hemoglobin,14.2,g/dL,12,17.5,N,STAT,2024-12-24 03:49,2024-12-24 04:24,2024-12-24 06:20
LAB724775,ENC110423,PT13878,GLU,Glucose,92,mg/dL,70,99,N,Routine,2024-12-24 02:52,2024-12-24 03:24,2024-12-24 08:13
LAB724776,ENC110423,PT13878,CREAT,Creatinine,1.43,mg/dL,0.6,1.3,H,Routine,2024-12-24 03:45,2024-12-24 03:54,2024-12-24 04:59
LAB724777,ENC110423,PT13878,INR,Prothrombin Time INR,0.9,ratio,0.8,1.2,N,Routine,2024-12-24 03:29,2024-12-24 03:39,2024-12-24 05:55
LAB724778,ENC110425,PT11326,GLU,Glucose,98,mg/dL,70,99,N,STAT,2024-12-24 04:46,2024-12-24 05:05,2024-12-24 05:44
LAB724779,ENC110425,PT11326,CREAT,Creatinine,0.91,mg/dL,0.6,1.3,N,STAT,2024-12-24 05:27,2024-12-24 05:46,2024-12-24 06:12
LAB724780,ENC110425,PT11326,WBC,White Blood Cell Count,7.9,K/uL,4.5,11,N,STAT,2024-12-24 05:23,2024-12-24 05:56,2024-12-24 06:35
LAB724781,ENC110425,PT11326,HGB,Hemoglobin,13.6,g/dL,12,17.5,N,Routine,2024-12-24 04:33,2024-12-24 04:49,2024-12-24 09:21
LAB724782,ENC110427,PT10470,GLU,Glucose,118,mg/dL,70,99,H,STAT,2024-12-24 05:16,2024-12-24 05:37,2024-12-24 06:01
LAB724783,ENC110427,PT10470,CREAT,Creatinine,0.46,mg/dL,0.6,1.3,L,STAT,2024-12-24 05:45,2024-12-24 06:10,2024-12-24 06:42
LAB724784,ENC110427,PT10470,WBC,White Blood Cell Count,7.8,K/uL,4.5,11,N,STAT,2024-12-24 05:32,2024-12-24 05:48,2024-12-24 06:56
LAB724785,ENC110428,PT11582,GLU,Glucose,82,mg/dL,70,99,N,STAT,2024-12-24 08:10,2024-12-24 08:38,2024-12-24 09:13
LAB724786,ENC110428,PT11582,CREAT,Creatinine,0.93,mg/dL,0.6,1.3,N,Routine,2024-12-24 08:30,2024-12-24 08:47,2024-12-24 09:56
LAB724787,ENC110428,PT11582,WBC,White Blood Cell Count,10.2,K/uL,4.5,11,N,STAT,2024-12-24 08:33,2024-12-24 09:01,2024-12-24 09:54
LAB724788,ENC110428,PT11582,HGB,Hemoglobin,14.9,g/dL,12,17.5,N,STAT,2024-12-24 08:46,2024-12-24 08:51,2024-12-24 09:24
LAB724789,ENC110429,PT11374,GLU,Glucose,97,mg/dL,70,99,N,Routine,2024-12-24 09:45,2024-12-24 10:04,2024-12-24 13:29
LAB724790,ENC110429,PT11374,CREAT,Creatinine,1.04,mg/dL,0.6,1.3,N,STAT,2024-12-24 09:24,2024-12-24 09:39,2024-12-24 10:08
LAB724791,ENC110429,PT11374,WBC,White Blood Cell Count,6.9,K/uL,4.5,11,N,Routine,2024-12-24 10:02,2024-12-24 10:15,2024-12-24 13:59
LAB724792,ENC110429,PT11374,TROP,"Troponin I, High Sensitivity",11,ng/L,0,34,N,STAT,2024-12-24 10:01,2024-12-24 10:21,2024-12-24 11:07
LAB724793,ENC110430,PT13874,LDL,LDL Cholesterol,100,mg/dL,0,99,H,Routine,2024-12-24 09:38,2024-12-24 09:43,2024-12-24 19:16
LAB724794,ENC110430,PT13874,A1C,Hemoglobin A1c,9.9,%,4,5.6,H,Routine,2024-12-24 09:37,2024-12-24 10:10,2024-12-24 21:32
LAB724795,ENC110432,PT13042,GLU,Glucose,96,mg/dL,70,99,N,Routine,2024-12-24 10:26,2024-12-24 10:57,2024-12-24 13:55
LAB724796,ENC110432,PT13042,CREAT,Creatinine,1.18,mg/dL,0.6,1.3,N,STAT,2024-12-24 11:19,2024-12-24 11:27,2024-12-24 12:16
LAB724797,ENC110433,PT12287,GLU,Glucose,89,mg/dL,70,99,N,STAT,2024-12-24 14:13,2024-12-24 14:39,2024-12-24 14:59
LAB724798,ENC110433,PT12287,CREAT,Creatinine,1.04,mg/dL,0.6,1.3,N,STAT,2024-12-24 13:14,2024-12-24 13:21,2024-12-24 14:20
LAB724799,ENC110433,PT12287,WBC,White Blood Cell Count,5.6,K/uL,4.5,11,N,STAT,2024-12-24 13:34,2024-12-24 14:09,2024-12-24 14:56
LAB724800,ENC110433,PT12287,HGB,Hemoglobin,13,g/dL,12,17.5,N,STAT,2024-12-24 13:29,2024-12-24 14:03,2024-12-24 15:12
LAB724801,ENC110433,PT12287,NA,Sodium,140,mmol/L,136,145,N,Routine,2024-12-24 13:57,2024-12-24 14:14,2024-12-24 16:07
LAB724802,ENC110433,PT12287,K,Potassium,3.7,mmol/L,3.5,5.1,N,STAT,2024-12-24 13:51,2024-12-24 14:05,2024-12-24 14:54
LAB724803,ENC110434,PT11475,LDL,LDL Cholesterol,123,mg/dL,0,99,H,Routine,2024-12-24 11:10,2024-12-24 11:23,2024-12-24 23:02
LAB724804,ENC110439,PT10771,LDL,LDL Cholesterol,165,mg/dL,0,99,H,Routine,2024-12-24 12:34,2024-12-24 12:39,2024-12-25 12:47
LAB724805,ENC110445,PT13545,GLU,Glucose,212,mg/dL,70,99,H,Routine,2024-12-24 17:16,2024-12-24 17:38,2024-12-24 20:26
LAB724806,ENC110445,PT13545,CREAT,Creatinine,1.99,mg/dL,0.6,1.3,H,Routine,2024-12-24 16:38,2024-12-24 16:57,2024-12-24 22:01
LAB724807,ENC110445,PT13545,WBC,White Blood Cell Count,15.9,K/uL,4.5,11,H,STAT,2024-12-24 17:07,2024-12-24 17:33,2024-12-24 18:12
LAB724808,ENC110445,PT13545,HGB,Hemoglobin,13.4,g/dL,12,17.5,N,STAT,2024-12-24 17:17,2024-12-24 17:22,2024-12-24 17:58
LAB724809,ENC110445,PT13545,LACT,Lactate,2.9,mmol/L,0.5,2,H,STAT,2024-12-24 16:27,2024-12-24 16:55,2024-12-24 17:30
LAB724810,ENC110447,PT13080,GLU,Glucose,87,mg/dL,70,99,N,STAT,2024-12-24 19:55,2024-12-24 20:21,2024-12-24 20:57
LAB724811,ENC110447,PT13080,CREAT,Creatinine,0.88,mg/dL,0.6,1.3,N,STAT,2024-12-24 19:13,2024-12-24 19:32,2024-12-24 21:12
LAB724812,ENC110447,PT13080,WBC,White Blood Cell Count,6.2,K/uL,4.5,11,N,STAT,2024-12-24 19:08,2024-12-24 19:23,2024-12-24 19:53
LAB724813,ENC110447,PT13080,HGB,Hemoglobin,13.4,g/dL,12,17.5,N,Routine,2024-12-24 19:49,2024-12-24 19:54,2024-12-25 00:26
LAB724814,ENC110449,PT13532,GLU,Glucose,127,mg/dL,70,99,H,Routine,2024-12-24 16:29,2024-12-24 16:48,2024-12-24 20:53
LAB724815,ENC110449,PT13532,CREAT,Creatinine,0.86,mg/dL,0.6,1.3,N,STAT,2024-12-24 16:11,2024-12-24 16:20,2024-12-24 16:55
LAB724816,ENC110449,PT13532,WBC,White Blood Cell Count,9.2,K/uL,4.5,11,N,STAT,2024-12-24 16:36,2024-12-24 16:40,2024-12-24 17:23
LAB724817,ENC110449,PT13532,HGB,Hemoglobin,14.6,g/dL,12,17.5,N,Routine,2024-12-24 15:45,2024-12-24 15:57,2024-12-24 18:45
LAB724818,ENC110452,PT13766,GLU,Glucose,90,mg/dL,70,99,N,Routine,2024-12-24 23:07,2024-12-24 23:39,2024-12-25 03:51
LAB724819,ENC110452,PT13766,CREAT,Creatinine,0.92,mg/dL,0.6,1.3,N,Routine,2024-12-24 23:07,2024-12-24 23:33,2024-12-25 03:16
LAB724820,ENC110452,PT13766,WBC,White Blood Cell Count,8.1,K/uL,4.5,11,N,Routine,2024-12-24 22:49,2024-12-24 23:08,2024-12-25 02:44
LAB724821,ENC110452,PT13766,HGB,Hemoglobin,13.7,g/dL,12,17.5,N,STAT,2024-12-24 23:37,2024-12-24 23:43,2024-12-25 00:11
LAB724822,ENC110452,PT13766,TROP,"Troponin I, High Sensitivity",231,ng/L,0,34,H,STAT,2024-12-24 23:28,2024-12-24 23:45,2024-12-25 00:28
LAB724823,ENC110453,PT10054,GLU,Glucose,107,mg/dL,70,99,H,STAT,2024-12-24 18:56,2024-12-24 19:10,2024-12-24 19:59
LAB724824,ENC110453,PT10054,CREAT,Creatinine,0.61,mg/dL,0.6,1.3,N,Routine,2024-12-24 18:29,2024-12-24 18:56,2024-12-24 20:53
LAB724825,ENC110453,PT10054,WBC,White Blood Cell Count,14.3,K/uL,4.5,11,H,Routine,2024-12-24 18:36,2024-12-24 18:54,2024-12-24 21:09
LAB724826,ENC110453,PT10054,HGB,Hemoglobin,12.9,g/dL,12,17.5,N,STAT,2024-12-24 19:09,2024-12-24 19:30,2024-12-24 20:52
LAB724827,ENC110456,PT12664,GLU,Glucose,74,mg/dL,70,99,N,STAT,2024-12-24 23:26,2024-12-24 23:45,2024-12-25 00:22
LAB724828,ENC110456,PT12664,CREAT,Creatinine,0.39,mg/dL,0.6,1.3,L,STAT,2024-12-24 22:35,2024-12-24 23:04,2024-12-25 00:04
LAB724829,ENC110456,PT12664,WBC,White Blood Cell Count,7.1,K/uL,4.5,11,N,STAT,2024-12-24 22:40,2024-12-24 22:47,2024-12-24 23:51
LAB724830,ENC110457,PT13678,GLU,Glucose,94,mg/dL,70,99,N,Routine,2024-12-25 01:37,2024-12-25 01:49,2024-12-25 04:07
LAB724831,ENC110457,PT13678,CREAT,Creatinine,0.73,mg/dL,0.6,1.3,N,STAT,2024-12-25 01:08,2024-12-25 01:19,2024-12-25 02:02
LAB724832,ENC110457,PT13678,WBC,White Blood Cell Count,12.2,K/uL,4.5,11,H,Routine,2024-12-25 01:28,2024-12-25 01:46,2024-12-25 03:34
LAB724833,ENC110457,PT13678,HGB,Hemoglobin,13.5,g/dL,12,17.5,N,Routine,2024-12-25 01:07,2024-12-25 01:13,2024-12-25 06:05
LAB724834,ENC110457,PT13678,NA,Sodium,143,mmol/L,136,145,N,Routine,2024-12-25 01:52,2024-12-25 02:10,2024-12-25 05:34
LAB724835,ENC110457,PT13678,K,Potassium,4,mmol/L,3.5,5.1,N,STAT,2024-12-25 01:01,2024-12-25 01:34,2024-12-25 02:26
LAB724836,ENC110458,PT13585,GLU,Glucose,63,mg/dL,70,99,L,STAT,2024-12-24 23:36,2024-12-25 00:01,2024-12-25 00:44
LAB724837,ENC110458,PT13585,CREAT,Creatinine,0.94,mg/dL,0.6,1.3,N,STAT,2024-12-24 23:53,2024-12-25 00:10,2024-12-25 00:55
LAB724838,ENC110458,PT13585,WBC,White Blood Cell Count,5.6,K/uL,4.5,11,N,Routine,2024-12-25 00:20,2024-12-25 00:52,2024-12-25 03:48
LAB724839,ENC110458,PT13585,HGB,Hemoglobin,15.8,g/dL,12,17.5,N,STAT,2024-12-24 23:49,2024-12-24 23:56,2024-12-25 01:03
LAB724840,ENC110459,PT10988,GLU,Glucose,125,mg/dL,70,99,H,STAT,2024-12-25 06:02,2024-12-25 06:18,2024-12-25 06:51
LAB724841,ENC110459,PT10988,CREAT,Creatinine,1.03,mg/dL,0.6,1.3,N,STAT,2024-12-25 05:38,2024-12-25 05:48,2024-12-25 06:29
LAB724842,ENC110459,PT10988,WBC,White Blood Cell Count,8,K/uL,4.5,11,N,Routine,2024-12-25 05:35,2024-12-25 06:00,2024-12-25 07:30
LAB724843,ENC110459,PT10988,HGB,Hemoglobin,12.6,g/dL,12,17.5,N,Routine,2024-12-25 06:30,2024-12-25 06:45,2024-12-25 15:54
LAB724844,ENC110459,PT10988,NA,Sodium,142,mmol/L,136,145,N,Routine,2024-12-25 05:47,2024-12-25 05:56,2024-12-25 10:43
LAB724845,ENC110459,PT10988,K,Potassium,4,mmol/L,3.5,5.1,N,STAT,2024-12-25 06:32,2024-12-25 06:49,2024-12-25 07:27
LAB724846,ENC110460,PT13333,GLU,Glucose,82,mg/dL,70,99,N,Routine,2024-12-25 08:28,2024-12-25 09:00,2024-12-25 13:27
LAB724847,ENC110460,PT13333,CREAT,Creatinine,1.34,mg/dL,0.6,1.3,H,Routine,2024-12-25 08:48,2024-12-25 09:01,2024-12-25 13:42
LAB724848,ENC110460,PT13333,WBC,White Blood Cell Count,8.7,K/uL,4.5,11,N,STAT,2024-12-25 08:51,2024-12-25 09:03,2024-12-25 10:06
LAB724849,ENC110461,PT12996,GLU,Glucose,94,mg/dL,70,99,N,Routine,2024-12-25 12:03,2024-12-25 12:08,2024-12-25 14:13
LAB724850,ENC110461,PT12996,CREAT,Creatinine,0.73,mg/dL,0.6,1.3,N,STAT,2024-12-25 12:08,2024-12-25 12:32,2024-12-25 13:38
LAB724851,ENC110461,PT12996,WBC,White Blood Cell Count,8.1,K/uL,4.5,11,N,Routine,2024-12-25 12:48,2024-12-25 12:53,2024-12-25 15:07
LAB724852,ENC110461,PT12996,HGB,Hemoglobin,12.3,g/dL,12,17.5,N,STAT,2024-12-25 12:07,2024-12-25 12:22,2024-12-25 14:12
LAB724853,ENC110461,PT12996,NA,Sodium,141,mmol/L,136,145,N,STAT,2024-12-25 11:56,2024-12-25 12:02,2024-12-25 12:39
LAB724854,ENC110461,PT12996,K,Potassium,4.5,mmol/L,3.5,5.1,N,STAT,2024-12-25 12:45,2024-12-25 12:49,2024-12-25 13:57
LAB724855,ENC110461,PT12996,TROP,"Troponin I, High Sensitivity",9,ng/L,0,34,N,STAT,2024-12-25 11:50,2024-12-25 12:19,2024-12-25 13:38
LAB724856,ENC110465,PT12899,WBC,White Blood Cell Count,8.5,K/uL,4.5,11,N,Routine,2024-12-25 09:47,2024-12-25 10:12,2024-12-25 11:42
LAB724857,ENC110465,PT12899,HGB,Hemoglobin,13.6,g/dL,12,17.5,N,Routine,2024-12-25 09:35,2024-12-25 09:47,2024-12-25 16:17
LAB724858,ENC110465,PT12899,PLT,Platelet Count,300,K/uL,150,400,N,Routine,2024-12-25 09:35,2024-12-25 10:08,2024-12-25 11:43
LAB724859,ENC110466,PT11559,A1C,Hemoglobin A1c,8.3,%,4,5.6,H,Routine,2024-12-25 10:02,2024-12-25 10:31,2024-12-25 22:19
LAB724860,ENC110468,PT10743,GLU,Glucose,89,mg/dL,70,99,N,Routine,2024-12-25 10:13,2024-12-25 10:42,2024-12-25 14:46
LAB724861,ENC110468,PT10743,CREAT,Creatinine,1.01,mg/dL,0.6,1.3,N,Routine,2024-12-25 10:45,2024-12-25 11:18,2024-12-25 13:46
LAB724862,ENC110468,PT10743,WBC,White Blood Cell Count,6.9,K/uL,4.5,11,N,STAT,2024-12-25 10:17,2024-12-25 10:47,2024-12-25 11:57
LAB724863,ENC110468,PT10743,HGB,Hemoglobin,10.8,g/dL,12,17.5,L,STAT,2024-12-25 10:21,2024-12-25 10:48,2024-12-25 11:34
LAB724864,ENC110468,PT10743,INR,Prothrombin Time INR,1.2,ratio,0.8,1.2,N,Routine,2024-12-25 10:13,2024-12-25 10:39,2024-12-25 11:56
LAB724865,ENC110475,PT11771,GLU,Glucose,94,mg/dL,70,99,N,STAT,2024-12-25 15:25,2024-12-25 15:30,2024-12-25 16:33
LAB724866,ENC110475,PT11771,CREAT,Creatinine,0.63,mg/dL,0.6,1.3,N,Routine,2024-12-25 15:50,2024-12-25 16:20,2024-12-25 17:12
LAB724867,ENC110475,PT11771,WBC,White Blood Cell Count,9.6,K/uL,4.5,11,N,Routine,2024-12-25 15:17,2024-12-25 15:36,2024-12-25 18:18
LAB724868,ENC110475,PT11771,HGB,Hemoglobin,16.8,g/dL,12,17.5,N,STAT,2024-12-25 14:51,2024-12-25 15:16,2024-12-25 16:18
LAB724869,ENC110476,PT12455,TROP,"Troponin I, High Sensitivity",42,ng/L,0,34,H,STAT,2024-12-25 12:30,2024-12-25 12:45,2024-12-25 13:48
LAB724870,ENC110476,PT12455,BNP,B-Type Natriuretic Peptide,337,pg/mL,0,100,H,STAT,2024-12-25 12:55,2024-12-25 13:18,2024-12-25 14:02
LAB724871,ENC110478,PT11688,A1C,Hemoglobin A1c,10.6,%,4,5.6,H,Routine,2024-12-25 12:52,2024-12-25 13:14,2024-12-26 00:21
LAB724872,ENC110478,PT11688,GLU,Glucose,431,mg/dL,70,99,H,Routine,2024-12-25 12:50,2024-12-25 13:24,2024-12-25 17:03
LAB724873,ENC110478,PT11688,CREAT,Creatinine,1.44,mg/dL,0.6,1.3,H,Routine,2024-12-25 12:38,2024-12-25 13:09,2024-12-25 16:30
LAB724874,ENC110479,PT12966,LDL,LDL Cholesterol,109,mg/dL,0,99,H,Routine,2024-12-25 12:55,2024-12-25 13:28,2024-12-25 18:31
LAB724875,ENC110479,PT12966,TSH,Thyroid Stimulating Hormone,1.53,mIU/L,0.4,4,N,Routine,2024-12-25 12:50,2024-12-25 12:55,2024-12-26 10:02
LAB724876,ENC110480,PT12571,LDL,LDL Cholesterol,106,mg/dL,0,99,H,Routine,2024-12-25 13:03,2024-12-25 13:32,2024-12-25 20:07
LAB724877,ENC110481,PT10971,A1C,Hemoglobin A1c,11.5,%,4,5.6,H,Routine,2024-12-25 13:36,2024-12-25 13:41,2024-12-26 05:38
LAB724878,ENC110482,PT13468,LDL,LDL Cholesterol,134,mg/dL,0,99,H,Routine,2024-12-25 13:23,2024-12-25 13:57,2024-12-27 15:57
LAB724879,ENC110484,PT11818,LDL,LDL Cholesterol,63,mg/dL,0,99,N,Routine,2024-12-25 13:31,2024-12-25 13:42,2024-12-26 07:16
LAB724880,ENC110489,PT11909,LDL,LDL Cholesterol,135,mg/dL,0,99,H,Routine,2024-12-25 14:58,2024-12-25 15:22,2024-12-25 22:16
LAB724881,ENC110489,PT11909,TSH,Thyroid Stimulating Hormone,2.5,mIU/L,0.4,4,N,Routine,2024-12-25 14:38,2024-12-25 14:50,2024-12-26 04:19
LAB724882,ENC110493,PT10677,A1C,Hemoglobin A1c,10.9,%,4,5.6,H,Routine,2024-12-25 15:27,2024-12-25 15:47,2024-12-26 05:41
LAB724883,ENC110494,PT10124,GLU,Glucose,121,mg/dL,70,99,H,Routine,2024-12-25 16:44,2024-12-25 17:14,2024-12-25 20:47
LAB724884,ENC110494,PT10124,CREAT,Creatinine,0.58,mg/dL,0.6,1.3,L,Routine,2024-12-25 16:45,2024-12-25 16:52,2024-12-25 20:23
LAB724885,ENC110494,PT10124,WBC,White Blood Cell Count,13.9,K/uL,4.5,11,H,Routine,2024-12-25 16:19,2024-12-25 16:42,2024-12-25 21:31
LAB724886,ENC110499,PT13630,GLU,Glucose,97,mg/dL,70,99,N,Routine,2024-12-25 23:40,2024-12-25 23:56,2024-12-26 02:29
LAB724887,ENC110499,PT13630,CREAT,Creatinine,0.96,mg/dL,0.6,1.3,N,STAT,2024-12-25 23:44,2024-12-26 00:04,2024-12-26 01:26
LAB724888,ENC110499,PT13630,WBC,White Blood Cell Count,15.9,K/uL,4.5,11,H,STAT,2024-12-25 23:49,2024-12-25 23:53,2024-12-26 00:50
LAB724889,ENC110499,PT13630,HGB,Hemoglobin,17.4,g/dL,12,17.5,N,STAT,2024-12-26 00:36,2024-12-26 00:49,2024-12-26 02:38
LAB724890,ENC110500,PT11397,GLU,Glucose,70,mg/dL,70,99,N,STAT,2024-12-26 00:23,2024-12-26 00:53,2024-12-26 01:26
LAB724891,ENC110500,PT11397,CREAT,Creatinine,0.74,mg/dL,0.6,1.3,N,STAT,2024-12-26 00:19,2024-12-26 00:48,2024-12-26 01:23
LAB724892,ENC110500,PT11397,WBC,White Blood Cell Count,22.3,K/uL,4.5,11,H,Routine,2024-12-26 00:05,2024-12-26 00:16,2024-12-26 03:09
LAB724893,ENC110500,PT11397,HGB,Hemoglobin,14.6,g/dL,12,17.5,N,Routine,2024-12-25 23:49,2024-12-25 23:55,2024-12-26 04:18
LAB724894,ENC110501,PT12089,TROP,"Troponin I, High Sensitivity",4,ng/L,0,34,N,STAT,2024-12-25 19:23,2024-12-25 19:45,2024-12-25 21:36
LAB724895,ENC110502,PT11038,A1C,Hemoglobin A1c,9.5,%,4,5.6,H,STAT,2024-12-25 20:28,2024-12-25 20:34,2024-12-25 21:18
LAB724896,ENC110503,PT12167,GLU,Glucose,186,mg/dL,70,99,H,STAT,2024-12-26 00:53,2024-12-26 00:57,2024-12-26 01:39
LAB724897,ENC110503,PT12167,CREAT,Creatinine,1.01,mg/dL,0.6,1.3,N,STAT,2024-12-26 00:15,2024-12-26 00:50,2024-12-26 01:57
LAB724898,ENC110503,PT12167,WBC,White Blood Cell Count,4.2,K/uL,4.5,11,L,Routine,2024-12-26 00:15,2024-12-26 00:47,2024-12-26 02:03
LAB724899,ENC110503,PT12167,HGB,Hemoglobin,13.7,g/dL,12,17.5,N,Routine,2024-12-26 01:07,2024-12-26 01:29,2024-12-26 03:36
LAB724900,ENC110503,PT12167,TROP,"Troponin I, High Sensitivity",149,ng/L,0,34,H,STAT,2024-12-26 00:43,2024-12-26 01:07,2024-12-26 02:20
LAB724901,ENC110504,PT10899,GLU,Glucose,200,mg/dL,70,99,H,STAT,2024-12-25 21:06,2024-12-25 21:18,2024-12-25 22:05
LAB724902,ENC110504,PT10899,CREAT,Creatinine,1.35,mg/dL,0.6,1.3,H,Routine,2024-12-25 21:12,2024-12-25 21:46,2024-12-26 01:48
LAB724903,ENC110504,PT10899,WBC,White Blood Cell Count,18.1,K/uL,4.5,11,H,Routine,2024-12-25 20:32,2024-12-25 21:01,2024-12-26 01:23
LAB724904,ENC110504,PT10899,HGB,Hemoglobin,15.3,g/dL,12,17.5,N,Routine,2024-12-25 21:06,2024-12-25 21:15,2024-12-26 00:36
LAB724905,ENC110504,PT10899,NA,Sodium,140,mmol/L,136,145,N,STAT,2024-12-25 21:30,2024-12-25 21:38,2024-12-25 22:19
LAB724906,ENC110504,PT10899,K,Potassium,4.1,mmol/L,3.5,5.1,N,STAT,2024-12-25 21:08,2024-12-25 21:17,2024-12-25 22:01
LAB724907,ENC110504,PT10899,LACT,Lactate,7.8,mmol/L,0.5,2,HH,STAT,2024-12-25 21:11,2024-12-25 21:41,2024-12-25 22:23
LAB724908,ENC110505,PT13886,GLU,Glucose,237,mg/dL,70,99,H,Routine,2024-12-26 01:36,2024-12-26 01:57,2024-12-26 05:36
LAB724909,ENC110505,PT13886,CREAT,Creatinine,0.98,mg/dL,0.6,1.3,N,Routine,2024-12-26 01:33,2024-12-26 01:48,2024-12-26 11:46
LAB724910,ENC110505,PT13886,WBC,White Blood Cell Count,6.1,K/uL,4.5,11,N,STAT,2024-12-26 01:40,2024-12-26 01:52,2024-12-26 02:33
LAB724911,ENC110505,PT13886,HGB,Hemoglobin,14.7,g/dL,12,17.5,N,Routine,2024-12-26 00:59,2024-12-26 01:16,2024-12-26 04:00
LAB724912,ENC110505,PT13886,NA,Sodium,143,mmol/L,136,145,N,Routine,2024-12-26 01:05,2024-12-26 01:20,2024-12-26 03:53
LAB724913,ENC110505,PT13886,K,Potassium,4.8,mmol/L,3.5,5.1,N,STAT,2024-12-26 01:33,2024-12-26 02:01,2024-12-26 03:25
LAB724914,ENC110505,PT13886,A1C,Hemoglobin A1c,8.7,%,4,5.6,H,STAT,2024-12-26 02:03,2024-12-26 02:29,2024-12-26 02:47
LAB724915,ENC110506,PT12311,GLU,Glucose,82,mg/dL,70,99,N,Routine,2024-12-26 04:21,2024-12-26 04:54,2024-12-26 08:35
LAB724916,ENC110506,PT12311,CREAT,Creatinine,1.17,mg/dL,0.6,1.3,N,STAT,2024-12-26 04:05,2024-12-26 04:25,2024-12-26 05:03
LAB724917,ENC110506,PT12311,WBC,White Blood Cell Count,10,K/uL,4.5,11,N,STAT,2024-12-26 04:49,2024-12-26 05:11,2024-12-26 05:57
LAB724918,ENC110506,PT12311,HGB,Hemoglobin,14.7,g/dL,12,17.5,N,STAT,2024-12-26 04:12,2024-12-26 04:35,2024-12-26 04:57
LAB724919,ENC110506,PT12311,TROP,"Troponin I, High Sensitivity",5,ng/L,0,34,N,STAT,2024-12-26 05:06,2024-12-26 05:17,2024-12-26 05:52
LAB724920,ENC110507,PT13958,GLU,Glucose,91,mg/dL,70,99,N,STAT,2024-12-26 07:05,2024-12-26 07:23,2024-12-26 07:51
LAB724921,ENC110507,PT13958,CREAT,Creatinine,0.8,mg/dL,0.6,1.3,N,Routine,2024-12-26 06:10,2024-12-26 06:31,2024-12-26 11:49
LAB724922,ENC110507,PT13958,WBC,White Blood Cell Count,6.8,K/uL,4.5,11,N,STAT,2024-12-26 07:02,2024-12-26 07:08,2024-12-26 07:28
LAB724923,ENC110507,PT13958,HGB,Hemoglobin,15.8,g/dL,12,17.5,N,STAT,2024-12-26 06:36,2024-12-26 06:55,2024-12-26 08:09
LAB724924,ENC110507,PT13958,LACT,Lactate,2.3,mmol/L,0.5,2,H,STAT,2024-12-26 06:19,2024-12-26 06:23,2024-12-26 06:48
LAB724925,ENC110508,PT11045,GLU,Glucose,170,mg/dL,70,99,H,STAT,2024-12-26 07:59,2024-12-26 08:27,2024-12-26 08:51
LAB724926,ENC110508,PT11045,CREAT,Creatinine,1.27,mg/dL,0.6,1.3,N,STAT,2024-12-26 08:22,2024-12-26 08:45,2024-12-26 09:44
LAB724927,ENC110508,PT11045,WBC,White Blood Cell Count,19.1,K/uL,4.5,11,H,Routine,2024-12-26 07:51,2024-12-26 08:10,2024-12-26 11:37
LAB724928,ENC110508,PT11045,HGB,Hemoglobin,12.2,g/dL,12,17.5,N,STAT,2024-12-26 08:08,2024-12-26 08:26,2024-12-26 08:51
LAB724929,ENC110508,PT11045,LACT,Lactate,6.4,mmol/L,0.5,2,HH,STAT,2024-12-26 07:54,2024-12-26 08:05,2024-12-26 08:57
LAB724930,ENC110509,PT12486,GLU,Glucose,106,mg/dL,70,99,H,Routine,2024-12-26 13:02,2024-12-26 13:23,2024-12-26 17:34
LAB724931,ENC110509,PT12486,CREAT,Creatinine,1.15,mg/dL,0.6,1.3,N,Routine,2024-12-26 12:34,2024-12-26 12:44,2024-12-26 15:21
LAB724932,ENC110509,PT12486,WBC,White Blood Cell Count,7.9,K/uL,4.5,11,N,Routine,2024-12-26 12:37,2024-12-26 13:06,2024-12-26 15:29
LAB724933,ENC110509,PT12486,HGB,Hemoglobin,14.5,g/dL,12,17.5,N,STAT,2024-12-26 12:28,2024-12-26 12:51,2024-12-26 14:34
LAB724934,ENC110509,PT12486,INR,Prothrombin Time INR,1.2,ratio,0.8,1.2,N,Routine,2024-12-26 12:39,2024-12-26 12:55,2024-12-26 14:42
LAB724935,ENC110510,PT12333,GLU,Glucose,110,mg/dL,70,99,H,STAT,2024-12-26 09:10,2024-12-26 09:20,2024-12-26 10:01
LAB724936,ENC110510,PT12333,CREAT,Creatinine,1.72,mg/dL,0.6,1.3,H,STAT,2024-12-26 09:09,2024-12-26 09:19,2024-12-26 10:34
LAB724937,ENC110510,PT12333,WBC,White Blood Cell Count,7.2,K/uL,4.5,11,N,STAT,2024-12-26 09:05,2024-12-26 09:26,2024-12-26 10:12
LAB724938,ENC110510,PT12333,HGB,Hemoglobin,10,g/dL,12,17.5,L,STAT,2024-12-26 09:13,2024-12-26 09:28,2024-12-26 10:04
LAB724939,ENC110510,PT12333,TROP,"Troponin I, High Sensitivity",2,ng/L,0,34,N,STAT,2024-12-26 08:44,2024-12-26 09:14,2024-12-26 10:14
LAB724940,ENC110512,PT13834,GLU,Glucose,75,mg/dL,70,99,N,STAT,2024-12-26 11:54,2024-12-26 12:06,2024-12-26 12:58
LAB724941,ENC110512,PT13834,CREAT,Creatinine,1.8,mg/dL,0.6,1.3,H,Routine,2024-12-26 11:39,2024-12-26 11:52,2024-12-26 13:37
LAB724942,ENC110512,PT13834,WBC,White Blood Cell Count,8.4,K/uL,4.5,11,N,Routine,2024-12-26 12:17,2024-12-26 12:50,2024-12-26 15:48
LAB724943,ENC110512,PT13834,HGB,Hemoglobin,11.3,g/dL,12,17.5,L,STAT,2024-12-26 11:28,2024-12-26 11:32,2024-12-26 12:23
LAB724944,ENC110512,PT13834,TROP,"Troponin I, High Sensitivity",35,ng/L,0,34,H,STAT,2024-12-26 11:46,2024-12-26 11:52,2024-12-26 12:16
LAB724945,ENC110512,PT13834,BNP,B-Type Natriuretic Peptide,917,pg/mL,0,100,H,STAT,2024-12-26 11:38,2024-12-26 11:45,2024-12-26 12:28
LAB724946,ENC110513,PT11000,GLU,Glucose,91,mg/dL,70,99,N,Routine,2024-12-26 13:41,2024-12-26 14:15,2024-12-26 16:47
LAB724947,ENC110513,PT11000,CREAT,Creatinine,1.12,mg/dL,0.6,1.3,N,STAT,2024-12-26 13:24,2024-12-26 13:35,2024-12-26 14:38
LAB724948,ENC110513,PT11000,WBC,White Blood Cell Count,16.9,K/uL,4.5,11,H,STAT,2024-12-26 13:11,2024-12-26 13:41,2024-12-26 14:17
LAB724949,ENC110513,PT11000,HGB,Hemoglobin,14,g/dL,12,17.5,N,STAT,2024-12-26 13:13,2024-12-26 13:42,2024-12-26 14:05
LAB724950,ENC110514,PT12627,LDL,LDL Cholesterol,91,mg/dL,0,99,N,Routine,2024-12-26 10:16,2024-12-26 10:51,2024-12-27 08:11
LAB724951,ENC110514,PT12627,A1C,Hemoglobin A1c,8.9,%,4,5.6,H,Routine,2024-12-26 10:16,2024-12-26 10:51,2024-12-26 22:48
LAB724952,ENC110514,PT12627,TSH,Thyroid Stimulating Hormone,1.32,mIU/L,0.4,4,N,Routine,2024-12-26 10:25,2024-12-26 10:54,2024-12-27 07:58
LAB724953,ENC110515,PT10319,GLU,Glucose,288,mg/dL,70,99,H,STAT,2024-12-26 14:46,2024-12-26 14:53,2024-12-26 15:11
LAB724954,ENC110515,PT10319,CREAT,Creatinine,0.84,mg/dL,0.6,1.3,N,STAT,2024-12-26 14:55,2024-12-26 15:17,2024-12-26 15:46
LAB724955,ENC110515,PT10319,WBC,White Blood Cell Count,5.7,K/uL,4.5,11,N,STAT,2024-12-26 14:33,2024-12-26 14:45,2024-12-26 15:42
LAB724956,ENC110515,PT10319,HGB,Hemoglobin,9.6,g/dL,12,17.5,L,STAT,2024-12-26 15:10,2024-12-26 15:21,2024-12-26 15:38
LAB724957,ENC110516,PT12484,A1C,Hemoglobin A1c,6.7,%,4,5.6,H,Routine,2024-12-26 11:20,2024-12-26 11:31,2024-12-27 07:20
LAB724958,ENC110516,PT12484,GLU,Glucose,142,mg/dL,70,99,H,Routine,2024-12-26 11:15,2024-12-26 11:38,2024-12-26 13:57
LAB724959,ENC110516,PT12484,CREAT,Creatinine,0.83,mg/dL,0.6,1.3,N,Routine,2024-12-26 11:12,2024-12-26 11:36,2024-12-26 13:40
LAB724960,ENC110518,PT13869,A1C,Hemoglobin A1c,10.5,%,4,5.6,H,Routine,2024-12-26 11:50,2024-12-26 12:00,2024-12-27 01:33
LAB724961,ENC110519,PT13732,GLU,Glucose,87,mg/dL,70,99,N,Routine,2024-12-26 15:50,2024-12-26 16:21,2024-12-26 21:49
LAB724962,ENC110519,PT13732,CREAT,Creatinine,1.16,mg/dL,0.6,1.3,N,STAT,2024-12-26 16:21,2024-12-26 16:35,2024-12-26 17:12
LAB724963,ENC110519,PT13732,WBC,White Blood Cell Count,9.4,K/uL,4.5,11,N,STAT,2024-12-26 16:06,2024-12-26 16:29,2024-12-26 16:59
LAB724964,ENC110519,PT13732,HGB,Hemoglobin,13.7,g/dL,12,17.5,N,Routine,2024-12-26 16:06,2024-12-26 16:37,2024-12-26 22:25
LAB724965,ENC110519,PT13732,NA,Sodium,141,mmol/L,136,145,N,Routine,2024-12-26 16:20,2024-12-26 16:30,2024-12-26 17:49
LAB724966,ENC110519,PT13732,K,Potassium,4.2,mmol/L,3.5,5.1,N,STAT,2024-12-26 16:00,2024-12-26 16:32,2024-12-26 17:05
LAB724967,ENC110520,PT11205,GLU,Glucose,104,mg/dL,70,99,H,Routine,2024-12-26 16:17,2024-12-26 16:30,2024-12-26 20:51
LAB724968,ENC110520,PT11205,CREAT,Creatinine,1.07,mg/dL,0.6,1.3,N,STAT,2024-12-26 16:07,2024-12-26 16:39,2024-12-26 17:19
LAB724969,ENC110520,PT11205,WBC,White Blood Cell Count,15,K/uL,4.5,11,H,STAT,2024-12-26 16:40,2024-12-26 17:02,2024-12-26 17:44
LAB724970,ENC110520,PT11205,HGB,Hemoglobin,12.1,g/dL,12,17.5,N,Routine,2024-12-26 16:13,2024-12-26 16:24,2024-12-26 19:38
LAB724971,ENC110521,PT11412,LDL,LDL Cholesterol,109,mg/dL,0,99,H,Routine,2024-12-26 13:08,2024-12-26 13:28,2024-12-26 21:18
LAB724972,ENC110521,PT11412,A1C,Hemoglobin A1c,8.4,%,4,5.6,H,Routine,2024-12-26 12:54,2024-12-26 13:28,2024-12-27 05:12
LAB724973,ENC110523,PT10332,LDL,LDL Cholesterol,145,mg/dL,0,99,H,Routine,2024-12-26 13:53,2024-12-26 14:23,2024-12-28 16:23
LAB724974,ENC110523,PT10332,A1C,Hemoglobin A1c,8,%,4,5.6,H,Routine,2024-12-26 13:49,2024-12-26 14:22,2024-12-26 23:59
LAB724975,ENC110523,PT10332,TSH,Thyroid Stimulating Hormone,1.14,mIU/L,0.4,4,N,Routine,2024-12-26 13:46,2024-12-26 13:52,2024-12-28 05:03
LAB724976,ENC110525,PT13734,A1C,Hemoglobin A1c,9.1,%,4,5.6,H,Routine,2024-12-26 14:15,2024-12-26 14:23,2024-12-27 04:26
LAB724977,ENC110525,PT13734,GLU,Glucose,107,mg/dL,70,99,H,Routine,2024-12-26 13:50,2024-12-26 14:00,2024-12-26 16:12
LAB724978,ENC110525,PT13734,CREAT,Creatinine,0.89,mg/dL,0.6,1.3,N,Routine,2024-12-26 13:56,2024-12-26 14:30,2024-12-26 15:34
LAB724979,ENC110527,PT11500,GLU,Glucose,101,mg/dL,70,99,H,STAT,2024-12-26 18:39,2024-12-26 19:05,2024-12-26 19:50
LAB724980,ENC110527,PT11500,CREAT,Creatinine,1.11,mg/dL,0.6,1.3,N,Routine,2024-12-26 19:07,2024-12-26 19:34,2024-12-26 23:28
LAB724981,ENC110527,PT11500,WBC,White Blood Cell Count,7.9,K/uL,4.5,11,N,STAT,2024-12-26 19:28,2024-12-26 19:57,2024-12-26 21:00
LAB724982,ENC110527,PT11500,HGB,Hemoglobin,11.9,g/dL,12,17.5,L,STAT,2024-12-26 19:29,2024-12-26 19:50,2024-12-26 20:20
LAB724983,ENC110527,PT11500,NA,Sodium,130,mmol/L,136,145,L,Routine,2024-12-26 18:30,2024-12-26 18:49,2024-12-26 23:48
LAB724984,ENC110527,PT11500,K,Potassium,3.7,mmol/L,3.5,5.1,N,STAT,2024-12-26 18:52,2024-12-26 19:12,2024-12-26 19:59
LAB724985,ENC110528,PT10080,GLU,Glucose,108,mg/dL,70,99,H,STAT,2024-12-26 15:16,2024-12-26 15:21,2024-12-26 16:18
LAB724986,ENC110528,PT10080,CREAT,Creatinine,1.03,mg/dL,0.6,1.3,N,STAT,2024-12-26 14:32,2024-12-26 14:58,2024-12-26 15:55
LAB724987,ENC110528,PT10080,WBC,White Blood Cell Count,8.1,K/uL,4.5,11,N,STAT,2024-12-26 14:35,2024-12-26 14:39,2024-12-26 15:50
LAB724988,ENC110531,PT10290,A1C,Hemoglobin A1c,5.2,%,4,5.6,N,Routine,2024-12-26 15:38,2024-12-26 16:00,2024-12-27 05:25
LAB724989,ENC110531,PT10290,GLU,Glucose,114,mg/dL,70,99,H,Routine,2024-12-26 15:30,2024-12-26 15:38,2024-12-26 18:08
LAB724990,ENC110531,PT10290,CREAT,Creatinine,0.76,mg/dL,0.6,1.3,N,Routine,2024-12-26 15:28,2024-12-26 15:51,2024-12-26 17:00
LAB724991,ENC110532,PT10461,LDL,LDL Cholesterol,129,mg/dL,0,99,H,Routine,2024-12-26 15:31,2024-12-26 15:41,2024-12-27 09:29
LAB724992,ENC110534,PT11793,GLU,Glucose,115,mg/dL,70,99,H,STAT,2024-12-26 17:07,2024-12-26 17:14,2024-12-26 19:15
LAB724993,ENC110534,PT11793,CREAT,Creatinine,0.96,mg/dL,0.6,1.3,N,STAT,2024-12-26 16:54,2024-12-26 17:10,2024-12-26 18:11
LAB724994,ENC110534,PT11793,WBC,White Blood Cell Count,9.4,K/uL,4.5,11,N,Routine,2024-12-26 16:27,2024-12-26 16:57,2024-12-26 19:03
LAB724995,ENC110534,PT11793,HGB,Hemoglobin,15.5,g/dL,12,17.5,N,Routine,2024-12-26 16:52,2024-12-26 17:22,2024-12-26 20:52
LAB724996,ENC110536,PT10293,GLU,Glucose,204,mg/dL,70,99,H,STAT,2024-12-26 20:55,2024-12-26 21:21,2024-12-26 22:32
LAB724997,ENC110536,PT10293,CREAT,Creatinine,1.14,mg/dL,0.6,1.3,N,STAT,2024-12-26 20:46,2024-12-26 21:00,2024-12-26 21:42
LAB724998,ENC110536,PT10293,WBC,White Blood Cell Count,7.8,K/uL,4.5,11,N,STAT,2024-12-26 21:15,2024-12-26 21:27,2024-12-26 23:00
LAB724999,ENC110536,PT10293,HGB,Hemoglobin,15.8,g/dL,12,17.5,N,STAT,2024-12-26 20:52,2024-12-26 21:13,2024-12-26 21:51
LAB725000,ENC110536,PT10293,TROP,"Troponin I, High Sensitivity",80,ng/L,0,34,H,STAT,2024-12-26 21:05,2024-12-26 21:37,2024-12-26 22:15
LAB725001,ENC110536,PT10293,BNP,B-Type Natriuretic Peptide,1908,pg/mL,0,100,H,Routine,2024-12-26 21:48,2024-12-26 22:14,2024-12-27 00:53
LAB725002,ENC110537,PT13561,GLU,Glucose,271,mg/dL,70,99,H,Routine,2024-12-26 16:56,2024-12-26 17:19,2024-12-26 19:46
LAB725003,ENC110537,PT13561,CREAT,Creatinine,0.92,mg/dL,0.6,1.3,N,STAT,2024-12-26 16:40,2024-12-26 17:15,2024-12-26 17:41
LAB725004,ENC110538,PT10057,GLU,Glucose,102,mg/dL,70,99,H,Routine,2024-12-26 22:10,2024-12-26 22:20,2024-12-27 02:47
LAB725005,ENC110538,PT10057,CREAT,Creatinine,1.27,mg/dL,0.6,1.3,N,STAT,2024-12-26 22:04,2024-12-26 22:36,2024-12-26 23:11
LAB725006,ENC110538,PT10057,WBC,White Blood Cell Count,5.3,K/uL,4.5,11,N,Routine,2024-12-26 22:05,2024-12-26 22:10,2024-12-27 11:59
LAB725007,ENC110538,PT10057,HGB,Hemoglobin,14,g/dL,12,17.5,N,STAT,2024-12-26 22:33,2024-12-26 23:04,2024-12-26 23:41
LAB725008,ENC110538,PT10057,BUN,Blood Urea Nitrogen,13,mg/dL,7,20,N,STAT,2024-12-26 22:34,2024-12-26 22:52,2024-12-26 23:26
LAB725009,ENC110538,PT10057,PLT,Platelet Count,276,K/uL,150,400,N,Routine,2024-12-26 22:13,2024-12-26 22:34,2024-12-26 23:40
LAB725010,ENC110538,PT10057,INR,Prothrombin Time INR,1,ratio,0.8,1.2,N,Routine,2024-12-26 22:30,2024-12-26 22:59,2024-12-27 00:46
LAB725011,ENC110541,PT12600,GLU,Glucose,214,mg/dL,70,99,H,STAT,2024-12-27 00:06,2024-12-27 00:20,2024-12-27 01:32
LAB725012,ENC110541,PT12600,CREAT,Creatinine,1.32,mg/dL,0.6,1.3,H,Routine,2024-12-27 00:28,2024-12-27 01:01,2024-12-27 02:32
LAB725013,ENC110541,PT12600,WBC,White Blood Cell Count,8,K/uL,4.5,11,N,Routine,2024-12-26 23:50,2024-12-27 00:25,2024-12-27 03:42
LAB725014,ENC110541,PT12600,HGB,Hemoglobin,13.3,g/dL,12,17.5,N,STAT,2024-12-27 00:41,2024-12-27 01:13,2024-12-27 01:45
LAB725015,ENC110541,PT12600,TROP,"Troponin I, High Sensitivity",10,ng/L,0,34,N,STAT,2024-12-26 23:41,2024-12-27 00:07,2024-12-27 01:55
LAB725016,ENC110543,PT10703,GLU,Glucose,187,mg/dL,70,99,H,STAT,2024-12-27 01:48,2024-12-27 01:56,2024-12-27 02:43
LAB725017,ENC110543,PT10703,CREAT,Creatinine,1.67,mg/dL,0.6,1.3,H,STAT,2024-12-27 01:49,2024-12-27 02:15,2024-12-27 02:43
LAB725018,ENC110543,PT10703,WBC,White Blood Cell Count,16.8,K/uL,4.5,11,H,STAT,2024-12-27 02:23,2024-12-27 02:38,2024-12-27 03:25
LAB725019,ENC110543,PT10703,HGB,Hemoglobin,15.2,g/dL,12,17.5,N,STAT,2024-12-27 02:07,2024-12-27 02:17,2024-12-27 03:13
LAB725020,ENC110543,PT10703,LACT,Lactate,2.2,mmol/L,0.5,2,H,STAT,2024-12-27 02:21,2024-12-27 02:41,2024-12-27 03:09
LAB725021,ENC110544,PT10141,GLU,Glucose,82,mg/dL,70,99,N,Routine,2024-12-26 22:35,2024-12-26 22:45,2024-12-27 00:03
LAB725022,ENC110544,PT10141,CREAT,Creatinine,0.65,mg/dL,0.6,1.3,N,STAT,2024-12-26 23:00,2024-12-26 23:20,2024-12-27 00:25
LAB725023,ENC110544,PT10141,WBC,White Blood Cell Count,5.7,K/uL,4.5,11,N,Routine,2024-12-26 22:03,2024-12-26 22:23,2024-12-26 23:29
LAB725024,ENC110544,PT10141,HGB,Hemoglobin,11.6,g/dL,12,17.5,L,STAT,2024-12-26 22:24,2024-12-26 22:43,2024-12-26 23:46
LAB725025,ENC110544,PT10141,BUN,Blood Urea Nitrogen,10,mg/dL,7,20,N,Routine,2024-12-26 22:37,2024-12-26 23:04,2024-12-27 01:02
LAB725026,ENC110544,PT10141,PLT,Platelet Count,227,K/uL,150,400,N,STAT,2024-12-26 22:17,2024-12-26 22:33,2024-12-26 23:20
LAB725027,ENC110546,PT12804,GLU,Glucose,91,mg/dL,70,99,N,STAT,2024-12-27 05:37,2024-12-27 05:49,2024-12-27 06:49
LAB725028,ENC110546,PT12804,CREAT,Creatinine,1.07,mg/dL,0.6,1.3,N,Routine,2024-12-27 05:14,2024-12-27 05:47,2024-12-27 07:23
LAB725029,ENC110546,PT12804,WBC,White Blood Cell Count,9.9,K/uL,4.5,11,N,STAT,2024-12-27 05:39,2024-12-27 05:44,2024-12-27 06:30
LAB725030,ENC110546,PT12804,HGB,Hemoglobin,10.4,g/dL,12,17.5,L,STAT,2024-12-27 05:47,2024-12-27 05:58,2024-12-27 06:31
LAB725031,ENC110547,PT12318,GLU,Glucose,97,mg/dL,70,99,N,STAT,2024-12-27 02:30,2024-12-27 03:02,2024-12-27 03:47
LAB725032,ENC110547,PT12318,CREAT,Creatinine,0.58,mg/dL,0.6,1.3,L,STAT,2024-12-27 02:18,2024-12-27 02:39,2024-12-27 03:09
LAB725033,ENC110547,PT12318,WBC,White Blood Cell Count,7.9,K/uL,4.5,11,N,STAT,2024-12-27 02:21,2024-12-27 02:49,2024-12-27 03:15
LAB725034,ENC110547,PT12318,HGB,Hemoglobin,14.4,g/dL,12,17.5,N,Routine,2024-12-27 02:41,2024-12-27 02:46,2024-12-27 06:19
LAB725035,ENC110547,PT12318,INR,Prothrombin Time INR,1.1,ratio,0.8,1.2,N,STAT,2024-12-27 02:35,2024-12-27 03:07,2024-12-27 03:47
LAB725036,ENC110548,PT10771,GLU,Glucose,90,mg/dL,70,99,N,Routine,2024-12-27 06:17,2024-12-27 06:32,2024-12-27 09:44
LAB725037,ENC110548,PT10771,CREAT,Creatinine,0.93,mg/dL,0.6,1.3,N,Routine,2024-12-27 06:23,2024-12-27 06:38,2024-12-27 08:46
LAB725038,ENC110548,PT10771,WBC,White Blood Cell Count,16.4,K/uL,4.5,11,H,STAT,2024-12-27 06:24,2024-12-27 06:37,2024-12-27 07:42
LAB725039,ENC110548,PT10771,HGB,Hemoglobin,15.3,g/dL,12,17.5,N,Routine,2024-12-27 06:41,2024-12-27 06:51,2024-12-27 09:50
LAB725040,ENC110548,PT10771,NA,Sodium,139,mmol/L,136,145,N,Routine,2024-12-27 06:39,2024-12-27 06:43,2024-12-27 08:16
LAB725041,ENC110548,PT10771,K,Potassium,4.2,mmol/L,3.5,5.1,N,STAT,2024-12-27 06:31,2024-12-27 06:56,2024-12-27 07:20
LAB725042,ENC110549,PT10390,GLU,Glucose,102,mg/dL,70,99,H,STAT,2024-12-27 03:20,2024-12-27 03:55,2024-12-27 04:19
LAB725043,ENC110549,PT10390,CREAT,Creatinine,1.16,mg/dL,0.6,1.3,N,STAT,2024-12-27 03:42,2024-12-27 04:12,2024-12-27 04:52
LAB725044,ENC110549,PT10390,TROP,"Troponin I, High Sensitivity",8,ng/L,0,34,N,STAT,2024-12-27 03:22,2024-12-27 03:32,2024-12-27 04:09
LAB725045,ENC110551,PT11934,A1C,Hemoglobin A1c,6.7,%,4,5.6,H,Routine,2024-12-27 08:22,2024-12-27 08:55,2024-12-28 01:24
LAB725046,ENC110551,PT11934,GLU,Glucose,126,mg/dL,70,99,H,Routine,2024-12-27 08:39,2024-12-27 08:59,2024-12-27 11:39
LAB725047,ENC110551,PT11934,CREAT,Creatinine,0.88,mg/dL,0.6,1.3,N,Routine,2024-12-27 08:45,2024-12-27 08:51,2024-12-27 09:31
LAB725048,ENC110552,PT13283,GLU,Glucose,154,mg/dL,70,99,H,STAT,2024-12-27 13:10,2024-12-27 13:25,2024-12-27 14:05
LAB725049,ENC110552,PT13283,CREAT,Creatinine,1.61,mg/dL,0.6,1.3,H,STAT,2024-12-27 13:53,2024-12-27 14:26,2024-12-27 14:57
LAB725050,ENC110552,PT13283,WBC,White Blood Cell Count,2.6,K/uL,4.5,11,L,STAT,2024-12-27 13:09,2024-12-27 13:29,2024-12-27 14:02
LAB725051,ENC110552,PT13283,HGB,Hemoglobin,15.7,g/dL,12,17.5,N,Routine,2024-12-27 13:35,2024-12-27 14:10,2024-12-27 16:47
LAB725052,ENC110552,PT13283,LACT,Lactate,1.1,mmol/L,0.5,2,N,STAT,2024-12-27 13:13,2024-12-27 13:48,2024-12-27 14:30
LAB725053,ENC110553,PT11191,A1C,Hemoglobin A1c,9,%,4,5.6,H,Routine,2024-12-27 09:23,2024-12-27 09:28,2024-12-28 03:07
LAB725054,ENC110553,PT11191,GLU,Glucose,173,mg/dL,70,99,H,Routine,2024-12-27 09:44,2024-12-27 10:02,2024-12-27 11:44
LAB725055,ENC110553,PT11191,CREAT,Creatinine,0.94,mg/dL,0.6,1.3,N,Routine,2024-12-27 09:22,2024-12-27 09:38,2024-12-27 14:24
LAB725056,ENC110554,PT11430,GLU,Glucose,121,mg/dL,70,99,H,STAT,2024-12-27 09:55,2024-12-27 10:09,2024-12-27 10:56
LAB725057,ENC110554,PT11430,CREAT,Creatinine,0.65,mg/dL,0.6,1.3,N,Routine,2024-12-27 10:05,2024-12-27 10:36,2024-12-27 15:12
LAB725058,ENC110554,PT11430,WBC,White Blood Cell Count,12.4,K/uL,4.5,11,H,STAT,2024-12-27 10:01,2024-12-27 10:36,2024-12-27 11:13
LAB725059,ENC110554,PT11430,HGB,Hemoglobin,14.4,g/dL,12,17.5,N,STAT,2024-12-27 09:37,2024-12-27 09:48,2024-12-27 10:36
LAB725060,ENC110554,PT11430,BUN,Blood Urea Nitrogen,19,mg/dL,7,20,N,Routine,2024-12-27 09:40,2024-12-27 09:44,2024-12-27 12:17
LAB725061,ENC110554,PT11430,PLT,Platelet Count,253,K/uL,150,400,N,Routine,2024-12-27 10:29,2024-12-27 11:00,2024-12-27 14:12
LAB725062,ENC110558,PT12765,LDL,LDL Cholesterol,148,mg/dL,0,99,H,Routine,2024-12-27 12:07,2024-12-27 12:23,2024-12-28 06:10
LAB725063,ENC110558,PT12765,A1C,Hemoglobin A1c,6,%,4,5.6,H,Routine,2024-12-27 12:25,2024-12-27 12:37,2024-12-28 07:02
LAB725064,ENC110560,PT13760,GLU,Glucose,118,mg/dL,70,99,H,Routine,2024-12-27 12:43,2024-12-27 13:08,2024-12-27 22:49
LAB725065,ENC110560,PT13760,CREAT,Creatinine,2.27,mg/dL,0.6,1.3,H,STAT,2024-12-27 12:45,2024-12-27 13:17,2024-12-27 14:06
LAB725066,ENC110560,PT13760,WBC,White Blood Cell Count,12.1,K/uL,4.5,11,H,STAT,2024-12-27 12:38,2024-12-27 13:09,2024-12-27 13:49
LAB725067,ENC110560,PT13760,HGB,Hemoglobin,11.7,g/dL,12,17.5,L,Routine,2024-12-27 13:11,2024-12-27 13:25,2024-12-27 14:16
LAB725068,ENC110562,PT12514,GLU,Glucose,132,mg/dL,70,99,H,STAT,2024-12-27 13:05,2024-12-27 13:10,2024-12-27 14:08
LAB725069,ENC110562,PT12514,CREAT,Creatinine,0.37,mg/dL,0.6,1.3,L,STAT,2024-12-27 13:21,2024-12-27 13:43,2024-12-27 14:53
LAB725070,ENC110562,PT12514,WBC,White Blood Cell Count,7.4,K/uL,4.5,11,N,Routine,2024-12-27 13:03,2024-12-27 13:22,2024-12-27 14:31
LAB725071,ENC110562,PT12514,HGB,Hemoglobin,13.2,g/dL,12,17.5,N,Routine,2024-12-27 13:48,2024-12-27 14:14,2024-12-27 16:55
LAB725072,ENC110565,PT11754,LDL,LDL Cholesterol,106,mg/dL,0,99,H,Routine,2024-12-27 13:07,2024-12-27 13:24,2024-12-28 14:01
LAB725073,ENC110566,PT13305,GLU,Glucose,149,mg/dL,70,99,H,Routine,2024-12-27 13:19,2024-12-27 13:50,2024-12-27 14:52
LAB725074,ENC110566,PT13305,CREAT,Creatinine,1.29,mg/dL,0.6,1.3,N,STAT,2024-12-27 14:00,2024-12-27 14:16,2024-12-27 14:32
LAB725075,ENC110566,PT13305,WBC,White Blood Cell Count,9.4,K/uL,4.5,11,N,STAT,2024-12-27 14:06,2024-12-27 14:25,2024-12-27 15:45
LAB725076,ENC110566,PT13305,HGB,Hemoglobin,14.8,g/dL,12,17.5,N,STAT,2024-12-27 14:08,2024-12-27 14:38,2024-12-27 15:12
LAB725077,ENC110572,PT13755,GLU,Glucose,101,mg/dL,70,99,H,STAT,2024-12-27 14:44,2024-12-27 15:12,2024-12-27 15:38
LAB725078,ENC110572,PT13755,CREAT,Creatinine,2.23,mg/dL,0.6,1.3,H,STAT,2024-12-27 15:35,2024-12-27 15:52,2024-12-27 17:37
LAB725079,ENC110572,PT13755,TROP,"Troponin I, High Sensitivity",8,ng/L,0,34,N,STAT,2024-12-27 15:27,2024-12-27 15:57,2024-12-27 16:47
LAB725080,ENC110572,PT13755,BNP,B-Type Natriuretic Peptide,763,pg/mL,0,100,H,STAT,2024-12-27 14:54,2024-12-27 15:03,2024-12-27 15:57
LAB725081,ENC110573,PT12926,GLU,Glucose,129,mg/dL,70,99,H,STAT,2024-12-27 14:55,2024-12-27 15:01,2024-12-27 15:33
LAB725082,ENC110573,PT12926,CREAT,Creatinine,0.39,mg/dL,0.6,1.3,L,Routine,2024-12-27 14:55,2024-12-27 15:30,2024-12-27 16:26
LAB725083,ENC110576,PT12542,A1C,Hemoglobin A1c,5.9,%,4,5.6,H,Routine,2024-12-27 16:16,2024-12-27 16:33,2024-12-28 06:12
LAB725084,ENC110576,PT12542,GLU,Glucose,93,mg/dL,70,99,N,Routine,2024-12-27 16:13,2024-12-27 16:28,2024-12-27 17:29
LAB725085,ENC110576,PT12542,CREAT,Creatinine,0.6,mg/dL,0.6,1.3,N,Routine,2024-12-27 16:22,2024-12-27 16:38,2024-12-27 17:59
LAB725086,ENC110581,PT12602,GLU,Glucose,97,mg/dL,70,99,N,Routine,2024-12-27 19:44,2024-12-27 19:58,2024-12-27 21:29
LAB725087,ENC110581,PT12602,CREAT,Creatinine,0.72,mg/dL,0.6,1.3,N,Routine,2024-12-27 20:03,2024-12-27 20:36,2024-12-28 02:16
LAB725088,ENC110581,PT12602,WBC,White Blood Cell Count,4.2,K/uL,4.5,11,L,STAT,2024-12-27 20:16,2024-12-27 20:46,2024-12-27 21:46
LAB725089,ENC110581,PT12602,HGB,Hemoglobin,14.3,g/dL,12,17.5,N,Routine,2024-12-27 20:41,2024-12-27 20:52,2024-12-27 22:44
LAB725090,ENC110581,PT12602,NA,Sodium,138,mmol/L,136,145,N,Routine,2024-12-27 20:33,2024-12-27 20:41,2024-12-27 23:47
LAB725091,ENC110581,PT12602,K,Potassium,4.2,mmol/L,3.5,5.1,N,STAT,2024-12-27 20:21,2024-12-27 20:43,2024-12-27 21:08
LAB725092,ENC110581,PT12602,TROP,"Troponin I, High Sensitivity",651,ng/L,0,34,H,STAT,2024-12-27 20:09,2024-12-27 20:31,2024-12-27 21:00
LAB725093,ENC110582,PT10784,GLU,Glucose,130,mg/dL,70,99,H,STAT,2024-12-27 21:25,2024-12-27 21:36,2024-12-27 22:48
LAB725094,ENC110582,PT10784,CREAT,Creatinine,0.85,mg/dL,0.6,1.3,N,STAT,2024-12-27 22:33,2024-12-27 22:41,2024-12-27 23:23
LAB725095,ENC110582,PT10784,WBC,White Blood Cell Count,8.5,K/uL,4.5,11,N,STAT,2024-12-27 22:29,2024-12-27 23:01,2024-12-28 00:09
LAB725096,ENC110582,PT10784,HGB,Hemoglobin,14.2,g/dL,12,17.5,N,STAT,2024-12-27 22:16,2024-12-27 22:46,2024-12-27 23:13
LAB725097,ENC110583,PT12274,GLU,Glucose,96,mg/dL,70,99,N,STAT,2024-12-27 22:26,2024-12-27 22:50,2024-12-28 00:11
LAB725098,ENC110583,PT12274,CREAT,Creatinine,1.05,mg/dL,0.6,1.3,N,Routine,2024-12-27 22:25,2024-12-27 22:33,2024-12-28 03:48
LAB725099,ENC110583,PT12274,WBC,White Blood Cell Count,5,K/uL,4.5,11,N,STAT,2024-12-27 21:28,2024-12-27 21:53,2024-12-27 22:51
LAB725100,ENC110583,PT12274,HGB,Hemoglobin,13.5,g/dL,12,17.5,N,STAT,2024-12-27 21:52,2024-12-27 22:14,2024-12-27 23:04
LAB725101,ENC110584,PT10500,GLU,Glucose,218,mg/dL,70,99,H,STAT,2024-12-28 00:28,2024-12-28 00:55,2024-12-28 02:06
LAB725102,ENC110584,PT10500,CREAT,Creatinine,1.38,mg/dL,0.6,1.3,H,STAT,2024-12-28 00:27,2024-12-28 00:35,2024-12-28 00:57
LAB725103,ENC110584,PT10500,WBC,White Blood Cell Count,22.5,K/uL,4.5,11,H,STAT,2024-12-28 00:09,2024-12-28 00:21,2024-12-28 02:33
LAB725104,ENC110584,PT10500,HGB,Hemoglobin,13.3,g/dL,12,17.5,N,STAT,2024-12-28 00:19,2024-12-28 00:26,2024-12-28 01:02
LAB725105,ENC110584,PT10500,NA,Sodium,138,mmol/L,136,145,N,STAT,2024-12-28 00:23,2024-12-28 00:27,2024-12-28 01:59
LAB725106,ENC110584,PT10500,K,Potassium,3.9,mmol/L,3.5,5.1,N,STAT,2024-12-28 00:26,2024-12-28 00:50,2024-12-28 01:37
LAB725107,ENC110584,PT10500,LACT,Lactate,10.9,mmol/L,0.5,2,HH,STAT,2024-12-27 23:44,2024-12-27 23:53,2024-12-28 00:14
LAB725108,ENC110587,PT13309,GLU,Glucose,111,mg/dL,70,99,H,STAT,2024-12-28 07:53,2024-12-28 08:14,2024-12-28 09:10
LAB725109,ENC110587,PT13309,CREAT,Creatinine,1.1,mg/dL,0.6,1.3,N,STAT,2024-12-28 08:29,2024-12-28 08:55,2024-12-28 09:26
LAB725110,ENC110587,PT13309,WBC,White Blood Cell Count,17,K/uL,4.5,11,H,STAT,2024-12-28 08:04,2024-12-28 08:35,2024-12-28 10:03
LAB725111,ENC110587,PT13309,HGB,Hemoglobin,12.7,g/dL,12,17.5,N,Routine,2024-12-28 08:03,2024-12-28 08:36,2024-12-28 10:29
LAB725112,ENC110588,PT10013,TROP,"Troponin I, High Sensitivity",1,ng/L,0,34,N,STAT,2024-12-28 09:05,2024-12-28 09:09,2024-12-28 09:50
LAB725113,ENC110589,PT10568,GLU,Glucose,94,mg/dL,70,99,N,Routine,2024-12-28 13:47,2024-12-28 14:11,2024-12-28 17:25
LAB725114,ENC110589,PT10568,CREAT,Creatinine,0.95,mg/dL,0.6,1.3,N,Routine,2024-12-28 13:53,2024-12-28 14:03,2024-12-28 17:51
LAB725115,ENC110589,PT10568,WBC,White Blood Cell Count,10,K/uL,4.5,11,N,STAT,2024-12-28 12:56,2024-12-28 13:01,2024-12-28 14:13
LAB725116,ENC110589,PT10568,HGB,Hemoglobin,14,g/dL,12,17.5,N,STAT,2024-12-28 14:00,2024-12-28 14:15,2024-12-28 15:18
LAB725117,ENC110589,PT10568,INR,Prothrombin Time INR,1.1,ratio,0.8,1.2,N,Routine,2024-12-28 13:28,2024-12-28 13:36,2024-12-28 15:52
LAB725118,ENC110590,PT11188,A1C,Hemoglobin A1c,10.5,%,4,5.6,H,STAT,2024-12-28 14:33,2024-12-28 14:43,2024-12-28 15:20
LAB725119,ENC110592,PT11141,GLU,Glucose,105,mg/dL,70,99,H,STAT,2024-12-28 19:31,2024-12-28 19:55,2024-12-28 20:48
LAB725120,ENC110592,PT11141,CREAT,Creatinine,0.93,mg/dL,0.6,1.3,N,Routine,2024-12-28 19:30,2024-12-28 19:40,2024-12-28 21:41
LAB725121,ENC110592,PT11141,WBC,White Blood Cell Count,8.9,K/uL,4.5,11,N,STAT,2024-12-28 18:50,2024-12-28 19:20,2024-12-28 19:54
LAB725122,ENC110592,PT11141,HGB,Hemoglobin,14.2,g/dL,12,17.5,N,Routine,2024-12-28 18:51,2024-12-28 19:21,2024-12-28 20:54
LAB725123,ENC110592,PT11141,NA,Sodium,139,mmol/L,136,145,N,Routine,2024-12-28 18:50,2024-12-28 19:16,2024-12-28 23:13
LAB725124,ENC110592,PT11141,K,Potassium,4.4,mmol/L,3.5,5.1,N,STAT,2024-12-28 18:51,2024-12-28 18:57,2024-12-28 21:08
LAB725125,ENC110592,PT11141,BUN,Blood Urea Nitrogen,12,mg/dL,7,20,N,STAT,2024-12-28 18:59,2024-12-28 19:11,2024-12-28 19:42
LAB725126,ENC110592,PT11141,PLT,Platelet Count,211,K/uL,150,400,N,Routine,2024-12-28 19:23,2024-12-28 19:55,2024-12-28 22:41
LAB725127,ENC110594,PT11374,GLU,Glucose,118,mg/dL,70,99,H,Routine,2024-12-28 16:41,2024-12-28 17:04,2024-12-28 22:11
LAB725128,ENC110594,PT11374,CREAT,Creatinine,1.09,mg/dL,0.6,1.3,N,Routine,2024-12-28 16:29,2024-12-28 16:57,2024-12-28 21:04
LAB725129,ENC110594,PT11374,WBC,White Blood Cell Count,7.1,K/uL,4.5,11,N,STAT,2024-12-28 16:23,2024-12-28 16:28,2024-12-28 17:51
LAB725130,ENC110595,PT10039,GLU,Glucose,174,mg/dL,70,99,H,STAT,2024-12-28 18:19,2024-12-28 18:29,2024-12-28 19:04
LAB725131,ENC110595,PT10039,CREAT,Creatinine,0.41,mg/dL,0.6,1.3,L,STAT,2024-12-28 19:03,2024-12-28 19:07,2024-12-28 19:37
LAB725132,ENC110595,PT10039,WBC,White Blood Cell Count,12.5,K/uL,4.5,11,H,STAT,2024-12-28 19:05,2024-12-28 19:17,2024-12-28 19:45
LAB725133,ENC110595,PT10039,HGB,Hemoglobin,12,g/dL,12,17.5,N,STAT,2024-12-28 19:03,2024-12-28 19:09,2024-12-28 19:49
LAB725134,ENC110595,PT10039,LACT,Lactate,5.5,mmol/L,0.5,2,HH,STAT,2024-12-28 18:52,2024-12-28 19:02,2024-12-28 19:49
LAB725135,ENC110596,PT13847,GLU,Glucose,75,mg/dL,70,99,N,Routine,2024-12-28 21:28,2024-12-28 21:55,2024-12-29 01:29
LAB725136,ENC110596,PT13847,CREAT,Creatinine,0.66,mg/dL,0.6,1.3,N,STAT,2024-12-28 21:23,2024-12-28 21:57,2024-12-28 22:56
LAB725137,ENC110596,PT13847,WBC,White Blood Cell Count,10,K/uL,4.5,11,N,STAT,2024-12-28 21:16,2024-12-28 21:23,2024-12-28 22:12
LAB725138,ENC110596,PT13847,HGB,Hemoglobin,15.6,g/dL,12,17.5,N,Routine,2024-12-28 21:03,2024-12-28 21:10,2024-12-29 01:02
LAB725139,ENC110597,PT10142,GLU,Glucose,95,mg/dL,70,99,N,STAT,2024-12-28 19:27,2024-12-28 19:59,2024-12-28 20:53
LAB725140,ENC110597,PT10142,CREAT,Creatinine,1.95,mg/dL,0.6,1.3,H,STAT,2024-12-28 18:48,2024-12-28 19:15,2024-12-28 20:03
LAB725141,ENC110597,PT10142,WBC,White Blood Cell Count,9.6,K/uL,4.5,11,N,Routine,2024-12-28 19:27,2024-12-28 19:41,2024-12-28 21:30
LAB725142,ENC110597,PT10142,TROP,"Troponin I, High Sensitivity",10,ng/L,0,34,N,STAT,2024-12-28 18:53,2024-12-28 19:16,2024-12-28 20:31
LAB725143,ENC110598,PT12264,GLU,Glucose,206,mg/dL,70,99,H,STAT,2024-12-29 00:34,2024-12-29 00:42,2024-12-29 01:25
LAB725144,ENC110598,PT12264,CREAT,Creatinine,0.99,mg/dL,0.6,1.3,N,STAT,2024-12-29 00:32,2024-12-29 00:40,2024-12-29 01:14
LAB725145,ENC110598,PT12264,WBC,White Blood Cell Count,7.4,K/uL,4.5,11,N,Routine,2024-12-29 00:30,2024-12-29 00:45,2024-12-29 03:20
LAB725146,ENC110598,PT12264,HGB,Hemoglobin,6,g/dL,12,17.5,LL,STAT,2024-12-29 00:04,2024-12-29 00:32,2024-12-29 01:07
LAB725147,ENC110598,PT12264,INR,Prothrombin Time INR,1,ratio,0.8,1.2,N,Routine,2024-12-29 00:15,2024-12-29 00:42,2024-12-29 03:41
LAB725148,ENC110600,PT12688,GLU,Glucose,101,mg/dL,70,99,H,STAT,2024-12-28 23:28,2024-12-28 23:48,2024-12-29 00:38
LAB725149,ENC110600,PT12688,CREAT,Creatinine,1,mg/dL,0.6,1.3,N,Routine,2024-12-28 23:54,2024-12-29 00:12,2024-12-29 03:25
LAB725150,ENC110600,PT12688,WBC,White Blood Cell Count,7.6,K/uL,4.5,11,N,STAT,2024-12-28 22:46,2024-12-28 22:57,2024-12-28 23:21
LAB725151,ENC110600,PT12688,HGB,Hemoglobin,12.5,g/dL,12,17.5,N,Routine,2024-12-28 23:19,2024-12-28 23:40,2024-12-29 01:58
LAB725152,ENC110601,PT11839,GLU,Glucose,117,mg/dL,70,99,H,STAT,2024-12-28 21:06,2024-12-28 21:12,2024-12-28 22:22
LAB725153,ENC110601,PT11839,CREAT,Creatinine,0.91,mg/dL,0.6,1.3,N,Routine,2024-12-28 20:07,2024-12-28 20:19,2024-12-28 23:16
LAB725154,ENC110601,PT11839,WBC,White Blood Cell Count,8,K/uL,4.5,11,N,STAT,2024-12-28 21:12,2024-12-28 21:35,2024-12-28 22:11
LAB725155,ENC110601,PT11839,HGB,Hemoglobin,16.1,g/dL,12,17.5,N,STAT,2024-12-28 20:47,2024-12-28 20:53,2024-12-28 21:19
LAB725156,ENC110603,PT13352,GLU,Glucose,132,mg/dL,70,99,H,Routine,2024-12-28 21:28,2024-12-28 21:35,2024-12-28 23:06
LAB725157,ENC110603,PT13352,CREAT,Creatinine,0.89,mg/dL,0.6,1.3,N,STAT,2024-12-28 21:58,2024-12-28 22:29,2024-12-28 23:27
LAB725158,ENC110603,PT13352,WBC,White Blood Cell Count,6.1,K/uL,4.5,11,N,Routine,2024-12-28 21:54,2024-12-28 22:08,2024-12-28 23:59
LAB725159,ENC110604,PT12025,GLU,Glucose,102,mg/dL,70,99,H,Routine,2024-12-28 21:25,2024-12-28 21:32,2024-12-29 00:38
LAB725160,ENC110604,PT12025,CREAT,Creatinine,0.75,mg/dL,0.6,1.3,N,Routine,2024-12-28 21:37,2024-12-28 21:47,2024-12-29 03:18
LAB725161,ENC110604,PT12025,WBC,White Blood Cell Count,5.2,K/uL,4.5,11,N,STAT,2024-12-28 21:28,2024-12-28 21:38,2024-12-28 22:18
LAB725162,ENC110604,PT12025,HGB,Hemoglobin,13.7,g/dL,12,17.5,N,STAT,2024-12-28 21:59,2024-12-28 22:06,2024-12-28 23:00
LAB725163,ENC110604,PT12025,NA,Sodium,136,mmol/L,136,145,N,STAT,2024-12-28 22:16,2024-12-28 22:23,2024-12-28 23:37
LAB725164,ENC110604,PT12025,K,Potassium,4.4,mmol/L,3.5,5.1,N,STAT,2024-12-28 21:30,2024-12-28 21:46,2024-12-28 22:29
LAB725165,ENC110605,PT12072,GLU,Glucose,100,mg/dL,70,99,H,STAT,2024-12-28 23:15,2024-12-28 23:35,2024-12-29 00:04
LAB725166,ENC110605,PT12072,CREAT,Creatinine,0.92,mg/dL,0.6,1.3,N,STAT,2024-12-28 23:18,2024-12-28 23:33,2024-12-29 00:17
LAB725167,ENC110605,PT12072,WBC,White Blood Cell Count,7.4,K/uL,4.5,11,N,STAT,2024-12-28 22:58,2024-12-28 23:18,2024-12-28 23:54
LAB725168,ENC110608,PT10550,GLU,Glucose,199,mg/dL,70,99,H,STAT,2024-12-29 05:03,2024-12-29 05:13,2024-12-29 05:53
LAB725169,ENC110608,PT10550,CREAT,Creatinine,2.66,mg/dL,0.6,1.3,H,Routine,2024-12-29 06:04,2024-12-29 06:14,2024-12-29 10:01
LAB725170,ENC110608,PT10550,WBC,White Blood Cell Count,10.2,K/uL,4.5,11,N,Routine,2024-12-29 05:23,2024-12-29 05:53,2024-12-29 09:58
LAB725171,ENC110608,PT10550,HGB,Hemoglobin,14.9,g/dL,12,17.5,N,STAT,2024-12-29 06:03,2024-12-29 06:37,2024-12-29 07:40
LAB725172,ENC110608,PT10550,LACT,Lactate,2.4,mmol/L,0.5,2,H,STAT,2024-12-29 05:43,2024-12-29 06:12,2024-12-29 07:35
LAB725173,ENC110609,PT11075,GLU,Glucose,87,mg/dL,70,99,N,STAT,2024-12-29 09:26,2024-12-29 09:37,2024-12-29 10:47
LAB725174,ENC110609,PT11075,CREAT,Creatinine,0.95,mg/dL,0.6,1.3,N,Routine,2024-12-29 09:16,2024-12-29 09:39,2024-12-29 12:48
LAB725175,ENC110609,PT11075,WBC,White Blood Cell Count,4.1,K/uL,4.5,11,L,STAT,2024-12-29 09:52,2024-12-29 10:18,2024-12-29 11:19
LAB725176,ENC110609,PT11075,HGB,Hemoglobin,12.5,g/dL,12,17.5,N,STAT,2024-12-29 09:25,2024-12-29 09:44,2024-12-29 10:54
LAB725177,ENC110609,PT11075,NA,Sodium,139,mmol/L,136,145,N,Routine,2024-12-29 09:50,2024-12-29 10:18,2024-12-29 13:45
LAB725178,ENC110609,PT11075,K,Potassium,4.4,mmol/L,3.5,5.1,N,STAT,2024-12-29 08:59,2024-12-29 09:13,2024-12-29 09:47
LAB725179,ENC110609,PT11075,BUN,Blood Urea Nitrogen,15,mg/dL,7,20,N,Routine,2024-12-29 09:12,2024-12-29 09:30,2024-12-29 11:50
LAB725180,ENC110609,PT11075,PLT,Platelet Count,340,K/uL,150,400,N,Routine,2024-12-29 09:23,2024-12-29 09:46,2024-12-29 13:54
LAB725181,ENC110612,PT10019,GLU,Glucose,98,mg/dL,70,99,N,Routine,2024-12-29 13:52,2024-12-29 14:05,2024-12-29 18:00
LAB725182,ENC110612,PT10019,CREAT,Creatinine,0.47,mg/dL,0.6,1.3,L,STAT,2024-12-29 14:11,2024-12-29 14:26,2024-12-29 15:19
LAB725183,ENC110612,PT10019,WBC,White Blood Cell Count,19.4,K/uL,4.5,11,H,Routine,2024-12-29 13:31,2024-12-29 14:04,2024-12-29 15:43
LAB725184,ENC110612,PT10019,HGB,Hemoglobin,16.6,g/dL,12,17.5,N,STAT,2024-12-29 14:10,2024-12-29 14:15,2024-12-29 15:19
LAB725185,ENC110613,PT12272,GLU,Glucose,108,mg/dL,70,99,H,STAT,2024-12-29 10:16,2024-12-29 10:46,2024-12-29 11:54
LAB725186,ENC110613,PT12272,CREAT,Creatinine,1.26,mg/dL,0.6,1.3,N,Routine,2024-12-29 10:59,2024-12-29 11:15,2024-12-29 15:41
LAB725187,ENC110613,PT12272,WBC,White Blood Cell Count,10.3,K/uL,4.5,11,N,Routine,2024-12-29 10:04,2024-12-29 10:33,2024-12-29 14:08
LAB725188,ENC110615,PT11888,GLU,Glucose,129,mg/dL,70,99,H,Routine,2024-12-29 18:15,2024-12-29 18:26,2024-12-29 23:08
LAB725189,ENC110615,PT11888,CREAT,Creatinine,0.76,mg/dL,0.6,1.3,N,Routine,2024-12-29 18:27,2024-12-29 18:50,2024-12-29 23:30
LAB725190,ENC110615,PT11888,WBC,White Blood Cell Count,5.2,K/uL,4.5,11,N,STAT,2024-12-29 18:17,2024-12-29 18:34,2024-12-29 19:13
LAB725191,ENC110615,PT11888,HGB,Hemoglobin,14.5,g/dL,12,17.5,N,Routine,2024-12-29 18:12,2024-12-29 18:44,2024-12-29 20:47
LAB725192,ENC110615,PT11888,TROP,"Troponin I, High Sensitivity",5,ng/L,0,34,N,STAT,2024-12-29 17:28,2024-12-29 17:33,2024-12-29 18:30
LAB725193,ENC110616,PT12414,GLU,Glucose,98,mg/dL,70,99,N,STAT,2024-12-29 17:32,2024-12-29 18:05,2024-12-29 20:46
LAB725194,ENC110616,PT12414,CREAT,Creatinine,0.96,mg/dL,0.6,1.3,N,Routine,2024-12-29 17:13,2024-12-29 17:17,2024-12-29 20:49
LAB725195,ENC110616,PT12414,WBC,White Blood Cell Count,18.5,K/uL,4.5,11,H,STAT,2024-12-29 17:29,2024-12-29 17:47,2024-12-29 18:10
LAB725196,ENC110616,PT12414,HGB,Hemoglobin,15.1,g/dL,12,17.5,N,STAT,2024-12-29 17:37,2024-12-29 17:47,2024-12-29 18:25
LAB725197,ENC110617,PT13660,GLU,Glucose,98,mg/dL,70,99,N,STAT,2024-12-29 14:36,2024-12-29 14:55,2024-12-29 15:43
LAB725198,ENC110617,PT13660,CREAT,Creatinine,1.15,mg/dL,0.6,1.3,N,STAT,2024-12-29 15:07,2024-12-29 15:20,2024-12-29 15:58
LAB725199,ENC110617,PT13660,WBC,White Blood Cell Count,10.5,K/uL,4.5,11,N,Routine,2024-12-29 15:17,2024-12-29 15:44,2024-12-29 17:21
LAB725200,ENC110617,PT13660,HGB,Hemoglobin,13.4,g/dL,12,17.5,N,STAT,2024-12-29 15:26,2024-12-29 15:51,2024-12-29 16:56
LAB725201,ENC110618,PT13554,GLU,Glucose,104,mg/dL,70,99,H,STAT,2024-12-29 19:13,2024-12-29 19:42,2024-12-29 20:26
LAB725202,ENC110618,PT13554,CREAT,Creatinine,0.35,mg/dL,0.6,1.3,L,STAT,2024-12-29 18:30,2024-12-29 18:53,2024-12-29 19:40
LAB725203,ENC110618,PT13554,WBC,White Blood Cell Count,4.7,K/uL,4.5,11,N,Routine,2024-12-29 18:51,2024-12-29 19:11,2024-12-29 21:13
LAB725204,ENC110618,PT13554,HGB,Hemoglobin,12.1,g/dL,12,17.5,N,STAT,2024-12-29 18:57,2024-12-29 19:12,2024-12-29 19:51
LAB725205,ENC110620,PT11513,GLU,Glucose,133,mg/dL,70,99,H,STAT,2024-12-29 18:00,2024-12-29 18:26,2024-12-29 19:15
LAB725206,ENC110620,PT11513,CREAT,Creatinine,1.17,mg/dL,0.6,1.3,N,Routine,2024-12-29 18:49,2024-12-29 19:05,2024-12-29 21:41
LAB725207,ENC110620,PT11513,WBC,White Blood Cell Count,7.1,K/uL,4.5,11,N,STAT,2024-12-29 18:38,2024-12-29 18:48,2024-12-29 19:31
LAB725208,ENC110620,PT11513,HGB,Hemoglobin,14.7,g/dL,12,17.5,N,STAT,2024-12-29 18:28,2024-12-29 18:55,2024-12-29 19:37
LAB725209,ENC110624,PT12826,GLU,Glucose,125,mg/dL,70,99,H,STAT,2024-12-29 20:18,2024-12-29 20:53,2024-12-29 21:27
LAB725210,ENC110624,PT12826,CREAT,Creatinine,0.91,mg/dL,0.6,1.3,N,Routine,2024-12-29 20:46,2024-12-29 21:19,2024-12-29 23:22
LAB725211,ENC110624,PT12826,WBC,White Blood Cell Count,8.2,K/uL,4.5,11,N,STAT,2024-12-29 21:12,2024-12-29 21:36,2024-12-29 22:14
LAB725212,ENC110624,PT12826,HGB,Hemoglobin,12.4,g/dL,12,17.5,N,STAT,2024-12-29 20:34,2024-12-29 20:55,2024-12-29 21:36
LAB725213,ENC110624,PT12826,TROP,"Troponin I, High Sensitivity",11,ng/L,0,34,N,STAT,2024-12-29 20:16,2024-12-29 20:46,2024-12-29 21:16
LAB725214,ENC110625,PT12865,GLU,Glucose,115,mg/dL,70,99,H,STAT,2024-12-29 18:25,2024-12-29 18:34,2024-12-29 19:40
LAB725215,ENC110625,PT12865,CREAT,Creatinine,0.81,mg/dL,0.6,1.3,N,STAT,2024-12-29 19:07,2024-12-29 19:30,2024-12-29 19:56
LAB725216,ENC110625,PT12865,WBC,White Blood Cell Count,13.6,K/uL,4.5,11,H,STAT,2024-12-29 18:22,2024-12-29 18:53,2024-12-29 19:41
LAB725217,ENC110626,PT12314,GLU,Glucose,112,mg/dL,70,99,H,Routine,2024-12-29 19:39,2024-12-29 19:58,2024-12-30 02:02
LAB725218,ENC110626,PT12314,CREAT,Creatinine,1.25,mg/dL,0.6,1.3,N,Routine,2024-12-29 19:43,2024-12-29 20:18,2024-12-30 01:05
LAB725219,ENC110626,PT12314,WBC,White Blood Cell Count,10.9,K/uL,4.5,11,N,STAT,2024-12-29 19:21,2024-12-29 19:46,2024-12-29 20:35
LAB725220,ENC110626,PT12314,HGB,Hemoglobin,13.7,g/dL,12,17.5,N,STAT,2024-12-29 20:10,2024-12-29 20:40,2024-12-29 21:06
LAB725221,ENC110626,PT12314,NA,Sodium,137,mmol/L,136,145,N,STAT,2024-12-29 19:32,2024-12-29 19:59,2024-12-29 20:33
LAB725222,ENC110626,PT12314,K,Potassium,3.6,mmol/L,3.5,5.1,N,STAT,2024-12-29 19:57,2024-12-29 20:24,2024-12-29 20:56
LAB725223,ENC110628,PT10644,GLU,Glucose,290,mg/dL,70,99,H,STAT,2024-12-30 01:24,2024-12-30 01:28,2024-12-30 02:07
LAB725224,ENC110628,PT10644,CREAT,Creatinine,0.87,mg/dL,0.6,1.3,N,Routine,2024-12-30 01:33,2024-12-30 01:47,2024-12-30 03:47
LAB725225,ENC110628,PT10644,WBC,White Blood Cell Count,7.9,K/uL,4.5,11,N,STAT,2024-12-30 01:10,2024-12-30 01:45,2024-12-30 02:30
LAB725226,ENC110628,PT10644,HGB,Hemoglobin,11.9,g/dL,12,17.5,L,Routine,2024-12-30 01:20,2024-12-30 01:35,2024-12-30 02:56
LAB725227,ENC110628,PT10644,TROP,"Troponin I, High Sensitivity",90,ng/L,0,34,H,STAT,2024-12-30 01:09,2024-12-30 01:37,2024-12-30 02:41
LAB725228,ENC110628,PT10644,BNP,B-Type Natriuretic Peptide,1225,pg/mL,0,100,H,Routine,2024-12-30 01:16,2024-12-30 01:51,2024-12-30 03:24
LAB725229,ENC110629,PT12691,GLU,Glucose,129,mg/dL,70,99,H,STAT,2024-12-29 23:46,2024-12-29 23:56,2024-12-30 00:50
LAB725230,ENC110629,PT12691,CREAT,Creatinine,1.08,mg/dL,0.6,1.3,N,STAT,2024-12-29 22:48,2024-12-29 22:56,2024-12-29 23:28
LAB725231,ENC110630,PT10442,GLU,Glucose,91,mg/dL,70,99,N,STAT,2024-12-30 01:51,2024-12-30 02:19,2024-12-30 02:59
LAB725232,ENC110630,PT10442,CREAT,Creatinine,0.96,mg/dL,0.6,1.3,N,STAT,2024-12-30 01:46,2024-12-30 02:11,2024-12-30 03:02
LAB725233,ENC110630,PT10442,WBC,White Blood Cell Count,17.2,K/uL,4.5,11,H,Routine,2024-12-30 02:00,2024-12-30 02:19,2024-12-30 03:53
LAB725234,ENC110630,PT10442,HGB,Hemoglobin,13.2,g/dL,12,17.5,N,STAT,2024-12-30 02:29,2024-12-30 02:59,2024-12-30 03:33
LAB725235,ENC110630,PT10442,NA,Sodium,142,mmol/L,136,145,N,STAT,2024-12-30 01:54,2024-12-30 02:22,2024-12-30 03:07
LAB725236,ENC110630,PT10442,K,Potassium,4.5,mmol/L,3.5,5.1,N,STAT,2024-12-30 02:06,2024-12-30 02:30,2024-12-30 03:53
LAB725237,ENC110632,PT12185,GLU,Glucose,133,mg/dL,70,99,H,Routine,2024-12-30 08:08,2024-12-30 08:29,2024-12-30 12:03
LAB725238,ENC110632,PT12185,CREAT,Creatinine,1.06,mg/dL,0.6,1.3,N,STAT,2024-12-30 06:59,2024-12-30 07:22,2024-12-30 07:46
LAB725239,ENC110632,PT12185,WBC,White Blood Cell Count,9.5,K/uL,4.5,11,N,STAT,2024-12-30 07:35,2024-12-30 07:56,2024-12-30 08:51
LAB725240,ENC110632,PT12185,HGB,Hemoglobin,12.9,g/dL,12,17.5,N,STAT,2024-12-30 07:15,2024-12-30 07:43,2024-12-30 08:29
LAB725241,ENC110632,PT12185,NA,Sodium,137,mmol/L,136,145,N,STAT,2024-12-30 07:44,2024-12-30 07:58,2024-12-30 09:15
LAB725242,ENC110632,PT12185,K,Potassium,4.3,mmol/L,3.5,5.1,N,STAT,2024-12-30 07:53,2024-12-30 08:18,2024-12-30 08:54
LAB725243,ENC110634,PT12931,LDL,LDL Cholesterol,156,mg/dL,0,99,H,Routine,2024-12-30 08:36,2024-12-30 08:40,2024-12-31 14:37
LAB725244,ENC110634,PT12931,A1C,Hemoglobin A1c,5.2,%,4,5.6,N,Routine,2024-12-30 08:50,2024-12-30 09:10,2024-12-30 22:03
LAB725245,ENC110637,PT10516,LDL,LDL Cholesterol,127,mg/dL,0,99,H,Routine,2024-12-30 09:34,2024-12-30 10:08,2024-12-30 17:10
LAB725246,ENC110639,PT12444,LDL,LDL Cholesterol,178,mg/dL,0,99,H,Routine,2024-12-30 09:39,2024-12-30 10:01,2024-12-30 19:57
LAB725247,ENC110641,PT10097,GLU,Glucose,103,mg/dL,70,99,H,Routine,2024-12-30 10:14,2024-12-30 10:37,2024-12-30 14:17
LAB725248,ENC110641,PT10097,CREAT,Creatinine,1.23,mg/dL,0.6,1.3,N,STAT,2024-12-30 10:53,2024-12-30 10:57,2024-12-30 11:37
LAB725249,ENC110641,PT10097,WBC,White Blood Cell Count,7.8,K/uL,4.5,11,N,Routine,2024-12-30 10:33,2024-12-30 10:40,2024-12-30 15:03
LAB725250,ENC110641,PT10097,HGB,Hemoglobin,12,g/dL,12,17.5,N,STAT,2024-12-30 10:11,2024-12-30 10:35,2024-12-30 11:35
LAB725251,ENC110642,PT12954,GLU,Glucose,109,mg/dL,70,99,H,STAT,2024-12-30 10:51,2024-12-30 11:23,2024-12-30 11:56
LAB725252,ENC110642,PT12954,CREAT,Creatinine,0.99,mg/dL,0.6,1.3,N,Routine,2024-12-30 10:43,2024-12-30 10:53,2024-12-30 14:00
LAB725253,ENC110642,PT12954,WBC,White Blood Cell Count,18.6,K/uL,4.5,11,H,Routine,2024-12-30 10:31,2024-12-30 10:49,2024-12-30 14:05
LAB725254,ENC110642,PT12954,HGB,Hemoglobin,12.2,g/dL,12,17.5,N,STAT,2024-12-30 10:42,2024-12-30 11:10,2024-12-30 11:44
LAB725255,ENC110643,PT12878,GLU,Glucose,95,mg/dL,70,99,N,Routine,2024-12-30 13:35,2024-12-30 13:51,2024-12-30 16:23
LAB725256,ENC110643,PT12878,CREAT,Creatinine,1.31,mg/dL,0.6,1.3,H,STAT,2024-12-30 14:13,2024-12-30 14:27,2024-12-30 15:29
LAB725257,ENC110643,PT12878,WBC,White Blood Cell Count,8.5,K/uL,4.5,11,N,STAT,2024-12-30 14:08,2024-12-30 14:42,2024-12-30 15:20
LAB725258,ENC110643,PT12878,HGB,Hemoglobin,11.6,g/dL,12,17.5,L,Routine,2024-12-30 14:33,2024-12-30 14:39,2024-12-30 17:44
LAB725259,ENC110643,PT12878,NA,Sodium,140,mmol/L,136,145,N,STAT,2024-12-30 14:08,2024-12-30 14:29,2024-12-30 15:12
LAB725260,ENC110643,PT12878,K,Potassium,4.4,mmol/L,3.5,5.1,N,STAT,2024-12-30 13:42,2024-12-30 13:53,2024-12-30 14:37
LAB725261,ENC110644,PT10876,GLU,Glucose,103,mg/dL,70,99,H,STAT,2024-12-30 11:17,2024-12-30 11:30,2024-12-30 11:55
LAB725262,ENC110644,PT10876,CREAT,Creatinine,1.05,mg/dL,0.6,1.3,N,Routine,2024-12-30 11:27,2024-12-30 11:44,2024-12-30 15:46
LAB725263,ENC110644,PT10876,WBC,White Blood Cell Count,4.1,K/uL,4.5,11,L,STAT,2024-12-30 11:41,2024-12-30 11:45,2024-12-30 12:15
LAB725264,ENC110646,PT10368,GLU,Glucose,105,mg/dL,70,99,H,Routine,2024-12-30 11:14,2024-12-30 11:37,2024-12-30 13:15
LAB725265,ENC110646,PT10368,CREAT,Creatinine,0.85,mg/dL,0.6,1.3,N,Routine,2024-12-30 10:56,2024-12-30 11:03,2024-12-30 13:27
LAB725266,ENC110646,PT10368,WBC,White Blood Cell Count,6.3,K/uL,4.5,11,N,STAT,2024-12-30 11:29,2024-12-30 11:52,2024-12-30 12:34
LAB725267,ENC110648,PT12641,GLU,Glucose,211,mg/dL,70,99,H,STAT,2024-12-30 12:15,2024-12-30 12:41,2024-12-30 13:10
LAB725268,ENC110648,PT12641,CREAT,Creatinine,1.62,mg/dL,0.6,1.3,H,STAT,2024-12-30 12:24,2024-12-30 12:46,2024-12-30 13:26
LAB725269,ENC110648,PT12641,WBC,White Blood Cell Count,18.1,K/uL,4.5,11,H,Routine,2024-12-30 12:20,2024-12-30 12:26,2024-12-30 16:02
LAB725270,ENC110648,PT12641,HGB,Hemoglobin,13,g/dL,12,17.5,N,STAT,2024-12-30 12:41,2024-12-30 13:11,2024-12-30 13:53
LAB725271,ENC110648,PT12641,LACT,Lactate,1.5,mmol/L,0.5,2,N,STAT,2024-12-30 11:35,2024-12-30 11:49,2024-12-30 13:02
LAB725272,ENC110652,PT11524,WBC,White Blood Cell Count,8.1,K/uL,4.5,11,N,Routine,2024-12-30 11:55,2024-12-30 12:02,2024-12-30 15:30
LAB725273,ENC110652,PT11524,HGB,Hemoglobin,13.8,g/dL,12,17.5,N,Routine,2024-12-30 12:06,2024-12-30 12:35,2024-12-30 17:25
LAB725274,ENC110652,PT11524,PLT,Platelet Count,277,K/uL,150,400,N,Routine,2024-12-30 12:01,2024-12-30 12:30,2024-12-30 14:56
LAB725275,ENC110655,PT10708,GLU,Glucose,120,mg/dL,70,99,H,Routine,2024-12-30 14:13,2024-12-30 14:19,2024-12-30 16:55
LAB725276,ENC110655,PT10708,CREAT,Creatinine,1.01,mg/dL,0.6,1.3,N,STAT,2024-12-30 13:46,2024-12-30 13:54,2024-12-30 14:33
LAB725277,ENC110655,PT10708,WBC,White Blood Cell Count,10,K/uL,4.5,11,N,STAT,2024-12-30 13:21,2024-12-30 13:46,2024-12-30 14:04
LAB725278,ENC110655,PT10708,HGB,Hemoglobin,14.3,g/dL,12,17.5,N,STAT,2024-12-30 13:25,2024-12-30 13:29,2024-12-30 14:22
LAB725279,ENC110656,PT12310,GLU,Glucose,106,mg/dL,70,99,H,STAT,2024-12-30 16:01,2024-12-30 16:19,2024-12-30 16:52
LAB725280,ENC110656,PT12310,CREAT,Creatinine,1.6,mg/dL,0.6,1.3,H,Routine,2024-12-30 16:03,2024-12-30 16:15,2024-12-30 18:30
LAB725281,ENC110656,PT12310,WBC,White Blood Cell Count,7.9,K/uL,4.5,11,N,STAT,2024-12-30 16:21,2024-12-30 16:39,2024-12-30 17:15
LAB725282,ENC110656,PT12310,HGB,Hemoglobin,14.2,g/dL,12,17.5,N,STAT,2024-12-30 16:41,2024-12-30 17:04,2024-12-30 18:06
LAB725283,ENC110662,PT12773,GLU,Glucose,510,mg/dL,70,99,HH,Routine,2024-12-30 15:55,2024-12-30 16:19,2024-12-30 19:00
LAB725284,ENC110662,PT12773,CREAT,Creatinine,0.69,mg/dL,0.6,1.3,N,STAT,2024-12-30 15:43,2024-12-30 15:57,2024-12-30 16:35
LAB725285,ENC110662,PT12773,WBC,White Blood Cell Count,6.9,K/uL,4.5,11,N,STAT,2024-12-30 15:52,2024-12-30 16:14,2024-12-30 16:45
LAB725286,ENC110662,PT12773,HGB,Hemoglobin,16,g/dL,12,17.5,N,STAT,2024-12-30 16:26,2024-12-30 16:32,2024-12-30 17:23
LAB725287,ENC110662,PT12773,A1C,Hemoglobin A1c,11.9,%,4,5.6,H,STAT,2024-12-30 16:27,2024-12-30 16:55,2024-12-30 18:19
LAB725288,ENC110663,PT13211,LDL,LDL Cholesterol,129,mg/dL,0,99,H,Routine,2024-12-30 15:42,2024-12-30 15:50,2024-12-31 20:48
LAB725289,ENC110663,PT13211,A1C,Hemoglobin A1c,10.3,%,4,5.6,H,Routine,2024-12-30 15:59,2024-12-30 16:26,2024-12-31 02:22
LAB725290,ENC110663,PT13211,TSH,Thyroid Stimulating Hormone,2.17,mIU/L,0.4,4,N,Routine,2024-12-30 15:52,2024-12-30 15:58,2024-12-30 22:57
LAB725291,ENC110664,PT11696,GLU,Glucose,204,mg/dL,70,99,H,STAT,2024-12-30 19:35,2024-12-30 19:45,2024-12-30 19:59
LAB725292,ENC110664,PT11696,CREAT,Creatinine,0.4,mg/dL,0.6,1.3,L,Routine,2024-12-30 20:07,2024-12-30 20:11,2024-12-30 23:45
LAB725293,ENC110664,PT11696,WBC,White Blood Cell Count,5.9,K/uL,4.5,11,N,STAT,2024-12-30 20:13,2024-12-30 20:23,2024-12-30 21:14
LAB725294,ENC110664,PT11696,HGB,Hemoglobin,15.7,g/dL,12,17.5,N,Routine,2024-12-30 19:46,2024-12-30 19:54,2024-12-30 23:03
LAB725295,ENC110665,PT13985,GLU,Glucose,93,mg/dL,70,99,N,STAT,2024-12-30 21:31,2024-12-30 21:43,2024-12-30 22:07
LAB725296,ENC110665,PT13985,CREAT,Creatinine,0.57,mg/dL,0.6,1.3,L,STAT,2024-12-30 21:23,2024-12-30 21:52,2024-12-30 22:50
LAB725297,ENC110665,PT13985,WBC,White Blood Cell Count,7.6,K/uL,4.5,11,N,STAT,2024-12-30 21:42,2024-12-30 21:53,2024-12-30 22:53
LAB725298,ENC110665,PT13985,HGB,Hemoglobin,15.4,g/dL,12,17.5,N,STAT,2024-12-30 22:04,2024-12-30 22:39,2024-12-31 00:54
LAB725299,ENC110665,PT13985,TROP,"Troponin I, High Sensitivity",6,ng/L,0,34,N,STAT,2024-12-30 21:41,2024-12-30 21:55,2024-12-30 22:34
LAB725300,ENC110665,PT13985,BNP,B-Type Natriuretic Peptide,1701,pg/mL,0,100,H,STAT,2024-12-30 21:40,2024-12-30 21:47,2024-12-30 22:12
LAB725301,ENC110666,PT11050,TROP,"Troponin I, High Sensitivity",4,ng/L,0,34,N,STAT,2024-12-30 19:19,2024-12-30 19:46,2024-12-30 20:30
LAB725302,ENC110667,PT13189,GLU,Glucose,94,mg/dL,70,99,N,STAT,2024-12-30 23:38,2024-12-30 23:53,2024-12-31 00:28
LAB725303,ENC110667,PT13189,CREAT,Creatinine,1.13,mg/dL,0.6,1.3,N,Routine,2024-12-30 23:48,2024-12-31 00:07,2024-12-31 03:12
LAB725304,ENC110667,PT13189,WBC,White Blood Cell Count,12.4,K/uL,4.5,11,H,STAT,2024-12-30 23:11,2024-12-30 23:17,2024-12-31 00:02
LAB725305,ENC110667,PT13189,HGB,Hemoglobin,17.5,g/dL,12,17.5,N,Routine,2024-12-30 23:24,2024-12-30 23:48,2024-12-31 06:51
LAB725306,ENC110669,PT11287,GLU,Glucose,194,mg/dL,70,99,H,STAT,2024-12-31 01:22,2024-12-31 01:55,2024-12-31 02:17
LAB725307,ENC110669,PT11287,CREAT,Creatinine,1.43,mg/dL,0.6,1.3,H,STAT,2024-12-31 01:29,2024-12-31 01:37,2024-12-31 02:34
LAB725308,ENC110669,PT11287,WBC,White Blood Cell Count,21.8,K/uL,4.5,11,H,Routine,2024-12-31 01:13,2024-12-31 01:25,2024-12-31 04:49
LAB725309,ENC110669,PT11287,HGB,Hemoglobin,15.8,g/dL,12,17.5,N,Routine,2024-12-31 01:10,2024-12-31 01:19,2024-12-31 02:31
LAB725310,ENC110669,PT11287,BUN,Blood Urea Nitrogen,14,mg/dL,7,20,N,STAT,2024-12-31 01:32,2024-12-31 02:05,2024-12-31 03:54
LAB725311,ENC110669,PT11287,PLT,Platelet Count,236,K/uL,150,400,N,STAT,2024-12-31 00:55,2024-12-31 01:07,2024-12-31 02:06
LAB725312,ENC110669,PT11287,LACT,Lactate,6.7,mmol/L,0.5,2,HH,STAT,2024-12-31 01:53,2024-12-31 02:07,2024-12-31 02:50
LAB725313,ENC110670,PT11184,GLU,Glucose,109,mg/dL,70,99,H,STAT,2024-12-31 01:02,2024-12-31 01:17,2024-12-31 03:12
LAB725314,ENC110670,PT11184,CREAT,Creatinine,1.14,mg/dL,0.6,1.3,N,STAT,2024-12-31 01:20,2024-12-31 01:26,2024-12-31 01:54
LAB725315,ENC110670,PT11184,WBC,White Blood Cell Count,7.5,K/uL,4.5,11,N,STAT,2024-12-31 01:13,2024-12-31 01:40,2024-12-31 02:14
LAB725316,ENC110670,PT11184,HGB,Hemoglobin,13.2,g/dL,12,17.5,N,STAT,2024-12-31 01:05,2024-12-31 01:31,2024-12-31 02:01
LAB725317,ENC110671,PT12405,A1C,Hemoglobin A1c,7.2,%,4,5.6,H,Routine,2024-12-31 08:32,2024-12-31 08:41,2025-01-01 06:18
LAB725318,ENC110671,PT12405,GLU,Glucose,140,mg/dL,70,99,H,Routine,2024-12-31 08:39,2024-12-31 09:02,2024-12-31 12:09
LAB725319,ENC110671,PT12405,CREAT,Creatinine,1.1,mg/dL,0.6,1.3,N,Routine,2024-12-31 08:36,2024-12-31 08:58,2024-12-31 10:06
LAB725320,ENC110677,PT11121,GLU,Glucose,161,mg/dL,70,99,H,Routine,2024-12-31 13:02,2024-12-31 13:34,2024-12-31 17:43
LAB725321,ENC110677,PT11121,CREAT,Creatinine,0.92,mg/dL,0.6,1.3,N,STAT,2024-12-31 12:46,2024-12-31 13:01,2024-12-31 13:49
LAB725322,ENC110677,PT11121,WBC,White Blood Cell Count,5.1,K/uL,4.5,11,N,Routine,2024-12-31 12:32,2024-12-31 12:57,2024-12-31 14:43
LAB725323,ENC110677,PT11121,HGB,Hemoglobin,14.2,g/dL,12,17.5,N,STAT,2024-12-31 12:21,2024-12-31 12:25,2024-12-31 13:03
LAB725324,ENC110677,PT11121,NA,Sodium,128,mmol/L,136,145,L,Routine,2024-12-31 12:29,2024-12-31 12:45,2024-12-31 15:53
LAB725325,ENC110677,PT11121,K,Potassium,3.9,mmol/L,3.5,5.1,N,STAT,2024-12-31 13:06,2024-12-31 13:34,2024-12-31 14:21
LAB725326,ENC110678,PT10657,GLU,Glucose,121,mg/dL,70,99,H,Routine,2024-12-31 12:55,2024-12-31 13:19,2024-12-31 15:29
LAB725327,ENC110678,PT10657,CREAT,Creatinine,1.02,mg/dL,0.6,1.3,N,Routine,2024-12-31 12:38,2024-12-31 13:13,2024-12-31 14:48
LAB725328,ENC110678,PT10657,WBC,White Blood Cell Count,6.3,K/uL,4.5,11,N,STAT,2024-12-31 12:20,2024-12-31 12:52,2024-12-31 13:49
LAB725329,ENC110678,PT10657,HGB,Hemoglobin,14.1,g/dL,12,17.5,N,STAT,2024-12-31 12:30,2024-12-31 13:04,2024-12-31 13:42
LAB725330,ENC110678,PT10657,TROP,"Troponin I, High Sensitivity",6,ng/L,0,34,N,STAT,2024-12-31 12:19,2024-12-31 12:31,2024-12-31 13:22
LAB725331,ENC110679,PT11406,A1C,Hemoglobin A1c,13.6,%,4,5.6,H,Routine,2024-12-31 10:09,2024-12-31 10:13,2024-12-31 17:55
LAB725332,ENC110679,PT11406,GLU,Glucose,285,mg/dL,70,99,H,Routine,2024-12-31 10:12,2024-12-31 10:22,2024-12-31 13:33
LAB725333,ENC110679,PT11406,CREAT,Creatinine,1.14,mg/dL,0.6,1.3,N,Routine,2024-12-31 10:15,2024-12-31 10:27,2024-12-31 13:46
LAB725334,ENC110680,PT11453,LDL,LDL Cholesterol,36,mg/dL,0,99,N,Routine,2024-12-31 10:15,2024-12-31 10:44,2025-01-01 04:34
LAB725335,ENC110683,PT10116,GLU,Glucose,144,mg/dL,70,99,H,STAT,2024-12-31 14:38,2024-12-31 15:04,2024-12-31 16:11
LAB725336,ENC110683,PT10116,CREAT,Creatinine,0.92,mg/dL,0.6,1.3,N,Routine,2024-12-31 14:38,2024-12-31 15:06,2024-12-31 20:45
LAB725337,ENC110683,PT10116,WBC,White Blood Cell Count,10.2,K/uL,4.5,11,N,Routine,2024-12-31 15:05,2024-12-31 15:37,2024-12-31 19:24
LAB725338,ENC110683,PT10116,HGB,Hemoglobin,13.8,g/dL,12,17.5,N,STAT,2024-12-31 14:41,2024-12-31 14:45,2024-12-31 15:42
LAB725339,ENC110683,PT10116,LACT,Lactate,1.4,mmol/L,0.5,2,N,STAT,2024-12-31 14:57,2024-12-31 15:06,2024-12-31 15:41
LAB725340,ENC110685,PT10601,GLU,Glucose,200,mg/dL,70,99,H,Routine,2024-12-31 15:30,2024-12-31 15:48,2024-12-31 21:14
LAB725341,ENC110685,PT10601,CREAT,Creatinine,0.83,mg/dL,0.6,1.3,N,Routine,2024-12-31 15:44,2024-12-31 16:15,2024-12-31 18:06
LAB725342,ENC110685,PT10601,WBC,White Blood Cell Count,8.5,K/uL,4.5,11,N,STAT,2024-12-31 14:53,2024-12-31 14:59,2024-12-31 15:35
LAB725343,ENC110685,PT10601,HGB,Hemoglobin,12,g/dL,12,17.5,N,STAT,2024-12-31 15:38,2024-12-31 15:56,2024-12-31 16:29
LAB725344,ENC110685,PT10601,NA,Sodium,142,mmol/L,136,145,N,STAT,2024-12-31 15:41,2024-12-31 16:12,2024-12-31 16:41
LAB725345,ENC110685,PT10601,K,Potassium,3.8,mmol/L,3.5,5.1,N,STAT,2024-12-31 15:29,2024-12-31 16:00,2024-12-31 17:08
LAB725346,ENC110685,PT10601,BUN,Blood Urea Nitrogen,11,mg/dL,7,20,N,Routine,2024-12-31 15:22,2024-12-31 15:49,2024-12-31 19:18
LAB725347,ENC110685,PT10601,PLT,Platelet Count,237,K/uL,150,400,N,STAT,2024-12-31 15:27,2024-12-31 15:42,2024-12-31 16:35
LAB725348,ENC110685,PT10601,LACT,Lactate,3.7,mmol/L,0.5,2,H,STAT,2024-12-31 15:22,2024-12-31 15:28,2024-12-31 15:48
LAB725349,ENC110687,PT10335,GLU,Glucose,132,mg/dL,70,99,H,STAT,2024-12-31 13:00,2024-12-31 13:16,2024-12-31 14:07
LAB725350,ENC110687,PT10335,CREAT,Creatinine,0.96,mg/dL,0.6,1.3,N,STAT,2024-12-31 12:06,2024-12-31 12:18,2024-12-31 13:23
LAB725351,ENC110687,PT10335,WBC,White Blood Cell Count,6.9,K/uL,4.5,11,N,Routine,2024-12-31 12:18,2024-12-31 12:28,2024-12-31 15:15
LAB725352,ENC110687,PT10335,HGB,Hemoglobin,13.2,g/dL,12,17.5,N,STAT,2024-12-31 12:49,2024-12-31 13:16,2024-12-31 14:59
LAB725353,ENC110687,PT10335,NA,Sodium,140,mmol/L,136,145,N,STAT,2024-12-31 13:07,2024-12-31 13:34,2024-12-31 14:09
LAB725354,ENC110687,PT10335,K,Potassium,4.1,mmol/L,3.5,5.1,N,STAT,2024-12-31 12:34,2024-12-31 13:08,2024-12-31 13:40
LAB725355,ENC110688,PT13201,LDL,LDL Cholesterol,126,mg/dL,0,99,H,Routine,2024-12-31 12:35,2024-12-31 12:50,2025-01-01 03:55
LAB725356,ENC110689,PT12156,A1C,Hemoglobin A1c,12,%,4,5.6,H,Routine,2024-12-31 13:27,2024-12-31 13:36,2024-12-31 23:47
LAB725357,ENC110690,PT12910,GLU,Glucose,127,mg/dL,70,99,H,STAT,2024-12-31 13:41,2024-12-31 14:01,2024-12-31 15:31
LAB725358,ENC110690,PT12910,CREAT,Creatinine,0.81,mg/dL,0.6,1.3,N,STAT,2024-12-31 13:17,2024-12-31 13:46,2024-12-31 14:23
LAB725359,ENC110690,PT12910,WBC,White Blood Cell Count,11.6,K/uL,4.5,11,H,Routine,2024-12-31 13:31,2024-12-31 14:02,2024-12-31 17:32
LAB725360,ENC110690,PT12910,HGB,Hemoglobin,13.3,g/dL,12,17.5,N,STAT,2024-12-31 13:43,2024-12-31 14:15,2024-12-31 14:38
LAB725361,ENC110691,PT11327,GLU,Glucose,92,mg/dL,70,99,N,Routine,2024-12-31 13:23,2024-12-31 13:56,2024-12-31 16:50
LAB725362,ENC110691,PT11327,CREAT,Creatinine,1.01,mg/dL,0.6,1.3,N,Routine,2024-12-31 14:04,2024-12-31 14:16,2024-12-31 17:44
LAB725363,ENC110692,PT12164,A1C,Hemoglobin A1c,7.7,%,4,5.6,H,Routine,2024-12-31 13:22,2024-12-31 13:48,2025-01-01 10:49
LAB725364,ENC110699,PT13976,A1C,Hemoglobin A1c,7.2,%,4,5.6,H,Routine,2024-12-31 15:35,2024-12-31 15:44,2024-12-31 23:03
LAB725365,ENC110699,PT13976,GLU,Glucose,381,mg/dL,70,99,H,Routine,2024-12-31 15:44,2024-12-31 15:54,2024-12-31 19:47
LAB725366,ENC110699,PT13976,CREAT,Creatinine,1.12,mg/dL,0.6,1.3,N,Routine,2024-12-31 15:53,2024-12-31 16:02,2024-12-31 17:27
LAB725367,ENC110702,PT13941,LDL,LDL Cholesterol,178,mg/dL,0,99,H,Routine,2024-12-31 16:42,2024-12-31 17:14,2025-01-01 05:44
LAB725368,ENC110703,PT10563,WBC,White Blood Cell Count,7.3,K/uL,4.5,11,N,Routine,2024-12-31 16:43,2024-12-31 17:03,2024-12-31 21:38
LAB725369,ENC110703,PT10563,HGB,Hemoglobin,13.4,g/dL,12,17.5,N,Routine,2024-12-31 16:44,2024-12-31 16:54,2024-12-31 21:15
LAB725370,ENC110703,PT10563,PLT,Platelet Count,126,K/uL,150,400,L,Routine,2024-12-31 16:52,2024-12-31 17:11,2024-12-31 20:49
LAB725371,ENC110704,PT13798,GLU,Glucose,101,mg/dL,70,99,H,Routine,2024-12-31 20:27,2024-12-31 20:35,2024-12-31 23:42
LAB725372,ENC110704,PT13798,CREAT,Creatinine,0.76,mg/dL,0.6,1.3,N,Routine,2024-12-31 20:04,2024-12-31 20:35,2025-01-01 02:04
LAB725373,ENC110704,PT13798,WBC,White Blood Cell Count,3.8,K/uL,4.5,11,L,STAT,2024-12-31 20:10,2024-12-31 20:22,2024-12-31 20:47
LAB725374,ENC110704,PT13798,HGB,Hemoglobin,12.9,g/dL,12,17.5,N,Routine,2024-12-31 20:12,2024-12-31 20:19,2025-01-01 02:36
LAB725375,ENC110705,PT12494,GLU,Glucose,303,mg/dL,70,99,H,STAT,2024-12-31 17:13,2024-12-31 17:35,2024-12-31 18:20
LAB725376,ENC110705,PT12494,CREAT,Creatinine,0.45,mg/dL,0.6,1.3,L,Routine,2024-12-31 17:02,2024-12-31 17:28,2024-12-31 21:10
LAB725377,ENC110705,PT12494,WBC,White Blood Cell Count,6.3,K/uL,4.5,11,N,Routine,2024-12-31 17:52,2024-12-31 18:18,2024-12-31 20:35
LAB725378,ENC110705,PT12494,HGB,Hemoglobin,16.3,g/dL,12,17.5,N,Routine,2024-12-31 16:45,2024-12-31 16:58,2024-12-31 19:29
LAB725379,ENC110705,PT12494,NA,Sodium,140,mmol/L,136,145,N,Routine,2024-12-31 17:12,2024-12-31 17:40,2024-12-31 21:21
LAB725380,ENC110705,PT12494,K,Potassium,4.5,mmol/L,3.5,5.1,N,STAT,2024-12-31 17:55,2024-12-31 18:28,2024-12-31 20:06
LAB725381,ENC110705,PT12494,A1C,Hemoglobin A1c,10.2,%,4,5.6,H,STAT,2024-12-31 17:08,2024-12-31 17:38,2024-12-31 18:30
LAB725382,ENC110706,PT11145,GLU,Glucose,116,mg/dL,70,99,H,Routine,2024-12-31 21:04,2024-12-31 21:38,2024-12-31 23:47
LAB725383,ENC110706,PT11145,CREAT,Creatinine,1,mg/dL,0.6,1.3,N,STAT,2024-12-31 21:50,2024-12-31 22:05,2024-12-31 23:14
LAB725384,ENC110706,PT11145,WBC,White Blood Cell Count,11.1,K/uL,4.5,11,H,Routine,2024-12-31 21:15,2024-12-31 21:38,2025-01-01 02:58
LAB725385,ENC110706,PT11145,HGB,Hemoglobin,12.1,g/dL,12,17.5,N,STAT,2024-12-31 21:08,2024-12-31 21:32,2024-12-31 22:26
LAB725386,ENC110707,PT13218,GLU,Glucose,114,mg/dL,70,99,H,STAT,2024-12-31 18:14,2024-12-31 18:26,2024-12-31 19:08
LAB725387,ENC110707,PT13218,CREAT,Creatinine,0.95,mg/dL,0.6,1.3,N,STAT,2024-12-31 18:15,2024-12-31 18:42,2024-12-31 19:16
LAB725388,ENC110707,PT13218,WBC,White Blood Cell Count,15.7,K/uL,4.5,11,H,STAT,2024-12-31 17:20,2024-12-31 17:50,2024-12-31 18:43
LAB725389,ENC110707,PT13218,HGB,Hemoglobin,14.2,g/dL,12,17.5,N,STAT,2024-12-31 17:26,2024-12-31 17:35,2024-12-31 18:04
LAB725390,ENC110707,PT13218,NA,Sodium,141,mmol/L,136,145,N,STAT,2024-12-31 18:03,2024-12-31 18:34,2024-12-31 19:09
LAB725391,ENC110707,PT13218,K,Potassium,3.6,mmol/L,3.5,5.1,N,STAT,2024-12-31 18:08,2024-12-31 18:36,2024-12-31 19:25
LAB725392,ENC110708,PT11689,GLU,Glucose,105,mg/dL,70,99,H,Routine,2024-12-31 18:09,2024-12-31 18:35,2024-12-31 20:49
LAB725393,ENC110708,PT11689,CREAT,Creatinine,1.27,mg/dL,0.6,1.3,N,STAT,2024-12-31 18:32,2024-12-31 18:52,2024-12-31 19:34
LAB725394,ENC110708,PT11689,WBC,White Blood Cell Count,5.7,K/uL,4.5,11,N,STAT,2024-12-31 18:16,2024-12-31 18:28,2024-12-31 19:33
LAB725395,ENC110708,PT11689,HGB,Hemoglobin,12.7,g/dL,12,17.5,N,STAT,2024-12-31 18:31,2024-12-31 18:39,2024-12-31 19:27
LAB725396,ENC110708,PT11689,TROP,"Troponin I, High Sensitivity",63,ng/L,0,34,H,STAT,2024-12-31 19:04,2024-12-31 19:23,2024-12-31 19:48
LAB725397,ENC110708,PT11689,BNP,B-Type Natriuretic Peptide,1006,pg/mL,0,100,H,STAT,2024-12-31 18:55,2024-12-31 19:29,2024-12-31 20:08
LAB725398,ENC110709,PT11876,GLU,Glucose,124,mg/dL,70,99,H,STAT,2024-12-31 19:24,2024-12-31 19:38,2024-12-31 20:29
LAB725399,ENC110709,PT11876,CREAT,Creatinine,0.56,mg/dL,0.6,1.3,L,STAT,2024-12-31 19:14,2024-12-31 19:28,2024-12-31 20:15
LAB725400,ENC110709,PT11876,WBC,White Blood Cell Count,11.3,K/uL,4.5,11,H,Routine,2024-12-31 19:25,2024-12-31 19:54,2024-12-31 23:14
LAB725401,ENC110711,PT12128,GLU,Glucose,96,mg/dL,70,99,N,Routine,2024-12-31 21:21,2024-12-31 21:38,2024-12-31 23:34
LAB725402,ENC110711,PT12128,CREAT,Creatinine,0.6,mg/dL,0.6,1.3,N,STAT,2024-12-31 20:42,2024-12-31 21:11,2024-12-31 21:50
LAB725403,ENC110711,PT12128,WBC,White Blood Cell Count,6.9,K/uL,4.5,11,N,STAT,2024-12-31 21:23,2024-12-31 21:43,2024-12-31 22:07
LAB725404,ENC110713,PT13324,GLU,Glucose,182,mg/dL,70,99,H,Routine,2025-01-01 02:59,2025-01-01 03:24,2025-01-01 06:48
LAB725405,ENC110713,PT13324,CREAT,Creatinine,1.17,mg/dL,0.6,1.3,N,STAT,2025-01-01 02:35,2025-01-01 03:02,2025-01-01 03:31
LAB725406,ENC110713,PT13324,WBC,White Blood Cell Count,4.9,K/uL,4.5,11,N,STAT,2025-01-01 02:43,2025-01-01 02:56,2025-01-01 03:43
LAB725407,ENC110713,PT13324,HGB,Hemoglobin,13,g/dL,12,17.5,N,STAT,2025-01-01 02:54,2025-01-01 03:12,2025-01-01 03:44
LAB725408,ENC110713,PT13324,NA,Sodium,140,mmol/L,136,145,N,STAT,2025-01-01 03:19,2025-01-01 03:48,2025-01-01 04:30
LAB725409,ENC110713,PT13324,K,Potassium,3.9,mmol/L,3.5,5.1,N,STAT,2025-01-01 02:19,2025-01-01 02:47,2025-01-01 03:18
LAB725410,ENC110714,PT10258,GLU,Glucose,205,mg/dL,70,99,H,STAT,2025-01-01 08:55,2025-01-01 09:25,2025-01-01 10:13
LAB725411,ENC110714,PT10258,CREAT,Creatinine,1.52,mg/dL,0.6,1.3,H,Routine,2025-01-01 08:45,2025-01-01 09:08,2025-01-01 11:56
LAB725412,ENC110714,PT10258,WBC,White Blood Cell Count,6.4,K/uL,4.5,11,N,Routine,2025-01-01 09:08,2025-01-01 09:21,2025-01-01 14:33
LAB725413,ENC110714,PT10258,HGB,Hemoglobin,15.1,g/dL,12,17.5,N,STAT,2025-01-01 08:59,2025-01-01 09:26,2025-01-01 10:08
LAB725414,ENC110716,PT13152,LDL,LDL Cholesterol,104,mg/dL,0,99,H,Routine,2025-01-01 08:13,2025-01-01 08:27,2025-01-01 15:19
LAB725415,ENC110718,PT11455,GLU,Glucose,62,mg/dL,70,99,L,STAT,2025-01-01 09:52,2025-01-01 10:05,2025-01-01 11:17
LAB725416,ENC110718,PT11455,CREAT,Creatinine,0.94,mg/dL,0.6,1.3,N,STAT,2025-01-01 09:52,2025-01-01 10:00,2025-01-01 10:49
LAB725417,ENC110718,PT11455,WBC,White Blood Cell Count,7.7,K/uL,4.5,11,N,STAT,2025-01-01 09:39,2025-01-01 10:05,2025-01-01 10:36
LAB725418,ENC110720,PT11607,LDL,LDL Cholesterol,156,mg/dL,0,99,H,Routine,2025-01-01 12:21,2025-01-01 12:54,2025-01-02 02:47
LAB725419,ENC110721,PT10529,GLU,Glucose,73,mg/dL,70,99,N,STAT,2025-01-01 12:48,2025-01-01 12:54,2025-01-01 14:08
LAB725420,ENC110721,PT10529,CREAT,Creatinine,1,mg/dL,0.6,1.3,N,Routine,2025-01-01 12:27,2025-01-01 12:50,2025-01-01 16:39
LAB725421,ENC110721,PT10529,WBC,White Blood Cell Count,4.5,K/uL,4.5,11,N,Routine,2025-01-01 13:17,2025-01-01 13:47,2025-01-01 17:05
LAB725422,ENC110721,PT10529,HGB,Hemoglobin,14.6,g/dL,12,17.5,N,STAT,2025-01-01 12:55,2025-01-01 13:19,2025-01-01 13:33
LAB725423,ENC110722,PT12589,LDL,LDL Cholesterol,114,mg/dL,0,99,H,Routine,2025-01-01 12:47,2025-01-01 12:52,2025-01-01 17:32
LAB725424,ENC110723,PT10321,GLU,Glucose,76,mg/dL,70,99,N,STAT,2025-01-01 13:34,2025-01-01 13:46,2025-01-01 14:14
LAB725425,ENC110723,PT10321,CREAT,Creatinine,0.56,mg/dL,0.6,1.3,L,STAT,2025-01-01 13:30,2025-01-01 13:39,2025-01-01 14:27
LAB725426,ENC110723,PT10321,WBC,White Blood Cell Count,8.8,K/uL,4.5,11,N,Routine,2025-01-01 13:37,2025-01-01 14:05,2025-01-01 16:52
LAB725427,ENC110723,PT10321,HGB,Hemoglobin,12.1,g/dL,12,17.5,N,STAT,2025-01-01 12:58,2025-01-01 13:18,2025-01-01 13:48
LAB725428,ENC110724,PT12272,GLU,Glucose,89,mg/dL,70,99,N,STAT,2025-01-01 18:30,2025-01-01 18:36,2025-01-01 19:11
LAB725429,ENC110724,PT12272,CREAT,Creatinine,0.79,mg/dL,0.6,1.3,N,STAT,2025-01-01 18:40,2025-01-01 18:45,2025-01-01 19:26
LAB725430,ENC110724,PT12272,WBC,White Blood Cell Count,5.4,K/uL,4.5,11,N,Routine,2025-01-01 18:41,2025-01-01 18:49,2025-01-01 20:50
LAB725431,ENC110724,PT12272,HGB,Hemoglobin,14.6,g/dL,12,17.5,N,STAT,2025-01-01 18:20,2025-01-01 18:42,2025-01-01 20:00
LAB725432,ENC110726,PT11101,GLU,Glucose,128,mg/dL,70,99,H,Routine,2025-01-01 17:28,2025-01-01 17:56,2025-01-01 22:38
LAB725433,ENC110726,PT11101,CREAT,Creatinine,0.78,mg/dL,0.6,1.3,N,STAT,2025-01-01 17:54,2025-01-01 18:07,2025-01-01 18:27
LAB725434,ENC110726,PT11101,WBC,White Blood Cell Count,6.6,K/uL,4.5,11,N,STAT,2025-01-01 17:27,2025-01-01 17:39,2025-01-01 18:19
LAB725435,ENC110726,PT11101,HGB,Hemoglobin,13.7,g/dL,12,17.5,N,Routine,2025-01-01 17:39,2025-01-01 18:02,2025-01-02 01:19
LAB725436,ENC110726,PT11101,NA,Sodium,140,mmol/L,136,145,N,STAT,2025-01-01 17:08,2025-01-01 17:36,2025-01-01 18:44
LAB725437,ENC110726,PT11101,K,Potassium,4.3,mmol/L,3.5,5.1,N,STAT,2025-01-01 17:19,2025-01-01 17:47,2025-01-01 18:39
LAB725438,ENC110726,PT11101,TROP,"Troponin I, High Sensitivity",69,ng/L,0,34,H,STAT,2025-01-01 17:19,2025-01-01 17:30,2025-01-01 18:02
LAB725439,ENC110726,PT11101,BNP,B-Type Natriuretic Peptide,388,pg/mL,0,100,H,STAT,2025-01-01 17:08,2025-01-01 17:17,2025-01-01 17:47
LAB725440,ENC110727,PT13413,WBC,White Blood Cell Count,8,K/uL,4.5,11,N,Routine,2025-01-01 13:55,2025-01-01 13:59,2025-01-01 16:38
LAB725441,ENC110727,PT13413,HGB,Hemoglobin,9.7,g/dL,12,17.5,L,Routine,2025-01-01 13:38,2025-01-01 13:48,2025-01-01 15:25
LAB725442,ENC110727,PT13413,PLT,Platelet Count,242,K/uL,150,400,N,Routine,2025-01-01 13:48,2025-01-01 13:59,2025-01-01 15:50
LAB725443,ENC110729,PT10897,LDL,LDL Cholesterol,137,mg/dL,0,99,H,Routine,2025-01-01 14:21,2025-01-01 14:49,2025-01-02 20:47
LAB725444,ENC110730,PT12226,LDL,LDL Cholesterol,131,mg/dL,0,99,H,Routine,2025-01-01 14:52,2025-01-01 15:10,2025-01-02 01:27
LAB725445,ENC110732,PT13581,GLU,Glucose,199,mg/dL,70,99,H,STAT,2025-01-01 17:11,2025-01-01 17:45,2025-01-01 18:29
LAB725446,ENC110732,PT13581,CREAT,Creatinine,1.11,mg/dL,0.6,1.3,N,STAT,2025-01-01 16:46,2025-01-01 16:56,2025-01-01 17:22
LAB725447,ENC110732,PT13581,WBC,White Blood Cell Count,5.4,K/uL,4.5,11,N,STAT,2025-01-01 17:22,2025-01-01 17:49,2025-01-01 18:52
LAB725448,ENC110732,PT13581,HGB,Hemoglobin,14.8,g/dL,12,17.5,N,STAT,2025-01-01 16:49,2025-01-01 17:09,2025-01-01 17:43
LAB725449,ENC110732,PT13581,LACT,Lactate,2.3,mmol/L,0.5,2,H,STAT,2025-01-01 16:19,2025-01-01 16:45,2025-01-01 17:40
LAB725450,ENC110739,PT13087,LDL,LDL Cholesterol,187,mg/dL,0,99,H,Routine,2025-01-01 16:31,2025-01-01 16:52,2025-01-02 12:27
LAB725451,ENC110739,PT13087,A1C,Hemoglobin A1c,9,%,4,5.6,H,Routine,2025-01-01 16:32,2025-01-01 17:01,2025-01-02 09:12
LAB725452,ENC110741,PT11663,GLU,Glucose,98,mg/dL,70,99,N,Routine,2025-01-01 16:56,2025-01-01 17:01,2025-01-01 19:57
LAB725453,ENC110741,PT11663,CREAT,Creatinine,1.03,mg/dL,0.6,1.3,N,Routine,2025-01-01 17:00,2025-01-01 17:11,2025-01-01 19:00
LAB725454,ENC110741,PT11663,WBC,White Blood Cell Count,10,K/uL,4.5,11,N,Routine,2025-01-01 16:48,2025-01-01 17:13,2025-01-01 18:57
LAB725455,ENC110741,PT11663,HGB,Hemoglobin,12.9,g/dL,12,17.5,N,STAT,2025-01-01 16:50,2025-01-01 17:04,2025-01-01 18:08
LAB725456,ENC110742,PT13915,GLU,Glucose,92,mg/dL,70,99,N,STAT,2025-01-01 22:04,2025-01-01 22:19,2025-01-01 23:36
LAB725457,ENC110742,PT13915,CREAT,Creatinine,1.09,mg/dL,0.6,1.3,N,STAT,2025-01-01 22:12,2025-01-01 22:31,2025-01-01 22:50
LAB725458,ENC110742,PT13915,WBC,White Blood Cell Count,8.5,K/uL,4.5,11,N,STAT,2025-01-01 22:22,2025-01-01 22:42,2025-01-01 23:49
LAB725459,ENC110742,PT13915,HGB,Hemoglobin,10.3,g/dL,12,17.5,L,STAT,2025-01-01 21:54,2025-01-01 21:59,2025-01-01 22:49
LAB725460,ENC110742,PT13915,NA,Sodium,124,mmol/L,136,145,L,STAT,2025-01-01 21:32,2025-01-01 21:43,2025-01-01 22:06
LAB725461,ENC110742,PT13915,K,Potassium,4.1,mmol/L,3.5,5.1,N,STAT,2025-01-01 21:32,2025-01-01 21:49,2025-01-01 22:31
LAB725462,ENC110743,PT11625,GLU,Glucose,97,mg/dL,70,99,N,STAT,2025-01-01 18:47,2025-01-01 18:56,2025-01-01 19:22
LAB725463,ENC110743,PT11625,CREAT,Creatinine,0.81,mg/dL,0.6,1.3,N,STAT,2025-01-01 19:05,2025-01-01 19:15,2025-01-01 19:58
LAB725464,ENC110743,PT11625,WBC,White Blood Cell Count,7.9,K/uL,4.5,11,N,STAT,2025-01-01 18:15,2025-01-01 18:27,2025-01-01 19:22
LAB725465,ENC110743,PT11625,HGB,Hemoglobin,13.8,g/dL,12,17.5,N,STAT,2025-01-01 18:10,2025-01-01 18:21,2025-01-01 19:24
LAB725466,ENC110744,PT10444,GLU,Glucose,179,mg/dL,70,99,H,STAT,2025-01-01 21:25,2025-01-01 21:38,2025-01-01 22:10
LAB725467,ENC110744,PT10444,CREAT,Creatinine,2.05,mg/dL,0.6,1.3,H,STAT,2025-01-01 21:36,2025-01-01 22:02,2025-01-01 22:44
LAB725468,ENC110744,PT10444,WBC,White Blood Cell Count,15.9,K/uL,4.5,11,H,STAT,2025-01-01 22:12,2025-01-01 22:31,2025-01-01 23:06
LAB725469,ENC110744,PT10444,HGB,Hemoglobin,10.2,g/dL,12,17.5,L,STAT,2025-01-01 21:28,2025-01-01 21:51,2025-01-01 22:26
LAB725470,ENC110745,PT12947,GLU,Glucose,95,mg/dL,70,99,N,Routine,2025-01-01 19:46,2025-01-01 20:08,2025-01-01 22:51
LAB725471,ENC110745,PT12947,CREAT,Creatinine,0.96,mg/dL,0.6,1.3,N,STAT,2025-01-01 20:18,2025-01-01 20:50,2025-01-01 21:34
LAB725472,ENC110745,PT12947,WBC,White Blood Cell Count,8.1,K/uL,4.5,11,N,Routine,2025-01-01 20:13,2025-01-01 20:31,2025-01-01 23:51
LAB725473,ENC110745,PT12947,HGB,Hemoglobin,15,g/dL,12,17.5,N,Routine,2025-01-01 20:09,2025-01-01 20:13,2025-01-01 23:15
LAB725474,ENC110745,PT12947,NA,Sodium,139,mmol/L,136,145,N,STAT,2025-01-01 20:33,2025-01-01 20:54,2025-01-01 21:29
LAB725475,ENC110745,PT12947,K,Potassium,4.5,mmol/L,3.5,5.1,N,STAT,2025-01-01 20:23,2025-01-01 20:33,2025-01-01 21:30
LAB725476,ENC110746,PT11069,GLU,Glucose,69,mg/dL,70,99,L,STAT,2025-01-01 21:57,2025-01-01 22:24,2025-01-01 22:59
LAB725477,ENC110746,PT11069,CREAT,Creatinine,1.14,mg/dL,0.6,1.3,N,STAT,2025-01-01 21:38,2025-01-01 22:00,2025-01-01 23:12
LAB725478,ENC110746,PT11069,WBC,White Blood Cell Count,10.1,K/uL,4.5,11,N,STAT,2025-01-01 21:14,2025-01-01 21:26,2025-01-01 22:03
LAB725479,ENC110746,PT11069,HGB,Hemoglobin,13.7,g/dL,12,17.5,N,Routine,2025-01-01 21:38,2025-01-01 21:56,2025-01-02 02:09
LAB725480,ENC110747,PT11596,GLU,Glucose,97,mg/dL,70,99,N,STAT,2025-01-02 02:40,2025-01-02 03:01,2025-01-02 03:29
LAB725481,ENC110747,PT11596,CREAT,Creatinine,0.76,mg/dL,0.6,1.3,N,Routine,2025-01-02 02:09,2025-01-02 02:31,2025-01-02 04:34
LAB725482,ENC110747,PT11596,WBC,White Blood Cell Count,7.3,K/uL,4.5,11,N,Routine,2025-01-02 02:52,2025-01-02 03:27,2025-01-02 06:31
LAB725483,ENC110747,PT11596,HGB,Hemoglobin,13.3,g/dL,12,17.5,N,Routine,2025-01-02 02:00,2025-01-02 02:08,2025-01-02 05:43
LAB725484,ENC110747,PT11596,LACT,Lactate,4.1,mmol/L,0.5,2,HH,STAT,2025-01-02 02:25,2025-01-02 02:34,2025-01-02 03:20
LAB725485,ENC110749,PT12238,GLU,Glucose,123,mg/dL,70,99,H,STAT,2025-01-02 08:51,2025-01-02 09:12,2025-01-02 10:17
LAB725486,ENC110749,PT12238,CREAT,Creatinine,0.81,mg/dL,0.6,1.3,N,STAT,2025-01-02 08:31,2025-01-02 08:38,2025-01-02 09:21
LAB725487,ENC110749,PT12238,WBC,White Blood Cell Count,4.3,K/uL,4.5,11,L,STAT,2025-01-02 08:25,2025-01-02 08:46,2025-01-02 09:38
LAB725488,ENC110749,PT12238,HGB,Hemoglobin,12.9,g/dL,12,17.5,N,STAT,2025-01-02 08:27,2025-01-02 08:54,2025-01-02 10:10
LAB725489,ENC110749,PT12238,NA,Sodium,137,mmol/L,136,145,N,STAT,2025-01-02 08:28,2025-01-02 08:58,2025-01-02 09:32
LAB725490,ENC110749,PT12238,K,Potassium,3.6,mmol/L,3.5,5.1,N,STAT,2025-01-02 08:34,2025-01-02 09:09,2025-01-02 09:38
LAB725491,ENC110749,PT12238,BUN,Blood Urea Nitrogen,12,mg/dL,7,20,N,STAT,2025-01-02 08:23,2025-01-02 08:42,2025-01-02 09:19
LAB725492,ENC110749,PT12238,PLT,Platelet Count,196,K/uL,150,400,N,STAT,2025-01-02 08:39,2025-01-02 09:08,2025-01-02 09:55
LAB725493,ENC110749,PT12238,LACT,Lactate,3,mmol/L,0.5,2,H,STAT,2025-01-02 09:01,2025-01-02 09:24,2025-01-02 10:07
LAB725494,ENC110750,PT12369,A1C,Hemoglobin A1c,9,%,4,5.6,H,Routine,2025-01-02 08:59,2025-01-02 09:10,2025-01-04 05:36
LAB725495,ENC110750,PT12369,GLU,Glucose,230,mg/dL,70,99,H,Routine,2025-01-02 08:43,2025-01-02 09:14,2025-01-02 12:31
LAB725496,ENC110750,PT12369,CREAT,Creatinine,1.19,mg/dL,0.6,1.3,N,Routine,2025-01-02 08:36,2025-01-02 09:05,2025-01-02 12:19
LAB725497,ENC110753,PT12170,LDL,LDL Cholesterol,159,mg/dL,0,99,H,Routine,2025-01-02 09:37,2025-01-02 10:03,2025-01-02 16:13
LAB725498,ENC110754,PT10101,A1C,Hemoglobin A1c,5.2,%,4,5.6,N,Routine,2025-01-02 10:13,2025-01-02 10:32,2025-01-03 05:26
LAB725499,ENC110755,PT11494,A1C,Hemoglobin A1c,9.2,%,4,5.6,H,Routine,2025-01-02 10:23,2025-01-02 10:55,2025-01-04 12:55
LAB725500,ENC110755,PT11494,GLU,Glucose,174,mg/dL,70,99,H,Routine,2025-01-02 10:05,2025-01-02 10:29,2025-01-02 12:13
LAB725501,ENC110755,PT11494,CREAT,Creatinine,1.29,mg/dL,0.6,1.3,N,Routine,2025-01-02 10:09,2025-01-02 10:19,2025-01-02 15:36
LAB725502,ENC110756,PT12695,GLU,Glucose,102,mg/dL,70,99,H,Routine,2025-01-02 13:58,2025-01-02 14:24,2025-01-02 18:42
LAB725503,ENC110756,PT12695,CREAT,Creatinine,1.18,mg/dL,0.6,1.3,N,STAT,2025-01-02 14:10,2025-01-02 14:34,2025-01-02 14:58
LAB725504,ENC110756,PT12695,WBC,White Blood Cell Count,15.3,K/uL,4.5,11,H,STAT,2025-01-02 14:05,2025-01-02 14:10,2025-01-02 14:47
LAB725505,ENC110756,PT12695,HGB,Hemoglobin,13.1,g/dL,12,17.5,N,STAT,2025-01-02 13:36,2025-01-02 13:56,2025-01-02 14:33
LAB725506,ENC110756,PT12695,BUN,Blood Urea Nitrogen,18,mg/dL,7,20,N,STAT,2025-01-02 13:49,2025-01-02 14:20,2025-01-02 15:14
LAB725507,ENC110756,PT12695,PLT,Platelet Count,230,K/uL,150,400,N,STAT,2025-01-02 13:54,2025-01-02 14:18,2025-01-02 15:18
LAB725508,ENC110760,PT13320,GLU,Glucose,94,mg/dL,70,99,N,STAT,2025-01-02 11:38,2025-01-02 11:47,2025-01-02 12:41
LAB725509,ENC110760,PT13320,CREAT,Creatinine,0.69,mg/dL,0.6,1.3,N,Routine,2025-01-02 11:21,2025-01-02 11:38,2025-01-02 14:07
LAB725510,ENC110760,PT13320,WBC,White Blood Cell Count,4.8,K/uL,4.5,11,N,Routine,2025-01-02 12:04,2025-01-02 12:08,2025-01-02 13:11
LAB725511,ENC110761,PT13741,GLU,Glucose,108,mg/dL,70,99,H,STAT,2025-01-02 13:50,2025-01-02 14:19,2025-01-02 15:15
LAB725512,ENC110761,PT13741,CREAT,Creatinine,1.15,mg/dL,0.6,1.3,N,STAT,2025-01-02 14:07,2025-01-02 14:14,2025-01-02 15:18
LAB725513,ENC110761,PT13741,WBC,White Blood Cell Count,8.5,K/uL,4.5,11,N,STAT,2025-01-02 13:47,2025-01-02 14:11,2025-01-02 14:38
LAB725514,ENC110761,PT13741,HGB,Hemoglobin,13.8,g/dL,12,17.5,N,STAT,2025-01-02 14:17,2025-01-02 14:21,2025-01-02 15:35
LAB725515,ENC110761,PT13741,NA,Sodium,138,mmol/L,136,145,N,STAT,2025-01-02 14:32,2025-01-02 15:07,2025-01-02 16:22
LAB725516,ENC110761,PT13741,K,Potassium,5,mmol/L,3.5,5.1,N,STAT,2025-01-02 13:42,2025-01-02 13:46,2025-01-02 14:12
LAB725517,ENC110761,PT13741,BUN,Blood Urea Nitrogen,12,mg/dL,7,20,N,Routine,2025-01-02 13:58,2025-01-02 14:29,2025-01-02 19:54
LAB725518,ENC110761,PT13741,PLT,Platelet Count,388,K/uL,150,400,N,Routine,2025-01-02 14:48,2025-01-02 15:12,2025-01-02 17:15
LAB725519,ENC110761,PT13741,TROP,"Troponin I, High Sensitivity",76,ng/L,0,34,H,STAT,2025-01-02 14:04,2025-01-02 14:30,2025-01-02 15:27
LAB725520,ENC110761,PT13741,BNP,B-Type Natriuretic Peptide,1316,pg/mL,0,100,H,Routine,2025-01-02 14:08,2025-01-02 14:27,2025-01-02 16:51
LAB725521,ENC110762,PT10906,A1C,Hemoglobin A1c,9.9,%,4,5.6,H,Routine,2025-01-02 11:42,2025-01-02 12:00,2025-01-03 21:45
LAB725522,ENC110762,PT10906,GLU,Glucose,263,mg/dL,70,99,H,Routine,2025-01-02 11:29,2025-01-02 11:42,2025-01-02 13:23
LAB725523,ENC110762,PT10906,CREAT,Creatinine,1.08,mg/dL,0.6,1.3,N,Routine,2025-01-02 11:34,2025-01-02 11:42,2025-01-02 15:40
LAB725524,ENC110763,PT12818,LDL,LDL Cholesterol,175,mg/dL,0,99,H,Routine,2025-01-02 11:45,2025-01-02 12:18,2025-01-04 05:13
LAB725525,ENC110766,PT10711,WBC,White Blood Cell Count,5.6,K/uL,4.5,11,N,Routine,2025-01-02 12:29,2025-01-02 12:40,2025-01-02 15:46
LAB725526,ENC110766,PT10711,HGB,Hemoglobin,13.1,g/dL,12,17.5,N,Routine,2025-01-02 12:14,2025-01-02 12:37,2025-01-02 14:31
LAB725527,ENC110766,PT10711,PLT,Platelet Count,309,K/uL,150,400,N,Routine,2025-01-02 12:08,2025-01-02 12:32,2025-01-02 15:56
LAB725528,ENC110769,PT12522,GLU,Glucose,121,mg/dL,70,99,H,STAT,2025-01-02 12:36,2025-01-02 12:49,2025-01-02 13:31
LAB725529,ENC110769,PT12522,CREAT,Creatinine,1.47,mg/dL,0.6,1.3,H,STAT,2025-01-02 13:23,2025-01-02 13:44,2025-01-02 15:05
LAB725530,ENC110769,PT12522,WBC,White Blood Cell Count,6.8,K/uL,4.5,11,N,STAT,2025-01-02 12:31,2025-01-02 12:41,2025-01-02 13:10
LAB725531,ENC110769,PT12522,HGB,Hemoglobin,14,g/dL,12,17.5,N,STAT,2025-01-02 13:15,2025-01-02 13:36,2025-01-02 14:11
LAB725532,ENC110774,PT11628,A1C,Hemoglobin A1c,9.8,%,4,5.6,H,Routine,2025-01-02 13:59,2025-01-02 14:12,2025-01-03 08:50
LAB725533,ENC110775,PT11545,GLU,Glucose,79,mg/dL,70,99,N,STAT,2025-01-02 14:58,2025-01-02 15:19,2025-01-02 15:44
LAB725534,ENC110775,PT11545,CREAT,Creatinine,1.21,mg/dL,0.6,1.3,N,STAT,2025-01-02 14:04,2025-01-02 14:14,2025-01-02 14:58
LAB725535,ENC110775,PT11545,WBC,White Blood Cell Count,9.2,K/uL,4.5,11,N,Routine,2025-01-02 14:24,2025-01-02 14:57,2025-01-02 17:57
LAB725536,ENC110775,PT11545,HGB,Hemoglobin,13.4,g/dL,12,17.5,N,STAT,2025-01-02 14:32,2025-01-02 14:45,2025-01-02 15:27
LAB725537,ENC110778,PT13995,A1C,Hemoglobin A1c,9.9,%,4,5.6,H,STAT,2025-01-02 16:02,2025-01-02 16:28,2025-01-02 16:57
LAB725538,ENC110779,PT12704,GLU,Glucose,113,mg/dL,70,99,H,Routine,2025-01-02 14:56,2025-01-02 15:07,2025-01-02 20:32
LAB725539,ENC110779,PT12704,CREAT,Creatinine,1.18,mg/dL,0.6,1.3,N,STAT,2025-01-02 14:59,2025-01-02 15:14,2025-01-02 15:53
LAB725540,ENC110779,PT12704,WBC,White Blood Cell Count,7.7,K/uL,4.5,11,N,STAT,2025-01-02 15:22,2025-01-02 15:38,2025-01-02 16:28
LAB725541,ENC110779,PT12704,HGB,Hemoglobin,13.8,g/dL,12,17.5,N,STAT,2025-01-02 15:27,2025-01-02 15:35,2025-01-02 16:08
LAB725542,ENC110780,PT11758,GLU,Glucose,78,mg/dL,70,99,N,STAT,2025-01-02 17:38,2025-01-02 17:59,2025-01-02 19:27
LAB725543,ENC110780,PT11758,CREAT,Creatinine,0.9,mg/dL,0.6,1.3,N,STAT,2025-01-02 17:47,2025-01-02 17:55,2025-01-02 18:44
LAB725544,ENC110780,PT11758,WBC,White Blood Cell Count,5.7,K/uL,4.5,11,N,STAT,2025-01-02 18:06,2025-01-02 18:32,2025-01-02 19:12
LAB725545,ENC110780,PT11758,HGB,Hemoglobin,12.1,g/dL,12,17.5,N,Routine,2025-01-02 18:02,2025-01-02 18:18,2025-01-02 19:44
LAB725546,ENC110780,PT11758,BUN,Blood Urea Nitrogen,16,mg/dL,7,20,N,STAT,2025-01-02 18:00,2025-01-02 18:32,2025-01-02 19:10
LAB725547,ENC110780,PT11758,PLT,Platelet Count,237,K/uL,150,400,N,Routine,2025-01-02 18:10,2025-01-02 18:25,2025-01-02 20:33
LAB725548,ENC110780,PT11758,TROP,"Troponin I, High Sensitivity",5,ng/L,0,34,N,STAT,2025-01-02 17:59,2025-01-02 18:12,2025-01-02 18:42
LAB725549,ENC110780,PT11758,BNP,B-Type Natriuretic Peptide,575,pg/mL,0,100,H,Routine,2025-01-02 18:27,2025-01-02 18:46,2025-01-02 19:59
LAB725550,ENC110783,PT13860,LDL,LDL Cholesterol,71,mg/dL,0,99,N,Routine,2025-01-02 15:59,2025-01-02 16:11,2025-01-03 11:30
LAB725551,ENC110785,PT10443,LDL,LDL Cholesterol,147,mg/dL,0,99,H,Routine,2025-01-02 16:11,2025-01-02 16:34,2025-01-03 08:53
LAB725552,ENC110785,PT10443,TSH,Thyroid Stimulating Hormone,2.45,mIU/L,0.4,4,N,Routine,2025-01-02 16:01,2025-01-02 16:15,2025-01-02 23:03
LAB725553,ENC110787,PT11623,GLU,Glucose,79,mg/dL,70,99,N,STAT,2025-01-02 17:28,2025-01-02 17:54,2025-01-02 19:09
LAB725554,ENC110787,PT11623,CREAT,Creatinine,0.81,mg/dL,0.6,1.3,N,STAT,2025-01-02 17:23,2025-01-02 17:38,2025-01-02 18:11
LAB725555,ENC110787,PT11623,TROP,"Troponin I, High Sensitivity",9,ng/L,0,34,N,STAT,2025-01-02 17:30,2025-01-02 17:36,2025-01-02 18:52
LAB725556,ENC110788,PT12015,GLU,Glucose,216,mg/dL,70,99,H,STAT,2025-01-02 21:37,2025-01-02 21:43,2025-01-02 22:49
LAB725557,ENC110788,PT12015,CREAT,Creatinine,0.52,mg/dL,0.6,1.3,L,Routine,2025-01-02 21:35,2025-01-02 21:57,2025-01-03 00:55
LAB725558,ENC110788,PT12015,WBC,White Blood Cell Count,8.6,K/uL,4.5,11,N,STAT,2025-01-02 20:58,2025-01-02 21:09,2025-01-02 22:30
LAB725559,ENC110788,PT12015,HGB,Hemoglobin,12.5,g/dL,12,17.5,N,STAT,2025-01-02 21:07,2025-01-02 21:39,2025-01-02 22:52
LAB725560,ENC110791,PT10220,GLU,Glucose,101,mg/dL,70,99,H,STAT,2025-01-02 18:46,2025-01-02 18:55,2025-01-02 20:01
LAB725561,ENC110791,PT10220,CREAT,Creatinine,1.17,mg/dL,0.6,1.3,N,STAT,2025-01-02 18:56,2025-01-02 19:14,2025-01-02 20:16
LAB725562,ENC110791,PT10220,WBC,White Blood Cell Count,8.7,K/uL,4.5,11,N,Routine,2025-01-02 19:03,2025-01-02 19:37,2025-01-02 23:30
LAB725563,ENC110791,PT10220,HGB,Hemoglobin,14.2,g/dL,12,17.5,N,STAT,2025-01-02 19:29,2025-01-02 19:55,2025-01-02 20:32
LAB725564,ENC110791,PT10220,NA,Sodium,140,mmol/L,136,145,N,Routine,2025-01-02 19:06,2025-01-02 19:37,2025-01-03 02:28
LAB725565,ENC110791,PT10220,K,Potassium,4.1,mmol/L,3.5,5.1,N,STAT,2025-01-02 19:04,2025-01-02 19:38,2025-01-02 20:50
LAB725566,ENC110791,PT10220,INR,Prothrombin Time INR,1,ratio,0.8,1.2,N,Routine,2025-01-02 18:30,2025-01-02 18:42,2025-01-02 23:30
LAB725567,ENC110793,PT13269,GLU,Glucose,109,mg/dL,70,99,H,STAT,2025-01-02 20:19,2025-01-02 20:26,2025-01-02 20:53
LAB725568,ENC110793,PT13269,CREAT,Creatinine,1.21,mg/dL,0.6,1.3,N,STAT,2025-01-02 20:49,2025-01-02 21:23,2025-01-02 22:05
LAB725569,ENC110795,PT12434,GLU,Glucose,79,mg/dL,70,99,N,STAT,2025-01-03 08:22,2025-01-03 08:55,2025-01-03 10:03
LAB725570,ENC110795,PT12434,CREAT,Creatinine,0.81,mg/dL,0.6,1.3,N,Routine,2025-01-03 07:57,2025-01-03 08:21,2025-01-03 10:37
LAB725571,ENC110795,PT12434,WBC,White Blood Cell Count,12.6,K/uL,4.5,11,H,STAT,2025-01-03 08:05,2025-01-03 08:31,2025-01-03 09:05
LAB725572,ENC110795,PT12434,HGB,Hemoglobin,14.1,g/dL,12,17.5,N,STAT,2025-01-03 07:21,2025-01-03 07:56,2025-01-03 08:43
LAB725573,ENC110798,PT13300,WBC,White Blood Cell Count,5.5,K/uL,4.5,11,N,Routine,2025-01-03 08:14,2025-01-03 08:44,2025-01-03 11:11
LAB725574,ENC110798,PT13300,HGB,Hemoglobin,14.7,g/dL,12,17.5,N,Routine,2025-01-03 08:12,2025-01-03 08:46,2025-01-03 11:08
LAB725575,ENC110798,PT13300,PLT,Platelet Count,289,K/uL,150,400,N,Routine,2025-01-03 08:15,2025-01-03 08:43,2025-01-03 11:53
LAB725576,ENC110800,PT11050,LDL,LDL Cholesterol,127,mg/dL,0,99,H,Routine,2025-01-03 08:37,2025-01-03 08:57,2025-01-03 20:40
LAB725577,ENC110802,PT11756,GLU,Glucose,107,mg/dL,70,99,H,STAT,2025-01-03 13:01,2025-01-03 13:17,2025-01-03 13:42
LAB725578,ENC110802,PT11756,CREAT,Creatinine,0.84,mg/dL,0.6,1.3,N,Routine,2025-01-03 13:56,2025-01-03 14:23,2025-01-03 16:04
LAB725579,ENC110802,PT11756,WBC,White Blood Cell Count,5.2,K/uL,4.5,11,N,STAT,2025-01-03 13:20,2025-01-03 13:41,2025-01-03 14:59
LAB725580,ENC110802,PT11756,HGB,Hemoglobin,11.8,g/dL,12,17.5,L,Routine,2025-01-03 13:38,2025-01-03 13:51,2025-01-03 18:53
LAB725581,ENC110802,PT11756,INR,Prothrombin Time INR,1,ratio,0.8,1.2,N,STAT,2025-01-03 13:08,2025-01-03 13:14,2025-01-03 13:54
LAB725582,ENC110805,PT10432,GLU,Glucose,155,mg/dL,70,99,H,STAT,2025-01-03 09:52,2025-01-03 10:26,2025-01-03 11:09
LAB725583,ENC110805,PT10432,CREAT,Creatinine,0.72,mg/dL,0.6,1.3,N,Routine,2025-01-03 09:39,2025-01-03 10:11,2025-01-03 12:06
LAB725584,ENC110805,PT10432,WBC,White Blood Cell Count,6.8,K/uL,4.5,11,N,STAT,2025-01-03 09:50,2025-01-03 09:55,2025-01-03 10:31
LAB725585,ENC110810,PT11977,GLU,Glucose,112,mg/dL,70,99,H,STAT,2025-01-03 11:37,2025-01-03 11:46,2025-01-03 12:51
LAB725586,ENC110810,PT11977,CREAT,Creatinine,0.86,mg/dL,0.6,1.3,N,Routine,2025-01-03 11:55,2025-01-03 12:09,2025-01-03 14:45
LAB725587,ENC110810,PT11977,WBC,White Blood Cell Count,4.5,K/uL,4.5,11,N,Routine,2025-01-03 11:46,2025-01-03 12:03,2025-01-03 16:26
LAB725588,ENC110810,PT11977,HGB,Hemoglobin,14.1,g/dL,12,17.5,N,STAT,2025-01-03 11:58,2025-01-03 12:16,2025-01-03 13:20
LAB725589,ENC110810,PT11977,BUN,Blood Urea Nitrogen,11,mg/dL,7,20,N,Routine,2025-01-03 11:03,2025-01-03 11:18,2025-01-03 17:50
LAB725590,ENC110810,PT11977,PLT,Platelet Count,163,K/uL,150,400,N,Routine,2025-01-03 11:45,2025-01-03 12:20,2025-01-03 14:20
LAB725591,ENC110811,PT12572,LDL,LDL Cholesterol,137,mg/dL,0,99,H,Routine,2025-01-03 10:56,2025-01-03 11:13,2025-01-03 21:37
LAB725592,ENC110811,PT12572,TSH,Thyroid Stimulating Hormone,2.78,mIU/L,0.4,4,N,Routine,2025-01-03 11:15,2025-01-03 11:44,2025-01-03 23:17
LAB725593,ENC110815,PT11274,LDL,LDL Cholesterol,113,mg/dL,0,99,H,Routine,2025-01-03 12:14,2025-01-03 12:36,2025-01-04 11:09
LAB725594,ENC110817,PT12776,GLU,Glucose,132,mg/dL,70,99,H,STAT,2025-01-03 16:49,2025-01-03 16:59,2025-01-03 18:16
LAB725595,ENC110817,PT12776,CREAT,Creatinine,0.71,mg/dL,0.6,1.3,N,Routine,2025-01-03 16:44,2025-01-03 17:13,2025-01-03 20:24
LAB725596,ENC110817,PT12776,WBC,White Blood Cell Count,18.8,K/uL,4.5,11,H,STAT,2025-01-03 16:17,2025-01-03 16:23,2025-01-03 16:57
LAB725597,ENC110817,PT12776,HGB,Hemoglobin,13.3,g/dL,12,17.5,N,STAT,2025-01-03 16:45,2025-01-03 17:16,2025-01-03 18:11
LAB725598,ENC110817,PT12776,LACT,Lactate,1.9,mmol/L,0.5,2,N,STAT,2025-01-03 16:12,2025-01-03 16:44,2025-01-03 18:16
LAB725599,ENC110818,PT13500,LDL,LDL Cholesterol,165,mg/dL,0,99,H,Routine,2025-01-03 13:19,2025-01-03 13:41,2025-01-04 06:11
LAB725600,ENC110819,PT12866,A1C,Hemoglobin A1c,5.9,%,4,5.6,H,Routine,2025-01-03 13:38,2025-01-03 14:13,2025-01-04 10:21
LAB725601,ENC110819,PT12866,GLU,Glucose,131,mg/dL,70,99,H,Routine,2025-01-03 13:27,2025-01-03 13:51,2025-01-03 17:45
LAB725602,ENC110819,PT12866,CREAT,Creatinine,0.83,mg/dL,0.6,1.3,N,Routine,2025-01-03 13:27,2025-01-03 13:47,2025-01-03 17:37
LAB725603,ENC110821,PT11075,GLU,Glucose,110,mg/dL,70,99,H,STAT,2025-01-03 17:22,2025-01-03 17:39,2025-01-03 18:24
LAB725604,ENC110821,PT11075,CREAT,Creatinine,0.86,mg/dL,0.6,1.3,N,STAT,2025-01-03 17:45,2025-01-03 18:16,2025-01-03 19:16
LAB725605,ENC110821,PT11075,WBC,White Blood Cell Count,6.3,K/uL,4.5,11,N,Routine,2025-01-03 17:45,2025-01-03 17:56,2025-01-03 21:11
LAB725606,ENC110821,PT11075,HGB,Hemoglobin,14.8,g/dL,12,17.5,N,STAT,2025-01-03 17:34,2025-01-03 17:58,2025-01-03 18:51
LAB725607,ENC110824,PT12546,GLU,Glucose,104,mg/dL,70,99,H,Routine,2025-01-03 15:15,2025-01-03 15:45,2025-01-03 18:20
LAB725608,ENC110824,PT12546,CREAT,Creatinine,0.71,mg/dL,0.6,1.3,N,STAT,2025-01-03 15:25,2025-01-03 15:54,2025-01-03 16:51
LAB725609,ENC110824,PT12546,WBC,White Blood Cell Count,6.5,K/uL,4.5,11,N,Routine,2025-01-03 14:53,2025-01-03 15:19,2025-01-03 17:23
LAB725610,ENC110824,PT12546,HGB,Hemoglobin,13.8,g/dL,12,17.5,N,Routine,2025-01-03 15:18,2025-01-03 15:47,2025-01-03 18:46
LAB725611,ENC110825,PT11813,WBC,White Blood Cell Count,8.3,K/uL,4.5,11,N,Routine,2025-01-03 14:59,2025-01-03 15:10,2025-01-03 19:35
LAB725612,ENC110825,PT11813,HGB,Hemoglobin,15.1,g/dL,12,17.5,N,Routine,2025-01-03 15:06,2025-01-03 15:34,2025-01-03 21:13
LAB725613,ENC110825,PT11813,PLT,Platelet Count,238,K/uL,150,400,N,Routine,2025-01-03 15:06,2025-01-03 15:14,2025-01-03 18:14
LAB725614,ENC110828,PT11762,GLU,Glucose,124,mg/dL,70,99,H,STAT,2025-01-03 19:03,2025-01-03 19:07,2025-01-03 20:05
LAB725615,ENC110828,PT11762,CREAT,Creatinine,0.49,mg/dL,0.6,1.3,L,STAT,2025-01-03 18:27,2025-01-03 18:34,2025-01-03 19:44
LAB725616,ENC110828,PT11762,WBC,White Blood Cell Count,5.5,K/uL,4.5,11,N,STAT,2025-01-03 18:21,2025-01-03 18:36,2025-01-03 19:12
LAB725617,ENC110828,PT11762,HGB,Hemoglobin,11.5,g/dL,12,17.5,L,Routine,2025-01-03 18:33,2025-01-03 18:38,2025-01-03 20:51
LAB725618,ENC110831,PT13484,GLU,Glucose,212,mg/dL,70,99,H,Routine,2025-01-03 20:32,2025-01-03 20:38,2025-01-03 23:09
LAB725619,ENC110831,PT13484,CREAT,Creatinine,0.65,mg/dL,0.6,1.3,N,Routine,2025-01-03 20:39,2025-01-03 21:00,2025-01-04 04:55
LAB725620,ENC110831,PT13484,WBC,White Blood Cell Count,7.3,K/uL,4.5,11,N,STAT,2025-01-03 20:49,2025-01-03 20:53,2025-01-03 21:36
LAB725621,ENC110831,PT13484,HGB,Hemoglobin,12.8,g/dL,12,17.5,N,STAT,2025-01-03 20:50,2025-01-03 20:54,2025-01-03 21:49
LAB725622,ENC110831,PT13484,NA,Sodium,140,mmol/L,136,145,N,STAT,2025-01-03 21:32,2025-01-03 21:40,2025-01-03 22:07
LAB725623,ENC110831,PT13484,K,Potassium,4.3,mmol/L,3.5,5.1,N,STAT,2025-01-03 20:27,2025-01-03 20:59,2025-01-03 21:40
LAB725624,ENC110833,PT12745,GLU,Glucose,275,mg/dL,70,99,H,STAT,2025-01-03 23:42,2025-01-04 00:15,2025-01-04 01:11
LAB725625,ENC110833,PT12745,CREAT,Creatinine,0.88,mg/dL,0.6,1.3,N,Routine,2025-01-03 23:09,2025-01-03 23:19,2025-01-04 04:09
LAB725626,ENC110833,PT12745,WBC,White Blood Cell Count,6.7,K/uL,4.5,11,N,Routine,2025-01-03 23:35,2025-01-03 23:43,2025-01-04 01:45
LAB725627,ENC110833,PT12745,HGB,Hemoglobin,13.4,g/dL,12,17.5,N,STAT,2025-01-03 23:21,2025-01-03 23:52,2025-01-04 01:27
LAB725628,ENC110833,PT12745,NA,Sodium,134,mmol/L,136,145,L,STAT,2025-01-03 23:20,2025-01-03 23:34,2025-01-04 00:22
LAB725629,ENC110833,PT12745,K,Potassium,4.2,mmol/L,3.5,5.1,N,STAT,2025-01-03 23:41,2025-01-03 23:48,2025-01-04 00:30
LAB725630,ENC110833,PT12745,BUN,Blood Urea Nitrogen,7,mg/dL,7,20,N,STAT,2025-01-03 22:52,2025-01-03 23:18,2025-01-04 00:05
LAB725631,ENC110833,PT12745,PLT,Platelet Count,224,K/uL,150,400,N,STAT,2025-01-03 23:33,2025-01-03 23:55,2025-01-04 00:32
LAB725632,ENC110833,PT12745,LACT,Lactate,2.3,mmol/L,0.5,2,H,STAT,2025-01-03 23:26,2025-01-03 23:51,2025-01-04 00:41
LAB725633,ENC110835,PT11221,GLU,Glucose,71,mg/dL,70,99,N,STAT,2025-01-03 21:56,2025-01-03 22:18,2025-01-04 00:06
LAB725634,ENC110835,PT11221,CREAT,Creatinine,1.08,mg/dL,0.6,1.3,N,Routine,2025-01-03 22:14,2025-01-03 22:33,2025-01-04 02:18
LAB725635,ENC110835,PT11221,WBC,White Blood Cell Count,6.8,K/uL,4.5,11,N,Routine,2025-01-03 22:25,2025-01-03 22:36,2025-01-04 00:11
LAB725636,ENC110835,PT11221,HGB,Hemoglobin,14.8,g/dL,12,17.5,N,Routine,2025-01-03 22:19,2025-01-03 22:43,2025-01-04 00:46
LAB725637,ENC110838,PT10044,TROP,"Troponin I, High Sensitivity",15,ng/L,0,34,N,STAT,2025-01-04 00:06,2025-01-04 00:40,2025-01-04 01:04
LAB725638,ENC110839,PT13879,GLU,Glucose,83,mg/dL,70,99,N,STAT,2025-01-04 07:58,2025-01-04 08:31,2025-01-04 09:17
LAB725639,ENC110839,PT13879,CREAT,Creatinine,1.25,mg/dL,0.6,1.3,N,STAT,2025-01-04 07:30,2025-01-04 07:42,2025-01-04 08:27
LAB725640,ENC110839,PT13879,WBC,White Blood Cell Count,8.6,K/uL,4.5,11,N,Routine,2025-01-04 08:11,2025-01-04 08:45,2025-01-04 14:20
LAB725641,ENC110839,PT13879,HGB,Hemoglobin,13.8,g/dL,12,17.5,N,Routine,2025-01-04 07:29,2025-01-04 08:02,2025-01-04 11:11
LAB725642,ENC110839,PT13879,NA,Sodium,136,mmol/L,136,145,N,Routine,2025-01-04 07:03,2025-01-04 07:35,2025-01-04 12:46
LAB725643,ENC110839,PT13879,K,Potassium,3.9,mmol/L,3.5,5.1,N,STAT,2025-01-04 07:53,2025-01-04 08:27,2025-01-04 09:05
LAB725644,ENC110839,PT13879,BUN,Blood Urea Nitrogen,21,mg/dL,7,20,H,Routine,2025-01-04 08:00,2025-01-04 08:20,2025-01-04 10:34
LAB725645,ENC110839,PT13879,PLT,Platelet Count,202,K/uL,150,400,N,STAT,2025-01-04 07:33,2025-01-04 07:55,2025-01-04 08:43
LAB725646,ENC110840,PT10615,GLU,Glucose,114,mg/dL,70,99,H,STAT,2025-01-04 07:51,2025-01-04 08:04,2025-01-04 08:47
LAB725647,ENC110840,PT10615,CREAT,Creatinine,0.47,mg/dL,0.6,1.3,L,Routine,2025-01-04 07:27,2025-01-04 07:59,2025-01-04 09:32
LAB725648,ENC110840,PT10615,WBC,White Blood Cell Count,11,K/uL,4.5,11,N,Routine,2025-01-04 08:28,2025-01-04 09:03,2025-01-04 10:43
LAB725649,ENC110840,PT10615,HGB,Hemoglobin,14.2,g/dL,12,17.5,N,STAT,2025-01-04 07:48,2025-01-04 08:20,2025-01-04 09:28
LAB725650,ENC110841,PT13985,GLU,Glucose,213,mg/dL,70,99,H,Routine,2025-01-04 10:05,2025-01-04 10:39,2025-01-04 13:24
LAB725651,ENC110841,PT13985,CREAT,Creatinine,1.19,mg/dL,0.6,1.3,N,STAT,2025-01-04 09:42,2025-01-04 09:47,2025-01-04 10:54
LAB725652,ENC110841,PT13985,WBC,White Blood Cell Count,7.5,K/uL,4.5,11,N,Routine,2025-01-04 10:21,2025-01-04 10:28,2025-01-04 12:47
LAB725653,ENC110844,PT11866,GLU,Glucose,101,mg/dL,70,99,H,STAT,2025-01-04 16:39,2025-01-04 16:52,2025-01-04 18:08
LAB725654,ENC110844,PT11866,CREAT,Creatinine,1.05,mg/dL,0.6,1.3,N,Routine,2025-01-04 17:02,2025-01-04 17:33,2025-01-04 19:33
LAB725655,ENC110844,PT11866,WBC,White Blood Cell Count,4.9,K/uL,4.5,11,N,STAT,2025-01-04 16:23,2025-01-04 16:40,2025-01-04 17:28
LAB725656,ENC110844,PT11866,HGB,Hemoglobin,12.5,g/dL,12,17.5,N,STAT,2025-01-04 16:55,2025-01-04 17:01,2025-01-04 18:18
LAB725657,ENC110844,PT11866,INR,Prothrombin Time INR,1,ratio,0.8,1.2,N,Routine,2025-01-04 16:37,2025-01-04 17:03,2025-01-04 18:51
LAB725658,ENC110845,PT13465,GLU,Glucose,124,mg/dL,70,99,H,Routine,2025-01-04 13:41,2025-01-04 13:57,2025-01-04 15:44
LAB725659,ENC110845,PT13465,CREAT,Creatinine,2.57,mg/dL,0.6,1.3,H,STAT,2025-01-04 13:28,2025-01-04 13:40,2025-01-04 14:51
LAB725660,ENC110845,PT13465,WBC,White Blood Cell Count,15.2,K/uL,4.5,11,H,Routine,2025-01-04 13:39,2025-01-04 14:12,2025-01-04 17:09
LAB725661,ENC110845,PT13465,HGB,Hemoglobin,12,g/dL,12,17.5,N,Routine,2025-01-04 13:40,2025-01-04 13:48,2025-01-04 16:35
LAB725662,ENC110846,PT10877,GLU,Glucose,87,mg/dL,70,99,N,STAT,2025-01-04 18:38,2025-01-04 18:49,2025-01-04 19:24
LAB725663,ENC110846,PT10877,CREAT,Creatinine,0.98,mg/dL,0.6,1.3,N,STAT,2025-01-04 19:37,2025-01-04 20:12,2025-01-04 20:49
LAB725664,ENC110846,PT10877,WBC,White Blood Cell Count,11.5,K/uL,4.5,11,H,Routine,2025-01-04 19:39,2025-01-04 20:11,2025-01-05 00:19
LAB725665,ENC110846,PT10877,HGB,Hemoglobin,12.2,g/dL,12,17.5,N,Routine,2025-01-04 19:20,2025-01-04 19:25,2025-01-04 20:44
LAB725666,ENC110847,PT13174,GLU,Glucose,226,mg/dL,70,99,H,STAT,2025-01-04 16:05,2025-01-04 16:26,2025-01-04 16:42
LAB725667,ENC110847,PT13174,CREAT,Creatinine,0.51,mg/dL,0.6,1.3,L,STAT,2025-01-04 15:52,2025-01-04 16:08,2025-01-04 16:51
LAB725668,ENC110847,PT13174,TROP,"Troponin I, High Sensitivity",13,ng/L,0,34,N,STAT,2025-01-04 16:21,2025-01-04 16:40,2025-01-04 17:27
LAB725669,ENC110848,PT12991,GLU,Glucose,205,mg/dL,70,99,H,Routine,2025-01-04 20:24,2025-01-04 20:57,2025-01-05 00:43
LAB725670,ENC110848,PT12991,CREAT,Creatinine,1.1,mg/dL,0.6,1.3,N,STAT,2025-01-04 20:04,2025-01-04 20:27,2025-01-04 20:55
LAB725671,ENC110848,PT12991,WBC,White Blood Cell Count,18.9,K/uL,4.5,11,H,STAT,2025-01-04 20:42,2025-01-04 21:15,2025-01-04 21:49
LAB725672,ENC110848,PT12991,HGB,Hemoglobin,14.8,g/dL,12,17.5,N,Routine,2025-01-04 20:19,2025-01-04 20:24,2025-01-04 23:51
LAB725673,ENC110848,PT12991,LACT,Lactate,2.5,mmol/L,0.5,2,H,STAT,2025-01-04 20:09,2025-01-04 20:14,2025-01-04 20:55
LAB725674,ENC110849,PT11023,GLU,Glucose,101,mg/dL,70,99,H,Routine,2025-01-04 21:27,2025-01-04 21:40,2025-01-04 22:53
LAB725675,ENC110849,PT11023,CREAT,Creatinine,0.78,mg/dL,0.6,1.3,N,Routine,2025-01-04 20:57,2025-01-04 21:25,2025-01-05 00:53
LAB725676,ENC110849,PT11023,WBC,White Blood Cell Count,8,K/uL,4.5,11,N,Routine,2025-01-04 21:06,2025-01-04 21:28,2025-01-04 23:05
LAB725677,ENC110849,PT11023,HGB,Hemoglobin,14.9,g/dL,12,17.5,N,Routine,2025-01-04 21:36,2025-01-04 21:42,2025-01-05 00:04
LAB725678,ENC110850,PT13346,GLU,Glucose,86,mg/dL,70,99,N,STAT,2025-01-04 18:53,2025-01-04 19:11,2025-01-04 19:46
LAB725679,ENC110850,PT13346,CREAT,Creatinine,0.76,mg/dL,0.6,1.3,N,Routine,2025-01-04 19:01,2025-01-04 19:35,2025-01-04 23:51
LAB725680,ENC110850,PT13346,WBC,White Blood Cell Count,7.6,K/uL,4.5,11,N,STAT,2025-01-04 18:52,2025-01-04 19:02,2025-01-04 19:34
LAB725681,ENC110850,PT13346,HGB,Hemoglobin,9.3,g/dL,12,17.5,L,Routine,2025-01-04 18:33,2025-01-04 18:57,2025-01-04 20:15
LAB725682,ENC110850,PT13346,LACT,Lactate,2.2,mmol/L,0.5,2,H,STAT,2025-01-04 19:20,2025-01-04 19:34,2025-01-04 20:51
LAB725683,ENC110850,PT13346,INR,Prothrombin Time INR,1.1,ratio,0.8,1.2,N,STAT,2025-01-04 18:34,2025-01-04 18:39,2025-01-04 19:22
LAB725684,ENC110851,PT11872,GLU,Glucose,110,mg/dL,70,99,H,Routine,2025-01-05 02:00,2025-01-05 02:14,2025-01-05 03:54
LAB725685,ENC110851,PT11872,CREAT,Creatinine,0.45,mg/dL,0.6,1.3,L,STAT,2025-01-05 00:52,2025-01-05 00:56,2025-01-05 01:35
LAB725686,ENC110851,PT11872,WBC,White Blood Cell Count,6.4,K/uL,4.5,11,N,Routine,2025-01-05 01:25,2025-01-05 01:57,2025-01-05 07:14
LAB725687,ENC110851,PT11872,HGB,Hemoglobin,12.7,g/dL,12,17.5,N,STAT,2025-01-05 01:04,2025-01-05 01:34,2025-01-05 02:08
LAB725688,ENC110852,PT12914,GLU,Glucose,67,mg/dL,70,99,L,STAT,2025-01-05 01:43,2025-01-05 02:17,2025-01-05 03:06
LAB725689,ENC110852,PT12914,CREAT,Creatinine,1.44,mg/dL,0.6,1.3,H,STAT,2025-01-05 01:06,2025-01-05 01:31,2025-01-05 02:11
LAB725690,ENC110852,PT12914,WBC,White Blood Cell Count,7.4,K/uL,4.5,11,N,STAT,2025-01-05 01:40,2025-01-05 01:55,2025-01-05 02:50
LAB725691,ENC110852,PT12914,HGB,Hemoglobin,12.4,g/dL,12,17.5,N,STAT,2025-01-05 01:10,2025-01-05 01:24,2025-01-05 02:28
LAB725692,ENC110852,PT12914,TROP,"Troponin I, High Sensitivity",42,ng/L,0,34,H,STAT,2025-01-05 01:24,2025-01-05 01:37,2025-01-05 03:19
LAB725693,ENC110852,PT12914,BNP,B-Type Natriuretic Peptide,519,pg/mL,0,100,H,STAT,2025-01-05 01:34,2025-01-05 01:48,2025-01-05 02:10
LAB725694,ENC110853,PT12533,GLU,Glucose,193,mg/dL,70,99,H,STAT,2025-01-05 01:49,2025-01-05 02:11,2025-01-05 02:58
LAB725695,ENC110853,PT12533,CREAT,Creatinine,1.11,mg/dL,0.6,1.3,N,STAT,2025-01-05 00:54,2025-01-05 01:10,2025-01-05 01:48
LAB725696,ENC110853,PT12533,WBC,White Blood Cell Count,5.2,K/uL,4.5,11,N,STAT,2025-01-05 00:48,2025-01-05 01:11,2025-01-05 01:49
LAB725697,ENC110853,PT12533,HGB,Hemoglobin,7.5,g/dL,12,17.5,L,Routine,2025-01-05 00:46,2025-01-05 01:07,2025-01-05 06:25
LAB725698,ENC110853,PT12533,INR,Prothrombin Time INR,1.2,ratio,0.8,1.2,N,STAT,2025-01-05 01:13,2025-01-05 01:48,2025-01-05 02:55
LAB725699,ENC110854,PT10279,GLU,Glucose,81,mg/dL,70,99,N,STAT,2025-01-05 02:12,2025-01-05 02:25,2025-01-05 03:12
LAB725700,ENC110854,PT10279,CREAT,Creatinine,0.54,mg/dL,0.6,1.3,L,STAT,2025-01-05 01:38,2025-01-05 02:09,2025-01-05 02:47
LAB725701,ENC110855,PT10011,GLU,Glucose,99,mg/dL,70,99,N,Routine,2025-01-05 08:21,2025-01-05 08:55,2025-01-05 12:16
LAB725702,ENC110855,PT10011,CREAT,Creatinine,2.41,mg/dL,0.6,1.3,H,Routine,2025-01-05 08:50,2025-01-05 09:08,2025-01-05 11:49
LAB725703,ENC110855,PT10011,WBC,White Blood Cell Count,6.5,K/uL,4.5,11,N,Routine,2025-01-05 09:03,2025-01-05 09:16,2025-01-05 11:42
LAB725704,ENC110855,PT10011,HGB,Hemoglobin,10.5,g/dL,12,17.5,L,Routine,2025-01-05 08:19,2025-01-05 08:41,2025-01-05 10:41
LAB725705,ENC110861,PT12933,GLU,Glucose,81,mg/dL,70,99,N,STAT,2025-01-05 12:16,2025-01-05 12:26,2025-01-05 12:53
LAB725706,ENC110861,PT12933,CREAT,Creatinine,1.75,mg/dL,0.6,1.3,H,Routine,2025-01-05 12:41,2025-01-05 13:09,2025-01-05 17:38
LAB725707,ENC110861,PT12933,WBC,White Blood Cell Count,5.5,K/uL,4.5,11,N,STAT,2025-01-05 12:16,2025-01-05 12:35,2025-01-05 13:27
LAB725708,ENC110861,PT12933,HGB,Hemoglobin,11.6,g/dL,12,17.5,L,Routine,2025-01-05 13:20,2025-01-05 13:52,2025-01-05 17:02
LAB725709,ENC110863,PT11889,GLU,Glucose,108,mg/dL,70,99,H,STAT,2025-01-05 17:14,2025-01-05 17:18,2025-01-05 17:55
LAB725710,ENC110863,PT11889,CREAT,Creatinine,0.9,mg/dL,0.6,1.3,N,STAT,2025-01-05 16:20,2025-01-05 16:42,2025-01-05 17:04
LAB725711,ENC110863,PT11889,WBC,White Blood Cell Count,5.9,K/uL,4.5,11,N,Routine,2025-01-05 16:50,2025-01-05 17:19,2025-01-05 19:18
LAB725712,ENC110863,PT11889,HGB,Hemoglobin,14.3,g/dL,12,17.5,N,STAT,2025-01-05 17:05,2025-01-05 17:16,2025-01-05 18:15
LAB725713,ENC110864,PT11155,GLU,Glucose,191,mg/dL,70,99,H,STAT,2025-01-05 13:46,2025-01-05 13:57,2025-01-05 14:36
LAB725714,ENC110864,PT11155,CREAT,Creatinine,0.94,mg/dL,0.6,1.3,N,Routine,2025-01-05 13:34,2025-01-05 13:57,2025-01-05 17:11
LAB725715,ENC110865,PT13499,GLU,Glucose,107,mg/dL,70,99,H,Routine,2025-01-05 18:24,2025-01-05 18:34,2025-01-05 23:44
LAB725716,ENC110865,PT13499,CREAT,Creatinine,0.99,mg/dL,0.6,1.3,N,STAT,2025-01-05 18:09,2025-01-05 18:27,2025-01-05 19:28
LAB725717,ENC110865,PT13499,WBC,White Blood Cell Count,6.8,K/uL,4.5,11,N,STAT,2025-01-05 17:53,2025-01-05 18:17,2025-01-05 19:14
LAB725718,ENC110865,PT13499,HGB,Hemoglobin,15.3,g/dL,12,17.5,N,Routine,2025-01-05 17:41,2025-01-05 17:50,2025-01-05 21:43
LAB725719,ENC110865,PT13499,NA,Sodium,138,mmol/L,136,145,N,STAT,2025-01-05 18:35,2025-01-05 19:07,2025-01-05 19:49
LAB725720,ENC110865,PT13499,K,Potassium,4.5,mmol/L,3.5,5.1,N,STAT,2025-01-05 17:43,2025-01-05 18:12,2025-01-05 19:15
LAB725721,ENC110865,PT13499,BUN,Blood Urea Nitrogen,15,mg/dL,7,20,N,Routine,2025-01-05 17:30,2025-01-05 17:55,2025-01-05 20:33
LAB725722,ENC110865,PT13499,PLT,Platelet Count,309,K/uL,150,400,N,STAT,2025-01-05 17:26,2025-01-05 17:45,2025-01-05 18:08
LAB725723,ENC110865,PT13499,TROP,"Troponin I, High Sensitivity",45,ng/L,0,34,H,STAT,2025-01-05 17:56,2025-01-05 18:24,2025-01-05 18:57
LAB725724,ENC110865,PT13499,BNP,B-Type Natriuretic Peptide,698,pg/mL,0,100,H,STAT,2025-01-05 18:28,2025-01-05 19:02,2025-01-05 19:53
LAB725725,ENC110866,PT13715,GLU,Glucose,179,mg/dL,70,99,H,STAT,2025-01-05 17:34,2025-01-05 17:59,2025-01-05 18:58
LAB725726,ENC110866,PT13715,CREAT,Creatinine,2.5,mg/dL,0.6,1.3,H,STAT,2025-01-05 18:17,2025-01-05 18:24,2025-01-05 19:15
LAB725727,ENC110866,PT13715,WBC,White Blood Cell Count,6.5,K/uL,4.5,11,N,Routine,2025-01-05 17:43,2025-01-05 17:47,2025-01-06 05:26
LAB725728,ENC110866,PT13715,HGB,Hemoglobin,10.1,g/dL,12,17.5,L,STAT,2025-01-05 17:38,2025-01-05 18:04,2025-01-05 18:48
LAB725729,ENC110870,PT11185,GLU,Glucose,117,mg/dL,70,99,H,STAT,2025-01-05 17:41,2025-01-05 18:02,2025-01-05 18:45
LAB725730,ENC110870,PT11185,CREAT,Creatinine,0.33,mg/dL,0.6,1.3,L,STAT,2025-01-05 17:28,2025-01-05 17:36,2025-01-05 18:16
LAB725731,ENC110871,PT13276,GLU,Glucose,90,mg/dL,70,99,N,STAT,2025-01-05 18:20,2025-01-05 18:36,2025-01-05 19:18
LAB725732,ENC110871,PT13276,CREAT,Creatinine,0.38,mg/dL,0.6,1.3,L,Routine,2025-01-05 18:13,2025-01-05 18:24,2025-01-05 22:36
LAB725733,ENC110871,PT13276,WBC,White Blood Cell Count,6.4,K/uL,4.5,11,N,STAT,2025-01-05 18:34,2025-01-05 18:55,2025-01-05 19:42
LAB725734,ENC110872,PT11001,GLU,Glucose,98,mg/dL,70,99,N,Routine,2025-01-05 19:45,2025-01-05 20:20,2025-01-05 21:29
LAB725735,ENC110872,PT11001,CREAT,Creatinine,0.91,mg/dL,0.6,1.3,N,STAT,2025-01-05 19:46,2025-01-05 19:57,2025-01-05 20:52
LAB725736,ENC110872,PT11001,WBC,White Blood Cell Count,5,K/uL,4.5,11,N,STAT,2025-01-05 20:36,2025-01-05 20:55,2025-01-05 21:41
LAB725737,ENC110873,PT10377,GLU,Glucose,111,mg/dL,70,99,H,Routine,2025-01-05 20:25,2025-01-05 20:56,2025-01-06 05:25
LAB725738,ENC110873,PT10377,CREAT,Creatinine,1.05,mg/dL,0.6,1.3,N,Routine,2025-01-05 20:50,2025-01-05 21:20,2025-01-06 00:11
LAB725739,ENC110873,PT10377,WBC,White Blood Cell Count,6.5,K/uL,4.5,11,N,STAT,2025-01-05 21:19,2025-01-05 21:31,2025-01-05 22:14
LAB725740,ENC110873,PT10377,HGB,Hemoglobin,11.9,g/dL,12,17.5,L,Routine,2025-01-05 21:10,2025-01-05 21:30,2025-01-06 00:04
LAB725741,ENC110874,PT11204,GLU,Glucose,102,mg/dL,70,99,H,STAT,2025-01-06 02:04,2025-01-06 02:27,2025-01-06 03:52
LAB725742,ENC110874,PT11204,CREAT,Creatinine,0.98,mg/dL,0.6,1.3,N,STAT,2025-01-06 02:19,2025-01-06 02:44,2025-01-06 03:11
LAB725743,ENC110874,PT11204,WBC,White Blood Cell Count,7.4,K/uL,4.5,11,N,STAT,2025-01-06 01:48,2025-01-06 02:10,2025-01-06 03:24
LAB725744,ENC110874,PT11204,HGB,Hemoglobin,9.2,g/dL,12,17.5,L,STAT,2025-01-06 01:31,2025-01-06 02:02,2025-01-06 02:59
LAB725745,ENC110874,PT11204,NA,Sodium,141,mmol/L,136,145,N,Routine,2025-01-06 02:14,2025-01-06 02:22,2025-01-06 05:10
LAB725746,ENC110874,PT11204,K,Potassium,4.6,mmol/L,3.5,5.1,N,STAT,2025-01-06 02:24,2025-01-06 02:54,2025-01-06 03:57
LAB725747,ENC110876,PT12963,GLU,Glucose,102,mg/dL,70,99,H,Routine,2025-01-06 00:39,2025-01-06 01:14,2025-01-06 04:21
LAB725748,ENC110876,PT12963,CREAT,Creatinine,0.94,mg/dL,0.6,1.3,N,STAT,2025-01-06 00:39,2025-01-06 00:58,2025-01-06 02:24
LAB725749,ENC110876,PT12963,WBC,White Blood Cell Count,7.6,K/uL,4.5,11,N,STAT,2025-01-06 00:39,2025-01-06 00:58,2025-01-06 02:01
LAB725750,ENC110876,PT12963,HGB,Hemoglobin,12.7,g/dL,12,17.5,N,Routine,2025-01-06 00:22,2025-01-06 00:35,2025-01-06 01:54
LAB725751,ENC110876,PT12963,BUN,Blood Urea Nitrogen,14,mg/dL,7,20,N,STAT,2025-01-06 01:02,2025-01-06 01:33,2025-01-06 02:25
LAB725752,ENC110876,PT12963,PLT,Platelet Count,283,K/uL,150,400,N,Routine,2025-01-06 00:28,2025-01-06 01:02,2025-01-06 02:29
LAB725753,ENC110876,PT12963,INR,Prothrombin Time INR,1,ratio,0.8,1.2,N,Routine,2025-01-06 00:23,2025-01-06 00:37,2025-01-06 01:49
LAB725754,ENC110877,PT11948,GLU,Glucose,222,mg/dL,70,99,H,STAT,2025-01-06 02:36,2025-01-06 02:41,2025-01-06 03:24
LAB725755,ENC110877,PT11948,CREAT,Creatinine,1,mg/dL,0.6,1.3,N,STAT,2025-01-06 02:56,2025-01-06 03:22,2025-01-06 03:57
LAB725756,ENC110877,PT11948,WBC,White Blood Cell Count,9,K/uL,4.5,11,N,Routine,2025-01-06 02:49,2025-01-06 03:20,2025-01-06 08:34
LAB725757,ENC110877,PT11948,HGB,Hemoglobin,16.8,g/dL,12,17.5,N,STAT,2025-01-06 02:45,2025-01-06 03:02,2025-01-06 04:09
LAB725758,ENC110878,PT12402,GLU,Glucose,87,mg/dL,70,99,N,STAT,2025-01-06 08:45,2025-01-06 09:19,2025-01-06 10:08
LAB725759,ENC110878,PT12402,CREAT,Creatinine,1.07,mg/dL,0.6,1.3,N,STAT,2025-01-06 09:28,2025-01-06 10:02,2025-01-06 10:37
LAB725760,ENC110878,PT12402,WBC,White Blood Cell Count,4.9,K/uL,4.5,11,N,Routine,2025-01-06 09:15,2025-01-06 09:25,2025-01-06 11:24
LAB725761,ENC110878,PT12402,HGB,Hemoglobin,11.8,g/dL,12,17.5,L,Routine,2025-01-06 09:33,2025-01-06 09:55,2025-01-06 12:40
LAB725762,ENC110879,PT12514,GLU,Glucose,97,mg/dL,70,99,N,Routine,2025-01-06 06:02,2025-01-06 06:22,2025-01-06 11:43
LAB725763,ENC110879,PT12514,CREAT,Creatinine,0.41,mg/dL,0.6,1.3,L,STAT,2025-01-06 05:28,2025-01-06 05:42,2025-01-06 06:17
LAB725764,ENC110879,PT12514,WBC,White Blood Cell Count,6.7,K/uL,4.5,11,N,STAT,2025-01-06 06:14,2025-01-06 06:34,2025-01-06 07:21
LAB725765,ENC110879,PT12514,HGB,Hemoglobin,11.4,g/dL,12,17.5,L,STAT,2025-01-06 06:18,2025-01-06 06:49,2025-01-06 07:34
LAB725766,ENC110881,PT13429,GLU,Glucose,172,mg/dL,70,99,H,Routine,2025-01-06 08:11,2025-01-06 08:37,2025-01-06 10:20
LAB725767,ENC110881,PT13429,CREAT,Creatinine,0.64,mg/dL,0.6,1.3,N,STAT,2025-01-06 08:07,2025-01-06 08:32,2025-01-06 09:08
LAB725768,ENC110881,PT13429,WBC,White Blood Cell Count,8.2,K/uL,4.5,11,N,STAT,2025-01-06 08:20,2025-01-06 08:26,2025-01-06 08:40
LAB725769,ENC110881,PT13429,HGB,Hemoglobin,11.9,g/dL,12,17.5,L,Routine,2025-01-06 08:13,2025-01-06 08:32,2025-01-06 12:24
LAB725770,ENC110882,PT13910,GLU,Glucose,102,mg/dL,70,99,H,Routine,2025-01-06 10:29,2025-01-06 10:35,2025-01-06 13:06
LAB725771,ENC110882,PT13910,CREAT,Creatinine,0.85,mg/dL,0.6,1.3,N,Routine,2025-01-06 10:32,2025-01-06 10:40,2025-01-06 12:21
LAB725772,ENC110882,PT13910,WBC,White Blood Cell Count,7.8,K/uL,4.5,11,N,STAT,2025-01-06 10:48,2025-01-06 11:22,2025-01-06 13:28
LAB725773,ENC110882,PT13910,HGB,Hemoglobin,14.1,g/dL,12,17.5,N,STAT,2025-01-06 10:22,2025-01-06 10:34,2025-01-06 11:00
LAB725774,ENC110882,PT13910,TROP,"Troponin I, High Sensitivity",359,ng/L,0,34,H,STAT,2025-01-06 10:09,2025-01-06 10:19,2025-01-06 11:05
LAB725775,ENC110883,PT12895,GLU,Glucose,172,mg/dL,70,99,H,STAT,2025-01-06 11:26,2025-01-06 11:51,2025-01-06 12:29
LAB725776,ENC110883,PT12895,CREAT,Creatinine,1.72,mg/dL,0.6,1.3,H,STAT,2025-01-06 11:14,2025-01-06 11:29,2025-01-06 12:07
LAB725777,ENC110883,PT12895,WBC,White Blood Cell Count,17.3,K/uL,4.5,11,H,STAT,2025-01-06 11:14,2025-01-06 11:32,2025-01-06 13:09
LAB725778,ENC110883,PT12895,HGB,Hemoglobin,13.8,g/dL,12,17.5,N,STAT,2025-01-06 11:16,2025-01-06 11:22,2025-01-06 12:16
LAB725779,ENC110883,PT12895,NA,Sodium,139,mmol/L,136,145,N,Routine,2025-01-06 11:25,2025-01-06 11:30,2025-01-06 14:44
LAB725780,ENC110883,PT12895,K,Potassium,4.5,mmol/L,3.5,5.1,N,STAT,2025-01-06 11:20,2025-01-06 11:36,2025-01-06 12:01
LAB725781,ENC110883,PT12895,LACT,Lactate,2.8,mmol/L,0.5,2,H,STAT,2025-01-06 10:50,2025-01-06 11:04,2025-01-06 12:05
LAB725782,ENC110886,PT11800,WBC,White Blood Cell Count,7.3,K/uL,4.5,11,N,Routine,2025-01-06 09:35,2025-01-06 09:59,2025-01-06 13:42
LAB725783,ENC110886,PT11800,HGB,Hemoglobin,14.5,g/dL,12,17.5,N,Routine,2025-01-06 09:34,2025-01-06 09:44,2025-01-06 11:15
LAB725784,ENC110886,PT11800,PLT,Platelet Count,304,K/uL,150,400,N,Routine,2025-01-06 09:23,2025-01-06 09:46,2025-01-06 11:33
LAB725785,ENC110887,PT13959,LDL,LDL Cholesterol,179,mg/dL,0,99,H,Routine,2025-01-06 10:12,2025-01-06 10:44,2025-01-07 05:05
LAB725786,ENC110888,PT13708,WBC,White Blood Cell Count,6.3,K/uL,4.5,11,N,Routine,2025-01-06 10:14,2025-01-06 10:38,2025-01-06 14:54
LAB725787,ENC110888,PT13708,HGB,Hemoglobin,12.3,g/dL,12,17.5,N,Routine,2025-01-06 09:54,2025-01-06 10:15,2025-01-06 15:32
LAB725788,ENC110888,PT13708,PLT,Platelet Count,337,K/uL,150,400,N,Routine,2025-01-06 10:06,2025-01-06 10:27,2025-01-06 13:40
LAB725789,ENC110889,PT13250,GLU,Glucose,119,mg/dL,70,99,H,STAT,2025-01-06 13:55,2025-01-06 14:01,2025-01-06 15:04
LAB725790,ENC110889,PT13250,CREAT,Creatinine,1.01,mg/dL,0.6,1.3,N,STAT,2025-01-06 14:34,2025-01-06 14:56,2025-01-06 15:35
LAB725791,ENC110889,PT13250,WBC,White Blood Cell Count,8.9,K/uL,4.5,11,N,STAT,2025-01-06 14:48,2025-01-06 14:54,2025-01-06 15:44
LAB725792,ENC110889,PT13250,HGB,Hemoglobin,13.4,g/dL,12,17.5,N,STAT,2025-01-06 14:43,2025-01-06 15:06,2025-01-06 15:45
LAB725793,ENC110889,PT13250,NA,Sodium,144,mmol/L,136,145,N,Routine,2025-01-06 14:43,2025-01-06 15:15,2025-01-06 18:12
LAB725794,ENC110889,PT13250,K,Potassium,4.1,mmol/L,3.5,5.1,N,STAT,2025-01-06 14:29,2025-01-06 14:39,2025-01-06 15:17
LAB725795,ENC110889,PT13250,INR,Prothrombin Time INR,1.1,ratio,0.8,1.2,N,STAT,2025-01-06 14:37,2025-01-06 14:53,2025-01-06 15:31
LAB725796,ENC110891,PT11812,GLU,Glucose,111,mg/dL,70,99,H,Routine,2025-01-06 12:56,2025-01-06 13:28,2025-01-06 16:19
LAB725797,ENC110891,PT11812,CREAT,Creatinine,1.02,mg/dL,0.6,1.3,N,STAT,2025-01-06 13:58,2025-01-06 14:17,2025-01-06 14:57
LAB725798,ENC110891,PT11812,WBC,White Blood Cell Count,9.4,K/uL,4.5,11,N,STAT,2025-01-06 13:58,2025-01-06 14:09,2025-01-06 15:25
LAB725799,ENC110891,PT11812,HGB,Hemoglobin,12.3,g/dL,12,17.5,N,Routine,2025-01-06 13:23,2025-01-06 13:32,2025-01-06 19:21
LAB725800,ENC110892,PT12865,GLU,Glucose,141,mg/dL,70,99,H,Routine,2025-01-06 13:13,2025-01-06 13:22,2025-01-06 17:13
LAB725801,ENC110892,PT12865,CREAT,Creatinine,1.21,mg/dL,0.6,1.3,N,STAT,2025-01-06 12:53,2025-01-06 13:06,2025-01-06 13:41
LAB725802,ENC110892,PT12865,WBC,White Blood Cell Count,8.6,K/uL,4.5,11,N,STAT,2025-01-06 12:56,2025-01-06 13:23,2025-01-06 14:14
LAB725803,ENC110892,PT12865,HGB,Hemoglobin,13.6,g/dL,12,17.5,N,Routine,2025-01-06 13:36,2025-01-06 13:41,2025-01-06 19:30
LAB725804,ENC110892,PT12865,NA,Sodium,136,mmol/L,136,145,N,STAT,2025-01-06 12:53,2025-01-06 13:20,2025-01-06 14:01
LAB725805,ENC110892,PT12865,K,Potassium,4.1,mmol/L,3.5,5.1,N,STAT,2025-01-06 13:42,2025-01-06 13:49,2025-01-06 14:10
LAB725806,ENC110893,PT10085,LDL,LDL Cholesterol,147,mg/dL,0,99,H,Routine,2025-01-06 11:13,2025-01-06 11:47,2025-01-06 19:31
LAB725807,ENC110893,PT10085,TSH,Thyroid Stimulating Hormone,3.03,mIU/L,0.4,4,N,Routine,2025-01-06 10:52,2025-01-06 11:16,2025-01-07 06:29
LAB725808,ENC110894,PT10370,GLU,Glucose,95,mg/dL,70,99,N,Routine,2025-01-06 13:24,2025-01-06 13:35,2025-01-06 16:34
LAB725809,ENC110894,PT10370,CREAT,Creatinine,0.78,mg/dL,0.6,1.3,N,STAT,2025-01-06 13:51,2025-01-06 14:01,2025-01-06 14:51
LAB725810,ENC110894,PT10370,WBC,White Blood Cell Count,9.6,K/uL,4.5,11,N,Routine,2025-01-06 13:20,2025-01-06 13:54,2025-01-06 17:23
LAB725811,ENC110894,PT10370,HGB,Hemoglobin,12.2,g/dL,12,17.5,N,STAT,2025-01-06 12:52,2025-01-06 12:57,2025-01-06 13:20
LAB725812,ENC110898,PT13721,WBC,White Blood Cell Count,8.9,K/uL,4.5,11,N,Routine,2025-01-06 14:29,2025-01-06 14:38,2025-01-06 18:18
LAB725813,ENC110898,PT13721,HGB,Hemoglobin,15.1,g/dL,12,17.5,N,Routine,2025-01-06 14:24,2025-01-06 14:34,2025-01-06 17:25
LAB725814,ENC110898,PT13721,PLT,Platelet Count,313,K/uL,150,400,N,Routine,2025-01-06 14:20,2025-01-06 14:25,2025-01-06 16:32
LAB725815,ENC110900,PT10264,GLU,Glucose,106,mg/dL,70,99,H,Routine,2025-01-06 15:05,2025-01-06 15:34,2025-01-06 17:25
LAB725816,ENC110900,PT10264,CREAT,Creatinine,1.03,mg/dL,0.6,1.3,N,Routine,2025-01-06 15:28,2025-01-06 15:52,2025-01-06 17:37
LAB725817,ENC110900,PT10264,WBC,White Blood Cell Count,8.4,K/uL,4.5,11,N,Routine,2025-01-06 15:10,2025-01-06 15:22,2025-01-06 18:28
LAB725818,ENC110900,PT10264,HGB,Hemoglobin,14.3,g/dL,12,17.5,N,STAT,2025-01-06 14:56,2025-01-06 15:06,2025-01-06 16:59
LAB725819,ENC110902,PT11830,GLU,Glucose,99,mg/dL,70,99,N,STAT,2025-01-06 20:26,2025-01-06 20:49,2025-01-06 21:42
LAB725820,ENC110902,PT11830,CREAT,Creatinine,1.09,mg/dL,0.6,1.3,N,STAT,2025-01-06 19:42,2025-01-06 20:04,2025-01-06 20:54
LAB725821,ENC110902,PT11830,WBC,White Blood Cell Count,15.3,K/uL,4.5,11,H,Routine,2025-01-06 20:17,2025-01-06 20:32,2025-01-06 22:20
LAB725822,ENC110902,PT11830,HGB,Hemoglobin,15.9,g/dL,12,17.5,N,STAT,2025-01-06 20:30,2025-01-06 20:54,2025-01-06 21:32
LAB725823,ENC110904,PT11923,GLU,Glucose,130,mg/dL,70,99,H,Routine,2025-01-06 19:57,2025-01-06 20:28,2025-01-07 00:51
LAB725824,ENC110904,PT11923,CREAT,Creatinine,0.64,mg/dL,0.6,1.3,N,STAT,2025-01-06 19:06,2025-01-06 19:36,2025-01-06 20:11
LAB725825,ENC110904,PT11923,WBC,White Blood Cell Count,5.7,K/uL,4.5,11,N,STAT,2025-01-06 19:34,2025-01-06 19:39,2025-01-06 20:27
LAB725826,ENC110904,PT11923,HGB,Hemoglobin,15.8,g/dL,12,17.5,N,Routine,2025-01-06 19:25,2025-01-06 19:51,2025-01-06 21:45
LAB725827,ENC110904,PT11923,TROP,"Troponin I, High Sensitivity",68,ng/L,0,34,H,STAT,2025-01-06 19:24,2025-01-06 19:29,2025-01-06 20:18
LAB725828,ENC110904,PT11923,BNP,B-Type Natriuretic Peptide,476,pg/mL,0,100,H,STAT,2025-01-06 19:31,2025-01-06 20:01,2025-01-06 20:35
LAB725829,ENC110906,PT13344,A1C,Hemoglobin A1c,7,%,4,5.6,H,Routine,2025-01-06 15:24,2025-01-06 15:55,2025-01-07 05:51
LAB725830,ENC110908,PT12333,LDL,LDL Cholesterol,198,mg/dL,0,99,H,Routine,2025-01-06 15:33,2025-01-06 15:46,2025-01-07 03:52
LAB725831,ENC110909,PT11502,GLU,Glucose,114,mg/dL,70,99,H,STAT,2025-01-06 16:28,2025-01-06 16:45,2025-01-06 17:09
LAB725832,ENC110909,PT11502,CREAT,Creatinine,0.88,mg/dL,0.6,1.3,N,STAT,2025-01-06 15:49,2025-01-06 16:04,2025-01-06 17:41
LAB725833,ENC110909,PT11502,WBC,White Blood Cell Count,9.5,K/uL,4.5,11,N,STAT,2025-01-06 16:05,2025-01-06 16:09,2025-01-06 16:24
LAB725834,ENC110909,PT11502,HGB,Hemoglobin,12.3,g/dL,12,17.5,N,Routine,2025-01-06 16:17,2025-01-06 16:45,2025-01-06 19:04
LAB725835,ENC110911,PT13762,GLU,Glucose,98,mg/dL,70,99,N,Routine,2025-01-06 17:24,2025-01-06 17:42,2025-01-06 19:57
LAB725836,ENC110911,PT13762,CREAT,Creatinine,0.9,mg/dL,0.6,1.3,N,Routine,2025-01-06 17:17,2025-01-06 17:23,2025-01-06 22:21
LAB725837,ENC110911,PT13762,WBC,White Blood Cell Count,6.9,K/uL,4.5,11,N,STAT,2025-01-06 16:26,2025-01-06 16:36,2025-01-06 17:25
LAB725838,ENC110911,PT13762,HGB,Hemoglobin,13.9,g/dL,12,17.5,N,STAT,2025-01-06 16:50,2025-01-06 16:54,2025-01-06 17:46
LAB725839,ENC110911,PT13762,TROP,"Troponin I, High Sensitivity",8,ng/L,0,34,N,STAT,2025-01-06 16:32,2025-01-06 16:43,2025-01-06 17:05
LAB725840,ENC110912,PT12444,TROP,"Troponin I, High Sensitivity",11,ng/L,0,34,N,STAT,2025-01-06 17:18,2025-01-06 17:31,2025-01-06 18:10
LAB725841,ENC110914,PT12901,GLU,Glucose,80,mg/dL,70,99,N,Routine,2025-01-06 16:31,2025-01-06 16:41,2025-01-06 20:20
LAB725842,ENC110914,PT12901,CREAT,Creatinine,0.75,mg/dL,0.6,1.3,N,STAT,2025-01-06 17:18,2025-01-06 17:40,2025-01-06 18:16
LAB725843,ENC110914,PT12901,WBC,White Blood Cell Count,11.8,K/uL,4.5,11,H,STAT,2025-01-06 16:39,2025-01-06 17:10,2025-01-06 17:35
LAB725844,ENC110919,PT13372,GLU,Glucose,96,mg/dL,70,99,N,STAT,2025-01-06 20:50,2025-01-06 21:14,2025-01-06 21:53
LAB725845,ENC110919,PT13372,CREAT,Creatinine,1.19,mg/dL,0.6,1.3,N,STAT,2025-01-06 20:09,2025-01-06 20:43,2025-01-06 21:25
LAB725846,ENC110919,PT13372,WBC,White Blood Cell Count,8.7,K/uL,4.5,11,N,STAT,2025-01-06 19:50,2025-01-06 20:10,2025-01-06 21:16
LAB725847,ENC110919,PT13372,HGB,Hemoglobin,14,g/dL,12,17.5,N,STAT,2025-01-06 20:11,2025-01-06 20:41,2025-01-06 21:37
LAB725848,ENC110919,PT13372,TROP,"Troponin I, High Sensitivity",59,ng/L,0,34,H,STAT,2025-01-06 20:55,2025-01-06 20:59,2025-01-06 21:53
LAB725849,ENC110919,PT13372,BNP,B-Type Natriuretic Peptide,251,pg/mL,0,100,H,STAT,2025-01-06 20:12,2025-01-06 20:43,2025-01-06 21:25
LAB725850,ENC110920,PT12633,GLU,Glucose,109,mg/dL,70,99,H,Routine,2025-01-06 21:52,2025-01-06 22:05,2025-01-07 02:02
LAB725851,ENC110920,PT12633,CREAT,Creatinine,0.95,mg/dL,0.6,1.3,N,STAT,2025-01-06 21:11,2025-01-06 21:21,2025-01-06 23:40
LAB725852,ENC110920,PT12633,WBC,White Blood Cell Count,7.4,K/uL,4.5,11,N,STAT,2025-01-06 22:14,2025-01-06 22:26,2025-01-06 23:15
LAB725853,ENC110920,PT12633,HGB,Hemoglobin,14.6,g/dL,12,17.5,N,STAT,2025-01-06 21:54,2025-01-06 22:17,2025-01-06 22:38
LAB725854,ENC110920,PT12633,NA,Sodium,139,mmol/L,136,145,N,STAT,2025-01-06 21:20,2025-01-06 21:46,2025-01-06 22:33
LAB725855,ENC110920,PT12633,K,Potassium,3.4,mmol/L,3.5,5.1,L,STAT,2025-01-06 22:03,2025-01-06 22:32,2025-01-06 23:38
LAB725856,ENC110921,PT11163,GLU,Glucose,80,mg/dL,70,99,N,STAT,2025-01-06 18:07,2025-01-06 18:21,2025-01-06 19:13
LAB725857,ENC110921,PT11163,CREAT,Creatinine,0.85,mg/dL,0.6,1.3,N,Routine,2025-01-06 18:10,2025-01-06 18:34,2025-01-06 20:22
LAB725858,ENC110921,PT11163,WBC,White Blood Cell Count,8,K/uL,4.5,11,N,Routine,2025-01-06 18:53,2025-01-06 19:13,2025-01-06 23:28
LAB725859,ENC110922,PT10855,GLU,Glucose,111,mg/dL,70,99,H,STAT,2025-01-06 20:48,2025-01-06 20:57,2025-01-06 21:50
LAB725860,ENC110922,PT10855,CREAT,Creatinine,0.84,mg/dL,0.6,1.3,N,Routine,2025-01-06 20:12,2025-01-06 20:35,2025-01-06 23:53
LAB725861,ENC110922,PT10855,WBC,White Blood Cell Count,7.9,K/uL,4.5,11,N,Routine,2025-01-06 21:17,2025-01-06 21:30,2025-01-07 00:12
LAB725862,ENC110922,PT10855,HGB,Hemoglobin,13.3,g/dL,12,17.5,N,Routine,2025-01-06 21:13,2025-01-06 21:32,2025-01-07 01:22
LAB725863,ENC110923,PT10225,GLU,Glucose,101,mg/dL,70,99,H,Routine,2025-01-06 20:13,2025-01-06 20:27,2025-01-06 23:00
LAB725864,ENC110923,PT10225,CREAT,Creatinine,1.53,mg/dL,0.6,1.3,H,STAT,2025-01-06 20:19,2025-01-06 20:41,2025-01-06 21:30
LAB725865,ENC110923,PT10225,WBC,White Blood Cell Count,8.6,K/uL,4.5,11,N,STAT,2025-01-06 20:38,2025-01-06 21:00,2025-01-06 21:58
LAB725866,ENC110923,PT10225,HGB,Hemoglobin,11.2,g/dL,12,17.5,L,STAT,2025-01-06 20:46,2025-01-06 21:20,2025-01-06 21:49
LAB725867,ENC110924,PT11972,GLU,Glucose,106,mg/dL,70,99,H,STAT,2025-01-07 01:12,2025-01-07 01:16,2025-01-07 02:12
LAB725868,ENC110924,PT11972,CREAT,Creatinine,0.81,mg/dL,0.6,1.3,N,STAT,2025-01-07 00:32,2025-01-07 00:36,2025-01-07 01:25
LAB725869,ENC110924,PT11972,WBC,White Blood Cell Count,14.2,K/uL,4.5,11,H,STAT,2025-01-07 00:17,2025-01-07 00:50,2025-01-07 01:30
LAB725870,ENC110924,PT11972,HGB,Hemoglobin,14.9,g/dL,12,17.5,N,Routine,2025-01-07 00:26,2025-01-07 00:40,2025-01-07 04:17
LAB725871,ENC110925,PT11917,GLU,Glucose,84,mg/dL,70,99,N,Routine,2025-01-06 21:16,2025-01-06 21:38,2025-01-06 22:59
LAB725872,ENC110925,PT11917,CREAT,Creatinine,1.32,mg/dL,0.6,1.3,H,Routine,2025-01-06 21:18,2025-01-06 21:40,2025-01-06 23:12
LAB725873,ENC110925,PT11917,WBC,White Blood Cell Count,9.2,K/uL,4.5,11,N,STAT,2025-01-06 21:49,2025-01-06 22:13,2025-01-06 23:27
LAB725874,ENC110925,PT11917,HGB,Hemoglobin,13.9,g/dL,12,17.5,N,STAT,2025-01-06 21:59,2025-01-06 22:10,2025-01-06 22:46
LAB725875,ENC110926,PT13088,GLU,Glucose,86,mg/dL,70,99,N,Routine,2025-01-07 07:00,2025-01-07 07:25,2025-01-07 08:10
LAB725876,ENC110926,PT13088,CREAT,Creatinine,1.03,mg/dL,0.6,1.3,N,STAT,2025-01-07 06:17,2025-01-07 06:37,2025-01-07 07:09
LAB725877,ENC110926,PT13088,WBC,White Blood Cell Count,7.3,K/uL,4.5,11,N,Routine,2025-01-07 07:06,2025-01-07 07:33,2025-01-07 08:42
LAB725878,ENC110926,PT13088,HGB,Hemoglobin,13.6,g/dL,12,17.5,N,Routine,2025-01-07 06:59,2025-01-07 07:12,2025-01-07 08:40
LAB725879,ENC110927,PT12927,GLU,Glucose,134,mg/dL,70,99,H,STAT,2025-01-07 11:04,2025-01-07 11:37,2025-01-07 12:03
LAB725880,ENC110927,PT12927,CREAT,Creatinine,0.94,mg/dL,0.6,1.3,N,STAT,2025-01-07 10:38,2025-01-07 10:46,2025-01-07 11:46
LAB725881,ENC110927,PT12927,WBC,White Blood Cell Count,7.9,K/uL,4.5,11,N,STAT,2025-01-07 10:59,2025-01-07 11:12,2025-01-07 12:06
LAB725882,ENC110927,PT12927,HGB,Hemoglobin,12.2,g/dL,12,17.5,N,STAT,2025-01-07 11:23,2025-01-07 11:33,2025-01-07 12:05
LAB725883,ENC110927,PT12927,TROP,"Troponin I, High Sensitivity",1331,ng/L,0,34,H,STAT,2025-01-07 11:03,2025-01-07 11:23,2025-01-07 11:43
LAB725884,ENC110928,PT11816,A1C,Hemoglobin A1c,13.1,%,4,5.6,H,Routine,2025-01-07 08:33,2025-01-07 09:01,2025-01-08 01:36
LAB725885,ENC110929,PT13413,WBC,White Blood Cell Count,6.6,K/uL,4.5,11,N,Routine,2025-01-07 08:52,2025-01-07 09:26,2025-01-07 11:20
LAB725886,ENC110929,PT13413,HGB,Hemoglobin,10,g/dL,12,17.5,L,Routine,2025-01-07 09:05,2025-01-07 09:39,2025-01-07 14:25
LAB725887,ENC110929,PT13413,PLT,Platelet Count,287,K/uL,150,400,N,Routine,2025-01-07 09:00,2025-01-07 09:20,2025-01-07 11:33
LAB725888,ENC110930,PT13132,A1C,Hemoglobin A1c,9.6,%,4,5.6,H,Routine,2025-01-07 09:42,2025-01-07 09:53,2025-01-08 08:25
LAB725889,ENC110934,PT12854,WBC,White Blood Cell Count,7,K/uL,4.5,11,N,Routine,2025-01-07 10:34,2025-01-07 11:06,2025-01-07 21:32
LAB725890,ENC110934,PT12854,HGB,Hemoglobin,14.8,g/dL,12,17.5,N,Routine,2025-01-07 10:36,2025-01-07 11:09,2025-01-07 15:06
LAB725891,ENC110934,PT12854,PLT,Platelet Count,226,K/uL,150,400,N,Routine,2025-01-07 10:28,2025-01-07 10:47,2025-01-07 12:49
LAB725892,ENC110935,PT13237,LDL,LDL Cholesterol,134,mg/dL,0,99,H,Routine,2025-01-07 10:42,2025-01-07 10:52,2025-01-07 18:10
LAB725893,ENC110936,PT13681,GLU,Glucose,106,mg/dL,70,99,H,STAT,2025-01-07 12:12,2025-01-07 12:17,2025-01-07 13:49
LAB725894,ENC110936,PT13681,CREAT,Creatinine,1.04,mg/dL,0.6,1.3,N,STAT,2025-01-07 11:40,2025-01-07 12:12,2025-01-07 12:58
LAB725895,ENC110936,PT13681,WBC,White Blood Cell Count,10.3,K/uL,4.5,11,N,STAT,2025-01-07 11:04,2025-01-07 11:33,2025-01-07 12:33
LAB725896,ENC110936,PT13681,HGB,Hemoglobin,12.2,g/dL,12,17.5,N,STAT,2025-01-07 11:34,2025-01-07 11:39,2025-01-07 12:25
LAB725897,ENC110937,PT12542,GLU,Glucose,117,mg/dL,70,99,H,STAT,2025-01-07 11:45,2025-01-07 11:54,2025-01-07 12:45
LAB725898,ENC110937,PT12542,CREAT,Creatinine,0.87,mg/dL,0.6,1.3,N,Routine,2025-01-07 12:12,2025-01-07 12:32,2025-01-07 13:52
LAB725899,ENC110937,PT12542,WBC,White Blood Cell Count,17,K/uL,4.5,11,H,Routine,2025-01-07 11:10,2025-01-07 11:20,2025-01-07 15:19
LAB725900,ENC110938,PT12951,GLU,Glucose,95,mg/dL,70,99,N,STAT,2025-01-07 12:03,2025-01-07 12:14,2025-01-07 12:56
LAB725901,ENC110938,PT12951,CREAT,Creatinine,1.19,mg/dL,0.6,1.3,N,STAT,2025-01-07 11:26,2025-01-07 12:00,2025-01-07 13:07
LAB725902,ENC110938,PT12951,WBC,White Blood Cell Count,5.7,K/uL,4.5,11,N,STAT,2025-01-07 11:29,2025-01-07 11:55,2025-01-07 12:29
LAB725903,ENC110938,PT12951,HGB,Hemoglobin,15,g/dL,12,17.5,N,STAT,2025-01-07 12:18,2025-01-07 12:42,2025-01-07 12:57
LAB725904,ENC110942,PT10165,WBC,White Blood Cell Count,8.1,K/uL,4.5,11,N,Routine,2025-01-07 13:15,2025-01-07 13:44,2025-01-07 15:52
LAB725905,ENC110942,PT10165,HGB,Hemoglobin,14.4,g/dL,12,17.5,N,Routine,2025-01-07 13:14,2025-01-07 13:21,2025-01-07 15:57
LAB725906,ENC110942,PT10165,PLT,Platelet Count,256,K/uL,150,400,N,Routine,2025-01-07 13:10,2025-01-07 13:44,2025-01-07 17:08
LAB725907,ENC110946,PT13320,LDL,LDL Cholesterol,150,mg/dL,0,99,H,Routine,2025-01-07 14:06,2025-01-07 14:33,2025-01-09 06:02
LAB725908,ENC110946,PT13320,A1C,Hemoglobin A1c,8,%,4,5.6,H,Routine,2025-01-07 13:57,2025-01-07 14:08,2025-01-08 00:17
LAB725909,ENC110949,PT11320,WBC,White Blood Cell Count,7.1,K/uL,4.5,11,N,Routine,2025-01-07 16:07,2025-01-07 16:18,2025-01-08 00:26
LAB725910,ENC110949,PT11320,HGB,Hemoglobin,11.2,g/dL,12,17.5,L,Routine,2025-01-07 16:09,2025-01-07 16:44,2025-01-07 19:59
LAB725911,ENC110949,PT11320,PLT,Platelet Count,301,K/uL,150,400,N,Routine,2025-01-07 16:16,2025-01-07 16:38,2025-01-07 18:56
LAB725912,ENC110951,PT10261,GLU,Glucose,126,mg/dL,70,99,H,Routine,2025-01-07 16:55,2025-01-07 17:15,2025-01-07 18:45
LAB725913,ENC110951,PT10261,CREAT,Creatinine,0.56,mg/dL,0.6,1.3,L,Routine,2025-01-07 17:31,2025-01-07 17:54,2025-01-07 20:23
LAB725914,ENC110951,PT10261,WBC,White Blood Cell Count,6.9,K/uL,4.5,11,N,Routine,2025-01-07 17:24,2025-01-07 17:58,2025-01-07 20:26
LAB725915,ENC110952,PT11420,GLU,Glucose,164,mg/dL,70,99,H,STAT,2025-01-07 17:54,2025-01-07 18:27,2025-01-07 19:44
LAB725916,ENC110952,PT11420,CREAT,Creatinine,0.93,mg/dL,0.6,1.3,N,STAT,2025-01-07 17:47,2025-01-07 18:12,2025-01-07 19:11
LAB725917,ENC110952,PT11420,WBC,White Blood Cell Count,6.7,K/uL,4.5,11,N,Routine,2025-01-07 17:09,2025-01-07 17:33,2025-01-07 19:09
LAB725918,ENC110952,PT11420,HGB,Hemoglobin,12.2,g/dL,12,17.5,N,Routine,2025-01-07 17:36,2025-01-07 17:53,2025-01-07 20:04
LAB725919,ENC110952,PT11420,NA,Sodium,138,mmol/L,136,145,N,STAT,2025-01-07 17:45,2025-01-07 18:15,2025-01-07 18:59
LAB725920,ENC110952,PT11420,K,Potassium,4.2,mmol/L,3.5,5.1,N,STAT,2025-01-07 17:09,2025-01-07 17:25,2025-01-07 18:42
LAB725921,ENC110953,PT10534,GLU,Glucose,88,mg/dL,70,99,N,Routine,2025-01-07 18:14,2025-01-07 18:46,2025-01-07 23:19
LAB725922,ENC110953,PT10534,CREAT,Creatinine,0.63,mg/dL,0.6,1.3,N,STAT,2025-01-07 18:05,2025-01-07 18:19,2025-01-07 19:03
LAB725923,ENC110953,PT10534,WBC,White Blood Cell Count,23.5,K/uL,4.5,11,H,Routine,2025-01-07 17:36,2025-01-07 18:05,2025-01-07 23:47
LAB725924,ENC110953,PT10534,HGB,Hemoglobin,9.7,g/dL,12,17.5,L,STAT,2025-01-07 17:21,2025-01-07 17:27,2025-01-07 18:09
LAB725925,ENC110954,PT13517,GLU,Glucose,299,mg/dL,70,99,H,Routine,2025-01-07 21:39,2025-01-07 21:54,2025-01-08 00:45
LAB725926,ENC110954,PT13517,CREAT,Creatinine,1.01,mg/dL,0.6,1.3,N,STAT,2025-01-07 21:07,2025-01-07 21:39,2025-01-07 22:51
LAB725927,ENC110954,PT13517,WBC,White Blood Cell Count,8,K/uL,4.5,11,N,STAT,2025-01-07 21:05,2025-01-07 21:33,2025-01-07 22:21
LAB725928,ENC110954,PT13517,HGB,Hemoglobin,16.3,g/dL,12,17.5,N,Routine,2025-01-07 20:55,2025-01-07 21:05,2025-01-07 23:09
LAB725929,ENC110954,PT13517,NA,Sodium,143,mmol/L,136,145,N,STAT,2025-01-07 21:38,2025-01-07 22:04,2025-01-07 23:04
LAB725930,ENC110954,PT13517,K,Potassium,4.5,mmol/L,3.5,5.1,N,STAT,2025-01-07 21:39,2025-01-07 21:55,2025-01-07 22:44
LAB725931,ENC110954,PT13517,A1C,Hemoglobin A1c,9.6,%,4,5.6,H,Routine,2025-01-07 20:56,2025-01-07 21:15,2025-01-08 07:52
LAB725932,ENC110955,PT10217,GLU,Glucose,150,mg/dL,70,99,H,STAT,2025-01-07 21:16,2025-01-07 21:38,2025-01-07 22:31
LAB725933,ENC110955,PT10217,CREAT,Creatinine,1.74,mg/dL,0.6,1.3,H,STAT,2025-01-07 21:10,2025-01-07 21:39,2025-01-07 22:14
LAB725934,ENC110955,PT10217,WBC,White Blood Cell Count,13.2,K/uL,4.5,11,H,STAT,2025-01-07 20:42,2025-01-07 20:47,2025-01-07 21:11
LAB725935,ENC110955,PT10217,HGB,Hemoglobin,12.8,g/dL,12,17.5,N,STAT,2025-01-07 20:43,2025-01-07 20:51,2025-01-07 21:39
LAB725936,ENC110955,PT10217,BUN,Blood Urea Nitrogen,14,mg/dL,7,20,N,STAT,2025-01-07 20:19,2025-01-07 20:48,2025-01-07 21:26
LAB725937,ENC110955,PT10217,PLT,Platelet Count,144,K/uL,150,400,L,Routine,2025-01-07 20:38,2025-01-07 20:46,2025-01-07 22:51
LAB725938,ENC110956,PT13707,GLU,Glucose,115,mg/dL,70,99,H,STAT,2025-01-07 19:39,2025-01-07 20:03,2025-01-07 21:16
LAB725939,ENC110956,PT13707,CREAT,Creatinine,1.04,mg/dL,0.6,1.3,N,STAT,2025-01-07 19:24,2025-01-07 19:29,2025-01-07 20:04
LAB725940,ENC110957,PT12504,GLU,Glucose,248,mg/dL,70,99,H,Routine,2025-01-07 23:47,2025-01-07 23:53,2025-01-08 03:11
LAB725941,ENC110957,PT12504,CREAT,Creatinine,0.97,mg/dL,0.6,1.3,N,STAT,2025-01-07 23:03,2025-01-07 23:24,2025-01-08 01:08
LAB725942,ENC110957,PT12504,WBC,White Blood Cell Count,7.6,K/uL,4.5,11,N,Routine,2025-01-07 23:55,2025-01-08 00:23,2025-01-08 03:19
LAB725943,ENC110957,PT12504,HGB,Hemoglobin,12.8,g/dL,12,17.5,N,STAT,2025-01-07 23:59,2025-01-08 00:12,2025-01-08 01:02
LAB725944,ENC110957,PT12504,NA,Sodium,143,mmol/L,136,145,N,Routine,2025-01-07 23:19,2025-01-07 23:26,2025-01-08 04:04
LAB725945,ENC110957,PT12504,K,Potassium,3.7,mmol/L,3.5,5.1,N,STAT,2025-01-07 23:11,2025-01-07 23:43,2025-01-08 00:52
LAB725946,ENC110958,PT10785,GLU,Glucose,91,mg/dL,70,99,N,STAT,2025-01-07 23:30,2025-01-07 23:58,2025-01-08 00:50
LAB725947,ENC110958,PT10785,CREAT,Creatinine,0.78,mg/dL,0.6,1.3,N,STAT,2025-01-07 22:41,2025-01-07 22:46,2025-01-07 23:41
LAB725948,ENC110958,PT10785,WBC,White Blood Cell Count,11.2,K/uL,4.5,11,H,STAT,2025-01-07 22:49,2025-01-07 23:09,2025-01-07 23:49
LAB725949,ENC110958,PT10785,HGB,Hemoglobin,15.6,g/dL,12,17.5,N,Routine,2025-01-07 22:36,2025-01-07 23:10,2025-01-08 00:44
LAB725950,ENC110959,PT10232,GLU,Glucose,122,mg/dL,70,99,H,Routine,2025-01-07 22:38,2025-01-07 22:51,2025-01-08 01:37
LAB725951,ENC110959,PT10232,CREAT,Creatinine,0.42,mg/dL,0.6,1.3,L,Routine,2025-01-07 22:44,2025-01-07 23:04,2025-01-08 01:36
LAB725952,ENC110959,PT10232,WBC,White Blood Cell Count,6.7,K/uL,4.5,11,N,STAT,2025-01-07 22:28,2025-01-07 22:52,2025-01-07 23:35
LAB725953,ENC110959,PT10232,HGB,Hemoglobin,13.4,g/dL,12,17.5,N,Routine,2025-01-07 22:14,2025-01-07 22:20,2025-01-08 01:40
LAB725954,ENC110960,PT12131,GLU,Glucose,88,mg/dL,70,99,N,STAT,2025-01-07 19:58,2025-01-07 20:18,2025-01-07 20:35
LAB725955,ENC110960,PT12131,CREAT,Creatinine,1.02,mg/dL,0.6,1.3,N,STAT,2025-01-07 20:36,2025-01-07 20:53,2025-01-07 21:21
LAB725956,ENC110963,PT10543,GLU,Glucose,197,mg/dL,70,99,H,STAT,2025-01-08 04:15,2025-01-08 04:41,2025-01-08 05:21
LAB725957,ENC110963,PT10543,CREAT,Creatinine,1.02,mg/dL,0.6,1.3,N,Routine,2025-01-08 04:02,2025-01-08 04:33,2025-01-08 06:03
LAB725958,ENC110963,PT10543,WBC,White Blood Cell Count,7.3,K/uL,4.5,11,N,STAT,2025-01-08 04:06,2025-01-08 04:25,2025-01-08 05:46
LAB725959,ENC110963,PT10543,HGB,Hemoglobin,13.4,g/dL,12,17.5,N,Routine,2025-01-08 04:11,2025-01-08 04:21,2025-01-08 05:29
LAB725960,ENC110965,PT12183,GLU,Glucose,102,mg/dL,70,99,H,STAT,2025-01-08 04:16,2025-01-08 04:45,2025-01-08 05:19
LAB725961,ENC110965,PT12183,CREAT,Creatinine,1.13,mg/dL,0.6,1.3,N,STAT,2025-01-08 04:26,2025-01-08 04:54,2025-01-08 05:23
LAB725962,ENC110965,PT12183,WBC,White Blood Cell Count,2.9,K/uL,4.5,11,L,Routine,2025-01-08 04:25,2025-01-08 04:38,2025-01-08 07:34
LAB725963,ENC110965,PT12183,HGB,Hemoglobin,13.3,g/dL,12,17.5,N,Routine,2025-01-08 04:43,2025-01-08 05:09,2025-01-08 07:06
LAB725964,ENC110965,PT12183,NA,Sodium,141,mmol/L,136,145,N,STAT,2025-01-08 05:24,2025-01-08 05:57,2025-01-08 06:36
LAB725965,ENC110965,PT12183,K,Potassium,3.6,mmol/L,3.5,5.1,N,STAT,2025-01-08 04:33,2025-01-08 04:43,2025-01-08 05:28
LAB725966,ENC110967,PT11138,GLU,Glucose,96,mg/dL,70,99,N,STAT,2025-01-08 13:57,2025-01-08 14:27,2025-01-08 15:07
LAB725967,ENC110967,PT11138,CREAT,Creatinine,0.87,mg/dL,0.6,1.3,N,Routine,2025-01-08 13:26,2025-01-08 13:59,2025-01-08 17:44
LAB725968,ENC110967,PT11138,WBC,White Blood Cell Count,11.1,K/uL,4.5,11,H,Routine,2025-01-08 13:24,2025-01-08 13:55,2025-01-08 20:11
LAB725969,ENC110967,PT11138,HGB,Hemoglobin,10.6,g/dL,12,17.5,L,Routine,2025-01-08 13:30,2025-01-08 14:05,2025-01-08 17:47
LAB725970,ENC110970,PT11488,LDL,LDL Cholesterol,110,mg/dL,0,99,H,Routine,2025-01-08 09:47,2025-01-08 09:53,2025-01-08 22:21
LAB725971,ENC110972,PT10649,GLU,Glucose,104,mg/dL,70,99,H,STAT,2025-01-08 14:28,2025-01-08 14:42,2025-01-08 15:21
LAB725972,ENC110972,PT10649,CREAT,Creatinine,0.99,mg/dL,0.6,1.3,N,STAT,2025-01-08 13:58,2025-01-08 14:27,2025-01-08 15:08
LAB725973,ENC110972,PT10649,WBC,White Blood Cell Count,14,K/uL,4.5,11,H,Routine,2025-01-08 13:47,2025-01-08 14:00,2025-01-08 19:32
LAB725974,ENC110972,PT10649,HGB,Hemoglobin,15.6,g/dL,12,17.5,N,STAT,2025-01-08 14:11,2025-01-08 14:44,2025-01-08 15:23
LAB725975,ENC110972,PT10649,NA,Sodium,138,mmol/L,136,145,N,Routine,2025-01-08 13:56,2025-01-08 14:09,2025-01-08 16:22
LAB725976,ENC110972,PT10649,K,Potassium,4.1,mmol/L,3.5,5.1,N,STAT,2025-01-08 13:37,2025-01-08 14:08,2025-01-08 14:31
LAB725977,ENC110973,PT11382,GLU,Glucose,112,mg/dL,70,99,H,STAT,2025-01-08 11:11,2025-01-08 11:37,2025-01-08 12:18
LAB725978,ENC110973,PT11382,CREAT,Creatinine,0.92,mg/dL,0.6,1.3,N,Routine,2025-01-08 11:22,2025-01-08 11:39,2025-01-08 17:52
LAB725979,ENC110973,PT11382,WBC,White Blood Cell Count,16.9,K/uL,4.5,11,H,Routine,2025-01-08 10:50,2025-01-08 10:57,2025-01-08 16:23
LAB725980,ENC110973,PT11382,HGB,Hemoglobin,11.9,g/dL,12,17.5,L,Routine,2025-01-08 10:33,2025-01-08 10:53,2025-01-08 18:39
LAB725981,ENC110975,PT11701,GLU,Glucose,92,mg/dL,70,99,N,STAT,2025-01-08 11:26,2025-01-08 11:50,2025-01-08 12:38
LAB725982,ENC110975,PT11701,CREAT,Creatinine,0.94,mg/dL,0.6,1.3,N,STAT,2025-01-08 12:03,2025-01-08 12:16,2025-01-08 13:04
LAB725983,ENC110975,PT11701,WBC,White Blood Cell Count,8.2,K/uL,4.5,11,N,STAT,2025-01-08 11:13,2025-01-08 11:24,2025-01-08 12:12
LAB725984,ENC110975,PT11701,HGB,Hemoglobin,13.8,g/dL,12,17.5,N,STAT,2025-01-08 11:40,2025-01-08 12:12,2025-01-08 12:49
LAB725985,ENC110977,PT12065,GLU,Glucose,90,mg/dL,70,99,N,Routine,2025-01-08 11:52,2025-01-08 12:10,2025-01-08 14:36
LAB725986,ENC110977,PT12065,CREAT,Creatinine,1.03,mg/dL,0.6,1.3,N,Routine,2025-01-08 12:28,2025-01-08 12:42,2025-01-08 15:54
LAB725987,ENC110977,PT12065,WBC,White Blood Cell Count,10.6,K/uL,4.5,11,N,STAT,2025-01-08 12:46,2025-01-08 13:18,2025-01-08 13:57
LAB725988,ENC110977,PT12065,HGB,Hemoglobin,15.2,g/dL,12,17.5,N,STAT,2025-01-08 12:42,2025-01-08 13:06,2025-01-08 13:46
LAB725989,ENC110979,PT13900,LDL,LDL Cholesterol,103,mg/dL,0,99,H,Routine,2025-01-08 12:18,2025-01-08 12:26,2025-01-09 02:36
LAB725990,ENC110979,PT13900,TSH,Thyroid Stimulating Hormone,2.89,mIU/L,0.4,4,N,Routine,2025-01-08 12:18,2025-01-08 12:42,2025-01-08 21:22
LAB725991,ENC110981,PT13469,GLU,Glucose,94,mg/dL,70,99,N,STAT,2025-01-08 12:36,2025-01-08 13:03,2025-01-08 13:39
LAB725992,ENC110981,PT13469,CREAT,Creatinine,0.64,mg/dL,0.6,1.3,N,Routine,2025-01-08 13:15,2025-01-08 13:42,2025-01-08 16:37
LAB725993,ENC110981,PT13469,WBC,White Blood Cell Count,8.5,K/uL,4.5,11,N,Routine,2025-01-08 13:02,2025-01-08 13:22,2025-01-08 16:22
LAB725994,ENC110981,PT13469,HGB,Hemoglobin,12.1,g/dL,12,17.5,N,STAT,2025-01-08 12:25,2025-01-08 12:48,2025-01-08 13:58
LAB725995,ENC110984,PT12737,GLU,Glucose,99,mg/dL,70,99,N,Routine,2025-01-08 15:54,2025-01-08 16:15,2025-01-08 18:36
LAB725996,ENC110984,PT12737,CREAT,Creatinine,1.23,mg/dL,0.6,1.3,N,Routine,2025-01-08 15:20,2025-01-08 15:54,2025-01-08 17:36
LAB725997,ENC110984,PT12737,WBC,White Blood Cell Count,6.6,K/uL,4.5,11,N,STAT,2025-01-08 15:38,2025-01-08 15:47,2025-01-08 16:21
LAB725998,ENC110984,PT12737,HGB,Hemoglobin,16.9,g/dL,12,17.5,N,STAT,2025-01-08 15:34,2025-01-08 15:44,2025-01-08 16:19
LAB725999,ENC110984,PT12737,NA,Sodium,141,mmol/L,136,145,N,STAT,2025-01-08 15:20,2025-01-08 15:43,2025-01-08 16:39
LAB726000,ENC110984,PT12737,K,Potassium,3.8,mmol/L,3.5,5.1,N,STAT,2025-01-08 15:25,2025-01-08 15:51,2025-01-08 16:14
LAB726001,ENC110987,PT11976,WBC,White Blood Cell Count,11.8,K/uL,4.5,11,H,Routine,2025-01-08 14:22,2025-01-08 14:53,2025-01-08 17:38
LAB726002,ENC110987,PT11976,HGB,Hemoglobin,9.1,g/dL,12,17.5,L,Routine,2025-01-08 14:13,2025-01-08 14:19,2025-01-08 16:02
LAB726003,ENC110987,PT11976,PLT,Platelet Count,339,K/uL,150,400,N,Routine,2025-01-08 14:17,2025-01-08 14:33,2025-01-08 18:56
LAB726004,ENC110989,PT10444,GLU,Glucose,99,mg/dL,70,99,N,STAT,2025-01-08 15:42,2025-01-08 16:00,2025-01-08 16:59
LAB726005,ENC110989,PT10444,CREAT,Creatinine,2.56,mg/dL,0.6,1.3,H,STAT,2025-01-08 14:59,2025-01-08 15:28,2025-01-08 16:20
LAB726006,ENC110989,PT10444,WBC,White Blood Cell Count,8.2,K/uL,4.5,11,N,STAT,2025-01-08 15:52,2025-01-08 16:19,2025-01-08 16:46
LAB726007,ENC110989,PT10444,HGB,Hemoglobin,12.1,g/dL,12,17.5,N,Routine,2025-01-08 15:01,2025-01-08 15:25,2025-01-08 16:38
LAB726008,ENC110990,PT11842,LDL,LDL Cholesterol,165,mg/dL,0,99,H,Routine,2025-01-08 16:21,2025-01-08 16:45,2025-01-09 05:38
LAB726009,ENC110990,PT11842,TSH,Thyroid Stimulating Hormone,3.03,mIU/L,0.4,4,N,Routine,2025-01-08 16:28,2025-01-08 17:01,2025-01-10 06:38
LAB726010,ENC110992,PT10272,GLU,Glucose,143,mg/dL,70,99,H,Routine,2025-01-08 17:55,2025-01-08 18:18,2025-01-08 20:54
LAB726011,ENC110992,PT10272,CREAT,Creatinine,0.98,mg/dL,0.6,1.3,N,Routine,2025-01-08 18:13,2025-01-08 18:43,2025-01-08 20:39
LAB726012,ENC110993,PT10565,GLU,Glucose,193,mg/dL,70,99,H,STAT,2025-01-08 21:41,2025-01-08 22:14,2025-01-08 22:53
LAB726013,ENC110993,PT10565,CREAT,Creatinine,1.76,mg/dL,0.6,1.3,H,STAT,2025-01-08 21:38,2025-01-08 21:59,2025-01-08 23:01
LAB726014,ENC110993,PT10565,WBC,White Blood Cell Count,3.6,K/uL,4.5,11,L,STAT,2025-01-08 22:03,2025-01-08 22:24,2025-01-08 23:23
LAB726015,ENC110993,PT10565,HGB,Hemoglobin,15.7,g/dL,12,17.5,N,STAT,2025-01-08 22:01,2025-01-08 22:23,2025-01-08 23:10
LAB726016,ENC110993,PT10565,LACT,Lactate,1.4,mmol/L,0.5,2,N,STAT,2025-01-08 22:25,2025-01-08 22:58,2025-01-08 23:48
LAB726017,ENC110996,PT13917,GLU,Glucose,68,mg/dL,70,99,L,STAT,2025-01-08 19:43,2025-01-08 20:07,2025-01-08 21:02
LAB726018,ENC110996,PT13917,CREAT,Creatinine,1.18,mg/dL,0.6,1.3,N,STAT,2025-01-08 19:26,2025-01-08 19:54,2025-01-08 20:43
LAB726019,ENC110997,PT12873,GLU,Glucose,100,mg/dL,70,99,H,STAT,2025-01-08 19:36,2025-01-08 20:11,2025-01-08 21:02
LAB726020,ENC110997,PT12873,CREAT,Creatinine,1.18,mg/dL,0.6,1.3,N,STAT,2025-01-08 19:59,2025-01-08 20:21,2025-01-08 20:50
LAB726021,ENC110997,PT12873,WBC,White Blood Cell Count,7.6,K/uL,4.5,11,N,STAT,2025-01-08 19:56,2025-01-08 20:07,2025-01-08 21:14
LAB726022,ENC110997,PT12873,TROP,"Troponin I, High Sensitivity",9,ng/L,0,34,N,STAT,2025-01-08 20:17,2025-01-08 20:38,2025-01-08 21:28
LAB726023,ENC110998,PT10743,GLU,Glucose,97,mg/dL,70,99,N,STAT,2025-01-08 21:31,2025-01-08 21:42,2025-01-08 22:10
LAB726024,ENC110998,PT10743,CREAT,Creatinine,0.55,mg/dL,0.6,1.3,L,STAT,2025-01-08 20:51,2025-01-08 21:23,2025-01-08 21:54
LAB726025,ENC110998,PT10743,WBC,White Blood Cell Count,8.8,K/uL,4.5,11,N,Routine,2025-01-08 21:00,2025-01-08 21:35,2025-01-09 01:49
LAB726026,ENC110998,PT10743,HGB,Hemoglobin,9.4,g/dL,12,17.5,L,STAT,2025-01-08 21:15,2025-01-08 21:21,2025-01-08 21:52
LAB726027,ENC110998,PT10743,TROP,"Troponin I, High Sensitivity",91,ng/L,0,34,H,STAT,2025-01-08 20:35,2025-01-08 21:01,2025-01-08 21:57
LAB726028,ENC110999,PT10628,GLU,Glucose,113,mg/dL,70,99,H,STAT,2025-01-09 02:49,2025-01-09 03:10,2025-01-09 04:02
LAB726029,ENC110999,PT10628,CREAT,Creatinine,1.07,mg/dL,0.6,1.3,N,STAT,2025-01-09 03:21,2025-01-09 03:53,2025-01-09 04:40
LAB726030,ENC110999,PT10628,WBC,White Blood Cell Count,5.5,K/uL,4.5,11,N,STAT,2025-01-09 03:05,2025-01-09 03:28,2025-01-09 04:18
LAB726031,ENC110999,PT10628,HGB,Hemoglobin,13.4,g/dL,12,17.5,N,Routine,2025-01-09 03:14,2025-01-09 03:47,2025-01-09 07:11
LAB726032,ENC110999,PT10628,TROP,"Troponin I, High Sensitivity",71,ng/L,0,34,H,STAT,2025-01-09 03:08,2025-01-09 03:41,2025-01-09 04:18
LAB726033,ENC111000,PT13529,GLU,Glucose,149,mg/dL,70,99,H,STAT,2025-01-09 01:33,2025-01-09 01:58,2025-01-09 02:39
LAB726034,ENC111000,PT13529,CREAT,Creatinine,0.97,mg/dL,0.6,1.3,N,STAT,2025-01-09 01:48,2025-01-09 02:18,2025-01-09 02:39
LAB726035,ENC111000,PT13529,WBC,White Blood Cell Count,6.1,K/uL,4.5,11,N,Routine,2025-01-09 01:16,2025-01-09 01:33,2025-01-09 03:06
LAB726036,ENC111000,PT13529,HGB,Hemoglobin,15.2,g/dL,12,17.5,N,STAT,2025-01-09 01:56,2025-01-09 02:19,2025-01-09 02:50
LAB726037,ENC111002,PT10619,TROP,"Troponin I, High Sensitivity",10,ng/L,0,34,N,STAT,2025-01-09 04:56,2025-01-09 05:23,2025-01-09 06:09
LAB726038,ENC111004,PT11919,GLU,Glucose,113,mg/dL,70,99,H,STAT,2025-01-09 10:21,2025-01-09 10:55,2025-01-09 11:09
LAB726039,ENC111004,PT11919,CREAT,Creatinine,0.58,mg/dL,0.6,1.3,L,STAT,2025-01-09 10:10,2025-01-09 10:23,2025-01-09 11:53
LAB726040,ENC111004,PT11919,WBC,White Blood Cell Count,16.8,K/uL,4.5,11,H,STAT,2025-01-09 10:27,2025-01-09 10:49,2025-01-09 11:56
LAB726041,ENC111004,PT11919,HGB,Hemoglobin,14.2,g/dL,12,17.5,N,STAT,2025-01-09 09:47,2025-01-09 10:08,2025-01-09 11:30
LAB726042,ENC111005,PT10450,GLU,Glucose,87,mg/dL,70,99,N,Routine,2025-01-09 08:16,2025-01-09 08:35,2025-01-09 11:32
LAB726043,ENC111005,PT10450,CREAT,Creatinine,0.61,mg/dL,0.6,1.3,N,Routine,2025-01-09 08:13,2025-01-09 08:40,2025-01-09 10:45
LAB726044,ENC111005,PT10450,WBC,White Blood Cell Count,8,K/uL,4.5,11,N,Routine,2025-01-09 08:02,2025-01-09 08:33,2025-01-09 10:55
LAB726045,ENC111006,PT10694,GLU,Glucose,213,mg/dL,70,99,H,STAT,2025-01-09 08:18,2025-01-09 08:49,2025-01-09 09:30
LAB726046,ENC111006,PT10694,CREAT,Creatinine,0.81,mg/dL,0.6,1.3,N,Routine,2025-01-09 08:30,2025-01-09 08:47,2025-01-09 11:59
LAB726047,ENC111006,PT10694,WBC,White Blood Cell Count,10,K/uL,4.5,11,N,STAT,2025-01-09 08:26,2025-01-09 08:30,2025-01-09 09:02
LAB726048,ENC111006,PT10694,HGB,Hemoglobin,13.4,g/dL,12,17.5,N,STAT,2025-01-09 08:10,2025-01-09 08:43,2025-01-09 09:12
LAB726049,ENC111007,PT13903,A1C,Hemoglobin A1c,8.8,%,4,5.6,H,Routine,2025-01-09 08:35,2025-01-09 08:54,2025-01-10 03:44
LAB726050,ENC111009,PT10416,WBC,White Blood Cell Count,8,K/uL,4.5,11,N,Routine,2025-01-09 08:50,2025-01-09 09:19,2025-01-09 12:53
LAB726051,ENC111009,PT10416,HGB,Hemoglobin,15.5,g/dL,12,17.5,N,Routine,2025-01-09 08:57,2025-01-09 09:05,2025-01-09 10:54
LAB726052,ENC111009,PT10416,PLT,Platelet Count,240,K/uL,150,400,N,Routine,2025-01-09 09:12,2025-01-09 09:29,2025-01-09 10:41
LAB726053,ENC111010,PT13581,WBC,White Blood Cell Count,9,K/uL,4.5,11,N,Routine,2025-01-09 09:15,2025-01-09 09:20,2025-01-09 12:59
LAB726054,ENC111010,PT13581,HGB,Hemoglobin,13.1,g/dL,12,17.5,N,Routine,2025-01-09 08:57,2025-01-09 09:14,2025-01-09 12:21
LAB726055,ENC111010,PT13581,PLT,Platelet Count,164,K/uL,150,400,N,Routine,2025-01-09 09:04,2025-01-09 09:20,2025-01-09 13:21
LAB726056,ENC111012,PT10511,GLU,Glucose,295,mg/dL,70,99,H,STAT,2025-01-09 12:34,2025-01-09 12:45,2025-01-09 13:54
LAB726057,ENC111012,PT10511,CREAT,Creatinine,0.89,mg/dL,0.6,1.3,N,STAT,2025-01-09 13:05,2025-01-09 13:23,2025-01-09 13:54
LAB726058,ENC111012,PT10511,WBC,White Blood Cell Count,14.6,K/uL,4.5,11,H,STAT,2025-01-09 12:42,2025-01-09 12:56,2025-01-09 14:03
LAB726059,ENC111012,PT10511,HGB,Hemoglobin,13.6,g/dL,12,17.5,N,STAT,2025-01-09 12:41,2025-01-09 12:48,2025-01-09 14:04
LAB726060,ENC111014,PT11537,GLU,Glucose,107,mg/dL,70,99,H,STAT,2025-01-09 10:24,2025-01-09 10:36,2025-01-09 11:31
LAB726061,ENC111014,PT11537,CREAT,Creatinine,0.78,mg/dL,0.6,1.3,N,STAT,2025-01-09 10:35,2025-01-09 10:56,2025-01-09 11:36
LAB726062,ENC111017,PT10403,LDL,LDL Cholesterol,79,mg/dL,0,99,N,Routine,2025-01-09 11:18,2025-01-09 11:39,2025-01-10 03:25
LAB726063,ENC111017,PT10403,A1C,Hemoglobin A1c,8.6,%,4,5.6,H,Routine,2025-01-09 11:22,2025-01-09 11:42,2025-01-09 22:53
LAB726064,ENC111019,PT12897,GLU,Glucose,161,mg/dL,70,99,H,STAT,2025-01-09 11:26,2025-01-09 11:52,2025-01-09 12:23
LAB726065,ENC111019,PT12897,CREAT,Creatinine,0.95,mg/dL,0.6,1.3,N,Routine,2025-01-09 11:52,2025-01-09 12:17,2025-01-09 15:28
LAB726066,ENC111019,PT12897,WBC,White Blood Cell Count,8.4,K/uL,4.5,11,N,Routine,2025-01-09 11:33,2025-01-09 11:38,2025-01-09 17:36
LAB726067,ENC111020,PT10443,GLU,Glucose,119,mg/dL,70,99,H,STAT,2025-01-09 14:19,2025-01-09 14:32,2025-01-09 15:04
LAB726068,ENC111020,PT10443,CREAT,Creatinine,1.29,mg/dL,0.6,1.3,N,Routine,2025-01-09 14:32,2025-01-09 15:05,2025-01-09 17:02
LAB726069,ENC111020,PT10443,WBC,White Blood Cell Count,8.1,K/uL,4.5,11,N,Routine,2025-01-09 14:10,2025-01-09 14:45,2025-01-09 18:07
LAB726070,ENC111020,PT10443,HGB,Hemoglobin,14.1,g/dL,12,17.5,N,Routine,2025-01-09 14:57,2025-01-09 15:10,2025-01-09 16:23
LAB726071,ENC111020,PT10443,INR,Prothrombin Time INR,1,ratio,0.8,1.2,N,STAT,2025-01-09 14:06,2025-01-09 14:35,2025-01-09 15:27
LAB726072,ENC111030,PT13818,GLU,Glucose,273,mg/dL,70,99,H,STAT,2025-01-09 19:02,2025-01-09 19:16,2025-01-09 20:13
LAB726073,ENC111030,PT13818,CREAT,Creatinine,0.99,mg/dL,0.6,1.3,N,STAT,2025-01-09 19:11,2025-01-09 19:40,2025-01-09 20:46
LAB726074,ENC111030,PT13818,WBC,White Blood Cell Count,8.5,K/uL,4.5,11,N,STAT,2025-01-09 19:02,2025-01-09 19:19,2025-01-09 19:58
LAB726075,ENC111030,PT13818,HGB,Hemoglobin,15.2,g/dL,12,17.5,N,STAT,2025-01-09 19:40,2025-01-09 19:57,2025-01-09 21:27
LAB726076,ENC111030,PT13818,NA,Sodium,138,mmol/L,136,145,N,STAT,2025-01-09 19:10,2025-01-09 19:22,2025-01-09 20:18
LAB726077,ENC111030,PT13818,K,Potassium,3.7,mmol/L,3.5,5.1,N,STAT,2025-01-09 18:59,2025-01-09 19:33,2025-01-09 20:18
LAB726078,ENC111030,PT13818,A1C,Hemoglobin A1c,8.5,%,4,5.6,H,STAT,2025-01-09 19:48,2025-01-09 20:10,2025-01-09 20:44
LAB726079,ENC111032,PT12524,A1C,Hemoglobin A1c,9.5,%,4,5.6,H,Routine,2025-01-09 16:09,2025-01-09 16:43,2025-01-09 21:43
LAB726080,ENC111032,PT12524,GLU,Glucose,253,mg/dL,70,99,H,Routine,2025-01-09 16:18,2025-01-09 16:51,2025-01-09 18:05
LAB726081,ENC111032,PT12524,CREAT,Creatinine,1.2,mg/dL,0.6,1.3,N,Routine,2025-01-09 16:09,2025-01-09 16:30,2025-01-09 21:05
LAB726082,ENC111036,PT13252,GLU,Glucose,113,mg/dL,70,99,H,STAT,2025-01-09 18:19,2025-01-09 18:48,2025-01-09 19:14
LAB726083,ENC111036,PT13252,CREAT,Creatinine,0.95,mg/dL,0.6,1.3,N,STAT,2025-01-09 18:04,2025-01-09 18:30,2025-01-09 19:14
LAB726084,ENC111036,PT13252,WBC,White Blood Cell Count,9.7,K/uL,4.5,11,N,STAT,2025-01-09 18:35,2025-01-09 19:06,2025-01-09 20:15
LAB726085,ENC111037,PT10901,GLU,Glucose,163,mg/dL,70,99,H,Routine,2025-01-09 18:51,2025-01-09 19:19,2025-01-10 00:41
LAB726086,ENC111037,PT10901,CREAT,Creatinine,2.81,mg/dL,0.6,1.3,H,STAT,2025-01-09 19:29,2025-01-09 19:38,2025-01-09 20:33
LAB726087,ENC111037,PT10901,WBC,White Blood Cell Count,4.8,K/uL,4.5,11,N,Routine,2025-01-09 19:43,2025-01-09 20:00,2025-01-10 02:36
LAB726088,ENC111040,PT11817,GLU,Glucose,139,mg/dL,70,99,H,STAT,2025-01-09 21:03,2025-01-09 21:10,2025-01-09 22:34
LAB726089,ENC111040,PT11817,CREAT,Creatinine,1.21,mg/dL,0.6,1.3,N,STAT,2025-01-09 21:10,2025-01-09 21:38,2025-01-09 22:31
LAB726090,ENC111041,PT11346,GLU,Glucose,146,mg/dL,70,99,H,STAT,2025-01-10 01:40,2025-01-10 01:55,2025-01-10 02:31
LAB726091,ENC111041,PT11346,CREAT,Creatinine,0.97,mg/dL,0.6,1.3,N,STAT,2025-01-10 01:40,2025-01-10 02:06,2025-01-10 02:40
LAB726092,ENC111041,PT11346,WBC,White Blood Cell Count,7.7,K/uL,4.5,11,N,Routine,2025-01-10 01:44,2025-01-10 02:19,2025-01-10 07:33
LAB726093,ENC111041,PT11346,HGB,Hemoglobin,12.6,g/dL,12,17.5,N,Routine,2025-01-10 00:52,2025-01-10 01:09,2025-01-10 03:46
LAB726094,ENC111041,PT11346,INR,Prothrombin Time INR,1,ratio,0.8,1.2,N,STAT,2025-01-10 01:10,2025-01-10 01:27,2025-01-10 02:25
LAB726095,ENC111042,PT11114,GLU,Glucose,134,mg/dL,70,99,H,STAT,2025-01-10 02:36,2025-01-10 02:51,2025-01-10 03:33
LAB726096,ENC111042,PT11114,CREAT,Creatinine,1.27,mg/dL,0.6,1.3,N,STAT,2025-01-10 02:52,2025-01-10 03:12,2025-01-10 03:45
LAB726097,ENC111042,PT11114,WBC,White Blood Cell Count,10.8,K/uL,4.5,11,N,STAT,2025-01-10 02:49,2025-01-10 03:05,2025-01-10 04:11
LAB726098,ENC111042,PT11114,HGB,Hemoglobin,8.7,g/dL,12,17.5,L,STAT,2025-01-10 02:13,2025-01-10 02:38,2025-01-10 03:30
LAB726099,ENC111042,PT11114,INR,Prothrombin Time INR,1,ratio,0.8,1.2,N,Routine,2025-01-10 02:42,2025-01-10 02:51,2025-01-10 04:08
LAB726100,ENC111043,PT10031,GLU,Glucose,86,mg/dL,70,99,N,STAT,2025-01-10 03:08,2025-01-10 03:18,2025-01-10 04:32
LAB726101,ENC111043,PT10031,CREAT,Creatinine,1.38,mg/dL,0.6,1.3,H,STAT,2025-01-10 02:34,2025-01-10 03:04,2025-01-10 04:07
LAB726102,ENC111043,PT10031,WBC,White Blood Cell Count,6.8,K/uL,4.5,11,N,STAT,2025-01-10 03:09,2025-01-10 03:15,2025-01-10 03:54
LAB726103,ENC111043,PT10031,HGB,Hemoglobin,8.1,g/dL,12,17.5,L,STAT,2025-01-10 02:55,2025-01-10 03:08,2025-01-10 04:11
LAB726104,ENC111043,PT10031,INR,Prothrombin Time INR,0.9,ratio,0.8,1.2,N,STAT,2025-01-10 03:26,2025-01-10 03:32,2025-01-10 04:16
LAB726105,ENC111044,PT12325,GLU,Glucose,109,mg/dL,70,99,H,Routine,2025-01-10 05:20,2025-01-10 05:24,2025-01-10 08:36
LAB726106,ENC111044,PT12325,CREAT,Creatinine,1.12,mg/dL,0.6,1.3,N,STAT,2025-01-10 04:47,2025-01-10 04:55,2025-01-10 05:14
LAB726107,ENC111044,PT12325,WBC,White Blood Cell Count,4.7,K/uL,4.5,11,N,STAT,2025-01-10 04:47,2025-01-10 05:06,2025-01-10 05:58
LAB726108,ENC111044,PT12325,HGB,Hemoglobin,15,g/dL,12,17.5,N,STAT,2025-01-10 05:49,2025-01-10 06:18,2025-01-10 07:21
LAB726109,ENC111044,PT12325,TROP,"Troponin I, High Sensitivity",1130,ng/L,0,34,H,STAT,2025-01-10 05:36,2025-01-10 05:44,2025-01-10 06:17
LAB726110,ENC111045,PT10715,GLU,Glucose,207,mg/dL,70,99,H,STAT,2025-01-10 08:56,2025-01-10 09:17,2025-01-10 09:52
LAB726111,ENC111045,PT10715,CREAT,Creatinine,0.56,mg/dL,0.6,1.3,L,STAT,2025-01-10 08:36,2025-01-10 09:07,2025-01-10 10:06
LAB726112,ENC111045,PT10715,WBC,White Blood Cell Count,20.3,K/uL,4.5,11,H,Routine,2025-01-10 09:02,2025-01-10 09:12,2025-01-10 10:17
LAB726113,ENC111045,PT10715,HGB,Hemoglobin,13.1,g/dL,12,17.5,N,STAT,2025-01-10 09:36,2025-01-10 09:53,2025-01-10 10:32
LAB726114,ENC111045,PT10715,NA,Sodium,137,mmol/L,136,145,N,Routine,2025-01-10 08:41,2025-01-10 08:52,2025-01-10 10:28
LAB726115,ENC111045,PT10715,K,Potassium,4.1,mmol/L,3.5,5.1,N,STAT,2025-01-10 09:05,2025-01-10 09:24,2025-01-10 09:54
LAB726116,ENC111045,PT10715,LACT,Lactate,4.5,mmol/L,0.5,2,HH,STAT,2025-01-10 08:27,2025-01-10 08:48,2025-01-10 09:47
LAB726117,ENC111051,PT10357,LDL,LDL Cholesterol,160,mg/dL,0,99,H,Routine,2025-01-10 09:24,2025-01-10 09:45,2025-01-10 15:06
LAB726118,ENC111052,PT12177,A1C,Hemoglobin A1c,8.6,%,4,5.6,H,Routine,2025-01-10 10:11,2025-01-10 10:26,2025-01-10 22:49
LAB726119,ENC111053,PT12861,LDL,LDL Cholesterol,94,mg/dL,0,99,N,Routine,2025-01-10 10:06,2025-01-10 10:32,2025-01-11 12:57
LAB726120,ENC111054,PT12938,WBC,White Blood Cell Count,5.9,K/uL,4.5,11,N,Routine,2025-01-10 11:06,2025-01-10 11:36,2025-01-10 13:35
LAB726121,ENC111054,PT12938,HGB,Hemoglobin,16.2,g/dL,12,17.5,N,Routine,2025-01-10 11:13,2025-01-10 11:28,2025-01-10 17:07
LAB726122,ENC111054,PT12938,PLT,Platelet Count,251,K/uL,150,400,N,Routine,2025-01-10 11:15,2025-01-10 11:30,2025-01-10 15:06
LAB726123,ENC111055,PT11302,GLU,Glucose,111,mg/dL,70,99,H,STAT,2025-01-10 11:41,2025-01-10 12:16,2025-01-10 13:02
LAB726124,ENC111055,PT11302,CREAT,Creatinine,0.86,mg/dL,0.6,1.3,N,STAT,2025-01-10 11:56,2025-01-10 12:22,2025-01-10 12:47
LAB726125,ENC111055,PT11302,WBC,White Blood Cell Count,8.9,K/uL,4.5,11,N,STAT,2025-01-10 12:22,2025-01-10 12:39,2025-01-10 13:22
LAB726126,ENC111055,PT11302,HGB,Hemoglobin,14.7,g/dL,12,17.5,N,STAT,2025-01-10 12:30,2025-01-10 12:39,2025-01-10 13:09
LAB726127,ENC111057,PT13645,GLU,Glucose,109,mg/dL,70,99,H,Routine,2025-01-10 16:44,2025-01-10 17:19,2025-01-10 18:54
LAB726128,ENC111057,PT13645,CREAT,Creatinine,0.91,mg/dL,0.6,1.3,N,Routine,2025-01-10 15:55,2025-01-10 16:00,2025-01-10 21:30
LAB726129,ENC111057,PT13645,WBC,White Blood Cell Count,12.7,K/uL,4.5,11,H,STAT,2025-01-10 16:06,2025-01-10 16:15,2025-01-10 16:45
LAB726130,ENC111057,PT13645,HGB,Hemoglobin,12.2,g/dL,12,17.5,N,STAT,2025-01-10 16:01,2025-01-10 16:30,2025-01-10 18:06
LAB726131,ENC111057,PT13645,NA,Sodium,139,mmol/L,136,145,N,STAT,2025-01-10 16:01,2025-01-10 16:30,2025-01-10 18:34
LAB726132,ENC111057,PT13645,K,Potassium,4.1,mmol/L,3.5,5.1,N,STAT,2025-01-10 16:36,2025-01-10 17:06,2025-01-10 17:38
LAB726133,ENC111058,PT13581,A1C,Hemoglobin A1c,10.5,%,4,5.6,H,Routine,2025-01-10 12:36,2025-01-10 12:54,2025-01-11 11:03
LAB726134,ENC111062,PT10594,GLU,Glucose,107,mg/dL,70,99,H,STAT,2025-01-10 13:43,2025-01-10 14:03,2025-01-10 14:45
LAB726135,ENC111062,PT10594,CREAT,Creatinine,1.37,mg/dL,0.6,1.3,H,STAT,2025-01-10 14:15,2025-01-10 14:21,2025-01-10 14:59
LAB726136,ENC111062,PT10594,WBC,White Blood Cell Count,7.5,K/uL,4.5,11,N,Routine,2025-01-10 13:56,2025-01-10 14:02,2025-01-10 18:13
LAB726137,ENC111062,PT10594,HGB,Hemoglobin,11.7,g/dL,12,17.5,L,STAT,2025-01-10 13:45,2025-01-10 14:07,2025-01-10 15:07
LAB726138,ENC111065,PT13128,LDL,LDL Cholesterol,73,mg/dL,0,99,N,Routine,2025-01-10 13:53,2025-01-10 14:00,2025-01-11 08:10
LAB726139,ENC111066,PT12222,GLU,Glucose,104,mg/dL,70,99,H,Routine,2025-01-10 14:02,2025-01-10 14:11,2025-01-10 17:38
LAB726140,ENC111066,PT12222,CREAT,Creatinine,0.75,mg/dL,0.6,1.3,N,STAT,2025-01-10 13:58,2025-01-10 14:03,2025-01-10 14:50
LAB726141,ENC111066,PT12222,WBC,White Blood Cell Count,7.8,K/uL,4.5,11,N,Routine,2025-01-10 14:08,2025-01-10 14:39,2025-01-10 16:55
LAB726142,ENC111066,PT12222,HGB,Hemoglobin,13.4,g/dL,12,17.5,N,STAT,2025-01-10 14:30,2025-01-10 14:52,2025-01-10 15:20
LAB726143,ENC111067,PT10489,GLU,Glucose,91,mg/dL,70,99,N,STAT,2025-01-10 18:22,2025-01-10 18:27,2025-01-10 19:45
LAB726144,ENC111067,PT10489,CREAT,Creatinine,1.01,mg/dL,0.6,1.3,N,STAT,2025-01-10 18:30,2025-01-10 19:00,2025-01-10 19:55
LAB726145,ENC111067,PT10489,WBC,White Blood Cell Count,15.7,K/uL,4.5,11,H,Routine,2025-01-10 18:36,2025-01-10 18:52,2025-01-10 19:34
LAB726146,ENC111067,PT10489,HGB,Hemoglobin,15.6,g/dL,12,17.5,N,STAT,2025-01-10 17:45,2025-01-10 17:58,2025-01-10 18:23
LAB726147,ENC111068,PT10344,GLU,Glucose,81,mg/dL,70,99,N,Routine,2025-01-10 17:53,2025-01-10 18:15,2025-01-10 22:01
LAB726148,ENC111068,PT10344,CREAT,Creatinine,1.27,mg/dL,0.6,1.3,N,STAT,2025-01-10 17:49,2025-01-10 18:18,2025-01-10 19:01
LAB726149,ENC111068,PT10344,WBC,White Blood Cell Count,3.8,K/uL,4.5,11,L,STAT,2025-01-10 18:05,2025-01-10 18:40,2025-01-10 19:37
LAB726150,ENC111068,PT10344,HGB,Hemoglobin,13,g/dL,12,17.5,N,STAT,2025-01-10 18:26,2025-01-10 18:54,2025-01-10 19:27
LAB726151,ENC111068,PT10344,TROP,"Troponin I, High Sensitivity",8,ng/L,0,34,N,STAT,2025-01-10 17:35,2025-01-10 18:05,2025-01-10 19:35
LAB726152,ENC111068,PT10344,BNP,B-Type Natriuretic Peptide,1185,pg/mL,0,100,H,Routine,2025-01-10 18:07,2025-01-10 18:34,2025-01-10 22:06
LAB726153,ENC111069,PT10683,GLU,Glucose,103,mg/dL,70,99,H,STAT,2025-01-10 17:40,2025-01-10 18:02,2025-01-10 18:44
LAB726154,ENC111069,PT10683,CREAT,Creatinine,0.95,mg/dL,0.6,1.3,N,STAT,2025-01-10 17:59,2025-01-10 18:24,2025-01-10 18:52
LAB726155,ENC111069,PT10683,WBC,White Blood Cell Count,8.8,K/uL,4.5,11,N,STAT,2025-01-10 17:25,2025-01-10 17:42,2025-01-10 18:33
LAB726156,ENC111069,PT10683,HGB,Hemoglobin,12.8,g/dL,12,17.5,N,STAT,2025-01-10 17:18,2025-01-10 17:37,2025-01-10 19:42
LAB726157,ENC111070,PT12706,A1C,Hemoglobin A1c,5.5,%,4,5.6,N,Routine,2025-01-10 14:59,2025-01-10 15:20,2025-01-11 01:48
LAB726158,ENC111070,PT12706,GLU,Glucose,101,mg/dL,70,99,H,Routine,2025-01-10 15:00,2025-01-10 15:17,2025-01-10 17:01
LAB726159,ENC111070,PT12706,CREAT,Creatinine,1.24,mg/dL,0.6,1.3,N,Routine,2025-01-10 14:51,2025-01-10 15:13,2025-01-10 19:29
LAB726160,ENC111072,PT12239,GLU,Glucose,93,mg/dL,70,99,N,STAT,2025-01-10 15:29,2025-01-10 15:46,2025-01-10 16:55
LAB726161,ENC111072,PT12239,CREAT,Creatinine,0.87,mg/dL,0.6,1.3,N,Routine,2025-01-10 15:10,2025-01-10 15:27,2025-01-10 23:16
LAB726162,ENC111072,PT12239,WBC,White Blood Cell Count,9,K/uL,4.5,11,N,STAT,2025-01-10 15:36,2025-01-10 16:06,2025-01-10 16:47
LAB726163,ENC111072,PT12239,HGB,Hemoglobin,15.6,g/dL,12,17.5,N,Routine,2025-01-10 16:04,2025-01-10 16:35,2025-01-10 17:52
LAB726164,ENC111074,PT11934,GLU,Glucose,103,mg/dL,70,99,H,STAT,2025-01-10 16:04,2025-01-10 16:35,2025-01-10 17:21
LAB726165,ENC111074,PT11934,CREAT,Creatinine,0.99,mg/dL,0.6,1.3,N,STAT,2025-01-10 17:05,2025-01-10 17:20,2025-01-10 17:44
LAB726166,ENC111079,PT12060,GLU,Glucose,134,mg/dL,70,99,H,STAT,2025-01-10 23:32,2025-01-10 23:56,2025-01-11 00:34
LAB726167,ENC111079,PT12060,CREAT,Creatinine,1.83,mg/dL,0.6,1.3,H,STAT,2025-01-10 22:55,2025-01-10 23:23,2025-01-11 00:04
LAB726168,ENC111079,PT12060,WBC,White Blood Cell Count,19,K/uL,4.5,11,H,Routine,2025-01-10 23:16,2025-01-10 23:42,2025-01-11 01:31
LAB726169,ENC111079,PT12060,HGB,Hemoglobin,14,g/dL,12,17.5,N,Routine,2025-01-10 23:13,2025-01-10 23:41,2025-01-11 08:07
LAB726170,ENC111079,PT12060,LACT,Lactate,4.6,mmol/L,0.5,2,HH,STAT,2025-01-10 23:06,2025-01-10 23:26,2025-01-11 00:46
LAB726171,ENC111080,PT10676,GLU,Glucose,104,mg/dL,70,99,H,STAT,2025-01-11 00:23,2025-01-11 00:33,2025-01-11 01:40
LAB726172,ENC111080,PT10676,CREAT,Creatinine,1.07,mg/dL,0.6,1.3,N,STAT,2025-01-11 01:08,2025-01-11 01:32,2025-01-11 02:12
LAB726173,ENC111080,PT10676,WBC,White Blood Cell Count,9.8,K/uL,4.5,11,N,STAT,2025-01-11 00:55,2025-01-11 01:16,2025-01-11 02:02
LAB726174,ENC111080,PT10676,HGB,Hemoglobin,13.8,g/dL,12,17.5,N,Routine,2025-01-11 01:15,2025-01-11 01:39,2025-01-11 06:37
LAB726175,ENC111082,PT12553,GLU,Glucose,80,mg/dL,70,99,N,STAT,2025-01-10 23:06,2025-01-10 23:37,2025-01-11 00:37
LAB726176,ENC111082,PT12553,CREAT,Creatinine,2.75,mg/dL,0.6,1.3,H,STAT,2025-01-10 22:26,2025-01-10 22:48,2025-01-10 23:11
LAB726177,ENC111082,PT12553,WBC,White Blood Cell Count,7.4,K/uL,4.5,11,N,Routine,2025-01-10 22:45,2025-01-10 23:18,2025-01-11 01:55
LAB726178,ENC111082,PT12553,HGB,Hemoglobin,12.3,g/dL,12,17.5,N,Routine,2025-01-10 22:46,2025-01-10 22:59,2025-01-11 00:27
LAB726179,ENC111083,PT12049,GLU,Glucose,133,mg/dL,70,99,H,STAT,2025-01-11 04:34,2025-01-11 04:57,2025-01-11 05:48
LAB726180,ENC111083,PT12049,CREAT,Creatinine,1,mg/dL,0.6,1.3,N,Routine,2025-01-11 03:49,2025-01-11 03:53,2025-01-11 06:41
LAB726181,ENC111083,PT12049,WBC,White Blood Cell Count,9.5,K/uL,4.5,11,N,STAT,2025-01-11 04:30,2025-01-11 04:46,2025-01-11 05:23
LAB726182,ENC111083,PT12049,HGB,Hemoglobin,13,g/dL,12,17.5,N,STAT,2025-01-11 04:53,2025-01-11 05:23,2025-01-11 06:16
LAB726183,ENC111084,PT11676,GLU,Glucose,88,mg/dL,70,99,N,STAT,2025-01-11 00:28,2025-01-11 00:53,2025-01-11 01:26
LAB726184,ENC111084,PT11676,CREAT,Creatinine,1.3,mg/dL,0.6,1.3,N,STAT,2025-01-11 00:03,2025-01-11 00:29,2025-01-11 01:13
LAB726185,ENC111085,PT11725,GLU,Glucose,97,mg/dL,70,99,N,Routine,2025-01-11 00:41,2025-01-11 00:56,2025-01-11 03:28
LAB726186,ENC111085,PT11725,CREAT,Creatinine,0.71,mg/dL,0.6,1.3,N,STAT,2025-01-11 00:53,2025-01-11 01:01,2025-01-11 02:20
LAB726187,ENC111085,PT11725,WBC,White Blood Cell Count,7.3,K/uL,4.5,11,N,STAT,2025-01-11 00:59,2025-01-11 01:03,2025-01-11 01:36
LAB726188,ENC111085,PT11725,HGB,Hemoglobin,11.3,g/dL,12,17.5,L,Routine,2025-01-11 00:53,2025-01-11 00:57,2025-01-11 02:27
LAB726189,ENC111085,PT11725,INR,Prothrombin Time INR,1.1,ratio,0.8,1.2,N,Routine,2025-01-10 23:59,2025-01-11 00:33,2025-01-11 04:01
LAB726190,ENC111086,PT13588,GLU,Glucose,94,mg/dL,70,99,N,STAT,2025-01-11 01:40,2025-01-11 01:46,2025-01-11 03:07
LAB726191,ENC111086,PT13588,CREAT,Creatinine,2.71,mg/dL,0.6,1.3,H,STAT,2025-01-11 01:11,2025-01-11 01:39,2025-01-11 02:12
LAB726192,ENC111086,PT13588,WBC,White Blood Cell Count,5.4,K/uL,4.5,11,N,Routine,2025-01-11 01:08,2025-01-11 01:13,2025-01-11 01:57
LAB726193,ENC111086,PT13588,HGB,Hemoglobin,10.6,g/dL,12,17.5,L,STAT,2025-01-11 01:54,2025-01-11 01:58,2025-01-11 02:23
LAB726194,ENC111086,PT13588,INR,Prothrombin Time INR,2.5,ratio,0.8,1.2,H,Routine,2025-01-11 01:17,2025-01-11 01:42,2025-01-11 03:03
LAB726195,ENC111088,PT13303,GLU,Glucose,232,mg/dL,70,99,H,Routine,2025-01-11 04:50,2025-01-11 05:23,2025-01-11 10:13
LAB726196,ENC111088,PT13303,CREAT,Creatinine,1.27,mg/dL,0.6,1.3,N,STAT,2025-01-11 05:38,2025-01-11 06:09,2025-01-11 07:07
LAB726197,ENC111088,PT13303,WBC,White Blood Cell Count,14.9,K/uL,4.5,11,H,STAT,2025-01-11 05:28,2025-01-11 06:03,2025-01-11 06:30
LAB726198,ENC111088,PT13303,HGB,Hemoglobin,13,g/dL,12,17.5,N,STAT,2025-01-11 05:08,2025-01-11 05:22,2025-01-11 05:48
LAB726199,ENC111088,PT13303,BUN,Blood Urea Nitrogen,19,mg/dL,7,20,N,STAT,2025-01-11 04:56,2025-01-11 05:04,2025-01-11 05:40
LAB726200,ENC111088,PT13303,PLT,Platelet Count,225,K/uL,150,400,N,STAT,2025-01-11 05:28,2025-01-11 05:58,2025-01-11 06:44
LAB726201,ENC111088,PT13303,LACT,Lactate,3.1,mmol/L,0.5,2,H,STAT,2025-01-11 04:56,2025-01-11 05:30,2025-01-11 06:26
LAB726202,ENC111089,PT11336,GLU,Glucose,99,mg/dL,70,99,N,STAT,2025-01-11 07:49,2025-01-11 08:06,2025-01-11 08:29
LAB726203,ENC111089,PT11336,CREAT,Creatinine,0.74,mg/dL,0.6,1.3,N,STAT,2025-01-11 08:37,2025-01-11 08:58,2025-01-11 09:41
LAB726204,ENC111089,PT11336,WBC,White Blood Cell Count,7.2,K/uL,4.5,11,N,STAT,2025-01-11 07:57,2025-01-11 08:29,2025-01-11 09:28
LAB726205,ENC111089,PT11336,HGB,Hemoglobin,15.6,g/dL,12,17.5,N,STAT,2025-01-11 07:46,2025-01-11 07:54,2025-01-11 08:17
LAB726206,ENC111092,PT10499,GLU,Glucose,153,mg/dL,70,99,H,Routine,2025-01-11 10:40,2025-01-11 11:01,2025-01-11 15:58
LAB726207,ENC111092,PT10499,CREAT,Creatinine,0.97,mg/dL,0.6,1.3,N,Routine,2025-01-11 11:02,2025-01-11 11:16,2025-01-11 14:38
LAB726208,ENC111093,PT11024,GLU,Glucose,123,mg/dL,70,99,H,STAT,2025-01-11 13:23,2025-01-11 13:42,2025-01-11 14:58
LAB726209,ENC111093,PT11024,CREAT,Creatinine,4.34,mg/dL,0.6,1.3,H,STAT,2025-01-11 13:18,2025-01-11 13:27,2025-01-11 15:24
LAB726210,ENC111093,PT11024,WBC,White Blood Cell Count,9.6,K/uL,4.5,11,N,Routine,2025-01-11 13:14,2025-01-11 13:42,2025-01-11 15:06
LAB726211,ENC111093,PT11024,HGB,Hemoglobin,11.4,g/dL,12,17.5,L,STAT,2025-01-11 13:10,2025-01-11 13:42,2025-01-11 14:09
LAB726212,ENC111093,PT11024,NA,Sodium,140,mmol/L,136,145,N,Routine,2025-01-11 13:41,2025-01-11 13:49,2025-01-11 17:04
LAB726213,ENC111093,PT11024,K,Potassium,5.3,mmol/L,3.5,5.1,H,STAT,2025-01-11 13:36,2025-01-11 13:41,2025-01-11 14:53
LAB726214,ENC111094,PT12193,GLU,Glucose,239,mg/dL,70,99,H,STAT,2025-01-11 16:50,2025-01-11 17:12,2025-01-11 18:20
LAB726215,ENC111094,PT12193,CREAT,Creatinine,2.01,mg/dL,0.6,1.3,H,STAT,2025-01-11 16:08,2025-01-11 16:35,2025-01-11 17:23
LAB726216,ENC111094,PT12193,WBC,White Blood Cell Count,6.6,K/uL,4.5,11,N,Routine,2025-01-11 16:26,2025-01-11 16:46,2025-01-11 21:41
LAB726217,ENC111094,PT12193,HGB,Hemoglobin,12,g/dL,12,17.5,N,Routine,2025-01-11 16:03,2025-01-11 16:29,2025-01-11 18:13
LAB726218,ENC111094,PT12193,NA,Sodium,121,mmol/L,136,145,L,STAT,2025-01-11 16:21,2025-01-11 16:31,2025-01-11 16:58
LAB726219,ENC111094,PT12193,K,Potassium,4.4,mmol/L,3.5,5.1,N,STAT,2025-01-11 15:54,2025-01-11 16:11,2025-01-11 17:40
LAB726220,ENC111096,PT13081,GLU,Glucose,135,mg/dL,70,99,H,STAT,2025-01-11 17:54,2025-01-11 18:27,2025-01-11 19:15
LAB726221,ENC111096,PT13081,CREAT,Creatinine,2,mg/dL,0.6,1.3,H,STAT,2025-01-11 17:24,2025-01-11 17:39,2025-01-11 18:46
LAB726222,ENC111096,PT13081,WBC,White Blood Cell Count,14.9,K/uL,4.5,11,H,Routine,2025-01-11 17:23,2025-01-11 17:53,2025-01-11 19:30
LAB726223,ENC111096,PT13081,HGB,Hemoglobin,11.2,g/dL,12,17.5,L,Routine,2025-01-11 16:51,2025-01-11 17:01,2025-01-11 18:40
LAB726224,ENC111096,PT13081,LACT,Lactate,2.6,mmol/L,0.5,2,H,STAT,2025-01-11 17:24,2025-01-11 17:56,2025-01-11 19:18
LAB726225,ENC111097,PT11704,GLU,Glucose,100,mg/dL,70,99,H,STAT,2025-01-11 19:27,2025-01-11 19:34,2025-01-11 20:17
LAB726226,ENC111097,PT11704,CREAT,Creatinine,1.28,mg/dL,0.6,1.3,N,Routine,2025-01-11 18:46,2025-01-11 18:59,2025-01-11 21:45
LAB726227,ENC111097,PT11704,WBC,White Blood Cell Count,8.2,K/uL,4.5,11,N,STAT,2025-01-11 18:59,2025-01-11 19:05,2025-01-11 20:17
LAB726228,ENC111097,PT11704,HGB,Hemoglobin,13.8,g/dL,12,17.5,N,STAT,2025-01-11 18:32,2025-01-11 18:36,2025-01-11 19:48
LAB726229,ENC111098,PT13674,GLU,Glucose,112,mg/dL,70,99,H,Routine,2025-01-11 15:31,2025-01-11 15:53,2025-01-11 17:57
LAB726230,ENC111098,PT13674,CREAT,Creatinine,1.13,mg/dL,0.6,1.3,N,STAT,2025-01-11 16:06,2025-01-11 16:22,2025-01-11 17:08
LAB726231,ENC111098,PT13674,WBC,White Blood Cell Count,7.4,K/uL,4.5,11,N,Routine,2025-01-11 16:01,2025-01-11 16:28,2025-01-11 22:58
LAB726232,ENC111098,PT13674,HGB,Hemoglobin,13.5,g/dL,12,17.5,N,Routine,2025-01-11 16:05,2025-01-11 16:25,2025-01-11 19:22
LAB726233,ENC111100,PT12648,GLU,Glucose,206,mg/dL,70,99,H,STAT,2025-01-11 17:13,2025-01-11 17:28,2025-01-11 18:46
LAB726234,ENC111100,PT12648,CREAT,Creatinine,1.21,mg/dL,0.6,1.3,N,Routine,2025-01-11 16:35,2025-01-11 16:49,2025-01-11 18:48
LAB726235,ENC111101,PT12264,GLU,Glucose,170,mg/dL,70,99,H,STAT,2025-01-11 21:15,2025-01-11 21:43,2025-01-11 22:48
LAB726236,ENC111101,PT12264,CREAT,Creatinine,1.02,mg/dL,0.6,1.3,N,STAT,2025-01-11 21:29,2025-01-11 21:58,2025-01-11 23:43
LAB726237,ENC111101,PT12264,WBC,White Blood Cell Count,5,K/uL,4.5,11,N,Routine,2025-01-11 21:34,2025-01-11 21:47,2025-01-12 00:26
LAB726238,ENC111101,PT12264,HGB,Hemoglobin,15.1,g/dL,12,17.5,N,STAT,2025-01-11 20:26,2025-01-11 20:37,2025-01-11 21:35
LAB726239,ENC111101,PT12264,NA,Sodium,124,mmol/L,136,145,L,STAT,2025-01-11 20:41,2025-01-11 20:55,2025-01-11 21:46
LAB726240,ENC111101,PT12264,K,Potassium,4.4,mmol/L,3.5,5.1,N,STAT,2025-01-11 20:53,2025-01-11 21:09,2025-01-11 21:53
LAB726241,ENC111102,PT13585,GLU,Glucose,77,mg/dL,70,99,N,STAT,2025-01-11 20:04,2025-01-11 20:09,2025-01-11 20:45
LAB726242,ENC111102,PT13585,CREAT,Creatinine,0.87,mg/dL,0.6,1.3,N,STAT,2025-01-11 19:41,2025-01-11 20:16,2025-01-11 20:52
LAB726243,ENC111102,PT13585,WBC,White Blood Cell Count,6.5,K/uL,4.5,11,N,Routine,2025-01-11 19:48,2025-01-11 19:52,2025-01-12 02:21
LAB726244,ENC111102,PT13585,HGB,Hemoglobin,16.4,g/dL,12,17.5,N,STAT,2025-01-11 19:39,2025-01-11 20:04,2025-01-11 20:35
LAB726245,ENC111102,PT13585,INR,Prothrombin Time INR,1.1,ratio,0.8,1.2,N,STAT,2025-01-11 19:46,2025-01-11 20:19,2025-01-11 20:47
LAB726246,ENC111104,PT12676,GLU,Glucose,101,mg/dL,70,99,H,Routine,2025-01-11 23:16,2025-01-11 23:25,2025-01-12 00:41
LAB726247,ENC111104,PT12676,CREAT,Creatinine,1.3,mg/dL,0.6,1.3,N,Routine,2025-01-11 22:43,2025-01-11 23:16,2025-01-12 01:20
LAB726248,ENC111104,PT12676,WBC,White Blood Cell Count,8.5,K/uL,4.5,11,N,STAT,2025-01-11 23:50,2025-01-12 00:00,2025-01-12 00:56
LAB726249,ENC111104,PT12676,HGB,Hemoglobin,14.7,g/dL,12,17.5,N,STAT,2025-01-11 23:41,2025-01-11 23:56,2025-01-12 00:33
LAB726250,ENC111104,PT12676,NA,Sodium,142,mmol/L,136,145,N,Routine,2025-01-11 23:12,2025-01-11 23:17,2025-01-12 01:08
LAB726251,ENC111104,PT12676,K,Potassium,4.8,mmol/L,3.5,5.1,N,STAT,2025-01-11 23:02,2025-01-11 23:30,2025-01-12 00:15
LAB726252,ENC111104,PT12676,TROP,"Troponin I, High Sensitivity",579,ng/L,0,34,H,STAT,2025-01-11 23:28,2025-01-11 23:50,2025-01-12 00:26
LAB726253,ENC111105,PT13010,GLU,Glucose,119,mg/dL,70,99,H,STAT,2025-01-11 21:13,2025-01-11 21:23,2025-01-11 22:34
LAB726254,ENC111105,PT13010,CREAT,Creatinine,0.4,mg/dL,0.6,1.3,L,Routine,2025-01-11 21:14,2025-01-11 21:47,2025-01-11 23:26
LAB726255,ENC111105,PT13010,WBC,White Blood Cell Count,6.4,K/uL,4.5,11,N,STAT,2025-01-11 21:04,2025-01-11 21:18,2025-01-11 22:26
LAB726256,ENC111105,PT13010,HGB,Hemoglobin,13.6,g/dL,12,17.5,N,STAT,2025-01-11 21:38,2025-01-11 21:52,2025-01-11 22:21
LAB726257,ENC111105,PT13010,NA,Sodium,141,mmol/L,136,145,N,STAT,2025-01-11 21:08,2025-01-11 21:14,2025-01-11 22:01
LAB726258,ENC111105,PT13010,K,Potassium,3.8,mmol/L,3.5,5.1,N,STAT,2025-01-11 21:50,2025-01-11 22:20,2025-01-11 22:59
LAB726259,ENC111106,PT13251,GLU,Glucose,133,mg/dL,70,99,H,STAT,2025-01-11 22:14,2025-01-11 22:46,2025-01-11 23:44
LAB726260,ENC111106,PT13251,CREAT,Creatinine,0.85,mg/dL,0.6,1.3,N,Routine,2025-01-11 22:27,2025-01-11 23:00,2025-01-12 01:11
LAB726261,ENC111106,PT13251,WBC,White Blood Cell Count,6.8,K/uL,4.5,11,N,Routine,2025-01-11 22:24,2025-01-11 22:59,2025-01-12 02:05
LAB726262,ENC111106,PT13251,HGB,Hemoglobin,16,g/dL,12,17.5,N,Routine,2025-01-11 22:46,2025-01-11 22:55,2025-01-12 03:19
LAB726263,ENC111107,PT11278,GLU,Glucose,71,mg/dL,70,99,N,Routine,2025-01-12 00:21,2025-01-12 00:35,2025-01-12 04:03
LAB726264,ENC111107,PT11278,CREAT,Creatinine,2.66,mg/dL,0.6,1.3,H,STAT,2025-01-12 00:33,2025-01-12 00:37,2025-01-12 02:07
LAB726265,ENC111107,PT11278,WBC,White Blood Cell Count,4.7,K/uL,4.5,11,N,STAT,2025-01-12 00:47,2025-01-12 00:58,2025-01-12 01:52
LAB726266,ENC111107,PT11278,HGB,Hemoglobin,11.7,g/dL,12,17.5,L,Routine,2025-01-12 00:54,2025-01-12 01:09,2025-01-12 02:08
LAB726267,ENC111107,PT11278,NA,Sodium,128,mmol/L,136,145,L,STAT,2025-01-12 00:35,2025-01-12 00:57,2025-01-12 01:47
LAB726268,ENC111107,PT11278,K,Potassium,4.7,mmol/L,3.5,5.1,N,STAT,2025-01-12 00:17,2025-01-12 00:48,2025-01-12 01:44
LAB726269,ENC111109,PT11371,GLU,Glucose,74,mg/dL,70,99,N,Routine,2025-01-12 03:58,2025-01-12 04:18,2025-01-12 05:44
LAB726270,ENC111109,PT11371,CREAT,Creatinine,3.62,mg/dL,0.6,1.3,H,Routine,2025-01-12 03:59,2025-01-12 04:25,2025-01-12 06:09
LAB726271,ENC111109,PT11371,WBC,White Blood Cell Count,5.5,K/uL,4.5,11,N,STAT,2025-01-12 03:57,2025-01-12 04:02,2025-01-12 04:42
LAB726272,ENC111109,PT11371,HGB,Hemoglobin,11,g/dL,12,17.5,L,Routine,2025-01-12 04:06,2025-01-12 04:24,2025-01-12 06:28
LAB726273,ENC111109,PT11371,NA,Sodium,135,mmol/L,136,145,L,Routine,2025-01-12 03:58,2025-01-12 04:28,2025-01-12 06:35
LAB726274,ENC111109,PT11371,K,Potassium,5.4,mmol/L,3.5,5.1,H,STAT,2025-01-12 03:37,2025-01-12 03:41,2025-01-12 04:16
LAB726275,ENC111110,PT13187,GLU,Glucose,197,mg/dL,70,99,H,Routine,2025-01-12 03:54,2025-01-12 03:59,2025-01-12 11:29
LAB726276,ENC111110,PT13187,CREAT,Creatinine,0.97,mg/dL,0.6,1.3,N,STAT,2025-01-12 04:27,2025-01-12 05:02,2025-01-12 05:36
LAB726277,ENC111110,PT13187,WBC,White Blood Cell Count,8.3,K/uL,4.5,11,N,Routine,2025-01-12 04:45,2025-01-12 04:55,2025-01-12 06:31
LAB726278,ENC111110,PT13187,HGB,Hemoglobin,16.5,g/dL,12,17.5,N,Routine,2025-01-12 04:25,2025-01-12 05:00,2025-01-12 07:54
LAB726279,ENC111110,PT13187,NA,Sodium,138,mmol/L,136,145,N,STAT,2025-01-12 04:14,2025-01-12 04:21,2025-01-12 05:31
LAB726280,ENC111110,PT13187,K,Potassium,4.5,mmol/L,3.5,5.1,N,STAT,2025-01-12 03:47,2025-01-12 04:20,2025-01-12 04:49
LAB726281,ENC111111,PT13426,GLU,Glucose,124,mg/dL,70,99,H,Routine,2025-01-12 05:49,2025-01-12 06:10,2025-01-12 07:39
LAB726282,ENC111111,PT13426,CREAT,Creatinine,0.53,mg/dL,0.6,1.3,L,STAT,2025-01-12 04:52,2025-01-12 05:13,2025-01-12 05:45
LAB726283,ENC111111,PT13426,WBC,White Blood Cell Count,9.7,K/uL,4.5,11,N,STAT,2025-01-12 05:12,2025-01-12 05:28,2025-01-12 06:17
LAB726284,ENC111111,PT13426,HGB,Hemoglobin,12.1,g/dL,12,17.5,N,STAT,2025-01-12 05:54,2025-01-12 05:59,2025-01-12 06:33
LAB726285,ENC111112,PT12593,GLU,Glucose,105,mg/dL,70,99,H,STAT,2025-01-12 08:07,2025-01-12 08:40,2025-01-12 09:44
LAB726286,ENC111112,PT12593,CREAT,Creatinine,2.4,mg/dL,0.6,1.3,H,STAT,2025-01-12 07:53,2025-01-12 08:04,2025-01-12 09:26
LAB726287,ENC111114,PT11101,GLU,Glucose,174,mg/dL,70,99,H,Routine,2025-01-12 14:04,2025-01-12 14:31,2025-01-12 18:26
LAB726288,ENC111114,PT11101,CREAT,Creatinine,0.8,mg/dL,0.6,1.3,N,STAT,2025-01-12 13:50,2025-01-12 14:01,2025-01-12 14:18
LAB726289,ENC111114,PT11101,WBC,White Blood Cell Count,10.1,K/uL,4.5,11,N,STAT,2025-01-12 14:11,2025-01-12 14:24,2025-01-12 15:01
LAB726290,ENC111114,PT11101,HGB,Hemoglobin,13.9,g/dL,12,17.5,N,Routine,2025-01-12 14:18,2025-01-12 14:48,2025-01-12 16:25
LAB726291,ENC111115,PT11715,GLU,Glucose,107,mg/dL,70,99,H,Routine,2025-01-12 10:56,2025-01-12 11:09,2025-01-12 13:17
LAB726292,ENC111115,PT11715,CREAT,Creatinine,0.35,mg/dL,0.6,1.3,L,STAT,2025-01-12 10:49,2025-01-12 11:21,2025-01-12 12:04
LAB726293,ENC111115,PT11715,WBC,White Blood Cell Count,7.2,K/uL,4.5,11,N,STAT,2025-01-12 10:05,2025-01-12 10:29,2025-01-12 11:44
LAB726294,ENC111115,PT11715,HGB,Hemoglobin,11.3,g/dL,12,17.5,L,STAT,2025-01-12 10:43,2025-01-12 11:10,2025-01-12 11:47
LAB726295,ENC111117,PT11923,GLU,Glucose,121,mg/dL,70,99,H,STAT,2025-01-12 13:48,2025-01-12 14:00,2025-01-12 14:41
LAB726296,ENC111117,PT11923,CREAT,Creatinine,1.25,mg/dL,0.6,1.3,N,STAT,2025-01-12 14:22,2025-01-12 14:56,2025-01-12 15:22
LAB726297,ENC111117,PT11923,WBC,White Blood Cell Count,6.1,K/uL,4.5,11,N,STAT,2025-01-12 13:53,2025-01-12 14:17,2025-01-12 14:45
LAB726298,ENC111117,PT11923,HGB,Hemoglobin,15.9,g/dL,12,17.5,N,STAT,2025-01-12 13:35,2025-01-12 14:00,2025-01-12 17:12
LAB726299,ENC111117,PT11923,TROP,"Troponin I, High Sensitivity",90,ng/L,0,34,H,STAT,2025-01-12 14:01,2025-01-12 14:23,2025-01-12 15:17
LAB726300,ENC111117,PT11923,BNP,B-Type Natriuretic Peptide,2921,pg/mL,0,100,H,Routine,2025-01-12 13:46,2025-01-12 14:09,2025-01-12 17:46
LAB726301,ENC111118,PT12277,GLU,Glucose,89,mg/dL,70,99,N,STAT,2025-01-12 13:09,2025-01-12 13:31,2025-01-12 14:21
LAB726302,ENC111118,PT12277,CREAT,Creatinine,1.36,mg/dL,0.6,1.3,H,STAT,2025-01-12 13:19,2025-01-12 13:50,2025-01-12 14:16
LAB726303,ENC111118,PT12277,TROP,"Troponin I, High Sensitivity",4,ng/L,0,34,N,STAT,2025-01-12 13:05,2025-01-12 13:38,2025-01-12 14:27
LAB726304,ENC111120,PT10900,GLU,Glucose,93,mg/dL,70,99,N,STAT,2025-01-12 18:06,2025-01-12 18:37,2025-01-12 19:05
LAB726305,ENC111120,PT10900,CREAT,Creatinine,1.28,mg/dL,0.6,1.3,N,STAT,2025-01-12 17:42,2025-01-12 17:48,2025-01-12 18:44
LAB726306,ENC111120,PT10900,WBC,White Blood Cell Count,17.9,K/uL,4.5,11,H,STAT,2025-01-12 17:57,2025-01-12 18:07,2025-01-12 19:13
LAB726307,ENC111120,PT10900,HGB,Hemoglobin,11.8,g/dL,12,17.5,L,STAT,2025-01-12 17:36,2025-01-12 17:56,2025-01-12 18:41
LAB726308,ENC111120,PT10900,BUN,Blood Urea Nitrogen,11,mg/dL,7,20,N,STAT,2025-01-12 18:44,2025-01-12 18:58,2025-01-12 20:22
LAB726309,ENC111120,PT10900,PLT,Platelet Count,176,K/uL,150,400,N,Routine,2025-01-12 18:34,2025-01-12 18:45,2025-01-13 00:14
LAB726310,ENC111121,PT11987,GLU,Glucose,130,mg/dL,70,99,H,STAT,2025-01-12 19:27,2025-01-12 20:00,2025-01-12 20:26
LAB726311,ENC111121,PT11987,CREAT,Creatinine,4.25,mg/dL,0.6,1.3,H,STAT,2025-01-12 19:30,2025-01-12 19:59,2025-01-12 20:36
LAB726312,ENC111121,PT11987,WBC,White Blood Cell Count,5.8,K/uL,4.5,11,N,Routine,2025-01-12 19:26,2025-01-12 19:47,2025-01-12 22:24
LAB726313,ENC111121,PT11987,HGB,Hemoglobin,12.9,g/dL,12,17.5,N,Routine,2025-01-12 19:00,2025-01-12 19:14,2025-01-12 22:39
LAB726314,ENC111121,PT11987,NA,Sodium,141,mmol/L,136,145,N,STAT,2025-01-12 19:10,2025-01-12 19:45,2025-01-12 20:17
LAB726315,ENC111121,PT11987,K,Potassium,5.9,mmol/L,3.5,5.1,H,STAT,2025-01-12 18:43,2025-01-12 19:09,2025-01-12 20:20
LAB726316,ENC111121,PT11987,BUN,Blood Urea Nitrogen,14,mg/dL,7,20,N,STAT,2025-01-12 19:06,2025-01-12 19:23,2025-01-12 20:05
LAB726317,ENC111121,PT11987,PLT,Platelet Count,271,K/uL,150,400,N,STAT,2025-01-12 18:49,2025-01-12 19:10,2025-01-12 20:04
LAB726318,ENC111124,PT13086,GLU,Glucose,115,mg/dL,70,99,H,Routine,2025-01-12 19:54,2025-01-12 19:58,2025-01-12 23:14
LAB726319,ENC111124,PT13086,CREAT,Creatinine,3.42,mg/dL,0.6,1.3,H,STAT,2025-01-12 20:17,2025-01-12 20:37,2025-01-12 21:09
LAB726320,ENC111124,PT13086,WBC,White Blood Cell Count,7.9,K/uL,4.5,11,N,Routine,2025-01-12 20:19,2025-01-12 20:41,2025-01-12 21:47
LAB726321,ENC111124,PT13086,HGB,Hemoglobin,14.7,g/dL,12,17.5,N,Routine,2025-01-12 20:14,2025-01-12 20:26,2025-01-12 22:41
LAB726322,ENC111124,PT13086,NA,Sodium,140,mmol/L,136,145,N,STAT,2025-01-12 20:40,2025-01-12 20:44,2025-01-12 21:53
LAB726323,ENC111124,PT13086,K,Potassium,6.3,mmol/L,3.5,5.1,HH,STAT,2025-01-12 19:44,2025-01-12 20:01,2025-01-12 20:23
LAB726324,ENC111125,PT10795,GLU,Glucose,172,mg/dL,70,99,H,STAT,2025-01-12 16:00,2025-01-12 16:21,2025-01-12 17:00
LAB726325,ENC111125,PT10795,CREAT,Creatinine,0.71,mg/dL,0.6,1.3,N,STAT,2025-01-12 16:09,2025-01-12 16:32,2025-01-12 17:16
LAB726326,ENC111125,PT10795,WBC,White Blood Cell Count,3,K/uL,4.5,11,L,Routine,2025-01-12 16:16,2025-01-12 16:25,2025-01-12 17:57
LAB726327,ENC111125,PT10795,HGB,Hemoglobin,17.3,g/dL,12,17.5,N,Routine,2025-01-12 16:06,2025-01-12 16:26,2025-01-12 18:23
LAB726328,ENC111125,PT10795,LACT,Lactate,2.4,mmol/L,0.5,2,H,STAT,2025-01-12 15:57,2025-01-12 16:07,2025-01-12 17:19
LAB726329,ENC111126,PT13991,GLU,Glucose,156,mg/dL,70,99,H,Routine,2025-01-12 21:52,2025-01-12 22:25,2025-01-12 23:05
LAB726330,ENC111126,PT13991,CREAT,Creatinine,1.12,mg/dL,0.6,1.3,N,Routine,2025-01-12 21:51,2025-01-12 21:55,2025-01-13 00:24
LAB726331,ENC111126,PT13991,WBC,White Blood Cell Count,12.8,K/uL,4.5,11,H,STAT,2025-01-12 21:52,2025-01-12 21:58,2025-01-12 22:37
LAB726332,ENC111126,PT13991,HGB,Hemoglobin,14.9,g/dL,12,17.5,N,STAT,2025-01-12 22:22,2025-01-12 22:44,2025-01-12 23:44
LAB726333,ENC111127,PT10722,GLU,Glucose,104,mg/dL,70,99,H,STAT,2025-01-12 18:18,2025-01-12 18:35,2025-01-12 19:18
LAB726334,ENC111127,PT10722,CREAT,Creatinine,0.63,mg/dL,0.6,1.3,N,STAT,2025-01-12 18:06,2025-01-12 18:16,2025-01-12 18:50
LAB726335,ENC111127,PT10722,WBC,White Blood Cell Count,12.7,K/uL,4.5,11,H,STAT,2025-01-12 17:51,2025-01-12 17:55,2025-01-12 18:23
LAB726336,ENC111127,PT10722,HGB,Hemoglobin,14.4,g/dL,12,17.5,N,Routine,2025-01-12 18:13,2025-01-12 18:19,2025-01-12 20:37
LAB726337,ENC111129,PT10251,GLU,Glucose,113,mg/dL,70,99,H,Routine,2025-01-12 22:58,2025-01-12 23:06,2025-01-13 01:59
LAB726338,ENC111129,PT10251,CREAT,Creatinine,1.09,mg/dL,0.6,1.3,N,Routine,2025-01-12 22:58,2025-01-12 23:20,2025-01-13 03:37
LAB726339,ENC111129,PT10251,WBC,White Blood Cell Count,5.1,K/uL,4.5,11,N,STAT,2025-01-12 23:13,2025-01-12 23:26,2025-01-13 00:17
LAB726340,ENC111129,PT10251,HGB,Hemoglobin,14.1,g/dL,12,17.5,N,Routine,2025-01-12 22:51,2025-01-12 23:00,2025-01-13 02:06
LAB726341,ENC111129,PT10251,TROP,"Troponin I, High Sensitivity",46,ng/L,0,34,H,STAT,2025-01-12 22:31,2025-01-12 22:46,2025-01-12 23:20
LAB726342,ENC111129,PT10251,BNP,B-Type Natriuretic Peptide,1266,pg/mL,0,100,H,STAT,2025-01-12 22:31,2025-01-12 22:40,2025-01-12 23:26
LAB726343,ENC111131,PT13531,GLU,Glucose,181,mg/dL,70,99,H,Routine,2025-01-12 18:49,2025-01-12 19:15,2025-01-12 22:30
LAB726344,ENC111131,PT13531,CREAT,Creatinine,0.83,mg/dL,0.6,1.3,N,STAT,2025-01-12 18:30,2025-01-12 19:03,2025-01-12 19:52
LAB726345,ENC111131,PT13531,WBC,White Blood Cell Count,6.4,K/uL,4.5,11,N,Routine,2025-01-12 18:51,2025-01-12 18:59,2025-01-12 22:04
LAB726346,ENC111131,PT13531,HGB,Hemoglobin,13.9,g/dL,12,17.5,N,STAT,2025-01-12 19:28,2025-01-12 19:57,2025-01-12 20:27
LAB726347,ENC111132,PT10285,GLU,Glucose,100,mg/dL,70,99,H,STAT,2025-01-12 20:03,2025-01-12 20:25,2025-01-12 20:41
LAB726348,ENC111132,PT10285,CREAT,Creatinine,3.15,mg/dL,0.6,1.3,H,Routine,2025-01-12 20:02,2025-01-12 20:25,2025-01-12 23:31
LAB726349,ENC111132,PT10285,WBC,White Blood Cell Count,9.3,K/uL,4.5,11,N,Routine,2025-01-12 19:37,2025-01-12 19:53,2025-01-13 00:31
LAB726350,ENC111132,PT10285,HGB,Hemoglobin,12.4,g/dL,12,17.5,N,STAT,2025-01-12 20:26,2025-01-12 20:59,2025-01-12 22:08
LAB726351,ENC111132,PT10285,NA,Sodium,137,mmol/L,136,145,N,STAT,2025-01-12 20:08,2025-01-12 20:21,2025-01-12 21:03
LAB726352,ENC111132,PT10285,K,Potassium,5.7,mmol/L,3.5,5.1,H,STAT,2025-01-12 19:28,2025-01-12 19:59,2025-01-12 21:07
LAB726353,ENC111133,PT11461,GLU,Glucose,172,mg/dL,70,99,H,Routine,2025-01-12 23:17,2025-01-12 23:50,2025-01-13 02:30
LAB726354,ENC111133,PT11461,CREAT,Creatinine,1.77,mg/dL,0.6,1.3,H,STAT,2025-01-12 23:21,2025-01-12 23:42,2025-01-13 00:38
LAB726355,ENC111133,PT11461,WBC,White Blood Cell Count,3,K/uL,4.5,11,L,Routine,2025-01-12 23:08,2025-01-12 23:33,2025-01-13 01:06
LAB726356,ENC111133,PT11461,HGB,Hemoglobin,13.1,g/dL,12,17.5,N,STAT,2025-01-12 23:04,2025-01-12 23:39,2025-01-13 00:25
LAB726357,ENC111133,PT11461,NA,Sodium,143,mmol/L,136,145,N,Routine,2025-01-12 23:18,2025-01-12 23:28,2025-01-13 01:36
LAB726358,ENC111133,PT11461,K,Potassium,3.8,mmol/L,3.5,5.1,N,STAT,2025-01-12 23:36,2025-01-13 00:11,2025-01-13 00:40
LAB726359,ENC111133,PT11461,LACT,Lactate,3.3,mmol/L,0.5,2,H,STAT,2025-01-12 23:17,2025-01-12 23:33,2025-01-13 00:32
LAB726360,ENC111134,PT13850,GLU,Glucose,102,mg/dL,70,99,H,STAT,2025-01-13 02:00,2025-01-13 02:32,2025-01-13 03:45
LAB726361,ENC111134,PT13850,CREAT,Creatinine,1.32,mg/dL,0.6,1.3,H,STAT,2025-01-13 01:42,2025-01-13 02:00,2025-01-13 02:29
LAB726362,ENC111134,PT13850,WBC,White Blood Cell Count,13.2,K/uL,4.5,11,H,Routine,2025-01-13 02:22,2025-01-13 02:52,2025-01-13 07:43
LAB726363,ENC111134,PT13850,HGB,Hemoglobin,14,g/dL,12,17.5,N,STAT,2025-01-13 01:47,2025-01-13 02:17,2025-01-13 03:03
LAB726364,ENC111134,PT13850,NA,Sodium,137,mmol/L,136,145,N,STAT,2025-01-13 01:46,2025-01-13 02:05,2025-01-13 02:40
LAB726365,ENC111134,PT13850,K,Potassium,4.2,mmol/L,3.5,5.1,N,STAT,2025-01-13 02:04,2025-01-13 02:28,2025-01-13 03:43
LAB726366,ENC111134,PT13850,BUN,Blood Urea Nitrogen,12,mg/dL,7,20,N,Routine,2025-01-13 02:13,2025-01-13 02:44,2025-01-13 04:04
LAB726367,ENC111134,PT13850,PLT,Platelet Count,291,K/uL,150,400,N,Routine,2025-01-13 01:47,2025-01-13 01:58,2025-01-13 04:18
LAB726368,ENC111135,PT13543,GLU,Glucose,80,mg/dL,70,99,N,STAT,2025-01-12 21:45,2025-01-12 21:53,2025-01-12 22:56
LAB726369,ENC111135,PT13543,CREAT,Creatinine,1.04,mg/dL,0.6,1.3,N,Routine,2025-01-12 21:24,2025-01-12 21:54,2025-01-13 01:38
LAB726370,ENC111135,PT13543,WBC,White Blood Cell Count,8.9,K/uL,4.5,11,N,STAT,2025-01-12 21:03,2025-01-12 21:12,2025-01-12 22:13
LAB726371,ENC111136,PT10691,GLU,Glucose,121,mg/dL,70,99,H,STAT,2025-01-12 21:43,2025-01-12 21:52,2025-01-12 22:24
LAB726372,ENC111136,PT10691,CREAT,Creatinine,1.04,mg/dL,0.6,1.3,N,STAT,2025-01-12 21:25,2025-01-12 21:58,2025-01-12 22:27
LAB726373,ENC111136,PT10691,WBC,White Blood Cell Count,9.1,K/uL,4.5,11,N,STAT,2025-01-12 22:23,2025-01-12 22:28,2025-01-12 23:38
LAB726374,ENC111136,PT10691,TROP,"Troponin I, High Sensitivity",7,ng/L,0,34,N,STAT,2025-01-12 22:06,2025-01-12 22:10,2025-01-12 22:29
LAB726375,ENC111137,PT12093,GLU,Glucose,172,mg/dL,70,99,H,Routine,2025-01-12 22:15,2025-01-12 22:26,2025-01-13 05:21
LAB726376,ENC111137,PT12093,CREAT,Creatinine,0.83,mg/dL,0.6,1.3,N,Routine,2025-01-12 21:58,2025-01-12 22:08,2025-01-13 03:50
LAB726377,ENC111137,PT12093,WBC,White Blood Cell Count,8.9,K/uL,4.5,11,N,Routine,2025-01-12 22:52,2025-01-12 23:15,2025-01-13 01:54
LAB726378,ENC111137,PT12093,HGB,Hemoglobin,13.7,g/dL,12,17.5,N,Routine,2025-01-12 22:11,2025-01-12 22:43,2025-01-13 04:14
LAB726379,ENC111138,PT12455,GLU,Glucose,88,mg/dL,70,99,N,Routine,2025-01-12 22:56,2025-01-12 23:10,2025-01-13 00:55
LAB726380,ENC111138,PT12455,CREAT,Creatinine,1.1,mg/dL,0.6,1.3,N,STAT,2025-01-12 22:38,2025-01-12 23:05,2025-01-13 00:16
LAB726381,ENC111138,PT12455,WBC,White Blood Cell Count,12.2,K/uL,4.5,11,H,STAT,2025-01-12 23:18,2025-01-12 23:30,2025-01-13 00:03
LAB726382,ENC111138,PT12455,HGB,Hemoglobin,10.4,g/dL,12,17.5,L,STAT,2025-01-12 23:25,2025-01-12 23:55,2025-01-13 00:26
LAB726383,ENC111139,PT12817,GLU,Glucose,199,mg/dL,70,99,H,STAT,2025-01-12 23:21,2025-01-12 23:40,2025-01-13 00:37
LAB726384,ENC111139,PT12817,CREAT,Creatinine,0.59,mg/dL,0.6,1.3,L,Routine,2025-01-12 23:39,2025-01-13 00:13,2025-01-13 02:41
LAB726385,ENC111139,PT12817,WBC,White Blood Cell Count,12.3,K/uL,4.5,11,H,STAT,2025-01-12 23:16,2025-01-12 23:51,2025-01-13 00:30
LAB726386,ENC111139,PT12817,HGB,Hemoglobin,16.4,g/dL,12,17.5,N,Routine,2025-01-12 22:53,2025-01-12 23:10,2025-01-13 00:49
LAB726387,ENC111141,PT11545,GLU,Glucose,99,mg/dL,70,99,N,STAT,2025-01-13 04:02,2025-01-13 04:10,2025-01-13 05:50
LAB726388,ENC111141,PT11545,CREAT,Creatinine,0.86,mg/dL,0.6,1.3,N,Routine,2025-01-13 04:16,2025-01-13 04:31,2025-01-13 08:01
LAB726389,ENC111141,PT11545,WBC,White Blood Cell Count,8.4,K/uL,4.5,11,N,STAT,2025-01-13 03:58,2025-01-13 04:22,2025-01-13 04:59
LAB726390,ENC111141,PT11545,HGB,Hemoglobin,8.9,g/dL,12,17.5,L,STAT,2025-01-13 03:56,2025-01-13 04:29,2025-01-13 05:17
LAB726391,ENC111141,PT11545,LACT,Lactate,2.3,mmol/L,0.5,2,H,STAT,2025-01-13 04:14,2025-01-13 04:41,2025-01-13 05:27
LAB726392,ENC111141,PT11545,INR,Prothrombin Time INR,1.3,ratio,0.8,1.2,H,STAT,2025-01-13 03:50,2025-01-13 04:16,2025-01-13 04:52
LAB726393,ENC111142,PT10905,GLU,Glucose,118,mg/dL,70,99,H,STAT,2025-01-13 02:24,2025-01-13 02:30,2025-01-13 03:01
LAB726394,ENC111142,PT10905,CREAT,Creatinine,2.12,mg/dL,0.6,1.3,H,STAT,2025-01-13 02:40,2025-01-13 03:14,2025-01-13 04:01
LAB726395,ENC111142,PT10905,WBC,White Blood Cell Count,16.3,K/uL,4.5,11,H,STAT,2025-01-13 02:41,2025-01-13 02:52,2025-01-13 04:02
LAB726396,ENC111143,PT13750,GLU,Glucose,110,mg/dL,70,99,H,STAT,2025-01-13 06:17,2025-01-13 06:35,2025-01-13 07:18
LAB726397,ENC111143,PT13750,CREAT,Creatinine,0.89,mg/dL,0.6,1.3,N,Routine,2025-01-13 06:04,2025-01-13 06:16,2025-01-13 09:27
LAB726398,ENC111143,PT13750,WBC,White Blood Cell Count,13.9,K/uL,4.5,11,H,STAT,2025-01-13 06:35,2025-01-13 06:43,2025-01-13 07:25
LAB726399,ENC111144,PT10417,GLU,Glucose,59,mg/dL,70,99,L,STAT,2025-01-13 06:55,2025-01-13 07:01,2025-01-13 08:12
LAB726400,ENC111144,PT10417,CREAT,Creatinine,0.89,mg/dL,0.6,1.3,N,STAT,2025-01-13 07:20,2025-01-13 07:36,2025-01-13 08:40
LAB726401,ENC111144,PT10417,WBC,White Blood Cell Count,5.7,K/uL,4.5,11,N,STAT,2025-01-13 06:35,2025-01-13 06:50,2025-01-13 08:03
LAB726402,ENC111144,PT10417,HGB,Hemoglobin,12.9,g/dL,12,17.5,N,STAT,2025-01-13 06:59,2025-01-13 07:11,2025-01-13 07:46
LAB726403,ENC111144,PT10417,LACT,Lactate,1.8,mmol/L,0.5,2,N,STAT,2025-01-13 06:58,2025-01-13 07:17,2025-01-13 07:45
LAB726404,ENC111149,PT11575,GLU,Glucose,109,mg/dL,70,99,H,STAT,2025-01-13 12:15,2025-01-13 12:33,2025-01-13 13:10
LAB726405,ENC111149,PT11575,CREAT,Creatinine,1.74,mg/dL,0.6,1.3,H,STAT,2025-01-13 12:49,2025-01-13 12:53,2025-01-13 13:28
LAB726406,ENC111149,PT11575,WBC,White Blood Cell Count,14.6,K/uL,4.5,11,H,STAT,2025-01-13 12:54,2025-01-13 13:18,2025-01-13 14:22
LAB726407,ENC111149,PT11575,HGB,Hemoglobin,10.8,g/dL,12,17.5,L,Routine,2025-01-13 11:50,2025-01-13 12:14,2025-01-13 13:35
LAB726408,ENC111150,PT12611,GLU,Glucose,95,mg/dL,70,99,N,STAT,2025-01-13 09:23,2025-01-13 09:54,2025-01-13 10:48
LAB726409,ENC111150,PT12611,CREAT,Creatinine,1,mg/dL,0.6,1.3,N,STAT,2025-01-13 09:40,2025-01-13 10:15,2025-01-13 10:47
LAB726410,ENC111150,PT12611,WBC,White Blood Cell Count,7.5,K/uL,4.5,11,N,STAT,2025-01-13 09:18,2025-01-13 09:44,2025-01-13 10:39
LAB726411,ENC111150,PT12611,HGB,Hemoglobin,13.4,g/dL,12,17.5,N,STAT,2025-01-13 09:34,2025-01-13 09:39,2025-01-13 10:36
LAB726412,ENC111152,PT12192,GLU,Glucose,89,mg/dL,70,99,N,STAT,2025-01-13 09:59,2025-01-13 10:03,2025-01-13 11:13
LAB726413,ENC111152,PT12192,CREAT,Creatinine,0.61,mg/dL,0.6,1.3,N,Routine,2025-01-13 09:47,2025-01-13 09:57,2025-01-13 11:33
LAB726414,ENC111152,PT12192,WBC,White Blood Cell Count,5.2,K/uL,4.5,11,N,STAT,2025-01-13 10:32,2025-01-13 10:39,2025-01-13 11:01
LAB726415,ENC111152,PT12192,HGB,Hemoglobin,13.2,g/dL,12,17.5,N,STAT,2025-01-13 09:48,2025-01-13 09:57,2025-01-13 10:44
LAB726416,ENC111152,PT12192,NA,Sodium,140,mmol/L,136,145,N,Routine,2025-01-13 09:41,2025-01-13 10:07,2025-01-13 16:53
LAB726417,ENC111152,PT12192,K,Potassium,4.4,mmol/L,3.5,5.1,N,STAT,2025-01-13 09:49,2025-01-13 09:56,2025-01-13 10:58
LAB726418,ENC111157,PT10332,A1C,Hemoglobin A1c,10.1,%,4,5.6,H,Routine,2025-01-13 10:38,2025-01-13 10:52,2025-01-13 16:53
LAB726419,ENC111159,PT10592,GLU,Glucose,165,mg/dL,70,99,H,STAT,2025-01-13 13:16,2025-01-13 13:45,2025-01-13 15:06
LAB726420,ENC111159,PT10592,CREAT,Creatinine,0.81,mg/dL,0.6,1.3,N,STAT,2025-01-13 13:23,2025-01-13 13:54,2025-01-13 14:35
LAB726421,ENC111159,PT10592,WBC,White Blood Cell Count,12.6,K/uL,4.5,11,H,STAT,2025-01-13 12:44,2025-01-13 13:01,2025-01-13 13:36
LAB726422,ENC111159,PT10592,HGB,Hemoglobin,11.8,g/dL,12,17.5,L,STAT,2025-01-13 12:46,2025-01-13 12:52,2025-01-13 13:50
LAB726423,ENC111160,PT10604,GLU,Glucose,181,mg/dL,70,99,H,STAT,2025-01-13 15:11,2025-01-13 15:39,2025-01-13 16:43
LAB726424,ENC111160,PT10604,CREAT,Creatinine,0.9,mg/dL,0.6,1.3,N,STAT,2025-01-13 15:38,2025-01-13 15:48,2025-01-13 16:15
LAB726425,ENC111160,PT10604,WBC,White Blood Cell Count,7.5,K/uL,4.5,11,N,STAT,2025-01-13 15:34,2025-01-13 15:49,2025-01-13 16:44
LAB726426,ENC111160,PT10604,HGB,Hemoglobin,7.3,g/dL,12,17.5,L,STAT,2025-01-13 15:26,2025-01-13 15:44,2025-01-13 16:34
LAB726427,ENC111160,PT10604,NA,Sodium,142,mmol/L,136,145,N,STAT,2025-01-13 15:08,2025-01-13 15:16,2025-01-13 16:20
LAB726428,ENC111160,PT10604,K,Potassium,4.1,mmol/L,3.5,5.1,N,STAT,2025-01-13 14:41,2025-01-13 14:51,2025-01-13 15:46
LAB726429,ENC111160,PT10604,INR,Prothrombin Time INR,0.9,ratio,0.8,1.2,N,STAT,2025-01-13 14:54,2025-01-13 15:09,2025-01-13 15:44
LAB726430,ENC111161,PT10021,GLU,Glucose,95,mg/dL,70,99,N,STAT,2025-01-13 14:44,2025-01-13 15:18,2025-01-13 16:24
LAB726431,ENC111161,PT10021,CREAT,Creatinine,0.86,mg/dL,0.6,1.3,N,STAT,2025-01-13 14:27,2025-01-13 15:01,2025-01-13 15:59
LAB726432,ENC111161,PT10021,WBC,White Blood Cell Count,9.3,K/uL,4.5,11,N,STAT,2025-01-13 14:33,2025-01-13 14:59,2025-01-13 15:56
LAB726433,ENC111161,PT10021,HGB,Hemoglobin,12.4,g/dL,12,17.5,N,Routine,2025-01-13 15:09,2025-01-13 15:35,2025-01-13 19:11
LAB726434,ENC111166,PT10814,GLU,Glucose,107,mg/dL,70,99,H,STAT,2025-01-13 14:24,2025-01-13 14:58,2025-01-13 16:05
LAB726435,ENC111166,PT10814,CREAT,Creatinine,0.94,mg/dL,0.6,1.3,N,Routine,2025-01-13 13:38,2025-01-13 13:58,2025-01-13 15:30
LAB726436,ENC111168,PT11666,GLU,Glucose,132,mg/dL,70,99,H,Routine,2025-01-13 16:31,2025-01-13 16:57,2025-01-13 20:21
LAB726437,ENC111168,PT11666,CREAT,Creatinine,1.11,mg/dL,0.6,1.3,N,Routine,2025-01-13 16:49,2025-01-13 17:19,2025-01-13 18:42
LAB726438,ENC111168,PT11666,WBC,White Blood Cell Count,6.7,K/uL,4.5,11,N,STAT,2025-01-13 16:17,2025-01-13 16:49,2025-01-13 17:43
LAB726439,ENC111168,PT11666,HGB,Hemoglobin,13.5,g/dL,12,17.5,N,STAT,2025-01-13 16:23,2025-01-13 16:47,2025-01-13 17:29
LAB726440,ENC111168,PT11666,NA,Sodium,119,mmol/L,136,145,LL,STAT,2025-01-13 16:52,2025-01-13 17:11,2025-01-13 17:57
LAB726441,ENC111168,PT11666,K,Potassium,4.7,mmol/L,3.5,5.1,N,STAT,2025-01-13 16:55,2025-01-13 17:01,2025-01-13 17:39
LAB726442,ENC111169,PT10728,GLU,Glucose,107,mg/dL,70,99,H,Routine,2025-01-13 14:49,2025-01-13 15:02,2025-01-13 17:00
LAB726443,ENC111169,PT10728,CREAT,Creatinine,0.4,mg/dL,0.6,1.3,L,STAT,2025-01-13 13:59,2025-01-13 14:22,2025-01-13 14:56
LAB726444,ENC111169,PT10728,WBC,White Blood Cell Count,14,K/uL,4.5,11,H,Routine,2025-01-13 14:35,2025-01-13 15:07,2025-01-13 18:28
LAB726445,ENC111169,PT10728,HGB,Hemoglobin,13.2,g/dL,12,17.5,N,STAT,2025-01-13 14:35,2025-01-13 14:56,2025-01-13 15:42
LAB726446,ENC111170,PT13907,GLU,Glucose,178,mg/dL,70,99,H,Routine,2025-01-13 17:58,2025-01-13 18:20,2025-01-13 20:55
LAB726447,ENC111170,PT13907,CREAT,Creatinine,1.01,mg/dL,0.6,1.3,N,STAT,2025-01-13 17:34,2025-01-13 17:38,2025-01-13 18:15
LAB726448,ENC111170,PT13907,WBC,White Blood Cell Count,12.4,K/uL,4.5,11,H,STAT,2025-01-13 18:00,2025-01-13 18:31,2025-01-13 19:10
LAB726449,ENC111170,PT13907,HGB,Hemoglobin,11.9,g/dL,12,17.5,L,Routine,2025-01-13 18:06,2025-01-13 18:11,2025-01-13 19:41
LAB726450,ENC111171,PT12484,GLU,Glucose,124,mg/dL,70,99,H,Routine,2025-01-13 18:02,2025-01-13 18:06,2025-01-13 21:23
LAB726451,ENC111171,PT12484,CREAT,Creatinine,0.61,mg/dL,0.6,1.3,N,Routine,2025-01-13 18:28,2025-01-13 18:52,2025-01-13 20:28
LAB726452,ENC111171,PT12484,WBC,White Blood Cell Count,9,K/uL,4.5,11,N,STAT,2025-01-13 17:52,2025-01-13 18:15,2025-01-13 19:10
LAB726453,ENC111171,PT12484,HGB,Hemoglobin,16.2,g/dL,12,17.5,N,Routine,2025-01-13 18:42,2025-01-13 18:48,2025-01-13 21:40
LAB726454,ENC111171,PT12484,TROP,"Troponin I, High Sensitivity",9,ng/L,0,34,N,STAT,2025-01-13 18:13,2025-01-13 18:24,2025-01-13 19:06
LAB726455,ENC111171,PT12484,BNP,B-Type Natriuretic Peptide,1280,pg/mL,0,100,H,STAT,2025-01-13 18:26,2025-01-13 18:45,2025-01-13 19:10
LAB726456,ENC111173,PT13354,GLU,Glucose,84,mg/dL,70,99,N,STAT,2025-01-13 14:38,2025-01-13 14:43,2025-01-13 16:24
LAB726457,ENC111173,PT13354,CREAT,Creatinine,0.78,mg/dL,0.6,1.3,N,STAT,2025-01-13 14:47,2025-01-13 15:06,2025-01-13 16:06
LAB726458,ENC111173,PT13354,WBC,White Blood Cell Count,5.9,K/uL,4.5,11,N,Routine,2025-01-13 15:00,2025-01-13 15:35,2025-01-13 19:02
LAB726459,ENC111174,PT11954,A1C,Hemoglobin A1c,5.5,%,4,5.6,N,Routine,2025-01-13 14:42,2025-01-13 14:51,2025-01-14 02:02
LAB726460,ENC111177,PT12745,A1C,Hemoglobin A1c,7.4,%,4,5.6,H,Routine,2025-01-13 16:32,2025-01-13 16:51,2025-01-14 04:54
LAB726461,ENC111177,PT12745,GLU,Glucose,216,mg/dL,70,99,H,Routine,2025-01-13 16:35,2025-01-13 16:41,2025-01-13 17:42
LAB726462,ENC111177,PT12745,CREAT,Creatinine,0.9,mg/dL,0.6,1.3,N,Routine,2025-01-13 16:40,2025-01-13 16:53,2025-01-13 20:53
LAB726463,ENC111179,PT13683,GLU,Glucose,133,mg/dL,70,99,H,STAT,2025-01-13 18:52,2025-01-13 19:06,2025-01-13 19:42
LAB726464,ENC111179,PT13683,CREAT,Creatinine,0.97,mg/dL,0.6,1.3,N,STAT,2025-01-13 19:18,2025-01-13 19:48,2025-01-13 20:16
LAB726465,ENC111180,PT10522,GLU,Glucose,120,mg/dL,70,99,H,STAT,2025-01-13 19:19,2025-01-13 19:32,2025-01-13 20:57
LAB726466,ENC111180,PT10522,CREAT,Creatinine,0.85,mg/dL,0.6,1.3,N,STAT,2025-01-13 19:35,2025-01-13 20:07,2025-01-13 20:30
LAB726467,ENC111181,PT13581,GLU,Glucose,383,mg/dL,70,99,H,STAT,2025-01-13 19:49,2025-01-13 20:13,2025-01-13 20:47
LAB726468,ENC111181,PT13581,CREAT,Creatinine,1.05,mg/dL,0.6,1.3,N,Routine,2025-01-13 19:06,2025-01-13 19:40,2025-01-13 22:15
LAB726469,ENC111181,PT13581,WBC,White Blood Cell Count,5.1,K/uL,4.5,11,N,STAT,2025-01-13 19:30,2025-01-13 19:41,2025-01-13 20:27
LAB726470,ENC111181,PT13581,HGB,Hemoglobin,15,g/dL,12,17.5,N,Routine,2025-01-13 19:50,2025-01-13 19:54,2025-01-13 21:56
LAB726471,ENC111181,PT13581,NA,Sodium,141,mmol/L,136,145,N,Routine,2025-01-13 20:13,2025-01-13 20:36,2025-01-13 22:13
LAB726472,ENC111181,PT13581,K,Potassium,4.7,mmol/L,3.5,5.1,N,STAT,2025-01-13 19:48,2025-01-13 20:23,2025-01-13 21:06
LAB726473,ENC111181,PT13581,A1C,Hemoglobin A1c,12,%,4,5.6,H,Routine,2025-01-13 19:33,2025-01-13 19:44,2025-01-15 02:36
LAB726474,ENC111182,PT12473,GLU,Glucose,94,mg/dL,70,99,N,STAT,2025-01-13 21:37,2025-01-13 22:08,2025-01-13 22:35
LAB726475,ENC111182,PT12473,CREAT,Creatinine,0.8,mg/dL,0.6,1.3,N,STAT,2025-01-13 20:35,2025-01-13 20:45,2025-01-13 21:39
LAB726476,ENC111182,PT12473,WBC,White Blood Cell Count,8.5,K/uL,4.5,11,N,STAT,2025-01-13 21:32,2025-01-13 21:53,2025-01-13 23:04
LAB726477,ENC111182,PT12473,HGB,Hemoglobin,14.1,g/dL,12,17.5,N,STAT,2025-01-13 21:04,2025-01-13 21:11,2025-01-13 21:49
LAB726478,ENC111183,PT10399,GLU,Glucose,154,mg/dL,70,99,H,Routine,2025-01-13 23:03,2025-01-13 23:12,2025-01-14 02:25
LAB726479,ENC111183,PT10399,CREAT,Creatinine,0.65,mg/dL,0.6,1.3,N,Routine,2025-01-13 23:40,2025-01-14 00:14,2025-01-14 04:03
LAB726480,ENC111183,PT10399,WBC,White Blood Cell Count,10.8,K/uL,4.5,11,N,Routine,2025-01-13 23:16,2025-01-13 23:35,2025-01-14 02:06
LAB726481,ENC111183,PT10399,HGB,Hemoglobin,14.9,g/dL,12,17.5,N,Routine,2025-01-14 00:03,2025-01-14 00:09,2025-01-14 02:22
LAB726482,ENC111184,PT13087,GLU,Glucose,176,mg/dL,70,99,H,STAT,2025-01-14 00:54,2025-01-14 01:22,2025-01-14 02:31
LAB726483,ENC111184,PT13087,CREAT,Creatinine,0.7,mg/dL,0.6,1.3,N,Routine,2025-01-14 00:34,2025-01-14 01:02,2025-01-14 08:06
LAB726484,ENC111184,PT13087,WBC,White Blood Cell Count,6.1,K/uL,4.5,11,N,Routine,2025-01-14 00:22,2025-01-14 00:26,2025-01-14 04:10
LAB726485,ENC111184,PT13087,HGB,Hemoglobin,12.6,g/dL,12,17.5,N,STAT,2025-01-14 00:32,2025-01-14 00:56,2025-01-14 01:45
LAB726486,ENC111185,PT10644,GLU,Glucose,143,mg/dL,70,99,H,Routine,2025-01-13 22:54,2025-01-13 23:18,2025-01-14 01:12
LAB726487,ENC111185,PT10644,CREAT,Creatinine,1.02,mg/dL,0.6,1.3,N,Routine,2025-01-13 22:37,2025-01-13 23:06,2025-01-14 03:32
LAB726488,ENC111185,PT10644,WBC,White Blood Cell Count,5.8,K/uL,4.5,11,N,STAT,2025-01-13 22:36,2025-01-13 22:42,2025-01-13 23:54
LAB726489,ENC111185,PT10644,HGB,Hemoglobin,10,g/dL,12,17.5,L,STAT,2025-01-13 22:36,2025-01-13 23:07,2025-01-14 00:05
LAB726490,ENC111185,PT10644,TROP,"Troponin I, High Sensitivity",3,ng/L,0,34,N,STAT,2025-01-13 22:45,2025-01-13 22:56,2025-01-13 23:30
LAB726491,ENC111185,PT10644,BNP,B-Type Natriuretic Peptide,879,pg/mL,0,100,H,Routine,2025-01-13 22:33,2025-01-13 23:05,2025-01-14 00:43
LAB726492,ENC111187,PT13219,GLU,Glucose,120,mg/dL,70,99,H,Routine,2025-01-14 04:03,2025-01-14 04:17,2025-01-14 09:06
LAB726493,ENC111187,PT13219,CREAT,Creatinine,1.79,mg/dL,0.6,1.3,H,STAT,2025-01-14 04:20,2025-01-14 04:34,2025-01-14 05:36
LAB726494,ENC111187,PT13219,WBC,White Blood Cell Count,5.9,K/uL,4.5,11,N,Routine,2025-01-14 04:18,2025-01-14 04:48,2025-01-14 09:11
LAB726495,ENC111187,PT13219,HGB,Hemoglobin,11.8,g/dL,12,17.5,L,STAT,2025-01-14 04:49,2025-01-14 05:03,2025-01-14 05:40
LAB726496,ENC111187,PT13219,BUN,Blood Urea Nitrogen,18,mg/dL,7,20,N,STAT,2025-01-14 03:56,2025-01-14 04:01,2025-01-14 05:02
LAB726497,ENC111187,PT13219,PLT,Platelet Count,194,K/uL,150,400,N,Routine,2025-01-14 04:47,2025-01-14 04:54,2025-01-14 06:01
LAB726498,ENC111187,PT13219,TROP,"Troponin I, High Sensitivity",211,ng/L,0,34,H,STAT,2025-01-14 04:28,2025-01-14 05:02,2025-01-14 05:30
LAB726499,ENC111188,PT13686,GLU,Glucose,304,mg/dL,70,99,H,STAT,2025-01-14 03:22,2025-01-14 03:44,2025-01-14 04:20
LAB726500,ENC111188,PT13686,CREAT,Creatinine,1.27,mg/dL,0.6,1.3,N,STAT,2025-01-14 03:44,2025-01-14 04:01,2025-01-14 04:32
LAB726501,ENC111188,PT13686,WBC,White Blood Cell Count,9.1,K/uL,4.5,11,N,STAT,2025-01-14 03:42,2025-01-14 03:53,2025-01-14 04:30
LAB726502,ENC111188,PT13686,HGB,Hemoglobin,14.3,g/dL,12,17.5,N,Routine,2025-01-14 03:30,2025-01-14 03:40,2025-01-14 07:22
LAB726503,ENC111188,PT13686,TROP,"Troponin I, High Sensitivity",464,ng/L,0,34,H,STAT,2025-01-14 03:10,2025-01-14 03:25,2025-01-14 03:54
LAB726504,ENC111189,PT10618,GLU,Glucose,113,mg/dL,70,99,H,Routine,2025-01-14 10:43,2025-01-14 11:07,2025-01-14 13:18
LAB726505,ENC111189,PT10618,CREAT,Creatinine,3.18,mg/dL,0.6,1.3,H,STAT,2025-01-14 10:21,2025-01-14 10:50,2025-01-14 11:58
LAB726506,ENC111189,PT10618,WBC,White Blood Cell Count,7.3,K/uL,4.5,11,N,STAT,2025-01-14 10:27,2025-01-14 11:01,2025-01-14 11:38
LAB726507,ENC111189,PT10618,HGB,Hemoglobin,12.8,g/dL,12,17.5,N,STAT,2025-01-14 11:02,2025-01-14 11:08,2025-01-14 11:51
LAB726508,ENC111189,PT10618,TROP,"Troponin I, High Sensitivity",11,ng/L,0,34,N,STAT,2025-01-14 10:41,2025-01-14 11:01,2025-01-14 11:25
LAB726509,ENC111190,PT12420,GLU,Glucose,115,mg/dL,70,99,H,Routine,2025-01-14 07:54,2025-01-14 08:24,2025-01-14 11:29
LAB726510,ENC111190,PT12420,CREAT,Creatinine,0.64,mg/dL,0.6,1.3,N,STAT,2025-01-14 07:25,2025-01-14 07:51,2025-01-14 08:48
LAB726511,ENC111190,PT12420,WBC,White Blood Cell Count,5.5,K/uL,4.5,11,N,STAT,2025-01-14 07:47,2025-01-14 07:58,2025-01-14 08:40
LAB726512,ENC111190,PT12420,HGB,Hemoglobin,14.3,g/dL,12,17.5,N,STAT,2025-01-14 08:00,2025-01-14 08:15,2025-01-14 09:03
LAB726513,ENC111191,PT11514,GLU,Glucose,128,mg/dL,70,99,H,STAT,2025-01-14 10:28,2025-01-14 10:38,2025-01-14 11:09
LAB726514,ENC111191,PT11514,CREAT,Creatinine,1.01,mg/dL,0.6,1.3,N,STAT,2025-01-14 10:35,2025-01-14 10:52,2025-01-14 11:52
LAB726515,ENC111191,PT11514,WBC,White Blood Cell Count,9.4,K/uL,4.5,11,N,Routine,2025-01-14 10:36,2025-01-14 10:58,2025-01-14 13:50
LAB726516,ENC111191,PT11514,HGB,Hemoglobin,15.6,g/dL,12,17.5,N,Routine,2025-01-14 10:09,2025-01-14 10:26,2025-01-14 11:35
LAB726517,ENC111193,PT12335,GLU,Glucose,105,mg/dL,70,99,H,Routine,2025-01-14 09:11,2025-01-14 09:21,2025-01-14 12:22
LAB726518,ENC111193,PT12335,CREAT,Creatinine,1.13,mg/dL,0.6,1.3,N,Routine,2025-01-14 09:06,2025-01-14 09:31,2025-01-14 12:52
LAB726519,ENC111193,PT12335,WBC,White Blood Cell Count,5.6,K/uL,4.5,11,N,STAT,2025-01-14 08:47,2025-01-14 09:21,2025-01-14 10:06
LAB726520,ENC111193,PT12335,HGB,Hemoglobin,13.2,g/dL,12,17.5,N,Routine,2025-01-14 09:13,2025-01-14 09:41,2025-01-14 11:17
LAB726521,ENC111194,PT10557,LDL,LDL Cholesterol,90,mg/dL,0,99,N,Routine,2025-01-14 08:48,2025-01-14 09:02,2025-01-14 17:33
LAB726522,ENC111194,PT10557,A1C,Hemoglobin A1c,8.7,%,4,5.6,H,Routine,2025-01-14 08:50,2025-01-14 09:03,2025-01-15 00:59
LAB726523,ENC111195,PT13914,GLU,Glucose,81,mg/dL,70,99,N,Routine,2025-01-14 13:32,2025-01-14 13:51,2025-01-14 17:18
LAB726524,ENC111195,PT13914,CREAT,Creatinine,0.8,mg/dL,0.6,1.3,N,STAT,2025-01-14 13:06,2025-01-14 13:13,2025-01-14 14:11
LAB726525,ENC111195,PT13914,WBC,White Blood Cell Count,5.4,K/uL,4.5,11,N,STAT,2025-01-14 13:41,2025-01-14 14:12,2025-01-14 14:33
LAB726526,ENC111195,PT13914,HGB,Hemoglobin,13.2,g/dL,12,17.5,N,Routine,2025-01-14 13:41,2025-01-14 13:48,2025-01-14 17:49
LAB726527,ENC111195,PT13914,TROP,"Troponin I, High Sensitivity",5,ng/L,0,34,N,STAT,2025-01-14 13:06,2025-01-14 13:35,2025-01-14 14:21
LAB726528,ENC111195,PT13914,BNP,B-Type Natriuretic Peptide,715,pg/mL,0,100,H,STAT,2025-01-14 13:24,2025-01-14 13:50,2025-01-14 14:47
LAB726529,ENC111198,PT10089,A1C,Hemoglobin A1c,7.2,%,4,5.6,H,Routine,2025-01-14 10:05,2025-01-14 10:10,2025-01-15 03:21
LAB726530,ENC111198,PT10089,GLU,Glucose,181,mg/dL,70,99,H,Routine,2025-01-14 10:07,2025-01-14 10:22,2025-01-14 12:44
LAB726531,ENC111198,PT10089,CREAT,Creatinine,1.15,mg/dL,0.6,1.3,N,Routine,2025-01-14 10:17,2025-01-14 10:31,2025-01-14 11:52
LAB726532,ENC111199,PT12372,LDL,LDL Cholesterol,215,mg/dL,0,99,H,Routine,2025-01-14 11:09,2025-01-14 11:15,2025-01-15 01:57
LAB726533,ENC111199,PT12372,TSH,Thyroid Stimulating Hormone,3.29,mIU/L,0.4,4,N,Routine,2025-01-14 11:08,2025-01-14 11:14,2025-01-14 18:33
LAB726534,ENC111200,PT10443,GLU,Glucose,88,mg/dL,70,99,N,STAT,2025-01-14 14:13,2025-01-14 14:22,2025-01-14 15:16
LAB726535,ENC111200,PT10443,CREAT,Creatinine,1.03,mg/dL,0.6,1.3,N,Routine,2025-01-14 13:53,2025-01-14 14:25,2025-01-14 22:55
LAB726536,ENC111200,PT10443,WBC,White Blood Cell Count,8.8,K/uL,4.5,11,N,STAT,2025-01-14 13:59,2025-01-14 14:27,2025-01-14 15:07
LAB726537,ENC111200,PT10443,HGB,Hemoglobin,13.4,g/dL,12,17.5,N,Routine,2025-01-14 13:48,2025-01-14 14:11,2025-01-14 16:27
LAB726538,ENC111200,PT10443,NA,Sodium,138,mmol/L,136,145,N,STAT,2025-01-14 13:32,2025-01-14 13:59,2025-01-14 14:41
LAB726539,ENC111200,PT10443,K,Potassium,4,mmol/L,3.5,5.1,N,STAT,2025-01-14 14:08,2025-01-14 14:36,2025-01-14 15:46
LAB726540,ENC111200,PT10443,INR,Prothrombin Time INR,1,ratio,0.8,1.2,N,Routine,2025-01-14 13:51,2025-01-14 14:20,2025-01-14 17:22
LAB726541,ENC111201,PT10360,WBC,White Blood Cell Count,9.8,K/uL,4.5,11,N,Routine,2025-01-14 11:58,2025-01-14 12:26,2025-01-14 17:29
LAB726542,ENC111201,PT10360,HGB,Hemoglobin,15.4,g/dL,12,17.5,N,Routine,2025-01-14 11:55,2025-01-14 12:25,2025-01-14 19:33
LAB726543,ENC111201,PT10360,PLT,Platelet Count,285,K/uL,150,400,N,Routine,2025-01-14 11:58,2025-01-14 12:33,2025-01-14 15:13
LAB726544,ENC111202,PT12512,A1C,Hemoglobin A1c,9,%,4,5.6,H,Routine,2025-01-14 12:50,2025-01-14 13:16,2025-01-15 16:24
LAB726545,ENC111204,PT13174,A1C,Hemoglobin A1c,7.5,%,4,5.6,H,Routine,2025-01-14 13:27,2025-01-14 13:59,2025-01-15 11:02
LAB726546,ENC111204,PT13174,GLU,Glucose,128,mg/dL,70,99,H,Routine,2025-01-14 13:26,2025-01-14 13:44,2025-01-14 16:45
LAB726547,ENC111204,PT13174,CREAT,Creatinine,0.9,mg/dL,0.6,1.3,N,Routine,2025-01-14 13:26,2025-01-14 13:54,2025-01-14 19:19
LAB726548,ENC111208,PT11934,WBC,White Blood Cell Count,7.7,K/uL,4.5,11,N,Routine,2025-01-14 14:44,2025-01-14 14:55,2025-01-14 18:56
LAB726549,ENC111208,PT11934,HGB,Hemoglobin,13.3,g/dL,12,17.5,N,Routine,2025-01-14 14:41,2025-01-14 15:16,2025-01-14 19:38
LAB726550,ENC111208,PT11934,PLT,Platelet Count,245,K/uL,150,400,N,Routine,2025-01-14 14:36,2025-01-14 15:02,2025-01-14 16:54
LAB726551,ENC111209,PT12270,GLU,Glucose,141,mg/dL,70,99,H,Routine,2025-01-14 17:00,2025-01-14 17:17,2025-01-14 21:28
LAB726552,ENC111209,PT12270,CREAT,Creatinine,0.88,mg/dL,0.6,1.3,N,STAT,2025-01-14 17:17,2025-01-14 17:40,2025-01-14 18:43
LAB726553,ENC111209,PT12270,WBC,White Blood Cell Count,6.2,K/uL,4.5,11,N,Routine,2025-01-14 17:54,2025-01-14 18:01,2025-01-14 21:07
LAB726554,ENC111209,PT12270,HGB,Hemoglobin,12.8,g/dL,12,17.5,N,STAT,2025-01-14 17:53,2025-01-14 18:21,2025-01-14 19:11
LAB726555,ENC111210,PT13789,WBC,White Blood Cell Count,6.3,K/uL,4.5,11,N,Routine,2025-01-14 15:07,2025-01-14 15:40,2025-01-14 18:08
LAB726556,ENC111210,PT13789,HGB,Hemoglobin,8.7,g/dL,12,17.5,L,Routine,2025-01-14 15:07,2025-01-14 15:40,2025-01-14 17:56
LAB726557,ENC111210,PT13789,PLT,Platelet Count,347,K/uL,150,400,N,Routine,2025-01-14 15:00,2025-01-14 15:07,2025-01-14 19:03
LAB726558,ENC111211,PT10372,GLU,Glucose,124,mg/dL,70,99,H,STAT,2025-01-14 16:11,2025-01-14 16:46,2025-01-14 17:02
LAB726559,ENC111211,PT10372,CREAT,Creatinine,0.72,mg/dL,0.6,1.3,N,Routine,2025-01-14 16:16,2025-01-14 16:43,2025-01-14 21:43
LAB726560,ENC111215,PT11403,GLU,Glucose,122,mg/dL,70,99,H,Routine,2025-01-14 15:59,2025-01-14 16:10,2025-01-14 22:38
LAB726561,ENC111215,PT11403,CREAT,Creatinine,1.36,mg/dL,0.6,1.3,H,Routine,2025-01-14 15:58,2025-01-14 16:13,2025-01-14 17:23
LAB726562,ENC111215,PT11403,WBC,White Blood Cell Count,6.2,K/uL,4.5,11,N,Routine,2025-01-14 16:45,2025-01-14 16:53,2025-01-14 19:32
LAB726563,ENC111215,PT11403,HGB,Hemoglobin,13.9,g/dL,12,17.5,N,Routine,2025-01-14 15:43,2025-01-14 16:09,2025-01-14 22:39
LAB726564,ENC111215,PT11403,TROP,"Troponin I, High Sensitivity",4,ng/L,0,34,N,STAT,2025-01-14 16:46,2025-01-14 17:10,2025-01-14 17:44
LAB726565,ENC111218,PT10213,GLU,Glucose,86,mg/dL,70,99,N,Routine,2025-01-14 21:43,2025-01-14 22:01,2025-01-15 00:27
LAB726566,ENC111218,PT10213,CREAT,Creatinine,0.81,mg/dL,0.6,1.3,N,Routine,2025-01-14 21:34,2025-01-14 21:54,2025-01-15 02:03
LAB726567,ENC111218,PT10213,WBC,White Blood Cell Count,15.7,K/uL,4.5,11,H,STAT,2025-01-14 21:42,2025-01-14 21:56,2025-01-14 22:41
LAB726568,ENC111218,PT10213,HGB,Hemoglobin,16.5,g/dL,12,17.5,N,Routine,2025-01-14 21:36,2025-01-14 21:44,2025-01-15 00:35
LAB726569,ENC111220,PT13970,GLU,Glucose,129,mg/dL,70,99,H,STAT,2025-01-14 22:33,2025-01-14 22:43,2025-01-14 23:24
LAB726570,ENC111220,PT13970,CREAT,Creatinine,0.96,mg/dL,0.6,1.3,N,Routine,2025-01-14 23:02,2025-01-14 23:23,2025-01-15 06:26
LAB726571,ENC111220,PT13970,WBC,White Blood Cell Count,8.6,K/uL,4.5,11,N,Routine,2025-01-14 22:20,2025-01-14 22:32,2025-01-15 00:21
LAB726572,ENC111220,PT13970,HGB,Hemoglobin,14.2,g/dL,12,17.5,N,STAT,2025-01-14 22:47,2025-01-14 23:19,2025-01-15 00:05
LAB726573,ENC111220,PT13970,TROP,"Troponin I, High Sensitivity",3,ng/L,0,34,N,STAT,2025-01-14 22:46,2025-01-14 23:10,2025-01-15 00:09
LAB726574,ENC111222,PT12878,GLU,Glucose,78,mg/dL,70,99,N,STAT,2025-01-14 19:19,2025-01-14 19:32,2025-01-14 20:13
LAB726575,ENC111222,PT12878,CREAT,Creatinine,2.74,mg/dL,0.6,1.3,H,STAT,2025-01-14 19:57,2025-01-14 20:07,2025-01-14 21:18
LAB726576,ENC111222,PT12878,WBC,White Blood Cell Count,7.2,K/uL,4.5,11,N,STAT,2025-01-14 19:36,2025-01-14 19:52,2025-01-14 20:16
LAB726577,ENC111222,PT12878,HGB,Hemoglobin,10.7,g/dL,12,17.5,L,STAT,2025-01-14 19:52,2025-01-14 20:00,2025-01-14 20:40
LAB726578,ENC111223,PT11247,GLU,Glucose,113,mg/dL,70,99,H,Routine,2025-01-14 19:27,2025-01-14 19:46,2025-01-15 00:18
LAB726579,ENC111223,PT11247,CREAT,Creatinine,0.31,mg/dL,0.6,1.3,L,STAT,2025-01-14 20:20,2025-01-14 20:36,2025-01-14 21:21
LAB726580,ENC111223,PT11247,WBC,White Blood Cell Count,7.7,K/uL,4.5,11,N,Routine,2025-01-14 19:28,2025-01-14 19:44,2025-01-14 22:12
LAB726581,ENC111224,PT10119,GLU,Glucose,90,mg/dL,70,99,N,STAT,2025-01-15 03:15,2025-01-15 03:28,2025-01-15 04:16
LAB726582,ENC111224,PT10119,CREAT,Creatinine,0.93,mg/dL,0.6,1.3,N,STAT,2025-01-15 02:43,2025-01-15 02:57,2025-01-15 03:53
LAB726583,ENC111224,PT10119,WBC,White Blood Cell Count,7.8,K/uL,4.5,11,N,STAT,2025-01-15 02:25,2025-01-15 02:43,2025-01-15 03:51
LAB726584,ENC111224,PT10119,HGB,Hemoglobin,12.7,g/dL,12,17.5,N,STAT,2025-01-15 02:14,2025-01-15 02:46,2025-01-15 03:14
LAB726585,ENC111224,PT10119,NA,Sodium,141,mmol/L,136,145,N,STAT,2025-01-15 02:34,2025-01-15 02:51,2025-01-15 05:00
LAB726586,ENC111224,PT10119,K,Potassium,4,mmol/L,3.5,5.1,N,STAT,2025-01-15 02:41,2025-01-15 02:57,2025-01-15 03:27
LAB726587,ENC111225,PT10652,GLU,Glucose,182,mg/dL,70,99,H,STAT,2025-01-15 02:06,2025-01-15 02:27,2025-01-15 03:08
LAB726588,ENC111225,PT10652,CREAT,Creatinine,0.42,mg/dL,0.6,1.3,L,Routine,2025-01-15 02:09,2025-01-15 02:15,2025-01-15 06:19
LAB726589,ENC111225,PT10652,WBC,White Blood Cell Count,27.3,K/uL,4.5,11,H,STAT,2025-01-15 01:36,2025-01-15 01:54,2025-01-15 03:13
LAB726590,ENC111225,PT10652,HGB,Hemoglobin,12,g/dL,12,17.5,N,Routine,2025-01-15 02:21,2025-01-15 02:56,2025-01-15 04:15
LAB726591,ENC111225,PT10652,NA,Sodium,140,mmol/L,136,145,N,STAT,2025-01-15 01:37,2025-01-15 01:42,2025-01-15 02:24
LAB726592,ENC111225,PT10652,K,Potassium,4.3,mmol/L,3.5,5.1,N,STAT,2025-01-15 02:10,2025-01-15 02:33,2025-01-15 04:07
LAB726593,ENC111225,PT10652,LACT,Lactate,3.3,mmol/L,0.5,2,H,STAT,2025-01-15 01:54,2025-01-15 02:14,2025-01-15 03:15
LAB726594,ENC111226,PT13398,GLU,Glucose,162,mg/dL,70,99,H,STAT,2025-01-15 07:23,2025-01-15 07:34,2025-01-15 09:09
LAB726595,ENC111226,PT13398,CREAT,Creatinine,0.71,mg/dL,0.6,1.3,N,Routine,2025-01-15 06:22,2025-01-15 06:53,2025-01-15 10:38
LAB726596,ENC111227,PT11854,GLU,Glucose,86,mg/dL,70,99,N,STAT,2025-01-15 10:13,2025-01-15 10:34,2025-01-15 11:17
LAB726597,ENC111227,PT11854,CREAT,Creatinine,2.67,mg/dL,0.6,1.3,H,Routine,2025-01-15 11:14,2025-01-15 11:26,2025-01-15 13:15
LAB726598,ENC111227,PT11854,WBC,White Blood Cell Count,22.2,K/uL,4.5,11,H,STAT,2025-01-15 11:03,2025-01-15 11:34,2025-01-15 12:26
LAB726599,ENC111227,PT11854,HGB,Hemoglobin,12.2,g/dL,12,17.5,N,STAT,2025-01-15 10:45,2025-01-15 10:50,2025-01-15 11:59
LAB726600,ENC111227,PT11854,LACT,Lactate,5,mmol/L,0.5,2,HH,STAT,2025-01-15 10:16,2025-01-15 10:29,2025-01-15 11:18
LAB726601,ENC111228,PT11125,GLU,Glucose,122,mg/dL,70,99,H,Routine,2025-01-15 12:57,2025-01-15 13:16,2025-01-15 18:37
LAB726602,ENC111228,PT11125,CREAT,Creatinine,1.02,mg/dL,0.6,1.3,N,Routine,2025-01-15 13:46,2025-01-15 13:54,2025-01-15 18:28
LAB726603,ENC111228,PT11125,WBC,White Blood Cell Count,5.9,K/uL,4.5,11,N,Routine,2025-01-15 12:53,2025-01-15 13:22,2025-01-15 15:06
LAB726604,ENC111228,PT11125,HGB,Hemoglobin,10.2,g/dL,12,17.5,L,Routine,2025-01-15 13:34,2025-01-15 14:08,2025-01-15 16:05
LAB726605,ENC111228,PT11125,BUN,Blood Urea Nitrogen,8,mg/dL,7,20,N,Routine,2025-01-15 13:14,2025-01-15 13:41,2025-01-15 16:51
LAB726606,ENC111228,PT11125,PLT,Platelet Count,306,K/uL,150,400,N,Routine,2025-01-15 13:19,2025-01-15 13:49,2025-01-15 16:26
LAB726607,ENC111230,PT11551,WBC,White Blood Cell Count,6,K/uL,4.5,11,N,Routine,2025-01-15 09:51,2025-01-15 10:07,2025-01-15 11:43
LAB726608,ENC111230,PT11551,HGB,Hemoglobin,13.3,g/dL,12,17.5,N,Routine,2025-01-15 10:06,2025-01-15 10:41,2025-01-15 13:54
LAB726609,ENC111230,PT11551,PLT,Platelet Count,293,K/uL,150,400,N,Routine,2025-01-15 09:59,2025-01-15 10:17,2025-01-15 11:41
LAB726610,ENC111233,PT13536,GLU,Glucose,79,mg/dL,70,99,N,STAT,2025-01-15 12:16,2025-01-15 12:27,2025-01-15 13:17
LAB726611,ENC111233,PT13536,CREAT,Creatinine,1.03,mg/dL,0.6,1.3,N,STAT,2025-01-15 12:25,2025-01-15 12:36,2025-01-15 13:02
LAB726612,ENC111233,PT13536,WBC,White Blood Cell Count,8.3,K/uL,4.5,11,N,Routine,2025-01-15 12:28,2025-01-15 13:03,2025-01-15 15:20
LAB726613,ENC111233,PT13536,HGB,Hemoglobin,14.6,g/dL,12,17.5,N,STAT,2025-01-15 12:31,2025-01-15 12:50,2025-01-15 13:47
LAB726614,ENC111233,PT13536,INR,Prothrombin Time INR,1.1,ratio,0.8,1.2,N,Routine,2025-01-15 13:00,2025-01-15 13:15,2025-01-15 17:33
LAB726615,ENC111234,PT11641,LDL,LDL Cholesterol,131,mg/dL,0,99,H,Routine,2025-01-15 13:13,2025-01-15 13:43,2025-01-16 07:27
LAB726616,ENC111236,PT10802,WBC,White Blood Cell Count,4.8,K/uL,4.5,11,N,Routine,2025-01-15 13:16,2025-01-15 13:44,2025-01-15 17:18
LAB726617,ENC111236,PT10802,HGB,Hemoglobin,14.1,g/dL,12,17.5,N,Routine,2025-01-15 13:18,2025-01-15 13:47,2025-01-15 18:18
LAB726618,ENC111236,PT10802,PLT,Platelet Count,237,K/uL,150,400,N,Routine,2025-01-15 13:26,2025-01-15 13:43,2025-01-15 15:41
LAB726619,ENC111237,PT10187,GLU,Glucose,94,mg/dL,70,99,N,STAT,2025-01-15 14:07,2025-01-15 14:39,2025-01-15 15:19
LAB726620,ENC111237,PT10187,CREAT,Creatinine,0.94,mg/dL,0.6,1.3,N,Routine,2025-01-15 13:34,2025-01-15 13:56,2025-01-15 16:52
LAB726621,ENC111237,PT10187,WBC,White Blood Cell Count,11,K/uL,4.5,11,N,Routine,2025-01-15 14:14,2025-01-15 14:19,2025-01-15 18:33
LAB726622,ENC111237,PT10187,HGB,Hemoglobin,16.1,g/dL,12,17.5,N,Routine,2025-01-15 13:14,2025-01-15 13:32,2025-01-15 17:09
LAB726623,ENC111239,PT13983,GLU,Glucose,331,mg/dL,70,99,H,STAT,2025-01-15 14:18,2025-01-15 14:24,2025-01-15 15:41
LAB726624,ENC111239,PT13983,CREAT,Creatinine,1.11,mg/dL,0.6,1.3,N,STAT,2025-01-15 14:16,2025-01-15 14:51,2025-01-15 15:39
LAB726625,ENC111239,PT13983,WBC,White Blood Cell Count,6.3,K/uL,4.5,11,N,STAT,2025-01-15 14:08,2025-01-15 14:35,2025-01-15 15:06
LAB726626,ENC111239,PT13983,HGB,Hemoglobin,14.5,g/dL,12,17.5,N,STAT,2025-01-15 14:07,2025-01-15 14:42,2025-01-15 16:03
LAB726627,ENC111239,PT13983,A1C,Hemoglobin A1c,14.6,%,4,5.6,H,Routine,2025-01-15 14:54,2025-01-15 15:11,2025-01-16 07:39
LAB726628,ENC111241,PT11818,A1C,Hemoglobin A1c,11.2,%,4,5.6,H,Routine,2025-01-15 15:08,2025-01-15 15:43,2025-01-15 22:11
LAB726629,ENC111241,PT11818,GLU,Glucose,217,mg/dL,70,99,H,Routine,2025-01-15 15:17,2025-01-15 15:23,2025-01-15 18:22
LAB726630,ENC111241,PT11818,CREAT,Creatinine,1.25,mg/dL,0.6,1.3,N,Routine,2025-01-15 15:24,2025-01-15 15:59,2025-01-15 17:41
LAB726631,ENC111243,PT11131,GLU,Glucose,83,mg/dL,70,99,N,Routine,2025-01-15 20:23,2025-01-15 20:36,2025-01-15 23:30
LAB726632,ENC111243,PT11131,CREAT,Creatinine,0.73,mg/dL,0.6,1.3,N,STAT,2025-01-15 19:33,2025-01-15 19:47,2025-01-15 20:17
LAB726633,ENC111243,PT11131,WBC,White Blood Cell Count,7.4,K/uL,4.5,11,N,STAT,2025-01-15 20:35,2025-01-15 20:56,2025-01-15 21:18
LAB726634,ENC111243,PT11131,HGB,Hemoglobin,13.9,g/dL,12,17.5,N,STAT,2025-01-15 20:27,2025-01-15 20:31,2025-01-15 21:09
LAB726635,ENC111243,PT11131,TROP,"Troponin I, High Sensitivity",51,ng/L,0,34,H,STAT,2025-01-15 19:52,2025-01-15 20:10,2025-01-15 20:52
LAB726636,ENC111243,PT11131,BNP,B-Type Natriuretic Peptide,387,pg/mL,0,100,H,STAT,2025-01-15 20:29,2025-01-15 20:40,2025-01-15 21:23
LAB726637,ENC111244,PT12494,GLU,Glucose,54,mg/dL,70,99,L,STAT,2025-01-15 19:17,2025-01-15 19:50,2025-01-15 20:27
LAB726638,ENC111244,PT12494,CREAT,Creatinine,1.09,mg/dL,0.6,1.3,N,STAT,2025-01-15 19:27,2025-01-15 19:57,2025-01-15 20:39
LAB726639,ENC111244,PT12494,WBC,White Blood Cell Count,7.9,K/uL,4.5,11,N,Routine,2025-01-15 19:15,2025-01-15 19:24,2025-01-15 22:01
LAB726640,ENC111244,PT12494,HGB,Hemoglobin,12,g/dL,12,17.5,N,STAT,2025-01-15 18:27,2025-01-15 18:59,2025-01-15 19:40
LAB726641,ENC111245,PT12429,A1C,Hemoglobin A1c,9,%,4,5.6,H,Routine,2025-01-15 16:09,2025-01-15 16:34,2025-01-16 03:16
LAB726642,ENC111246,PT12697,LDL,LDL Cholesterol,106,mg/dL,0,99,H,Routine,2025-01-15 16:24,2025-01-15 16:41,2025-01-16 03:23
LAB726643,ENC111246,PT12697,A1C,Hemoglobin A1c,5.5,%,4,5.6,N,Routine,2025-01-15 16:19,2025-01-15 16:35,2025-01-16 05:35
LAB726644,ENC111247,PT10889,GLU,Glucose,92,mg/dL,70,99,N,Routine,2025-01-15 17:20,2025-01-15 17:50,2025-01-15 19:38
LAB726645,ENC111247,PT10889,CREAT,Creatinine,0.82,mg/dL,0.6,1.3,N,Routine,2025-01-15 17:14,2025-01-15 17:27,2025-01-15 23:14
LAB726646,ENC111247,PT10889,WBC,White Blood Cell Count,7.4,K/uL,4.5,11,N,STAT,2025-01-15 17:18,2025-01-15 17:50,2025-01-15 18:29
LAB726647,ENC111247,PT10889,HGB,Hemoglobin,16.4,g/dL,12,17.5,N,Routine,2025-01-15 16:37,2025-01-15 17:08,2025-01-15 23:21
LAB726648,ENC111249,PT10171,GLU,Glucose,218,mg/dL,70,99,H,STAT,2025-01-15 21:06,2025-01-15 21:28,2025-01-15 22:27
LAB726649,ENC111249,PT10171,CREAT,Creatinine,1.11,mg/dL,0.6,1.3,N,Routine,2025-01-15 21:55,2025-01-15 22:09,2025-01-16 01:33
LAB726650,ENC111249,PT10171,WBC,White Blood Cell Count,8.8,K/uL,4.5,11,N,Routine,2025-01-15 21:50,2025-01-15 22:24,2025-01-16 02:18
LAB726651,ENC111249,PT10171,HGB,Hemoglobin,14,g/dL,12,17.5,N,STAT,2025-01-15 21:18,2025-01-15 21:40,2025-01-15 22:26
LAB726652,ENC111249,PT10171,NA,Sodium,142,mmol/L,136,145,N,STAT,2025-01-15 21:34,2025-01-15 22:08,2025-01-15 23:07
LAB726653,ENC111249,PT10171,K,Potassium,4.1,mmol/L,3.5,5.1,N,STAT,2025-01-15 21:02,2025-01-15 21:22,2025-01-15 22:42
LAB726654,ENC111249,PT10171,A1C,Hemoglobin A1c,11.4,%,4,5.6,H,Routine,2025-01-15 21:14,2025-01-15 21:40,2025-01-16 22:00
LAB726655,ENC111251,PT12893,GLU,Glucose,80,mg/dL,70,99,N,STAT,2025-01-15 22:27,2025-01-15 22:33,2025-01-15 23:09
LAB726656,ENC111251,PT12893,CREAT,Creatinine,1.02,mg/dL,0.6,1.3,N,Routine,2025-01-15 22:12,2025-01-15 22:36,2025-01-16 01:28
LAB726657,ENC111251,PT12893,WBC,White Blood Cell Count,8,K/uL,4.5,11,N,STAT,2025-01-15 22:29,2025-01-15 22:39,2025-01-15 23:36
LAB726658,ENC111251,PT12893,HGB,Hemoglobin,12.4,g/dL,12,17.5,N,STAT,2025-01-15 21:52,2025-01-15 22:16,2025-01-15 23:05
LAB726659,ENC111252,PT10321,GLU,Glucose,110,mg/dL,70,99,H,Routine,2025-01-15 23:32,2025-01-15 23:46,2025-01-16 01:50
LAB726660,ENC111252,PT10321,CREAT,Creatinine,0.47,mg/dL,0.6,1.3,L,STAT,2025-01-15 22:46,2025-01-15 23:09,2025-01-15 23:33
LAB726661,ENC111252,PT10321,WBC,White Blood Cell Count,7.2,K/uL,4.5,11,N,STAT,2025-01-15 22:53,2025-01-15 23:05,2025-01-15 23:43
LAB726662,ENC111252,PT10321,HGB,Hemoglobin,11.4,g/dL,12,17.5,L,Routine,2025-01-15 23:04,2025-01-15 23:38,2025-01-16 01:11
LAB726663,ENC111253,PT10610,GLU,Glucose,78,mg/dL,70,99,N,Routine,2025-01-15 23:14,2025-01-15 23:49,2025-01-16 01:50
LAB726664,ENC111253,PT10610,CREAT,Creatinine,0.77,mg/dL,0.6,1.3,N,Routine,2025-01-15 23:32,2025-01-15 23:47,2025-01-16 01:51
LAB726665,ENC111253,PT10610,WBC,White Blood Cell Count,20.2,K/uL,4.5,11,H,STAT,2025-01-15 23:08,2025-01-15 23:36,2025-01-16 00:19
LAB726666,ENC111253,PT10610,HGB,Hemoglobin,14.5,g/dL,12,17.5,N,STAT,2025-01-15 23:03,2025-01-15 23:19,2025-01-15 23:40
LAB726667,ENC111253,PT10610,NA,Sodium,138,mmol/L,136,145,N,STAT,2025-01-15 23:08,2025-01-15 23:38,2025-01-16 00:09
LAB726668,ENC111253,PT10610,K,Potassium,3.9,mmol/L,3.5,5.1,N,STAT,2025-01-15 23:26,2025-01-15 23:52,2025-01-16 00:47
LAB726669,ENC111254,PT11553,GLU,Glucose,119,mg/dL,70,99,H,STAT,2025-01-16 01:03,2025-01-16 01:15,2025-01-16 03:00
LAB726670,ENC111254,PT11553,CREAT,Creatinine,1.29,mg/dL,0.6,1.3,N,Routine,2025-01-16 00:57,2025-01-16 01:11,2025-01-16 04:12
LAB726671,ENC111254,PT11553,WBC,White Blood Cell Count,9.5,K/uL,4.5,11,N,Routine,2025-01-16 01:30,2025-01-16 01:40,2025-01-16 05:06
LAB726672,ENC111254,PT11553,HGB,Hemoglobin,14.9,g/dL,12,17.5,N,STAT,2025-01-16 01:36,2025-01-16 01:42,2025-01-16 02:35
LAB726673,ENC111256,PT12958,GLU,Glucose,103,mg/dL,70,99,H,STAT,2025-01-15 23:30,2025-01-15 23:41,2025-01-16 00:57
LAB726674,ENC111256,PT12958,CREAT,Creatinine,1.47,mg/dL,0.6,1.3,H,STAT,2025-01-15 23:26,2025-01-15 23:44,2025-01-16 00:31
LAB726675,ENC111256,PT12958,WBC,White Blood Cell Count,7.9,K/uL,4.5,11,N,STAT,2025-01-15 23:48,2025-01-15 23:55,2025-01-16 00:16
LAB726676,ENC111256,PT12958,HGB,Hemoglobin,13.3,g/dL,12,17.5,N,STAT,2025-01-16 00:09,2025-01-16 00:24,2025-01-16 01:00
LAB726677,ENC111256,PT12958,TROP,"Troponin I, High Sensitivity",4,ng/L,0,34,N,STAT,2025-01-15 23:33,2025-01-16 00:02,2025-01-16 00:58
LAB726678,ENC111257,PT12636,GLU,Glucose,81,mg/dL,70,99,N,STAT,2025-01-16 04:06,2025-01-16 04:33,2025-01-16 04:49
LAB726679,ENC111257,PT12636,CREAT,Creatinine,0.98,mg/dL,0.6,1.3,N,STAT,2025-01-16 04:48,2025-01-16 04:56,2025-01-16 05:57
LAB726680,ENC111257,PT12636,WBC,White Blood Cell Count,4.1,K/uL,4.5,11,L,STAT,2025-01-16 04:56,2025-01-16 05:27,2025-01-16 06:12
LAB726681,ENC111257,PT12636,HGB,Hemoglobin,14.9,g/dL,12,17.5,N,STAT,2025-01-16 04:36,2025-01-16 04:57,2025-01-16 05:31
LAB726682,ENC111257,PT12636,INR,Prothrombin Time INR,0.9,ratio,0.8,1.2,N,STAT,2025-01-16 04:33,2025-01-16 04:41,2025-01-16 05:04
LAB726683,ENC111258,PT13821,GLU,Glucose,140,mg/dL,70,99,H,Routine,2025-01-16 08:03,2025-01-16 08:18,2025-01-16 12:11
LAB726684,ENC111258,PT13821,CREAT,Creatinine,1.93,mg/dL,0.6,1.3,H,STAT,2025-01-16 07:32,2025-01-16 07:37,2025-01-16 08:21
LAB726685,ENC111258,PT13821,WBC,White Blood Cell Count,13.6,K/uL,4.5,11,H,STAT,2025-01-16 07:20,2025-01-16 07:40,2025-01-16 08:18
LAB726686,ENC111258,PT13821,HGB,Hemoglobin,13.4,g/dL,12,17.5,N,STAT,2025-01-16 07:25,2025-01-16 08:00,2025-01-16 08:40
LAB726687,ENC111258,PT13821,LACT,Lactate,4.3,mmol/L,0.5,2,HH,STAT,2025-01-16 07:56,2025-01-16 08:06,2025-01-16 09:14
LAB726688,ENC111259,PT13979,GLU,Glucose,94,mg/dL,70,99,N,Routine,2025-01-16 06:15,2025-01-16 06:40,2025-01-16 13:31
LAB726689,ENC111259,PT13979,CREAT,Creatinine,1.13,mg/dL,0.6,1.3,N,STAT,2025-01-16 05:51,2025-01-16 06:01,2025-01-16 07:11
LAB726690,ENC111260,PT12177,A1C,Hemoglobin A1c,7.5,%,4,5.6,H,Routine,2025-01-16 08:41,2025-01-16 09:03,2025-01-16 22:41
LAB726691,ENC111261,PT11551,GLU,Glucose,88,mg/dL,70,99,N,Routine,2025-01-16 11:58,2025-01-16 12:17,2025-01-16 17:08
LAB726692,ENC111261,PT11551,CREAT,Creatinine,1.83,mg/dL,0.6,1.3,H,Routine,2025-01-16 11:47,2025-01-16 12:17,2025-01-16 14:13
LAB726693,ENC111261,PT11551,WBC,White Blood Cell Count,3,K/uL,4.5,11,L,STAT,2025-01-16 11:48,2025-01-16 12:22,2025-01-16 12:43
LAB726694,ENC111261,PT11551,HGB,Hemoglobin,13.6,g/dL,12,17.5,N,Routine,2025-01-16 11:50,2025-01-16 12:21,2025-01-16 15:45
LAB726695,ENC111261,PT11551,NA,Sodium,143,mmol/L,136,145,N,STAT,2025-01-16 12:21,2025-01-16 12:29,2025-01-16 13:57
LAB726696,ENC111261,PT11551,K,Potassium,4.1,mmol/L,3.5,5.1,N,STAT,2025-01-16 12:21,2025-01-16 12:44,2025-01-16 13:22
LAB726697,ENC111261,PT11551,LACT,Lactate,6.6,mmol/L,0.5,2,HH,STAT,2025-01-16 11:44,2025-01-16 12:08,2025-01-16 12:43
LAB726698,ENC111263,PT13734,GLU,Glucose,220,mg/dL,70,99,H,STAT,2025-01-16 10:18,2025-01-16 10:52,2025-01-16 12:06
LAB726699,ENC111263,PT13734,CREAT,Creatinine,1.13,mg/dL,0.6,1.3,N,STAT,2025-01-16 11:14,2025-01-16 11:39,2025-01-16 12:17
LAB726700,ENC111263,PT13734,WBC,White Blood Cell Count,16.2,K/uL,4.5,11,H,Routine,2025-01-16 10:53,2025-01-16 11:21,2025-01-16 15:37
LAB726701,ENC111263,PT13734,HGB,Hemoglobin,14.1,g/dL,12,17.5,N,STAT,2025-01-16 10:45,2025-01-16 11:18,2025-01-16 12:06
LAB726702,ENC111263,PT13734,NA,Sodium,136,mmol/L,136,145,N,Routine,2025-01-16 10:20,2025-01-16 10:44,2025-01-16 14:29
LAB726703,ENC111263,PT13734,K,Potassium,4.2,mmol/L,3.5,5.1,N,STAT,2025-01-16 10:22,2025-01-16 10:50,2025-01-16 11:58
LAB726704,ENC111265,PT11428,GLU,Glucose,50,mg/dL,70,99,L,STAT,2025-01-16 12:26,2025-01-16 13:01,2025-01-16 13:38
LAB726705,ENC111265,PT11428,CREAT,Creatinine,0.91,mg/dL,0.6,1.3,N,Routine,2025-01-16 12:12,2025-01-16 12:33,2025-01-16 17:08
LAB726706,ENC111265,PT11428,WBC,White Blood Cell Count,7.3,K/uL,4.5,11,N,Routine,2025-01-16 12:13,2025-01-16 12:35,2025-01-16 15:05
LAB726707,ENC111265,PT11428,HGB,Hemoglobin,14,g/dL,12,17.5,N,STAT,2025-01-16 12:08,2025-01-16 12:38,2025-01-16 13:12
LAB726708,ENC111265,PT11428,NA,Sodium,138,mmol/L,136,145,N,STAT,2025-01-16 12:09,2025-01-16 12:38,2025-01-16 13:01
LAB726709,ENC111265,PT11428,K,Potassium,4.1,mmol/L,3.5,5.1,N,STAT,2025-01-16 12:09,2025-01-16 12:26,2025-01-16 13:05
LAB726710,ENC111265,PT11428,TROP,"Troponin I, High Sensitivity",6,ng/L,0,34,N,STAT,2025-01-16 12:09,2025-01-16 12:16,2025-01-16 13:20
LAB726711,ENC111268,PT12608,LDL,LDL Cholesterol,141,mg/dL,0,99,H,Routine,2025-01-16 09:43,2025-01-16 10:03,2025-01-16 16:19
LAB726712,ENC111268,PT12608,A1C,Hemoglobin A1c,8.1,%,4,5.6,H,Routine,2025-01-16 09:44,2025-01-16 09:56,2025-01-16 15:57
LAB726713,ENC111268,PT12608,TSH,Thyroid Stimulating Hormone,2.83,mIU/L,0.4,4,N,Routine,2025-01-16 09:58,2025-01-16 10:13,2025-01-16 22:17
LAB726714,ENC111272,PT11762,GLU,Glucose,97,mg/dL,70,99,N,Routine,2025-01-16 11:23,2025-01-16 11:57,2025-01-16 15:34
LAB726715,ENC111272,PT11762,CREAT,Creatinine,0.59,mg/dL,0.6,1.3,L,Routine,2025-01-16 11:20,2025-01-16 11:48,2025-01-16 16:58
LAB726716,ENC111272,PT11762,WBC,White Blood Cell Count,7.2,K/uL,4.5,11,N,STAT,2025-01-16 10:39,2025-01-16 11:12,2025-01-16 11:50
LAB726717,ENC111272,PT11762,HGB,Hemoglobin,12.1,g/dL,12,17.5,N,STAT,2025-01-16 10:39,2025-01-16 10:48,2025-01-16 11:08
LAB726718,ENC111273,PT12791,LDL,LDL Cholesterol,105,mg/dL,0,99,H,Routine,2025-01-16 11:13,2025-01-16 11:29,2025-01-17 02:45
LAB726719,ENC111273,PT12791,A1C,Hemoglobin A1c,5.6,%,4,5.6,N,Routine,2025-01-16 11:15,2025-01-16 11:21,2025-01-16 17:18
LAB726720,ENC111273,PT12791,TSH,Thyroid Stimulating Hormone,1.2,mIU/L,0.4,4,N,Routine,2025-01-16 11:20,2025-01-16 11:45,2025-01-17 05:49
LAB726721,ENC111274,PT12142,GLU,Glucose,103,mg/dL,70,99,H,STAT,2025-01-16 12:59,2025-01-16 13:18,2025-01-16 13:55
LAB726722,ENC111274,PT12142,CREAT,Creatinine,1.12,mg/dL,0.6,1.3,N,Routine,2025-01-16 12:52,2025-01-16 13:02,2025-01-16 16:11
LAB726723,ENC111274,PT12142,WBC,White Blood Cell Count,5.4,K/uL,4.5,11,N,STAT,2025-01-16 13:34,2025-01-16 14:03,2025-01-16 14:25
LAB726724,ENC111275,PT12052,GLU,Glucose,105,mg/dL,70,99,H,Routine,2025-01-16 13:05,2025-01-16 13:24,2025-01-16 17:48
LAB726725,ENC111275,PT12052,CREAT,Creatinine,0.54,mg/dL,0.6,1.3,L,Routine,2025-01-16 13:22,2025-01-16 13:31,2025-01-16 15:17
LAB726726,ENC111282,PT11155,GLU,Glucose,135,mg/dL,70,99,H,STAT,2025-01-16 20:33,2025-01-16 20:48,2025-01-16 21:42
LAB726727,ENC111282,PT11155,CREAT,Creatinine,0.97,mg/dL,0.6,1.3,N,STAT,2025-01-16 20:05,2025-01-16 20:20,2025-01-16 21:00
LAB726728,ENC111282,PT11155,WBC,White Blood Cell Count,4.2,K/uL,4.5,11,L,Routine,2025-01-16 20:14,2025-01-16 20:28,2025-01-16 22:49
LAB726729,ENC111282,PT11155,HGB,Hemoglobin,15.5,g/dL,12,17.5,N,STAT,2025-01-16 20:44,2025-01-16 20:54,2025-01-16 22:21
LAB726730,ENC111282,PT11155,NA,Sodium,135,mmol/L,136,145,L,STAT,2025-01-16 19:43,2025-01-16 20:05,2025-01-16 20:42
LAB726731,ENC111282,PT11155,K,Potassium,4.7,mmol/L,3.5,5.1,N,STAT,2025-01-16 20:31,2025-01-16 20:35,2025-01-16 21:21
LAB726732,ENC111282,PT11155,BUN,Blood Urea Nitrogen,11,mg/dL,7,20,N,Routine,2025-01-16 19:46,2025-01-16 19:50,2025-01-17 00:35
LAB726733,ENC111282,PT11155,PLT,Platelet Count,291,K/uL,150,400,N,STAT,2025-01-16 19:52,2025-01-16 20:16,2025-01-16 21:20
LAB726734,ENC111285,PT13464,LDL,LDL Cholesterol,122,mg/dL,0,99,H,Routine,2025-01-16 16:19,2025-01-16 16:33,2025-01-17 11:12
LAB726735,ENC111288,PT11083,GLU,Glucose,111,mg/dL,70,99,H,Routine,2025-01-16 17:59,2025-01-16 18:20,2025-01-16 20:01
LAB726736,ENC111288,PT11083,CREAT,Creatinine,1.06,mg/dL,0.6,1.3,N,Routine,2025-01-16 18:02,2025-01-16 18:33,2025-01-16 23:04
LAB726737,ENC111288,PT11083,WBC,White Blood Cell Count,6.2,K/uL,4.5,11,N,STAT,2025-01-16 17:26,2025-01-16 17:42,2025-01-16 18:44
LAB726738,ENC111288,PT11083,HGB,Hemoglobin,11.7,g/dL,12,17.5,L,Routine,2025-01-16 17:54,2025-01-16 18:22,2025-01-16 23:26
LAB726739,ENC111288,PT11083,NA,Sodium,139,mmol/L,136,145,N,STAT,2025-01-16 17:06,2025-01-16 17:22,2025-01-16 18:00
LAB726740,ENC111288,PT11083,K,Potassium,4.2,mmol/L,3.5,5.1,N,STAT,2025-01-16 17:37,2025-01-16 18:01,2025-01-16 18:52
LAB726741,ENC111289,PT13004,GLU,Glucose,121,mg/dL,70,99,H,Routine,2025-01-16 21:11,2025-01-16 21:31,2025-01-17 00:19
LAB726742,ENC111289,PT13004,CREAT,Creatinine,0.87,mg/dL,0.6,1.3,N,Routine,2025-01-16 21:03,2025-01-16 21:31,2025-01-17 04:24
LAB726743,ENC111289,PT13004,WBC,White Blood Cell Count,7.6,K/uL,4.5,11,N,STAT,2025-01-16 21:44,2025-01-16 21:59,2025-01-16 22:26
LAB726744,ENC111289,PT13004,HGB,Hemoglobin,12.2,g/dL,12,17.5,N,Routine,2025-01-16 20:54,2025-01-16 21:27,2025-01-16 22:55
LAB726745,ENC111289,PT13004,NA,Sodium,136,mmol/L,136,145,N,STAT,2025-01-16 21:40,2025-01-16 21:50,2025-01-16 23:25
LAB726746,ENC111289,PT13004,K,Potassium,4.1,mmol/L,3.5,5.1,N,STAT,2025-01-16 21:42,2025-01-16 22:10,2025-01-16 23:15
LAB726747,ENC111291,PT10132,GLU,Glucose,118,mg/dL,70,99,H,Routine,2025-01-16 23:01,2025-01-16 23:27,2025-01-17 04:59
LAB726748,ENC111291,PT10132,CREAT,Creatinine,0.7,mg/dL,0.6,1.3,N,Routine,2025-01-16 22:50,2025-01-16 23:15,2025-01-17 02:55
LAB726749,ENC111291,PT10132,WBC,White Blood Cell Count,6.3,K/uL,4.5,11,N,STAT,2025-01-16 22:20,2025-01-16 22:40,2025-01-16 23:14
LAB726750,ENC111291,PT10132,HGB,Hemoglobin,13.8,g/dL,12,17.5,N,STAT,2025-01-16 22:51,2025-01-16 23:17,2025-01-16 23:52
LAB726751,ENC111291,PT10132,BUN,Blood Urea Nitrogen,11,mg/dL,7,20,N,Routine,2025-01-16 22:04,2025-01-16 22:20,2025-01-17 04:21
LAB726752,ENC111291,PT10132,PLT,Platelet Count,374,K/uL,150,400,N,STAT,2025-01-16 22:57,2025-01-16 23:17,2025-01-17 00:05
LAB726753,ENC111294,PT10120,GLU,Glucose,94,mg/dL,70,99,N,STAT,2025-01-16 23:41,2025-01-16 23:46,2025-01-17 00:27
LAB726754,ENC111294,PT10120,CREAT,Creatinine,1.16,mg/dL,0.6,1.3,N,Routine,2025-01-16 23:39,2025-01-17 00:11,2025-01-17 02:12
LAB726755,ENC111295,PT13157,GLU,Glucose,55,mg/dL,70,99,L,STAT,2025-01-17 07:40,2025-01-17 08:10,2025-01-17 08:58
LAB726756,ENC111295,PT13157,CREAT,Creatinine,0.28,mg/dL,0.6,1.3,L,Routine,2025-01-17 08:17,2025-01-17 08:39,2025-01-17 10:57
LAB726757,ENC111295,PT13157,WBC,White Blood Cell Count,5.2,K/uL,4.5,11,N,Routine,2025-01-17 07:46,2025-01-17 08:12,2025-01-17 14:17
LAB726758,ENC111295,PT13157,HGB,Hemoglobin,14.9,g/dL,12,17.5,N,STAT,2025-01-17 08:35,2025-01-17 08:49,2025-01-17 09:41
LAB726759,ENC111298,PT12149,WBC,White Blood Cell Count,7.3,K/uL,4.5,11,N,Routine,2025-01-17 08:15,2025-01-17 08:34,2025-01-17 13:18
LAB726760,ENC111298,PT12149,HGB,Hemoglobin,9.9,g/dL,12,17.5,L,Routine,2025-01-17 08:11,2025-01-17 08:28,2025-01-17 12:05
LAB726761,ENC111298,PT12149,PLT,Platelet Count,247,K/uL,150,400,N,Routine,2025-01-17 08:30,2025-01-17 08:39,2025-01-17 10:16
LAB726762,ENC111302,PT10754,GLU,Glucose,142,mg/dL,70,99,H,STAT,2025-01-17 09:08,2025-01-17 09:24,2025-01-17 09:58
LAB726763,ENC111302,PT10754,CREAT,Creatinine,0.45,mg/dL,0.6,1.3,L,STAT,2025-01-17 10:05,2025-01-17 10:34,2025-01-17 11:13
LAB726764,ENC111304,PT13751,GLU,Glucose,193,mg/dL,70,99,H,STAT,2025-01-17 12:57,2025-01-17 13:31,2025-01-17 14:01
LAB726765,ENC111304,PT13751,CREAT,Creatinine,0.82,mg/dL,0.6,1.3,N,Routine,2025-01-17 13:01,2025-01-17 13:33,2025-01-17 15:27
LAB726766,ENC111304,PT13751,WBC,White Blood Cell Count,6.7,K/uL,4.5,11,N,STAT,2025-01-17 13:05,2025-01-17 13:31,2025-01-17 14:10
LAB726767,ENC111304,PT13751,HGB,Hemoglobin,15.9,g/dL,12,17.5,N,STAT,2025-01-17 13:56,2025-01-17 14:12,2025-01-17 15:01
LAB726768,ENC111304,PT13751,TROP,"Troponin I, High Sensitivity",65,ng/L,0,34,H,STAT,2025-01-17 13:50,2025-01-17 14:15,2025-01-17 15:06
LAB726769,ENC111304,PT13751,BNP,B-Type Natriuretic Peptide,1723,pg/mL,0,100,H,STAT,2025-01-17 13:15,2025-01-17 13:43,2025-01-17 14:14
LAB726770,ENC111305,PT13469,GLU,Glucose,99,mg/dL,70,99,N,STAT,2025-01-17 13:16,2025-01-17 13:51,2025-01-17 14:32
LAB726771,ENC111305,PT13469,CREAT,Creatinine,1.28,mg/dL,0.6,1.3,N,Routine,2025-01-17 13:06,2025-01-17 13:31,2025-01-17 15:22
LAB726772,ENC111305,PT13469,WBC,White Blood Cell Count,3.9,K/uL,4.5,11,L,Routine,2025-01-17 13:53,2025-01-17 14:27,2025-01-17 18:10
LAB726773,ENC111305,PT13469,HGB,Hemoglobin,11,g/dL,12,17.5,L,Routine,2025-01-17 12:51,2025-01-17 13:10,2025-01-17 16:42
LAB726774,ENC111305,PT13469,INR,Prothrombin Time INR,0.9,ratio,0.8,1.2,N,Routine,2025-01-17 12:44,2025-01-17 12:51,2025-01-17 15:48
LAB726775,ENC111310,PT10454,GLU,Glucose,110,mg/dL,70,99,H,STAT,2025-01-17 12:14,2025-01-17 12:30,2025-01-17 13:29
LAB726776,ENC111310,PT10454,CREAT,Creatinine,0.64,mg/dL,0.6,1.3,N,Routine,2025-01-17 11:18,2025-01-17 11:41,2025-01-17 16:49
LAB726777,ENC111310,PT10454,WBC,White Blood Cell Count,8.9,K/uL,4.5,11,N,Routine,2025-01-17 11:58,2025-01-17 12:08,2025-01-17 13:20
LAB726778,ENC111310,PT10454,HGB,Hemoglobin,15.2,g/dL,12,17.5,N,Routine,2025-01-17 11:38,2025-01-17 11:50,2025-01-17 12:55
LAB726779,ENC111312,PT13507,GLU,Glucose,107,mg/dL,70,99,H,STAT,2025-01-17 15:50,2025-01-17 16:17,2025-01-17 16:53
LAB726780,ENC111312,PT13507,CREAT,Creatinine,0.93,mg/dL,0.6,1.3,N,Routine,2025-01-17 16:44,2025-01-17 17:15,2025-01-17 23:10
LAB726781,ENC111312,PT13507,WBC,White Blood Cell Count,5.4,K/uL,4.5,11,N,STAT,2025-01-17 16:07,2025-01-17 16:35,2025-01-17 17:22
LAB726782,ENC111312,PT13507,HGB,Hemoglobin,14.8,g/dL,12,17.5,N,STAT,2025-01-17 16:08,2025-01-17 16:42,2025-01-17 17:21
LAB726783,ENC111312,PT13507,LACT,Lactate,3.1,mmol/L,0.5,2,H,STAT,2025-01-17 16:09,2025-01-17 16:21,2025-01-17 16:56
LAB726784,ENC111315,PT11826,GLU,Glucose,145,mg/dL,70,99,H,Routine,2025-01-17 13:06,2025-01-17 13:29,2025-01-17 16:02
LAB726785,ENC111315,PT11826,CREAT,Creatinine,0.84,mg/dL,0.6,1.3,N,STAT,2025-01-17 13:15,2025-01-17 13:44,2025-01-17 14:34
LAB726786,ENC111315,PT11826,WBC,White Blood Cell Count,14,K/uL,4.5,11,H,Routine,2025-01-17 13:38,2025-01-17 14:00,2025-01-17 15:22
LAB726787,ENC111316,PT12950,WBC,White Blood Cell Count,10.4,K/uL,4.5,11,N,Routine,2025-01-17 14:12,2025-01-17 14:45,2025-01-17 18:11
LAB726788,ENC111316,PT12950,HGB,Hemoglobin,15.1,g/dL,12,17.5,N,Routine,2025-01-17 14:05,2025-01-17 14:32,2025-01-17 17:06
LAB726789,ENC111316,PT12950,PLT,Platelet Count,273,K/uL,150,400,N,Routine,2025-01-17 14:22,2025-01-17 14:53,2025-01-17 17:24
LAB726790,ENC111319,PT11641,GLU,Glucose,85,mg/dL,70,99,N,Routine,2025-01-17 17:14,2025-01-17 17:35,2025-01-17 19:31
LAB726791,ENC111319,PT11641,CREAT,Creatinine,0.9,mg/dL,0.6,1.3,N,STAT,2025-01-17 16:59,2025-01-17 17:13,2025-01-17 18:38
LAB726792,ENC111319,PT11641,WBC,White Blood Cell Count,9.6,K/uL,4.5,11,N,STAT,2025-01-17 16:13,2025-01-17 16:21,2025-01-17 17:15
LAB726793,ENC111319,PT11641,HGB,Hemoglobin,15.5,g/dL,12,17.5,N,STAT,2025-01-17 16:22,2025-01-17 16:44,2025-01-17 17:28
LAB726794,ENC111321,PT13041,GLU,Glucose,127,mg/dL,70,99,H,STAT,2025-01-17 19:19,2025-01-17 19:51,2025-01-17 21:24
LAB726795,ENC111321,PT13041,CREAT,Creatinine,1.27,mg/dL,0.6,1.3,N,STAT,2025-01-17 19:06,2025-01-17 19:34,2025-01-17 20:16
LAB726796,ENC111321,PT13041,WBC,White Blood Cell Count,3.1,K/uL,4.5,11,L,Routine,2025-01-17 18:26,2025-01-17 18:35,2025-01-17 21:10
LAB726797,ENC111321,PT13041,HGB,Hemoglobin,14.4,g/dL,12,17.5,N,STAT,2025-01-17 18:28,2025-01-17 18:56,2025-01-17 19:54
LAB726798,ENC111321,PT13041,NA,Sodium,138,mmol/L,136,145,N,Routine,2025-01-17 18:22,2025-01-17 18:57,2025-01-18 00:52
LAB726799,ENC111321,PT13041,K,Potassium,4.2,mmol/L,3.5,5.1,N,STAT,2025-01-17 18:49,2025-01-17 19:23,2025-01-17 20:13
LAB726800,ENC111321,PT13041,TROP,"Troponin I, High Sensitivity",67,ng/L,0,34,H,STAT,2025-01-17 19:21,2025-01-17 19:46,2025-01-17 20:11
LAB726801,ENC111321,PT13041,BNP,B-Type Natriuretic Peptide,1385,pg/mL,0,100,H,STAT,2025-01-17 19:22,2025-01-17 19:30,2025-01-17 20:26
LAB726802,ENC111322,PT12996,LDL,LDL Cholesterol,132,mg/dL,0,99,H,Routine,2025-01-17 16:30,2025-01-17 17:05,2025-01-18 18:04
LAB726803,ENC111323,PT12481,GLU,Glucose,102,mg/dL,70,99,H,Routine,2025-01-17 20:32,2025-01-17 21:05,2025-01-18 02:35
LAB726804,ENC111323,PT12481,CREAT,Creatinine,0.84,mg/dL,0.6,1.3,N,Routine,2025-01-17 20:40,2025-01-17 20:44,2025-01-17 23:21
LAB726805,ENC111323,PT12481,WBC,White Blood Cell Count,7.4,K/uL,4.5,11,N,Routine,2025-01-17 20:31,2025-01-17 20:51,2025-01-17 23:52
LAB726806,ENC111323,PT12481,HGB,Hemoglobin,14.7,g/dL,12,17.5,N,STAT,2025-01-17 20:42,2025-01-17 21:15,2025-01-17 22:41
LAB726807,ENC111323,PT12481,NA,Sodium,141,mmol/L,136,145,N,Routine,2025-01-17 19:58,2025-01-17 20:08,2025-01-17 23:32
LAB726808,ENC111323,PT12481,K,Potassium,3.6,mmol/L,3.5,5.1,N,STAT,2025-01-17 20:34,2025-01-17 21:05,2025-01-17 21:32
LAB726809,ENC111325,PT13940,GLU,Glucose,113,mg/dL,70,99,H,STAT,2025-01-17 22:41,2025-01-17 23:05,2025-01-17 23:46
LAB726810,ENC111325,PT13940,CREAT,Creatinine,0.86,mg/dL,0.6,1.3,N,STAT,2025-01-17 22:11,2025-01-17 22:24,2025-01-17 22:55
LAB726811,ENC111325,PT13940,WBC,White Blood Cell Count,16.8,K/uL,4.5,11,H,Routine,2025-01-17 21:46,2025-01-17 22:05,2025-01-18 00:35
LAB726812,ENC111325,PT13940,HGB,Hemoglobin,13.9,g/dL,12,17.5,N,STAT,2025-01-17 21:39,2025-01-17 22:06,2025-01-17 22:50
LAB726813,ENC111325,PT13940,NA,Sodium,139,mmol/L,136,145,N,Routine,2025-01-17 22:39,2025-01-17 22:53,2025-01-18 02:41
LAB726814,ENC111325,PT13940,K,Potassium,3.8,mmol/L,3.5,5.1,N,STAT,2025-01-17 22:08,2025-01-17 22:32,2025-01-17 23:03
LAB726815,ENC111326,PT10027,GLU,Glucose,122,mg/dL,70,99,H,Routine,2025-01-17 21:04,2025-01-17 21:37,2025-01-17 23:32
LAB726816,ENC111326,PT10027,CREAT,Creatinine,0.95,mg/dL,0.6,1.3,N,Routine,2025-01-17 21:35,2025-01-17 21:57,2025-01-18 02:02
LAB726817,ENC111326,PT10027,WBC,White Blood Cell Count,9.1,K/uL,4.5,11,N,Routine,2025-01-17 21:49,2025-01-17 22:15,2025-01-17 23:29
LAB726818,ENC111326,PT10027,HGB,Hemoglobin,12.6,g/dL,12,17.5,N,STAT,2025-01-17 20:42,2025-01-17 21:12,2025-01-17 21:44
LAB726819,ENC111327,PT12592,GLU,Glucose,111,mg/dL,70,99,H,Routine,2025-01-17 19:57,2025-01-17 20:17,2025-01-18 02:29
LAB726820,ENC111327,PT12592,CREAT,Creatinine,0.97,mg/dL,0.6,1.3,N,STAT,2025-01-17 20:29,2025-01-17 20:51,2025-01-17 21:16
LAB726821,ENC111327,PT12592,WBC,White Blood Cell Count,6.4,K/uL,4.5,11,N,Routine,2025-01-17 20:19,2025-01-17 20:47,2025-01-17 22:57
LAB726822,ENC111327,PT12592,HGB,Hemoglobin,15.4,g/dL,12,17.5,N,Routine,2025-01-17 19:58,2025-01-17 20:30,2025-01-17 22:37
LAB726823,ENC111328,PT10739,GLU,Glucose,347,mg/dL,70,99,H,Routine,2025-01-17 23:14,2025-01-17 23:20,2025-01-18 01:48
LAB726824,ENC111328,PT10739,CREAT,Creatinine,0.97,mg/dL,0.6,1.3,N,Routine,2025-01-17 23:18,2025-01-17 23:28,2025-01-18 05:22
LAB726825,ENC111328,PT10739,WBC,White Blood Cell Count,6.4,K/uL,4.5,11,N,STAT,2025-01-17 22:49,2025-01-17 22:53,2025-01-17 23:57
LAB726826,ENC111328,PT10739,HGB,Hemoglobin,13.2,g/dL,12,17.5,N,Routine,2025-01-17 23:21,2025-01-17 23:35,2025-01-18 02:26
LAB726827,ENC111328,PT10739,NA,Sodium,137,mmol/L,136,145,N,STAT,2025-01-17 22:41,2025-01-17 22:53,2025-01-17 23:21
LAB726828,ENC111328,PT10739,K,Potassium,4.2,mmol/L,3.5,5.1,N,STAT,2025-01-17 23:08,2025-01-17 23:13,2025-01-17 23:50
LAB726829,ENC111328,PT10739,A1C,Hemoglobin A1c,9.8,%,4,5.6,H,Routine,2025-01-17 23:30,2025-01-18 00:04,2025-01-18 13:31
LAB726830,ENC111329,PT12391,GLU,Glucose,94,mg/dL,70,99,N,STAT,2025-01-18 01:10,2025-01-18 01:19,2025-01-18 02:13
LAB726831,ENC111329,PT12391,CREAT,Creatinine,0.54,mg/dL,0.6,1.3,L,STAT,2025-01-18 01:49,2025-01-18 02:13,2025-01-18 03:10
LAB726832,ENC111329,PT12391,WBC,White Blood Cell Count,8.2,K/uL,4.5,11,N,STAT,2025-01-18 01:34,2025-01-18 01:56,2025-01-18 03:47
LAB726833,ENC111329,PT12391,HGB,Hemoglobin,15.4,g/dL,12,17.5,N,STAT,2025-01-18 00:50,2025-01-18 01:00,2025-01-18 01:46
LAB726834,ENC111330,PT11985,GLU,Glucose,91,mg/dL,70,99,N,Routine,2025-01-18 00:48,2025-01-18 01:11,2025-01-18 05:25
LAB726835,ENC111330,PT11985,CREAT,Creatinine,0.79,mg/dL,0.6,1.3,N,Routine,2025-01-18 01:03,2025-01-18 01:11,2025-01-18 05:26
LAB726836,ENC111330,PT11985,WBC,White Blood Cell Count,9.8,K/uL,4.5,11,N,STAT,2025-01-18 00:42,2025-01-18 00:58,2025-01-18 01:51
LAB726837,ENC111330,PT11985,HGB,Hemoglobin,13.4,g/dL,12,17.5,N,STAT,2025-01-18 01:26,2025-01-18 01:52,2025-01-18 02:15
LAB726838,ENC111331,PT13150,GLU,Glucose,118,mg/dL,70,99,H,Routine,2025-01-17 22:43,2025-01-17 23:11,2025-01-18 00:53
LAB726839,ENC111331,PT13150,CREAT,Creatinine,0.71,mg/dL,0.6,1.3,N,STAT,2025-01-17 22:48,2025-01-17 23:12,2025-01-17 23:56
LAB726840,ENC111331,PT13150,WBC,White Blood Cell Count,7.4,K/uL,4.5,11,N,Routine,2025-01-17 22:22,2025-01-17 22:29,2025-01-18 02:33
LAB726841,ENC111332,PT10101,GLU,Glucose,97,mg/dL,70,99,N,STAT,2025-01-17 22:37,2025-01-17 23:03,2025-01-17 23:20
LAB726842,ENC111332,PT10101,CREAT,Creatinine,0.98,mg/dL,0.6,1.3,N,STAT,2025-01-17 22:11,2025-01-17 22:40,2025-01-17 23:43
LAB726843,ENC111332,PT10101,WBC,White Blood Cell Count,13.6,K/uL,4.5,11,H,STAT,2025-01-17 23:02,2025-01-17 23:14,2025-01-17 23:45
LAB726844,ENC111332,PT10101,HGB,Hemoglobin,15.4,g/dL,12,17.5,N,Routine,2025-01-17 21:58,2025-01-17 22:12,2025-01-17 23:55
LAB726845,ENC111335,PT12484,GLU,Glucose,228,mg/dL,70,99,H,Routine,2025-01-18 05:50,2025-01-18 06:14,2025-01-18 10:17
LAB726846,ENC111335,PT12484,CREAT,Creatinine,0.85,mg/dL,0.6,1.3,N,Routine,2025-01-18 05:45,2025-01-18 05:54,2025-01-18 07:44
LAB726847,ENC111335,PT12484,WBC,White Blood Cell Count,19.7,K/uL,4.5,11,H,STAT,2025-01-18 05:41,2025-01-18 06:10,2025-01-18 06:40
LAB726848,ENC111335,PT12484,HGB,Hemoglobin,15.6,g/dL,12,17.5,N,STAT,2025-01-18 06:13,2025-01-18 06:40,2025-01-18 07:17
LAB726849,ENC111335,PT12484,BUN,Blood Urea Nitrogen,9,mg/dL,7,20,N,STAT,2025-01-18 05:56,2025-01-18 06:07,2025-01-18 06:48
LAB726850,ENC111335,PT12484,PLT,Platelet Count,223,K/uL,150,400,N,Routine,2025-01-18 05:28,2025-01-18 05:39,2025-01-18 09:36
LAB726851,ENC111336,PT13695,GLU,Glucose,94,mg/dL,70,99,N,Routine,2025-01-18 12:01,2025-01-18 12:30,2025-01-18 14:22
LAB726852,ENC111336,PT13695,CREAT,Creatinine,0.54,mg/dL,0.6,1.3,L,STAT,2025-01-18 12:11,2025-01-18 12:46,2025-01-18 14:05
LAB726853,ENC111336,PT13695,WBC,White Blood Cell Count,7.5,K/uL,4.5,11,N,STAT,2025-01-18 12:26,2025-01-18 12:34,2025-01-18 13:12
LAB726854,ENC111336,PT13695,HGB,Hemoglobin,13.6,g/dL,12,17.5,N,Routine,2025-01-18 12:17,2025-01-18 12:40,2025-01-18 14:37
LAB726855,ENC111337,PT12047,GLU,Glucose,79,mg/dL,70,99,N,STAT,2025-01-18 12:33,2025-01-18 12:41,2025-01-18 13:08
LAB726856,ENC111337,PT12047,CREAT,Creatinine,1.49,mg/dL,0.6,1.3,H,STAT,2025-01-18 13:23,2025-01-18 13:29,2025-01-18 14:56
LAB726857,ENC111337,PT12047,WBC,White Blood Cell Count,18.5,K/uL,4.5,11,H,STAT,2025-01-18 12:49,2025-01-18 13:08,2025-01-18 14:02
LAB726858,ENC111337,PT12047,HGB,Hemoglobin,11.8,g/dL,12,17.5,L,Routine,2025-01-18 12:24,2025-01-18 12:29,2025-01-18 16:29
LAB726859,ENC111337,PT12047,LACT,Lactate,4.1,mmol/L,0.5,2,HH,STAT,2025-01-18 12:42,2025-01-18 13:09,2025-01-18 13:55
LAB726860,ENC111339,PT10400,GLU,Glucose,64,mg/dL,70,99,L,STAT,2025-01-18 11:09,2025-01-18 11:37,2025-01-18 12:09
LAB726861,ENC111339,PT10400,CREAT,Creatinine,2.69,mg/dL,0.6,1.3,H,Routine,2025-01-18 11:28,2025-01-18 11:48,2025-01-18 14:52
LAB726862,ENC111339,PT10400,WBC,White Blood Cell Count,7.4,K/uL,4.5,11,N,Routine,2025-01-18 11:03,2025-01-18 11:22,2025-01-18 12:22
LAB726863,ENC111339,PT10400,HGB,Hemoglobin,12,g/dL,12,17.5,N,STAT,2025-01-18 11:06,2025-01-18 11:38,2025-01-18 12:20
LAB726864,ENC111340,PT13603,GLU,Glucose,122,mg/dL,70,99,H,Routine,2025-01-18 15:37,2025-01-18 15:46,2025-01-18 21:47
LAB726865,ENC111340,PT13603,CREAT,Creatinine,1.1,mg/dL,0.6,1.3,N,Routine,2025-01-18 15:50,2025-01-18 16:13,2025-01-18 20:45
LAB726866,ENC111340,PT13603,WBC,White Blood Cell Count,8.6,K/uL,4.5,11,N,STAT,2025-01-18 15:57,2025-01-18 16:08,2025-01-18 16:49
LAB726867,ENC111340,PT13603,HGB,Hemoglobin,14.2,g/dL,12,17.5,N,Routine,2025-01-18 14:56,2025-01-18 15:18,2025-01-18 16:46
LAB726868,ENC111341,PT13962,GLU,Glucose,120,mg/dL,70,99,H,Routine,2025-01-18 14:48,2025-01-18 15:20,2025-01-18 18:41
LAB726869,ENC111341,PT13962,CREAT,Creatinine,1.66,mg/dL,0.6,1.3,H,STAT,2025-01-18 15:31,2025-01-18 15:43,2025-01-18 16:12
LAB726870,ENC111341,PT13962,WBC,White Blood Cell Count,21.1,K/uL,4.5,11,H,Routine,2025-01-18 14:49,2025-01-18 15:12,2025-01-18 17:32
LAB726871,ENC111341,PT13962,HGB,Hemoglobin,11.1,g/dL,12,17.5,L,STAT,2025-01-18 15:25,2025-01-18 15:48,2025-01-18 16:10
LAB726872,ENC111341,PT13962,LACT,Lactate,2.2,mmol/L,0.5,2,H,STAT,2025-01-18 15:14,2025-01-18 15:39,2025-01-18 16:06
LAB726873,ENC111343,PT11955,GLU,Glucose,106,mg/dL,70,99,H,STAT,2025-01-18 15:27,2025-01-18 15:54,2025-01-18 16:46
LAB726874,ENC111343,PT11955,CREAT,Creatinine,2.59,mg/dL,0.6,1.3,H,Routine,2025-01-18 15:56,2025-01-18 16:17,2025-01-18 20:37
LAB726875,ENC111343,PT11955,WBC,White Blood Cell Count,8.4,K/uL,4.5,11,N,STAT,2025-01-18 15:23,2025-01-18 15:34,2025-01-18 16:14
LAB726876,ENC111343,PT11955,HGB,Hemoglobin,7.4,g/dL,12,17.5,L,Routine,2025-01-18 15:22,2025-01-18 15:43,2025-01-18 21:15
LAB726877,ENC111343,PT11955,NA,Sodium,141,mmol/L,136,145,N,STAT,2025-01-18 15:14,2025-01-18 15:37,2025-01-18 16:17
LAB726878,ENC111343,PT11955,K,Potassium,4.4,mmol/L,3.5,5.1,N,STAT,2025-01-18 15:58,2025-01-18 16:19,2025-01-18 16:49
LAB726879,ENC111343,PT11955,TROP,"Troponin I, High Sensitivity",155,ng/L,0,34,H,STAT,2025-01-18 15:40,2025-01-18 16:11,2025-01-18 16:40
LAB726880,ENC111346,PT13864,GLU,Glucose,84,mg/dL,70,99,N,STAT,2025-01-18 21:38,2025-01-18 22:06,2025-01-18 22:58
LAB726881,ENC111346,PT13864,CREAT,Creatinine,0.88,mg/dL,0.6,1.3,N,STAT,2025-01-18 21:36,2025-01-18 21:40,2025-01-18 22:20
LAB726882,ENC111346,PT13864,WBC,White Blood Cell Count,11.1,K/uL,4.5,11,H,STAT,2025-01-18 21:09,2025-01-18 21:43,2025-01-18 23:17
LAB726883,ENC111346,PT13864,HGB,Hemoglobin,11.2,g/dL,12,17.5,L,STAT,2025-01-18 21:12,2025-01-18 21:18,2025-01-18 22:51
LAB726884,ENC111346,PT13864,NA,Sodium,144,mmol/L,136,145,N,Routine,2025-01-18 21:07,2025-01-18 21:38,2025-01-19 00:00
LAB726885,ENC111346,PT13864,K,Potassium,4.4,mmol/L,3.5,5.1,N,STAT,2025-01-18 22:10,2025-01-18 22:17,2025-01-18 23:12
LAB726886,ENC111346,PT13864,BUN,Blood Urea Nitrogen,16,mg/dL,7,20,N,STAT,2025-01-18 21:36,2025-01-18 21:45,2025-01-18 22:50
LAB726887,ENC111346,PT13864,PLT,Platelet Count,259,K/uL,150,400,N,STAT,2025-01-18 21:38,2025-01-18 22:11,2025-01-18 22:58
LAB726888,ENC111347,PT13131,GLU,Glucose,150,mg/dL,70,99,H,STAT,2025-01-18 20:54,2025-01-18 21:21,2025-01-18 21:49
LAB726889,ENC111347,PT13131,CREAT,Creatinine,0.61,mg/dL,0.6,1.3,N,STAT,2025-01-18 21:16,2025-01-18 21:34,2025-01-18 22:55
LAB726890,ENC111347,PT13131,WBC,White Blood Cell Count,5.4,K/uL,4.5,11,N,STAT,2025-01-18 21:57,2025-01-18 22:24,2025-01-18 23:41
LAB726891,ENC111347,PT13131,HGB,Hemoglobin,13.7,g/dL,12,17.5,N,STAT,2025-01-18 20:55,2025-01-18 21:05,2025-01-18 21:53
LAB726892,ENC111348,PT12857,GLU,Glucose,103,mg/dL,70,99,H,Routine,2025-01-18 22:25,2025-01-18 22:50,2025-01-19 00:07
LAB726893,ENC111348,PT12857,CREAT,Creatinine,0.9,mg/dL,0.6,1.3,N,STAT,2025-01-18 22:51,2025-01-18 23:19,2025-01-18 23:55
LAB726894,ENC111348,PT12857,WBC,White Blood Cell Count,6.7,K/uL,4.5,11,N,STAT,2025-01-18 22:07,2025-01-18 22:21,2025-01-18 23:02
LAB726895,ENC111348,PT12857,HGB,Hemoglobin,14.2,g/dL,12,17.5,N,STAT,2025-01-18 22:16,2025-01-18 22:22,2025-01-18 23:09
LAB726896,ENC111348,PT12857,TROP,"Troponin I, High Sensitivity",51,ng/L,0,34,H,STAT,2025-01-18 22:46,2025-01-18 23:01,2025-01-18 23:23
LAB726897,ENC111348,PT12857,BNP,B-Type Natriuretic Peptide,2551,pg/mL,0,100,H,Routine,2025-01-18 22:56,2025-01-18 23:03,2025-01-19 00:32
LAB726898,ENC111349,PT12325,GLU,Glucose,98,mg/dL,70,99,N,STAT,2025-01-19 12:05,2025-01-19 12:26,2025-01-19 13:19
LAB726899,ENC111349,PT12325,CREAT,Creatinine,1.21,mg/dL,0.6,1.3,N,Routine,2025-01-19 12:16,2025-01-19 12:30,2025-01-19 18:11
LAB726900,ENC111349,PT12325,WBC,White Blood Cell Count,8.2,K/uL,4.5,11,N,Routine,2025-01-19 12:23,2025-01-19 12:28,2025-01-19 13:54
LAB726901,ENC111349,PT12325,HGB,Hemoglobin,13.2,g/dL,12,17.5,N,STAT,2025-01-19 12:42,2025-01-19 13:08,2025-01-19 13:57
LAB726902,ENC111349,PT12325,TROP,"Troponin I, High Sensitivity",10,ng/L,0,34,N,STAT,2025-01-19 12:46,2025-01-19 13:01,2025-01-19 13:57
LAB726903,ENC111350,PT10346,GLU,Glucose,109,mg/dL,70,99,H,STAT,2025-01-19 13:39,2025-01-19 13:54,2025-01-19 14:40
LAB726904,ENC111350,PT10346,CREAT,Creatinine,1.31,mg/dL,0.6,1.3,H,STAT,2025-01-19 13:41,2025-01-19 14:12,2025-01-19 14:31
LAB726905,ENC111350,PT10346,WBC,White Blood Cell Count,8,K/uL,4.5,11,N,STAT,2025-01-19 13:19,2025-01-19 13:48,2025-01-19 14:23
LAB726906,ENC111350,PT10346,HGB,Hemoglobin,9.3,g/dL,12,17.5,L,Routine,2025-01-19 13:32,2025-01-19 13:50,2025-01-19 15:31
LAB726907,ENC111350,PT10346,INR,Prothrombin Time INR,1,ratio,0.8,1.2,N,Routine,2025-01-19 14:00,2025-01-19 14:26,2025-01-19 16:49
LAB726908,ENC111351,PT12993,GLU,Glucose,429,mg/dL,70,99,H,STAT,2025-01-19 14:57,2025-01-19 15:03,2025-01-19 15:57
LAB726909,ENC111351,PT12993,CREAT,Creatinine,0.78,mg/dL,0.6,1.3,N,STAT,2025-01-19 14:16,2025-01-19 14:27,2025-01-19 15:22
LAB726910,ENC111351,PT12993,WBC,White Blood Cell Count,8.8,K/uL,4.5,11,N,STAT,2025-01-19 14:43,2025-01-19 15:06,2025-01-19 15:40
LAB726911,ENC111351,PT12993,HGB,Hemoglobin,16.4,g/dL,12,17.5,N,STAT,2025-01-19 14:16,2025-01-19 14:23,2025-01-19 15:00
LAB726912,ENC111351,PT12993,NA,Sodium,135,mmol/L,136,145,L,Routine,2025-01-19 14:50,2025-01-19 15:06,2025-01-19 22:28
LAB726913,ENC111351,PT12993,K,Potassium,3.8,mmol/L,3.5,5.1,N,STAT,2025-01-19 14:12,2025-01-19 14:24,2025-01-19 15:03
LAB726914,ENC111351,PT12993,A1C,Hemoglobin A1c,10.7,%,4,5.6,H,Routine,2025-01-19 14:39,2025-01-19 15:12,2025-01-20 00:23
LAB726915,ENC111352,PT13585,GLU,Glucose,159,mg/dL,70,99,H,Routine,2025-01-19 12:43,2025-01-19 12:53,2025-01-19 14:17
LAB726916,ENC111352,PT13585,CREAT,Creatinine,1.37,mg/dL,0.6,1.3,H,STAT,2025-01-19 12:38,2025-01-19 13:02,2025-01-19 14:09
LAB726917,ENC111352,PT13585,WBC,White Blood Cell Count,8.9,K/uL,4.5,11,N,STAT,2025-01-19 12:51,2025-01-19 13:10,2025-01-19 13:43
LAB726918,ENC111352,PT13585,HGB,Hemoglobin,12.5,g/dL,12,17.5,N,Routine,2025-01-19 13:21,2025-01-19 13:29,2025-01-19 15:52
LAB726919,ENC111352,PT13585,TROP,"Troponin I, High Sensitivity",8,ng/L,0,34,N,STAT,2025-01-19 12:36,2025-01-19 12:52,2025-01-19 13:22
LAB726920,ENC111352,PT13585,BNP,B-Type Natriuretic Peptide,1511,pg/mL,0,100,H,STAT,2025-01-19 13:42,2025-01-19 14:08,2025-01-19 15:04
LAB726921,ENC111353,PT10765,GLU,Glucose,97,mg/dL,70,99,N,STAT,2025-01-19 13:36,2025-01-19 13:50,2025-01-19 14:18
LAB726922,ENC111353,PT10765,CREAT,Creatinine,1.22,mg/dL,0.6,1.3,N,Routine,2025-01-19 13:36,2025-01-19 13:42,2025-01-19 19:05
LAB726923,ENC111353,PT10765,WBC,White Blood Cell Count,9.4,K/uL,4.5,11,N,STAT,2025-01-19 13:10,2025-01-19 13:39,2025-01-19 13:55
LAB726924,ENC111353,PT10765,HGB,Hemoglobin,15.7,g/dL,12,17.5,N,STAT,2025-01-19 13:09,2025-01-19 13:17,2025-01-19 14:11
LAB726925,ENC111354,PT10649,GLU,Glucose,86,mg/dL,70,99,N,STAT,2025-01-19 13:29,2025-01-19 13:55,2025-01-19 14:35
LAB726926,ENC111354,PT10649,CREAT,Creatinine,0.81,mg/dL,0.6,1.3,N,STAT,2025-01-19 13:28,2025-01-19 13:54,2025-01-19 14:17
LAB726927,ENC111354,PT10649,WBC,White Blood Cell Count,8,K/uL,4.5,11,N,STAT,2025-01-19 13:27,2025-01-19 13:58,2025-01-19 14:17
LAB726928,ENC111354,PT10649,HGB,Hemoglobin,14.8,g/dL,12,17.5,N,STAT,2025-01-19 13:06,2025-01-19 13:11,2025-01-19 14:09
LAB726929,ENC111355,PT10894,GLU,Glucose,137,mg/dL,70,99,H,STAT,2025-01-19 18:08,2025-01-19 18:13,2025-01-19 18:44
LAB726930,ENC111355,PT10894,CREAT,Creatinine,0.95,mg/dL,0.6,1.3,N,STAT,2025-01-19 17:50,2025-01-19 17:55,2025-01-19 18:11
LAB726931,ENC111355,PT10894,WBC,White Blood Cell Count,5.8,K/uL,4.5,11,N,Routine,2025-01-19 17:40,2025-01-19 18:13,2025-01-19 20:55
LAB726932,ENC111355,PT10894,HGB,Hemoglobin,15,g/dL,12,17.5,N,STAT,2025-01-19 18:01,2025-01-19 18:05,2025-01-19 18:42
LAB726933,ENC111355,PT10894,INR,Prothrombin Time INR,1.1,ratio,0.8,1.2,N,Routine,2025-01-19 18:27,2025-01-19 18:33,2025-01-19 20:39
LAB726934,ENC111357,PT11346,GLU,Glucose,71,mg/dL,70,99,N,Routine,2025-01-19 14:53,2025-01-19 15:22,2025-01-19 18:22
LAB726935,ENC111357,PT11346,CREAT,Creatinine,0.97,mg/dL,0.6,1.3,N,STAT,2025-01-19 14:34,2025-01-19 14:38,2025-01-19 15:20
LAB726936,ENC111357,PT11346,WBC,White Blood Cell Count,8.8,K/uL,4.5,11,N,Routine,2025-01-19 13:56,2025-01-19 14:25,2025-01-19 17:00
LAB726937,ENC111357,PT11346,HGB,Hemoglobin,12.2,g/dL,12,17.5,N,STAT,2025-01-19 14:36,2025-01-19 14:50,2025-01-19 15:22
LAB726938,ENC111358,PT12511,GLU,Glucose,101,mg/dL,70,99,H,STAT,2025-01-19 14:22,2025-01-19 14:48,2025-01-19 16:06
LAB726939,ENC111358,PT12511,CREAT,Creatinine,0.74,mg/dL,0.6,1.3,N,Routine,2025-01-19 13:56,2025-01-19 14:31,2025-01-19 18:14
LAB726940,ENC111358,PT12511,WBC,White Blood Cell Count,7.2,K/uL,4.5,11,N,STAT,2025-01-19 14:52,2025-01-19 15:20,2025-01-19 16:55
LAB726941,ENC111358,PT12511,HGB,Hemoglobin,7.2,g/dL,12,17.5,L,STAT,2025-01-19 14:28,2025-01-19 14:52,2025-01-19 16:03
LAB726942,ENC111358,PT12511,INR,Prothrombin Time INR,1.1,ratio,0.8,1.2,N,STAT,2025-01-19 14:14,2025-01-19 14:32,2025-01-19 15:47
LAB726943,ENC111359,PT12514,GLU,Glucose,105,mg/dL,70,99,H,Routine,2025-01-19 16:55,2025-01-19 17:00,2025-01-19 17:48
LAB726944,ENC111359,PT12514,CREAT,Creatinine,0.46,mg/dL,0.6,1.3,L,Routine,2025-01-19 17:01,2025-01-19 17:24,2025-01-19 20:26
LAB726945,ENC111359,PT12514,WBC,White Blood Cell Count,4.7,K/uL,4.5,11,N,STAT,2025-01-19 17:40,2025-01-19 17:49,2025-01-19 18:42
LAB726946,ENC111360,PT10021,GLU,Glucose,111,mg/dL,70,99,H,STAT,2025-01-19 21:54,2025-01-19 22:18,2025-01-19 22:32
LAB726947,ENC111360,PT10021,CREAT,Creatinine,0.96,mg/dL,0.6,1.3,N,Routine,2025-01-19 22:11,2025-01-19 22:36,2025-01-20 00:43
LAB726948,ENC111360,PT10021,WBC,White Blood Cell Count,8.8,K/uL,4.5,11,N,STAT,2025-01-19 21:50,2025-01-19 22:06,2025-01-19 22:57
LAB726949,ENC111360,PT10021,HGB,Hemoglobin,13.4,g/dL,12,17.5,N,STAT,2025-01-19 22:42,2025-01-19 23:07,2025-01-20 00:23
LAB726950,ENC111360,PT10021,BUN,Blood Urea Nitrogen,19,mg/dL,7,20,N,STAT,2025-01-19 22:24,2025-01-19 22:54,2025-01-19 23:36
LAB726951,ENC111360,PT10021,PLT,Platelet Count,274,K/uL,150,400,N,STAT,2025-01-19 22:21,2025-01-19 22:33,2025-01-19 23:08
LAB726952,ENC111360,PT10021,INR,Prothrombin Time INR,1,ratio,0.8,1.2,N,Routine,2025-01-19 22:22,2025-01-19 22:31,2025-01-20 00:55
LAB726953,ENC111362,PT10418,GLU,Glucose,95,mg/dL,70,99,N,STAT,2025-01-19 19:39,2025-01-19 19:55,2025-01-19 20:49
LAB726954,ENC111362,PT10418,CREAT,Creatinine,0.32,mg/dL,0.6,1.3,L,STAT,2025-01-19 20:20,2025-01-19 20:51,2025-01-19 21:28
LAB726955,ENC111362,PT10418,WBC,White Blood Cell Count,6.6,K/uL,4.5,11,N,STAT,2025-01-19 20:38,2025-01-19 20:43,2025-01-19 22:09
LAB726956,ENC111362,PT10418,HGB,Hemoglobin,15.4,g/dL,12,17.5,N,Routine,2025-01-19 19:54,2025-01-19 20:14,2025-01-19 22:31
LAB726957,ENC111362,PT10418,BUN,Blood Urea Nitrogen,14,mg/dL,7,20,N,Routine,2025-01-19 19:39,2025-01-19 19:44,2025-01-19 21:27
LAB726958,ENC111362,PT10418,PLT,Platelet Count,251,K/uL,150,400,N,Routine,2025-01-19 19:43,2025-01-19 20:09,2025-01-20 01:50
LAB726959,ENC111363,PT13163,GLU,Glucose,159,mg/dL,70,99,H,Routine,2025-01-19 17:28,2025-01-19 17:40,2025-01-19 19:09
LAB726960,ENC111363,PT13163,CREAT,Creatinine,1.01,mg/dL,0.6,1.3,N,STAT,2025-01-19 17:51,2025-01-19 18:26,2025-01-19 18:54
LAB726961,ENC111363,PT13163,WBC,White Blood Cell Count,11.9,K/uL,4.5,11,H,STAT,2025-01-19 18:33,2025-01-19 18:43,2025-01-19 19:38
LAB726962,ENC111367,PT10016,GLU,Glucose,116,mg/dL,70,99,H,STAT,2025-01-19 21:55,2025-01-19 22:15,2025-01-19 23:26
LAB726963,ENC111367,PT10016,CREAT,Creatinine,1.12,mg/dL,0.6,1.3,N,STAT,2025-01-19 22:11,2025-01-19 22:21,2025-01-19 22:45
LAB726964,ENC111367,PT10016,WBC,White Blood Cell Count,9.5,K/uL,4.5,11,N,Routine,2025-01-19 21:20,2025-01-19 21:50,2025-01-20 02:38
LAB726965,ENC111367,PT10016,HGB,Hemoglobin,13.6,g/dL,12,17.5,N,Routine,2025-01-19 22:14,2025-01-19 22:48,2025-01-20 00:42
LAB726966,ENC111367,PT10016,TROP,"Troponin I, High Sensitivity",9,ng/L,0,34,N,STAT,2025-01-19 21:37,2025-01-19 21:45,2025-01-19 22:06
LAB726967,ENC111368,PT10838,GLU,Glucose,100,mg/dL,70,99,H,STAT,2025-01-20 02:33,2025-01-20 02:39,2025-01-20 03:18
LAB726968,ENC111368,PT10838,CREAT,Creatinine,0.83,mg/dL,0.6,1.3,N,Routine,2025-01-20 03:06,2025-01-20 03:22,2025-01-20 04:36
LAB726969,ENC111368,PT10838,WBC,White Blood Cell Count,11.2,K/uL,4.5,11,H,STAT,2025-01-20 03:08,2025-01-20 03:21,2025-01-20 04:09
LAB726970,ENC111368,PT10838,HGB,Hemoglobin,14.9,g/dL,12,17.5,N,STAT,2025-01-20 02:50,2025-01-20 03:14,2025-01-20 04:03
LAB726971,ENC111370,PT11646,GLU,Glucose,117,mg/dL,70,99,H,STAT,2025-01-20 04:17,2025-01-20 04:30,2025-01-20 05:09
LAB726972,ENC111370,PT11646,CREAT,Creatinine,0.88,mg/dL,0.6,1.3,N,Routine,2025-01-20 03:53,2025-01-20 04:09,2025-01-20 06:21
LAB726973,ENC111370,PT11646,WBC,White Blood Cell Count,9,K/uL,4.5,11,N,STAT,2025-01-20 04:35,2025-01-20 05:08,2025-01-20 06:03
LAB726974,ENC111370,PT11646,HGB,Hemoglobin,12.8,g/dL,12,17.5,N,Routine,2025-01-20 04:06,2025-01-20 04:23,2025-01-20 06:24
LAB726975,ENC111370,PT11646,BUN,Blood Urea Nitrogen,19,mg/dL,7,20,N,STAT,2025-01-20 04:30,2025-01-20 05:04,2025-01-20 05:48
LAB726976,ENC111370,PT11646,PLT,Platelet Count,265,K/uL,150,400,N,STAT,2025-01-20 04:54,2025-01-20 05:05,2025-01-20 06:29
LAB726977,ENC111373,PT11791,GLU,Glucose,109,mg/dL,70,99,H,STAT,2025-01-20 09:53,2025-01-20 10:01,2025-01-20 10:49
LAB726978,ENC111373,PT11791,CREAT,Creatinine,1.05,mg/dL,0.6,1.3,N,STAT,2025-01-20 09:56,2025-01-20 10:19,2025-01-20 10:55
LAB726979,ENC111373,PT11791,WBC,White Blood Cell Count,8.1,K/uL,4.5,11,N,STAT,2025-01-20 10:33,2025-01-20 11:04,2025-01-20 12:03
LAB726980,ENC111373,PT11791,HGB,Hemoglobin,14.8,g/dL,12,17.5,N,Routine,2025-01-20 10:58,2025-01-20 11:23,2025-01-20 14:51
LAB726981,ENC111376,PT12049,GLU,Glucose,139,mg/dL,70,99,H,Routine,2025-01-20 14:38,2025-01-20 14:45,2025-01-20 16:03
LAB726982,ENC111376,PT12049,CREAT,Creatinine,1.08,mg/dL,0.6,1.3,N,STAT,2025-01-20 14:26,2025-01-20 14:46,2025-01-20 15:25
LAB726983,ENC111376,PT12049,WBC,White Blood Cell Count,6.2,K/uL,4.5,11,N,STAT,2025-01-20 14:46,2025-01-20 15:13,2025-01-20 16:09
LAB726984,ENC111376,PT12049,HGB,Hemoglobin,12.6,g/dL,12,17.5,N,STAT,2025-01-20 14:00,2025-01-20 14:31,2025-01-20 14:57
LAB726985,ENC111377,PT12796,GLU,Glucose,98,mg/dL,70,99,N,Routine,2025-01-20 13:51,2025-01-20 14:15,2025-01-20 16:12
LAB726986,ENC111377,PT12796,CREAT,Creatinine,0.9,mg/dL,0.6,1.3,N,STAT,2025-01-20 14:20,2025-01-20 14:39,2025-01-20 15:13
LAB726987,ENC111377,PT12796,WBC,White Blood Cell Count,7.9,K/uL,4.5,11,N,Routine,2025-01-20 14:07,2025-01-20 14:40,2025-01-20 16:47
LAB726988,ENC111377,PT12796,HGB,Hemoglobin,10.8,g/dL,12,17.5,L,STAT,2025-01-20 14:07,2025-01-20 14:16,2025-01-20 15:18
LAB726989,ENC111378,PT12467,GLU,Glucose,124,mg/dL,70,99,H,Routine,2025-01-20 12:02,2025-01-20 12:15,2025-01-20 13:41
LAB726990,ENC111378,PT12467,CREAT,Creatinine,1.09,mg/dL,0.6,1.3,N,STAT,2025-01-20 11:42,2025-01-20 12:07,2025-01-20 13:29
LAB726991,ENC111378,PT12467,WBC,White Blood Cell Count,6.6,K/uL,4.5,11,N,Routine,2025-01-20 11:39,2025-01-20 11:56,2025-01-20 15:15
LAB726992,ENC111378,PT12467,HGB,Hemoglobin,9.4,g/dL,12,17.5,L,STAT,2025-01-20 10:55,2025-01-20 11:28,2025-01-20 12:06
LAB726993,ENC111378,PT12467,INR,Prothrombin Time INR,1,ratio,0.8,1.2,N,STAT,2025-01-20 11:52,2025-01-20 12:03,2025-01-20 12:34
LAB726994,ENC111380,PT10173,A1C,Hemoglobin A1c,8.1,%,4,5.6,H,STAT,2025-01-20 12:13,2025-01-20 12:43,2025-01-20 13:21
LAB726995,ENC111381,PT10411,A1C,Hemoglobin A1c,10.3,%,4,5.6,H,Routine,2025-01-20 11:57,2025-01-20 12:18,2025-01-21 06:28
LAB726996,ENC111381,PT10411,GLU,Glucose,237,mg/dL,70,99,H,Routine,2025-01-20 12:15,2025-01-20 12:33,2025-01-20 17:00
LAB726997,ENC111381,PT10411,CREAT,Creatinine,1,mg/dL,0.6,1.3,N,Routine,2025-01-20 12:11,2025-01-20 12:31,2025-01-20 14:39
LAB726998,ENC111382,PT10691,GLU,Glucose,97,mg/dL,70,99,N,Routine,2025-01-20 12:52,2025-01-20 13:17,2025-01-20 16:44
LAB726999,ENC111382,PT10691,CREAT,Creatinine,0.8,mg/dL,0.6,1.3,N,STAT,2025-01-20 12:49,2025-01-20 13:20,2025-01-20 14:10
LAB727000,ENC111382,PT10691,WBC,White Blood Cell Count,7.4,K/uL,4.5,11,N,Routine,2025-01-20 12:16,2025-01-20 12:51,2025-01-20 17:10
LAB727001,ENC111382,PT10691,HGB,Hemoglobin,16.7,g/dL,12,17.5,N,Routine,2025-01-20 12:39,2025-01-20 13:05,2025-01-20 15:47
LAB727002,ENC111382,PT10691,NA,Sodium,140,mmol/L,136,145,N,STAT,2025-01-20 12:11,2025-01-20 12:35,2025-01-20 13:40
LAB727003,ENC111382,PT10691,K,Potassium,4.4,mmol/L,3.5,5.1,N,STAT,2025-01-20 12:39,2025-01-20 12:50,2025-01-20 13:32
LAB727004,ENC111382,PT10691,INR,Prothrombin Time INR,1.1,ratio,0.8,1.2,N,STAT,2025-01-20 13:04,2025-01-20 13:17,2025-01-20 13:47
LAB727005,ENC111384,PT13021,GLU,Glucose,122,mg/dL,70,99,H,STAT,2025-01-20 13:37,2025-01-20 13:44,2025-01-20 14:09
LAB727006,ENC111384,PT13021,CREAT,Creatinine,0.9,mg/dL,0.6,1.3,N,STAT,2025-01-20 13:41,2025-01-20 13:52,2025-01-20 14:43
LAB727007,ENC111384,PT13021,WBC,White Blood Cell Count,7.4,K/uL,4.5,11,N,STAT,2025-01-20 12:45,2025-01-20 13:01,2025-01-20 13:55
LAB727008,ENC111384,PT13021,HGB,Hemoglobin,14.5,g/dL,12,17.5,N,STAT,2025-01-20 13:09,2025-01-20 13:33,2025-01-20 14:43
LAB727009,ENC111384,PT13021,NA,Sodium,135,mmol/L,136,145,L,STAT,2025-01-20 13:19,2025-01-20 13:37,2025-01-20 14:14
LAB727010,ENC111384,PT13021,K,Potassium,4.2,mmol/L,3.5,5.1,N,STAT,2025-01-20 13:10,2025-01-20 13:34,2025-01-20 14:13
LAB727011,ENC111384,PT13021,TROP,"Troponin I, High Sensitivity",86,ng/L,0,34,H,STAT,2025-01-20 12:50,2025-01-20 13:09,2025-01-20 13:50
LAB727012,ENC111384,PT13021,BNP,B-Type Natriuretic Peptide,3906,pg/mL,0,100,H,STAT,2025-01-20 12:46,2025-01-20 12:58,2025-01-20 13:41
LAB727013,ENC111386,PT13073,GLU,Glucose,144,mg/dL,70,99,H,Routine,2025-01-20 15:39,2025-01-20 15:53,2025-01-20 18:12
LAB727014,ENC111386,PT13073,CREAT,Creatinine,1.15,mg/dL,0.6,1.3,N,STAT,2025-01-20 16:17,2025-01-20 16:25,2025-01-20 17:07
LAB727015,ENC111386,PT13073,WBC,White Blood Cell Count,6.9,K/uL,4.5,11,N,STAT,2025-01-20 15:52,2025-01-20 16:00,2025-01-20 16:48
LAB727016,ENC111386,PT13073,HGB,Hemoglobin,13.3,g/dL,12,17.5,N,STAT,2025-01-20 16:43,2025-01-20 16:55,2025-01-20 18:04
LAB727017,ENC111388,PT13563,GLU,Glucose,111,mg/dL,70,99,H,Routine,2025-01-20 13:43,2025-01-20 14:07,2025-01-20 18:01
LAB727018,ENC111388,PT13563,CREAT,Creatinine,1.14,mg/dL,0.6,1.3,N,Routine,2025-01-20 13:33,2025-01-20 13:49,2025-01-20 15:22
LAB727019,ENC111388,PT13563,WBC,White Blood Cell Count,6.2,K/uL,4.5,11,N,STAT,2025-01-20 13:51,2025-01-20 14:17,2025-01-20 15:13
LAB727020,ENC111388,PT13563,HGB,Hemoglobin,13.5,g/dL,12,17.5,N,STAT,2025-01-20 14:25,2025-01-20 14:45,2025-01-20 15:14
LAB727021,ENC111389,PT13731,GLU,Glucose,114,mg/dL,70,99,H,STAT,2025-01-20 14:21,2025-01-20 14:50,2025-01-20 15:18
LAB727022,ENC111389,PT13731,CREAT,Creatinine,1.25,mg/dL,0.6,1.3,N,Routine,2025-01-20 13:44,2025-01-20 14:03,2025-01-20 16:29
LAB727023,ENC111389,PT13731,WBC,White Blood Cell Count,5.8,K/uL,4.5,11,N,STAT,2025-01-20 14:07,2025-01-20 14:32,2025-01-20 15:31
LAB727024,ENC111389,PT13731,HGB,Hemoglobin,12.9,g/dL,12,17.5,N,STAT,2025-01-20 13:51,2025-01-20 14:13,2025-01-20 14:42
LAB727025,ENC111390,PT13832,WBC,White Blood Cell Count,8.9,K/uL,4.5,11,N,Routine,2025-01-20 13:58,2025-01-20 14:07,2025-01-20 20:38
LAB727026,ENC111390,PT13832,HGB,Hemoglobin,11.8,g/dL,12,17.5,L,Routine,2025-01-20 14:02,2025-01-20 14:06,2025-01-20 15:01
LAB727027,ENC111390,PT13832,PLT,Platelet Count,202,K/uL,150,400,N,Routine,2025-01-20 13:51,2025-01-20 13:57,2025-01-20 16:38
LAB727028,ENC111391,PT11195,GLU,Glucose,136,mg/dL,70,99,H,STAT,2025-01-20 14:40,2025-01-20 15:11,2025-01-20 15:47
LAB727029,ENC111391,PT11195,CREAT,Creatinine,1.18,mg/dL,0.6,1.3,N,STAT,2025-01-20 14:59,2025-01-20 15:33,2025-01-20 16:17
LAB727030,ENC111391,PT11195,WBC,White Blood Cell Count,5.8,K/uL,4.5,11,N,Routine,2025-01-20 14:40,2025-01-20 14:57,2025-01-20 18:30
LAB727031,ENC111391,PT11195,HGB,Hemoglobin,12.7,g/dL,12,17.5,N,STAT,2025-01-20 14:18,2025-01-20 14:52,2025-01-20 15:51
LAB727032,ENC111393,PT10740,GLU,Glucose,78,mg/dL,70,99,N,Routine,2025-01-20 19:10,2025-01-20 19:32,2025-01-20 21:23
LAB727033,ENC111393,PT10740,CREAT,Creatinine,1.99,mg/dL,0.6,1.3,H,STAT,2025-01-20 18:40,2025-01-20 19:01,2025-01-20 20:17
LAB727034,ENC111393,PT10740,WBC,White Blood Cell Count,15.2,K/uL,4.5,11,H,Routine,2025-01-20 18:44,2025-01-20 18:51,2025-01-20 21:50
LAB727035,ENC111393,PT10740,HGB,Hemoglobin,12.3,g/dL,12,17.5,N,STAT,2025-01-20 18:25,2025-01-20 18:57,2025-01-20 19:33
LAB727036,ENC111399,PT10384,A1C,Hemoglobin A1c,5.9,%,4,5.6,H,Routine,2025-01-20 15:48,2025-01-20 16:00,2025-01-21 18:25
LAB727037,ENC111401,PT10879,WBC,White Blood Cell Count,8,K/uL,4.5,11,N,Routine,2025-01-20 15:54,2025-01-20 16:23,2025-01-20 19:32
LAB727038,ENC111401,PT10879,HGB,Hemoglobin,15.5,g/dL,12,17.5,N,Routine,2025-01-20 15:50,2025-01-20 16:18,2025-01-20 17:41
LAB727039,ENC111401,PT10879,PLT,Platelet Count,230,K/uL,150,400,N,Routine,2025-01-20 15:54,2025-01-20 16:16,2025-01-20 17:30
LAB727040,ENC111402,PT11952,GLU,Glucose,181,mg/dL,70,99,H,Routine,2025-01-20 18:46,2025-01-20 19:06,2025-01-21 01:04
LAB727041,ENC111402,PT11952,CREAT,Creatinine,1.03,mg/dL,0.6,1.3,N,STAT,2025-01-20 19:14,2025-01-20 19:26,2025-01-20 19:56
LAB727042,ENC111402,PT11952,WBC,White Blood Cell Count,14,K/uL,4.5,11,H,STAT,2025-01-20 18:19,2025-01-20 18:35,2025-01-20 19:21
LAB727043,ENC111402,PT11952,HGB,Hemoglobin,11.5,g/dL,12,17.5,L,Routine,2025-01-20 18:31,2025-01-20 18:55,2025-01-20 22:11
LAB727044,ENC111402,PT11952,LACT,Lactate,1.9,mmol/L,0.5,2,N,STAT,2025-01-20 18:39,2025-01-20 18:50,2025-01-20 19:20
LAB727045,ENC111403,PT12259,GLU,Glucose,128,mg/dL,70,99,H,Routine,2025-01-20 22:22,2025-01-20 22:43,2025-01-20 23:53
LAB727046,ENC111403,PT12259,CREAT,Creatinine,1.25,mg/dL,0.6,1.3,N,STAT,2025-01-20 21:59,2025-01-20 22:03,2025-01-20 23:08
LAB727047,ENC111403,PT12259,WBC,White Blood Cell Count,5.3,K/uL,4.5,11,N,STAT,2025-01-20 22:15,2025-01-20 22:43,2025-01-20 23:08
LAB727048,ENC111403,PT12259,HGB,Hemoglobin,15.5,g/dL,12,17.5,N,STAT,2025-01-20 22:27,2025-01-20 23:02,2025-01-20 23:39
LAB727049,ENC111408,PT10600,GLU,Glucose,120,mg/dL,70,99,H,Routine,2025-01-20 19:35,2025-01-20 19:58,2025-01-20 22:53
LAB727050,ENC111408,PT10600,CREAT,Creatinine,0.78,mg/dL,0.6,1.3,N,STAT,2025-01-20 19:41,2025-01-20 20:01,2025-01-20 20:30
LAB727051,ENC111408,PT10600,WBC,White Blood Cell Count,14,K/uL,4.5,11,H,STAT,2025-01-20 19:19,2025-01-20 19:35,2025-01-20 20:25
LAB727052,ENC111408,PT10600,HGB,Hemoglobin,11.9,g/dL,12,17.5,L,STAT,2025-01-20 19:33,2025-01-20 19:52,2025-01-20 20:28
LAB727053,ENC111409,PT11494,GLU,Glucose,108,mg/dL,70,99,H,STAT,2025-01-20 19:59,2025-01-20 20:05,2025-01-20 20:56
LAB727054,ENC111409,PT11494,CREAT,Creatinine,0.7,mg/dL,0.6,1.3,N,Routine,2025-01-20 20:28,2025-01-20 20:34,2025-01-21 04:16
LAB727055,ENC111409,PT11494,WBC,White Blood Cell Count,7.3,K/uL,4.5,11,N,STAT,2025-01-20 19:25,2025-01-20 19:42,2025-01-20 20:15
LAB727056,ENC111409,PT11494,HGB,Hemoglobin,10.6,g/dL,12,17.5,L,STAT,2025-01-20 19:59,2025-01-20 20:06,2025-01-20 20:54
LAB727057,ENC111409,PT11494,LACT,Lactate,1.1,mmol/L,0.5,2,N,STAT,2025-01-20 19:26,2025-01-20 19:39,2025-01-20 20:46
LAB727058,ENC111410,PT12576,GLU,Glucose,67,mg/dL,70,99,L,STAT,2025-01-21 01:05,2025-01-21 01:14,2025-01-21 01:34
LAB727059,ENC111410,PT12576,CREAT,Creatinine,0.74,mg/dL,0.6,1.3,N,Routine,2025-01-21 01:33,2025-01-21 01:55,2025-01-21 08:04
LAB727060,ENC111410,PT12576,WBC,White Blood Cell Count,8.2,K/uL,4.5,11,N,STAT,2025-01-21 01:04,2025-01-21 01:14,2025-01-21 01:31
LAB727061,ENC111410,PT12576,HGB,Hemoglobin,16.1,g/dL,12,17.5,N,STAT,2025-01-21 01:23,2025-01-21 01:38,2025-01-21 02:26
LAB727062,ENC111411,PT11789,GLU,Glucose,117,mg/dL,70,99,H,STAT,2025-01-20 21:57,2025-01-20 22:13,2025-01-20 23:29
LAB727063,ENC111411,PT11789,CREAT,Creatinine,1.18,mg/dL,0.6,1.3,N,Routine,2025-01-20 21:38,2025-01-20 21:51,2025-01-21 01:55
LAB727064,ENC111413,PT13218,GLU,Glucose,91,mg/dL,70,99,N,STAT,2025-01-21 02:14,2025-01-21 02:23,2025-01-21 03:41
LAB727065,ENC111413,PT13218,CREAT,Creatinine,0.6,mg/dL,0.6,1.3,N,STAT,2025-01-21 02:58,2025-01-21 03:05,2025-01-21 03:57
LAB727066,ENC111413,PT13218,WBC,White Blood Cell Count,9.6,K/uL,4.5,11,N,STAT,2025-01-21 02:34,2025-01-21 02:41,2025-01-21 03:53
LAB727067,ENC111413,PT13218,HGB,Hemoglobin,14,g/dL,12,17.5,N,STAT,2025-01-21 02:43,2025-01-21 02:57,2025-01-21 03:32
LAB727068,ENC111414,PT12180,GLU,Glucose,252,mg/dL,70,99,H,STAT,2025-01-20 23:40,2025-01-21 00:13,2025-01-21 00:55
LAB727069,ENC111414,PT12180,CREAT,Creatinine,0.66,mg/dL,0.6,1.3,N,STAT,2025-01-20 23:51,2025-01-21 00:18,2025-01-21 01:24
LAB727070,ENC111414,PT12180,WBC,White Blood Cell Count,8.3,K/uL,4.5,11,N,Routine,2025-01-20 23:59,2025-01-21 00:04,2025-01-21 02:50
LAB727071,ENC111414,PT12180,A1C,Hemoglobin A1c,11.8,%,4,5.6,H,STAT,2025-01-20 23:19,2025-01-20 23:35,2025-01-20 23:55
LAB727072,ENC111415,PT11656,GLU,Glucose,104,mg/dL,70,99,H,STAT,2025-01-21 06:33,2025-01-21 07:01,2025-01-21 07:34
LAB727073,ENC111415,PT11656,CREAT,Creatinine,1.31,mg/dL,0.6,1.3,H,STAT,2025-01-21 06:19,2025-01-21 06:35,2025-01-21 07:10
LAB727074,ENC111415,PT11656,WBC,White Blood Cell Count,8.6,K/uL,4.5,11,N,STAT,2025-01-21 06:46,2025-01-21 07:16,2025-01-21 07:47
LAB727075,ENC111415,PT11656,HGB,Hemoglobin,15.7,g/dL,12,17.5,N,STAT,2025-01-21 06:12,2025-01-21 06:20,2025-01-21 07:57
LAB727076,ENC111415,PT11656,TROP,"Troponin I, High Sensitivity",284,ng/L,0,34,H,STAT,2025-01-21 06:27,2025-01-21 06:34,2025-01-21 07:03
LAB727077,ENC111416,PT12298,GLU,Glucose,104,mg/dL,70,99,H,Routine,2025-01-21 06:13,2025-01-21 06:47,2025-01-21 08:48
LAB727078,ENC111416,PT12298,CREAT,Creatinine,1.09,mg/dL,0.6,1.3,N,Routine,2025-01-21 06:14,2025-01-21 06:49,2025-01-21 11:55
LAB727079,ENC111416,PT12298,WBC,White Blood Cell Count,8.9,K/uL,4.5,11,N,STAT,2025-01-21 05:38,2025-01-21 06:09,2025-01-21 08:09
LAB727080,ENC111416,PT12298,HGB,Hemoglobin,13.3,g/dL,12,17.5,N,Routine,2025-01-21 05:59,2025-01-21 06:06,2025-01-21 11:53
LAB727081,ENC111416,PT12298,NA,Sodium,141,mmol/L,136,145,N,STAT,2025-01-21 06:17,2025-01-21 06:49,2025-01-21 07:19
LAB727082,ENC111416,PT12298,K,Potassium,3.6,mmol/L,3.5,5.1,N,STAT,2025-01-21 05:18,2025-01-21 05:33,2025-01-21 06:33
LAB727083,ENC111419,PT11819,GLU,Glucose,103,mg/dL,70,99,H,STAT,2025-01-21 09:41,2025-01-21 09:48,2025-01-21 10:27
LAB727084,ENC111419,PT11819,CREAT,Creatinine,1.01,mg/dL,0.6,1.3,N,STAT,2025-01-21 09:06,2025-01-21 09:38,2025-01-21 10:13
LAB727085,ENC111419,PT11819,WBC,White Blood Cell Count,6.3,K/uL,4.5,11,N,STAT,2025-01-21 09:49,2025-01-21 10:00,2025-01-21 11:48
LAB727086,ENC111419,PT11819,HGB,Hemoglobin,14,g/dL,12,17.5,N,STAT,2025-01-21 09:03,2025-01-21 09:12,2025-01-21 10:05
LAB727087,ENC111420,PT13234,GLU,Glucose,467,mg/dL,70,99,H,Routine,2025-01-21 13:31,2025-01-21 14:05,2025-01-21 16:24
LAB727088,ENC111420,PT13234,CREAT,Creatinine,1.1,mg/dL,0.6,1.3,N,Routine,2025-01-21 14:05,2025-01-21 14:15,2025-01-21 20:55
LAB727089,ENC111420,PT13234,WBC,White Blood Cell Count,5.3,K/uL,4.5,11,N,Routine,2025-01-21 14:14,2025-01-21 14:20,2025-01-21 16:04
LAB727090,ENC111420,PT13234,HGB,Hemoglobin,15.7,g/dL,12,17.5,N,STAT,2025-01-21 14:30,2025-01-21 14:59,2025-01-21 16:13
LAB727091,ENC111420,PT13234,NA,Sodium,135,mmol/L,136,145,L,STAT,2025-01-21 14:19,2025-01-21 14:26,2025-01-21 15:09
LAB727092,ENC111420,PT13234,K,Potassium,4,mmol/L,3.5,5.1,N,STAT,2025-01-21 13:40,2025-01-21 14:04,2025-01-21 15:32
LAB727093,ENC111420,PT13234,A1C,Hemoglobin A1c,12.6,%,4,5.6,H,STAT,2025-01-21 13:41,2025-01-21 13:52,2025-01-21 14:41
LAB727094,ENC111421,PT12085,GLU,Glucose,91,mg/dL,70,99,N,STAT,2025-01-21 12:37,2025-01-21 12:43,2025-01-21 13:23
LAB727095,ENC111421,PT12085,CREAT,Creatinine,0.96,mg/dL,0.6,1.3,N,STAT,2025-01-21 12:28,2025-01-21 12:43,2025-01-21 13:09
LAB727096,ENC111421,PT12085,WBC,White Blood Cell Count,11,K/uL,4.5,11,N,Routine,2025-01-21 12:28,2025-01-21 12:45,2025-01-21 16:20
LAB727097,ENC111421,PT12085,HGB,Hemoglobin,12.1,g/dL,12,17.5,N,STAT,2025-01-21 13:16,2025-01-21 13:26,2025-01-21 13:46
LAB727098,ENC111422,PT11661,GLU,Glucose,78,mg/dL,70,99,N,STAT,2025-01-21 10:08,2025-01-21 10:17,2025-01-21 10:59
LAB727099,ENC111422,PT11661,CREAT,Creatinine,0.9,mg/dL,0.6,1.3,N,STAT,2025-01-21 10:16,2025-01-21 10:44,2025-01-21 11:21
LAB727100,ENC111422,PT11661,WBC,White Blood Cell Count,8,K/uL,4.5,11,N,Routine,2025-01-21 10:17,2025-01-21 10:28,2025-01-21 14:33
LAB727101,ENC111422,PT11661,HGB,Hemoglobin,11.9,g/dL,12,17.5,L,STAT,2025-01-21 11:09,2025-01-21 11:35,2025-01-21 12:08
LAB727102,ENC111423,PT13669,GLU,Glucose,113,mg/dL,70,99,H,STAT,2025-01-21 14:50,2025-01-21 15:13,2025-01-21 16:03
LAB727103,ENC111423,PT13669,CREAT,Creatinine,1.37,mg/dL,0.6,1.3,H,STAT,2025-01-21 14:10,2025-01-21 14:23,2025-01-21 15:51
LAB727104,ENC111423,PT13669,WBC,White Blood Cell Count,3.7,K/uL,4.5,11,L,Routine,2025-01-21 13:59,2025-01-21 14:23,2025-01-21 17:23
LAB727105,ENC111423,PT13669,HGB,Hemoglobin,12.4,g/dL,12,17.5,N,Routine,2025-01-21 14:23,2025-01-21 14:40,2025-01-21 17:19
LAB727106,ENC111424,PT13640,GLU,Glucose,77,mg/dL,70,99,N,Routine,2025-01-21 14:14,2025-01-21 14:35,2025-01-21 16:59
LAB727107,ENC111424,PT13640,CREAT,Creatinine,0.7,mg/dL,0.6,1.3,N,STAT,2025-01-21 14:50,2025-01-21 15:24,2025-01-21 15:51
LAB727108,ENC111424,PT13640,WBC,White Blood Cell Count,7.6,K/uL,4.5,11,N,STAT,2025-01-21 14:14,2025-01-21 14:26,2025-01-21 15:00
LAB727109,ENC111424,PT13640,HGB,Hemoglobin,14.2,g/dL,12,17.5,N,STAT,2025-01-21 15:05,2025-01-21 15:23,2025-01-21 16:16
LAB727110,ENC111424,PT13640,BUN,Blood Urea Nitrogen,9,mg/dL,7,20,N,Routine,2025-01-21 14:32,2025-01-21 15:05,2025-01-21 19:27
LAB727111,ENC111424,PT13640,PLT,Platelet Count,253,K/uL,150,400,N,Routine,2025-01-21 14:05,2025-01-21 14:09,2025-01-21 16:24
LAB727112,ENC111424,PT13640,TROP,"Troponin I, High Sensitivity",13,ng/L,0,34,N,STAT,2025-01-21 14:49,2025-01-21 14:54,2025-01-21 16:10
LAB727113,ENC111428,PT10087,GLU,Glucose,126,mg/dL,70,99,H,STAT,2025-01-21 12:57,2025-01-21 13:04,2025-01-21 13:54
LAB727114,ENC111428,PT10087,CREAT,Creatinine,0.27,mg/dL,0.6,1.3,L,STAT,2025-01-21 12:31,2025-01-21 12:37,2025-01-21 13:31
LAB727115,ENC111428,PT10087,WBC,White Blood Cell Count,7.1,K/uL,4.5,11,N,STAT,2025-01-21 12:46,2025-01-21 12:58,2025-01-21 13:43
LAB727116,ENC111430,PT12777,LDL,LDL Cholesterol,81,mg/dL,0,99,N,Routine,2025-01-21 12:22,2025-01-21 12:28,2025-01-22 05:48
LAB727117,ENC111432,PT12763,A1C,Hemoglobin A1c,5.4,%,4,5.6,N,Routine,2025-01-21 12:46,2025-01-21 12:58,2025-01-22 03:32
LAB727118,ENC111433,PT12142,GLU,Glucose,150,mg/dL,70,99,H,STAT,2025-01-21 17:20,2025-01-21 17:28,2025-01-21 18:13
LAB727119,ENC111433,PT12142,CREAT,Creatinine,0.8,mg/dL,0.6,1.3,N,STAT,2025-01-21 17:54,2025-01-21 18:21,2025-01-21 18:54
LAB727120,ENC111433,PT12142,WBC,White Blood Cell Count,7.5,K/uL,4.5,11,N,Routine,2025-01-21 17:25,2025-01-21 17:56,2025-01-21 21:34
LAB727121,ENC111433,PT12142,HGB,Hemoglobin,14.7,g/dL,12,17.5,N,STAT,2025-01-21 17:22,2025-01-21 17:29,2025-01-21 17:56
LAB727122,ENC111434,PT11631,WBC,White Blood Cell Count,6.1,K/uL,4.5,11,N,Routine,2025-01-21 13:10,2025-01-21 13:28,2025-01-21 15:02
LAB727123,ENC111434,PT11631,HGB,Hemoglobin,15.3,g/dL,12,17.5,N,Routine,2025-01-21 13:13,2025-01-21 13:37,2025-01-21 16:46
LAB727124,ENC111434,PT11631,PLT,Platelet Count,181,K/uL,150,400,N,Routine,2025-01-21 13:01,2025-01-21 13:35,2025-01-21 18:44
LAB727125,ENC111436,PT13790,GLU,Glucose,102,mg/dL,70,99,H,Routine,2025-01-21 13:33,2025-01-21 13:41,2025-01-21 16:40
LAB727126,ENC111436,PT13790,CREAT,Creatinine,0.76,mg/dL,0.6,1.3,N,Routine,2025-01-21 13:30,2025-01-21 14:05,2025-01-21 16:00
LAB727127,ENC111436,PT13790,WBC,White Blood Cell Count,10.1,K/uL,4.5,11,N,Routine,2025-01-21 13:13,2025-01-21 13:36,2025-01-21 18:36
LAB727128,ENC111436,PT13790,HGB,Hemoglobin,12.9,g/dL,12,17.5,N,STAT,2025-01-21 13:13,2025-01-21 13:21,2025-01-21 14:57
LAB727129,ENC111437,PT10798,GLU,Glucose,70,mg/dL,70,99,N,STAT,2025-01-21 18:22,2025-01-21 18:45,2025-01-21 19:33
LAB727130,ENC111437,PT10798,CREAT,Creatinine,0.56,mg/dL,0.6,1.3,L,Routine,2025-01-21 18:22,2025-01-21 18:26,2025-01-21 21:29
LAB727131,ENC111437,PT10798,WBC,White Blood Cell Count,7,K/uL,4.5,11,N,STAT,2025-01-21 17:53,2025-01-21 18:14,2025-01-21 19:14
LAB727132,ENC111437,PT10798,HGB,Hemoglobin,13.6,g/dL,12,17.5,N,Routine,2025-01-21 17:50,2025-01-21 18:06,2025-01-21 19:49
LAB727133,ENC111437,PT10798,BUN,Blood Urea Nitrogen,12,mg/dL,7,20,N,STAT,2025-01-21 18:08,2025-01-21 18:14,2025-01-21 18:42
LAB727134,ENC111437,PT10798,PLT,Platelet Count,240,K/uL,150,400,N,STAT,2025-01-21 18:10,2025-01-21 18:33,2025-01-21 19:16
LAB727135,ENC111438,PT12015,GLU,Glucose,205,mg/dL,70,99,H,STAT,2025-01-21 13:44,2025-01-21 14:00,2025-01-21 14:36
LAB727136,ENC111438,PT12015,CREAT,Creatinine,0.73,mg/dL,0.6,1.3,N,STAT,2025-01-21 13:37,2025-01-21 14:08,2025-01-21 15:01
LAB727137,ENC111438,PT12015,WBC,White Blood Cell Count,9.5,K/uL,4.5,11,N,Routine,2025-01-21 14:27,2025-01-21 14:57,2025-01-21 17:37
LAB727138,ENC111438,PT12015,HGB,Hemoglobin,10.9,g/dL,12,17.5,L,Routine,2025-01-21 14:15,2025-01-21 14:39,2025-01-21 17:07
LAB727139,ENC111438,PT12015,NA,Sodium,139,mmol/L,136,145,N,Routine,2025-01-21 14:08,2025-01-21 14:36,2025-01-21 16:12
LAB727140,ENC111438,PT12015,K,Potassium,4.3,mmol/L,3.5,5.1,N,STAT,2025-01-21 14:24,2025-01-21 14:49,2025-01-21 16:13
LAB727141,ENC111438,PT12015,A1C,Hemoglobin A1c,8.2,%,4,5.6,H,Routine,2025-01-21 14:11,2025-01-21 14:41,2025-01-22 03:24
LAB727142,ENC111439,PT10685,GLU,Glucose,95,mg/dL,70,99,N,Routine,2025-01-21 18:23,2025-01-21 18:37,2025-01-21 23:25
LAB727143,ENC111439,PT10685,CREAT,Creatinine,1.3,mg/dL,0.6,1.3,N,Routine,2025-01-21 17:53,2025-01-21 18:07,2025-01-21 22:54
LAB727144,ENC111439,PT10685,WBC,White Blood Cell Count,7,K/uL,4.5,11,N,Routine,2025-01-21 18:03,2025-01-21 18:23,2025-01-21 19:49
LAB727145,ENC111439,PT10685,HGB,Hemoglobin,12.6,g/dL,12,17.5,N,STAT,2025-01-21 18:42,2025-01-21 18:58,2025-01-21 19:47
LAB727146,ENC111439,PT10685,TROP,"Troponin I, High Sensitivity",7,ng/L,0,34,N,STAT,2025-01-21 17:56,2025-01-21 18:24,2025-01-21 18:58
LAB727147,ENC111441,PT10939,GLU,Glucose,113,mg/dL,70,99,H,STAT,2025-01-21 19:37,2025-01-21 20:11,2025-01-21 21:03
LAB727148,ENC111441,PT10939,CREAT,Creatinine,1.09,mg/dL,0.6,1.3,N,Routine,2025-01-21 19:34,2025-01-21 19:46,2025-01-21 22:34
LAB727149,ENC111441,PT10939,WBC,White Blood Cell Count,7.5,K/uL,4.5,11,N,STAT,2025-01-21 19:43,2025-01-21 20:11,2025-01-21 20:44
LAB727150,ENC111441,PT10939,HGB,Hemoglobin,12.3,g/dL,12,17.5,N,Routine,2025-01-21 20:16,2025-01-21 20:50,2025-01-21 22:55
LAB727151,ENC111441,PT10939,LACT,Lactate,1.6,mmol/L,0.5,2,N,STAT,2025-01-21 19:17,2025-01-21 19:24,2025-01-21 21:00
LAB727152,ENC111442,PT11177,LDL,LDL Cholesterol,80,mg/dL,0,99,N,Routine,2025-01-21 14:57,2025-01-21 15:16,2025-01-22 12:11
LAB727153,ENC111443,PT12841,A1C,Hemoglobin A1c,5.8,%,4,5.6,H,Routine,2025-01-21 15:00,2025-01-21 15:04,2025-01-21 22:48
LAB727154,ENC111444,PT12276,GLU,Glucose,140,mg/dL,70,99,H,STAT,2025-01-21 15:46,2025-01-21 15:51,2025-01-21 16:48
LAB727155,ENC111444,PT12276,CREAT,Creatinine,1.14,mg/dL,0.6,1.3,N,STAT,2025-01-21 16:25,2025-01-21 16:49,2025-01-21 17:22
LAB727156,ENC111444,PT12276,WBC,White Blood Cell Count,5.2,K/uL,4.5,11,N,Routine,2025-01-21 15:31,2025-01-21 16:06,2025-01-21 19:10
LAB727157,ENC111444,PT12276,HGB,Hemoglobin,11.8,g/dL,12,17.5,L,STAT,2025-01-21 15:27,2025-01-21 16:00,2025-01-21 16:49
LAB727158,ENC111451,PT10429,GLU,Glucose,117,mg/dL,70,99,H,STAT,2025-01-21 18:50,2025-01-21 18:56,2025-01-21 19:57
LAB727159,ENC111451,PT10429,CREAT,Creatinine,0.93,mg/dL,0.6,1.3,N,Routine,2025-01-21 19:27,2025-01-21 19:34,2025-01-21 22:41
LAB727160,ENC111451,PT10429,WBC,White Blood Cell Count,7.7,K/uL,4.5,11,N,STAT,2025-01-21 19:47,2025-01-21 20:16,2025-01-21 21:11
LAB727161,ENC111451,PT10429,HGB,Hemoglobin,11.9,g/dL,12,17.5,L,Routine,2025-01-21 19:58,2025-01-21 20:22,2025-01-21 22:27
LAB727162,ENC111451,PT10429,NA,Sodium,139,mmol/L,136,145,N,Routine,2025-01-21 18:52,2025-01-21 19:10,2025-01-22 00:03
LAB727163,ENC111451,PT10429,K,Potassium,4.5,mmol/L,3.5,5.1,N,STAT,2025-01-21 19:43,2025-01-21 20:11,2025-01-21 20:29
LAB727164,ENC111451,PT10429,TROP,"Troponin I, High Sensitivity",65,ng/L,0,34,H,STAT,2025-01-21 19:37,2025-01-21 20:05,2025-01-21 20:31
LAB727165,ENC111451,PT10429,BNP,B-Type Natriuretic Peptide,1059,pg/mL,0,100,H,Routine,2025-01-21 19:10,2025-01-21 19:45,2025-01-21 21:41
LAB727166,ENC111453,PT13582,GLU,Glucose,104,mg/dL,70,99,H,STAT,2025-01-21 18:32,2025-01-21 19:04,2025-01-21 19:43
LAB727167,ENC111453,PT13582,CREAT,Creatinine,1.16,mg/dL,0.6,1.3,N,Routine,2025-01-21 18:41,2025-01-21 18:50,2025-01-21 22:56
LAB727168,ENC111453,PT13582,WBC,White Blood Cell Count,5.7,K/uL,4.5,11,N,STAT,2025-01-21 18:29,2025-01-21 18:59,2025-01-21 20:10
LAB727169,ENC111453,PT13582,INR,Prothrombin Time INR,0.8,ratio,0.8,1.2,N,STAT,2025-01-21 18:39,2025-01-21 18:50,2025-01-21 19:23
LAB727170,ENC111454,PT12424,GLU,Glucose,111,mg/dL,70,99,H,Routine,2025-01-21 21:28,2025-01-21 22:03,2025-01-21 23:10
LAB727171,ENC111454,PT12424,CREAT,Creatinine,0.56,mg/dL,0.6,1.3,L,STAT,2025-01-21 21:33,2025-01-21 21:44,2025-01-21 22:18
LAB727172,ENC111454,PT12424,WBC,White Blood Cell Count,7.2,K/uL,4.5,11,N,Routine,2025-01-21 21:22,2025-01-21 21:46,2025-01-21 23:26
LAB727173,ENC111454,PT12424,HGB,Hemoglobin,12,g/dL,12,17.5,N,Routine,2025-01-21 20:59,2025-01-21 21:04,2025-01-22 00:51
LAB727174,ENC111455,PT11820,GLU,Glucose,129,mg/dL,70,99,H,Routine,2025-01-21 19:38,2025-01-21 20:03,2025-01-21 20:59
LAB727175,ENC111455,PT11820,CREAT,Creatinine,0.94,mg/dL,0.6,1.3,N,Routine,2025-01-21 19:42,2025-01-21 19:46,2025-01-21 21:44
LAB727176,ENC111456,PT13391,GLU,Glucose,62,mg/dL,70,99,L,STAT,2025-01-22 02:00,2025-01-22 02:13,2025-01-22 03:17
LAB727177,ENC111456,PT13391,CREAT,Creatinine,0.85,mg/dL,0.6,1.3,N,STAT,2025-01-22 02:35,2025-01-22 02:54,2025-01-22 03:35
LAB727178,ENC111456,PT13391,WBC,White Blood Cell Count,5,K/uL,4.5,11,N,STAT,2025-01-22 02:51,2025-01-22 03:22,2025-01-22 04:25
LAB727179,ENC111456,PT13391,HGB,Hemoglobin,14.4,g/dL,12,17.5,N,STAT,2025-01-22 02:55,2025-01-22 03:04,2025-01-22 03:41
LAB727180,ENC111458,PT10555,GLU,Glucose,226,mg/dL,70,99,H,STAT,2025-01-22 03:09,2025-01-22 03:29,2025-01-22 04:47
LAB727181,ENC111458,PT10555,CREAT,Creatinine,1.33,mg/dL,0.6,1.3,H,STAT,2025-01-22 03:12,2025-01-22 03:36,2025-01-22 04:21
LAB727182,ENC111458,PT10555,WBC,White Blood Cell Count,22.8,K/uL,4.5,11,H,STAT,2025-01-22 02:19,2025-01-22 02:26,2025-01-22 03:19
LAB727183,ENC111458,PT10555,HGB,Hemoglobin,15.6,g/dL,12,17.5,N,STAT,2025-01-22 03:06,2025-01-22 03:30,2025-01-22 04:20
LAB727184,ENC111458,PT10555,LACT,Lactate,6,mmol/L,0.5,2,HH,STAT,2025-01-22 03:08,2025-01-22 03:34,2025-01-22 04:23
LAB727185,ENC111460,PT12636,GLU,Glucose,125,mg/dL,70,99,H,STAT,2025-01-22 05:46,2025-01-22 05:56,2025-01-22 06:29
LAB727186,ENC111460,PT12636,CREAT,Creatinine,1.04,mg/dL,0.6,1.3,N,Routine,2025-01-22 06:12,2025-01-22 06:36,2025-01-22 08:31
LAB727187,ENC111460,PT12636,WBC,White Blood Cell Count,8.1,K/uL,4.5,11,N,Routine,2025-01-22 05:45,2025-01-22 05:59,2025-01-22 15:32
LAB727188,ENC111460,PT12636,HGB,Hemoglobin,11.9,g/dL,12,17.5,L,STAT,2025-01-22 05:42,2025-01-22 06:17,2025-01-22 07:01
LAB727189,ENC111460,PT12636,TROP,"Troponin I, High Sensitivity",10,ng/L,0,34,N,STAT,2025-01-22 05:19,2025-01-22 05:39,2025-01-22 06:28
LAB727190,ENC111461,PT10133,GLU,Glucose,110,mg/dL,70,99,H,Routine,2025-01-22 09:54,2025-01-22 10:07,2025-01-22 12:11
LAB727191,ENC111461,PT10133,CREAT,Creatinine,1.35,mg/dL,0.6,1.3,H,STAT,2025-01-22 10:07,2025-01-22 10:38,2025-01-22 11:38
LAB727192,ENC111461,PT10133,WBC,White Blood Cell Count,8.4,K/uL,4.5,11,N,STAT,2025-01-22 10:02,2025-01-22 10:23,2025-01-22 10:54
LAB727193,ENC111461,PT10133,HGB,Hemoglobin,12.4,g/dL,12,17.5,N,Routine,2025-01-22 09:54,2025-01-22 09:59,2025-01-22 12:48
LAB727194,ENC111463,PT11729,LDL,LDL Cholesterol,167,mg/dL,0,99,H,Routine,2025-01-22 08:42,2025-01-22 08:49,2025-01-23 00:36
LAB727195,ENC111463,PT11729,A1C,Hemoglobin A1c,7.5,%,4,5.6,H,Routine,2025-01-22 08:21,2025-01-22 08:46,2025-01-22 21:11
LAB727196,ENC111464,PT13412,A1C,Hemoglobin A1c,10.5,%,4,5.6,H,Routine,2025-01-22 09:40,2025-01-22 09:45,2025-01-22 19:22
LAB727197,ENC111464,PT13412,GLU,Glucose,328,mg/dL,70,99,H,Routine,2025-01-22 09:31,2025-01-22 09:54,2025-01-22 13:11
LAB727198,ENC111464,PT13412,CREAT,Creatinine,1.13,mg/dL,0.6,1.3,N,Routine,2025-01-22 09:23,2025-01-22 09:56,2025-01-22 12:33
LAB727199,ENC111467,PT12918,GLU,Glucose,109,mg/dL,70,99,H,Routine,2025-01-22 10:30,2025-01-22 11:00,2025-01-22 14:15
LAB727200,ENC111467,PT12918,CREAT,Creatinine,0.9,mg/dL,0.6,1.3,N,Routine,2025-01-22 10:10,2025-01-22 10:16,2025-01-22 11:28
LAB727201,ENC111467,PT12918,WBC,White Blood Cell Count,7,K/uL,4.5,11,N,STAT,2025-01-22 10:33,2025-01-22 10:59,2025-01-22 11:47
LAB727202,ENC111467,PT12918,HGB,Hemoglobin,15,g/dL,12,17.5,N,STAT,2025-01-22 09:42,2025-01-22 09:53,2025-01-22 10:41
LAB727203,ENC111468,PT13653,GLU,Glucose,89,mg/dL,70,99,N,STAT,2025-01-22 11:58,2025-01-22 12:29,2025-01-22 13:27
LAB727204,ENC111468,PT13653,CREAT,Creatinine,0.84,mg/dL,0.6,1.3,N,Routine,2025-01-22 12:37,2025-01-22 12:50,2025-01-22 16:23
LAB727205,ENC111468,PT13653,WBC,White Blood Cell Count,8.8,K/uL,4.5,11,N,Routine,2025-01-22 11:58,2025-01-22 12:06,2025-01-22 13:50
LAB727206,ENC111468,PT13653,HGB,Hemoglobin,12.9,g/dL,12,17.5,N,STAT,2025-01-22 12:49,2025-01-22 13:04,2025-01-22 13:50
LAB727207,ENC111468,PT13653,BUN,Blood Urea Nitrogen,13,mg/dL,7,20,N,STAT,2025-01-22 12:34,2025-01-22 13:00,2025-01-22 13:36
LAB727208,ENC111468,PT13653,PLT,Platelet Count,292,K/uL,150,400,N,STAT,2025-01-22 12:36,2025-01-22 13:08,2025-01-22 13:44
LAB727209,ENC111472,PT11232,GLU,Glucose,228,mg/dL,70,99,H,STAT,2025-01-22 11:57,2025-01-22 12:17,2025-01-22 13:28
LAB727210,ENC111472,PT11232,CREAT,Creatinine,1.01,mg/dL,0.6,1.3,N,STAT,2025-01-22 11:47,2025-01-22 12:12,2025-01-22 12:56
LAB727211,ENC111472,PT11232,WBC,White Blood Cell Count,8,K/uL,4.5,11,N,Routine,2025-01-22 11:41,2025-01-22 12:05,2025-01-22 13:43
LAB727212,ENC111473,PT11101,A1C,Hemoglobin A1c,9.3,%,4,5.6,H,Routine,2025-01-22 11:36,2025-01-22 12:05,2025-01-23 01:04
LAB727213,ENC111473,PT11101,GLU,Glucose,260,mg/dL,70,99,H,Routine,2025-01-22 11:25,2025-01-22 11:59,2025-01-22 15:40
LAB727214,ENC111473,PT11101,CREAT,Creatinine,1.22,mg/dL,0.6,1.3,N,Routine,2025-01-22 11:40,2025-01-22 12:14,2025-01-22 13:09
LAB727215,ENC111476,PT10681,GLU,Glucose,86,mg/dL,70,99,N,Routine,2025-01-22 14:21,2025-01-22 14:44,2025-01-22 18:20
LAB727216,ENC111476,PT10681,CREAT,Creatinine,0.87,mg/dL,0.6,1.3,N,STAT,2025-01-22 13:53,2025-01-22 14:18,2025-01-22 14:58
LAB727217,ENC111476,PT10681,WBC,White Blood Cell Count,11.3,K/uL,4.5,11,H,STAT,2025-01-22 14:35,2025-01-22 14:56,2025-01-22 15:38
LAB727218,ENC111476,PT10681,HGB,Hemoglobin,14.4,g/dL,12,17.5,N,STAT,2025-01-22 14:31,2025-01-22 14:57,2025-01-22 15:42
LAB727219,ENC111478,PT13195,GLU,Glucose,65,mg/dL,70,99,L,Routine,2025-01-22 17:30,2025-01-22 17:51,2025-01-22 20:48
LAB727220,ENC111478,PT13195,CREAT,Creatinine,0.39,mg/dL,0.6,1.3,L,STAT,2025-01-22 17:31,2025-01-22 17:35,2025-01-22 18:22
LAB727221,ENC111478,PT13195,WBC,White Blood Cell Count,8.8,K/uL,4.5,11,N,STAT,2025-01-22 17:42,2025-01-22 18:10,2025-01-22 19:15
LAB727222,ENC111478,PT13195,HGB,Hemoglobin,15.3,g/dL,12,17.5,N,STAT,2025-01-22 17:35,2025-01-22 18:10,2025-01-22 18:57
LAB727223,ENC111481,PT11733,WBC,White Blood Cell Count,9.1,K/uL,4.5,11,N,Routine,2025-01-22 16:01,2025-01-22 16:07,2025-01-23 07:07
LAB727224,ENC111481,PT11733,HGB,Hemoglobin,13.2,g/dL,12,17.5,N,Routine,2025-01-22 15:54,2025-01-22 16:07,2025-01-22 22:58
LAB727225,ENC111481,PT11733,PLT,Platelet Count,127,K/uL,150,400,L,Routine,2025-01-22 16:07,2025-01-22 16:38,2025-01-22 18:10
LAB727226,ENC111482,PT13704,GLU,Glucose,118,mg/dL,70,99,H,STAT,2025-01-22 18:53,2025-01-22 19:20,2025-01-22 20:06
LAB727227,ENC111482,PT13704,CREAT,Creatinine,1.14,mg/dL,0.6,1.3,N,Routine,2025-01-22 17:57,2025-01-22 18:05,2025-01-22 19:36
LAB727228,ENC111482,PT13704,WBC,White Blood Cell Count,12.3,K/uL,4.5,11,H,STAT,2025-01-22 19:00,2025-01-22 19:25,2025-01-22 20:03
LAB727229,ENC111482,PT13704,HGB,Hemoglobin,11.5,g/dL,12,17.5,L,STAT,2025-01-22 18:48,2025-01-22 19:22,2025-01-22 20:14
LAB727230,ENC111485,PT10450,GLU,Glucose,75,mg/dL,70,99,N,Routine,2025-01-22 20:14,2025-01-22 20:47,2025-01-22 22:42
LAB727231,ENC111485,PT10450,CREAT,Creatinine,1.49,mg/dL,0.6,1.3,H,Routine,2025-01-22 20:55,2025-01-22 21:24,2025-01-23 01:28
LAB727232,ENC111485,PT10450,WBC,White Blood Cell Count,6.3,K/uL,4.5,11,N,Routine,2025-01-22 20:25,2025-01-22 20:54,2025-01-22 23:54
LAB727233,ENC111485,PT10450,HGB,Hemoglobin,13.2,g/dL,12,17.5,N,Routine,2025-01-22 20:27,2025-01-22 20:35,2025-01-23 00:25
LAB727234,ENC111485,PT10450,NA,Sodium,137,mmol/L,136,145,N,Routine,2025-01-22 20:42,2025-01-22 20:47,2025-01-22 23:40
LAB727235,ENC111485,PT10450,K,Potassium,4.6,mmol/L,3.5,5.1,N,STAT,2025-01-22 21:07,2025-01-22 21:20,2025-01-22 21:55
LAB727236,ENC111486,PT13877,GLU,Glucose,244,mg/dL,70,99,H,Routine,2025-01-22 20:04,2025-01-22 20:16,2025-01-22 21:43
LAB727237,ENC111486,PT13877,CREAT,Creatinine,1.22,mg/dL,0.6,1.3,N,STAT,2025-01-22 20:36,2025-01-22 20:42,2025-01-22 21:20
LAB727238,ENC111486,PT13877,WBC,White Blood Cell Count,8,K/uL,4.5,11,N,STAT,2025-01-22 19:56,2025-01-22 20:23,2025-01-22 21:08
LAB727239,ENC111486,PT13877,HGB,Hemoglobin,14.9,g/dL,12,17.5,N,STAT,2025-01-22 19:34,2025-01-22 19:57,2025-01-22 21:15
LAB727240,ENC111487,PT11800,GLU,Glucose,218,mg/dL,70,99,H,STAT,2025-01-22 20:49,2025-01-22 21:01,2025-01-22 21:34
LAB727241,ENC111487,PT11800,CREAT,Creatinine,0.95,mg/dL,0.6,1.3,N,STAT,2025-01-22 20:20,2025-01-22 20:27,2025-01-22 21:27
LAB727242,ENC111487,PT11800,WBC,White Blood Cell Count,16,K/uL,4.5,11,H,STAT,2025-01-22 20:36,2025-01-22 20:57,2025-01-22 21:27
LAB727243,ENC111487,PT11800,HGB,Hemoglobin,16.4,g/dL,12,17.5,N,STAT,2025-01-22 21:05,2025-01-22 21:30,2025-01-22 22:09
LAB727244,ENC111488,PT10670,GLU,Glucose,144,mg/dL,70,99,H,STAT,2025-01-22 17:40,2025-01-22 17:45,2025-01-22 19:45
LAB727245,ENC111488,PT10670,CREAT,Creatinine,0.96,mg/dL,0.6,1.3,N,Routine,2025-01-22 17:34,2025-01-22 17:54,2025-01-22 19:33
LAB727246,ENC111489,PT13908,GLU,Glucose,111,mg/dL,70,99,H,STAT,2025-01-22 21:24,2025-01-22 21:43,2025-01-22 22:26
LAB727247,ENC111489,PT13908,CREAT,Creatinine,1.12,mg/dL,0.6,1.3,N,STAT,2025-01-22 21:24,2025-01-22 21:56,2025-01-22 22:32
LAB727248,ENC111489,PT13908,WBC,White Blood Cell Count,5.9,K/uL,4.5,11,N,STAT,2025-01-22 21:41,2025-01-22 21:49,2025-01-22 22:35
LAB727249,ENC111489,PT13908,HGB,Hemoglobin,14.3,g/dL,12,17.5,N,Routine,2025-01-22 21:23,2025-01-22 21:40,2025-01-23 01:25
LAB727250,ENC111489,PT13908,TROP,"Troponin I, High Sensitivity",409,ng/L,0,34,H,STAT,2025-01-22 22:05,2025-01-22 22:40,2025-01-22 23:29
LAB727251,ENC111490,PT10653,GLU,Glucose,178,mg/dL,70,99,H,STAT,2025-01-22 18:29,2025-01-22 18:48,2025-01-22 19:24
LAB727252,ENC111490,PT10653,CREAT,Creatinine,0.69,mg/dL,0.6,1.3,N,Routine,2025-01-22 18:47,2025-01-22 18:57,2025-01-22 22:08
LAB727253,ENC111491,PT12160,GLU,Glucose,132,mg/dL,70,99,H,STAT,2025-01-22 18:45,2025-01-22 19:05,2025-01-22 20:20
LAB727254,ENC111491,PT12160,CREAT,Creatinine,0.79,mg/dL,0.6,1.3,N,Routine,2025-01-22 18:37,2025-01-22 18:56,2025-01-22 22:51
LAB727255,ENC111491,PT12160,WBC,White Blood Cell Count,5.6,K/uL,4.5,11,N,STAT,2025-01-22 18:45,2025-01-22 18:59,2025-01-22 19:43
LAB727256,ENC111491,PT12160,HGB,Hemoglobin,12.6,g/dL,12,17.5,N,STAT,2025-01-22 19:07,2025-01-22 19:15,2025-01-22 19:54
LAB727257,ENC111492,PT13398,GLU,Glucose,97,mg/dL,70,99,N,STAT,2025-01-22 20:45,2025-01-22 21:17,2025-01-22 22:42
LAB727258,ENC111492,PT13398,CREAT,Creatinine,0.99,mg/dL,0.6,1.3,N,STAT,2025-01-22 20:01,2025-01-22 20:30,2025-01-22 20:55
LAB727259,ENC111493,PT13127,GLU,Glucose,99,mg/dL,70,99,N,STAT,2025-01-22 22:52,2025-01-22 23:20,2025-01-23 00:35
LAB727260,ENC111493,PT13127,CREAT,Creatinine,1.1,mg/dL,0.6,1.3,N,STAT,2025-01-22 23:40,2025-01-22 23:47,2025-01-23 00:57
LAB727261,ENC111493,PT13127,WBC,White Blood Cell Count,13.1,K/uL,4.5,11,H,Routine,2025-01-22 23:15,2025-01-22 23:45,2025-01-23 05:53
LAB727262,ENC111493,PT13127,HGB,Hemoglobin,11.1,g/dL,12,17.5,L,Routine,2025-01-22 22:52,2025-01-22 23:26,2025-01-23 01:33
LAB727263,ENC111495,PT11372,GLU,Glucose,111,mg/dL,70,99,H,STAT,2025-01-23 01:15,2025-01-23 01:38,2025-01-23 02:17
LAB727264,ENC111495,PT11372,CREAT,Creatinine,0.84,mg/dL,0.6,1.3,N,STAT,2025-01-23 01:11,2025-01-23 01:24,2025-01-23 02:35
LAB727265,ENC111495,PT11372,WBC,White Blood Cell Count,8.3,K/uL,4.5,11,N,Routine,2025-01-23 01:26,2025-01-23 02:01,2025-01-23 05:30
LAB727266,ENC111495,PT11372,HGB,Hemoglobin,14.5,g/dL,12,17.5,N,STAT,2025-01-23 01:53,2025-01-23 02:12,2025-01-23 02:51
LAB727267,ENC111497,PT13090,GLU,Glucose,192,mg/dL,70,99,H,STAT,2025-01-23 03:45,2025-01-23 04:04,2025-01-23 04:50
LAB727268,ENC111497,PT13090,CREAT,Creatinine,0.61,mg/dL,0.6,1.3,N,STAT,2025-01-23 03:40,2025-01-23 03:53,2025-01-23 04:16
LAB727269,ENC111497,PT13090,WBC,White Blood Cell Count,17.7,K/uL,4.5,11,H,STAT,2025-01-23 03:47,2025-01-23 04:21,2025-01-23 05:03
LAB727270,ENC111497,PT13090,HGB,Hemoglobin,14.4,g/dL,12,17.5,N,Routine,2025-01-23 04:26,2025-01-23 04:50,2025-01-23 10:23
LAB727271,ENC111498,PT11459,GLU,Glucose,84,mg/dL,70,99,N,Routine,2025-01-23 01:36,2025-01-23 01:55,2025-01-23 03:32
LAB727272,ENC111498,PT11459,CREAT,Creatinine,0.98,mg/dL,0.6,1.3,N,STAT,2025-01-23 01:49,2025-01-23 02:10,2025-01-23 03:02
LAB727273,ENC111498,PT11459,WBC,White Blood Cell Count,6.3,K/uL,4.5,11,N,STAT,2025-01-23 01:22,2025-01-23 01:40,2025-01-23 02:36
LAB727274,ENC111499,PT12399,GLU,Glucose,126,mg/dL,70,99,H,STAT,2025-01-23 07:58,2025-01-23 08:26,2025-01-23 10:04
LAB727275,ENC111499,PT12399,CREAT,Creatinine,0.81,mg/dL,0.6,1.3,N,STAT,2025-01-23 07:53,2025-01-23 07:59,2025-01-23 08:41
LAB727276,ENC111499,PT12399,WBC,White Blood Cell Count,5.6,K/uL,4.5,11,N,Routine,2025-01-23 07:08,2025-01-23 07:26,2025-01-23 08:24
LAB727277,ENC111499,PT12399,HGB,Hemoglobin,14.6,g/dL,12,17.5,N,Routine,2025-01-23 07:43,2025-01-23 08:06,2025-01-23 09:58
LAB727278,ENC111499,PT12399,BUN,Blood Urea Nitrogen,10,mg/dL,7,20,N,Routine,2025-01-23 07:46,2025-01-23 08:09,2025-01-23 09:42
LAB727279,ENC111499,PT12399,PLT,Platelet Count,242,K/uL,150,400,N,STAT,2025-01-23 07:07,2025-01-23 07:13,2025-01-23 07:51
LAB727280,ENC111500,PT11188,GLU,Glucose,156,mg/dL,70,99,H,STAT,2025-01-23 11:30,2025-01-23 11:38,2025-01-23 12:29
LAB727281,ENC111500,PT11188,CREAT,Creatinine,0.99,mg/dL,0.6,1.3,N,STAT,2025-01-23 11:17,2025-01-23 11:52,2025-01-23 12:28
LAB727282,ENC111500,PT11188,WBC,White Blood Cell Count,4.6,K/uL,4.5,11,N,STAT,2025-01-23 11:58,2025-01-23 12:29,2025-01-23 13:09
LAB727283,ENC111500,PT11188,HGB,Hemoglobin,14.9,g/dL,12,17.5,N,STAT,2025-01-23 11:08,2025-01-23 11:38,2025-01-23 12:29
LAB727284,ENC111500,PT11188,TROP,"Troponin I, High Sensitivity",73,ng/L,0,34,H,STAT,2025-01-23 12:07,2025-01-23 12:21,2025-01-23 13:05
LAB727285,ENC111500,PT11188,BNP,B-Type Natriuretic Peptide,759,pg/mL,0,100,H,STAT,2025-01-23 11:27,2025-01-23 11:43,2025-01-23 12:36
LAB727286,ENC111501,PT10510,GLU,Glucose,107,mg/dL,70,99,H,STAT,2025-01-23 12:09,2025-01-23 12:44,2025-01-23 13:17
LAB727287,ENC111501,PT10510,CREAT,Creatinine,1.05,mg/dL,0.6,1.3,N,STAT,2025-01-23 11:35,2025-01-23 11:54,2025-01-23 12:53
LAB727288,ENC111501,PT10510,WBC,White Blood Cell Count,9.2,K/uL,4.5,11,N,Routine,2025-01-23 11:47,2025-01-23 11:53,2025-01-23 19:42
LAB727289,ENC111501,PT10510,HGB,Hemoglobin,15.3,g/dL,12,17.5,N,Routine,2025-01-23 12:11,2025-01-23 12:46,2025-01-23 15:49
LAB727290,ENC111501,PT10510,NA,Sodium,139,mmol/L,136,145,N,STAT,2025-01-23 12:35,2025-01-23 12:50,2025-01-23 14:40
LAB727291,ENC111501,PT10510,K,Potassium,5.3,mmol/L,3.5,5.1,H,STAT,2025-01-23 12:30,2025-01-23 12:39,2025-01-23 13:39
LAB727292,ENC111502,PT13163,A1C,Hemoglobin A1c,7.4,%,4,5.6,H,Routine,2025-01-23 08:18,2025-01-23 08:39,2025-01-24 04:12
LAB727293,ENC111503,PT12513,LDL,LDL Cholesterol,125,mg/dL,0,99,H,Routine,2025-01-23 08:13,2025-01-23 08:20,2025-01-24 00:18
LAB727294,ENC111503,PT12513,A1C,Hemoglobin A1c,5.4,%,4,5.6,N,Routine,2025-01-23 08:19,2025-01-23 08:36,2025-01-23 17:12
LAB727295,ENC111504,PT11787,GLU,Glucose,99,mg/dL,70,99,N,STAT,2025-01-23 08:51,2025-01-23 09:12,2025-01-23 09:49
LAB727296,ENC111504,PT11787,CREAT,Creatinine,1.05,mg/dL,0.6,1.3,N,STAT,2025-01-23 09:11,2025-01-23 09:24,2025-01-23 10:13
LAB727297,ENC111504,PT11787,WBC,White Blood Cell Count,7.4,K/uL,4.5,11,N,STAT,2025-01-23 08:32,2025-01-23 09:06,2025-01-23 09:26
LAB727298,ENC111504,PT11787,HGB,Hemoglobin,13.5,g/dL,12,17.5,N,Routine,2025-01-23 08:45,2025-01-23 08:49,2025-01-23 09:50
LAB727299,ENC111505,PT11115,A1C,Hemoglobin A1c,11.6,%,4,5.6,H,Routine,2025-01-23 08:20,2025-01-23 08:41,2025-01-23 19:09
LAB727300,ENC111505,PT11115,GLU,Glucose,89,mg/dL,70,99,N,Routine,2025-01-23 08:26,2025-01-23 08:42,2025-01-23 11:02
LAB727301,ENC111505,PT11115,CREAT,Creatinine,1.15,mg/dL,0.6,1.3,N,Routine,2025-01-23 08:37,2025-01-23 09:01,2025-01-23 12:29
LAB727302,ENC111506,PT12341,GLU,Glucose,185,mg/dL,70,99,H,STAT,2025-01-23 08:30,2025-01-23 08:40,2025-01-23 09:34
LAB727303,ENC111506,PT12341,CREAT,Creatinine,0.6,mg/dL,0.6,1.3,N,STAT,2025-01-23 09:14,2025-01-23 09:25,2025-01-23 10:26
LAB727304,ENC111506,PT12341,WBC,White Blood Cell Count,9.1,K/uL,4.5,11,N,STAT,2025-01-23 08:46,2025-01-23 08:58,2025-01-23 09:35
LAB727305,ENC111506,PT12341,HGB,Hemoglobin,11.2,g/dL,12,17.5,L,STAT,2025-01-23 08:57,2025-01-23 09:09,2025-01-23 10:27
LAB727306,ENC111507,PT11068,GLU,Glucose,70,mg/dL,70,99,N,STAT,2025-01-23 08:42,2025-01-23 08:54,2025-01-23 09:29
LAB727307,ENC111507,PT11068,CREAT,Creatinine,0.93,mg/dL,0.6,1.3,N,Routine,2025-01-23 09:32,2025-01-23 09:50,2025-01-23 11:51
LAB727308,ENC111507,PT11068,WBC,White Blood Cell Count,9.4,K/uL,4.5,11,N,STAT,2025-01-23 08:51,2025-01-23 09:22,2025-01-23 10:34
LAB727309,ENC111507,PT11068,HGB,Hemoglobin,14.3,g/dL,12,17.5,N,Routine,2025-01-23 08:31,2025-01-23 08:47,2025-01-23 10:53
LAB727310,ENC111509,PT13744,GLU,Glucose,119,mg/dL,70,99,H,Routine,2025-01-23 13:02,2025-01-23 13:15,2025-01-23 17:14
LAB727311,ENC111509,PT13744,CREAT,Creatinine,2.49,mg/dL,0.6,1.3,H,STAT,2025-01-23 12:50,2025-01-23 12:58,2025-01-23 13:45
LAB727312,ENC111509,PT13744,WBC,White Blood Cell Count,9.4,K/uL,4.5,11,N,STAT,2025-01-23 13:13,2025-01-23 13:30,2025-01-23 14:11
LAB727313,ENC111509,PT13744,HGB,Hemoglobin,10.6,g/dL,12,17.5,L,STAT,2025-01-23 12:32,2025-01-23 12:36,2025-01-23 13:32
LAB727314,ENC111509,PT13744,BUN,Blood Urea Nitrogen,12,mg/dL,7,20,N,Routine,2025-01-23 12:36,2025-01-23 13:05,2025-01-23 15:57
LAB727315,ENC111509,PT13744,PLT,Platelet Count,270,K/uL,150,400,N,STAT,2025-01-23 12:57,2025-01-23 13:02,2025-01-23 13:45
LAB727316,ENC111509,PT13744,INR,Prothrombin Time INR,1.1,ratio,0.8,1.2,N,STAT,2025-01-23 13:17,2025-01-23 13:46,2025-01-23 14:58
LAB727317,ENC111510,PT12699,LDL,LDL Cholesterol,179,mg/dL,0,99,H,Routine,2025-01-23 09:31,2025-01-23 09:39,2025-01-23 18:15
LAB727318,ENC111511,PT10471,GLU,Glucose,88,mg/dL,70,99,N,STAT,2025-01-23 13:02,2025-01-23 13:30,2025-01-23 15:15
LAB727319,ENC111511,PT10471,CREAT,Creatinine,1.15,mg/dL,0.6,1.3,N,STAT,2025-01-23 13:13,2025-01-23 13:27,2025-01-23 13:57
LAB727320,ENC111511,PT10471,WBC,White Blood Cell Count,8.7,K/uL,4.5,11,N,STAT,2025-01-23 13:14,2025-01-23 13:27,2025-01-23 14:42
LAB727321,ENC111511,PT10471,HGB,Hemoglobin,8.6,g/dL,12,17.5,L,STAT,2025-01-23 13:33,2025-01-23 13:49,2025-01-23 14:42
LAB727322,ENC111511,PT10471,LACT,Lactate,1.6,mmol/L,0.5,2,N,STAT,2025-01-23 13:02,2025-01-23 13:17,2025-01-23 13:39
LAB727323,ENC111511,PT10471,INR,Prothrombin Time INR,1.2,ratio,0.8,1.2,N,STAT,2025-01-23 13:14,2025-01-23 13:23,2025-01-23 14:29
LAB727324,ENC111512,PT12518,GLU,Glucose,89,mg/dL,70,99,N,STAT,2025-01-23 13:07,2025-01-23 13:14,2025-01-23 14:12
LAB727325,ENC111512,PT12518,CREAT,Creatinine,0.74,mg/dL,0.6,1.3,N,Routine,2025-01-23 13:07,2025-01-23 13:14,2025-01-23 14:42
LAB727326,ENC111512,PT12518,WBC,White Blood Cell Count,8.8,K/uL,4.5,11,N,Routine,2025-01-23 12:26,2025-01-23 12:32,2025-01-23 18:29
LAB727327,ENC111512,PT12518,HGB,Hemoglobin,10.2,g/dL,12,17.5,L,Routine,2025-01-23 12:20,2025-01-23 12:44,2025-01-23 16:57
LAB727328,ENC111512,PT12518,TROP,"Troponin I, High Sensitivity",7,ng/L,0,34,N,STAT,2025-01-23 12:39,2025-01-23 12:45,2025-01-23 13:10
LAB727329,ENC111513,PT11232,GLU,Glucose,125,mg/dL,70,99,H,STAT,2025-01-23 12:20,2025-01-23 12:26,2025-01-23 13:04
LAB727330,ENC111513,PT11232,CREAT,Creatinine,0.91,mg/dL,0.6,1.3,N,STAT,2025-01-23 13:05,2025-01-23 13:09,2025-01-23 13:53
LAB727331,ENC111513,PT11232,WBC,White Blood Cell Count,10.3,K/uL,4.5,11,N,STAT,2025-01-23 12:53,2025-01-23 13:13,2025-01-23 13:45
LAB727332,ENC111513,PT11232,HGB,Hemoglobin,14.1,g/dL,12,17.5,N,Routine,2025-01-23 12:34,2025-01-23 12:55,2025-01-23 16:41
LAB727333,ENC111517,PT10593,GLU,Glucose,97,mg/dL,70,99,N,Routine,2025-01-23 12:58,2025-01-23 13:31,2025-01-23 15:03
LAB727334,ENC111517,PT10593,CREAT,Creatinine,0.47,mg/dL,0.6,1.3,L,Routine,2025-01-23 12:20,2025-01-23 12:43,2025-01-23 14:47
LAB727335,ENC111518,PT11703,GLU,Glucose,108,mg/dL,70,99,H,STAT,2025-01-23 14:53,2025-01-23 15:26,2025-01-23 17:03
LAB727336,ENC111518,PT11703,CREAT,Creatinine,0.82,mg/dL,0.6,1.3,N,STAT,2025-01-23 14:11,2025-01-23 14:32,2025-01-23 15:16
LAB727337,ENC111518,PT11703,WBC,White Blood Cell Count,14.7,K/uL,4.5,11,H,Routine,2025-01-23 15:12,2025-01-23 15:28,2025-01-23 21:13
LAB727338,ENC111518,PT11703,HGB,Hemoglobin,17.7,g/dL,12,17.5,H,STAT,2025-01-23 14:07,2025-01-23 14:37,2025-01-23 16:01
LAB727339,ENC111519,PT12322,A1C,Hemoglobin A1c,12.1,%,4,5.6,H,Routine,2025-01-23 12:44,2025-01-23 13:14,2025-01-24 12:58
LAB727340,ENC111519,PT12322,GLU,Glucose,243,mg/dL,70,99,H,Routine,2025-01-23 12:33,2025-01-23 13:07,2025-01-23 14:18
LAB727341,ENC111519,PT12322,CREAT,Creatinine,0.95,mg/dL,0.6,1.3,N,Routine,2025-01-23 12:38,2025-01-23 12:43,2025-01-23 15:09
LAB727342,ENC111521,PT11488,GLU,Glucose,120,mg/dL,70,99,H,Routine,2025-01-23 15:06,2025-01-23 15:29,2025-01-23 22:30
LAB727343,ENC111521,PT11488,CREAT,Creatinine,1.26,mg/dL,0.6,1.3,N,STAT,2025-01-23 14:49,2025-01-23 15:14,2025-01-23 16:16
LAB727344,ENC111521,PT11488,WBC,White Blood Cell Count,6.4,K/uL,4.5,11,N,Routine,2025-01-23 15:39,2025-01-23 15:54,2025-01-23 21:12
LAB727345,ENC111521,PT11488,HGB,Hemoglobin,17.3,g/dL,12,17.5,N,STAT,2025-01-23 15:35,2025-01-23 16:07,2025-01-23 17:00
LAB727346,ENC111521,PT11488,NA,Sodium,136,mmol/L,136,145,N,STAT,2025-01-23 15:46,2025-01-23 16:03,2025-01-23 16:46
LAB727347,ENC111521,PT11488,K,Potassium,4.4,mmol/L,3.5,5.1,N,STAT,2025-01-23 14:46,2025-01-23 15:18,2025-01-23 16:15
LAB727348,ENC111522,PT10956,GLU,Glucose,196,mg/dL,70,99,H,STAT,2025-01-23 15:58,2025-01-23 16:32,2025-01-23 17:02
LAB727349,ENC111522,PT10956,CREAT,Creatinine,0.82,mg/dL,0.6,1.3,N,Routine,2025-01-23 16:37,2025-01-23 16:46,2025-01-24 01:33
LAB727350,ENC111522,PT10956,WBC,White Blood Cell Count,6,K/uL,4.5,11,N,STAT,2025-01-23 15:44,2025-01-23 16:05,2025-01-23 16:57
LAB727351,ENC111522,PT10956,HGB,Hemoglobin,13.6,g/dL,12,17.5,N,STAT,2025-01-23 15:44,2025-01-23 15:51,2025-01-23 17:07
LAB727352,ENC111524,PT11572,A1C,Hemoglobin A1c,10.9,%,4,5.6,H,Routine,2025-01-23 14:57,2025-01-23 15:29,2025-01-24 05:38
LAB727353,ENC111524,PT11572,GLU,Glucose,489,mg/dL,70,99,H,Routine,2025-01-23 15:15,2025-01-23 15:40,2025-01-23 18:44
LAB727354,ENC111524,PT11572,CREAT,Creatinine,0.77,mg/dL,0.6,1.3,N,Routine,2025-01-23 14:53,2025-01-23 15:26,2025-01-23 18:32
LAB727355,ENC111528,PT12609,A1C,Hemoglobin A1c,5.2,%,4,5.6,N,Routine,2025-01-23 16:44,2025-01-23 17:13,2025-01-24 05:08
LAB727356,ENC111528,PT12609,GLU,Glucose,92,mg/dL,70,99,N,Routine,2025-01-23 16:59,2025-01-23 17:22,2025-01-23 19:57
LAB727357,ENC111528,PT12609,CREAT,Creatinine,1.3,mg/dL,0.6,1.3,N,Routine,2025-01-23 16:37,2025-01-23 17:12,2025-01-23 19:46
LAB727358,ENC111529,PT12311,TROP,"Troponin I, High Sensitivity",3,ng/L,0,34,N,STAT,2025-01-23 18:42,2025-01-23 19:06,2025-01-23 19:25
LAB727359,ENC111530,PT13552,GLU,Glucose,259,mg/dL,70,99,H,STAT,2025-01-23 19:36,2025-01-23 20:04,2025-01-23 21:00
LAB727360,ENC111530,PT13552,CREAT,Creatinine,0.58,mg/dL,0.6,1.3,L,Routine,2025-01-23 18:51,2025-01-23 19:24,2025-01-23 22:03
LAB727361,ENC111532,PT13068,GLU,Glucose,68,mg/dL,70,99,L,Routine,2025-01-23 19:27,2025-01-23 19:32,2025-01-23 23:18
LAB727362,ENC111532,PT13068,CREAT,Creatinine,0.85,mg/dL,0.6,1.3,N,STAT,2025-01-23 20:00,2025-01-23 20:19,2025-01-23 21:18
LAB727363,ENC111532,PT13068,WBC,White Blood Cell Count,8,K/uL,4.5,11,N,Routine,2025-01-23 20:06,2025-01-23 20:17,2025-01-23 22:16
LAB727364,ENC111534,PT10801,GLU,Glucose,133,mg/dL,70,99,H,STAT,2025-01-23 22:32,2025-01-23 22:37,2025-01-23 22:59
LAB727365,ENC111534,PT10801,CREAT,Creatinine,0.96,mg/dL,0.6,1.3,N,STAT,2025-01-23 21:46,2025-01-23 21:55,2025-01-23 22:22
LAB727366,ENC111534,PT10801,WBC,White Blood Cell Count,8.1,K/uL,4.5,11,N,STAT,2025-01-23 21:52,2025-01-23 22:10,2025-01-23 22:49
LAB727367,ENC111534,PT10801,HGB,Hemoglobin,12.6,g/dL,12,17.5,N,Routine,2025-01-23 22:22,2025-01-23 22:47,2025-01-24 04:37
LAB727368,ENC111536,PT13792,GLU,Glucose,45,mg/dL,70,99,L,Routine,2025-01-23 23:02,2025-01-23 23:33,2025-01-24 00:39
LAB727369,ENC111536,PT13792,CREAT,Creatinine,1.08,mg/dL,0.6,1.3,N,STAT,2025-01-23 22:39,2025-01-23 23:02,2025-01-24 00:00
LAB727370,ENC111536,PT13792,WBC,White Blood Cell Count,5.1,K/uL,4.5,11,N,Routine,2025-01-23 22:34,2025-01-23 22:41,2025-01-24 01:11
LAB727371,ENC111536,PT13792,HGB,Hemoglobin,13.4,g/dL,12,17.5,N,STAT,2025-01-23 22:34,2025-01-23 23:09,2025-01-23 23:48
LAB727372,ENC111536,PT13792,TROP,"Troponin I, High Sensitivity",176,ng/L,0,34,H,STAT,2025-01-23 23:28,2025-01-23 23:42,2025-01-24 00:14
LAB727373,ENC111537,PT12839,GLU,Glucose,75,mg/dL,70,99,N,STAT,2025-01-23 23:28,2025-01-23 23:43,2025-01-24 00:40
LAB727374,ENC111537,PT12839,CREAT,Creatinine,1.02,mg/dL,0.6,1.3,N,Routine,2025-01-23 23:24,2025-01-23 23:51,2025-01-24 06:02
LAB727375,ENC111537,PT12839,WBC,White Blood Cell Count,17.5,K/uL,4.5,11,H,STAT,2025-01-23 23:15,2025-01-23 23:33,2025-01-24 01:06
LAB727376,ENC111539,PT12073,GLU,Glucose,91,mg/dL,70,99,N,STAT,2025-01-24 00:49,2025-01-24 01:03,2025-01-24 01:47
LAB727377,ENC111539,PT12073,CREAT,Creatinine,1.01,mg/dL,0.6,1.3,N,STAT,2025-01-24 00:43,2025-01-24 01:14,2025-01-24 01:43
LAB727378,ENC111540,PT10117,GLU,Glucose,74,mg/dL,70,99,N,STAT,2025-01-24 01:52,2025-01-24 02:20,2025-01-24 03:16
LAB727379,ENC111540,PT10117,CREAT,Creatinine,0.34,mg/dL,0.6,1.3,L,STAT,2025-01-24 01:44,2025-01-24 02:09,2025-01-24 03:18
LAB727380,ENC111540,PT10117,WBC,White Blood Cell Count,6.7,K/uL,4.5,11,N,Routine,2025-01-24 01:50,2025-01-24 02:15,2025-01-24 08:23
LAB727381,ENC111540,PT10117,HGB,Hemoglobin,13.1,g/dL,12,17.5,N,STAT,2025-01-24 02:27,2025-01-24 03:01,2025-01-24 03:52
LAB727382,ENC111541,PT11412,GLU,Glucose,254,mg/dL,70,99,H,Routine,2025-01-24 04:45,2025-01-24 05:06,2025-01-24 08:38
LAB727383,ENC111541,PT11412,CREAT,Creatinine,0.91,mg/dL,0.6,1.3,N,STAT,2025-01-24 05:08,2025-01-24 05:12,2025-01-24 06:39
LAB727384,ENC111541,PT11412,WBC,White Blood Cell Count,8,K/uL,4.5,11,N,STAT,2025-01-24 04:22,2025-01-24 04:51,2025-01-24 05:30
LAB727385,ENC111541,PT11412,HGB,Hemoglobin,11.9,g/dL,12,17.5,L,STAT,2025-01-24 05:00,2025-01-24 05:21,2025-01-24 06:53
LAB727386,ENC111541,PT11412,BUN,Blood Urea Nitrogen,11,mg/dL,7,20,N,STAT,2025-01-24 05:22,2025-01-24 05:36,2025-01-24 06:29
LAB727387,ENC111541,PT11412,PLT,Platelet Count,268,K/uL,150,400,N,Routine,2025-01-24 04:41,2025-01-24 05:11,2025-01-24 08:46
LAB727388,ENC111542,PT13619,GLU,Glucose,93,mg/dL,70,99,N,STAT,2025-01-24 03:02,2025-01-24 03:28,2025-01-24 04:06
LAB727389,ENC111542,PT13619,CREAT,Creatinine,0.85,mg/dL,0.6,1.3,N,STAT,2025-01-24 03:20,2025-01-24 03:52,2025-01-24 04:38
LAB727390,ENC111542,PT13619,WBC,White Blood Cell Count,9.4,K/uL,4.5,11,N,STAT,2025-01-24 03:21,2025-01-24 03:55,2025-01-24 04:53
LAB727391,ENC111542,PT13619,HGB,Hemoglobin,13.7,g/dL,12,17.5,N,STAT,2025-01-24 03:20,2025-01-24 03:27,2025-01-24 04:20
LAB727392,ENC111544,PT10648,GLU,Glucose,98,mg/dL,70,99,N,STAT,2025-01-24 09:44,2025-01-24 09:59,2025-01-24 10:32
LAB727393,ENC111544,PT10648,CREAT,Creatinine,0.93,mg/dL,0.6,1.3,N,Routine,2025-01-24 09:35,2025-01-24 10:06,2025-01-24 12:03
LAB727394,ENC111544,PT10648,WBC,White Blood Cell Count,5.8,K/uL,4.5,11,N,Routine,2025-01-24 09:27,2025-01-24 09:42,2025-01-24 13:08
LAB727395,ENC111544,PT10648,HGB,Hemoglobin,13.1,g/dL,12,17.5,N,Routine,2025-01-24 09:47,2025-01-24 09:56,2025-01-24 15:25
LAB727396,ENC111544,PT10648,NA,Sodium,137,mmol/L,136,145,N,STAT,2025-01-24 10:06,2025-01-24 10:31,2025-01-24 11:20
LAB727397,ENC111544,PT10648,K,Potassium,4.7,mmol/L,3.5,5.1,N,STAT,2025-01-24 09:33,2025-01-24 09:50,2025-01-24 10:38
LAB727398,ENC111545,PT11938,GLU,Glucose,120,mg/dL,70,99,H,STAT,2025-01-24 07:06,2025-01-24 07:32,2025-01-24 08:18
LAB727399,ENC111545,PT11938,CREAT,Creatinine,0.64,mg/dL,0.6,1.3,N,Routine,2025-01-24 07:01,2025-01-24 07:16,2025-01-24 12:05
LAB727400,ENC111545,PT11938,WBC,White Blood Cell Count,6.7,K/uL,4.5,11,N,STAT,2025-01-24 06:57,2025-01-24 07:10,2025-01-24 08:15
LAB727401,ENC111545,PT11938,HGB,Hemoglobin,13.1,g/dL,12,17.5,N,STAT,2025-01-24 06:57,2025-01-24 07:10,2025-01-24 08:33
LAB727402,ENC111547,PT10613,GLU,Glucose,70,mg/dL,70,99,N,Routine,2025-01-24 12:27,2025-01-24 12:46,2025-01-24 16:04
LAB727403,ENC111547,PT10613,CREAT,Creatinine,0.9,mg/dL,0.6,1.3,N,Routine,2025-01-24 12:47,2025-01-24 13:12,2025-01-24 15:27
LAB727404,ENC111547,PT10613,WBC,White Blood Cell Count,19.4,K/uL,4.5,11,H,STAT,2025-01-24 12:14,2025-01-24 12:22,2025-01-24 13:14
LAB727405,ENC111547,PT10613,HGB,Hemoglobin,12.4,g/dL,12,17.5,N,Routine,2025-01-24 13:14,2025-01-24 13:19,2025-01-24 16:14
LAB727406,ENC111547,PT10613,BUN,Blood Urea Nitrogen,12,mg/dL,7,20,N,STAT,2025-01-24 12:06,2025-01-24 12:13,2025-01-24 13:14
LAB727407,ENC111547,PT10613,PLT,Platelet Count,310,K/uL,150,400,N,STAT,2025-01-24 12:22,2025-01-24 12:42,2025-01-24 14:01
LAB727408,ENC111551,PT13133,GLU,Glucose,140,mg/dL,70,99,H,STAT,2025-01-24 15:21,2025-01-24 15:43,2025-01-24 16:43
LAB727409,ENC111551,PT13133,CREAT,Creatinine,1.38,mg/dL,0.6,1.3,H,Routine,2025-01-24 15:27,2025-01-24 15:53,2025-01-24 20:36
LAB727410,ENC111551,PT13133,WBC,White Blood Cell Count,9.1,K/uL,4.5,11,N,Routine,2025-01-24 14:35,2025-01-24 14:51,2025-01-24 16:50
LAB727411,ENC111551,PT13133,HGB,Hemoglobin,13.3,g/dL,12,17.5,N,STAT,2025-01-24 15:18,2025-01-24 15:53,2025-01-24 16:41
LAB727412,ENC111551,PT13133,NA,Sodium,140,mmol/L,136,145,N,STAT,2025-01-24 15:14,2025-01-24 15:24,2025-01-24 15:59
LAB727413,ENC111551,PT13133,K,Potassium,4.6,mmol/L,3.5,5.1,N,STAT,2025-01-24 15:24,2025-01-24 15:59,2025-01-24 17:28
LAB727414,ENC111555,PT13392,GLU,Glucose,69,mg/dL,70,99,L,STAT,2025-01-24 11:52,2025-01-24 12:03,2025-01-24 12:40
LAB727415,ENC111555,PT13392,CREAT,Creatinine,1.01,mg/dL,0.6,1.3,N,Routine,2025-01-24 12:01,2025-01-24 12:36,2025-01-24 16:42
LAB727416,ENC111567,PT11948,A1C,Hemoglobin A1c,9.2,%,4,5.6,H,Routine,2025-01-24 15:12,2025-01-24 15:26,2025-01-25 07:39
LAB727417,ENC111568,PT10886,LDL,LDL Cholesterol,117,mg/dL,0,99,H,Routine,2025-01-24 14:55,2025-01-24 15:19,2025-01-25 06:00
LAB727418,ENC111568,PT10886,A1C,Hemoglobin A1c,7.7,%,4,5.6,H,Routine,2025-01-24 14:56,2025-01-24 15:15,2025-01-24 23:38
LAB727419,ENC111568,PT10886,TSH,Thyroid Stimulating Hormone,2.21,mIU/L,0.4,4,N,Routine,2025-01-24 15:04,2025-01-24 15:23,2025-01-25 12:32
LAB727420,ENC111570,PT11178,GLU,Glucose,97,mg/dL,70,99,N,STAT,2025-01-24 21:24,2025-01-24 21:36,2025-01-24 22:11
LAB727421,ENC111570,PT11178,CREAT,Creatinine,1.09,mg/dL,0.6,1.3,N,STAT,2025-01-24 20:53,2025-01-24 21:03,2025-01-24 21:50
LAB727422,ENC111570,PT11178,WBC,White Blood Cell Count,8.5,K/uL,4.5,11,N,STAT,2025-01-24 20:32,2025-01-24 21:06,2025-01-24 21:43
LAB727423,ENC111570,PT11178,HGB,Hemoglobin,12.5,g/dL,12,17.5,N,STAT,2025-01-24 21:19,2025-01-24 21:34,2025-01-24 22:15
LAB727424,ENC111571,PT10419,WBC,White Blood Cell Count,11.5,K/uL,4.5,11,H,Routine,2025-01-24 15:45,2025-01-24 16:02,2025-01-24 17:19
LAB727425,ENC111571,PT10419,HGB,Hemoglobin,13.4,g/dL,12,17.5,N,Routine,2025-01-24 15:20,2025-01-24 15:52,2025-01-24 17:12
LAB727426,ENC111571,PT10419,PLT,Platelet Count,268,K/uL,150,400,N,Routine,2025-01-24 15:29,2025-01-24 15:36,2025-01-24 20:35
LAB727427,ENC111575,PT12753,GLU,Glucose,105,mg/dL,70,99,H,STAT,2025-01-24 17:57,2025-01-24 18:06,2025-01-24 18:36
LAB727428,ENC111575,PT12753,CREAT,Creatinine,0.53,mg/dL,0.6,1.3,L,STAT,2025-01-24 18:10,2025-01-24 18:43,2025-01-24 19:41
LAB727429,ENC111575,PT12753,WBC,White Blood Cell Count,9.5,K/uL,4.5,11,N,STAT,2025-01-24 17:57,2025-01-24 18:11,2025-01-24 19:01
LAB727430,ENC111575,PT12753,HGB,Hemoglobin,15.2,g/dL,12,17.5,N,Routine,2025-01-24 18:23,2025-01-24 18:56,2025-01-24 21:25
LAB727431,ENC111577,PT10902,GLU,Glucose,112,mg/dL,70,99,H,STAT,2025-01-24 21:15,2025-01-24 21:32,2025-01-24 22:31
LAB727432,ENC111577,PT10902,CREAT,Creatinine,0.97,mg/dL,0.6,1.3,N,STAT,2025-01-24 21:00,2025-01-24 21:24,2025-01-24 22:13
LAB727433,ENC111577,PT10902,WBC,White Blood Cell Count,7.4,K/uL,4.5,11,N,STAT,2025-01-24 20:44,2025-01-24 20:53,2025-01-24 21:39
LAB727434,ENC111577,PT10902,HGB,Hemoglobin,11.1,g/dL,12,17.5,L,Routine,2025-01-24 21:07,2025-01-24 21:19,2025-01-25 00:15
LAB727435,ENC111580,PT12972,GLU,Glucose,153,mg/dL,70,99,H,STAT,2025-01-25 05:14,2025-01-25 05:24,2025-01-25 06:45
LAB727436,ENC111580,PT12972,CREAT,Creatinine,1.71,mg/dL,0.6,1.3,H,STAT,2025-01-25 06:17,2025-01-25 06:40,2025-01-25 07:25
LAB727437,ENC111580,PT12972,WBC,White Blood Cell Count,29.2,K/uL,4.5,11,H,Routine,2025-01-25 05:28,2025-01-25 05:51,2025-01-25 09:55
LAB727438,ENC111580,PT12972,HGB,Hemoglobin,12.9,g/dL,12,17.5,N,STAT,2025-01-25 05:35,2025-01-25 05:48,2025-01-25 06:40
LAB727439,ENC111580,PT12972,LACT,Lactate,2.8,mmol/L,0.5,2,H,STAT,2025-01-25 05:10,2025-01-25 05:43,2025-01-25 06:12
LAB727440,ENC111581,PT11799,GLU,Glucose,107,mg/dL,70,99,H,Routine,2025-01-25 06:19,2025-01-25 06:36,2025-01-25 10:42
LAB727441,ENC111581,PT11799,CREAT,Creatinine,0.46,mg/dL,0.6,1.3,L,STAT,2025-01-25 05:45,2025-01-25 06:08,2025-01-25 06:47
LAB727442,ENC111584,PT10251,GLU,Glucose,85,mg/dL,70,99,N,STAT,2025-01-25 10:49,2025-01-25 10:58,2025-01-25 11:47
LAB727443,ENC111584,PT10251,CREAT,Creatinine,1.03,mg/dL,0.6,1.3,N,Routine,2025-01-25 10:42,2025-01-25 11:14,2025-01-25 16:10
LAB727444,ENC111584,PT10251,WBC,White Blood Cell Count,9,K/uL,4.5,11,N,STAT,2025-01-25 10:46,2025-01-25 11:08,2025-01-25 12:06
LAB727445,ENC111584,PT10251,TROP,"Troponin I, High Sensitivity",17,ng/L,0,34,N,STAT,2025-01-25 10:57,2025-01-25 11:03,2025-01-25 11:48
LAB727446,ENC111584,PT10251,BNP,B-Type Natriuretic Peptide,561,pg/mL,0,100,H,STAT,2025-01-25 11:04,2025-01-25 11:28,2025-01-25 12:12
LAB727447,ENC111585,PT10797,GLU,Glucose,124,mg/dL,70,99,H,STAT,2025-01-25 12:03,2025-01-25 12:07,2025-01-25 13:05
LAB727448,ENC111585,PT10797,CREAT,Creatinine,1.3,mg/dL,0.6,1.3,N,STAT,2025-01-25 11:19,2025-01-25 11:29,2025-01-25 12:10
LAB727449,ENC111585,PT10797,WBC,White Blood Cell Count,7.6,K/uL,4.5,11,N,STAT,2025-01-25 11:12,2025-01-25 11:37,2025-01-25 12:09
LAB727450,ENC111585,PT10797,HGB,Hemoglobin,16.6,g/dL,12,17.5,N,STAT,2025-01-25 11:01,2025-01-25 11:27,2025-01-25 12:30
LAB727451,ENC111589,PT12145,GLU,Glucose,94,mg/dL,70,99,N,STAT,2025-01-25 13:03,2025-01-25 13:18,2025-01-25 13:57
LAB727452,ENC111589,PT12145,CREAT,Creatinine,0.33,mg/dL,0.6,1.3,L,STAT,2025-01-25 12:51,2025-01-25 12:57,2025-01-25 13:47
LAB727453,ENC111589,PT12145,WBC,White Blood Cell Count,5.1,K/uL,4.5,11,N,STAT,2025-01-25 12:56,2025-01-25 13:26,2025-01-25 14:51
LAB727454,ENC111589,PT12145,HGB,Hemoglobin,13.5,g/dL,12,17.5,N,Routine,2025-01-25 13:30,2025-01-25 13:54,2025-01-25 15:16
LAB727455,ENC111591,PT10769,GLU,Glucose,136,mg/dL,70,99,H,STAT,2025-01-25 13:38,2025-01-25 14:09,2025-01-25 15:29
LAB727456,ENC111591,PT10769,CREAT,Creatinine,0.99,mg/dL,0.6,1.3,N,Routine,2025-01-25 12:53,2025-01-25 13:00,2025-01-25 15:47
LAB727457,ENC111591,PT10769,WBC,White Blood Cell Count,5.5,K/uL,4.5,11,N,STAT,2025-01-25 12:51,2025-01-25 13:23,2025-01-25 14:23
LAB727458,ENC111591,PT10769,HGB,Hemoglobin,12.6,g/dL,12,17.5,N,Routine,2025-01-25 12:34,2025-01-25 12:51,2025-01-25 17:51
LAB727459,ENC111592,PT13384,GLU,Glucose,96,mg/dL,70,99,N,Routine,2025-01-25 15:28,2025-01-25 15:52,2025-01-25 17:52
LAB727460,ENC111592,PT13384,CREAT,Creatinine,1.01,mg/dL,0.6,1.3,N,STAT,2025-01-25 15:31,2025-01-25 15:48,2025-01-25 16:39
LAB727461,ENC111593,PT13810,GLU,Glucose,90,mg/dL,70,99,N,Routine,2025-01-25 15:55,2025-01-25 16:18,2025-01-25 18:23
LAB727462,ENC111593,PT13810,CREAT,Creatinine,1.04,mg/dL,0.6,1.3,N,STAT,2025-01-25 15:22,2025-01-25 15:41,2025-01-25 16:41
LAB727463,ENC111593,PT13810,WBC,White Blood Cell Count,9.6,K/uL,4.5,11,N,STAT,2025-01-25 15:41,2025-01-25 16:11,2025-01-25 16:56
LAB727464,ENC111593,PT13810,HGB,Hemoglobin,12.3,g/dL,12,17.5,N,STAT,2025-01-25 15:50,2025-01-25 15:55,2025-01-25 17:06
LAB727465,ENC111593,PT13810,NA,Sodium,138,mmol/L,136,145,N,STAT,2025-01-25 15:53,2025-01-25 16:25,2025-01-25 17:11
LAB727466,ENC111593,PT13810,K,Potassium,3.2,mmol/L,3.5,5.1,L,STAT,2025-01-25 15:35,2025-01-25 15:57,2025-01-25 17:10
LAB727467,ENC111593,PT13810,BUN,Blood Urea Nitrogen,9,mg/dL,7,20,N,Routine,2025-01-25 15:54,2025-01-25 16:08,2025-01-25 17:35
LAB727468,ENC111593,PT13810,PLT,Platelet Count,303,K/uL,150,400,N,STAT,2025-01-25 15:51,2025-01-25 16:13,2025-01-25 18:06
LAB727469,ENC111594,PT10719,GLU,Glucose,193,mg/dL,70,99,H,STAT,2025-01-25 15:55,2025-01-25 16:08,2025-01-25 16:51
LAB727470,ENC111594,PT10719,CREAT,Creatinine,0.78,mg/dL,0.6,1.3,N,STAT,2025-01-25 16:08,2025-01-25 16:42,2025-01-25 17:25
LAB727471,ENC111594,PT10719,WBC,White Blood Cell Count,9.3,K/uL,4.5,11,N,Routine,2025-01-25 15:52,2025-01-25 16:20,2025-01-25 18:03
LAB727472,ENC111595,PT11031,GLU,Glucose,116,mg/dL,70,99,H,Routine,2025-01-25 18:24,2025-01-25 18:54,2025-01-25 20:39
LAB727473,ENC111595,PT11031,CREAT,Creatinine,0.77,mg/dL,0.6,1.3,N,STAT,2025-01-25 18:29,2025-01-25 18:57,2025-01-25 19:18
LAB727474,ENC111595,PT11031,WBC,White Blood Cell Count,6.5,K/uL,4.5,11,N,STAT,2025-01-25 18:21,2025-01-25 18:55,2025-01-25 19:40
LAB727475,ENC111595,PT11031,HGB,Hemoglobin,11.7,g/dL,12,17.5,L,Routine,2025-01-25 18:13,2025-01-25 18:20,2025-01-25 21:41
LAB727476,ENC111597,PT12333,GLU,Glucose,103,mg/dL,70,99,H,STAT,2025-01-25 21:16,2025-01-25 21:36,2025-01-25 22:15
LAB727477,ENC111597,PT12333,CREAT,Creatinine,1.14,mg/dL,0.6,1.3,N,Routine,2025-01-25 21:07,2025-01-25 21:37,2025-01-26 00:59
LAB727478,ENC111597,PT12333,WBC,White Blood Cell Count,3.3,K/uL,4.5,11,L,STAT,2025-01-25 20:45,2025-01-25 20:59,2025-01-25 21:29
LAB727479,ENC111597,PT12333,HGB,Hemoglobin,11.2,g/dL,12,17.5,L,STAT,2025-01-25 20:28,2025-01-25 20:44,2025-01-25 21:19
LAB727480,ENC111597,PT12333,INR,Prothrombin Time INR,1,ratio,0.8,1.2,N,STAT,2025-01-25 20:46,2025-01-25 21:19,2025-01-25 21:57
LAB727481,ENC111598,PT12562,GLU,Glucose,100,mg/dL,70,99,H,STAT,2025-01-25 17:50,2025-01-25 18:09,2025-01-25 19:05
LAB727482,ENC111598,PT12562,CREAT,Creatinine,1.15,mg/dL,0.6,1.3,N,Routine,2025-01-25 18:04,2025-01-25 18:23,2025-01-25 21:39
LAB727483,ENC111598,PT12562,WBC,White Blood Cell Count,6.3,K/uL,4.5,11,N,STAT,2025-01-25 17:22,2025-01-25 17:35,2025-01-25 18:10
LAB727484,ENC111599,PT13220,GLU,Glucose,107,mg/dL,70,99,H,Routine,2025-01-25 19:11,2025-01-25 19:30,2025-01-25 22:54
LAB727485,ENC111599,PT13220,CREAT,Creatinine,0.84,mg/dL,0.6,1.3,N,Routine,2025-01-25 19:03,2025-01-25 19:23,2025-01-25 21:01
LAB727486,ENC111599,PT13220,WBC,White Blood Cell Count,14.4,K/uL,4.5,11,H,Routine,2025-01-25 19:19,2025-01-25 19:41,2025-01-25 21:39
LAB727487,ENC111599,PT13220,HGB,Hemoglobin,14.6,g/dL,12,17.5,N,Routine,2025-01-25 19:26,2025-01-25 19:40,2025-01-25 22:48
LAB727488,ENC111600,PT13909,GLU,Glucose,99,mg/dL,70,99,N,STAT,2025-01-25 22:14,2025-01-25 22:46,2025-01-25 23:24
LAB727489,ENC111600,PT13909,CREAT,Creatinine,0.94,mg/dL,0.6,1.3,N,Routine,2025-01-25 21:21,2025-01-25 21:39,2025-01-25 23:37
LAB727490,ENC111600,PT13909,WBC,White Blood Cell Count,8.7,K/uL,4.5,11,N,STAT,2025-01-25 21:25,2025-01-25 21:52,2025-01-25 22:29
LAB727491,ENC111600,PT13909,HGB,Hemoglobin,15.6,g/dL,12,17.5,N,Routine,2025-01-25 22:18,2025-01-25 22:29,2025-01-26 02:07
LAB727492,ENC111601,PT11900,GLU,Glucose,87,mg/dL,70,99,N,STAT,2025-01-25 20:43,2025-01-25 20:47,2025-01-25 21:07
LAB727493,ENC111601,PT11900,CREAT,Creatinine,1.13,mg/dL,0.6,1.3,N,STAT,2025-01-25 21:08,2025-01-25 21:24,2025-01-25 22:21
LAB727494,ENC111601,PT11900,WBC,White Blood Cell Count,12.1,K/uL,4.5,11,H,Routine,2025-01-25 21:18,2025-01-25 21:40,2025-01-26 00:14
LAB727495,ENC111601,PT11900,HGB,Hemoglobin,15.3,g/dL,12,17.5,N,STAT,2025-01-25 20:29,2025-01-25 20:49,2025-01-25 21:46
LAB727496,ENC111601,PT11900,BUN,Blood Urea Nitrogen,12,mg/dL,7,20,N,Routine,2025-01-25 20:22,2025-01-25 20:26,2025-01-25 23:34
LAB727497,ENC111601,PT11900,PLT,Platelet Count,275,K/uL,150,400,N,STAT,2025-01-25 20:43,2025-01-25 21:08,2025-01-25 21:47
LAB727498,ENC111602,PT13851,GLU,Glucose,94,mg/dL,70,99,N,STAT,2025-01-25 19:38,2025-01-25 20:12,2025-01-25 20:52
LAB727499,ENC111602,PT13851,CREAT,Creatinine,0.47,mg/dL,0.6,1.3,L,STAT,2025-01-25 19:35,2025-01-25 20:06,2025-01-25 21:39
LAB727500,ENC111602,PT13851,WBC,White Blood Cell Count,13.9,K/uL,4.5,11,H,STAT,2025-01-25 19:01,2025-01-25 19:14,2025-01-25 20:36
LAB727501,ENC111604,PT12674,GLU,Glucose,167,mg/dL,70,99,H,STAT,2025-01-26 01:00,2025-01-26 01:22,2025-01-26 02:13
LAB727502,ENC111604,PT12674,CREAT,Creatinine,0.62,mg/dL,0.6,1.3,N,Routine,2025-01-26 00:52,2025-01-26 01:03,2025-01-26 04:54
LAB727503,ENC111604,PT12674,WBC,White Blood Cell Count,11.4,K/uL,4.5,11,H,STAT,2025-01-26 00:55,2025-01-26 01:13,2025-01-26 02:02
LAB727504,ENC111604,PT12674,HGB,Hemoglobin,12.7,g/dL,12,17.5,N,STAT,2025-01-26 01:41,2025-01-26 01:52,2025-01-26 03:32
LAB727505,ENC111609,PT12620,GLU,Glucose,127,mg/dL,70,99,H,STAT,2025-01-26 04:22,2025-01-26 04:50,2025-01-26 05:27
LAB727506,ENC111609,PT12620,CREAT,Creatinine,0.57,mg/dL,0.6,1.3,L,Routine,2025-01-26 05:14,2025-01-26 05:26,2025-01-26 08:16
LAB727507,ENC111610,PT12707,GLU,Glucose,102,mg/dL,70,99,H,STAT,2025-01-26 09:32,2025-01-26 09:39,2025-01-26 10:36
LAB727508,ENC111610,PT12707,CREAT,Creatinine,0.93,mg/dL,0.6,1.3,N,Routine,2025-01-26 09:26,2025-01-26 09:44,2025-01-26 12:59
LAB727509,ENC111610,PT12707,WBC,White Blood Cell Count,14.1,K/uL,4.5,11,H,Routine,2025-01-26 10:09,2025-01-26 10:26,2025-01-26 16:22
LAB727510,ENC111610,PT12707,HGB,Hemoglobin,14.1,g/dL,12,17.5,N,Routine,2025-01-26 10:11,2025-01-26 10:45,2025-01-26 15:25
LAB727511,ENC111611,PT12185,GLU,Glucose,100,mg/dL,70,99,H,STAT,2025-01-26 09:59,2025-01-26 10:34,2025-01-26 11:44
LAB727512,ENC111611,PT12185,CREAT,Creatinine,0.74,mg/dL,0.6,1.3,N,STAT,2025-01-26 10:54,2025-01-26 11:24,2025-01-26 12:17
LAB727513,ENC111611,PT12185,WBC,White Blood Cell Count,14.3,K/uL,4.5,11,H,Routine,2025-01-26 10:23,2025-01-26 10:41,2025-01-26 16:25
LAB727514,ENC111611,PT12185,HGB,Hemoglobin,13.1,g/dL,12,17.5,N,STAT,2025-01-26 11:04,2025-01-26 11:12,2025-01-26 12:06
LAB727515,ENC111612,PT11327,GLU,Glucose,96,mg/dL,70,99,N,Routine,2025-01-26 09:35,2025-01-26 10:02,2025-01-26 10:56
LAB727516,ENC111612,PT11327,CREAT,Creatinine,0.92,mg/dL,0.6,1.3,N,STAT,2025-01-26 09:22,2025-01-26 09:57,2025-01-26 10:35
LAB727517,ENC111612,PT11327,WBC,White Blood Cell Count,4.9,K/uL,4.5,11,N,STAT,2025-01-26 09:33,2025-01-26 10:01,2025-01-26 11:28
LAB727518,ENC111612,PT11327,HGB,Hemoglobin,9,g/dL,12,17.5,L,STAT,2025-01-26 09:17,2025-01-26 09:40,2025-01-26 10:30
LAB727519,ENC111612,PT11327,LACT,Lactate,1.8,mmol/L,0.5,2,N,STAT,2025-01-26 09:06,2025-01-26 09:12,2025-01-26 09:47
LAB727520,ENC111612,PT11327,INR,Prothrombin Time INR,1.1,ratio,0.8,1.2,N,STAT,2025-01-26 09:50,2025-01-26 09:57,2025-01-26 10:41
LAB727521,ENC111615,PT13458,GLU,Glucose,97,mg/dL,70,99,N,STAT,2025-01-26 11:05,2025-01-26 11:12,2025-01-26 11:58
LAB727522,ENC111615,PT13458,CREAT,Creatinine,1.01,mg/dL,0.6,1.3,N,Routine,2025-01-26 10:18,2025-01-26 10:36,2025-01-26 13:55
LAB727523,ENC111615,PT13458,WBC,White Blood Cell Count,9,K/uL,4.5,11,N,Routine,2025-01-26 10:44,2025-01-26 10:48,2025-01-26 13:46
LAB727524,ENC111616,PT10480,GLU,Glucose,97,mg/dL,70,99,N,Routine,2025-01-26 14:05,2025-01-26 14:36,2025-01-26 20:33
LAB727525,ENC111616,PT10480,CREAT,Creatinine,0.29,mg/dL,0.6,1.3,L,Routine,2025-01-26 13:33,2025-01-26 13:44,2025-01-26 16:13
LAB727526,ENC111616,PT10480,WBC,White Blood Cell Count,8.3,K/uL,4.5,11,N,Routine,2025-01-26 14:21,2025-01-26 14:52,2025-01-26 17:22
LAB727527,ENC111616,PT10480,HGB,Hemoglobin,14.9,g/dL,12,17.5,N,Routine,2025-01-26 14:01,2025-01-26 14:30,2025-01-26 17:35
LAB727528,ENC111617,PT11346,GLU,Glucose,126,mg/dL,70,99,H,STAT,2025-01-26 12:10,2025-01-26 12:41,2025-01-26 13:16
LAB727529,ENC111617,PT11346,CREAT,Creatinine,0.89,mg/dL,0.6,1.3,N,STAT,2025-01-26 12:23,2025-01-26 12:46,2025-01-26 13:21
LAB727530,ENC111617,PT11346,WBC,White Blood Cell Count,4.4,K/uL,4.5,11,L,STAT,2025-01-26 12:13,2025-01-26 12:20,2025-01-26 13:05
LAB727531,ENC111617,PT11346,HGB,Hemoglobin,9.2,g/dL,12,17.5,L,Routine,2025-01-26 11:25,2025-01-26 11:32,2025-01-26 15:08
LAB727532,ENC111617,PT11346,LACT,Lactate,1.4,mmol/L,0.5,2,N,STAT,2025-01-26 11:56,2025-01-26 12:05,2025-01-26 13:05
LAB727533,ENC111617,PT11346,INR,Prothrombin Time INR,1,ratio,0.8,1.2,N,STAT,2025-01-26 11:32,2025-01-26 11:38,2025-01-26 12:24
LAB727534,ENC111618,PT12770,GLU,Glucose,106,mg/dL,70,99,H,STAT,2025-01-26 18:39,2025-01-26 18:49,2025-01-26 19:09
LAB727535,ENC111618,PT12770,CREAT,Creatinine,0.86,mg/dL,0.6,1.3,N,STAT,2025-01-26 18:49,2025-01-26 19:10,2025-01-26 19:45
LAB727536,ENC111618,PT12770,WBC,White Blood Cell Count,15.8,K/uL,4.5,11,H,Routine,2025-01-26 19:07,2025-01-26 19:17,2025-01-26 22:06
LAB727537,ENC111618,PT12770,HGB,Hemoglobin,14.6,g/dL,12,17.5,N,STAT,2025-01-26 19:14,2025-01-26 19:28,2025-01-26 20:14
LAB727538,ENC111619,PT10914,GLU,Glucose,308,mg/dL,70,99,H,Routine,2025-01-26 13:13,2025-01-26 13:25,2025-01-26 16:57
LAB727539,ENC111619,PT10914,CREAT,Creatinine,0.98,mg/dL,0.6,1.3,N,STAT,2025-01-26 12:16,2025-01-26 12:42,2025-01-26 13:07
LAB727540,ENC111619,PT10914,WBC,White Blood Cell Count,4.1,K/uL,4.5,11,L,STAT,2025-01-26 13:13,2025-01-26 13:18,2025-01-26 14:02
LAB727541,ENC111619,PT10914,HGB,Hemoglobin,13.5,g/dL,12,17.5,N,Routine,2025-01-26 13:24,2025-01-26 13:41,2025-01-26 17:12
LAB727542,ENC111619,PT10914,NA,Sodium,137,mmol/L,136,145,N,STAT,2025-01-26 13:14,2025-01-26 13:18,2025-01-26 14:17
LAB727543,ENC111619,PT10914,K,Potassium,3.7,mmol/L,3.5,5.1,N,STAT,2025-01-26 12:58,2025-01-26 13:32,2025-01-26 15:00
LAB727544,ENC111619,PT10914,A1C,Hemoglobin A1c,8.1,%,4,5.6,H,STAT,2025-01-26 13:03,2025-01-26 13:33,2025-01-26 14:22
LAB727545,ENC111622,PT10843,GLU,Glucose,87,mg/dL,70,99,N,Routine,2025-01-26 13:07,2025-01-26 13:11,2025-01-26 15:53
LAB727546,ENC111622,PT10843,CREAT,Creatinine,0.83,mg/dL,0.6,1.3,N,STAT,2025-01-26 13:44,2025-01-26 13:54,2025-01-26 14:42
LAB727547,ENC111622,PT10843,WBC,White Blood Cell Count,7.6,K/uL,4.5,11,N,STAT,2025-01-26 13:50,2025-01-26 14:08,2025-01-26 14:36
LAB727548,ENC111622,PT10843,HGB,Hemoglobin,12.8,g/dL,12,17.5,N,Routine,2025-01-26 13:06,2025-01-26 13:11,2025-01-26 18:40
LAB727549,ENC111624,PT12586,GLU,Glucose,77,mg/dL,70,99,N,Routine,2025-01-26 13:26,2025-01-26 13:30,2025-01-26 15:43
LAB727550,ENC111624,PT12586,CREAT,Creatinine,0.99,mg/dL,0.6,1.3,N,Routine,2025-01-26 13:44,2025-01-26 14:16,2025-01-26 20:18
LAB727551,ENC111624,PT12586,WBC,White Blood Cell Count,8.2,K/uL,4.5,11,N,STAT,2025-01-26 13:18,2025-01-26 13:42,2025-01-26 14:37
LAB727552,ENC111624,PT12586,HGB,Hemoglobin,14.7,g/dL,12,17.5,N,STAT,2025-01-26 13:23,2025-01-26 13:40,2025-01-26 15:05
LAB727553,ENC111627,PT13010,GLU,Glucose,109,mg/dL,70,99,H,STAT,2025-01-26 13:57,2025-01-26 14:04,2025-01-26 14:23
LAB727554,ENC111627,PT13010,CREAT,Creatinine,0.43,mg/dL,0.6,1.3,L,Routine,2025-01-26 13:28,2025-01-26 13:43,2025-01-26 15:39
LAB727555,ENC111628,PT10533,GLU,Glucose,137,mg/dL,70,99,H,STAT,2025-01-26 14:21,2025-01-26 14:38,2025-01-26 15:33
LAB727556,ENC111628,PT10533,CREAT,Creatinine,0.88,mg/dL,0.6,1.3,N,STAT,2025-01-26 13:37,2025-01-26 14:07,2025-01-26 15:16
LAB727557,ENC111628,PT10533,WBC,White Blood Cell Count,8.5,K/uL,4.5,11,N,Routine,2025-01-26 14:36,2025-01-26 14:41,2025-01-26 19:24
LAB727558,ENC111628,PT10533,HGB,Hemoglobin,13.3,g/dL,12,17.5,N,STAT,2025-01-26 14:16,2025-01-26 14:36,2025-01-26 15:27
LAB727559,ENC111628,PT10533,TROP,"Troponin I, High Sensitivity",11,ng/L,0,34,N,STAT,2025-01-26 13:28,2025-01-26 13:57,2025-01-26 15:05
LAB727560,ENC111628,PT10533,BNP,B-Type Natriuretic Peptide,1908,pg/mL,0,100,H,Routine,2025-01-26 14:18,2025-01-26 14:36,2025-01-26 23:36
LAB727561,ENC111629,PT13234,GLU,Glucose,403,mg/dL,70,99,H,Routine,2025-01-26 18:15,2025-01-26 18:21,2025-01-26 21:59
LAB727562,ENC111629,PT13234,CREAT,Creatinine,0.98,mg/dL,0.6,1.3,N,STAT,2025-01-26 18:20,2025-01-26 18:34,2025-01-26 19:17
LAB727563,ENC111629,PT13234,WBC,White Blood Cell Count,5.9,K/uL,4.5,11,N,STAT,2025-01-26 18:20,2025-01-26 18:24,2025-01-26 19:36
LAB727564,ENC111629,PT13234,HGB,Hemoglobin,15.6,g/dL,12,17.5,N,STAT,2025-01-26 18:03,2025-01-26 18:12,2025-01-26 18:57
LAB727565,ENC111629,PT13234,NA,Sodium,136,mmol/L,136,145,N,STAT,2025-01-26 18:13,2025-01-26 18:43,2025-01-26 19:14
LAB727566,ENC111629,PT13234,K,Potassium,4,mmol/L,3.5,5.1,N,STAT,2025-01-26 18:20,2025-01-26 18:25,2025-01-26 18:50
LAB727567,ENC111629,PT13234,A1C,Hemoglobin A1c,11.1,%,4,5.6,H,STAT,2025-01-26 17:53,2025-01-26 18:11,2025-01-26 18:51
LAB727568,ENC111630,PT10050,GLU,Glucose,79,mg/dL,70,99,N,STAT,2025-01-26 18:52,2025-01-26 19:09,2025-01-26 20:33
LAB727569,ENC111630,PT10050,CREAT,Creatinine,1,mg/dL,0.6,1.3,N,STAT,2025-01-26 19:00,2025-01-26 19:32,2025-01-26 20:03
LAB727570,ENC111630,PT10050,WBC,White Blood Cell Count,8.4,K/uL,4.5,11,N,STAT,2025-01-26 18:38,2025-01-26 18:55,2025-01-26 19:29
LAB727571,ENC111630,PT10050,HGB,Hemoglobin,15.5,g/dL,12,17.5,N,STAT,2025-01-26 19:15,2025-01-26 19:21,2025-01-26 20:17
LAB727572,ENC111630,PT10050,NA,Sodium,128,mmol/L,136,145,L,Routine,2025-01-26 18:24,2025-01-26 18:28,2025-01-26 21:40
LAB727573,ENC111630,PT10050,K,Potassium,3.7,mmol/L,3.5,5.1,N,STAT,2025-01-26 19:00,2025-01-26 19:28,2025-01-26 20:10
LAB727574,ENC111632,PT11273,GLU,Glucose,84,mg/dL,70,99,N,STAT,2025-01-26 16:33,2025-01-26 17:07,2025-01-26 17:44
LAB727575,ENC111632,PT11273,CREAT,Creatinine,0.7,mg/dL,0.6,1.3,N,STAT,2025-01-26 16:12,2025-01-26 16:35,2025-01-26 17:06
LAB727576,ENC111632,PT11273,WBC,White Blood Cell Count,6.5,K/uL,4.5,11,N,STAT,2025-01-26 16:58,2025-01-26 17:26,2025-01-26 19:10
LAB727577,ENC111632,PT11273,HGB,Hemoglobin,15.7,g/dL,12,17.5,N,Routine,2025-01-26 17:02,2025-01-26 17:21,2025-01-26 19:29
LAB727578,ENC111632,PT11273,TROP,"Troponin I, High Sensitivity",71,ng/L,0,34,H,STAT,2025-01-26 16:27,2025-01-26 16:37,2025-01-26 17:35
LAB727579,ENC111632,PT11273,BNP,B-Type Natriuretic Peptide,561,pg/mL,0,100,H,STAT,2025-01-26 16:36,2025-01-26 16:59,2025-01-26 17:21
LAB727580,ENC111633,PT11447,GLU,Glucose,101,mg/dL,70,99,H,STAT,2025-01-26 19:34,2025-01-26 19:52,2025-01-26 20:28
LAB727581,ENC111633,PT11447,CREAT,Creatinine,1.08,mg/dL,0.6,1.3,N,STAT,2025-01-26 20:19,2025-01-26 20:28,2025-01-26 21:20
LAB727582,ENC111633,PT11447,WBC,White Blood Cell Count,4.5,K/uL,4.5,11,N,STAT,2025-01-26 20:12,2025-01-26 20:35,2025-01-26 21:12
LAB727583,ENC111633,PT11447,HGB,Hemoglobin,13.2,g/dL,12,17.5,N,STAT,2025-01-26 19:42,2025-01-26 20:04,2025-01-26 20:43
LAB727584,ENC111635,PT12070,GLU,Glucose,99,mg/dL,70,99,N,STAT,2025-01-26 18:11,2025-01-26 18:17,2025-01-26 19:02
LAB727585,ENC111635,PT12070,CREAT,Creatinine,0.95,mg/dL,0.6,1.3,N,Routine,2025-01-26 19:00,2025-01-26 19:05,2025-01-26 22:57
LAB727586,ENC111635,PT12070,WBC,White Blood Cell Count,7.2,K/uL,4.5,11,N,STAT,2025-01-26 18:04,2025-01-26 18:13,2025-01-26 18:59
LAB727587,ENC111636,PT12220,GLU,Glucose,241,mg/dL,70,99,H,STAT,2025-01-26 22:17,2025-01-26 22:48,2025-01-26 23:43
LAB727588,ENC111636,PT12220,CREAT,Creatinine,0.85,mg/dL,0.6,1.3,N,Routine,2025-01-26 22:33,2025-01-26 22:46,2025-01-27 02:02
LAB727589,ENC111636,PT12220,WBC,White Blood Cell Count,5.3,K/uL,4.5,11,N,Routine,2025-01-26 22:56,2025-01-26 23:06,2025-01-27 03:36
LAB727590,ENC111636,PT12220,HGB,Hemoglobin,12.1,g/dL,12,17.5,N,STAT,2025-01-26 21:59,2025-01-26 22:17,2025-01-26 22:44
LAB727591,ENC111639,PT13003,GLU,Glucose,181,mg/dL,70,99,H,STAT,2025-01-27 00:48,2025-01-27 01:09,2025-01-27 01:57
LAB727592,ENC111639,PT13003,CREAT,Creatinine,2.08,mg/dL,0.6,1.3,H,STAT,2025-01-27 01:15,2025-01-27 01:38,2025-01-27 02:36
LAB727593,ENC111639,PT13003,WBC,White Blood Cell Count,24,K/uL,4.5,11,H,Routine,2025-01-27 01:11,2025-01-27 01:16,2025-01-27 07:30
LAB727594,ENC111639,PT13003,HGB,Hemoglobin,12.7,g/dL,12,17.5,N,Routine,2025-01-27 00:52,2025-01-27 01:08,2025-01-27 04:12
LAB727595,ENC111639,PT13003,NA,Sodium,140,mmol/L,136,145,N,Routine,2025-01-27 00:43,2025-01-27 00:57,2025-01-27 06:07
LAB727596,ENC111639,PT13003,K,Potassium,4.8,mmol/L,3.5,5.1,N,STAT,2025-01-27 00:59,2025-01-27 01:17,2025-01-27 01:57
LAB727597,ENC111639,PT13003,LACT,Lactate,1.7,mmol/L,0.5,2,N,STAT,2025-01-27 00:47,2025-01-27 01:13,2025-01-27 01:39
LAB727598,ENC111640,PT13319,GLU,Glucose,120,mg/dL,70,99,H,STAT,2025-01-26 20:50,2025-01-26 21:12,2025-01-26 21:50
LAB727599,ENC111640,PT13319,CREAT,Creatinine,0.35,mg/dL,0.6,1.3,L,STAT,2025-01-26 21:03,2025-01-26 21:15,2025-01-26 22:10
LAB727600,ENC111640,PT13319,WBC,White Blood Cell Count,7.3,K/uL,4.5,11,N,Routine,2025-01-26 21:05,2025-01-26 21:19,2025-01-26 23:30
LAB727601,ENC111640,PT13319,HGB,Hemoglobin,14.7,g/dL,12,17.5,N,Routine,2025-01-26 21:24,2025-01-26 21:34,2025-01-27 01:00
LAB727602,ENC111643,PT13826,GLU,Glucose,68,mg/dL,70,99,L,STAT,2025-01-27 11:39,2025-01-27 11:49,2025-01-27 12:18
LAB727603,ENC111643,PT13826,CREAT,Creatinine,0.93,mg/dL,0.6,1.3,N,STAT,2025-01-27 11:21,2025-01-27 11:50,2025-01-27 12:09
LAB727604,ENC111643,PT13826,WBC,White Blood Cell Count,8.3,K/uL,4.5,11,N,STAT,2025-01-27 11:06,2025-01-27 11:10,2025-01-27 11:44
LAB727605,ENC111643,PT13826,HGB,Hemoglobin,15.7,g/dL,12,17.5,N,STAT,2025-01-27 11:25,2025-01-27 11:32,2025-01-27 12:29
LAB727606,ENC111644,PT11171,GLU,Glucose,79,mg/dL,70,99,N,STAT,2025-01-27 09:38,2025-01-27 10:02,2025-01-27 11:28
LAB727607,ENC111644,PT11171,CREAT,Creatinine,1.4,mg/dL,0.6,1.3,H,Routine,2025-01-27 09:09,2025-01-27 09:17,2025-01-27 14:04
LAB727608,ENC111644,PT11171,WBC,White Blood Cell Count,8.8,K/uL,4.5,11,N,Routine,2025-01-27 09:34,2025-01-27 09:42,2025-01-27 14:41
LAB727609,ENC111644,PT11171,HGB,Hemoglobin,15,g/dL,12,17.5,N,Routine,2025-01-27 08:53,2025-01-27 09:01,2025-01-27 10:53
LAB727610,ENC111644,PT11171,NA,Sodium,141,mmol/L,136,145,N,Routine,2025-01-27 09:07,2025-01-27 09:25,2025-01-27 11:20
LAB727611,ENC111644,PT11171,K,Potassium,4.3,mmol/L,3.5,5.1,N,STAT,2025-01-27 09:44,2025-01-27 10:02,2025-01-27 10:58
LAB727612,ENC111644,PT11171,LACT,Lactate,2.2,mmol/L,0.5,2,H,STAT,2025-01-27 09:10,2025-01-27 09:35,2025-01-27 10:04
LAB727613,ENC111647,PT10227,A1C,Hemoglobin A1c,10.4,%,4,5.6,H,Routine,2025-01-27 10:27,2025-01-27 10:38,2025-01-27 21:00
LAB727614,ENC111647,PT10227,GLU,Glucose,267,mg/dL,70,99,H,Routine,2025-01-27 10:26,2025-01-27 11:01,2025-01-27 14:38
LAB727615,ENC111647,PT10227,CREAT,Creatinine,0.93,mg/dL,0.6,1.3,N,Routine,2025-01-27 10:11,2025-01-27 10:38,2025-01-27 14:16
LAB727616,ENC111649,PT12045,LDL,LDL Cholesterol,125,mg/dL,0,99,H,Routine,2025-01-27 11:08,2025-01-27 11:40,2025-01-27 21:54
LAB727617,ENC111649,PT12045,A1C,Hemoglobin A1c,9.2,%,4,5.6,H,Routine,2025-01-27 11:04,2025-01-27 11:19,2025-01-27 21:42
LAB727618,ENC111651,PT12600,A1C,Hemoglobin A1c,7.5,%,4,5.6,H,Routine,2025-01-27 11:48,2025-01-27 12:03,2025-01-28 02:58
LAB727619,ENC111656,PT10194,GLU,Glucose,118,mg/dL,70,99,H,Routine,2025-01-27 13:23,2025-01-27 13:56,2025-01-27 20:47
LAB727620,ENC111656,PT10194,CREAT,Creatinine,1.24,mg/dL,0.6,1.3,N,STAT,2025-01-27 14:16,2025-01-27 14:42,2025-01-27 15:27
LAB727621,ENC111656,PT10194,WBC,White Blood Cell Count,11.8,K/uL,4.5,11,H,STAT,2025-01-27 14:08,2025-01-27 14:23,2025-01-27 14:55
LAB727622,ENC111656,PT10194,HGB,Hemoglobin,13.1,g/dL,12,17.5,N,STAT,2025-01-27 14:03,2025-01-27 14:33,2025-01-27 15:14
LAB727623,ENC111658,PT11754,LDL,LDL Cholesterol,120,mg/dL,0,99,H,Routine,2025-01-27 13:39,2025-01-27 13:56,2025-01-28 03:00
LAB727624,ENC111660,PT12757,GLU,Glucose,72,mg/dL,70,99,N,STAT,2025-01-27 16:31,2025-01-27 16:37,2025-01-27 17:12
LAB727625,ENC111660,PT12757,CREAT,Creatinine,0.91,mg/dL,0.6,1.3,N,Routine,2025-01-27 17:10,2025-01-27 17:38,2025-01-27 19:49
LAB727626,ENC111660,PT12757,WBC,White Blood Cell Count,9.8,K/uL,4.5,11,N,Routine,2025-01-27 17:25,2025-01-27 17:59,2025-01-27 23:43
LAB727627,ENC111660,PT12757,HGB,Hemoglobin,16.6,g/dL,12,17.5,N,STAT,2025-01-27 17:24,2025-01-27 17:57,2025-01-27 18:40
LAB727628,ENC111660,PT12757,NA,Sodium,138,mmol/L,136,145,N,Routine,2025-01-27 16:49,2025-01-27 17:05,2025-01-27 19:07
LAB727629,ENC111660,PT12757,K,Potassium,3.3,mmol/L,3.5,5.1,L,STAT,2025-01-27 16:52,2025-01-27 17:24,2025-01-27 18:17
LAB727630,ENC111663,PT10241,GLU,Glucose,118,mg/dL,70,99,H,Routine,2025-01-27 18:25,2025-01-27 18:29,2025-01-27 22:35
LAB727631,ENC111663,PT10241,CREAT,Creatinine,1,mg/dL,0.6,1.3,N,Routine,2025-01-27 18:27,2025-01-27 19:00,2025-01-27 21:03
LAB727632,ENC111663,PT10241,WBC,White Blood Cell Count,8.3,K/uL,4.5,11,N,STAT,2025-01-27 17:36,2025-01-27 17:44,2025-01-27 17:59
LAB727633,ENC111663,PT10241,HGB,Hemoglobin,12.9,g/dL,12,17.5,N,STAT,2025-01-27 17:58,2025-01-27 18:11,2025-01-27 18:39
LAB727634,ENC111663,PT10241,TROP,"Troponin I, High Sensitivity",3291,ng/L,0,34,H,STAT,2025-01-27 17:45,2025-01-27 17:52,2025-01-27 18:28
LAB727635,ENC111664,PT10374,GLU,Glucose,82,mg/dL,70,99,N,STAT,2025-01-27 15:34,2025-01-27 15:59,2025-01-27 17:50
LAB727636,ENC111664,PT10374,CREAT,Creatinine,1.2,mg/dL,0.6,1.3,N,Routine,2025-01-27 15:04,2025-01-27 15:09,2025-01-27 19:49
LAB727637,ENC111664,PT10374,WBC,White Blood Cell Count,6.9,K/uL,4.5,11,N,Routine,2025-01-27 14:43,2025-01-27 14:50,2025-01-27 18:01
LAB727638,ENC111665,PT10521,A1C,Hemoglobin A1c,8.8,%,4,5.6,H,Routine,2025-01-27 14:56,2025-01-27 15:18,2025-01-28 03:11
LAB727639,ENC111666,PT13198,GLU,Glucose,109,mg/dL,70,99,H,Routine,2025-01-27 15:46,2025-01-27 16:00,2025-01-27 17:11
LAB727640,ENC111666,PT13198,CREAT,Creatinine,0.93,mg/dL,0.6,1.3,N,Routine,2025-01-27 15:16,2025-01-27 15:20,2025-01-27 17:09
LAB727641,ENC111666,PT13198,WBC,White Blood Cell Count,13.6,K/uL,4.5,11,H,STAT,2025-01-27 14:36,2025-01-27 15:05,2025-01-27 15:33
LAB727642,ENC111666,PT13198,HGB,Hemoglobin,14.2,g/dL,12,17.5,N,Routine,2025-01-27 15:32,2025-01-27 15:45,2025-01-27 16:54
LAB727643,ENC111670,PT13249,A1C,Hemoglobin A1c,9.5,%,4,5.6,H,Routine,2025-01-27 15:54,2025-01-27 16:26,2025-01-28 06:54
LAB727644,ENC111671,PT13413,WBC,White Blood Cell Count,9.1,K/uL,4.5,11,N,Routine,2025-01-27 15:52,2025-01-27 15:58,2025-01-27 18:22
LAB727645,ENC111671,PT13413,HGB,Hemoglobin,9,g/dL,12,17.5,L,Routine,2025-01-27 15:56,2025-01-27 16:12,2025-01-27 17:53
LAB727646,ENC111671,PT13413,PLT,Platelet Count,275,K/uL,150,400,N,Routine,2025-01-27 15:38,2025-01-27 16:12,2025-01-27 18:48
LAB727647,ENC111672,PT12571,WBC,White Blood Cell Count,9.5,K/uL,4.5,11,N,Routine,2025-01-27 15:49,2025-01-27 16:23,2025-01-27 21:06
LAB727648,ENC111672,PT12571,HGB,Hemoglobin,12,g/dL,12,17.5,N,Routine,2025-01-27 16:00,2025-01-27 16:33,2025-01-27 19:39
LAB727649,ENC111672,PT12571,PLT,Platelet Count,274,K/uL,150,400,N,Routine,2025-01-27 15:54,2025-01-27 16:24,2025-01-27 19:14
LAB727650,ENC111674,PT13157,GLU,Glucose,115,mg/dL,70,99,H,Routine,2025-01-27 16:27,2025-01-27 16:58,2025-01-27 19:08
LAB727651,ENC111674,PT13157,CREAT,Creatinine,0.48,mg/dL,0.6,1.3,L,STAT,2025-01-27 16:28,2025-01-27 16:52,2025-01-27 17:20
LAB727652,ENC111674,PT13157,WBC,White Blood Cell Count,11.5,K/uL,4.5,11,H,STAT,2025-01-27 16:29,2025-01-27 16:38,2025-01-27 17:40
LAB727653,ENC111674,PT13157,HGB,Hemoglobin,12.8,g/dL,12,17.5,N,STAT,2025-01-27 17:13,2025-01-27 17:34,2025-01-27 18:20
LAB727654,ENC111675,PT13211,A1C,Hemoglobin A1c,7.9,%,4,5.6,H,Routine,2025-01-27 16:43,2025-01-27 17:17,2025-01-28 16:34
LAB727655,ENC111676,PT13017,LDL,LDL Cholesterol,119,mg/dL,0,99,H,Routine,2025-01-27 16:57,2025-01-27 17:25,2025-01-29 19:25
LAB727656,ENC111678,PT12130,GLU,Glucose,173,mg/dL,70,99,H,Routine,2025-01-27 18:46,2025-01-27 18:59,2025-01-27 21:12
LAB727657,ENC111678,PT12130,CREAT,Creatinine,1.25,mg/dL,0.6,1.3,N,Routine,2025-01-27 18:30,2025-01-27 19:03,2025-01-28 00:38
LAB727658,ENC111679,PT10261,GLU,Glucose,105,mg/dL,70,99,H,STAT,2025-01-27 19:16,2025-01-27 19:32,2025-01-27 20:24
LAB727659,ENC111679,PT10261,CREAT,Creatinine,0.3,mg/dL,0.6,1.3,L,STAT,2025-01-27 18:58,2025-01-27 19:25,2025-01-27 20:11
LAB727660,ENC111679,PT10261,WBC,White Blood Cell Count,6.7,K/uL,4.5,11,N,Routine,2025-01-27 18:48,2025-01-27 18:52,2025-01-28 01:30
LAB727661,ENC111679,PT10261,HGB,Hemoglobin,14.2,g/dL,12,17.5,N,STAT,2025-01-27 18:35,2025-01-27 19:04,2025-01-27 19:54
LAB727662,ENC111680,PT10169,GLU,Glucose,116,mg/dL,70,99,H,Routine,2025-01-28 01:59,2025-01-28 02:32,2025-01-28 08:48
LAB727663,ENC111680,PT10169,CREAT,Creatinine,0.5,mg/dL,0.6,1.3,L,STAT,2025-01-28 02:28,2025-01-28 02:54,2025-01-28 03:55
LAB727664,ENC111680,PT10169,WBC,White Blood Cell Count,5.8,K/uL,4.5,11,N,Routine,2025-01-28 02:15,2025-01-28 02:26,2025-01-28 08:51
LAB727665,ENC111680,PT10169,HGB,Hemoglobin,15,g/dL,12,17.5,N,STAT,2025-01-28 01:42,2025-01-28 02:07,2025-01-28 03:02
LAB727666,ENC111680,PT10169,TROP,"Troponin I, High Sensitivity",6,ng/L,0,34,N,STAT,2025-01-28 02:40,2025-01-28 03:09,2025-01-28 03:46
LAB727667,ENC111680,PT10169,BNP,B-Type Natriuretic Peptide,1203,pg/mL,0,100,H,STAT,2025-01-28 02:04,2025-01-28 02:22,2025-01-28 03:02
LAB727668,ENC111682,PT12561,GLU,Glucose,191,mg/dL,70,99,H,STAT,2025-01-27 20:40,2025-01-27 21:06,2025-01-27 21:31
LAB727669,ENC111682,PT12561,CREAT,Creatinine,0.46,mg/dL,0.6,1.3,L,STAT,2025-01-27 21:24,2025-01-27 21:31,2025-01-27 22:51
LAB727670,ENC111682,PT12561,WBC,White Blood Cell Count,14.1,K/uL,4.5,11,H,STAT,2025-01-27 20:23,2025-01-27 20:41,2025-01-27 21:21
LAB727671,ENC111682,PT12561,HGB,Hemoglobin,14.3,g/dL,12,17.5,N,STAT,2025-01-27 20:26,2025-01-27 20:40,2025-01-27 21:06
LAB727672,ENC111683,PT10142,GLU,Glucose,110,mg/dL,70,99,H,STAT,2025-01-27 20:55,2025-01-27 21:20,2025-01-27 22:01
LAB727673,ENC111683,PT10142,CREAT,Creatinine,1.7,mg/dL,0.6,1.3,H,Routine,2025-01-27 20:43,2025-01-27 21:09,2025-01-27 22:27
LAB727674,ENC111687,PT12426,GLU,Glucose,77,mg/dL,70,99,N,STAT,2025-01-28 07:26,2025-01-28 07:43,2025-01-28 08:54
LAB727675,ENC111687,PT12426,CREAT,Creatinine,0.92,mg/dL,0.6,1.3,N,STAT,2025-01-28 06:49,2025-01-28 07:05,2025-01-28 07:20
LAB727676,ENC111687,PT12426,WBC,White Blood Cell Count,6.8,K/uL,4.5,11,N,STAT,2025-01-28 07:16,2025-01-28 07:41,2025-01-28 08:09
LAB727677,ENC111687,PT12426,HGB,Hemoglobin,14.2,g/dL,12,17.5,N,Routine,2025-01-28 07:35,2025-01-28 08:09,2025-01-28 11:15
LAB727678,ENC111688,PT11109,GLU,Glucose,120,mg/dL,70,99,H,Routine,2025-01-28 08:41,2025-01-28 09:07,2025-01-28 13:53
LAB727679,ENC111688,PT11109,CREAT,Creatinine,2.69,mg/dL,0.6,1.3,H,Routine,2025-01-28 08:01,2025-01-28 08:19,2025-01-28 11:41
LAB727680,ENC111691,PT10645,GLU,Glucose,100,mg/dL,70,99,H,Routine,2025-01-28 14:59,2025-01-28 15:07,2025-01-28 17:30
LAB727681,ENC111691,PT10645,CREAT,Creatinine,0.94,mg/dL,0.6,1.3,N,Routine,2025-01-28 14:35,2025-01-28 15:09,2025-01-28 17:05
LAB727682,ENC111691,PT10645,WBC,White Blood Cell Count,7.6,K/uL,4.5,11,N,STAT,2025-01-28 14:11,2025-01-28 14:26,2025-01-28 15:09
LAB727683,ENC111691,PT10645,HGB,Hemoglobin,15,g/dL,12,17.5,N,Routine,2025-01-28 14:25,2025-01-28 14:45,2025-01-28 15:25
LAB727684,ENC111691,PT10645,BUN,Blood Urea Nitrogen,11,mg/dL,7,20,N,STAT,2025-01-28 14:31,2025-01-28 14:49,2025-01-28 15:23
LAB727685,ENC111691,PT10645,PLT,Platelet Count,186,K/uL,150,400,N,STAT,2025-01-28 15:01,2025-01-28 15:32,2025-01-28 16:06
LAB727686,ENC111691,PT10645,TROP,"Troponin I, High Sensitivity",1,ng/L,0,34,N,STAT,2025-01-28 14:13,2025-01-28 14:39,2025-01-28 15:17
LAB727687,ENC111691,PT10645,BNP,B-Type Natriuretic Peptide,2147,pg/mL,0,100,H,STAT,2025-01-28 14:00,2025-01-28 14:31,2025-01-28 15:19
LAB727688,ENC111692,PT12126,LDL,LDL Cholesterol,143,mg/dL,0,99,H,Routine,2025-01-28 10:24,2025-01-28 10:32,2025-01-28 20:50
LAB727689,ENC111692,PT12126,A1C,Hemoglobin A1c,5.4,%,4,5.6,N,Routine,2025-01-28 10:20,2025-01-28 10:32,2025-01-29 19:17
LAB727690,ENC111694,PT10676,GLU,Glucose,99,mg/dL,70,99,N,STAT,2025-01-28 16:59,2025-01-28 17:12,2025-01-28 18:20
LAB727691,ENC111694,PT10676,CREAT,Creatinine,0.96,mg/dL,0.6,1.3,N,STAT,2025-01-28 16:57,2025-01-28 17:23,2025-01-28 18:22
LAB727692,ENC111694,PT10676,WBC,White Blood Cell Count,7.4,K/uL,4.5,11,N,STAT,2025-01-28 17:42,2025-01-28 17:46,2025-01-28 18:57
LAB727693,ENC111694,PT10676,HGB,Hemoglobin,13.7,g/dL,12,17.5,N,STAT,2025-01-28 16:51,2025-01-28 17:01,2025-01-28 17:47
LAB727694,ENC111695,PT11798,WBC,White Blood Cell Count,8.3,K/uL,4.5,11,N,Routine,2025-01-28 12:26,2025-01-28 12:43,2025-01-28 13:36
LAB727695,ENC111695,PT11798,HGB,Hemoglobin,12.8,g/dL,12,17.5,N,Routine,2025-01-28 12:10,2025-01-28 12:40,2025-01-28 14:06
LAB727696,ENC111695,PT11798,PLT,Platelet Count,219,K/uL,150,400,N,Routine,2025-01-28 12:10,2025-01-28 12:35,2025-01-28 15:27
LAB727697,ENC111697,PT12826,GLU,Glucose,79,mg/dL,70,99,N,STAT,2025-01-28 12:25,2025-01-28 12:44,2025-01-28 13:32
LAB727698,ENC111697,PT12826,CREAT,Creatinine,0.87,mg/dL,0.6,1.3,N,STAT,2025-01-28 13:11,2025-01-28 13:26,2025-01-28 14:06
LAB727699,ENC111697,PT12826,WBC,White Blood Cell Count,6.6,K/uL,4.5,11,N,Routine,2025-01-28 12:26,2025-01-28 12:38,2025-01-28 15:56
LAB727700,ENC111697,PT12826,HGB,Hemoglobin,13.5,g/dL,12,17.5,N,STAT,2025-01-28 12:55,2025-01-28 13:17,2025-01-28 13:56
LAB727701,ENC111697,PT12826,TROP,"Troponin I, High Sensitivity",87,ng/L,0,34,H,STAT,2025-01-28 12:45,2025-01-28 12:54,2025-01-28 13:36
LAB727702,ENC111697,PT12826,BNP,B-Type Natriuretic Peptide,230,pg/mL,0,100,H,Routine,2025-01-28 12:54,2025-01-28 13:20,2025-01-28 16:08
LAB727703,ENC111698,PT13990,GLU,Glucose,95,mg/dL,70,99,N,STAT,2025-01-28 12:50,2025-01-28 13:20,2025-01-28 13:48
LAB727704,ENC111698,PT13990,CREAT,Creatinine,0.95,mg/dL,0.6,1.3,N,Routine,2025-01-28 12:24,2025-01-28 12:28,2025-01-28 19:52
LAB727705,ENC111698,PT13990,WBC,White Blood Cell Count,16.7,K/uL,4.5,11,H,Routine,2025-01-28 13:08,2025-01-28 13:35,2025-01-28 15:05
LAB727706,ENC111698,PT13990,HGB,Hemoglobin,13.1,g/dL,12,17.5,N,STAT,2025-01-28 12:58,2025-01-28 13:03,2025-01-28 14:02
LAB727707,ENC111701,PT11115,GLU,Glucose,422,mg/dL,70,99,H,Routine,2025-01-28 18:52,2025-01-28 19:02,2025-01-28 22:28
LAB727708,ENC111701,PT11115,CREAT,Creatinine,1.38,mg/dL,0.6,1.3,H,Routine,2025-01-28 19:16,2025-01-28 19:20,2025-01-28 22:17
LAB727709,ENC111701,PT11115,WBC,White Blood Cell Count,5.5,K/uL,4.5,11,N,STAT,2025-01-28 18:10,2025-01-28 18:43,2025-01-28 19:23
LAB727710,ENC111701,PT11115,HGB,Hemoglobin,15.5,g/dL,12,17.5,N,STAT,2025-01-28 19:00,2025-01-28 19:23,2025-01-28 20:34
LAB727711,ENC111701,PT11115,NA,Sodium,139,mmol/L,136,145,N,Routine,2025-01-28 18:11,2025-01-28 18:21,2025-01-28 21:09
LAB727712,ENC111701,PT11115,K,Potassium,5,mmol/L,3.5,5.1,N,STAT,2025-01-28 18:20,2025-01-28 18:53,2025-01-28 19:35
LAB727713,ENC111701,PT11115,A1C,Hemoglobin A1c,10.1,%,4,5.6,H,Routine,2025-01-28 19:16,2025-01-28 19:50,2025-01-29 19:59
LAB727714,ENC111702,PT13226,A1C,Hemoglobin A1c,5.4,%,4,5.6,N,Routine,2025-01-28 14:24,2025-01-28 14:36,2025-01-29 00:04
LAB727715,ENC111702,PT13226,GLU,Glucose,107,mg/dL,70,99,H,Routine,2025-01-28 14:06,2025-01-28 14:36,2025-01-28 17:19
LAB727716,ENC111702,PT13226,CREAT,Creatinine,1.01,mg/dL,0.6,1.3,N,Routine,2025-01-28 14:15,2025-01-28 14:23,2025-01-28 18:26
LAB727717,ENC111705,PT13544,GLU,Glucose,133,mg/dL,70,99,H,STAT,2025-01-28 14:13,2025-01-28 14:46,2025-01-28 15:46
LAB727718,ENC111705,PT13544,CREAT,Creatinine,1.04,mg/dL,0.6,1.3,N,Routine,2025-01-28 14:37,2025-01-28 14:43,2025-01-28 21:15
LAB727719,ENC111705,PT13544,WBC,White Blood Cell Count,5.6,K/uL,4.5,11,N,Routine,2025-01-28 15:12,2025-01-28 15:45,2025-01-28 18:53
LAB727720,ENC111706,PT12745,A1C,Hemoglobin A1c,12.8,%,4,5.6,H,Routine,2025-01-28 15:09,2025-01-28 15:15,2025-01-29 04:48
LAB727721,ENC111707,PT12345,GLU,Glucose,125,mg/dL,70,99,H,STAT,2025-01-28 19:10,2025-01-28 19:25,2025-01-28 20:13
LAB727722,ENC111707,PT12345,CREAT,Creatinine,1,mg/dL,0.6,1.3,N,STAT,2025-01-28 20:08,2025-01-28 20:32,2025-01-28 22:45
LAB727723,ENC111707,PT12345,WBC,White Blood Cell Count,8.8,K/uL,4.5,11,N,Routine,2025-01-28 19:52,2025-01-28 20:25,2025-01-28 22:07
LAB727724,ENC111707,PT12345,HGB,Hemoglobin,8.9,g/dL,12,17.5,L,Routine,2025-01-28 20:16,2025-01-28 20:22,2025-01-29 00:16
LAB727725,ENC111707,PT12345,LACT,Lactate,1.7,mmol/L,0.5,2,N,STAT,2025-01-28 19:22,2025-01-28 19:40,2025-01-28 20:06
LAB727726,ENC111711,PT10552,GLU,Glucose,78,mg/dL,70,99,N,Routine,2025-01-28 20:10,2025-01-28 20:19,2025-01-28 23:35
LAB727727,ENC111711,PT10552,CREAT,Creatinine,1.01,mg/dL,0.6,1.3,N,STAT,2025-01-28 20:32,2025-01-28 21:01,2025-01-28 21:37
LAB727728,ENC111711,PT10552,WBC,White Blood Cell Count,0.1,K/uL,4.5,11,LL,Routine,2025-01-28 20:43,2025-01-28 21:18,2025-01-28 23:26
LAB727729,ENC111711,PT10552,HGB,Hemoglobin,14.1,g/dL,12,17.5,N,STAT,2025-01-28 20:31,2025-01-28 20:46,2025-01-28 22:13
LAB727730,ENC111712,PT10316,GLU,Glucose,138,mg/dL,70,99,H,STAT,2025-01-28 18:48,2025-01-28 19:05,2025-01-28 19:39
LAB727731,ENC111712,PT10316,CREAT,Creatinine,0.94,mg/dL,0.6,1.3,N,Routine,2025-01-28 19:23,2025-01-28 19:39,2025-01-29 01:17
LAB727732,ENC111712,PT10316,WBC,White Blood Cell Count,5.4,K/uL,4.5,11,N,Routine,2025-01-28 19:07,2025-01-28 19:30,2025-01-28 23:06
LAB727733,ENC111712,PT10316,HGB,Hemoglobin,15.1,g/dL,12,17.5,N,STAT,2025-01-28 19:02,2025-01-28 19:25,2025-01-28 19:49
LAB727734,ENC111712,PT10316,TROP,"Troponin I, High Sensitivity",3,ng/L,0,34,N,STAT,2025-01-28 19:23,2025-01-28 19:56,2025-01-28 20:24
LAB727735,ENC111713,PT10944,GLU,Glucose,113,mg/dL,70,99,H,STAT,2025-01-28 18:55,2025-01-28 19:01,2025-01-28 19:40
LAB727736,ENC111713,PT10944,CREAT,Creatinine,0.43,mg/dL,0.6,1.3,L,STAT,2025-01-28 18:48,2025-01-28 19:00,2025-01-28 20:14
LAB727737,ENC111716,PT12506,GLU,Glucose,111,mg/dL,70,99,H,Routine,2025-01-28 21:40,2025-01-28 21:53,2025-01-28 23:42
LAB727738,ENC111716,PT12506,CREAT,Creatinine,0.75,mg/dL,0.6,1.3,N,STAT,2025-01-28 21:49,2025-01-28 22:14,2025-01-28 22:41
LAB727739,ENC111716,PT12506,WBC,White Blood Cell Count,8.2,K/uL,4.5,11,N,STAT,2025-01-28 22:12,2025-01-28 22:47,2025-01-28 23:21
LAB727740,ENC111716,PT12506,HGB,Hemoglobin,14.9,g/dL,12,17.5,N,STAT,2025-01-28 21:17,2025-01-28 21:37,2025-01-28 22:11
LAB727741,ENC111717,PT13372,GLU,Glucose,114,mg/dL,70,99,H,Routine,2025-01-28 22:48,2025-01-28 23:06,2025-01-29 00:56
LAB727742,ENC111717,PT13372,CREAT,Creatinine,0.72,mg/dL,0.6,1.3,N,Routine,2025-01-28 22:43,2025-01-28 22:54,2025-01-29 03:26
LAB727743,ENC111718,PT12780,GLU,Glucose,97,mg/dL,70,99,N,STAT,2025-01-29 00:42,2025-01-29 01:05,2025-01-29 01:37
LAB727744,ENC111718,PT12780,CREAT,Creatinine,1.07,mg/dL,0.6,1.3,N,STAT,2025-01-29 01:16,2025-01-29 01:37,2025-01-29 02:45
LAB727745,ENC111718,PT12780,WBC,White Blood Cell Count,7.9,K/uL,4.5,11,N,STAT,2025-01-29 00:35,2025-01-29 01:04,2025-01-29 01:27
LAB727746,ENC111718,PT12780,HGB,Hemoglobin,15.9,g/dL,12,17.5,N,Routine,2025-01-29 01:09,2025-01-29 01:35,2025-01-29 04:29
LAB727747,ENC111723,PT13999,GLU,Glucose,105,mg/dL,70,99,H,STAT,2025-01-29 00:14,2025-01-29 00:38,2025-01-29 01:00
LAB727748,ENC111723,PT13999,CREAT,Creatinine,1.89,mg/dL,0.6,1.3,H,STAT,2025-01-28 23:36,2025-01-28 23:45,2025-01-29 00:32
LAB727749,ENC111723,PT13999,WBC,White Blood Cell Count,1.6,K/uL,4.5,11,L,STAT,2025-01-28 23:48,2025-01-28 23:57,2025-01-29 00:55
LAB727750,ENC111723,PT13999,HGB,Hemoglobin,11,g/dL,12,17.5,L,STAT,2025-01-28 23:56,2025-01-29 00:02,2025-01-29 00:46
LAB727751,ENC111724,PT12428,GLU,Glucose,96,mg/dL,70,99,N,Routine,2025-01-29 04:59,2025-01-29 05:32,2025-01-29 09:36
LAB727752,ENC111724,PT12428,CREAT,Creatinine,1.05,mg/dL,0.6,1.3,N,STAT,2025-01-29 04:15,2025-01-29 04:48,2025-01-29 05:24
LAB727753,ENC111724,PT12428,WBC,White Blood Cell Count,7.6,K/uL,4.5,11,N,STAT,2025-01-29 04:50,2025-01-29 05:21,2025-01-29 05:44
LAB727754,ENC111724,PT12428,HGB,Hemoglobin,11.6,g/dL,12,17.5,L,STAT,2025-01-29 04:37,2025-01-29 04:52,2025-01-29 05:28
LAB727755,ENC111725,PT13021,GLU,Glucose,93,mg/dL,70,99,N,STAT,2025-01-29 05:54,2025-01-29 06:19,2025-01-29 07:03
LAB727756,ENC111725,PT13021,CREAT,Creatinine,0.65,mg/dL,0.6,1.3,N,Routine,2025-01-29 06:56,2025-01-29 07:09,2025-01-29 10:46
LAB727757,ENC111725,PT13021,WBC,White Blood Cell Count,3.5,K/uL,4.5,11,L,STAT,2025-01-29 05:56,2025-01-29 06:10,2025-01-29 06:31
LAB727758,ENC111725,PT13021,HGB,Hemoglobin,13.6,g/dL,12,17.5,N,Routine,2025-01-29 06:05,2025-01-29 06:28,2025-01-29 09:13
LAB727759,ENC111726,PT10074,GLU,Glucose,90,mg/dL,70,99,N,STAT,2025-01-29 08:22,2025-01-29 08:30,2025-01-29 09:47
LAB727760,ENC111726,PT10074,CREAT,Creatinine,1.38,mg/dL,0.6,1.3,H,STAT,2025-01-29 08:03,2025-01-29 08:31,2025-01-29 09:26
LAB727761,ENC111726,PT10074,WBC,White Blood Cell Count,9.1,K/uL,4.5,11,N,Routine,2025-01-29 08:43,2025-01-29 08:52,2025-01-29 10:42
LAB727762,ENC111726,PT10074,HGB,Hemoglobin,12.6,g/dL,12,17.5,N,STAT,2025-01-29 08:17,2025-01-29 08:25,2025-01-29 08:57
LAB727763,ENC111727,PT12572,GLU,Glucose,94,mg/dL,70,99,N,STAT,2025-01-29 12:07,2025-01-29 12:12,2025-01-29 13:26
LAB727764,ENC111727,PT12572,CREAT,Creatinine,0.98,mg/dL,0.6,1.3,N,STAT,2025-01-29 11:27,2025-01-29 11:56,2025-01-29 12:24
LAB727765,ENC111727,PT12572,WBC,White Blood Cell Count,6.6,K/uL,4.5,11,N,STAT,2025-01-29 11:02,2025-01-29 11:24,2025-01-29 11:52
LAB727766,ENC111727,PT12572,HGB,Hemoglobin,12.7,g/dL,12,17.5,N,Routine,2025-01-29 11:18,2025-01-29 11:26,2025-01-29 13:36
LAB727767,ENC111729,PT10911,GLU,Glucose,101,mg/dL,70,99,H,STAT,2025-01-29 12:25,2025-01-29 12:50,2025-01-29 13:33
LAB727768,ENC111729,PT10911,CREAT,Creatinine,0.84,mg/dL,0.6,1.3,N,STAT,2025-01-29 12:11,2025-01-29 12:24,2025-01-29 13:14
LAB727769,ENC111729,PT10911,WBC,White Blood Cell Count,6.3,K/uL,4.5,11,N,Routine,2025-01-29 11:29,2025-01-29 11:33,2025-01-29 18:02
LAB727770,ENC111729,PT10911,HGB,Hemoglobin,13.3,g/dL,12,17.5,N,Routine,2025-01-29 12:19,2025-01-29 12:52,2025-01-29 16:47
LAB727771,ENC111729,PT10911,TROP,"Troponin I, High Sensitivity",60,ng/L,0,34,H,STAT,2025-01-29 11:27,2025-01-29 11:36,2025-01-29 12:30
LAB727772,ENC111729,PT10911,BNP,B-Type Natriuretic Peptide,1132,pg/mL,0,100,H,STAT,2025-01-29 12:06,2025-01-29 12:10,2025-01-29 13:15
LAB727773,ENC111732,PT11489,A1C,Hemoglobin A1c,12.1,%,4,5.6,H,Routine,2025-01-29 08:53,2025-01-29 09:08,2025-01-29 21:12
LAB727774,ENC111732,PT11489,GLU,Glucose,450,mg/dL,70,99,H,Routine,2025-01-29 09:00,2025-01-29 09:29,2025-01-29 12:44
LAB727775,ENC111732,PT11489,CREAT,Creatinine,1.26,mg/dL,0.6,1.3,N,Routine,2025-01-29 09:02,2025-01-29 09:13,2025-01-29 12:53
LAB727776,ENC111735,PT11622,LDL,LDL Cholesterol,144,mg/dL,0,99,H,Routine,2025-01-29 10:00,2025-01-29 10:29,2025-01-30 13:21
LAB727777,ENC111735,PT11622,A1C,Hemoglobin A1c,7.3,%,4,5.6,H,Routine,2025-01-29 09:47,2025-01-29 10:11,2025-01-29 15:02
LAB727778,ENC111736,PT12666,LDL,LDL Cholesterol,128,mg/dL,0,99,H,Routine,2025-01-29 10:40,2025-01-29 10:57,2025-01-30 09:54
LAB727779,ENC111736,PT12666,A1C,Hemoglobin A1c,5.9,%,4,5.6,H,Routine,2025-01-29 10:56,2025-01-29 11:11,2025-01-30 12:41
LAB727780,ENC111737,PT10906,GLU,Glucose,78,mg/dL,70,99,N,STAT,2025-01-29 11:28,2025-01-29 12:01,2025-01-29 12:50
LAB727781,ENC111737,PT10906,CREAT,Creatinine,0.78,mg/dL,0.6,1.3,N,STAT,2025-01-29 10:40,2025-01-29 10:44,2025-01-29 11:57
LAB727782,ENC111737,PT10906,WBC,White Blood Cell Count,7.6,K/uL,4.5,11,N,STAT,2025-01-29 11:46,2025-01-29 12:13,2025-01-29 13:30
LAB727783,ENC111737,PT10906,HGB,Hemoglobin,13.4,g/dL,12,17.5,N,Routine,2025-01-29 11:06,2025-01-29 11:28,2025-01-29 14:32
LAB727784,ENC111737,PT10906,TROP,"Troponin I, High Sensitivity",235,ng/L,0,34,H,STAT,2025-01-29 11:35,2025-01-29 11:45,2025-01-29 12:26
LAB727785,ENC111738,PT13249,GLU,Glucose,219,mg/dL,70,99,H,STAT,2025-01-29 15:39,2025-01-29 15:51,2025-01-29 17:52
LAB727786,ENC111738,PT13249,CREAT,Creatinine,0.86,mg/dL,0.6,1.3,N,Routine,2025-01-29 15:00,2025-01-29 15:26,2025-01-29 18:03
LAB727787,ENC111738,PT13249,WBC,White Blood Cell Count,8.5,K/uL,4.5,11,N,STAT,2025-01-29 14:53,2025-01-29 15:04,2025-01-29 16:01
LAB727788,ENC111738,PT13249,HGB,Hemoglobin,11.7,g/dL,12,17.5,L,Routine,2025-01-29 14:34,2025-01-29 14:44,2025-01-29 19:53
LAB727789,ENC111739,PT10211,GLU,Glucose,113,mg/dL,70,99,H,STAT,2025-01-29 14:35,2025-01-29 14:40,2025-01-29 15:37
LAB727790,ENC111739,PT10211,CREAT,Creatinine,0.66,mg/dL,0.6,1.3,N,STAT,2025-01-29 14:57,2025-01-29 15:11,2025-01-29 16:21
LAB727791,ENC111739,PT10211,WBC,White Blood Cell Count,8.5,K/uL,4.5,11,N,STAT,2025-01-29 14:20,2025-01-29 14:31,2025-01-29 15:19
LAB727792,ENC111739,PT10211,HGB,Hemoglobin,13,g/dL,12,17.5,N,Routine,2025-01-29 14:41,2025-01-29 15:14,2025-01-29 17:47
LAB727793,ENC111742,PT13311,GLU,Glucose,192,mg/dL,70,99,H,Routine,2025-01-29 16:36,2025-01-29 17:07,2025-01-29 18:46
LAB727794,ENC111742,PT13311,CREAT,Creatinine,0.58,mg/dL,0.6,1.3,L,STAT,2025-01-29 15:51,2025-01-29 16:11,2025-01-29 17:21
LAB727795,ENC111742,PT13311,WBC,White Blood Cell Count,6.1,K/uL,4.5,11,N,Routine,2025-01-29 16:19,2025-01-29 16:50,2025-01-29 21:58
LAB727796,ENC111742,PT13311,HGB,Hemoglobin,14.9,g/dL,12,17.5,N,Routine,2025-01-29 15:55,2025-01-29 16:27,2025-01-29 18:27
LAB727797,ENC111743,PT10742,GLU,Glucose,114,mg/dL,70,99,H,STAT,2025-01-29 11:39,2025-01-29 11:59,2025-01-29 12:45
LAB727798,ENC111743,PT10742,CREAT,Creatinine,2.19,mg/dL,0.6,1.3,H,Routine,2025-01-29 12:33,2025-01-29 12:57,2025-01-29 16:00
LAB727799,ENC111743,PT10742,WBC,White Blood Cell Count,7.3,K/uL,4.5,11,N,STAT,2025-01-29 11:45,2025-01-29 11:51,2025-01-29 12:38
LAB727800,ENC111745,PT12628,LDL,LDL Cholesterol,98,mg/dL,0,99,N,Routine,2025-01-29 12:17,2025-01-29 12:37,2025-01-30 06:54
LAB727801,ENC111745,PT12628,A1C,Hemoglobin A1c,7.5,%,4,5.6,H,Routine,2025-01-29 12:15,2025-01-29 12:24,2025-01-30 01:43
LAB727802,ENC111748,PT11775,GLU,Glucose,129,mg/dL,70,99,H,STAT,2025-01-29 17:11,2025-01-29 17:44,2025-01-29 18:31
LAB727803,ENC111748,PT11775,CREAT,Creatinine,0.65,mg/dL,0.6,1.3,N,STAT,2025-01-29 17:09,2025-01-29 17:18,2025-01-29 18:05
LAB727804,ENC111748,PT11775,WBC,White Blood Cell Count,5.7,K/uL,4.5,11,N,STAT,2025-01-29 17:07,2025-01-29 17:29,2025-01-29 18:21
LAB727805,ENC111748,PT11775,HGB,Hemoglobin,11,g/dL,12,17.5,L,STAT,2025-01-29 16:17,2025-01-29 16:40,2025-01-29 17:41
LAB727806,ENC111748,PT11775,NA,Sodium,139,mmol/L,136,145,N,Routine,2025-01-29 16:44,2025-01-29 17:11,2025-01-29 19:03
LAB727807,ENC111748,PT11775,K,Potassium,3.9,mmol/L,3.5,5.1,N,STAT,2025-01-29 17:19,2025-01-29 17:33,2025-01-29 17:50
LAB727808,ENC111749,PT11819,GLU,Glucose,119,mg/dL,70,99,H,STAT,2025-01-29 17:53,2025-01-29 18:28,2025-01-29 19:26
LAB727809,ENC111749,PT11819,CREAT,Creatinine,1.14,mg/dL,0.6,1.3,N,Routine,2025-01-29 18:40,2025-01-29 18:54,2025-01-29 23:05
LAB727810,ENC111749,PT11819,WBC,White Blood Cell Count,19.5,K/uL,4.5,11,H,Routine,2025-01-29 18:36,2025-01-29 18:45,2025-01-29 22:43
LAB727811,ENC111749,PT11819,HGB,Hemoglobin,15.8,g/dL,12,17.5,N,STAT,2025-01-29 18:46,2025-01-29 18:58,2025-01-29 20:12
LAB727812,ENC111750,PT12121,GLU,Glucose,152,mg/dL,70,99,H,STAT,2025-01-29 14:14,2025-01-29 14:25,2025-01-29 14:52
LAB727813,ENC111750,PT12121,CREAT,Creatinine,0.53,mg/dL,0.6,1.3,L,Routine,2025-01-29 14:54,2025-01-29 15:21,2025-01-29 16:53
LAB727814,ENC111750,PT12121,WBC,White Blood Cell Count,4.2,K/uL,4.5,11,L,STAT,2025-01-29 13:53,2025-01-29 14:13,2025-01-29 15:07
LAB727815,ENC111751,PT12984,GLU,Glucose,81,mg/dL,70,99,N,STAT,2025-01-29 14:28,2025-01-29 15:03,2025-01-29 16:02
LAB727816,ENC111751,PT12984,CREAT,Creatinine,0.85,mg/dL,0.6,1.3,N,Routine,2025-01-29 14:07,2025-01-29 14:22,2025-01-29 16:13
LAB727817,ENC111751,PT12984,WBC,White Blood Cell Count,8.9,K/uL,4.5,11,N,STAT,2025-01-29 14:15,2025-01-29 14:27,2025-01-29 14:50
LAB727818,ENC111752,PT10840,GLU,Glucose,113,mg/dL,70,99,H,Routine,2025-01-29 15:09,2025-01-29 15:22,2025-01-29 17:56
LAB727819,ENC111752,PT10840,CREAT,Creatinine,0.87,mg/dL,0.6,1.3,N,STAT,2025-01-29 14:46,2025-01-29 15:10,2025-01-29 15:39
LAB727820,ENC111752,PT10840,WBC,White Blood Cell Count,7.1,K/uL,4.5,11,N,Routine,2025-01-29 14:40,2025-01-29 15:07,2025-01-29 16:18
LAB727821,ENC111752,PT10840,HGB,Hemoglobin,11.7,g/dL,12,17.5,L,STAT,2025-01-29 14:23,2025-01-29 14:58,2025-01-29 16:05
LAB727822,ENC111753,PT11594,WBC,White Blood Cell Count,8.3,K/uL,4.5,11,N,Routine,2025-01-29 14:28,2025-01-29 14:57,2025-01-29 19:23
LAB727823,ENC111753,PT11594,HGB,Hemoglobin,10,g/dL,12,17.5,L,Routine,2025-01-29 14:32,2025-01-29 14:57,2025-01-29 20:30
LAB727824,ENC111753,PT11594,PLT,Platelet Count,267,K/uL,150,400,N,Routine,2025-01-29 14:34,2025-01-29 15:04,2025-01-29 22:27
LAB727825,ENC111754,PT13603,GLU,Glucose,101,mg/dL,70,99,H,STAT,2025-01-29 18:27,2025-01-29 18:47,2025-01-29 20:20
LAB727826,ENC111754,PT13603,CREAT,Creatinine,0.91,mg/dL,0.6,1.3,N,STAT,2025-01-29 18:02,2025-01-29 18:29,2025-01-29 19:14
LAB727827,ENC111754,PT13603,WBC,White Blood Cell Count,7.4,K/uL,4.5,11,N,STAT,2025-01-29 18:06,2025-01-29 18:12,2025-01-29 18:54
LAB727828,ENC111754,PT13603,HGB,Hemoglobin,13.7,g/dL,12,17.5,N,STAT,2025-01-29 17:31,2025-01-29 17:37,2025-01-29 18:08
LAB727829,ENC111754,PT13603,NA,Sodium,138,mmol/L,136,145,N,STAT,2025-01-29 17:48,2025-01-29 18:21,2025-01-29 19:09
LAB727830,ENC111754,PT13603,K,Potassium,4.6,mmol/L,3.5,5.1,N,STAT,2025-01-29 17:57,2025-01-29 18:13,2025-01-29 18:33
LAB727831,ENC111756,PT11831,WBC,White Blood Cell Count,7.2,K/uL,4.5,11,N,Routine,2025-01-29 15:20,2025-01-29 15:45,2025-01-29 21:21
LAB727832,ENC111756,PT11831,HGB,Hemoglobin,8.4,g/dL,12,17.5,L,Routine,2025-01-29 15:23,2025-01-29 15:34,2025-01-29 18:56
LAB727833,ENC111756,PT11831,PLT,Platelet Count,344,K/uL,150,400,N,Routine,2025-01-29 15:19,2025-01-29 15:52,2025-01-29 17:10
LAB727834,ENC111757,PT13897,LDL,LDL Cholesterol,86,mg/dL,0,99,N,Routine,2025-01-29 15:52,2025-01-29 16:20,2025-01-30 04:04
LAB727835,ENC111761,PT10796,LDL,LDL Cholesterol,112,mg/dL,0,99,H,Routine,2025-01-29 16:59,2025-01-29 17:18,2025-01-30 16:23
LAB727836,ENC111762,PT13140,GLU,Glucose,107,mg/dL,70,99,H,STAT,2025-01-29 20:11,2025-01-29 20:16,2025-01-29 21:28
LAB727837,ENC111762,PT13140,CREAT,Creatinine,1.18,mg/dL,0.6,1.3,N,STAT,2025-01-29 20:23,2025-01-29 20:27,2025-01-29 21:11
LAB727838,ENC111762,PT13140,WBC,White Blood Cell Count,6.5,K/uL,4.5,11,N,STAT,2025-01-29 19:25,2025-01-29 19:40,2025-01-29 20:58
LAB727839,ENC111762,PT13140,HGB,Hemoglobin,15.2,g/dL,12,17.5,N,Routine,2025-01-29 20:03,2025-01-29 20:35,2025-01-29 22:30
LAB727840,ENC111762,PT13140,LACT,Lactate,1.9,mmol/L,0.5,2,N,STAT,2025-01-29 20:01,2025-01-29 20:21,2025-01-29 20:59
LAB727841,ENC111763,PT11298,GLU,Glucose,92,mg/dL,70,99,N,STAT,2025-01-29 19:26,2025-01-29 19:41,2025-01-29 20:26
LAB727842,ENC111763,PT11298,CREAT,Creatinine,0.8,mg/dL,0.6,1.3,N,STAT,2025-01-29 19:37,2025-01-29 19:55,2025-01-29 20:25
LAB727843,ENC111763,PT11298,WBC,White Blood Cell Count,7.6,K/uL,4.5,11,N,STAT,2025-01-29 19:05,2025-01-29 19:33,2025-01-29 20:22
LAB727844,ENC111763,PT11298,HGB,Hemoglobin,14,g/dL,12,17.5,N,STAT,2025-01-29 19:46,2025-01-29 20:21,2025-01-29 21:10
LAB727845,ENC111763,PT11298,TROP,"Troponin I, High Sensitivity",15,ng/L,0,34,N,STAT,2025-01-29 18:56,2025-01-29 19:04,2025-01-29 19:58
LAB727846,ENC111763,PT11298,BNP,B-Type Natriuretic Peptide,809,pg/mL,0,100,H,STAT,2025-01-29 19:15,2025-01-29 19:22,2025-01-29 19:43
LAB727847,ENC111766,PT10084,GLU,Glucose,90,mg/dL,70,99,N,STAT,2025-01-29 23:06,2025-01-29 23:19,2025-01-30 00:09
LAB727848,ENC111766,PT10084,CREAT,Creatinine,1.1,mg/dL,0.6,1.3,N,STAT,2025-01-29 23:32,2025-01-30 00:06,2025-01-30 00:46
LAB727849,ENC111766,PT10084,WBC,White Blood Cell Count,5.4,K/uL,4.5,11,N,Routine,2025-01-29 23:04,2025-01-29 23:18,2025-01-30 02:04
LAB727850,ENC111766,PT10084,HGB,Hemoglobin,16.6,g/dL,12,17.5,N,STAT,2025-01-29 23:00,2025-01-29 23:30,2025-01-30 00:06
LAB727851,ENC111766,PT10084,INR,Prothrombin Time INR,1.1,ratio,0.8,1.2,N,Routine,2025-01-29 23:31,2025-01-29 23:41,2025-01-30 03:49
LAB727852,ENC111767,PT11985,GLU,Glucose,110,mg/dL,70,99,H,STAT,2025-01-30 00:33,2025-01-30 00:57,2025-01-30 01:49
LAB727853,ENC111767,PT11985,CREAT,Creatinine,0.96,mg/dL,0.6,1.3,N,STAT,2025-01-30 01:10,2025-01-30 01:38,2025-01-30 02:00
LAB727854,ENC111767,PT11985,WBC,White Blood Cell Count,8.1,K/uL,4.5,11,N,STAT,2025-01-30 00:30,2025-01-30 00:42,2025-01-30 01:24
LAB727855,ENC111767,PT11985,HGB,Hemoglobin,13.8,g/dL,12,17.5,N,STAT,2025-01-30 01:27,2025-01-30 01:32,2025-01-30 02:21
LAB727856,ENC111769,PT10048,GLU,Glucose,65,mg/dL,70,99,L,Routine,2025-01-30 02:18,2025-01-30 02:39,2025-01-30 04:38
LAB727857,ENC111769,PT10048,CREAT,Creatinine,0.58,mg/dL,0.6,1.3,L,STAT,2025-01-30 02:31,2025-01-30 03:06,2025-01-30 03:32
LAB727858,ENC111769,PT10048,WBC,White Blood Cell Count,9.4,K/uL,4.5,11,N,STAT,2025-01-30 02:27,2025-01-30 02:56,2025-01-30 03:43
LAB727859,ENC111769,PT10048,HGB,Hemoglobin,13.2,g/dL,12,17.5,N,Routine,2025-01-30 02:52,2025-01-30 03:04,2025-01-30 05:29
LAB727860,ENC111770,PT12192,GLU,Glucose,107,mg/dL,70,99,H,STAT,2025-01-30 06:18,2025-01-30 06:34,2025-01-30 07:47
LAB727861,ENC111770,PT12192,CREAT,Creatinine,0.59,mg/dL,0.6,1.3,L,STAT,2025-01-30 06:21,2025-01-30 06:35,2025-01-30 07:26
LAB727862,ENC111770,PT12192,WBC,White Blood Cell Count,11.5,K/uL,4.5,11,H,STAT,2025-01-30 06:07,2025-01-30 06:36,2025-01-30 07:07
LAB727863,ENC111770,PT12192,HGB,Hemoglobin,12.1,g/dL,12,17.5,N,Routine,2025-01-30 05:54,2025-01-30 06:26,2025-01-30 08:43
LAB727864,ENC111770,PT12192,NA,Sodium,139,mmol/L,136,145,N,Routine,2025-01-30 05:40,2025-01-30 06:14,2025-01-30 09:12
LAB727865,ENC111770,PT12192,K,Potassium,4.4,mmol/L,3.5,5.1,N,STAT,2025-01-30 05:53,2025-01-30 06:16,2025-01-30 06:56
LAB727866,ENC111771,PT11763,GLU,Glucose,90,mg/dL,70,99,N,STAT,2025-01-30 08:56,2025-01-30 09:25,2025-01-30 10:25
LAB727867,ENC111771,PT11763,CREAT,Creatinine,1.09,mg/dL,0.6,1.3,N,STAT,2025-01-30 08:50,2025-01-30 09:13,2025-01-30 09:41
LAB727868,ENC111771,PT11763,WBC,White Blood Cell Count,10,K/uL,4.5,11,N,STAT,2025-01-30 08:59,2025-01-30 09:08,2025-01-30 09:59
LAB727869,ENC111771,PT11763,HGB,Hemoglobin,12.9,g/dL,12,17.5,N,STAT,2025-01-30 08:42,2025-01-30 09:16,2025-01-30 10:41
LAB727870,ENC111772,PT11496,GLU,Glucose,98,mg/dL,70,99,N,STAT,2025-01-30 06:53,2025-01-30 07:25,2025-01-30 08:04
LAB727871,ENC111772,PT11496,CREAT,Creatinine,0.7,mg/dL,0.6,1.3,N,STAT,2025-01-30 06:54,2025-01-30 07:28,2025-01-30 08:00
LAB727872,ENC111772,PT11496,WBC,White Blood Cell Count,10.5,K/uL,4.5,11,N,STAT,2025-01-30 05:58,2025-01-30 06:06,2025-01-30 06:31
LAB727873,ENC111773,PT11868,GLU,Glucose,73,mg/dL,70,99,N,Routine,2025-01-30 09:59,2025-01-30 10:07,2025-01-30 13:35
LAB727874,ENC111773,PT11868,CREAT,Creatinine,1.33,mg/dL,0.6,1.3,H,STAT,2025-01-30 09:28,2025-01-30 09:46,2025-01-30 10:53
LAB727875,ENC111773,PT11868,WBC,White Blood Cell Count,2.9,K/uL,4.5,11,L,Routine,2025-01-30 08:53,2025-01-30 09:28,2025-01-30 10:48
LAB727876,ENC111773,PT11868,HGB,Hemoglobin,15.4,g/dL,12,17.5,N,STAT,2025-01-30 09:05,2025-01-30 09:10,2025-01-30 09:52
LAB727877,ENC111773,PT11868,INR,Prothrombin Time INR,1,ratio,0.8,1.2,N,Routine,2025-01-30 08:57,2025-01-30 09:22,2025-01-30 13:20
LAB727878,ENC111774,PT12399,GLU,Glucose,104,mg/dL,70,99,H,Routine,2025-01-30 08:11,2025-01-30 08:28,2025-01-30 09:49
LAB727879,ENC111774,PT12399,CREAT,Creatinine,0.97,mg/dL,0.6,1.3,N,STAT,2025-01-30 08:28,2025-01-30 09:03,2025-01-30 09:42
LAB727880,ENC111774,PT12399,WBC,White Blood Cell Count,3.6,K/uL,4.5,11,L,STAT,2025-01-30 08:33,2025-01-30 08:43,2025-01-30 09:21
LAB727881,ENC111774,PT12399,HGB,Hemoglobin,15.5,g/dL,12,17.5,N,Routine,2025-01-30 08:57,2025-01-30 09:09,2025-01-30 10:19
LAB727882,ENC111774,PT12399,BUN,Blood Urea Nitrogen,10,mg/dL,7,20,N,Routine,2025-01-30 08:00,2025-01-30 08:07,2025-01-30 10:27
LAB727883,ENC111774,PT12399,PLT,Platelet Count,354,K/uL,150,400,N,Routine,2025-01-30 08:08,2025-01-30 08:33,2025-01-30 11:00
LAB727884,ENC111775,PT10913,A1C,Hemoglobin A1c,6.9,%,4,5.6,H,Routine,2025-01-30 08:22,2025-01-30 08:33,2025-01-30 15:34
LAB727885,ENC111775,PT10913,GLU,Glucose,142,mg/dL,70,99,H,Routine,2025-01-30 08:27,2025-01-30 08:44,2025-01-30 13:49
LAB727886,ENC111775,PT10913,CREAT,Creatinine,0.75,mg/dL,0.6,1.3,N,Routine,2025-01-30 08:18,2025-01-30 08:26,2025-01-30 18:19
LAB727887,ENC111776,PT11897,WBC,White Blood Cell Count,8.6,K/uL,4.5,11,N,Routine,2025-01-30 08:47,2025-01-30 09:14,2025-01-30 13:23
LAB727888,ENC111776,PT11897,HGB,Hemoglobin,9.6,g/dL,12,17.5,L,Routine,2025-01-30 08:37,2025-01-30 08:47,2025-01-30 13:54
LAB727889,ENC111776,PT11897,PLT,Platelet Count,265,K/uL,150,400,N,Routine,2025-01-30 08:52,2025-01-30 09:23,2025-01-30 12:07
LAB727890,ENC111777,PT11125,GLU,Glucose,119,mg/dL,70,99,H,Routine,2025-01-30 08:49,2025-01-30 08:55,2025-01-30 13:22
LAB727891,ENC111777,PT11125,CREAT,Creatinine,1.04,mg/dL,0.6,1.3,N,Routine,2025-01-30 09:27,2025-01-30 09:58,2025-01-30 14:03
LAB727892,ENC111779,PT11004,GLU,Glucose,102,mg/dL,70,99,H,STAT,2025-01-30 09:48,2025-01-30 10:03,2025-01-30 11:03
LAB727893,ENC111779,PT11004,CREAT,Creatinine,0.95,mg/dL,0.6,1.3,N,STAT,2025-01-30 10:23,2025-01-30 10:46,2025-01-30 11:40
LAB727894,ENC111779,PT11004,WBC,White Blood Cell Count,3.4,K/uL,4.5,11,L,STAT,2025-01-30 10:14,2025-01-30 10:41,2025-01-30 11:26
LAB727895,ENC111779,PT11004,HGB,Hemoglobin,15.2,g/dL,12,17.5,N,STAT,2025-01-30 10:12,2025-01-30 10:28,2025-01-30 11:11
LAB727896,ENC111779,PT11004,NA,Sodium,143,mmol/L,136,145,N,Routine,2025-01-30 10:18,2025-01-30 10:31,2025-01-30 12:57
LAB727897,ENC111779,PT11004,K,Potassium,3.7,mmol/L,3.5,5.1,N,STAT,2025-01-30 10:15,2025-01-30 10:26,2025-01-30 11:18
LAB727898,ENC111779,PT11004,INR,Prothrombin Time INR,1,ratio,0.8,1.2,N,STAT,2025-01-30 10:33,2025-01-30 11:04,2025-01-30 11:59
LAB727899,ENC111782,PT13500,GLU,Glucose,117,mg/dL,70,99,H,STAT,2025-01-30 14:02,2025-01-30 14:20,2025-01-30 14:46
LAB727900,ENC111782,PT13500,CREAT,Creatinine,1,mg/dL,0.6,1.3,N,STAT,2025-01-30 14:15,2025-01-30 14:49,2025-01-30 15:50
LAB727901,ENC111782,PT13500,WBC,White Blood Cell Count,14.9,K/uL,4.5,11,H,STAT,2025-01-30 14:10,2025-01-30 14:21,2025-01-30 15:30
LAB727902,ENC111782,PT13500,HGB,Hemoglobin,13.8,g/dL,12,17.5,N,STAT,2025-01-30 13:54,2025-01-30 14:20,2025-01-30 14:53
LAB727903,ENC111782,PT13500,BUN,Blood Urea Nitrogen,14,mg/dL,7,20,N,STAT,2025-01-30 13:13,2025-01-30 13:31,2025-01-30 14:21
LAB727904,ENC111782,PT13500,PLT,Platelet Count,190,K/uL,150,400,N,STAT,2025-01-30 13:45,2025-01-30 14:18,2025-01-30 15:17
LAB727905,ENC111783,PT11930,GLU,Glucose,98,mg/dL,70,99,N,Routine,2025-01-30 11:03,2025-01-30 11:37,2025-01-30 13:19
LAB727906,ENC111783,PT11930,CREAT,Creatinine,1.1,mg/dL,0.6,1.3,N,STAT,2025-01-30 11:33,2025-01-30 12:04,2025-01-30 13:12
LAB727907,ENC111783,PT11930,WBC,White Blood Cell Count,5.2,K/uL,4.5,11,N,Routine,2025-01-30 11:31,2025-01-30 11:53,2025-01-30 13:07
LAB727908,ENC111783,PT11930,HGB,Hemoglobin,16.9,g/dL,12,17.5,N,Routine,2025-01-30 11:55,2025-01-30 12:11,2025-01-30 21:56
LAB727909,ENC111783,PT11930,NA,Sodium,132,mmol/L,136,145,L,STAT,2025-01-30 11:07,2025-01-30 11:12,2025-01-30 11:45
LAB727910,ENC111783,PT11930,K,Potassium,4.1,mmol/L,3.5,5.1,N,STAT,2025-01-30 11:13,2025-01-30 11:29,2025-01-30 12:09
LAB727911,ENC111784,PT11883,A1C,Hemoglobin A1c,10.3,%,4,5.6,H,Routine,2025-01-30 11:08,2025-01-30 11:17,2025-01-30 19:39
LAB727912,ENC111784,PT11883,GLU,Glucose,393,mg/dL,70,99,H,Routine,2025-01-30 11:07,2025-01-30 11:17,2025-01-30 13:33
LAB727913,ENC111784,PT11883,CREAT,Creatinine,0.84,mg/dL,0.6,1.3,N,Routine,2025-01-30 11:09,2025-01-30 11:26,2025-01-30 12:38
LAB727914,ENC111786,PT12485,GLU,Glucose,102,mg/dL,70,99,H,Routine,2025-01-30 12:16,2025-01-30 12:25,2025-01-30 14:48
LAB727915,ENC111786,PT12485,CREAT,Creatinine,0.99,mg/dL,0.6,1.3,N,Routine,2025-01-30 11:43,2025-01-30 11:54,2025-01-30 14:23
LAB727916,ENC111786,PT12485,WBC,White Blood Cell Count,9.1,K/uL,4.5,11,N,STAT,2025-01-30 11:53,2025-01-30 12:04,2025-01-30 12:38
LAB727917,ENC111786,PT12485,HGB,Hemoglobin,14.1,g/dL,12,17.5,N,STAT,2025-01-30 11:18,2025-01-30 11:43,2025-01-30 12:40
LAB727918,ENC111786,PT12485,NA,Sodium,142,mmol/L,136,145,N,STAT,2025-01-30 11:15,2025-01-30 11:29,2025-01-30 11:56
LAB727919,ENC111786,PT12485,K,Potassium,3.8,mmol/L,3.5,5.1,N,STAT,2025-01-30 11:25,2025-01-30 11:44,2025-01-30 12:22
LAB727920,ENC111787,PT11450,GLU,Glucose,104,mg/dL,70,99,H,STAT,2025-01-30 11:20,2025-01-30 11:47,2025-01-30 12:26
LAB727921,ENC111787,PT11450,CREAT,Creatinine,1.11,mg/dL,0.6,1.3,N,STAT,2025-01-30 11:52,2025-01-30 11:58,2025-01-30 12:27
LAB727922,ENC111787,PT11450,WBC,White Blood Cell Count,9.4,K/uL,4.5,11,N,STAT,2025-01-30 11:17,2025-01-30 11:30,2025-01-30 12:16
LAB727923,ENC111787,PT11450,HGB,Hemoglobin,14.2,g/dL,12,17.5,N,Routine,2025-01-30 12:06,2025-01-30 12:12,2025-01-30 20:16
LAB727924,ENC111788,PT12979,A1C,Hemoglobin A1c,11.8,%,4,5.6,H,Routine,2025-01-30 11:27,2025-01-30 11:32,2025-01-30 19:45
LAB727925,ENC111791,PT13976,GLU,Glucose,116,mg/dL,70,99,H,STAT,2025-01-30 15:32,2025-01-30 15:44,2025-01-30 16:12
LAB727926,ENC111791,PT13976,CREAT,Creatinine,0.94,mg/dL,0.6,1.3,N,STAT,2025-01-30 15:09,2025-01-30 15:20,2025-01-30 15:58
LAB727927,ENC111791,PT13976,WBC,White Blood Cell Count,7.3,K/uL,4.5,11,N,STAT,2025-01-30 15:22,2025-01-30 15:33,2025-01-30 16:01
LAB727928,ENC111791,PT13976,HGB,Hemoglobin,17.4,g/dL,12,17.5,N,STAT,2025-01-30 14:46,2025-01-30 14:59,2025-01-30 15:20
LAB727929,ENC111791,PT13976,TROP,"Troponin I, High Sensitivity",2083,ng/L,0,34,H,STAT,2025-01-30 15:12,2025-01-30 15:18,2025-01-30 16:01
LAB727930,ENC111795,PT12576,GLU,Glucose,171,mg/dL,70,99,H,Routine,2025-01-30 12:58,2025-01-30 13:31,2025-01-30 14:35
LAB727931,ENC111795,PT12576,CREAT,Creatinine,1.09,mg/dL,0.6,1.3,N,STAT,2025-01-30 12:45,2025-01-30 12:54,2025-01-30 14:30
LAB727932,ENC111795,PT12576,WBC,White Blood Cell Count,6,K/uL,4.5,11,N,Routine,2025-01-30 12:39,2025-01-30 13:11,2025-01-30 15:45
LAB727933,ENC111795,PT12576,HGB,Hemoglobin,12.4,g/dL,12,17.5,N,Routine,2025-01-30 12:51,2025-01-30 13:05,2025-01-30 14:13
LAB727934,ENC111796,PT12549,GLU,Glucose,70,mg/dL,70,99,N,Routine,2025-01-30 16:37,2025-01-30 17:06,2025-01-30 18:58
LAB727935,ENC111796,PT12549,CREAT,Creatinine,0.83,mg/dL,0.6,1.3,N,STAT,2025-01-30 16:50,2025-01-30 16:59,2025-01-30 17:47
LAB727936,ENC111796,PT12549,WBC,White Blood Cell Count,8.7,K/uL,4.5,11,N,STAT,2025-01-30 17:33,2025-01-30 18:04,2025-01-30 19:08
LAB727937,ENC111796,PT12549,HGB,Hemoglobin,15.2,g/dL,12,17.5,N,Routine,2025-01-30 17:20,2025-01-30 17:55,2025-01-30 19:46
LAB727938,ENC111797,PT10870,LDL,LDL Cholesterol,167,mg/dL,0,99,H,Routine,2025-01-30 12:49,2025-01-30 12:55,2025-01-31 13:27
LAB727939,ENC111797,PT10870,A1C,Hemoglobin A1c,5.5,%,4,5.6,N,Routine,2025-01-30 12:51,2025-01-30 13:10,2025-01-30 20:44
LAB727940,ENC111798,PT12058,GLU,Glucose,87,mg/dL,70,99,N,Routine,2025-01-30 16:40,2025-01-30 16:53,2025-01-30 19:29
LAB727941,ENC111798,PT12058,CREAT,Creatinine,0.76,mg/dL,0.6,1.3,N,STAT,2025-01-30 16:25,2025-01-30 16:32,2025-01-30 17:25
LAB727942,ENC111798,PT12058,WBC,White Blood Cell Count,4.8,K/uL,4.5,11,N,STAT,2025-01-30 16:00,2025-01-30 16:33,2025-01-30 17:45
LAB727943,ENC111798,PT12058,HGB,Hemoglobin,14.5,g/dL,12,17.5,N,STAT,2025-01-30 16:28,2025-01-30 16:41,2025-01-30 17:10
LAB727944,ENC111798,PT12058,INR,Prothrombin Time INR,1.1,ratio,0.8,1.2,N,STAT,2025-01-30 16:09,2025-01-30 16:28,2025-01-30 16:45
LAB727945,ENC111799,PT13502,GLU,Glucose,140,mg/dL,70,99,H,Routine,2025-01-30 14:43,2025-01-30 15:18,2025-01-30 17:39
LAB727946,ENC111799,PT13502,CREAT,Creatinine,1.1,mg/dL,0.6,1.3,N,STAT,2025-01-30 14:20,2025-01-30 14:29,2025-01-30 15:03
LAB727947,ENC111801,PT13041,A1C,Hemoglobin A1c,9.9,%,4,5.6,H,Routine,2025-01-30 14:41,2025-01-30 15:02,2025-01-31 01:38
LAB727948,ENC111801,PT13041,GLU,Glucose,350,mg/dL,70,99,H,Routine,2025-01-30 14:20,2025-01-30 14:32,2025-01-30 18:08
LAB727949,ENC111801,PT13041,CREAT,Creatinine,0.8,mg/dL,0.6,1.3,N,Routine,2025-01-30 14:36,2025-01-30 14:57,2025-01-30 18:27
LAB727950,ENC111805,PT12178,GLU,Glucose,135,mg/dL,70,99,H,Routine,2025-01-30 15:09,2025-01-30 15:32,2025-01-30 17:19
LAB727951,ENC111805,PT12178,CREAT,Creatinine,0.94,mg/dL,0.6,1.3,N,STAT,2025-01-30 15:10,2025-01-30 15:28,2025-01-30 16:22
LAB727952,ENC111805,PT12178,WBC,White Blood Cell Count,7.1,K/uL,4.5,11,N,STAT,2025-01-30 15:49,2025-01-30 16:11,2025-01-30 16:37
LAB727953,ENC111805,PT12178,HGB,Hemoglobin,14.3,g/dL,12,17.5,N,STAT,2025-01-30 15:35,2025-01-30 15:39,2025-01-30 16:28
LAB727954,ENC111809,PT11662,A1C,Hemoglobin A1c,8.4,%,4,5.6,H,Routine,2025-01-30 16:26,2025-01-30 16:56,2025-01-31 09:52
LAB727955,ENC111809,PT11662,GLU,Glucose,114,mg/dL,70,99,H,Routine,2025-01-30 16:23,2025-01-30 16:32,2025-01-30 21:56
LAB727956,ENC111809,PT11662,CREAT,Creatinine,0.66,mg/dL,0.6,1.3,N,Routine,2025-01-30 16:26,2025-01-30 16:52,2025-01-30 22:37
LAB727957,ENC111813,PT10602,GLU,Glucose,139,mg/dL,70,99,H,STAT,2025-01-31 00:08,2025-01-31 00:32,2025-01-31 01:14
LAB727958,ENC111813,PT10602,CREAT,Creatinine,2.01,mg/dL,0.6,1.3,H,STAT,2025-01-31 00:39,2025-01-31 00:58,2025-01-31 02:03
LAB727959,ENC111813,PT10602,WBC,White Blood Cell Count,13.2,K/uL,4.5,11,H,Routine,2025-01-31 00:49,2025-01-31 01:14,2025-01-31 02:39
LAB727960,ENC111813,PT10602,HGB,Hemoglobin,16.6,g/dL,12,17.5,N,Routine,2025-01-31 00:30,2025-01-31 00:39,2025-01-31 04:03
LAB727961,ENC111813,PT10602,LACT,Lactate,0.9,mmol/L,0.5,2,N,STAT,2025-01-31 00:37,2025-01-31 00:50,2025-01-31 01:38
LAB727962,ENC111814,PT12669,GLU,Glucose,95,mg/dL,70,99,N,Routine,2025-01-30 20:47,2025-01-30 21:09,2025-01-31 00:31
LAB727963,ENC111814,PT12669,CREAT,Creatinine,0.9,mg/dL,0.6,1.3,N,STAT,2025-01-30 20:44,2025-01-30 21:13,2025-01-30 22:00
LAB727964,ENC111814,PT12669,WBC,White Blood Cell Count,8.5,K/uL,4.5,11,N,Routine,2025-01-30 21:03,2025-01-30 21:36,2025-01-31 00:38
LAB727965,ENC111814,PT12669,HGB,Hemoglobin,7.5,g/dL,12,17.5,L,Routine,2025-01-30 21:43,2025-01-30 22:05,2025-01-31 00:14
LAB727966,ENC111814,PT12669,TROP,"Troponin I, High Sensitivity",2,ng/L,0,34,N,STAT,2025-01-30 21:03,2025-01-30 21:09,2025-01-30 21:58
LAB727967,ENC111817,PT12628,GLU,Glucose,170,mg/dL,70,99,H,STAT,2025-01-31 03:23,2025-01-31 03:50,2025-01-31 05:18
LAB727968,ENC111817,PT12628,CREAT,Creatinine,1.11,mg/dL,0.6,1.3,N,STAT,2025-01-31 03:41,2025-01-31 03:50,2025-01-31 04:36
LAB727969,ENC111817,PT12628,WBC,White Blood Cell Count,5,K/uL,4.5,11,N,STAT,2025-01-31 02:56,2025-01-31 03:06,2025-01-31 04:20
LAB727970,ENC111817,PT12628,HGB,Hemoglobin,15.6,g/dL,12,17.5,N,STAT,2025-01-31 02:54,2025-01-31 03:12,2025-01-31 03:52
LAB727971,ENC111818,PT10464,GLU,Glucose,98,mg/dL,70,99,N,Routine,2025-01-31 08:09,2025-01-31 08:37,2025-01-31 12:27
LAB727972,ENC111818,PT10464,CREAT,Creatinine,1.13,mg/dL,0.6,1.3,N,STAT,2025-01-31 08:04,2025-01-31 08:08,2025-01-31 08:36
LAB727973,ENC111818,PT10464,WBC,White Blood Cell Count,9.2,K/uL,4.5,11,N,STAT,2025-01-31 08:31,2025-01-31 08:46,2025-01-31 10:28
LAB727974,ENC111818,PT10464,HGB,Hemoglobin,14.2,g/dL,12,17.5,N,Routine,2025-01-31 08:41,2025-01-31 09:04,2025-01-31 12:00
LAB727975,ENC111819,PT12613,GLU,Glucose,132,mg/dL,70,99,H,STAT,2025-01-31 06:15,2025-01-31 06:20,2025-01-31 07:50
LAB727976,ENC111819,PT12613,CREAT,Creatinine,0.86,mg/dL,0.6,1.3,N,STAT,2025-01-31 06:04,2025-01-31 06:14,2025-01-31 07:02
LAB727977,ENC111819,PT12613,WBC,White Blood Cell Count,7.2,K/uL,4.5,11,N,STAT,2025-01-31 06:18,2025-01-31 06:43,2025-01-31 07:24
LAB727978,ENC111819,PT12613,HGB,Hemoglobin,14.7,g/dL,12,17.5,N,Routine,2025-01-31 06:30,2025-01-31 06:56,2025-01-31 10:42
LAB727979,ENC111820,PT12781,LDL,LDL Cholesterol,161,mg/dL,0,99,H,Routine,2025-01-31 08:24,2025-01-31 08:33,2025-01-31 22:42
LAB727980,ENC111820,PT12781,A1C,Hemoglobin A1c,7.6,%,4,5.6,H,Routine,2025-01-31 08:37,2025-01-31 09:10,2025-01-31 16:19
LAB727981,ENC111821,PT12438,GLU,Glucose,95,mg/dL,70,99,N,Routine,2025-01-31 11:35,2025-01-31 12:00,2025-01-31 13:21
LAB727982,ENC111821,PT12438,CREAT,Creatinine,2.03,mg/dL,0.6,1.3,H,STAT,2025-01-31 11:30,2025-01-31 11:50,2025-01-31 13:22
LAB727983,ENC111821,PT12438,WBC,White Blood Cell Count,6.4,K/uL,4.5,11,N,Routine,2025-01-31 11:48,2025-01-31 12:20,2025-01-31 13:13
LAB727984,ENC111821,PT12438,HGB,Hemoglobin,16.5,g/dL,12,17.5,N,STAT,2025-01-31 11:54,2025-01-31 12:28,2025-01-31 13:39
LAB727985,ENC111821,PT12438,NA,Sodium,137,mmol/L,136,145,N,STAT,2025-01-31 11:28,2025-01-31 11:54,2025-01-31 12:35
LAB727986,ENC111821,PT12438,K,Potassium,5.4,mmol/L,3.5,5.1,H,STAT,2025-01-31 12:12,2025-01-31 12:42,2025-01-31 13:18
LAB727987,ENC111827,PT10548,GLU,Glucose,97,mg/dL,70,99,N,Routine,2025-01-31 12:54,2025-01-31 13:26,2025-01-31 15:18
LAB727988,ENC111827,PT10548,CREAT,Creatinine,1.11,mg/dL,0.6,1.3,N,Routine,2025-01-31 13:35,2025-01-31 13:53,2025-01-31 15:50
LAB727989,ENC111827,PT10548,WBC,White Blood Cell Count,9.8,K/uL,4.5,11,N,STAT,2025-01-31 13:13,2025-01-31 13:35,2025-01-31 14:22
LAB727990,ENC111827,PT10548,HGB,Hemoglobin,15.2,g/dL,12,17.5,N,Routine,2025-01-31 13:00,2025-01-31 13:04,2025-01-31 15:02
LAB727991,ENC111827,PT10548,NA,Sodium,138,mmol/L,136,145,N,STAT,2025-01-31 13:00,2025-01-31 13:31,2025-01-31 14:20
LAB727992,ENC111827,PT10548,K,Potassium,4.6,mmol/L,3.5,5.1,N,STAT,2025-01-31 12:59,2025-01-31 13:27,2025-01-31 14:24
LAB727993,ENC111828,PT11193,WBC,White Blood Cell Count,6.2,K/uL,4.5,11,N,Routine,2025-01-31 09:15,2025-01-31 09:39,2025-01-31 12:22
LAB727994,ENC111828,PT11193,HGB,Hemoglobin,12.6,g/dL,12,17.5,N,Routine,2025-01-31 09:07,2025-01-31 09:25,2025-01-31 13:48
LAB727995,ENC111828,PT11193,PLT,Platelet Count,304,K/uL,150,400,N,Routine,2025-01-31 09:09,2025-01-31 09:38,2025-01-31 12:51
LAB727996,ENC111829,PT10916,GLU,Glucose,82,mg/dL,70,99,N,STAT,2025-01-31 09:34,2025-01-31 09:41,2025-01-31 10:38
LAB727997,ENC111829,PT10916,CREAT,Creatinine,1.06,mg/dL,0.6,1.3,N,STAT,2025-01-31 10:19,2025-01-31 10:34,2025-01-31 11:03
LAB727998,ENC111829,PT10916,WBC,White Blood Cell Count,6.4,K/uL,4.5,11,N,Routine,2025-01-31 09:52,2025-01-31 10:14,2025-01-31 13:02
LAB727999,ENC111829,PT10916,HGB,Hemoglobin,13.6,g/dL,12,17.5,N,Routine,2025-01-31 10:18,2025-01-31 10:22,2025-01-31 12:54
LAB728000,ENC111829,PT10916,NA,Sodium,140,mmol/L,136,145,N,STAT,2025-01-31 10:20,2025-01-31 10:39,2025-01-31 11:34
LAB728001,ENC111829,PT10916,K,Potassium,4.4,mmol/L,3.5,5.1,N,STAT,2025-01-31 10:06,2025-01-31 10:10,2025-01-31 11:05
LAB728002,ENC111830,PT11209,GLU,Glucose,151,mg/dL,70,99,H,STAT,2025-01-31 09:49,2025-01-31 09:58,2025-01-31 10:35
LAB728003,ENC111830,PT11209,CREAT,Creatinine,1.11,mg/dL,0.6,1.3,N,STAT,2025-01-31 10:03,2025-01-31 10:20,2025-01-31 11:17
LAB728004,ENC111830,PT11209,WBC,White Blood Cell Count,9.9,K/uL,4.5,11,N,STAT,2025-01-31 10:24,2025-01-31 10:34,2025-01-31 11:53
LAB728005,ENC111830,PT11209,HGB,Hemoglobin,15.8,g/dL,12,17.5,N,STAT,2025-01-31 10:18,2025-01-31 10:43,2025-01-31 11:37
LAB728006,ENC111830,PT11209,INR,Prothrombin Time INR,1,ratio,0.8,1.2,N,Routine,2025-01-31 10:37,2025-01-31 11:03,2025-01-31 13:48
LAB728007,ENC111831,PT12850,WBC,White Blood Cell Count,8.5,K/uL,4.5,11,N,Routine,2025-01-31 10:09,2025-01-31 10:35,2025-01-31 12:11
LAB728008,ENC111831,PT12850,HGB,Hemoglobin,15.2,g/dL,12,17.5,N,Routine,2025-01-31 10:01,2025-01-31 10:36,2025-01-31 12:35
LAB728009,ENC111831,PT12850,PLT,Platelet Count,301,K/uL,150,400,N,Routine,2025-01-31 09:51,2025-01-31 09:56,2025-01-31 14:13
LAB728010,ENC111832,PT12383,A1C,Hemoglobin A1c,5.3,%,4,5.6,N,Routine,2025-01-31 10:05,2025-01-31 10:28,2025-02-01 08:04
LAB728011,ENC111832,PT12383,GLU,Glucose,120,mg/dL,70,99,H,Routine,2025-01-31 10:20,2025-01-31 10:31,2025-01-31 13:39
LAB728012,ENC111832,PT12383,CREAT,Creatinine,1.14,mg/dL,0.6,1.3,N,Routine,2025-01-31 10:28,2025-01-31 10:50,2025-01-31 14:17
LAB728013,ENC111833,PT11133,LDL,LDL Cholesterol,140,mg/dL,0,99,H,Routine,2025-01-31 10:22,2025-01-31 10:47,2025-01-31 18:37
LAB728014,ENC111833,PT11133,A1C,Hemoglobin A1c,5.5,%,4,5.6,N,Routine,2025-01-31 10:42,2025-01-31 10:51,2025-02-01 06:55
LAB728015,ENC111834,PT13219,LDL,LDL Cholesterol,123,mg/dL,0,99,H,Routine,2025-01-31 11:33,2025-01-31 11:47,2025-02-01 10:36
LAB728016,ENC111834,PT13219,A1C,Hemoglobin A1c,7.4,%,4,5.6,H,Routine,2025-01-31 11:30,2025-01-31 11:51,2025-02-01 04:43
LAB728017,ENC111834,PT13219,TSH,Thyroid Stimulating Hormone,10.78,mIU/L,0.4,4,H,Routine,2025-01-31 11:27,2025-01-31 11:31,2025-02-01 12:02
LAB728018,ENC111835,PT13904,GLU,Glucose,80,mg/dL,70,99,N,STAT,2025-01-31 13:06,2025-01-31 13:34,2025-01-31 14:03
LAB728019,ENC111835,PT13904,CREAT,Creatinine,0.83,mg/dL,0.6,1.3,N,STAT,2025-01-31 12:56,2025-01-31 13:07,2025-01-31 13:55
LAB728020,ENC111837,PT11410,GLU,Glucose,111,mg/dL,70,99,H,STAT,2025-01-31 12:59,2025-01-31 13:27,2025-01-31 13:50
LAB728021,ENC111837,PT11410,CREAT,Creatinine,0.69,mg/dL,0.6,1.3,N,STAT,2025-01-31 12:35,2025-01-31 13:03,2025-01-31 13:56
LAB728022,ENC111837,PT11410,WBC,White Blood Cell Count,6.9,K/uL,4.5,11,N,Routine,2025-01-31 13:14,2025-01-31 13:41,2025-01-31 16:32
LAB728023,ENC111839,PT13271,GLU,Glucose,75,mg/dL,70,99,N,Routine,2025-01-31 16:37,2025-01-31 16:54,2025-01-31 19:17
LAB728024,ENC111839,PT13271,CREAT,Creatinine,0.82,mg/dL,0.6,1.3,N,STAT,2025-01-31 16:50,2025-01-31 16:55,2025-01-31 17:29
LAB728025,ENC111839,PT13271,WBC,White Blood Cell Count,9.4,K/uL,4.5,11,N,STAT,2025-01-31 16:17,2025-01-31 16:47,2025-01-31 17:56
LAB728026,ENC111839,PT13271,HGB,Hemoglobin,12.6,g/dL,12,17.5,N,Routine,2025-01-31 16:04,2025-01-31 16:39,2025-01-31 19:30
LAB728027,ENC111839,PT13271,TROP,"Troponin I, High Sensitivity",9,ng/L,0,34,N,STAT,2025-01-31 16:50,2025-01-31 17:12,2025-01-31 17:58
LAB728028,ENC111841,PT12888,GLU,Glucose,222,mg/dL,70,99,H,Routine,2025-01-31 15:16,2025-01-31 15:24,2025-01-31 18:45
LAB728029,ENC111841,PT12888,CREAT,Creatinine,1.74,mg/dL,0.6,1.3,H,Routine,2025-01-31 15:43,2025-01-31 15:48,2025-01-31 19:16
LAB728030,ENC111841,PT12888,WBC,White Blood Cell Count,10.3,K/uL,4.5,11,N,STAT,2025-01-31 15:24,2025-01-31 15:38,2025-01-31 16:24
LAB728031,ENC111841,PT12888,HGB,Hemoglobin,17.5,g/dL,12,17.5,N,STAT,2025-01-31 15:49,2025-01-31 16:13,2025-01-31 17:17
LAB728032,ENC111841,PT12888,LACT,Lactate,2.6,mmol/L,0.5,2,H,STAT,2025-01-31 15:49,2025-01-31 15:55,2025-01-31 16:40
LAB728033,ENC111842,PT12776,GLU,Glucose,119,mg/dL,70,99,H,STAT,2025-01-31 17:09,2025-01-31 17:13,2025-01-31 17:57
LAB728034,ENC111842,PT12776,CREAT,Creatinine,5.27,mg/dL,0.6,1.3,H,STAT,2025-01-31 17:15,2025-01-31 17:47,2025-01-31 18:08
LAB728035,ENC111842,PT12776,WBC,White Blood Cell Count,5,K/uL,4.5,11,N,STAT,2025-01-31 17:14,2025-01-31 17:30,2025-01-31 18:12
LAB728036,ENC111842,PT12776,HGB,Hemoglobin,13,g/dL,12,17.5,N,STAT,2025-01-31 17:35,2025-01-31 17:53,2025-01-31 18:46
LAB728037,ENC111842,PT12776,NA,Sodium,140,mmol/L,136,145,N,Routine,2025-01-31 17:07,2025-01-31 17:23,2025-01-31 21:04
LAB728038,ENC111842,PT12776,K,Potassium,5.8,mmol/L,3.5,5.1,H,STAT,2025-01-31 17:03,2025-01-31 17:10,2025-01-31 18:21
LAB728039,ENC111842,PT12776,BUN,Blood Urea Nitrogen,15,mg/dL,7,20,N,STAT,2025-01-31 17:45,2025-01-31 18:12,2025-01-31 18:36
LAB728040,ENC111842,PT12776,PLT,Platelet Count,252,K/uL,150,400,N,STAT,2025-01-31 17:02,2025-01-31 17:35,2025-01-31 18:36
LAB728041,ENC111849,PT13961,GLU,Glucose,132,mg/dL,70,99,H,STAT,2025-01-31 22:05,2025-01-31 22:18,2025-01-31 23:10
LAB728042,ENC111849,PT13961,CREAT,Creatinine,0.54,mg/dL,0.6,1.3,L,STAT,2025-01-31 22:09,2025-01-31 22:17,2025-01-31 22:54
LAB728043,ENC111849,PT13961,WBC,White Blood Cell Count,7.6,K/uL,4.5,11,N,Routine,2025-01-31 22:13,2025-01-31 22:27,2025-02-01 00:26
LAB728044,ENC111849,PT13961,HGB,Hemoglobin,13.7,g/dL,12,17.5,N,STAT,2025-01-31 22:07,2025-01-31 22:19,2025-01-31 22:56
LAB728045,ENC111849,PT13961,BUN,Blood Urea Nitrogen,19,mg/dL,7,20,N,Routine,2025-01-31 22:50,2025-01-31 22:58,2025-02-01 00:53
LAB728046,ENC111849,PT13961,PLT,Platelet Count,353,K/uL,150,400,N,STAT,2025-01-31 22:22,2025-01-31 22:50,2025-01-31 23:16
LAB728047,ENC111850,PT10393,GLU,Glucose,77,mg/dL,70,99,N,STAT,2025-01-31 22:15,2025-01-31 22:26,2025-01-31 23:18
LAB728048,ENC111850,PT10393,CREAT,Creatinine,1.08,mg/dL,0.6,1.3,N,STAT,2025-01-31 22:27,2025-01-31 22:43,2025-01-31 23:34
LAB728049,ENC111850,PT10393,WBC,White Blood Cell Count,5.2,K/uL,4.5,11,N,Routine,2025-01-31 22:41,2025-01-31 22:49,2025-02-01 02:11
LAB728050,ENC111850,PT10393,HGB,Hemoglobin,13.3,g/dL,12,17.5,N,Routine,2025-01-31 21:46,2025-01-31 22:03,2025-02-01 02:46
LAB728051,ENC111850,PT10393,NA,Sodium,119,mmol/L,136,145,LL,STAT,2025-01-31 22:43,2025-01-31 23:09,2025-01-31 23:44
LAB728052,ENC111850,PT10393,K,Potassium,4.1,mmol/L,3.5,5.1,N,STAT,2025-01-31 21:59,2025-01-31 22:25,2025-01-31 23:10
LAB728053,ENC111851,PT13614,GLU,Glucose,70,mg/dL,70,99,N,STAT,2025-01-31 22:07,2025-01-31 22:41,2025-01-31 23:24
LAB728054,ENC111851,PT13614,CREAT,Creatinine,1.11,mg/dL,0.6,1.3,N,STAT,2025-01-31 22:21,2025-01-31 22:30,2025-01-31 23:50
LAB728055,ENC111851,PT13614,WBC,White Blood Cell Count,7.3,K/uL,4.5,11,N,STAT,2025-01-31 22:28,2025-01-31 22:35,2025-01-31 23:26
LAB728056,ENC111851,PT13614,HGB,Hemoglobin,12.8,g/dL,12,17.5,N,STAT,2025-01-31 22:35,2025-01-31 22:49,2025-01-31 23:47
LAB728057,ENC111855,PT10396,GLU,Glucose,106,mg/dL,70,99,H,STAT,2025-02-01 03:27,2025-02-01 03:36,2025-02-01 04:44
LAB728058,ENC111855,PT10396,CREAT,Creatinine,0.97,mg/dL,0.6,1.3,N,STAT,2025-02-01 02:33,2025-02-01 02:44,2025-02-01 03:05
LAB728059,ENC111855,PT10396,WBC,White Blood Cell Count,7.7,K/uL,4.5,11,N,Routine,2025-02-01 02:54,2025-02-01 03:19,2025-02-01 06:17
LAB728060,ENC111856,PT11293,GLU,Glucose,81,mg/dL,70,99,N,STAT,2025-02-01 12:45,2025-02-01 13:12,2025-02-01 13:35
LAB728061,ENC111856,PT11293,CREAT,Creatinine,1.11,mg/dL,0.6,1.3,N,STAT,2025-02-01 11:54,2025-02-01 12:12,2025-02-01 13:08
LAB728062,ENC111856,PT11293,WBC,White Blood Cell Count,15.8,K/uL,4.5,11,H,STAT,2025-02-01 11:55,2025-02-01 12:02,2025-02-01 13:06
LAB728063,ENC111856,PT11293,HGB,Hemoglobin,15.9,g/dL,12,17.5,N,STAT,2025-02-01 11:56,2025-02-01 12:04,2025-02-01 12:44
LAB728064,ENC111857,PT10773,GLU,Glucose,107,mg/dL,70,99,H,STAT,2025-02-01 12:59,2025-02-01 13:31,2025-02-01 14:08
LAB728065,ENC111857,PT10773,CREAT,Creatinine,0.91,mg/dL,0.6,1.3,N,STAT,2025-02-01 13:03,2025-02-01 13:17,2025-02-01 13:40
LAB728066,ENC111857,PT10773,WBC,White Blood Cell Count,7.5,K/uL,4.5,11,N,Routine,2025-02-01 12:34,2025-02-01 12:59,2025-02-01 17:18
LAB728067,ENC111857,PT10773,HGB,Hemoglobin,16.6,g/dL,12,17.5,N,Routine,2025-02-01 12:16,2025-02-01 12:23,2025-02-01 15:30
LAB728068,ENC111857,PT10773,NA,Sodium,138,mmol/L,136,145,N,STAT,2025-02-01 12:29,2025-02-01 12:39,2025-02-01 13:49
LAB728069,ENC111857,PT10773,K,Potassium,4.2,mmol/L,3.5,5.1,N,STAT,2025-02-01 12:32,2025-02-01 12:55,2025-02-01 13:29
LAB728070,ENC111857,PT10773,INR,Prothrombin Time INR,1.1,ratio,0.8,1.2,N,STAT,2025-02-01 12:25,2025-02-01 12:42,2025-02-01 13:27
LAB728071,ENC111861,PT10703,GLU,Glucose,90,mg/dL,70,99,N,STAT,2025-02-01 17:52,2025-02-01 18:06,2025-02-01 18:37
LAB728072,ENC111861,PT10703,CREAT,Creatinine,1.19,mg/dL,0.6,1.3,N,STAT,2025-02-01 17:41,2025-02-01 17:54,2025-02-01 18:54
LAB728073,ENC111861,PT10703,WBC,White Blood Cell Count,7.7,K/uL,4.5,11,N,Routine,2025-02-01 17:00,2025-02-01 17:22,2025-02-01 22:08
LAB728074,ENC111861,PT10703,HGB,Hemoglobin,13.7,g/dL,12,17.5,N,Routine,2025-02-01 17:26,2025-02-01 17:54,2025-02-01 19:29
LAB728075,ENC111862,PT11131,GLU,Glucose,111,mg/dL,70,99,H,Routine,2025-02-01 19:28,2025-02-01 20:03,2025-02-01 22:30
LAB728076,ENC111862,PT11131,CREAT,Creatinine,0.72,mg/dL,0.6,1.3,N,STAT,2025-02-01 19:36,2025-02-01 20:05,2025-02-01 20:47
LAB728077,ENC111862,PT11131,WBC,White Blood Cell Count,7.8,K/uL,4.5,11,N,STAT,2025-02-01 18:42,2025-02-01 18:54,2025-02-01 20:03
LAB728078,ENC111862,PT11131,HGB,Hemoglobin,12.9,g/dL,12,17.5,N,STAT,2025-02-01 19:18,2025-02-01 19:35,2025-02-01 20:24
LAB728079,ENC111862,PT11131,NA,Sodium,141,mmol/L,136,145,N,STAT,2025-02-01 18:45,2025-02-01 19:06,2025-02-01 19:38
LAB728080,ENC111862,PT11131,K,Potassium,3.9,mmol/L,3.5,5.1,N,STAT,2025-02-01 18:52,2025-02-01 19:22,2025-02-01 20:01
LAB728081,ENC111863,PT12686,GLU,Glucose,119,mg/dL,70,99,H,STAT,2025-02-01 19:36,2025-02-01 19:59,2025-02-01 21:24
LAB728082,ENC111863,PT12686,CREAT,Creatinine,0.99,mg/dL,0.6,1.3,N,Routine,2025-02-01 20:06,2025-02-01 20:10,2025-02-01 21:18
LAB728083,ENC111863,PT12686,WBC,White Blood Cell Count,7.4,K/uL,4.5,11,N,Routine,2025-02-01 19:21,2025-02-01 19:55,2025-02-01 21:56
LAB728084,ENC111863,PT12686,HGB,Hemoglobin,15.6,g/dL,12,17.5,N,Routine,2025-02-01 19:06,2025-02-01 19:34,2025-02-01 20:36
LAB728085,ENC111865,PT10937,GLU,Glucose,120,mg/dL,70,99,H,STAT,2025-02-01 22:33,2025-02-01 22:46,2025-02-01 23:33
LAB728086,ENC111865,PT10937,CREAT,Creatinine,0.78,mg/dL,0.6,1.3,N,Routine,2025-02-01 22:19,2025-02-01 22:28,2025-02-02 04:41
LAB728087,ENC111865,PT10937,WBC,White Blood Cell Count,7.1,K/uL,4.5,11,N,STAT,2025-02-01 23:14,2025-02-01 23:40,2025-02-02 00:37
LAB728088,ENC111865,PT10937,HGB,Hemoglobin,13.4,g/dL,12,17.5,N,STAT,2025-02-01 22:30,2025-02-01 22:59,2025-02-01 23:18
LAB728089,ENC111865,PT10937,TROP,"Troponin I, High Sensitivity",4,ng/L,0,34,N,STAT,2025-02-01 22:22,2025-02-01 22:34,2025-02-01 23:03
LAB728090,ENC111866,PT12469,GLU,Glucose,117,mg/dL,70,99,H,STAT,2025-02-02 00:11,2025-02-02 00:33,2025-02-02 01:22
LAB728091,ENC111866,PT12469,CREAT,Creatinine,1.02,mg/dL,0.6,1.3,N,Routine,2025-02-01 23:49,2025-02-02 00:09,2025-02-02 03:52
LAB728092,ENC111866,PT12469,WBC,White Blood Cell Count,4.4,K/uL,4.5,11,L,STAT,2025-02-01 23:22,2025-02-01 23:33,2025-02-02 01:15
LAB728093,ENC111866,PT12469,HGB,Hemoglobin,14.7,g/dL,12,17.5,N,Routine,2025-02-01 23:57,2025-02-02 00:20,2025-02-02 04:11
LAB728094,ENC111866,PT12469,TROP,"Troponin I, High Sensitivity",10,ng/L,0,34,N,STAT,2025-02-01 23:20,2025-02-01 23:28,2025-02-02 00:04
LAB728095,ENC111868,PT11896,GLU,Glucose,42,mg/dL,70,99,L,STAT,2025-02-02 00:27,2025-02-02 00:31,2025-02-02 00:54
LAB728096,ENC111868,PT11896,CREAT,Creatinine,0.94,mg/dL,0.6,1.3,N,STAT,2025-02-02 00:50,2025-02-02 01:11,2025-02-02 02:01
LAB728097,ENC111868,PT11896,WBC,White Blood Cell Count,6.9,K/uL,4.5,11,N,STAT,2025-02-02 00:42,2025-02-02 01:04,2025-02-02 01:29
LAB728098,ENC111868,PT11896,HGB,Hemoglobin,12.5,g/dL,12,17.5,N,Routine,2025-02-02 00:26,2025-02-02 00:45,2025-02-02 04:33
LAB728099,ENC111869,PT12754,GLU,Glucose,122,mg/dL,70,99,H,STAT,2025-02-02 01:56,2025-02-02 02:03,2025-02-02 02:35
LAB728100,ENC111869,PT12754,CREAT,Creatinine,0.92,mg/dL,0.6,1.3,N,Routine,2025-02-02 02:17,2025-02-02 02:42,2025-02-02 04:06
LAB728101,ENC111869,PT12754,WBC,White Blood Cell Count,7.7,K/uL,4.5,11,N,STAT,2025-02-02 01:43,2025-02-02 02:04,2025-02-02 03:27
LAB728102,ENC111869,PT12754,HGB,Hemoglobin,13.3,g/dL,12,17.5,N,STAT,2025-02-02 02:30,2025-02-02 02:43,2025-02-02 03:41
LAB728103,ENC111869,PT12754,BUN,Blood Urea Nitrogen,11,mg/dL,7,20,N,STAT,2025-02-02 02:34,2025-02-02 03:07,2025-02-02 03:50
LAB728104,ENC111869,PT12754,PLT,Platelet Count,261,K/uL,150,400,N,STAT,2025-02-02 02:00,2025-02-02 02:14,2025-02-02 03:09
LAB728105,ENC111870,PT11919,GLU,Glucose,92,mg/dL,70,99,N,STAT,2025-02-01 22:09,2025-02-01 22:25,2025-02-01 23:42
LAB728106,ENC111870,PT11919,CREAT,Creatinine,1.11,mg/dL,0.6,1.3,N,STAT,2025-02-01 22:21,2025-02-01 22:47,2025-02-01 23:09
LAB728107,ENC111870,PT11919,WBC,White Blood Cell Count,6.4,K/uL,4.5,11,N,STAT,2025-02-01 22:52,2025-02-01 23:21,2025-02-02 00:15
LAB728108,ENC111870,PT11919,HGB,Hemoglobin,15.2,g/dL,12,17.5,N,STAT,2025-02-01 22:56,2025-02-01 23:21,2025-02-02 00:00
LAB728109,ENC111870,PT11919,TROP,"Troponin I, High Sensitivity",46,ng/L,0,34,H,STAT,2025-02-01 22:30,2025-02-01 22:41,2025-02-01 23:05
LAB728110,ENC111870,PT11919,BNP,B-Type Natriuretic Peptide,712,pg/mL,0,100,H,Routine,2025-02-01 22:39,2025-02-01 22:56,2025-02-02 00:24
LAB728111,ENC111871,PT11207,GLU,Glucose,99,mg/dL,70,99,N,STAT,2025-02-02 06:32,2025-02-02 06:47,2025-02-02 07:57
LAB728112,ENC111871,PT11207,CREAT,Creatinine,0.79,mg/dL,0.6,1.3,N,Routine,2025-02-02 06:44,2025-02-02 06:55,2025-02-02 10:02
LAB728113,ENC111871,PT11207,WBC,White Blood Cell Count,10.2,K/uL,4.5,11,N,STAT,2025-02-02 06:41,2025-02-02 07:12,2025-02-02 08:05
LAB728114,ENC111871,PT11207,HGB,Hemoglobin,12.4,g/dL,12,17.5,N,STAT,2025-02-02 06:39,2025-02-02 07:12,2025-02-02 08:13
LAB728115,ENC111871,PT11207,TROP,"Troponin I, High Sensitivity",49,ng/L,0,34,H,STAT,2025-02-02 06:24,2025-02-02 06:50,2025-02-02 07:37
LAB728116,ENC111871,PT11207,BNP,B-Type Natriuretic Peptide,226,pg/mL,0,100,H,STAT,2025-02-02 06:55,2025-02-02 07:25,2025-02-02 08:32
LAB728117,ENC111872,PT13762,GLU,Glucose,110,mg/dL,70,99,H,STAT,2025-02-02 04:45,2025-02-02 05:20,2025-02-02 05:53
LAB728118,ENC111872,PT13762,CREAT,Creatinine,1.08,mg/dL,0.6,1.3,N,Routine,2025-02-02 04:20,2025-02-02 04:38,2025-02-02 08:06
LAB728119,ENC111872,PT13762,WBC,White Blood Cell Count,11.3,K/uL,4.5,11,H,Routine,2025-02-02 04:45,2025-02-02 05:08,2025-02-02 09:04
LAB728120,ENC111872,PT13762,HGB,Hemoglobin,13.2,g/dL,12,17.5,N,Routine,2025-02-02 05:09,2025-02-02 05:20,2025-02-02 08:42
LAB728121,ENC111872,PT13762,NA,Sodium,142,mmol/L,136,145,N,Routine,2025-02-02 04:58,2025-02-02 05:02,2025-02-02 10:12
LAB728122,ENC111872,PT13762,K,Potassium,4,mmol/L,3.5,5.1,N,STAT,2025-02-02 05:07,2025-02-02 05:17,2025-02-02 06:08
LAB728123,ENC111873,PT12774,GLU,Glucose,100,mg/dL,70,99,H,STAT,2025-02-02 07:54,2025-02-02 08:11,2025-02-02 08:37
LAB728124,ENC111873,PT12774,CREAT,Creatinine,1,mg/dL,0.6,1.3,N,Routine,2025-02-02 07:27,2025-02-02 07:41,2025-02-02 16:39
LAB728125,ENC111873,PT12774,WBC,White Blood Cell Count,7.9,K/uL,4.5,11,N,Routine,2025-02-02 07:41,2025-02-02 08:00,2025-02-02 11:06
LAB728126,ENC111873,PT12774,HGB,Hemoglobin,16.6,g/dL,12,17.5,N,Routine,2025-02-02 07:21,2025-02-02 07:56,2025-02-02 10:48
LAB728127,ENC111874,PT10321,GLU,Glucose,111,mg/dL,70,99,H,STAT,2025-02-02 08:16,2025-02-02 08:31,2025-02-02 09:37
LAB728128,ENC111874,PT10321,CREAT,Creatinine,0.51,mg/dL,0.6,1.3,L,STAT,2025-02-02 08:41,2025-02-02 09:07,2025-02-02 09:52
LAB728129,ENC111874,PT10321,WBC,White Blood Cell Count,4.2,K/uL,4.5,11,L,Routine,2025-02-02 08:30,2025-02-02 08:43,2025-02-02 10:02
LAB728130,ENC111875,PT11288,GLU,Glucose,134,mg/dL,70,99,H,STAT,2025-02-02 13:17,2025-02-02 13:22,2025-02-02 13:49
LAB728131,ENC111875,PT11288,CREAT,Creatinine,0.79,mg/dL,0.6,1.3,N,STAT,2025-02-02 12:53,2025-02-02 13:23,2025-02-02 14:34
LAB728132,ENC111875,PT11288,WBC,White Blood Cell Count,18.2,K/uL,4.5,11,H,STAT,2025-02-02 13:03,2025-02-02 13:19,2025-02-02 14:38
LAB728133,ENC111875,PT11288,HGB,Hemoglobin,13.9,g/dL,12,17.5,N,Routine,2025-02-02 12:31,2025-02-02 13:05,2025-02-02 19:27
LAB728134,ENC111875,PT11288,NA,Sodium,142,mmol/L,136,145,N,STAT,2025-02-02 12:45,2025-02-02 13:15,2025-02-02 14:30
LAB728135,ENC111875,PT11288,K,Potassium,4.3,mmol/L,3.5,5.1,N,STAT,2025-02-02 13:20,2025-02-02 13:33,2025-02-02 14:38
LAB728136,ENC111876,PT10316,GLU,Glucose,101,mg/dL,70,99,H,STAT,2025-02-02 13:54,2025-02-02 14:24,2025-02-02 15:32
LAB728137,ENC111876,PT10316,CREAT,Creatinine,1.08,mg/dL,0.6,1.3,N,STAT,2025-02-02 13:15,2025-02-02 13:50,2025-02-02 14:45
LAB728138,ENC111876,PT10316,WBC,White Blood Cell Count,8.1,K/uL,4.5,11,N,Routine,2025-02-02 13:41,2025-02-02 14:08,2025-02-02 16:19
LAB728139,ENC111876,PT10316,HGB,Hemoglobin,14.7,g/dL,12,17.5,N,STAT,2025-02-02 13:30,2025-02-02 13:48,2025-02-02 14:36
LAB728140,ENC111876,PT10316,NA,Sodium,137,mmol/L,136,145,N,STAT,2025-02-02 13:55,2025-02-02 14:05,2025-02-02 14:36
LAB728141,ENC111876,PT10316,K,Potassium,4.9,mmol/L,3.5,5.1,N,STAT,2025-02-02 14:05,2025-02-02 14:28,2025-02-02 15:30
LAB728142,ENC111876,PT10316,INR,Prothrombin Time INR,1,ratio,0.8,1.2,N,STAT,2025-02-02 13:28,2025-02-02 13:57,2025-02-02 14:26
LAB728143,ENC111877,PT13561,GLU,Glucose,168,mg/dL,70,99,H,Routine,2025-02-02 13:01,2025-02-02 13:27,2025-02-02 17:35
LAB728144,ENC111877,PT13561,CREAT,Creatinine,0.84,mg/dL,0.6,1.3,N,STAT,2025-02-02 13:42,2025-02-02 13:50,2025-02-02 14:39
LAB728145,ENC111877,PT13561,WBC,White Blood Cell Count,14.2,K/uL,4.5,11,H,Routine,2025-02-02 12:59,2025-02-02 13:14,2025-02-02 15:33
LAB728146,ENC111877,PT13561,HGB,Hemoglobin,12.5,g/dL,12,17.5,N,Routine,2025-02-02 12:50,2025-02-02 13:02,2025-02-02 14:45
LAB728147,ENC111878,PT10946,GLU,Glucose,103,mg/dL,70,99,H,STAT,2025-02-02 11:17,2025-02-02 11:22,2025-02-02 13:02
LAB728148,ENC111878,PT10946,CREAT,Creatinine,1.1,mg/dL,0.6,1.3,N,STAT,2025-02-02 10:32,2025-02-02 10:49,2025-02-02 11:24
LAB728149,ENC111878,PT10946,WBC,White Blood Cell Count,12.6,K/uL,4.5,11,H,STAT,2025-02-02 11:27,2025-02-02 11:53,2025-02-02 12:30
LAB728150,ENC111878,PT10946,HGB,Hemoglobin,14.7,g/dL,12,17.5,N,STAT,2025-02-02 11:29,2025-02-02 12:02,2025-02-02 13:15
LAB728151,ENC111880,PT10252,GLU,Glucose,128,mg/dL,70,99,H,Routine,2025-02-02 12:25,2025-02-02 12:55,2025-02-02 15:55
LAB728152,ENC111880,PT10252,CREAT,Creatinine,1.64,mg/dL,0.6,1.3,H,Routine,2025-02-02 12:35,2025-02-02 12:42,2025-02-02 13:47
LAB728153,ENC111880,PT10252,WBC,White Blood Cell Count,12.8,K/uL,4.5,11,H,STAT,2025-02-02 11:48,2025-02-02 12:15,2025-02-02 13:05
LAB728154,ENC111880,PT10252,HGB,Hemoglobin,12.1,g/dL,12,17.5,N,STAT,2025-02-02 11:53,2025-02-02 12:05,2025-02-02 12:50
LAB728155,ENC111880,PT10252,LACT,Lactate,6.3,mmol/L,0.5,2,HH,STAT,2025-02-02 12:29,2025-02-02 12:37,2025-02-02 13:41
LAB728156,ENC111882,PT11549,GLU,Glucose,80,mg/dL,70,99,N,STAT,2025-02-02 16:09,2025-02-02 16:27,2025-02-02 17:28
LAB728157,ENC111882,PT11549,CREAT,Creatinine,0.99,mg/dL,0.6,1.3,N,Routine,2025-02-02 15:34,2025-02-02 15:47,2025-02-02 19:33
LAB728158,ENC111882,PT11549,WBC,White Blood Cell Count,6,K/uL,4.5,11,N,STAT,2025-02-02 15:45,2025-02-02 15:51,2025-02-02 16:59
LAB728159,ENC111882,PT11549,HGB,Hemoglobin,13.3,g/dL,12,17.5,N,STAT,2025-02-02 15:35,2025-02-02 15:59,2025-02-02 17:25
LAB728160,ENC111883,PT13362,GLU,Glucose,98,mg/dL,70,99,N,STAT,2025-02-02 13:14,2025-02-02 13:35,2025-02-02 14:16
LAB728161,ENC111883,PT13362,CREAT,Creatinine,1.05,mg/dL,0.6,1.3,N,STAT,2025-02-02 13:20,2025-02-02 13:28,2025-02-02 14:27
LAB728162,ENC111883,PT13362,WBC,White Blood Cell Count,5.3,K/uL,4.5,11,N,STAT,2025-02-02 13:08,2025-02-02 13:13,2025-02-02 14:13
LAB728163,ENC111883,PT13362,HGB,Hemoglobin,16.6,g/dL,12,17.5,N,Routine,2025-02-02 13:21,2025-02-02 13:44,2025-02-02 17:28
LAB728164,ENC111883,PT13362,BUN,Blood Urea Nitrogen,17,mg/dL,7,20,N,STAT,2025-02-02 13:42,2025-02-02 13:52,2025-02-02 14:22
LAB728165,ENC111883,PT13362,PLT,Platelet Count,260,K/uL,150,400,N,Routine,2025-02-02 13:00,2025-02-02 13:26,2025-02-02 15:54
LAB728166,ENC111884,PT10291,GLU,Glucose,100,mg/dL,70,99,H,STAT,2025-02-02 16:56,2025-02-02 17:02,2025-02-02 17:38
LAB728167,ENC111884,PT10291,CREAT,Creatinine,0.94,mg/dL,0.6,1.3,N,STAT,2025-02-02 16:56,2025-02-02 17:08,2025-02-02 18:07
LAB728168,ENC111884,PT10291,WBC,White Blood Cell Count,6.2,K/uL,4.5,11,N,STAT,2025-02-02 16:06,2025-02-02 16:37,2025-02-02 17:19
LAB728169,ENC111884,PT10291,HGB,Hemoglobin,14.2,g/dL,12,17.5,N,Routine,2025-02-02 16:52,2025-02-02 17:13,2025-02-02 22:39
LAB728170,ENC111885,PT12543,TROP,"Troponin I, High Sensitivity",6,ng/L,0,34,N,STAT,2025-02-02 16:20,2025-02-02 16:55,2025-02-02 17:19
LAB728171,ENC111886,PT10642,GLU,Glucose,114,mg/dL,70,99,H,STAT,2025-02-02 21:35,2025-02-02 21:55,2025-02-02 22:38
LAB728172,ENC111886,PT10642,CREAT,Creatinine,1.05,mg/dL,0.6,1.3,N,STAT,2025-02-02 21:37,2025-02-02 21:42,2025-02-02 22:32
LAB728173,ENC111886,PT10642,WBC,White Blood Cell Count,8.6,K/uL,4.5,11,N,Routine,2025-02-02 21:28,2025-02-02 21:33,2025-02-02 23:50
LAB728174,ENC111886,PT10642,HGB,Hemoglobin,13.6,g/dL,12,17.5,N,Routine,2025-02-02 20:35,2025-02-02 20:49,2025-02-03 00:50
LAB728175,ENC111886,PT10642,LACT,Lactate,2.2,mmol/L,0.5,2,H,STAT,2025-02-02 21:19,2025-02-02 21:26,2025-02-02 21:50
LAB728176,ENC111887,PT12183,GLU,Glucose,94,mg/dL,70,99,N,STAT,2025-02-02 17:53,2025-02-02 18:10,2025-02-02 18:36
LAB728177,ENC111887,PT12183,CREAT,Creatinine,0.74,mg/dL,0.6,1.3,N,Routine,2025-02-02 17:03,2025-02-02 17:34,2025-02-02 21:29
LAB728178,ENC111887,PT12183,WBC,White Blood Cell Count,7.7,K/uL,4.5,11,N,STAT,2025-02-02 17:10,2025-02-02 17:33,2025-02-02 18:10
LAB728179,ENC111887,PT12183,HGB,Hemoglobin,13.3,g/dL,12,17.5,N,STAT,2025-02-02 16:53,2025-02-02 17:03,2025-02-02 18:02
LAB728180,ENC111888,PT13014,GLU,Glucose,117,mg/dL,70,99,H,STAT,2025-02-02 18:13,2025-02-02 18:48,2025-02-02 19:55
LAB728181,ENC111888,PT13014,CREAT,Creatinine,0.74,mg/dL,0.6,1.3,N,Routine,2025-02-02 17:59,2025-02-02 18:26,2025-02-03 00:13
LAB728182,ENC111888,PT13014,WBC,White Blood Cell Count,7.6,K/uL,4.5,11,N,Routine,2025-02-02 17:16,2025-02-02 17:21,2025-02-02 18:32
LAB728183,ENC111889,PT13498,GLU,Glucose,114,mg/dL,70,99,H,STAT,2025-02-02 18:14,2025-02-02 18:46,2025-02-02 19:27
LAB728184,ENC111889,PT13498,CREAT,Creatinine,0.85,mg/dL,0.6,1.3,N,STAT,2025-02-02 18:18,2025-02-02 18:42,2025-02-02 19:25
LAB728185,ENC111891,PT12603,GLU,Glucose,123,mg/dL,70,99,H,STAT,2025-02-02 19:43,2025-02-02 20:04,2025-02-02 20:36
LAB728186,ENC111891,PT12603,CREAT,Creatinine,0.5,mg/dL,0.6,1.3,L,STAT,2025-02-02 19:22,2025-02-02 19:38,2025-02-02 20:18
LAB728187,ENC111892,PT13304,GLU,Glucose,83,mg/dL,70,99,N,STAT,2025-02-02 22:47,2025-02-02 23:01,2025-02-02 23:32
LAB728188,ENC111892,PT13304,CREAT,Creatinine,1.27,mg/dL,0.6,1.3,N,STAT,2025-02-02 23:41,2025-02-02 23:49,2025-02-03 00:37
LAB728189,ENC111892,PT13304,WBC,White Blood Cell Count,13.3,K/uL,4.5,11,H,Routine,2025-02-02 23:10,2025-02-02 23:26,2025-02-03 01:02
LAB728190,ENC111892,PT13304,HGB,Hemoglobin,14,g/dL,12,17.5,N,STAT,2025-02-02 23:32,2025-02-02 23:47,2025-02-03 00:21
LAB728191,ENC111894,PT13837,GLU,Glucose,69,mg/dL,70,99,L,STAT,2025-02-02 22:09,2025-02-02 22:26,2025-02-02 23:06
LAB728192,ENC111894,PT13837,CREAT,Creatinine,0.95,mg/dL,0.6,1.3,N,STAT,2025-02-02 21:45,2025-02-02 22:16,2025-02-02 23:09
LAB728193,ENC111896,PT13676,GLU,Glucose,100,mg/dL,70,99,H,STAT,2025-02-03 02:33,2025-02-03 02:59,2025-02-03 03:47
LAB728194,ENC111896,PT13676,CREAT,Creatinine,0.52,mg/dL,0.6,1.3,L,STAT,2025-02-03 02:05,2025-02-03 02:24,2025-02-03 03:17
LAB728195,ENC111896,PT13676,WBC,White Blood Cell Count,6.7,K/uL,4.5,11,N,STAT,2025-02-03 02:01,2025-02-03 02:11,2025-02-03 03:57
LAB728196,ENC111896,PT13676,HGB,Hemoglobin,17.7,g/dL,12,17.5,H,STAT,2025-02-03 01:59,2025-02-03 02:18,2025-02-03 03:01
LAB728197,ENC111897,PT11482,GLU,Glucose,93,mg/dL,70,99,N,STAT,2025-02-03 04:50,2025-02-03 05:06,2025-02-03 05:39
LAB728198,ENC111897,PT11482,CREAT,Creatinine,0.69,mg/dL,0.6,1.3,N,STAT,2025-02-03 03:55,2025-02-03 03:59,2025-02-03 04:44
LAB728199,ENC111897,PT11482,WBC,White Blood Cell Count,9.7,K/uL,4.5,11,N,STAT,2025-02-03 04:58,2025-02-03 05:05,2025-02-03 05:50
LAB728200,ENC111897,PT11482,HGB,Hemoglobin,12.7,g/dL,12,17.5,N,STAT,2025-02-03 03:54,2025-02-03 04:05,2025-02-03 04:44
LAB728201,ENC111897,PT11482,NA,Sodium,138,mmol/L,136,145,N,STAT,2025-02-03 04:13,2025-02-03 04:32,2025-02-03 05:23
LAB728202,ENC111897,PT11482,K,Potassium,4.4,mmol/L,3.5,5.1,N,STAT,2025-02-03 04:39,2025-02-03 04:43,2025-02-03 05:08
LAB728203,ENC111898,PT11326,GLU,Glucose,97,mg/dL,70,99,N,STAT,2025-02-03 04:39,2025-02-03 04:51,2025-02-03 05:55
LAB728204,ENC111898,PT11326,CREAT,Creatinine,1.35,mg/dL,0.6,1.3,H,STAT,2025-02-03 04:44,2025-02-03 04:51,2025-02-03 05:33
LAB728205,ENC111898,PT11326,WBC,White Blood Cell Count,5.4,K/uL,4.5,11,N,Routine,2025-02-03 04:22,2025-02-03 04:57,2025-02-03 13:46
LAB728206,ENC111898,PT11326,HGB,Hemoglobin,12.4,g/dL,12,17.5,N,Routine,2025-02-03 04:23,2025-02-03 04:57,2025-02-03 08:05
LAB728207,ENC111898,PT11326,TROP,"Troponin I, High Sensitivity",56,ng/L,0,34,H,STAT,2025-02-03 05:01,2025-02-03 05:17,2025-02-03 06:09
LAB728208,ENC111898,PT11326,BNP,B-Type Natriuretic Peptide,1258,pg/mL,0,100,H,STAT,2025-02-03 04:22,2025-02-03 04:51,2025-02-03 05:42
LAB728209,ENC111899,PT13622,GLU,Glucose,84,mg/dL,70,99,N,STAT,2025-02-03 06:34,2025-02-03 06:49,2025-02-03 08:05
LAB728210,ENC111899,PT13622,CREAT,Creatinine,0.7,mg/dL,0.6,1.3,N,STAT,2025-02-03 06:32,2025-02-03 06:42,2025-02-03 07:30
LAB728211,ENC111899,PT13622,WBC,White Blood Cell Count,5.9,K/uL,4.5,11,N,STAT,2025-02-03 06:52,2025-02-03 06:58,2025-02-03 07:53
LAB728212,ENC111899,PT13622,HGB,Hemoglobin,12.5,g/dL,12,17.5,N,Routine,2025-02-03 06:40,2025-02-03 07:07,2025-02-03 10:41
LAB728213,ENC111899,PT13622,NA,Sodium,137,mmol/L,136,145,N,STAT,2025-02-03 07:25,2025-02-03 07:54,2025-02-03 08:41
LAB728214,ENC111899,PT13622,K,Potassium,3.5,mmol/L,3.5,5.1,N,STAT,2025-02-03 07:42,2025-02-03 07:52,2025-02-03 08:19
LAB728215,ENC111901,PT12445,A1C,Hemoglobin A1c,9.7,%,4,5.6,H,Routine,2025-02-03 08:09,2025-02-03 08:23,2025-02-03 16:23
LAB728216,ENC111901,PT12445,GLU,Glucose,165,mg/dL,70,99,H,Routine,2025-02-03 08:15,2025-02-03 08:28,2025-02-03 11:02
LAB728217,ENC111901,PT12445,CREAT,Creatinine,0.9,mg/dL,0.6,1.3,N,Routine,2025-02-03 08:30,2025-02-03 08:48,2025-02-03 12:43
LAB728218,ENC111903,PT11683,GLU,Glucose,129,mg/dL,70,99,H,STAT,2025-02-03 10:16,2025-02-03 10:44,2025-02-03 11:12
LAB728219,ENC111903,PT11683,CREAT,Creatinine,2.17,mg/dL,0.6,1.3,H,STAT,2025-02-03 10:17,2025-02-03 10:49,2025-02-03 11:30
LAB728220,ENC111903,PT11683,WBC,White Blood Cell Count,20.4,K/uL,4.5,11,H,STAT,2025-02-03 10:02,2025-02-03 10:34,2025-02-03 11:20
LAB728221,ENC111903,PT11683,HGB,Hemoglobin,13.4,g/dL,12,17.5,N,Routine,2025-02-03 11:09,2025-02-03 11:20,2025-02-03 13:48
LAB728222,ENC111903,PT11683,BUN,Blood Urea Nitrogen,8,mg/dL,7,20,N,STAT,2025-02-03 10:20,2025-02-03 10:54,2025-02-03 11:53
LAB728223,ENC111903,PT11683,PLT,Platelet Count,350,K/uL,150,400,N,STAT,2025-02-03 10:26,2025-02-03 10:42,2025-02-03 11:05
LAB728224,ENC111903,PT11683,LACT,Lactate,1.2,mmol/L,0.5,2,N,STAT,2025-02-03 10:18,2025-02-03 10:46,2025-02-03 12:17
LAB728225,ENC111906,PT10132,LDL,LDL Cholesterol,118,mg/dL,0,99,H,Routine,2025-02-03 10:13,2025-02-03 10:38,2025-02-03 22:34
LAB728226,ENC111906,PT10132,A1C,Hemoglobin A1c,5.4,%,4,5.6,N,Routine,2025-02-03 10:29,2025-02-03 10:55,2025-02-04 17:31
LAB728227,ENC111911,PT13325,GLU,Glucose,92,mg/dL,70,99,N,STAT,2025-02-03 15:38,2025-02-03 15:51,2025-02-03 16:21
LAB728228,ENC111911,PT13325,CREAT,Creatinine,4.63,mg/dL,0.6,1.3,H,STAT,2025-02-03 15:00,2025-02-03 15:34,2025-02-03 16:13
LAB728229,ENC111911,PT13325,WBC,White Blood Cell Count,10.6,K/uL,4.5,11,N,Routine,2025-02-03 16:01,2025-02-03 16:35,2025-02-03 19:01
LAB728230,ENC111911,PT13325,HGB,Hemoglobin,10.5,g/dL,12,17.5,L,STAT,2025-02-03 16:08,2025-02-03 16:21,2025-02-03 17:03
LAB728231,ENC111911,PT13325,NA,Sodium,139,mmol/L,136,145,N,STAT,2025-02-03 15:51,2025-02-03 16:02,2025-02-03 16:50
LAB728232,ENC111911,PT13325,K,Potassium,5.5,mmol/L,3.5,5.1,H,STAT,2025-02-03 15:49,2025-02-03 15:53,2025-02-03 16:36
LAB728233,ENC111912,PT10056,GLU,Glucose,136,mg/dL,70,99,H,Routine,2025-02-03 16:33,2025-02-03 16:59,2025-02-03 19:24
LAB728234,ENC111912,PT10056,CREAT,Creatinine,1.04,mg/dL,0.6,1.3,N,Routine,2025-02-03 17:19,2025-02-03 17:50,2025-02-04 01:28
LAB728235,ENC111912,PT10056,WBC,White Blood Cell Count,9.5,K/uL,4.5,11,N,STAT,2025-02-03 17:35,2025-02-03 18:00,2025-02-03 18:57
LAB728236,ENC111912,PT10056,HGB,Hemoglobin,14.7,g/dL,12,17.5,N,Routine,2025-02-03 17:21,2025-02-03 17:50,2025-02-03 19:04
LAB728237,ENC111913,PT12401,LDL,LDL Cholesterol,122,mg/dL,0,99,H,Routine,2025-02-03 12:46,2025-02-03 13:02,2025-02-04 07:05
LAB728238,ENC111913,PT12401,A1C,Hemoglobin A1c,7.5,%,4,5.6,H,Routine,2025-02-03 12:41,2025-02-03 12:53,2025-02-04 03:52
LAB728239,ENC111914,PT13319,GLU,Glucose,100,mg/dL,70,99,H,STAT,2025-02-03 12:58,2025-02-03 13:29,2025-02-03 14:15
LAB728240,ENC111914,PT13319,CREAT,Creatinine,0.32,mg/dL,0.6,1.3,L,STAT,2025-02-03 12:50,2025-02-03 13:08,2025-02-03 13:35
LAB728241,ENC111914,PT13319,WBC,White Blood Cell Count,5.5,K/uL,4.5,11,N,STAT,2025-02-03 13:30,2025-02-03 13:44,2025-02-03 14:14
LAB728242,ENC111914,PT13319,HGB,Hemoglobin,14.5,g/dL,12,17.5,N,Routine,2025-02-03 12:44,2025-02-03 13:10,2025-02-03 15:12
LAB728243,ENC111915,PT10511,WBC,White Blood Cell Count,8.2,K/uL,4.5,11,N,Routine,2025-02-03 13:06,2025-02-03 13:33,2025-02-03 16:17
LAB728244,ENC111915,PT10511,HGB,Hemoglobin,11.9,g/dL,12,17.5,L,Routine,2025-02-03 13:25,2025-02-03 13:49,2025-02-03 16:38
LAB728245,ENC111915,PT10511,PLT,Platelet Count,258,K/uL,150,400,N,Routine,2025-02-03 13:19,2025-02-03 13:27,2025-02-03 19:11
LAB728246,ENC111918,PT10979,GLU,Glucose,91,mg/dL,70,99,N,Routine,2025-02-03 14:31,2025-02-03 15:01,2025-02-03 19:47
LAB728247,ENC111918,PT10979,CREAT,Creatinine,1.2,mg/dL,0.6,1.3,N,Routine,2025-02-03 13:48,2025-02-03 14:18,2025-02-03 16:12
LAB728248,ENC111918,PT10979,WBC,White Blood Cell Count,7.2,K/uL,4.5,11,N,STAT,2025-02-03 14:17,2025-02-03 14:48,2025-02-03 15:28
LAB728249,ENC111918,PT10979,HGB,Hemoglobin,6.3,g/dL,12,17.5,LL,STAT,2025-02-03 13:47,2025-02-03 14:16,2025-02-03 14:51
LAB728250,ENC111918,PT10979,NA,Sodium,140,mmol/L,136,145,N,Routine,2025-02-03 14:19,2025-02-03 14:45,2025-02-03 17:17
LAB728251,ENC111918,PT10979,K,Potassium,3.7,mmol/L,3.5,5.1,N,STAT,2025-02-03 14:31,2025-02-03 15:02,2025-02-03 15:30
LAB728252,ENC111918,PT10979,BUN,Blood Urea Nitrogen,16,mg/dL,7,20,N,STAT,2025-02-03 13:48,2025-02-03 14:08,2025-02-03 15:21
LAB728253,ENC111918,PT10979,PLT,Platelet Count,263,K/uL,150,400,N,STAT,2025-02-03 13:51,2025-02-03 14:04,2025-02-03 14:52
LAB728254,ENC111918,PT10979,INR,Prothrombin Time INR,1.1,ratio,0.8,1.2,N,STAT,2025-02-03 14:10,2025-02-03 14:23,2025-02-03 15:02
LAB728255,ENC111919,PT11306,LDL,LDL Cholesterol,161,mg/dL,0,99,H,Routine,2025-02-03 13:52,2025-02-03 14:22,2025-02-04 08:42
LAB728256,ENC111919,PT11306,TSH,Thyroid Stimulating Hormone,3.2,mIU/L,0.4,4,N,Routine,2025-02-03 13:59,2025-02-03 14:10,2025-02-04 04:42
LAB728257,ENC111920,PT10660,GLU,Glucose,147,mg/dL,70,99,H,STAT,2025-02-03 18:47,2025-02-03 18:54,2025-02-03 19:34
LAB728258,ENC111920,PT10660,CREAT,Creatinine,1.01,mg/dL,0.6,1.3,N,STAT,2025-02-03 18:26,2025-02-03 18:39,2025-02-03 19:42
LAB728259,ENC111920,PT10660,WBC,White Blood Cell Count,7.2,K/uL,4.5,11,N,STAT,2025-02-03 18:58,2025-02-03 19:27,2025-02-03 20:11
LAB728260,ENC111920,PT10660,HGB,Hemoglobin,14.5,g/dL,12,17.5,N,Routine,2025-02-03 18:15,2025-02-03 18:37,2025-02-03 21:18
LAB728261,ENC111921,PT10755,GLU,Glucose,123,mg/dL,70,99,H,STAT,2025-02-03 18:04,2025-02-03 18:25,2025-02-03 19:36
LAB728262,ENC111921,PT10755,CREAT,Creatinine,1.04,mg/dL,0.6,1.3,N,STAT,2025-02-03 18:16,2025-02-03 18:45,2025-02-03 20:18
LAB728263,ENC111921,PT10755,WBC,White Blood Cell Count,6.7,K/uL,4.5,11,N,Routine,2025-02-03 17:37,2025-02-03 17:47,2025-02-03 19:56
LAB728264,ENC111921,PT10755,HGB,Hemoglobin,17.1,g/dL,12,17.5,N,STAT,2025-02-03 18:36,2025-02-03 18:42,2025-02-03 19:16
LAB728265,ENC111921,PT10755,BUN,Blood Urea Nitrogen,17,mg/dL,7,20,N,Routine,2025-02-03 18:11,2025-02-03 18:29,2025-02-03 21:09
LAB728266,ENC111921,PT10755,PLT,Platelet Count,325,K/uL,150,400,N,Routine,2025-02-03 18:38,2025-02-03 18:47,2025-02-03 22:08
LAB728267,ENC111922,PT13793,GLU,Glucose,98,mg/dL,70,99,N,Routine,2025-02-03 17:19,2025-02-03 17:30,2025-02-03 21:32
LAB728268,ENC111922,PT13793,CREAT,Creatinine,2.19,mg/dL,0.6,1.3,H,STAT,2025-02-03 17:10,2025-02-03 17:19,2025-02-03 18:08
LAB728269,ENC111922,PT13793,WBC,White Blood Cell Count,5.1,K/uL,4.5,11,N,STAT,2025-02-03 17:21,2025-02-03 17:39,2025-02-03 17:55
LAB728270,ENC111922,PT13793,HGB,Hemoglobin,9.1,g/dL,12,17.5,L,Routine,2025-02-03 18:04,2025-02-03 18:14,2025-02-03 20:33
LAB728271,ENC111923,PT10193,GLU,Glucose,76,mg/dL,70,99,N,Routine,2025-02-03 16:13,2025-02-03 16:40,2025-02-03 20:25
LAB728272,ENC111923,PT10193,CREAT,Creatinine,0.72,mg/dL,0.6,1.3,N,Routine,2025-02-03 15:22,2025-02-03 15:41,2025-02-03 18:50
LAB728273,ENC111923,PT10193,WBC,White Blood Cell Count,9,K/uL,4.5,11,N,Routine,2025-02-03 15:28,2025-02-03 15:43,2025-02-03 17:08
LAB728274,ENC111923,PT10193,HGB,Hemoglobin,10.6,g/dL,12,17.5,L,STAT,2025-02-03 16:06,2025-02-03 16:17,2025-02-03 16:57
LAB728275,ENC111923,PT10193,NA,Sodium,141,mmol/L,136,145,N,STAT,2025-02-03 15:30,2025-02-03 15:40,2025-02-03 16:06
LAB728276,ENC111923,PT10193,K,Potassium,4.1,mmol/L,3.5,5.1,N,STAT,2025-02-03 16:13,2025-02-03 16:28,2025-02-03 17:33
LAB728277,ENC111924,PT12911,A1C,Hemoglobin A1c,7.3,%,4,5.6,H,Routine,2025-02-03 15:51,2025-02-03 16:06,2025-02-04 04:20
LAB728278,ENC111925,PT10533,GLU,Glucose,71,mg/dL,70,99,N,STAT,2025-02-03 20:18,2025-02-03 20:49,2025-02-03 21:19
LAB728279,ENC111925,PT10533,CREAT,Creatinine,0.68,mg/dL,0.6,1.3,N,STAT,2025-02-03 20:29,2025-02-03 20:53,2025-02-03 21:35
LAB728280,ENC111925,PT10533,WBC,White Blood Cell Count,6.1,K/uL,4.5,11,N,STAT,2025-02-03 20:21,2025-02-03 20:56,2025-02-03 21:48
LAB728281,ENC111925,PT10533,HGB,Hemoglobin,12.8,g/dL,12,17.5,N,Routine,2025-02-03 20:24,2025-02-03 20:36,2025-02-04 00:47
LAB728282,ENC111925,PT10533,NA,Sodium,143,mmol/L,136,145,N,Routine,2025-02-03 20:45,2025-02-03 21:07,2025-02-03 23:33
LAB728283,ENC111925,PT10533,K,Potassium,3.8,mmol/L,3.5,5.1,N,STAT,2025-02-03 20:48,2025-02-03 20:59,2025-02-03 21:29
LAB728284,ENC111925,PT10533,TROP,"Troponin I, High Sensitivity",86,ng/L,0,34,H,STAT,2025-02-03 20:21,2025-02-03 20:40,2025-02-03 21:30
LAB728285,ENC111925,PT10533,BNP,B-Type Natriuretic Peptide,842,pg/mL,0,100,H,STAT,2025-02-03 20:35,2025-02-03 20:58,2025-02-03 21:41
LAB728286,ENC111926,PT11134,LDL,LDL Cholesterol,148,mg/dL,0,99,H,Routine,2025-02-03 16:18,2025-02-03 16:51,2025-02-04 05:27
LAB728287,ENC111926,PT11134,A1C,Hemoglobin A1c,5.6,%,4,5.6,N,Routine,2025-02-03 16:22,2025-02-03 16:38,2025-02-04 04:50
LAB728288,ENC111926,PT11134,TSH,Thyroid Stimulating Hormone,0.87,mIU/L,0.4,4,N,Routine,2025-02-03 16:07,2025-02-03 16:41,2025-02-04 07:41
LAB728289,ENC111927,PT10092,GLU,Glucose,259,mg/dL,70,99,H,STAT,2025-02-03 16:49,2025-02-03 17:22,2025-02-03 17:46
LAB728290,ENC111927,PT10092,CREAT,Creatinine,0.88,mg/dL,0.6,1.3,N,STAT,2025-02-03 17:07,2025-02-03 17:30,2025-02-03 17:45
LAB728291,ENC111928,PT12060,GLU,Glucose,111,mg/dL,70,99,H,STAT,2025-02-03 20:17,2025-02-03 20:30,2025-02-03 21:18
LAB728292,ENC111928,PT12060,CREAT,Creatinine,0.82,mg/dL,0.6,1.3,N,STAT,2025-02-03 20:43,2025-02-03 20:55,2025-02-03 21:24
LAB728293,ENC111928,PT12060,WBC,White Blood Cell Count,7.3,K/uL,4.5,11,N,STAT,2025-02-03 20:39,2025-02-03 21:08,2025-02-03 21:49
LAB728294,ENC111928,PT12060,HGB,Hemoglobin,14.3,g/dL,12,17.5,N,Routine,2025-02-03 20:36,2025-02-03 20:55,2025-02-03 23:17
LAB728295,ENC111931,PT12656,GLU,Glucose,234,mg/dL,70,99,H,Routine,2025-02-03 17:01,2025-02-03 17:25,2025-02-03 22:07
LAB728296,ENC111931,PT12656,CREAT,Creatinine,1.22,mg/dL,0.6,1.3,N,STAT,2025-02-03 17:33,2025-02-03 18:08,2025-02-03 19:04
LAB728297,ENC111931,PT12656,WBC,White Blood Cell Count,7,K/uL,4.5,11,N,STAT,2025-02-03 17:12,2025-02-03 17:31,2025-02-03 18:15
LAB728298,ENC111931,PT12656,HGB,Hemoglobin,13.5,g/dL,12,17.5,N,STAT,2025-02-03 16:55,2025-02-03 17:03,2025-02-03 17:31
LAB728299,ENC111934,PT10048,GLU,Glucose,104,mg/dL,70,99,H,STAT,2025-02-04 00:25,2025-02-04 00:47,2025-02-04 01:11
LAB728300,ENC111934,PT10048,CREAT,Creatinine,0.5,mg/dL,0.6,1.3,L,STAT,2025-02-04 00:47,2025-02-04 01:21,2025-02-04 02:03
LAB728301,ENC111934,PT10048,WBC,White Blood Cell Count,6.3,K/uL,4.5,11,N,STAT,2025-02-03 23:49,2025-02-04 00:12,2025-02-04 00:58
LAB728302,ENC111934,PT10048,HGB,Hemoglobin,14.3,g/dL,12,17.5,N,STAT,2025-02-03 23:48,2025-02-04 00:01,2025-02-04 00:35
LAB728303,ENC111934,PT10048,NA,Sodium,141,mmol/L,136,145,N,Routine,2025-02-04 00:30,2025-02-04 00:58,2025-02-04 04:40
LAB728304,ENC111934,PT10048,K,Potassium,4.4,mmol/L,3.5,5.1,N,STAT,2025-02-04 00:24,2025-02-04 00:38,2025-02-04 01:34
LAB728305,ENC111936,PT13212,GLU,Glucose,97,mg/dL,70,99,N,Routine,2025-02-04 04:26,2025-02-04 04:53,2025-02-04 07:06
LAB728306,ENC111936,PT13212,CREAT,Creatinine,0.87,mg/dL,0.6,1.3,N,STAT,2025-02-04 04:12,2025-02-04 04:31,2025-02-04 05:05
LAB728307,ENC111936,PT13212,WBC,White Blood Cell Count,4.8,K/uL,4.5,11,N,STAT,2025-02-04 03:27,2025-02-04 03:44,2025-02-04 04:43
LAB728308,ENC111936,PT13212,HGB,Hemoglobin,13.8,g/dL,12,17.5,N,STAT,2025-02-04 03:42,2025-02-04 04:09,2025-02-04 04:54
LAB728309,ENC111936,PT13212,NA,Sodium,140,mmol/L,136,145,N,Routine,2025-02-04 04:32,2025-02-04 04:43,2025-02-04 07:47
LAB728310,ENC111936,PT13212,K,Potassium,3.8,mmol/L,3.5,5.1,N,STAT,2025-02-04 04:25,2025-02-04 04:37,2025-02-04 05:14
LAB728311,ENC111937,PT12610,GLU,Glucose,112,mg/dL,70,99,H,STAT,2025-02-04 01:43,2025-02-04 02:10,2025-02-04 02:38
LAB728312,ENC111937,PT12610,CREAT,Creatinine,0.79,mg/dL,0.6,1.3,N,STAT,2025-02-04 01:17,2025-02-04 01:35,2025-02-04 02:49
LAB728313,ENC111937,PT12610,WBC,White Blood Cell Count,8.3,K/uL,4.5,11,N,STAT,2025-02-04 00:57,2025-02-04 01:01,2025-02-04 01:25
LAB728314,ENC111937,PT12610,HGB,Hemoglobin,12.9,g/dL,12,17.5,N,STAT,2025-02-04 01:01,2025-02-04 01:18,2025-02-04 01:50
LAB728315,ENC111939,PT12141,GLU,Glucose,106,mg/dL,70,99,H,STAT,2025-02-04 02:06,2025-02-04 02:22,2025-02-04 02:45
LAB728316,ENC111939,PT12141,CREAT,Creatinine,1,mg/dL,0.6,1.3,N,STAT,2025-02-04 01:43,2025-02-04 02:09,2025-02-04 03:01
LAB728317,ENC111939,PT12141,WBC,White Blood Cell Count,15.6,K/uL,4.5,11,H,Routine,2025-02-04 01:45,2025-02-04 02:19,2025-02-04 06:02
LAB728318,ENC111939,PT12141,HGB,Hemoglobin,15.6,g/dL,12,17.5,N,STAT,2025-02-04 01:58,2025-02-04 02:19,2025-02-04 03:36
LAB728319,ENC111940,PT12748,GLU,Glucose,79,mg/dL,70,99,N,STAT,2025-02-04 05:18,2025-02-04 05:26,2025-02-04 05:54
LAB728320,ENC111940,PT12748,CREAT,Creatinine,1.12,mg/dL,0.6,1.3,N,STAT,2025-02-04 04:25,2025-02-04 04:32,2025-02-04 05:30
LAB728321,ENC111940,PT12748,WBC,White Blood Cell Count,10.7,K/uL,4.5,11,N,STAT,2025-02-04 05:10,2025-02-04 05:23,2025-02-04 05:45
LAB728322,ENC111940,PT12748,HGB,Hemoglobin,12.1,g/dL,12,17.5,N,STAT,2025-02-04 05:22,2025-02-04 05:49,2025-02-04 06:41
LAB728323,ENC111941,PT13513,GLU,Glucose,131,mg/dL,70,99,H,STAT,2025-02-04 03:23,2025-02-04 03:49,2025-02-04 04:17
LAB728324,ENC111941,PT13513,CREAT,Creatinine,0.58,mg/dL,0.6,1.3,L,Routine,2025-02-04 03:02,2025-02-04 03:26,2025-02-04 09:36
LAB728325,ENC111942,PT12513,GLU,Glucose,124,mg/dL,70,99,H,STAT,2025-02-04 07:19,2025-02-04 07:54,2025-02-04 08:27
LAB728326,ENC111942,PT12513,CREAT,Creatinine,1.91,mg/dL,0.6,1.3,H,Routine,2025-02-04 06:57,2025-02-04 07:03,2025-02-04 09:04
LAB728327,ENC111942,PT12513,WBC,White Blood Cell Count,8.8,K/uL,4.5,11,N,STAT,2025-02-04 06:48,2025-02-04 07:15,2025-02-04 07:56
LAB728328,ENC111942,PT12513,HGB,Hemoglobin,11.7,g/dL,12,17.5,L,STAT,2025-02-04 07:15,2025-02-04 07:41,2025-02-04 08:11
LAB728329,ENC111942,PT12513,NA,Sodium,140,mmol/L,136,145,N,Routine,2025-02-04 06:40,2025-02-04 07:01,2025-02-04 11:37
LAB728330,ENC111942,PT12513,K,Potassium,4.8,mmol/L,3.5,5.1,N,STAT,2025-02-04 06:52,2025-02-04 07:18,2025-02-04 08:13
LAB728331,ENC111943,PT12576,GLU,Glucose,252,mg/dL,70,99,H,STAT,2025-02-04 08:36,2025-02-04 09:10,2025-02-04 09:50
LAB728332,ENC111943,PT12576,CREAT,Creatinine,0.87,mg/dL,0.6,1.3,N,STAT,2025-02-04 08:23,2025-02-04 08:27,2025-02-04 09:27
LAB728333,ENC111944,PT12838,GLU,Glucose,104,mg/dL,70,99,H,Routine,2025-02-04 11:17,2025-02-04 11:51,2025-02-04 17:13
LAB728334,ENC111944,PT12838,CREAT,Creatinine,1.18,mg/dL,0.6,1.3,N,Routine,2025-02-04 10:41,2025-02-04 11:01,2025-02-04 13:44
LAB728335,ENC111944,PT12838,WBC,White Blood Cell Count,5.5,K/uL,4.5,11,N,Routine,2025-02-04 11:25,2025-02-04 11:34,2025-02-04 14:10
LAB728336,ENC111944,PT12838,HGB,Hemoglobin,16.3,g/dL,12,17.5,N,Routine,2025-02-04 11:41,2025-02-04 12:09,2025-02-04 17:23
LAB728337,ENC111944,PT12838,BUN,Blood Urea Nitrogen,19,mg/dL,7,20,N,STAT,2025-02-04 11:12,2025-02-04 11:24,2025-02-04 11:42
LAB728338,ENC111944,PT12838,PLT,Platelet Count,238,K/uL,150,400,N,STAT,2025-02-04 10:55,2025-02-04 11:13,2025-02-04 11:38
LAB728339,ENC111944,PT12838,LACT,Lactate,2.5,mmol/L,0.5,2,H,STAT,2025-02-04 11:36,2025-02-04 11:53,2025-02-04 12:42
LAB728340,ENC111946,PT11473,GLU,Glucose,112,mg/dL,70,99,H,STAT,2025-02-04 09:03,2025-02-04 09:33,2025-02-04 10:04
LAB728341,ENC111946,PT11473,CREAT,Creatinine,0.86,mg/dL,0.6,1.3,N,STAT,2025-02-04 08:35,2025-02-04 09:02,2025-02-04 09:45
LAB728342,ENC111946,PT11473,WBC,White Blood Cell Count,8.2,K/uL,4.5,11,N,STAT,2025-02-04 09:17,2025-02-04 09:37,2025-02-04 10:20
LAB728343,ENC111947,PT13305,A1C,Hemoglobin A1c,7.5,%,4,5.6,H,Routine,2025-02-04 08:40,2025-02-04 08:50,2025-02-05 01:23
LAB728344,ENC111947,PT13305,GLU,Glucose,280,mg/dL,70,99,H,Routine,2025-02-04 08:52,2025-02-04 09:07,2025-02-04 11:36
LAB728345,ENC111947,PT13305,CREAT,Creatinine,0.75,mg/dL,0.6,1.3,N,Routine,2025-02-04 08:39,2025-02-04 08:48,2025-02-04 12:15
LAB728346,ENC111948,PT12248,WBC,White Blood Cell Count,8.3,K/uL,4.5,11,N,Routine,2025-02-04 08:46,2025-02-04 08:58,2025-02-04 13:51
LAB728347,ENC111948,PT12248,HGB,Hemoglobin,17,g/dL,12,17.5,N,Routine,2025-02-04 08:52,2025-02-04 09:20,2025-02-04 15:40
LAB728348,ENC111948,PT12248,PLT,Platelet Count,273,K/uL,150,400,N,Routine,2025-02-04 08:39,2025-02-04 09:00,2025-02-04 10:27
LAB728349,ENC111950,PT13346,GLU,Glucose,83,mg/dL,70,99,N,STAT,2025-02-04 13:15,2025-02-04 13:39,2025-02-04 14:15
LAB728350,ENC111950,PT13346,CREAT,Creatinine,0.85,mg/dL,0.6,1.3,N,Routine,2025-02-04 14:03,2025-02-04 14:15,2025-02-04 16:49
LAB728351,ENC111950,PT13346,WBC,White Blood Cell Count,19.4,K/uL,4.5,11,H,STAT,2025-02-04 13:34,2025-02-04 14:04,2025-02-04 14:47
LAB728352,ENC111950,PT13346,HGB,Hemoglobin,13.6,g/dL,12,17.5,N,STAT,2025-02-04 13:40,2025-02-04 14:07,2025-02-04 14:41
LAB728353,ENC111950,PT13346,NA,Sodium,135,mmol/L,136,145,L,Routine,2025-02-04 13:29,2025-02-04 13:53,2025-02-04 15:53
LAB728354,ENC111950,PT13346,K,Potassium,3.7,mmol/L,3.5,5.1,N,STAT,2025-02-04 13:16,2025-02-04 13:37,2025-02-04 13:58
LAB728355,ENC111951,PT11985,GLU,Glucose,119,mg/dL,70,99,H,STAT,2025-02-04 13:23,2025-02-04 13:52,2025-02-04 14:54
LAB728356,ENC111951,PT11985,CREAT,Creatinine,1.14,mg/dL,0.6,1.3,N,STAT,2025-02-04 13:39,2025-02-04 13:46,2025-02-04 14:20
LAB728357,ENC111951,PT11985,WBC,White Blood Cell Count,8.3,K/uL,4.5,11,N,STAT,2025-02-04 13:46,2025-02-04 14:06,2025-02-04 15:23
LAB728358,ENC111951,PT11985,HGB,Hemoglobin,13.5,g/dL,12,17.5,N,STAT,2025-02-04 13:25,2025-02-04 13:57,2025-02-04 15:05
LAB728359,ENC111951,PT11985,BUN,Blood Urea Nitrogen,7,mg/dL,7,20,N,Routine,2025-02-04 14:13,2025-02-04 14:20,2025-02-04 17:57
LAB728360,ENC111951,PT11985,PLT,Platelet Count,243,K/uL,150,400,N,STAT,2025-02-04 13:55,2025-02-04 14:23,2025-02-04 15:17
LAB728361,ENC111952,PT10830,A1C,Hemoglobin A1c,11.2,%,4,5.6,H,Routine,2025-02-04 09:35,2025-02-04 09:55,2025-02-04 18:43
LAB728362,ENC111953,PT12906,A1C,Hemoglobin A1c,5.8,%,4,5.6,H,Routine,2025-02-04 09:53,2025-02-04 09:58,2025-02-04 20:27
LAB728363,ENC111953,PT12906,GLU,Glucose,109,mg/dL,70,99,H,Routine,2025-02-04 09:57,2025-02-04 10:08,2025-02-04 12:07
LAB728364,ENC111953,PT12906,CREAT,Creatinine,1.04,mg/dL,0.6,1.3,N,Routine,2025-02-04 09:56,2025-02-04 10:03,2025-02-04 10:43
LAB728365,ENC111957,PT10227,LDL,LDL Cholesterol,120,mg/dL,0,99,H,Routine,2025-02-04 10:30,2025-02-04 10:56,2025-02-05 10:51
LAB728366,ENC111958,PT13010,GLU,Glucose,109,mg/dL,70,99,H,STAT,2025-02-04 16:39,2025-02-04 17:03,2025-02-04 17:40
LAB728367,ENC111958,PT13010,CREAT,Creatinine,0.54,mg/dL,0.6,1.3,L,Routine,2025-02-04 15:57,2025-02-04 16:19,2025-02-04 18:36
LAB728368,ENC111958,PT13010,WBC,White Blood Cell Count,4.1,K/uL,4.5,11,L,STAT,2025-02-04 16:42,2025-02-04 16:59,2025-02-04 18:27
LAB728369,ENC111958,PT13010,HGB,Hemoglobin,15,g/dL,12,17.5,N,STAT,2025-02-04 16:28,2025-02-04 16:41,2025-02-04 17:20
LAB728370,ENC111959,PT10418,GLU,Glucose,108,mg/dL,70,99,H,STAT,2025-02-04 11:02,2025-02-04 11:33,2025-02-04 12:19
LAB728371,ENC111959,PT10418,CREAT,Creatinine,0.62,mg/dL,0.6,1.3,N,Routine,2025-02-04 11:04,2025-02-04 11:23,2025-02-04 14:06
LAB728372,ENC111959,PT10418,WBC,White Blood Cell Count,6.5,K/uL,4.5,11,N,Routine,2025-02-04 11:00,2025-02-04 11:31,2025-02-04 17:09
LAB728373,ENC111960,PT10321,GLU,Glucose,118,mg/dL,70,99,H,STAT,2025-02-04 14:13,2025-02-04 14:41,2025-02-04 15:18
LAB728374,ENC111960,PT10321,CREAT,Creatinine,0.44,mg/dL,0.6,1.3,L,STAT,2025-02-04 14:54,2025-02-04 15:09,2025-02-04 16:41
LAB728375,ENC111960,PT10321,WBC,White Blood Cell Count,9,K/uL,4.5,11,N,STAT,2025-02-04 14:45,2025-02-04 15:16,2025-02-04 15:41
LAB728376,ENC111960,PT10321,HGB,Hemoglobin,14.6,g/dL,12,17.5,N,STAT,2025-02-04 14:53,2025-02-04 14:58,2025-02-04 16:00
LAB728377,ENC111961,PT11200,GLU,Glucose,104,mg/dL,70,99,H,STAT,2025-02-04 11:59,2025-02-04 12:04,2025-02-04 12:47
LAB728378,ENC111961,PT11200,CREAT,Creatinine,0.97,mg/dL,0.6,1.3,N,Routine,2025-02-04 12:12,2025-02-04 12:47,2025-02-04 17:05
LAB728379,ENC111961,PT11200,WBC,White Blood Cell Count,8.2,K/uL,4.5,11,N,Routine,2025-02-04 11:10,2025-02-04 11:39,2025-02-04 15:25
LAB728380,ENC111961,PT11200,HGB,Hemoglobin,13.1,g/dL,12,17.5,N,STAT,2025-02-04 12:07,2025-02-04 12:11,2025-02-04 13:37
LAB728381,ENC111963,PT13587,GLU,Glucose,94,mg/dL,70,99,N,Routine,2025-02-04 12:25,2025-02-04 12:32,2025-02-04 13:30
LAB728382,ENC111963,PT13587,CREAT,Creatinine,0.87,mg/dL,0.6,1.3,N,Routine,2025-02-04 12:17,2025-02-04 12:21,2025-02-04 16:47
LAB728383,ENC111963,PT13587,WBC,White Blood Cell Count,9.1,K/uL,4.5,11,N,STAT,2025-02-04 12:26,2025-02-04 12:52,2025-02-04 13:26
LAB728384,ENC111963,PT13587,HGB,Hemoglobin,13.7,g/dL,12,17.5,N,STAT,2025-02-04 12:18,2025-02-04 12:39,2025-02-04 13:02
LAB728385,ENC111963,PT13587,NA,Sodium,143,mmol/L,136,145,N,STAT,2025-02-04 11:47,2025-02-04 12:09,2025-02-04 12:51
LAB728386,ENC111963,PT13587,K,Potassium,4.5,mmol/L,3.5,5.1,N,STAT,2025-02-04 11:30,2025-02-04 11:54,2025-02-04 12:44
LAB728387,ENC111963,PT13587,BUN,Blood Urea Nitrogen,17,mg/dL,7,20,N,STAT,2025-02-04 12:04,2025-02-04 12:31,2025-02-04 14:03
LAB728388,ENC111963,PT13587,PLT,Platelet Count,209,K/uL,150,400,N,Routine,2025-02-04 11:25,2025-02-04 11:34,2025-02-04 12:18
LAB728389,ENC111963,PT13587,INR,Prothrombin Time INR,1,ratio,0.8,1.2,N,STAT,2025-02-04 11:31,2025-02-04 11:44,2025-02-04 12:26
LAB728390,ENC111964,PT13917,WBC,White Blood Cell Count,5.8,K/uL,4.5,11,N,Routine,2025-02-04 11:43,2025-02-04 12:14,2025-02-04 15:09
LAB728391,ENC111964,PT13917,HGB,Hemoglobin,14.1,g/dL,12,17.5,N,Routine,2025-02-04 11:58,2025-02-04 12:28,2025-02-04 14:29
LAB728392,ENC111964,PT13917,PLT,Platelet Count,294,K/uL,150,400,N,Routine,2025-02-04 11:56,2025-02-04 12:01,2025-02-04 16:53
LAB728393,ENC111965,PT11475,GLU,Glucose,125,mg/dL,70,99,H,STAT,2025-02-04 12:02,2025-02-04 12:08,2025-02-04 12:48
LAB728394,ENC111965,PT11475,CREAT,Creatinine,0.91,mg/dL,0.6,1.3,N,Routine,2025-02-04 12:41,2025-02-04 12:45,2025-02-04 23:35
LAB728395,ENC111965,PT11475,WBC,White Blood Cell Count,7.5,K/uL,4.5,11,N,Routine,2025-02-04 12:28,2025-02-04 12:42,2025-02-04 16:12
LAB728396,ENC111965,PT11475,HGB,Hemoglobin,13.4,g/dL,12,17.5,N,STAT,2025-02-04 12:36,2025-02-04 12:50,2025-02-04 13:36
LAB728397,ENC111967,PT10198,LDL,LDL Cholesterol,127,mg/dL,0,99,H,Routine,2025-02-04 12:43,2025-02-04 13:03,2025-02-05 02:16
LAB728398,ENC111967,PT10198,TSH,Thyroid Stimulating Hormone,2.9,mIU/L,0.4,4,N,Routine,2025-02-04 12:23,2025-02-04 12:44,2025-02-05 04:09
LAB728399,ENC111970,PT12524,A1C,Hemoglobin A1c,10.1,%,4,5.6,H,STAT,2025-02-04 13:51,2025-02-04 14:06,2025-02-04 15:06
LAB728400,ENC111971,PT11194,GLU,Glucose,79,mg/dL,70,99,N,STAT,2025-02-04 17:54,2025-02-04 18:10,2025-02-04 18:55
LAB728401,ENC111971,PT11194,CREAT,Creatinine,1.06,mg/dL,0.6,1.3,N,STAT,2025-02-04 18:08,2025-02-04 18:43,2025-02-04 19:43
LAB728402,ENC111971,PT11194,WBC,White Blood Cell Count,8,K/uL,4.5,11,N,Routine,2025-02-04 17:41,2025-02-04 18:03,2025-02-05 00:35
LAB728403,ENC111971,PT11194,HGB,Hemoglobin,14.2,g/dL,12,17.5,N,Routine,2025-02-04 18:22,2025-02-04 18:54,2025-02-04 20:21
LAB728404,ENC111971,PT11194,NA,Sodium,137,mmol/L,136,145,N,STAT,2025-02-04 17:41,2025-02-04 18:11,2025-02-04 18:49
LAB728405,ENC111971,PT11194,K,Potassium,4.4,mmol/L,3.5,5.1,N,STAT,2025-02-04 17:43,2025-02-04 17:48,2025-02-04 18:49
LAB728406,ENC111971,PT11194,TROP,"Troponin I, High Sensitivity",6,ng/L,0,34,N,STAT,2025-02-04 17:25,2025-02-04 17:43,2025-02-04 18:11
LAB728407,ENC111972,PT11668,GLU,Glucose,78,mg/dL,70,99,N,STAT,2025-02-04 14:06,2025-02-04 14:38,2025-02-04 15:25
LAB728408,ENC111972,PT11668,CREAT,Creatinine,0.9,mg/dL,0.6,1.3,N,Routine,2025-02-04 13:59,2025-02-04 14:19,2025-02-04 16:30
LAB728409,ENC111972,PT11668,WBC,White Blood Cell Count,14.3,K/uL,4.5,11,H,STAT,2025-02-04 14:03,2025-02-04 14:35,2025-02-04 16:05
LAB728410,ENC111972,PT11668,HGB,Hemoglobin,13.8,g/dL,12,17.5,N,STAT,2025-02-04 14:41,2025-02-04 14:51,2025-02-04 15:29
LAB728411,ENC111976,PT10857,WBC,White Blood Cell Count,7.5,K/uL,4.5,11,N,Routine,2025-02-04 14:54,2025-02-04 15:19,2025-02-04 21:20
LAB728412,ENC111976,PT10857,HGB,Hemoglobin,11.3,g/dL,12,17.5,L,Routine,2025-02-04 14:55,2025-02-04 15:24,2025-02-04 17:38
LAB728413,ENC111976,PT10857,PLT,Platelet Count,166,K/uL,150,400,N,Routine,2025-02-04 14:51,2025-02-04 14:55,2025-02-04 17:08
LAB728414,ENC111978,PT11332,GLU,Glucose,110,mg/dL,70,99,H,STAT,2025-02-04 15:55,2025-02-04 16:00,2025-02-04 16:59
LAB728415,ENC111978,PT11332,CREAT,Creatinine,1.19,mg/dL,0.6,1.3,N,STAT,2025-02-04 15:40,2025-02-04 16:12,2025-02-04 16:53
LAB728416,ENC111983,PT10165,GLU,Glucose,76,mg/dL,70,99,N,STAT,2025-02-04 20:54,2025-02-04 20:59,2025-02-04 21:49
LAB728417,ENC111983,PT10165,CREAT,Creatinine,1.53,mg/dL,0.6,1.3,H,STAT,2025-02-04 21:32,2025-02-04 21:40,2025-02-04 22:23
LAB728418,ENC111983,PT10165,WBC,White Blood Cell Count,12,K/uL,4.5,11,H,STAT,2025-02-04 21:12,2025-02-04 21:19,2025-02-04 22:16
LAB728419,ENC111983,PT10165,HGB,Hemoglobin,14.5,g/dL,12,17.5,N,STAT,2025-02-04 21:10,2025-02-04 21:27,2025-02-04 22:36
LAB728420,ENC111983,PT10165,LACT,Lactate,2,mmol/L,0.5,2,N,STAT,2025-02-04 21:00,2025-02-04 21:12,2025-02-04 22:18
LAB728421,ENC111984,PT13628,GLU,Glucose,89,mg/dL,70,99,N,STAT,2025-02-05 00:21,2025-02-05 00:55,2025-02-05 01:55
LAB728422,ENC111984,PT13628,CREAT,Creatinine,1.29,mg/dL,0.6,1.3,N,Routine,2025-02-05 00:32,2025-02-05 00:50,2025-02-05 07:18
LAB728423,ENC111984,PT13628,WBC,White Blood Cell Count,10,K/uL,4.5,11,N,STAT,2025-02-05 00:14,2025-02-05 00:19,2025-02-05 02:19
LAB728424,ENC111984,PT13628,HGB,Hemoglobin,13.7,g/dL,12,17.5,N,Routine,2025-02-05 00:51,2025-02-05 01:00,2025-02-05 02:28
LAB728425,ENC111984,PT13628,NA,Sodium,140,mmol/L,136,145,N,Routine,2025-02-04 23:59,2025-02-05 00:32,2025-02-05 03:41
LAB728426,ENC111984,PT13628,K,Potassium,4.2,mmol/L,3.5,5.1,N,STAT,2025-02-05 00:35,2025-02-05 01:07,2025-02-05 01:44
LAB728427,ENC111985,PT10192,GLU,Glucose,89,mg/dL,70,99,N,Routine,2025-02-04 19:30,2025-02-04 20:01,2025-02-04 21:36
LAB728428,ENC111985,PT10192,CREAT,Creatinine,0.98,mg/dL,0.6,1.3,N,Routine,2025-02-04 19:49,2025-02-04 20:15,2025-02-04 23:08
LAB728429,ENC111985,PT10192,WBC,White Blood Cell Count,6.9,K/uL,4.5,11,N,STAT,2025-02-04 19:38,2025-02-04 20:03,2025-02-04 20:40
LAB728430,ENC111985,PT10192,HGB,Hemoglobin,15.3,g/dL,12,17.5,N,Routine,2025-02-04 20:01,2025-02-04 20:27,2025-02-04 23:55
LAB728431,ENC111985,PT10192,NA,Sodium,142,mmol/L,136,145,N,STAT,2025-02-04 19:42,2025-02-04 20:03,2025-02-04 20:49
LAB728432,ENC111985,PT10192,K,Potassium,3.9,mmol/L,3.5,5.1,N,STAT,2025-02-04 20:14,2025-02-04 20:21,2025-02-04 21:09
LAB728433,ENC111985,PT10192,TROP,"Troponin I, High Sensitivity",529,ng/L,0,34,H,STAT,2025-02-04 20:13,2025-02-04 20:30,2025-02-04 21:27
LAB728434,ENC111986,PT13981,GLU,Glucose,120,mg/dL,70,99,H,STAT,2025-02-04 20:01,2025-02-04 20:35,2025-02-04 21:23
LAB728435,ENC111986,PT13981,CREAT,Creatinine,0.79,mg/dL,0.6,1.3,N,STAT,2025-02-04 20:02,2025-02-04 20:29,2025-02-04 21:13
LAB728436,ENC111987,PT11008,GLU,Glucose,107,mg/dL,70,99,H,STAT,2025-02-04 21:11,2025-02-04 21:23,2025-02-04 21:58
LAB728437,ENC111987,PT11008,CREAT,Creatinine,0.88,mg/dL,0.6,1.3,N,Routine,2025-02-04 20:24,2025-02-04 20:47,2025-02-05 00:07
LAB728438,ENC111987,PT11008,WBC,White Blood Cell Count,9.2,K/uL,4.5,11,N,STAT,2025-02-04 20:41,2025-02-04 21:03,2025-02-04 21:59
LAB728439,ENC111987,PT11008,HGB,Hemoglobin,13.6,g/dL,12,17.5,N,STAT,2025-02-04 20:53,2025-02-04 21:03,2025-02-04 21:49
LAB728440,ENC111989,PT10858,GLU,Glucose,107,mg/dL,70,99,H,STAT,2025-02-05 01:23,2025-02-05 01:52,2025-02-05 03:16
LAB728441,ENC111989,PT10858,CREAT,Creatinine,0.6,mg/dL,0.6,1.3,N,Routine,2025-02-05 00:51,2025-02-05 01:14,2025-02-05 04:04
LAB728442,ENC111989,PT10858,WBC,White Blood Cell Count,1.1,K/uL,4.5,11,L,Routine,2025-02-05 01:32,2025-02-05 01:39,2025-02-05 06:24
LAB728443,ENC111989,PT10858,HGB,Hemoglobin,14.7,g/dL,12,17.5,N,STAT,2025-02-05 01:50,2025-02-05 02:14,2025-02-05 02:52
LAB728444,ENC111989,PT10858,NA,Sodium,141,mmol/L,136,145,N,STAT,2025-02-05 01:40,2025-02-05 01:48,2025-02-05 02:43
LAB728445,ENC111989,PT10858,K,Potassium,4.2,mmol/L,3.5,5.1,N,STAT,2025-02-05 01:35,2025-02-05 02:03,2025-02-05 03:02
LAB728446,ENC111990,PT12238,GLU,Glucose,132,mg/dL,70,99,H,STAT,2025-02-05 02:28,2025-02-05 02:43,2025-02-05 03:12
LAB728447,ENC111990,PT12238,CREAT,Creatinine,0.95,mg/dL,0.6,1.3,N,Routine,2025-02-05 02:02,2025-02-05 02:19,2025-02-05 04:48
LAB728448,ENC111990,PT12238,WBC,White Blood Cell Count,16.5,K/uL,4.5,11,H,STAT,2025-02-05 02:55,2025-02-05 03:14,2025-02-05 04:18
LAB728449,ENC111990,PT12238,HGB,Hemoglobin,15.9,g/dL,12,17.5,N,Routine,2025-02-05 02:58,2025-02-05 03:32,2025-02-05 05:18
LAB728450,ENC111992,PT12535,GLU,Glucose,239,mg/dL,70,99,H,Routine,2025-02-05 04:52,2025-02-05 05:15,2025-02-05 08:05
LAB728451,ENC111992,PT12535,CREAT,Creatinine,1.05,mg/dL,0.6,1.3,N,Routine,2025-02-05 03:50,2025-02-05 03:58,2025-02-05 08:23
LAB728452,ENC111992,PT12535,WBC,White Blood Cell Count,17.1,K/uL,4.5,11,H,STAT,2025-02-05 04:40,2025-02-05 05:08,2025-02-05 05:45
LAB728453,ENC111992,PT12535,HGB,Hemoglobin,15.7,g/dL,12,17.5,N,Routine,2025-02-05 04:05,2025-02-05 04:32,2025-02-05 08:05
LAB728454,ENC111992,PT12535,NA,Sodium,143,mmol/L,136,145,N,Routine,2025-02-05 04:14,2025-02-05 04:30,2025-02-05 10:11
LAB728455,ENC111992,PT12535,K,Potassium,5.1,mmol/L,3.5,5.1,N,STAT,2025-02-05 04:37,2025-02-05 05:04,2025-02-05 06:46
LAB728456,ENC111993,PT11530,TROP,"Troponin I, High Sensitivity",12,ng/L,0,34,N,STAT,2025-02-05 07:43,2025-02-05 08:15,2025-02-05 08:48
LAB728457,ENC111994,PT13265,GLU,Glucose,99,mg/dL,70,99,N,Routine,2025-02-05 11:37,2025-02-05 12:12,2025-02-05 14:33
LAB728458,ENC111994,PT13265,CREAT,Creatinine,1.16,mg/dL,0.6,1.3,N,STAT,2025-02-05 10:43,2025-02-05 10:58,2025-02-05 12:09
LAB728459,ENC111994,PT13265,WBC,White Blood Cell Count,4.5,K/uL,4.5,11,N,STAT,2025-02-05 11:05,2025-02-05 11:28,2025-02-05 12:35
LAB728460,ENC111994,PT13265,HGB,Hemoglobin,14.5,g/dL,12,17.5,N,Routine,2025-02-05 10:37,2025-02-05 10:48,2025-02-05 17:29
LAB728461,ENC111995,PT13471,GLU,Glucose,112,mg/dL,70,99,H,STAT,2025-02-05 07:53,2025-02-05 08:05,2025-02-05 08:59
LAB728462,ENC111995,PT13471,CREAT,Creatinine,0.24,mg/dL,0.6,1.3,L,Routine,2025-02-05 07:45,2025-02-05 08:09,2025-02-05 11:23
LAB728463,ENC111997,PT13525,LDL,LDL Cholesterol,161,mg/dL,0,99,H,Routine,2025-02-05 08:06,2025-02-05 08:35,2025-02-06 15:43
LAB728464,ENC111998,PT10471,GLU,Glucose,110,mg/dL,70,99,H,Routine,2025-02-05 09:00,2025-02-05 09:33,2025-02-05 12:35
LAB728465,ENC111998,PT10471,CREAT,Creatinine,0.92,mg/dL,0.6,1.3,N,Routine,2025-02-05 08:41,2025-02-05 09:13,2025-02-05 12:41
LAB728466,ENC111998,PT10471,WBC,White Blood Cell Count,17.2,K/uL,4.5,11,H,Routine,2025-02-05 09:25,2025-02-05 09:49,2025-02-05 13:01
LAB728467,ENC111998,PT10471,HGB,Hemoglobin,13.5,g/dL,12,17.5,N,STAT,2025-02-05 09:15,2025-02-05 09:30,2025-02-05 10:16
LAB728468,ENC112003,PT10560,GLU,Glucose,171,mg/dL,70,99,H,STAT,2025-02-05 11:02,2025-02-05 11:32,2025-02-05 11:55
LAB728469,ENC112003,PT10560,CREAT,Creatinine,1.03,mg/dL,0.6,1.3,N,Routine,2025-02-05 11:50,2025-02-05 12:23,2025-02-05 16:42
LAB728470,ENC112003,PT10560,WBC,White Blood Cell Count,8.6,K/uL,4.5,11,N,STAT,2025-02-05 11:19,2025-02-05 11:50,2025-02-05 12:33
LAB728471,ENC112003,PT10560,HGB,Hemoglobin,13.9,g/dL,12,17.5,N,STAT,2025-02-05 10:50,2025-02-05 10:57,2025-02-05 12:17
LAB728472,ENC112003,PT10560,TROP,"Troponin I, High Sensitivity",274,ng/L,0,34,H,STAT,2025-02-05 11:08,2025-02-05 11:16,2025-02-05 11:48
LAB728473,ENC112006,PT11472,GLU,Glucose,97,mg/dL,70,99,N,Routine,2025-02-05 12:20,2025-02-05 12:53,2025-02-05 17:31
LAB728474,ENC112006,PT11472,CREAT,Creatinine,0.76,mg/dL,0.6,1.3,N,STAT,2025-02-05 12:24,2025-02-05 12:49,2025-02-05 13:45
LAB728475,ENC112006,PT11472,WBC,White Blood Cell Count,5.8,K/uL,4.5,11,N,STAT,2025-02-05 12:47,2025-02-05 13:10,2025-02-05 13:34
LAB728476,ENC112006,PT11472,HGB,Hemoglobin,16.2,g/dL,12,17.5,N,STAT,2025-02-05 12:53,2025-02-05 13:28,2025-02-05 14:02
LAB728477,ENC112007,PT10475,A1C,Hemoglobin A1c,7.5,%,4,5.6,H,Routine,2025-02-05 12:22,2025-02-05 12:41,2025-02-05 19:54
LAB728478,ENC112009,PT13115,LDL,LDL Cholesterol,165,mg/dL,0,99,H,Routine,2025-02-05 13:45,2025-02-05 13:56,2025-02-06 10:04
LAB728479,ENC112013,PT11856,WBC,White Blood Cell Count,6.5,K/uL,4.5,11,N,Routine,2025-02-05 14:22,2025-02-05 14:52,2025-02-05 16:49
LAB728480,ENC112013,PT11856,HGB,Hemoglobin,8.6,g/dL,12,17.5,L,Routine,2025-02-05 14:10,2025-02-05 14:21,2025-02-05 18:32
LAB728481,ENC112013,PT11856,PLT,Platelet Count,301,K/uL,150,400,N,Routine,2025-02-05 14:08,2025-02-05 14:42,2025-02-05 17:32
LAB728482,ENC112014,PT11637,GLU,Glucose,79,mg/dL,70,99,N,STAT,2025-02-05 14:50,2025-02-05 14:59,2025-02-05 16:15
LAB728483,ENC112014,PT11637,CREAT,Creatinine,0.78,mg/dL,0.6,1.3,N,STAT,2025-02-05 14:56,2025-02-05 15:14,2025-02-05 16:35
LAB728484,ENC112018,PT11138,WBC,White Blood Cell Count,9.7,K/uL,4.5,11,N,Routine,2025-02-05 14:44,2025-02-05 15:06,2025-02-05 18:14
LAB728485,ENC112018,PT11138,HGB,Hemoglobin,12,g/dL,12,17.5,N,Routine,2025-02-05 14:55,2025-02-05 15:27,2025-02-05 19:35
LAB728486,ENC112018,PT11138,PLT,Platelet Count,209,K/uL,150,400,N,Routine,2025-02-05 14:59,2025-02-05 15:10,2025-02-05 17:43
LAB728487,ENC112021,PT11927,GLU,Glucose,102,mg/dL,70,99,H,STAT,2025-02-05 19:36,2025-02-05 19:57,2025-02-05 20:42
LAB728488,ENC112021,PT11927,CREAT,Creatinine,1.18,mg/dL,0.6,1.3,N,Routine,2025-02-05 19:11,2025-02-05 19:18,2025-02-05 21:56
LAB728489,ENC112021,PT11927,WBC,White Blood Cell Count,8.6,K/uL,4.5,11,N,STAT,2025-02-05 19:11,2025-02-05 19:15,2025-02-05 19:50
LAB728490,ENC112021,PT11927,HGB,Hemoglobin,16.7,g/dL,12,17.5,N,STAT,2025-02-05 19:13,2025-02-05 19:39,2025-02-05 20:05
LAB728491,ENC112021,PT11927,TROP,"Troponin I, High Sensitivity",3,ng/L,0,34,N,STAT,2025-02-05 20:01,2025-02-05 20:10,2025-02-05 20:59
LAB728492,ENC112024,PT11330,GLU,Glucose,138,mg/dL,70,99,H,STAT,2025-02-05 20:40,2025-02-05 21:05,2025-02-05 21:29
LAB728493,ENC112024,PT11330,CREAT,Creatinine,0.93,mg/dL,0.6,1.3,N,Routine,2025-02-05 20:13,2025-02-05 20:28,2025-02-05 21:32
LAB728494,ENC112024,PT11330,WBC,White Blood Cell Count,9,K/uL,4.5,11,N,Routine,2025-02-05 20:55,2025-02-05 21:26,2025-02-05 23:48
LAB728495,ENC112024,PT11330,HGB,Hemoglobin,14.8,g/dL,12,17.5,N,Routine,2025-02-05 20:41,2025-02-05 20:48,2025-02-05 23:46
LAB728496,ENC112025,PT11481,GLU,Glucose,186,mg/dL,70,99,H,Routine,2025-02-05 21:25,2025-02-05 21:42,2025-02-06 01:48
LAB728497,ENC112025,PT11481,CREAT,Creatinine,0.79,mg/dL,0.6,1.3,N,STAT,2025-02-05 21:31,2025-02-05 22:00,2025-02-05 23:07
LAB728498,ENC112025,PT11481,WBC,White Blood Cell Count,8,K/uL,4.5,11,N,Routine,2025-02-05 22:04,2025-02-05 22:26,2025-02-06 00:07
LAB728499,ENC112025,PT11481,HGB,Hemoglobin,14.2,g/dL,12,17.5,N,STAT,2025-02-05 22:22,2025-02-05 22:49,2025-02-05 23:13
LAB728500,ENC112026,PT13917,GLU,Glucose,88,mg/dL,70,99,N,STAT,2025-02-06 00:05,2025-02-06 00:20,2025-02-06 01:21
LAB728501,ENC112026,PT13917,CREAT,Creatinine,1.14,mg/dL,0.6,1.3,N,STAT,2025-02-05 23:53,2025-02-06 00:27,2025-02-06 00:52
LAB728502,ENC112026,PT13917,WBC,White Blood Cell Count,14.5,K/uL,4.5,11,H,Routine,2025-02-06 00:19,2025-02-06 00:41,2025-02-06 03:49
LAB728503,ENC112026,PT13917,HGB,Hemoglobin,15,g/dL,12,17.5,N,STAT,2025-02-05 23:20,2025-02-05 23:53,2025-02-06 00:45
LAB728504,ENC112029,PT11056,GLU,Glucose,90,mg/dL,70,99,N,STAT,2025-02-06 00:16,2025-02-06 00:48,2025-02-06 02:23
LAB728505,ENC112029,PT11056,CREAT,Creatinine,0.44,mg/dL,0.6,1.3,L,Routine,2025-02-05 23:38,2025-02-06 00:03,2025-02-06 01:03
LAB728506,ENC112029,PT11056,WBC,White Blood Cell Count,10.8,K/uL,4.5,11,N,STAT,2025-02-06 00:09,2025-02-06 00:18,2025-02-06 00:52
LAB728507,ENC112029,PT11056,HGB,Hemoglobin,14.5,g/dL,12,17.5,N,Routine,2025-02-06 00:37,2025-02-06 00:46,2025-02-06 04:51
LAB728508,ENC112030,PT11325,GLU,Glucose,144,mg/dL,70,99,H,Routine,2025-02-06 02:08,2025-02-06 02:37,2025-02-06 05:06
LAB728509,ENC112030,PT11325,CREAT,Creatinine,0.68,mg/dL,0.6,1.3,N,STAT,2025-02-06 02:16,2025-02-06 02:47,2025-02-06 03:42
LAB728510,ENC112030,PT11325,WBC,White Blood Cell Count,7.6,K/uL,4.5,11,N,Routine,2025-02-06 01:58,2025-02-06 02:11,2025-02-06 04:25
LAB728511,ENC112030,PT11325,HGB,Hemoglobin,16.1,g/dL,12,17.5,N,Routine,2025-02-06 02:58,2025-02-06 03:27,2025-02-06 05:31
LAB728512,ENC112031,PT12972,GLU,Glucose,76,mg/dL,70,99,N,STAT,2025-02-06 02:55,2025-02-06 03:19,2025-02-06 03:48
LAB728513,ENC112031,PT12972,CREAT,Creatinine,1.26,mg/dL,0.6,1.3,N,Routine,2025-02-06 02:33,2025-02-06 02:44,2025-02-06 04:36
LAB728514,ENC112031,PT12972,WBC,White Blood Cell Count,19.8,K/uL,4.5,11,H,Routine,2025-02-06 02:34,2025-02-06 02:57,2025-02-06 06:46
LAB728515,ENC112031,PT12972,HGB,Hemoglobin,14.6,g/dL,12,17.5,N,Routine,2025-02-06 02:51,2025-02-06 03:20,2025-02-06 06:25
LAB728516,ENC112031,PT12972,BUN,Blood Urea Nitrogen,20,mg/dL,7,20,N,Routine,2025-02-06 02:31,2025-02-06 02:40,2025-02-06 06:36
LAB728517,ENC112031,PT12972,PLT,Platelet Count,277,K/uL,150,400,N,STAT,2025-02-06 02:07,2025-02-06 02:41,2025-02-06 03:26
LAB728518,ENC112031,PT12972,LACT,Lactate,1.4,mmol/L,0.5,2,N,STAT,2025-02-06 02:28,2025-02-06 02:33,2025-02-06 03:19
LAB728519,ENC112033,PT10592,GLU,Glucose,221,mg/dL,70,99,H,STAT,2025-02-06 02:57,2025-02-06 03:02,2025-02-06 04:08
LAB728520,ENC112033,PT10592,CREAT,Creatinine,0.98,mg/dL,0.6,1.3,N,STAT,2025-02-06 02:42,2025-02-06 02:52,2025-02-06 03:46
LAB728521,ENC112033,PT10592,WBC,White Blood Cell Count,6.5,K/uL,4.5,11,N,Routine,2025-02-06 02:26,2025-02-06 02:48,2025-02-06 04:12
LAB728522,ENC112033,PT10592,HGB,Hemoglobin,12.8,g/dL,12,17.5,N,Routine,2025-02-06 02:30,2025-02-06 02:47,2025-02-06 06:19
LAB728523,ENC112034,PT13213,GLU,Glucose,115,mg/dL,70,99,H,Routine,2025-02-06 04:46,2025-02-06 05:17,2025-02-06 07:28
LAB728524,ENC112034,PT13213,CREAT,Creatinine,0.81,mg/dL,0.6,1.3,N,Routine,2025-02-06 04:38,2025-02-06 04:59,2025-02-06 08:29
LAB728525,ENC112034,PT13213,WBC,White Blood Cell Count,14.1,K/uL,4.5,11,H,STAT,2025-02-06 05:29,2025-02-06 05:35,2025-02-06 06:17
LAB728526,ENC112034,PT13213,HGB,Hemoglobin,12.7,g/dL,12,17.5,N,Routine,2025-02-06 05:44,2025-02-06 05:59,2025-02-06 08:24
LAB728527,ENC112035,PT11003,GLU,Glucose,102,mg/dL,70,99,H,Routine,2025-02-06 06:22,2025-02-06 06:32,2025-02-06 09:03
LAB728528,ENC112035,PT11003,CREAT,Creatinine,0.62,mg/dL,0.6,1.3,N,Routine,2025-02-06 06:53,2025-02-06 07:09,2025-02-06 12:07
LAB728529,ENC112036,PT12401,GLU,Glucose,152,mg/dL,70,99,H,Routine,2025-02-06 06:14,2025-02-06 06:41,2025-02-06 08:33
LAB728530,ENC112036,PT12401,CREAT,Creatinine,1.13,mg/dL,0.6,1.3,N,STAT,2025-02-06 07:01,2025-02-06 07:18,2025-02-06 08:53
LAB728531,ENC112036,PT12401,WBC,White Blood Cell Count,7.9,K/uL,4.5,11,N,Routine,2025-02-06 06:20,2025-02-06 06:37,2025-02-06 12:01
LAB728532,ENC112036,PT12401,HGB,Hemoglobin,14.9,g/dL,12,17.5,N,STAT,2025-02-06 06:27,2025-02-06 06:32,2025-02-06 08:36
LAB728533,ENC112037,PT10679,GLU,Glucose,224,mg/dL,70,99,H,STAT,2025-02-06 06:40,2025-02-06 06:58,2025-02-06 07:28
LAB728534,ENC112037,PT10679,CREAT,Creatinine,1.11,mg/dL,0.6,1.3,N,Routine,2025-02-06 06:27,2025-02-06 06:36,2025-02-06 09:04
LAB728535,ENC112037,PT10679,WBC,White Blood Cell Count,9.5,K/uL,4.5,11,N,Routine,2025-02-06 07:34,2025-02-06 07:48,2025-02-06 09:03
LAB728536,ENC112037,PT10679,HGB,Hemoglobin,12.8,g/dL,12,17.5,N,STAT,2025-02-06 06:44,2025-02-06 07:08,2025-02-06 08:00
LAB728537,ENC112037,PT10679,NA,Sodium,142,mmol/L,136,145,N,Routine,2025-02-06 07:07,2025-02-06 07:29,2025-02-06 11:46
LAB728538,ENC112037,PT10679,K,Potassium,4.5,mmol/L,3.5,5.1,N,STAT,2025-02-06 07:19,2025-02-06 07:52,2025-02-06 08:18
LAB728539,ENC112038,PT13761,GLU,Glucose,123,mg/dL,70,99,H,STAT,2025-02-06 09:53,2025-02-06 10:00,2025-02-06 10:36
LAB728540,ENC112038,PT13761,CREAT,Creatinine,1.02,mg/dL,0.6,1.3,N,Routine,2025-02-06 10:58,2025-02-06 11:16,2025-02-06 13:08
LAB728541,ENC112038,PT13761,WBC,White Blood Cell Count,4.6,K/uL,4.5,11,N,STAT,2025-02-06 10:55,2025-02-06 11:30,2025-02-06 12:29
LAB728542,ENC112038,PT13761,HGB,Hemoglobin,14,g/dL,12,17.5,N,STAT,2025-02-06 09:52,2025-02-06 10:24,2025-02-06 10:51
LAB728543,ENC112038,PT13761,NA,Sodium,142,mmol/L,136,145,N,Routine,2025-02-06 10:04,2025-02-06 10:23,2025-02-06 13:54
LAB728544,ENC112038,PT13761,K,Potassium,4,mmol/L,3.5,5.1,N,STAT,2025-02-06 09:50,2025-02-06 10:23,2025-02-06 10:59
LAB728545,ENC112039,PT12292,GLU,Glucose,86,mg/dL,70,99,N,STAT,2025-02-06 11:55,2025-02-06 12:28,2025-02-06 12:53
LAB728546,ENC112039,PT12292,CREAT,Creatinine,0.65,mg/dL,0.6,1.3,N,STAT,2025-02-06 12:23,2025-02-06 12:53,2025-02-06 13:46
LAB728547,ENC112039,PT12292,WBC,White Blood Cell Count,6.4,K/uL,4.5,11,N,STAT,2025-02-06 12:59,2025-02-06 13:21,2025-02-06 14:09
LAB728548,ENC112039,PT12292,HGB,Hemoglobin,14.1,g/dL,12,17.5,N,STAT,2025-02-06 12:23,2025-02-06 12:37,2025-02-06 12:57
LAB728549,ENC112039,PT12292,NA,Sodium,137,mmol/L,136,145,N,STAT,2025-02-06 12:36,2025-02-06 12:58,2025-02-06 14:20
LAB728550,ENC112039,PT12292,K,Potassium,4.6,mmol/L,3.5,5.1,N,STAT,2025-02-06 12:32,2025-02-06 12:59,2025-02-06 14:30
LAB728551,ENC112039,PT12292,INR,Prothrombin Time INR,1.1,ratio,0.8,1.2,N,Routine,2025-02-06 12:26,2025-02-06 12:50,2025-02-06 16:01
LAB728552,ENC112040,PT10455,GLU,Glucose,88,mg/dL,70,99,N,STAT,2025-02-06 12:13,2025-02-06 12:38,2025-02-06 13:33
LAB728553,ENC112040,PT10455,CREAT,Creatinine,0.84,mg/dL,0.6,1.3,N,Routine,2025-02-06 12:41,2025-02-06 13:14,2025-02-06 18:20
LAB728554,ENC112040,PT10455,WBC,White Blood Cell Count,16.4,K/uL,4.5,11,H,STAT,2025-02-06 13:02,2025-02-06 13:22,2025-02-06 14:08
LAB728555,ENC112040,PT10455,HGB,Hemoglobin,12.3,g/dL,12,17.5,N,STAT,2025-02-06 13:04,2025-02-06 13:26,2025-02-06 13:55
LAB728556,ENC112040,PT10455,BUN,Blood Urea Nitrogen,16,mg/dL,7,20,N,STAT,2025-02-06 12:04,2025-02-06 12:28,2025-02-06 13:08
LAB728557,ENC112040,PT10455,PLT,Platelet Count,275,K/uL,150,400,N,Routine,2025-02-06 12:09,2025-02-06 12:25,2025-02-06 16:37
LAB728558,ENC112041,PT11199,LDL,LDL Cholesterol,144,mg/dL,0,99,H,Routine,2025-02-06 08:34,2025-02-06 08:55,2025-02-06 17:54
LAB728559,ENC112043,PT10644,GLU,Glucose,177,mg/dL,70,99,H,Routine,2025-02-06 13:27,2025-02-06 13:51,2025-02-06 16:07
LAB728560,ENC112043,PT10644,CREAT,Creatinine,1.36,mg/dL,0.6,1.3,H,Routine,2025-02-06 13:06,2025-02-06 13:22,2025-02-06 18:49
LAB728561,ENC112043,PT10644,WBC,White Blood Cell Count,7.5,K/uL,4.5,11,N,STAT,2025-02-06 13:30,2025-02-06 13:53,2025-02-06 14:33
LAB728562,ENC112043,PT10644,HGB,Hemoglobin,12.5,g/dL,12,17.5,N,Routine,2025-02-06 12:53,2025-02-06 13:07,2025-02-06 14:44
LAB728563,ENC112043,PT10644,NA,Sodium,133,mmol/L,136,145,L,STAT,2025-02-06 12:53,2025-02-06 13:05,2025-02-06 14:30
LAB728564,ENC112043,PT10644,K,Potassium,4,mmol/L,3.5,5.1,N,STAT,2025-02-06 12:58,2025-02-06 13:09,2025-02-06 14:06
LAB728565,ENC112043,PT10644,TROP,"Troponin I, High Sensitivity",32,ng/L,0,34,N,STAT,2025-02-06 13:03,2025-02-06 13:32,2025-02-06 14:25
LAB728566,ENC112043,PT10644,BNP,B-Type Natriuretic Peptide,1503,pg/mL,0,100,H,Routine,2025-02-06 13:22,2025-02-06 13:34,2025-02-06 15:19
LAB728567,ENC112044,PT12695,WBC,White Blood Cell Count,6.6,K/uL,4.5,11,N,Routine,2025-02-06 09:35,2025-02-06 10:07,2025-02-06 12:47
LAB728568,ENC112044,PT12695,HGB,Hemoglobin,13.4,g/dL,12,17.5,N,Routine,2025-02-06 09:23,2025-02-06 09:45,2025-02-06 12:23
LAB728569,ENC112044,PT12695,PLT,Platelet Count,184,K/uL,150,400,N,Routine,2025-02-06 09:33,2025-02-06 09:39,2025-02-06 13:08
LAB728570,ENC112045,PT13538,GLU,Glucose,118,mg/dL,70,99,H,STAT,2025-02-06 10:14,2025-02-06 10:30,2025-02-06 11:50
LAB728571,ENC112045,PT13538,CREAT,Creatinine,0.72,mg/dL,0.6,1.3,N,Routine,2025-02-06 09:47,2025-02-06 10:20,2025-02-06 11:49
LAB728572,ENC112045,PT13538,WBC,White Blood Cell Count,8.7,K/uL,4.5,11,N,Routine,2025-02-06 10:15,2025-02-06 10:31,2025-02-06 11:11
LAB728573,ENC112045,PT13538,HGB,Hemoglobin,13.2,g/dL,12,17.5,N,Routine,2025-02-06 10:26,2025-02-06 10:49,2025-02-06 19:45
LAB728574,ENC112045,PT13538,NA,Sodium,141,mmol/L,136,145,N,STAT,2025-02-06 09:59,2025-02-06 10:19,2025-02-06 11:12
LAB728575,ENC112045,PT13538,K,Potassium,4.3,mmol/L,3.5,5.1,N,STAT,2025-02-06 10:06,2025-02-06 10:40,2025-02-06 11:00
LAB728576,ENC112045,PT13538,BUN,Blood Urea Nitrogen,13,mg/dL,7,20,N,STAT,2025-02-06 09:47,2025-02-06 10:11,2025-02-06 11:17
LAB728577,ENC112045,PT13538,PLT,Platelet Count,207,K/uL,150,400,N,STAT,2025-02-06 09:52,2025-02-06 10:07,2025-02-06 10:41
LAB728578,ENC112045,PT13538,INR,Prothrombin Time INR,1.2,ratio,0.8,1.2,N,STAT,2025-02-06 09:39,2025-02-06 09:51,2025-02-06 10:28
LAB728579,ENC112046,PT10894,GLU,Glucose,110,mg/dL,70,99,H,STAT,2025-02-06 14:16,2025-02-06 14:30,2025-02-06 14:55
LAB728580,ENC112046,PT10894,CREAT,Creatinine,0.84,mg/dL,0.6,1.3,N,STAT,2025-02-06 14:20,2025-02-06 14:32,2025-02-06 15:06
LAB728581,ENC112046,PT10894,WBC,White Blood Cell Count,2.8,K/uL,4.5,11,L,Routine,2025-02-06 13:31,2025-02-06 13:50,2025-02-06 17:33
LAB728582,ENC112046,PT10894,HGB,Hemoglobin,12.6,g/dL,12,17.5,N,STAT,2025-02-06 14:21,2025-02-06 14:31,2025-02-06 15:15
LAB728583,ENC112056,PT10778,GLU,Glucose,101,mg/dL,70,99,H,Routine,2025-02-06 12:03,2025-02-06 12:38,2025-02-06 17:04
LAB728584,ENC112056,PT10778,CREAT,Creatinine,0.81,mg/dL,0.6,1.3,N,Routine,2025-02-06 12:47,2025-02-06 12:57,2025-02-06 15:00
LAB728585,ENC112056,PT10778,WBC,White Blood Cell Count,9.3,K/uL,4.5,11,N,STAT,2025-02-06 12:13,2025-02-06 12:24,2025-02-06 13:39
LAB728586,ENC112056,PT10778,HGB,Hemoglobin,13.4,g/dL,12,17.5,N,Routine,2025-02-06 12:24,2025-02-06 12:32,2025-02-06 15:20
LAB728587,ENC112056,PT10778,BUN,Blood Urea Nitrogen,19,mg/dL,7,20,N,STAT,2025-02-06 12:50,2025-02-06 13:12,2025-02-06 13:59
LAB728588,ENC112056,PT10778,PLT,Platelet Count,253,K/uL,150,400,N,STAT,2025-02-06 12:52,2025-02-06 13:08,2025-02-06 13:55
LAB728589,ENC112057,PT10480,GLU,Glucose,131,mg/dL,70,99,H,STAT,2025-02-06 12:49,2025-02-06 13:03,2025-02-06 14:17
LAB728590,ENC112057,PT10480,CREAT,Creatinine,0.5,mg/dL,0.6,1.3,L,Routine,2025-02-06 13:27,2025-02-06 13:47,2025-02-06 14:53
LAB728591,ENC112057,PT10480,WBC,White Blood Cell Count,7.1,K/uL,4.5,11,N,STAT,2025-02-06 13:23,2025-02-06 13:29,2025-02-06 14:04
LAB728592,ENC112059,PT12478,GLU,Glucose,104,mg/dL,70,99,H,Routine,2025-02-06 13:27,2025-02-06 14:00,2025-02-06 16:20
LAB728593,ENC112059,PT12478,CREAT,Creatinine,0.82,mg/dL,0.6,1.3,N,STAT,2025-02-06 13:01,2025-02-06 13:06,2025-02-06 13:39
LAB728594,ENC112060,PT12703,GLU,Glucose,107,mg/dL,70,99,H,STAT,2025-02-06 18:38,2025-02-06 19:07,2025-02-06 20:05
LAB728595,ENC112060,PT12703,CREAT,Creatinine,2.03,mg/dL,0.6,1.3,H,STAT,2025-02-06 18:49,2025-02-06 19:10,2025-02-06 20:06
LAB728596,ENC112060,PT12703,WBC,White Blood Cell Count,7.8,K/uL,4.5,11,N,Routine,2025-02-06 18:23,2025-02-06 18:46,2025-02-06 20:36
LAB728597,ENC112060,PT12703,HGB,Hemoglobin,8.8,g/dL,12,17.5,L,STAT,2025-02-06 18:26,2025-02-06 18:32,2025-02-06 18:59
LAB728598,ENC112063,PT12144,GLU,Glucose,72,mg/dL,70,99,N,Routine,2025-02-06 13:54,2025-02-06 14:21,2025-02-06 18:12
LAB728599,ENC112063,PT12144,CREAT,Creatinine,1.89,mg/dL,0.6,1.3,H,Routine,2025-02-06 13:39,2025-02-06 13:54,2025-02-06 15:17
LAB728600,ENC112063,PT12144,WBC,White Blood Cell Count,8.1,K/uL,4.5,11,N,STAT,2025-02-06 13:45,2025-02-06 13:57,2025-02-06 14:57
LAB728601,ENC112063,PT12144,HGB,Hemoglobin,11.1,g/dL,12,17.5,L,STAT,2025-02-06 14:33,2025-02-06 15:04,2025-02-06 16:44
LAB728602,ENC112063,PT12144,NA,Sodium,118,mmol/L,136,145,LL,Routine,2025-02-06 13:35,2025-02-06 13:39,2025-02-06 18:01
LAB728603,ENC112063,PT12144,K,Potassium,4.2,mmol/L,3.5,5.1,N,STAT,2025-02-06 13:58,2025-02-06 14:10,2025-02-06 15:38
LAB728604,ENC112064,PT11322,GLU,Glucose,104,mg/dL,70,99,H,Routine,2025-02-06 17:40,2025-02-06 17:54,2025-02-06 18:39
LAB728605,ENC112064,PT11322,CREAT,Creatinine,1.05,mg/dL,0.6,1.3,N,STAT,2025-02-06 18:24,2025-02-06 18:48,2025-02-06 19:18
LAB728606,ENC112064,PT11322,WBC,White Blood Cell Count,4,K/uL,4.5,11,L,Routine,2025-02-06 18:01,2025-02-06 18:16,2025-02-06 22:44
LAB728607,ENC112064,PT11322,HGB,Hemoglobin,14,g/dL,12,17.5,N,Routine,2025-02-06 18:11,2025-02-06 18:30,2025-02-07 00:01
LAB728608,ENC112064,PT11322,TROP,"Troponin I, High Sensitivity",175,ng/L,0,34,H,STAT,2025-02-06 18:01,2025-02-06 18:14,2025-02-06 19:34
LAB728609,ENC112065,PT13780,LDL,LDL Cholesterol,148,mg/dL,0,99,H,Routine,2025-02-06 14:19,2025-02-06 14:47,2025-02-07 07:38
LAB728610,ENC112065,PT13780,TSH,Thyroid Stimulating Hormone,1.85,mIU/L,0.4,4,N,Routine,2025-02-06 14:17,2025-02-06 14:36,2025-02-06 22:32
LAB728611,ENC112067,PT13810,GLU,Glucose,215,mg/dL,70,99,H,STAT,2025-02-06 17:38,2025-02-06 17:44,2025-02-06 18:50
LAB728612,ENC112067,PT13810,CREAT,Creatinine,0.64,mg/dL,0.6,1.3,N,Routine,2025-02-06 17:47,2025-02-06 17:52,2025-02-06 20:48
LAB728613,ENC112067,PT13810,WBC,White Blood Cell Count,15.8,K/uL,4.5,11,H,Routine,2025-02-06 17:39,2025-02-06 18:12,2025-02-06 21:32
LAB728614,ENC112067,PT13810,HGB,Hemoglobin,12.9,g/dL,12,17.5,N,Routine,2025-02-06 17:48,2025-02-06 17:58,2025-02-06 20:47
LAB728615,ENC112067,PT13810,NA,Sodium,137,mmol/L,136,145,N,Routine,2025-02-06 17:06,2025-02-06 17:14,2025-02-06 20:09
LAB728616,ENC112067,PT13810,K,Potassium,4.2,mmol/L,3.5,5.1,N,STAT,2025-02-06 17:53,2025-02-06 18:06,2025-02-06 18:52
LAB728617,ENC112067,PT13810,BUN,Blood Urea Nitrogen,16,mg/dL,7,20,N,Routine,2025-02-06 17:32,2025-02-06 17:37,2025-02-06 20:48
LAB728618,ENC112067,PT13810,PLT,Platelet Count,197,K/uL,150,400,N,STAT,2025-02-06 16:49,2025-02-06 17:00,2025-02-06 17:58
LAB728619,ENC112067,PT13810,LACT,Lactate,4.1,mmol/L,0.5,2,HH,STAT,2025-02-06 16:44,2025-02-06 16:54,2025-02-06 17:44
LAB728620,ENC112068,PT10652,GLU,Glucose,103,mg/dL,70,99,H,STAT,2025-02-06 21:20,2025-02-06 21:36,2025-02-06 22:34
LAB728621,ENC112068,PT10652,CREAT,Creatinine,0.42,mg/dL,0.6,1.3,L,STAT,2025-02-06 21:59,2025-02-06 22:06,2025-02-06 22:27
LAB728622,ENC112068,PT10652,WBC,White Blood Cell Count,10.1,K/uL,4.5,11,N,Routine,2025-02-06 21:52,2025-02-06 22:12,2025-02-07 01:08
LAB728623,ENC112068,PT10652,HGB,Hemoglobin,13,g/dL,12,17.5,N,Routine,2025-02-06 22:00,2025-02-06 22:28,2025-02-07 01:45
LAB728624,ENC112069,PT12925,GLU,Glucose,113,mg/dL,70,99,H,Routine,2025-02-06 19:44,2025-02-06 20:13,2025-02-06 22:58
LAB728625,ENC112069,PT12925,CREAT,Creatinine,0.74,mg/dL,0.6,1.3,N,Routine,2025-02-06 19:28,2025-02-06 19:52,2025-02-06 22:23
LAB728626,ENC112069,PT12925,WBC,White Blood Cell Count,9.4,K/uL,4.5,11,N,Routine,2025-02-06 19:22,2025-02-06 19:27,2025-02-06 21:01
LAB728627,ENC112069,PT12925,HGB,Hemoglobin,8.5,g/dL,12,17.5,L,STAT,2025-02-06 19:42,2025-02-06 20:02,2025-02-06 21:40
LAB728628,ENC112069,PT12925,NA,Sodium,141,mmol/L,136,145,N,Routine,2025-02-06 18:49,2025-02-06 18:59,2025-02-06 21:30
LAB728629,ENC112069,PT12925,K,Potassium,3.6,mmol/L,3.5,5.1,N,STAT,2025-02-06 19:32,2025-02-06 19:56,2025-02-06 21:05
LAB728630,ENC112069,PT12925,LACT,Lactate,2.3,mmol/L,0.5,2,H,STAT,2025-02-06 19:29,2025-02-06 19:57,2025-02-06 20:48
LAB728631,ENC112069,PT12925,INR,Prothrombin Time INR,1,ratio,0.8,1.2,N,STAT,2025-02-06 19:30,2025-02-06 19:50,2025-02-06 20:24
LAB728632,ENC112073,PT13669,GLU,Glucose,115,mg/dL,70,99,H,Routine,2025-02-06 20:21,2025-02-06 20:51,2025-02-06 23:40
LAB728633,ENC112073,PT13669,CREAT,Creatinine,2.42,mg/dL,0.6,1.3,H,STAT,2025-02-06 21:02,2025-02-06 21:26,2025-02-06 21:54
LAB728634,ENC112073,PT13669,WBC,White Blood Cell Count,16.1,K/uL,4.5,11,H,STAT,2025-02-06 20:59,2025-02-06 21:34,2025-02-06 22:21
LAB728635,ENC112073,PT13669,HGB,Hemoglobin,12.1,g/dL,12,17.5,N,Routine,2025-02-06 20:12,2025-02-06 20:44,2025-02-06 23:16
LAB728636,ENC112073,PT13669,LACT,Lactate,2.4,mmol/L,0.5,2,H,STAT,2025-02-06 21:10,2025-02-06 21:44,2025-02-06 22:54
LAB728637,ENC112076,PT10618,GLU,Glucose,80,mg/dL,70,99,N,STAT,2025-02-06 17:45,2025-02-06 18:01,2025-02-06 19:20
LAB728638,ENC112076,PT10618,CREAT,Creatinine,2.2,mg/dL,0.6,1.3,H,Routine,2025-02-06 18:00,2025-02-06 18:14,2025-02-06 20:09
LAB728639,ENC112076,PT10618,WBC,White Blood Cell Count,8.7,K/uL,4.5,11,N,STAT,2025-02-06 18:08,2025-02-06 18:23,2025-02-06 19:25
LAB728640,ENC112076,PT10618,HGB,Hemoglobin,10.2,g/dL,12,17.5,L,STAT,2025-02-06 17:26,2025-02-06 17:53,2025-02-06 18:41
LAB728641,ENC112076,PT10618,NA,Sodium,143,mmol/L,136,145,N,STAT,2025-02-06 18:11,2025-02-06 18:40,2025-02-06 19:15
LAB728642,ENC112076,PT10618,K,Potassium,6.2,mmol/L,3.5,5.1,H,STAT,2025-02-06 17:53,2025-02-06 18:16,2025-02-06 18:41
LAB728643,ENC112077,PT12280,GLU,Glucose,198,mg/dL,70,99,H,STAT,2025-02-06 19:18,2025-02-06 19:41,2025-02-06 20:34
LAB728644,ENC112077,PT12280,CREAT,Creatinine,1.17,mg/dL,0.6,1.3,N,STAT,2025-02-06 18:51,2025-02-06 19:16,2025-02-06 19:57
LAB728645,ENC112077,PT12280,WBC,White Blood Cell Count,8.2,K/uL,4.5,11,N,STAT,2025-02-06 19:10,2025-02-06 19:42,2025-02-06 20:40
LAB728646,ENC112077,PT12280,HGB,Hemoglobin,13.4,g/dL,12,17.5,N,Routine,2025-02-06 19:06,2025-02-06 19:24,2025-02-07 02:21
LAB728647,ENC112078,PT10136,GLU,Glucose,114,mg/dL,70,99,H,STAT,2025-02-06 20:05,2025-02-06 20:12,2025-02-06 20:39
LAB728648,ENC112078,PT10136,CREAT,Creatinine,1.1,mg/dL,0.6,1.3,N,Routine,2025-02-06 19:50,2025-02-06 20:22,2025-02-07 00:07
LAB728649,ENC112078,PT10136,WBC,White Blood Cell Count,8,K/uL,4.5,11,N,STAT,2025-02-06 20:10,2025-02-06 20:18,2025-02-06 21:02
LAB728650,ENC112078,PT10136,HGB,Hemoglobin,13.5,g/dL,12,17.5,N,Routine,2025-02-06 20:17,2025-02-06 20:25,2025-02-07 01:07
LAB728651,ENC112078,PT10136,TROP,"Troponin I, High Sensitivity",9,ng/L,0,34,N,STAT,2025-02-06 19:56,2025-02-06 20:28,2025-02-06 21:20
LAB728652,ENC112079,PT10328,GLU,Glucose,198,mg/dL,70,99,H,STAT,2025-02-06 22:57,2025-02-06 23:29,2025-02-07 00:33
LAB728653,ENC112079,PT10328,CREAT,Creatinine,1.24,mg/dL,0.6,1.3,N,STAT,2025-02-06 22:42,2025-02-06 23:00,2025-02-07 00:02
LAB728654,ENC112079,PT10328,WBC,White Blood Cell Count,6.9,K/uL,4.5,11,N,STAT,2025-02-06 22:49,2025-02-06 23:00,2025-02-06 23:38
LAB728655,ENC112079,PT10328,HGB,Hemoglobin,13.2,g/dL,12,17.5,N,STAT,2025-02-06 22:55,2025-02-06 23:21,2025-02-07 01:21
LAB728656,ENC112079,PT10328,TROP,"Troponin I, High Sensitivity",7,ng/L,0,34,N,STAT,2025-02-06 22:37,2025-02-06 23:03,2025-02-06 23:33
LAB728657,ENC112079,PT10328,BNP,B-Type Natriuretic Peptide,2134,pg/mL,0,100,H,STAT,2025-02-06 23:35,2025-02-07 00:01,2025-02-07 00:44
LAB728658,ENC112080,PT13900,GLU,Glucose,92,mg/dL,70,99,N,Routine,2025-02-07 03:12,2025-02-07 03:21,2025-02-07 04:53
LAB728659,ENC112080,PT13900,CREAT,Creatinine,1.78,mg/dL,0.6,1.3,H,Routine,2025-02-07 03:07,2025-02-07 03:20,2025-02-07 05:21
LAB728660,ENC112080,PT13900,WBC,White Blood Cell Count,6.2,K/uL,4.5,11,N,Routine,2025-02-07 02:57,2025-02-07 03:14,2025-02-07 04:38
LAB728661,ENC112080,PT13900,HGB,Hemoglobin,11.6,g/dL,12,17.5,L,Routine,2025-02-07 03:39,2025-02-07 03:59,2025-02-07 05:56
LAB728662,ENC112080,PT13900,NA,Sodium,141,mmol/L,136,145,N,STAT,2025-02-07 02:47,2025-02-07 03:17,2025-02-07 04:18
LAB728663,ENC112080,PT13900,K,Potassium,3.7,mmol/L,3.5,5.1,N,STAT,2025-02-07 03:05,2025-02-07 03:25,2025-02-07 04:40
LAB728664,ENC112080,PT13900,TROP,"Troponin I, High Sensitivity",4,ng/L,0,34,N,STAT,2025-02-07 03:21,2025-02-07 03:25,2025-02-07 04:14
LAB728665,ENC112080,PT13900,BNP,B-Type Natriuretic Peptide,591,pg/mL,0,100,H,STAT,2025-02-07 03:24,2025-02-07 03:53,2025-02-07 05:03
LAB728666,ENC112082,PT11237,GLU,Glucose,175,mg/dL,70,99,H,Routine,2025-02-07 01:43,2025-02-07 01:57,2025-02-07 05:44
LAB728667,ENC112082,PT11237,CREAT,Creatinine,0.51,mg/dL,0.6,1.3,L,Routine,2025-02-07 02:40,2025-02-07 02:56,2025-02-07 08:03
LAB728668,ENC112082,PT11237,WBC,White Blood Cell Count,14.2,K/uL,4.5,11,H,STAT,2025-02-07 01:58,2025-02-07 02:02,2025-02-07 02:47
LAB728669,ENC112082,PT11237,HGB,Hemoglobin,16.9,g/dL,12,17.5,N,STAT,2025-02-07 01:38,2025-02-07 01:48,2025-02-07 02:46
LAB728670,ENC112082,PT11237,NA,Sodium,141,mmol/L,136,145,N,STAT,2025-02-07 02:23,2025-02-07 02:43,2025-02-07 03:39
LAB728671,ENC112082,PT11237,K,Potassium,4.3,mmol/L,3.5,5.1,N,STAT,2025-02-07 02:02,2025-02-07 02:12,2025-02-07 02:47
LAB728672,ENC112083,PT10032,GLU,Glucose,112,mg/dL,70,99,H,STAT,2025-02-07 05:11,2025-02-07 05:23,2025-02-07 06:11
LAB728673,ENC112083,PT10032,CREAT,Creatinine,1,mg/dL,0.6,1.3,N,STAT,2025-02-07 04:51,2025-02-07 05:24,2025-02-07 06:16
LAB728674,ENC112083,PT10032,WBC,White Blood Cell Count,10.9,K/uL,4.5,11,N,STAT,2025-02-07 05:33,2025-02-07 06:00,2025-02-07 06:21
LAB728675,ENC112083,PT10032,HGB,Hemoglobin,13.9,g/dL,12,17.5,N,STAT,2025-02-07 05:38,2025-02-07 05:58,2025-02-07 06:47
LAB728676,ENC112084,PT12031,GLU,Glucose,114,mg/dL,70,99,H,Routine,2025-02-07 03:17,2025-02-07 03:27,2025-02-07 05:46
LAB728677,ENC112084,PT12031,CREAT,Creatinine,0.79,mg/dL,0.6,1.3,N,Routine,2025-02-07 03:29,2025-02-07 03:46,2025-02-07 06:52
LAB728678,ENC112085,PT13985,GLU,Glucose,150,mg/dL,70,99,H,Routine,2025-02-07 08:30,2025-02-07 08:50,2025-02-07 10:14
LAB728679,ENC112085,PT13985,CREAT,Creatinine,0.92,mg/dL,0.6,1.3,N,STAT,2025-02-07 07:42,2025-02-07 08:00,2025-02-07 08:41
LAB728680,ENC112085,PT13985,WBC,White Blood Cell Count,8.7,K/uL,4.5,11,N,Routine,2025-02-07 08:27,2025-02-07 08:48,2025-02-07 11:19
LAB728681,ENC112085,PT13985,HGB,Hemoglobin,15.5,g/dL,12,17.5,N,STAT,2025-02-07 07:59,2025-02-07 08:28,2025-02-07 09:21
LAB728682,ENC112085,PT13985,TROP,"Troponin I, High Sensitivity",82,ng/L,0,34,H,STAT,2025-02-07 08:19,2025-02-07 08:47,2025-02-07 09:41
LAB728683,ENC112085,PT13985,BNP,B-Type Natriuretic Peptide,2227,pg/mL,0,100,H,STAT,2025-02-07 07:48,2025-02-07 07:55,2025-02-07 09:15
LAB728684,ENC112086,PT10676,GLU,Glucose,102,mg/dL,70,99,H,Routine,2025-02-07 08:34,2025-02-07 09:02,2025-02-07 16:28
LAB728685,ENC112086,PT10676,CREAT,Creatinine,0.72,mg/dL,0.6,1.3,N,Routine,2025-02-07 07:51,2025-02-07 07:56,2025-02-07 09:35
LAB728686,ENC112086,PT10676,WBC,White Blood Cell Count,7.4,K/uL,4.5,11,N,Routine,2025-02-07 07:51,2025-02-07 08:14,2025-02-07 14:37
LAB728687,ENC112086,PT10676,HGB,Hemoglobin,13.3,g/dL,12,17.5,N,STAT,2025-02-07 08:05,2025-02-07 08:10,2025-02-07 08:54
LAB728688,ENC112086,PT10676,NA,Sodium,138,mmol/L,136,145,N,STAT,2025-02-07 08:32,2025-02-07 08:46,2025-02-07 09:22
LAB728689,ENC112086,PT10676,K,Potassium,3.9,mmol/L,3.5,5.1,N,STAT,2025-02-07 07:59,2025-02-07 08:28,2025-02-07 09:31
LAB728690,ENC112089,PT13734,GLU,Glucose,320,mg/dL,70,99,H,STAT,2025-02-07 10:12,2025-02-07 10:29,2025-02-07 11:07
LAB728691,ENC112089,PT13734,CREAT,Creatinine,0.72,mg/dL,0.6,1.3,N,STAT,2025-02-07 10:19,2025-02-07 10:36,2025-02-07 11:35
LAB728692,ENC112089,PT13734,A1C,Hemoglobin A1c,11.6,%,4,5.6,H,Routine,2025-02-07 09:37,2025-02-07 10:04,2025-02-09 03:48
LAB728693,ENC112090,PT12399,INR,Prothrombin Time INR,3.1,ratio,0.8,1.2,H,Routine,2025-02-07 10:21,2025-02-07 10:40,2025-02-07 12:38
LAB728694,ENC112091,PT10503,GLU,Glucose,281,mg/dL,70,99,H,Routine,2025-02-07 11:01,2025-02-07 11:25,2025-02-07 14:41
LAB728695,ENC112091,PT10503,CREAT,Creatinine,0.71,mg/dL,0.6,1.3,N,STAT,2025-02-07 10:57,2025-02-07 11:08,2025-02-07 11:37
LAB728696,ENC112092,PT13196,A1C,Hemoglobin A1c,7.6,%,4,5.6,H,Routine,2025-02-07 10:29,2025-02-07 10:51,2025-02-08 15:01
LAB728697,ENC112094,PT11608,LDL,LDL Cholesterol,122,mg/dL,0,99,H,Routine,2025-02-07 11:42,2025-02-07 12:14,2025-02-08 00:25
LAB728698,ENC112094,PT11608,TSH,Thyroid Stimulating Hormone,3.52,mIU/L,0.4,4,N,Routine,2025-02-07 11:42,2025-02-07 11:54,2025-02-08 11:23
LAB728699,ENC112095,PT12138,GLU,Glucose,214,mg/dL,70,99,H,STAT,2025-02-07 12:34,2025-02-07 12:46,2025-02-07 13:53
LAB728700,ENC112095,PT12138,CREAT,Creatinine,0.54,mg/dL,0.6,1.3,L,Routine,2025-02-07 12:45,2025-02-07 12:56,2025-02-07 15:44
LAB728701,ENC112095,PT12138,WBC,White Blood Cell Count,6.7,K/uL,4.5,11,N,Routine,2025-02-07 12:19,2025-02-07 12:34,2025-02-07 14:23
LAB728702,ENC112095,PT12138,HGB,Hemoglobin,15.6,g/dL,12,17.5,N,STAT,2025-02-07 12:53,2025-02-07 13:08,2025-02-07 13:42
LAB728703,ENC112095,PT12138,TROP,"Troponin I, High Sensitivity",52,ng/L,0,34,H,STAT,2025-02-07 11:48,2025-02-07 12:12,2025-02-07 13:06
LAB728704,ENC112095,PT12138,BNP,B-Type Natriuretic Peptide,1917,pg/mL,0,100,H,Routine,2025-02-07 12:34,2025-02-07 13:04,2025-02-07 16:09
LAB728705,ENC112096,PT10752,GLU,Glucose,98,mg/dL,70,99,N,STAT,2025-02-07 12:29,2025-02-07 12:55,2025-02-07 13:59
LAB728706,ENC112096,PT10752,CREAT,Creatinine,0.46,mg/dL,0.6,1.3,L,Routine,2025-02-07 12:29,2025-02-07 12:33,2025-02-07 17:18
LAB728707,ENC112096,PT10752,WBC,White Blood Cell Count,2.6,K/uL,4.5,11,L,STAT,2025-02-07 12:31,2025-02-07 12:55,2025-02-07 13:37
LAB728708,ENC112096,PT10752,HGB,Hemoglobin,12.2,g/dL,12,17.5,N,STAT,2025-02-07 13:13,2025-02-07 13:44,2025-02-07 14:18
LAB728709,ENC112096,PT10752,LACT,Lactate,8.5,mmol/L,0.5,2,HH,STAT,2025-02-07 12:56,2025-02-07 13:23,2025-02-07 14:15
LAB728710,ENC112100,PT12455,GLU,Glucose,64,mg/dL,70,99,L,Routine,2025-02-07 17:24,2025-02-07 17:31,2025-02-07 20:15
LAB728711,ENC112100,PT12455,CREAT,Creatinine,0.77,mg/dL,0.6,1.3,N,STAT,2025-02-07 16:37,2025-02-07 16:59,2025-02-07 17:39
LAB728712,ENC112100,PT12455,WBC,White Blood Cell Count,15.6,K/uL,4.5,11,H,STAT,2025-02-07 16:52,2025-02-07 17:24,2025-02-07 18:17
LAB728713,ENC112100,PT12455,HGB,Hemoglobin,10.6,g/dL,12,17.5,L,STAT,2025-02-07 16:23,2025-02-07 16:50,2025-02-07 17:55
LAB728714,ENC112101,PT11111,INR,Prothrombin Time INR,1,ratio,0.8,1.2,N,Routine,2025-02-07 13:43,2025-02-07 13:59,2025-02-07 20:35
LAB728715,ENC112102,PT13122,WBC,White Blood Cell Count,10.7,K/uL,4.5,11,N,Routine,2025-02-07 13:51,2025-02-07 14:15,2025-02-07 16:25
LAB728716,ENC112102,PT13122,HGB,Hemoglobin,15.7,g/dL,12,17.5,N,Routine,2025-02-07 13:46,2025-02-07 14:05,2025-02-07 18:32
LAB728717,ENC112102,PT13122,PLT,Platelet Count,257,K/uL,150,400,N,Routine,2025-02-07 13:47,2025-02-07 13:55,2025-02-07 18:36
LAB728718,ENC112103,PT10381,GLU,Glucose,172,mg/dL,70,99,H,Routine,2025-02-07 14:58,2025-02-07 15:08,2025-02-07 18:51
LAB728719,ENC112103,PT10381,CREAT,Creatinine,1.67,mg/dL,0.6,1.3,H,STAT,2025-02-07 15:03,2025-02-07 15:07,2025-02-07 16:06
LAB728720,ENC112103,PT10381,WBC,White Blood Cell Count,17,K/uL,4.5,11,H,STAT,2025-02-07 14:11,2025-02-07 14:18,2025-02-07 15:17
LAB728721,ENC112103,PT10381,HGB,Hemoglobin,12.5,g/dL,12,17.5,N,STAT,2025-02-07 14:57,2025-02-07 15:28,2025-02-07 15:52
LAB728722,ENC112103,PT10381,LACT,Lactate,2.5,mmol/L,0.5,2,H,STAT,2025-02-07 14:53,2025-02-07 14:58,2025-02-07 15:52
LAB728723,ENC112104,PT12823,GLU,Glucose,120,mg/dL,70,99,H,Routine,2025-02-07 15:15,2025-02-07 15:33,2025-02-07 17:10
LAB728724,ENC112104,PT12823,CREAT,Creatinine,1.19,mg/dL,0.6,1.3,N,STAT,2025-02-07 15:08,2025-02-07 15:26,2025-02-07 16:13
LAB728725,ENC112104,PT12823,WBC,White Blood Cell Count,7.5,K/uL,4.5,11,N,STAT,2025-02-07 15:44,2025-02-07 15:58,2025-02-07 17:12
LAB728726,ENC112104,PT12823,HGB,Hemoglobin,14.9,g/dL,12,17.5,N,STAT,2025-02-07 15:16,2025-02-07 15:27,2025-02-07 15:54
LAB728727,ENC112104,PT12823,LACT,Lactate,1.4,mmol/L,0.5,2,N,STAT,2025-02-07 15:37,2025-02-07 15:42,2025-02-07 16:10
LAB728728,ENC112105,PT10029,GLU,Glucose,96,mg/dL,70,99,N,STAT,2025-02-07 19:08,2025-02-07 19:14,2025-02-07 20:18
LAB728729,ENC112105,PT10029,CREAT,Creatinine,0.66,mg/dL,0.6,1.3,N,Routine,2025-02-07 19:17,2025-02-07 19:44,2025-02-07 23:17
LAB728730,ENC112105,PT10029,WBC,White Blood Cell Count,8.4,K/uL,4.5,11,N,STAT,2025-02-07 18:24,2025-02-07 18:43,2025-02-07 19:48
LAB728731,ENC112105,PT10029,HGB,Hemoglobin,13.3,g/dL,12,17.5,N,Routine,2025-02-07 19:04,2025-02-07 19:25,2025-02-07 22:21
LAB728732,ENC112106,PT10257,LDL,LDL Cholesterol,138,mg/dL,0,99,H,Routine,2025-02-07 15:24,2025-02-07 15:51,2025-02-07 22:31
LAB728733,ENC112107,PT10340,GLU,Glucose,120,mg/dL,70,99,H,Routine,2025-02-07 15:47,2025-02-07 16:17,2025-02-07 18:13
LAB728734,ENC112107,PT10340,CREAT,Creatinine,1.04,mg/dL,0.6,1.3,N,Routine,2025-02-07 16:37,2025-02-07 17:07,2025-02-07 21:00
LAB728735,ENC112107,PT10340,WBC,White Blood Cell Count,11.5,K/uL,4.5,11,H,Routine,2025-02-07 16:20,2025-02-07 16:50,2025-02-07 21:35
LAB728736,ENC112107,PT10340,HGB,Hemoglobin,14.2,g/dL,12,17.5,N,STAT,2025-02-07 16:13,2025-02-07 16:17,2025-02-07 17:22
LAB728737,ENC112107,PT10340,BUN,Blood Urea Nitrogen,15,mg/dL,7,20,N,STAT,2025-02-07 15:52,2025-02-07 16:07,2025-02-07 16:54
LAB728738,ENC112107,PT10340,PLT,Platelet Count,292,K/uL,150,400,N,Routine,2025-02-07 15:53,2025-02-07 16:01,2025-02-07 19:19
LAB728739,ENC112112,PT13980,GLU,Glucose,99,mg/dL,70,99,N,STAT,2025-02-07 22:52,2025-02-07 23:03,2025-02-08 00:12
LAB728740,ENC112112,PT13980,CREAT,Creatinine,0.73,mg/dL,0.6,1.3,N,STAT,2025-02-07 22:03,2025-02-07 22:23,2025-02-07 23:01
LAB728741,ENC112112,PT13980,WBC,White Blood Cell Count,7.3,K/uL,4.5,11,N,STAT,2025-02-07 22:55,2025-02-07 23:00,2025-02-07 23:44
LAB728742,ENC112112,PT13980,HGB,Hemoglobin,12.6,g/dL,12,17.5,N,STAT,2025-02-07 22:47,2025-02-07 23:15,2025-02-07 23:44
LAB728743,ENC112114,PT12494,GLU,Glucose,212,mg/dL,70,99,H,Routine,2025-02-07 23:20,2025-02-07 23:43,2025-02-08 02:02
LAB728744,ENC112114,PT12494,CREAT,Creatinine,0.53,mg/dL,0.6,1.3,L,STAT,2025-02-07 23:38,2025-02-07 23:47,2025-02-08 00:09
LAB728745,ENC112114,PT12494,WBC,White Blood Cell Count,5.5,K/uL,4.5,11,N,STAT,2025-02-07 23:51,2025-02-07 23:59,2025-02-08 00:40
LAB728746,ENC112114,PT12494,HGB,Hemoglobin,14.7,g/dL,12,17.5,N,Routine,2025-02-07 23:24,2025-02-07 23:40,2025-02-08 03:09
LAB728747,ENC112115,PT10936,GLU,Glucose,109,mg/dL,70,99,H,Routine,2025-02-07 20:09,2025-02-07 20:23,2025-02-07 22:59
LAB728748,ENC112115,PT10936,CREAT,Creatinine,1.09,mg/dL,0.6,1.3,N,Routine,2025-02-07 20:57,2025-02-07 21:24,2025-02-07 23:31
LAB728749,ENC112116,PT11218,GLU,Glucose,110,mg/dL,70,99,H,Routine,2025-02-07 20:53,2025-02-07 21:04,2025-02-08 01:21
LAB728750,ENC112116,PT11218,CREAT,Creatinine,1.03,mg/dL,0.6,1.3,N,STAT,2025-02-07 21:27,2025-02-07 21:31,2025-02-07 22:29
LAB728751,ENC112123,PT10463,TROP,"Troponin I, High Sensitivity",6,ng/L,0,34,N,STAT,2025-02-08 07:40,2025-02-08 08:08,2025-02-08 08:35
LAB728752,ENC112124,PT11298,GLU,Glucose,103,mg/dL,70,99,H,STAT,2025-02-08 12:44,2025-02-08 13:07,2025-02-08 13:36
LAB728753,ENC112124,PT11298,CREAT,Creatinine,0.98,mg/dL,0.6,1.3,N,STAT,2025-02-08 12:04,2025-02-08 12:28,2025-02-08 13:40
LAB728754,ENC112124,PT11298,WBC,White Blood Cell Count,9,K/uL,4.5,11,N,Routine,2025-02-08 12:52,2025-02-08 13:10,2025-02-08 15:23
LAB728755,ENC112124,PT11298,HGB,Hemoglobin,14.7,g/dL,12,17.5,N,STAT,2025-02-08 13:08,2025-02-08 13:25,2025-02-08 14:29
LAB728756,ENC112124,PT11298,TROP,"Troponin I, High Sensitivity",62,ng/L,0,34,H,STAT,2025-02-08 12:08,2025-02-08 12:29,2025-02-08 13:07
LAB728757,ENC112124,PT11298,BNP,B-Type Natriuretic Peptide,1523,pg/mL,0,100,H,STAT,2025-02-08 12:15,2025-02-08 12:19,2025-02-08 13:00
LAB728758,ENC112125,PT13770,GLU,Glucose,88,mg/dL,70,99,N,Routine,2025-02-08 10:16,2025-02-08 10:23,2025-02-08 12:11
LAB728759,ENC112125,PT13770,CREAT,Creatinine,1.28,mg/dL,0.6,1.3,N,STAT,2025-02-08 10:14,2025-02-08 10:20,2025-02-08 10:40
LAB728760,ENC112125,PT13770,WBC,White Blood Cell Count,13,K/uL,4.5,11,H,STAT,2025-02-08 10:10,2025-02-08 10:21,2025-02-08 11:07
LAB728761,ENC112126,PT10556,GLU,Glucose,107,mg/dL,70,99,H,STAT,2025-02-08 16:25,2025-02-08 16:41,2025-02-08 17:34
LAB728762,ENC112126,PT10556,CREAT,Creatinine,1.04,mg/dL,0.6,1.3,N,Routine,2025-02-08 16:13,2025-02-08 16:22,2025-02-08 19:21
LAB728763,ENC112126,PT10556,WBC,White Blood Cell Count,6.7,K/uL,4.5,11,N,STAT,2025-02-08 16:50,2025-02-08 17:19,2025-02-08 17:54
LAB728764,ENC112126,PT10556,HGB,Hemoglobin,14,g/dL,12,17.5,N,STAT,2025-02-08 16:20,2025-02-08 16:33,2025-02-08 17:14
LAB728765,ENC112129,PT13600,GLU,Glucose,190,mg/dL,70,99,H,STAT,2025-02-08 17:14,2025-02-08 17:28,2025-02-08 18:17
LAB728766,ENC112129,PT13600,CREAT,Creatinine,1.35,mg/dL,0.6,1.3,H,STAT,2025-02-08 16:58,2025-02-08 17:33,2025-02-08 18:13
LAB728767,ENC112129,PT13600,WBC,White Blood Cell Count,3.2,K/uL,4.5,11,L,STAT,2025-02-08 18:02,2025-02-08 18:27,2025-02-08 19:19
LAB728768,ENC112129,PT13600,HGB,Hemoglobin,9.8,g/dL,12,17.5,L,Routine,2025-02-08 17:20,2025-02-08 17:35,2025-02-08 19:28
LAB728769,ENC112129,PT13600,LACT,Lactate,5.9,mmol/L,0.5,2,HH,STAT,2025-02-08 17:09,2025-02-08 17:27,2025-02-08 18:31
LAB728770,ENC112130,PT12030,GLU,Glucose,105,mg/dL,70,99,H,STAT,2025-02-08 19:17,2025-02-08 19:50,2025-02-08 20:28
LAB728771,ENC112130,PT12030,CREAT,Creatinine,0.99,mg/dL,0.6,1.3,N,STAT,2025-02-08 19:51,2025-02-08 20:13,2025-02-08 21:21
LAB728772,ENC112130,PT12030,WBC,White Blood Cell Count,7.7,K/uL,4.5,11,N,Routine,2025-02-08 19:14,2025-02-08 19:27,2025-02-08 23:47
LAB728773,ENC112131,PT13991,GLU,Glucose,146,mg/dL,70,99,H,STAT,2025-02-08 23:42,2025-02-08 23:57,2025-02-09 00:42
LAB728774,ENC112131,PT13991,CREAT,Creatinine,1.08,mg/dL,0.6,1.3,N,Routine,2025-02-08 22:52,2025-02-08 23:26,2025-02-09 03:35
LAB728775,ENC112131,PT13991,WBC,White Blood Cell Count,1,K/uL,4.5,11,L,STAT,2025-02-08 23:48,2025-02-09 00:17,2025-02-09 01:25
LAB728776,ENC112131,PT13991,HGB,Hemoglobin,14.8,g/dL,12,17.5,N,STAT,2025-02-08 23:17,2025-02-08 23:28,2025-02-08 23:58
LAB728777,ENC112134,PT10981,GLU,Glucose,89,mg/dL,70,99,N,STAT,2025-02-08 22:47,2025-02-08 22:53,2025-02-08 23:45
LAB728778,ENC112134,PT10981,CREAT,Creatinine,0.9,mg/dL,0.6,1.3,N,STAT,2025-02-08 23:09,2025-02-08 23:32,2025-02-09 00:04
LAB728779,ENC112134,PT10981,WBC,White Blood Cell Count,5.4,K/uL,4.5,11,N,STAT,2025-02-08 23:16,2025-02-08 23:24,2025-02-09 00:38
LAB728780,ENC112134,PT10981,HGB,Hemoglobin,14,g/dL,12,17.5,N,STAT,2025-02-08 23:24,2025-02-08 23:54,2025-02-09 00:29
LAB728781,ENC112135,PT12444,GLU,Glucose,86,mg/dL,70,99,N,STAT,2025-02-08 22:53,2025-02-08 23:08,2025-02-08 23:42
LAB728782,ENC112135,PT12444,CREAT,Creatinine,0.77,mg/dL,0.6,1.3,N,STAT,2025-02-08 23:54,2025-02-09 00:01,2025-02-09 00:26
LAB728783,ENC112135,PT12444,WBC,White Blood Cell Count,5,K/uL,4.5,11,N,STAT,2025-02-08 23:25,2025-02-08 23:57,2025-02-09 00:20
LAB728784,ENC112135,PT12444,HGB,Hemoglobin,13.4,g/dL,12,17.5,N,Routine,2025-02-08 23:51,2025-02-09 00:22,2025-02-09 02:18
LAB728785,ENC112136,PT10220,GLU,Glucose,126,mg/dL,70,99,H,Routine,2025-02-09 03:11,2025-02-09 03:26,2025-02-09 04:39
LAB728786,ENC112136,PT10220,CREAT,Creatinine,0.96,mg/dL,0.6,1.3,N,STAT,2025-02-09 03:50,2025-02-09 04:15,2025-02-09 05:12
LAB728787,ENC112136,PT10220,WBC,White Blood Cell Count,8.4,K/uL,4.5,11,N,STAT,2025-02-09 03:22,2025-02-09 03:42,2025-02-09 04:08
LAB728788,ENC112136,PT10220,HGB,Hemoglobin,11.9,g/dL,12,17.5,L,Routine,2025-02-09 03:26,2025-02-09 03:53,2025-02-09 06:06
LAB728789,ENC112137,PT12993,GLU,Glucose,179,mg/dL,70,99,H,STAT,2025-02-09 00:12,2025-02-09 00:39,2025-02-09 01:25
LAB728790,ENC112137,PT12993,CREAT,Creatinine,1.03,mg/dL,0.6,1.3,N,Routine,2025-02-08 23:16,2025-02-08 23:22,2025-02-09 03:22
LAB728791,ENC112137,PT12993,WBC,White Blood Cell Count,7.6,K/uL,4.5,11,N,STAT,2025-02-08 23:13,2025-02-08 23:35,2025-02-09 00:52
LAB728792,ENC112137,PT12993,HGB,Hemoglobin,16.1,g/dL,12,17.5,N,STAT,2025-02-08 23:55,2025-02-09 00:25,2025-02-09 01:12
LAB728793,ENC112138,PT11854,GLU,Glucose,184,mg/dL,70,99,H,Routine,2025-02-09 03:12,2025-02-09 03:32,2025-02-09 06:27
LAB728794,ENC112138,PT11854,CREAT,Creatinine,2.84,mg/dL,0.6,1.3,H,Routine,2025-02-09 03:13,2025-02-09 03:22,2025-02-09 06:21
LAB728795,ENC112138,PT11854,WBC,White Blood Cell Count,3.3,K/uL,4.5,11,L,Routine,2025-02-09 03:31,2025-02-09 04:05,2025-02-09 07:39
LAB728796,ENC112138,PT11854,HGB,Hemoglobin,10,g/dL,12,17.5,L,Routine,2025-02-09 03:15,2025-02-09 03:48,2025-02-09 06:10
LAB728797,ENC112138,PT11854,LACT,Lactate,2.9,mmol/L,0.5,2,H,STAT,2025-02-09 03:32,2025-02-09 04:02,2025-02-09 04:33
LAB728798,ENC112140,PT12092,GLU,Glucose,78,mg/dL,70,99,N,Routine,2025-02-09 10:36,2025-02-09 10:49,2025-02-09 11:56
LAB728799,ENC112140,PT12092,CREAT,Creatinine,0.56,mg/dL,0.6,1.3,L,Routine,2025-02-09 10:35,2025-02-09 10:59,2025-02-09 17:12
LAB728800,ENC112140,PT12092,WBC,White Blood Cell Count,8.7,K/uL,4.5,11,N,STAT,2025-02-09 11:09,2025-02-09 11:24,2025-02-09 12:10
LAB728801,ENC112141,PT12192,GLU,Glucose,110,mg/dL,70,99,H,STAT,2025-02-09 15:21,2025-02-09 15:42,2025-02-09 17:06
LAB728802,ENC112141,PT12192,CREAT,Creatinine,2.46,mg/dL,0.6,1.3,H,STAT,2025-02-09 15:31,2025-02-09 15:39,2025-02-09 16:11
LAB728803,ENC112141,PT12192,WBC,White Blood Cell Count,8.7,K/uL,4.5,11,N,STAT,2025-02-09 15:06,2025-02-09 15:40,2025-02-09 16:13
LAB728804,ENC112141,PT12192,HGB,Hemoglobin,13.3,g/dL,12,17.5,N,STAT,2025-02-09 15:47,2025-02-09 16:04,2025-02-09 16:46
LAB728805,ENC112141,PT12192,NA,Sodium,141,mmol/L,136,145,N,STAT,2025-02-09 16:08,2025-02-09 16:43,2025-02-09 17:27
LAB728806,ENC112141,PT12192,K,Potassium,4.4,mmol/L,3.5,5.1,N,STAT,2025-02-09 15:13,2025-02-09 15:31,2025-02-09 16:42
LAB728807,ENC112143,PT10230,GLU,Glucose,331,mg/dL,70,99,H,Routine,2025-02-09 12:29,2025-02-09 12:47,2025-02-09 14:48
LAB728808,ENC112143,PT10230,CREAT,Creatinine,0.92,mg/dL,0.6,1.3,N,Routine,2025-02-09 12:24,2025-02-09 12:58,2025-02-09 14:50
LAB728809,ENC112144,PT13636,GLU,Glucose,148,mg/dL,70,99,H,STAT,2025-02-09 12:33,2025-02-09 13:01,2025-02-09 13:45
LAB728810,ENC112144,PT13636,CREAT,Creatinine,1.58,mg/dL,0.6,1.3,H,STAT,2025-02-09 12:48,2025-02-09 12:52,2025-02-09 13:56
LAB728811,ENC112144,PT13636,WBC,White Blood Cell Count,15.3,K/uL,4.5,11,H,Routine,2025-02-09 11:53,2025-02-09 12:24,2025-02-09 16:57
LAB728812,ENC112144,PT13636,HGB,Hemoglobin,9.2,g/dL,12,17.5,L,Routine,2025-02-09 12:44,2025-02-09 13:07,2025-02-09 15:30
LAB728813,ENC112144,PT13636,LACT,Lactate,5.6,mmol/L,0.5,2,HH,STAT,2025-02-09 12:11,2025-02-09 12:23,2025-02-09 13:28
LAB728814,ENC112148,PT12027,GLU,Glucose,94,mg/dL,70,99,N,Routine,2025-02-09 18:33,2025-02-09 19:08,2025-02-09 21:12
LAB728815,ENC112148,PT12027,CREAT,Creatinine,0.71,mg/dL,0.6,1.3,N,STAT,2025-02-09 18:36,2025-02-09 18:41,2025-02-09 19:20
LAB728816,ENC112148,PT12027,WBC,White Blood Cell Count,1,K/uL,4.5,11,L,Routine,2025-02-09 18:22,2025-02-09 18:28,2025-02-09 22:43
LAB728817,ENC112148,PT12027,HGB,Hemoglobin,12.6,g/dL,12,17.5,N,STAT,2025-02-09 18:55,2025-02-09 19:19,2025-02-09 19:51
LAB728818,ENC112150,PT10590,GLU,Glucose,135,mg/dL,70,99,H,Routine,2025-02-09 15:41,2025-02-09 15:54,2025-02-09 19:57
LAB728819,ENC112150,PT10590,CREAT,Creatinine,0.91,mg/dL,0.6,1.3,N,STAT,2025-02-09 15:26,2025-02-09 15:44,2025-02-09 17:03
LAB728820,ENC112150,PT10590,WBC,White Blood Cell Count,19.6,K/uL,4.5,11,H,STAT,2025-02-09 15:05,2025-02-09 15:30,2025-02-09 15:44
LAB728821,ENC112150,PT10590,HGB,Hemoglobin,13.4,g/dL,12,17.5,N,STAT,2025-02-09 15:19,2025-02-09 15:50,2025-02-09 17:05
LAB728822,ENC112151,PT12242,GLU,Glucose,107,mg/dL,70,99,H,STAT,2025-02-09 15:58,2025-02-09 16:06,2025-02-09 16:46
LAB728823,ENC112151,PT12242,CREAT,Creatinine,0.95,mg/dL,0.6,1.3,N,STAT,2025-02-09 15:38,2025-02-09 16:13,2025-02-09 17:07
LAB728824,ENC112151,PT12242,WBC,White Blood Cell Count,7.2,K/uL,4.5,11,N,STAT,2025-02-09 16:30,2025-02-09 17:00,2025-02-09 18:19
LAB728825,ENC112151,PT12242,TROP,"Troponin I, High Sensitivity",2,ng/L,0,34,N,STAT,2025-02-09 16:24,2025-02-09 16:59,2025-02-09 17:57
LAB728826,ENC112152,PT13271,GLU,Glucose,123,mg/dL,70,99,H,STAT,2025-02-09 18:49,2025-02-09 19:16,2025-02-09 19:44
LAB728827,ENC112152,PT13271,CREAT,Creatinine,1.06,mg/dL,0.6,1.3,N,STAT,2025-02-09 18:33,2025-02-09 19:01,2025-02-09 19:44
LAB728828,ENC112152,PT13271,WBC,White Blood Cell Count,8.2,K/uL,4.5,11,N,Routine,2025-02-09 18:01,2025-02-09 18:17,2025-02-09 21:41
LAB728829,ENC112152,PT13271,HGB,Hemoglobin,13.3,g/dL,12,17.5,N,STAT,2025-02-09 18:27,2025-02-09 18:36,2025-02-09 19:26
LAB728830,ENC112152,PT13271,TROP,"Troponin I, High Sensitivity",76,ng/L,0,34,H,STAT,2025-02-09 18:01,2025-02-09 18:14,2025-02-09 18:53
LAB728831,ENC112152,PT13271,BNP,B-Type Natriuretic Peptide,749,pg/mL,0,100,H,Routine,2025-02-09 18:45,2025-02-09 18:52,2025-02-09 23:27
LAB728832,ENC112154,PT12127,GLU,Glucose,74,mg/dL,70,99,N,STAT,2025-02-09 20:44,2025-02-09 20:51,2025-02-09 21:50
LAB728833,ENC112154,PT12127,CREAT,Creatinine,0.77,mg/dL,0.6,1.3,N,STAT,2025-02-09 19:54,2025-02-09 20:26,2025-02-09 21:31
LAB728834,ENC112154,PT12127,WBC,White Blood Cell Count,8.9,K/uL,4.5,11,N,STAT,2025-02-09 20:45,2025-02-09 20:58,2025-02-09 21:20
LAB728835,ENC112154,PT12127,HGB,Hemoglobin,14.4,g/dL,12,17.5,N,STAT,2025-02-09 20:23,2025-02-09 20:38,2025-02-09 21:03
LAB728836,ENC112155,PT12223,GLU,Glucose,140,mg/dL,70,99,H,Routine,2025-02-09 17:30,2025-02-09 17:43,2025-02-09 20:10
LAB728837,ENC112155,PT12223,CREAT,Creatinine,2.23,mg/dL,0.6,1.3,H,Routine,2025-02-09 16:43,2025-02-09 16:58,2025-02-09 18:38
LAB728838,ENC112155,PT12223,WBC,White Blood Cell Count,5.5,K/uL,4.5,11,N,Routine,2025-02-09 17:27,2025-02-09 17:52,2025-02-09 21:54
LAB728839,ENC112155,PT12223,HGB,Hemoglobin,13.5,g/dL,12,17.5,N,STAT,2025-02-09 16:51,2025-02-09 17:14,2025-02-09 17:56
LAB728840,ENC112155,PT12223,NA,Sodium,144,mmol/L,136,145,N,Routine,2025-02-09 17:20,2025-02-09 17:50,2025-02-09 21:13
LAB728841,ENC112155,PT12223,K,Potassium,4.2,mmol/L,3.5,5.1,N,STAT,2025-02-09 17:19,2025-02-09 17:46,2025-02-09 18:30
LAB728842,ENC112157,PT11463,GLU,Glucose,110,mg/dL,70,99,H,STAT,2025-02-09 18:55,2025-02-09 19:07,2025-02-09 20:09
LAB728843,ENC112157,PT11463,CREAT,Creatinine,0.94,mg/dL,0.6,1.3,N,STAT,2025-02-09 18:24,2025-02-09 18:28,2025-02-09 19:26
LAB728844,ENC112161,PT10030,GLU,Glucose,214,mg/dL,70,99,H,STAT,2025-02-10 00:01,2025-02-10 00:12,2025-02-10 00:57
LAB728845,ENC112161,PT10030,CREAT,Creatinine,0.84,mg/dL,0.6,1.3,N,STAT,2025-02-10 00:08,2025-02-10 00:36,2025-02-10 01:09
LAB728846,ENC112161,PT10030,WBC,White Blood Cell Count,6,K/uL,4.5,11,N,STAT,2025-02-10 00:30,2025-02-10 00:38,2025-02-10 01:13
LAB728847,ENC112161,PT10030,HGB,Hemoglobin,12.5,g/dL,12,17.5,N,STAT,2025-02-09 23:45,2025-02-10 00:00,2025-02-10 00:49
LAB728848,ENC112161,PT10030,NA,Sodium,122,mmol/L,136,145,L,STAT,2025-02-09 23:45,2025-02-10 00:05,2025-02-10 00:47
LAB728849,ENC112161,PT10030,K,Potassium,4.3,mmol/L,3.5,5.1,N,STAT,2025-02-10 00:33,2025-02-10 00:53,2025-02-10 01:30
LAB728850,ENC112162,PT11810,GLU,Glucose,84,mg/dL,70,99,N,STAT,2025-02-10 01:49,2025-02-10 02:19,2025-02-10 02:58
LAB728851,ENC112162,PT11810,CREAT,Creatinine,0.86,mg/dL,0.6,1.3,N,Routine,2025-02-10 01:35,2025-02-10 01:56,2025-02-10 04:39
LAB728852,ENC112162,PT11810,WBC,White Blood Cell Count,10.9,K/uL,4.5,11,N,Routine,2025-02-10 01:11,2025-02-10 01:21,2025-02-10 02:35
LAB728853,ENC112162,PT11810,HGB,Hemoglobin,12.7,g/dL,12,17.5,N,STAT,2025-02-10 01:28,2025-02-10 01:44,2025-02-10 02:20
LAB728854,ENC112162,PT11810,NA,Sodium,137,mmol/L,136,145,N,STAT,2025-02-10 01:40,2025-02-10 01:52,2025-02-10 02:54
LAB728855,ENC112162,PT11810,K,Potassium,4,mmol/L,3.5,5.1,N,STAT,2025-02-10 02:07,2025-02-10 02:20,2025-02-10 02:47
LAB728856,ENC112163,PT13726,GLU,Glucose,259,mg/dL,70,99,H,Routine,2025-02-10 01:02,2025-02-10 01:17,2025-02-10 05:38
LAB728857,ENC112163,PT13726,CREAT,Creatinine,1.35,mg/dL,0.6,1.3,H,STAT,2025-02-10 00:41,2025-02-10 00:55,2025-02-10 02:17
LAB728858,ENC112168,PT10519,A1C,Hemoglobin A1c,7.3,%,4,5.6,H,Routine,2025-02-10 08:10,2025-02-10 08:18,2025-02-10 19:10
LAB728859,ENC112169,PT12184,GLU,Glucose,121,mg/dL,70,99,H,Routine,2025-02-10 09:02,2025-02-10 09:18,2025-02-10 10:43
LAB728860,ENC112169,PT12184,CREAT,Creatinine,1.06,mg/dL,0.6,1.3,N,STAT,2025-02-10 09:04,2025-02-10 09:39,2025-02-10 10:06
LAB728861,ENC112169,PT12184,WBC,White Blood Cell Count,14,K/uL,4.5,11,H,Routine,2025-02-10 08:43,2025-02-10 09:08,2025-02-10 10:28
LAB728862,ENC112169,PT12184,HGB,Hemoglobin,15.6,g/dL,12,17.5,N,STAT,2025-02-10 09:01,2025-02-10 09:06,2025-02-10 09:39
LAB728863,ENC112172,PT13993,GLU,Glucose,198,mg/dL,70,99,H,STAT,2025-02-10 09:44,2025-02-10 10:05,2025-02-10 10:51
LAB728864,ENC112172,PT13993,CREAT,Creatinine,2.7,mg/dL,0.6,1.3,H,Routine,2025-02-10 10:36,2025-02-10 11:10,2025-02-10 16:07
LAB728865,ENC112172,PT13993,WBC,White Blood Cell Count,10.6,K/uL,4.5,11,N,Routine,2025-02-10 10:47,2025-02-10 11:18,2025-02-10 14:01
LAB728866,ENC112172,PT13993,HGB,Hemoglobin,13.9,g/dL,12,17.5,N,STAT,2025-02-10 09:52,2025-02-10 10:16,2025-02-10 11:15
LAB728867,ENC112172,PT13993,LACT,Lactate,2,mmol/L,0.5,2,N,STAT,2025-02-10 09:40,2025-02-10 09:44,2025-02-10 10:26
LAB728868,ENC112173,PT12486,WBC,White Blood Cell Count,7.5,K/uL,4.5,11,N,Routine,2025-02-10 10:04,2025-02-10 10:16,2025-02-10 14:17
LAB728869,ENC112173,PT12486,HGB,Hemoglobin,14.7,g/dL,12,17.5,N,Routine,2025-02-10 09:50,2025-02-10 10:00,2025-02-10 11:52
LAB728870,ENC112173,PT12486,PLT,Platelet Count,302,K/uL,150,400,N,Routine,2025-02-10 09:51,2025-02-10 10:06,2025-02-10 13:51
LAB728871,ENC112174,PT10013,GLU,Glucose,108,mg/dL,70,99,H,STAT,2025-02-10 13:44,2025-02-10 14:12,2025-02-10 14:44
LAB728872,ENC112174,PT10013,CREAT,Creatinine,0.97,mg/dL,0.6,1.3,N,STAT,2025-02-10 13:05,2025-02-10 13:26,2025-02-10 13:57
LAB728873,ENC112174,PT10013,WBC,White Blood Cell Count,20.3,K/uL,4.5,11,H,Routine,2025-02-10 13:54,2025-02-10 14:22,2025-02-10 15:02
LAB728874,ENC112174,PT10013,HGB,Hemoglobin,12.1,g/dL,12,17.5,N,STAT,2025-02-10 13:35,2025-02-10 13:42,2025-02-10 14:26
LAB728875,ENC112174,PT10013,BUN,Blood Urea Nitrogen,16,mg/dL,7,20,N,Routine,2025-02-10 13:16,2025-02-10 13:22,2025-02-10 14:36
LAB728876,ENC112174,PT10013,PLT,Platelet Count,255,K/uL,150,400,N,Routine,2025-02-10 14:03,2025-02-10 14:16,2025-02-10 20:21
LAB728877,ENC112175,PT11131,GLU,Glucose,108,mg/dL,70,99,H,STAT,2025-02-10 15:20,2025-02-10 15:52,2025-02-10 16:08
LAB728878,ENC112175,PT11131,CREAT,Creatinine,1.28,mg/dL,0.6,1.3,N,STAT,2025-02-10 15:24,2025-02-10 15:38,2025-02-10 15:55
LAB728879,ENC112175,PT11131,WBC,White Blood Cell Count,6.1,K/uL,4.5,11,N,STAT,2025-02-10 15:58,2025-02-10 16:20,2025-02-10 17:52
LAB728880,ENC112175,PT11131,HGB,Hemoglobin,11.9,g/dL,12,17.5,L,STAT,2025-02-10 15:43,2025-02-10 16:14,2025-02-10 16:54
LAB728881,ENC112175,PT11131,TROP,"Troponin I, High Sensitivity",9,ng/L,0,34,N,STAT,2025-02-10 15:56,2025-02-10 16:12,2025-02-10 16:39
LAB728882,ENC112177,PT11939,GLU,Glucose,99,mg/dL,70,99,N,STAT,2025-02-10 12:56,2025-02-10 13:24,2025-02-10 13:55
LAB728883,ENC112177,PT11939,CREAT,Creatinine,0.99,mg/dL,0.6,1.3,N,STAT,2025-02-10 12:58,2025-02-10 13:05,2025-02-10 13:29
LAB728884,ENC112177,PT11939,WBC,White Blood Cell Count,14.2,K/uL,4.5,11,H,Routine,2025-02-10 12:18,2025-02-10 12:33,2025-02-10 16:56
LAB728885,ENC112177,PT11939,HGB,Hemoglobin,12,g/dL,12,17.5,N,STAT,2025-02-10 12:31,2025-02-10 12:37,2025-02-10 13:39
LAB728886,ENC112178,PT12651,GLU,Glucose,273,mg/dL,70,99,H,Routine,2025-02-10 12:16,2025-02-10 12:38,2025-02-10 16:47
LAB728887,ENC112178,PT12651,CREAT,Creatinine,0.81,mg/dL,0.6,1.3,N,STAT,2025-02-10 12:09,2025-02-10 12:30,2025-02-10 13:31
LAB728888,ENC112178,PT12651,WBC,White Blood Cell Count,3.6,K/uL,4.5,11,L,STAT,2025-02-10 11:59,2025-02-10 12:25,2025-02-10 13:51
LAB728889,ENC112178,PT12651,HGB,Hemoglobin,15.1,g/dL,12,17.5,N,Routine,2025-02-10 12:32,2025-02-10 12:59,2025-02-10 14:24
LAB728890,ENC112181,PT10489,GLU,Glucose,119,mg/dL,70,99,H,STAT,2025-02-10 13:43,2025-02-10 14:06,2025-02-10 15:14
LAB728891,ENC112181,PT10489,CREAT,Creatinine,1.05,mg/dL,0.6,1.3,N,Routine,2025-02-10 13:57,2025-02-10 14:04,2025-02-10 17:36
LAB728892,ENC112181,PT10489,WBC,White Blood Cell Count,10.5,K/uL,4.5,11,N,Routine,2025-02-10 13:20,2025-02-10 13:24,2025-02-10 14:06
LAB728893,ENC112181,PT10489,HGB,Hemoglobin,14.7,g/dL,12,17.5,N,Routine,2025-02-10 13:21,2025-02-10 13:42,2025-02-10 16:53
LAB728894,ENC112186,PT13309,TROP,"Troponin I, High Sensitivity",2,ng/L,0,34,N,STAT,2025-02-10 15:20,2025-02-10 15:29,2025-02-10 16:05
LAB728895,ENC112187,PT10949,GLU,Glucose,88,mg/dL,70,99,N,STAT,2025-02-10 14:51,2025-02-10 15:08,2025-02-10 15:50
LAB728896,ENC112187,PT10949,CREAT,Creatinine,0.97,mg/dL,0.6,1.3,N,Routine,2025-02-10 14:52,2025-02-10 15:04,2025-02-10 18:44
LAB728897,ENC112187,PT10949,WBC,White Blood Cell Count,10,K/uL,4.5,11,N,STAT,2025-02-10 15:19,2025-02-10 15:25,2025-02-10 16:20
LAB728898,ENC112187,PT10949,HGB,Hemoglobin,13.2,g/dL,12,17.5,N,Routine,2025-02-10 14:52,2025-02-10 15:24,2025-02-10 17:55
LAB728899,ENC112187,PT10949,BUN,Blood Urea Nitrogen,13,mg/dL,7,20,N,Routine,2025-02-10 15:25,2025-02-10 15:45,2025-02-10 21:51
LAB728900,ENC112187,PT10949,PLT,Platelet Count,299,K/uL,150,400,N,STAT,2025-02-10 15:41,2025-02-10 16:09,2025-02-10 16:46
LAB728901,ENC112189,PT13660,GLU,Glucose,91,mg/dL,70,99,N,STAT,2025-02-10 18:17,2025-02-10 18:48,2025-02-10 19:33
LAB728902,ENC112189,PT13660,CREAT,Creatinine,1.11,mg/dL,0.6,1.3,N,STAT,2025-02-10 18:14,2025-02-10 18:19,2025-02-10 19:00
LAB728903,ENC112189,PT13660,WBC,White Blood Cell Count,14.3,K/uL,4.5,11,H,STAT,2025-02-10 18:54,2025-02-10 19:10,2025-02-10 20:05
LAB728904,ENC112189,PT13660,HGB,Hemoglobin,15.7,g/dL,12,17.5,N,Routine,2025-02-10 18:58,2025-02-10 19:09,2025-02-10 21:15
LAB728905,ENC112190,PT10444,GLU,Glucose,185,mg/dL,70,99,H,STAT,2025-02-10 19:22,2025-02-10 19:26,2025-02-10 20:42
LAB728906,ENC112190,PT10444,CREAT,Creatinine,2.45,mg/dL,0.6,1.3,H,STAT,2025-02-10 19:07,2025-02-10 19:29,2025-02-10 20:12
LAB728907,ENC112190,PT10444,WBC,White Blood Cell Count,6.5,K/uL,4.5,11,N,Routine,2025-02-10 19:21,2025-02-10 19:56,2025-02-10 22:09
LAB728908,ENC112190,PT10444,HGB,Hemoglobin,12,g/dL,12,17.5,N,Routine,2025-02-10 19:08,2025-02-10 19:25,2025-02-11 00:04
LAB728909,ENC112191,PT12992,INR,Prothrombin Time INR,1,ratio,0.8,1.2,N,STAT,2025-02-10 15:52,2025-02-10 16:04,2025-02-10 17:21
LAB728910,ENC112193,PT13751,GLU,Glucose,148,mg/dL,70,99,H,STAT,2025-02-10 17:41,2025-02-10 18:08,2025-02-10 19:05
LAB728911,ENC112193,PT13751,CREAT,Creatinine,0.73,mg/dL,0.6,1.3,N,Routine,2025-02-10 16:34,2025-02-10 16:48,2025-02-10 18:20
LAB728912,ENC112193,PT13751,WBC,White Blood Cell Count,14.1,K/uL,4.5,11,H,Routine,2025-02-10 17:20,2025-02-10 17:25,2025-02-10 19:23
LAB728913,ENC112195,PT13485,GLU,Glucose,84,mg/dL,70,99,N,STAT,2025-02-10 19:49,2025-02-10 20:14,2025-02-10 21:29
LAB728914,ENC112195,PT13485,CREAT,Creatinine,0.97,mg/dL,0.6,1.3,N,Routine,2025-02-10 19:21,2025-02-10 19:37,2025-02-10 22:11
LAB728915,ENC112196,PT12116,GLU,Glucose,99,mg/dL,70,99,N,Routine,2025-02-10 20:47,2025-02-10 21:01,2025-02-10 23:09
LAB728916,ENC112196,PT12116,CREAT,Creatinine,0.93,mg/dL,0.6,1.3,N,STAT,2025-02-10 20:28,2025-02-10 20:52,2025-02-10 21:27
LAB728917,ENC112196,PT12116,WBC,White Blood Cell Count,7.5,K/uL,4.5,11,N,Routine,2025-02-10 20:09,2025-02-10 20:39,2025-02-11 01:26
LAB728918,ENC112196,PT12116,HGB,Hemoglobin,12.6,g/dL,12,17.5,N,STAT,2025-02-10 20:19,2025-02-10 20:50,2025-02-10 21:43
LAB728919,ENC112201,PT11983,GLU,Glucose,245,mg/dL,70,99,H,STAT,2025-02-11 04:47,2025-02-11 04:55,2025-02-11 06:37
LAB728920,ENC112201,PT11983,CREAT,Creatinine,2.67,mg/dL,0.6,1.3,H,Routine,2025-02-11 04:25,2025-02-11 04:40,2025-02-11 08:35
LAB728921,ENC112201,PT11983,WBC,White Blood Cell Count,8.7,K/uL,4.5,11,N,STAT,2025-02-11 04:41,2025-02-11 04:50,2025-02-11 05:18
LAB728922,ENC112201,PT11983,HGB,Hemoglobin,12,g/dL,12,17.5,N,STAT,2025-02-11 04:46,2025-02-11 04:50,2025-02-11 05:53
LAB728923,ENC112201,PT11983,INR,Prothrombin Time INR,1.1,ratio,0.8,1.2,N,STAT,2025-02-11 04:30,2025-02-11 04:42,2025-02-11 05:45
LAB728924,ENC112202,PT10801,GLU,Glucose,127,mg/dL,70,99,H,Routine,2025-02-11 03:09,2025-02-11 03:44,2025-02-11 06:54
LAB728925,ENC112202,PT10801,CREAT,Creatinine,0.71,mg/dL,0.6,1.3,N,STAT,2025-02-11 03:31,2025-02-11 03:35,2025-02-11 04:23
LAB728926,ENC112202,PT10801,WBC,White Blood Cell Count,16.6,K/uL,4.5,11,H,STAT,2025-02-11 03:29,2025-02-11 03:49,2025-02-11 05:49
LAB728927,ENC112202,PT10801,HGB,Hemoglobin,15.9,g/dL,12,17.5,N,Routine,2025-02-11 02:56,2025-02-11 03:08,2025-02-11 04:26
LAB728928,ENC112203,PT10756,TROP,"Troponin I, High Sensitivity",10,ng/L,0,34,N,STAT,2025-02-11 03:09,2025-02-11 03:31,2025-02-11 03:51
LAB728929,ENC112203,PT10756,BNP,B-Type Natriuretic Peptide,868,pg/mL,0,100,H,Routine,2025-02-11 03:16,2025-02-11 03:43,2025-02-11 07:05
LAB728930,ENC112204,PT13224,GLU,Glucose,92,mg/dL,70,99,N,STAT,2025-02-11 09:40,2025-02-11 10:01,2025-02-11 10:22
LAB728931,ENC112204,PT13224,CREAT,Creatinine,0.62,mg/dL,0.6,1.3,N,Routine,2025-02-11 10:09,2025-02-11 10:25,2025-02-11 14:51
LAB728932,ENC112204,PT13224,WBC,White Blood Cell Count,4.7,K/uL,4.5,11,N,STAT,2025-02-11 09:21,2025-02-11 09:39,2025-02-11 10:47
LAB728933,ENC112204,PT13224,HGB,Hemoglobin,14,g/dL,12,17.5,N,STAT,2025-02-11 09:26,2025-02-11 09:44,2025-02-11 10:39
LAB728934,ENC112204,PT13224,NA,Sodium,139,mmol/L,136,145,N,STAT,2025-02-11 09:22,2025-02-11 09:27,2025-02-11 10:26
LAB728935,ENC112204,PT13224,K,Potassium,4.5,mmol/L,3.5,5.1,N,STAT,2025-02-11 10:01,2025-02-11 10:24,2025-02-11 10:54
LAB728936,ENC112205,PT12445,GLU,Glucose,265,mg/dL,70,99,H,STAT,2025-02-11 10:00,2025-02-11 10:19,2025-02-11 11:18
LAB728937,ENC112205,PT12445,CREAT,Creatinine,0.94,mg/dL,0.6,1.3,N,STAT,2025-02-11 10:08,2025-02-11 10:18,2025-02-11 11:14
LAB728938,ENC112205,PT12445,WBC,White Blood Cell Count,8.7,K/uL,4.5,11,N,Routine,2025-02-11 09:57,2025-02-11 10:10,2025-02-11 13:51
LAB728939,ENC112205,PT12445,HGB,Hemoglobin,13.2,g/dL,12,17.5,N,Routine,2025-02-11 09:35,2025-02-11 09:39,2025-02-11 10:53
LAB728940,ENC112205,PT12445,NA,Sodium,141,mmol/L,136,145,N,STAT,2025-02-11 09:35,2025-02-11 10:00,2025-02-11 11:06
LAB728941,ENC112205,PT12445,K,Potassium,3.8,mmol/L,3.5,5.1,N,STAT,2025-02-11 10:01,2025-02-11 10:08,2025-02-11 11:04
LAB728942,ENC112205,PT12445,TROP,"Troponin I, High Sensitivity",8,ng/L,0,34,N,STAT,2025-02-11 09:41,2025-02-11 09:48,2025-02-11 10:20
LAB728943,ENC112208,PT10527,GLU,Glucose,91,mg/dL,70,99,N,STAT,2025-02-11 10:55,2025-02-11 11:23,2025-02-11 12:07
LAB728944,ENC112208,PT10527,CREAT,Creatinine,0.65,mg/dL,0.6,1.3,N,STAT,2025-02-11 10:29,2025-02-11 10:37,2025-02-11 11:40
LAB728945,ENC112208,PT10527,WBC,White Blood Cell Count,6.2,K/uL,4.5,11,N,STAT,2025-02-11 10:24,2025-02-11 10:40,2025-02-11 11:20
LAB728946,ENC112208,PT10527,HGB,Hemoglobin,13.2,g/dL,12,17.5,N,STAT,2025-02-11 10:27,2025-02-11 10:58,2025-02-11 11:22
LAB728947,ENC112212,PT12511,GLU,Glucose,129,mg/dL,70,99,H,STAT,2025-02-11 13:43,2025-02-11 13:55,2025-02-11 14:34
LAB728948,ENC112212,PT12511,CREAT,Creatinine,1.26,mg/dL,0.6,1.3,N,Routine,2025-02-11 13:42,2025-02-11 13:52,2025-02-11 16:41
LAB728949,ENC112212,PT12511,WBC,White Blood Cell Count,2.4,K/uL,4.5,11,L,Routine,2025-02-11 13:35,2025-02-11 14:09,2025-02-11 17:54
LAB728950,ENC112212,PT12511,HGB,Hemoglobin,16.4,g/dL,12,17.5,N,STAT,2025-02-11 13:11,2025-02-11 13:19,2025-02-11 13:43
LAB728951,ENC112213,PT13590,A1C,Hemoglobin A1c,8,%,4,5.6,H,Routine,2025-02-11 09:40,2025-02-11 10:07,2025-02-12 04:06
LAB728952,ENC112213,PT13590,GLU,Glucose,156,mg/dL,70,99,H,Routine,2025-02-11 09:25,2025-02-11 09:53,2025-02-11 12:16
LAB728953,ENC112213,PT13590,CREAT,Creatinine,1.15,mg/dL,0.6,1.3,N,Routine,2025-02-11 09:34,2025-02-11 10:04,2025-02-11 15:25
LAB728954,ENC112219,PT12649,GLU,Glucose,95,mg/dL,70,99,N,Routine,2025-02-11 14:08,2025-02-11 14:24,2025-02-11 16:17
LAB728955,ENC112219,PT12649,CREAT,Creatinine,0.74,mg/dL,0.6,1.3,N,STAT,2025-02-11 13:42,2025-02-11 13:46,2025-02-11 14:35
LAB728956,ENC112219,PT12649,WBC,White Blood Cell Count,5,K/uL,4.5,11,N,Routine,2025-02-11 14:19,2025-02-11 14:52,2025-02-11 17:33
LAB728957,ENC112219,PT12649,HGB,Hemoglobin,14.2,g/dL,12,17.5,N,Routine,2025-02-11 13:32,2025-02-11 13:56,2025-02-11 16:37
LAB728958,ENC112220,PT12075,GLU,Glucose,111,mg/dL,70,99,H,Routine,2025-02-11 15:52,2025-02-11 16:21,2025-02-11 18:00
LAB728959,ENC112220,PT12075,CREAT,Creatinine,1.25,mg/dL,0.6,1.3,N,STAT,2025-02-11 16:00,2025-02-11 16:30,2025-02-11 17:34
LAB728960,ENC112220,PT12075,WBC,White Blood Cell Count,5.8,K/uL,4.5,11,N,STAT,2025-02-11 15:13,2025-02-11 15:32,2025-02-11 16:04
LAB728961,ENC112220,PT12075,HGB,Hemoglobin,13.1,g/dL,12,17.5,N,STAT,2025-02-11 16:12,2025-02-11 16:20,2025-02-11 16:42
LAB728962,ENC112222,PT11232,WBC,White Blood Cell Count,4.7,K/uL,4.5,11,N,Routine,2025-02-11 11:47,2025-02-11 12:21,2025-02-11 13:20
LAB728963,ENC112222,PT11232,HGB,Hemoglobin,11.6,g/dL,12,17.5,L,Routine,2025-02-11 11:58,2025-02-11 12:18,2025-02-11 15:14
LAB728964,ENC112222,PT11232,PLT,Platelet Count,263,K/uL,150,400,N,Routine,2025-02-11 11:55,2025-02-11 12:30,2025-02-11 15:09
LAB728965,ENC112225,PT12456,GLU,Glucose,205,mg/dL,70,99,H,STAT,2025-02-11 12:36,2025-02-11 12:47,2025-02-11 14:21
LAB728966,ENC112225,PT12456,CREAT,Creatinine,1.55,mg/dL,0.6,1.3,H,STAT,2025-02-11 13:08,2025-02-11 13:24,2025-02-11 14:23
LAB728967,ENC112225,PT12456,WBC,White Blood Cell Count,19.3,K/uL,4.5,11,H,STAT,2025-02-11 12:51,2025-02-11 13:06,2025-02-11 13:34
LAB728968,ENC112225,PT12456,HGB,Hemoglobin,16.4,g/dL,12,17.5,N,STAT,2025-02-11 13:15,2025-02-11 13:49,2025-02-11 14:51
LAB728969,ENC112225,PT12456,NA,Sodium,138,mmol/L,136,145,N,STAT,2025-02-11 12:27,2025-02-11 13:00,2025-02-11 14:28
LAB728970,ENC112225,PT12456,K,Potassium,4.1,mmol/L,3.5,5.1,N,STAT,2025-02-11 12:11,2025-02-11 12:39,2025-02-11 13:19
LAB728971,ENC112225,PT12456,BUN,Blood Urea Nitrogen,13,mg/dL,7,20,N,STAT,2025-02-11 12:43,2025-02-11 13:12,2025-02-11 14:10
LAB728972,ENC112225,PT12456,PLT,Platelet Count,320,K/uL,150,400,N,STAT,2025-02-11 12:29,2025-02-11 12:35,2025-02-11 13:15
LAB728973,ENC112225,PT12456,LACT,Lactate,2.1,mmol/L,0.5,2,H,STAT,2025-02-11 12:09,2025-02-11 12:39,2025-02-11 13:19
LAB728974,ENC112226,PT13405,LDL,LDL Cholesterol,117,mg/dL,0,99,H,Routine,2025-02-11 12:39,2025-02-11 12:54,2025-02-12 13:02
LAB728975,ENC112228,PT13266,A1C,Hemoglobin A1c,8.4,%,4,5.6,H,Routine,2025-02-11 13:14,2025-02-11 13:21,2025-02-12 05:31
LAB728976,ENC112232,PT11815,LDL,LDL Cholesterol,211,mg/dL,0,99,H,Routine,2025-02-11 14:14,2025-02-11 14:38,2025-02-12 02:27
LAB728977,ENC112232,PT11815,A1C,Hemoglobin A1c,5.8,%,4,5.6,H,Routine,2025-02-11 13:58,2025-02-11 14:16,2025-02-13 08:00
LAB728978,ENC112232,PT11815,TSH,Thyroid Stimulating Hormone,2.01,mIU/L,0.4,4,N,Routine,2025-02-11 14:15,2025-02-11 14:44,2025-02-11 22:47
LAB728979,ENC112235,PT10079,GLU,Glucose,102,mg/dL,70,99,H,STAT,2025-02-11 15:02,2025-02-11 15:23,2025-02-11 15:52
LAB728980,ENC112235,PT10079,CREAT,Creatinine,0.85,mg/dL,0.6,1.3,N,STAT,2025-02-11 14:53,2025-02-11 15:04,2025-02-11 15:29
LAB728981,ENC112235,PT10079,WBC,White Blood Cell Count,7.2,K/uL,4.5,11,N,STAT,2025-02-11 15:18,2025-02-11 15:34,2025-02-11 16:50
LAB728982,ENC112235,PT10079,HGB,Hemoglobin,5.8,g/dL,12,17.5,LL,STAT,2025-02-11 15:52,2025-02-11 16:21,2025-02-11 17:21
LAB728983,ENC112235,PT10079,INR,Prothrombin Time INR,1.1,ratio,0.8,1.2,N,Routine,2025-02-11 15:08,2025-02-11 15:18,2025-02-11 18:09
LAB728984,ENC112236,PT13728,GLU,Glucose,102,mg/dL,70,99,H,Routine,2025-02-11 15:12,2025-02-11 15:17,2025-02-11 17:32
LAB728985,ENC112236,PT13728,CREAT,Creatinine,0.7,mg/dL,0.6,1.3,N,STAT,2025-02-11 15:45,2025-02-11 15:58,2025-02-11 16:41
LAB728986,ENC112236,PT13728,WBC,White Blood Cell Count,11,K/uL,4.5,11,N,STAT,2025-02-11 15:04,2025-02-11 15:25,2025-02-11 15:46
LAB728987,ENC112236,PT13728,HGB,Hemoglobin,13.1,g/dL,12,17.5,N,Routine,2025-02-11 14:51,2025-02-11 15:25,2025-02-11 16:49
LAB728988,ENC112237,PT12188,GLU,Glucose,127,mg/dL,70,99,H,Routine,2025-02-11 16:03,2025-02-11 16:08,2025-02-11 19:49
LAB728989,ENC112237,PT12188,CREAT,Creatinine,0.91,mg/dL,0.6,1.3,N,STAT,2025-02-11 16:26,2025-02-11 16:56,2025-02-11 18:01
LAB728990,ENC112237,PT12188,WBC,White Blood Cell Count,6.3,K/uL,4.5,11,N,STAT,2025-02-11 16:34,2025-02-11 17:01,2025-02-11 17:46
LAB728991,ENC112237,PT12188,HGB,Hemoglobin,12.1,g/dL,12,17.5,N,STAT,2025-02-11 16:14,2025-02-11 16:25,2025-02-11 17:22
LAB728992,ENC112239,PT10127,GLU,Glucose,76,mg/dL,70,99,N,Routine,2025-02-11 18:47,2025-02-11 19:22,2025-02-11 22:12
LAB728993,ENC112239,PT10127,CREAT,Creatinine,1,mg/dL,0.6,1.3,N,Routine,2025-02-11 19:19,2025-02-11 19:37,2025-02-11 23:02
LAB728994,ENC112239,PT10127,WBC,White Blood Cell Count,7.9,K/uL,4.5,11,N,Routine,2025-02-11 19:12,2025-02-11 19:18,2025-02-11 21:01
LAB728995,ENC112239,PT10127,HGB,Hemoglobin,15.3,g/dL,12,17.5,N,STAT,2025-02-11 19:33,2025-02-11 19:49,2025-02-11 20:58
LAB728996,ENC112243,PT11207,GLU,Glucose,108,mg/dL,70,99,H,STAT,2025-02-11 20:13,2025-02-11 20:23,2025-02-11 20:59
LAB728997,ENC112243,PT11207,CREAT,Creatinine,0.86,mg/dL,0.6,1.3,N,STAT,2025-02-11 20:06,2025-02-11 20:20,2025-02-11 21:14
LAB728998,ENC112243,PT11207,WBC,White Blood Cell Count,7.2,K/uL,4.5,11,N,Routine,2025-02-11 21:11,2025-02-11 21:34,2025-02-12 01:27
LAB728999,ENC112243,PT11207,HGB,Hemoglobin,13.3,g/dL,12,17.5,N,STAT,2025-02-11 20:09,2025-02-11 20:34,2025-02-11 21:18
LAB729000,ENC112243,PT11207,TROP,"Troponin I, High Sensitivity",1,ng/L,0,34,N,STAT,2025-02-11 20:19,2025-02-11 20:50,2025-02-11 22:00
LAB729001,ENC112243,PT11207,BNP,B-Type Natriuretic Peptide,1781,pg/mL,0,100,H,STAT,2025-02-11 20:31,2025-02-11 20:45,2025-02-11 21:07
LAB729002,ENC112244,PT11965,GLU,Glucose,123,mg/dL,70,99,H,STAT,2025-02-11 18:08,2025-02-11 18:26,2025-02-11 19:23
LAB729003,ENC112244,PT11965,CREAT,Creatinine,0.38,mg/dL,0.6,1.3,L,Routine,2025-02-11 17:45,2025-02-11 18:18,2025-02-11 21:50
LAB729004,ENC112244,PT11965,WBC,White Blood Cell Count,9.3,K/uL,4.5,11,N,STAT,2025-02-11 17:46,2025-02-11 18:09,2025-02-11 19:26
LAB729005,ENC112244,PT11965,HGB,Hemoglobin,12.5,g/dL,12,17.5,N,STAT,2025-02-11 18:11,2025-02-11 18:39,2025-02-11 19:14
LAB729006,ENC112246,PT13186,GLU,Glucose,128,mg/dL,70,99,H,Routine,2025-02-11 23:34,2025-02-11 23:46,2025-02-12 05:27
LAB729007,ENC112246,PT13186,CREAT,Creatinine,0.93,mg/dL,0.6,1.3,N,STAT,2025-02-12 00:00,2025-02-12 00:22,2025-02-12 01:53
LAB729008,ENC112246,PT13186,WBC,White Blood Cell Count,9.6,K/uL,4.5,11,N,STAT,2025-02-12 00:15,2025-02-12 00:30,2025-02-12 01:44
LAB729009,ENC112246,PT13186,HGB,Hemoglobin,7,g/dL,12,17.5,L,Routine,2025-02-11 23:26,2025-02-11 23:55,2025-02-12 01:30
LAB729010,ENC112246,PT13186,LACT,Lactate,1.9,mmol/L,0.5,2,N,STAT,2025-02-11 23:59,2025-02-12 00:26,2025-02-12 00:59
LAB729011,ENC112246,PT13186,INR,Prothrombin Time INR,1.1,ratio,0.8,1.2,N,STAT,2025-02-11 23:22,2025-02-11 23:43,2025-02-12 00:09
LAB729012,ENC112247,PT13942,GLU,Glucose,106,mg/dL,70,99,H,STAT,2025-02-12 00:33,2025-02-12 00:45,2025-02-12 01:43
LAB729013,ENC112247,PT13942,CREAT,Creatinine,0.61,mg/dL,0.6,1.3,N,Routine,2025-02-12 00:41,2025-02-12 00:56,2025-02-12 03:14
LAB729014,ENC112247,PT13942,WBC,White Blood Cell Count,22.9,K/uL,4.5,11,H,STAT,2025-02-12 00:32,2025-02-12 00:54,2025-02-12 02:42
LAB729015,ENC112247,PT13942,HGB,Hemoglobin,15.6,g/dL,12,17.5,N,Routine,2025-02-12 00:29,2025-02-12 00:53,2025-02-12 02:04
LAB729016,ENC112247,PT13942,LACT,Lactate,6.1,mmol/L,0.5,2,HH,STAT,2025-02-12 00:03,2025-02-12 00:36,2025-02-12 01:18
LAB729017,ENC112249,PT10710,GLU,Glucose,86,mg/dL,70,99,N,STAT,2025-02-12 08:21,2025-02-12 08:49,2025-02-12 09:13
LAB729018,ENC112249,PT10710,CREAT,Creatinine,2.88,mg/dL,0.6,1.3,H,STAT,2025-02-12 08:17,2025-02-12 08:35,2025-02-12 09:21
LAB729019,ENC112249,PT10710,WBC,White Blood Cell Count,7.7,K/uL,4.5,11,N,STAT,2025-02-12 08:23,2025-02-12 08:53,2025-02-12 09:49
LAB729020,ENC112249,PT10710,HGB,Hemoglobin,13.2,g/dL,12,17.5,N,Routine,2025-02-12 07:25,2025-02-12 07:59,2025-02-12 11:12
LAB729021,ENC112249,PT10710,NA,Sodium,144,mmol/L,136,145,N,STAT,2025-02-12 08:25,2025-02-12 08:34,2025-02-12 10:14
LAB729022,ENC112249,PT10710,K,Potassium,6.5,mmol/L,3.5,5.1,HH,STAT,2025-02-12 08:22,2025-02-12 08:28,2025-02-12 08:43
LAB729023,ENC112252,PT11687,GLU,Glucose,96,mg/dL,70,99,N,STAT,2025-02-12 05:50,2025-02-12 06:18,2025-02-12 07:28
LAB729024,ENC112252,PT11687,CREAT,Creatinine,0.55,mg/dL,0.6,1.3,L,STAT,2025-02-12 06:57,2025-02-12 07:31,2025-02-12 08:05
LAB729025,ENC112252,PT11687,WBC,White Blood Cell Count,5.1,K/uL,4.5,11,N,Routine,2025-02-12 06:48,2025-02-12 06:55,2025-02-12 08:42
LAB729026,ENC112252,PT11687,HGB,Hemoglobin,14.3,g/dL,12,17.5,N,Routine,2025-02-12 06:28,2025-02-12 06:49,2025-02-12 09:26
LAB729027,ENC112253,PT11582,GLU,Glucose,96,mg/dL,70,99,N,STAT,2025-02-12 11:45,2025-02-12 12:11,2025-02-12 12:36
LAB729028,ENC112253,PT11582,CREAT,Creatinine,0.78,mg/dL,0.6,1.3,N,STAT,2025-02-12 12:44,2025-02-12 12:56,2025-02-12 13:33
LAB729029,ENC112253,PT11582,WBC,White Blood Cell Count,5.1,K/uL,4.5,11,N,STAT,2025-02-12 12:25,2025-02-12 12:31,2025-02-12 13:27
LAB729030,ENC112253,PT11582,HGB,Hemoglobin,14.4,g/dL,12,17.5,N,Routine,2025-02-12 12:42,2025-02-12 13:13,2025-02-12 17:33
LAB729031,ENC112255,PT12806,GLU,Glucose,129,mg/dL,70,99,H,STAT,2025-02-12 11:05,2025-02-12 11:13,2025-02-12 12:24
LAB729032,ENC112255,PT12806,CREAT,Creatinine,1.19,mg/dL,0.6,1.3,N,Routine,2025-02-12 10:47,2025-02-12 10:59,2025-02-12 19:13
LAB729033,ENC112255,PT12806,WBC,White Blood Cell Count,9,K/uL,4.5,11,N,Routine,2025-02-12 11:15,2025-02-12 11:25,2025-02-12 13:06
LAB729034,ENC112255,PT12806,HGB,Hemoglobin,13.4,g/dL,12,17.5,N,STAT,2025-02-12 11:11,2025-02-12 11:15,2025-02-12 11:52
LAB729035,ENC112257,PT10210,GLU,Glucose,125,mg/dL,70,99,H,Routine,2025-02-12 12:20,2025-02-12 12:53,2025-02-12 15:30
LAB729036,ENC112257,PT10210,CREAT,Creatinine,0.85,mg/dL,0.6,1.3,N,STAT,2025-02-12 12:18,2025-02-12 12:26,2025-02-12 13:06
LAB729037,ENC112260,PT12949,A1C,Hemoglobin A1c,11.2,%,4,5.6,H,Routine,2025-02-12 12:52,2025-02-12 13:19,2025-02-12 23:46
LAB729038,ENC112261,PT13341,GLU,Glucose,103,mg/dL,70,99,H,STAT,2025-02-12 13:49,2025-02-12 14:17,2025-02-12 15:26
LAB729039,ENC112261,PT13341,CREAT,Creatinine,1.22,mg/dL,0.6,1.3,N,STAT,2025-02-12 14:25,2025-02-12 14:40,2025-02-12 15:09
LAB729040,ENC112262,PT12045,GLU,Glucose,108,mg/dL,70,99,H,STAT,2025-02-12 16:00,2025-02-12 16:11,2025-02-12 17:25
LAB729041,ENC112262,PT12045,CREAT,Creatinine,1.11,mg/dL,0.6,1.3,N,Routine,2025-02-12 15:39,2025-02-12 15:52,2025-02-12 20:36
LAB729042,ENC112262,PT12045,WBC,White Blood Cell Count,15.8,K/uL,4.5,11,H,STAT,2025-02-12 16:15,2025-02-12 16:24,2025-02-12 16:49
LAB729043,ENC112262,PT12045,HGB,Hemoglobin,13,g/dL,12,17.5,N,STAT,2025-02-12 15:36,2025-02-12 15:46,2025-02-12 17:08
LAB729044,ENC112267,PT13941,GLU,Glucose,92,mg/dL,70,99,N,STAT,2025-02-12 19:13,2025-02-12 19:18,2025-02-12 19:46
LAB729045,ENC112267,PT13941,CREAT,Creatinine,0.83,mg/dL,0.6,1.3,N,STAT,2025-02-12 19:46,2025-02-12 20:20,2025-02-12 20:50
LAB729046,ENC112267,PT13941,WBC,White Blood Cell Count,6.9,K/uL,4.5,11,N,STAT,2025-02-12 18:42,2025-02-12 19:13,2025-02-12 19:46
LAB729047,ENC112267,PT13941,HGB,Hemoglobin,15.1,g/dL,12,17.5,N,Routine,2025-02-12 18:52,2025-02-12 19:15,2025-02-12 21:29
LAB729048,ENC112267,PT13941,NA,Sodium,139,mmol/L,136,145,N,Routine,2025-02-12 19:05,2025-02-12 19:24,2025-02-13 06:19
LAB729049,ENC112267,PT13941,K,Potassium,4,mmol/L,3.5,5.1,N,STAT,2025-02-12 19:49,2025-02-12 20:23,2025-02-12 21:37
LAB729050,ENC112268,PT12950,A1C,Hemoglobin A1c,6.5,%,4,5.6,H,Routine,2025-02-12 14:40,2025-02-12 14:57,2025-02-12 23:11
LAB729051,ENC112268,PT12950,GLU,Glucose,212,mg/dL,70,99,H,Routine,2025-02-12 14:41,2025-02-12 14:54,2025-02-13 00:20
LAB729052,ENC112268,PT12950,CREAT,Creatinine,1.15,mg/dL,0.6,1.3,N,Routine,2025-02-12 14:45,2025-02-12 15:04,2025-02-12 18:05
LAB729053,ENC112271,PT11749,WBC,White Blood Cell Count,7,K/uL,4.5,11,N,Routine,2025-02-12 16:00,2025-02-12 16:10,2025-02-12 19:41
LAB729054,ENC112271,PT11749,HGB,Hemoglobin,10.5,g/dL,12,17.5,L,Routine,2025-02-12 15:37,2025-02-12 15:47,2025-02-12 18:28
LAB729055,ENC112271,PT11749,PLT,Platelet Count,176,K/uL,150,400,N,Routine,2025-02-12 15:42,2025-02-12 15:47,2025-02-12 18:40
LAB729056,ENC112273,PT10406,A1C,Hemoglobin A1c,5.4,%,4,5.6,N,Routine,2025-02-12 16:15,2025-02-12 16:25,2025-02-13 03:26
LAB729057,ENC112274,PT11560,GLU,Glucose,200,mg/dL,70,99,H,STAT,2025-02-12 18:34,2025-02-12 19:07,2025-02-12 19:44
LAB729058,ENC112274,PT11560,CREAT,Creatinine,0.95,mg/dL,0.6,1.3,N,STAT,2025-02-12 18:33,2025-02-12 18:40,2025-02-12 19:33
LAB729059,ENC112274,PT11560,WBC,White Blood Cell Count,16.4,K/uL,4.5,11,H,STAT,2025-02-12 19:25,2025-02-12 19:31,2025-02-12 20:17
LAB729060,ENC112275,PT11209,GLU,Glucose,231,mg/dL,70,99,H,STAT,2025-02-12 21:15,2025-02-12 21:36,2025-02-12 22:14
LAB729061,ENC112275,PT11209,CREAT,Creatinine,0.97,mg/dL,0.6,1.3,N,Routine,2025-02-12 21:10,2025-02-12 21:28,2025-02-13 02:17
LAB729062,ENC112275,PT11209,WBC,White Blood Cell Count,9.9,K/uL,4.5,11,N,Routine,2025-02-12 21:05,2025-02-12 21:12,2025-02-12 23:27
LAB729063,ENC112275,PT11209,HGB,Hemoglobin,14.7,g/dL,12,17.5,N,STAT,2025-02-12 20:58,2025-02-12 21:24,2025-02-12 21:50
LAB729064,ENC112275,PT11209,NA,Sodium,136,mmol/L,136,145,N,STAT,2025-02-12 21:09,2025-02-12 21:20,2025-02-12 22:20
LAB729065,ENC112275,PT11209,K,Potassium,4.3,mmol/L,3.5,5.1,N,STAT,2025-02-12 20:59,2025-02-12 21:20,2025-02-12 22:36
LAB729066,ENC112275,PT11209,INR,Prothrombin Time INR,1.1,ratio,0.8,1.2,N,STAT,2025-02-12 21:35,2025-02-12 21:54,2025-02-12 23:12
LAB729067,ENC112276,PT13517,GLU,Glucose,144,mg/dL,70,99,H,STAT,2025-02-12 22:31,2025-02-12 22:35,2025-02-12 23:44
LAB729068,ENC112276,PT13517,CREAT,Creatinine,0.93,mg/dL,0.6,1.3,N,STAT,2025-02-12 21:52,2025-02-12 22:20,2025-02-12 23:10
LAB729069,ENC112276,PT13517,WBC,White Blood Cell Count,7.3,K/uL,4.5,11,N,Routine,2025-02-12 22:48,2025-02-12 22:52,2025-02-13 01:49
LAB729070,ENC112276,PT13517,HGB,Hemoglobin,9.6,g/dL,12,17.5,L,Routine,2025-02-12 22:41,2025-02-12 22:48,2025-02-13 00:51
LAB729071,ENC112276,PT13517,NA,Sodium,138,mmol/L,136,145,N,STAT,2025-02-12 21:42,2025-02-12 22:09,2025-02-12 23:12
LAB729072,ENC112276,PT13517,K,Potassium,4.4,mmol/L,3.5,5.1,N,STAT,2025-02-12 22:08,2025-02-12 22:14,2025-02-12 23:14
LAB729073,ENC112276,PT13517,INR,Prothrombin Time INR,1,ratio,0.8,1.2,N,Routine,2025-02-12 21:44,2025-02-12 21:55,2025-02-13 01:58
LAB729074,ENC112278,PT10811,GLU,Glucose,46,mg/dL,70,99,L,STAT,2025-02-12 21:31,2025-02-12 21:54,2025-02-12 23:44
LAB729075,ENC112278,PT10811,CREAT,Creatinine,0.57,mg/dL,0.6,1.3,L,STAT,2025-02-12 21:23,2025-02-12 21:35,2025-02-12 22:42
LAB729076,ENC112279,PT12978,GLU,Glucose,118,mg/dL,70,99,H,Routine,2025-02-12 23:14,2025-02-12 23:20,2025-02-13 01:06
LAB729077,ENC112279,PT12978,CREAT,Creatinine,0.89,mg/dL,0.6,1.3,N,STAT,2025-02-12 22:37,2025-02-12 22:50,2025-02-12 23:45
LAB729078,ENC112279,PT12978,WBC,White Blood Cell Count,4.7,K/uL,4.5,11,N,STAT,2025-02-12 23:17,2025-02-12 23:41,2025-02-13 00:50
LAB729079,ENC112280,PT12355,GLU,Glucose,116,mg/dL,70,99,H,Routine,2025-02-13 01:56,2025-02-13 02:30,2025-02-13 05:41
LAB729080,ENC112280,PT12355,CREAT,Creatinine,0.7,mg/dL,0.6,1.3,N,STAT,2025-02-13 01:52,2025-02-13 02:10,2025-02-13 02:52
LAB729081,ENC112280,PT12355,WBC,White Blood Cell Count,5.5,K/uL,4.5,11,N,STAT,2025-02-13 01:01,2025-02-13 01:26,2025-02-13 01:49
LAB729082,ENC112280,PT12355,HGB,Hemoglobin,13.7,g/dL,12,17.5,N,STAT,2025-02-13 00:59,2025-02-13 01:13,2025-02-13 01:35
LAB729083,ENC112281,PT10597,GLU,Glucose,106,mg/dL,70,99,H,STAT,2025-02-13 06:47,2025-02-13 06:51,2025-02-13 07:37
LAB729084,ENC112281,PT10597,CREAT,Creatinine,1.04,mg/dL,0.6,1.3,N,STAT,2025-02-13 07:10,2025-02-13 07:20,2025-02-13 08:11
LAB729085,ENC112281,PT10597,WBC,White Blood Cell Count,7.1,K/uL,4.5,11,N,STAT,2025-02-13 06:46,2025-02-13 06:52,2025-02-13 07:20
LAB729086,ENC112281,PT10597,HGB,Hemoglobin,12.8,g/dL,12,17.5,N,Routine,2025-02-13 07:13,2025-02-13 07:22,2025-02-13 11:15
LAB729087,ENC112282,PT10533,GLU,Glucose,90,mg/dL,70,99,N,STAT,2025-02-13 09:21,2025-02-13 09:56,2025-02-13 10:45
LAB729088,ENC112282,PT10533,CREAT,Creatinine,0.99,mg/dL,0.6,1.3,N,STAT,2025-02-13 09:33,2025-02-13 09:42,2025-02-13 11:16
LAB729089,ENC112282,PT10533,WBC,White Blood Cell Count,18.3,K/uL,4.5,11,H,Routine,2025-02-13 09:15,2025-02-13 09:32,2025-02-13 10:54
LAB729090,ENC112282,PT10533,HGB,Hemoglobin,14.4,g/dL,12,17.5,N,STAT,2025-02-13 08:48,2025-02-13 09:07,2025-02-13 10:12
LAB729091,ENC112284,PT13647,A1C,Hemoglobin A1c,8.8,%,4,5.6,H,Routine,2025-02-13 08:55,2025-02-13 09:23,2025-02-14 02:29
LAB729092,ENC112286,PT11746,LDL,LDL Cholesterol,114,mg/dL,0,99,H,Routine,2025-02-13 09:18,2025-02-13 09:44,2025-02-13 21:38
LAB729093,ENC112286,PT11746,A1C,Hemoglobin A1c,5.8,%,4,5.6,H,Routine,2025-02-13 09:15,2025-02-13 09:50,2025-02-13 23:10
LAB729094,ENC112286,PT11746,TSH,Thyroid Stimulating Hormone,0.36,mIU/L,0.4,4,L,Routine,2025-02-13 09:18,2025-02-13 09:50,2025-02-14 13:52
LAB729095,ENC112289,PT11831,WBC,White Blood Cell Count,5.3,K/uL,4.5,11,N,Routine,2025-02-13 09:30,2025-02-13 09:49,2025-02-13 18:03
LAB729096,ENC112289,PT11831,HGB,Hemoglobin,13.4,g/dL,12,17.5,N,Routine,2025-02-13 09:17,2025-02-13 09:28,2025-02-13 13:25
LAB729097,ENC112289,PT11831,PLT,Platelet Count,237,K/uL,150,400,N,Routine,2025-02-13 09:29,2025-02-13 09:35,2025-02-13 12:56
LAB729098,ENC112291,PT13055,LDL,LDL Cholesterol,129,mg/dL,0,99,H,Routine,2025-02-13 10:25,2025-02-13 10:35,2025-02-13 20:02
LAB729099,ENC112295,PT12626,GLU,Glucose,110,mg/dL,70,99,H,Routine,2025-02-13 14:49,2025-02-13 15:16,2025-02-13 20:00
LAB729100,ENC112295,PT12626,CREAT,Creatinine,0.32,mg/dL,0.6,1.3,L,STAT,2025-02-13 15:52,2025-02-13 16:20,2025-02-13 16:54
LAB729101,ENC112295,PT12626,WBC,White Blood Cell Count,4.8,K/uL,4.5,11,N,STAT,2025-02-13 15:16,2025-02-13 15:35,2025-02-13 16:37
LAB729102,ENC112295,PT12626,HGB,Hemoglobin,13,g/dL,12,17.5,N,Routine,2025-02-13 15:40,2025-02-13 15:51,2025-02-13 19:54
LAB729103,ENC112295,PT12626,BUN,Blood Urea Nitrogen,23,mg/dL,7,20,H,STAT,2025-02-13 14:52,2025-02-13 15:12,2025-02-13 16:01
LAB729104,ENC112295,PT12626,PLT,Platelet Count,323,K/uL,150,400,N,Routine,2025-02-13 15:18,2025-02-13 15:46,2025-02-13 20:12
LAB729105,ENC112296,PT12657,GLU,Glucose,101,mg/dL,70,99,H,STAT,2025-02-13 12:11,2025-02-13 12:27,2025-02-13 13:07
LAB729106,ENC112296,PT12657,CREAT,Creatinine,0.96,mg/dL,0.6,1.3,N,Routine,2025-02-13 11:49,2025-02-13 11:54,2025-02-13 15:11
LAB729107,ENC112297,PT11581,GLU,Glucose,130,mg/dL,70,99,H,STAT,2025-02-13 11:45,2025-02-13 11:53,2025-02-13 12:31
LAB729108,ENC112297,PT11581,CREAT,Creatinine,1.07,mg/dL,0.6,1.3,N,Routine,2025-02-13 12:23,2025-02-13 12:30,2025-02-13 14:48
LAB729109,ENC112297,PT11581,WBC,White Blood Cell Count,10.3,K/uL,4.5,11,N,Routine,2025-02-13 12:01,2025-02-13 12:28,2025-02-13 16:06
LAB729110,ENC112297,PT11581,HGB,Hemoglobin,13.2,g/dL,12,17.5,N,STAT,2025-02-13 11:54,2025-02-13 12:24,2025-02-13 12:45
LAB729111,ENC112299,PT13984,LDL,LDL Cholesterol,138,mg/dL,0,99,H,Routine,2025-02-13 12:35,2025-02-13 12:41,2025-02-14 00:29
LAB729112,ENC112299,PT13984,A1C,Hemoglobin A1c,5.5,%,4,5.6,N,Routine,2025-02-13 12:40,2025-02-13 12:54,2025-02-13 19:25
LAB729113,ENC112299,PT13984,TSH,Thyroid Stimulating Hormone,2.6,mIU/L,0.4,4,N,Routine,2025-02-13 12:38,2025-02-13 13:11,2025-02-14 06:32
LAB729114,ENC112301,PT10875,LDL,LDL Cholesterol,141,mg/dL,0,99,H,Routine,2025-02-13 12:59,2025-02-13 13:29,2025-02-13 23:47
LAB729115,ENC112302,PT12160,A1C,Hemoglobin A1c,7.9,%,4,5.6,H,Routine,2025-02-13 13:28,2025-02-13 13:54,2025-02-15 10:13
LAB729116,ENC112304,PT10882,LDL,LDL Cholesterol,123,mg/dL,0,99,H,Routine,2025-02-13 13:21,2025-02-13 13:42,2025-02-13 19:40
LAB729117,ENC112306,PT11873,A1C,Hemoglobin A1c,8.4,%,4,5.6,H,Routine,2025-02-13 13:44,2025-02-13 14:11,2025-02-14 07:11
LAB729118,ENC112309,PT13354,GLU,Glucose,124,mg/dL,70,99,H,Routine,2025-02-13 18:31,2025-02-13 18:50,2025-02-14 01:39
LAB729119,ENC112309,PT13354,CREAT,Creatinine,0.95,mg/dL,0.6,1.3,N,STAT,2025-02-13 18:46,2025-02-13 18:55,2025-02-13 19:37
LAB729120,ENC112309,PT13354,WBC,White Blood Cell Count,6.1,K/uL,4.5,11,N,STAT,2025-02-13 19:27,2025-02-13 19:56,2025-02-13 21:00
LAB729121,ENC112309,PT13354,HGB,Hemoglobin,13.4,g/dL,12,17.5,N,Routine,2025-02-13 18:55,2025-02-13 18:59,2025-02-13 20:48
LAB729122,ENC112310,PT13562,GLU,Glucose,100,mg/dL,70,99,H,Routine,2025-02-13 15:50,2025-02-13 16:17,2025-02-13 18:06
LAB729123,ENC112310,PT13562,CREAT,Creatinine,0.94,mg/dL,0.6,1.3,N,Routine,2025-02-13 15:21,2025-02-13 15:29,2025-02-13 16:24
LAB729124,ENC112310,PT13562,WBC,White Blood Cell Count,10.8,K/uL,4.5,11,N,STAT,2025-02-13 15:25,2025-02-13 15:36,2025-02-13 16:37
LAB729125,ENC112310,PT13562,HGB,Hemoglobin,13,g/dL,12,17.5,N,STAT,2025-02-13 14:59,2025-02-13 15:13,2025-02-13 15:49
LAB729126,ENC112314,PT12322,GLU,Glucose,278,mg/dL,70,99,H,Routine,2025-02-13 15:14,2025-02-13 15:18,2025-02-13 17:02
LAB729127,ENC112314,PT12322,CREAT,Creatinine,1.04,mg/dL,0.6,1.3,N,Routine,2025-02-13 15:44,2025-02-13 15:58,2025-02-13 18:54
LAB729128,ENC112314,PT12322,WBC,White Blood Cell Count,6.3,K/uL,4.5,11,N,STAT,2025-02-13 15:37,2025-02-13 15:48,2025-02-13 16:15
LAB729129,ENC112315,PT10979,GLU,Glucose,108,mg/dL,70,99,H,STAT,2025-02-13 19:55,2025-02-13 20:22,2025-02-13 21:09
LAB729130,ENC112315,PT10979,CREAT,Creatinine,0.71,mg/dL,0.6,1.3,N,Routine,2025-02-13 19:41,2025-02-13 19:52,2025-02-13 22:09
LAB729131,ENC112315,PT10979,WBC,White Blood Cell Count,8.5,K/uL,4.5,11,N,STAT,2025-02-13 19:56,2025-02-13 20:07,2025-02-13 20:54
LAB729132,ENC112315,PT10979,HGB,Hemoglobin,14.9,g/dL,12,17.5,N,Routine,2025-02-13 19:47,2025-02-13 20:21,2025-02-14 03:55
LAB729133,ENC112316,PT12077,GLU,Glucose,93,mg/dL,70,99,N,STAT,2025-02-13 18:07,2025-02-13 18:37,2025-02-13 19:19
LAB729134,ENC112316,PT12077,CREAT,Creatinine,1.1,mg/dL,0.6,1.3,N,STAT,2025-02-13 18:20,2025-02-13 18:50,2025-02-13 19:21
LAB729135,ENC112316,PT12077,WBC,White Blood Cell Count,6.9,K/uL,4.5,11,N,Routine,2025-02-13 18:22,2025-02-13 18:34,2025-02-13 21:12
LAB729136,ENC112316,PT12077,HGB,Hemoglobin,15.4,g/dL,12,17.5,N,Routine,2025-02-13 18:14,2025-02-13 18:42,2025-02-13 23:24
LAB729137,ENC112316,PT12077,NA,Sodium,137,mmol/L,136,145,N,STAT,2025-02-13 18:21,2025-02-13 18:49,2025-02-13 19:35
LAB729138,ENC112316,PT12077,K,Potassium,4.4,mmol/L,3.5,5.1,N,STAT,2025-02-13 18:42,2025-02-13 19:05,2025-02-13 20:25
LAB729139,ENC112319,PT10659,GLU,Glucose,100,mg/dL,70,99,H,Routine,2025-02-13 16:35,2025-02-13 16:57,2025-02-13 19:53
LAB729140,ENC112319,PT10659,CREAT,Creatinine,0.88,mg/dL,0.6,1.3,N,STAT,2025-02-13 16:53,2025-02-13 17:07,2025-02-13 18:06
LAB729141,ENC112319,PT10659,WBC,White Blood Cell Count,10.3,K/uL,4.5,11,N,Routine,2025-02-13 16:28,2025-02-13 16:55,2025-02-13 18:37
LAB729142,ENC112319,PT10659,HGB,Hemoglobin,12.3,g/dL,12,17.5,N,STAT,2025-02-13 17:25,2025-02-13 17:48,2025-02-13 18:57
LAB729143,ENC112321,PT11873,GLU,Glucose,86,mg/dL,70,99,N,Routine,2025-02-13 20:26,2025-02-13 20:52,2025-02-14 01:30
LAB729144,ENC112321,PT11873,CREAT,Creatinine,2.8,mg/dL,0.6,1.3,H,Routine,2025-02-13 20:45,2025-02-13 20:58,2025-02-14 00:44
LAB729145,ENC112321,PT11873,WBC,White Blood Cell Count,5.1,K/uL,4.5,11,N,STAT,2025-02-13 19:47,2025-02-13 20:13,2025-02-13 21:29
LAB729146,ENC112321,PT11873,HGB,Hemoglobin,14.4,g/dL,12,17.5,N,Routine,2025-02-13 20:20,2025-02-13 20:40,2025-02-14 00:03
LAB729147,ENC112321,PT11873,NA,Sodium,138,mmol/L,136,145,N,STAT,2025-02-13 20:24,2025-02-13 20:55,2025-02-13 21:40
LAB729148,ENC112321,PT11873,K,Potassium,5.2,mmol/L,3.5,5.1,H,STAT,2025-02-13 19:50,2025-02-13 20:09,2025-02-13 20:51
LAB729149,ENC112323,PT12973,GLU,Glucose,97,mg/dL,70,99,N,STAT,2025-02-13 20:56,2025-02-13 21:15,2025-02-13 22:15
LAB729150,ENC112323,PT12973,CREAT,Creatinine,1.19,mg/dL,0.6,1.3,N,Routine,2025-02-13 20:39,2025-02-13 21:08,2025-02-14 01:39
LAB729151,ENC112323,PT12973,WBC,White Blood Cell Count,7,K/uL,4.5,11,N,STAT,2025-02-13 20:51,2025-02-13 21:13,2025-02-13 22:33
LAB729152,ENC112323,PT12973,HGB,Hemoglobin,16.1,g/dL,12,17.5,N,Routine,2025-02-13 19:57,2025-02-13 20:21,2025-02-13 23:13
LAB729153,ENC112324,PT12657,GLU,Glucose,103,mg/dL,70,99,H,STAT,2025-02-13 21:30,2025-02-13 21:59,2025-02-13 22:41
LAB729154,ENC112324,PT12657,CREAT,Creatinine,0.95,mg/dL,0.6,1.3,N,Routine,2025-02-13 21:45,2025-02-13 22:14,2025-02-13 22:57
LAB729155,ENC112324,PT12657,WBC,White Blood Cell Count,10.8,K/uL,4.5,11,N,STAT,2025-02-13 22:12,2025-02-13 22:39,2025-02-13 23:49
LAB729156,ENC112324,PT12657,HGB,Hemoglobin,17.1,g/dL,12,17.5,N,STAT,2025-02-13 22:11,2025-02-13 22:17,2025-02-13 23:22
LAB729157,ENC112325,PT10751,GLU,Glucose,72,mg/dL,70,99,N,STAT,2025-02-13 19:26,2025-02-13 19:45,2025-02-13 20:15
LAB729158,ENC112325,PT10751,CREAT,Creatinine,0.94,mg/dL,0.6,1.3,N,Routine,2025-02-13 19:06,2025-02-13 19:30,2025-02-13 22:46
LAB729159,ENC112325,PT10751,WBC,White Blood Cell Count,11.2,K/uL,4.5,11,H,Routine,2025-02-13 19:16,2025-02-13 19:39,2025-02-13 21:32
LAB729160,ENC112326,PT13410,GLU,Glucose,165,mg/dL,70,99,H,Routine,2025-02-13 23:42,2025-02-13 23:47,2025-02-14 04:38
LAB729161,ENC112326,PT13410,CREAT,Creatinine,1.61,mg/dL,0.6,1.3,H,STAT,2025-02-13 23:44,2025-02-14 00:10,2025-02-14 00:48
LAB729162,ENC112326,PT13410,WBC,White Blood Cell Count,15,K/uL,4.5,11,H,STAT,2025-02-13 23:46,2025-02-14 00:15,2025-02-14 01:01
LAB729163,ENC112326,PT13410,HGB,Hemoglobin,14.1,g/dL,12,17.5,N,STAT,2025-02-14 00:10,2025-02-14 00:20,2025-02-14 01:33
LAB729164,ENC112326,PT13410,LACT,Lactate,3.8,mmol/L,0.5,2,H,STAT,2025-02-14 00:07,2025-02-14 00:28,2025-02-14 00:58
LAB729165,ENC112327,PT11417,GLU,Glucose,125,mg/dL,70,99,H,Routine,2025-02-14 00:39,2025-02-14 01:11,2025-02-14 06:55
LAB729166,ENC112327,PT11417,CREAT,Creatinine,1.04,mg/dL,0.6,1.3,N,Routine,2025-02-13 23:55,2025-02-14 00:18,2025-02-14 03:44
LAB729167,ENC112327,PT11417,WBC,White Blood Cell Count,20.2,K/uL,4.5,11,H,STAT,2025-02-14 00:05,2025-02-14 00:35,2025-02-14 01:23
LAB729168,ENC112327,PT11417,HGB,Hemoglobin,15.3,g/dL,12,17.5,N,STAT,2025-02-14 00:26,2025-02-14 00:31,2025-02-14 01:01
LAB729169,ENC112327,PT11417,LACT,Lactate,2.3,mmol/L,0.5,2,H,STAT,2025-02-14 00:52,2025-02-14 01:16,2025-02-14 02:41
LAB729170,ENC112330,PT10464,GLU,Glucose,83,mg/dL,70,99,N,STAT,2025-02-14 07:52,2025-02-14 08:10,2025-02-14 08:24
LAB729171,ENC112330,PT10464,CREAT,Creatinine,0.64,mg/dL,0.6,1.3,N,STAT,2025-02-14 07:06,2025-02-14 07:29,2025-02-14 08:33
LAB729172,ENC112330,PT10464,WBC,White Blood Cell Count,13.5,K/uL,4.5,11,H,Routine,2025-02-14 07:16,2025-02-14 07:32,2025-02-14 11:06
LAB729173,ENC112330,PT10464,HGB,Hemoglobin,14.3,g/dL,12,17.5,N,STAT,2025-02-14 08:06,2025-02-14 08:14,2025-02-14 08:49
LAB729174,ENC112330,PT10464,NA,Sodium,137,mmol/L,136,145,N,STAT,2025-02-14 07:02,2025-02-14 07:20,2025-02-14 08:40
LAB729175,ENC112330,PT10464,K,Potassium,4.2,mmol/L,3.5,5.1,N,STAT,2025-02-14 07:39,2025-02-14 07:49,2025-02-14 08:52
LAB729176,ENC112334,PT10477,WBC,White Blood Cell Count,7.2,K/uL,4.5,11,N,Routine,2025-02-14 10:04,2025-02-14 10:14,2025-02-14 14:19
LAB729177,ENC112334,PT10477,HGB,Hemoglobin,13.8,g/dL,12,17.5,N,Routine,2025-02-14 10:13,2025-02-14 10:24,2025-02-14 20:18
LAB729178,ENC112334,PT10477,PLT,Platelet Count,290,K/uL,150,400,N,Routine,2025-02-14 09:54,2025-02-14 09:59,2025-02-14 12:26
LAB729179,ENC112335,PT10397,TROP,"Troponin I, High Sensitivity",8,ng/L,0,34,N,STAT,2025-02-14 11:09,2025-02-14 11:14,2025-02-14 12:09
LAB729180,ENC112336,PT13767,GLU,Glucose,210,mg/dL,70,99,H,STAT,2025-02-14 15:03,2025-02-14 15:17,2025-02-14 15:57
LAB729181,ENC112336,PT13767,CREAT,Creatinine,2.85,mg/dL,0.6,1.3,H,STAT,2025-02-14 15:08,2025-02-14 15:36,2025-02-14 16:23
LAB729182,ENC112336,PT13767,WBC,White Blood Cell Count,1.6,K/uL,4.5,11,L,STAT,2025-02-14 15:04,2025-02-14 15:10,2025-02-14 16:24
LAB729183,ENC112336,PT13767,HGB,Hemoglobin,12,g/dL,12,17.5,N,Routine,2025-02-14 15:53,2025-02-14 16:18,2025-02-14 21:38
LAB729184,ENC112338,PT10337,A1C,Hemoglobin A1c,5.8,%,4,5.6,H,Routine,2025-02-14 12:20,2025-02-14 12:31,2025-02-14 23:14
LAB729185,ENC112338,PT10337,GLU,Glucose,85,mg/dL,70,99,N,Routine,2025-02-14 12:23,2025-02-14 12:49,2025-02-14 15:19
LAB729186,ENC112338,PT10337,CREAT,Creatinine,0.82,mg/dL,0.6,1.3,N,Routine,2025-02-14 12:19,2025-02-14 12:27,2025-02-14 17:20
LAB729187,ENC112339,PT11659,GLU,Glucose,148,mg/dL,70,99,H,STAT,2025-02-14 16:22,2025-02-14 16:55,2025-02-14 17:43
LAB729188,ENC112339,PT11659,CREAT,Creatinine,2.06,mg/dL,0.6,1.3,H,Routine,2025-02-14 16:17,2025-02-14 16:32,2025-02-14 19:47
LAB729189,ENC112339,PT11659,WBC,White Blood Cell Count,17.9,K/uL,4.5,11,H,Routine,2025-02-14 16:22,2025-02-14 16:28,2025-02-14 20:57
LAB729190,ENC112339,PT11659,HGB,Hemoglobin,14.9,g/dL,12,17.5,N,STAT,2025-02-14 16:22,2025-02-14 16:42,2025-02-14 17:00
LAB729191,ENC112339,PT11659,LACT,Lactate,2.7,mmol/L,0.5,2,H,STAT,2025-02-14 15:57,2025-02-14 16:21,2025-02-14 17:00
LAB729192,ENC112342,PT13407,GLU,Glucose,99,mg/dL,70,99,N,STAT,2025-02-14 13:42,2025-02-14 13:57,2025-02-14 15:04
LAB729193,ENC112342,PT13407,CREAT,Creatinine,1.35,mg/dL,0.6,1.3,H,Routine,2025-02-14 14:31,2025-02-14 15:02,2025-02-14 18:16
LAB729194,ENC112342,PT13407,WBC,White Blood Cell Count,6.6,K/uL,4.5,11,N,STAT,2025-02-14 13:39,2025-02-14 14:09,2025-02-14 14:30
LAB729195,ENC112342,PT13407,HGB,Hemoglobin,8.2,g/dL,12,17.5,L,STAT,2025-02-14 14:39,2025-02-14 14:51,2025-02-14 15:56
LAB729196,ENC112342,PT13407,NA,Sodium,140,mmol/L,136,145,N,STAT,2025-02-14 14:08,2025-02-14 14:41,2025-02-14 15:30
LAB729197,ENC112342,PT13407,K,Potassium,4.9,mmol/L,3.5,5.1,N,STAT,2025-02-14 14:10,2025-02-14 14:34,2025-02-14 15:41
LAB729198,ENC112344,PT11909,GLU,Glucose,115,mg/dL,70,99,H,Routine,2025-02-14 17:04,2025-02-14 17:10,2025-02-14 20:35
LAB729199,ENC112344,PT11909,CREAT,Creatinine,1.07,mg/dL,0.6,1.3,N,STAT,2025-02-14 17:48,2025-02-14 18:06,2025-02-14 19:31
LAB729200,ENC112344,PT11909,WBC,White Blood Cell Count,8.2,K/uL,4.5,11,N,Routine,2025-02-14 17:32,2025-02-14 17:46,2025-02-14 21:32
LAB729201,ENC112344,PT11909,HGB,Hemoglobin,12.9,g/dL,12,17.5,N,STAT,2025-02-14 17:42,2025-02-14 17:53,2025-02-14 18:41
LAB729202,ENC112344,PT11909,NA,Sodium,143,mmol/L,136,145,N,STAT,2025-02-14 17:17,2025-02-14 17:32,2025-02-14 19:39
LAB729203,ENC112344,PT11909,K,Potassium,4.4,mmol/L,3.5,5.1,N,STAT,2025-02-14 17:06,2025-02-14 17:21,2025-02-14 18:27
LAB729204,ENC112345,PT10303,GLU,Glucose,112,mg/dL,70,99,H,STAT,2025-02-14 18:51,2025-02-14 19:10,2025-02-14 20:05
LAB729205,ENC112345,PT10303,CREAT,Creatinine,1.12,mg/dL,0.6,1.3,N,STAT,2025-02-14 18:24,2025-02-14 18:56,2025-02-14 19:54
LAB729206,ENC112345,PT10303,WBC,White Blood Cell Count,4.7,K/uL,4.5,11,N,STAT,2025-02-14 18:52,2025-02-14 19:17,2025-02-14 20:21
LAB729207,ENC112345,PT10303,HGB,Hemoglobin,14.4,g/dL,12,17.5,N,Routine,2025-02-14 18:59,2025-02-14 19:19,2025-02-14 21:27
LAB729208,ENC112346,PT11305,A1C,Hemoglobin A1c,10.3,%,4,5.6,H,Routine,2025-02-14 14:51,2025-02-14 15:22,2025-02-15 00:30
LAB729209,ENC112347,PT10859,LDL,LDL Cholesterol,141,mg/dL,0,99,H,Routine,2025-02-14 15:19,2025-02-14 15:28,2025-02-15 04:36
LAB729210,ENC112350,PT10717,LDL,LDL Cholesterol,136,mg/dL,0,99,H,Routine,2025-02-14 15:30,2025-02-14 15:35,2025-02-14 23:24
LAB729211,ENC112350,PT10717,TSH,Thyroid Stimulating Hormone,2.26,mIU/L,0.4,4,N,Routine,2025-02-14 15:32,2025-02-14 15:59,2025-02-15 05:50
LAB729212,ENC112355,PT13640,GLU,Glucose,148,mg/dL,70,99,H,STAT,2025-02-14 21:28,2025-02-14 21:41,2025-02-14 22:03
LAB729213,ENC112355,PT13640,CREAT,Creatinine,0.87,mg/dL,0.6,1.3,N,STAT,2025-02-14 21:57,2025-02-14 22:22,2025-02-14 22:53
LAB729214,ENC112355,PT13640,WBC,White Blood Cell Count,12.5,K/uL,4.5,11,H,Routine,2025-02-14 21:30,2025-02-14 21:55,2025-02-14 22:59
LAB729215,ENC112355,PT13640,HGB,Hemoglobin,14.6,g/dL,12,17.5,N,Routine,2025-02-14 21:17,2025-02-14 21:33,2025-02-14 23:51
LAB729216,ENC112355,PT13640,BUN,Blood Urea Nitrogen,19,mg/dL,7,20,N,STAT,2025-02-14 21:22,2025-02-14 21:31,2025-02-14 22:14
LAB729217,ENC112355,PT13640,PLT,Platelet Count,296,K/uL,150,400,N,Routine,2025-02-14 21:04,2025-02-14 21:26,2025-02-14 23:17
LAB729218,ENC112357,PT10450,GLU,Glucose,73,mg/dL,70,99,N,Routine,2025-02-14 21:00,2025-02-14 21:10,2025-02-15 02:42
LAB729219,ENC112357,PT10450,CREAT,Creatinine,1,mg/dL,0.6,1.3,N,STAT,2025-02-14 21:39,2025-02-14 22:07,2025-02-14 22:43
LAB729220,ENC112357,PT10450,WBC,White Blood Cell Count,8.3,K/uL,4.5,11,N,STAT,2025-02-14 21:23,2025-02-14 21:48,2025-02-14 22:36
LAB729221,ENC112357,PT10450,HGB,Hemoglobin,12.3,g/dL,12,17.5,N,STAT,2025-02-14 20:55,2025-02-14 21:02,2025-02-14 21:41
LAB729222,ENC112359,PT10552,GLU,Glucose,109,mg/dL,70,99,H,Routine,2025-02-15 00:32,2025-02-15 01:02,2025-02-15 05:25
LAB729223,ENC112359,PT10552,CREAT,Creatinine,0.99,mg/dL,0.6,1.3,N,Routine,2025-02-15 00:27,2025-02-15 00:57,2025-02-15 05:07
LAB729224,ENC112359,PT10552,WBC,White Blood Cell Count,0.3,K/uL,4.5,11,LL,Routine,2025-02-14 23:45,2025-02-15 00:12,2025-02-15 01:41
LAB729225,ENC112359,PT10552,HGB,Hemoglobin,14.2,g/dL,12,17.5,N,STAT,2025-02-15 00:18,2025-02-15 00:33,2025-02-15 01:11
LAB729226,ENC112362,PT11793,GLU,Glucose,112,mg/dL,70,99,H,Routine,2025-02-15 02:31,2025-02-15 02:50,2025-02-15 05:25
LAB729227,ENC112362,PT11793,CREAT,Creatinine,0.85,mg/dL,0.6,1.3,N,Routine,2025-02-15 02:33,2025-02-15 03:03,2025-02-15 06:17
LAB729228,ENC112362,PT11793,WBC,White Blood Cell Count,6.8,K/uL,4.5,11,N,Routine,2025-02-15 02:32,2025-02-15 02:56,2025-02-15 05:17
LAB729229,ENC112362,PT11793,HGB,Hemoglobin,14.4,g/dL,12,17.5,N,STAT,2025-02-15 02:24,2025-02-15 02:55,2025-02-15 03:23
LAB729230,ENC112362,PT11793,BUN,Blood Urea Nitrogen,19,mg/dL,7,20,N,STAT,2025-02-15 02:46,2025-02-15 02:50,2025-02-15 03:23
LAB729231,ENC112362,PT11793,PLT,Platelet Count,183,K/uL,150,400,N,Routine,2025-02-15 02:47,2025-02-15 03:00,2025-02-15 05:13
LAB729232,ENC112363,PT10169,GLU,Glucose,101,mg/dL,70,99,H,STAT,2025-02-15 10:13,2025-02-15 10:44,2025-02-15 12:11
LAB729233,ENC112363,PT10169,CREAT,Creatinine,0.79,mg/dL,0.6,1.3,N,Routine,2025-02-15 10:11,2025-02-15 10:28,2025-02-15 13:08
LAB729234,ENC112363,PT10169,WBC,White Blood Cell Count,6.9,K/uL,4.5,11,N,STAT,2025-02-15 10:00,2025-02-15 10:25,2025-02-15 10:49
LAB729235,ENC112363,PT10169,HGB,Hemoglobin,14.6,g/dL,12,17.5,N,STAT,2025-02-15 10:39,2025-02-15 11:07,2025-02-15 11:55
LAB729236,ENC112363,PT10169,TROP,"Troponin I, High Sensitivity",4,ng/L,0,34,N,STAT,2025-02-15 10:32,2025-02-15 11:01,2025-02-15 11:39
LAB729237,ENC112363,PT10169,BNP,B-Type Natriuretic Peptide,814,pg/mL,0,100,H,STAT,2025-02-15 10:40,2025-02-15 11:09,2025-02-15 12:11
LAB729238,ENC112364,PT12940,GLU,Glucose,94,mg/dL,70,99,N,STAT,2025-02-15 07:31,2025-02-15 08:01,2025-02-15 08:57
LAB729239,ENC112364,PT12940,CREAT,Creatinine,0.35,mg/dL,0.6,1.3,L,Routine,2025-02-15 08:14,2025-02-15 08:31,2025-02-15 10:50
LAB729240,ENC112364,PT12940,WBC,White Blood Cell Count,7.4,K/uL,4.5,11,N,Routine,2025-02-15 07:31,2025-02-15 07:42,2025-02-15 15:31
LAB729241,ENC112364,PT12940,HGB,Hemoglobin,12.1,g/dL,12,17.5,N,STAT,2025-02-15 08:01,2025-02-15 08:08,2025-02-15 08:45
LAB729242,ENC112364,PT12940,NA,Sodium,137,mmol/L,136,145,N,Routine,2025-02-15 08:20,2025-02-15 08:34,2025-02-15 10:18
LAB729243,ENC112364,PT12940,K,Potassium,3.9,mmol/L,3.5,5.1,N,STAT,2025-02-15 07:35,2025-02-15 07:54,2025-02-15 08:29
LAB729244,ENC112365,PT10433,GLU,Glucose,106,mg/dL,70,99,H,STAT,2025-02-15 12:59,2025-02-15 13:13,2025-02-15 13:50
LAB729245,ENC112365,PT10433,CREAT,Creatinine,0.94,mg/dL,0.6,1.3,N,STAT,2025-02-15 13:15,2025-02-15 13:33,2025-02-15 14:12
LAB729246,ENC112365,PT10433,WBC,White Blood Cell Count,5.6,K/uL,4.5,11,N,STAT,2025-02-15 12:13,2025-02-15 12:22,2025-02-15 12:45
LAB729247,ENC112365,PT10433,HGB,Hemoglobin,14.4,g/dL,12,17.5,N,STAT,2025-02-15 12:32,2025-02-15 12:51,2025-02-15 13:58
LAB729248,ENC112367,PT13639,GLU,Glucose,116,mg/dL,70,99,H,Routine,2025-02-15 15:54,2025-02-15 16:21,2025-02-15 20:17
LAB729249,ENC112367,PT13639,CREAT,Creatinine,0.94,mg/dL,0.6,1.3,N,Routine,2025-02-15 16:16,2025-02-15 16:50,2025-02-15 19:38
LAB729250,ENC112367,PT13639,WBC,White Blood Cell Count,4.4,K/uL,4.5,11,L,STAT,2025-02-15 16:16,2025-02-15 16:48,2025-02-15 18:34
LAB729251,ENC112367,PT13639,HGB,Hemoglobin,14.5,g/dL,12,17.5,N,STAT,2025-02-15 15:07,2025-02-15 15:15,2025-02-15 15:52
LAB729252,ENC112370,PT13548,GLU,Glucose,169,mg/dL,70,99,H,STAT,2025-02-15 16:19,2025-02-15 16:42,2025-02-15 17:26
LAB729253,ENC112370,PT13548,CREAT,Creatinine,1.03,mg/dL,0.6,1.3,N,STAT,2025-02-15 15:25,2025-02-15 15:35,2025-02-15 16:25
LAB729254,ENC112370,PT13548,WBC,White Blood Cell Count,9.6,K/uL,4.5,11,N,STAT,2025-02-15 16:01,2025-02-15 16:20,2025-02-15 16:50
LAB729255,ENC112370,PT13548,HGB,Hemoglobin,13,g/dL,12,17.5,N,STAT,2025-02-15 16:22,2025-02-15 16:56,2025-02-15 17:49
LAB729256,ENC112371,PT12745,GLU,Glucose,156,mg/dL,70,99,H,STAT,2025-02-15 14:30,2025-02-15 14:38,2025-02-15 15:26
LAB729257,ENC112371,PT12745,CREAT,Creatinine,1.2,mg/dL,0.6,1.3,N,Routine,2025-02-15 13:53,2025-02-15 14:08,2025-02-15 17:37
LAB729258,ENC112371,PT12745,WBC,White Blood Cell Count,11.7,K/uL,4.5,11,H,Routine,2025-02-15 14:36,2025-02-15 15:06,2025-02-15 19:37
LAB729259,ENC112371,PT12745,HGB,Hemoglobin,12.7,g/dL,12,17.5,N,STAT,2025-02-15 13:44,2025-02-15 14:16,2025-02-15 14:56
LAB729260,ENC112372,PT10430,GLU,Glucose,110,mg/dL,70,99,H,STAT,2025-02-15 17:50,2025-02-15 18:21,2025-02-15 19:40
LAB729261,ENC112372,PT10430,CREAT,Creatinine,1.11,mg/dL,0.6,1.3,N,Routine,2025-02-15 16:50,2025-02-15 17:02,2025-02-15 18:52
LAB729262,ENC112372,PT10430,WBC,White Blood Cell Count,8.7,K/uL,4.5,11,N,STAT,2025-02-15 17:45,2025-02-15 18:19,2025-02-15 18:46
LAB729263,ENC112372,PT10430,HGB,Hemoglobin,14.5,g/dL,12,17.5,N,STAT,2025-02-15 17:36,2025-02-15 17:59,2025-02-15 19:24
LAB729264,ENC112374,PT12161,GLU,Glucose,98,mg/dL,70,99,N,STAT,2025-02-15 16:42,2025-02-15 17:01,2025-02-15 18:16
LAB729265,ENC112374,PT12161,CREAT,Creatinine,1.08,mg/dL,0.6,1.3,N,Routine,2025-02-15 17:03,2025-02-15 17:29,2025-02-15 19:04
LAB729266,ENC112374,PT12161,WBC,White Blood Cell Count,15.6,K/uL,4.5,11,H,STAT,2025-02-15 16:40,2025-02-15 16:44,2025-02-15 17:09
LAB729267,ENC112374,PT12161,HGB,Hemoglobin,15.6,g/dL,12,17.5,N,STAT,2025-02-15 16:45,2025-02-15 17:19,2025-02-15 18:21
LAB729268,ENC112375,PT10293,GLU,Glucose,224,mg/dL,70,99,H,STAT,2025-02-15 18:22,2025-02-15 18:48,2025-02-15 20:02
LAB729269,ENC112375,PT10293,CREAT,Creatinine,0.75,mg/dL,0.6,1.3,N,STAT,2025-02-15 18:08,2025-02-15 18:14,2025-02-15 19:04
LAB729270,ENC112375,PT10293,WBC,White Blood Cell Count,8.2,K/uL,4.5,11,N,Routine,2025-02-15 18:17,2025-02-15 18:38,2025-02-15 22:06
LAB729271,ENC112375,PT10293,HGB,Hemoglobin,11.1,g/dL,12,17.5,L,STAT,2025-02-15 18:15,2025-02-15 18:23,2025-02-15 19:10
LAB729272,ENC112377,PT12684,GLU,Glucose,110,mg/dL,70,99,H,STAT,2025-02-15 21:56,2025-02-15 22:00,2025-02-15 22:48
LAB729273,ENC112377,PT12684,CREAT,Creatinine,1.14,mg/dL,0.6,1.3,N,STAT,2025-02-15 21:38,2025-02-15 22:10,2025-02-15 22:45
LAB729274,ENC112377,PT12684,WBC,White Blood Cell Count,7.1,K/uL,4.5,11,N,STAT,2025-02-15 21:12,2025-02-15 21:31,2025-02-15 22:15
LAB729275,ENC112377,PT12684,HGB,Hemoglobin,13.9,g/dL,12,17.5,N,Routine,2025-02-15 22:20,2025-02-15 22:54,2025-02-16 01:29
LAB729276,ENC112377,PT12684,INR,Prothrombin Time INR,1,ratio,0.8,1.2,N,STAT,2025-02-15 22:06,2025-02-15 22:13,2025-02-15 23:38
LAB729277,ENC112378,PT13614,GLU,Glucose,112,mg/dL,70,99,H,Routine,2025-02-15 22:46,2025-02-15 23:15,2025-02-16 03:11
LAB729278,ENC112378,PT13614,CREAT,Creatinine,0.8,mg/dL,0.6,1.3,N,STAT,2025-02-15 21:49,2025-02-15 22:12,2025-02-15 23:29
LAB729279,ENC112378,PT13614,WBC,White Blood Cell Count,7.5,K/uL,4.5,11,N,Routine,2025-02-15 22:53,2025-02-15 23:17,2025-02-16 01:16
LAB729280,ENC112378,PT13614,HGB,Hemoglobin,6.8,g/dL,12,17.5,LL,Routine,2025-02-15 22:50,2025-02-15 22:54,2025-02-16 04:17
LAB729281,ENC112378,PT13614,LACT,Lactate,2.1,mmol/L,0.5,2,H,STAT,2025-02-15 22:17,2025-02-15 22:23,2025-02-15 22:43
LAB729282,ENC112378,PT13614,INR,Prothrombin Time INR,1,ratio,0.8,1.2,N,STAT,2025-02-15 22:23,2025-02-15 22:57,2025-02-15 23:37
LAB729283,ENC112381,PT13395,GLU,Glucose,88,mg/dL,70,99,N,STAT,2025-02-15 23:42,2025-02-16 00:08,2025-02-16 01:42
LAB729284,ENC112381,PT13395,CREAT,Creatinine,2.42,mg/dL,0.6,1.3,H,STAT,2025-02-16 00:09,2025-02-16 00:42,2025-02-16 01:26
LAB729285,ENC112381,PT13395,WBC,White Blood Cell Count,9.7,K/uL,4.5,11,N,Routine,2025-02-16 00:38,2025-02-16 00:55,2025-02-16 02:19
LAB729286,ENC112381,PT13395,HGB,Hemoglobin,9.3,g/dL,12,17.5,L,Routine,2025-02-15 23:33,2025-02-15 23:55,2025-02-16 04:10
LAB729287,ENC112381,PT13395,INR,Prothrombin Time INR,2.6,ratio,0.8,1.2,H,Routine,2025-02-16 00:01,2025-02-16 00:07,2025-02-16 01:44
LAB729288,ENC112383,PT13193,GLU,Glucose,272,mg/dL,70,99,H,STAT,2025-02-16 09:39,2025-02-16 10:14,2025-02-16 10:41
LAB729289,ENC112383,PT13193,CREAT,Creatinine,0.76,mg/dL,0.6,1.3,N,STAT,2025-02-16 08:55,2025-02-16 09:15,2025-02-16 10:10
LAB729290,ENC112383,PT13193,WBC,White Blood Cell Count,10,K/uL,4.5,11,N,STAT,2025-02-16 08:57,2025-02-16 09:17,2025-02-16 09:52
LAB729291,ENC112383,PT13193,HGB,Hemoglobin,15,g/dL,12,17.5,N,STAT,2025-02-16 08:58,2025-02-16 09:33,2025-02-16 10:20
LAB729292,ENC112383,PT13193,NA,Sodium,141,mmol/L,136,145,N,STAT,2025-02-16 09:11,2025-02-16 09:30,2025-02-16 09:59
LAB729293,ENC112383,PT13193,K,Potassium,4.1,mmol/L,3.5,5.1,N,STAT,2025-02-16 09:26,2025-02-16 09:38,2025-02-16 10:30
LAB729294,ENC112384,PT13253,GLU,Glucose,82,mg/dL,70,99,N,Routine,2025-02-16 13:35,2025-02-16 14:10,2025-02-16 17:32
LAB729295,ENC112384,PT13253,CREAT,Creatinine,0.83,mg/dL,0.6,1.3,N,STAT,2025-02-16 13:53,2025-02-16 14:11,2025-02-16 14:53
LAB729296,ENC112384,PT13253,WBC,White Blood Cell Count,8.2,K/uL,4.5,11,N,STAT,2025-02-16 13:45,2025-02-16 14:14,2025-02-16 15:20
LAB729297,ENC112384,PT13253,HGB,Hemoglobin,11.5,g/dL,12,17.5,L,Routine,2025-02-16 13:19,2025-02-16 13:41,2025-02-16 16:30
LAB729298,ENC112386,PT11952,GLU,Glucose,88,mg/dL,70,99,N,STAT,2025-02-16 12:30,2025-02-16 12:45,2025-02-16 13:32
LAB729299,ENC112386,PT11952,CREAT,Creatinine,0.93,mg/dL,0.6,1.3,N,Routine,2025-02-16 11:54,2025-02-16 12:11,2025-02-16 13:08
LAB729300,ENC112386,PT11952,WBC,White Blood Cell Count,12.9,K/uL,4.5,11,H,Routine,2025-02-16 11:59,2025-02-16 12:09,2025-02-16 20:03
LAB729301,ENC112386,PT11952,HGB,Hemoglobin,11.8,g/dL,12,17.5,L,STAT,2025-02-16 12:29,2025-02-16 12:42,2025-02-16 13:23
LAB729302,ENC112387,PT13517,GLU,Glucose,166,mg/dL,70,99,H,Routine,2025-02-16 12:05,2025-02-16 12:27,2025-02-16 17:26
LAB729303,ENC112387,PT13517,CREAT,Creatinine,0.96,mg/dL,0.6,1.3,N,STAT,2025-02-16 12:17,2025-02-16 12:44,2025-02-16 13:40
LAB729304,ENC112387,PT13517,WBC,White Blood Cell Count,1.1,K/uL,4.5,11,L,STAT,2025-02-16 12:15,2025-02-16 12:50,2025-02-16 13:22
LAB729305,ENC112387,PT13517,HGB,Hemoglobin,16.3,g/dL,12,17.5,N,STAT,2025-02-16 11:52,2025-02-16 11:57,2025-02-16 12:51
LAB729306,ENC112390,PT10992,GLU,Glucose,111,mg/dL,70,99,H,STAT,2025-02-16 14:31,2025-02-16 14:59,2025-02-16 15:37
LAB729307,ENC112390,PT10992,CREAT,Creatinine,0.78,mg/dL,0.6,1.3,N,Routine,2025-02-16 14:58,2025-02-16 15:15,2025-02-16 16:15
LAB729308,ENC112390,PT10992,WBC,White Blood Cell Count,7.5,K/uL,4.5,11,N,STAT,2025-02-16 15:15,2025-02-16 15:36,2025-02-16 16:26
LAB729309,ENC112390,PT10992,HGB,Hemoglobin,13.3,g/dL,12,17.5,N,STAT,2025-02-16 14:30,2025-02-16 14:57,2025-02-16 15:53
LAB729310,ENC112391,PT11656,GLU,Glucose,84,mg/dL,70,99,N,STAT,2025-02-16 17:51,2025-02-16 18:22,2025-02-16 18:49
LAB729311,ENC112391,PT11656,CREAT,Creatinine,0.97,mg/dL,0.6,1.3,N,STAT,2025-02-16 18:51,2025-02-16 19:20,2025-02-16 20:13
LAB729312,ENC112391,PT11656,WBC,White Blood Cell Count,3,K/uL,4.5,11,L,Routine,2025-02-16 18:18,2025-02-16 18:40,2025-02-16 21:19
LAB729313,ENC112391,PT11656,HGB,Hemoglobin,6.9,g/dL,12,17.5,LL,STAT,2025-02-16 18:06,2025-02-16 18:35,2025-02-16 19:23
LAB729314,ENC112391,PT11656,NA,Sodium,142,mmol/L,136,145,N,Routine,2025-02-16 18:01,2025-02-16 18:28,2025-02-16 21:42
LAB729315,ENC112391,PT11656,K,Potassium,4.5,mmol/L,3.5,5.1,N,STAT,2025-02-16 18:25,2025-02-16 18:55,2025-02-16 19:23
LAB729316,ENC112391,PT11656,LACT,Lactate,2.1,mmol/L,0.5,2,H,STAT,2025-02-16 18:10,2025-02-16 18:35,2025-02-16 19:14
LAB729317,ENC112391,PT11656,INR,Prothrombin Time INR,1.2,ratio,0.8,1.2,N,STAT,2025-02-16 18:50,2025-02-16 18:54,2025-02-16 19:23
LAB729318,ENC112392,PT11330,GLU,Glucose,127,mg/dL,70,99,H,Routine,2025-02-16 19:34,2025-02-16 20:07,2025-02-16 21:36
LAB729319,ENC112392,PT11330,CREAT,Creatinine,1.22,mg/dL,0.6,1.3,N,STAT,2025-02-16 19:09,2025-02-16 19:18,2025-02-16 19:54
LAB729320,ENC112392,PT11330,WBC,White Blood Cell Count,11.6,K/uL,4.5,11,H,STAT,2025-02-16 19:06,2025-02-16 19:20,2025-02-16 19:52
LAB729321,ENC112392,PT11330,HGB,Hemoglobin,14.6,g/dL,12,17.5,N,Routine,2025-02-16 19:18,2025-02-16 19:22,2025-02-16 21:22
LAB729322,ENC112394,PT11787,GLU,Glucose,113,mg/dL,70,99,H,STAT,2025-02-16 18:30,2025-02-16 18:42,2025-02-16 19:53
LAB729323,ENC112394,PT11787,CREAT,Creatinine,1.04,mg/dL,0.6,1.3,N,STAT,2025-02-16 19:08,2025-02-16 19:25,2025-02-16 20:19
LAB729324,ENC112394,PT11787,WBC,White Blood Cell Count,7.6,K/uL,4.5,11,N,STAT,2025-02-16 18:11,2025-02-16 18:18,2025-02-16 18:39
LAB729325,ENC112394,PT11787,HGB,Hemoglobin,11.2,g/dL,12,17.5,L,Routine,2025-02-16 18:57,2025-02-16 19:26,2025-02-16 21:19
LAB729326,ENC112395,PT10539,GLU,Glucose,119,mg/dL,70,99,H,STAT,2025-02-16 16:37,2025-02-16 17:00,2025-02-16 17:34
LAB729327,ENC112395,PT10539,CREAT,Creatinine,0.5,mg/dL,0.6,1.3,L,Routine,2025-02-16 16:08,2025-02-16 16:33,2025-02-16 18:52
LAB729328,ENC112395,PT10539,WBC,White Blood Cell Count,8.4,K/uL,4.5,11,N,Routine,2025-02-16 16:11,2025-02-16 16:27,2025-02-16 18:20
LAB729329,ENC112395,PT10539,HGB,Hemoglobin,13,g/dL,12,17.5,N,STAT,2025-02-16 16:56,2025-02-16 17:11,2025-02-16 18:40
LAB729330,ENC112395,PT10539,BUN,Blood Urea Nitrogen,14,mg/dL,7,20,N,STAT,2025-02-16 16:35,2025-02-16 16:59,2025-02-16 18:22
LAB729331,ENC112395,PT10539,PLT,Platelet Count,232,K/uL,150,400,N,Routine,2025-02-16 16:38,2025-02-16 16:49,2025-02-16 21:21
LAB729332,ENC112398,PT13094,GLU,Glucose,131,mg/dL,70,99,H,STAT,2025-02-16 23:00,2025-02-16 23:25,2025-02-17 00:03
LAB729333,ENC112398,PT13094,CREAT,Creatinine,0.89,mg/dL,0.6,1.3,N,STAT,2025-02-16 23:11,2025-02-16 23:34,2025-02-17 01:12
LAB729334,ENC112398,PT13094,WBC,White Blood Cell Count,23.3,K/uL,4.5,11,H,Routine,2025-02-16 22:34,2025-02-16 23:05,2025-02-17 06:16
LAB729335,ENC112398,PT13094,HGB,Hemoglobin,14.7,g/dL,12,17.5,N,STAT,2025-02-16 23:15,2025-02-16 23:43,2025-02-17 00:32
LAB729336,ENC112402,PT13754,GLU,Glucose,114,mg/dL,70,99,H,Routine,2025-02-17 01:46,2025-02-17 02:17,2025-02-17 08:22
LAB729337,ENC112402,PT13754,CREAT,Creatinine,0.37,mg/dL,0.6,1.3,L,Routine,2025-02-17 01:12,2025-02-17 01:38,2025-02-17 02:43
LAB729338,ENC112402,PT13754,WBC,White Blood Cell Count,9.3,K/uL,4.5,11,N,Routine,2025-02-17 01:46,2025-02-17 02:02,2025-02-17 07:50
LAB729339,ENC112403,PT10285,GLU,Glucose,119,mg/dL,70,99,H,STAT,2025-02-17 01:37,2025-02-17 01:54,2025-02-17 02:46
LAB729340,ENC112403,PT10285,CREAT,Creatinine,3.28,mg/dL,0.6,1.3,H,STAT,2025-02-17 02:00,2025-02-17 02:30,2025-02-17 03:05
LAB729341,ENC112403,PT10285,WBC,White Blood Cell Count,7.5,K/uL,4.5,11,N,Routine,2025-02-17 02:11,2025-02-17 02:21,2025-02-17 04:24
LAB729342,ENC112403,PT10285,HGB,Hemoglobin,9.9,g/dL,12,17.5,L,STAT,2025-02-17 01:23,2025-02-17 01:48,2025-02-17 02:23
LAB729343,ENC112404,PT11424,GLU,Glucose,110,mg/dL,70,99,H,STAT,2025-02-17 04:15,2025-02-17 04:34,2025-02-17 05:32
LAB729344,ENC112404,PT11424,CREAT,Creatinine,1.09,mg/dL,0.6,1.3,N,Routine,2025-02-17 05:21,2025-02-17 05:49,2025-02-17 07:20
LAB729345,ENC112404,PT11424,WBC,White Blood Cell Count,9.5,K/uL,4.5,11,N,STAT,2025-02-17 05:05,2025-02-17 05:09,2025-02-17 06:03
LAB729346,ENC112404,PT11424,HGB,Hemoglobin,12.8,g/dL,12,17.5,N,Routine,2025-02-17 05:17,2025-02-17 05:23,2025-02-17 07:38
LAB729347,ENC112405,PT10139,GLU,Glucose,123,mg/dL,70,99,H,STAT,2025-02-17 05:04,2025-02-17 05:21,2025-02-17 06:27
LAB729348,ENC112405,PT10139,CREAT,Creatinine,0.88,mg/dL,0.6,1.3,N,Routine,2025-02-17 04:16,2025-02-17 04:28,2025-02-17 05:26
LAB729349,ENC112405,PT10139,WBC,White Blood Cell Count,6.6,K/uL,4.5,11,N,STAT,2025-02-17 04:15,2025-02-17 04:49,2025-02-17 06:09
LAB729350,ENC112405,PT10139,HGB,Hemoglobin,14.5,g/dL,12,17.5,N,STAT,2025-02-17 04:28,2025-02-17 04:45,2025-02-17 06:06
LAB729351,ENC112406,PT12911,GLU,Glucose,232,mg/dL,70,99,H,STAT,2025-02-17 07:13,2025-02-17 07:18,2025-02-17 08:18
LAB729352,ENC112406,PT12911,CREAT,Creatinine,0.8,mg/dL,0.6,1.3,N,STAT,2025-02-17 06:59,2025-02-17 07:33,2025-02-17 08:21
LAB729353,ENC112406,PT12911,WBC,White Blood Cell Count,6.9,K/uL,4.5,11,N,STAT,2025-02-17 07:05,2025-02-17 07:36,2025-02-17 08:15
LAB729354,ENC112406,PT12911,HGB,Hemoglobin,15,g/dL,12,17.5,N,STAT,2025-02-17 06:43,2025-02-17 07:08,2025-02-17 07:46
LAB729355,ENC112409,PT13439,A1C,Hemoglobin A1c,5.2,%,4,5.6,N,Routine,2025-02-17 08:40,2025-02-17 08:58,2025-02-17 11:58
LAB729356,ENC112410,PT11333,GLU,Glucose,101,mg/dL,70,99,H,Routine,2025-02-17 13:35,2025-02-17 13:58,2025-02-17 16:16
LAB729357,ENC112410,PT11333,CREAT,Creatinine,1.01,mg/dL,0.6,1.3,N,STAT,2025-02-17 13:46,2025-02-17 14:06,2025-02-17 15:02
LAB729358,ENC112410,PT11333,WBC,White Blood Cell Count,5.8,K/uL,4.5,11,N,STAT,2025-02-17 14:06,2025-02-17 14:15,2025-02-17 15:11
LAB729359,ENC112410,PT11333,HGB,Hemoglobin,15.8,g/dL,12,17.5,N,STAT,2025-02-17 13:30,2025-02-17 14:04,2025-02-17 14:47
LAB729360,ENC112410,PT11333,BUN,Blood Urea Nitrogen,18,mg/dL,7,20,N,STAT,2025-02-17 12:58,2025-02-17 13:12,2025-02-17 13:33
LAB729361,ENC112410,PT11333,PLT,Platelet Count,270,K/uL,150,400,N,Routine,2025-02-17 13:02,2025-02-17 13:24,2025-02-17 15:53
LAB729362,ENC112410,PT11333,TROP,"Troponin I, High Sensitivity",303,ng/L,0,34,H,STAT,2025-02-17 13:20,2025-02-17 13:25,2025-02-17 14:57
LAB729363,ENC112412,PT10055,WBC,White Blood Cell Count,5.1,K/uL,4.5,11,N,Routine,2025-02-17 09:23,2025-02-17 09:48,2025-02-17 15:00
LAB729364,ENC112412,PT10055,HGB,Hemoglobin,11.7,g/dL,12,17.5,L,Routine,2025-02-17 09:43,2025-02-17 09:52,2025-02-17 12:04
LAB729365,ENC112412,PT10055,PLT,Platelet Count,294,K/uL,150,400,N,Routine,2025-02-17 09:30,2025-02-17 09:45,2025-02-17 12:00
LAB729366,ENC112413,PT10472,GLU,Glucose,124,mg/dL,70,99,H,Routine,2025-02-17 12:17,2025-02-17 12:47,2025-02-17 14:01
LAB729367,ENC112413,PT10472,CREAT,Creatinine,0.62,mg/dL,0.6,1.3,N,STAT,2025-02-17 12:47,2025-02-17 13:07,2025-02-17 14:11
LAB729368,ENC112413,PT10472,WBC,White Blood Cell Count,21.7,K/uL,4.5,11,H,Routine,2025-02-17 12:49,2025-02-17 13:10,2025-02-17 14:23
LAB729369,ENC112413,PT10472,HGB,Hemoglobin,15,g/dL,12,17.5,N,STAT,2025-02-17 12:34,2025-02-17 12:56,2025-02-17 13:37
LAB729370,ENC112413,PT10472,LACT,Lactate,7.4,mmol/L,0.5,2,HH,STAT,2025-02-17 12:45,2025-02-17 12:50,2025-02-17 13:47
LAB729371,ENC112414,PT10063,GLU,Glucose,180,mg/dL,70,99,H,STAT,2025-02-17 10:15,2025-02-17 10:40,2025-02-17 11:27
LAB729372,ENC112414,PT10063,CREAT,Creatinine,0.78,mg/dL,0.6,1.3,N,STAT,2025-02-17 10:38,2025-02-17 11:11,2025-02-17 12:44
LAB729373,ENC112414,PT10063,WBC,White Blood Cell Count,7.2,K/uL,4.5,11,N,Routine,2025-02-17 10:06,2025-02-17 10:24,2025-02-17 14:16
LAB729374,ENC112414,PT10063,HGB,Hemoglobin,13.7,g/dL,12,17.5,N,Routine,2025-02-17 10:39,2025-02-17 11:05,2025-02-17 17:05
LAB729375,ENC112415,PT10473,LDL,LDL Cholesterol,163,mg/dL,0,99,H,Routine,2025-02-17 09:53,2025-02-17 10:09,2025-02-18 13:34
LAB729376,ENC112415,PT10473,A1C,Hemoglobin A1c,7,%,4,5.6,H,Routine,2025-02-17 09:52,2025-02-17 10:06,2025-02-18 11:12
LAB729377,ENC112417,PT10267,LDL,LDL Cholesterol,158,mg/dL,0,99,H,Routine,2025-02-17 10:04,2025-02-17 10:39,2025-02-17 19:23
LAB729378,ENC112417,PT10267,A1C,Hemoglobin A1c,6.2,%,4,5.6,H,Routine,2025-02-17 10:10,2025-02-17 10:34,2025-02-17 23:43
LAB729379,ENC112417,PT10267,TSH,Thyroid Stimulating Hormone,1.6,mIU/L,0.4,4,N,Routine,2025-02-17 09:59,2025-02-17 10:22,2025-02-17 17:05
LAB729380,ENC112419,PT12461,GLU,Glucose,115,mg/dL,70,99,H,Routine,2025-02-17 11:21,2025-02-17 11:56,2025-02-17 13:23
LAB729381,ENC112419,PT12461,CREAT,Creatinine,0.96,mg/dL,0.6,1.3,N,Routine,2025-02-17 11:32,2025-02-17 11:42,2025-02-17 13:16
LAB729382,ENC112419,PT12461,WBC,White Blood Cell Count,9.3,K/uL,4.5,11,N,STAT,2025-02-17 11:17,2025-02-17 11:32,2025-02-17 12:23
LAB729383,ENC112419,PT12461,HGB,Hemoglobin,14.7,g/dL,12,17.5,N,Routine,2025-02-17 10:57,2025-02-17 11:31,2025-02-17 15:38
LAB729384,ENC112422,PT12035,GLU,Glucose,112,mg/dL,70,99,H,STAT,2025-02-17 12:18,2025-02-17 12:46,2025-02-17 14:02
LAB729385,ENC112422,PT12035,CREAT,Creatinine,0.86,mg/dL,0.6,1.3,N,Routine,2025-02-17 12:34,2025-02-17 13:05,2025-02-17 16:52
LAB729386,ENC112422,PT12035,WBC,White Blood Cell Count,8.7,K/uL,4.5,11,N,Routine,2025-02-17 12:27,2025-02-17 12:34,2025-02-17 17:32
LAB729387,ENC112423,PT10714,GLU,Glucose,229,mg/dL,70,99,H,STAT,2025-02-17 12:50,2025-02-17 12:54,2025-02-17 13:42
LAB729388,ENC112423,PT10714,CREAT,Creatinine,0.95,mg/dL,0.6,1.3,N,STAT,2025-02-17 12:41,2025-02-17 12:48,2025-02-17 13:55
LAB729389,ENC112423,PT10714,WBC,White Blood Cell Count,17.3,K/uL,4.5,11,H,STAT,2025-02-17 12:08,2025-02-17 12:19,2025-02-17 12:40
LAB729390,ENC112423,PT10714,HGB,Hemoglobin,13.4,g/dL,12,17.5,N,STAT,2025-02-17 12:03,2025-02-17 12:36,2025-02-17 13:43
LAB729391,ENC112425,PT12787,GLU,Glucose,116,mg/dL,70,99,H,STAT,2025-02-17 13:05,2025-02-17 13:20,2025-02-17 14:27
LAB729392,ENC112425,PT12787,CREAT,Creatinine,1.26,mg/dL,0.6,1.3,N,STAT,2025-02-17 12:18,2025-02-17 12:45,2025-02-17 13:21
LAB729393,ENC112425,PT12787,WBC,White Blood Cell Count,6.1,K/uL,4.5,11,N,STAT,2025-02-17 12:51,2025-02-17 13:06,2025-02-17 14:07
LAB729394,ENC112425,PT12787,HGB,Hemoglobin,13.9,g/dL,12,17.5,N,STAT,2025-02-17 12:54,2025-02-17 13:12,2025-02-17 14:20
LAB729395,ENC112427,PT13761,GLU,Glucose,243,mg/dL,70,99,H,STAT,2025-02-17 17:01,2025-02-17 17:10,2025-02-17 17:50
LAB729396,ENC112427,PT13761,CREAT,Creatinine,1.29,mg/dL,0.6,1.3,N,STAT,2025-02-17 16:51,2025-02-17 17:12,2025-02-17 18:19
LAB729397,ENC112427,PT13761,WBC,White Blood Cell Count,15.9,K/uL,4.5,11,H,STAT,2025-02-17 16:49,2025-02-17 17:05,2025-02-17 18:04
LAB729398,ENC112427,PT13761,HGB,Hemoglobin,13.3,g/dL,12,17.5,N,STAT,2025-02-17 17:28,2025-02-17 17:45,2025-02-17 18:36
LAB729399,ENC112429,PT13464,LDL,LDL Cholesterol,148,mg/dL,0,99,H,Routine,2025-02-17 13:20,2025-02-17 13:54,2025-02-18 03:12
LAB729400,ENC112430,PT13421,GLU,Glucose,215,mg/dL,70,99,H,Routine,2025-02-17 18:51,2025-02-17 19:03,2025-02-17 21:52
LAB729401,ENC112430,PT13421,CREAT,Creatinine,1.83,mg/dL,0.6,1.3,H,STAT,2025-02-17 18:18,2025-02-17 18:48,2025-02-17 19:46
LAB729402,ENC112430,PT13421,WBC,White Blood Cell Count,13.8,K/uL,4.5,11,H,STAT,2025-02-17 17:54,2025-02-17 18:21,2025-02-17 18:55
LAB729403,ENC112430,PT13421,HGB,Hemoglobin,15.2,g/dL,12,17.5,N,STAT,2025-02-17 17:51,2025-02-17 18:26,2025-02-17 19:24
LAB729404,ENC112430,PT13421,LACT,Lactate,3.3,mmol/L,0.5,2,H,STAT,2025-02-17 18:43,2025-02-17 19:06,2025-02-17 20:23
LAB729405,ENC112431,PT12494,A1C,Hemoglobin A1c,7.5,%,4,5.6,H,Routine,2025-02-17 13:51,2025-02-17 13:57,2025-02-17 20:48
LAB729406,ENC112431,PT12494,GLU,Glucose,257,mg/dL,70,99,H,Routine,2025-02-17 13:54,2025-02-17 14:07,2025-02-17 18:39
LAB729407,ENC112431,PT12494,CREAT,Creatinine,1.02,mg/dL,0.6,1.3,N,Routine,2025-02-17 13:51,2025-02-17 14:05,2025-02-17 18:10
LAB729408,ENC112432,PT13774,WBC,White Blood Cell Count,8.9,K/uL,4.5,11,N,Routine,2025-02-17 14:10,2025-02-17 14:38,2025-02-17 20:16
LAB729409,ENC112432,PT13774,HGB,Hemoglobin,8.7,g/dL,12,17.5,L,Routine,2025-02-17 14:12,2025-02-17 14:36,2025-02-17 17:12
LAB729410,ENC112432,PT13774,PLT,Platelet Count,281,K/uL,150,400,N,Routine,2025-02-17 14:10,2025-02-17 14:37,2025-02-17 16:46
LAB729411,ENC112438,PT13569,GLU,Glucose,84,mg/dL,70,99,N,STAT,2025-02-17 17:07,2025-02-17 17:27,2025-02-17 17:57
LAB729412,ENC112438,PT13569,CREAT,Creatinine,0.91,mg/dL,0.6,1.3,N,Routine,2025-02-17 17:23,2025-02-17 17:33,2025-02-17 23:37
LAB729413,ENC112438,PT13569,WBC,White Blood Cell Count,8.8,K/uL,4.5,11,N,Routine,2025-02-17 17:33,2025-02-17 18:06,2025-02-17 21:19
LAB729414,ENC112438,PT13569,HGB,Hemoglobin,14.7,g/dL,12,17.5,N,STAT,2025-02-17 17:52,2025-02-17 18:25,2025-02-17 19:02
LAB729415,ENC112439,PT12860,GLU,Glucose,175,mg/dL,70,99,H,STAT,2025-02-17 17:45,2025-02-17 18:09,2025-02-17 19:09
LAB729416,ENC112439,PT12860,CREAT,Creatinine,1.34,mg/dL,0.6,1.3,H,Routine,2025-02-17 17:37,2025-02-17 17:48,2025-02-17 20:35
LAB729417,ENC112439,PT12860,WBC,White Blood Cell Count,8.2,K/uL,4.5,11,N,Routine,2025-02-17 17:00,2025-02-17 17:28,2025-02-17 20:41
LAB729418,ENC112439,PT12860,HGB,Hemoglobin,14.2,g/dL,12,17.5,N,STAT,2025-02-17 17:03,2025-02-17 17:23,2025-02-17 18:10
LAB729419,ENC112440,PT12153,GLU,Glucose,84,mg/dL,70,99,N,STAT,2025-02-17 20:55,2025-02-17 21:24,2025-02-17 22:32
LAB729420,ENC112440,PT12153,CREAT,Creatinine,0.94,mg/dL,0.6,1.3,N,STAT,2025-02-17 20:46,2025-02-17 21:15,2025-02-17 22:16
LAB729421,ENC112440,PT12153,WBC,White Blood Cell Count,6.8,K/uL,4.5,11,N,STAT,2025-02-17 21:41,2025-02-17 21:53,2025-02-17 22:28
LAB729422,ENC112440,PT12153,HGB,Hemoglobin,14.7,g/dL,12,17.5,N,Routine,2025-02-17 21:41,2025-02-17 22:08,2025-02-18 06:55
LAB729423,ENC112440,PT12153,BUN,Blood Urea Nitrogen,8,mg/dL,7,20,N,STAT,2025-02-17 20:54,2025-02-17 21:21,2025-02-17 22:03
LAB729424,ENC112440,PT12153,PLT,Platelet Count,212,K/uL,150,400,N,STAT,2025-02-17 21:45,2025-02-17 21:53,2025-02-17 22:37
LAB729425,ENC112440,PT12153,INR,Prothrombin Time INR,0.9,ratio,0.8,1.2,N,STAT,2025-02-17 21:31,2025-02-17 21:49,2025-02-17 22:10
LAB729426,ENC112441,PT11066,GLU,Glucose,83,mg/dL,70,99,N,Routine,2025-02-17 20:05,2025-02-17 20:17,2025-02-17 23:25
LAB729427,ENC112441,PT11066,CREAT,Creatinine,0.93,mg/dL,0.6,1.3,N,Routine,2025-02-17 20:01,2025-02-17 20:11,2025-02-17 22:52
LAB729428,ENC112441,PT11066,WBC,White Blood Cell Count,7.9,K/uL,4.5,11,N,STAT,2025-02-17 20:05,2025-02-17 20:24,2025-02-17 21:08
LAB729429,ENC112441,PT11066,HGB,Hemoglobin,15.2,g/dL,12,17.5,N,STAT,2025-02-17 19:46,2025-02-17 20:13,2025-02-17 21:20
LAB729430,ENC112442,PT10295,GLU,Glucose,189,mg/dL,70,99,H,Routine,2025-02-17 23:48,2025-02-17 23:57,2025-02-18 04:01
LAB729431,ENC112442,PT10295,CREAT,Creatinine,1.25,mg/dL,0.6,1.3,N,Routine,2025-02-18 00:19,2025-02-18 00:38,2025-02-18 03:49
LAB729432,ENC112442,PT10295,WBC,White Blood Cell Count,6.5,K/uL,4.5,11,N,STAT,2025-02-18 00:11,2025-02-18 00:43,2025-02-18 01:33
LAB729433,ENC112442,PT10295,HGB,Hemoglobin,11.1,g/dL,12,17.5,L,STAT,2025-02-18 00:02,2025-02-18 00:36,2025-02-18 01:22
LAB729434,ENC112442,PT10295,TROP,"Troponin I, High Sensitivity",89,ng/L,0,34,H,STAT,2025-02-17 23:47,2025-02-17 23:51,2025-02-18 00:47
LAB729435,ENC112442,PT10295,BNP,B-Type Natriuretic Peptide,825,pg/mL,0,100,H,STAT,2025-02-18 00:24,2025-02-18 00:45,2025-02-18 01:38
LAB729436,ENC112443,PT11560,GLU,Glucose,177,mg/dL,70,99,H,Routine,2025-02-17 21:13,2025-02-17 21:35,2025-02-17 23:36
LAB729437,ENC112443,PT11560,CREAT,Creatinine,1.24,mg/dL,0.6,1.3,N,Routine,2025-02-17 21:19,2025-02-17 21:37,2025-02-17 23:50
LAB729438,ENC112443,PT11560,WBC,White Blood Cell Count,9.3,K/uL,4.5,11,N,STAT,2025-02-17 21:24,2025-02-17 21:50,2025-02-17 22:22
LAB729439,ENC112443,PT11560,HGB,Hemoglobin,13.7,g/dL,12,17.5,N,STAT,2025-02-17 20:52,2025-02-17 21:10,2025-02-17 22:12
LAB729440,ENC112443,PT11560,NA,Sodium,137,mmol/L,136,145,N,STAT,2025-02-17 20:36,2025-02-17 20:52,2025-02-17 21:31
LAB729441,ENC112443,PT11560,K,Potassium,4.1,mmol/L,3.5,5.1,N,STAT,2025-02-17 21:09,2025-02-17 21:16,2025-02-17 22:19
LAB729442,ENC112443,PT11560,TROP,"Troponin I, High Sensitivity",216,ng/L,0,34,H,STAT,2025-02-17 21:33,2025-02-17 21:51,2025-02-17 22:24
LAB729443,ENC112444,PT13779,GLU,Glucose,110,mg/dL,70,99,H,Routine,2025-02-17 21:49,2025-02-17 22:18,2025-02-18 02:11
LAB729444,ENC112444,PT13779,CREAT,Creatinine,0.34,mg/dL,0.6,1.3,L,STAT,2025-02-17 22:33,2025-02-17 22:54,2025-02-17 23:49
LAB729445,ENC112444,PT13779,WBC,White Blood Cell Count,7.4,K/uL,4.5,11,N,STAT,2025-02-17 21:31,2025-02-17 21:50,2025-02-17 22:57
LAB729446,ENC112445,PT11086,GLU,Glucose,111,mg/dL,70,99,H,Routine,2025-02-17 23:30,2025-02-17 23:58,2025-02-18 01:04
LAB729447,ENC112445,PT11086,CREAT,Creatinine,0.59,mg/dL,0.6,1.3,L,STAT,2025-02-17 23:08,2025-02-17 23:29,2025-02-18 00:55
LAB729448,ENC112445,PT11086,WBC,White Blood Cell Count,10.9,K/uL,4.5,11,N,STAT,2025-02-17 22:35,2025-02-17 23:09,2025-02-18 00:27
LAB729449,ENC112445,PT11086,HGB,Hemoglobin,11.2,g/dL,12,17.5,L,STAT,2025-02-17 22:25,2025-02-17 22:37,2025-02-17 23:33
LAB729450,ENC112446,PT12539,GLU,Glucose,109,mg/dL,70,99,H,STAT,2025-02-18 07:49,2025-02-18 08:19,2025-02-18 09:56
LAB729451,ENC112446,PT12539,CREAT,Creatinine,0.8,mg/dL,0.6,1.3,N,Routine,2025-02-18 06:54,2025-02-18 07:22,2025-02-18 10:18
LAB729452,ENC112446,PT12539,WBC,White Blood Cell Count,8.6,K/uL,4.5,11,N,STAT,2025-02-18 06:57,2025-02-18 07:29,2025-02-18 08:30
LAB729453,ENC112446,PT12539,HGB,Hemoglobin,12,g/dL,12,17.5,N,STAT,2025-02-18 07:28,2025-02-18 07:42,2025-02-18 08:07
LAB729454,ENC112447,PT11121,GLU,Glucose,252,mg/dL,70,99,H,Routine,2025-02-18 04:23,2025-02-18 04:47,2025-02-18 15:31
LAB729455,ENC112447,PT11121,CREAT,Creatinine,1.17,mg/dL,0.6,1.3,N,STAT,2025-02-18 05:07,2025-02-18 05:40,2025-02-18 06:14
LAB729456,ENC112447,PT11121,WBC,White Blood Cell Count,7.9,K/uL,4.5,11,N,Routine,2025-02-18 05:22,2025-02-18 05:34,2025-02-18 08:19
LAB729457,ENC112447,PT11121,HGB,Hemoglobin,14.4,g/dL,12,17.5,N,STAT,2025-02-18 04:32,2025-02-18 04:53,2025-02-18 05:37
LAB729458,ENC112447,PT11121,A1C,Hemoglobin A1c,7.8,%,4,5.6,H,STAT,2025-02-18 04:21,2025-02-18 04:43,2025-02-18 05:33
LAB729459,ENC112448,PT10593,GLU,Glucose,88,mg/dL,70,99,N,Routine,2025-02-18 10:09,2025-02-18 10:24,2025-02-18 11:26
LAB729460,ENC112448,PT10593,CREAT,Creatinine,0.88,mg/dL,0.6,1.3,N,STAT,2025-02-18 09:29,2025-02-18 09:46,2025-02-18 10:39
LAB729461,ENC112448,PT10593,WBC,White Blood Cell Count,6.7,K/uL,4.5,11,N,Routine,2025-02-18 10:16,2025-02-18 10:29,2025-02-18 12:23
LAB729462,ENC112448,PT10593,HGB,Hemoglobin,15.7,g/dL,12,17.5,N,STAT,2025-02-18 10:30,2025-02-18 10:53,2025-02-18 11:15
LAB729463,ENC112453,PT10398,A1C,Hemoglobin A1c,9.7,%,4,5.6,H,Routine,2025-02-18 09:10,2025-02-18 09:30,2025-02-19 04:40
LAB729464,ENC112453,PT10398,GLU,Glucose,145,mg/dL,70,99,H,Routine,2025-02-18 08:55,2025-02-18 09:03,2025-02-18 10:57
LAB729465,ENC112453,PT10398,CREAT,Creatinine,0.87,mg/dL,0.6,1.3,N,Routine,2025-02-18 08:58,2025-02-18 09:13,2025-02-18 11:26
LAB729466,ENC112460,PT13600,A1C,Hemoglobin A1c,11,%,4,5.6,H,Routine,2025-02-18 11:36,2025-02-18 11:44,2025-02-19 04:13
LAB729467,ENC112461,PT10915,GLU,Glucose,246,mg/dL,70,99,H,Routine,2025-02-18 14:49,2025-02-18 15:20,2025-02-18 17:24
LAB729468,ENC112461,PT10915,CREAT,Creatinine,0.95,mg/dL,0.6,1.3,N,Routine,2025-02-18 14:20,2025-02-18 14:47,2025-02-18 17:42
LAB729469,ENC112461,PT10915,WBC,White Blood Cell Count,7.9,K/uL,4.5,11,N,STAT,2025-02-18 14:40,2025-02-18 14:47,2025-02-18 15:37
LAB729470,ENC112461,PT10915,HGB,Hemoglobin,12.9,g/dL,12,17.5,N,Routine,2025-02-18 14:09,2025-02-18 14:44,2025-02-18 16:48
LAB729471,ENC112461,PT10915,NA,Sodium,137,mmol/L,136,145,N,STAT,2025-02-18 14:10,2025-02-18 14:29,2025-02-18 14:52
LAB729472,ENC112461,PT10915,K,Potassium,4.4,mmol/L,3.5,5.1,N,STAT,2025-02-18 14:39,2025-02-18 15:11,2025-02-18 16:59
LAB729473,ENC112461,PT10915,TROP,"Troponin I, High Sensitivity",6,ng/L,0,34,N,STAT,2025-02-18 14:21,2025-02-18 14:34,2025-02-18 15:20
LAB729474,ENC112461,PT10915,BNP,B-Type Natriuretic Peptide,561,pg/mL,0,100,H,Routine,2025-02-18 13:46,2025-02-18 14:14,2025-02-18 19:03
LAB729475,ENC112463,PT11310,LDL,LDL Cholesterol,139,mg/dL,0,99,H,Routine,2025-02-18 11:50,2025-02-18 12:22,2025-02-19 17:33
LAB729476,ENC112463,PT11310,A1C,Hemoglobin A1c,8,%,4,5.6,H,Routine,2025-02-18 11:56,2025-02-18 12:08,2025-02-18 22:43
LAB729477,ENC112463,PT11310,TSH,Thyroid Stimulating Hormone,1.69,mIU/L,0.4,4,N,Routine,2025-02-18 12:06,2025-02-18 12:39,2025-02-18 22:07
LAB729478,ENC112465,PT12706,A1C,Hemoglobin A1c,5.1,%,4,5.6,N,Routine,2025-02-18 12:38,2025-02-18 13:09,2025-02-19 00:07
LAB729479,ENC112467,PT10306,LDL,LDL Cholesterol,114,mg/dL,0,99,H,Routine,2025-02-18 12:44,2025-02-18 12:52,2025-02-20 11:16
LAB729480,ENC112468,PT10603,GLU,Glucose,97,mg/dL,70,99,N,Routine,2025-02-18 13:19,2025-02-18 13:36,2025-02-18 15:40
LAB729481,ENC112468,PT10603,CREAT,Creatinine,0.78,mg/dL,0.6,1.3,N,Routine,2025-02-18 13:21,2025-02-18 13:35,2025-02-18 18:37
LAB729482,ENC112468,PT10603,WBC,White Blood Cell Count,8.8,K/uL,4.5,11,N,STAT,2025-02-18 14:13,2025-02-18 14:32,2025-02-18 15:45
LAB729483,ENC112468,PT10603,HGB,Hemoglobin,10.8,g/dL,12,17.5,L,STAT,2025-02-18 13:56,2025-02-18 14:30,2025-02-18 15:31
LAB729484,ENC112469,PT12855,WBC,White Blood Cell Count,9.4,K/uL,4.5,11,N,Routine,2025-02-18 13:42,2025-02-18 14:16,2025-02-18 15:49
LAB729485,ENC112469,PT12855,HGB,Hemoglobin,11.9,g/dL,12,17.5,L,Routine,2025-02-18 13:29,2025-02-18 13:48,2025-02-18 19:02
LAB729486,ENC112469,PT12855,PLT,Platelet Count,224,K/uL,150,400,N,Routine,2025-02-18 13:24,2025-02-18 13:53,2025-02-18 15:00
LAB729487,ENC112470,PT13406,WBC,White Blood Cell Count,10.2,K/uL,4.5,11,N,Routine,2025-02-18 14:21,2025-02-18 14:25,2025-02-18 17:01
LAB729488,ENC112470,PT13406,HGB,Hemoglobin,9.8,g/dL,12,17.5,L,Routine,2025-02-18 14:37,2025-02-18 14:59,2025-02-19 00:11
LAB729489,ENC112470,PT13406,PLT,Platelet Count,313,K/uL,150,400,N,Routine,2025-02-18 14:38,2025-02-18 14:47,2025-02-18 16:31
LAB729490,ENC112471,PT12209,GLU,Glucose,138,mg/dL,70,99,H,Routine,2025-02-18 18:06,2025-02-18 18:10,2025-02-18 19:34
LAB729491,ENC112471,PT12209,CREAT,Creatinine,0.61,mg/dL,0.6,1.3,N,STAT,2025-02-18 18:37,2025-02-18 19:07,2025-02-18 19:51
LAB729492,ENC112471,PT12209,WBC,White Blood Cell Count,5.6,K/uL,4.5,11,N,STAT,2025-02-18 17:59,2025-02-18 18:20,2025-02-18 19:04
LAB729493,ENC112471,PT12209,HGB,Hemoglobin,17.1,g/dL,12,17.5,N,Routine,2025-02-18 17:56,2025-02-18 18:22,2025-02-18 19:48
LAB729494,ENC112471,PT12209,NA,Sodium,129,mmol/L,136,145,L,Routine,2025-02-18 18:29,2025-02-18 18:50,2025-02-18 20:36
LAB729495,ENC112471,PT12209,K,Potassium,4.2,mmol/L,3.5,5.1,N,STAT,2025-02-18 18:34,2025-02-18 18:57,2025-02-18 20:25
LAB729496,ENC112471,PT12209,BUN,Blood Urea Nitrogen,21,mg/dL,7,20,H,STAT,2025-02-18 18:55,2025-02-18 19:04,2025-02-18 20:07
LAB729497,ENC112471,PT12209,PLT,Platelet Count,144,K/uL,150,400,L,Routine,2025-02-18 18:14,2025-02-18 18:46,2025-02-18 21:29
LAB729498,ENC112472,PT10303,GLU,Glucose,90,mg/dL,70,99,N,STAT,2025-02-18 16:14,2025-02-18 16:38,2025-02-18 17:56
LAB729499,ENC112472,PT10303,CREAT,Creatinine,1.05,mg/dL,0.6,1.3,N,STAT,2025-02-18 16:06,2025-02-18 16:22,2025-02-18 17:11
LAB729500,ENC112472,PT10303,TROP,"Troponin I, High Sensitivity",12,ng/L,0,34,N,STAT,2025-02-18 16:27,2025-02-18 17:00,2025-02-18 17:25
LAB729501,ENC112474,PT12735,GLU,Glucose,102,mg/dL,70,99,H,STAT,2025-02-18 16:34,2025-02-18 16:58,2025-02-18 17:30
LAB729502,ENC112474,PT12735,CREAT,Creatinine,0.88,mg/dL,0.6,1.3,N,Routine,2025-02-18 16:21,2025-02-18 16:39,2025-02-18 21:23
LAB729503,ENC112474,PT12735,WBC,White Blood Cell Count,8.7,K/uL,4.5,11,N,Routine,2025-02-18 16:12,2025-02-18 16:21,2025-02-18 19:19
LAB729504,ENC112474,PT12735,HGB,Hemoglobin,15,g/dL,12,17.5,N,STAT,2025-02-18 16:23,2025-02-18 16:50,2025-02-18 17:55
LAB729505,ENC112474,PT12735,BUN,Blood Urea Nitrogen,17,mg/dL,7,20,N,STAT,2025-02-18 16:36,2025-02-18 17:06,2025-02-18 17:42
LAB729506,ENC112474,PT12735,PLT,Platelet Count,361,K/uL,150,400,N,STAT,2025-02-18 17:02,2025-02-18 17:17,2025-02-18 18:38
LAB729507,ENC112474,PT12735,LACT,Lactate,1.1,mmol/L,0.5,2,N,STAT,2025-02-18 15:56,2025-02-18 16:15,2025-02-18 17:26
LAB729508,ENC112477,PT10615,GLU,Glucose,120,mg/dL,70,99,H,Routine,2025-02-18 18:43,2025-02-18 19:06,2025-02-18 21:56
LAB729509,ENC112477,PT10615,CREAT,Creatinine,1.09,mg/dL,0.6,1.3,N,STAT,2025-02-18 18:38,2025-02-18 18:57,2025-02-18 19:29
LAB729510,ENC112477,PT10615,WBC,White Blood Cell Count,8.6,K/uL,4.5,11,N,Routine,2025-02-18 18:59,2025-02-18 19:20,2025-02-18 23:12
LAB729511,ENC112478,PT11168,GLU,Glucose,86,mg/dL,70,99,N,Routine,2025-02-18 23:37,2025-02-18 23:51,2025-02-19 05:37
LAB729512,ENC112478,PT11168,CREAT,Creatinine,0.57,mg/dL,0.6,1.3,L,Routine,2025-02-19 00:27,2025-02-19 00:42,2025-02-19 01:41
LAB729513,ENC112478,PT11168,WBC,White Blood Cell Count,9.6,K/uL,4.5,11,N,Routine,2025-02-18 23:39,2025-02-18 23:57,2025-02-19 01:14
LAB729514,ENC112478,PT11168,HGB,Hemoglobin,13.9,g/dL,12,17.5,N,Routine,2025-02-19 00:00,2025-02-19 00:14,2025-02-19 02:10
LAB729515,ENC112478,PT11168,NA,Sodium,120,mmol/L,136,145,L,STAT,2025-02-18 23:25,2025-02-18 23:53,2025-02-19 00:13
LAB729516,ENC112478,PT11168,K,Potassium,3.9,mmol/L,3.5,5.1,N,STAT,2025-02-19 00:02,2025-02-19 00:21,2025-02-19 01:23
LAB729517,ENC112480,PT10661,GLU,Glucose,122,mg/dL,70,99,H,STAT,2025-02-18 22:27,2025-02-18 22:55,2025-02-18 23:27
LAB729518,ENC112480,PT10661,CREAT,Creatinine,0.91,mg/dL,0.6,1.3,N,Routine,2025-02-18 22:53,2025-02-18 23:22,2025-02-19 06:48
LAB729519,ENC112480,PT10661,WBC,White Blood Cell Count,9,K/uL,4.5,11,N,STAT,2025-02-18 23:03,2025-02-18 23:35,2025-02-19 00:12
LAB729520,ENC112480,PT10661,HGB,Hemoglobin,12.5,g/dL,12,17.5,N,Routine,2025-02-18 22:56,2025-02-18 23:31,2025-02-19 02:05
LAB729521,ENC112483,PT12543,GLU,Glucose,98,mg/dL,70,99,N,Routine,2025-02-19 02:01,2025-02-19 02:20,2025-02-19 05:45
LAB729522,ENC112483,PT12543,CREAT,Creatinine,0.96,mg/dL,0.6,1.3,N,Routine,2025-02-19 02:36,2025-02-19 02:46,2025-02-19 05:21
LAB729523,ENC112483,PT12543,WBC,White Blood Cell Count,8.5,K/uL,4.5,11,N,Routine,2025-02-19 01:54,2025-02-19 02:04,2025-02-19 04:17
LAB729524,ENC112483,PT12543,HGB,Hemoglobin,11.4,g/dL,12,17.5,L,STAT,2025-02-19 02:37,2025-02-19 03:04,2025-02-19 03:50
LAB729525,ENC112483,PT12543,NA,Sodium,124,mmol/L,136,145,L,STAT,2025-02-19 02:03,2025-02-19 02:20,2025-02-19 02:51
LAB729526,ENC112483,PT12543,K,Potassium,4.7,mmol/L,3.5,5.1,N,STAT,2025-02-19 02:49,2025-02-19 03:10,2025-02-19 04:37
LAB729527,ENC112484,PT10921,GLU,Glucose,81,mg/dL,70,99,N,STAT,2025-02-19 06:00,2025-02-19 06:10,2025-02-19 07:00
LAB729528,ENC112484,PT10921,CREAT,Creatinine,1.28,mg/dL,0.6,1.3,N,STAT,2025-02-19 05:27,2025-02-19 06:00,2025-02-19 07:07
LAB729529,ENC112484,PT10921,WBC,White Blood Cell Count,7.2,K/uL,4.5,11,N,Routine,2025-02-19 05:42,2025-02-19 05:54,2025-02-19 08:32
LAB729530,ENC112484,PT10921,HGB,Hemoglobin,15.7,g/dL,12,17.5,N,Routine,2025-02-19 04:55,2025-02-19 05:06,2025-02-19 15:40
LAB729531,ENC112490,PT12892,GLU,Glucose,90,mg/dL,70,99,N,STAT,2025-02-19 09:45,2025-02-19 10:19,2025-02-19 11:59
LAB729532,ENC112490,PT12892,CREAT,Creatinine,0.76,mg/dL,0.6,1.3,N,Routine,2025-02-19 10:02,2025-02-19 10:09,2025-02-19 11:51
LAB729533,ENC112490,PT12892,WBC,White Blood Cell Count,5.6,K/uL,4.5,11,N,Routine,2025-02-19 09:17,2025-02-19 09:48,2025-02-19 13:19
LAB729534,ENC112490,PT12892,HGB,Hemoglobin,10.6,g/dL,12,17.5,L,STAT,2025-02-19 09:07,2025-02-19 09:38,2025-02-19 10:19
LAB729535,ENC112490,PT12892,NA,Sodium,139,mmol/L,136,145,N,STAT,2025-02-19 09:48,2025-02-19 10:05,2025-02-19 11:11
LAB729536,ENC112490,PT12892,K,Potassium,3.7,mmol/L,3.5,5.1,N,STAT,2025-02-19 09:15,2025-02-19 09:30,2025-02-19 10:34
LAB729537,ENC112491,PT11957,GLU,Glucose,107,mg/dL,70,99,H,Routine,2025-02-19 09:31,2025-02-19 10:06,2025-02-19 11:54
LAB729538,ENC112491,PT11957,CREAT,Creatinine,2.56,mg/dL,0.6,1.3,H,STAT,2025-02-19 09:21,2025-02-19 09:42,2025-02-19 10:34
LAB729539,ENC112491,PT11957,WBC,White Blood Cell Count,6.1,K/uL,4.5,11,N,STAT,2025-02-19 10:03,2025-02-19 10:31,2025-02-19 11:32
LAB729540,ENC112491,PT11957,HGB,Hemoglobin,11,g/dL,12,17.5,L,Routine,2025-02-19 09:32,2025-02-19 09:57,2025-02-19 11:53
LAB729541,ENC112491,PT11957,BUN,Blood Urea Nitrogen,15,mg/dL,7,20,N,STAT,2025-02-19 09:36,2025-02-19 10:01,2025-02-19 10:43
LAB729542,ENC112491,PT11957,PLT,Platelet Count,272,K/uL,150,400,N,STAT,2025-02-19 09:42,2025-02-19 09:48,2025-02-19 10:40
LAB729543,ENC112491,PT11957,TROP,"Troponin I, High Sensitivity",58,ng/L,0,34,H,STAT,2025-02-19 10:01,2025-02-19 10:19,2025-02-19 11:11
LAB729544,ENC112491,PT11957,BNP,B-Type Natriuretic Peptide,1202,pg/mL,0,100,H,STAT,2025-02-19 09:52,2025-02-19 10:23,2025-02-19 10:56
LAB729545,ENC112492,PT13917,GLU,Glucose,111,mg/dL,70,99,H,Routine,2025-02-19 10:57,2025-02-19 11:05,2025-02-19 14:56
LAB729546,ENC112492,PT13917,CREAT,Creatinine,0.98,mg/dL,0.6,1.3,N,STAT,2025-02-19 11:06,2025-02-19 11:10,2025-02-19 11:36
LAB729547,ENC112492,PT13917,WBC,White Blood Cell Count,11.4,K/uL,4.5,11,H,STAT,2025-02-19 11:29,2025-02-19 11:58,2025-02-19 13:49
LAB729548,ENC112492,PT13917,HGB,Hemoglobin,14.2,g/dL,12,17.5,N,STAT,2025-02-19 10:51,2025-02-19 11:16,2025-02-19 11:57
LAB729549,ENC112495,PT12788,GLU,Glucose,100,mg/dL,70,99,H,Routine,2025-02-19 13:04,2025-02-19 13:19,2025-02-19 15:39
LAB729550,ENC112495,PT12788,CREAT,Creatinine,0.95,mg/dL,0.6,1.3,N,STAT,2025-02-19 13:19,2025-02-19 13:34,2025-02-19 14:01
LAB729551,ENC112495,PT12788,WBC,White Blood Cell Count,5.5,K/uL,4.5,11,N,STAT,2025-02-19 13:29,2025-02-19 13:35,2025-02-19 14:10
LAB729552,ENC112495,PT12788,HGB,Hemoglobin,13.9,g/dL,12,17.5,N,STAT,2025-02-19 13:31,2025-02-19 13:39,2025-02-19 15:10
LAB729553,ENC112495,PT12788,LACT,Lactate,1.3,mmol/L,0.5,2,N,STAT,2025-02-19 13:10,2025-02-19 13:25,2025-02-19 13:52
LAB729554,ENC112497,PT11550,GLU,Glucose,107,mg/dL,70,99,H,Routine,2025-02-19 13:25,2025-02-19 13:38,2025-02-19 19:42
LAB729555,ENC112497,PT11550,CREAT,Creatinine,1.5,mg/dL,0.6,1.3,H,Routine,2025-02-19 13:18,2025-02-19 13:26,2025-02-19 16:38
LAB729556,ENC112497,PT11550,WBC,White Blood Cell Count,20.2,K/uL,4.5,11,H,STAT,2025-02-19 13:09,2025-02-19 13:26,2025-02-19 14:22
LAB729557,ENC112497,PT11550,HGB,Hemoglobin,11.4,g/dL,12,17.5,L,STAT,2025-02-19 13:30,2025-02-19 14:05,2025-02-19 14:48
LAB729558,ENC112497,PT11550,NA,Sodium,140,mmol/L,136,145,N,STAT,2025-02-19 13:28,2025-02-19 13:53,2025-02-19 14:29
LAB729559,ENC112497,PT11550,K,Potassium,4.2,mmol/L,3.5,5.1,N,STAT,2025-02-19 13:55,2025-02-19 14:02,2025-02-19 15:13
LAB729560,ENC112506,PT10029,GLU,Glucose,88,mg/dL,70,99,N,Routine,2025-02-19 15:47,2025-02-19 16:11,2025-02-19 21:45
LAB729561,ENC112506,PT10029,CREAT,Creatinine,1.11,mg/dL,0.6,1.3,N,STAT,2025-02-19 15:30,2025-02-19 16:00,2025-02-19 16:39
LAB729562,ENC112506,PT10029,WBC,White Blood Cell Count,7.9,K/uL,4.5,11,N,Routine,2025-02-19 15:00,2025-02-19 15:27,2025-02-19 17:10
LAB729563,ENC112506,PT10029,HGB,Hemoglobin,17.3,g/dL,12,17.5,N,Routine,2025-02-19 15:34,2025-02-19 15:43,2025-02-19 18:19
LAB729564,ENC112506,PT10029,NA,Sodium,142,mmol/L,136,145,N,Routine,2025-02-19 15:45,2025-02-19 15:52,2025-02-19 18:57
LAB729565,ENC112506,PT10029,K,Potassium,4.2,mmol/L,3.5,5.1,N,STAT,2025-02-19 15:31,2025-02-19 15:59,2025-02-19 16:31
LAB729566,ENC112507,PT11713,GLU,Glucose,131,mg/dL,70,99,H,STAT,2025-02-19 15:20,2025-02-19 15:31,2025-02-19 16:20
LAB729567,ENC112507,PT11713,CREAT,Creatinine,1.28,mg/dL,0.6,1.3,N,Routine,2025-02-19 15:40,2025-02-19 16:15,2025-02-19 19:27
LAB729568,ENC112507,PT11713,WBC,White Blood Cell Count,5.8,K/uL,4.5,11,N,STAT,2025-02-19 15:30,2025-02-19 15:47,2025-02-19 16:34
LAB729569,ENC112507,PT11713,HGB,Hemoglobin,6.8,g/dL,12,17.5,LL,STAT,2025-02-19 16:03,2025-02-19 16:23,2025-02-19 17:21
LAB729570,ENC112507,PT11713,INR,Prothrombin Time INR,1.1,ratio,0.8,1.2,N,STAT,2025-02-19 15:28,2025-02-19 15:55,2025-02-19 16:24
LAB729571,ENC112508,PT13262,GLU,Glucose,135,mg/dL,70,99,H,STAT,2025-02-19 17:28,2025-02-19 17:44,2025-02-19 18:53
LAB729572,ENC112508,PT13262,CREAT,Creatinine,2.57,mg/dL,0.6,1.3,H,STAT,2025-02-19 18:21,2025-02-19 18:54,2025-02-19 19:36
LAB729573,ENC112508,PT13262,WBC,White Blood Cell Count,9,K/uL,4.5,11,N,STAT,2025-02-19 18:13,2025-02-19 18:28,2025-02-19 19:34
LAB729574,ENC112508,PT13262,HGB,Hemoglobin,11.6,g/dL,12,17.5,L,STAT,2025-02-19 18:05,2025-02-19 18:17,2025-02-19 18:44
LAB729575,ENC112508,PT13262,INR,Prothrombin Time INR,1.1,ratio,0.8,1.2,N,Routine,2025-02-19 18:18,2025-02-19 18:47,2025-02-19 21:55
LAB729576,ENC112509,PT10628,GLU,Glucose,89,mg/dL,70,99,N,Routine,2025-02-19 14:22,2025-02-19 14:48,2025-02-19 16:28
LAB729577,ENC112509,PT10628,CREAT,Creatinine,0.82,mg/dL,0.6,1.3,N,Routine,2025-02-19 14:13,2025-02-19 14:45,2025-02-19 16:08
LAB729578,ENC112509,PT10628,WBC,White Blood Cell Count,6,K/uL,4.5,11,N,STAT,2025-02-19 14:17,2025-02-19 14:39,2025-02-19 15:38
LAB729579,ENC112509,PT10628,HGB,Hemoglobin,14.2,g/dL,12,17.5,N,STAT,2025-02-19 13:57,2025-02-19 14:23,2025-02-19 15:08
LAB729580,ENC112509,PT10628,TROP,"Troponin I, High Sensitivity",4,ng/L,0,34,N,STAT,2025-02-19 13:38,2025-02-19 13:48,2025-02-19 14:58
LAB729581,ENC112511,PT13499,GLU,Glucose,134,mg/dL,70,99,H,Routine,2025-02-19 19:12,2025-02-19 19:41,2025-02-19 23:23
LAB729582,ENC112511,PT13499,CREAT,Creatinine,1.1,mg/dL,0.6,1.3,N,Routine,2025-02-19 20:07,2025-02-19 20:23,2025-02-20 00:21
LAB729583,ENC112511,PT13499,WBC,White Blood Cell Count,8.8,K/uL,4.5,11,N,STAT,2025-02-19 19:18,2025-02-19 19:24,2025-02-19 20:55
LAB729584,ENC112511,PT13499,HGB,Hemoglobin,12.7,g/dL,12,17.5,N,STAT,2025-02-19 19:11,2025-02-19 19:34,2025-02-19 20:03
LAB729585,ENC112511,PT13499,TROP,"Troponin I, High Sensitivity",36,ng/L,0,34,H,STAT,2025-02-19 19:27,2025-02-19 19:42,2025-02-19 20:13
LAB729586,ENC112511,PT13499,BNP,B-Type Natriuretic Peptide,607,pg/mL,0,100,H,STAT,2025-02-19 20:14,2025-02-19 20:28,2025-02-19 21:15
LAB729587,ENC112513,PT12272,A1C,Hemoglobin A1c,12.3,%,4,5.6,H,Routine,2025-02-19 15:30,2025-02-19 15:58,2025-02-20 02:37
LAB729588,ENC112513,PT12272,GLU,Glucose,331,mg/dL,70,99,H,Routine,2025-02-19 15:30,2025-02-19 16:02,2025-02-19 18:27
LAB729589,ENC112513,PT12272,CREAT,Creatinine,0.54,mg/dL,0.6,1.3,L,Routine,2025-02-19 15:22,2025-02-19 15:53,2025-02-19 18:43
LAB729590,ENC112514,PT10408,GLU,Glucose,93,mg/dL,70,99,N,STAT,2025-02-19 15:24,2025-02-19 15:49,2025-02-19 16:44
LAB729591,ENC112514,PT10408,CREAT,Creatinine,0.99,mg/dL,0.6,1.3,N,STAT,2025-02-19 16:04,2025-02-19 16:19,2025-02-19 16:34
LAB729592,ENC112514,PT10408,WBC,White Blood Cell Count,7,K/uL,4.5,11,N,STAT,2025-02-19 15:26,2025-02-19 15:58,2025-02-19 16:46
LAB729593,ENC112514,PT10408,HGB,Hemoglobin,13.2,g/dL,12,17.5,N,STAT,2025-02-19 15:50,2025-02-19 16:10,2025-02-19 18:16
LAB729594,ENC112514,PT10408,NA,Sodium,142,mmol/L,136,145,N,Routine,2025-02-19 15:28,2025-02-19 15:58,2025-02-19 17:24
LAB729595,ENC112514,PT10408,K,Potassium,4.4,mmol/L,3.5,5.1,N,STAT,2025-02-19 16:14,2025-02-19 16:29,2025-02-19 17:08
LAB729596,ENC112514,PT10408,BUN,Blood Urea Nitrogen,15,mg/dL,7,20,N,Routine,2025-02-19 16:17,2025-02-19 16:29,2025-02-20 03:28
LAB729597,ENC112514,PT10408,PLT,Platelet Count,323,K/uL,150,400,N,Routine,2025-02-19 15:29,2025-02-19 15:59,2025-02-19 19:25
LAB729598,ENC112515,PT12785,GLU,Glucose,99,mg/dL,70,99,N,STAT,2025-02-19 16:33,2025-02-19 16:50,2025-02-19 17:44
LAB729599,ENC112515,PT12785,CREAT,Creatinine,1.4,mg/dL,0.6,1.3,H,Routine,2025-02-19 15:38,2025-02-19 16:11,2025-02-19 21:19
LAB729600,ENC112515,PT12785,WBC,White Blood Cell Count,9.7,K/uL,4.5,11,N,STAT,2025-02-19 15:53,2025-02-19 16:11,2025-02-19 16:48
LAB729601,ENC112515,PT12785,HGB,Hemoglobin,15.7,g/dL,12,17.5,N,STAT,2025-02-19 16:28,2025-02-19 16:52,2025-02-19 17:42
LAB729602,ENC112516,PT12125,A1C,Hemoglobin A1c,11.2,%,4,5.6,H,Routine,2025-02-19 15:35,2025-02-19 16:01,2025-02-20 01:23
LAB729603,ENC112516,PT12125,GLU,Glucose,136,mg/dL,70,99,H,Routine,2025-02-19 15:53,2025-02-19 16:05,2025-02-19 18:47
LAB729604,ENC112516,PT12125,CREAT,Creatinine,0.91,mg/dL,0.6,1.3,N,Routine,2025-02-19 15:43,2025-02-19 16:03,2025-02-19 19:45
LAB729605,ENC112517,PT13771,A1C,Hemoglobin A1c,8.6,%,4,5.6,H,Routine,2025-02-19 16:21,2025-02-19 16:55,2025-02-20 05:23
LAB729606,ENC112517,PT13771,GLU,Glucose,247,mg/dL,70,99,H,Routine,2025-02-19 16:16,2025-02-19 16:26,2025-02-19 18:38
LAB729607,ENC112517,PT13771,CREAT,Creatinine,1.04,mg/dL,0.6,1.3,N,Routine,2025-02-19 16:27,2025-02-19 16:35,2025-02-19 17:36
LAB729608,ENC112518,PT11790,GLU,Glucose,95,mg/dL,70,99,N,STAT,2025-02-19 17:05,2025-02-19 17:40,2025-02-19 18:24
LAB729609,ENC112518,PT11790,CREAT,Creatinine,0.98,mg/dL,0.6,1.3,N,STAT,2025-02-19 16:36,2025-02-19 17:05,2025-02-19 17:53
LAB729610,ENC112518,PT11790,WBC,White Blood Cell Count,5.8,K/uL,4.5,11,N,Routine,2025-02-19 16:25,2025-02-19 16:44,2025-02-19 18:45
LAB729611,ENC112519,PT12671,GLU,Glucose,101,mg/dL,70,99,H,STAT,2025-02-19 17:02,2025-02-19 17:33,2025-02-19 18:44
LAB729612,ENC112519,PT12671,CREAT,Creatinine,1.16,mg/dL,0.6,1.3,N,STAT,2025-02-19 17:42,2025-02-19 18:10,2025-02-19 19:06
LAB729613,ENC112519,PT12671,TROP,"Troponin I, High Sensitivity",4,ng/L,0,34,N,STAT,2025-02-19 17:35,2025-02-19 17:53,2025-02-19 18:16
LAB729614,ENC112521,PT13234,GLU,Glucose,173,mg/dL,70,99,H,STAT,2025-02-19 20:31,2025-02-19 21:00,2025-02-19 21:38
LAB729615,ENC112521,PT13234,CREAT,Creatinine,0.83,mg/dL,0.6,1.3,N,STAT,2025-02-19 21:26,2025-02-19 22:01,2025-02-19 23:19
LAB729616,ENC112521,PT13234,WBC,White Blood Cell Count,15,K/uL,4.5,11,H,STAT,2025-02-19 20:55,2025-02-19 21:07,2025-02-19 21:45
LAB729617,ENC112521,PT13234,HGB,Hemoglobin,14.7,g/dL,12,17.5,N,STAT,2025-02-19 20:57,2025-02-19 21:14,2025-02-19 22:13
LAB729618,ENC112522,PT12301,GLU,Glucose,120,mg/dL,70,99,H,STAT,2025-02-19 22:47,2025-02-19 22:57,2025-02-19 23:51
LAB729619,ENC112522,PT12301,CREAT,Creatinine,0.99,mg/dL,0.6,1.3,N,STAT,2025-02-19 22:05,2025-02-19 22:34,2025-02-19 23:18
LAB729620,ENC112522,PT12301,WBC,White Blood Cell Count,6.2,K/uL,4.5,11,N,Routine,2025-02-19 22:40,2025-02-19 23:04,2025-02-20 02:45
LAB729621,ENC112522,PT12301,HGB,Hemoglobin,13.5,g/dL,12,17.5,N,Routine,2025-02-19 22:11,2025-02-19 22:46,2025-02-20 12:14
LAB729622,ENC112522,PT12301,INR,Prothrombin Time INR,1.1,ratio,0.8,1.2,N,STAT,2025-02-19 22:42,2025-02-19 22:58,2025-02-19 23:55
LAB729623,ENC112524,PT10112,GLU,Glucose,76,mg/dL,70,99,N,STAT,2025-02-19 21:05,2025-02-19 21:14,2025-02-19 21:59
LAB729624,ENC112524,PT10112,CREAT,Creatinine,0.86,mg/dL,0.6,1.3,N,STAT,2025-02-19 21:46,2025-02-19 21:55,2025-02-19 22:33
LAB729625,ENC112524,PT10112,WBC,White Blood Cell Count,6.3,K/uL,4.5,11,N,STAT,2025-02-19 20:54,2025-02-19 21:28,2025-02-19 22:50
LAB729626,ENC112524,PT10112,HGB,Hemoglobin,12.7,g/dL,12,17.5,N,Routine,2025-02-19 21:28,2025-02-19 21:41,2025-02-19 23:15
LAB729627,ENC112524,PT10112,BUN,Blood Urea Nitrogen,17,mg/dL,7,20,N,Routine,2025-02-19 21:52,2025-02-19 22:23,2025-02-20 02:12
LAB729628,ENC112524,PT10112,PLT,Platelet Count,296,K/uL,150,400,N,STAT,2025-02-19 21:34,2025-02-19 22:04,2025-02-19 22:57
LAB729629,ENC112524,PT10112,LACT,Lactate,2.5,mmol/L,0.5,2,H,STAT,2025-02-19 21:59,2025-02-19 22:27,2025-02-19 22:59
LAB729630,ENC112528,PT11447,GLU,Glucose,128,mg/dL,70,99,H,Routine,2025-02-20 02:35,2025-02-20 03:05,2025-02-20 05:39
LAB729631,ENC112528,PT11447,CREAT,Creatinine,0.69,mg/dL,0.6,1.3,N,STAT,2025-02-20 02:18,2025-02-20 02:46,2025-02-20 03:36
LAB729632,ENC112528,PT11447,WBC,White Blood Cell Count,6.1,K/uL,4.5,11,N,STAT,2025-02-20 02:16,2025-02-20 02:35,2025-02-20 03:02
LAB729633,ENC112528,PT11447,HGB,Hemoglobin,14.5,g/dL,12,17.5,N,STAT,2025-02-20 01:59,2025-02-20 02:23,2025-02-20 03:05
LAB729634,ENC112528,PT11447,NA,Sodium,138,mmol/L,136,145,N,STAT,2025-02-20 02:00,2025-02-20 02:33,2025-02-20 03:00
LAB729635,ENC112528,PT11447,K,Potassium,4.2,mmol/L,3.5,5.1,N,STAT,2025-02-20 02:16,2025-02-20 02:24,2025-02-20 03:13
LAB729636,ENC112528,PT11447,BUN,Blood Urea Nitrogen,13,mg/dL,7,20,N,Routine,2025-02-20 01:57,2025-02-20 02:01,2025-02-20 03:42
LAB729637,ENC112528,PT11447,PLT,Platelet Count,274,K/uL,150,400,N,STAT,2025-02-20 02:03,2025-02-20 02:30,2025-02-20 03:13
LAB729638,ENC112529,PT10341,GLU,Glucose,97,mg/dL,70,99,N,STAT,2025-02-19 22:15,2025-02-19 22:40,2025-02-19 23:27
LAB729639,ENC112529,PT10341,CREAT,Creatinine,0.91,mg/dL,0.6,1.3,N,STAT,2025-02-19 22:14,2025-02-19 22:36,2025-02-19 22:58
LAB729640,ENC112529,PT10341,WBC,White Blood Cell Count,6.5,K/uL,4.5,11,N,STAT,2025-02-19 22:55,2025-02-19 23:22,2025-02-20 00:24
LAB729641,ENC112529,PT10341,HGB,Hemoglobin,12.2,g/dL,12,17.5,N,Routine,2025-02-19 22:31,2025-02-19 22:43,2025-02-20 01:23
LAB729642,ENC112529,PT10341,NA,Sodium,141,mmol/L,136,145,N,STAT,2025-02-19 22:45,2025-02-19 22:53,2025-02-19 23:30
LAB729643,ENC112529,PT10341,K,Potassium,3.8,mmol/L,3.5,5.1,N,STAT,2025-02-19 23:21,2025-02-19 23:34,2025-02-20 00:43
LAB729644,ENC112529,PT10341,BUN,Blood Urea Nitrogen,14,mg/dL,7,20,N,STAT,2025-02-19 22:30,2025-02-19 22:56,2025-02-20 00:13
LAB729645,ENC112529,PT10341,PLT,Platelet Count,280,K/uL,150,400,N,STAT,2025-02-19 23:03,2025-02-19 23:37,2025-02-20 00:13
LAB729646,ENC112531,PT10881,GLU,Glucose,120,mg/dL,70,99,H,STAT,2025-02-20 03:58,2025-02-20 04:23,2025-02-20 04:50
LAB729647,ENC112531,PT10881,CREAT,Creatinine,2.01,mg/dL,0.6,1.3,H,Routine,2025-02-20 03:02,2025-02-20 03:34,2025-02-20 07:58
LAB729648,ENC112531,PT10881,WBC,White Blood Cell Count,8.9,K/uL,4.5,11,N,Routine,2025-02-20 03:43,2025-02-20 04:18,2025-02-20 08:40
LAB729649,ENC112531,PT10881,HGB,Hemoglobin,11.9,g/dL,12,17.5,L,STAT,2025-02-20 03:20,2025-02-20 03:55,2025-02-20 04:18
LAB729650,ENC112532,PT13561,GLU,Glucose,83,mg/dL,70,99,N,STAT,2025-02-20 08:18,2025-02-20 08:34,2025-02-20 09:10
LAB729651,ENC112532,PT13561,CREAT,Creatinine,0.95,mg/dL,0.6,1.3,N,Routine,2025-02-20 08:02,2025-02-20 08:13,2025-02-20 12:22
LAB729652,ENC112532,PT13561,WBC,White Blood Cell Count,15.4,K/uL,4.5,11,H,STAT,2025-02-20 08:41,2025-02-20 08:48,2025-02-20 09:52
LAB729653,ENC112532,PT13561,HGB,Hemoglobin,15.3,g/dL,12,17.5,N,STAT,2025-02-20 07:59,2025-02-20 08:12,2025-02-20 08:57
LAB729654,ENC112533,PT11007,GLU,Glucose,81,mg/dL,70,99,N,STAT,2025-02-20 07:15,2025-02-20 07:28,2025-02-20 08:16
LAB729655,ENC112533,PT11007,CREAT,Creatinine,0.67,mg/dL,0.6,1.3,N,STAT,2025-02-20 07:41,2025-02-20 08:01,2025-02-20 08:35
LAB729656,ENC112533,PT11007,WBC,White Blood Cell Count,11.2,K/uL,4.5,11,H,STAT,2025-02-20 07:19,2025-02-20 07:28,2025-02-20 08:18
LAB729657,ENC112533,PT11007,HGB,Hemoglobin,11.7,g/dL,12,17.5,L,Routine,2025-02-20 06:56,2025-02-20 07:23,2025-02-20 09:42
LAB729658,ENC112534,PT11190,GLU,Glucose,85,mg/dL,70,99,N,Routine,2025-02-20 09:38,2025-02-20 10:04,2025-02-20 14:12
LAB729659,ENC112534,PT11190,CREAT,Creatinine,0.85,mg/dL,0.6,1.3,N,Routine,2025-02-20 10:04,2025-02-20 10:38,2025-02-20 14:10
LAB729660,ENC112534,PT11190,WBC,White Blood Cell Count,12.5,K/uL,4.5,11,H,STAT,2025-02-20 09:54,2025-02-20 10:09,2025-02-20 10:53
LAB729661,ENC112534,PT11190,HGB,Hemoglobin,13.4,g/dL,12,17.5,N,STAT,2025-02-20 10:03,2025-02-20 10:22,2025-02-20 10:59
LAB729662,ENC112535,PT10601,GLU,Glucose,154,mg/dL,70,99,H,Routine,2025-02-20 10:38,2025-02-20 11:02,2025-02-20 13:04
LAB729663,ENC112535,PT10601,CREAT,Creatinine,0.87,mg/dL,0.6,1.3,N,STAT,2025-02-20 10:25,2025-02-20 10:47,2025-02-20 11:30
LAB729664,ENC112535,PT10601,WBC,White Blood Cell Count,8.8,K/uL,4.5,11,N,STAT,2025-02-20 11:17,2025-02-20 11:26,2025-02-20 11:57
LAB729665,ENC112535,PT10601,HGB,Hemoglobin,15.2,g/dL,12,17.5,N,STAT,2025-02-20 11:03,2025-02-20 11:23,2025-02-20 12:12
LAB729666,ENC112536,PT10097,GLU,Glucose,62,mg/dL,70,99,L,Routine,2025-02-20 07:38,2025-02-20 07:52,2025-02-20 14:28
LAB729667,ENC112536,PT10097,CREAT,Creatinine,1.3,mg/dL,0.6,1.3,N,STAT,2025-02-20 07:28,2025-02-20 07:59,2025-02-20 08:32
LAB729668,ENC112536,PT10097,WBC,White Blood Cell Count,5,K/uL,4.5,11,N,STAT,2025-02-20 08:21,2025-02-20 08:50,2025-02-20 09:19
LAB729669,ENC112536,PT10097,HGB,Hemoglobin,13.4,g/dL,12,17.5,N,STAT,2025-02-20 07:55,2025-02-20 08:07,2025-02-20 08:46
LAB729670,ENC112536,PT10097,NA,Sodium,141,mmol/L,136,145,N,STAT,2025-02-20 08:12,2025-02-20 08:33,2025-02-20 09:24
LAB729671,ENC112536,PT10097,K,Potassium,4,mmol/L,3.5,5.1,N,STAT,2025-02-20 07:43,2025-02-20 08:09,2025-02-20 09:35
LAB729672,ENC112537,PT13982,GLU,Glucose,95,mg/dL,70,99,N,Routine,2025-02-20 11:04,2025-02-20 11:09,2025-02-20 13:24
LAB729673,ENC112537,PT13982,CREAT,Creatinine,0.93,mg/dL,0.6,1.3,N,STAT,2025-02-20 10:30,2025-02-20 10:48,2025-02-20 11:15
LAB729674,ENC112537,PT13982,WBC,White Blood Cell Count,17.4,K/uL,4.5,11,H,Routine,2025-02-20 11:13,2025-02-20 11:28,2025-02-20 13:50
LAB729675,ENC112537,PT13982,HGB,Hemoglobin,15.9,g/dL,12,17.5,N,Routine,2025-02-20 11:16,2025-02-20 11:49,2025-02-20 14:42
LAB729676,ENC112537,PT13982,NA,Sodium,140,mmol/L,136,145,N,STAT,2025-02-20 10:39,2025-02-20 10:57,2025-02-20 11:52
LAB729677,ENC112537,PT13982,K,Potassium,4.8,mmol/L,3.5,5.1,N,STAT,2025-02-20 11:02,2025-02-20 11:35,2025-02-20 12:18
LAB729678,ENC112539,PT13829,A1C,Hemoglobin A1c,10.6,%,4,5.6,H,Routine,2025-02-20 09:03,2025-02-20 09:25,2025-02-20 18:20
LAB729679,ENC112540,PT12330,GLU,Glucose,124,mg/dL,70,99,H,Routine,2025-02-20 10:00,2025-02-20 10:18,2025-02-20 12:07
LAB729680,ENC112540,PT12330,CREAT,Creatinine,0.52,mg/dL,0.6,1.3,L,STAT,2025-02-20 09:51,2025-02-20 09:59,2025-02-20 10:56
LAB729681,ENC112540,PT12330,WBC,White Blood Cell Count,3.5,K/uL,4.5,11,L,STAT,2025-02-20 09:36,2025-02-20 09:43,2025-02-20 10:30
LAB729682,ENC112541,PT13055,GLU,Glucose,103,mg/dL,70,99,H,Routine,2025-02-20 14:08,2025-02-20 14:33,2025-02-20 17:17
LAB729683,ENC112541,PT13055,CREAT,Creatinine,0.37,mg/dL,0.6,1.3,L,STAT,2025-02-20 13:50,2025-02-20 14:19,2025-02-20 15:27
LAB729684,ENC112541,PT13055,WBC,White Blood Cell Count,10,K/uL,4.5,11,N,Routine,2025-02-20 14:22,2025-02-20 14:43,2025-02-20 17:04
LAB729685,ENC112541,PT13055,HGB,Hemoglobin,10.5,g/dL,12,17.5,L,STAT,2025-02-20 14:24,2025-02-20 14:55,2025-02-20 16:22
LAB729686,ENC112542,PT12411,LDL,LDL Cholesterol,150,mg/dL,0,99,H,Routine,2025-02-20 10:33,2025-02-20 10:50,2025-02-20 17:37
LAB729687,ENC112543,PT11121,A1C,Hemoglobin A1c,7,%,4,5.6,H,Routine,2025-02-20 10:45,2025-02-20 11:01,2025-02-20 18:31
LAB729688,ENC112543,PT11121,GLU,Glucose,141,mg/dL,70,99,H,Routine,2025-02-20 10:47,2025-02-20 10:56,2025-02-20 12:51
LAB729689,ENC112543,PT11121,CREAT,Creatinine,1.39,mg/dL,0.6,1.3,H,Routine,2025-02-20 10:53,2025-02-20 11:13,2025-02-20 16:23
LAB729690,ENC112546,PT13951,GLU,Glucose,86,mg/dL,70,99,N,STAT,2025-02-20 15:14,2025-02-20 15:25,2025-02-20 16:20
LAB729691,ENC112546,PT13951,CREAT,Creatinine,2.16,mg/dL,0.6,1.3,H,Routine,2025-02-20 15:20,2025-02-20 15:34,2025-02-20 19:23
LAB729692,ENC112546,PT13951,WBC,White Blood Cell Count,8.2,K/uL,4.5,11,N,STAT,2025-02-20 15:19,2025-02-20 15:48,2025-02-20 16:38
LAB729693,ENC112546,PT13951,HGB,Hemoglobin,10.7,g/dL,12,17.5,L,STAT,2025-02-20 16:23,2025-02-20 16:39,2025-02-20 17:30
LAB729694,ENC112547,PT10664,LDL,LDL Cholesterol,141,mg/dL,0,99,H,Routine,2025-02-20 11:51,2025-02-20 12:19,2025-02-21 13:28
LAB729695,ENC112549,PT10257,GLU,Glucose,99,mg/dL,70,99,N,STAT,2025-02-20 12:32,2025-02-20 13:01,2025-02-20 14:27
LAB729696,ENC112549,PT10257,CREAT,Creatinine,0.88,mg/dL,0.6,1.3,N,Routine,2025-02-20 13:07,2025-02-20 13:23,2025-02-20 17:40
LAB729697,ENC112549,PT10257,WBC,White Blood Cell Count,16.8,K/uL,4.5,11,H,Routine,2025-02-20 12:14,2025-02-20 12:26,2025-02-20 15:56
LAB729698,ENC112549,PT10257,HGB,Hemoglobin,13.7,g/dL,12,17.5,N,STAT,2025-02-20 12:05,2025-02-20 12:09,2025-02-20 12:51
LAB729699,ENC112550,PT13354,GLU,Glucose,114,mg/dL,70,99,H,Routine,2025-02-20 15:08,2025-02-20 15:25,2025-02-20 18:39
LAB729700,ENC112550,PT13354,CREAT,Creatinine,0.75,mg/dL,0.6,1.3,N,STAT,2025-02-20 15:15,2025-02-20 15:36,2025-02-20 16:10
LAB729701,ENC112550,PT13354,WBC,White Blood Cell Count,6.1,K/uL,4.5,11,N,Routine,2025-02-20 15:08,2025-02-20 15:26,2025-02-20 18:01
LAB729702,ENC112550,PT13354,HGB,Hemoglobin,13.2,g/dL,12,17.5,N,Routine,2025-02-20 15:09,2025-02-20 15:19,2025-02-20 16:40
LAB729703,ENC112556,PT11718,GLU,Glucose,154,mg/dL,70,99,H,Routine,2025-02-20 14:00,2025-02-20 14:10,2025-02-20 17:47
LAB729704,ENC112556,PT11718,CREAT,Creatinine,1.13,mg/dL,0.6,1.3,N,STAT,2025-02-20 13:49,2025-02-20 14:00,2025-02-20 14:42
LAB729705,ENC112556,PT11718,WBC,White Blood Cell Count,6.7,K/uL,4.5,11,N,STAT,2025-02-20 14:03,2025-02-20 14:10,2025-02-20 15:10
LAB729706,ENC112556,PT11718,HGB,Hemoglobin,14.2,g/dL,12,17.5,N,Routine,2025-02-20 14:10,2025-02-20 14:31,2025-02-20 18:29
LAB729707,ENC112557,PT10228,LDL,LDL Cholesterol,72,mg/dL,0,99,N,Routine,2025-02-20 14:14,2025-02-20 14:40,2025-02-21 20:07
LAB729708,ENC112557,PT10228,A1C,Hemoglobin A1c,7.5,%,4,5.6,H,Routine,2025-02-20 14:06,2025-02-20 14:33,2025-02-20 20:20
LAB729709,ENC112557,PT10228,TSH,Thyroid Stimulating Hormone,2.12,mIU/L,0.4,4,N,Routine,2025-02-20 13:59,2025-02-20 14:33,2025-02-21 00:03
LAB729710,ENC112558,PT13267,A1C,Hemoglobin A1c,5.9,%,4,5.6,H,Routine,2025-02-20 14:20,2025-02-20 14:39,2025-02-21 01:13
LAB729711,ENC112559,PT12113,GLU,Glucose,233,mg/dL,70,99,H,STAT,2025-02-20 15:47,2025-02-20 16:17,2025-02-20 16:58
LAB729712,ENC112559,PT12113,CREAT,Creatinine,2.1,mg/dL,0.6,1.3,H,STAT,2025-02-20 15:18,2025-02-20 15:50,2025-02-20 16:36
LAB729713,ENC112559,PT12113,WBC,White Blood Cell Count,7.6,K/uL,4.5,11,N,Routine,2025-02-20 15:45,2025-02-20 16:14,2025-02-20 19:08
LAB729714,ENC112562,PT13117,GLU,Glucose,125,mg/dL,70,99,H,Routine,2025-02-20 16:55,2025-02-20 17:08,2025-02-20 21:56
LAB729715,ENC112562,PT13117,CREAT,Creatinine,1.19,mg/dL,0.6,1.3,N,STAT,2025-02-20 16:45,2025-02-20 17:20,2025-02-20 19:01
LAB729716,ENC112562,PT13117,WBC,White Blood Cell Count,5.7,K/uL,4.5,11,N,STAT,2025-02-20 17:18,2025-02-20 17:49,2025-02-20 18:30
LAB729717,ENC112562,PT13117,HGB,Hemoglobin,17.1,g/dL,12,17.5,N,Routine,2025-02-20 17:03,2025-02-20 17:29,2025-02-20 19:17
LAB729718,ENC112564,PT12953,GLU,Glucose,104,mg/dL,70,99,H,Routine,2025-02-20 17:24,2025-02-20 17:58,2025-02-20 22:52
LAB729719,ENC112564,PT12953,CREAT,Creatinine,0.58,mg/dL,0.6,1.3,L,STAT,2025-02-20 16:37,2025-02-20 16:53,2025-02-20 17:59
LAB729720,ENC112564,PT12953,WBC,White Blood Cell Count,10.9,K/uL,4.5,11,N,STAT,2025-02-20 17:41,2025-02-20 18:02,2025-02-20 18:26
LAB729721,ENC112564,PT12953,HGB,Hemoglobin,13.5,g/dL,12,17.5,N,STAT,2025-02-20 16:53,2025-02-20 17:17,2025-02-20 17:56
LAB729722,ENC112565,PT12503,GLU,Glucose,116,mg/dL,70,99,H,STAT,2025-02-20 18:00,2025-02-20 18:31,2025-02-20 19:22
LAB729723,ENC112565,PT12503,CREAT,Creatinine,0.68,mg/dL,0.6,1.3,N,STAT,2025-02-20 17:09,2025-02-20 17:40,2025-02-20 18:33
LAB729724,ENC112565,PT12503,WBC,White Blood Cell Count,5.6,K/uL,4.5,11,N,STAT,2025-02-20 17:42,2025-02-20 17:48,2025-02-20 18:12
LAB729725,ENC112565,PT12503,HGB,Hemoglobin,13.4,g/dL,12,17.5,N,STAT,2025-02-20 17:26,2025-02-20 17:36,2025-02-20 18:51
LAB729726,ENC112566,PT12769,GLU,Glucose,82,mg/dL,70,99,N,STAT,2025-02-20 17:07,2025-02-20 17:18,2025-02-20 18:03
LAB729727,ENC112566,PT12769,CREAT,Creatinine,0.98,mg/dL,0.6,1.3,N,STAT,2025-02-20 17:43,2025-02-20 18:14,2025-02-20 18:50
LAB729728,ENC112566,PT12769,WBC,White Blood Cell Count,6.9,K/uL,4.5,11,N,STAT,2025-02-20 17:19,2025-02-20 17:40,2025-02-20 18:10
LAB729729,ENC112567,PT12774,GLU,Glucose,120,mg/dL,70,99,H,STAT,2025-02-20 17:49,2025-02-20 18:17,2025-02-20 18:52
LAB729730,ENC112567,PT12774,CREAT,Creatinine,0.93,mg/dL,0.6,1.3,N,Routine,2025-02-20 17:17,2025-02-20 17:32,2025-02-20 19:13
LAB729731,ENC112567,PT12774,WBC,White Blood Cell Count,5.6,K/uL,4.5,11,N,Routine,2025-02-20 17:57,2025-02-20 18:09,2025-02-20 20:30
LAB729732,ENC112567,PT12774,HGB,Hemoglobin,15.1,g/dL,12,17.5,N,Routine,2025-02-20 17:43,2025-02-20 17:57,2025-02-20 22:46
LAB729733,ENC112567,PT12774,NA,Sodium,137,mmol/L,136,145,N,STAT,2025-02-20 18:18,2025-02-20 18:37,2025-02-20 19:14
LAB729734,ENC112567,PT12774,K,Potassium,4.4,mmol/L,3.5,5.1,N,STAT,2025-02-20 18:20,2025-02-20 18:42,2025-02-20 19:17
LAB729735,ENC112567,PT12774,BUN,Blood Urea Nitrogen,5,mg/dL,7,20,L,STAT,2025-02-20 17:45,2025-02-20 18:03,2025-02-20 18:34
LAB729736,ENC112567,PT12774,PLT,Platelet Count,199,K/uL,150,400,N,STAT,2025-02-20 17:41,2025-02-20 18:16,2025-02-20 18:46
LAB729737,ENC112568,PT10030,GLU,Glucose,274,mg/dL,70,99,H,Routine,2025-02-20 19:23,2025-02-20 19:28,2025-02-20 21:17
LAB729738,ENC112568,PT10030,CREAT,Creatinine,0.68,mg/dL,0.6,1.3,N,Routine,2025-02-20 19:15,2025-02-20 19:20,2025-02-21 01:27
LAB729739,ENC112568,PT10030,WBC,White Blood Cell Count,7.2,K/uL,4.5,11,N,STAT,2025-02-20 18:30,2025-02-20 19:04,2025-02-20 19:41
LAB729740,ENC112568,PT10030,HGB,Hemoglobin,12.7,g/dL,12,17.5,N,STAT,2025-02-20 18:50,2025-02-20 19:13,2025-02-20 20:06
LAB729741,ENC112573,PT13253,GLU,Glucose,115,mg/dL,70,99,H,STAT,2025-02-20 20:23,2025-02-20 20:58,2025-02-20 21:28
LAB729742,ENC112573,PT13253,CREAT,Creatinine,1.08,mg/dL,0.6,1.3,N,STAT,2025-02-20 20:43,2025-02-20 21:10,2025-02-20 22:03
LAB729743,ENC112573,PT13253,WBC,White Blood Cell Count,6.7,K/uL,4.5,11,N,STAT,2025-02-20 20:25,2025-02-20 20:58,2025-02-20 21:39
LAB729744,ENC112573,PT13253,HGB,Hemoglobin,13.4,g/dL,12,17.5,N,Routine,2025-02-20 20:58,2025-02-20 21:04,2025-02-20 22:10
LAB729745,ENC112576,PT10762,GLU,Glucose,94,mg/dL,70,99,N,STAT,2025-02-21 07:01,2025-02-21 07:05,2025-02-21 07:37
LAB729746,ENC112576,PT10762,CREAT,Creatinine,1.11,mg/dL,0.6,1.3,N,Routine,2025-02-21 06:47,2025-02-21 06:51,2025-02-21 08:53
LAB729747,ENC112576,PT10762,WBC,White Blood Cell Count,6.6,K/uL,4.5,11,N,STAT,2025-02-21 07:39,2025-02-21 07:43,2025-02-21 08:40
LAB729748,ENC112576,PT10762,HGB,Hemoglobin,15.6,g/dL,12,17.5,N,STAT,2025-02-21 07:24,2025-02-21 07:30,2025-02-21 08:47
LAB729749,ENC112576,PT10762,NA,Sodium,138,mmol/L,136,145,N,STAT,2025-02-21 06:59,2025-02-21 07:24,2025-02-21 08:13
LAB729750,ENC112576,PT10762,K,Potassium,4.1,mmol/L,3.5,5.1,N,STAT,2025-02-21 07:29,2025-02-21 07:57,2025-02-21 09:06
LAB729751,ENC112577,PT10697,GLU,Glucose,111,mg/dL,70,99,H,Routine,2025-02-21 10:41,2025-02-21 11:13,2025-02-21 13:49
LAB729752,ENC112577,PT10697,CREAT,Creatinine,0.78,mg/dL,0.6,1.3,N,STAT,2025-02-21 10:06,2025-02-21 10:26,2025-02-21 11:03
LAB729753,ENC112577,PT10697,WBC,White Blood Cell Count,13.8,K/uL,4.5,11,H,Routine,2025-02-21 10:04,2025-02-21 10:13,2025-02-21 19:10
LAB729754,ENC112577,PT10697,HGB,Hemoglobin,13.5,g/dL,12,17.5,N,Routine,2025-02-21 10:50,2025-02-21 11:18,2025-02-21 12:34
LAB729755,ENC112578,PT12330,GLU,Glucose,101,mg/dL,70,99,H,STAT,2025-02-21 07:15,2025-02-21 07:37,2025-02-21 08:02
LAB729756,ENC112578,PT12330,CREAT,Creatinine,0.86,mg/dL,0.6,1.3,N,STAT,2025-02-21 07:35,2025-02-21 07:49,2025-02-21 08:29
LAB729757,ENC112578,PT12330,WBC,White Blood Cell Count,8.8,K/uL,4.5,11,N,STAT,2025-02-21 07:36,2025-02-21 07:42,2025-02-21 08:01
LAB729758,ENC112578,PT12330,HGB,Hemoglobin,11.2,g/dL,12,17.5,L,Routine,2025-02-21 08:09,2025-02-21 08:17,2025-02-21 09:45
LAB729759,ENC112580,PT13907,GLU,Glucose,157,mg/dL,70,99,H,Routine,2025-02-21 12:11,2025-02-21 12:28,2025-02-21 16:03
LAB729760,ENC112580,PT13907,CREAT,Creatinine,1.29,mg/dL,0.6,1.3,N,STAT,2025-02-21 11:15,2025-02-21 11:42,2025-02-21 12:17
LAB729761,ENC112580,PT13907,WBC,White Blood Cell Count,5.9,K/uL,4.5,11,N,STAT,2025-02-21 12:18,2025-02-21 12:52,2025-02-21 13:55
LAB729762,ENC112580,PT13907,HGB,Hemoglobin,10.6,g/dL,12,17.5,L,STAT,2025-02-21 12:22,2025-02-21 12:47,2025-02-21 13:37
LAB729763,ENC112580,PT13907,INR,Prothrombin Time INR,1.1,ratio,0.8,1.2,N,STAT,2025-02-21 12:06,2025-02-21 12:12,2025-02-21 13:34
LAB729764,ENC112582,PT12368,WBC,White Blood Cell Count,8.9,K/uL,4.5,11,N,Routine,2025-02-21 09:53,2025-02-21 09:57,2025-02-21 12:00
LAB729765,ENC112582,PT12368,HGB,Hemoglobin,14.8,g/dL,12,17.5,N,Routine,2025-02-21 09:58,2025-02-21 10:29,2025-02-21 14:27
LAB729766,ENC112582,PT12368,PLT,Platelet Count,226,K/uL,150,400,N,Routine,2025-02-21 09:45,2025-02-21 10:01,2025-02-21 11:50
LAB729767,ENC112585,PT11612,LDL,LDL Cholesterol,110,mg/dL,0,99,H,Routine,2025-02-21 10:45,2025-02-21 11:08,2025-02-21 16:55
LAB729768,ENC112585,PT11612,TSH,Thyroid Stimulating Hormone,1.88,mIU/L,0.4,4,N,Routine,2025-02-21 10:46,2025-02-21 10:57,2025-02-23 04:23
LAB729769,ENC112586,PT11017,GLU,Glucose,115,mg/dL,70,99,H,Routine,2025-02-21 11:13,2025-02-21 11:33,2025-02-21 15:20
LAB729770,ENC112586,PT11017,CREAT,Creatinine,1.26,mg/dL,0.6,1.3,N,Routine,2025-02-21 11:53,2025-02-21 11:58,2025-02-21 13:24
LAB729771,ENC112586,PT11017,WBC,White Blood Cell Count,7.2,K/uL,4.5,11,N,STAT,2025-02-21 11:26,2025-02-21 11:32,2025-02-21 12:02
LAB729772,ENC112586,PT11017,HGB,Hemoglobin,12.6,g/dL,12,17.5,N,STAT,2025-02-21 11:48,2025-02-21 12:08,2025-02-21 13:18
LAB729773,ENC112588,PT10025,A1C,Hemoglobin A1c,5.7,%,4,5.6,H,Routine,2025-02-21 11:25,2025-02-21 11:49,2025-02-23 01:59
LAB729774,ENC112588,PT10025,GLU,Glucose,69,mg/dL,70,99,L,Routine,2025-02-21 11:21,2025-02-21 11:49,2025-02-21 13:09
LAB729775,ENC112588,PT10025,CREAT,Creatinine,1.49,mg/dL,0.6,1.3,H,Routine,2025-02-21 11:30,2025-02-21 11:40,2025-02-21 17:52
LAB729776,ENC112589,PT12988,LDL,LDL Cholesterol,203,mg/dL,0,99,H,Routine,2025-02-21 11:36,2025-02-21 11:43,2025-02-21 19:25
LAB729777,ENC112589,PT12988,A1C,Hemoglobin A1c,5.2,%,4,5.6,N,Routine,2025-02-21 11:29,2025-02-21 11:44,2025-02-22 00:21
LAB729778,ENC112589,PT12988,TSH,Thyroid Stimulating Hormone,2.25,mIU/L,0.4,4,N,Routine,2025-02-21 11:28,2025-02-21 11:58,2025-02-21 19:24
LAB729779,ENC112591,PT11722,WBC,White Blood Cell Count,7.3,K/uL,4.5,11,N,Routine,2025-02-21 12:00,2025-02-21 12:31,2025-02-21 15:33
LAB729780,ENC112591,PT11722,HGB,Hemoglobin,14.4,g/dL,12,17.5,N,Routine,2025-02-21 11:47,2025-02-21 12:19,2025-02-21 14:22
LAB729781,ENC112591,PT11722,PLT,Platelet Count,387,K/uL,150,400,N,Routine,2025-02-21 11:48,2025-02-21 12:18,2025-02-21 14:24
LAB729782,ENC112595,PT11968,GLU,Glucose,100,mg/dL,70,99,H,STAT,2025-02-21 12:47,2025-02-21 12:59,2025-02-21 13:46
LAB729783,ENC112595,PT11968,CREAT,Creatinine,0.86,mg/dL,0.6,1.3,N,STAT,2025-02-21 13:02,2025-02-21 13:19,2025-02-21 14:01
LAB729784,ENC112595,PT11968,WBC,White Blood Cell Count,5.8,K/uL,4.5,11,N,Routine,2025-02-21 12:38,2025-02-21 12:42,2025-02-21 16:10
LAB729785,ENC112598,PT12137,LDL,LDL Cholesterol,93,mg/dL,0,99,N,Routine,2025-02-21 13:00,2025-02-21 13:35,2025-02-22 04:11
LAB729786,ENC112598,PT12137,A1C,Hemoglobin A1c,5.5,%,4,5.6,N,Routine,2025-02-21 12:52,2025-02-21 13:02,2025-02-22 21:06
LAB729787,ENC112600,PT10194,GLU,Glucose,81,mg/dL,70,99,N,STAT,2025-02-21 17:21,2025-02-21 17:37,2025-02-21 18:38
LAB729788,ENC112600,PT10194,CREAT,Creatinine,1.07,mg/dL,0.6,1.3,N,STAT,2025-02-21 17:24,2025-02-21 17:50,2025-02-21 18:29
LAB729789,ENC112600,PT10194,WBC,White Blood Cell Count,7.5,K/uL,4.5,11,N,Routine,2025-02-21 17:07,2025-02-21 17:21,2025-02-21 21:10
LAB729790,ENC112600,PT10194,HGB,Hemoglobin,14,g/dL,12,17.5,N,STAT,2025-02-21 16:53,2025-02-21 17:00,2025-02-21 17:45
LAB729791,ENC112603,PT12512,LDL,LDL Cholesterol,134,mg/dL,0,99,H,Routine,2025-02-21 14:36,2025-02-21 15:07,2025-02-22 12:39
LAB729792,ENC112606,PT12934,LDL,LDL Cholesterol,124,mg/dL,0,99,H,Routine,2025-02-21 16:03,2025-02-21 16:11,2025-02-22 07:05
LAB729793,ENC112606,PT12934,A1C,Hemoglobin A1c,7.6,%,4,5.6,H,Routine,2025-02-21 15:56,2025-02-21 16:03,2025-02-22 11:42
LAB729794,ENC112608,PT11035,GLU,Glucose,99,mg/dL,70,99,N,STAT,2025-02-21 20:53,2025-02-21 21:00,2025-02-21 21:55
LAB729795,ENC112608,PT11035,CREAT,Creatinine,1.15,mg/dL,0.6,1.3,N,Routine,2025-02-21 20:25,2025-02-21 20:31,2025-02-22 06:25
LAB729796,ENC112608,PT11035,WBC,White Blood Cell Count,8.4,K/uL,4.5,11,N,Routine,2025-02-21 20:06,2025-02-21 20:29,2025-02-21 22:58
LAB729797,ENC112608,PT11035,HGB,Hemoglobin,7.2,g/dL,12,17.5,L,STAT,2025-02-21 20:55,2025-02-21 21:22,2025-02-21 22:37
LAB729798,ENC112608,PT11035,INR,Prothrombin Time INR,1,ratio,0.8,1.2,N,STAT,2025-02-21 19:58,2025-02-21 20:17,2025-02-21 21:13
LAB729799,ENC112609,PT10827,GLU,Glucose,135,mg/dL,70,99,H,STAT,2025-02-21 20:00,2025-02-21 20:31,2025-02-21 20:51
LAB729800,ENC112609,PT10827,CREAT,Creatinine,1.1,mg/dL,0.6,1.3,N,Routine,2025-02-21 19:15,2025-02-21 19:26,2025-02-21 22:19
LAB729801,ENC112609,PT10827,WBC,White Blood Cell Count,6.8,K/uL,4.5,11,N,Routine,2025-02-21 19:52,2025-02-21 20:00,2025-02-21 23:57
LAB729802,ENC112609,PT10827,HGB,Hemoglobin,14,g/dL,12,17.5,N,Routine,2025-02-21 20:00,2025-02-21 20:08,2025-02-21 23:00
LAB729803,ENC112609,PT10827,TROP,"Troponin I, High Sensitivity",1,ng/L,0,34,N,STAT,2025-02-21 20:16,2025-02-21 20:27,2025-02-21 21:10
LAB729804,ENC112610,PT12524,GLU,Glucose,245,mg/dL,70,99,H,STAT,2025-02-21 22:58,2025-02-21 23:20,2025-02-22 00:08
LAB729805,ENC112610,PT12524,CREAT,Creatinine,0.98,mg/dL,0.6,1.3,N,STAT,2025-02-21 23:19,2025-02-21 23:30,2025-02-22 00:02
LAB729806,ENC112610,PT12524,WBC,White Blood Cell Count,10.4,K/uL,4.5,11,N,STAT,2025-02-21 22:56,2025-02-21 23:31,2025-02-22 00:35
LAB729807,ENC112610,PT12524,HGB,Hemoglobin,13,g/dL,12,17.5,N,STAT,2025-02-21 22:56,2025-02-21 23:14,2025-02-22 00:05
LAB729808,ENC112610,PT12524,BUN,Blood Urea Nitrogen,20,mg/dL,7,20,N,Routine,2025-02-21 23:07,2025-02-21 23:42,2025-02-22 01:07
LAB729809,ENC112610,PT12524,PLT,Platelet Count,291,K/uL,150,400,N,Routine,2025-02-21 22:47,2025-02-21 23:11,2025-02-22 01:08
LAB729810,ENC112613,PT13997,GLU,Glucose,120,mg/dL,70,99,H,STAT,2025-02-22 06:28,2025-02-22 07:00,2025-02-22 07:41
LAB729811,ENC112613,PT13997,CREAT,Creatinine,0.77,mg/dL,0.6,1.3,N,STAT,2025-02-22 07:23,2025-02-22 07:53,2025-02-22 08:33
LAB729812,ENC112613,PT13997,WBC,White Blood Cell Count,5.9,K/uL,4.5,11,N,STAT,2025-02-22 06:29,2025-02-22 06:59,2025-02-22 08:15
LAB729813,ENC112613,PT13997,HGB,Hemoglobin,13.7,g/dL,12,17.5,N,Routine,2025-02-22 07:28,2025-02-22 07:41,2025-02-22 10:17
LAB729814,ENC112615,PT11854,GLU,Glucose,133,mg/dL,70,99,H,Routine,2025-02-22 14:32,2025-02-22 14:38,2025-02-22 15:35
LAB729815,ENC112615,PT11854,CREAT,Creatinine,1.97,mg/dL,0.6,1.3,H,STAT,2025-02-22 13:37,2025-02-22 13:41,2025-02-22 14:07
LAB729816,ENC112615,PT11854,WBC,White Blood Cell Count,6.5,K/uL,4.5,11,N,STAT,2025-02-22 13:58,2025-02-22 14:08,2025-02-22 15:15
LAB729817,ENC112615,PT11854,HGB,Hemoglobin,10.8,g/dL,12,17.5,L,Routine,2025-02-22 14:00,2025-02-22 14:21,2025-02-22 16:28
LAB729818,ENC112615,PT11854,TROP,"Troponin I, High Sensitivity",11,ng/L,0,34,N,STAT,2025-02-22 14:30,2025-02-22 15:02,2025-02-22 16:17
LAB729819,ENC112615,PT11854,BNP,B-Type Natriuretic Peptide,435,pg/mL,0,100,H,STAT,2025-02-22 14:02,2025-02-22 14:17,2025-02-22 15:53
LAB729820,ENC112616,PT11717,GLU,Glucose,119,mg/dL,70,99,H,STAT,2025-02-22 10:45,2025-02-22 11:12,2025-02-22 12:07
LAB729821,ENC112616,PT11717,CREAT,Creatinine,1.01,mg/dL,0.6,1.3,N,STAT,2025-02-22 10:54,2025-02-22 11:29,2025-02-22 12:10
LAB729822,ENC112617,PT10756,GLU,Glucose,99,mg/dL,70,99,N,STAT,2025-02-22 11:00,2025-02-22 11:05,2025-02-22 11:59
LAB729823,ENC112617,PT10756,CREAT,Creatinine,0.61,mg/dL,0.6,1.3,N,STAT,2025-02-22 10:24,2025-02-22 10:46,2025-02-22 11:20
LAB729824,ENC112617,PT10756,WBC,White Blood Cell Count,9.2,K/uL,4.5,11,N,STAT,2025-02-22 10:58,2025-02-22 11:11,2025-02-22 12:01
LAB729825,ENC112618,PT10667,GLU,Glucose,78,mg/dL,70,99,N,STAT,2025-02-22 10:12,2025-02-22 10:33,2025-02-22 11:17
LAB729826,ENC112618,PT10667,CREAT,Creatinine,0.6,mg/dL,0.6,1.3,N,STAT,2025-02-22 10:59,2025-02-22 11:11,2025-02-22 11:48
LAB729827,ENC112619,PT12629,GLU,Glucose,138,mg/dL,70,99,H,Routine,2025-02-22 10:58,2025-02-22 11:04,2025-02-22 16:30
LAB729828,ENC112619,PT12629,CREAT,Creatinine,1.1,mg/dL,0.6,1.3,N,Routine,2025-02-22 10:13,2025-02-22 10:17,2025-02-22 15:45
LAB729829,ENC112619,PT12629,WBC,White Blood Cell Count,4.5,K/uL,4.5,11,N,STAT,2025-02-22 11:01,2025-02-22 11:34,2025-02-22 12:02
LAB729830,ENC112619,PT12629,HGB,Hemoglobin,16,g/dL,12,17.5,N,Routine,2025-02-22 10:43,2025-02-22 11:00,2025-02-22 14:07
LAB729831,ENC112620,PT12027,GLU,Glucose,81,mg/dL,70,99,N,STAT,2025-02-22 13:50,2025-02-22 13:54,2025-02-22 15:00
LAB729832,ENC112620,PT12027,CREAT,Creatinine,0.63,mg/dL,0.6,1.3,N,Routine,2025-02-22 13:49,2025-02-22 14:00,2025-02-22 20:06
LAB729833,ENC112620,PT12027,WBC,White Blood Cell Count,5.1,K/uL,4.5,11,N,STAT,2025-02-22 14:02,2025-02-22 14:24,2025-02-22 15:52
LAB729834,ENC112620,PT12027,HGB,Hemoglobin,14.6,g/dL,12,17.5,N,Routine,2025-02-22 13:46,2025-02-22 13:58,2025-02-22 16:14
LAB729835,ENC112621,PT12490,GLU,Glucose,87,mg/dL,70,99,N,Routine,2025-02-22 11:49,2025-02-22 12:21,2025-02-22 19:54
LAB729836,ENC112621,PT12490,CREAT,Creatinine,1.89,mg/dL,0.6,1.3,H,Routine,2025-02-22 11:26,2025-02-22 11:48,2025-02-22 13:54
LAB729837,ENC112622,PT10004,GLU,Glucose,97,mg/dL,70,99,N,Routine,2025-02-22 13:19,2025-02-22 13:47,2025-02-22 16:02
LAB729838,ENC112622,PT10004,CREAT,Creatinine,0.76,mg/dL,0.6,1.3,N,STAT,2025-02-22 12:55,2025-02-22 13:21,2025-02-22 14:20
LAB729839,ENC112624,PT11436,GLU,Glucose,235,mg/dL,70,99,H,STAT,2025-02-22 16:08,2025-02-22 16:38,2025-02-22 17:08
LAB729840,ENC112624,PT11436,CREAT,Creatinine,0.29,mg/dL,0.6,1.3,L,STAT,2025-02-22 15:55,2025-02-22 16:02,2025-02-22 16:36
LAB729841,ENC112624,PT11436,WBC,White Blood Cell Count,6.3,K/uL,4.5,11,N,Routine,2025-02-22 16:11,2025-02-22 16:17,2025-02-22 20:44
LAB729842,ENC112624,PT11436,HGB,Hemoglobin,12,g/dL,12,17.5,N,Routine,2025-02-22 15:40,2025-02-22 15:54,2025-02-22 17:37
LAB729843,ENC112626,PT11095,GLU,Glucose,129,mg/dL,70,99,H,STAT,2025-02-22 20:00,2025-02-22 20:17,2025-02-22 20:54
LAB729844,ENC112626,PT11095,CREAT,Creatinine,1.21,mg/dL,0.6,1.3,N,Routine,2025-02-22 19:14,2025-02-22 19:32,2025-02-22 23:08
LAB729845,ENC112626,PT11095,WBC,White Blood Cell Count,5.8,K/uL,4.5,11,N,Routine,2025-02-22 19:23,2025-02-22 19:58,2025-02-22 22:24
LAB729846,ENC112626,PT11095,HGB,Hemoglobin,15.8,g/dL,12,17.5,N,STAT,2025-02-22 19:17,2025-02-22 19:49,2025-02-22 20:58
LAB729847,ENC112627,PT11369,GLU,Glucose,101,mg/dL,70,99,H,Routine,2025-02-22 20:43,2025-02-22 21:12,2025-02-22 22:53
LAB729848,ENC112627,PT11369,CREAT,Creatinine,0.82,mg/dL,0.6,1.3,N,Routine,2025-02-22 20:10,2025-02-22 20:26,2025-02-22 21:50
LAB729849,ENC112627,PT11369,WBC,White Blood Cell Count,7,K/uL,4.5,11,N,STAT,2025-02-22 19:52,2025-02-22 20:26,2025-02-22 21:07
LAB729850,ENC112627,PT11369,HGB,Hemoglobin,10.1,g/dL,12,17.5,L,Routine,2025-02-22 20:10,2025-02-22 20:15,2025-02-23 01:08
LAB729851,ENC112627,PT11369,TROP,"Troponin I, High Sensitivity",5,ng/L,0,34,N,STAT,2025-02-22 20:03,2025-02-22 20:11,2025-02-22 20:50
LAB729852,ENC112627,PT11369,BNP,B-Type Natriuretic Peptide,2275,pg/mL,0,100,H,STAT,2025-02-22 19:48,2025-02-22 20:07,2025-02-22 21:11
LAB729853,ENC112629,PT12030,GLU,Glucose,123,mg/dL,70,99,H,STAT,2025-02-22 17:41,2025-02-22 18:10,2025-02-22 19:02
LAB729854,ENC112629,PT12030,CREAT,Creatinine,0.74,mg/dL,0.6,1.3,N,Routine,2025-02-22 17:09,2025-02-22 17:43,2025-02-22 19:02
LAB729855,ENC112630,PT10165,GLU,Glucose,133,mg/dL,70,99,H,STAT,2025-02-22 21:14,2025-02-22 21:48,2025-02-22 22:56
LAB729856,ENC112630,PT10165,CREAT,Creatinine,0.86,mg/dL,0.6,1.3,N,STAT,2025-02-22 21:01,2025-02-22 21:28,2025-02-22 22:09
LAB729857,ENC112630,PT10165,WBC,White Blood Cell Count,15.4,K/uL,4.5,11,H,Routine,2025-02-22 21:40,2025-02-22 22:02,2025-02-23 00:53
LAB729858,ENC112630,PT10165,HGB,Hemoglobin,12.6,g/dL,12,17.5,N,STAT,2025-02-22 21:49,2025-02-22 22:14,2025-02-22 22:49
LAB729859,ENC112633,PT11015,GLU,Glucose,93,mg/dL,70,99,N,Routine,2025-02-22 22:24,2025-02-22 22:31,2025-02-23 01:09
LAB729860,ENC112633,PT11015,CREAT,Creatinine,0.74,mg/dL,0.6,1.3,N,Routine,2025-02-22 22:28,2025-02-22 22:37,2025-02-23 00:31
LAB729861,ENC112633,PT11015,WBC,White Blood Cell Count,4,K/uL,4.5,11,L,STAT,2025-02-22 22:00,2025-02-22 22:24,2025-02-22 23:10
LAB729862,ENC112633,PT11015,HGB,Hemoglobin,16.8,g/dL,12,17.5,N,Routine,2025-02-22 21:36,2025-02-22 21:51,2025-02-23 03:48
LAB729863,ENC112633,PT11015,NA,Sodium,132,mmol/L,136,145,L,STAT,2025-02-22 22:02,2025-02-22 22:26,2025-02-22 23:42
LAB729864,ENC112633,PT11015,K,Potassium,4.1,mmol/L,3.5,5.1,N,STAT,2025-02-22 21:57,2025-02-22 22:25,2025-02-22 23:27
LAB729865,ENC112637,PT10419,GLU,Glucose,209,mg/dL,70,99,H,Routine,2025-02-23 03:53,2025-02-23 04:08,2025-02-23 07:16
LAB729866,ENC112637,PT10419,CREAT,Creatinine,0.86,mg/dL,0.6,1.3,N,STAT,2025-02-23 04:43,2025-02-23 05:08,2025-02-23 06:54
LAB729867,ENC112637,PT10419,WBC,White Blood Cell Count,13.9,K/uL,4.5,11,H,STAT,2025-02-23 04:01,2025-02-23 04:28,2025-02-23 05:08
LAB729868,ENC112637,PT10419,HGB,Hemoglobin,14.2,g/dL,12,17.5,N,STAT,2025-02-23 04:43,2025-02-23 04:53,2025-02-23 05:54
LAB729869,ENC112638,PT12114,GLU,Glucose,111,mg/dL,70,99,H,Routine,2025-02-23 04:23,2025-02-23 04:50,2025-02-23 07:43
LAB729870,ENC112638,PT12114,CREAT,Creatinine,1.01,mg/dL,0.6,1.3,N,STAT,2025-02-23 05:19,2025-02-23 05:24,2025-02-23 06:07
LAB729871,ENC112638,PT12114,WBC,White Blood Cell Count,7.2,K/uL,4.5,11,N,Routine,2025-02-23 04:29,2025-02-23 05:04,2025-02-23 09:16
LAB729872,ENC112638,PT12114,HGB,Hemoglobin,13.6,g/dL,12,17.5,N,STAT,2025-02-23 04:14,2025-02-23 04:38,2025-02-23 05:14
LAB729873,ENC112639,PT11893,GLU,Glucose,96,mg/dL,70,99,N,STAT,2025-02-23 05:22,2025-02-23 05:51,2025-02-23 07:20
LAB729874,ENC112639,PT11893,CREAT,Creatinine,0.75,mg/dL,0.6,1.3,N,STAT,2025-02-23 05:05,2025-02-23 05:34,2025-02-23 06:05
LAB729875,ENC112639,PT11893,WBC,White Blood Cell Count,8.7,K/uL,4.5,11,N,STAT,2025-02-23 04:47,2025-02-23 05:09,2025-02-23 06:08
LAB729876,ENC112639,PT11893,HGB,Hemoglobin,15.2,g/dL,12,17.5,N,STAT,2025-02-23 04:39,2025-02-23 05:10,2025-02-23 05:38
LAB729877,ENC112640,PT11437,GLU,Glucose,110,mg/dL,70,99,H,STAT,2025-02-23 11:32,2025-02-23 12:04,2025-02-23 13:01
LAB729878,ENC112640,PT11437,CREAT,Creatinine,1.18,mg/dL,0.6,1.3,N,STAT,2025-02-23 11:48,2025-02-23 12:02,2025-02-23 12:40
LAB729879,ENC112640,PT11437,WBC,White Blood Cell Count,10.3,K/uL,4.5,11,N,Routine,2025-02-23 11:52,2025-02-23 12:03,2025-02-23 20:10
LAB729880,ENC112640,PT11437,HGB,Hemoglobin,14.8,g/dL,12,17.5,N,STAT,2025-02-23 12:00,2025-02-23 12:10,2025-02-23 12:51
LAB729881,ENC112640,PT11437,NA,Sodium,141,mmol/L,136,145,N,Routine,2025-02-23 11:17,2025-02-23 11:25,2025-02-23 12:54
LAB729882,ENC112640,PT11437,K,Potassium,4.2,mmol/L,3.5,5.1,N,STAT,2025-02-23 11:27,2025-02-23 11:43,2025-02-23 13:10
LAB729883,ENC112640,PT11437,TROP,"Troponin I, High Sensitivity",2624,ng/L,0,34,H,STAT,2025-02-23 12:22,2025-02-23 12:43,2025-02-23 13:23
LAB729884,ENC112641,PT10224,GLU,Glucose,99,mg/dL,70,99,N,STAT,2025-02-23 12:15,2025-02-23 12:20,2025-02-23 12:58
LAB729885,ENC112641,PT10224,CREAT,Creatinine,1.09,mg/dL,0.6,1.3,N,Routine,2025-02-23 12:49,2025-02-23 12:58,2025-02-23 15:25
LAB729886,ENC112641,PT10224,WBC,White Blood Cell Count,6.1,K/uL,4.5,11,N,Routine,2025-02-23 13:09,2025-02-23 13:18,2025-02-23 20:16
LAB729887,ENC112641,PT10224,HGB,Hemoglobin,13.8,g/dL,12,17.5,N,Routine,2025-02-23 12:26,2025-02-23 12:45,2025-02-23 16:50
LAB729888,ENC112642,PT12403,GLU,Glucose,102,mg/dL,70,99,H,Routine,2025-02-23 13:38,2025-02-23 14:10,2025-02-23 17:43
LAB729889,ENC112642,PT12403,CREAT,Creatinine,0.98,mg/dL,0.6,1.3,N,STAT,2025-02-23 13:54,2025-02-23 14:28,2025-02-23 15:21
LAB729890,ENC112642,PT12403,WBC,White Blood Cell Count,8.2,K/uL,4.5,11,N,STAT,2025-02-23 13:53,2025-02-23 14:22,2025-02-23 15:03
LAB729891,ENC112642,PT12403,HGB,Hemoglobin,12.2,g/dL,12,17.5,N,Routine,2025-02-23 14:10,2025-02-23 14:36,2025-02-23 19:30
LAB729892,ENC112644,PT12237,GLU,Glucose,88,mg/dL,70,99,N,STAT,2025-02-23 15:05,2025-02-23 15:28,2025-02-23 15:58
LAB729893,ENC112644,PT12237,CREAT,Creatinine,1.01,mg/dL,0.6,1.3,N,Routine,2025-02-23 15:48,2025-02-23 16:06,2025-02-23 18:14
LAB729894,ENC112645,PT11007,GLU,Glucose,123,mg/dL,70,99,H,STAT,2025-02-23 19:47,2025-02-23 19:53,2025-02-23 21:01
LAB729895,ENC112645,PT11007,CREAT,Creatinine,1.14,mg/dL,0.6,1.3,N,Routine,2025-02-23 18:50,2025-02-23 18:55,2025-02-23 21:22
LAB729896,ENC112645,PT11007,WBC,White Blood Cell Count,6,K/uL,4.5,11,N,Routine,2025-02-23 19:12,2025-02-23 19:41,2025-02-23 21:56
LAB729897,ENC112645,PT11007,HGB,Hemoglobin,9.8,g/dL,12,17.5,L,Routine,2025-02-23 19:38,2025-02-23 19:57,2025-02-23 23:26
LAB729898,ENC112645,PT11007,LACT,Lactate,4.2,mmol/L,0.5,2,HH,STAT,2025-02-23 18:59,2025-02-23 19:03,2025-02-23 20:10
LAB729899,ENC112645,PT11007,INR,Prothrombin Time INR,1.1,ratio,0.8,1.2,N,Routine,2025-02-23 19:46,2025-02-23 20:17,2025-02-23 23:48
LAB729900,ENC112646,PT11954,GLU,Glucose,113,mg/dL,70,99,H,STAT,2025-02-23 21:11,2025-02-23 21:15,2025-02-23 23:14
LAB729901,ENC112646,PT11954,CREAT,Creatinine,1.14,mg/dL,0.6,1.3,N,Routine,2025-02-23 21:07,2025-02-23 21:24,2025-02-24 00:41
LAB729902,ENC112646,PT11954,WBC,White Blood Cell Count,17,K/uL,4.5,11,H,STAT,2025-02-23 21:17,2025-02-23 21:33,2025-02-23 22:19
LAB729903,ENC112646,PT11954,HGB,Hemoglobin,13.7,g/dL,12,17.5,N,STAT,2025-02-23 21:30,2025-02-23 21:46,2025-02-23 22:31
LAB729904,ENC112646,PT11954,NA,Sodium,143,mmol/L,136,145,N,STAT,2025-02-23 21:09,2025-02-23 21:31,2025-02-23 23:20
LAB729905,ENC112646,PT11954,K,Potassium,4.5,mmol/L,3.5,5.1,N,STAT,2025-02-23 21:23,2025-02-23 21:44,2025-02-23 22:56
LAB729906,ENC112647,PT13674,GLU,Glucose,114,mg/dL,70,99,H,STAT,2025-02-23 17:53,2025-02-23 18:26,2025-02-23 19:33
LAB729907,ENC112647,PT13674,CREAT,Creatinine,1.13,mg/dL,0.6,1.3,N,STAT,2025-02-23 17:53,2025-02-23 18:02,2025-02-23 19:00
LAB729908,ENC112647,PT13674,WBC,White Blood Cell Count,10.9,K/uL,4.5,11,N,STAT,2025-02-23 17:32,2025-02-23 17:44,2025-02-23 18:15
LAB729909,ENC112647,PT13674,HGB,Hemoglobin,13.1,g/dL,12,17.5,N,Routine,2025-02-23 18:05,2025-02-23 18:34,2025-02-23 20:13
LAB729910,ENC112648,PT11532,GLU,Glucose,109,mg/dL,70,99,H,Routine,2025-02-23 18:22,2025-02-23 18:47,2025-02-24 01:01
LAB729911,ENC112648,PT11532,CREAT,Creatinine,1.21,mg/dL,0.6,1.3,N,STAT,2025-02-23 18:47,2025-02-23 19:08,2025-02-23 19:26
LAB729912,ENC112648,PT11532,WBC,White Blood Cell Count,4,K/uL,4.5,11,L,STAT,2025-02-23 18:36,2025-02-23 18:55,2025-02-23 19:24
LAB729913,ENC112648,PT11532,TROP,"Troponin I, High Sensitivity",72,ng/L,0,34,H,STAT,2025-02-23 17:43,2025-02-23 18:02,2025-02-23 18:49
LAB729914,ENC112648,PT11532,BNP,B-Type Natriuretic Peptide,754,pg/mL,0,100,H,Routine,2025-02-23 18:26,2025-02-23 18:56,2025-02-23 21:49
LAB729915,ENC112650,PT10297,GLU,Glucose,125,mg/dL,70,99,H,Routine,2025-02-23 22:00,2025-02-23 22:18,2025-02-24 04:41
LAB729916,ENC112650,PT10297,CREAT,Creatinine,0.91,mg/dL,0.6,1.3,N,Routine,2025-02-23 22:14,2025-02-23 22:29,2025-02-23 23:47
LAB729917,ENC112650,PT10297,WBC,White Blood Cell Count,6.4,K/uL,4.5,11,N,Routine,2025-02-23 22:04,2025-02-23 22:11,2025-02-24 00:14
LAB729918,ENC112650,PT10297,HGB,Hemoglobin,14,g/dL,12,17.5,N,STAT,2025-02-23 22:25,2025-02-23 22:53,2025-02-24 00:07
LAB729919,ENC112650,PT10297,NA,Sodium,128,mmol/L,136,145,L,Routine,2025-02-23 21:24,2025-02-23 21:28,2025-02-23 23:51
LAB729920,ENC112650,PT10297,K,Potassium,3.9,mmol/L,3.5,5.1,N,STAT,2025-02-23 21:41,2025-02-23 21:49,2025-02-23 22:23
LAB729921,ENC112651,PT12745,GLU,Glucose,225,mg/dL,70,99,H,STAT,2025-02-24 02:43,2025-02-24 02:59,2025-02-24 03:53
LAB729922,ENC112651,PT12745,CREAT,Creatinine,1.03,mg/dL,0.6,1.3,N,STAT,2025-02-24 02:14,2025-02-24 02:42,2025-02-24 03:24
LAB729923,ENC112651,PT12745,WBC,White Blood Cell Count,18.2,K/uL,4.5,11,H,STAT,2025-02-24 01:56,2025-02-24 02:02,2025-02-24 02:26
LAB729924,ENC112651,PT12745,HGB,Hemoglobin,13.9,g/dL,12,17.5,N,STAT,2025-02-24 02:03,2025-02-24 02:07,2025-02-24 02:56
LAB729925,ENC112651,PT12745,NA,Sodium,138,mmol/L,136,145,N,Routine,2025-02-24 01:45,2025-02-24 01:58,2025-02-24 05:42
LAB729926,ENC112651,PT12745,K,Potassium,4.4,mmol/L,3.5,5.1,N,STAT,2025-02-24 02:00,2025-02-24 02:07,2025-02-24 02:42
LAB729927,ENC112652,PT10489,GLU,Glucose,101,mg/dL,70,99,H,STAT,2025-02-23 22:28,2025-02-23 22:45,2025-02-23 23:13
LAB729928,ENC112652,PT10489,CREAT,Creatinine,0.82,mg/dL,0.6,1.3,N,STAT,2025-02-23 21:51,2025-02-23 22:09,2025-02-23 23:10
LAB729929,ENC112652,PT10489,WBC,White Blood Cell Count,7,K/uL,4.5,11,N,Routine,2025-02-23 22:12,2025-02-23 22:27,2025-02-24 01:25
LAB729930,ENC112652,PT10489,HGB,Hemoglobin,17.1,g/dL,12,17.5,N,STAT,2025-02-23 22:21,2025-02-23 22:54,2025-02-23 23:33
LAB729931,ENC112653,PT11614,GLU,Glucose,216,mg/dL,70,99,H,Routine,2025-02-24 00:05,2025-02-24 00:30,2025-02-24 04:33
LAB729932,ENC112653,PT11614,CREAT,Creatinine,0.51,mg/dL,0.6,1.3,L,STAT,2025-02-24 00:10,2025-02-24 00:25,2025-02-24 01:01
LAB729933,ENC112653,PT11614,WBC,White Blood Cell Count,9.3,K/uL,4.5,11,N,Routine,2025-02-24 00:06,2025-02-24 00:31,2025-02-24 01:45
LAB729934,ENC112653,PT11614,HGB,Hemoglobin,13.2,g/dL,12,17.5,N,Routine,2025-02-24 00:22,2025-02-24 00:26,2025-02-24 03:29
LAB729935,ENC112653,PT11614,NA,Sodium,142,mmol/L,136,145,N,Routine,2025-02-24 00:25,2025-02-24 00:54,2025-02-24 04:26
LAB729936,ENC112653,PT11614,K,Potassium,4,mmol/L,3.5,5.1,N,STAT,2025-02-24 00:05,2025-02-24 00:34,2025-02-24 01:13
LAB729937,ENC112653,PT11614,BUN,Blood Urea Nitrogen,14,mg/dL,7,20,N,STAT,2025-02-23 23:50,2025-02-24 00:15,2025-02-24 01:18
LAB729938,ENC112653,PT11614,PLT,Platelet Count,255,K/uL,150,400,N,Routine,2025-02-23 23:35,2025-02-24 00:09,2025-02-24 02:13
LAB729939,ENC112654,PT11536,GLU,Glucose,119,mg/dL,70,99,H,STAT,2025-02-24 02:23,2025-02-24 02:34,2025-02-24 03:04
LAB729940,ENC112654,PT11536,CREAT,Creatinine,0.71,mg/dL,0.6,1.3,N,STAT,2025-02-24 01:52,2025-02-24 02:09,2025-02-24 02:35
LAB729941,ENC112654,PT11536,WBC,White Blood Cell Count,8.7,K/uL,4.5,11,N,STAT,2025-02-24 02:00,2025-02-24 02:30,2025-02-24 03:52
LAB729942,ENC112656,PT13697,GLU,Glucose,116,mg/dL,70,99,H,STAT,2025-02-24 07:08,2025-02-24 07:41,2025-02-24 09:35
LAB729943,ENC112656,PT13697,CREAT,Creatinine,0.91,mg/dL,0.6,1.3,N,STAT,2025-02-24 07:42,2025-02-24 08:07,2025-02-24 08:59
LAB729944,ENC112656,PT13697,WBC,White Blood Cell Count,15.6,K/uL,4.5,11,H,STAT,2025-02-24 07:12,2025-02-24 07:45,2025-02-24 08:34
LAB729945,ENC112656,PT13697,HGB,Hemoglobin,16.2,g/dL,12,17.5,N,STAT,2025-02-24 07:09,2025-02-24 07:37,2025-02-24 08:04
LAB729946,ENC112656,PT13697,BUN,Blood Urea Nitrogen,15,mg/dL,7,20,N,STAT,2025-02-24 06:44,2025-02-24 06:57,2025-02-24 07:35
LAB729947,ENC112656,PT13697,PLT,Platelet Count,231,K/uL,150,400,N,Routine,2025-02-24 07:37,2025-02-24 08:01,2025-02-24 09:41
LAB729948,ENC112657,PT13758,GLU,Glucose,110,mg/dL,70,99,H,STAT,2025-02-24 07:36,2025-02-24 07:46,2025-02-24 08:35
LAB729949,ENC112657,PT13758,CREAT,Creatinine,0.82,mg/dL,0.6,1.3,N,STAT,2025-02-24 07:33,2025-02-24 07:55,2025-02-24 08:24
LAB729950,ENC112657,PT13758,WBC,White Blood Cell Count,7.5,K/uL,4.5,11,N,STAT,2025-02-24 07:19,2025-02-24 07:25,2025-02-24 07:52
LAB729951,ENC112657,PT13758,HGB,Hemoglobin,13.3,g/dL,12,17.5,N,Routine,2025-02-24 07:09,2025-02-24 07:22,2025-02-24 09:23
LAB729952,ENC112657,PT13758,NA,Sodium,136,mmol/L,136,145,N,Routine,2025-02-24 07:38,2025-02-24 07:52,2025-02-24 10:54
LAB729953,ENC112657,PT13758,K,Potassium,4,mmol/L,3.5,5.1,N,STAT,2025-02-24 07:28,2025-02-24 07:33,2025-02-24 08:21
LAB729954,ENC112662,PT12602,GLU,Glucose,96,mg/dL,70,99,N,STAT,2025-02-24 14:21,2025-02-24 14:47,2025-02-24 15:42
LAB729955,ENC112662,PT12602,CREAT,Creatinine,1.1,mg/dL,0.6,1.3,N,STAT,2025-02-24 14:24,2025-02-24 14:37,2025-02-24 15:22
LAB729956,ENC112662,PT12602,WBC,White Blood Cell Count,7.7,K/uL,4.5,11,N,STAT,2025-02-24 14:42,2025-02-24 14:59,2025-02-24 15:55
LAB729957,ENC112662,PT12602,HGB,Hemoglobin,14.3,g/dL,12,17.5,N,Routine,2025-02-24 14:40,2025-02-24 14:44,2025-02-24 21:40
LAB729958,ENC112663,PT12655,WBC,White Blood Cell Count,8.3,K/uL,4.5,11,N,Routine,2025-02-24 09:44,2025-02-24 09:51,2025-02-24 13:00
LAB729959,ENC112663,PT12655,HGB,Hemoglobin,15.1,g/dL,12,17.5,N,Routine,2025-02-24 09:35,2025-02-24 09:45,2025-02-24 11:59
LAB729960,ENC112663,PT12655,PLT,Platelet Count,249,K/uL,150,400,N,Routine,2025-02-24 09:41,2025-02-24 09:46,2025-02-24 12:42
LAB729961,ENC112665,PT12778,TROP,"Troponin I, High Sensitivity",6,ng/L,0,34,N,STAT,2025-02-24 09:52,2025-02-24 10:11,2025-02-24 11:02
LAB729962,ENC112667,PT10342,GLU,Glucose,95,mg/dL,70,99,N,Routine,2025-02-24 13:50,2025-02-24 13:56,2025-02-24 15:27
LAB729963,ENC112667,PT10342,CREAT,Creatinine,1.63,mg/dL,0.6,1.3,H,STAT,2025-02-24 14:00,2025-02-24 14:14,2025-02-24 14:54
LAB729964,ENC112667,PT10342,WBC,White Blood Cell Count,8.7,K/uL,4.5,11,N,STAT,2025-02-24 14:33,2025-02-24 14:54,2025-02-24 15:59
LAB729965,ENC112667,PT10342,HGB,Hemoglobin,13.7,g/dL,12,17.5,N,STAT,2025-02-24 14:21,2025-02-24 14:46,2025-02-24 15:17
LAB729966,ENC112667,PT10342,NA,Sodium,139,mmol/L,136,145,N,Routine,2025-02-24 14:46,2025-02-24 15:08,2025-02-24 18:46
LAB729967,ENC112667,PT10342,K,Potassium,4.1,mmol/L,3.5,5.1,N,STAT,2025-02-24 13:43,2025-02-24 14:12,2025-02-24 15:12
LAB729968,ENC112667,PT10342,TROP,"Troponin I, High Sensitivity",0,ng/L,0,34,N,STAT,2025-02-24 14:16,2025-02-24 14:47,2025-02-24 15:22
LAB729969,ENC112669,PT11844,A1C,Hemoglobin A1c,7.8,%,4,5.6,H,Routine,2025-02-24 10:47,2025-02-24 10:55,2025-02-24 23:15
LAB729970,ENC112669,PT11844,GLU,Glucose,172,mg/dL,70,99,H,Routine,2025-02-24 10:59,2025-02-24 11:05,2025-02-24 12:08
LAB729971,ENC112669,PT11844,CREAT,Creatinine,1.1,mg/dL,0.6,1.3,N,Routine,2025-02-24 10:54,2025-02-24 11:16,2025-02-24 12:59
LAB729972,ENC112671,PT11491,LDL,LDL Cholesterol,104,mg/dL,0,99,H,Routine,2025-02-24 10:43,2025-02-24 10:49,2025-02-24 21:30
LAB729973,ENC112671,PT11491,A1C,Hemoglobin A1c,5.9,%,4,5.6,H,Routine,2025-02-24 10:39,2025-02-24 10:47,2025-02-24 22:51
LAB729974,ENC112672,PT10192,GLU,Glucose,80,mg/dL,70,99,N,STAT,2025-02-24 14:19,2025-02-24 14:44,2025-02-24 15:21
LAB729975,ENC112672,PT10192,CREAT,Creatinine,1.16,mg/dL,0.6,1.3,N,STAT,2025-02-24 14:19,2025-02-24 14:51,2025-02-24 16:01
LAB729976,ENC112672,PT10192,WBC,White Blood Cell Count,5.6,K/uL,4.5,11,N,STAT,2025-02-24 13:59,2025-02-24 14:06,2025-02-24 14:51
LAB729977,ENC112672,PT10192,HGB,Hemoglobin,12.8,g/dL,12,17.5,N,STAT,2025-02-24 13:25,2025-02-24 13:58,2025-02-24 14:57
LAB729978,ENC112672,PT10192,TROP,"Troponin I, High Sensitivity",1260,ng/L,0,34,H,STAT,2025-02-24 13:26,2025-02-24 13:30,2025-02-24 14:16
LAB729979,ENC112677,PT12605,WBC,White Blood Cell Count,4.6,K/uL,4.5,11,N,Routine,2025-02-24 12:00,2025-02-24 12:21,2025-02-24 17:15
LAB729980,ENC112677,PT12605,HGB,Hemoglobin,13.1,g/dL,12,17.5,N,Routine,2025-02-24 11:55,2025-02-24 12:26,2025-02-24 14:32
LAB729981,ENC112677,PT12605,PLT,Platelet Count,256,K/uL,150,400,N,Routine,2025-02-24 12:15,2025-02-24 12:29,2025-02-24 14:41
LAB729982,ENC112678,PT12874,GLU,Glucose,94,mg/dL,70,99,N,STAT,2025-02-24 16:10,2025-02-24 16:30,2025-02-24 17:52
LAB729983,ENC112678,PT12874,CREAT,Creatinine,0.55,mg/dL,0.6,1.3,L,Routine,2025-02-24 16:26,2025-02-24 16:36,2025-02-24 18:41
LAB729984,ENC112678,PT12874,WBC,White Blood Cell Count,6.8,K/uL,4.5,11,N,Routine,2025-02-24 16:01,2025-02-24 16:20,2025-02-24 17:58
LAB729985,ENC112678,PT12874,HGB,Hemoglobin,12.2,g/dL,12,17.5,N,STAT,2025-02-24 15:17,2025-02-24 15:44,2025-02-24 16:23
LAB729986,ENC112678,PT12874,NA,Sodium,140,mmol/L,136,145,N,STAT,2025-02-24 15:54,2025-02-24 16:07,2025-02-24 16:45
LAB729987,ENC112678,PT12874,K,Potassium,4.2,mmol/L,3.5,5.1,N,STAT,2025-02-24 15:19,2025-02-24 15:31,2025-02-24 16:29
LAB729988,ENC112681,PT11876,GLU,Glucose,70,mg/dL,70,99,N,Routine,2025-02-24 13:05,2025-02-24 13:24,2025-02-24 16:23
LAB729989,ENC112681,PT11876,CREAT,Creatinine,0.21,mg/dL,0.6,1.3,L,STAT,2025-02-24 12:33,2025-02-24 13:07,2025-02-24 13:27
LAB729990,ENC112682,PT12852,A1C,Hemoglobin A1c,9,%,4,5.6,H,Routine,2025-02-24 12:30,2025-02-24 12:36,2025-02-25 17:18
LAB729991,ENC112682,PT12852,GLU,Glucose,351,mg/dL,70,99,H,Routine,2025-02-24 12:20,2025-02-24 12:43,2025-02-24 14:58
LAB729992,ENC112682,PT12852,CREAT,Creatinine,0.76,mg/dL,0.6,1.3,N,Routine,2025-02-24 12:39,2025-02-24 13:11,2025-02-24 15:42
LAB729993,ENC112683,PT13868,LDL,LDL Cholesterol,90,mg/dL,0,99,N,Routine,2025-02-24 12:37,2025-02-24 12:51,2025-02-24 21:35
LAB729994,ENC112683,PT13868,TSH,Thyroid Stimulating Hormone,2.14,mIU/L,0.4,4,N,Routine,2025-02-24 12:21,2025-02-24 12:28,2025-02-25 00:05
LAB729995,ENC112684,PT11357,GLU,Glucose,132,mg/dL,70,99,H,STAT,2025-02-24 16:16,2025-02-24 16:33,2025-02-24 17:03
LAB729996,ENC112684,PT11357,CREAT,Creatinine,1.01,mg/dL,0.6,1.3,N,STAT,2025-02-24 15:55,2025-02-24 16:19,2025-02-24 17:00
LAB729997,ENC112684,PT11357,WBC,White Blood Cell Count,9.2,K/uL,4.5,11,N,STAT,2025-02-24 16:22,2025-02-24 16:56,2025-02-24 17:29
LAB729998,ENC112684,PT11357,HGB,Hemoglobin,13.2,g/dL,12,17.5,N,Routine,2025-02-24 15:32,2025-02-24 15:57,2025-02-24 21:06
LAB729999,ENC112684,PT11357,NA,Sodium,139,mmol/L,136,145,N,STAT,2025-02-24 16:31,2025-02-24 16:57,2025-02-24 17:56
LAB730000,ENC112684,PT11357,K,Potassium,4.2,mmol/L,3.5,5.1,N,STAT,2025-02-24 16:22,2025-02-24 16:38,2025-02-24 17:17
LAB730001,ENC112686,PT13554,GLU,Glucose,92,mg/dL,70,99,N,STAT,2025-02-24 13:31,2025-02-24 14:00,2025-02-24 14:45
LAB730002,ENC112686,PT13554,CREAT,Creatinine,0.47,mg/dL,0.6,1.3,L,Routine,2025-02-24 13:30,2025-02-24 13:55,2025-02-24 16:44
LAB730003,ENC112687,PT12991,GLU,Glucose,105,mg/dL,70,99,H,Routine,2025-02-24 17:20,2025-02-24 17:45,2025-02-24 19:50
LAB730004,ENC112687,PT12991,CREAT,Creatinine,0.74,mg/dL,0.6,1.3,N,Routine,2025-02-24 17:42,2025-02-24 18:10,2025-02-24 20:20
LAB730005,ENC112687,PT12991,WBC,White Blood Cell Count,12.6,K/uL,4.5,11,H,STAT,2025-02-24 17:29,2025-02-24 17:53,2025-02-24 18:45
LAB730006,ENC112687,PT12991,HGB,Hemoglobin,13.6,g/dL,12,17.5,N,STAT,2025-02-24 17:43,2025-02-24 17:48,2025-02-24 18:31
LAB730007,ENC112689,PT11685,GLU,Glucose,107,mg/dL,70,99,H,STAT,2025-02-24 15:25,2025-02-24 15:33,2025-02-24 16:22
LAB730008,ENC112689,PT11685,CREAT,Creatinine,5.25,mg/dL,0.6,1.3,H,STAT,2025-02-24 15:21,2025-02-24 15:33,2025-02-24 16:18
LAB730009,ENC112689,PT11685,WBC,White Blood Cell Count,5.8,K/uL,4.5,11,N,Routine,2025-02-24 15:32,2025-02-24 15:36,2025-02-24 16:30
LAB730010,ENC112689,PT11685,HGB,Hemoglobin,9.9,g/dL,12,17.5,L,STAT,2025-02-24 15:46,2025-02-24 15:54,2025-02-24 16:26
LAB730011,ENC112689,PT11685,NA,Sodium,138,mmol/L,136,145,N,STAT,2025-02-24 15:34,2025-02-24 15:50,2025-02-24 16:26
LAB730012,ENC112689,PT11685,K,Potassium,5.2,mmol/L,3.5,5.1,H,STAT,2025-02-24 16:23,2025-02-24 16:46,2025-02-24 17:13
LAB730013,ENC112690,PT12464,GLU,Glucose,113,mg/dL,70,99,H,STAT,2025-02-24 14:11,2025-02-24 14:46,2025-02-24 15:15
LAB730014,ENC112690,PT12464,CREAT,Creatinine,0.94,mg/dL,0.6,1.3,N,STAT,2025-02-24 13:58,2025-02-24 14:32,2025-02-24 16:09
LAB730015,ENC112690,PT12464,WBC,White Blood Cell Count,9.1,K/uL,4.5,11,N,STAT,2025-02-24 13:23,2025-02-24 13:29,2025-02-24 14:13
LAB730016,ENC112690,PT12464,HGB,Hemoglobin,14.2,g/dL,12,17.5,N,STAT,2025-02-24 14:21,2025-02-24 14:51,2025-02-24 15:26
LAB730017,ENC112692,PT10741,WBC,White Blood Cell Count,7.4,K/uL,4.5,11,N,Routine,2025-02-24 14:13,2025-02-24 14:38,2025-02-24 16:39
LAB730018,ENC112692,PT10741,HGB,Hemoglobin,13.6,g/dL,12,17.5,N,Routine,2025-02-24 13:56,2025-02-24 14:03,2025-02-24 16:19
LAB730019,ENC112692,PT10741,PLT,Platelet Count,318,K/uL,150,400,N,Routine,2025-02-24 14:06,2025-02-24 14:24,2025-02-24 15:31
LAB730020,ENC112694,PT13727,LDL,LDL Cholesterol,136,mg/dL,0,99,H,Routine,2025-02-24 14:05,2025-02-24 14:27,2025-02-25 07:19
LAB730021,ENC112697,PT10288,GLU,Glucose,133,mg/dL,70,99,H,STAT,2025-02-24 20:13,2025-02-24 20:40,2025-02-24 23:09
LAB730022,ENC112697,PT10288,CREAT,Creatinine,0.76,mg/dL,0.6,1.3,N,Routine,2025-02-24 20:15,2025-02-24 20:34,2025-02-24 21:55
LAB730023,ENC112697,PT10288,WBC,White Blood Cell Count,12.3,K/uL,4.5,11,H,Routine,2025-02-24 19:48,2025-02-24 20:20,2025-02-25 02:54
LAB730024,ENC112697,PT10288,HGB,Hemoglobin,14.4,g/dL,12,17.5,N,STAT,2025-02-24 20:24,2025-02-24 20:42,2025-02-24 22:43
LAB730025,ENC112701,PT12858,GLU,Glucose,330,mg/dL,70,99,H,STAT,2025-02-24 20:21,2025-02-24 20:39,2025-02-24 21:40
LAB730026,ENC112701,PT12858,CREAT,Creatinine,1.18,mg/dL,0.6,1.3,N,Routine,2025-02-24 20:07,2025-02-24 20:19,2025-02-24 23:43
LAB730027,ENC112701,PT12858,WBC,White Blood Cell Count,7.5,K/uL,4.5,11,N,STAT,2025-02-24 19:48,2025-02-24 20:12,2025-02-24 20:58
LAB730028,ENC112701,PT12858,HGB,Hemoglobin,11.8,g/dL,12,17.5,L,STAT,2025-02-24 20:17,2025-02-24 20:29,2025-02-24 20:57
LAB730029,ENC112701,PT12858,NA,Sodium,141,mmol/L,136,145,N,STAT,2025-02-24 19:59,2025-02-24 20:22,2025-02-24 20:54
LAB730030,ENC112701,PT12858,K,Potassium,4.1,mmol/L,3.5,5.1,N,STAT,2025-02-24 19:23,2025-02-24 19:31,2025-02-24 20:39
LAB730031,ENC112701,PT12858,BUN,Blood Urea Nitrogen,13,mg/dL,7,20,N,STAT,2025-02-24 20:14,2025-02-24 20:34,2025-02-24 21:17
LAB730032,ENC112701,PT12858,PLT,Platelet Count,237,K/uL,150,400,N,STAT,2025-02-24 20:26,2025-02-24 20:45,2025-02-24 21:30
LAB730033,ENC112701,PT12858,A1C,Hemoglobin A1c,8.3,%,4,5.6,H,Routine,2025-02-24 19:53,2025-02-24 20:06,2025-02-25 12:51
LAB730034,ENC112702,PT10290,GLU,Glucose,95,mg/dL,70,99,N,STAT,2025-02-24 19:04,2025-02-24 19:16,2025-02-24 20:30
LAB730035,ENC112702,PT10290,CREAT,Creatinine,1.04,mg/dL,0.6,1.3,N,STAT,2025-02-24 19:06,2025-02-24 19:28,2025-02-24 20:21
LAB730036,ENC112702,PT10290,WBC,White Blood Cell Count,6.5,K/uL,4.5,11,N,STAT,2025-02-24 19:16,2025-02-24 19:49,2025-02-24 20:38
LAB730037,ENC112702,PT10290,HGB,Hemoglobin,15.9,g/dL,12,17.5,N,STAT,2025-02-24 19:59,2025-02-24 20:33,2025-02-24 21:26
LAB730038,ENC112702,PT10290,NA,Sodium,125,mmol/L,136,145,L,STAT,2025-02-24 19:40,2025-02-24 20:00,2025-02-24 20:47
LAB730039,ENC112702,PT10290,K,Potassium,4.2,mmol/L,3.5,5.1,N,STAT,2025-02-24 19:34,2025-02-24 20:02,2025-02-24 20:46
LAB730040,ENC112704,PT12738,GLU,Glucose,78,mg/dL,70,99,N,Routine,2025-02-24 20:36,2025-02-24 20:47,2025-02-25 01:50
LAB730041,ENC112704,PT12738,CREAT,Creatinine,1.01,mg/dL,0.6,1.3,N,STAT,2025-02-24 20:33,2025-02-24 21:06,2025-02-24 21:31
LAB730042,ENC112704,PT12738,WBC,White Blood Cell Count,8.6,K/uL,4.5,11,N,Routine,2025-02-24 21:01,2025-02-24 21:16,2025-02-25 00:03
LAB730043,ENC112704,PT12738,HGB,Hemoglobin,15.8,g/dL,12,17.5,N,Routine,2025-02-24 20:41,2025-02-24 20:48,2025-02-24 23:32
LAB730044,ENC112704,PT12738,TROP,"Troponin I, High Sensitivity",148,ng/L,0,34,H,STAT,2025-02-24 21:14,2025-02-24 21:25,2025-02-24 22:20
LAB730045,ENC112707,PT10972,GLU,Glucose,122,mg/dL,70,99,H,Routine,2025-02-24 21:26,2025-02-24 21:34,2025-02-25 00:06
LAB730046,ENC112707,PT10972,CREAT,Creatinine,1.08,mg/dL,0.6,1.3,N,Routine,2025-02-24 21:33,2025-02-24 21:39,2025-02-25 00:34
LAB730047,ENC112707,PT10972,WBC,White Blood Cell Count,13.5,K/uL,4.5,11,H,STAT,2025-02-24 22:07,2025-02-24 22:24,2025-02-24 23:18
LAB730048,ENC112707,PT10972,HGB,Hemoglobin,12.4,g/dL,12,17.5,N,Routine,2025-02-24 21:54,2025-02-24 22:13,2025-02-25 03:21
LAB730049,ENC112708,PT10228,GLU,Glucose,451,mg/dL,70,99,H,Routine,2025-02-25 00:19,2025-02-25 00:41,2025-02-25 02:27
LAB730050,ENC112708,PT10228,CREAT,Creatinine,1.03,mg/dL,0.6,1.3,N,STAT,2025-02-25 00:39,2025-02-25 01:11,2025-02-25 02:01
LAB730051,ENC112708,PT10228,WBC,White Blood Cell Count,8.1,K/uL,4.5,11,N,Routine,2025-02-25 01:07,2025-02-25 01:21,2025-02-25 03:28
LAB730052,ENC112708,PT10228,HGB,Hemoglobin,11.2,g/dL,12,17.5,L,STAT,2025-02-25 00:30,2025-02-25 00:46,2025-02-25 01:57
LAB730053,ENC112708,PT10228,NA,Sodium,144,mmol/L,136,145,N,STAT,2025-02-25 01:19,2025-02-25 01:51,2025-02-25 02:43
LAB730054,ENC112708,PT10228,K,Potassium,4.2,mmol/L,3.5,5.1,N,STAT,2025-02-25 00:21,2025-02-25 00:29,2025-02-25 01:04
LAB730055,ENC112708,PT10228,BUN,Blood Urea Nitrogen,10,mg/dL,7,20,N,Routine,2025-02-25 00:51,2025-02-25 01:15,2025-02-25 03:12
LAB730056,ENC112708,PT10228,PLT,Platelet Count,189,K/uL,150,400,N,STAT,2025-02-25 00:26,2025-02-25 00:49,2025-02-25 01:25
LAB730057,ENC112708,PT10228,A1C,Hemoglobin A1c,9.5,%,4,5.6,H,Routine,2025-02-25 01:03,2025-02-25 01:11,2025-02-25 11:11
LAB730058,ENC112709,PT12551,GLU,Glucose,116,mg/dL,70,99,H,STAT,2025-02-25 01:47,2025-02-25 02:00,2025-02-25 02:45
LAB730059,ENC112709,PT12551,CREAT,Creatinine,0.72,mg/dL,0.6,1.3,N,STAT,2025-02-25 01:43,2025-02-25 02:04,2025-02-25 02:50
LAB730060,ENC112712,PT13269,GLU,Glucose,111,mg/dL,70,99,H,Routine,2025-02-25 09:31,2025-02-25 09:42,2025-02-25 14:24
LAB730061,ENC112712,PT13269,CREAT,Creatinine,1.25,mg/dL,0.6,1.3,N,STAT,2025-02-25 09:16,2025-02-25 09:24,2025-02-25 09:49
LAB730062,ENC112712,PT13269,WBC,White Blood Cell Count,10.6,K/uL,4.5,11,N,Routine,2025-02-25 09:01,2025-02-25 09:25,2025-02-25 10:30
LAB730063,ENC112712,PT13269,HGB,Hemoglobin,13.4,g/dL,12,17.5,N,STAT,2025-02-25 09:37,2025-02-25 09:45,2025-02-25 10:20
LAB730064,ENC112712,PT13269,TROP,"Troponin I, High Sensitivity",5,ng/L,0,34,N,STAT,2025-02-25 09:43,2025-02-25 10:06,2025-02-25 11:10
LAB730065,ENC112713,PT13209,GLU,Glucose,88,mg/dL,70,99,N,STAT,2025-02-25 07:12,2025-02-25 07:22,2025-02-25 07:50
LAB730066,ENC112713,PT13209,CREAT,Creatinine,0.53,mg/dL,0.6,1.3,L,Routine,2025-02-25 06:53,2025-02-25 07:16,2025-02-25 10:48
LAB730067,ENC112714,PT10593,GLU,Glucose,99,mg/dL,70,99,N,STAT,2025-02-25 12:22,2025-02-25 12:47,2025-02-25 13:21
LAB730068,ENC112714,PT10593,CREAT,Creatinine,0.77,mg/dL,0.6,1.3,N,STAT,2025-02-25 11:47,2025-02-25 12:14,2025-02-25 12:40
LAB730069,ENC112714,PT10593,WBC,White Blood Cell Count,7,K/uL,4.5,11,N,Routine,2025-02-25 11:46,2025-02-25 11:51,2025-02-25 14:08
LAB730070,ENC112714,PT10593,HGB,Hemoglobin,6.7,g/dL,12,17.5,LL,STAT,2025-02-25 11:55,2025-02-25 12:03,2025-02-25 12:40
LAB730071,ENC112714,PT10593,LACT,Lactate,1.5,mmol/L,0.5,2,N,STAT,2025-02-25 12:33,2025-02-25 12:54,2025-02-25 13:17
LAB730072,ENC112714,PT10593,INR,Prothrombin Time INR,1,ratio,0.8,1.2,N,Routine,2025-02-25 12:34,2025-02-25 13:03,2025-02-25 16:30
LAB730073,ENC112717,PT10450,GLU,Glucose,92,mg/dL,70,99,N,Routine,2025-02-25 13:00,2025-02-25 13:28,2025-02-25 15:03
LAB730074,ENC112717,PT10450,CREAT,Creatinine,0.64,mg/dL,0.6,1.3,N,Routine,2025-02-25 13:03,2025-02-25 13:14,2025-02-25 16:24
LAB730075,ENC112717,PT10450,WBC,White Blood Cell Count,5.7,K/uL,4.5,11,N,Routine,2025-02-25 12:29,2025-02-25 12:48,2025-02-25 14:51
LAB730076,ENC112717,PT10450,HGB,Hemoglobin,12.9,g/dL,12,17.5,N,Routine,2025-02-25 12:38,2025-02-25 12:57,2025-02-25 15:38
LAB730077,ENC112719,PT13752,GLU,Glucose,90,mg/dL,70,99,N,STAT,2025-02-25 14:21,2025-02-25 14:34,2025-02-25 15:20
LAB730078,ENC112719,PT13752,CREAT,Creatinine,0.5,mg/dL,0.6,1.3,L,STAT,2025-02-25 14:21,2025-02-25 14:26,2025-02-25 15:07
LAB730079,ENC112719,PT13752,WBC,White Blood Cell Count,6.1,K/uL,4.5,11,N,Routine,2025-02-25 13:54,2025-02-25 14:17,2025-02-25 16:22
LAB730080,ENC112719,PT13752,HGB,Hemoglobin,13.1,g/dL,12,17.5,N,Routine,2025-02-25 14:23,2025-02-25 14:35,2025-02-25 17:44
LAB730081,ENC112720,PT10235,GLU,Glucose,116,mg/dL,70,99,H,STAT,2025-02-25 10:34,2025-02-25 10:40,2025-02-25 11:26
LAB730082,ENC112720,PT10235,CREAT,Creatinine,0.91,mg/dL,0.6,1.3,N,STAT,2025-02-25 10:37,2025-02-25 10:45,2025-02-25 11:22
LAB730083,ENC112721,PT12261,GLU,Glucose,120,mg/dL,70,99,H,Routine,2025-02-25 10:35,2025-02-25 10:45,2025-02-25 12:11
LAB730084,ENC112721,PT12261,CREAT,Creatinine,1.18,mg/dL,0.6,1.3,N,Routine,2025-02-25 11:32,2025-02-25 12:00,2025-02-25 13:15
LAB730085,ENC112721,PT12261,WBC,White Blood Cell Count,9.4,K/uL,4.5,11,N,STAT,2025-02-25 10:46,2025-02-25 11:14,2025-02-25 12:37
LAB730086,ENC112721,PT12261,HGB,Hemoglobin,16.1,g/dL,12,17.5,N,STAT,2025-02-25 11:30,2025-02-25 11:57,2025-02-25 12:49
LAB730087,ENC112727,PT13545,GLU,Glucose,196,mg/dL,70,99,H,Routine,2025-02-25 12:11,2025-02-25 12:15,2025-02-25 17:16
LAB730088,ENC112727,PT13545,CREAT,Creatinine,0.75,mg/dL,0.6,1.3,N,STAT,2025-02-25 13:09,2025-02-25 13:39,2025-02-25 14:26
LAB730089,ENC112728,PT10784,GLU,Glucose,117,mg/dL,70,99,H,STAT,2025-02-25 13:01,2025-02-25 13:33,2025-02-25 16:05
LAB730090,ENC112728,PT10784,CREAT,Creatinine,0.65,mg/dL,0.6,1.3,N,STAT,2025-02-25 12:33,2025-02-25 13:07,2025-02-25 13:55
LAB730091,ENC112728,PT10784,WBC,White Blood Cell Count,6.3,K/uL,4.5,11,N,STAT,2025-02-25 13:04,2025-02-25 13:38,2025-02-25 14:16
LAB730092,ENC112728,PT10784,HGB,Hemoglobin,13.1,g/dL,12,17.5,N,STAT,2025-02-25 12:37,2025-02-25 13:12,2025-02-25 13:44
LAB730093,ENC112728,PT10784,NA,Sodium,140,mmol/L,136,145,N,STAT,2025-02-25 12:44,2025-02-25 13:08,2025-02-25 14:06
LAB730094,ENC112728,PT10784,K,Potassium,4.3,mmol/L,3.5,5.1,N,STAT,2025-02-25 13:00,2025-02-25 13:28,2025-02-25 14:18
LAB730095,ENC112730,PT13157,GLU,Glucose,97,mg/dL,70,99,N,STAT,2025-02-25 13:37,2025-02-25 13:58,2025-02-25 14:32
LAB730096,ENC112730,PT13157,CREAT,Creatinine,0.43,mg/dL,0.6,1.3,L,STAT,2025-02-25 13:53,2025-02-25 14:24,2025-02-25 15:17
LAB730097,ENC112730,PT13157,WBC,White Blood Cell Count,11.2,K/uL,4.5,11,H,Routine,2025-02-25 13:12,2025-02-25 13:30,2025-02-25 16:40
LAB730098,ENC112731,PT13256,GLU,Glucose,78,mg/dL,70,99,N,Routine,2025-02-25 13:39,2025-02-25 13:46,2025-02-25 16:35
LAB730099,ENC112731,PT13256,CREAT,Creatinine,0.74,mg/dL,0.6,1.3,N,STAT,2025-02-25 13:39,2025-02-25 14:08,2025-02-25 15:01
LAB730100,ENC112731,PT13256,WBC,White Blood Cell Count,7.2,K/uL,4.5,11,N,STAT,2025-02-25 13:42,2025-02-25 14:03,2025-02-25 14:59
LAB730101,ENC112731,PT13256,HGB,Hemoglobin,16.5,g/dL,12,17.5,N,Routine,2025-02-25 13:28,2025-02-25 13:55,2025-02-25 17:47
LAB730102,ENC112732,PT12345,GLU,Glucose,131,mg/dL,70,99,H,STAT,2025-02-25 16:22,2025-02-25 16:41,2025-02-25 17:04
LAB730103,ENC112732,PT12345,CREAT,Creatinine,1.29,mg/dL,0.6,1.3,N,STAT,2025-02-25 15:47,2025-02-25 16:20,2025-02-25 17:15
LAB730104,ENC112732,PT12345,WBC,White Blood Cell Count,9.9,K/uL,4.5,11,N,STAT,2025-02-25 16:03,2025-02-25 16:38,2025-02-25 17:40
LAB730105,ENC112732,PT12345,HGB,Hemoglobin,8.9,g/dL,12,17.5,L,Routine,2025-02-25 15:42,2025-02-25 16:10,2025-02-25 17:43
LAB730106,ENC112733,PT11427,TROP,"Troponin I, High Sensitivity",4,ng/L,0,34,N,STAT,2025-02-25 14:17,2025-02-25 14:21,2025-02-25 15:13
LAB730107,ENC112735,PT10971,LDL,LDL Cholesterol,88,mg/dL,0,99,N,Routine,2025-02-25 14:58,2025-02-25 15:31,2025-02-26 01:31
LAB730108,ENC112735,PT10971,A1C,Hemoglobin A1c,7.9,%,4,5.6,H,Routine,2025-02-25 14:54,2025-02-25 15:27,2025-02-26 05:40
LAB730109,ENC112736,PT11659,WBC,White Blood Cell Count,4.8,K/uL,4.5,11,N,Routine,2025-02-25 15:10,2025-02-25 15:21,2025-02-25 18:58
LAB730110,ENC112736,PT11659,HGB,Hemoglobin,12.9,g/dL,12,17.5,N,Routine,2025-02-25 14:56,2025-02-25 15:21,2025-02-26 00:33
LAB730111,ENC112736,PT11659,PLT,Platelet Count,317,K/uL,150,400,N,Routine,2025-02-25 14:54,2025-02-25 15:16,2025-02-25 16:48
LAB730112,ENC112739,PT13149,A1C,Hemoglobin A1c,7.3,%,4,5.6,H,Routine,2025-02-25 15:50,2025-02-25 15:57,2025-02-26 01:09
LAB730113,ENC112739,PT13149,GLU,Glucose,203,mg/dL,70,99,H,Routine,2025-02-25 15:59,2025-02-25 16:25,2025-02-25 21:54
LAB730114,ENC112739,PT13149,CREAT,Creatinine,1.11,mg/dL,0.6,1.3,N,Routine,2025-02-25 16:00,2025-02-25 16:24,2025-02-25 18:10
LAB730115,ENC112741,PT10067,GLU,Glucose,91,mg/dL,70,99,N,STAT,2025-02-25 20:19,2025-02-25 20:41,2025-02-25 21:34
LAB730116,ENC112741,PT10067,CREAT,Creatinine,0.71,mg/dL,0.6,1.3,N,STAT,2025-02-25 20:05,2025-02-25 20:38,2025-02-25 21:33
LAB730117,ENC112741,PT10067,WBC,White Blood Cell Count,13.3,K/uL,4.5,11,H,STAT,2025-02-25 20:20,2025-02-25 20:41,2025-02-25 21:22
LAB730118,ENC112741,PT10067,HGB,Hemoglobin,12.1,g/dL,12,17.5,N,Routine,2025-02-25 20:18,2025-02-25 20:45,2025-02-26 01:12
LAB730119,ENC112742,PT13010,GLU,Glucose,79,mg/dL,70,99,N,STAT,2025-02-25 19:20,2025-02-25 19:44,2025-02-25 20:06
LAB730120,ENC112742,PT13010,CREAT,Creatinine,0.32,mg/dL,0.6,1.3,L,STAT,2025-02-25 19:41,2025-02-25 19:47,2025-02-25 20:33
LAB730121,ENC112742,PT13010,WBC,White Blood Cell Count,6.8,K/uL,4.5,11,N,STAT,2025-02-25 18:46,2025-02-25 19:06,2025-02-25 19:33
LAB730122,ENC112742,PT13010,HGB,Hemoglobin,11.8,g/dL,12,17.5,L,Routine,2025-02-25 18:44,2025-02-25 19:19,2025-02-25 22:44
LAB730123,ENC112744,PT12753,GLU,Glucose,178,mg/dL,70,99,H,Routine,2025-02-25 23:11,2025-02-25 23:24,2025-02-26 01:58
LAB730124,ENC112744,PT12753,CREAT,Creatinine,0.48,mg/dL,0.6,1.3,L,STAT,2025-02-25 23:58,2025-02-26 00:08,2025-02-26 01:43
LAB730125,ENC112744,PT12753,WBC,White Blood Cell Count,20.6,K/uL,4.5,11,H,STAT,2025-02-25 23:48,2025-02-25 23:53,2025-02-26 00:54
LAB730126,ENC112744,PT12753,HGB,Hemoglobin,15.9,g/dL,12,17.5,N,STAT,2025-02-25 23:26,2025-02-25 23:45,2025-02-26 00:26
LAB730127,ENC112744,PT12753,LACT,Lactate,1.2,mmol/L,0.5,2,N,STAT,2025-02-25 23:28,2025-02-25 23:42,2025-02-26 00:38
LAB730128,ENC112745,PT10618,TROP,"Troponin I, High Sensitivity",3,ng/L,0,34,N,STAT,2025-02-25 20:40,2025-02-25 21:09,2025-02-25 21:51
LAB730129,ENC112746,PT10733,GLU,Glucose,109,mg/dL,70,99,H,STAT,2025-02-25 20:30,2025-02-25 20:36,2025-02-25 22:11
LAB730130,ENC112746,PT10733,CREAT,Creatinine,1.13,mg/dL,0.6,1.3,N,STAT,2025-02-25 20:54,2025-02-25 20:58,2025-02-25 21:37
LAB730131,ENC112747,PT11804,GLU,Glucose,73,mg/dL,70,99,N,Routine,2025-02-25 20:20,2025-02-25 20:48,2025-02-25 22:56
LAB730132,ENC112747,PT11804,CREAT,Creatinine,1.29,mg/dL,0.6,1.3,N,Routine,2025-02-25 20:03,2025-02-25 20:22,2025-02-26 00:02
LAB730133,ENC112747,PT11804,WBC,White Blood Cell Count,10.6,K/uL,4.5,11,N,STAT,2025-02-25 20:03,2025-02-25 20:35,2025-02-25 21:00
LAB730134,ENC112748,PT13268,GLU,Glucose,109,mg/dL,70,99,H,STAT,2025-02-26 00:00,2025-02-26 00:32,2025-02-26 00:57
LAB730135,ENC112748,PT13268,CREAT,Creatinine,0.46,mg/dL,0.6,1.3,L,STAT,2025-02-26 00:24,2025-02-26 00:53,2025-02-26 01:30
LAB730136,ENC112748,PT13268,WBC,White Blood Cell Count,4.6,K/uL,4.5,11,N,STAT,2025-02-26 00:15,2025-02-26 00:21,2025-02-26 01:16
LAB730137,ENC112748,PT13268,HGB,Hemoglobin,10.5,g/dL,12,17.5,L,STAT,2025-02-26 00:03,2025-02-26 00:10,2025-02-26 01:12
LAB730138,ENC112748,PT13268,NA,Sodium,142,mmol/L,136,145,N,STAT,2025-02-26 00:05,2025-02-26 00:28,2025-02-26 01:56
LAB730139,ENC112748,PT13268,K,Potassium,4.2,mmol/L,3.5,5.1,N,STAT,2025-02-26 00:12,2025-02-26 00:22,2025-02-26 01:17
LAB730140,ENC112749,PT12060,GLU,Glucose,88,mg/dL,70,99,N,Routine,2025-02-26 00:25,2025-02-26 00:52,2025-02-26 07:29
LAB730141,ENC112749,PT12060,CREAT,Creatinine,1.01,mg/dL,0.6,1.3,N,Routine,2025-02-26 01:17,2025-02-26 01:51,2025-02-26 07:01
LAB730142,ENC112749,PT12060,WBC,White Blood Cell Count,6.4,K/uL,4.5,11,N,STAT,2025-02-26 00:50,2025-02-26 01:09,2025-02-26 02:07
LAB730143,ENC112749,PT12060,HGB,Hemoglobin,14.3,g/dL,12,17.5,N,Routine,2025-02-26 00:42,2025-02-26 00:58,2025-02-26 02:53
LAB730144,ENC112749,PT12060,NA,Sodium,142,mmol/L,136,145,N,STAT,2025-02-26 01:07,2025-02-26 01:24,2025-02-26 02:11
LAB730145,ENC112749,PT12060,K,Potassium,4.4,mmol/L,3.5,5.1,N,STAT,2025-02-26 00:31,2025-02-26 01:02,2025-02-26 01:29
LAB730146,ENC112749,PT12060,LACT,Lactate,3.8,mmol/L,0.5,2,H,STAT,2025-02-26 01:06,2025-02-26 01:33,2025-02-26 02:31
LAB730147,ENC112751,PT12633,GLU,Glucose,119,mg/dL,70,99,H,STAT,2025-02-26 01:47,2025-02-26 02:17,2025-02-26 03:53
LAB730148,ENC112751,PT12633,CREAT,Creatinine,0.88,mg/dL,0.6,1.3,N,STAT,2025-02-26 02:02,2025-02-26 02:15,2025-02-26 02:41
LAB730149,ENC112751,PT12633,WBC,White Blood Cell Count,8.1,K/uL,4.5,11,N,Routine,2025-02-26 01:44,2025-02-26 01:55,2025-02-26 05:25
LAB730150,ENC112751,PT12633,HGB,Hemoglobin,13.9,g/dL,12,17.5,N,STAT,2025-02-26 01:39,2025-02-26 01:55,2025-02-26 02:27
LAB730151,ENC112753,PT12541,GLU,Glucose,115,mg/dL,70,99,H,STAT,2025-02-26 00:11,2025-02-26 00:15,2025-02-26 00:47
LAB730152,ENC112753,PT12541,CREAT,Creatinine,1.1,mg/dL,0.6,1.3,N,STAT,2025-02-25 23:21,2025-02-25 23:50,2025-02-26 00:16
LAB730153,ENC112753,PT12541,WBC,White Blood Cell Count,8,K/uL,4.5,11,N,STAT,2025-02-26 00:12,2025-02-26 00:42,2025-02-26 01:24
LAB730154,ENC112753,PT12541,TROP,"Troponin I, High Sensitivity",10,ng/L,0,34,N,STAT,2025-02-26 00:15,2025-02-26 00:48,2025-02-26 01:40
LAB730155,ENC112753,PT12541,BNP,B-Type Natriuretic Peptide,931,pg/mL,0,100,H,STAT,2025-02-26 00:11,2025-02-26 00:36,2025-02-26 01:10
LAB730156,ENC112754,PT12081,GLU,Glucose,101,mg/dL,70,99,H,STAT,2025-02-26 03:35,2025-02-26 04:10,2025-02-26 04:49
LAB730157,ENC112754,PT12081,CREAT,Creatinine,2.08,mg/dL,0.6,1.3,H,STAT,2025-02-26 04:17,2025-02-26 04:21,2025-02-26 04:47
LAB730158,ENC112754,PT12081,WBC,White Blood Cell Count,2.6,K/uL,4.5,11,L,STAT,2025-02-26 03:48,2025-02-26 03:52,2025-02-26 04:24
LAB730159,ENC112754,PT12081,HGB,Hemoglobin,12.7,g/dL,12,17.5,N,STAT,2025-02-26 03:44,2025-02-26 03:51,2025-02-26 04:48
LAB730160,ENC112754,PT12081,NA,Sodium,143,mmol/L,136,145,N,STAT,2025-02-26 03:39,2025-02-26 04:10,2025-02-26 04:44
LAB730161,ENC112754,PT12081,K,Potassium,4.2,mmol/L,3.5,5.1,N,STAT,2025-02-26 04:09,2025-02-26 04:33,2025-02-26 05:17
LAB730162,ENC112756,PT13369,GLU,Glucose,86,mg/dL,70,99,N,Routine,2025-02-26 07:17,2025-02-26 07:44,2025-02-26 10:05
LAB730163,ENC112756,PT13369,CREAT,Creatinine,0.74,mg/dL,0.6,1.3,N,STAT,2025-02-26 06:54,2025-02-26 07:04,2025-02-26 07:21
LAB730164,ENC112756,PT13369,WBC,White Blood Cell Count,15.2,K/uL,4.5,11,H,STAT,2025-02-26 07:47,2025-02-26 08:18,2025-02-26 09:14
LAB730165,ENC112756,PT13369,HGB,Hemoglobin,12.6,g/dL,12,17.5,N,STAT,2025-02-26 07:19,2025-02-26 07:36,2025-02-26 08:14
LAB730166,ENC112756,PT13369,NA,Sodium,139,mmol/L,136,145,N,STAT,2025-02-26 07:15,2025-02-26 07:24,2025-02-26 08:15
LAB730167,ENC112756,PT13369,K,Potassium,4.5,mmol/L,3.5,5.1,N,STAT,2025-02-26 06:53,2025-02-26 07:12,2025-02-26 08:44
LAB730168,ENC112756,PT13369,BUN,Blood Urea Nitrogen,11,mg/dL,7,20,N,Routine,2025-02-26 07:20,2025-02-26 07:40,2025-02-26 16:26
LAB730169,ENC112756,PT13369,PLT,Platelet Count,254,K/uL,150,400,N,Routine,2025-02-26 06:44,2025-02-26 06:48,2025-02-26 09:34
LAB730170,ENC112757,PT10336,GLU,Glucose,111,mg/dL,70,99,H,STAT,2025-02-26 07:54,2025-02-26 08:01,2025-02-26 09:05
LAB730171,ENC112757,PT10336,CREAT,Creatinine,1.16,mg/dL,0.6,1.3,N,STAT,2025-02-26 08:35,2025-02-26 09:02,2025-02-26 09:28
LAB730172,ENC112757,PT10336,WBC,White Blood Cell Count,9.3,K/uL,4.5,11,N,Routine,2025-02-26 08:24,2025-02-26 08:33,2025-02-26 10:43
LAB730173,ENC112757,PT10336,HGB,Hemoglobin,12.9,g/dL,12,17.5,N,STAT,2025-02-26 08:03,2025-02-26 08:32,2025-02-26 09:35
LAB730174,ENC112757,PT10336,INR,Prothrombin Time INR,0.9,ratio,0.8,1.2,N,STAT,2025-02-26 08:26,2025-02-26 08:30,2025-02-26 08:59
LAB730175,ENC112758,PT10600,GLU,Glucose,98,mg/dL,70,99,N,Routine,2025-02-26 06:22,2025-02-26 06:41,2025-02-26 08:37
LAB730176,ENC112758,PT10600,CREAT,Creatinine,0.64,mg/dL,0.6,1.3,N,Routine,2025-02-26 06:48,2025-02-26 07:09,2025-02-26 09:26
LAB730177,ENC112758,PT10600,WBC,White Blood Cell Count,7.7,K/uL,4.5,11,N,STAT,2025-02-26 06:14,2025-02-26 06:38,2025-02-26 07:26
LAB730178,ENC112758,PT10600,HGB,Hemoglobin,14.1,g/dL,12,17.5,N,Routine,2025-02-26 06:45,2025-02-26 07:19,2025-02-26 11:26
LAB730179,ENC112759,PT11174,GLU,Glucose,82,mg/dL,70,99,N,STAT,2025-02-26 09:39,2025-02-26 10:05,2025-02-26 11:09
LAB730180,ENC112759,PT11174,CREAT,Creatinine,1.13,mg/dL,0.6,1.3,N,STAT,2025-02-26 09:47,2025-02-26 10:12,2025-02-26 12:15
LAB730181,ENC112759,PT11174,WBC,White Blood Cell Count,6.6,K/uL,4.5,11,N,STAT,2025-02-26 10:25,2025-02-26 10:38,2025-02-26 11:44
LAB730182,ENC112759,PT11174,HGB,Hemoglobin,12.6,g/dL,12,17.5,N,STAT,2025-02-26 09:24,2025-02-26 09:48,2025-02-26 10:27
LAB730183,ENC112759,PT11174,NA,Sodium,140,mmol/L,136,145,N,STAT,2025-02-26 10:12,2025-02-26 10:24,2025-02-26 11:25
LAB730184,ENC112759,PT11174,K,Potassium,4.3,mmol/L,3.5,5.1,N,STAT,2025-02-26 09:59,2025-02-26 10:05,2025-02-26 10:34
LAB730185,ENC112759,PT11174,BUN,Blood Urea Nitrogen,11,mg/dL,7,20,N,STAT,2025-02-26 10:12,2025-02-26 10:30,2025-02-26 11:16
LAB730186,ENC112759,PT11174,PLT,Platelet Count,216,K/uL,150,400,N,Routine,2025-02-26 10:23,2025-02-26 10:50,2025-02-26 15:19
LAB730187,ENC112762,PT13550,LDL,LDL Cholesterol,93,mg/dL,0,99,N,Routine,2025-02-26 08:59,2025-02-26 09:12,2025-02-27 00:14
LAB730188,ENC112762,PT13550,TSH,Thyroid Stimulating Hormone,2.72,mIU/L,0.4,4,N,Routine,2025-02-26 09:09,2025-02-26 09:37,2025-02-26 18:23
LAB730189,ENC112763,PT12868,GLU,Glucose,79,mg/dL,70,99,N,STAT,2025-02-26 09:12,2025-02-26 09:46,2025-02-26 11:01
LAB730190,ENC112763,PT12868,CREAT,Creatinine,0.99,mg/dL,0.6,1.3,N,STAT,2025-02-26 09:00,2025-02-26 09:17,2025-02-26 10:05
LAB730191,ENC112763,PT12868,TROP,"Troponin I, High Sensitivity",9,ng/L,0,34,N,STAT,2025-02-26 09:31,2025-02-26 09:36,2025-02-26 10:21
LAB730192,ENC112764,PT12549,GLU,Glucose,80,mg/dL,70,99,N,STAT,2025-02-26 11:58,2025-02-26 12:12,2025-02-26 13:15
LAB730193,ENC112764,PT12549,CREAT,Creatinine,0.89,mg/dL,0.6,1.3,N,STAT,2025-02-26 12:18,2025-02-26 12:24,2025-02-26 13:04
LAB730194,ENC112764,PT12549,WBC,White Blood Cell Count,9.5,K/uL,4.5,11,N,Routine,2025-02-26 12:34,2025-02-26 12:58,2025-02-26 17:24
LAB730195,ENC112764,PT12549,HGB,Hemoglobin,13.8,g/dL,12,17.5,N,STAT,2025-02-26 11:57,2025-02-26 12:27,2025-02-26 13:04
LAB730196,ENC112764,PT12549,NA,Sodium,139,mmol/L,136,145,N,STAT,2025-02-26 12:56,2025-02-26 13:00,2025-02-26 13:42
LAB730197,ENC112764,PT12549,K,Potassium,4.2,mmol/L,3.5,5.1,N,STAT,2025-02-26 12:16,2025-02-26 12:34,2025-02-26 13:09
LAB730198,ENC112766,PT12513,GLU,Glucose,114,mg/dL,70,99,H,STAT,2025-02-26 10:58,2025-02-26 11:30,2025-02-26 12:05
LAB730199,ENC112766,PT12513,CREAT,Creatinine,2.45,mg/dL,0.6,1.3,H,STAT,2025-02-26 10:06,2025-02-26 10:33,2025-02-26 11:31
LAB730200,ENC112766,PT12513,WBC,White Blood Cell Count,6.3,K/uL,4.5,11,N,STAT,2025-02-26 09:56,2025-02-26 10:09,2025-02-26 10:52
LAB730201,ENC112766,PT12513,HGB,Hemoglobin,9.6,g/dL,12,17.5,L,Routine,2025-02-26 11:04,2025-02-26 11:10,2025-02-26 12:32
LAB730202,ENC112766,PT12513,INR,Prothrombin Time INR,1,ratio,0.8,1.2,N,Routine,2025-02-26 10:06,2025-02-26 10:29,2025-02-26 12:35
LAB730203,ENC112767,PT10847,WBC,White Blood Cell Count,9.5,K/uL,4.5,11,N,Routine,2025-02-26 10:38,2025-02-26 11:06,2025-02-26 13:04
LAB730204,ENC112767,PT10847,HGB,Hemoglobin,11.6,g/dL,12,17.5,L,Routine,2025-02-26 10:26,2025-02-26 10:49,2025-02-26 16:50
LAB730205,ENC112767,PT10847,PLT,Platelet Count,313,K/uL,150,400,N,Routine,2025-02-26 10:23,2025-02-26 10:58,2025-02-26 12:52
LAB730206,ENC112769,PT13959,GLU,Glucose,80,mg/dL,70,99,N,STAT,2025-02-26 15:27,2025-02-26 15:50,2025-02-26 16:42
LAB730207,ENC112769,PT13959,CREAT,Creatinine,0.95,mg/dL,0.6,1.3,N,Routine,2025-02-26 15:01,2025-02-26 15:35,2025-02-26 20:29
LAB730208,ENC112769,PT13959,WBC,White Blood Cell Count,6.3,K/uL,4.5,11,N,Routine,2025-02-26 14:42,2025-02-26 14:58,2025-02-26 18:14
LAB730209,ENC112769,PT13959,HGB,Hemoglobin,14.6,g/dL,12,17.5,N,STAT,2025-02-26 15:48,2025-02-26 16:12,2025-02-26 16:49
LAB730210,ENC112769,PT13959,INR,Prothrombin Time INR,1,ratio,0.8,1.2,N,STAT,2025-02-26 15:01,2025-02-26 15:08,2025-02-26 16:11
LAB730211,ENC112771,PT12901,LDL,LDL Cholesterol,138,mg/dL,0,99,H,Routine,2025-02-26 13:09,2025-02-26 13:31,2025-02-27 09:50
LAB730212,ENC112772,PT13386,A1C,Hemoglobin A1c,9.2,%,4,5.6,H,Routine,2025-02-26 13:29,2025-02-26 13:41,2025-02-27 03:58
LAB730213,ENC112772,PT13386,GLU,Glucose,472,mg/dL,70,99,H,Routine,2025-02-26 13:11,2025-02-26 13:21,2025-02-26 15:35
LAB730214,ENC112772,PT13386,CREAT,Creatinine,1.04,mg/dL,0.6,1.3,N,Routine,2025-02-26 13:16,2025-02-26 13:33,2025-02-26 15:58
LAB730215,ENC112775,PT13922,LDL,LDL Cholesterol,94,mg/dL,0,99,N,Routine,2025-02-26 14:44,2025-02-26 15:19,2025-02-26 21:28
LAB730216,ENC112778,PT11111,GLU,Glucose,113,mg/dL,70,99,H,Routine,2025-02-26 18:22,2025-02-26 18:30,2025-02-26 20:33
LAB730217,ENC112778,PT11111,CREAT,Creatinine,0.95,mg/dL,0.6,1.3,N,STAT,2025-02-26 19:12,2025-02-26 19:36,2025-02-26 20:16
LAB730218,ENC112778,PT11111,WBC,White Blood Cell Count,8.4,K/uL,4.5,11,N,STAT,2025-02-26 18:23,2025-02-26 18:30,2025-02-26 19:29
LAB730219,ENC112778,PT11111,HGB,Hemoglobin,12.1,g/dL,12,17.5,N,Routine,2025-02-26 18:40,2025-02-26 18:52,2025-02-27 00:40
LAB730220,ENC112778,PT11111,INR,Prothrombin Time INR,0.9,ratio,0.8,1.2,N,Routine,2025-02-26 18:46,2025-02-26 19:17,2025-02-26 21:28
LAB730221,ENC112779,PT10188,A1C,Hemoglobin A1c,8.9,%,4,5.6,H,Routine,2025-02-26 15:35,2025-02-26 15:55,2025-02-26 23:06
LAB730222,ENC112779,PT10188,GLU,Glucose,430,mg/dL,70,99,H,Routine,2025-02-26 15:34,2025-02-26 16:00,2025-02-26 18:59
LAB730223,ENC112779,PT10188,CREAT,Creatinine,0.9,mg/dL,0.6,1.3,N,Routine,2025-02-26 15:37,2025-02-26 15:56,2025-02-26 19:06
LAB730224,ENC112780,PT11499,LDL,LDL Cholesterol,175,mg/dL,0,99,H,Routine,2025-02-26 15:47,2025-02-26 16:14,2025-02-27 01:53
LAB730225,ENC112780,PT11499,TSH,Thyroid Stimulating Hormone,2.1,mIU/L,0.4,4,N,Routine,2025-02-26 15:55,2025-02-26 16:27,2025-02-27 04:02
LAB730226,ENC112781,PT11913,GLU,Glucose,71,mg/dL,70,99,N,STAT,2025-02-26 18:31,2025-02-26 18:36,2025-02-26 19:09
LAB730227,ENC112781,PT11913,CREAT,Creatinine,2.02,mg/dL,0.6,1.3,H,STAT,2025-02-26 18:33,2025-02-26 19:00,2025-02-26 20:22
LAB730228,ENC112781,PT11913,WBC,White Blood Cell Count,15,K/uL,4.5,11,H,STAT,2025-02-26 18:10,2025-02-26 18:37,2025-02-26 19:19
LAB730229,ENC112781,PT11913,HGB,Hemoglobin,10.3,g/dL,12,17.5,L,Routine,2025-02-26 18:58,2025-02-26 19:33,2025-02-26 22:43
LAB730230,ENC112783,PT11325,GLU,Glucose,103,mg/dL,70,99,H,Routine,2025-02-26 20:50,2025-02-26 20:54,2025-02-26 23:05
LAB730231,ENC112783,PT11325,CREAT,Creatinine,1.04,mg/dL,0.6,1.3,N,STAT,2025-02-26 20:43,2025-02-26 20:59,2025-02-26 21:54
LAB730232,ENC112783,PT11325,WBC,White Blood Cell Count,15.8,K/uL,4.5,11,H,Routine,2025-02-26 20:41,2025-02-26 20:56,2025-02-26 23:31
LAB730233,ENC112783,PT11325,HGB,Hemoglobin,14.1,g/dL,12,17.5,N,STAT,2025-02-26 20:54,2025-02-26 21:17,2025-02-26 22:16
LAB730234,ENC112785,PT10728,GLU,Glucose,123,mg/dL,70,99,H,STAT,2025-02-26 19:57,2025-02-26 20:07,2025-02-26 21:46
LAB730235,ENC112785,PT10728,CREAT,Creatinine,0.2,mg/dL,0.6,1.3,L,Routine,2025-02-26 20:34,2025-02-26 20:41,2025-02-26 23:03
LAB730236,ENC112785,PT10728,WBC,White Blood Cell Count,8.6,K/uL,4.5,11,N,STAT,2025-02-26 20:28,2025-02-26 21:00,2025-02-26 21:34
LAB730237,ENC112785,PT10728,HGB,Hemoglobin,12.7,g/dL,12,17.5,N,Routine,2025-02-26 20:09,2025-02-26 20:13,2025-02-27 00:19
LAB730238,ENC112786,PT13325,GLU,Glucose,92,mg/dL,70,99,N,STAT,2025-02-26 22:51,2025-02-26 23:03,2025-02-27 00:07
LAB730239,ENC112786,PT13325,CREAT,Creatinine,2.3,mg/dL,0.6,1.3,H,Routine,2025-02-26 22:13,2025-02-26 22:35,2025-02-27 00:18
LAB730240,ENC112786,PT13325,WBC,White Blood Cell Count,7,K/uL,4.5,11,N,STAT,2025-02-26 22:23,2025-02-26 22:46,2025-02-26 23:45
LAB730241,ENC112786,PT13325,HGB,Hemoglobin,11.4,g/dL,12,17.5,L,STAT,2025-02-26 22:18,2025-02-26 22:36,2025-02-26 23:20
LAB730242,ENC112786,PT13325,NA,Sodium,141,mmol/L,136,145,N,Routine,2025-02-26 22:46,2025-02-26 23:12,2025-02-27 01:28
LAB730243,ENC112786,PT13325,K,Potassium,4,mmol/L,3.5,5.1,N,STAT,2025-02-26 22:39,2025-02-26 22:58,2025-02-26 23:30
LAB730244,ENC112788,PT13630,GLU,Glucose,108,mg/dL,70,99,H,Routine,2025-02-26 19:49,2025-02-26 19:55,2025-02-27 00:52
LAB730245,ENC112788,PT13630,CREAT,Creatinine,0.76,mg/dL,0.6,1.3,N,Routine,2025-02-26 19:31,2025-02-26 19:49,2025-02-26 22:17
LAB730246,ENC112788,PT13630,WBC,White Blood Cell Count,6,K/uL,4.5,11,N,STAT,2025-02-26 19:24,2025-02-26 19:32,2025-02-26 20:10
LAB730247,ENC112789,PT12459,GLU,Glucose,74,mg/dL,70,99,N,Routine,2025-02-26 20:35,2025-02-26 21:10,2025-02-26 22:41
LAB730248,ENC112789,PT12459,CREAT,Creatinine,1.04,mg/dL,0.6,1.3,N,STAT,2025-02-26 20:31,2025-02-26 20:48,2025-02-26 21:32
LAB730249,ENC112789,PT12459,WBC,White Blood Cell Count,8,K/uL,4.5,11,N,Routine,2025-02-26 20:23,2025-02-26 20:27,2025-02-26 21:59
LAB730250,ENC112791,PT11274,GLU,Glucose,126,mg/dL,70,99,H,STAT,2025-02-27 02:01,2025-02-27 02:15,2025-02-27 02:37
LAB730251,ENC112791,PT11274,CREAT,Creatinine,1.32,mg/dL,0.6,1.3,H,STAT,2025-02-27 02:12,2025-02-27 02:31,2025-02-27 03:18
LAB730252,ENC112791,PT11274,WBC,White Blood Cell Count,7.4,K/uL,4.5,11,N,STAT,2025-02-27 01:54,2025-02-27 02:19,2025-02-27 03:00
LAB730253,ENC112791,PT11274,HGB,Hemoglobin,15,g/dL,12,17.5,N,Routine,2025-02-27 02:45,2025-02-27 02:55,2025-02-27 06:25
LAB730254,ENC112791,PT11274,INR,Prothrombin Time INR,1,ratio,0.8,1.2,N,STAT,2025-02-27 02:12,2025-02-27 02:39,2025-02-27 03:19
LAB730255,ENC112792,PT10950,GLU,Glucose,97,mg/dL,70,99,N,STAT,2025-02-26 22:27,2025-02-26 23:02,2025-02-26 23:56
LAB730256,ENC112792,PT10950,CREAT,Creatinine,0.46,mg/dL,0.6,1.3,L,STAT,2025-02-26 22:08,2025-02-26 22:27,2025-02-26 23:07
LAB730257,ENC112792,PT10950,WBC,White Blood Cell Count,8.1,K/uL,4.5,11,N,STAT,2025-02-26 22:25,2025-02-26 22:35,2025-02-26 23:04
LAB730258,ENC112794,PT10082,GLU,Glucose,115,mg/dL,70,99,H,Routine,2025-02-27 01:50,2025-02-27 02:02,2025-02-27 05:28
LAB730259,ENC112794,PT10082,CREAT,Creatinine,0.72,mg/dL,0.6,1.3,N,STAT,2025-02-27 01:51,2025-02-27 01:56,2025-02-27 02:31
LAB730260,ENC112794,PT10082,WBC,White Blood Cell Count,7.5,K/uL,4.5,11,N,Routine,2025-02-27 02:02,2025-02-27 02:37,2025-02-27 04:06
LAB730261,ENC112794,PT10082,HGB,Hemoglobin,12.2,g/dL,12,17.5,N,STAT,2025-02-27 02:18,2025-02-27 02:30,2025-02-27 03:16
LAB730262,ENC112795,PT13610,GLU,Glucose,89,mg/dL,70,99,N,Routine,2025-02-27 07:17,2025-02-27 07:43,2025-02-27 10:13
LAB730263,ENC112795,PT13610,CREAT,Creatinine,1.17,mg/dL,0.6,1.3,N,Routine,2025-02-27 06:27,2025-02-27 07:00,2025-02-27 10:08
LAB730264,ENC112795,PT13610,INR,Prothrombin Time INR,1,ratio,0.8,1.2,N,STAT,2025-02-27 07:30,2025-02-27 08:03,2025-02-27 08:59
LAB730265,ENC112796,PT12538,GLU,Glucose,199,mg/dL,70,99,H,STAT,2025-02-27 08:00,2025-02-27 08:10,2025-02-27 09:04
LAB730266,ENC112796,PT12538,CREAT,Creatinine,0.96,mg/dL,0.6,1.3,N,STAT,2025-02-27 07:39,2025-02-27 07:51,2025-02-27 08:40
LAB730267,ENC112796,PT12538,WBC,White Blood Cell Count,13.7,K/uL,4.5,11,H,STAT,2025-02-27 07:32,2025-02-27 08:07,2025-02-27 08:35
LAB730268,ENC112797,PT11589,GLU,Glucose,79,mg/dL,70,99,N,STAT,2025-02-27 11:20,2025-02-27 11:53,2025-02-27 12:27
LAB730269,ENC112797,PT11589,CREAT,Creatinine,2.79,mg/dL,0.6,1.3,H,STAT,2025-02-27 10:58,2025-02-27 11:11,2025-02-27 12:00
LAB730270,ENC112797,PT11589,WBC,White Blood Cell Count,8.6,K/uL,4.5,11,N,Routine,2025-02-27 10:40,2025-02-27 10:56,2025-02-27 14:50
LAB730271,ENC112797,PT11589,HGB,Hemoglobin,10.6,g/dL,12,17.5,L,STAT,2025-02-27 10:30,2025-02-27 10:34,2025-02-27 11:11
LAB730272,ENC112797,PT11589,NA,Sodium,139,mmol/L,136,145,N,Routine,2025-02-27 10:51,2025-02-27 11:00,2025-02-27 14:29
LAB730273,ENC112797,PT11589,K,Potassium,5,mmol/L,3.5,5.1,N,STAT,2025-02-27 11:35,2025-02-27 11:43,2025-02-27 12:30
LAB730274,ENC112800,PT10389,GLU,Glucose,104,mg/dL,70,99,H,STAT,2025-02-27 12:10,2025-02-27 12:41,2025-02-27 13:17
LAB730275,ENC112800,PT10389,CREAT,Creatinine,0.98,mg/dL,0.6,1.3,N,STAT,2025-02-27 11:29,2025-02-27 11:36,2025-02-27 12:59
LAB730276,ENC112800,PT10389,WBC,White Blood Cell Count,10.2,K/uL,4.5,11,N,Routine,2025-02-27 12:29,2025-02-27 12:37,2025-02-27 19:02
LAB730277,ENC112800,PT10389,HGB,Hemoglobin,13.1,g/dL,12,17.5,N,STAT,2025-02-27 11:59,2025-02-27 12:10,2025-02-27 12:30
LAB730278,ENC112800,PT10389,NA,Sodium,138,mmol/L,136,145,N,STAT,2025-02-27 12:10,2025-02-27 12:45,2025-02-27 13:28
LAB730279,ENC112800,PT10389,K,Potassium,3.8,mmol/L,3.5,5.1,N,STAT,2025-02-27 12:32,2025-02-27 12:50,2025-02-27 13:24
LAB730280,ENC112801,PT13001,GLU,Glucose,101,mg/dL,70,99,H,Routine,2025-02-27 10:25,2025-02-27 10:56,2025-02-27 12:50
LAB730281,ENC112801,PT13001,CREAT,Creatinine,0.83,mg/dL,0.6,1.3,N,STAT,2025-02-27 09:42,2025-02-27 09:52,2025-02-27 10:34
LAB730282,ENC112801,PT13001,WBC,White Blood Cell Count,8.7,K/uL,4.5,11,N,Routine,2025-02-27 09:17,2025-02-27 09:35,2025-02-27 15:31
LAB730283,ENC112803,PT12478,WBC,White Blood Cell Count,5.4,K/uL,4.5,11,N,Routine,2025-02-27 10:06,2025-02-27 10:29,2025-02-27 12:21
LAB730284,ENC112803,PT12478,HGB,Hemoglobin,14.2,g/dL,12,17.5,N,Routine,2025-02-27 10:30,2025-02-27 10:44,2025-02-27 16:02
LAB730285,ENC112803,PT12478,PLT,Platelet Count,347,K/uL,150,400,N,Routine,2025-02-27 10:13,2025-02-27 10:20,2025-02-27 13:00
LAB730286,ENC112806,PT12164,WBC,White Blood Cell Count,8.8,K/uL,4.5,11,N,Routine,2025-02-27 11:40,2025-02-27 11:53,2025-02-27 17:56
LAB730287,ENC112806,PT12164,HGB,Hemoglobin,11.8,g/dL,12,17.5,L,Routine,2025-02-27 11:24,2025-02-27 11:54,2025-02-27 14:46
LAB730288,ENC112806,PT12164,PLT,Platelet Count,258,K/uL,150,400,N,Routine,2025-02-27 11:44,2025-02-27 12:08,2025-02-27 14:31
LAB730289,ENC112808,PT11101,A1C,Hemoglobin A1c,11.3,%,4,5.6,H,Routine,2025-02-27 12:12,2025-02-27 12:45,2025-02-28 05:29
LAB730290,ENC112808,PT11101,GLU,Glucose,353,mg/dL,70,99,H,Routine,2025-02-27 12:09,2025-02-27 12:44,2025-02-27 15:23
LAB730291,ENC112808,PT11101,CREAT,Creatinine,0.92,mg/dL,0.6,1.3,N,Routine,2025-02-27 12:07,2025-02-27 12:13,2025-02-27 13:41
LAB730292,ENC112809,PT11826,A1C,Hemoglobin A1c,7.8,%,4,5.6,H,Routine,2025-02-27 12:37,2025-02-27 12:55,2025-02-27 22:48
LAB730293,ENC112810,PT11196,GLU,Glucose,88,mg/dL,70,99,N,STAT,2025-02-27 12:36,2025-02-27 12:55,2025-02-27 13:42
LAB730294,ENC112810,PT11196,CREAT,Creatinine,0.98,mg/dL,0.6,1.3,N,Routine,2025-02-27 13:13,2025-02-27 13:20,2025-02-27 14:41
LAB730295,ENC112810,PT11196,WBC,White Blood Cell Count,5.6,K/uL,4.5,11,N,STAT,2025-02-27 12:22,2025-02-27 12:49,2025-02-27 14:09
LAB730296,ENC112810,PT11196,HGB,Hemoglobin,11.8,g/dL,12,17.5,L,Routine,2025-02-27 13:16,2025-02-27 13:36,2025-02-27 18:14
LAB730297,ENC112811,PT10405,GLU,Glucose,131,mg/dL,70,99,H,STAT,2025-02-27 17:11,2025-02-27 17:40,2025-02-27 18:07
LAB730298,ENC112811,PT10405,CREAT,Creatinine,1.6,mg/dL,0.6,1.3,H,Routine,2025-02-27 17:59,2025-02-27 18:07,2025-02-27 20:21
LAB730299,ENC112811,PT10405,WBC,White Blood Cell Count,18.9,K/uL,4.5,11,H,STAT,2025-02-27 17:06,2025-02-27 17:30,2025-02-27 18:49
LAB730300,ENC112811,PT10405,HGB,Hemoglobin,10.9,g/dL,12,17.5,L,STAT,2025-02-27 17:58,2025-02-27 18:20,2025-02-27 19:11
LAB730301,ENC112812,PT13041,LDL,LDL Cholesterol,92,mg/dL,0,99,N,Routine,2025-02-27 13:15,2025-02-27 13:40,2025-02-28 02:28
LAB730302,ENC112812,PT13041,A1C,Hemoglobin A1c,8.5,%,4,5.6,H,Routine,2025-02-27 13:06,2025-02-27 13:36,2025-02-28 02:54
LAB730303,ENC112816,PT10211,GLU,Glucose,108,mg/dL,70,99,H,STAT,2025-02-27 14:57,2025-02-27 15:19,2025-02-27 15:45
LAB730304,ENC112816,PT10211,CREAT,Creatinine,1.01,mg/dL,0.6,1.3,N,STAT,2025-02-27 15:08,2025-02-27 15:34,2025-02-27 16:17
LAB730305,ENC112816,PT10211,WBC,White Blood Cell Count,10,K/uL,4.5,11,N,Routine,2025-02-27 14:58,2025-02-27 15:11,2025-02-27 18:25
LAB730306,ENC112816,PT10211,HGB,Hemoglobin,13.1,g/dL,12,17.5,N,Routine,2025-02-27 15:38,2025-02-27 15:56,2025-02-27 18:36
LAB730307,ENC112819,PT11675,GLU,Glucose,115,mg/dL,70,99,H,Routine,2025-02-27 15:42,2025-02-27 15:58,2025-02-28 00:11
LAB730308,ENC112819,PT11675,CREAT,Creatinine,0.45,mg/dL,0.6,1.3,L,STAT,2025-02-27 16:05,2025-02-27 16:29,2025-02-27 17:13
LAB730309,ENC112819,PT11675,WBC,White Blood Cell Count,10.3,K/uL,4.5,11,N,Routine,2025-02-27 15:16,2025-02-27 15:31,2025-02-27 17:26
LAB730310,ENC112819,PT11675,HGB,Hemoglobin,12.4,g/dL,12,17.5,N,STAT,2025-02-27 15:51,2025-02-27 16:05,2025-02-27 17:48
LAB730311,ENC112820,PT13783,TROP,"Troponin I, High Sensitivity",4,ng/L,0,34,N,STAT,2025-02-27 15:22,2025-02-27 15:47,2025-02-27 16:22
LAB730312,ENC112821,PT11121,GLU,Glucose,184,mg/dL,70,99,H,Routine,2025-02-27 17:02,2025-02-27 17:23,2025-02-27 19:37
LAB730313,ENC112821,PT11121,CREAT,Creatinine,0.76,mg/dL,0.6,1.3,N,Routine,2025-02-27 16:14,2025-02-27 16:27,2025-02-27 21:30
LAB730314,ENC112821,PT11121,WBC,White Blood Cell Count,5.1,K/uL,4.5,11,N,Routine,2025-02-27 16:27,2025-02-27 16:52,2025-02-27 19:11
LAB730315,ENC112821,PT11121,HGB,Hemoglobin,15.7,g/dL,12,17.5,N,Routine,2025-02-27 17:06,2025-02-27 17:39,2025-02-27 18:50
LAB730316,ENC112826,PT13792,GLU,Glucose,166,mg/dL,70,99,H,Routine,2025-02-27 18:17,2025-02-27 18:25,2025-02-27 19:47
LAB730317,ENC112826,PT13792,CREAT,Creatinine,0.89,mg/dL,0.6,1.3,N,STAT,2025-02-27 18:53,2025-02-27 19:16,2025-02-27 20:09
LAB730318,ENC112827,PT12818,GLU,Glucose,108,mg/dL,70,99,H,STAT,2025-02-27 19:38,2025-02-27 20:10,2025-02-27 20:40
LAB730319,ENC112827,PT12818,CREAT,Creatinine,0.94,mg/dL,0.6,1.3,N,Routine,2025-02-27 19:45,2025-02-27 20:16,2025-02-27 22:57
LAB730320,ENC112827,PT12818,WBC,White Blood Cell Count,9.3,K/uL,4.5,11,N,STAT,2025-02-27 19:20,2025-02-27 19:29,2025-02-27 21:05
LAB730321,ENC112827,PT12818,HGB,Hemoglobin,8.5,g/dL,12,17.5,L,STAT,2025-02-27 19:08,2025-02-27 19:32,2025-02-27 20:32
LAB730322,ENC112828,PT10830,GLU,Glucose,87,mg/dL,70,99,N,Routine,2025-02-27 21:16,2025-02-27 21:25,2025-02-28 01:53
LAB730323,ENC112828,PT10830,CREAT,Creatinine,0.76,mg/dL,0.6,1.3,N,STAT,2025-02-27 21:30,2025-02-27 21:48,2025-02-27 22:24
LAB730324,ENC112828,PT10830,WBC,White Blood Cell Count,9,K/uL,4.5,11,N,STAT,2025-02-27 21:49,2025-02-27 22:18,2025-02-27 23:21
LAB730325,ENC112828,PT10830,HGB,Hemoglobin,13.1,g/dL,12,17.5,N,STAT,2025-02-27 21:32,2025-02-27 21:53,2025-02-27 22:11
LAB730326,ENC112829,PT11965,GLU,Glucose,116,mg/dL,70,99,H,STAT,2025-02-27 19:48,2025-02-27 19:59,2025-02-27 21:12
LAB730327,ENC112829,PT11965,CREAT,Creatinine,0.57,mg/dL,0.6,1.3,L,STAT,2025-02-27 19:44,2025-02-27 19:52,2025-02-27 20:35
LAB730328,ENC112829,PT11965,WBC,White Blood Cell Count,4.1,K/uL,4.5,11,L,STAT,2025-02-27 19:48,2025-02-27 20:05,2025-02-27 21:02
LAB730329,ENC112829,PT11965,HGB,Hemoglobin,12,g/dL,12,17.5,N,STAT,2025-02-27 20:12,2025-02-27 20:38,2025-02-27 21:38
LAB730330,ENC112830,PT10302,GLU,Glucose,100,mg/dL,70,99,H,Routine,2025-02-27 21:46,2025-02-27 22:16,2025-02-28 01:10
LAB730331,ENC112830,PT10302,CREAT,Creatinine,0.78,mg/dL,0.6,1.3,N,STAT,2025-02-27 21:56,2025-02-27 22:20,2025-02-27 23:30
LAB730332,ENC112830,PT10302,WBC,White Blood Cell Count,8.7,K/uL,4.5,11,N,STAT,2025-02-27 22:48,2025-02-27 23:00,2025-02-28 00:18
LAB730333,ENC112830,PT10302,HGB,Hemoglobin,13.3,g/dL,12,17.5,N,Routine,2025-02-27 22:27,2025-02-27 22:37,2025-02-28 00:23
LAB730334,ENC112831,PT10138,GLU,Glucose,128,mg/dL,70,99,H,Routine,2025-02-28 03:21,2025-02-28 03:55,2025-02-28 09:04
LAB730335,ENC112831,PT10138,CREAT,Creatinine,0.46,mg/dL,0.6,1.3,L,Routine,2025-02-28 03:36,2025-02-28 03:44,2025-02-28 11:02
LAB730336,ENC112831,PT10138,WBC,White Blood Cell Count,3.6,K/uL,4.5,11,L,Routine,2025-02-28 03:14,2025-02-28 03:42,2025-02-28 07:02
LAB730337,ENC112831,PT10138,HGB,Hemoglobin,12.8,g/dL,12,17.5,N,STAT,2025-02-28 03:13,2025-02-28 03:34,2025-02-28 04:21
LAB730338,ENC112835,PT10841,GLU,Glucose,95,mg/dL,70,99,N,STAT,2025-02-28 10:03,2025-02-28 10:10,2025-02-28 11:18
LAB730339,ENC112835,PT10841,CREAT,Creatinine,0.95,mg/dL,0.6,1.3,N,Routine,2025-02-28 10:54,2025-02-28 11:04,2025-02-28 12:58
LAB730340,ENC112835,PT10841,WBC,White Blood Cell Count,3.9,K/uL,4.5,11,L,Routine,2025-02-28 10:32,2025-02-28 10:46,2025-02-28 13:27
LAB730341,ENC112835,PT10841,HGB,Hemoglobin,12.5,g/dL,12,17.5,N,STAT,2025-02-28 09:49,2025-02-28 09:55,2025-02-28 11:10
LAB730342,ENC112841,PT11884,GLU,Glucose,96,mg/dL,70,99,N,Routine,2025-02-28 18:12,2025-02-28 18:42,2025-03-01 00:21
LAB730343,ENC112841,PT11884,CREAT,Creatinine,0.81,mg/dL,0.6,1.3,N,STAT,2025-02-28 18:18,2025-02-28 18:32,2025-02-28 19:54
LAB730344,ENC112841,PT11884,WBC,White Blood Cell Count,9.7,K/uL,4.5,11,N,STAT,2025-02-28 18:49,2025-02-28 19:10,2025-02-28 20:12
LAB730345,ENC112841,PT11884,HGB,Hemoglobin,13,g/dL,12,17.5,N,Routine,2025-02-28 18:18,2025-02-28 18:45,2025-02-28 20:03
LAB730346,ENC112844,PT11360,GLU,Glucose,105,mg/dL,70,99,H,STAT,2025-02-28 16:08,2025-02-28 16:20,2025-02-28 16:59
LAB730347,ENC112844,PT11360,CREAT,Creatinine,1.03,mg/dL,0.6,1.3,N,Routine,2025-02-28 16:07,2025-02-28 16:12,2025-02-28 18:41
LAB730348,ENC112844,PT11360,WBC,White Blood Cell Count,6.3,K/uL,4.5,11,N,STAT,2025-02-28 15:15,2025-02-28 15:25,2025-02-28 16:01
LAB730349,ENC112844,PT11360,HGB,Hemoglobin,13,g/dL,12,17.5,N,STAT,2025-02-28 15:28,2025-02-28 15:47,2025-02-28 16:15
LAB730350,ENC112844,PT11360,TROP,"Troponin I, High Sensitivity",4,ng/L,0,34,N,STAT,2025-02-28 15:36,2025-02-28 16:06,2025-02-28 16:52
LAB730351,ENC112846,PT13636,WBC,White Blood Cell Count,4.7,K/uL,4.5,11,N,Routine,2025-02-28 15:37,2025-02-28 16:01,2025-02-28 20:39
LAB730352,ENC112846,PT13636,HGB,Hemoglobin,11.8,g/dL,12,17.5,L,Routine,2025-02-28 15:41,2025-02-28 16:06,2025-02-28 17:52
LAB730353,ENC112846,PT13636,PLT,Platelet Count,148,K/uL,150,400,L,Routine,2025-02-28 15:50,2025-02-28 16:21,2025-02-28 19:38
LAB730354,ENC112847,PT11078,GLU,Glucose,161,mg/dL,70,99,H,Routine,2025-02-28 16:40,2025-02-28 16:49,2025-02-28 23:37
LAB730355,ENC112847,PT11078,CREAT,Creatinine,1.95,mg/dL,0.6,1.3,H,STAT,2025-02-28 16:25,2025-02-28 16:52,2025-02-28 17:35
LAB730356,ENC112847,PT11078,WBC,White Blood Cell Count,3.2,K/uL,4.5,11,L,Routine,2025-02-28 15:51,2025-02-28 16:15,2025-02-28 20:11
LAB730357,ENC112847,PT11078,HGB,Hemoglobin,12.9,g/dL,12,17.5,N,Routine,2025-02-28 16:17,2025-02-28 16:46,2025-02-28 20:49
LAB730358,ENC112847,PT11078,NA,Sodium,140,mmol/L,136,145,N,STAT,2025-02-28 15:40,2025-02-28 16:14,2025-02-28 16:49
LAB730359,ENC112847,PT11078,K,Potassium,4.4,mmol/L,3.5,5.1,N,STAT,2025-02-28 16:11,2025-02-28 16:18,2025-02-28 17:02
LAB730360,ENC112847,PT11078,LACT,Lactate,1.9,mmol/L,0.5,2,N,STAT,2025-02-28 15:39,2025-02-28 16:10,2025-02-28 16:52
LAB730361,ENC112849,PT13406,WBC,White Blood Cell Count,4.1,K/uL,4.5,11,L,Routine,2025-02-28 15:55,2025-02-28 16:16,2025-02-28 18:39
LAB730362,ENC112849,PT13406,HGB,Hemoglobin,12.8,g/dL,12,17.5,N,Routine,2025-02-28 16:08,2025-02-28 16:19,2025-02-28 18:56
LAB730363,ENC112849,PT13406,PLT,Platelet Count,220,K/uL,150,400,N,Routine,2025-02-28 15:58,2025-02-28 16:22,2025-02-28 19:58
LAB730364,ENC112850,PT13930,GLU,Glucose,106,mg/dL,70,99,H,Routine,2025-02-28 16:09,2025-02-28 16:25,2025-02-28 18:53
LAB730365,ENC112850,PT13930,CREAT,Creatinine,1.04,mg/dL,0.6,1.3,N,STAT,2025-02-28 17:01,2025-02-28 17:25,2025-02-28 18:18
LAB730366,ENC112850,PT13930,WBC,White Blood Cell Count,4.5,K/uL,4.5,11,N,STAT,2025-02-28 16:28,2025-02-28 16:34,2025-02-28 17:40
LAB730367,ENC112851,PT13151,GLU,Glucose,123,mg/dL,70,99,H,Routine,2025-02-28 20:01,2025-02-28 20:15,2025-03-01 01:06
LAB730368,ENC112851,PT13151,CREAT,Creatinine,1.28,mg/dL,0.6,1.3,N,STAT,2025-02-28 19:25,2025-02-28 19:41,2025-02-28 20:32
LAB730369,ENC112851,PT13151,WBC,White Blood Cell Count,5.3,K/uL,4.5,11,N,Routine,2025-02-28 19:10,2025-02-28 19:21,2025-03-01 01:17
LAB730370,ENC112851,PT13151,HGB,Hemoglobin,12.6,g/dL,12,17.5,N,Routine,2025-02-28 19:51,2025-02-28 19:59,2025-02-28 22:28
LAB730371,ENC112852,PT11745,GLU,Glucose,109,mg/dL,70,99,H,Routine,2025-02-28 16:39,2025-02-28 17:07,2025-02-28 19:25
LAB730372,ENC112852,PT11745,CREAT,Creatinine,0.62,mg/dL,0.6,1.3,N,STAT,2025-02-28 16:11,2025-02-28 16:27,2025-02-28 16:44
LAB730373,ENC112852,PT11745,WBC,White Blood Cell Count,8.4,K/uL,4.5,11,N,Routine,2025-02-28 17:12,2025-02-28 17:38,2025-02-28 20:05
LAB730374,ENC112852,PT11745,HGB,Hemoglobin,12.7,g/dL,12,17.5,N,STAT,2025-02-28 16:33,2025-02-28 16:38,2025-02-28 17:16
LAB730375,ENC112853,PT12493,A1C,Hemoglobin A1c,7.2,%,4,5.6,H,Routine,2025-02-28 16:37,2025-02-28 16:56,2025-02-28 22:56
LAB730376,ENC112854,PT10257,LDL,LDL Cholesterol,130,mg/dL,0,99,H,Routine,2025-02-28 16:45,2025-02-28 17:16,2025-03-01 03:57
LAB730377,ENC112854,PT10257,A1C,Hemoglobin A1c,5.4,%,4,5.6,N,Routine,2025-02-28 16:44,2025-02-28 17:09,2025-02-28 22:54
LAB730378,ENC112856,PT10064,TROP,"Troponin I, High Sensitivity",1,ng/L,0,34,N,STAT,2025-02-28 17:56,2025-02-28 18:28,2025-02-28 18:49
LAB730379,ENC112859,PT13548,GLU,Glucose,211,mg/dL,70,99,H,STAT,2025-03-01 02:45,2025-03-01 03:19,2025-03-01 04:31
LAB730380,ENC112859,PT13548,CREAT,Creatinine,0.88,mg/dL,0.6,1.3,N,STAT,2025-03-01 02:47,2025-03-01 02:53,2025-03-01 03:52
LAB730381,ENC112859,PT13548,WBC,White Blood Cell Count,15.3,K/uL,4.5,11,H,Routine,2025-03-01 02:38,2025-03-01 02:50,2025-03-01 06:21
LAB730382,ENC112859,PT13548,HGB,Hemoglobin,13.2,g/dL,12,17.5,N,Routine,2025-03-01 03:01,2025-03-01 03:05,2025-03-01 05:21
LAB730383,ENC112860,PT11226,GLU,Glucose,113,mg/dL,70,99,H,STAT,2025-03-01 06:50,2025-03-01 07:03,2025-03-01 08:51
LAB730384,ENC112860,PT11226,CREAT,Creatinine,0.81,mg/dL,0.6,1.3,N,Routine,2025-03-01 06:38,2025-03-01 06:53,2025-03-01 09:24
LAB730385,ENC112860,PT11226,WBC,White Blood Cell Count,9.3,K/uL,4.5,11,N,STAT,2025-03-01 07:07,2025-03-01 07:18,2025-03-01 08:27
LAB730386,ENC112860,PT11226,HGB,Hemoglobin,11.8,g/dL,12,17.5,L,Routine,2025-03-01 06:21,2025-03-01 06:37,2025-03-01 08:17
LAB730387,ENC112860,PT11226,BUN,Blood Urea Nitrogen,19,mg/dL,7,20,N,STAT,2025-03-01 07:21,2025-03-01 07:32,2025-03-01 08:09
LAB730388,ENC112860,PT11226,PLT,Platelet Count,167,K/uL,150,400,N,STAT,2025-03-01 07:12,2025-03-01 07:36,2025-03-01 08:06
LAB730389,ENC112860,PT11226,TROP,"Troponin I, High Sensitivity",306,ng/L,0,34,H,STAT,2025-03-01 06:44,2025-03-01 07:17,2025-03-01 07:58
LAB730390,ENC112862,PT10994,GLU,Glucose,84,mg/dL,70,99,N,STAT,2025-03-01 09:31,2025-03-01 09:57,2025-03-01 11:07
LAB730391,ENC112862,PT10994,CREAT,Creatinine,0.34,mg/dL,0.6,1.3,L,Routine,2025-03-01 09:23,2025-03-01 09:30,2025-03-01 11:48
LAB730392,ENC112862,PT10994,WBC,White Blood Cell Count,5.8,K/uL,4.5,11,N,STAT,2025-03-01 09:39,2025-03-01 10:01,2025-03-01 10:41
LAB730393,ENC112862,PT10994,HGB,Hemoglobin,13.7,g/dL,12,17.5,N,STAT,2025-03-01 09:55,2025-03-01 10:07,2025-03-01 10:57
LAB730394,ENC112863,PT10998,GLU,Glucose,119,mg/dL,70,99,H,STAT,2025-03-01 13:09,2025-03-01 13:16,2025-03-01 14:03
LAB730395,ENC112863,PT10998,CREAT,Creatinine,0.9,mg/dL,0.6,1.3,N,STAT,2025-03-01 13:43,2025-03-01 13:57,2025-03-01 14:47
LAB730396,ENC112864,PT13610,GLU,Glucose,91,mg/dL,70,99,N,STAT,2025-03-01 14:01,2025-03-01 14:24,2025-03-01 15:23
LAB730397,ENC112864,PT13610,CREAT,Creatinine,1.25,mg/dL,0.6,1.3,N,STAT,2025-03-01 13:59,2025-03-01 14:17,2025-03-01 14:37
LAB730398,ENC112867,PT13974,GLU,Glucose,103,mg/dL,70,99,H,STAT,2025-03-01 18:32,2025-03-01 18:59,2025-03-01 20:23
LAB730399,ENC112867,PT13974,CREAT,Creatinine,0.48,mg/dL,0.6,1.3,L,Routine,2025-03-01 18:33,2025-03-01 18:43,2025-03-01 20:22
LAB730400,ENC112867,PT13974,WBC,White Blood Cell Count,5.8,K/uL,4.5,11,N,STAT,2025-03-01 18:26,2025-03-01 18:33,2025-03-01 19:01
LAB730401,ENC112867,PT13974,HGB,Hemoglobin,12,g/dL,12,17.5,N,STAT,2025-03-01 18:55,2025-03-01 19:22,2025-03-01 19:41
LAB730402,ENC112867,PT13974,NA,Sodium,141,mmol/L,136,145,N,STAT,2025-03-01 19:06,2025-03-01 19:19,2025-03-01 20:25
LAB730403,ENC112867,PT13974,K,Potassium,4,mmol/L,3.5,5.1,N,STAT,2025-03-01 19:28,2025-03-01 19:32,2025-03-01 20:32
LAB730404,ENC112868,PT12478,GLU,Glucose,66,mg/dL,70,99,L,STAT,2025-03-01 15:25,2025-03-01 15:51,2025-03-01 16:27
LAB730405,ENC112868,PT12478,CREAT,Creatinine,1.22,mg/dL,0.6,1.3,N,Routine,2025-03-01 16:12,2025-03-01 16:32,2025-03-01 20:47
LAB730406,ENC112869,PT11805,GLU,Glucose,118,mg/dL,70,99,H,Routine,2025-03-01 17:25,2025-03-01 17:44,2025-03-01 20:34
LAB730407,ENC112869,PT11805,CREAT,Creatinine,0.84,mg/dL,0.6,1.3,N,STAT,2025-03-01 17:17,2025-03-01 17:30,2025-03-01 18:00
LAB730408,ENC112870,PT11408,GLU,Glucose,86,mg/dL,70,99,N,STAT,2025-03-01 22:52,2025-03-01 23:13,2025-03-02 00:10
LAB730409,ENC112870,PT11408,CREAT,Creatinine,0.37,mg/dL,0.6,1.3,L,Routine,2025-03-01 22:51,2025-03-01 23:13,2025-03-02 01:10
LAB730410,ENC112870,PT11408,WBC,White Blood Cell Count,7.2,K/uL,4.5,11,N,STAT,2025-03-01 23:09,2025-03-01 23:43,2025-03-02 00:28
LAB730411,ENC112870,PT11408,HGB,Hemoglobin,12.4,g/dL,12,17.5,N,STAT,2025-03-01 22:51,2025-03-01 23:18,2025-03-02 00:23
LAB730412,ENC112870,PT11408,NA,Sodium,137,mmol/L,136,145,N,STAT,2025-03-01 22:51,2025-03-01 22:57,2025-03-01 23:56
LAB730413,ENC112870,PT11408,K,Potassium,4.1,mmol/L,3.5,5.1,N,STAT,2025-03-01 23:17,2025-03-01 23:29,2025-03-01 23:57
LAB730414,ENC112872,PT11143,GLU,Glucose,95,mg/dL,70,99,N,Routine,2025-03-01 21:31,2025-03-01 21:59,2025-03-02 00:56
LAB730415,ENC112872,PT11143,CREAT,Creatinine,1.29,mg/dL,0.6,1.3,N,STAT,2025-03-01 21:06,2025-03-01 21:23,2025-03-01 22:38
LAB730416,ENC112873,PT10692,GLU,Glucose,111,mg/dL,70,99,H,Routine,2025-03-02 00:12,2025-03-02 00:21,2025-03-02 02:11
LAB730417,ENC112873,PT10692,CREAT,Creatinine,0.95,mg/dL,0.6,1.3,N,STAT,2025-03-02 00:25,2025-03-02 00:43,2025-03-02 01:17
LAB730418,ENC112873,PT10692,WBC,White Blood Cell Count,12.1,K/uL,4.5,11,H,Routine,2025-03-01 23:52,2025-03-02 00:15,2025-03-02 03:42
LAB730419,ENC112873,PT10692,HGB,Hemoglobin,14.5,g/dL,12,17.5,N,STAT,2025-03-01 23:37,2025-03-01 23:44,2025-03-02 00:06
LAB730420,ENC112874,PT11036,GLU,Glucose,105,mg/dL,70,99,H,STAT,2025-03-01 21:46,2025-03-01 22:13,2025-03-01 22:37
LAB730421,ENC112874,PT11036,CREAT,Creatinine,1.26,mg/dL,0.6,1.3,N,STAT,2025-03-01 21:40,2025-03-01 22:11,2025-03-01 23:02
LAB730422,ENC112874,PT11036,WBC,White Blood Cell Count,5.7,K/uL,4.5,11,N,STAT,2025-03-01 22:35,2025-03-01 22:43,2025-03-01 23:24
LAB730423,ENC112874,PT11036,HGB,Hemoglobin,13.5,g/dL,12,17.5,N,STAT,2025-03-01 22:03,2025-03-01 22:20,2025-03-01 22:57
LAB730424,ENC112875,PT13985,GLU,Glucose,239,mg/dL,70,99,H,STAT,2025-03-02 04:02,2025-03-02 04:34,2025-03-02 05:07
LAB730425,ENC112875,PT13985,CREAT,Creatinine,1.22,mg/dL,0.6,1.3,N,STAT,2025-03-02 03:30,2025-03-02 03:44,2025-03-02 04:22
LAB730426,ENC112875,PT13985,WBC,White Blood Cell Count,11.1,K/uL,4.5,11,H,STAT,2025-03-02 04:34,2025-03-02 05:00,2025-03-02 05:16
LAB730427,ENC112875,PT13985,HGB,Hemoglobin,15.7,g/dL,12,17.5,N,Routine,2025-03-02 03:35,2025-03-02 03:58,2025-03-02 06:29
LAB730428,ENC112876,PT12593,GLU,Glucose,156,mg/dL,70,99,H,STAT,2025-03-02 04:06,2025-03-02 04:39,2025-03-02 05:15
LAB730429,ENC112876,PT12593,CREAT,Creatinine,0.81,mg/dL,0.6,1.3,N,STAT,2025-03-02 03:31,2025-03-02 03:59,2025-03-02 05:49
LAB730430,ENC112876,PT12593,WBC,White Blood Cell Count,10.2,K/uL,4.5,11,N,STAT,2025-03-02 03:51,2025-03-02 04:20,2025-03-02 05:12
LAB730431,ENC112876,PT12593,HGB,Hemoglobin,11,g/dL,12,17.5,L,STAT,2025-03-02 04:11,2025-03-02 04:15,2025-03-02 05:00
LAB730432,ENC112876,PT12593,TROP,"Troponin I, High Sensitivity",6,ng/L,0,34,N,STAT,2025-03-02 03:31,2025-03-02 03:53,2025-03-02 04:14
LAB730433,ENC112877,PT13601,GLU,Glucose,173,mg/dL,70,99,H,STAT,2025-03-02 06:43,2025-03-02 06:52,2025-03-02 07:26
LAB730434,ENC112877,PT13601,CREAT,Creatinine,1.97,mg/dL,0.6,1.3,H,STAT,2025-03-02 07:26,2025-03-02 07:39,2025-03-02 07:58
LAB730435,ENC112877,PT13601,WBC,White Blood Cell Count,3.2,K/uL,4.5,11,L,Routine,2025-03-02 07:29,2025-03-02 07:56,2025-03-02 15:04
LAB730436,ENC112877,PT13601,HGB,Hemoglobin,10.9,g/dL,12,17.5,L,STAT,2025-03-02 07:38,2025-03-02 07:51,2025-03-02 08:31
LAB730437,ENC112878,PT11183,GLU,Glucose,79,mg/dL,70,99,N,STAT,2025-03-02 08:32,2025-03-02 08:45,2025-03-02 09:19
LAB730438,ENC112878,PT11183,CREAT,Creatinine,0.6,mg/dL,0.6,1.3,N,Routine,2025-03-02 08:49,2025-03-02 08:53,2025-03-02 11:36
LAB730439,ENC112878,PT11183,TROP,"Troponin I, High Sensitivity",3,ng/L,0,34,N,STAT,2025-03-02 07:59,2025-03-02 08:20,2025-03-02 09:04
LAB730440,ENC112879,PT10886,GLU,Glucose,123,mg/dL,70,99,H,Routine,2025-03-02 11:54,2025-03-02 12:15,2025-03-02 14:55
LAB730441,ENC112879,PT10886,CREAT,Creatinine,0.92,mg/dL,0.6,1.3,N,STAT,2025-03-02 11:36,2025-03-02 11:45,2025-03-02 13:23
LAB730442,ENC112879,PT10886,WBC,White Blood Cell Count,10.4,K/uL,4.5,11,N,Routine,2025-03-02 12:18,2025-03-02 12:50,2025-03-02 15:08
LAB730443,ENC112879,PT10886,HGB,Hemoglobin,13,g/dL,12,17.5,N,Routine,2025-03-02 11:52,2025-03-02 12:09,2025-03-02 15:54
LAB730444,ENC112880,PT12231,GLU,Glucose,201,mg/dL,70,99,H,Routine,2025-03-02 10:29,2025-03-02 10:55,2025-03-02 16:15
LAB730445,ENC112880,PT12231,CREAT,Creatinine,1.99,mg/dL,0.6,1.3,H,Routine,2025-03-02 10:41,2025-03-02 10:55,2025-03-02 12:47
LAB730446,ENC112880,PT12231,WBC,White Blood Cell Count,13.5,K/uL,4.5,11,H,STAT,2025-03-02 11:31,2025-03-02 11:53,2025-03-02 12:39
LAB730447,ENC112880,PT12231,HGB,Hemoglobin,11.1,g/dL,12,17.5,L,Routine,2025-03-02 10:37,2025-03-02 10:43,2025-03-02 12:13
LAB730448,ENC112880,PT12231,NA,Sodium,137,mmol/L,136,145,N,Routine,2025-03-02 11:17,2025-03-02 11:44,2025-03-02 14:15
LAB730449,ENC112880,PT12231,K,Potassium,4.3,mmol/L,3.5,5.1,N,STAT,2025-03-02 11:32,2025-03-02 11:53,2025-03-02 12:32
LAB730450,ENC112880,PT12231,LACT,Lactate,3.4,mmol/L,0.5,2,H,STAT,2025-03-02 11:18,2025-03-02 11:30,2025-03-02 13:56
LAB730451,ENC112882,PT11391,GLU,Glucose,88,mg/dL,70,99,N,STAT,2025-03-02 12:41,2025-03-02 12:50,2025-03-02 13:26
LAB730452,ENC112882,PT11391,CREAT,Creatinine,0.98,mg/dL,0.6,1.3,N,Routine,2025-03-02 12:36,2025-03-02 12:47,2025-03-02 14:21
LAB730453,ENC112882,PT11391,WBC,White Blood Cell Count,5.3,K/uL,4.5,11,N,STAT,2025-03-02 12:42,2025-03-02 12:55,2025-03-02 13:44
LAB730454,ENC112884,PT12476,GLU,Glucose,108,mg/dL,70,99,H,STAT,2025-03-02 15:40,2025-03-02 15:58,2025-03-02 16:48
LAB730455,ENC112884,PT12476,CREAT,Creatinine,0.94,mg/dL,0.6,1.3,N,Routine,2025-03-02 15:20,2025-03-02 15:43,2025-03-02 16:53
LAB730456,ENC112884,PT12476,WBC,White Blood Cell Count,4.7,K/uL,4.5,11,N,Routine,2025-03-02 15:52,2025-03-02 16:00,2025-03-02 18:54
LAB730457,ENC112884,PT12476,HGB,Hemoglobin,15.4,g/dL,12,17.5,N,STAT,2025-03-02 15:36,2025-03-02 15:55,2025-03-02 16:29
LAB730458,ENC112886,PT11000,GLU,Glucose,92,mg/dL,70,99,N,STAT,2025-03-02 20:55,2025-03-02 21:09,2025-03-02 22:14
LAB730459,ENC112886,PT11000,CREAT,Creatinine,0.67,mg/dL,0.6,1.3,N,STAT,2025-03-02 20:05,2025-03-02 20:22,2025-03-02 20:56
LAB730460,ENC112886,PT11000,WBC,White Blood Cell Count,5,K/uL,4.5,11,N,STAT,2025-03-02 20:33,2025-03-02 20:42,2025-03-02 21:12
LAB730461,ENC112886,PT11000,HGB,Hemoglobin,12.6,g/dL,12,17.5,N,Routine,2025-03-02 19:54,2025-03-02 20:03,2025-03-03 02:00
LAB730462,ENC112886,PT11000,BUN,Blood Urea Nitrogen,9,mg/dL,7,20,N,Routine,2025-03-02 20:24,2025-03-02 20:45,2025-03-02 22:37
LAB730463,ENC112886,PT11000,PLT,Platelet Count,199,K/uL,150,400,N,Routine,2025-03-02 20:31,2025-03-02 20:43,2025-03-02 22:58
LAB730464,ENC112886,PT11000,TROP,"Troponin I, High Sensitivity",61,ng/L,0,34,H,STAT,2025-03-02 20:21,2025-03-02 20:43,2025-03-02 21:34
LAB730465,ENC112886,PT11000,BNP,B-Type Natriuretic Peptide,172,pg/mL,0,100,H,STAT,2025-03-02 20:02,2025-03-02 20:12,2025-03-02 21:01
LAB730466,ENC112887,PT12253,GLU,Glucose,122,mg/dL,70,99,H,STAT,2025-03-02 20:37,2025-03-02 21:09,2025-03-02 21:33
LAB730467,ENC112887,PT12253,CREAT,Creatinine,0.94,mg/dL,0.6,1.3,N,STAT,2025-03-02 21:09,2025-03-02 21:40,2025-03-02 22:38
LAB730468,ENC112887,PT12253,WBC,White Blood Cell Count,8.4,K/uL,4.5,11,N,Routine,2025-03-02 21:34,2025-03-02 21:43,2025-03-02 23:20
LAB730469,ENC112887,PT12253,HGB,Hemoglobin,13.2,g/dL,12,17.5,N,STAT,2025-03-02 20:58,2025-03-02 21:26,2025-03-02 22:25
LAB730470,ENC112889,PT10224,GLU,Glucose,114,mg/dL,70,99,H,Routine,2025-03-02 19:34,2025-03-02 20:09,2025-03-02 22:15
LAB730471,ENC112889,PT10224,CREAT,Creatinine,0.9,mg/dL,0.6,1.3,N,STAT,2025-03-02 18:33,2025-03-02 18:56,2025-03-02 19:47
LAB730472,ENC112889,PT10224,WBC,White Blood Cell Count,10.1,K/uL,4.5,11,N,Routine,2025-03-02 19:27,2025-03-02 19:51,2025-03-02 22:56
LAB730473,ENC112891,PT11013,GLU,Glucose,188,mg/dL,70,99,H,Routine,2025-03-02 22:35,2025-03-02 22:53,2025-03-02 23:47
LAB730474,ENC112891,PT11013,CREAT,Creatinine,0.87,mg/dL,0.6,1.3,N,Routine,2025-03-02 22:40,2025-03-02 23:12,2025-03-03 02:32
LAB730475,ENC112891,PT11013,WBC,White Blood Cell Count,5,K/uL,4.5,11,N,Routine,2025-03-02 22:34,2025-03-02 22:58,2025-03-03 02:02
LAB730476,ENC112891,PT11013,HGB,Hemoglobin,12.3,g/dL,12,17.5,N,STAT,2025-03-02 22:42,2025-03-02 23:00,2025-03-02 23:14
LAB730477,ENC112891,PT11013,TROP,"Troponin I, High Sensitivity",4,ng/L,0,34,N,STAT,2025-03-02 22:13,2025-03-02 22:17,2025-03-02 22:54
LAB730478,ENC112891,PT11013,BNP,B-Type Natriuretic Peptide,1313,pg/mL,0,100,H,STAT,2025-03-02 22:43,2025-03-02 22:47,2025-03-02 23:36
LAB730479,ENC112892,PT12153,GLU,Glucose,107,mg/dL,70,99,H,STAT,2025-03-03 01:37,2025-03-03 02:04,2025-03-03 02:56
LAB730480,ENC112892,PT12153,CREAT,Creatinine,1.09,mg/dL,0.6,1.3,N,STAT,2025-03-03 00:42,2025-03-03 00:47,2025-03-03 01:49
LAB730481,ENC112892,PT12153,WBC,White Blood Cell Count,8.6,K/uL,4.5,11,N,STAT,2025-03-03 00:47,2025-03-03 00:54,2025-03-03 01:16
LAB730482,ENC112892,PT12153,HGB,Hemoglobin,15.7,g/dL,12,17.5,N,STAT,2025-03-03 00:49,2025-03-03 01:08,2025-03-03 01:45
LAB730483,ENC112892,PT12153,INR,Prothrombin Time INR,1,ratio,0.8,1.2,N,Routine,2025-03-03 00:42,2025-03-03 01:10,2025-03-03 04:52
LAB730484,ENC112893,PT10455,INR,Prothrombin Time INR,1,ratio,0.8,1.2,N,STAT,2025-03-02 22:41,2025-03-02 22:51,2025-03-03 00:04
LAB730485,ENC112894,PT10947,GLU,Glucose,134,mg/dL,70,99,H,Routine,2025-03-03 03:36,2025-03-03 03:53,2025-03-03 06:16
LAB730486,ENC112894,PT10947,CREAT,Creatinine,1.44,mg/dL,0.6,1.3,H,STAT,2025-03-03 03:44,2025-03-03 03:55,2025-03-03 04:28
LAB730487,ENC112894,PT10947,WBC,White Blood Cell Count,7.4,K/uL,4.5,11,N,STAT,2025-03-03 03:21,2025-03-03 03:51,2025-03-03 04:18
LAB730488,ENC112894,PT10947,HGB,Hemoglobin,11.1,g/dL,12,17.5,L,Routine,2025-03-03 03:05,2025-03-03 03:25,2025-03-03 12:31
LAB730489,ENC112894,PT10947,NA,Sodium,138,mmol/L,136,145,N,Routine,2025-03-03 02:47,2025-03-03 03:02,2025-03-03 06:27
LAB730490,ENC112894,PT10947,K,Potassium,4.8,mmol/L,3.5,5.1,N,STAT,2025-03-03 03:15,2025-03-03 03:50,2025-03-03 04:28
LAB730491,ENC112894,PT10947,TROP,"Troponin I, High Sensitivity",9,ng/L,0,34,N,STAT,2025-03-03 03:29,2025-03-03 03:37,2025-03-03 04:08
LAB730492,ENC112895,PT13395,GLU,Glucose,88,mg/dL,70,99,N,Routine,2025-03-03 04:47,2025-03-03 05:17,2025-03-03 08:40
LAB730493,ENC112895,PT13395,CREAT,Creatinine,1.25,mg/dL,0.6,1.3,N,Routine,2025-03-03 05:23,2025-03-03 05:44,2025-03-03 09:11
LAB730494,ENC112895,PT13395,WBC,White Blood Cell Count,5.4,K/uL,4.5,11,N,STAT,2025-03-03 05:05,2025-03-03 05:16,2025-03-03 06:23
LAB730495,ENC112895,PT13395,HGB,Hemoglobin,11.5,g/dL,12,17.5,L,Routine,2025-03-03 04:30,2025-03-03 04:40,2025-03-03 07:05
LAB730496,ENC112895,PT13395,INR,Prothrombin Time INR,2.8,ratio,0.8,1.2,H,STAT,2025-03-03 04:41,2025-03-03 05:16,2025-03-03 06:04
LAB730497,ENC112896,PT11437,GLU,Glucose,140,mg/dL,70,99,H,Routine,2025-03-03 05:14,2025-03-03 05:19,2025-03-03 08:19
LAB730498,ENC112896,PT11437,CREAT,Creatinine,1.05,mg/dL,0.6,1.3,N,STAT,2025-03-03 04:36,2025-03-03 04:57,2025-03-03 05:22
LAB730499,ENC112896,PT11437,WBC,White Blood Cell Count,13,K/uL,4.5,11,H,STAT,2025-03-03 05:26,2025-03-03 05:46,2025-03-03 06:52
LAB730500,ENC112896,PT11437,HGB,Hemoglobin,13,g/dL,12,17.5,N,STAT,2025-03-03 05:06,2025-03-03 05:26,2025-03-03 06:15
LAB730501,ENC112897,PT11726,GLU,Glucose,118,mg/dL,70,99,H,STAT,2025-03-03 06:40,2025-03-03 07:00,2025-03-03 07:58
LAB730502,ENC112897,PT11726,CREAT,Creatinine,0.75,mg/dL,0.6,1.3,N,Routine,2025-03-03 07:16,2025-03-03 07:47,2025-03-03 10:41
LAB730503,ENC112897,PT11726,WBC,White Blood Cell Count,8.5,K/uL,4.5,11,N,Routine,2025-03-03 06:54,2025-03-03 07:03,2025-03-03 10:19
LAB730504,ENC112897,PT11726,HGB,Hemoglobin,15.6,g/dL,12,17.5,N,Routine,2025-03-03 06:18,2025-03-03 06:52,2025-03-03 08:27
LAB730505,ENC112898,PT13774,GLU,Glucose,79,mg/dL,70,99,N,STAT,2025-03-03 07:08,2025-03-03 07:40,2025-03-03 08:05
LAB730506,ENC112898,PT13774,CREAT,Creatinine,1.8,mg/dL,0.6,1.3,H,STAT,2025-03-03 06:57,2025-03-03 07:29,2025-03-03 09:51
LAB730507,ENC112898,PT13774,WBC,White Blood Cell Count,6.4,K/uL,4.5,11,N,Routine,2025-03-03 06:35,2025-03-03 06:55,2025-03-03 09:01
LAB730508,ENC112898,PT13774,HGB,Hemoglobin,10,g/dL,12,17.5,L,Routine,2025-03-03 07:22,2025-03-03 07:30,2025-03-03 08:51
LAB730509,ENC112898,PT13774,NA,Sodium,140,mmol/L,136,145,N,Routine,2025-03-03 07:39,2025-03-03 07:55,2025-03-03 10:24
LAB730510,ENC112898,PT13774,K,Potassium,3.6,mmol/L,3.5,5.1,N,STAT,2025-03-03 06:39,2025-03-03 07:13,2025-03-03 08:01
LAB730511,ENC112898,PT13774,TROP,"Troponin I, High Sensitivity",7,ng/L,0,34,N,STAT,2025-03-03 07:00,2025-03-03 07:05,2025-03-03 08:17
LAB730512,ENC112899,PT12301,GLU,Glucose,102,mg/dL,70,99,H,Routine,2025-03-03 12:11,2025-03-03 12:19,2025-03-03 13:41
LAB730513,ENC112899,PT12301,CREAT,Creatinine,0.85,mg/dL,0.6,1.3,N,STAT,2025-03-03 12:45,2025-03-03 12:54,2025-03-03 13:57
LAB730514,ENC112899,PT12301,WBC,White Blood Cell Count,6.1,K/uL,4.5,11,N,Routine,2025-03-03 12:45,2025-03-03 12:59,2025-03-03 14:45
LAB730515,ENC112899,PT12301,HGB,Hemoglobin,12.8,g/dL,12,17.5,N,Routine,2025-03-03 12:04,2025-03-03 12:29,2025-03-03 19:40
LAB730516,ENC112899,PT12301,TROP,"Troponin I, High Sensitivity",0,ng/L,0,34,N,STAT,2025-03-03 12:49,2025-03-03 13:23,2025-03-03 13:44
LAB730517,ENC112899,PT12301,BNP,B-Type Natriuretic Peptide,826,pg/mL,0,100,H,STAT,2025-03-03 12:26,2025-03-03 12:56,2025-03-03 14:05
LAB730518,ENC112901,PT13398,GLU,Glucose,132,mg/dL,70,99,H,STAT,2025-03-03 12:00,2025-03-03 12:12,2025-03-03 12:55
LAB730519,ENC112901,PT13398,CREAT,Creatinine,1.25,mg/dL,0.6,1.3,N,Routine,2025-03-03 11:50,2025-03-03 11:59,2025-03-03 14:38
LAB730520,ENC112901,PT13398,WBC,White Blood Cell Count,7.8,K/uL,4.5,11,N,STAT,2025-03-03 11:55,2025-03-03 12:07,2025-03-03 13:09
LAB730521,ENC112901,PT13398,HGB,Hemoglobin,12,g/dL,12,17.5,N,Routine,2025-03-03 12:34,2025-03-03 12:42,2025-03-03 14:51
LAB730522,ENC112901,PT13398,NA,Sodium,141,mmol/L,136,145,N,STAT,2025-03-03 12:45,2025-03-03 13:11,2025-03-03 13:35
LAB730523,ENC112901,PT13398,K,Potassium,4.5,mmol/L,3.5,5.1,N,STAT,2025-03-03 11:46,2025-03-03 12:16,2025-03-03 12:51
LAB730524,ENC112901,PT13398,INR,Prothrombin Time INR,1,ratio,0.8,1.2,N,STAT,2025-03-03 12:02,2025-03-03 12:24,2025-03-03 13:16
LAB730525,ENC112904,PT13065,LDL,LDL Cholesterol,103,mg/dL,0,99,H,Routine,2025-03-03 10:36,2025-03-03 10:40,2025-03-03 16:18
LAB730526,ENC112909,PT10191,TROP,"Troponin I, High Sensitivity",2,ng/L,0,34,N,STAT,2025-03-03 12:36,2025-03-03 13:02,2025-03-03 15:18
LAB730527,ENC112910,PT10775,GLU,Glucose,86,mg/dL,70,99,N,STAT,2025-03-03 13:37,2025-03-03 13:47,2025-03-03 14:51
LAB730528,ENC112910,PT10775,CREAT,Creatinine,0.96,mg/dL,0.6,1.3,N,Routine,2025-03-03 14:13,2025-03-03 14:20,2025-03-03 15:57
LAB730529,ENC112910,PT10775,WBC,White Blood Cell Count,8.4,K/uL,4.5,11,N,Routine,2025-03-03 14:16,2025-03-03 14:29,2025-03-03 17:56
LAB730530,ENC112910,PT10775,HGB,Hemoglobin,13.9,g/dL,12,17.5,N,STAT,2025-03-03 13:50,2025-03-03 14:11,2025-03-03 14:40
LAB730531,ENC112916,PT13865,GLU,Glucose,78,mg/dL,70,99,N,STAT,2025-03-03 15:09,2025-03-03 15:31,2025-03-03 16:17
LAB730532,ENC112916,PT13865,CREAT,Creatinine,1.07,mg/dL,0.6,1.3,N,Routine,2025-03-03 15:37,2025-03-03 15:47,2025-03-03 19:23
LAB730533,ENC112916,PT13865,WBC,White Blood Cell Count,7,K/uL,4.5,11,N,Routine,2025-03-03 15:31,2025-03-03 15:35,2025-03-03 16:41
LAB730534,ENC112916,PT13865,HGB,Hemoglobin,11.8,g/dL,12,17.5,L,STAT,2025-03-03 15:37,2025-03-03 15:59,2025-03-03 16:39
LAB730535,ENC112916,PT13865,NA,Sodium,132,mmol/L,136,145,L,Routine,2025-03-03 14:36,2025-03-03 14:47,2025-03-03 16:33
LAB730536,ENC112916,PT13865,K,Potassium,3.9,mmol/L,3.5,5.1,N,STAT,2025-03-03 14:31,2025-03-03 14:41,2025-03-03 15:04
LAB730537,ENC112917,PT13519,GLU,Glucose,132,mg/dL,70,99,H,Routine,2025-03-03 14:51,2025-03-03 15:26,2025-03-03 18:09
LAB730538,ENC112917,PT13519,CREAT,Creatinine,1.72,mg/dL,0.6,1.3,H,STAT,2025-03-03 15:01,2025-03-03 15:22,2025-03-03 17:06
LAB730539,ENC112917,PT13519,WBC,White Blood Cell Count,4.8,K/uL,4.5,11,N,Routine,2025-03-03 15:32,2025-03-03 15:42,2025-03-03 19:34
LAB730540,ENC112917,PT13519,HGB,Hemoglobin,16.1,g/dL,12,17.5,N,STAT,2025-03-03 14:37,2025-03-03 14:43,2025-03-03 15:25
LAB730541,ENC112917,PT13519,NA,Sodium,140,mmol/L,136,145,N,STAT,2025-03-03 15:12,2025-03-03 15:46,2025-03-03 16:37
LAB730542,ENC112917,PT13519,K,Potassium,5.7,mmol/L,3.5,5.1,H,STAT,2025-03-03 15:10,2025-03-03 15:33,2025-03-03 16:27
LAB730543,ENC112918,PT10529,LDL,LDL Cholesterol,111,mg/dL,0,99,H,Routine,2025-03-03 15:07,2025-03-03 15:30,2025-03-03 22:08
LAB730544,ENC112920,PT12160,GLU,Glucose,194,mg/dL,70,99,H,STAT,2025-03-03 18:20,2025-03-03 18:29,2025-03-03 19:11
LAB730545,ENC112920,PT12160,CREAT,Creatinine,1.55,mg/dL,0.6,1.3,H,STAT,2025-03-03 17:49,2025-03-03 17:59,2025-03-03 18:21
LAB730546,ENC112920,PT12160,WBC,White Blood Cell Count,16.8,K/uL,4.5,11,H,STAT,2025-03-03 17:55,2025-03-03 18:10,2025-03-03 19:02
LAB730547,ENC112920,PT12160,HGB,Hemoglobin,13.7,g/dL,12,17.5,N,Routine,2025-03-03 18:56,2025-03-03 19:03,2025-03-03 21:14
LAB730548,ENC112920,PT12160,LACT,Lactate,4.5,mmol/L,0.5,2,HH,STAT,2025-03-03 18:42,2025-03-03 18:50,2025-03-03 19:20
LAB730549,ENC112922,PT13561,A1C,Hemoglobin A1c,8.3,%,4,5.6,H,Routine,2025-03-03 16:24,2025-03-03 16:56,2025-03-03 21:11
LAB730550,ENC112922,PT13561,GLU,Glucose,256,mg/dL,70,99,H,Routine,2025-03-03 16:24,2025-03-03 16:39,2025-03-04 04:13
LAB730551,ENC112922,PT13561,CREAT,Creatinine,1.15,mg/dL,0.6,1.3,N,Routine,2025-03-03 16:20,2025-03-03 16:50,2025-03-03 19:01
LAB730552,ENC112926,PT10115,GLU,Glucose,154,mg/dL,70,99,H,STAT,2025-03-03 22:37,2025-03-03 22:54,2025-03-04 00:03
LAB730553,ENC112926,PT10115,CREAT,Creatinine,0.81,mg/dL,0.6,1.3,N,Routine,2025-03-03 22:48,2025-03-03 23:19,2025-03-04 01:08
LAB730554,ENC112926,PT10115,WBC,White Blood Cell Count,9.9,K/uL,4.5,11,N,Routine,2025-03-03 22:02,2025-03-03 22:24,2025-03-04 00:48
LAB730555,ENC112926,PT10115,HGB,Hemoglobin,14.6,g/dL,12,17.5,N,Routine,2025-03-03 22:57,2025-03-03 23:18,2025-03-04 04:23
LAB730556,ENC112926,PT10115,NA,Sodium,147,mmol/L,136,145,H,STAT,2025-03-03 22:10,2025-03-03 22:15,2025-03-03 23:14
LAB730557,ENC112926,PT10115,K,Potassium,4.7,mmol/L,3.5,5.1,N,STAT,2025-03-03 22:57,2025-03-03 23:28,2025-03-04 00:14
LAB730558,ENC112928,PT12597,GLU,Glucose,108,mg/dL,70,99,H,STAT,2025-03-04 03:21,2025-03-04 03:31,2025-03-04 04:36
LAB730559,ENC112928,PT12597,CREAT,Creatinine,1.11,mg/dL,0.6,1.3,N,STAT,2025-03-04 02:56,2025-03-04 03:20,2025-03-04 04:31
LAB730560,ENC112928,PT12597,WBC,White Blood Cell Count,10,K/uL,4.5,11,N,STAT,2025-03-04 03:18,2025-03-04 03:29,2025-03-04 04:02
LAB730561,ENC112928,PT12597,HGB,Hemoglobin,16.7,g/dL,12,17.5,N,STAT,2025-03-04 02:52,2025-03-04 03:01,2025-03-04 03:43
LAB730562,ENC112928,PT12597,NA,Sodium,139,mmol/L,136,145,N,STAT,2025-03-04 02:54,2025-03-04 03:21,2025-03-04 04:27
LAB730563,ENC112928,PT12597,K,Potassium,3.6,mmol/L,3.5,5.1,N,STAT,2025-03-04 03:18,2025-03-04 03:23,2025-03-04 04:35
LAB730564,ENC112929,PT10808,GLU,Glucose,150,mg/dL,70,99,H,Routine,2025-03-04 01:45,2025-03-04 01:56,2025-03-04 05:02
LAB730565,ENC112929,PT10808,CREAT,Creatinine,0.71,mg/dL,0.6,1.3,N,STAT,2025-03-04 01:02,2025-03-04 01:06,2025-03-04 01:54
LAB730566,ENC112929,PT10808,WBC,White Blood Cell Count,19.7,K/uL,4.5,11,H,STAT,2025-03-04 00:54,2025-03-04 01:05,2025-03-04 01:52
LAB730567,ENC112929,PT10808,HGB,Hemoglobin,14.8,g/dL,12,17.5,N,STAT,2025-03-04 01:22,2025-03-04 01:53,2025-03-04 02:54
LAB730568,ENC112929,PT10808,NA,Sodium,142,mmol/L,136,145,N,STAT,2025-03-04 01:05,2025-03-04 01:27,2025-03-04 02:21
LAB730569,ENC112929,PT10808,K,Potassium,4.3,mmol/L,3.5,5.1,N,STAT,2025-03-04 01:57,2025-03-04 02:13,2025-03-04 02:59
LAB730570,ENC112929,PT10808,LACT,Lactate,3.5,mmol/L,0.5,2,H,STAT,2025-03-04 01:55,2025-03-04 02:15,2025-03-04 03:07
LAB730571,ENC112930,PT13072,GLU,Glucose,201,mg/dL,70,99,H,Routine,2025-03-04 02:13,2025-03-04 02:19,2025-03-04 07:50
LAB730572,ENC112930,PT13072,CREAT,Creatinine,0.66,mg/dL,0.6,1.3,N,Routine,2025-03-04 02:34,2025-03-04 03:08,2025-03-04 05:07
LAB730573,ENC112930,PT13072,WBC,White Blood Cell Count,8.5,K/uL,4.5,11,N,STAT,2025-03-04 02:56,2025-03-04 03:11,2025-03-04 03:51
LAB730574,ENC112933,PT10881,GLU,Glucose,92,mg/dL,70,99,N,STAT,2025-03-04 13:49,2025-03-04 14:07,2025-03-04 14:29
LAB730575,ENC112933,PT10881,CREAT,Creatinine,2.76,mg/dL,0.6,1.3,H,STAT,2025-03-04 14:30,2025-03-04 14:53,2025-03-04 15:46
LAB730576,ENC112933,PT10881,WBC,White Blood Cell Count,10.9,K/uL,4.5,11,N,Routine,2025-03-04 14:15,2025-03-04 14:43,2025-03-04 17:33
LAB730577,ENC112933,PT10881,HGB,Hemoglobin,8.9,g/dL,12,17.5,L,Routine,2025-03-04 13:30,2025-03-04 13:52,2025-03-04 16:18
LAB730578,ENC112935,PT12931,GLU,Glucose,57,mg/dL,70,99,L,STAT,2025-03-04 15:31,2025-03-04 15:49,2025-03-04 16:37
LAB730579,ENC112935,PT12931,CREAT,Creatinine,1.53,mg/dL,0.6,1.3,H,STAT,2025-03-04 16:07,2025-03-04 16:19,2025-03-04 16:56
LAB730580,ENC112935,PT12931,WBC,White Blood Cell Count,6.9,K/uL,4.5,11,N,Routine,2025-03-04 16:00,2025-03-04 16:24,2025-03-04 17:30
LAB730581,ENC112935,PT12931,HGB,Hemoglobin,11.1,g/dL,12,17.5,L,STAT,2025-03-04 15:57,2025-03-04 16:19,2025-03-04 16:36
LAB730582,ENC112939,PT10679,A1C,Hemoglobin A1c,8,%,4,5.6,H,Routine,2025-03-04 11:38,2025-03-04 11:51,2025-03-05 04:45
LAB730583,ENC112939,PT10679,GLU,Glucose,320,mg/dL,70,99,H,Routine,2025-03-04 11:52,2025-03-04 12:23,2025-03-04 15:07
LAB730584,ENC112939,PT10679,CREAT,Creatinine,1.07,mg/dL,0.6,1.3,N,Routine,2025-03-04 11:51,2025-03-04 12:13,2025-03-04 15:24
LAB730585,ENC112941,PT11877,A1C,Hemoglobin A1c,10.4,%,4,5.6,H,Routine,2025-03-04 12:09,2025-03-04 12:19,2025-03-05 08:46
LAB730586,ENC112945,PT11167,GLU,Glucose,233,mg/dL,70,99,H,Routine,2025-03-04 13:53,2025-03-04 14:28,2025-03-04 17:50
LAB730587,ENC112945,PT11167,CREAT,Creatinine,1.15,mg/dL,0.6,1.3,N,STAT,2025-03-04 13:47,2025-03-04 14:05,2025-03-04 14:38
LAB730588,ENC112945,PT11167,WBC,White Blood Cell Count,4.9,K/uL,4.5,11,N,STAT,2025-03-04 14:38,2025-03-04 14:53,2025-03-04 15:40
LAB730589,ENC112945,PT11167,HGB,Hemoglobin,11.6,g/dL,12,17.5,L,Routine,2025-03-04 14:10,2025-03-04 14:42,2025-03-04 18:02
LAB730590,ENC112945,PT11167,INR,Prothrombin Time INR,1.1,ratio,0.8,1.2,N,STAT,2025-03-04 13:51,2025-03-04 13:55,2025-03-04 14:51
LAB730591,ENC112946,PT10734,GLU,Glucose,83,mg/dL,70,99,N,STAT,2025-03-04 15:22,2025-03-04 15:35,2025-03-04 16:00
LAB730592,ENC112946,PT10734,CREAT,Creatinine,0.96,mg/dL,0.6,1.3,N,Routine,2025-03-04 14:57,2025-03-04 15:03,2025-03-04 17:05
LAB730593,ENC112947,PT11190,GLU,Glucose,118,mg/dL,70,99,H,STAT,2025-03-04 17:39,2025-03-04 17:46,2025-03-04 18:18
LAB730594,ENC112947,PT11190,CREAT,Creatinine,1.01,mg/dL,0.6,1.3,N,STAT,2025-03-04 17:22,2025-03-04 17:52,2025-03-04 19:21
LAB730595,ENC112947,PT11190,WBC,White Blood Cell Count,12.9,K/uL,4.5,11,H,STAT,2025-03-04 17:39,2025-03-04 17:50,2025-03-04 18:56
LAB730596,ENC112947,PT11190,HGB,Hemoglobin,15.2,g/dL,12,17.5,N,STAT,2025-03-04 18:01,2025-03-04 18:13,2025-03-04 18:39
LAB730597,ENC112947,PT11190,NA,Sodium,140,mmol/L,136,145,N,STAT,2025-03-04 17:53,2025-03-04 18:26,2025-03-04 19:11
LAB730598,ENC112947,PT11190,K,Potassium,4.2,mmol/L,3.5,5.1,N,STAT,2025-03-04 17:59,2025-03-04 18:25,2025-03-04 19:36
LAB730599,ENC112948,PT12856,A1C,Hemoglobin A1c,6.2,%,4,5.6,H,Routine,2025-03-04 15:33,2025-03-04 16:02,2025-03-05 10:16
LAB730600,ENC112949,PT10304,LDL,LDL Cholesterol,98,mg/dL,0,99,N,Routine,2025-03-04 16:01,2025-03-04 16:36,2025-03-05 01:31
LAB730601,ENC112949,PT10304,A1C,Hemoglobin A1c,6,%,4,5.6,H,Routine,2025-03-04 15:55,2025-03-04 16:04,2025-03-05 06:37
LAB730602,ENC112949,PT10304,TSH,Thyroid Stimulating Hormone,0.17,mIU/L,0.4,4,L,Routine,2025-03-04 16:06,2025-03-04 16:34,2025-03-05 07:34
LAB730603,ENC112950,PT10549,GLU,Glucose,197,mg/dL,70,99,H,Routine,2025-03-04 20:45,2025-03-04 20:52,2025-03-05 01:56
LAB730604,ENC112950,PT10549,CREAT,Creatinine,0.84,mg/dL,0.6,1.3,N,STAT,2025-03-04 20:36,2025-03-04 20:41,2025-03-04 21:19
LAB730605,ENC112950,PT10549,WBC,White Blood Cell Count,7.5,K/uL,4.5,11,N,STAT,2025-03-04 21:09,2025-03-04 21:13,2025-03-04 21:42
LAB730606,ENC112950,PT10549,HGB,Hemoglobin,14.5,g/dL,12,17.5,N,Routine,2025-03-04 20:43,2025-03-04 21:03,2025-03-05 03:37
LAB730607,ENC112950,PT10549,NA,Sodium,139,mmol/L,136,145,N,STAT,2025-03-04 20:47,2025-03-04 20:56,2025-03-04 21:32
LAB730608,ENC112950,PT10549,K,Potassium,3.8,mmol/L,3.5,5.1,N,STAT,2025-03-04 20:27,2025-03-04 21:00,2025-03-04 21:24
LAB730609,ENC112950,PT10549,TROP,"Troponin I, High Sensitivity",5,ng/L,0,34,N,STAT,2025-03-04 21:05,2025-03-04 21:17,2025-03-04 22:38
LAB730610,ENC112950,PT10549,BNP,B-Type Natriuretic Peptide,1999,pg/mL,0,100,H,Routine,2025-03-04 20:48,2025-03-04 21:19,2025-03-05 00:16
LAB730611,ENC112953,PT10653,GLU,Glucose,132,mg/dL,70,99,H,STAT,2025-03-04 18:19,2025-03-04 18:51,2025-03-04 19:39
LAB730612,ENC112953,PT10653,CREAT,Creatinine,0.89,mg/dL,0.6,1.3,N,Routine,2025-03-04 18:26,2025-03-04 18:59,2025-03-04 21:58
LAB730613,ENC112953,PT10653,WBC,White Blood Cell Count,11.3,K/uL,4.5,11,H,Routine,2025-03-04 18:10,2025-03-04 18:38,2025-03-04 23:22
LAB730614,ENC112953,PT10653,HGB,Hemoglobin,14.2,g/dL,12,17.5,N,STAT,2025-03-04 18:01,2025-03-04 18:11,2025-03-04 18:45
LAB730615,ENC112953,PT10653,NA,Sodium,126,mmol/L,136,145,L,Routine,2025-03-04 17:40,2025-03-04 18:14,2025-03-04 22:37
LAB730616,ENC112953,PT10653,K,Potassium,4,mmol/L,3.5,5.1,N,STAT,2025-03-04 17:46,2025-03-04 17:56,2025-03-04 19:04
LAB730617,ENC112954,PT12221,GLU,Glucose,247,mg/dL,70,99,H,STAT,2025-03-04 18:36,2025-03-04 19:07,2025-03-04 20:00
LAB730618,ENC112954,PT12221,CREAT,Creatinine,1.06,mg/dL,0.6,1.3,N,Routine,2025-03-04 18:37,2025-03-04 19:01,2025-03-04 21:10
LAB730619,ENC112954,PT12221,WBC,White Blood Cell Count,10.5,K/uL,4.5,11,N,Routine,2025-03-04 18:47,2025-03-04 18:57,2025-03-04 22:36
LAB730620,ENC112954,PT12221,HGB,Hemoglobin,13.4,g/dL,12,17.5,N,Routine,2025-03-04 18:44,2025-03-04 18:50,2025-03-04 21:10
LAB730621,ENC112955,PT13173,GLU,Glucose,89,mg/dL,70,99,N,STAT,2025-03-04 22:29,2025-03-04 22:37,2025-03-04 23:30
LAB730622,ENC112955,PT13173,CREAT,Creatinine,0.65,mg/dL,0.6,1.3,N,STAT,2025-03-04 21:46,2025-03-04 22:06,2025-03-04 22:43
LAB730623,ENC112955,PT13173,WBC,White Blood Cell Count,6.3,K/uL,4.5,11,N,Routine,2025-03-04 22:30,2025-03-04 22:56,2025-03-05 02:55
LAB730624,ENC112955,PT13173,HGB,Hemoglobin,14.3,g/dL,12,17.5,N,Routine,2025-03-04 22:20,2025-03-04 22:55,2025-03-05 01:13
LAB730625,ENC112957,PT11136,INR,Prothrombin Time INR,0.9,ratio,0.8,1.2,N,STAT,2025-03-05 00:59,2025-03-05 01:19,2025-03-05 02:17
LAB730626,ENC112958,PT11274,GLU,Glucose,92,mg/dL,70,99,N,STAT,2025-03-05 01:44,2025-03-05 02:01,2025-03-05 03:02
LAB730627,ENC112958,PT11274,CREAT,Creatinine,3.82,mg/dL,0.6,1.3,H,Routine,2025-03-05 00:53,2025-03-05 01:17,2025-03-05 03:01
LAB730628,ENC112958,PT11274,WBC,White Blood Cell Count,5.5,K/uL,4.5,11,N,Routine,2025-03-05 00:53,2025-03-05 01:15,2025-03-05 04:03
LAB730629,ENC112958,PT11274,HGB,Hemoglobin,13.7,g/dL,12,17.5,N,Routine,2025-03-05 01:06,2025-03-05 01:41,2025-03-05 03:42
LAB730630,ENC112958,PT11274,NA,Sodium,137,mmol/L,136,145,N,STAT,2025-03-05 00:55,2025-03-05 01:04,2025-03-05 01:38
LAB730631,ENC112958,PT11274,K,Potassium,6,mmol/L,3.5,5.1,H,STAT,2025-03-05 01:12,2025-03-05 01:31,2025-03-05 02:41
LAB730632,ENC112959,PT11235,GLU,Glucose,104,mg/dL,70,99,H,Routine,2025-03-05 07:00,2025-03-05 07:21,2025-03-05 08:24
LAB730633,ENC112959,PT11235,CREAT,Creatinine,0.88,mg/dL,0.6,1.3,N,STAT,2025-03-05 07:20,2025-03-05 07:50,2025-03-05 09:32
LAB730634,ENC112959,PT11235,WBC,White Blood Cell Count,6,K/uL,4.5,11,N,Routine,2025-03-05 07:05,2025-03-05 07:19,2025-03-05 11:19
LAB730635,ENC112959,PT11235,HGB,Hemoglobin,7.2,g/dL,12,17.5,L,STAT,2025-03-05 07:04,2025-03-05 07:18,2025-03-05 07:35
LAB730636,ENC112959,PT11235,LACT,Lactate,3.3,mmol/L,0.5,2,H,STAT,2025-03-05 06:35,2025-03-05 06:57,2025-03-05 07:25
LAB730637,ENC112959,PT11235,INR,Prothrombin Time INR,1.2,ratio,0.8,1.2,N,STAT,2025-03-05 07:08,2025-03-05 07:23,2025-03-05 08:00
LAB730638,ENC112960,PT11918,GLU,Glucose,198,mg/dL,70,99,H,STAT,2025-03-05 08:33,2025-03-05 08:54,2025-03-05 09:37
LAB730639,ENC112960,PT11918,CREAT,Creatinine,1.21,mg/dL,0.6,1.3,N,STAT,2025-03-05 08:23,2025-03-05 08:47,2025-03-05 09:25
LAB730640,ENC112961,PT10121,GLU,Glucose,120,mg/dL,70,99,H,Routine,2025-03-05 11:33,2025-03-05 11:45,2025-03-05 15:09
LAB730641,ENC112961,PT10121,CREAT,Creatinine,0.75,mg/dL,0.6,1.3,N,Routine,2025-03-05 11:20,2025-03-05 11:52,2025-03-05 13:17
LAB730642,ENC112961,PT10121,WBC,White Blood Cell Count,9.1,K/uL,4.5,11,N,STAT,2025-03-05 11:33,2025-03-05 11:54,2025-03-05 12:50
LAB730643,ENC112961,PT10121,HGB,Hemoglobin,12.9,g/dL,12,17.5,N,STAT,2025-03-05 11:46,2025-03-05 12:14,2025-03-05 12:38
LAB730644,ENC112961,PT10121,TROP,"Troponin I, High Sensitivity",3,ng/L,0,34,N,STAT,2025-03-05 11:43,2025-03-05 12:03,2025-03-05 12:41
LAB730645,ENC112961,PT10121,BNP,B-Type Natriuretic Peptide,781,pg/mL,0,100,H,STAT,2025-03-05 11:02,2025-03-05 11:23,2025-03-05 12:37
LAB730646,ENC112964,PT13169,GLU,Glucose,108,mg/dL,70,99,H,STAT,2025-03-05 09:53,2025-03-05 10:27,2025-03-05 11:05
LAB730647,ENC112964,PT13169,CREAT,Creatinine,0.96,mg/dL,0.6,1.3,N,STAT,2025-03-05 10:04,2025-03-05 10:32,2025-03-05 11:30
LAB730648,ENC112964,PT13169,WBC,White Blood Cell Count,7.4,K/uL,4.5,11,N,STAT,2025-03-05 10:27,2025-03-05 10:59,2025-03-05 11:47
LAB730649,ENC112964,PT13169,HGB,Hemoglobin,9.7,g/dL,12,17.5,L,Routine,2025-03-05 10:12,2025-03-05 10:18,2025-03-05 12:59
LAB730650,ENC112965,PT13105,LDL,LDL Cholesterol,129,mg/dL,0,99,H,Routine,2025-03-05 10:57,2025-03-05 11:08,2025-03-05 22:26
LAB730651,ENC112966,PT13572,LDL,LDL Cholesterol,113,mg/dL,0,99,H,Routine,2025-03-05 11:11,2025-03-05 11:18,2025-03-06 21:43
LAB730652,ENC112966,PT13572,TSH,Thyroid Stimulating Hormone,1.06,mIU/L,0.4,4,N,Routine,2025-03-05 10:59,2025-03-05 11:10,2025-03-06 07:48
LAB730653,ENC112967,PT12579,A1C,Hemoglobin A1c,6.9,%,4,5.6,H,Routine,2025-03-05 11:05,2025-03-05 11:37,2025-03-06 02:31
LAB730654,ENC112968,PT13940,GLU,Glucose,79,mg/dL,70,99,N,Routine,2025-03-05 14:42,2025-03-05 15:14,2025-03-05 19:34
LAB730655,ENC112968,PT13940,CREAT,Creatinine,1.31,mg/dL,0.6,1.3,H,STAT,2025-03-05 14:56,2025-03-05 15:06,2025-03-05 16:00
LAB730656,ENC112968,PT13940,WBC,White Blood Cell Count,3.9,K/uL,4.5,11,L,Routine,2025-03-05 14:47,2025-03-05 15:08,2025-03-05 17:51
LAB730657,ENC112968,PT13940,HGB,Hemoglobin,14.5,g/dL,12,17.5,N,STAT,2025-03-05 15:05,2025-03-05 15:16,2025-03-05 15:46
LAB730658,ENC112968,PT13940,NA,Sodium,124,mmol/L,136,145,L,Routine,2025-03-05 14:32,2025-03-05 15:05,2025-03-05 17:39
LAB730659,ENC112968,PT13940,K,Potassium,4.2,mmol/L,3.5,5.1,N,STAT,2025-03-05 15:28,2025-03-05 15:35,2025-03-05 16:19
LAB730660,ENC112969,PT12599,GLU,Glucose,111,mg/dL,70,99,H,STAT,2025-03-05 16:31,2025-03-05 17:04,2025-03-05 17:39
LAB730661,ENC112969,PT12599,CREAT,Creatinine,0.75,mg/dL,0.6,1.3,N,STAT,2025-03-05 16:09,2025-03-05 16:37,2025-03-05 17:43
LAB730662,ENC112969,PT12599,WBC,White Blood Cell Count,9.8,K/uL,4.5,11,N,Routine,2025-03-05 15:50,2025-03-05 16:19,2025-03-05 22:43
LAB730663,ENC112969,PT12599,HGB,Hemoglobin,13.1,g/dL,12,17.5,N,Routine,2025-03-05 15:39,2025-03-05 15:44,2025-03-05 17:59
LAB730664,ENC112973,PT11004,GLU,Glucose,79,mg/dL,70,99,N,STAT,2025-03-05 14:32,2025-03-05 15:01,2025-03-05 16:18
LAB730665,ENC112973,PT11004,CREAT,Creatinine,1,mg/dL,0.6,1.3,N,STAT,2025-03-05 14:32,2025-03-05 14:50,2025-03-05 15:17
LAB730666,ENC112973,PT11004,WBC,White Blood Cell Count,9.6,K/uL,4.5,11,N,Routine,2025-03-05 14:30,2025-03-05 14:45,2025-03-05 19:07
LAB730667,ENC112973,PT11004,HGB,Hemoglobin,15.3,g/dL,12,17.5,N,STAT,2025-03-05 15:09,2025-03-05 15:15,2025-03-05 16:31
LAB730668,ENC112973,PT11004,NA,Sodium,130,mmol/L,136,145,L,Routine,2025-03-05 15:27,2025-03-05 15:35,2025-03-05 16:43
LAB730669,ENC112973,PT11004,K,Potassium,4.3,mmol/L,3.5,5.1,N,STAT,2025-03-05 15:13,2025-03-05 15:40,2025-03-05 17:02
LAB730670,ENC112975,PT10874,LDL,LDL Cholesterol,63,mg/dL,0,99,N,Routine,2025-03-05 14:44,2025-03-05 14:52,2025-03-06 21:59
LAB730671,ENC112976,PT13778,A1C,Hemoglobin A1c,5.2,%,4,5.6,N,Routine,2025-03-05 15:09,2025-03-05 15:32,2025-03-06 09:56
LAB730672,ENC112978,PT10395,LDL,LDL Cholesterol,108,mg/dL,0,99,H,Routine,2025-03-05 15:29,2025-03-05 15:46,2025-03-06 08:53
LAB730673,ENC112978,PT10395,A1C,Hemoglobin A1c,9.4,%,4,5.6,H,Routine,2025-03-05 15:13,2025-03-05 15:32,2025-03-05 22:35
LAB730674,ENC112979,PT12869,WBC,White Blood Cell Count,7.2,K/uL,4.5,11,N,Routine,2025-03-05 15:23,2025-03-05 15:34,2025-03-05 19:12
LAB730675,ENC112979,PT12869,HGB,Hemoglobin,15.4,g/dL,12,17.5,N,Routine,2025-03-05 15:20,2025-03-05 15:33,2025-03-05 17:43
LAB730676,ENC112979,PT12869,PLT,Platelet Count,173,K/uL,150,400,N,Routine,2025-03-05 15:23,2025-03-05 15:44,2025-03-05 18:10
LAB730677,ENC112982,PT10461,LDL,LDL Cholesterol,184,mg/dL,0,99,H,Routine,2025-03-05 15:41,2025-03-05 15:48,2025-03-05 23:53
LAB730678,ENC112982,PT10461,A1C,Hemoglobin A1c,5,%,4,5.6,N,Routine,2025-03-05 15:53,2025-03-05 16:11,2025-03-06 20:38
LAB730679,ENC112982,PT10461,TSH,Thyroid Stimulating Hormone,0.71,mIU/L,0.4,4,N,Routine,2025-03-05 15:53,2025-03-05 16:00,2025-03-06 00:28
LAB730680,ENC112984,PT11326,TROP,"Troponin I, High Sensitivity",40,ng/L,0,34,H,STAT,2025-03-05 16:37,2025-03-05 16:45,2025-03-05 17:20
LAB730681,ENC112984,PT11326,BNP,B-Type Natriuretic Peptide,178,pg/mL,0,100,H,STAT,2025-03-05 17:14,2025-03-05 17:26,2025-03-05 17:47
LAB730682,ENC112987,PT10328,GLU,Glucose,150,mg/dL,70,99,H,Routine,2025-03-05 17:33,2025-03-05 17:45,2025-03-05 20:20
LAB730683,ENC112987,PT10328,CREAT,Creatinine,1.14,mg/dL,0.6,1.3,N,STAT,2025-03-05 17:39,2025-03-05 17:53,2025-03-05 18:37
LAB730684,ENC112987,PT10328,WBC,White Blood Cell Count,7,K/uL,4.5,11,N,Routine,2025-03-05 18:02,2025-03-05 18:22,2025-03-05 21:09
LAB730685,ENC112987,PT10328,HGB,Hemoglobin,10,g/dL,12,17.5,L,STAT,2025-03-05 18:10,2025-03-05 18:43,2025-03-05 19:40
LAB730686,ENC112989,PT12880,GLU,Glucose,86,mg/dL,70,99,N,Routine,2025-03-05 19:36,2025-03-05 19:46,2025-03-05 22:17
LAB730687,ENC112989,PT12880,CREAT,Creatinine,1.08,mg/dL,0.6,1.3,N,STAT,2025-03-05 19:16,2025-03-05 19:49,2025-03-05 20:34
LAB730688,ENC112989,PT12880,WBC,White Blood Cell Count,7.4,K/uL,4.5,11,N,STAT,2025-03-05 19:52,2025-03-05 20:24,2025-03-05 20:53
LAB730689,ENC112989,PT12880,HGB,Hemoglobin,15.7,g/dL,12,17.5,N,STAT,2025-03-05 19:58,2025-03-05 20:09,2025-03-05 21:00
LAB730690,ENC112990,PT13551,GLU,Glucose,152,mg/dL,70,99,H,Routine,2025-03-05 23:00,2025-03-05 23:28,2025-03-06 04:27
LAB730691,ENC112990,PT13551,CREAT,Creatinine,2.01,mg/dL,0.6,1.3,H,Routine,2025-03-05 22:11,2025-03-05 22:30,2025-03-05 23:33
LAB730692,ENC112990,PT13551,WBC,White Blood Cell Count,23.2,K/uL,4.5,11,H,STAT,2025-03-05 22:17,2025-03-05 22:40,2025-03-05 23:58
LAB730693,ENC112990,PT13551,HGB,Hemoglobin,12.6,g/dL,12,17.5,N,Routine,2025-03-05 22:00,2025-03-05 22:28,2025-03-05 23:58
LAB730694,ENC112990,PT13551,LACT,Lactate,5.5,mmol/L,0.5,2,HH,STAT,2025-03-05 22:27,2025-03-05 22:49,2025-03-05 23:17
LAB730695,ENC112991,PT13671,GLU,Glucose,84,mg/dL,70,99,N,STAT,2025-03-05 20:24,2025-03-05 20:53,2025-03-05 22:12
LAB730696,ENC112991,PT13671,CREAT,Creatinine,1.09,mg/dL,0.6,1.3,N,STAT,2025-03-05 20:06,2025-03-05 20:18,2025-03-05 21:02
LAB730697,ENC112991,PT13671,WBC,White Blood Cell Count,8,K/uL,4.5,11,N,STAT,2025-03-05 20:27,2025-03-05 20:47,2025-03-05 21:35
LAB730698,ENC112991,PT13671,HGB,Hemoglobin,16.4,g/dL,12,17.5,N,Routine,2025-03-05 20:45,2025-03-05 21:06,2025-03-06 02:27
LAB730699,ENC112994,PT10013,GLU,Glucose,101,mg/dL,70,99,H,STAT,2025-03-06 01:40,2025-03-06 01:49,2025-03-06 02:36
LAB730700,ENC112994,PT10013,CREAT,Creatinine,0.76,mg/dL,0.6,1.3,N,STAT,2025-03-06 01:11,2025-03-06 01:42,2025-03-06 02:38
LAB730701,ENC112994,PT10013,WBC,White Blood Cell Count,10.1,K/uL,4.5,11,N,STAT,2025-03-06 01:43,2025-03-06 01:47,2025-03-06 02:59
LAB730702,ENC112994,PT10013,HGB,Hemoglobin,15.1,g/dL,12,17.5,N,STAT,2025-03-06 01:12,2025-03-06 01:17,2025-03-06 02:03
LAB730703,ENC112994,PT10013,NA,Sodium,129,mmol/L,136,145,L,STAT,2025-03-06 01:01,2025-03-06 01:33,2025-03-06 02:00
LAB730704,ENC112994,PT10013,K,Potassium,4,mmol/L,3.5,5.1,N,STAT,2025-03-06 01:36,2025-03-06 01:40,2025-03-06 03:49
LAB730705,ENC112995,PT11774,GLU,Glucose,115,mg/dL,70,99,H,Routine,2025-03-06 03:08,2025-03-06 03:34,2025-03-06 08:36
LAB730706,ENC112995,PT11774,CREAT,Creatinine,1.03,mg/dL,0.6,1.3,N,Routine,2025-03-06 03:17,2025-03-06 03:30,2025-03-06 07:50
LAB730707,ENC112995,PT11774,WBC,White Blood Cell Count,8.8,K/uL,4.5,11,N,STAT,2025-03-06 02:51,2025-03-06 03:11,2025-03-06 04:08
LAB730708,ENC112995,PT11774,HGB,Hemoglobin,13.4,g/dL,12,17.5,N,Routine,2025-03-06 03:40,2025-03-06 03:50,2025-03-06 06:16
LAB730709,ENC112995,PT11774,NA,Sodium,138,mmol/L,136,145,N,STAT,2025-03-06 03:34,2025-03-06 04:00,2025-03-06 04:41
LAB730710,ENC112995,PT11774,K,Potassium,4,mmol/L,3.5,5.1,N,STAT,2025-03-06 03:09,2025-03-06 03:43,2025-03-06 04:38
LAB730711,ENC112996,PT10536,GLU,Glucose,114,mg/dL,70,99,H,STAT,2025-03-06 01:02,2025-03-06 01:13,2025-03-06 02:35
LAB730712,ENC112996,PT10536,CREAT,Creatinine,0.85,mg/dL,0.6,1.3,N,STAT,2025-03-06 01:19,2025-03-06 01:38,2025-03-06 02:16
LAB730713,ENC112996,PT10536,WBC,White Blood Cell Count,13.3,K/uL,4.5,11,H,STAT,2025-03-06 01:38,2025-03-06 02:07,2025-03-06 02:49
LAB730714,ENC112996,PT10536,HGB,Hemoglobin,16,g/dL,12,17.5,N,Routine,2025-03-06 01:51,2025-03-06 02:13,2025-03-06 04:57
LAB730715,ENC112997,PT10425,GLU,Glucose,108,mg/dL,70,99,H,STAT,2025-03-06 05:50,2025-03-06 06:23,2025-03-06 07:13
LAB730716,ENC112997,PT10425,CREAT,Creatinine,1.1,mg/dL,0.6,1.3,N,STAT,2025-03-06 05:51,2025-03-06 06:22,2025-03-06 07:16
LAB730717,ENC112997,PT10425,WBC,White Blood Cell Count,9.9,K/uL,4.5,11,N,STAT,2025-03-06 05:30,2025-03-06 06:05,2025-03-06 06:58
LAB730718,ENC112998,PT12300,GLU,Glucose,105,mg/dL,70,99,H,STAT,2025-03-06 07:07,2025-03-06 07:23,2025-03-06 07:52
LAB730719,ENC112998,PT12300,CREAT,Creatinine,0.86,mg/dL,0.6,1.3,N,Routine,2025-03-06 07:14,2025-03-06 07:40,2025-03-06 10:31
LAB730720,ENC112998,PT12300,WBC,White Blood Cell Count,23.5,K/uL,4.5,11,H,STAT,2025-03-06 06:50,2025-03-06 07:18,2025-03-06 07:53
LAB730721,ENC112998,PT12300,HGB,Hemoglobin,13.3,g/dL,12,17.5,N,STAT,2025-03-06 07:45,2025-03-06 08:02,2025-03-06 08:19
LAB730722,ENC113002,PT11125,GLU,Glucose,90,mg/dL,70,99,N,Routine,2025-03-06 09:59,2025-03-06 10:12,2025-03-06 12:34
LAB730723,ENC113002,PT11125,CREAT,Creatinine,1.24,mg/dL,0.6,1.3,N,STAT,2025-03-06 10:15,2025-03-06 10:36,2025-03-06 11:08
LAB730724,ENC113002,PT11125,WBC,White Blood Cell Count,9.9,K/uL,4.5,11,N,STAT,2025-03-06 09:53,2025-03-06 10:02,2025-03-06 10:44
LAB730725,ENC113002,PT11125,HGB,Hemoglobin,11,g/dL,12,17.5,L,Routine,2025-03-06 09:51,2025-03-06 10:26,2025-03-06 14:09
LAB730726,ENC113003,PT12512,GLU,Glucose,99,mg/dL,70,99,N,STAT,2025-03-06 12:31,2025-03-06 12:52,2025-03-06 13:42
LAB730727,ENC113003,PT12512,CREAT,Creatinine,0.93,mg/dL,0.6,1.3,N,STAT,2025-03-06 12:43,2025-03-06 13:13,2025-03-06 13:53
LAB730728,ENC113003,PT12512,WBC,White Blood Cell Count,8.1,K/uL,4.5,11,N,STAT,2025-03-06 12:17,2025-03-06 12:41,2025-03-06 13:07
LAB730729,ENC113003,PT12512,HGB,Hemoglobin,15.1,g/dL,12,17.5,N,STAT,2025-03-06 12:27,2025-03-06 12:33,2025-03-06 13:27
LAB730730,ENC113004,PT11694,GLU,Glucose,149,mg/dL,70,99,H,Routine,2025-03-06 12:32,2025-03-06 13:07,2025-03-06 20:52
LAB730731,ENC113004,PT11694,CREAT,Creatinine,0.92,mg/dL,0.6,1.3,N,Routine,2025-03-06 11:50,2025-03-06 12:02,2025-03-06 18:00
LAB730732,ENC113004,PT11694,WBC,White Blood Cell Count,16.9,K/uL,4.5,11,H,Routine,2025-03-06 12:40,2025-03-06 13:09,2025-03-06 15:46
LAB730733,ENC113004,PT11694,HGB,Hemoglobin,10.9,g/dL,12,17.5,L,Routine,2025-03-06 11:56,2025-03-06 12:18,2025-03-06 15:59
LAB730734,ENC113004,PT11694,LACT,Lactate,3.6,mmol/L,0.5,2,H,STAT,2025-03-06 12:08,2025-03-06 12:27,2025-03-06 13:08
LAB730735,ENC113005,PT10704,GLU,Glucose,92,mg/dL,70,99,N,STAT,2025-03-06 10:24,2025-03-06 10:46,2025-03-06 11:03
LAB730736,ENC113005,PT10704,CREAT,Creatinine,1.03,mg/dL,0.6,1.3,N,Routine,2025-03-06 11:13,2025-03-06 11:30,2025-03-06 16:17
LAB730737,ENC113005,PT10704,WBC,White Blood Cell Count,9.9,K/uL,4.5,11,N,Routine,2025-03-06 10:59,2025-03-06 11:31,2025-03-06 13:39
LAB730738,ENC113005,PT10704,HGB,Hemoglobin,13.9,g/dL,12,17.5,N,STAT,2025-03-06 10:38,2025-03-06 11:00,2025-03-06 12:13
LAB730739,ENC113005,PT10704,TROP,"Troponin I, High Sensitivity",8,ng/L,0,34,N,STAT,2025-03-06 11:09,2025-03-06 11:24,2025-03-06 11:59
LAB730740,ENC113006,PT11258,GLU,Glucose,112,mg/dL,70,99,H,Routine,2025-03-06 17:28,2025-03-06 17:55,2025-03-06 19:37
LAB730741,ENC113006,PT11258,CREAT,Creatinine,0.89,mg/dL,0.6,1.3,N,Routine,2025-03-06 17:18,2025-03-06 17:32,2025-03-06 19:40
LAB730742,ENC113006,PT11258,WBC,White Blood Cell Count,9.8,K/uL,4.5,11,N,STAT,2025-03-06 17:12,2025-03-06 17:38,2025-03-06 18:14
LAB730743,ENC113006,PT11258,HGB,Hemoglobin,13.5,g/dL,12,17.5,N,STAT,2025-03-06 17:09,2025-03-06 17:19,2025-03-06 18:43
LAB730744,ENC113006,PT11258,NA,Sodium,141,mmol/L,136,145,N,Routine,2025-03-06 17:28,2025-03-06 18:01,2025-03-06 23:41
LAB730745,ENC113006,PT11258,K,Potassium,4.6,mmol/L,3.5,5.1,N,STAT,2025-03-06 17:52,2025-03-06 18:09,2025-03-06 18:40
LAB730746,ENC113008,PT11470,LDL,LDL Cholesterol,94,mg/dL,0,99,N,Routine,2025-03-06 13:20,2025-03-06 13:30,2025-03-07 02:57
LAB730747,ENC113009,PT12057,WBC,White Blood Cell Count,5.5,K/uL,4.5,11,N,Routine,2025-03-06 13:24,2025-03-06 13:37,2025-03-06 20:27
LAB730748,ENC113009,PT12057,HGB,Hemoglobin,8,g/dL,12,17.5,L,Routine,2025-03-06 13:24,2025-03-06 13:51,2025-03-06 20:17
LAB730749,ENC113009,PT12057,PLT,Platelet Count,297,K/uL,150,400,N,Routine,2025-03-06 13:24,2025-03-06 13:57,2025-03-06 18:37
LAB730750,ENC113010,PT10002,WBC,White Blood Cell Count,9,K/uL,4.5,11,N,Routine,2025-03-06 13:20,2025-03-06 13:53,2025-03-06 18:35
LAB730751,ENC113010,PT10002,HGB,Hemoglobin,14.8,g/dL,12,17.5,N,Routine,2025-03-06 13:16,2025-03-06 13:35,2025-03-06 16:18
LAB730752,ENC113010,PT10002,PLT,Platelet Count,241,K/uL,150,400,N,Routine,2025-03-06 13:26,2025-03-06 13:32,2025-03-06 18:31
LAB730753,ENC113018,PT10807,A1C,Hemoglobin A1c,9.9,%,4,5.6,H,Routine,2025-03-06 16:45,2025-03-06 17:13,2025-03-07 11:32
LAB730754,ENC113018,PT10807,GLU,Glucose,308,mg/dL,70,99,H,Routine,2025-03-06 16:33,2025-03-06 16:38,2025-03-06 19:59
LAB730755,ENC113018,PT10807,CREAT,Creatinine,0.95,mg/dL,0.6,1.3,N,Routine,2025-03-06 16:43,2025-03-06 17:10,2025-03-06 20:50
LAB730756,ENC113019,PT11017,GLU,Glucose,90,mg/dL,70,99,N,STAT,2025-03-06 18:57,2025-03-06 19:26,2025-03-06 20:27
LAB730757,ENC113019,PT11017,CREAT,Creatinine,1.13,mg/dL,0.6,1.3,N,Routine,2025-03-06 19:38,2025-03-06 20:13,2025-03-06 22:15
LAB730758,ENC113019,PT11017,WBC,White Blood Cell Count,7.8,K/uL,4.5,11,N,STAT,2025-03-06 19:08,2025-03-06 19:20,2025-03-06 20:34
LAB730759,ENC113019,PT11017,HGB,Hemoglobin,17.5,g/dL,12,17.5,N,Routine,2025-03-06 19:30,2025-03-06 19:57,2025-03-06 21:49
LAB730760,ENC113020,PT11109,GLU,Glucose,103,mg/dL,70,99,H,Routine,2025-03-06 17:48,2025-03-06 17:59,2025-03-06 22:02
LAB730761,ENC113020,PT11109,CREAT,Creatinine,1.61,mg/dL,0.6,1.3,H,STAT,2025-03-06 17:17,2025-03-06 17:32,2025-03-06 18:23
LAB730762,ENC113020,PT11109,WBC,White Blood Cell Count,5.6,K/uL,4.5,11,N,STAT,2025-03-06 17:18,2025-03-06 17:52,2025-03-06 18:19
LAB730763,ENC113020,PT11109,TROP,"Troponin I, High Sensitivity",6,ng/L,0,34,N,STAT,2025-03-06 17:15,2025-03-06 17:36,2025-03-06 18:08
LAB730764,ENC113021,PT12005,GLU,Glucose,126,mg/dL,70,99,H,STAT,2025-03-06 18:53,2025-03-06 19:25,2025-03-06 21:03
LAB730765,ENC113021,PT12005,CREAT,Creatinine,1.08,mg/dL,0.6,1.3,N,Routine,2025-03-06 19:30,2025-03-06 19:56,2025-03-06 23:36
LAB730766,ENC113025,PT13331,GLU,Glucose,104,mg/dL,70,99,H,STAT,2025-03-07 00:32,2025-03-07 00:55,2025-03-07 02:27
LAB730767,ENC113025,PT13331,CREAT,Creatinine,0.9,mg/dL,0.6,1.3,N,STAT,2025-03-07 00:16,2025-03-07 00:50,2025-03-07 01:56
LAB730768,ENC113025,PT13331,WBC,White Blood Cell Count,6.7,K/uL,4.5,11,N,STAT,2025-03-07 01:01,2025-03-07 01:12,2025-03-07 01:53
LAB730769,ENC113025,PT13331,HGB,Hemoglobin,14.4,g/dL,12,17.5,N,Routine,2025-03-07 00:39,2025-03-07 00:58,2025-03-07 04:50
LAB730770,ENC113026,PT13584,GLU,Glucose,95,mg/dL,70,99,N,STAT,2025-03-07 06:43,2025-03-07 06:53,2025-03-07 07:24
LAB730771,ENC113026,PT13584,CREAT,Creatinine,0.92,mg/dL,0.6,1.3,N,STAT,2025-03-07 07:18,2025-03-07 07:31,2025-03-07 08:17
LAB730772,ENC113026,PT13584,WBC,White Blood Cell Count,5.7,K/uL,4.5,11,N,STAT,2025-03-07 07:14,2025-03-07 07:22,2025-03-07 08:20
LAB730773,ENC113026,PT13584,HGB,Hemoglobin,12.8,g/dL,12,17.5,N,STAT,2025-03-07 06:37,2025-03-07 07:07,2025-03-07 07:41
LAB730774,ENC113026,PT13584,NA,Sodium,137,mmol/L,136,145,N,STAT,2025-03-07 07:05,2025-03-07 07:30,2025-03-07 08:48
LAB730775,ENC113026,PT13584,K,Potassium,4.3,mmol/L,3.5,5.1,N,STAT,2025-03-07 07:21,2025-03-07 07:56,2025-03-07 08:49
LAB730776,ENC113027,PT12137,A1C,Hemoglobin A1c,9.4,%,4,5.6,H,Routine,2025-03-07 08:13,2025-03-07 08:17,2025-03-08 06:31
LAB730777,ENC113027,PT12137,GLU,Glucose,164,mg/dL,70,99,H,Routine,2025-03-07 08:09,2025-03-07 08:44,2025-03-07 09:36
LAB730778,ENC113027,PT12137,CREAT,Creatinine,1,mg/dL,0.6,1.3,N,Routine,2025-03-07 08:15,2025-03-07 08:41,2025-03-07 12:12
LAB730779,ENC113031,PT10630,WBC,White Blood Cell Count,8,K/uL,4.5,11,N,Routine,2025-03-07 09:58,2025-03-07 10:24,2025-03-07 14:17
LAB730780,ENC113031,PT10630,HGB,Hemoglobin,13.5,g/dL,12,17.5,N,Routine,2025-03-07 09:44,2025-03-07 10:18,2025-03-07 14:07
LAB730781,ENC113031,PT10630,PLT,Platelet Count,236,K/uL,150,400,N,Routine,2025-03-07 09:58,2025-03-07 10:13,2025-03-07 11:57
LAB730782,ENC113032,PT10780,GLU,Glucose,85,mg/dL,70,99,N,STAT,2025-03-07 12:53,2025-03-07 13:08,2025-03-07 13:49
LAB730783,ENC113032,PT10780,CREAT,Creatinine,1.56,mg/dL,0.6,1.3,H,STAT,2025-03-07 12:57,2025-03-07 13:26,2025-03-07 15:44
LAB730784,ENC113032,PT10780,WBC,White Blood Cell Count,4.9,K/uL,4.5,11,N,Routine,2025-03-07 13:23,2025-03-07 13:41,2025-03-07 17:35
LAB730785,ENC113032,PT10780,HGB,Hemoglobin,10.9,g/dL,12,17.5,L,STAT,2025-03-07 13:42,2025-03-07 14:01,2025-03-07 14:31
LAB730786,ENC113032,PT10780,NA,Sodium,140,mmol/L,136,145,N,STAT,2025-03-07 13:13,2025-03-07 13:20,2025-03-07 14:10
LAB730787,ENC113032,PT10780,K,Potassium,5,mmol/L,3.5,5.1,N,STAT,2025-03-07 13:41,2025-03-07 14:00,2025-03-07 14:35
LAB730788,ENC113032,PT10780,INR,Prothrombin Time INR,1,ratio,0.8,1.2,N,STAT,2025-03-07 13:31,2025-03-07 13:39,2025-03-07 14:11
LAB730789,ENC113036,PT12068,GLU,Glucose,83,mg/dL,70,99,N,STAT,2025-03-07 11:29,2025-03-07 11:39,2025-03-07 12:21
LAB730790,ENC113036,PT12068,CREAT,Creatinine,0.83,mg/dL,0.6,1.3,N,STAT,2025-03-07 12:00,2025-03-07 12:34,2025-03-07 13:23
LAB730791,ENC113036,PT12068,WBC,White Blood Cell Count,5.3,K/uL,4.5,11,N,STAT,2025-03-07 11:14,2025-03-07 11:42,2025-03-07 12:13
LAB730792,ENC113036,PT12068,HGB,Hemoglobin,10.7,g/dL,12,17.5,L,Routine,2025-03-07 11:07,2025-03-07 11:17,2025-03-07 14:00
LAB730793,ENC113036,PT12068,NA,Sodium,143,mmol/L,136,145,N,STAT,2025-03-07 12:12,2025-03-07 12:22,2025-03-07 12:46
LAB730794,ENC113036,PT12068,K,Potassium,4.1,mmol/L,3.5,5.1,N,STAT,2025-03-07 11:51,2025-03-07 12:01,2025-03-07 12:22
LAB730795,ENC113037,PT11478,GLU,Glucose,95,mg/dL,70,99,N,STAT,2025-03-07 13:57,2025-03-07 14:17,2025-03-07 15:31
LAB730796,ENC113037,PT11478,CREAT,Creatinine,0.87,mg/dL,0.6,1.3,N,STAT,2025-03-07 14:00,2025-03-07 14:12,2025-03-07 15:07
LAB730797,ENC113037,PT11478,WBC,White Blood Cell Count,7.5,K/uL,4.5,11,N,STAT,2025-03-07 13:23,2025-03-07 13:46,2025-03-07 14:28
LAB730798,ENC113037,PT11478,HGB,Hemoglobin,13,g/dL,12,17.5,N,Routine,2025-03-07 13:21,2025-03-07 13:36,2025-03-07 15:58
LAB730799,ENC113039,PT13751,A1C,Hemoglobin A1c,7.2,%,4,5.6,H,Routine,2025-03-07 12:02,2025-03-07 12:15,2025-03-08 08:29
LAB730800,ENC113044,PT10691,INR,Prothrombin Time INR,1,ratio,0.8,1.2,N,Routine,2025-03-07 14:09,2025-03-07 14:31,2025-03-07 18:39
LAB730801,ENC113046,PT11662,WBC,White Blood Cell Count,6.9,K/uL,4.5,11,N,Routine,2025-03-07 14:45,2025-03-07 14:52,2025-03-07 16:49
LAB730802,ENC113046,PT11662,HGB,Hemoglobin,15.3,g/dL,12,17.5,N,Routine,2025-03-07 14:46,2025-03-07 15:10,2025-03-07 21:58
LAB730803,ENC113046,PT11662,PLT,Platelet Count,204,K/uL,150,400,N,Routine,2025-03-07 14:50,2025-03-07 14:55,2025-03-07 20:39
LAB730804,ENC113047,PT10211,GLU,Glucose,121,mg/dL,70,99,H,STAT,2025-03-07 16:07,2025-03-07 16:25,2025-03-07 17:40
LAB730805,ENC113047,PT10211,CREAT,Creatinine,0.55,mg/dL,0.6,1.3,L,STAT,2025-03-07 15:17,2025-03-07 15:21,2025-03-07 16:01
LAB730806,ENC113047,PT10211,WBC,White Blood Cell Count,8.5,K/uL,4.5,11,N,STAT,2025-03-07 15:36,2025-03-07 15:41,2025-03-07 16:22
LAB730807,ENC113049,PT10033,GLU,Glucose,198,mg/dL,70,99,H,STAT,2025-03-07 17:26,2025-03-07 17:55,2025-03-07 18:18
LAB730808,ENC113049,PT10033,CREAT,Creatinine,2.21,mg/dL,0.6,1.3,H,STAT,2025-03-07 16:51,2025-03-07 17:24,2025-03-07 17:58
LAB730809,ENC113049,PT10033,WBC,White Blood Cell Count,14.4,K/uL,4.5,11,H,Routine,2025-03-07 16:44,2025-03-07 16:49,2025-03-07 18:55
LAB730810,ENC113049,PT10033,HGB,Hemoglobin,14.4,g/dL,12,17.5,N,Routine,2025-03-07 17:51,2025-03-07 18:21,2025-03-07 19:48
LAB730811,ENC113049,PT10033,LACT,Lactate,4.9,mmol/L,0.5,2,HH,STAT,2025-03-07 17:51,2025-03-07 18:19,2025-03-07 19:04
LAB730812,ENC113050,PT13554,GLU,Glucose,128,mg/dL,70,99,H,Routine,2025-03-07 21:46,2025-03-07 22:15,2025-03-08 01:04
LAB730813,ENC113050,PT13554,CREAT,Creatinine,0.65,mg/dL,0.6,1.3,N,Routine,2025-03-07 20:56,2025-03-07 21:19,2025-03-07 23:43
LAB730814,ENC113050,PT13554,WBC,White Blood Cell Count,7.3,K/uL,4.5,11,N,STAT,2025-03-07 21:14,2025-03-07 21:23,2025-03-07 22:08
LAB730815,ENC113050,PT13554,HGB,Hemoglobin,10.2,g/dL,12,17.5,L,STAT,2025-03-07 21:32,2025-03-07 21:54,2025-03-07 22:34
LAB730816,ENC113051,PT12735,GLU,Glucose,186,mg/dL,70,99,H,STAT,2025-03-07 22:04,2025-03-07 22:23,2025-03-07 22:37
LAB730817,ENC113051,PT12735,CREAT,Creatinine,0.79,mg/dL,0.6,1.3,N,STAT,2025-03-07 22:41,2025-03-07 22:55,2025-03-07 23:22
LAB730818,ENC113051,PT12735,WBC,White Blood Cell Count,8.7,K/uL,4.5,11,N,STAT,2025-03-07 22:24,2025-03-07 22:54,2025-03-07 23:41
LAB730819,ENC113051,PT12735,HGB,Hemoglobin,13.4,g/dL,12,17.5,N,Routine,2025-03-07 22:23,2025-03-07 22:34,2025-03-08 08:06
LAB730820,ENC113051,PT12735,NA,Sodium,132,mmol/L,136,145,L,STAT,2025-03-07 22:34,2025-03-07 22:44,2025-03-07 23:34
LAB730821,ENC113051,PT12735,K,Potassium,3.4,mmol/L,3.5,5.1,L,STAT,2025-03-07 22:11,2025-03-07 22:27,2025-03-07 23:10
LAB730822,ENC113052,PT12436,GLU,Glucose,104,mg/dL,70,99,H,STAT,2025-03-07 23:22,2025-03-07 23:36,2025-03-08 00:38
LAB730823,ENC113052,PT12436,CREAT,Creatinine,1.84,mg/dL,0.6,1.3,H,STAT,2025-03-07 22:51,2025-03-07 22:58,2025-03-08 00:13
LAB730824,ENC113052,PT12436,WBC,White Blood Cell Count,15,K/uL,4.5,11,H,Routine,2025-03-07 23:08,2025-03-07 23:33,2025-03-08 02:57
LAB730825,ENC113052,PT12436,HGB,Hemoglobin,10.4,g/dL,12,17.5,L,STAT,2025-03-07 22:57,2025-03-07 23:20,2025-03-08 00:08
LAB730826,ENC113053,PT12101,GLU,Glucose,127,mg/dL,70,99,H,Routine,2025-03-07 21:24,2025-03-07 21:41,2025-03-08 06:11
LAB730827,ENC113053,PT12101,CREAT,Creatinine,1.04,mg/dL,0.6,1.3,N,STAT,2025-03-07 21:13,2025-03-07 21:44,2025-03-07 22:25
LAB730828,ENC113053,PT12101,WBC,White Blood Cell Count,5.7,K/uL,4.5,11,N,STAT,2025-03-07 21:31,2025-03-07 21:59,2025-03-07 22:41
LAB730829,ENC113053,PT12101,TROP,"Troponin I, High Sensitivity",2,ng/L,0,34,N,STAT,2025-03-07 21:55,2025-03-07 22:28,2025-03-07 22:51
LAB730830,ENC113054,PT11058,GLU,Glucose,101,mg/dL,70,99,H,Routine,2025-03-07 21:32,2025-03-07 21:38,2025-03-08 02:08
LAB730831,ENC113054,PT11058,CREAT,Creatinine,0.93,mg/dL,0.6,1.3,N,Routine,2025-03-07 21:13,2025-03-07 21:34,2025-03-08 00:33
LAB730832,ENC113054,PT11058,WBC,White Blood Cell Count,13.4,K/uL,4.5,11,H,Routine,2025-03-07 21:51,2025-03-07 22:23,2025-03-08 01:16
LAB730833,ENC113054,PT11058,HGB,Hemoglobin,14.4,g/dL,12,17.5,N,STAT,2025-03-07 22:04,2025-03-07 22:12,2025-03-07 22:36
LAB730834,ENC113055,PT13418,GLU,Glucose,109,mg/dL,70,99,H,Routine,2025-03-08 01:15,2025-03-08 01:29,2025-03-08 05:20
LAB730835,ENC113055,PT13418,CREAT,Creatinine,0.58,mg/dL,0.6,1.3,L,Routine,2025-03-08 01:29,2025-03-08 01:35,2025-03-08 05:18
LAB730836,ENC113055,PT13418,WBC,White Blood Cell Count,15.8,K/uL,4.5,11,H,STAT,2025-03-08 01:27,2025-03-08 01:56,2025-03-08 02:31
LAB730837,ENC113055,PT13418,HGB,Hemoglobin,13.4,g/dL,12,17.5,N,Routine,2025-03-08 01:05,2025-03-08 01:27,2025-03-08 06:44
LAB730838,ENC113056,PT11180,GLU,Glucose,91,mg/dL,70,99,N,Routine,2025-03-08 01:20,2025-03-08 01:51,2025-03-08 03:04
LAB730839,ENC113056,PT11180,CREAT,Creatinine,0.77,mg/dL,0.6,1.3,N,STAT,2025-03-08 01:38,2025-03-08 01:58,2025-03-08 03:10
LAB730840,ENC113056,PT11180,WBC,White Blood Cell Count,9.4,K/uL,4.5,11,N,STAT,2025-03-08 02:05,2025-03-08 02:09,2025-03-08 03:37
LAB730841,ENC113056,PT11180,HGB,Hemoglobin,14.6,g/dL,12,17.5,N,Routine,2025-03-08 01:19,2025-03-08 01:24,2025-03-08 02:24
LAB730842,ENC113056,PT11180,NA,Sodium,139,mmol/L,136,145,N,Routine,2025-03-08 01:53,2025-03-08 01:57,2025-03-08 04:15
LAB730843,ENC113056,PT11180,K,Potassium,4.7,mmol/L,3.5,5.1,N,STAT,2025-03-08 01:37,2025-03-08 01:55,2025-03-08 02:20
LAB730844,ENC113057,PT12535,GLU,Glucose,179,mg/dL,70,99,H,STAT,2025-03-08 04:27,2025-03-08 04:44,2025-03-08 05:16
LAB730845,ENC113057,PT12535,CREAT,Creatinine,0.76,mg/dL,0.6,1.3,N,Routine,2025-03-08 04:23,2025-03-08 04:56,2025-03-08 07:50
LAB730846,ENC113057,PT12535,WBC,White Blood Cell Count,7.6,K/uL,4.5,11,N,STAT,2025-03-08 04:33,2025-03-08 04:48,2025-03-08 05:32
LAB730847,ENC113057,PT12535,HGB,Hemoglobin,9.4,g/dL,12,17.5,L,STAT,2025-03-08 05:11,2025-03-08 05:33,2025-03-08 06:00
LAB730848,ENC113057,PT12535,NA,Sodium,143,mmol/L,136,145,N,STAT,2025-03-08 04:31,2025-03-08 04:45,2025-03-08 05:19
LAB730849,ENC113057,PT12535,K,Potassium,4.2,mmol/L,3.5,5.1,N,STAT,2025-03-08 04:48,2025-03-08 05:16,2025-03-08 05:45
LAB730850,ENC113057,PT12535,INR,Prothrombin Time INR,1.1,ratio,0.8,1.2,N,STAT,2025-03-08 05:02,2025-03-08 05:35,2025-03-08 06:11
LAB730851,ENC113060,PT11236,GLU,Glucose,84,mg/dL,70,99,N,STAT,2025-03-08 09:39,2025-03-08 10:06,2025-03-08 11:52
LAB730852,ENC113060,PT11236,CREAT,Creatinine,0.97,mg/dL,0.6,1.3,N,STAT,2025-03-08 09:46,2025-03-08 09:56,2025-03-08 10:37
LAB730853,ENC113060,PT11236,WBC,White Blood Cell Count,5.5,K/uL,4.5,11,N,Routine,2025-03-08 10:16,2025-03-08 10:21,2025-03-08 12:55
LAB730854,ENC113060,PT11236,HGB,Hemoglobin,12.9,g/dL,12,17.5,N,STAT,2025-03-08 10:01,2025-03-08 10:28,2025-03-08 10:54
LAB730855,ENC113062,PT11564,GLU,Glucose,209,mg/dL,70,99,H,STAT,2025-03-08 12:42,2025-03-08 13:06,2025-03-08 13:40
LAB730856,ENC113062,PT11564,CREAT,Creatinine,2.49,mg/dL,0.6,1.3,H,STAT,2025-03-08 12:44,2025-03-08 12:59,2025-03-08 13:46
LAB730857,ENC113063,PT10733,GLU,Glucose,106,mg/dL,70,99,H,STAT,2025-03-08 12:49,2025-03-08 13:22,2025-03-08 13:52
LAB730858,ENC113063,PT10733,CREAT,Creatinine,0.79,mg/dL,0.6,1.3,N,Routine,2025-03-08 13:03,2025-03-08 13:23,2025-03-08 15:37
LAB730859,ENC113063,PT10733,WBC,White Blood Cell Count,7.8,K/uL,4.5,11,N,STAT,2025-03-08 12:12,2025-03-08 12:46,2025-03-08 13:35
LAB730860,ENC113063,PT10733,HGB,Hemoglobin,13.9,g/dL,12,17.5,N,STAT,2025-03-08 12:14,2025-03-08 12:24,2025-03-08 13:00
LAB730861,ENC113064,PT10544,GLU,Glucose,89,mg/dL,70,99,N,STAT,2025-03-08 17:02,2025-03-08 17:09,2025-03-08 17:37
LAB730862,ENC113064,PT10544,CREAT,Creatinine,1.05,mg/dL,0.6,1.3,N,STAT,2025-03-08 17:14,2025-03-08 17:32,2025-03-08 18:12
LAB730863,ENC113064,PT10544,WBC,White Blood Cell Count,7.1,K/uL,4.5,11,N,STAT,2025-03-08 16:53,2025-03-08 17:02,2025-03-08 17:24
LAB730864,ENC113064,PT10544,HGB,Hemoglobin,15,g/dL,12,17.5,N,Routine,2025-03-08 16:55,2025-03-08 17:27,2025-03-08 18:07
LAB730865,ENC113064,PT10544,NA,Sodium,139,mmol/L,136,145,N,Routine,2025-03-08 17:16,2025-03-08 17:24,2025-03-08 19:29
LAB730866,ENC113064,PT10544,K,Potassium,4.9,mmol/L,3.5,5.1,N,STAT,2025-03-08 16:36,2025-03-08 17:11,2025-03-08 18:27
LAB730867,ENC113065,PT12866,GLU,Glucose,116,mg/dL,70,99,H,STAT,2025-03-08 17:38,2025-03-08 17:51,2025-03-08 19:04
LAB730868,ENC113065,PT12866,CREAT,Creatinine,1.02,mg/dL,0.6,1.3,N,STAT,2025-03-08 17:39,2025-03-08 18:10,2025-03-08 18:53
LAB730869,ENC113065,PT12866,WBC,White Blood Cell Count,14.6,K/uL,4.5,11,H,STAT,2025-03-08 17:55,2025-03-08 18:20,2025-03-08 18:37
LAB730870,ENC113065,PT12866,HGB,Hemoglobin,15,g/dL,12,17.5,N,Routine,2025-03-08 18:26,2025-03-08 18:56,2025-03-08 22:18
LAB730871,ENC113066,PT12273,GLU,Glucose,118,mg/dL,70,99,H,STAT,2025-03-08 19:37,2025-03-08 19:47,2025-03-08 21:19
LAB730872,ENC113066,PT12273,CREAT,Creatinine,3.87,mg/dL,0.6,1.3,H,STAT,2025-03-08 19:21,2025-03-08 19:48,2025-03-08 22:15
LAB730873,ENC113066,PT12273,WBC,White Blood Cell Count,5,K/uL,4.5,11,N,STAT,2025-03-08 19:14,2025-03-08 19:43,2025-03-08 20:35
LAB730874,ENC113066,PT12273,HGB,Hemoglobin,11.5,g/dL,12,17.5,L,Routine,2025-03-08 19:50,2025-03-08 20:04,2025-03-08 23:38
LAB730875,ENC113066,PT12273,NA,Sodium,142,mmol/L,136,145,N,STAT,2025-03-08 19:48,2025-03-08 19:52,2025-03-08 20:48
LAB730876,ENC113066,PT12273,K,Potassium,5.6,mmol/L,3.5,5.1,H,STAT,2025-03-08 19:39,2025-03-08 20:00,2025-03-08 20:30
LAB730877,ENC113067,PT11353,TROP,"Troponin I, High Sensitivity",14,ng/L,0,34,N,STAT,2025-03-08 16:28,2025-03-08 16:52,2025-03-08 17:37
LAB730878,ENC113068,PT11764,GLU,Glucose,68,mg/dL,70,99,L,Routine,2025-03-08 17:32,2025-03-08 18:00,2025-03-08 21:07
LAB730879,ENC113068,PT11764,CREAT,Creatinine,0.9,mg/dL,0.6,1.3,N,Routine,2025-03-08 17:07,2025-03-08 17:16,2025-03-08 20:34
LAB730880,ENC113068,PT11764,WBC,White Blood Cell Count,13,K/uL,4.5,11,H,STAT,2025-03-08 17:14,2025-03-08 17:21,2025-03-08 18:36
LAB730881,ENC113068,PT11764,HGB,Hemoglobin,13.1,g/dL,12,17.5,N,STAT,2025-03-08 17:27,2025-03-08 17:39,2025-03-08 18:10
LAB730882,ENC113069,PT12664,GLU,Glucose,93,mg/dL,70,99,N,STAT,2025-03-08 19:15,2025-03-08 19:36,2025-03-08 20:05
LAB730883,ENC113069,PT12664,CREAT,Creatinine,0.39,mg/dL,0.6,1.3,L,STAT,2025-03-08 18:36,2025-03-08 19:08,2025-03-08 19:52
LAB730884,ENC113069,PT12664,WBC,White Blood Cell Count,4.8,K/uL,4.5,11,N,STAT,2025-03-08 19:00,2025-03-08 19:26,2025-03-08 20:24
LAB730885,ENC113069,PT12664,HGB,Hemoglobin,14.3,g/dL,12,17.5,N,Routine,2025-03-08 19:31,2025-03-08 19:41,2025-03-09 04:43
LAB730886,ENC113070,PT11308,GLU,Glucose,313,mg/dL,70,99,H,STAT,2025-03-08 22:53,2025-03-08 23:10,2025-03-08 23:43
LAB730887,ENC113070,PT11308,CREAT,Creatinine,0.92,mg/dL,0.6,1.3,N,Routine,2025-03-08 23:16,2025-03-08 23:41,2025-03-09 03:17
LAB730888,ENC113070,PT11308,WBC,White Blood Cell Count,7.6,K/uL,4.5,11,N,STAT,2025-03-08 23:17,2025-03-08 23:36,2025-03-09 00:28
LAB730889,ENC113070,PT11308,HGB,Hemoglobin,11.5,g/dL,12,17.5,L,STAT,2025-03-08 22:43,2025-03-08 22:59,2025-03-08 23:57
LAB730890,ENC113070,PT11308,NA,Sodium,140,mmol/L,136,145,N,Routine,2025-03-08 22:36,2025-03-08 23:06,2025-03-09 00:55
LAB730891,ENC113070,PT11308,K,Potassium,4.2,mmol/L,3.5,5.1,N,STAT,2025-03-08 23:06,2025-03-08 23:12,2025-03-08 23:41
LAB730892,ENC113070,PT11308,A1C,Hemoglobin A1c,9,%,4,5.6,H,Routine,2025-03-08 23:01,2025-03-08 23:20,2025-03-09 10:03
LAB730893,ENC113071,PT12007,GLU,Glucose,219,mg/dL,70,99,H,STAT,2025-03-08 22:54,2025-03-08 23:08,2025-03-08 23:46
LAB730894,ENC113071,PT12007,CREAT,Creatinine,1.07,mg/dL,0.6,1.3,N,Routine,2025-03-08 23:22,2025-03-08 23:51,2025-03-09 04:19
LAB730895,ENC113071,PT12007,WBC,White Blood Cell Count,4.3,K/uL,4.5,11,L,STAT,2025-03-08 23:15,2025-03-08 23:46,2025-03-09 00:35
LAB730896,ENC113071,PT12007,HGB,Hemoglobin,14.1,g/dL,12,17.5,N,Routine,2025-03-08 23:45,2025-03-09 00:03,2025-03-09 01:36
LAB730897,ENC113071,PT12007,INR,Prothrombin Time INR,1.1,ratio,0.8,1.2,N,Routine,2025-03-08 23:19,2025-03-08 23:26,2025-03-09 01:47
LAB730898,ENC113072,PT10638,GLU,Glucose,80,mg/dL,70,99,N,STAT,2025-03-08 21:28,2025-03-08 21:40,2025-03-08 22:19
LAB730899,ENC113072,PT10638,CREAT,Creatinine,0.73,mg/dL,0.6,1.3,N,STAT,2025-03-08 21:24,2025-03-08 21:44,2025-03-08 22:05
LAB730900,ENC113073,PT13903,GLU,Glucose,228,mg/dL,70,99,H,Routine,2025-03-09 01:38,2025-03-09 02:05,2025-03-09 05:23
LAB730901,ENC113073,PT13903,CREAT,Creatinine,0.85,mg/dL,0.6,1.3,N,STAT,2025-03-09 00:43,2025-03-09 01:12,2025-03-09 01:46
LAB730902,ENC113073,PT13903,WBC,White Blood Cell Count,15.3,K/uL,4.5,11,H,STAT,2025-03-09 01:02,2025-03-09 01:22,2025-03-09 01:51
LAB730903,ENC113073,PT13903,HGB,Hemoglobin,13.4,g/dL,12,17.5,N,STAT,2025-03-09 01:30,2025-03-09 02:02,2025-03-09 02:54
LAB730904,ENC113073,PT13903,NA,Sodium,141,mmol/L,136,145,N,Routine,2025-03-09 01:16,2025-03-09 01:24,2025-03-09 03:02
LAB730905,ENC113073,PT13903,K,Potassium,4,mmol/L,3.5,5.1,N,STAT,2025-03-09 01:14,2025-03-09 01:37,2025-03-09 02:17
LAB730906,ENC113073,PT13903,BUN,Blood Urea Nitrogen,16,mg/dL,7,20,N,Routine,2025-03-09 01:25,2025-03-09 01:37,2025-03-09 02:41
LAB730907,ENC113073,PT13903,PLT,Platelet Count,146,K/uL,150,400,L,Routine,2025-03-09 01:08,2025-03-09 01:19,2025-03-09 04:08
LAB730908,ENC113075,PT10740,GLU,Glucose,139,mg/dL,70,99,H,Routine,2025-03-09 02:42,2025-03-09 03:09,2025-03-09 10:29
LAB730909,ENC113075,PT10740,CREAT,Creatinine,2.53,mg/dL,0.6,1.3,H,STAT,2025-03-09 03:17,2025-03-09 03:50,2025-03-09 04:32
LAB730910,ENC113075,PT10740,WBC,White Blood Cell Count,6.8,K/uL,4.5,11,N,STAT,2025-03-09 02:53,2025-03-09 03:18,2025-03-09 04:08
LAB730911,ENC113075,PT10740,HGB,Hemoglobin,11.8,g/dL,12,17.5,L,STAT,2025-03-09 02:23,2025-03-09 02:49,2025-03-09 03:35
LAB730912,ENC113077,PT10722,GLU,Glucose,407,mg/dL,70,99,H,STAT,2025-03-09 01:11,2025-03-09 01:15,2025-03-09 01:45
LAB730913,ENC113077,PT10722,CREAT,Creatinine,0.64,mg/dL,0.6,1.3,N,Routine,2025-03-09 00:39,2025-03-09 00:45,2025-03-09 03:13
LAB730914,ENC113077,PT10722,WBC,White Blood Cell Count,8.3,K/uL,4.5,11,N,STAT,2025-03-09 01:41,2025-03-09 02:01,2025-03-09 02:33
LAB730915,ENC113077,PT10722,HGB,Hemoglobin,14,g/dL,12,17.5,N,STAT,2025-03-09 01:09,2025-03-09 01:14,2025-03-09 02:11
LAB730916,ENC113077,PT10722,NA,Sodium,142,mmol/L,136,145,N,STAT,2025-03-09 01:34,2025-03-09 01:53,2025-03-09 02:26
LAB730917,ENC113077,PT10722,K,Potassium,4.4,mmol/L,3.5,5.1,N,STAT,2025-03-09 01:25,2025-03-09 01:41,2025-03-09 02:08
LAB730918,ENC113077,PT10722,A1C,Hemoglobin A1c,10.5,%,4,5.6,H,Routine,2025-03-09 01:06,2025-03-09 01:14,2025-03-09 10:22
LAB730919,ENC113079,PT10416,GLU,Glucose,93,mg/dL,70,99,N,STAT,2025-03-09 04:17,2025-03-09 04:41,2025-03-09 05:28
LAB730920,ENC113079,PT10416,CREAT,Creatinine,0.87,mg/dL,0.6,1.3,N,STAT,2025-03-09 03:31,2025-03-09 03:55,2025-03-09 04:45
LAB730921,ENC113079,PT10416,WBC,White Blood Cell Count,11.6,K/uL,4.5,11,H,STAT,2025-03-09 03:45,2025-03-09 03:53,2025-03-09 04:32
LAB730922,ENC113079,PT10416,HGB,Hemoglobin,14.2,g/dL,12,17.5,N,STAT,2025-03-09 04:11,2025-03-09 04:42,2025-03-09 05:16
LAB730923,ENC113081,PT13745,GLU,Glucose,223,mg/dL,70,99,H,STAT,2025-03-09 17:01,2025-03-09 17:23,2025-03-09 18:46
LAB730924,ENC113081,PT13745,CREAT,Creatinine,0.65,mg/dL,0.6,1.3,N,STAT,2025-03-09 16:42,2025-03-09 16:50,2025-03-09 17:39
LAB730925,ENC113081,PT13745,WBC,White Blood Cell Count,11.5,K/uL,4.5,11,H,Routine,2025-03-09 17:02,2025-03-09 17:24,2025-03-09 21:27
LAB730926,ENC113081,PT13745,HGB,Hemoglobin,14.1,g/dL,12,17.5,N,Routine,2025-03-09 16:53,2025-03-09 17:13,2025-03-09 21:01
LAB730927,ENC113082,PT11826,GLU,Glucose,175,mg/dL,70,99,H,Routine,2025-03-09 15:19,2025-03-09 15:26,2025-03-09 22:23
LAB730928,ENC113082,PT11826,CREAT,Creatinine,0.9,mg/dL,0.6,1.3,N,STAT,2025-03-09 15:58,2025-03-09 16:21,2025-03-09 17:11
LAB730929,ENC113082,PT11826,WBC,White Blood Cell Count,6.7,K/uL,4.5,11,N,Routine,2025-03-09 15:34,2025-03-09 15:55,2025-03-09 20:01
LAB730930,ENC113082,PT11826,HGB,Hemoglobin,13.1,g/dL,12,17.5,N,STAT,2025-03-09 15:24,2025-03-09 15:46,2025-03-09 16:22
LAB730931,ENC113084,PT12169,GLU,Glucose,94,mg/dL,70,99,N,STAT,2025-03-09 15:49,2025-03-09 16:23,2025-03-09 16:57
LAB730932,ENC113084,PT12169,CREAT,Creatinine,0.84,mg/dL,0.6,1.3,N,Routine,2025-03-09 16:41,2025-03-09 17:07,2025-03-09 19:56
LAB730933,ENC113084,PT12169,WBC,White Blood Cell Count,13.1,K/uL,4.5,11,H,Routine,2025-03-09 15:42,2025-03-09 15:59,2025-03-09 17:29
LAB730934,ENC113084,PT12169,HGB,Hemoglobin,10.9,g/dL,12,17.5,L,Routine,2025-03-09 16:35,2025-03-09 16:47,2025-03-09 19:01
LAB730935,ENC113088,PT13921,GLU,Glucose,98,mg/dL,70,99,N,Routine,2025-03-09 18:11,2025-03-09 18:39,2025-03-09 20:25
LAB730936,ENC113088,PT13921,CREAT,Creatinine,0.73,mg/dL,0.6,1.3,N,STAT,2025-03-09 18:30,2025-03-09 18:55,2025-03-09 19:42
LAB730937,ENC113088,PT13921,WBC,White Blood Cell Count,6.8,K/uL,4.5,11,N,Routine,2025-03-09 18:22,2025-03-09 18:38,2025-03-09 19:47
LAB730938,ENC113088,PT13921,HGB,Hemoglobin,12.2,g/dL,12,17.5,N,STAT,2025-03-09 17:27,2025-03-09 17:55,2025-03-09 19:19
LAB730939,ENC113088,PT13921,NA,Sodium,138,mmol/L,136,145,N,STAT,2025-03-09 18:22,2025-03-09 18:26,2025-03-09 18:59
LAB730940,ENC113088,PT13921,K,Potassium,4.4,mmol/L,3.5,5.1,N,STAT,2025-03-09 18:18,2025-03-09 18:23,2025-03-09 18:53
LAB730941,ENC113089,PT10429,GLU,Glucose,111,mg/dL,70,99,H,STAT,2025-03-09 15:37,2025-03-09 15:59,2025-03-09 17:54
LAB730942,ENC113089,PT10429,CREAT,Creatinine,1.52,mg/dL,0.6,1.3,H,Routine,2025-03-09 15:14,2025-03-09 15:18,2025-03-09 17:46
LAB730943,ENC113089,PT10429,WBC,White Blood Cell Count,22.4,K/uL,4.5,11,H,STAT,2025-03-09 15:08,2025-03-09 15:22,2025-03-09 16:03
LAB730944,ENC113089,PT10429,HGB,Hemoglobin,16.3,g/dL,12,17.5,N,Routine,2025-03-09 15:40,2025-03-09 16:03,2025-03-09 19:48
LAB730945,ENC113089,PT10429,LACT,Lactate,3.3,mmol/L,0.5,2,H,STAT,2025-03-09 15:40,2025-03-09 15:49,2025-03-09 17:56
LAB730946,ENC113090,PT11863,GLU,Glucose,189,mg/dL,70,99,H,STAT,2025-03-09 19:38,2025-03-09 20:08,2025-03-09 20:50
LAB730947,ENC113090,PT11863,CREAT,Creatinine,0.74,mg/dL,0.6,1.3,N,STAT,2025-03-09 18:48,2025-03-09 19:11,2025-03-09 19:34
LAB730948,ENC113090,PT11863,WBC,White Blood Cell Count,9.4,K/uL,4.5,11,N,STAT,2025-03-09 18:47,2025-03-09 19:09,2025-03-09 19:48
LAB730949,ENC113090,PT11863,HGB,Hemoglobin,14.2,g/dL,12,17.5,N,Routine,2025-03-09 19:34,2025-03-09 19:39,2025-03-09 21:56
LAB730950,ENC113090,PT11863,NA,Sodium,141,mmol/L,136,145,N,STAT,2025-03-09 18:46,2025-03-09 18:54,2025-03-09 19:28
LAB730951,ENC113090,PT11863,K,Potassium,4.4,mmol/L,3.5,5.1,N,STAT,2025-03-09 19:10,2025-03-09 19:34,2025-03-09 19:59
LAB730952,ENC113090,PT11863,LACT,Lactate,2.2,mmol/L,0.5,2,H,STAT,2025-03-09 19:09,2025-03-09 19:17,2025-03-09 19:53
LAB730953,ENC113091,PT10966,GLU,Glucose,119,mg/dL,70,99,H,STAT,2025-03-09 15:30,2025-03-09 15:48,2025-03-09 16:17
LAB730954,ENC113091,PT10966,CREAT,Creatinine,0.99,mg/dL,0.6,1.3,N,Routine,2025-03-09 15:27,2025-03-09 15:50,2025-03-09 17:54
LAB730955,ENC113091,PT10966,WBC,White Blood Cell Count,6,K/uL,4.5,11,N,Routine,2025-03-09 16:09,2025-03-09 16:27,2025-03-09 18:50
LAB730956,ENC113091,PT10966,HGB,Hemoglobin,14.4,g/dL,12,17.5,N,STAT,2025-03-09 15:21,2025-03-09 15:43,2025-03-09 16:34
LAB730957,ENC113091,PT10966,TROP,"Troponin I, High Sensitivity",4,ng/L,0,34,N,STAT,2025-03-09 15:37,2025-03-09 16:04,2025-03-09 16:41
LAB730958,ENC113092,PT10103,GLU,Glucose,149,mg/dL,70,99,H,Routine,2025-03-09 16:14,2025-03-09 16:33,2025-03-09 20:48
LAB730959,ENC113092,PT10103,CREAT,Creatinine,0.59,mg/dL,0.6,1.3,L,STAT,2025-03-09 16:29,2025-03-09 16:40,2025-03-09 17:16
LAB730960,ENC113093,PT11633,GLU,Glucose,150,mg/dL,70,99,H,STAT,2025-03-09 20:09,2025-03-09 20:19,2025-03-09 21:12
LAB730961,ENC113093,PT11633,CREAT,Creatinine,0.57,mg/dL,0.6,1.3,L,Routine,2025-03-09 20:24,2025-03-09 20:40,2025-03-09 23:04
LAB730962,ENC113093,PT11633,WBC,White Blood Cell Count,15.2,K/uL,4.5,11,H,STAT,2025-03-09 19:35,2025-03-09 19:51,2025-03-09 20:30
LAB730963,ENC113093,PT11633,HGB,Hemoglobin,16.3,g/dL,12,17.5,N,Routine,2025-03-09 20:45,2025-03-09 21:14,2025-03-10 00:35
LAB730964,ENC113093,PT11633,LACT,Lactate,4.5,mmol/L,0.5,2,HH,STAT,2025-03-09 20:18,2025-03-09 20:40,2025-03-09 21:18
LAB730965,ENC113094,PT13086,GLU,Glucose,105,mg/dL,70,99,H,Routine,2025-03-09 19:50,2025-03-09 19:58,2025-03-09 23:19
LAB730966,ENC113094,PT13086,CREAT,Creatinine,0.8,mg/dL,0.6,1.3,N,STAT,2025-03-09 20:49,2025-03-09 20:57,2025-03-09 21:25
LAB730967,ENC113094,PT13086,WBC,White Blood Cell Count,17.7,K/uL,4.5,11,H,STAT,2025-03-09 19:47,2025-03-09 20:09,2025-03-09 21:43
LAB730968,ENC113094,PT13086,HGB,Hemoglobin,13.5,g/dL,12,17.5,N,Routine,2025-03-09 20:20,2025-03-09 20:37,2025-03-09 23:02
LAB730969,ENC113095,PT11082,GLU,Glucose,131,mg/dL,70,99,H,STAT,2025-03-09 19:49,2025-03-09 20:15,2025-03-09 21:17
LAB730970,ENC113095,PT11082,CREAT,Creatinine,1.87,mg/dL,0.6,1.3,H,Routine,2025-03-09 19:25,2025-03-09 19:57,2025-03-09 22:54
LAB730971,ENC113095,PT11082,WBC,White Blood Cell Count,23.3,K/uL,4.5,11,H,STAT,2025-03-09 19:24,2025-03-09 19:46,2025-03-09 20:23
LAB730972,ENC113095,PT11082,HGB,Hemoglobin,14.5,g/dL,12,17.5,N,STAT,2025-03-09 20:02,2025-03-09 20:30,2025-03-09 22:08
LAB730973,ENC113095,PT11082,LACT,Lactate,3.2,mmol/L,0.5,2,H,STAT,2025-03-09 19:42,2025-03-09 20:15,2025-03-09 21:24
LAB730974,ENC113096,PT13606,GLU,Glucose,104,mg/dL,70,99,H,STAT,2025-03-09 20:13,2025-03-09 20:20,2025-03-09 21:25
LAB730975,ENC113096,PT13606,CREAT,Creatinine,0.47,mg/dL,0.6,1.3,L,Routine,2025-03-09 20:14,2025-03-09 20:47,2025-03-10 00:14
LAB730976,ENC113096,PT13606,WBC,White Blood Cell Count,6.5,K/uL,4.5,11,N,STAT,2025-03-09 20:21,2025-03-09 20:43,2025-03-09 21:43
LAB730977,ENC113096,PT13606,HGB,Hemoglobin,15.5,g/dL,12,17.5,N,STAT,2025-03-09 19:45,2025-03-09 20:13,2025-03-09 20:48
LAB730978,ENC113098,PT10819,GLU,Glucose,129,mg/dL,70,99,H,Routine,2025-03-09 20:59,2025-03-09 21:06,2025-03-09 22:21
LAB730979,ENC113098,PT10819,CREAT,Creatinine,0.93,mg/dL,0.6,1.3,N,STAT,2025-03-09 21:36,2025-03-09 22:05,2025-03-09 22:44
LAB730980,ENC113098,PT10819,WBC,White Blood Cell Count,8.8,K/uL,4.5,11,N,STAT,2025-03-09 21:20,2025-03-09 21:28,2025-03-09 22:13
LAB730981,ENC113098,PT10819,HGB,Hemoglobin,15.1,g/dL,12,17.5,N,STAT,2025-03-09 21:21,2025-03-09 21:29,2025-03-09 22:59
LAB730982,ENC113099,PT11976,GLU,Glucose,132,mg/dL,70,99,H,STAT,2025-03-09 21:58,2025-03-09 22:03,2025-03-09 22:52
LAB730983,ENC113099,PT11976,CREAT,Creatinine,0.69,mg/dL,0.6,1.3,N,STAT,2025-03-09 21:47,2025-03-09 22:15,2025-03-09 23:07
LAB730984,ENC113101,PT10112,GLU,Glucose,106,mg/dL,70,99,H,STAT,2025-03-10 05:05,2025-03-10 05:28,2025-03-10 06:36
LAB730985,ENC113101,PT10112,CREAT,Creatinine,1.09,mg/dL,0.6,1.3,N,STAT,2025-03-10 05:08,2025-03-10 05:25,2025-03-10 06:15
LAB730986,ENC113101,PT10112,WBC,White Blood Cell Count,7.2,K/uL,4.5,11,N,Routine,2025-03-10 05:22,2025-03-10 05:32,2025-03-10 09:40
LAB730987,ENC113101,PT10112,TROP,"Troponin I, High Sensitivity",6,ng/L,0,34,N,STAT,2025-03-10 05:16,2025-03-10 05:46,2025-03-10 06:54
LAB730988,ENC113105,PT10757,LDL,LDL Cholesterol,102,mg/dL,0,99,H,Routine,2025-03-10 08:56,2025-03-10 09:14,2025-03-10 16:55
LAB730989,ENC113110,PT12524,A1C,Hemoglobin A1c,7.2,%,4,5.6,H,Routine,2025-03-10 10:39,2025-03-10 10:53,2025-03-11 00:36
LAB730990,ENC113110,PT12524,GLU,Glucose,281,mg/dL,70,99,H,Routine,2025-03-10 10:58,2025-03-10 11:17,2025-03-10 17:23
LAB730991,ENC113110,PT12524,CREAT,Creatinine,1,mg/dL,0.6,1.3,N,Routine,2025-03-10 10:53,2025-03-10 11:11,2025-03-10 14:19
LAB730992,ENC113111,PT12967,A1C,Hemoglobin A1c,5.1,%,4,5.6,N,Routine,2025-03-10 10:57,2025-03-10 11:14,2025-03-10 15:05
LAB730993,ENC113112,PT10089,A1C,Hemoglobin A1c,8.2,%,4,5.6,H,Routine,2025-03-10 11:59,2025-03-10 12:10,2025-03-10 22:09
LAB730994,ENC113112,PT10089,GLU,Glucose,182,mg/dL,70,99,H,Routine,2025-03-10 11:57,2025-03-10 12:18,2025-03-10 15:54
LAB730995,ENC113112,PT10089,CREAT,Creatinine,1.13,mg/dL,0.6,1.3,N,Routine,2025-03-10 11:54,2025-03-10 12:08,2025-03-10 17:25
LAB730996,ENC113114,PT11044,GLU,Glucose,75,mg/dL,70,99,N,STAT,2025-03-10 15:35,2025-03-10 15:47,2025-03-10 16:39
LAB730997,ENC113114,PT11044,CREAT,Creatinine,0.88,mg/dL,0.6,1.3,N,Routine,2025-03-10 16:09,2025-03-10 16:34,2025-03-10 18:46
LAB730998,ENC113114,PT11044,WBC,White Blood Cell Count,10.1,K/uL,4.5,11,N,STAT,2025-03-10 15:20,2025-03-10 15:35,2025-03-10 16:35
LAB730999,ENC113114,PT11044,HGB,Hemoglobin,13.5,g/dL,12,17.5,N,STAT,2025-03-10 15:52,2025-03-10 15:57,2025-03-10 16:40
LAB731000,ENC113116,PT10229,GLU,Glucose,92,mg/dL,70,99,N,STAT,2025-03-10 13:25,2025-03-10 13:56,2025-03-10 14:32
LAB731001,ENC113116,PT10229,CREAT,Creatinine,0.76,mg/dL,0.6,1.3,N,STAT,2025-03-10 13:25,2025-03-10 13:43,2025-03-10 15:11
LAB731002,ENC113116,PT10229,TROP,"Troponin I, High Sensitivity",11,ng/L,0,34,N,STAT,2025-03-10 13:35,2025-03-10 13:50,2025-03-10 14:32
LAB731003,ENC113117,PT11793,GLU,Glucose,89,mg/dL,70,99,N,STAT,2025-03-10 16:53,2025-03-10 17:08,2025-03-10 18:13
LAB731004,ENC113117,PT11793,CREAT,Creatinine,0.87,mg/dL,0.6,1.3,N,STAT,2025-03-10 17:35,2025-03-10 18:00,2025-03-10 18:30
LAB731005,ENC113117,PT11793,WBC,White Blood Cell Count,4.3,K/uL,4.5,11,L,STAT,2025-03-10 17:22,2025-03-10 17:55,2025-03-10 18:41
LAB731006,ENC113117,PT11793,HGB,Hemoglobin,12.9,g/dL,12,17.5,N,Routine,2025-03-10 17:24,2025-03-10 17:42,2025-03-10 19:04
LAB731007,ENC113119,PT12800,GLU,Glucose,117,mg/dL,70,99,H,STAT,2025-03-10 18:30,2025-03-10 18:49,2025-03-10 19:15
LAB731008,ENC113119,PT12800,CREAT,Creatinine,1.09,mg/dL,0.6,1.3,N,Routine,2025-03-10 18:21,2025-03-10 18:41,2025-03-10 21:41
LAB731009,ENC113119,PT12800,WBC,White Blood Cell Count,7.4,K/uL,4.5,11,N,STAT,2025-03-10 18:01,2025-03-10 18:21,2025-03-10 18:50
LAB731010,ENC113119,PT12800,HGB,Hemoglobin,14.5,g/dL,12,17.5,N,STAT,2025-03-10 18:21,2025-03-10 18:53,2025-03-10 19:59
LAB731011,ENC113119,PT12800,INR,Prothrombin Time INR,0.9,ratio,0.8,1.2,N,Routine,2025-03-10 17:59,2025-03-10 18:12,2025-03-10 19:50
LAB731012,ENC113120,PT11567,GLU,Glucose,104,mg/dL,70,99,H,Routine,2025-03-10 19:21,2025-03-10 19:43,2025-03-11 02:37
LAB731013,ENC113120,PT11567,CREAT,Creatinine,1.16,mg/dL,0.6,1.3,N,STAT,2025-03-10 19:02,2025-03-10 19:37,2025-03-10 20:42
LAB731014,ENC113120,PT11567,WBC,White Blood Cell Count,12.1,K/uL,4.5,11,H,STAT,2025-03-10 19:38,2025-03-10 19:54,2025-03-10 21:04
LAB731015,ENC113120,PT11567,HGB,Hemoglobin,14.7,g/dL,12,17.5,N,STAT,2025-03-10 19:10,2025-03-10 19:44,2025-03-10 20:16
LAB731016,ENC113120,PT11567,NA,Sodium,136,mmol/L,136,145,N,STAT,2025-03-10 19:31,2025-03-10 19:35,2025-03-10 20:57
LAB731017,ENC113120,PT11567,K,Potassium,3.4,mmol/L,3.5,5.1,L,STAT,2025-03-10 19:11,2025-03-10 19:46,2025-03-10 20:21
LAB731018,ENC113122,PT10517,GLU,Glucose,123,mg/dL,70,99,H,STAT,2025-03-10 16:35,2025-03-10 16:54,2025-03-10 17:45
LAB731019,ENC113122,PT10517,CREAT,Creatinine,0.85,mg/dL,0.6,1.3,N,STAT,2025-03-10 16:21,2025-03-10 16:44,2025-03-10 17:22
LAB731020,ENC113125,PT13885,GLU,Glucose,78,mg/dL,70,99,N,STAT,2025-03-10 19:36,2025-03-10 20:11,2025-03-10 21:21
LAB731021,ENC113125,PT13885,CREAT,Creatinine,1.12,mg/dL,0.6,1.3,N,STAT,2025-03-10 19:14,2025-03-10 19:34,2025-03-10 20:11
LAB731022,ENC113125,PT13885,WBC,White Blood Cell Count,7.4,K/uL,4.5,11,N,STAT,2025-03-10 18:44,2025-03-10 18:48,2025-03-10 19:36
LAB731023,ENC113125,PT13885,HGB,Hemoglobin,13.1,g/dL,12,17.5,N,STAT,2025-03-10 19:28,2025-03-10 20:00,2025-03-10 20:29
LAB731024,ENC113125,PT13885,TROP,"Troponin I, High Sensitivity",3,ng/L,0,34,N,STAT,2025-03-10 19:26,2025-03-10 19:41,2025-03-10 20:18
LAB731025,ENC113126,PT10738,GLU,Glucose,97,mg/dL,70,99,N,Routine,2025-03-10 16:13,2025-03-10 16:27,2025-03-10 22:24
LAB731026,ENC113126,PT10738,CREAT,Creatinine,0.76,mg/dL,0.6,1.3,N,STAT,2025-03-10 16:34,2025-03-10 17:01,2025-03-10 17:24
LAB731027,ENC113126,PT10738,WBC,White Blood Cell Count,7.6,K/uL,4.5,11,N,Routine,2025-03-10 16:55,2025-03-10 17:30,2025-03-10 21:25
LAB731028,ENC113126,PT10738,HGB,Hemoglobin,11.6,g/dL,12,17.5,L,STAT,2025-03-10 16:24,2025-03-10 16:30,2025-03-10 16:57
LAB731029,ENC113129,PT11571,GLU,Glucose,100,mg/dL,70,99,H,STAT,2025-03-10 18:57,2025-03-10 19:24,2025-03-10 20:03
LAB731030,ENC113129,PT11571,CREAT,Creatinine,0.79,mg/dL,0.6,1.3,N,STAT,2025-03-10 19:54,2025-03-10 20:08,2025-03-10 20:44
LAB731031,ENC113129,PT11571,WBC,White Blood Cell Count,6.9,K/uL,4.5,11,N,STAT,2025-03-10 18:59,2025-03-10 19:32,2025-03-10 20:12
LAB731032,ENC113129,PT11571,HGB,Hemoglobin,9.8,g/dL,12,17.5,L,Routine,2025-03-10 20:03,2025-03-10 20:30,2025-03-10 23:49
LAB731033,ENC113129,PT11571,NA,Sodium,138,mmol/L,136,145,N,STAT,2025-03-10 19:45,2025-03-10 20:04,2025-03-10 20:41
LAB731034,ENC113129,PT11571,K,Potassium,4.2,mmol/L,3.5,5.1,N,STAT,2025-03-10 19:00,2025-03-10 19:35,2025-03-10 20:55
LAB731035,ENC113129,PT11571,BUN,Blood Urea Nitrogen,19,mg/dL,7,20,N,Routine,2025-03-10 19:03,2025-03-10 19:12,2025-03-10 21:07
LAB731036,ENC113129,PT11571,PLT,Platelet Count,178,K/uL,150,400,N,STAT,2025-03-10 19:08,2025-03-10 19:32,2025-03-10 20:27
LAB731037,ENC113132,PT10913,GLU,Glucose,164,mg/dL,70,99,H,STAT,2025-03-10 20:38,2025-03-10 20:53,2025-03-10 21:29
LAB731038,ENC113132,PT10913,CREAT,Creatinine,1.12,mg/dL,0.6,1.3,N,Routine,2025-03-10 20:47,2025-03-10 21:04,2025-03-11 00:51
LAB731039,ENC113132,PT10913,WBC,White Blood Cell Count,4.1,K/uL,4.5,11,L,STAT,2025-03-10 20:27,2025-03-10 21:00,2025-03-10 22:00
LAB731040,ENC113132,PT10913,HGB,Hemoglobin,16.4,g/dL,12,17.5,N,STAT,2025-03-10 20:52,2025-03-10 21:13,2025-03-10 22:04
LAB731041,ENC113132,PT10913,NA,Sodium,134,mmol/L,136,145,L,STAT,2025-03-10 19:50,2025-03-10 19:59,2025-03-10 20:39
LAB731042,ENC113132,PT10913,K,Potassium,3.8,mmol/L,3.5,5.1,N,STAT,2025-03-10 20:31,2025-03-10 20:51,2025-03-10 21:28
LAB731043,ENC113132,PT10913,BUN,Blood Urea Nitrogen,22,mg/dL,7,20,H,STAT,2025-03-10 20:14,2025-03-10 20:31,2025-03-10 21:29
LAB731044,ENC113132,PT10913,PLT,Platelet Count,236,K/uL,150,400,N,Routine,2025-03-10 20:10,2025-03-10 20:22,2025-03-10 22:57
LAB731045,ENC113132,PT10913,TROP,"Troponin I, High Sensitivity",5,ng/L,0,34,N,STAT,2025-03-10 20:37,2025-03-10 21:05,2025-03-10 21:43
LAB731046,ENC113133,PT11264,GLU,Glucose,99,mg/dL,70,99,N,Routine,2025-03-10 23:55,2025-03-11 00:30,2025-03-11 02:10
LAB731047,ENC113133,PT11264,CREAT,Creatinine,0.76,mg/dL,0.6,1.3,N,Routine,2025-03-10 22:48,2025-03-10 23:02,2025-03-11 02:51
LAB731048,ENC113133,PT11264,WBC,White Blood Cell Count,9.4,K/uL,4.5,11,N,STAT,2025-03-10 23:28,2025-03-10 23:34,2025-03-11 00:29
LAB731049,ENC113133,PT11264,HGB,Hemoglobin,13.7,g/dL,12,17.5,N,STAT,2025-03-10 23:42,2025-03-11 00:14,2025-03-11 01:03
LAB731050,ENC113134,PT13435,GLU,Glucose,100,mg/dL,70,99,H,STAT,2025-03-10 23:52,2025-03-11 00:14,2025-03-11 00:51
LAB731051,ENC113134,PT13435,CREAT,Creatinine,0.78,mg/dL,0.6,1.3,N,Routine,2025-03-10 23:36,2025-03-10 23:49,2025-03-11 04:14
LAB731052,ENC113134,PT13435,WBC,White Blood Cell Count,16.7,K/uL,4.5,11,H,STAT,2025-03-11 00:07,2025-03-11 00:32,2025-03-11 01:05
LAB731053,ENC113134,PT13435,HGB,Hemoglobin,12.7,g/dL,12,17.5,N,Routine,2025-03-10 23:42,2025-03-10 23:48,2025-03-11 03:09
LAB731054,ENC113135,PT13701,GLU,Glucose,88,mg/dL,70,99,N,STAT,2025-03-10 20:00,2025-03-10 20:25,2025-03-10 21:00
LAB731055,ENC113135,PT13701,CREAT,Creatinine,0.72,mg/dL,0.6,1.3,N,STAT,2025-03-10 19:48,2025-03-10 20:04,2025-03-10 20:35
LAB731056,ENC113137,PT11635,GLU,Glucose,99,mg/dL,70,99,N,STAT,2025-03-10 20:30,2025-03-10 21:01,2025-03-10 21:20
LAB731057,ENC113137,PT11635,CREAT,Creatinine,0.68,mg/dL,0.6,1.3,N,STAT,2025-03-10 21:08,2025-03-10 21:13,2025-03-10 21:53
LAB731058,ENC113137,PT11635,WBC,White Blood Cell Count,6.1,K/uL,4.5,11,N,STAT,2025-03-10 21:12,2025-03-10 21:19,2025-03-10 22:23
LAB731059,ENC113137,PT11635,HGB,Hemoglobin,15.3,g/dL,12,17.5,N,STAT,2025-03-10 20:37,2025-03-10 20:58,2025-03-10 21:38
LAB731060,ENC113138,PT10540,GLU,Glucose,94,mg/dL,70,99,N,STAT,2025-03-10 21:38,2025-03-10 21:47,2025-03-10 22:28
LAB731061,ENC113138,PT10540,CREAT,Creatinine,1.09,mg/dL,0.6,1.3,N,STAT,2025-03-10 21:05,2025-03-10 21:14,2025-03-10 22:41
LAB731062,ENC113138,PT10540,WBC,White Blood Cell Count,6.2,K/uL,4.5,11,N,STAT,2025-03-10 20:44,2025-03-10 20:50,2025-03-10 21:48
LAB731063,ENC113141,PT13478,GLU,Glucose,112,mg/dL,70,99,H,Routine,2025-03-11 03:40,2025-03-11 04:12,2025-03-11 11:10
LAB731064,ENC113141,PT13478,CREAT,Creatinine,1.1,mg/dL,0.6,1.3,N,STAT,2025-03-11 03:15,2025-03-11 03:50,2025-03-11 05:01
LAB731065,ENC113141,PT13478,WBC,White Blood Cell Count,6.3,K/uL,4.5,11,N,STAT,2025-03-11 03:20,2025-03-11 03:42,2025-03-11 04:52
LAB731066,ENC113141,PT13478,HGB,Hemoglobin,13.5,g/dL,12,17.5,N,Routine,2025-03-11 03:43,2025-03-11 03:52,2025-03-11 06:31
LAB731067,ENC113142,PT12744,GLU,Glucose,95,mg/dL,70,99,N,Routine,2025-03-11 03:27,2025-03-11 03:33,2025-03-11 06:05
LAB731068,ENC113142,PT12744,CREAT,Creatinine,0.64,mg/dL,0.6,1.3,N,Routine,2025-03-11 02:37,2025-03-11 02:52,2025-03-11 05:53
LAB731069,ENC113142,PT12744,WBC,White Blood Cell Count,6.5,K/uL,4.5,11,N,Routine,2025-03-11 02:56,2025-03-11 03:15,2025-03-11 09:14
LAB731070,ENC113142,PT12744,HGB,Hemoglobin,9.5,g/dL,12,17.5,L,STAT,2025-03-11 03:04,2025-03-11 03:30,2025-03-11 04:32
LAB731071,ENC113142,PT12744,NA,Sodium,138,mmol/L,136,145,N,Routine,2025-03-11 03:05,2025-03-11 03:39,2025-03-11 11:35
LAB731072,ENC113142,PT12744,K,Potassium,4.2,mmol/L,3.5,5.1,N,STAT,2025-03-11 02:57,2025-03-11 03:04,2025-03-11 03:52
LAB731073,ENC113144,PT10502,LDL,LDL Cholesterol,128,mg/dL,0,99,H,Routine,2025-03-11 08:12,2025-03-11 08:35,2025-03-11 19:23
LAB731074,ENC113144,PT10502,A1C,Hemoglobin A1c,5.3,%,4,5.6,N,Routine,2025-03-11 08:14,2025-03-11 08:22,2025-03-12 14:34
LAB731075,ENC113144,PT10502,TSH,Thyroid Stimulating Hormone,2,mIU/L,0.4,4,N,Routine,2025-03-11 08:23,2025-03-11 08:50,2025-03-12 00:59
LAB731076,ENC113145,PT10948,INR,Prothrombin Time INR,0.9,ratio,0.8,1.2,N,Routine,2025-03-11 08:41,2025-03-11 09:04,2025-03-11 15:08
LAB731077,ENC113149,PT11487,GLU,Glucose,136,mg/dL,70,99,H,STAT,2025-03-11 10:41,2025-03-11 10:50,2025-03-11 11:40
LAB731078,ENC113149,PT11487,CREAT,Creatinine,2.4,mg/dL,0.6,1.3,H,Routine,2025-03-11 11:20,2025-03-11 11:29,2025-03-11 13:43
LAB731079,ENC113149,PT11487,WBC,White Blood Cell Count,2.5,K/uL,4.5,11,L,STAT,2025-03-11 11:24,2025-03-11 11:42,2025-03-11 12:18
LAB731080,ENC113149,PT11487,HGB,Hemoglobin,14.2,g/dL,12,17.5,N,STAT,2025-03-11 11:15,2025-03-11 11:37,2025-03-11 12:36
LAB731081,ENC113149,PT11487,LACT,Lactate,6.1,mmol/L,0.5,2,HH,STAT,2025-03-11 11:33,2025-03-11 11:52,2025-03-11 12:23
LAB731082,ENC113150,PT11504,GLU,Glucose,97,mg/dL,70,99,N,Routine,2025-03-11 10:32,2025-03-11 10:53,2025-03-11 13:11
LAB731083,ENC113150,PT11504,CREAT,Creatinine,0.98,mg/dL,0.6,1.3,N,Routine,2025-03-11 11:18,2025-03-11 11:48,2025-03-11 18:02
LAB731084,ENC113150,PT11504,WBC,White Blood Cell Count,7,K/uL,4.5,11,N,STAT,2025-03-11 11:18,2025-03-11 11:34,2025-03-11 12:11
LAB731085,ENC113150,PT11504,HGB,Hemoglobin,13,g/dL,12,17.5,N,Routine,2025-03-11 11:08,2025-03-11 11:31,2025-03-11 14:01
LAB731086,ENC113151,PT13815,GLU,Glucose,135,mg/dL,70,99,H,STAT,2025-03-11 15:14,2025-03-11 15:39,2025-03-11 16:38
LAB731087,ENC113151,PT13815,CREAT,Creatinine,0.88,mg/dL,0.6,1.3,N,Routine,2025-03-11 14:43,2025-03-11 14:50,2025-03-11 19:32
LAB731088,ENC113151,PT13815,WBC,White Blood Cell Count,7.7,K/uL,4.5,11,N,Routine,2025-03-11 15:00,2025-03-11 15:11,2025-03-11 16:22
LAB731089,ENC113151,PT13815,HGB,Hemoglobin,12.6,g/dL,12,17.5,N,STAT,2025-03-11 15:37,2025-03-11 16:00,2025-03-11 16:29
LAB731090,ENC113153,PT13804,GLU,Glucose,91,mg/dL,70,99,N,STAT,2025-03-11 11:04,2025-03-11 11:10,2025-03-11 12:44
LAB731091,ENC113153,PT13804,CREAT,Creatinine,0.86,mg/dL,0.6,1.3,N,STAT,2025-03-11 10:49,2025-03-11 11:04,2025-03-11 11:43
LAB731092,ENC113153,PT13804,WBC,White Blood Cell Count,6.9,K/uL,4.5,11,N,STAT,2025-03-11 11:20,2025-03-11 11:31,2025-03-11 12:34
LAB731093,ENC113153,PT13804,HGB,Hemoglobin,12.9,g/dL,12,17.5,N,Routine,2025-03-11 11:37,2025-03-11 12:04,2025-03-11 13:36
LAB731094,ENC113155,PT11293,LDL,LDL Cholesterol,100,mg/dL,0,99,H,Routine,2025-03-11 10:51,2025-03-11 11:26,2025-03-11 21:19
LAB731095,ENC113156,PT10135,LDL,LDL Cholesterol,151,mg/dL,0,99,H,Routine,2025-03-11 11:26,2025-03-11 11:30,2025-03-12 04:10
LAB731096,ENC113156,PT10135,A1C,Hemoglobin A1c,7.9,%,4,5.6,H,Routine,2025-03-11 11:29,2025-03-11 11:33,2025-03-12 00:30
LAB731097,ENC113159,PT12055,LDL,LDL Cholesterol,140,mg/dL,0,99,H,Routine,2025-03-11 12:20,2025-03-11 12:40,2025-03-11 17:34
LAB731098,ENC113160,PT11315,GLU,Glucose,99,mg/dL,70,99,N,Routine,2025-03-11 16:06,2025-03-11 16:25,2025-03-11 18:26
LAB731099,ENC113160,PT11315,CREAT,Creatinine,5.89,mg/dL,0.6,1.3,H,Routine,2025-03-11 16:01,2025-03-11 16:26,2025-03-11 23:07
LAB731100,ENC113160,PT11315,WBC,White Blood Cell Count,9.5,K/uL,4.5,11,N,STAT,2025-03-11 16:00,2025-03-11 16:05,2025-03-11 17:09
LAB731101,ENC113160,PT11315,HGB,Hemoglobin,11.9,g/dL,12,17.5,L,Routine,2025-03-11 16:03,2025-03-11 16:17,2025-03-11 17:43
LAB731102,ENC113160,PT11315,NA,Sodium,139,mmol/L,136,145,N,STAT,2025-03-11 16:01,2025-03-11 16:22,2025-03-11 17:00
LAB731103,ENC113160,PT11315,K,Potassium,4.9,mmol/L,3.5,5.1,N,STAT,2025-03-11 15:15,2025-03-11 15:31,2025-03-11 16:58
LAB731104,ENC113161,PT10751,GLU,Glucose,83,mg/dL,70,99,N,Routine,2025-03-11 13:37,2025-03-11 13:41,2025-03-11 17:53
LAB731105,ENC113161,PT10751,CREAT,Creatinine,1.01,mg/dL,0.6,1.3,N,STAT,2025-03-11 13:06,2025-03-11 13:25,2025-03-11 13:55
LAB731106,ENC113161,PT10751,WBC,White Blood Cell Count,6.1,K/uL,4.5,11,N,Routine,2025-03-11 13:30,2025-03-11 13:59,2025-03-11 15:49
LAB731107,ENC113162,PT11958,GLU,Glucose,116,mg/dL,70,99,H,STAT,2025-03-11 13:45,2025-03-11 14:12,2025-03-11 15:14
LAB731108,ENC113162,PT11958,CREAT,Creatinine,0.73,mg/dL,0.6,1.3,N,STAT,2025-03-11 12:57,2025-03-11 13:04,2025-03-11 14:09
LAB731109,ENC113162,PT11958,WBC,White Blood Cell Count,3.8,K/uL,4.5,11,L,STAT,2025-03-11 13:50,2025-03-11 13:56,2025-03-11 14:41
LAB731110,ENC113162,PT11958,HGB,Hemoglobin,16.2,g/dL,12,17.5,N,Routine,2025-03-11 13:26,2025-03-11 13:40,2025-03-11 19:15
LAB731111,ENC113162,PT11958,INR,Prothrombin Time INR,0.9,ratio,0.8,1.2,N,STAT,2025-03-11 13:51,2025-03-11 14:24,2025-03-11 14:40
LAB731112,ENC113164,PT11429,LDL,LDL Cholesterol,130,mg/dL,0,99,H,Routine,2025-03-11 13:56,2025-03-11 14:22,2025-03-12 10:57
LAB731113,ENC113166,PT10133,WBC,White Blood Cell Count,6,K/uL,4.5,11,N,Routine,2025-03-11 14:07,2025-03-11 14:20,2025-03-11 16:57
LAB731114,ENC113166,PT10133,HGB,Hemoglobin,10.1,g/dL,12,17.5,L,Routine,2025-03-11 14:30,2025-03-11 14:50,2025-03-11 17:33
LAB731115,ENC113166,PT10133,PLT,Platelet Count,233,K/uL,150,400,N,Routine,2025-03-11 14:25,2025-03-11 14:51,2025-03-11 17:12
LAB731116,ENC113167,PT11983,A1C,Hemoglobin A1c,9.3,%,4,5.6,H,Routine,2025-03-11 14:36,2025-03-11 14:55,2025-03-11 19:28
LAB731117,ENC113167,PT11983,GLU,Glucose,202,mg/dL,70,99,H,Routine,2025-03-11 14:35,2025-03-11 14:39,2025-03-11 16:54
LAB731118,ENC113167,PT11983,CREAT,Creatinine,1.64,mg/dL,0.6,1.3,H,Routine,2025-03-11 14:40,2025-03-11 15:07,2025-03-11 17:11
LAB731119,ENC113168,PT10412,LDL,LDL Cholesterol,145,mg/dL,0,99,H,Routine,2025-03-11 15:51,2025-03-11 16:12,2025-03-12 06:59
LAB731120,ENC113168,PT10412,TSH,Thyroid Stimulating Hormone,2.94,mIU/L,0.4,4,N,Routine,2025-03-11 16:13,2025-03-11 16:40,2025-03-12 01:11
LAB731121,ENC113169,PT12334,A1C,Hemoglobin A1c,5.7,%,4,5.6,H,Routine,2025-03-11 16:26,2025-03-11 16:51,2025-03-11 22:11
LAB731122,ENC113169,PT12334,GLU,Glucose,117,mg/dL,70,99,H,Routine,2025-03-11 16:05,2025-03-11 16:20,2025-03-11 23:02
LAB731123,ENC113169,PT12334,CREAT,Creatinine,0.98,mg/dL,0.6,1.3,N,Routine,2025-03-11 16:22,2025-03-11 16:37,2025-03-11 20:59
LAB731124,ENC113171,PT13643,WBC,White Blood Cell Count,8.9,K/uL,4.5,11,N,Routine,2025-03-11 16:39,2025-03-11 16:47,2025-03-11 17:27
LAB731125,ENC113171,PT13643,HGB,Hemoglobin,14.7,g/dL,12,17.5,N,Routine,2025-03-11 16:44,2025-03-11 17:01,2025-03-11 21:47
LAB731126,ENC113171,PT13643,PLT,Platelet Count,214,K/uL,150,400,N,Routine,2025-03-11 16:57,2025-03-11 17:03,2025-03-11 21:09
LAB731127,ENC113172,PT10327,GLU,Glucose,123,mg/dL,70,99,H,STAT,2025-03-11 20:31,2025-03-11 20:39,2025-03-11 21:15
LAB731128,ENC113172,PT10327,CREAT,Creatinine,1.15,mg/dL,0.6,1.3,N,STAT,2025-03-11 20:03,2025-03-11 20:14,2025-03-11 21:26
LAB731129,ENC113172,PT10327,WBC,White Blood Cell Count,5.6,K/uL,4.5,11,N,STAT,2025-03-11 20:28,2025-03-11 21:01,2025-03-11 21:37
LAB731130,ENC113172,PT10327,HGB,Hemoglobin,12.6,g/dL,12,17.5,N,Routine,2025-03-11 20:04,2025-03-11 20:25,2025-03-11 23:35
LAB731131,ENC113172,PT10327,TROP,"Troponin I, High Sensitivity",43,ng/L,0,34,H,STAT,2025-03-11 20:14,2025-03-11 20:36,2025-03-11 21:07
LAB731132,ENC113172,PT10327,BNP,B-Type Natriuretic Peptide,1340,pg/mL,0,100,H,STAT,2025-03-11 20:01,2025-03-11 20:29,2025-03-11 21:13
LAB731133,ENC113173,PT12916,GLU,Glucose,101,mg/dL,70,99,H,STAT,2025-03-11 20:51,2025-03-11 21:14,2025-03-11 21:42
LAB731134,ENC113173,PT12916,CREAT,Creatinine,0.92,mg/dL,0.6,1.3,N,Routine,2025-03-11 20:11,2025-03-11 20:25,2025-03-11 22:39
LAB731135,ENC113173,PT12916,WBC,White Blood Cell Count,7.9,K/uL,4.5,11,N,STAT,2025-03-11 20:33,2025-03-11 21:02,2025-03-11 22:05
LAB731136,ENC113173,PT12916,HGB,Hemoglobin,15.1,g/dL,12,17.5,N,STAT,2025-03-11 20:32,2025-03-11 20:57,2025-03-11 21:56
LAB731137,ENC113174,PT11335,GLU,Glucose,119,mg/dL,70,99,H,Routine,2025-03-11 19:13,2025-03-11 19:26,2025-03-11 22:17
LAB731138,ENC113174,PT11335,CREAT,Creatinine,0.99,mg/dL,0.6,1.3,N,Routine,2025-03-11 18:35,2025-03-11 19:01,2025-03-11 22:15
LAB731139,ENC113175,PT13310,GLU,Glucose,118,mg/dL,70,99,H,STAT,2025-03-11 21:35,2025-03-11 21:39,2025-03-11 22:23
LAB731140,ENC113175,PT13310,CREAT,Creatinine,1.11,mg/dL,0.6,1.3,N,STAT,2025-03-11 22:03,2025-03-11 22:14,2025-03-11 22:46
LAB731141,ENC113175,PT13310,WBC,White Blood Cell Count,9.2,K/uL,4.5,11,N,STAT,2025-03-11 21:00,2025-03-11 21:25,2025-03-11 22:03
LAB731142,ENC113175,PT13310,HGB,Hemoglobin,12.2,g/dL,12,17.5,N,Routine,2025-03-11 21:02,2025-03-11 21:21,2025-03-11 23:35
LAB731143,ENC113175,PT13310,INR,Prothrombin Time INR,1,ratio,0.8,1.2,N,Routine,2025-03-11 21:55,2025-03-11 22:23,2025-03-12 00:28
LAB731144,ENC113178,PT10999,GLU,Glucose,93,mg/dL,70,99,N,Routine,2025-03-11 22:07,2025-03-11 22:30,2025-03-12 01:33
LAB731145,ENC113178,PT10999,CREAT,Creatinine,1.3,mg/dL,0.6,1.3,N,Routine,2025-03-11 21:21,2025-03-11 21:38,2025-03-12 06:40
LAB731146,ENC113178,PT10999,WBC,White Blood Cell Count,5.5,K/uL,4.5,11,N,STAT,2025-03-11 22:06,2025-03-11 22:29,2025-03-11 23:15
LAB731147,ENC113178,PT10999,HGB,Hemoglobin,14.3,g/dL,12,17.5,N,STAT,2025-03-11 21:29,2025-03-11 21:52,2025-03-11 22:47
LAB731148,ENC113178,PT10999,NA,Sodium,138,mmol/L,136,145,N,STAT,2025-03-11 21:37,2025-03-11 22:08,2025-03-11 22:41
LAB731149,ENC113178,PT10999,K,Potassium,4.2,mmol/L,3.5,5.1,N,STAT,2025-03-11 22:26,2025-03-11 22:43,2025-03-11 23:43
LAB731150,ENC113178,PT10999,LACT,Lactate,2.1,mmol/L,0.5,2,H,STAT,2025-03-11 21:39,2025-03-11 21:49,2025-03-11 22:45
LAB731151,ENC113179,PT12354,GLU,Glucose,461,mg/dL,70,99,H,STAT,2025-03-12 01:55,2025-03-12 02:14,2025-03-12 03:04
LAB731152,ENC113179,PT12354,CREAT,Creatinine,0.92,mg/dL,0.6,1.3,N,STAT,2025-03-12 02:33,2025-03-12 03:01,2025-03-12 03:34
LAB731153,ENC113179,PT12354,WBC,White Blood Cell Count,7.9,K/uL,4.5,11,N,STAT,2025-03-12 02:01,2025-03-12 02:19,2025-03-12 02:40
LAB731154,ENC113179,PT12354,HGB,Hemoglobin,16.9,g/dL,12,17.5,N,Routine,2025-03-12 01:50,2025-03-12 01:56,2025-03-12 08:51
LAB731155,ENC113179,PT12354,NA,Sodium,136,mmol/L,136,145,N,STAT,2025-03-12 01:38,2025-03-12 01:52,2025-03-12 02:27
LAB731156,ENC113179,PT12354,K,Potassium,4.4,mmol/L,3.5,5.1,N,STAT,2025-03-12 02:07,2025-03-12 02:39,2025-03-12 03:46
LAB731157,ENC113179,PT12354,A1C,Hemoglobin A1c,10.7,%,4,5.6,H,Routine,2025-03-12 01:47,2025-03-12 01:55,2025-03-12 11:07
LAB731158,ENC113180,PT11090,GLU,Glucose,102,mg/dL,70,99,H,STAT,2025-03-11 22:55,2025-03-11 23:18,2025-03-11 23:44
LAB731159,ENC113180,PT11090,CREAT,Creatinine,0.7,mg/dL,0.6,1.3,N,STAT,2025-03-11 22:44,2025-03-11 23:05,2025-03-11 23:38
LAB731160,ENC113180,PT11090,WBC,White Blood Cell Count,10.3,K/uL,4.5,11,N,STAT,2025-03-11 22:13,2025-03-11 22:46,2025-03-11 23:19
LAB731161,ENC113180,PT11090,HGB,Hemoglobin,13.5,g/dL,12,17.5,N,STAT,2025-03-11 22:27,2025-03-11 22:59,2025-03-11 23:22
LAB731162,ENC113181,PT11289,GLU,Glucose,116,mg/dL,70,99,H,Routine,2025-03-12 01:46,2025-03-12 02:13,2025-03-12 06:21
LAB731163,ENC113181,PT11289,CREAT,Creatinine,0.94,mg/dL,0.6,1.3,N,STAT,2025-03-12 02:34,2025-03-12 02:50,2025-03-12 03:07
LAB731164,ENC113181,PT11289,WBC,White Blood Cell Count,7.8,K/uL,4.5,11,N,STAT,2025-03-12 02:01,2025-03-12 02:26,2025-03-12 03:09
LAB731165,ENC113181,PT11289,HGB,Hemoglobin,13.2,g/dL,12,17.5,N,STAT,2025-03-12 02:12,2025-03-12 02:34,2025-03-12 03:01
LAB731166,ENC113181,PT11289,NA,Sodium,140,mmol/L,136,145,N,Routine,2025-03-12 02:15,2025-03-12 02:38,2025-03-12 06:41
LAB731167,ENC113181,PT11289,K,Potassium,4.3,mmol/L,3.5,5.1,N,STAT,2025-03-12 02:28,2025-03-12 03:01,2025-03-12 03:32
LAB731168,ENC113181,PT11289,BUN,Blood Urea Nitrogen,20,mg/dL,7,20,N,STAT,2025-03-12 02:10,2025-03-12 02:39,2025-03-12 03:12
LAB731169,ENC113181,PT11289,PLT,Platelet Count,271,K/uL,150,400,N,STAT,2025-03-12 01:53,2025-03-12 02:20,2025-03-12 03:24
LAB731170,ENC113182,PT12166,GLU,Glucose,105,mg/dL,70,99,H,STAT,2025-03-12 03:25,2025-03-12 03:56,2025-03-12 05:02
LAB731171,ENC113182,PT12166,CREAT,Creatinine,0.93,mg/dL,0.6,1.3,N,Routine,2025-03-12 02:32,2025-03-12 02:53,2025-03-12 04:18
LAB731172,ENC113182,PT12166,WBC,White Blood Cell Count,8.1,K/uL,4.5,11,N,STAT,2025-03-12 03:11,2025-03-12 03:24,2025-03-12 03:59
LAB731173,ENC113182,PT12166,HGB,Hemoglobin,6.8,g/dL,12,17.5,LL,Routine,2025-03-12 02:29,2025-03-12 02:47,2025-03-12 04:10
LAB731174,ENC113182,PT12166,NA,Sodium,116,mmol/L,136,145,LL,STAT,2025-03-12 02:26,2025-03-12 02:46,2025-03-12 03:13
LAB731175,ENC113182,PT12166,K,Potassium,4.1,mmol/L,3.5,5.1,N,STAT,2025-03-12 02:52,2025-03-12 03:01,2025-03-12 03:25
LAB731176,ENC113182,PT12166,BUN,Blood Urea Nitrogen,18,mg/dL,7,20,N,Routine,2025-03-12 03:32,2025-03-12 04:06,2025-03-12 06:59
LAB731177,ENC113182,PT12166,PLT,Platelet Count,252,K/uL,150,400,N,STAT,2025-03-12 03:34,2025-03-12 03:51,2025-03-12 04:43
LAB731178,ENC113183,PT13072,GLU,Glucose,149,mg/dL,70,99,H,STAT,2025-03-12 04:03,2025-03-12 04:22,2025-03-12 05:12
LAB731179,ENC113183,PT13072,CREAT,Creatinine,1.08,mg/dL,0.6,1.3,N,Routine,2025-03-12 04:24,2025-03-12 04:39,2025-03-12 06:39
LAB731180,ENC113183,PT13072,WBC,White Blood Cell Count,11.2,K/uL,4.5,11,H,Routine,2025-03-12 04:21,2025-03-12 04:31,2025-03-12 05:35
LAB731181,ENC113183,PT13072,HGB,Hemoglobin,15.9,g/dL,12,17.5,N,Routine,2025-03-12 03:43,2025-03-12 04:11,2025-03-12 07:36
LAB731182,ENC113183,PT13072,TROP,"Troponin I, High Sensitivity",318,ng/L,0,34,H,STAT,2025-03-12 04:28,2025-03-12 04:37,2025-03-12 05:55
LAB731183,ENC113184,PT13799,GLU,Glucose,151,mg/dL,70,99,H,Routine,2025-03-12 03:08,2025-03-12 03:26,2025-03-12 05:33
LAB731184,ENC113184,PT13799,CREAT,Creatinine,2.02,mg/dL,0.6,1.3,H,STAT,2025-03-12 03:35,2025-03-12 04:07,2025-03-12 04:46
LAB731185,ENC113184,PT13799,WBC,White Blood Cell Count,7.5,K/uL,4.5,11,N,Routine,2025-03-12 03:23,2025-03-12 03:53,2025-03-12 07:19
LAB731186,ENC113184,PT13799,HGB,Hemoglobin,14.9,g/dL,12,17.5,N,STAT,2025-03-12 03:22,2025-03-12 03:37,2025-03-12 04:47
LAB731187,ENC113184,PT13799,LACT,Lactate,5.2,mmol/L,0.5,2,HH,STAT,2025-03-12 02:55,2025-03-12 03:27,2025-03-12 04:31
LAB731188,ENC113185,PT12618,GLU,Glucose,195,mg/dL,70,99,H,Routine,2025-03-12 04:30,2025-03-12 04:51,2025-03-12 14:28
LAB731189,ENC113185,PT12618,CREAT,Creatinine,0.57,mg/dL,0.6,1.3,L,STAT,2025-03-12 04:45,2025-03-12 05:15,2025-03-12 06:38
LAB731190,ENC113185,PT12618,WBC,White Blood Cell Count,12.2,K/uL,4.5,11,H,STAT,2025-03-12 04:47,2025-03-12 04:54,2025-03-12 05:21
LAB731191,ENC113186,PT13661,A1C,Hemoglobin A1c,5.5,%,4,5.6,N,Routine,2025-03-12 09:08,2025-03-12 09:22,2025-03-12 15:28
LAB731192,ENC113188,PT10181,LDL,LDL Cholesterol,165,mg/dL,0,99,H,Routine,2025-03-12 09:27,2025-03-12 09:41,2025-03-13 08:46
LAB731193,ENC113188,PT10181,A1C,Hemoglobin A1c,5.7,%,4,5.6,H,Routine,2025-03-12 09:37,2025-03-12 10:01,2025-03-13 09:11
LAB731194,ENC113189,PT13511,GLU,Glucose,105,mg/dL,70,99,H,Routine,2025-03-12 10:09,2025-03-12 10:39,2025-03-12 13:35
LAB731195,ENC113189,PT13511,CREAT,Creatinine,0.59,mg/dL,0.6,1.3,L,STAT,2025-03-12 09:41,2025-03-12 09:56,2025-03-12 10:20
LAB731196,ENC113189,PT13511,WBC,White Blood Cell Count,7.4,K/uL,4.5,11,N,STAT,2025-03-12 10:12,2025-03-12 10:30,2025-03-12 11:32
LAB731197,ENC113189,PT13511,HGB,Hemoglobin,13.4,g/dL,12,17.5,N,STAT,2025-03-12 10:11,2025-03-12 10:39,2025-03-12 11:31
LAB731198,ENC113190,PT10878,A1C,Hemoglobin A1c,7.3,%,4,5.6,H,Routine,2025-03-12 10:11,2025-03-12 10:27,2025-03-12 15:49
LAB731199,ENC113190,PT10878,GLU,Glucose,190,mg/dL,70,99,H,Routine,2025-03-12 09:52,2025-03-12 10:09,2025-03-12 13:48
LAB731200,ENC113190,PT10878,CREAT,Creatinine,0.95,mg/dL,0.6,1.3,N,Routine,2025-03-12 10:08,2025-03-12 10:41,2025-03-12 15:09
LAB731201,ENC113193,PT13726,A1C,Hemoglobin A1c,9.9,%,4,5.6,H,Routine,2025-03-12 12:03,2025-03-12 12:20,2025-03-12 23:45
LAB731202,ENC113195,PT10335,GLU,Glucose,89,mg/dL,70,99,N,STAT,2025-03-12 12:39,2025-03-12 13:10,2025-03-12 13:49
LAB731203,ENC113195,PT10335,CREAT,Creatinine,0.71,mg/dL,0.6,1.3,N,Routine,2025-03-12 13:19,2025-03-12 13:25,2025-03-12 16:51
LAB731204,ENC113195,PT10335,WBC,White Blood Cell Count,3.6,K/uL,4.5,11,L,STAT,2025-03-12 12:25,2025-03-12 12:32,2025-03-12 12:57
LAB731205,ENC113195,PT10335,HGB,Hemoglobin,14.8,g/dL,12,17.5,N,Routine,2025-03-12 13:16,2025-03-12 13:49,2025-03-12 17:27
LAB731206,ENC113195,PT10335,NA,Sodium,140,mmol/L,136,145,N,STAT,2025-03-12 13:10,2025-03-12 13:35,2025-03-12 14:13
LAB731207,ENC113195,PT10335,K,Potassium,4.2,mmol/L,3.5,5.1,N,STAT,2025-03-12 13:25,2025-03-12 13:39,2025-03-12 14:33
LAB731208,ENC113196,PT12701,GLU,Glucose,109,mg/dL,70,99,H,STAT,2025-03-12 15:44,2025-03-12 15:57,2025-03-12 16:48
LAB731209,ENC113196,PT12701,CREAT,Creatinine,0.72,mg/dL,0.6,1.3,N,STAT,2025-03-12 15:47,2025-03-12 15:54,2025-03-12 16:40
LAB731210,ENC113196,PT12701,WBC,White Blood Cell Count,7.8,K/uL,4.5,11,N,Routine,2025-03-12 15:57,2025-03-12 16:29,2025-03-12 20:16
LAB731211,ENC113196,PT12701,HGB,Hemoglobin,7.7,g/dL,12,17.5,L,Routine,2025-03-12 15:28,2025-03-12 15:33,2025-03-12 18:23
LAB731212,ENC113196,PT12701,LACT,Lactate,1.7,mmol/L,0.5,2,N,STAT,2025-03-12 16:17,2025-03-12 16:23,2025-03-12 17:09
LAB731213,ENC113196,PT12701,INR,Prothrombin Time INR,0.9,ratio,0.8,1.2,N,Routine,2025-03-12 15:13,2025-03-12 15:45,2025-03-12 19:41
LAB731214,ENC113197,PT12801,GLU,Glucose,111,mg/dL,70,99,H,STAT,2025-03-12 13:09,2025-03-12 13:39,2025-03-12 14:09
LAB731215,ENC113197,PT12801,CREAT,Creatinine,0.83,mg/dL,0.6,1.3,N,Routine,2025-03-12 13:45,2025-03-12 14:16,2025-03-12 17:25
LAB731216,ENC113197,PT12801,WBC,White Blood Cell Count,7.9,K/uL,4.5,11,N,Routine,2025-03-12 13:41,2025-03-12 13:48,2025-03-12 16:52
LAB731217,ENC113200,PT13788,A1C,Hemoglobin A1c,11.1,%,4,5.6,H,Routine,2025-03-12 13:46,2025-03-12 13:53,2025-03-14 04:13
LAB731218,ENC113202,PT10312,LDL,LDL Cholesterol,145,mg/dL,0,99,H,Routine,2025-03-12 14:17,2025-03-12 14:34,2025-03-13 17:35
LAB731219,ENC113202,PT10312,A1C,Hemoglobin A1c,5.5,%,4,5.6,N,Routine,2025-03-12 14:25,2025-03-12 14:45,2025-03-13 03:24
LAB731220,ENC113203,PT12180,LDL,LDL Cholesterol,108,mg/dL,0,99,H,Routine,2025-03-12 14:20,2025-03-12 14:49,2025-03-14 01:51
LAB731221,ENC113203,PT12180,TSH,Thyroid Stimulating Hormone,11.12,mIU/L,0.4,4,H,Routine,2025-03-12 14:20,2025-03-12 14:53,2025-03-12 19:41
LAB731222,ENC113204,PT11061,LDL,LDL Cholesterol,65,mg/dL,0,99,N,Routine,2025-03-12 14:36,2025-03-12 14:49,2025-03-12 21:13
LAB731223,ENC113207,PT11157,WBC,White Blood Cell Count,7.3,K/uL,4.5,11,N,Routine,2025-03-12 16:12,2025-03-12 16:41,2025-03-12 19:00
LAB731224,ENC113207,PT11157,HGB,Hemoglobin,14.4,g/dL,12,17.5,N,Routine,2025-03-12 15:56,2025-03-12 16:07,2025-03-12 18:24
LAB731225,ENC113207,PT11157,PLT,Platelet Count,209,K/uL,150,400,N,Routine,2025-03-12 15:51,2025-03-12 16:21,2025-03-12 18:26
LAB731226,ENC113209,PT11066,GLU,Glucose,65,mg/dL,70,99,L,Routine,2025-03-12 21:05,2025-03-12 21:14,2025-03-13 00:42
LAB731227,ENC113209,PT11066,CREAT,Creatinine,0.75,mg/dL,0.6,1.3,N,STAT,2025-03-12 21:12,2025-03-12 21:22,2025-03-12 22:12
LAB731228,ENC113209,PT11066,WBC,White Blood Cell Count,9.2,K/uL,4.5,11,N,STAT,2025-03-12 21:38,2025-03-12 21:48,2025-03-12 23:05
LAB731229,ENC113209,PT11066,HGB,Hemoglobin,13.6,g/dL,12,17.5,N,STAT,2025-03-12 21:03,2025-03-12 21:32,2025-03-12 22:25
LAB731230,ENC113209,PT11066,NA,Sodium,138,mmol/L,136,145,N,Routine,2025-03-12 20:37,2025-03-12 21:03,2025-03-13 00:48
LAB731231,ENC113209,PT11066,K,Potassium,3.5,mmol/L,3.5,5.1,N,STAT,2025-03-12 21:09,2025-03-12 21:37,2025-03-12 22:07
LAB731232,ENC113210,PT13575,GLU,Glucose,119,mg/dL,70,99,H,Routine,2025-03-12 21:14,2025-03-12 21:28,2025-03-12 23:59
LAB731233,ENC113210,PT13575,CREAT,Creatinine,0.4,mg/dL,0.6,1.3,L,STAT,2025-03-12 21:21,2025-03-12 21:40,2025-03-12 22:32
LAB731234,ENC113210,PT13575,WBC,White Blood Cell Count,7.2,K/uL,4.5,11,N,STAT,2025-03-12 20:45,2025-03-12 21:16,2025-03-12 22:03
LAB731235,ENC113210,PT13575,HGB,Hemoglobin,13.1,g/dL,12,17.5,N,STAT,2025-03-12 20:44,2025-03-12 21:08,2025-03-12 22:36
LAB731236,ENC113210,PT13575,NA,Sodium,141,mmol/L,136,145,N,STAT,2025-03-12 21:15,2025-03-12 21:41,2025-03-12 22:47
LAB731237,ENC113210,PT13575,K,Potassium,4,mmol/L,3.5,5.1,N,STAT,2025-03-12 20:41,2025-03-12 21:00,2025-03-12 21:59
LAB731238,ENC113211,PT12649,GLU,Glucose,99,mg/dL,70,99,N,Routine,2025-03-12 22:57,2025-03-12 23:20,2025-03-13 03:06
LAB731239,ENC113211,PT12649,CREAT,Creatinine,1.13,mg/dL,0.6,1.3,N,STAT,2025-03-12 22:54,2025-03-12 23:15,2025-03-12 23:50
LAB731240,ENC113211,PT12649,WBC,White Blood Cell Count,5.9,K/uL,4.5,11,N,STAT,2025-03-12 21:51,2025-03-12 22:10,2025-03-12 22:46
LAB731241,ENC113211,PT12649,HGB,Hemoglobin,12.2,g/dL,12,17.5,N,STAT,2025-03-12 21:52,2025-03-12 22:17,2025-03-12 23:05
LAB731242,ENC113211,PT12649,NA,Sodium,144,mmol/L,136,145,N,STAT,2025-03-12 22:36,2025-03-12 22:40,2025-03-12 23:37
LAB731243,ENC113211,PT12649,K,Potassium,4.5,mmol/L,3.5,5.1,N,STAT,2025-03-12 22:39,2025-03-12 23:10,2025-03-12 23:30
LAB731244,ENC113211,PT12649,TROP,"Troponin I, High Sensitivity",11,ng/L,0,34,N,STAT,2025-03-12 22:04,2025-03-12 22:17,2025-03-12 23:24
LAB731245,ENC113212,PT13261,GLU,Glucose,99,mg/dL,70,99,N,STAT,2025-03-12 23:56,2025-03-13 00:08,2025-03-13 00:55
LAB731246,ENC113212,PT13261,CREAT,Creatinine,1.12,mg/dL,0.6,1.3,N,STAT,2025-03-12 23:59,2025-03-13 00:25,2025-03-13 01:00
LAB731247,ENC113212,PT13261,WBC,White Blood Cell Count,5.1,K/uL,4.5,11,N,Routine,2025-03-12 23:02,2025-03-12 23:26,2025-03-13 00:50
LAB731248,ENC113212,PT13261,HGB,Hemoglobin,12.4,g/dL,12,17.5,N,STAT,2025-03-12 23:01,2025-03-12 23:22,2025-03-13 00:54
LAB731249,ENC113214,PT10646,GLU,Glucose,107,mg/dL,70,99,H,Routine,2025-03-12 23:08,2025-03-12 23:23,2025-03-13 02:25
LAB731250,ENC113214,PT10646,CREAT,Creatinine,1.14,mg/dL,0.6,1.3,N,STAT,2025-03-12 23:31,2025-03-12 23:52,2025-03-13 00:23
LAB731251,ENC113214,PT10646,WBC,White Blood Cell Count,8.6,K/uL,4.5,11,N,Routine,2025-03-12 23:12,2025-03-12 23:19,2025-03-13 03:00
LAB731252,ENC113214,PT10646,HGB,Hemoglobin,15.6,g/dL,12,17.5,N,STAT,2025-03-12 23:18,2025-03-12 23:43,2025-03-13 00:20
LAB731253,ENC113215,PT13599,GLU,Glucose,117,mg/dL,70,99,H,Routine,2025-03-13 03:09,2025-03-13 03:23,2025-03-13 11:07
LAB731254,ENC113215,PT13599,CREAT,Creatinine,0.67,mg/dL,0.6,1.3,N,Routine,2025-03-13 02:52,2025-03-13 03:13,2025-03-13 03:59
LAB731255,ENC113215,PT13599,WBC,White Blood Cell Count,6.2,K/uL,4.5,11,N,STAT,2025-03-13 03:37,2025-03-13 03:54,2025-03-13 04:35
LAB731256,ENC113215,PT13599,HGB,Hemoglobin,11.5,g/dL,12,17.5,L,STAT,2025-03-13 03:39,2025-03-13 03:59,2025-03-13 04:32
LAB731257,ENC113215,PT13599,LACT,Lactate,3.2,mmol/L,0.5,2,H,STAT,2025-03-13 03:41,2025-03-13 03:54,2025-03-13 04:20
LAB731258,ENC113217,PT11394,GLU,Glucose,101,mg/dL,70,99,H,Routine,2025-03-13 01:56,2025-03-13 02:18,2025-03-13 03:52
LAB731259,ENC113217,PT11394,CREAT,Creatinine,0.92,mg/dL,0.6,1.3,N,STAT,2025-03-13 01:24,2025-03-13 01:51,2025-03-13 02:52
LAB731260,ENC113217,PT11394,WBC,White Blood Cell Count,14.6,K/uL,4.5,11,H,Routine,2025-03-13 01:43,2025-03-13 02:16,2025-03-13 06:06
LAB731261,ENC113217,PT11394,HGB,Hemoglobin,13.8,g/dL,12,17.5,N,STAT,2025-03-13 01:56,2025-03-13 02:27,2025-03-13 03:01
LAB731262,ENC113219,PT13835,A1C,Hemoglobin A1c,10.3,%,4,5.6,H,Routine,2025-03-13 09:16,2025-03-13 09:42,2025-03-14 21:42
LAB731263,ENC113220,PT11565,WBC,White Blood Cell Count,8.7,K/uL,4.5,11,N,Routine,2025-03-13 09:23,2025-03-13 09:57,2025-03-13 12:54
LAB731264,ENC113220,PT11565,HGB,Hemoglobin,14.4,g/dL,12,17.5,N,Routine,2025-03-13 09:39,2025-03-13 10:03,2025-03-13 11:25
LAB731265,ENC113220,PT11565,PLT,Platelet Count,291,K/uL,150,400,N,Routine,2025-03-13 09:24,2025-03-13 09:58,2025-03-13 13:24
LAB731266,ENC113221,PT12055,GLU,Glucose,139,mg/dL,70,99,H,STAT,2025-03-13 12:46,2025-03-13 12:59,2025-03-13 14:40
LAB731267,ENC113221,PT12055,CREAT,Creatinine,1.22,mg/dL,0.6,1.3,N,STAT,2025-03-13 13:26,2025-03-13 13:34,2025-03-13 14:58
LAB731268,ENC113221,PT12055,WBC,White Blood Cell Count,3.5,K/uL,4.5,11,L,STAT,2025-03-13 13:23,2025-03-13 13:49,2025-03-13 14:53
LAB731269,ENC113221,PT12055,HGB,Hemoglobin,12,g/dL,12,17.5,N,STAT,2025-03-13 12:57,2025-03-13 13:18,2025-03-13 14:00
LAB731270,ENC113221,PT12055,NA,Sodium,145,mmol/L,136,145,N,Routine,2025-03-13 12:37,2025-03-13 12:49,2025-03-13 15:45
LAB731271,ENC113221,PT12055,K,Potassium,4,mmol/L,3.5,5.1,N,STAT,2025-03-13 13:17,2025-03-13 13:44,2025-03-13 14:55
LAB731272,ENC113222,PT12119,GLU,Glucose,100,mg/dL,70,99,H,STAT,2025-03-13 10:16,2025-03-13 10:40,2025-03-13 11:28
LAB731273,ENC113222,PT12119,CREAT,Creatinine,0.91,mg/dL,0.6,1.3,N,STAT,2025-03-13 10:55,2025-03-13 11:27,2025-03-13 11:49
LAB731274,ENC113222,PT12119,WBC,White Blood Cell Count,8.2,K/uL,4.5,11,N,Routine,2025-03-13 10:53,2025-03-13 11:18,2025-03-13 16:10
LAB731275,ENC113222,PT12119,HGB,Hemoglobin,14.2,g/dL,12,17.5,N,STAT,2025-03-13 09:51,2025-03-13 10:00,2025-03-13 10:29
LAB731276,ENC113222,PT12119,NA,Sodium,143,mmol/L,136,145,N,STAT,2025-03-13 10:46,2025-03-13 11:12,2025-03-13 11:37
LAB731277,ENC113222,PT12119,K,Potassium,4.2,mmol/L,3.5,5.1,N,STAT,2025-03-13 09:56,2025-03-13 10:31,2025-03-13 11:30
LAB731278,ENC113225,PT10230,WBC,White Blood Cell Count,6.4,K/uL,4.5,11,N,Routine,2025-03-13 10:22,2025-03-13 10:43,2025-03-13 12:26
LAB731279,ENC113225,PT10230,HGB,Hemoglobin,16.2,g/dL,12,17.5,N,Routine,2025-03-13 10:17,2025-03-13 10:23,2025-03-13 13:26
LAB731280,ENC113225,PT10230,PLT,Platelet Count,310,K/uL,150,400,N,Routine,2025-03-13 10:25,2025-03-13 10:41,2025-03-13 18:34
LAB731281,ENC113226,PT11382,LDL,LDL Cholesterol,142,mg/dL,0,99,H,Routine,2025-03-13 10:59,2025-03-13 11:03,2025-03-14 00:42
LAB731282,ENC113227,PT10904,LDL,LDL Cholesterol,97,mg/dL,0,99,N,Routine,2025-03-13 10:59,2025-03-13 11:20,2025-03-13 23:43
LAB731283,ENC113227,PT10904,A1C,Hemoglobin A1c,6.1,%,4,5.6,H,Routine,2025-03-13 11:05,2025-03-13 11:36,2025-03-13 22:50
LAB731284,ENC113227,PT10904,TSH,Thyroid Stimulating Hormone,3.61,mIU/L,0.4,4,N,Routine,2025-03-13 11:12,2025-03-13 11:28,2025-03-14 16:11
LAB731285,ENC113228,PT13789,WBC,White Blood Cell Count,9.9,K/uL,4.5,11,N,Routine,2025-03-13 11:14,2025-03-13 11:47,2025-03-13 13:52
LAB731286,ENC113228,PT13789,HGB,Hemoglobin,10.1,g/dL,12,17.5,L,Routine,2025-03-13 10:55,2025-03-13 10:59,2025-03-13 13:16
LAB731287,ENC113228,PT13789,PLT,Platelet Count,238,K/uL,150,400,N,Routine,2025-03-13 11:01,2025-03-13 11:17,2025-03-13 18:44
LAB731288,ENC113230,PT11279,GLU,Glucose,129,mg/dL,70,99,H,Routine,2025-03-13 15:28,2025-03-13 15:46,2025-03-13 21:16
LAB731289,ENC113230,PT11279,CREAT,Creatinine,1.2,mg/dL,0.6,1.3,N,STAT,2025-03-13 16:07,2025-03-13 16:19,2025-03-13 17:30
LAB731290,ENC113230,PT11279,WBC,White Blood Cell Count,8.3,K/uL,4.5,11,N,Routine,2025-03-13 15:16,2025-03-13 15:24,2025-03-13 20:14
LAB731291,ENC113230,PT11279,HGB,Hemoglobin,11.3,g/dL,12,17.5,L,STAT,2025-03-13 16:04,2025-03-13 16:18,2025-03-13 16:45
LAB731292,ENC113230,PT11279,NA,Sodium,141,mmol/L,136,145,N,Routine,2025-03-13 16:09,2025-03-13 16:25,2025-03-13 20:57
LAB731293,ENC113230,PT11279,K,Potassium,4.7,mmol/L,3.5,5.1,N,STAT,2025-03-13 15:47,2025-03-13 16:10,2025-03-13 16:58
LAB731294,ENC113231,PT12841,LDL,LDL Cholesterol,108,mg/dL,0,99,H,Routine,2025-03-13 12:22,2025-03-13 12:39,2025-03-14 18:30
LAB731295,ENC113231,PT12841,A1C,Hemoglobin A1c,7.2,%,4,5.6,H,Routine,2025-03-13 12:28,2025-03-13 12:36,2025-03-14 04:12
LAB731296,ENC113232,PT13554,GLU,Glucose,103,mg/dL,70,99,H,STAT,2025-03-13 15:46,2025-03-13 15:57,2025-03-13 16:19
LAB731297,ENC113232,PT13554,CREAT,Creatinine,0.51,mg/dL,0.6,1.3,L,STAT,2025-03-13 16:50,2025-03-13 17:21,2025-03-13 17:40
LAB731298,ENC113232,PT13554,WBC,White Blood Cell Count,7.8,K/uL,4.5,11,N,STAT,2025-03-13 16:35,2025-03-13 16:52,2025-03-13 17:36
LAB731299,ENC113232,PT13554,HGB,Hemoglobin,12.4,g/dL,12,17.5,N,Routine,2025-03-13 15:47,2025-03-13 16:17,2025-03-13 17:52
LAB731300,ENC113234,PT13139,WBC,White Blood Cell Count,7.3,K/uL,4.5,11,N,Routine,2025-03-13 12:26,2025-03-13 12:30,2025-03-13 15:26
LAB731301,ENC113234,PT13139,HGB,Hemoglobin,11.4,g/dL,12,17.5,L,Routine,2025-03-13 12:45,2025-03-13 13:11,2025-03-13 19:55
LAB731302,ENC113234,PT13139,PLT,Platelet Count,313,K/uL,150,400,N,Routine,2025-03-13 12:41,2025-03-13 13:13,2025-03-13 17:59
LAB731303,ENC113235,PT10092,A1C,Hemoglobin A1c,9.6,%,4,5.6,H,Routine,2025-03-13 12:58,2025-03-13 13:14,2025-03-14 23:38
LAB731304,ENC113235,PT10092,GLU,Glucose,230,mg/dL,70,99,H,Routine,2025-03-13 13:09,2025-03-13 13:35,2025-03-13 14:24
LAB731305,ENC113235,PT10092,CREAT,Creatinine,0.87,mg/dL,0.6,1.3,N,Routine,2025-03-13 13:08,2025-03-13 13:13,2025-03-13 16:55
LAB731306,ENC113238,PT10573,WBC,White Blood Cell Count,6.9,K/uL,4.5,11,N,Routine,2025-03-13 13:31,2025-03-13 13:48,2025-03-13 21:17
LAB731307,ENC113238,PT10573,HGB,Hemoglobin,14.4,g/dL,12,17.5,N,Routine,2025-03-13 13:24,2025-03-13 13:41,2025-03-13 20:38
LAB731308,ENC113238,PT10573,PLT,Platelet Count,305,K/uL,150,400,N,Routine,2025-03-13 13:33,2025-03-13 14:01,2025-03-13 16:17
LAB731309,ENC113243,PT12959,GLU,Glucose,93,mg/dL,70,99,N,STAT,2025-03-13 19:08,2025-03-13 19:40,2025-03-13 20:54
LAB731310,ENC113243,PT12959,CREAT,Creatinine,0.83,mg/dL,0.6,1.3,N,STAT,2025-03-13 19:49,2025-03-13 20:15,2025-03-13 22:03
LAB731311,ENC113243,PT12959,WBC,White Blood Cell Count,5.2,K/uL,4.5,11,N,STAT,2025-03-13 19:09,2025-03-13 19:29,2025-03-13 20:10
LAB731312,ENC113243,PT12959,HGB,Hemoglobin,13.6,g/dL,12,17.5,N,STAT,2025-03-13 18:55,2025-03-13 19:15,2025-03-13 20:44
LAB731313,ENC113243,PT12959,NA,Sodium,138,mmol/L,136,145,N,STAT,2025-03-13 18:59,2025-03-13 19:16,2025-03-13 19:52
LAB731314,ENC113243,PT12959,K,Potassium,4.8,mmol/L,3.5,5.1,N,STAT,2025-03-13 18:53,2025-03-13 19:19,2025-03-13 19:48
LAB731315,ENC113246,PT12557,GLU,Glucose,82,mg/dL,70,99,N,STAT,2025-03-13 16:48,2025-03-13 17:05,2025-03-13 17:44
LAB731316,ENC113246,PT12557,CREAT,Creatinine,0.87,mg/dL,0.6,1.3,N,Routine,2025-03-13 17:13,2025-03-13 17:44,2025-03-13 19:29
LAB731317,ENC113246,PT12557,WBC,White Blood Cell Count,5.9,K/uL,4.5,11,N,Routine,2025-03-13 17:24,2025-03-13 17:50,2025-03-13 19:35
LAB731318,ENC113247,PT13510,A1C,Hemoglobin A1c,10.6,%,4,5.6,H,Routine,2025-03-13 16:35,2025-03-13 16:52,2025-03-13 21:41
LAB731319,ENC113248,PT13205,GLU,Glucose,89,mg/dL,70,99,N,STAT,2025-03-13 17:27,2025-03-13 17:32,2025-03-13 18:22
LAB731320,ENC113248,PT13205,CREAT,Creatinine,1.41,mg/dL,0.6,1.3,H,Routine,2025-03-13 17:25,2025-03-13 17:43,2025-03-13 19:50
LAB731321,ENC113249,PT11326,GLU,Glucose,92,mg/dL,70,99,N,STAT,2025-03-13 19:30,2025-03-13 19:47,2025-03-13 20:25
LAB731322,ENC113249,PT11326,CREAT,Creatinine,1,mg/dL,0.6,1.3,N,STAT,2025-03-13 20:27,2025-03-13 20:43,2025-03-13 21:08
LAB731323,ENC113249,PT11326,WBC,White Blood Cell Count,5.8,K/uL,4.5,11,N,Routine,2025-03-13 20:17,2025-03-13 20:49,2025-03-14 01:50
LAB731324,ENC113249,PT11326,HGB,Hemoglobin,13.5,g/dL,12,17.5,N,STAT,2025-03-13 19:56,2025-03-13 20:11,2025-03-13 20:38
LAB731325,ENC113249,PT11326,TROP,"Troponin I, High Sensitivity",58,ng/L,0,34,H,STAT,2025-03-13 20:32,2025-03-13 20:45,2025-03-13 21:40
LAB731326,ENC113249,PT11326,BNP,B-Type Natriuretic Peptide,1306,pg/mL,0,100,H,Routine,2025-03-13 20:26,2025-03-13 21:00,2025-03-14 03:09
LAB731327,ENC113250,PT11247,GLU,Glucose,113,mg/dL,70,99,H,STAT,2025-03-13 19:50,2025-03-13 20:09,2025-03-13 22:11
LAB731328,ENC113250,PT11247,CREAT,Creatinine,0.48,mg/dL,0.6,1.3,L,Routine,2025-03-13 19:49,2025-03-13 20:13,2025-03-13 22:19
LAB731329,ENC113250,PT11247,WBC,White Blood Cell Count,5.5,K/uL,4.5,11,N,STAT,2025-03-13 18:49,2025-03-13 18:54,2025-03-13 20:19
LAB731330,ENC113250,PT11247,HGB,Hemoglobin,16,g/dL,12,17.5,N,Routine,2025-03-13 19:05,2025-03-13 19:35,2025-03-13 21:04
LAB731331,ENC113251,PT10011,GLU,Glucose,115,mg/dL,70,99,H,Routine,2025-03-13 19:52,2025-03-13 20:15,2025-03-14 01:26
LAB731332,ENC113251,PT10011,CREAT,Creatinine,2.81,mg/dL,0.6,1.3,H,STAT,2025-03-13 20:20,2025-03-13 20:29,2025-03-13 20:53
LAB731333,ENC113251,PT10011,WBC,White Blood Cell Count,17.4,K/uL,4.5,11,H,STAT,2025-03-13 19:53,2025-03-13 20:21,2025-03-13 21:20
LAB731334,ENC113252,PT10067,GLU,Glucose,122,mg/dL,70,99,H,STAT,2025-03-13 22:51,2025-03-13 23:20,2025-03-14 00:15
LAB731335,ENC113252,PT10067,CREAT,Creatinine,1.61,mg/dL,0.6,1.3,H,STAT,2025-03-13 23:38,2025-03-14 00:03,2025-03-14 00:59
LAB731336,ENC113252,PT10067,WBC,White Blood Cell Count,12.8,K/uL,4.5,11,H,STAT,2025-03-13 23:12,2025-03-13 23:31,2025-03-14 01:08
LAB731337,ENC113252,PT10067,HGB,Hemoglobin,12.5,g/dL,12,17.5,N,Routine,2025-03-13 23:25,2025-03-13 23:44,2025-03-14 01:56
LAB731338,ENC113252,PT10067,NA,Sodium,137,mmol/L,136,145,N,STAT,2025-03-13 23:28,2025-03-13 23:36,2025-03-14 00:38
LAB731339,ENC113252,PT10067,K,Potassium,3.6,mmol/L,3.5,5.1,N,STAT,2025-03-13 22:51,2025-03-13 23:20,2025-03-14 00:14
LAB731340,ENC113252,PT10067,BUN,Blood Urea Nitrogen,10,mg/dL,7,20,N,STAT,2025-03-13 23:21,2025-03-13 23:36,2025-03-14 00:24
LAB731341,ENC113252,PT10067,PLT,Platelet Count,364,K/uL,150,400,N,STAT,2025-03-13 23:43,2025-03-14 00:10,2025-03-14 01:09
LAB731342,ENC113252,PT10067,LACT,Lactate,2.6,mmol/L,0.5,2,H,STAT,2025-03-13 22:53,2025-03-13 23:15,2025-03-14 00:03
LAB731343,ENC113253,PT11438,GLU,Glucose,73,mg/dL,70,99,N,STAT,2025-03-13 23:19,2025-03-13 23:28,2025-03-14 00:31
LAB731344,ENC113253,PT11438,CREAT,Creatinine,1.34,mg/dL,0.6,1.3,H,Routine,2025-03-13 22:58,2025-03-13 23:11,2025-03-14 04:04
LAB731345,ENC113255,PT13056,GLU,Glucose,197,mg/dL,70,99,H,STAT,2025-03-14 04:42,2025-03-14 04:55,2025-03-14 05:46
LAB731346,ENC113255,PT13056,CREAT,Creatinine,1.95,mg/dL,0.6,1.3,H,STAT,2025-03-14 04:14,2025-03-14 04:27,2025-03-14 05:14
LAB731347,ENC113255,PT13056,WBC,White Blood Cell Count,8,K/uL,4.5,11,N,Routine,2025-03-14 04:27,2025-03-14 04:57,2025-03-14 06:16
LAB731348,ENC113255,PT13056,HGB,Hemoglobin,10.7,g/dL,12,17.5,L,STAT,2025-03-14 04:23,2025-03-14 04:34,2025-03-14 05:29
LAB731349,ENC113255,PT13056,NA,Sodium,145,mmol/L,136,145,N,STAT,2025-03-14 04:16,2025-03-14 04:29,2025-03-14 05:37
LAB731350,ENC113255,PT13056,K,Potassium,4.3,mmol/L,3.5,5.1,N,STAT,2025-03-14 04:37,2025-03-14 05:11,2025-03-14 06:03
LAB731351,ENC113255,PT13056,INR,Prothrombin Time INR,1.3,ratio,0.8,1.2,H,Routine,2025-03-14 04:06,2025-03-14 04:15,2025-03-14 08:31
LAB731352,ENC113257,PT10876,GLU,Glucose,81,mg/dL,70,99,N,STAT,2025-03-14 07:50,2025-03-14 08:00,2025-03-14 08:51
LAB731353,ENC113257,PT10876,CREAT,Creatinine,1,mg/dL,0.6,1.3,N,STAT,2025-03-14 07:53,2025-03-14 08:04,2025-03-14 08:35
LAB731354,ENC113257,PT10876,WBC,White Blood Cell Count,5.6,K/uL,4.5,11,N,STAT,2025-03-14 08:33,2025-03-14 08:53,2025-03-14 09:35
LAB731355,ENC113257,PT10876,HGB,Hemoglobin,12.1,g/dL,12,17.5,N,Routine,2025-03-14 08:32,2025-03-14 08:48,2025-03-14 12:48
LAB731356,ENC113259,PT12997,A1C,Hemoglobin A1c,5.6,%,4,5.6,N,Routine,2025-03-14 09:29,2025-03-14 09:34,2025-03-15 00:53
LAB731357,ENC113263,PT12145,GLU,Glucose,107,mg/dL,70,99,H,Routine,2025-03-14 13:47,2025-03-14 14:06,2025-03-14 16:24
LAB731358,ENC113263,PT12145,CREAT,Creatinine,0.64,mg/dL,0.6,1.3,N,STAT,2025-03-14 13:02,2025-03-14 13:31,2025-03-14 14:20
LAB731359,ENC113263,PT12145,WBC,White Blood Cell Count,6.8,K/uL,4.5,11,N,STAT,2025-03-14 13:55,2025-03-14 14:04,2025-03-14 14:46
LAB731360,ENC113263,PT12145,HGB,Hemoglobin,12.4,g/dL,12,17.5,N,Routine,2025-03-14 12:55,2025-03-14 13:22,2025-03-14 16:41
LAB731361,ENC113264,PT11322,GLU,Glucose,72,mg/dL,70,99,N,Routine,2025-03-14 12:22,2025-03-14 12:36,2025-03-14 14:34
LAB731362,ENC113264,PT11322,CREAT,Creatinine,1.1,mg/dL,0.6,1.3,N,Routine,2025-03-14 13:07,2025-03-14 13:24,2025-03-14 15:10
LAB731363,ENC113264,PT11322,WBC,White Blood Cell Count,10,K/uL,4.5,11,N,STAT,2025-03-14 13:01,2025-03-14 13:14,2025-03-14 14:04
LAB731364,ENC113264,PT11322,HGB,Hemoglobin,14.7,g/dL,12,17.5,N,Routine,2025-03-14 13:16,2025-03-14 13:43,2025-03-14 17:45
LAB731365,ENC113264,PT11322,INR,Prothrombin Time INR,0.9,ratio,0.8,1.2,N,STAT,2025-03-14 13:20,2025-03-14 13:48,2025-03-14 14:30
LAB731366,ENC113267,PT12220,WBC,White Blood Cell Count,8.5,K/uL,4.5,11,N,Routine,2025-03-14 11:18,2025-03-14 11:49,2025-03-14 13:53
LAB731367,ENC113267,PT12220,HGB,Hemoglobin,12.7,g/dL,12,17.5,N,Routine,2025-03-14 11:26,2025-03-14 11:30,2025-03-14 15:38
LAB731368,ENC113267,PT12220,PLT,Platelet Count,345,K/uL,150,400,N,Routine,2025-03-14 11:16,2025-03-14 11:35,2025-03-14 18:17
LAB731369,ENC113269,PT10413,GLU,Glucose,96,mg/dL,70,99,N,STAT,2025-03-14 15:37,2025-03-14 15:46,2025-03-14 16:25
LAB731370,ENC113269,PT10413,CREAT,Creatinine,0.94,mg/dL,0.6,1.3,N,Routine,2025-03-14 15:50,2025-03-14 15:56,2025-03-14 18:13
LAB731371,ENC113269,PT10413,WBC,White Blood Cell Count,8.1,K/uL,4.5,11,N,STAT,2025-03-14 15:44,2025-03-14 16:09,2025-03-14 16:50
LAB731372,ENC113269,PT10413,HGB,Hemoglobin,9.8,g/dL,12,17.5,L,Routine,2025-03-14 16:30,2025-03-14 17:00,2025-03-14 20:00
LAB731373,ENC113269,PT10413,TROP,"Troponin I, High Sensitivity",121,ng/L,0,34,H,STAT,2025-03-14 16:26,2025-03-14 16:59,2025-03-14 18:15
LAB731374,ENC113271,PT10956,A1C,Hemoglobin A1c,9.7,%,4,5.6,H,Routine,2025-03-14 12:23,2025-03-14 12:30,2025-03-15 03:06
LAB731375,ENC113271,PT10956,GLU,Glucose,59,mg/dL,70,99,L,Routine,2025-03-14 12:29,2025-03-14 12:57,2025-03-14 15:38
LAB731376,ENC113271,PT10956,CREAT,Creatinine,0.81,mg/dL,0.6,1.3,N,Routine,2025-03-14 12:21,2025-03-14 12:51,2025-03-14 14:22
LAB731377,ENC113277,PT10412,GLU,Glucose,122,mg/dL,70,99,H,Routine,2025-03-14 18:11,2025-03-14 18:31,2025-03-14 22:17
LAB731378,ENC113277,PT10412,CREAT,Creatinine,1.12,mg/dL,0.6,1.3,N,Routine,2025-03-14 18:05,2025-03-14 18:38,2025-03-14 22:31
LAB731379,ENC113277,PT10412,WBC,White Blood Cell Count,6.7,K/uL,4.5,11,N,STAT,2025-03-14 17:47,2025-03-14 18:02,2025-03-14 19:02
LAB731380,ENC113277,PT10412,HGB,Hemoglobin,13.7,g/dL,12,17.5,N,STAT,2025-03-14 18:27,2025-03-14 18:46,2025-03-14 19:27
LAB731381,ENC113277,PT10412,TROP,"Troponin I, High Sensitivity",85,ng/L,0,34,H,STAT,2025-03-14 18:30,2025-03-14 18:48,2025-03-14 19:28
LAB731382,ENC113277,PT10412,BNP,B-Type Natriuretic Peptide,2342,pg/mL,0,100,H,STAT,2025-03-14 17:35,2025-03-14 17:48,2025-03-14 18:37
LAB731383,ENC113278,PT12941,GLU,Glucose,96,mg/dL,70,99,N,STAT,2025-03-14 15:48,2025-03-14 16:02,2025-03-14 16:43
LAB731384,ENC113278,PT12941,CREAT,Creatinine,0.55,mg/dL,0.6,1.3,L,Routine,2025-03-14 14:53,2025-03-14 15:19,2025-03-14 17:17
LAB731385,ENC113278,PT12941,WBC,White Blood Cell Count,5.7,K/uL,4.5,11,N,STAT,2025-03-14 15:52,2025-03-14 15:56,2025-03-14 17:13
LAB731386,ENC113281,PT13939,GLU,Glucose,90,mg/dL,70,99,N,STAT,2025-03-14 17:41,2025-03-14 17:48,2025-03-14 19:46
LAB731387,ENC113281,PT13939,CREAT,Creatinine,1.06,mg/dL,0.6,1.3,N,STAT,2025-03-14 17:23,2025-03-14 17:51,2025-03-14 18:20
LAB731388,ENC113281,PT13939,WBC,White Blood Cell Count,9,K/uL,4.5,11,N,STAT,2025-03-14 17:49,2025-03-14 18:17,2025-03-14 19:11
LAB731389,ENC113281,PT13939,HGB,Hemoglobin,15.1,g/dL,12,17.5,N,STAT,2025-03-14 16:56,2025-03-14 17:00,2025-03-14 17:45
LAB731390,ENC113281,PT13939,INR,Prothrombin Time INR,1,ratio,0.8,1.2,N,STAT,2025-03-14 16:54,2025-03-14 17:01,2025-03-14 17:42
LAB731391,ENC113284,PT10364,GLU,Glucose,235,mg/dL,70,99,H,STAT,2025-03-14 21:04,2025-03-14 21:29,2025-03-14 21:58
LAB731392,ENC113284,PT10364,CREAT,Creatinine,1.09,mg/dL,0.6,1.3,N,Routine,2025-03-14 20:50,2025-03-14 21:22,2025-03-15 00:14
LAB731393,ENC113284,PT10364,WBC,White Blood Cell Count,18,K/uL,4.5,11,H,Routine,2025-03-14 20:05,2025-03-14 20:14,2025-03-15 00:40
LAB731394,ENC113284,PT10364,HGB,Hemoglobin,13.6,g/dL,12,17.5,N,STAT,2025-03-14 20:25,2025-03-14 20:43,2025-03-14 21:46
LAB731395,ENC113284,PT10364,NA,Sodium,137,mmol/L,136,145,N,STAT,2025-03-14 20:17,2025-03-14 20:33,2025-03-14 21:26
LAB731396,ENC113284,PT10364,K,Potassium,4.7,mmol/L,3.5,5.1,N,STAT,2025-03-14 20:18,2025-03-14 20:30,2025-03-14 20:56
LAB731397,ENC113285,PT12579,GLU,Glucose,127,mg/dL,70,99,H,STAT,2025-03-15 01:20,2025-03-15 01:24,2025-03-15 02:09
LAB731398,ENC113285,PT12579,CREAT,Creatinine,1.12,mg/dL,0.6,1.3,N,Routine,2025-03-15 01:12,2025-03-15 01:32,2025-03-15 04:59
LAB731399,ENC113285,PT12579,WBC,White Blood Cell Count,7,K/uL,4.5,11,N,STAT,2025-03-15 01:27,2025-03-15 02:00,2025-03-15 03:19
LAB731400,ENC113285,PT12579,HGB,Hemoglobin,6.1,g/dL,12,17.5,LL,STAT,2025-03-15 01:43,2025-03-15 02:11,2025-03-15 02:36
LAB731401,ENC113285,PT12579,NA,Sodium,141,mmol/L,136,145,N,Routine,2025-03-15 01:22,2025-03-15 01:35,2025-03-15 04:36
LAB731402,ENC113285,PT12579,K,Potassium,3.8,mmol/L,3.5,5.1,N,STAT,2025-03-15 01:29,2025-03-15 01:33,2025-03-15 02:19
LAB731403,ENC113285,PT12579,LACT,Lactate,1.7,mmol/L,0.5,2,N,STAT,2025-03-15 01:29,2025-03-15 01:45,2025-03-15 02:31
LAB731404,ENC113285,PT12579,INR,Prothrombin Time INR,1,ratio,0.8,1.2,N,STAT,2025-03-15 02:12,2025-03-15 02:46,2025-03-15 04:03
LAB731405,ENC113286,PT10620,GLU,Glucose,100,mg/dL,70,99,H,STAT,2025-03-14 23:37,2025-03-14 23:57,2025-03-15 00:56
LAB731406,ENC113286,PT10620,CREAT,Creatinine,1.04,mg/dL,0.6,1.3,N,STAT,2025-03-14 23:31,2025-03-14 23:43,2025-03-15 00:19
LAB731407,ENC113286,PT10620,WBC,White Blood Cell Count,9.6,K/uL,4.5,11,N,STAT,2025-03-14 23:31,2025-03-14 23:52,2025-03-15 00:27
LAB731408,ENC113286,PT10620,HGB,Hemoglobin,14.4,g/dL,12,17.5,N,Routine,2025-03-14 23:05,2025-03-14 23:39,2025-03-15 04:15
LAB731409,ENC113289,PT11310,GLU,Glucose,197,mg/dL,70,99,H,Routine,2025-03-15 01:41,2025-03-15 01:54,2025-03-15 04:25
LAB731410,ENC113289,PT11310,CREAT,Creatinine,1,mg/dL,0.6,1.3,N,STAT,2025-03-15 02:19,2025-03-15 02:34,2025-03-15 03:24
LAB731411,ENC113289,PT11310,WBC,White Blood Cell Count,11,K/uL,4.5,11,N,Routine,2025-03-15 02:32,2025-03-15 02:59,2025-03-15 04:45
LAB731412,ENC113291,PT11727,GLU,Glucose,88,mg/dL,70,99,N,STAT,2025-03-15 11:37,2025-03-15 12:08,2025-03-15 12:45
LAB731413,ENC113291,PT11727,CREAT,Creatinine,0.9,mg/dL,0.6,1.3,N,STAT,2025-03-15 11:10,2025-03-15 11:21,2025-03-15 11:55
LAB731414,ENC113291,PT11727,WBC,White Blood Cell Count,8.6,K/uL,4.5,11,N,Routine,2025-03-15 11:31,2025-03-15 11:51,2025-03-15 16:26
LAB731415,ENC113291,PT11727,HGB,Hemoglobin,14.2,g/dL,12,17.5,N,STAT,2025-03-15 10:42,2025-03-15 11:08,2025-03-15 11:42
LAB731416,ENC113291,PT11727,NA,Sodium,134,mmol/L,136,145,L,STAT,2025-03-15 10:49,2025-03-15 11:22,2025-03-15 11:50
LAB731417,ENC113291,PT11727,K,Potassium,4.2,mmol/L,3.5,5.1,N,STAT,2025-03-15 11:48,2025-03-15 12:22,2025-03-15 12:52
LAB731418,ENC113292,PT12159,GLU,Glucose,126,mg/dL,70,99,H,STAT,2025-03-15 11:58,2025-03-15 12:31,2025-03-15 13:26
LAB731419,ENC113292,PT12159,CREAT,Creatinine,0.86,mg/dL,0.6,1.3,N,STAT,2025-03-15 11:00,2025-03-15 11:23,2025-03-15 12:17
LAB731420,ENC113292,PT12159,WBC,White Blood Cell Count,8,K/uL,4.5,11,N,STAT,2025-03-15 11:07,2025-03-15 11:40,2025-03-15 12:25
LAB731421,ENC113292,PT12159,HGB,Hemoglobin,13,g/dL,12,17.5,N,Routine,2025-03-15 11:25,2025-03-15 11:29,2025-03-15 13:19
LAB731422,ENC113292,PT12159,TROP,"Troponin I, High Sensitivity",1290,ng/L,0,34,H,STAT,2025-03-15 11:56,2025-03-15 12:12,2025-03-15 13:16
LAB731423,ENC113295,PT10886,GLU,Glucose,152,mg/dL,70,99,H,STAT,2025-03-15 13:47,2025-03-15 13:51,2025-03-15 14:19
LAB731424,ENC113295,PT10886,CREAT,Creatinine,0.64,mg/dL,0.6,1.3,N,STAT,2025-03-15 13:56,2025-03-15 14:07,2025-03-15 14:39
LAB731425,ENC113295,PT10886,WBC,White Blood Cell Count,6.4,K/uL,4.5,11,N,STAT,2025-03-15 13:23,2025-03-15 13:56,2025-03-15 14:35
LAB731426,ENC113295,PT10886,HGB,Hemoglobin,13.9,g/dL,12,17.5,N,STAT,2025-03-15 13:21,2025-03-15 13:37,2025-03-15 14:10
LAB731427,ENC113295,PT10886,BUN,Blood Urea Nitrogen,11,mg/dL,7,20,N,Routine,2025-03-15 13:14,2025-03-15 13:32,2025-03-15 16:33
LAB731428,ENC113295,PT10886,PLT,Platelet Count,275,K/uL,150,400,N,Routine,2025-03-15 14:02,2025-03-15 14:07,2025-03-15 19:15
LAB731429,ENC113296,PT11977,GLU,Glucose,227,mg/dL,70,99,H,Routine,2025-03-15 18:18,2025-03-15 18:34,2025-03-15 20:32
LAB731430,ENC113296,PT11977,CREAT,Creatinine,0.51,mg/dL,0.6,1.3,L,STAT,2025-03-15 17:36,2025-03-15 17:40,2025-03-15 18:10
LAB731431,ENC113296,PT11977,WBC,White Blood Cell Count,8.1,K/uL,4.5,11,N,STAT,2025-03-15 17:32,2025-03-15 17:42,2025-03-15 18:24
LAB731432,ENC113296,PT11977,HGB,Hemoglobin,13.4,g/dL,12,17.5,N,Routine,2025-03-15 17:58,2025-03-15 18:23,2025-03-15 21:57
LAB731433,ENC113299,PT13547,GLU,Glucose,87,mg/dL,70,99,N,Routine,2025-03-15 18:31,2025-03-15 19:06,2025-03-15 21:42
LAB731434,ENC113299,PT13547,CREAT,Creatinine,1.39,mg/dL,0.6,1.3,H,Routine,2025-03-15 18:25,2025-03-15 18:34,2025-03-16 00:04
LAB731435,ENC113299,PT13547,WBC,White Blood Cell Count,8,K/uL,4.5,11,N,Routine,2025-03-15 19:17,2025-03-15 19:35,2025-03-16 01:07
LAB731436,ENC113299,PT13547,HGB,Hemoglobin,12.3,g/dL,12,17.5,N,STAT,2025-03-15 19:08,2025-03-15 19:39,2025-03-15 20:30
LAB731437,ENC113300,PT12828,GLU,Glucose,111,mg/dL,70,99,H,STAT,2025-03-15 19:31,2025-03-15 19:42,2025-03-15 20:44
LAB731438,ENC113300,PT12828,CREAT,Creatinine,3.05,mg/dL,0.6,1.3,H,STAT,2025-03-15 19:19,2025-03-15 19:47,2025-03-15 21:01
LAB731439,ENC113300,PT12828,WBC,White Blood Cell Count,14.7,K/uL,4.5,11,H,STAT,2025-03-15 18:33,2025-03-15 18:46,2025-03-15 19:50
LAB731440,ENC113300,PT12828,HGB,Hemoglobin,11.4,g/dL,12,17.5,L,STAT,2025-03-15 19:15,2025-03-15 19:33,2025-03-15 20:40
LAB731441,ENC113303,PT12885,GLU,Glucose,77,mg/dL,70,99,N,STAT,2025-03-15 20:52,2025-03-15 20:59,2025-03-15 21:50
LAB731442,ENC113303,PT12885,CREAT,Creatinine,0.92,mg/dL,0.6,1.3,N,Routine,2025-03-15 21:06,2025-03-15 21:28,2025-03-16 01:13
LAB731443,ENC113303,PT12885,WBC,White Blood Cell Count,9.1,K/uL,4.5,11,N,Routine,2025-03-15 20:42,2025-03-15 21:10,2025-03-15 23:22
LAB731444,ENC113303,PT12885,HGB,Hemoglobin,15.8,g/dL,12,17.5,N,STAT,2025-03-15 20:52,2025-03-15 21:25,2025-03-15 22:02
LAB731445,ENC113304,PT12169,GLU,Glucose,97,mg/dL,70,99,N,Routine,2025-03-15 22:39,2025-03-15 22:56,2025-03-16 07:56
LAB731446,ENC113304,PT12169,CREAT,Creatinine,0.74,mg/dL,0.6,1.3,N,STAT,2025-03-15 22:15,2025-03-15 22:47,2025-03-16 00:21
LAB731447,ENC113304,PT12169,WBC,White Blood Cell Count,14.3,K/uL,4.5,11,H,STAT,2025-03-15 22:23,2025-03-15 22:53,2025-03-15 23:53
LAB731448,ENC113304,PT12169,HGB,Hemoglobin,13.4,g/dL,12,17.5,N,STAT,2025-03-15 22:01,2025-03-15 22:26,2025-03-15 22:51
LAB731449,ENC113305,PT11408,GLU,Glucose,105,mg/dL,70,99,H,STAT,2025-03-15 17:51,2025-03-15 18:20,2025-03-15 18:58
LAB731450,ENC113305,PT11408,CREAT,Creatinine,0.42,mg/dL,0.6,1.3,L,STAT,2025-03-15 17:52,2025-03-15 18:17,2025-03-15 18:48
LAB731451,ENC113305,PT11408,WBC,White Blood Cell Count,8.4,K/uL,4.5,11,N,STAT,2025-03-15 18:09,2025-03-15 18:18,2025-03-15 18:51
LAB731452,ENC113305,PT11408,HGB,Hemoglobin,13.9,g/dL,12,17.5,N,STAT,2025-03-15 18:58,2025-03-15 19:22,2025-03-15 20:08
LAB731453,ENC113306,PT12019,GLU,Glucose,215,mg/dL,70,99,H,Routine,2025-03-16 00:02,2025-03-16 00:37,2025-03-16 03:06
LAB731454,ENC113306,PT12019,CREAT,Creatinine,0.69,mg/dL,0.6,1.3,N,STAT,2025-03-15 23:43,2025-03-16 00:01,2025-03-16 01:03
LAB731455,ENC113306,PT12019,WBC,White Blood Cell Count,6.7,K/uL,4.5,11,N,STAT,2025-03-15 23:15,2025-03-15 23:25,2025-03-15 23:48
LAB731456,ENC113306,PT12019,HGB,Hemoglobin,13.9,g/dL,12,17.5,N,Routine,2025-03-15 23:57,2025-03-16 00:15,2025-03-16 03:06
LAB731457,ENC113306,PT12019,TROP,"Troponin I, High Sensitivity",89,ng/L,0,34,H,STAT,2025-03-15 23:42,2025-03-16 00:11,2025-03-16 00:41
LAB731458,ENC113306,PT12019,BNP,B-Type Natriuretic Peptide,348,pg/mL,0,100,H,STAT,2025-03-15 23:23,2025-03-15 23:29,2025-03-15 23:58
LAB731459,ENC113307,PT10890,GLU,Glucose,97,mg/dL,70,99,N,Routine,2025-03-15 21:36,2025-03-15 21:51,2025-03-16 03:01
LAB731460,ENC113307,PT10890,CREAT,Creatinine,1.01,mg/dL,0.6,1.3,N,Routine,2025-03-15 21:01,2025-03-15 21:29,2025-03-16 02:24
LAB731461,ENC113307,PT10890,WBC,White Blood Cell Count,14.4,K/uL,4.5,11,H,STAT,2025-03-15 20:52,2025-03-15 21:23,2025-03-15 22:37
LAB731462,ENC113307,PT10890,HGB,Hemoglobin,13.7,g/dL,12,17.5,N,STAT,2025-03-15 21:18,2025-03-15 21:38,2025-03-15 21:57
LAB731463,ENC113307,PT10890,BUN,Blood Urea Nitrogen,13,mg/dL,7,20,N,STAT,2025-03-15 20:41,2025-03-15 21:03,2025-03-15 21:22
LAB731464,ENC113307,PT10890,PLT,Platelet Count,226,K/uL,150,400,N,Routine,2025-03-15 21:11,2025-03-15 21:46,2025-03-16 01:23
LAB731465,ENC113308,PT11488,GLU,Glucose,73,mg/dL,70,99,N,Routine,2025-03-16 02:22,2025-03-16 02:33,2025-03-16 04:28
LAB731466,ENC113308,PT11488,CREAT,Creatinine,0.74,mg/dL,0.6,1.3,N,STAT,2025-03-16 02:56,2025-03-16 03:00,2025-03-16 04:12
LAB731467,ENC113308,PT11488,WBC,White Blood Cell Count,5.3,K/uL,4.5,11,N,Routine,2025-03-16 02:27,2025-03-16 02:34,2025-03-16 05:28
LAB731468,ENC113308,PT11488,HGB,Hemoglobin,15.5,g/dL,12,17.5,N,STAT,2025-03-16 02:28,2025-03-16 02:54,2025-03-16 03:28
LAB731469,ENC113308,PT11488,TROP,"Troponin I, High Sensitivity",1,ng/L,0,34,N,STAT,2025-03-16 02:22,2025-03-16 02:56,2025-03-16 04:12
LAB731470,ENC113308,PT11488,BNP,B-Type Natriuretic Peptide,495,pg/mL,0,100,H,STAT,2025-03-16 02:56,2025-03-16 03:11,2025-03-16 03:49
LAB731471,ENC113309,PT12392,GLU,Glucose,109,mg/dL,70,99,H,STAT,2025-03-15 22:30,2025-03-15 22:39,2025-03-15 23:06
LAB731472,ENC113309,PT12392,CREAT,Creatinine,0.89,mg/dL,0.6,1.3,N,Routine,2025-03-15 22:32,2025-03-15 22:41,2025-03-16 01:23
LAB731473,ENC113309,PT12392,WBC,White Blood Cell Count,8.6,K/uL,4.5,11,N,STAT,2025-03-15 22:05,2025-03-15 22:22,2025-03-15 23:12
LAB731474,ENC113309,PT12392,HGB,Hemoglobin,13.2,g/dL,12,17.5,N,Routine,2025-03-15 21:59,2025-03-15 22:19,2025-03-16 00:34
LAB731475,ENC113309,PT12392,NA,Sodium,138,mmol/L,136,145,N,STAT,2025-03-15 22:15,2025-03-15 22:34,2025-03-15 23:11
LAB731476,ENC113309,PT12392,K,Potassium,4.3,mmol/L,3.5,5.1,N,STAT,2025-03-15 22:03,2025-03-15 22:13,2025-03-15 22:48
LAB731477,ENC113310,PT10211,GLU,Glucose,110,mg/dL,70,99,H,STAT,2025-03-16 01:05,2025-03-16 01:25,2025-03-16 01:56
LAB731478,ENC113310,PT10211,CREAT,Creatinine,0.94,mg/dL,0.6,1.3,N,Routine,2025-03-16 01:01,2025-03-16 01:15,2025-03-16 05:28
LAB731479,ENC113310,PT10211,WBC,White Blood Cell Count,9,K/uL,4.5,11,N,STAT,2025-03-16 01:24,2025-03-16 01:30,2025-03-16 02:04
LAB731480,ENC113310,PT10211,HGB,Hemoglobin,12.8,g/dL,12,17.5,N,Routine,2025-03-16 01:49,2025-03-16 02:17,2025-03-16 06:48
LAB731481,ENC113312,PT12486,GLU,Glucose,122,mg/dL,70,99,H,STAT,2025-03-16 09:34,2025-03-16 09:46,2025-03-16 10:25
LAB731482,ENC113312,PT12486,CREAT,Creatinine,1.16,mg/dL,0.6,1.3,N,STAT,2025-03-16 09:11,2025-03-16 09:39,2025-03-16 10:00
LAB731483,ENC113312,PT12486,WBC,White Blood Cell Count,5.9,K/uL,4.5,11,N,STAT,2025-03-16 08:44,2025-03-16 08:58,2025-03-16 09:56
LAB731484,ENC113312,PT12486,HGB,Hemoglobin,13.8,g/dL,12,17.5,N,STAT,2025-03-16 09:23,2025-03-16 09:49,2025-03-16 10:12
LAB731485,ENC113312,PT12486,INR,Prothrombin Time INR,0.9,ratio,0.8,1.2,N,STAT,2025-03-16 08:43,2025-03-16 09:12,2025-03-16 09:47
LAB731486,ENC113313,PT12498,GLU,Glucose,183,mg/dL,70,99,H,STAT,2025-03-16 07:58,2025-03-16 08:32,2025-03-16 09:09
LAB731487,ENC113313,PT12498,CREAT,Creatinine,1.9,mg/dL,0.6,1.3,H,STAT,2025-03-16 07:57,2025-03-16 08:05,2025-03-16 08:34
LAB731488,ENC113313,PT12498,WBC,White Blood Cell Count,17.1,K/uL,4.5,11,H,Routine,2025-03-16 08:07,2025-03-16 08:39,2025-03-16 10:49
LAB731489,ENC113313,PT12498,HGB,Hemoglobin,15.8,g/dL,12,17.5,N,STAT,2025-03-16 07:44,2025-03-16 08:07,2025-03-16 09:33
LAB731490,ENC113313,PT12498,LACT,Lactate,7.4,mmol/L,0.5,2,HH,STAT,2025-03-16 08:18,2025-03-16 08:41,2025-03-16 09:16
LAB731491,ENC113314,PT12745,GLU,Glucose,203,mg/dL,70,99,H,STAT,2025-03-16 08:48,2025-03-16 08:55,2025-03-16 09:52
LAB731492,ENC113314,PT12745,CREAT,Creatinine,0.95,mg/dL,0.6,1.3,N,STAT,2025-03-16 09:19,2025-03-16 09:39,2025-03-16 10:50
LAB731493,ENC113314,PT12745,WBC,White Blood Cell Count,6.3,K/uL,4.5,11,N,STAT,2025-03-16 09:15,2025-03-16 09:41,2025-03-16 10:00
LAB731494,ENC113315,PT11101,GLU,Glucose,152,mg/dL,70,99,H,Routine,2025-03-16 09:49,2025-03-16 10:03,2025-03-16 11:25
LAB731495,ENC113315,PT11101,CREAT,Creatinine,0.86,mg/dL,0.6,1.3,N,Routine,2025-03-16 10:12,2025-03-16 10:20,2025-03-16 11:03
LAB731496,ENC113315,PT11101,WBC,White Blood Cell Count,5.2,K/uL,4.5,11,N,STAT,2025-03-16 09:24,2025-03-16 09:39,2025-03-16 10:13
LAB731497,ENC113315,PT11101,HGB,Hemoglobin,14.9,g/dL,12,17.5,N,Routine,2025-03-16 09:38,2025-03-16 09:56,2025-03-16 12:58
LAB731498,ENC113316,PT10239,GLU,Glucose,135,mg/dL,70,99,H,STAT,2025-03-16 10:43,2025-03-16 10:55,2025-03-16 11:27
LAB731499,ENC113316,PT10239,CREAT,Creatinine,1.11,mg/dL,0.6,1.3,N,Routine,2025-03-16 11:00,2025-03-16 11:20,2025-03-16 13:14
LAB731500,ENC113316,PT10239,WBC,White Blood Cell Count,10.5,K/uL,4.5,11,N,STAT,2025-03-16 10:28,2025-03-16 11:03,2025-03-16 12:29
LAB731501,ENC113316,PT10239,HGB,Hemoglobin,13.4,g/dL,12,17.5,N,Routine,2025-03-16 10:13,2025-03-16 10:25,2025-03-16 14:44
LAB731502,ENC113317,PT10749,GLU,Glucose,100,mg/dL,70,99,H,STAT,2025-03-16 13:18,2025-03-16 13:43,2025-03-16 14:11
LAB731503,ENC113317,PT10749,CREAT,Creatinine,0.71,mg/dL,0.6,1.3,N,STAT,2025-03-16 13:35,2025-03-16 13:47,2025-03-16 14:25
LAB731504,ENC113317,PT10749,WBC,White Blood Cell Count,6.2,K/uL,4.5,11,N,Routine,2025-03-16 13:57,2025-03-16 14:02,2025-03-16 15:52
LAB731505,ENC113317,PT10749,HGB,Hemoglobin,14.2,g/dL,12,17.5,N,STAT,2025-03-16 14:15,2025-03-16 14:42,2025-03-16 15:10
LAB731506,ENC113317,PT10749,INR,Prothrombin Time INR,1,ratio,0.8,1.2,N,STAT,2025-03-16 13:26,2025-03-16 13:48,2025-03-16 15:32
LAB731507,ENC113319,PT12240,GLU,Glucose,111,mg/dL,70,99,H,STAT,2025-03-16 13:57,2025-03-16 14:29,2025-03-16 15:00
LAB731508,ENC113319,PT12240,CREAT,Creatinine,0.91,mg/dL,0.6,1.3,N,STAT,2025-03-16 14:30,2025-03-16 15:05,2025-03-16 16:23
LAB731509,ENC113319,PT12240,WBC,White Blood Cell Count,6.9,K/uL,4.5,11,N,STAT,2025-03-16 13:54,2025-03-16 14:21,2025-03-16 14:57
LAB731510,ENC113319,PT12240,HGB,Hemoglobin,10.8,g/dL,12,17.5,L,Routine,2025-03-16 14:00,2025-03-16 14:34,2025-03-16 17:00
LAB731511,ENC113320,PT13262,GLU,Glucose,153,mg/dL,70,99,H,STAT,2025-03-16 17:06,2025-03-16 17:39,2025-03-16 18:22
LAB731512,ENC113320,PT13262,CREAT,Creatinine,2.01,mg/dL,0.6,1.3,H,STAT,2025-03-16 16:12,2025-03-16 16:47,2025-03-16 17:38
LAB731513,ENC113320,PT13262,WBC,White Blood Cell Count,24.8,K/uL,4.5,11,H,Routine,2025-03-16 16:26,2025-03-16 16:40,2025-03-16 18:51
LAB731514,ENC113320,PT13262,HGB,Hemoglobin,15.9,g/dL,12,17.5,N,Routine,2025-03-16 16:03,2025-03-16 16:19,2025-03-16 21:16
LAB731515,ENC113320,PT13262,NA,Sodium,141,mmol/L,136,145,N,STAT,2025-03-16 16:44,2025-03-16 17:01,2025-03-16 17:36
LAB731516,ENC113320,PT13262,K,Potassium,4,mmol/L,3.5,5.1,N,STAT,2025-03-16 16:09,2025-03-16 16:15,2025-03-16 17:11
LAB731517,ENC113320,PT13262,BUN,Blood Urea Nitrogen,24,mg/dL,7,20,H,Routine,2025-03-16 16:18,2025-03-16 16:22,2025-03-16 17:18
LAB731518,ENC113320,PT13262,PLT,Platelet Count,215,K/uL,150,400,N,Routine,2025-03-16 16:15,2025-03-16 16:38,2025-03-17 04:20
LAB731519,ENC113320,PT13262,LACT,Lactate,4.2,mmol/L,0.5,2,HH,STAT,2025-03-16 16:21,2025-03-16 16:35,2025-03-16 17:26
LAB731520,ENC113322,PT11877,GLU,Glucose,64,mg/dL,70,99,L,STAT,2025-03-16 17:34,2025-03-16 18:04,2025-03-16 19:04
LAB731521,ENC113322,PT11877,CREAT,Creatinine,0.78,mg/dL,0.6,1.3,N,Routine,2025-03-16 17:46,2025-03-16 18:20,2025-03-16 21:44
LAB731522,ENC113322,PT11877,WBC,White Blood Cell Count,7.6,K/uL,4.5,11,N,STAT,2025-03-16 17:04,2025-03-16 17:10,2025-03-16 19:00
LAB731523,ENC113322,PT11877,HGB,Hemoglobin,11.2,g/dL,12,17.5,L,STAT,2025-03-16 17:45,2025-03-16 18:14,2025-03-16 18:44
LAB731524,ENC113322,PT11877,TROP,"Troponin I, High Sensitivity",5,ng/L,0,34,N,STAT,2025-03-16 17:40,2025-03-16 18:00,2025-03-16 18:37
LAB731525,ENC113323,PT10013,GLU,Glucose,100,mg/dL,70,99,H,STAT,2025-03-16 20:56,2025-03-16 21:28,2025-03-16 22:10
LAB731526,ENC113323,PT10013,CREAT,Creatinine,0.99,mg/dL,0.6,1.3,N,Routine,2025-03-16 21:26,2025-03-16 21:53,2025-03-17 00:58
LAB731527,ENC113323,PT10013,WBC,White Blood Cell Count,8.4,K/uL,4.5,11,N,STAT,2025-03-16 21:12,2025-03-16 21:25,2025-03-16 22:16
LAB731528,ENC113323,PT10013,HGB,Hemoglobin,16,g/dL,12,17.5,N,Routine,2025-03-16 20:41,2025-03-16 21:13,2025-03-16 23:37
LAB731529,ENC113324,PT13072,GLU,Glucose,176,mg/dL,70,99,H,Routine,2025-03-16 20:21,2025-03-16 20:43,2025-03-16 21:55
LAB731530,ENC113324,PT13072,CREAT,Creatinine,0.66,mg/dL,0.6,1.3,N,Routine,2025-03-16 19:34,2025-03-16 20:04,2025-03-16 22:17
LAB731531,ENC113324,PT13072,WBC,White Blood Cell Count,11.4,K/uL,4.5,11,H,STAT,2025-03-16 20:04,2025-03-16 20:20,2025-03-16 20:43
LAB731532,ENC113324,PT13072,HGB,Hemoglobin,15.2,g/dL,12,17.5,N,Routine,2025-03-16 20:07,2025-03-16 20:29,2025-03-16 21:43
LAB731533,ENC113325,PT13492,GLU,Glucose,75,mg/dL,70,99,N,Routine,2025-03-16 18:18,2025-03-16 18:33,2025-03-16 20:45
LAB731534,ENC113325,PT13492,CREAT,Creatinine,0.69,mg/dL,0.6,1.3,N,Routine,2025-03-16 18:07,2025-03-16 18:18,2025-03-16 21:36
LAB731535,ENC113325,PT13492,WBC,White Blood Cell Count,9.2,K/uL,4.5,11,N,Routine,2025-03-16 17:54,2025-03-16 17:58,2025-03-16 19:18
LAB731536,ENC113325,PT13492,HGB,Hemoglobin,15.3,g/dL,12,17.5,N,STAT,2025-03-16 18:08,2025-03-16 18:37,2025-03-16 19:11
LAB731537,ENC113325,PT13492,NA,Sodium,139,mmol/L,136,145,N,Routine,2025-03-16 18:27,2025-03-16 18:47,2025-03-16 20:44
LAB731538,ENC113325,PT13492,K,Potassium,3.6,mmol/L,3.5,5.1,N,STAT,2025-03-16 18:27,2025-03-16 18:34,2025-03-16 19:26
LAB731539,ENC113326,PT12330,GLU,Glucose,100,mg/dL,70,99,H,STAT,2025-03-16 19:20,2025-03-16 19:55,2025-03-16 20:12
LAB731540,ENC113326,PT12330,CREAT,Creatinine,0.83,mg/dL,0.6,1.3,N,Routine,2025-03-16 19:39,2025-03-16 20:00,2025-03-16 23:47
LAB731541,ENC113326,PT12330,WBC,White Blood Cell Count,7.7,K/uL,4.5,11,N,Routine,2025-03-16 18:55,2025-03-16 19:19,2025-03-16 21:15
LAB731542,ENC113326,PT12330,HGB,Hemoglobin,12.9,g/dL,12,17.5,N,Routine,2025-03-16 18:43,2025-03-16 18:53,2025-03-16 20:27
LAB731543,ENC113326,PT12330,LACT,Lactate,2,mmol/L,0.5,2,N,STAT,2025-03-16 18:56,2025-03-16 19:28,2025-03-16 20:27
LAB731544,ENC113327,PT10416,GLU,Glucose,90,mg/dL,70,99,N,STAT,2025-03-16 22:35,2025-03-16 22:49,2025-03-16 23:35
LAB731545,ENC113327,PT10416,CREAT,Creatinine,0.68,mg/dL,0.6,1.3,N,Routine,2025-03-16 22:22,2025-03-16 22:55,2025-03-17 00:12
LAB731546,ENC113327,PT10416,WBC,White Blood Cell Count,16.6,K/uL,4.5,11,H,Routine,2025-03-16 21:59,2025-03-16 22:25,2025-03-17 01:57
LAB731547,ENC113327,PT10416,HGB,Hemoglobin,15.8,g/dL,12,17.5,N,STAT,2025-03-16 22:41,2025-03-16 23:13,2025-03-16 23:46
LAB731548,ENC113329,PT13226,GLU,Glucose,106,mg/dL,70,99,H,Routine,2025-03-17 01:36,2025-03-17 02:06,2025-03-17 04:12
LAB731549,ENC113329,PT13226,CREAT,Creatinine,1.46,mg/dL,0.6,1.3,H,STAT,2025-03-17 01:53,2025-03-17 02:03,2025-03-17 03:31
LAB731550,ENC113329,PT13226,WBC,White Blood Cell Count,8.8,K/uL,4.5,11,N,STAT,2025-03-17 01:40,2025-03-17 01:59,2025-03-17 02:32
LAB731551,ENC113329,PT13226,HGB,Hemoglobin,12.8,g/dL,12,17.5,N,STAT,2025-03-17 02:32,2025-03-17 02:52,2025-03-17 03:35
LAB731552,ENC113329,PT13226,TROP,"Troponin I, High Sensitivity",198,ng/L,0,34,H,STAT,2025-03-17 02:33,2025-03-17 02:50,2025-03-17 03:12
LAB731553,ENC113330,PT10479,GLU,Glucose,107,mg/dL,70,99,H,STAT,2025-03-16 22:29,2025-03-16 22:39,2025-03-16 23:34
LAB731554,ENC113330,PT10479,CREAT,Creatinine,0.55,mg/dL,0.6,1.3,L,Routine,2025-03-16 21:45,2025-03-16 22:04,2025-03-17 01:59
LAB731555,ENC113330,PT10479,WBC,White Blood Cell Count,7.8,K/uL,4.5,11,N,STAT,2025-03-16 22:41,2025-03-16 23:08,2025-03-17 00:11
LAB731556,ENC113330,PT10479,HGB,Hemoglobin,12.4,g/dL,12,17.5,N,STAT,2025-03-16 22:07,2025-03-16 22:14,2025-03-16 23:16
LAB731557,ENC113334,PT10606,GLU,Glucose,86,mg/dL,70,99,N,STAT,2025-03-17 01:10,2025-03-17 01:22,2025-03-17 01:47
LAB731558,ENC113334,PT10606,CREAT,Creatinine,1.15,mg/dL,0.6,1.3,N,Routine,2025-03-17 02:06,2025-03-17 02:40,2025-03-17 05:23
LAB731559,ENC113335,PT12273,GLU,Glucose,102,mg/dL,70,99,H,STAT,2025-03-17 04:02,2025-03-17 04:26,2025-03-17 06:15
LAB731560,ENC113335,PT12273,CREAT,Creatinine,1.05,mg/dL,0.6,1.3,N,Routine,2025-03-17 03:48,2025-03-17 03:58,2025-03-17 05:25
LAB731561,ENC113335,PT12273,WBC,White Blood Cell Count,6,K/uL,4.5,11,N,STAT,2025-03-17 04:45,2025-03-17 04:54,2025-03-17 05:47
LAB731562,ENC113335,PT12273,HGB,Hemoglobin,8.9,g/dL,12,17.5,L,STAT,2025-03-17 03:40,2025-03-17 03:46,2025-03-17 04:58
LAB731563,ENC113335,PT12273,NA,Sodium,141,mmol/L,136,145,N,STAT,2025-03-17 03:56,2025-03-17 04:13,2025-03-17 04:41
LAB731564,ENC113335,PT12273,K,Potassium,5.6,mmol/L,3.5,5.1,H,STAT,2025-03-17 03:48,2025-03-17 04:08,2025-03-17 06:11
LAB731565,ENC113336,PT10140,GLU,Glucose,119,mg/dL,70,99,H,STAT,2025-03-17 07:41,2025-03-17 07:56,2025-03-17 09:05
LAB731566,ENC113336,PT10140,CREAT,Creatinine,0.48,mg/dL,0.6,1.3,L,STAT,2025-03-17 07:01,2025-03-17 07:32,2025-03-17 07:59
LAB731567,ENC113336,PT10140,WBC,White Blood Cell Count,5,K/uL,4.5,11,N,STAT,2025-03-17 07:21,2025-03-17 07:32,2025-03-17 07:58
LAB731568,ENC113336,PT10140,HGB,Hemoglobin,15.4,g/dL,12,17.5,N,STAT,2025-03-17 07:01,2025-03-17 07:10,2025-03-17 07:42
LAB731569,ENC113339,PT10718,GLU,Glucose,177,mg/dL,70,99,H,STAT,2025-03-17 10:27,2025-03-17 10:39,2025-03-17 11:41
LAB731570,ENC113339,PT10718,CREAT,Creatinine,0.8,mg/dL,0.6,1.3,N,Routine,2025-03-17 10:44,2025-03-17 11:00,2025-03-17 15:36
LAB731571,ENC113339,PT10718,WBC,White Blood Cell Count,7.9,K/uL,4.5,11,N,Routine,2025-03-17 10:35,2025-03-17 11:10,2025-03-17 15:09
LAB731572,ENC113339,PT10718,HGB,Hemoglobin,14.2,g/dL,12,17.5,N,STAT,2025-03-17 10:49,2025-03-17 11:09,2025-03-17 12:20
LAB731573,ENC113340,PT11504,GLU,Glucose,115,mg/dL,70,99,H,Routine,2025-03-17 11:44,2025-03-17 12:00,2025-03-17 15:21
LAB731574,ENC113340,PT11504,CREAT,Creatinine,1.17,mg/dL,0.6,1.3,N,STAT,2025-03-17 11:50,2025-03-17 12:05,2025-03-17 12:44
LAB731575,ENC113340,PT11504,WBC,White Blood Cell Count,12.3,K/uL,4.5,11,H,STAT,2025-03-17 11:39,2025-03-17 12:00,2025-03-17 12:23
LAB731576,ENC113340,PT11504,HGB,Hemoglobin,12.1,g/dL,12,17.5,N,STAT,2025-03-17 11:25,2025-03-17 11:33,2025-03-17 12:15
LAB731577,ENC113340,PT11504,NA,Sodium,144,mmol/L,136,145,N,STAT,2025-03-17 11:20,2025-03-17 11:31,2025-03-17 12:19
LAB731578,ENC113340,PT11504,K,Potassium,4.4,mmol/L,3.5,5.1,N,STAT,2025-03-17 11:10,2025-03-17 11:31,2025-03-17 12:25
LAB731579,ENC113344,PT13910,GLU,Glucose,130,mg/dL,70,99,H,STAT,2025-03-17 10:36,2025-03-17 10:51,2025-03-17 11:45
LAB731580,ENC113344,PT13910,CREAT,Creatinine,1.21,mg/dL,0.6,1.3,N,STAT,2025-03-17 11:03,2025-03-17 11:26,2025-03-17 11:53
LAB731581,ENC113344,PT13910,TROP,"Troponin I, High Sensitivity",6,ng/L,0,34,N,STAT,2025-03-17 10:37,2025-03-17 10:50,2025-03-17 11:42
LAB731582,ENC113345,PT12192,LDL,LDL Cholesterol,87,mg/dL,0,99,N,Routine,2025-03-17 10:55,2025-03-17 11:19,2025-03-17 22:25
LAB731583,ENC113346,PT11970,GLU,Glucose,114,mg/dL,70,99,H,Routine,2025-03-17 13:34,2025-03-17 13:38,2025-03-17 15:44
LAB731584,ENC113346,PT11970,CREAT,Creatinine,2.08,mg/dL,0.6,1.3,H,STAT,2025-03-17 13:37,2025-03-17 13:52,2025-03-17 14:43
LAB731585,ENC113346,PT11970,WBC,White Blood Cell Count,9.4,K/uL,4.5,11,N,STAT,2025-03-17 13:43,2025-03-17 14:03,2025-03-17 14:34
LAB731586,ENC113346,PT11970,HGB,Hemoglobin,12,g/dL,12,17.5,N,STAT,2025-03-17 13:36,2025-03-17 13:45,2025-03-17 14:18
LAB731587,ENC113346,PT11970,NA,Sodium,138,mmol/L,136,145,N,STAT,2025-03-17 13:44,2025-03-17 14:19,2025-03-17 15:18
LAB731588,ENC113346,PT11970,K,Potassium,4.1,mmol/L,3.5,5.1,N,STAT,2025-03-17 13:45,2025-03-17 14:08,2025-03-17 14:50
LAB731589,ENC113347,PT11666,GLU,Glucose,139,mg/dL,70,99,H,STAT,2025-03-17 16:45,2025-03-17 17:07,2025-03-17 17:31
LAB731590,ENC113347,PT11666,CREAT,Creatinine,1.09,mg/dL,0.6,1.3,N,Routine,2025-03-17 17:05,2025-03-17 17:19,2025-03-17 19:54
LAB731591,ENC113347,PT11666,WBC,White Blood Cell Count,8.5,K/uL,4.5,11,N,STAT,2025-03-17 17:10,2025-03-17 17:27,2025-03-17 18:09
LAB731592,ENC113347,PT11666,HGB,Hemoglobin,12.1,g/dL,12,17.5,N,STAT,2025-03-17 17:11,2025-03-17 17:23,2025-03-17 17:45
LAB731593,ENC113347,PT11666,BUN,Blood Urea Nitrogen,20,mg/dL,7,20,N,Routine,2025-03-17 16:37,2025-03-17 17:12,2025-03-17 22:43
LAB731594,ENC113347,PT11666,PLT,Platelet Count,262,K/uL,150,400,N,Routine,2025-03-17 16:22,2025-03-17 16:28,2025-03-17 23:47
LAB731595,ENC113348,PT13068,LDL,LDL Cholesterol,124,mg/dL,0,99,H,Routine,2025-03-17 12:59,2025-03-17 13:15,2025-03-18 01:42
LAB731596,ENC113349,PT10896,GLU,Glucose,124,mg/dL,70,99,H,Routine,2025-03-17 15:12,2025-03-17 15:36,2025-03-17 17:27
LAB731597,ENC113349,PT10896,CREAT,Creatinine,0.47,mg/dL,0.6,1.3,L,STAT,2025-03-17 14:18,2025-03-17 14:39,2025-03-17 15:13
LAB731598,ENC113351,PT11046,GLU,Glucose,114,mg/dL,70,99,H,STAT,2025-03-17 16:33,2025-03-17 16:56,2025-03-17 18:03
LAB731599,ENC113351,PT11046,CREAT,Creatinine,1.99,mg/dL,0.6,1.3,H,STAT,2025-03-17 16:38,2025-03-17 16:59,2025-03-17 17:45
LAB731600,ENC113351,PT11046,WBC,White Blood Cell Count,17.8,K/uL,4.5,11,H,Routine,2025-03-17 16:23,2025-03-17 16:29,2025-03-17 17:51
LAB731601,ENC113351,PT11046,HGB,Hemoglobin,13.4,g/dL,12,17.5,N,STAT,2025-03-17 16:10,2025-03-17 16:22,2025-03-17 16:49
LAB731602,ENC113351,PT11046,LACT,Lactate,6.6,mmol/L,0.5,2,HH,STAT,2025-03-17 16:35,2025-03-17 16:45,2025-03-17 17:30
LAB731603,ENC113352,PT13555,A1C,Hemoglobin A1c,8.7,%,4,5.6,H,Routine,2025-03-17 15:52,2025-03-17 16:02,2025-03-18 14:49
LAB731604,ENC113352,PT13555,GLU,Glucose,266,mg/dL,70,99,H,Routine,2025-03-17 15:35,2025-03-17 16:01,2025-03-17 18:50
LAB731605,ENC113352,PT13555,CREAT,Creatinine,0.76,mg/dL,0.6,1.3,N,Routine,2025-03-17 15:43,2025-03-17 15:48,2025-03-17 22:55
LAB731606,ENC113355,PT13820,GLU,Glucose,93,mg/dL,70,99,N,STAT,2025-03-17 17:16,2025-03-17 17:28,2025-03-17 18:08
LAB731607,ENC113355,PT13820,CREAT,Creatinine,1.42,mg/dL,0.6,1.3,H,STAT,2025-03-17 16:33,2025-03-17 16:37,2025-03-17 18:04
LAB731608,ENC113355,PT13820,WBC,White Blood Cell Count,6.2,K/uL,4.5,11,N,STAT,2025-03-17 16:42,2025-03-17 16:59,2025-03-17 17:46
LAB731609,ENC113355,PT13820,TROP,"Troponin I, High Sensitivity",11,ng/L,0,34,N,STAT,2025-03-17 17:01,2025-03-17 17:08,2025-03-17 17:58
LAB731610,ENC113357,PT13033,GLU,Glucose,82,mg/dL,70,99,N,STAT,2025-03-17 16:26,2025-03-17 16:48,2025-03-17 18:13
LAB731611,ENC113357,PT13033,CREAT,Creatinine,1.04,mg/dL,0.6,1.3,N,STAT,2025-03-17 16:43,2025-03-17 17:09,2025-03-17 19:22
LAB731612,ENC113357,PT13033,WBC,White Blood Cell Count,4.2,K/uL,4.5,11,L,STAT,2025-03-17 17:23,2025-03-17 17:35,2025-03-17 18:38
LAB731613,ENC113359,PT10480,GLU,Glucose,92,mg/dL,70,99,N,STAT,2025-03-17 19:44,2025-03-17 19:48,2025-03-17 20:16
LAB731614,ENC113359,PT10480,CREAT,Creatinine,0.52,mg/dL,0.6,1.3,L,STAT,2025-03-17 20:02,2025-03-17 20:07,2025-03-17 20:38
LAB731615,ENC113359,PT10480,WBC,White Blood Cell Count,5.6,K/uL,4.5,11,N,Routine,2025-03-17 19:20,2025-03-17 19:37,2025-03-17 21:20
LAB731616,ENC113359,PT10480,HGB,Hemoglobin,16.2,g/dL,12,17.5,N,Routine,2025-03-17 20:24,2025-03-17 20:39,2025-03-18 02:15
LAB731617,ENC113359,PT10480,NA,Sodium,139,mmol/L,136,145,N,STAT,2025-03-17 19:38,2025-03-17 20:05,2025-03-17 20:40
LAB731618,ENC113359,PT10480,K,Potassium,4.2,mmol/L,3.5,5.1,N,STAT,2025-03-17 20:16,2025-03-17 20:42,2025-03-17 21:37
LAB731619,ENC113360,PT11394,GLU,Glucose,92,mg/dL,70,99,N,STAT,2025-03-17 20:42,2025-03-17 21:05,2025-03-17 22:22
LAB731620,ENC113360,PT11394,CREAT,Creatinine,0.55,mg/dL,0.6,1.3,L,Routine,2025-03-17 20:31,2025-03-17 20:54,2025-03-18 00:11
LAB731621,ENC113360,PT11394,WBC,White Blood Cell Count,15.3,K/uL,4.5,11,H,STAT,2025-03-17 20:35,2025-03-17 20:48,2025-03-17 21:15
LAB731622,ENC113360,PT11394,HGB,Hemoglobin,11.4,g/dL,12,17.5,L,STAT,2025-03-17 20:20,2025-03-17 20:31,2025-03-17 21:03
LAB731623,ENC113362,PT12331,GLU,Glucose,103,mg/dL,70,99,H,STAT,2025-03-17 22:29,2025-03-17 23:04,2025-03-18 00:09
LAB731624,ENC113362,PT12331,CREAT,Creatinine,1.12,mg/dL,0.6,1.3,N,STAT,2025-03-17 22:55,2025-03-17 23:01,2025-03-17 23:43
LAB731625,ENC113362,PT12331,WBC,White Blood Cell Count,8.6,K/uL,4.5,11,N,STAT,2025-03-17 21:47,2025-03-17 22:20,2025-03-17 23:12
LAB731626,ENC113362,PT12331,HGB,Hemoglobin,14.8,g/dL,12,17.5,N,STAT,2025-03-17 22:49,2025-03-17 23:24,2025-03-18 00:25
LAB731627,ENC113363,PT10700,GLU,Glucose,112,mg/dL,70,99,H,STAT,2025-03-17 22:46,2025-03-17 23:17,2025-03-17 23:41
LAB731628,ENC113363,PT10700,CREAT,Creatinine,0.76,mg/dL,0.6,1.3,N,Routine,2025-03-17 22:47,2025-03-17 22:57,2025-03-18 01:30
LAB731629,ENC113363,PT10700,WBC,White Blood Cell Count,7.8,K/uL,4.5,11,N,STAT,2025-03-17 22:39,2025-03-17 22:45,2025-03-17 23:44
LAB731630,ENC113363,PT10700,HGB,Hemoglobin,15.3,g/dL,12,17.5,N,Routine,2025-03-17 21:47,2025-03-17 22:16,2025-03-18 01:00
LAB731631,ENC113364,PT10861,GLU,Glucose,260,mg/dL,70,99,H,STAT,2025-03-17 18:55,2025-03-17 19:28,2025-03-17 20:16
LAB731632,ENC113364,PT10861,CREAT,Creatinine,1.36,mg/dL,0.6,1.3,H,STAT,2025-03-17 19:03,2025-03-17 19:33,2025-03-17 20:01
LAB731633,ENC113364,PT10861,WBC,White Blood Cell Count,12.6,K/uL,4.5,11,H,STAT,2025-03-17 19:08,2025-03-17 19:42,2025-03-17 20:33
LAB731634,ENC113364,PT10861,HGB,Hemoglobin,11.9,g/dL,12,17.5,L,STAT,2025-03-17 19:10,2025-03-17 19:30,2025-03-17 19:59
LAB731635,ENC113365,PT12904,GLU,Glucose,113,mg/dL,70,99,H,STAT,2025-03-18 00:01,2025-03-18 00:30,2025-03-18 01:09
LAB731636,ENC113365,PT12904,CREAT,Creatinine,0.92,mg/dL,0.6,1.3,N,STAT,2025-03-18 00:17,2025-03-18 00:31,2025-03-18 01:26
LAB731637,ENC113365,PT12904,WBC,White Blood Cell Count,9.1,K/uL,4.5,11,N,Routine,2025-03-18 00:59,2025-03-18 01:27,2025-03-18 04:27
LAB731638,ENC113365,PT12904,HGB,Hemoglobin,8.4,g/dL,12,17.5,L,STAT,2025-03-18 00:54,2025-03-18 01:29,2025-03-18 02:12
LAB731639,ENC113365,PT12904,INR,Prothrombin Time INR,1.1,ratio,0.8,1.2,N,STAT,2025-03-18 00:22,2025-03-18 00:55,2025-03-18 01:43
LAB731640,ENC113367,PT13843,GLU,Glucose,88,mg/dL,70,99,N,STAT,2025-03-18 00:33,2025-03-18 00:58,2025-03-18 02:14
LAB731641,ENC113367,PT13843,CREAT,Creatinine,0.93,mg/dL,0.6,1.3,N,STAT,2025-03-18 01:33,2025-03-18 01:59,2025-03-18 02:54
LAB731642,ENC113367,PT13843,WBC,White Blood Cell Count,4.2,K/uL,4.5,11,L,STAT,2025-03-18 00:35,2025-03-18 00:53,2025-03-18 01:46
LAB731643,ENC113367,PT13843,HGB,Hemoglobin,15,g/dL,12,17.5,N,STAT,2025-03-18 00:55,2025-03-18 01:15,2025-03-18 02:00
LAB731644,ENC113367,PT13843,TROP,"Troponin I, High Sensitivity",122,ng/L,0,34,H,STAT,2025-03-18 01:39,2025-03-18 01:49,2025-03-18 02:37
LAB731645,ENC113369,PT12559,GLU,Glucose,125,mg/dL,70,99,H,STAT,2025-03-18 03:12,2025-03-18 03:30,2025-03-18 04:26
LAB731646,ENC113369,PT12559,CREAT,Creatinine,0.61,mg/dL,0.6,1.3,N,STAT,2025-03-18 03:02,2025-03-18 03:26,2025-03-18 04:42
LAB731647,ENC113369,PT12559,WBC,White Blood Cell Count,9,K/uL,4.5,11,N,STAT,2025-03-18 02:42,2025-03-18 02:57,2025-03-18 03:40
LAB731648,ENC113369,PT12559,HGB,Hemoglobin,13.9,g/dL,12,17.5,N,STAT,2025-03-18 02:42,2025-03-18 03:03,2025-03-18 03:28
LAB731649,ENC113369,PT12559,TROP,"Troponin I, High Sensitivity",37,ng/L,0,34,H,STAT,2025-03-18 02:58,2025-03-18 03:17,2025-03-18 03:52
LAB731650,ENC113369,PT12559,BNP,B-Type Natriuretic Peptide,1792,pg/mL,0,100,H,STAT,2025-03-18 02:44,2025-03-18 03:16,2025-03-18 04:22
LAB731651,ENC113373,PT10998,GLU,Glucose,76,mg/dL,70,99,N,Routine,2025-03-18 04:57,2025-03-18 05:18,2025-03-18 08:53
LAB731652,ENC113373,PT10998,CREAT,Creatinine,0.81,mg/dL,0.6,1.3,N,Routine,2025-03-18 06:00,2025-03-18 06:29,2025-03-18 14:39
LAB731653,ENC113373,PT10998,WBC,White Blood Cell Count,7.9,K/uL,4.5,11,N,STAT,2025-03-18 05:22,2025-03-18 05:38,2025-03-18 06:54
LAB731654,ENC113373,PT10998,HGB,Hemoglobin,15.5,g/dL,12,17.5,N,STAT,2025-03-18 05:53,2025-03-18 06:28,2025-03-18 07:50
LAB731655,ENC113374,PT12335,GLU,Glucose,149,mg/dL,70,99,H,STAT,2025-03-18 06:16,2025-03-18 06:25,2025-03-18 07:06
LAB731656,ENC113374,PT12335,CREAT,Creatinine,1.12,mg/dL,0.6,1.3,N,STAT,2025-03-18 07:01,2025-03-18 07:31,2025-03-18 08:30
LAB731657,ENC113374,PT12335,WBC,White Blood Cell Count,5.9,K/uL,4.5,11,N,Routine,2025-03-18 06:52,2025-03-18 07:02,2025-03-18 14:15
LAB731658,ENC113374,PT12335,HGB,Hemoglobin,13.6,g/dL,12,17.5,N,STAT,2025-03-18 06:58,2025-03-18 07:31,2025-03-18 08:01
LAB731659,ENC113374,PT12335,LACT,Lactate,2.2,mmol/L,0.5,2,H,STAT,2025-03-18 06:42,2025-03-18 07:05,2025-03-18 07:58
LAB731660,ENC113375,PT10388,GLU,Glucose,113,mg/dL,70,99,H,Routine,2025-03-18 07:31,2025-03-18 07:52,2025-03-18 09:09
LAB731661,ENC113375,PT10388,CREAT,Creatinine,0.93,mg/dL,0.6,1.3,N,STAT,2025-03-18 07:41,2025-03-18 08:10,2025-03-18 08:34
LAB731662,ENC113375,PT10388,WBC,White Blood Cell Count,6.4,K/uL,4.5,11,N,STAT,2025-03-18 07:54,2025-03-18 08:15,2025-03-18 09:20
LAB731663,ENC113375,PT10388,HGB,Hemoglobin,12.8,g/dL,12,17.5,N,Routine,2025-03-18 08:13,2025-03-18 08:21,2025-03-18 10:13
LAB731664,ENC113375,PT10388,NA,Sodium,135,mmol/L,136,145,L,Routine,2025-03-18 07:32,2025-03-18 08:03,2025-03-18 11:09
LAB731665,ENC113375,PT10388,K,Potassium,3.5,mmol/L,3.5,5.1,N,STAT,2025-03-18 08:10,2025-03-18 08:40,2025-03-18 09:56
LAB731666,ENC113377,PT10877,GLU,Glucose,108,mg/dL,70,99,H,STAT,2025-03-18 13:09,2025-03-18 13:38,2025-03-18 14:15
LAB731667,ENC113377,PT10877,CREAT,Creatinine,0.88,mg/dL,0.6,1.3,N,STAT,2025-03-18 12:40,2025-03-18 13:13,2025-03-18 14:28
LAB731668,ENC113377,PT10877,WBC,White Blood Cell Count,7.9,K/uL,4.5,11,N,STAT,2025-03-18 12:32,2025-03-18 12:51,2025-03-18 14:06
LAB731669,ENC113377,PT10877,HGB,Hemoglobin,13.9,g/dL,12,17.5,N,STAT,2025-03-18 12:22,2025-03-18 12:49,2025-03-18 13:34
LAB731670,ENC113377,PT10877,BUN,Blood Urea Nitrogen,19,mg/dL,7,20,N,STAT,2025-03-18 12:49,2025-03-18 13:00,2025-03-18 13:48
LAB731671,ENC113377,PT10877,PLT,Platelet Count,232,K/uL,150,400,N,STAT,2025-03-18 13:05,2025-03-18 13:28,2025-03-18 14:02
LAB731672,ENC113385,PT11954,GLU,Glucose,124,mg/dL,70,99,H,STAT,2025-03-18 15:36,2025-03-18 15:50,2025-03-18 16:30
LAB731673,ENC113385,PT11954,CREAT,Creatinine,0.71,mg/dL,0.6,1.3,N,Routine,2025-03-18 16:15,2025-03-18 16:25,2025-03-18 21:00
LAB731674,ENC113385,PT11954,WBC,White Blood Cell Count,18.7,K/uL,4.5,11,H,STAT,2025-03-18 15:44,2025-03-18 16:17,2025-03-18 17:16
LAB731675,ENC113385,PT11954,HGB,Hemoglobin,14,g/dL,12,17.5,N,Routine,2025-03-18 15:42,2025-03-18 15:50,2025-03-18 18:10
LAB731676,ENC113385,PT11954,NA,Sodium,138,mmol/L,136,145,N,Routine,2025-03-18 16:00,2025-03-18 16:17,2025-03-18 18:06
LAB731677,ENC113385,PT11954,K,Potassium,3.7,mmol/L,3.5,5.1,N,STAT,2025-03-18 16:03,2025-03-18 16:27,2025-03-18 16:55
LAB731678,ENC113387,PT11489,GLU,Glucose,235,mg/dL,70,99,H,Routine,2025-03-18 11:40,2025-03-18 11:46,2025-03-18 13:52
LAB731679,ENC113387,PT11489,CREAT,Creatinine,0.92,mg/dL,0.6,1.3,N,STAT,2025-03-18 11:10,2025-03-18 11:41,2025-03-18 12:28
LAB731680,ENC113387,PT11489,WBC,White Blood Cell Count,8.6,K/uL,4.5,11,N,Routine,2025-03-18 11:04,2025-03-18 11:28,2025-03-18 13:44
LAB731681,ENC113387,PT11489,HGB,Hemoglobin,14.9,g/dL,12,17.5,N,STAT,2025-03-18 11:22,2025-03-18 11:32,2025-03-18 12:48
LAB731682,ENC113387,PT11489,BUN,Blood Urea Nitrogen,13,mg/dL,7,20,N,STAT,2025-03-18 11:39,2025-03-18 12:07,2025-03-18 13:23
LAB731683,ENC113387,PT11489,PLT,Platelet Count,260,K/uL,150,400,N,STAT,2025-03-18 11:09,2025-03-18 11:29,2025-03-18 12:45
LAB731684,ENC113387,PT11489,TROP,"Troponin I, High Sensitivity",34,ng/L,0,34,N,STAT,2025-03-18 11:25,2025-03-18 11:31,2025-03-18 12:35
LAB731685,ENC113387,PT11489,BNP,B-Type Natriuretic Peptide,552,pg/mL,0,100,H,Routine,2025-03-18 11:46,2025-03-18 11:53,2025-03-18 13:36
LAB731686,ENC113389,PT12310,A1C,Hemoglobin A1c,4.8,%,4,5.6,N,Routine,2025-03-18 12:35,2025-03-18 12:58,2025-03-19 01:37
LAB731687,ENC113389,PT12310,GLU,Glucose,105,mg/dL,70,99,H,Routine,2025-03-18 12:41,2025-03-18 13:08,2025-03-18 14:41
LAB731688,ENC113389,PT12310,CREAT,Creatinine,1.11,mg/dL,0.6,1.3,N,Routine,2025-03-18 12:37,2025-03-18 12:48,2025-03-18 14:09
LAB731689,ENC113392,PT13294,LDL,LDL Cholesterol,126,mg/dL,0,99,H,Routine,2025-03-18 13:11,2025-03-18 13:36,2025-03-19 09:17
LAB731690,ENC113392,PT13294,A1C,Hemoglobin A1c,5.6,%,4,5.6,N,Routine,2025-03-18 13:29,2025-03-18 13:46,2025-03-19 11:23
LAB731691,ENC113395,PT10290,GLU,Glucose,81,mg/dL,70,99,N,Routine,2025-03-18 21:16,2025-03-18 21:39,2025-03-19 08:18
LAB731692,ENC113395,PT10290,CREAT,Creatinine,1.15,mg/dL,0.6,1.3,N,STAT,2025-03-18 20:44,2025-03-18 21:12,2025-03-18 22:03
LAB731693,ENC113395,PT10290,WBC,White Blood Cell Count,17.3,K/uL,4.5,11,H,STAT,2025-03-18 20:48,2025-03-18 21:07,2025-03-18 21:52
LAB731694,ENC113395,PT10290,HGB,Hemoglobin,15.7,g/dL,12,17.5,N,STAT,2025-03-18 20:23,2025-03-18 20:43,2025-03-18 21:56
LAB731695,ENC113395,PT10290,NA,Sodium,139,mmol/L,136,145,N,STAT,2025-03-18 20:31,2025-03-18 20:51,2025-03-18 21:30
LAB731696,ENC113395,PT10290,K,Potassium,4.3,mmol/L,3.5,5.1,N,STAT,2025-03-18 20:32,2025-03-18 20:49,2025-03-18 22:04
LAB731697,ENC113398,PT11843,GLU,Glucose,85,mg/dL,70,99,N,Routine,2025-03-18 22:00,2025-03-18 22:15,2025-03-19 02:18
LAB731698,ENC113398,PT11843,CREAT,Creatinine,0.79,mg/dL,0.6,1.3,N,Routine,2025-03-18 21:41,2025-03-18 22:11,2025-03-18 23:32
LAB731699,ENC113398,PT11843,WBC,White Blood Cell Count,6.7,K/uL,4.5,11,N,STAT,2025-03-18 21:18,2025-03-18 21:42,2025-03-18 22:47
LAB731700,ENC113398,PT11843,HGB,Hemoglobin,15.2,g/dL,12,17.5,N,Routine,2025-03-18 21:48,2025-03-18 21:54,2025-03-18 23:46
LAB731701,ENC113398,PT11843,TROP,"Troponin I, High Sensitivity",7,ng/L,0,34,N,STAT,2025-03-18 21:40,2025-03-18 21:50,2025-03-18 23:11
LAB731702,ENC113399,PT12202,GLU,Glucose,113,mg/dL,70,99,H,Routine,2025-03-18 22:35,2025-03-18 23:08,2025-03-19 00:57
LAB731703,ENC113399,PT12202,CREAT,Creatinine,1.33,mg/dL,0.6,1.3,H,Routine,2025-03-18 22:05,2025-03-18 22:40,2025-03-19 02:51
LAB731704,ENC113399,PT12202,WBC,White Blood Cell Count,6.4,K/uL,4.5,11,N,Routine,2025-03-18 22:03,2025-03-18 22:21,2025-03-19 01:01
LAB731705,ENC113399,PT12202,HGB,Hemoglobin,10,g/dL,12,17.5,L,STAT,2025-03-18 22:18,2025-03-18 22:51,2025-03-18 23:33
LAB731706,ENC113399,PT12202,NA,Sodium,139,mmol/L,136,145,N,Routine,2025-03-18 22:07,2025-03-18 22:35,2025-03-19 00:27
LAB731707,ENC113399,PT12202,K,Potassium,3.9,mmol/L,3.5,5.1,N,STAT,2025-03-18 22:36,2025-03-18 22:52,2025-03-18 23:33
LAB731708,ENC113400,PT10115,GLU,Glucose,128,mg/dL,70,99,H,STAT,2025-03-18 20:37,2025-03-18 20:52,2025-03-18 21:36
LAB731709,ENC113400,PT10115,CREAT,Creatinine,1.13,mg/dL,0.6,1.3,N,Routine,2025-03-18 20:54,2025-03-18 21:08,2025-03-18 23:31
LAB731710,ENC113400,PT10115,WBC,White Blood Cell Count,6.5,K/uL,4.5,11,N,Routine,2025-03-18 19:58,2025-03-18 20:23,2025-03-18 23:32
LAB731711,ENC113400,PT10115,HGB,Hemoglobin,14.7,g/dL,12,17.5,N,Routine,2025-03-18 20:59,2025-03-18 21:05,2025-03-18 23:46
LAB731712,ENC113401,PT12013,TROP,"Troponin I, High Sensitivity",4,ng/L,0,34,N,STAT,2025-03-18 21:19,2025-03-18 21:45,2025-03-18 23:22
LAB731713,ENC113403,PT11734,TROP,"Troponin I, High Sensitivity",3,ng/L,0,34,N,STAT,2025-03-18 21:44,2025-03-18 22:13,2025-03-18 22:50
LAB731714,ENC113404,PT13456,GLU,Glucose,114,mg/dL,70,99,H,Routine,2025-03-18 22:27,2025-03-18 22:48,2025-03-18 23:37
LAB731715,ENC113404,PT13456,CREAT,Creatinine,2.43,mg/dL,0.6,1.3,H,Routine,2025-03-18 23:13,2025-03-18 23:17,2025-03-19 00:58
LAB731716,ENC113404,PT13456,WBC,White Blood Cell Count,8.2,K/uL,4.5,11,N,STAT,2025-03-18 22:24,2025-03-18 22:47,2025-03-18 23:26
LAB731717,ENC113404,PT13456,HGB,Hemoglobin,11,g/dL,12,17.5,L,STAT,2025-03-18 23:00,2025-03-18 23:22,2025-03-19 00:24
LAB731718,ENC113405,PT12250,GLU,Glucose,194,mg/dL,70,99,H,Routine,2025-03-19 01:48,2025-03-19 02:20,2025-03-19 05:45
LAB731719,ENC113405,PT12250,CREAT,Creatinine,1.23,mg/dL,0.6,1.3,N,STAT,2025-03-19 01:49,2025-03-19 02:16,2025-03-19 02:53
LAB731720,ENC113405,PT12250,WBC,White Blood Cell Count,10.3,K/uL,4.5,11,N,STAT,2025-03-19 01:38,2025-03-19 02:06,2025-03-19 02:40
LAB731721,ENC113405,PT12250,HGB,Hemoglobin,14.2,g/dL,12,17.5,N,Routine,2025-03-19 01:36,2025-03-19 02:01,2025-03-19 04:26
LAB731722,ENC113405,PT12250,TROP,"Troponin I, High Sensitivity",87,ng/L,0,34,H,STAT,2025-03-19 02:15,2025-03-19 02:24,2025-03-19 02:56
LAB731723,ENC113405,PT12250,BNP,B-Type Natriuretic Peptide,1342,pg/mL,0,100,H,STAT,2025-03-19 02:07,2025-03-19 02:42,2025-03-19 03:44
LAB731724,ENC113406,PT12209,GLU,Glucose,176,mg/dL,70,99,H,STAT,2025-03-19 03:39,2025-03-19 03:50,2025-03-19 04:25
LAB731725,ENC113406,PT12209,CREAT,Creatinine,0.65,mg/dL,0.6,1.3,N,STAT,2025-03-19 03:52,2025-03-19 04:20,2025-03-19 05:15
LAB731726,ENC113406,PT12209,WBC,White Blood Cell Count,8.1,K/uL,4.5,11,N,STAT,2025-03-19 04:07,2025-03-19 04:14,2025-03-19 05:05
LAB731727,ENC113406,PT12209,HGB,Hemoglobin,13.1,g/dL,12,17.5,N,Routine,2025-03-19 03:17,2025-03-19 03:48,2025-03-19 05:29
LAB731728,ENC113406,PT12209,NA,Sodium,127,mmol/L,136,145,L,STAT,2025-03-19 04:07,2025-03-19 04:29,2025-03-19 05:04
LAB731729,ENC113406,PT12209,K,Potassium,3.8,mmol/L,3.5,5.1,N,STAT,2025-03-19 03:46,2025-03-19 04:09,2025-03-19 05:22
LAB731730,ENC113407,PT11375,GLU,Glucose,257,mg/dL,70,99,H,STAT,2025-03-19 03:32,2025-03-19 03:38,2025-03-19 04:57
LAB731731,ENC113407,PT11375,CREAT,Creatinine,1.48,mg/dL,0.6,1.3,H,STAT,2025-03-19 03:14,2025-03-19 03:35,2025-03-19 04:13
LAB731732,ENC113407,PT11375,WBC,White Blood Cell Count,26.9,K/uL,4.5,11,H,STAT,2025-03-19 03:14,2025-03-19 03:45,2025-03-19 04:14
LAB731733,ENC113407,PT11375,HGB,Hemoglobin,12.8,g/dL,12,17.5,N,Routine,2025-03-19 03:23,2025-03-19 03:57,2025-03-19 05:15
LAB731734,ENC113407,PT11375,LACT,Lactate,2.5,mmol/L,0.5,2,H,STAT,2025-03-19 03:19,2025-03-19 03:49,2025-03-19 04:32
LAB731735,ENC113411,PT10884,LDL,LDL Cholesterol,189,mg/dL,0,99,H,Routine,2025-03-19 10:30,2025-03-19 10:38,2025-03-20 23:12
LAB731736,ENC113411,PT10884,A1C,Hemoglobin A1c,5.3,%,4,5.6,N,Routine,2025-03-19 10:39,2025-03-19 11:03,2025-03-19 21:13
LAB731737,ENC113411,PT10884,TSH,Thyroid Stimulating Hormone,1.52,mIU/L,0.4,4,N,Routine,2025-03-19 10:22,2025-03-19 10:57,2025-03-20 03:24
LAB731738,ENC113412,PT13724,GLU,Glucose,203,mg/dL,70,99,H,STAT,2025-03-19 11:19,2025-03-19 11:54,2025-03-19 12:24
LAB731739,ENC113412,PT13724,CREAT,Creatinine,0.69,mg/dL,0.6,1.3,N,STAT,2025-03-19 12:12,2025-03-19 12:37,2025-03-19 13:11
LAB731740,ENC113412,PT13724,WBC,White Blood Cell Count,12.8,K/uL,4.5,11,H,Routine,2025-03-19 11:06,2025-03-19 11:13,2025-03-19 15:44
LAB731741,ENC113412,PT13724,HGB,Hemoglobin,13.5,g/dL,12,17.5,N,STAT,2025-03-19 11:32,2025-03-19 11:57,2025-03-19 12:25
LAB731742,ENC113412,PT13724,TROP,"Troponin I, High Sensitivity",9,ng/L,0,34,N,STAT,2025-03-19 11:57,2025-03-19 12:08,2025-03-19 12:53
LAB731743,ENC113415,PT12267,INR,Prothrombin Time INR,1.6,ratio,0.8,1.2,H,Routine,2025-03-19 12:05,2025-03-19 12:22,2025-03-19 14:16
LAB731744,ENC113417,PT13682,LDL,LDL Cholesterol,153,mg/dL,0,99,H,Routine,2025-03-19 12:40,2025-03-19 12:54,2025-03-19 20:51
LAB731745,ENC113419,PT11234,LDL,LDL Cholesterol,79,mg/dL,0,99,N,Routine,2025-03-19 12:54,2025-03-19 13:08,2025-03-20 02:15
LAB731746,ENC113420,PT10100,WBC,White Blood Cell Count,7.3,K/uL,4.5,11,N,Routine,2025-03-19 12:52,2025-03-19 13:01,2025-03-19 17:30
LAB731747,ENC113420,PT10100,HGB,Hemoglobin,12.7,g/dL,12,17.5,N,Routine,2025-03-19 13:09,2025-03-19 13:29,2025-03-19 15:12
LAB731748,ENC113420,PT10100,PLT,Platelet Count,320,K/uL,150,400,N,Routine,2025-03-19 12:54,2025-03-19 13:01,2025-03-19 16:58
LAB731749,ENC113422,PT10769,A1C,Hemoglobin A1c,9.3,%,4,5.6,H,Routine,2025-03-19 14:14,2025-03-19 14:33,2025-03-19 22:57
LAB731750,ENC113422,PT10769,GLU,Glucose,392,mg/dL,70,99,H,Routine,2025-03-19 14:06,2025-03-19 14:26,2025-03-19 16:56
LAB731751,ENC113422,PT10769,CREAT,Creatinine,0.99,mg/dL,0.6,1.3,N,Routine,2025-03-19 13:59,2025-03-19 14:04,2025-03-19 15:45
LAB731752,ENC113424,PT10214,GLU,Glucose,121,mg/dL,70,99,H,STAT,2025-03-19 17:25,2025-03-19 17:41,2025-03-19 18:16
LAB731753,ENC113424,PT10214,CREAT,Creatinine,0.86,mg/dL,0.6,1.3,N,STAT,2025-03-19 17:39,2025-03-19 18:08,2025-03-19 19:31
LAB731754,ENC113424,PT10214,WBC,White Blood Cell Count,8.5,K/uL,4.5,11,N,STAT,2025-03-19 17:52,2025-03-19 18:24,2025-03-19 19:15
LAB731755,ENC113424,PT10214,HGB,Hemoglobin,12.9,g/dL,12,17.5,N,STAT,2025-03-19 17:56,2025-03-19 18:26,2025-03-19 18:53
LAB731756,ENC113424,PT10214,NA,Sodium,142,mmol/L,136,145,N,Routine,2025-03-19 17:50,2025-03-19 18:03,2025-03-19 21:19
LAB731757,ENC113424,PT10214,K,Potassium,4.4,mmol/L,3.5,5.1,N,STAT,2025-03-19 17:56,2025-03-19 18:16,2025-03-19 19:27
LAB731758,ENC113424,PT10214,TROP,"Troponin I, High Sensitivity",43,ng/L,0,34,H,STAT,2025-03-19 17:24,2025-03-19 17:53,2025-03-19 18:56
LAB731759,ENC113427,PT11661,GLU,Glucose,84,mg/dL,70,99,N,STAT,2025-03-19 15:48,2025-03-19 16:21,2025-03-19 17:02
LAB731760,ENC113427,PT11661,CREAT,Creatinine,1.04,mg/dL,0.6,1.3,N,STAT,2025-03-19 16:49,2025-03-19 16:55,2025-03-19 17:24
LAB731761,ENC113427,PT11661,WBC,White Blood Cell Count,6.1,K/uL,4.5,11,N,STAT,2025-03-19 15:48,2025-03-19 15:53,2025-03-19 16:42
LAB731762,ENC113427,PT11661,HGB,Hemoglobin,12.8,g/dL,12,17.5,N,STAT,2025-03-19 16:31,2025-03-19 16:41,2025-03-19 17:08
LAB731763,ENC113428,PT13506,GLU,Glucose,80,mg/dL,70,99,N,Routine,2025-03-19 15:52,2025-03-19 16:19,2025-03-19 20:03
LAB731764,ENC113428,PT13506,CREAT,Creatinine,0.91,mg/dL,0.6,1.3,N,STAT,2025-03-19 16:21,2025-03-19 16:49,2025-03-19 17:39
LAB731765,ENC113431,PT12702,GLU,Glucose,117,mg/dL,70,99,H,STAT,2025-03-19 16:40,2025-03-19 16:49,2025-03-19 17:34
LAB731766,ENC113431,PT12702,CREAT,Creatinine,1.42,mg/dL,0.6,1.3,H,STAT,2025-03-19 16:22,2025-03-19 16:35,2025-03-19 17:48
LAB731767,ENC113432,PT10875,LDL,LDL Cholesterol,129,mg/dL,0,99,H,Routine,2025-03-19 16:06,2025-03-19 16:39,2025-03-20 04:17
LAB731768,ENC113433,PT11014,GLU,Glucose,111,mg/dL,70,99,H,STAT,2025-03-19 16:52,2025-03-19 17:01,2025-03-19 17:48
LAB731769,ENC113433,PT11014,CREAT,Creatinine,1.12,mg/dL,0.6,1.3,N,STAT,2025-03-19 17:11,2025-03-19 17:33,2025-03-19 18:46
LAB731770,ENC113433,PT11014,WBC,White Blood Cell Count,6.6,K/uL,4.5,11,N,STAT,2025-03-19 16:21,2025-03-19 16:33,2025-03-19 17:29
LAB731771,ENC113433,PT11014,HGB,Hemoglobin,13.2,g/dL,12,17.5,N,Routine,2025-03-19 16:17,2025-03-19 16:21,2025-03-19 19:53
LAB731772,ENC113433,PT11014,TROP,"Troponin I, High Sensitivity",5,ng/L,0,34,N,STAT,2025-03-19 16:59,2025-03-19 17:10,2025-03-19 17:55
LAB731773,ENC113433,PT11014,BNP,B-Type Natriuretic Peptide,781,pg/mL,0,100,H,STAT,2025-03-19 17:26,2025-03-19 17:34,2025-03-19 18:14
LAB731774,ENC113434,PT12197,GLU,Glucose,213,mg/dL,70,99,H,STAT,2025-03-19 18:40,2025-03-19 19:06,2025-03-19 20:42
LAB731775,ENC113434,PT12197,CREAT,Creatinine,1.1,mg/dL,0.6,1.3,N,Routine,2025-03-19 19:15,2025-03-19 19:28,2025-03-19 21:25
LAB731776,ENC113434,PT12197,WBC,White Blood Cell Count,5.3,K/uL,4.5,11,N,STAT,2025-03-19 19:12,2025-03-19 19:29,2025-03-19 20:09
LAB731777,ENC113434,PT12197,HGB,Hemoglobin,15,g/dL,12,17.5,N,Routine,2025-03-19 19:09,2025-03-19 19:13,2025-03-19 21:18
LAB731778,ENC113435,PT10049,GLU,Glucose,88,mg/dL,70,99,N,Routine,2025-03-19 19:07,2025-03-19 19:29,2025-03-19 22:33
LAB731779,ENC113435,PT10049,CREAT,Creatinine,1.02,mg/dL,0.6,1.3,N,STAT,2025-03-19 18:55,2025-03-19 19:28,2025-03-19 20:10
LAB731780,ENC113435,PT10049,WBC,White Blood Cell Count,7.5,K/uL,4.5,11,N,Routine,2025-03-19 18:53,2025-03-19 19:04,2025-03-19 20:03
LAB731781,ENC113435,PT10049,HGB,Hemoglobin,13.5,g/dL,12,17.5,N,STAT,2025-03-19 19:16,2025-03-19 19:29,2025-03-19 20:20
LAB731782,ENC113435,PT10049,NA,Sodium,138,mmol/L,136,145,N,STAT,2025-03-19 19:30,2025-03-19 19:37,2025-03-19 20:46
LAB731783,ENC113435,PT10049,K,Potassium,4.2,mmol/L,3.5,5.1,N,STAT,2025-03-19 19:41,2025-03-19 20:00,2025-03-19 20:17
LAB731784,ENC113436,PT12483,GLU,Glucose,80,mg/dL,70,99,N,Routine,2025-03-19 17:19,2025-03-19 17:42,2025-03-19 21:31
LAB731785,ENC113436,PT12483,CREAT,Creatinine,1.14,mg/dL,0.6,1.3,N,STAT,2025-03-19 17:17,2025-03-19 17:51,2025-03-19 18:25
LAB731786,ENC113438,PT13955,GLU,Glucose,101,mg/dL,70,99,H,Routine,2025-03-19 18:13,2025-03-19 18:43,2025-03-19 20:47
LAB731787,ENC113438,PT13955,CREAT,Creatinine,0.92,mg/dL,0.6,1.3,N,STAT,2025-03-19 18:09,2025-03-19 18:26,2025-03-19 18:56
LAB731788,ENC113438,PT13955,WBC,White Blood Cell Count,7.7,K/uL,4.5,11,N,Routine,2025-03-19 17:15,2025-03-19 17:28,2025-03-19 22:02
LAB731789,ENC113438,PT13955,HGB,Hemoglobin,11.8,g/dL,12,17.5,L,Routine,2025-03-19 17:20,2025-03-19 17:51,2025-03-19 19:57
LAB731790,ENC113439,PT12741,GLU,Glucose,146,mg/dL,70,99,H,STAT,2025-03-19 21:35,2025-03-19 21:54,2025-03-19 22:19
LAB731791,ENC113439,PT12741,CREAT,Creatinine,0.72,mg/dL,0.6,1.3,N,STAT,2025-03-19 21:45,2025-03-19 22:01,2025-03-19 23:18
LAB731792,ENC113439,PT12741,WBC,White Blood Cell Count,8.4,K/uL,4.5,11,N,STAT,2025-03-19 20:56,2025-03-19 21:02,2025-03-19 21:47
LAB731793,ENC113439,PT12741,HGB,Hemoglobin,14.6,g/dL,12,17.5,N,STAT,2025-03-19 21:58,2025-03-19 22:22,2025-03-19 23:04
LAB731794,ENC113439,PT12741,TROP,"Troponin I, High Sensitivity",1,ng/L,0,34,N,STAT,2025-03-19 21:10,2025-03-19 21:27,2025-03-19 21:53
LAB731795,ENC113440,PT11396,TROP,"Troponin I, High Sensitivity",7,ng/L,0,34,N,STAT,2025-03-19 18:41,2025-03-19 18:46,2025-03-19 20:03
LAB731796,ENC113441,PT10947,GLU,Glucose,113,mg/dL,70,99,H,STAT,2025-03-19 21:48,2025-03-19 21:52,2025-03-19 22:28
LAB731797,ENC113441,PT10947,CREAT,Creatinine,2.59,mg/dL,0.6,1.3,H,STAT,2025-03-19 21:44,2025-03-19 22:15,2025-03-19 23:35
LAB731798,ENC113441,PT10947,WBC,White Blood Cell Count,8.1,K/uL,4.5,11,N,Routine,2025-03-19 22:23,2025-03-19 22:34,2025-03-20 01:51
LAB731799,ENC113441,PT10947,HGB,Hemoglobin,11.2,g/dL,12,17.5,L,Routine,2025-03-19 22:14,2025-03-19 22:27,2025-03-20 00:32
LAB731800,ENC113441,PT10947,INR,Prothrombin Time INR,1,ratio,0.8,1.2,N,STAT,2025-03-19 21:55,2025-03-19 22:26,2025-03-19 23:13
LAB731801,ENC113443,PT10901,GLU,Glucose,193,mg/dL,70,99,H,Routine,2025-03-20 00:41,2025-03-20 00:58,2025-03-20 02:23
LAB731802,ENC113443,PT10901,CREAT,Creatinine,1.94,mg/dL,0.6,1.3,H,Routine,2025-03-20 00:58,2025-03-20 01:31,2025-03-20 03:39
LAB731803,ENC113443,PT10901,WBC,White Blood Cell Count,7.3,K/uL,4.5,11,N,STAT,2025-03-20 01:07,2025-03-20 01:16,2025-03-20 02:10
LAB731804,ENC113443,PT10901,HGB,Hemoglobin,10.2,g/dL,12,17.5,L,STAT,2025-03-20 01:44,2025-03-20 01:48,2025-03-20 03:13
LAB731805,ENC113444,PT11542,GLU,Glucose,123,mg/dL,70,99,H,STAT,2025-03-20 04:14,2025-03-20 04:48,2025-03-20 05:49
LAB731806,ENC113444,PT11542,CREAT,Creatinine,4.58,mg/dL,0.6,1.3,H,STAT,2025-03-20 04:25,2025-03-20 04:47,2025-03-20 05:34
LAB731807,ENC113444,PT11542,WBC,White Blood Cell Count,9.7,K/uL,4.5,11,N,Routine,2025-03-20 03:52,2025-03-20 03:58,2025-03-20 16:37
LAB731808,ENC113444,PT11542,HGB,Hemoglobin,14.5,g/dL,12,17.5,N,Routine,2025-03-20 04:15,2025-03-20 04:26,2025-03-20 07:25
LAB731809,ENC113444,PT11542,NA,Sodium,144,mmol/L,136,145,N,STAT,2025-03-20 03:29,2025-03-20 03:45,2025-03-20 04:17
LAB731810,ENC113444,PT11542,K,Potassium,5.1,mmol/L,3.5,5.1,N,STAT,2025-03-20 04:31,2025-03-20 05:01,2025-03-20 06:09
LAB731811,ENC113446,PT12823,GLU,Glucose,101,mg/dL,70,99,H,STAT,2025-03-20 02:06,2025-03-20 02:22,2025-03-20 03:16
LAB731812,ENC113446,PT12823,CREAT,Creatinine,0.99,mg/dL,0.6,1.3,N,STAT,2025-03-20 02:10,2025-03-20 02:16,2025-03-20 03:37
LAB731813,ENC113446,PT12823,WBC,White Blood Cell Count,6.1,K/uL,4.5,11,N,STAT,2025-03-20 01:27,2025-03-20 01:46,2025-03-20 02:52
LAB731814,ENC113446,PT12823,HGB,Hemoglobin,16.4,g/dL,12,17.5,N,Routine,2025-03-20 02:07,2025-03-20 02:18,2025-03-20 07:52
LAB731815,ENC113447,PT13234,GLU,Glucose,220,mg/dL,70,99,H,Routine,2025-03-20 10:31,2025-03-20 11:00,2025-03-20 12:32
LAB731816,ENC113447,PT13234,CREAT,Creatinine,0.92,mg/dL,0.6,1.3,N,STAT,2025-03-20 10:11,2025-03-20 10:27,2025-03-20 10:57
LAB731817,ENC113447,PT13234,WBC,White Blood Cell Count,14.8,K/uL,4.5,11,H,STAT,2025-03-20 09:57,2025-03-20 10:06,2025-03-20 11:56
LAB731818,ENC113447,PT13234,HGB,Hemoglobin,18.1,g/dL,12,17.5,H,STAT,2025-03-20 10:28,2025-03-20 10:40,2025-03-20 11:11
LAB731819,ENC113448,PT13951,GLU,Glucose,113,mg/dL,70,99,H,Routine,2025-03-20 10:26,2025-03-20 10:44,2025-03-20 14:32
LAB731820,ENC113448,PT13951,CREAT,Creatinine,2.9,mg/dL,0.6,1.3,H,STAT,2025-03-20 11:03,2025-03-20 11:35,2025-03-20 12:20
LAB731821,ENC113448,PT13951,WBC,White Blood Cell Count,16.7,K/uL,4.5,11,H,STAT,2025-03-20 11:21,2025-03-20 11:28,2025-03-20 11:57
LAB731822,ENC113448,PT13951,HGB,Hemoglobin,8.9,g/dL,12,17.5,L,STAT,2025-03-20 10:44,2025-03-20 10:54,2025-03-20 12:32
LAB731823,ENC113448,PT13951,NA,Sodium,134,mmol/L,136,145,L,Routine,2025-03-20 10:37,2025-03-20 10:47,2025-03-20 12:54
LAB731824,ENC113448,PT13951,K,Potassium,3.9,mmol/L,3.5,5.1,N,STAT,2025-03-20 11:10,2025-03-20 11:45,2025-03-20 12:32
LAB731825,ENC113449,PT12007,INR,Prothrombin Time INR,0.9,ratio,0.8,1.2,N,Routine,2025-03-20 08:23,2025-03-20 08:33,2025-03-20 11:52
LAB731826,ENC113450,PT11985,LDL,LDL Cholesterol,114,mg/dL,0,99,H,Routine,2025-03-20 08:39,2025-03-20 09:14,2025-03-21 02:40
LAB731827,ENC113451,PT10679,A1C,Hemoglobin A1c,8.6,%,4,5.6,H,Routine,2025-03-20 09:39,2025-03-20 10:13,2025-03-21 11:47
LAB731828,ENC113451,PT10679,GLU,Glucose,225,mg/dL,70,99,H,Routine,2025-03-20 09:53,2025-03-20 10:11,2025-03-20 11:21
LAB731829,ENC113451,PT10679,CREAT,Creatinine,0.76,mg/dL,0.6,1.3,N,Routine,2025-03-20 09:58,2025-03-20 10:33,2025-03-20 13:45
LAB731830,ENC113452,PT13874,WBC,White Blood Cell Count,6.8,K/uL,4.5,11,N,Routine,2025-03-20 09:44,2025-03-20 09:59,2025-03-20 12:59
LAB731831,ENC113452,PT13874,HGB,Hemoglobin,10.5,g/dL,12,17.5,L,Routine,2025-03-20 09:58,2025-03-20 10:27,2025-03-20 13:19
LAB731832,ENC113452,PT13874,PLT,Platelet Count,243,K/uL,150,400,N,Routine,2025-03-20 09:56,2025-03-20 10:25,2025-03-20 12:50
LAB731833,ENC113453,PT10254,GLU,Glucose,84,mg/dL,70,99,N,STAT,2025-03-20 10:22,2025-03-20 10:53,2025-03-20 11:22
LAB731834,ENC113453,PT10254,CREAT,Creatinine,0.84,mg/dL,0.6,1.3,N,Routine,2025-03-20 10:43,2025-03-20 11:03,2025-03-20 16:59
LAB731835,ENC113453,PT10254,WBC,White Blood Cell Count,5.3,K/uL,4.5,11,N,STAT,2025-03-20 10:41,2025-03-20 11:15,2025-03-20 12:21
LAB731836,ENC113453,PT10254,HGB,Hemoglobin,13.5,g/dL,12,17.5,N,STAT,2025-03-20 10:10,2025-03-20 10:20,2025-03-20 11:24
LAB731837,ENC113456,PT12137,LDL,LDL Cholesterol,82,mg/dL,0,99,N,Routine,2025-03-20 11:08,2025-03-20 11:34,2025-03-20 18:27
LAB731838,ENC113456,PT12137,A1C,Hemoglobin A1c,7.6,%,4,5.6,H,Routine,2025-03-20 11:10,2025-03-20 11:29,2025-03-21 06:36
LAB731839,ENC113458,PT13847,GLU,Glucose,64,mg/dL,70,99,L,STAT,2025-03-20 11:34,2025-03-20 11:41,2025-03-20 12:12
LAB731840,ENC113458,PT13847,CREAT,Creatinine,1.15,mg/dL,0.6,1.3,N,STAT,2025-03-20 12:24,2025-03-20 12:42,2025-03-20 13:03
LAB731841,ENC113458,PT13847,WBC,White Blood Cell Count,9.5,K/uL,4.5,11,N,STAT,2025-03-20 11:57,2025-03-20 12:17,2025-03-20 13:01
LAB731842,ENC113458,PT13847,HGB,Hemoglobin,14.6,g/dL,12,17.5,N,STAT,2025-03-20 12:08,2025-03-20 12:19,2025-03-20 13:15
LAB731843,ENC113458,PT13847,TROP,"Troponin I, High Sensitivity",41,ng/L,0,34,H,STAT,2025-03-20 12:23,2025-03-20 12:41,2025-03-20 13:26
LAB731844,ENC113458,PT13847,BNP,B-Type Natriuretic Peptide,662,pg/mL,0,100,H,STAT,2025-03-20 11:44,2025-03-20 12:15,2025-03-20 13:35
LAB731845,ENC113461,PT10670,GLU,Glucose,171,mg/dL,70,99,H,STAT,2025-03-20 16:25,2025-03-20 16:55,2025-03-20 17:35
LAB731846,ENC113461,PT10670,CREAT,Creatinine,1.08,mg/dL,0.6,1.3,N,STAT,2025-03-20 16:06,2025-03-20 16:37,2025-03-20 17:23
LAB731847,ENC113461,PT10670,WBC,White Blood Cell Count,7.2,K/uL,4.5,11,N,Routine,2025-03-20 16:42,2025-03-20 17:08,2025-03-20 22:57
LAB731848,ENC113461,PT10670,HGB,Hemoglobin,13.2,g/dL,12,17.5,N,STAT,2025-03-20 16:18,2025-03-20 16:53,2025-03-20 18:04
LAB731849,ENC113462,PT10994,GLU,Glucose,112,mg/dL,70,99,H,Routine,2025-03-20 15:27,2025-03-20 15:52,2025-03-20 18:51
LAB731850,ENC113462,PT10994,CREAT,Creatinine,0.48,mg/dL,0.6,1.3,L,STAT,2025-03-20 16:21,2025-03-20 16:31,2025-03-20 17:24
LAB731851,ENC113462,PT10994,WBC,White Blood Cell Count,5.7,K/uL,4.5,11,N,Routine,2025-03-20 16:12,2025-03-20 16:30,2025-03-20 17:33
LAB731852,ENC113462,PT10994,HGB,Hemoglobin,13.9,g/dL,12,17.5,N,Routine,2025-03-20 16:20,2025-03-20 16:33,2025-03-20 19:57
LAB731853,ENC113462,PT10994,NA,Sodium,142,mmol/L,136,145,N,Routine,2025-03-20 15:59,2025-03-20 16:30,2025-03-20 21:31
LAB731854,ENC113462,PT10994,K,Potassium,4.2,mmol/L,3.5,5.1,N,STAT,2025-03-20 15:54,2025-03-20 16:10,2025-03-20 16:52
LAB731855,ENC113462,PT10994,BUN,Blood Urea Nitrogen,22,mg/dL,7,20,H,STAT,2025-03-20 15:28,2025-03-20 15:48,2025-03-20 16:37
LAB731856,ENC113462,PT10994,PLT,Platelet Count,303,K/uL,150,400,N,Routine,2025-03-20 15:34,2025-03-20 15:47,2025-03-20 16:56
LAB731857,ENC113463,PT13964,GLU,Glucose,95,mg/dL,70,99,N,Routine,2025-03-20 16:37,2025-03-20 16:48,2025-03-20 22:46
LAB731858,ENC113463,PT13964,CREAT,Creatinine,1.13,mg/dL,0.6,1.3,N,Routine,2025-03-20 17:30,2025-03-20 17:54,2025-03-20 20:04
LAB731859,ENC113463,PT13964,WBC,White Blood Cell Count,7.7,K/uL,4.5,11,N,STAT,2025-03-20 17:36,2025-03-20 17:51,2025-03-20 18:50
LAB731860,ENC113463,PT13964,HGB,Hemoglobin,14,g/dL,12,17.5,N,Routine,2025-03-20 16:56,2025-03-20 17:20,2025-03-20 20:07
LAB731861,ENC113463,PT13964,INR,Prothrombin Time INR,1.1,ratio,0.8,1.2,N,STAT,2025-03-20 17:18,2025-03-20 17:31,2025-03-20 18:14
LAB731862,ENC113464,PT13531,A1C,Hemoglobin A1c,7.6,%,4,5.6,H,Routine,2025-03-20 12:29,2025-03-20 12:48,2025-03-20 17:23
LAB731863,ENC113467,PT12354,GLU,Glucose,87,mg/dL,70,99,N,Routine,2025-03-20 16:51,2025-03-20 17:08,2025-03-20 21:46
LAB731864,ENC113467,PT12354,CREAT,Creatinine,1.07,mg/dL,0.6,1.3,N,Routine,2025-03-20 15:54,2025-03-20 16:15,2025-03-21 01:13
LAB731865,ENC113467,PT12354,WBC,White Blood Cell Count,8.9,K/uL,4.5,11,N,STAT,2025-03-20 16:27,2025-03-20 17:02,2025-03-20 17:43
LAB731866,ENC113467,PT12354,HGB,Hemoglobin,4.7,g/dL,12,17.5,LL,STAT,2025-03-20 16:20,2025-03-20 16:24,2025-03-20 17:02
LAB731867,ENC113467,PT12354,LACT,Lactate,4.1,mmol/L,0.5,2,HH,STAT,2025-03-20 16:13,2025-03-20 16:31,2025-03-20 17:19
LAB731868,ENC113467,PT12354,INR,Prothrombin Time INR,1.1,ratio,0.8,1.2,N,STAT,2025-03-20 15:59,2025-03-20 16:05,2025-03-20 16:32
LAB731869,ENC113470,PT12490,GLU,Glucose,76,mg/dL,70,99,N,STAT,2025-03-20 13:44,2025-03-20 14:03,2025-03-20 15:07
LAB731870,ENC113470,PT12490,CREAT,Creatinine,1.86,mg/dL,0.6,1.3,H,STAT,2025-03-20 14:19,2025-03-20 14:36,2025-03-20 15:04
LAB731871,ENC113470,PT12490,WBC,White Blood Cell Count,6.7,K/uL,4.5,11,N,Routine,2025-03-20 13:59,2025-03-20 14:23,2025-03-20 18:24
LAB731872,ENC113470,PT12490,HGB,Hemoglobin,10.5,g/dL,12,17.5,L,STAT,2025-03-20 14:16,2025-03-20 14:27,2025-03-20 14:57
LAB731873,ENC113470,PT12490,NA,Sodium,142,mmol/L,136,145,N,STAT,2025-03-20 14:26,2025-03-20 14:40,2025-03-20 15:06
LAB731874,ENC113470,PT12490,K,Potassium,5.3,mmol/L,3.5,5.1,H,STAT,2025-03-20 13:59,2025-03-20 14:20,2025-03-20 14:49
LAB731875,ENC113473,PT11929,GLU,Glucose,97,mg/dL,70,99,N,Routine,2025-03-20 18:34,2025-03-20 18:57,2025-03-20 23:03
LAB731876,ENC113473,PT11929,CREAT,Creatinine,0.61,mg/dL,0.6,1.3,N,Routine,2025-03-20 18:03,2025-03-20 18:37,2025-03-20 21:07
LAB731877,ENC113473,PT11929,WBC,White Blood Cell Count,14.2,K/uL,4.5,11,H,STAT,2025-03-20 18:31,2025-03-20 19:03,2025-03-20 20:19
LAB731878,ENC113473,PT11929,HGB,Hemoglobin,14.8,g/dL,12,17.5,N,STAT,2025-03-20 18:02,2025-03-20 18:25,2025-03-20 20:05
LAB731879,ENC113474,PT11567,A1C,Hemoglobin A1c,5.7,%,4,5.6,H,Routine,2025-03-20 14:38,2025-03-20 14:47,2025-03-21 03:24
LAB731880,ENC113477,PT10974,GLU,Glucose,105,mg/dL,70,99,H,STAT,2025-03-20 20:50,2025-03-20 21:01,2025-03-20 21:30
LAB731881,ENC113477,PT10974,CREAT,Creatinine,2.29,mg/dL,0.6,1.3,H,STAT,2025-03-20 20:46,2025-03-20 21:20,2025-03-20 22:22
LAB731882,ENC113477,PT10974,WBC,White Blood Cell Count,8,K/uL,4.5,11,N,Routine,2025-03-20 20:17,2025-03-20 20:43,2025-03-21 02:37
LAB731883,ENC113477,PT10974,HGB,Hemoglobin,10.4,g/dL,12,17.5,L,STAT,2025-03-20 20:47,2025-03-20 21:01,2025-03-20 22:07
LAB731884,ENC113477,PT10974,NA,Sodium,142,mmol/L,136,145,N,Routine,2025-03-20 20:34,2025-03-20 20:55,2025-03-20 23:30
LAB731885,ENC113477,PT10974,K,Potassium,5.6,mmol/L,3.5,5.1,H,STAT,2025-03-20 20:18,2025-03-20 20:38,2025-03-20 21:14
LAB731886,ENC113479,PT12261,GLU,Glucose,92,mg/dL,70,99,N,Routine,2025-03-20 21:22,2025-03-20 21:32,2025-03-21 00:31
LAB731887,ENC113479,PT12261,CREAT,Creatinine,0.91,mg/dL,0.6,1.3,N,Routine,2025-03-20 21:12,2025-03-20 21:27,2025-03-21 00:19
LAB731888,ENC113479,PT12261,WBC,White Blood Cell Count,11,K/uL,4.5,11,N,STAT,2025-03-20 20:24,2025-03-20 20:48,2025-03-20 21:50
LAB731889,ENC113479,PT12261,HGB,Hemoglobin,16.5,g/dL,12,17.5,N,STAT,2025-03-20 21:15,2025-03-20 21:26,2025-03-20 22:27
LAB731890,ENC113483,PT12774,GLU,Glucose,65,mg/dL,70,99,L,STAT,2025-03-21 00:48,2025-03-21 01:00,2025-03-21 01:47
LAB731891,ENC113483,PT12774,CREAT,Creatinine,1.2,mg/dL,0.6,1.3,N,Routine,2025-03-21 01:15,2025-03-21 01:47,2025-03-21 04:25
LAB731892,ENC113483,PT12774,WBC,White Blood Cell Count,6,K/uL,4.5,11,N,STAT,2025-03-21 01:21,2025-03-21 01:32,2025-03-21 02:40
LAB731893,ENC113483,PT12774,HGB,Hemoglobin,14.8,g/dL,12,17.5,N,STAT,2025-03-21 01:31,2025-03-21 02:06,2025-03-21 02:39
LAB731894,ENC113484,PT12047,GLU,Glucose,131,mg/dL,70,99,H,Routine,2025-03-21 02:57,2025-03-21 03:32,2025-03-21 07:18
LAB731895,ENC113484,PT12047,CREAT,Creatinine,2.39,mg/dL,0.6,1.3,H,Routine,2025-03-21 03:46,2025-03-21 04:13,2025-03-21 06:44
LAB731896,ENC113484,PT12047,WBC,White Blood Cell Count,6,K/uL,4.5,11,N,STAT,2025-03-21 03:34,2025-03-21 03:41,2025-03-21 04:21
LAB731897,ENC113484,PT12047,HGB,Hemoglobin,11.3,g/dL,12,17.5,L,STAT,2025-03-21 03:14,2025-03-21 03:37,2025-03-21 04:31
LAB731898,ENC113484,PT12047,NA,Sodium,140,mmol/L,136,145,N,STAT,2025-03-21 03:43,2025-03-21 03:48,2025-03-21 04:58
LAB731899,ENC113484,PT12047,K,Potassium,3.9,mmol/L,3.5,5.1,N,STAT,2025-03-21 03:18,2025-03-21 03:30,2025-03-21 04:12
LAB731900,ENC113484,PT12047,TROP,"Troponin I, High Sensitivity",1397,ng/L,0,34,H,STAT,2025-03-21 03:02,2025-03-21 03:18,2025-03-21 03:53
LAB731901,ENC113485,PT11141,GLU,Glucose,160,mg/dL,70,99,H,STAT,2025-03-21 03:06,2025-03-21 03:11,2025-03-21 03:51
LAB731902,ENC113485,PT11141,CREAT,Creatinine,2.56,mg/dL,0.6,1.3,H,STAT,2025-03-21 03:47,2025-03-21 04:08,2025-03-21 05:26
LAB731903,ENC113485,PT11141,WBC,White Blood Cell Count,19.5,K/uL,4.5,11,H,Routine,2025-03-21 04:06,2025-03-21 04:20,2025-03-21 09:37
LAB731904,ENC113485,PT11141,HGB,Hemoglobin,15,g/dL,12,17.5,N,Routine,2025-03-21 03:26,2025-03-21 03:45,2025-03-21 08:01
LAB731905,ENC113485,PT11141,BUN,Blood Urea Nitrogen,20,mg/dL,7,20,N,STAT,2025-03-21 03:30,2025-03-21 03:48,2025-03-21 04:18
LAB731906,ENC113485,PT11141,PLT,Platelet Count,195,K/uL,150,400,N,STAT,2025-03-21 03:17,2025-03-21 03:36,2025-03-21 04:44
LAB731907,ENC113485,PT11141,LACT,Lactate,1.5,mmol/L,0.5,2,N,STAT,2025-03-21 04:04,2025-03-21 04:22,2025-03-21 04:59
LAB731908,ENC113488,PT11326,GLU,Glucose,92,mg/dL,70,99,N,Routine,2025-03-21 06:40,2025-03-21 07:13,2025-03-21 10:10
LAB731909,ENC113488,PT11326,CREAT,Creatinine,1,mg/dL,0.6,1.3,N,Routine,2025-03-21 06:39,2025-03-21 06:46,2025-03-21 12:09
LAB731910,ENC113488,PT11326,WBC,White Blood Cell Count,9.5,K/uL,4.5,11,N,Routine,2025-03-21 07:20,2025-03-21 07:47,2025-03-21 09:15
LAB731911,ENC113488,PT11326,HGB,Hemoglobin,14.1,g/dL,12,17.5,N,Routine,2025-03-21 07:28,2025-03-21 07:37,2025-03-21 09:10
LAB731912,ENC113488,PT11326,TROP,"Troponin I, High Sensitivity",0,ng/L,0,34,N,STAT,2025-03-21 07:28,2025-03-21 07:44,2025-03-21 08:54
LAB731913,ENC113488,PT11326,BNP,B-Type Natriuretic Peptide,910,pg/mL,0,100,H,Routine,2025-03-21 07:21,2025-03-21 07:46,2025-03-21 09:05
LAB731914,ENC113489,PT10021,GLU,Glucose,124,mg/dL,70,99,H,STAT,2025-03-21 06:42,2025-03-21 07:06,2025-03-21 07:53
LAB731915,ENC113489,PT10021,CREAT,Creatinine,1.05,mg/dL,0.6,1.3,N,Routine,2025-03-21 06:11,2025-03-21 06:44,2025-03-21 10:09
LAB731916,ENC113490,PT12385,GLU,Glucose,99,mg/dL,70,99,N,STAT,2025-03-21 08:00,2025-03-21 08:06,2025-03-21 08:52
LAB731917,ENC113490,PT12385,CREAT,Creatinine,0.59,mg/dL,0.6,1.3,L,Routine,2025-03-21 07:16,2025-03-21 07:42,2025-03-21 11:04
LAB731918,ENC113493,PT10822,LDL,LDL Cholesterol,125,mg/dL,0,99,H,Routine,2025-03-21 09:31,2025-03-21 09:50,2025-03-22 08:48
LAB731919,ENC113493,PT10822,A1C,Hemoglobin A1c,7.7,%,4,5.6,H,Routine,2025-03-21 09:22,2025-03-21 09:40,2025-03-22 19:32
LAB731920,ENC113493,PT10822,TSH,Thyroid Stimulating Hormone,0.15,mIU/L,0.4,4,L,Routine,2025-03-21 09:23,2025-03-21 09:54,2025-03-22 05:37
LAB731921,ENC113494,PT11308,LDL,LDL Cholesterol,126,mg/dL,0,99,H,Routine,2025-03-21 09:33,2025-03-21 09:52,2025-03-21 21:04
LAB731922,ENC113494,PT11308,A1C,Hemoglobin A1c,8.4,%,4,5.6,H,Routine,2025-03-21 09:25,2025-03-21 09:55,2025-03-21 20:01
LAB731923,ENC113495,PT12273,GLU,Glucose,112,mg/dL,70,99,H,STAT,2025-03-21 10:45,2025-03-21 11:07,2025-03-21 11:46
LAB731924,ENC113495,PT12273,CREAT,Creatinine,1.33,mg/dL,0.6,1.3,H,Routine,2025-03-21 09:55,2025-03-21 10:17,2025-03-21 12:03
LAB731925,ENC113495,PT12273,WBC,White Blood Cell Count,7.5,K/uL,4.5,11,N,Routine,2025-03-21 10:21,2025-03-21 10:38,2025-03-21 12:19
LAB731926,ENC113495,PT12273,HGB,Hemoglobin,11.1,g/dL,12,17.5,L,Routine,2025-03-21 10:38,2025-03-21 10:52,2025-03-21 20:49
LAB731927,ENC113495,PT12273,NA,Sodium,129,mmol/L,136,145,L,STAT,2025-03-21 09:38,2025-03-21 09:51,2025-03-21 10:33
LAB731928,ENC113495,PT12273,K,Potassium,3.5,mmol/L,3.5,5.1,N,STAT,2025-03-21 10:37,2025-03-21 11:02,2025-03-21 12:17
LAB731929,ENC113496,PT10620,GLU,Glucose,115,mg/dL,70,99,H,STAT,2025-03-21 12:37,2025-03-21 12:57,2025-03-21 14:53
LAB731930,ENC113496,PT10620,CREAT,Creatinine,0.93,mg/dL,0.6,1.3,N,Routine,2025-03-21 13:18,2025-03-21 13:27,2025-03-21 14:36
LAB731931,ENC113496,PT10620,WBC,White Blood Cell Count,5.9,K/uL,4.5,11,N,STAT,2025-03-21 12:31,2025-03-21 12:37,2025-03-21 13:20
LAB731932,ENC113496,PT10620,HGB,Hemoglobin,14.3,g/dL,12,17.5,N,STAT,2025-03-21 13:18,2025-03-21 13:39,2025-03-21 14:07
LAB731933,ENC113501,PT10410,GLU,Glucose,100,mg/dL,70,99,H,STAT,2025-03-21 13:56,2025-03-21 14:28,2025-03-21 15:29
LAB731934,ENC113501,PT10410,CREAT,Creatinine,1.26,mg/dL,0.6,1.3,N,STAT,2025-03-21 14:10,2025-03-21 14:45,2025-03-21 15:16
LAB731935,ENC113501,PT10410,WBC,White Blood Cell Count,20.7,K/uL,4.5,11,H,Routine,2025-03-21 14:05,2025-03-21 14:28,2025-03-21 19:09
LAB731936,ENC113501,PT10410,HGB,Hemoglobin,14.1,g/dL,12,17.5,N,STAT,2025-03-21 13:14,2025-03-21 13:27,2025-03-21 15:29
LAB731937,ENC113501,PT10410,NA,Sodium,135,mmol/L,136,145,L,STAT,2025-03-21 13:01,2025-03-21 13:13,2025-03-21 14:01
LAB731938,ENC113501,PT10410,K,Potassium,4.2,mmol/L,3.5,5.1,N,STAT,2025-03-21 13:38,2025-03-21 14:11,2025-03-21 14:43
LAB731939,ENC113503,PT12910,GLU,Glucose,112,mg/dL,70,99,H,STAT,2025-03-21 11:48,2025-03-21 12:22,2025-03-21 12:42
LAB731940,ENC113503,PT12910,CREAT,Creatinine,0.92,mg/dL,0.6,1.3,N,Routine,2025-03-21 11:42,2025-03-21 12:14,2025-03-21 15:24
LAB731941,ENC113507,PT10679,A1C,Hemoglobin A1c,6.8,%,4,5.6,H,Routine,2025-03-21 13:44,2025-03-21 14:03,2025-03-21 22:06
LAB731942,ENC113507,PT10679,GLU,Glucose,183,mg/dL,70,99,H,Routine,2025-03-21 13:59,2025-03-21 14:11,2025-03-21 16:16
LAB731943,ENC113507,PT10679,CREAT,Creatinine,0.74,mg/dL,0.6,1.3,N,Routine,2025-03-21 13:38,2025-03-21 14:11,2025-03-21 17:39
LAB731944,ENC113509,PT12802,A1C,Hemoglobin A1c,5.5,%,4,5.6,N,Routine,2025-03-21 14:29,2025-03-21 14:57,2025-03-22 02:51
LAB731945,ENC113510,PT13767,GLU,Glucose,427,mg/dL,70,99,H,Routine,2025-03-21 17:39,2025-03-21 18:11,2025-03-21 22:32
LAB731946,ENC113510,PT13767,CREAT,Creatinine,1.42,mg/dL,0.6,1.3,H,STAT,2025-03-21 17:42,2025-03-21 17:59,2025-03-21 18:59
LAB731947,ENC113510,PT13767,WBC,White Blood Cell Count,6.7,K/uL,4.5,11,N,Routine,2025-03-21 18:33,2025-03-21 19:01,2025-03-21 21:57
LAB731948,ENC113510,PT13767,HGB,Hemoglobin,11.6,g/dL,12,17.5,L,Routine,2025-03-21 18:00,2025-03-21 18:12,2025-03-21 23:46
LAB731949,ENC113510,PT13767,NA,Sodium,138,mmol/L,136,145,N,STAT,2025-03-21 18:14,2025-03-21 18:24,2025-03-21 18:59
LAB731950,ENC113510,PT13767,K,Potassium,3.2,mmol/L,3.5,5.1,L,STAT,2025-03-21 17:57,2025-03-21 18:17,2025-03-21 18:45
LAB731951,ENC113510,PT13767,A1C,Hemoglobin A1c,9.9,%,4,5.6,H,STAT,2025-03-21 18:35,2025-03-21 18:55,2025-03-21 19:41
LAB731952,ENC113514,PT12633,GLU,Glucose,113,mg/dL,70,99,H,Routine,2025-03-21 18:29,2025-03-21 18:40,2025-03-21 22:03
LAB731953,ENC113514,PT12633,CREAT,Creatinine,1.25,mg/dL,0.6,1.3,N,STAT,2025-03-21 19:06,2025-03-21 19:20,2025-03-21 19:58
LAB731954,ENC113514,PT12633,WBC,White Blood Cell Count,5.1,K/uL,4.5,11,N,Routine,2025-03-21 18:36,2025-03-21 18:40,2025-03-21 20:39
LAB731955,ENC113514,PT12633,HGB,Hemoglobin,14,g/dL,12,17.5,N,Routine,2025-03-21 18:04,2025-03-21 18:29,2025-03-21 21:04
LAB731956,ENC113514,PT12633,BUN,Blood Urea Nitrogen,12,mg/dL,7,20,N,Routine,2025-03-21 18:15,2025-03-21 18:40,2025-03-21 20:31
LAB731957,ENC113514,PT12633,PLT,Platelet Count,176,K/uL,150,400,N,Routine,2025-03-21 19:04,2025-03-21 19:38,2025-03-21 21:59
LAB731958,ENC113517,PT13034,GLU,Glucose,128,mg/dL,70,99,H,STAT,2025-03-21 21:50,2025-03-21 22:15,2025-03-21 22:46
LAB731959,ENC113517,PT13034,CREAT,Creatinine,0.92,mg/dL,0.6,1.3,N,STAT,2025-03-21 21:46,2025-03-21 22:12,2025-03-21 23:01
LAB731960,ENC113517,PT13034,WBC,White Blood Cell Count,6.9,K/uL,4.5,11,N,Routine,2025-03-21 21:44,2025-03-21 22:16,2025-03-22 02:48
LAB731961,ENC113517,PT13034,HGB,Hemoglobin,14,g/dL,12,17.5,N,STAT,2025-03-21 21:37,2025-03-21 21:56,2025-03-21 22:26
LAB731962,ENC113517,PT13034,NA,Sodium,139,mmol/L,136,145,N,Routine,2025-03-21 21:58,2025-03-21 22:33,2025-03-22 06:54
LAB731963,ENC113517,PT13034,K,Potassium,4.6,mmol/L,3.5,5.1,N,STAT,2025-03-21 21:28,2025-03-21 21:50,2025-03-21 22:43
LAB731964,ENC113517,PT13034,INR,Prothrombin Time INR,1,ratio,0.8,1.2,N,Routine,2025-03-21 21:40,2025-03-21 22:12,2025-03-22 00:14
LAB731965,ENC113518,PT10464,GLU,Glucose,108,mg/dL,70,99,H,STAT,2025-03-21 21:26,2025-03-21 21:48,2025-03-21 22:21
LAB731966,ENC113518,PT10464,CREAT,Creatinine,0.95,mg/dL,0.6,1.3,N,STAT,2025-03-21 20:55,2025-03-21 21:29,2025-03-21 22:32
LAB731967,ENC113518,PT10464,WBC,White Blood Cell Count,17.8,K/uL,4.5,11,H,Routine,2025-03-21 21:10,2025-03-21 21:32,2025-03-22 00:02
LAB731968,ENC113518,PT10464,HGB,Hemoglobin,13.8,g/dL,12,17.5,N,STAT,2025-03-21 21:47,2025-03-21 22:12,2025-03-21 23:29
LAB731969,ENC113519,PT13997,GLU,Glucose,95,mg/dL,70,99,N,Routine,2025-03-22 02:22,2025-03-22 02:38,2025-03-22 10:43
LAB731970,ENC113519,PT13997,CREAT,Creatinine,0.67,mg/dL,0.6,1.3,N,Routine,2025-03-22 01:37,2025-03-22 01:57,2025-03-22 05:31
LAB731971,ENC113519,PT13997,WBC,White Blood Cell Count,10.1,K/uL,4.5,11,N,STAT,2025-03-22 02:46,2025-03-22 03:00,2025-03-22 03:20
LAB731972,ENC113519,PT13997,HGB,Hemoglobin,12.1,g/dL,12,17.5,N,STAT,2025-03-22 02:24,2025-03-22 02:32,2025-03-22 04:07
LAB731973,ENC113520,PT10271,GLU,Glucose,120,mg/dL,70,99,H,STAT,2025-03-21 23:54,2025-03-22 00:03,2025-03-22 01:28
LAB731974,ENC113520,PT10271,CREAT,Creatinine,0.87,mg/dL,0.6,1.3,N,STAT,2025-03-22 00:07,2025-03-22 00:42,2025-03-22 01:23
LAB731975,ENC113520,PT10271,WBC,White Blood Cell Count,7.6,K/uL,4.5,11,N,STAT,2025-03-22 00:08,2025-03-22 00:26,2025-03-22 01:21
LAB731976,ENC113520,PT10271,HGB,Hemoglobin,14.6,g/dL,12,17.5,N,Routine,2025-03-22 00:23,2025-03-22 00:41,2025-03-22 02:42
LAB731977,ENC113521,PT12704,GLU,Glucose,87,mg/dL,70,99,N,STAT,2025-03-22 05:53,2025-03-22 06:02,2025-03-22 06:23
LAB731978,ENC113521,PT12704,CREAT,Creatinine,0.74,mg/dL,0.6,1.3,N,STAT,2025-03-22 06:04,2025-03-22 06:22,2025-03-22 06:56
LAB731979,ENC113521,PT12704,WBC,White Blood Cell Count,5.4,K/uL,4.5,11,N,STAT,2025-03-22 05:54,2025-03-22 06:25,2025-03-22 07:03
LAB731980,ENC113521,PT12704,HGB,Hemoglobin,12.4,g/dL,12,17.5,N,STAT,2025-03-22 05:38,2025-03-22 06:03,2025-03-22 06:57
LAB731981,ENC113522,PT10850,GLU,Glucose,112,mg/dL,70,99,H,STAT,2025-03-22 03:39,2025-03-22 03:59,2025-03-22 04:51
LAB731982,ENC113522,PT10850,CREAT,Creatinine,0.84,mg/dL,0.6,1.3,N,STAT,2025-03-22 04:05,2025-03-22 04:10,2025-03-22 04:48
LAB731983,ENC113523,PT10235,GLU,Glucose,97,mg/dL,70,99,N,Routine,2025-03-22 11:42,2025-03-22 11:58,2025-03-22 13:13
LAB731984,ENC113523,PT10235,CREAT,Creatinine,2.94,mg/dL,0.6,1.3,H,Routine,2025-03-22 11:43,2025-03-22 11:49,2025-03-22 14:44
LAB731985,ENC113523,PT10235,WBC,White Blood Cell Count,8.2,K/uL,4.5,11,N,STAT,2025-03-22 12:23,2025-03-22 12:34,2025-03-22 12:59
LAB731986,ENC113523,PT10235,HGB,Hemoglobin,15.2,g/dL,12,17.5,N,STAT,2025-03-22 12:39,2025-03-22 13:02,2025-03-22 14:49
LAB731987,ENC113523,PT10235,NA,Sodium,138,mmol/L,136,145,N,Routine,2025-03-22 12:37,2025-03-22 12:44,2025-03-22 17:57
LAB731988,ENC113523,PT10235,K,Potassium,5,mmol/L,3.5,5.1,N,STAT,2025-03-22 12:03,2025-03-22 12:16,2025-03-22 14:06
LAB731989,ENC113524,PT10961,GLU,Glucose,100,mg/dL,70,99,H,Routine,2025-03-22 09:02,2025-03-22 09:24,2025-03-22 12:16
LAB731990,ENC113524,PT10961,CREAT,Creatinine,0.45,mg/dL,0.6,1.3,L,Routine,2025-03-22 09:00,2025-03-22 09:21,2025-03-22 10:44
LAB731991,ENC113528,PT11049,GLU,Glucose,127,mg/dL,70,99,H,STAT,2025-03-22 15:16,2025-03-22 15:37,2025-03-22 16:12
LAB731992,ENC113528,PT11049,CREAT,Creatinine,1.15,mg/dL,0.6,1.3,N,STAT,2025-03-22 15:36,2025-03-22 16:11,2025-03-22 16:44
LAB731993,ENC113528,PT11049,WBC,White Blood Cell Count,7.4,K/uL,4.5,11,N,STAT,2025-03-22 15:39,2025-03-22 15:58,2025-03-22 16:49
LAB731994,ENC113530,PT12419,GLU,Glucose,124,mg/dL,70,99,H,Routine,2025-03-22 16:41,2025-03-22 17:12,2025-03-22 20:00
LAB731995,ENC113530,PT12419,CREAT,Creatinine,0.76,mg/dL,0.6,1.3,N,STAT,2025-03-22 15:57,2025-03-22 16:09,2025-03-22 16:52
LAB731996,ENC113530,PT12419,WBC,White Blood Cell Count,16.6,K/uL,4.5,11,H,STAT,2025-03-22 16:14,2025-03-22 16:22,2025-03-22 16:54
LAB731997,ENC113532,PT11416,GLU,Glucose,75,mg/dL,70,99,N,Routine,2025-03-22 19:10,2025-03-22 19:37,2025-03-23 00:46
LAB731998,ENC113532,PT11416,CREAT,Creatinine,0.99,mg/dL,0.6,1.3,N,STAT,2025-03-22 18:58,2025-03-22 19:10,2025-03-22 19:54
LAB731999,ENC113532,PT11416,WBC,White Blood Cell Count,8.8,K/uL,4.5,11,N,STAT,2025-03-22 18:24,2025-03-22 18:53,2025-03-22 19:36
LAB732000,ENC113533,PT12441,GLU,Glucose,107,mg/dL,70,99,H,STAT,2025-03-22 19:31,2025-03-22 19:57,2025-03-22 20:20
LAB732001,ENC113533,PT12441,CREAT,Creatinine,0.91,mg/dL,0.6,1.3,N,Routine,2025-03-22 19:41,2025-03-22 20:12,2025-03-23 01:16
LAB732002,ENC113533,PT12441,WBC,White Blood Cell Count,6.1,K/uL,4.5,11,N,STAT,2025-03-22 19:54,2025-03-22 20:17,2025-03-22 20:31
LAB732003,ENC113534,PT10283,GLU,Glucose,79,mg/dL,70,99,N,Routine,2025-03-23 00:40,2025-03-23 01:03,2025-03-23 03:58
LAB732004,ENC113534,PT10283,CREAT,Creatinine,0.97,mg/dL,0.6,1.3,N,STAT,2025-03-22 23:58,2025-03-23 00:02,2025-03-23 01:22
LAB732005,ENC113534,PT10283,WBC,White Blood Cell Count,9.8,K/uL,4.5,11,N,STAT,2025-03-23 00:00,2025-03-23 00:18,2025-03-23 01:05
LAB732006,ENC113534,PT10283,HGB,Hemoglobin,13.6,g/dL,12,17.5,N,STAT,2025-03-22 23:45,2025-03-23 00:14,2025-03-23 00:41
LAB732007,ENC113535,PT12781,GLU,Glucose,126,mg/dL,70,99,H,Routine,2025-03-22 20:01,2025-03-22 20:31,2025-03-22 21:59
LAB732008,ENC113535,PT12781,CREAT,Creatinine,0.91,mg/dL,0.6,1.3,N,STAT,2025-03-22 19:56,2025-03-22 20:10,2025-03-22 20:42
LAB732009,ENC113535,PT12781,WBC,White Blood Cell Count,7.7,K/uL,4.5,11,N,Routine,2025-03-22 19:58,2025-03-22 20:03,2025-03-22 22:24
LAB732010,ENC113535,PT12781,HGB,Hemoglobin,12.9,g/dL,12,17.5,N,Routine,2025-03-22 20:32,2025-03-22 21:01,2025-03-22 22:55
LAB732011,ENC113535,PT12781,NA,Sodium,141,mmol/L,136,145,N,Routine,2025-03-22 20:08,2025-03-22 20:34,2025-03-23 02:07
LAB732012,ENC113535,PT12781,K,Potassium,3.9,mmol/L,3.5,5.1,N,STAT,2025-03-22 21:02,2025-03-22 21:08,2025-03-22 21:41
LAB732013,ENC113536,PT11232,GLU,Glucose,226,mg/dL,70,99,H,STAT,2025-03-23 01:08,2025-03-23 01:27,2025-03-23 01:53
LAB732014,ENC113536,PT11232,CREAT,Creatinine,2.01,mg/dL,0.6,1.3,H,STAT,2025-03-23 00:52,2025-03-23 01:00,2025-03-23 01:24
LAB732015,ENC113536,PT11232,WBC,White Blood Cell Count,3.3,K/uL,4.5,11,L,Routine,2025-03-23 00:54,2025-03-23 01:14,2025-03-23 02:37
LAB732016,ENC113536,PT11232,HGB,Hemoglobin,11.4,g/dL,12,17.5,L,STAT,2025-03-23 01:31,2025-03-23 01:41,2025-03-23 03:22
LAB732017,ENC113536,PT11232,LACT,Lactate,2.1,mmol/L,0.5,2,H,STAT,2025-03-23 00:36,2025-03-23 01:09,2025-03-23 02:18
LAB732018,ENC113537,PT12455,GLU,Glucose,95,mg/dL,70,99,N,STAT,2025-03-22 22:50,2025-03-22 23:01,2025-03-23 00:46
LAB732019,ENC113537,PT12455,CREAT,Creatinine,1.16,mg/dL,0.6,1.3,N,Routine,2025-03-22 23:29,2025-03-22 23:38,2025-03-23 03:13
LAB732020,ENC113537,PT12455,WBC,White Blood Cell Count,8.8,K/uL,4.5,11,N,STAT,2025-03-22 22:57,2025-03-22 23:18,2025-03-22 23:58
LAB732021,ENC113537,PT12455,TROP,"Troponin I, High Sensitivity",12,ng/L,0,34,N,STAT,2025-03-22 23:28,2025-03-22 23:47,2025-03-23 01:00
LAB732022,ENC113537,PT12455,BNP,B-Type Natriuretic Peptide,1278,pg/mL,0,100,H,Routine,2025-03-22 23:28,2025-03-22 23:59,2025-03-23 02:08
LAB732023,ENC113540,PT12116,GLU,Glucose,124,mg/dL,70,99,H,Routine,2025-03-23 05:46,2025-03-23 05:57,2025-03-23 11:37
LAB732024,ENC113540,PT12116,CREAT,Creatinine,0.77,mg/dL,0.6,1.3,N,STAT,2025-03-23 05:47,2025-03-23 05:53,2025-03-23 07:15
LAB732025,ENC113540,PT12116,WBC,White Blood Cell Count,5.8,K/uL,4.5,11,N,STAT,2025-03-23 05:39,2025-03-23 06:02,2025-03-23 06:34
LAB732026,ENC113540,PT12116,HGB,Hemoglobin,14.8,g/dL,12,17.5,N,STAT,2025-03-23 05:47,2025-03-23 06:19,2025-03-23 07:50
LAB732027,ENC113540,PT12116,NA,Sodium,139,mmol/L,136,145,N,Routine,2025-03-23 05:38,2025-03-23 05:59,2025-03-23 10:30
LAB732028,ENC113540,PT12116,K,Potassium,4.3,mmol/L,3.5,5.1,N,STAT,2025-03-23 05:54,2025-03-23 06:18,2025-03-23 06:51
LAB732029,ENC113540,PT12116,LACT,Lactate,3.2,mmol/L,0.5,2,H,STAT,2025-03-23 05:13,2025-03-23 05:35,2025-03-23 05:59
LAB732030,ENC113541,PT10481,GLU,Glucose,112,mg/dL,70,99,H,STAT,2025-03-23 08:32,2025-03-23 09:04,2025-03-23 10:24
LAB732031,ENC113541,PT10481,CREAT,Creatinine,1.08,mg/dL,0.6,1.3,N,STAT,2025-03-23 09:31,2025-03-23 10:01,2025-03-23 10:39
LAB732032,ENC113543,PT13645,GLU,Glucose,120,mg/dL,70,99,H,Routine,2025-03-23 13:13,2025-03-23 13:26,2025-03-23 15:21
LAB732033,ENC113543,PT13645,CREAT,Creatinine,0.88,mg/dL,0.6,1.3,N,Routine,2025-03-23 12:42,2025-03-23 13:09,2025-03-23 16:28
LAB732034,ENC113544,PT12938,GLU,Glucose,145,mg/dL,70,99,H,STAT,2025-03-23 17:29,2025-03-23 17:57,2025-03-23 18:48
LAB732035,ENC113544,PT12938,CREAT,Creatinine,0.62,mg/dL,0.6,1.3,N,STAT,2025-03-23 17:26,2025-03-23 17:38,2025-03-23 18:36
LAB732036,ENC113544,PT12938,WBC,White Blood Cell Count,7.7,K/uL,4.5,11,N,Routine,2025-03-23 17:25,2025-03-23 17:42,2025-03-23 19:54
LAB732037,ENC113544,PT12938,HGB,Hemoglobin,15.5,g/dL,12,17.5,N,STAT,2025-03-23 17:40,2025-03-23 18:03,2025-03-23 19:11
LAB732038,ENC113544,PT12938,NA,Sodium,135,mmol/L,136,145,L,Routine,2025-03-23 17:12,2025-03-23 17:36,2025-03-23 18:57
LAB732039,ENC113544,PT12938,K,Potassium,4.3,mmol/L,3.5,5.1,N,STAT,2025-03-23 17:16,2025-03-23 17:27,2025-03-23 17:50
LAB732040,ENC113544,PT12938,TROP,"Troponin I, High Sensitivity",77,ng/L,0,34,H,STAT,2025-03-23 17:42,2025-03-23 18:05,2025-03-23 18:43
LAB732041,ENC113547,PT10291,GLU,Glucose,115,mg/dL,70,99,H,Routine,2025-03-23 20:44,2025-03-23 21:17,2025-03-24 00:55
LAB732042,ENC113547,PT10291,CREAT,Creatinine,0.92,mg/dL,0.6,1.3,N,STAT,2025-03-23 20:11,2025-03-23 20:35,2025-03-23 21:26
LAB732043,ENC113547,PT10291,TROP,"Troponin I, High Sensitivity",9,ng/L,0,34,N,STAT,2025-03-23 19:44,2025-03-23 20:06,2025-03-23 21:40
LAB732044,ENC113549,PT10177,GLU,Glucose,86,mg/dL,70,99,N,Routine,2025-03-24 01:59,2025-03-24 02:09,2025-03-24 04:39
LAB732045,ENC113549,PT10177,CREAT,Creatinine,0.75,mg/dL,0.6,1.3,N,Routine,2025-03-24 01:52,2025-03-24 02:04,2025-03-24 05:51
LAB732046,ENC113549,PT10177,WBC,White Blood Cell Count,6.5,K/uL,4.5,11,N,STAT,2025-03-24 01:17,2025-03-24 01:40,2025-03-24 02:33
LAB732047,ENC113549,PT10177,HGB,Hemoglobin,15.2,g/dL,12,17.5,N,Routine,2025-03-24 01:36,2025-03-24 01:47,2025-03-24 03:41
LAB732048,ENC113550,PT11056,GLU,Glucose,65,mg/dL,70,99,L,Routine,2025-03-24 00:33,2025-03-24 00:40,2025-03-24 06:10
LAB732049,ENC113550,PT11056,CREAT,Creatinine,0.44,mg/dL,0.6,1.3,L,Routine,2025-03-24 00:47,2025-03-24 01:03,2025-03-24 02:47
LAB732050,ENC113550,PT11056,WBC,White Blood Cell Count,8.1,K/uL,4.5,11,N,STAT,2025-03-24 00:18,2025-03-24 00:51,2025-03-24 01:41
LAB732051,ENC113550,PT11056,HGB,Hemoglobin,15.1,g/dL,12,17.5,N,STAT,2025-03-24 00:38,2025-03-24 01:07,2025-03-24 01:31
LAB732052,ENC113551,PT13603,GLU,Glucose,126,mg/dL,70,99,H,STAT,2025-03-24 04:08,2025-03-24 04:31,2025-03-24 05:30
LAB732053,ENC113551,PT13603,CREAT,Creatinine,0.66,mg/dL,0.6,1.3,N,Routine,2025-03-24 04:35,2025-03-24 04:54,2025-03-24 08:13
LAB732054,ENC113551,PT13603,WBC,White Blood Cell Count,5.9,K/uL,4.5,11,N,Routine,2025-03-24 04:58,2025-03-24 05:33,2025-03-24 07:59
LAB732055,ENC113551,PT13603,HGB,Hemoglobin,14.3,g/dL,12,17.5,N,STAT,2025-03-24 04:33,2025-03-24 04:56,2025-03-24 06:06
LAB732056,ENC113551,PT13603,NA,Sodium,144,mmol/L,136,145,N,STAT,2025-03-24 04:48,2025-03-24 05:17,2025-03-24 05:58
LAB732057,ENC113551,PT13603,K,Potassium,4.7,mmol/L,3.5,5.1,N,STAT,2025-03-24 03:50,2025-03-24 04:09,2025-03-24 04:30
LAB732058,ENC113552,PT10411,GLU,Glucose,200,mg/dL,70,99,H,STAT,2025-03-24 05:21,2025-03-24 05:43,2025-03-24 06:04
LAB732059,ENC113552,PT10411,CREAT,Creatinine,1.19,mg/dL,0.6,1.3,N,Routine,2025-03-24 04:32,2025-03-24 04:52,2025-03-24 06:46
LAB732060,ENC113552,PT10411,WBC,White Blood Cell Count,9,K/uL,4.5,11,N,Routine,2025-03-24 04:56,2025-03-24 05:18,2025-03-24 06:24
LAB732061,ENC113552,PT10411,HGB,Hemoglobin,8.9,g/dL,12,17.5,L,STAT,2025-03-24 05:18,2025-03-24 05:52,2025-03-24 07:00
LAB732062,ENC113552,PT10411,NA,Sodium,142,mmol/L,136,145,N,STAT,2025-03-24 04:42,2025-03-24 05:05,2025-03-24 05:26
LAB732063,ENC113552,PT10411,K,Potassium,4,mmol/L,3.5,5.1,N,STAT,2025-03-24 04:33,2025-03-24 04:38,2025-03-24 05:32
LAB732064,ENC113552,PT10411,BUN,Blood Urea Nitrogen,18,mg/dL,7,20,N,Routine,2025-03-24 04:12,2025-03-24 04:20,2025-03-24 08:17
LAB732065,ENC113552,PT10411,PLT,Platelet Count,290,K/uL,150,400,N,STAT,2025-03-24 05:15,2025-03-24 05:28,2025-03-24 06:13
LAB732066,ENC113552,PT10411,A1C,Hemoglobin A1c,10.7,%,4,5.6,H,STAT,2025-03-24 04:57,2025-03-24 05:07,2025-03-24 05:42
LAB732067,ENC113554,PT13961,GLU,Glucose,212,mg/dL,70,99,H,STAT,2025-03-24 03:19,2025-03-24 03:24,2025-03-24 04:23
LAB732068,ENC113554,PT13961,CREAT,Creatinine,0.9,mg/dL,0.6,1.3,N,Routine,2025-03-24 03:01,2025-03-24 03:23,2025-03-24 04:49
LAB732069,ENC113554,PT13961,WBC,White Blood Cell Count,6.3,K/uL,4.5,11,N,Routine,2025-03-24 02:32,2025-03-24 02:44,2025-03-24 09:15
LAB732070,ENC113554,PT13961,HGB,Hemoglobin,13.6,g/dL,12,17.5,N,STAT,2025-03-24 02:47,2025-03-24 03:05,2025-03-24 03:59
LAB732071,ENC113554,PT13961,NA,Sodium,142,mmol/L,136,145,N,STAT,2025-03-24 03:00,2025-03-24 03:27,2025-03-24 04:23
LAB732072,ENC113554,PT13961,K,Potassium,3.9,mmol/L,3.5,5.1,N,STAT,2025-03-24 02:58,2025-03-24 03:06,2025-03-24 04:01
LAB732073,ENC113555,PT11499,GLU,Glucose,74,mg/dL,70,99,N,Routine,2025-03-24 04:15,2025-03-24 04:44,2025-03-24 06:52
LAB732074,ENC113555,PT11499,CREAT,Creatinine,1.13,mg/dL,0.6,1.3,N,STAT,2025-03-24 04:32,2025-03-24 04:50,2025-03-24 05:40
LAB732075,ENC113555,PT11499,WBC,White Blood Cell Count,6.4,K/uL,4.5,11,N,Routine,2025-03-24 05:14,2025-03-24 05:27,2025-03-24 07:24
LAB732076,ENC113555,PT11499,HGB,Hemoglobin,14.5,g/dL,12,17.5,N,STAT,2025-03-24 04:57,2025-03-24 05:06,2025-03-24 05:45
LAB732077,ENC113556,PT10439,GLU,Glucose,84,mg/dL,70,99,N,STAT,2025-03-24 06:25,2025-03-24 06:56,2025-03-24 07:56
LAB732078,ENC113556,PT10439,CREAT,Creatinine,0.33,mg/dL,0.6,1.3,L,Routine,2025-03-24 07:01,2025-03-24 07:20,2025-03-24 12:18
LAB732079,ENC113556,PT10439,WBC,White Blood Cell Count,5.4,K/uL,4.5,11,N,STAT,2025-03-24 07:06,2025-03-24 07:16,2025-03-24 08:00
LAB732080,ENC113556,PT10439,HGB,Hemoglobin,15.4,g/dL,12,17.5,N,STAT,2025-03-24 07:07,2025-03-24 07:39,2025-03-24 08:37
LAB732081,ENC113557,PT10513,GLU,Glucose,117,mg/dL,70,99,H,STAT,2025-03-24 11:06,2025-03-24 11:30,2025-03-24 12:32
LAB732082,ENC113557,PT10513,CREAT,Creatinine,0.59,mg/dL,0.6,1.3,L,STAT,2025-03-24 11:36,2025-03-24 11:56,2025-03-24 12:29
LAB732083,ENC113557,PT10513,WBC,White Blood Cell Count,10.1,K/uL,4.5,11,N,STAT,2025-03-24 10:56,2025-03-24 11:29,2025-03-24 12:16
LAB732084,ENC113557,PT10513,HGB,Hemoglobin,13.6,g/dL,12,17.5,N,Routine,2025-03-24 11:14,2025-03-24 11:49,2025-03-24 15:17
LAB732085,ENC113561,PT12735,GLU,Glucose,138,mg/dL,70,99,H,Routine,2025-03-24 13:08,2025-03-24 13:29,2025-03-24 20:38
LAB732086,ENC113561,PT12735,CREAT,Creatinine,1.08,mg/dL,0.6,1.3,N,STAT,2025-03-24 13:31,2025-03-24 13:45,2025-03-24 14:36
LAB732087,ENC113561,PT12735,WBC,White Blood Cell Count,7.7,K/uL,4.5,11,N,STAT,2025-03-24 13:11,2025-03-24 13:25,2025-03-24 13:54
LAB732088,ENC113561,PT12735,HGB,Hemoglobin,12.1,g/dL,12,17.5,N,STAT,2025-03-24 13:49,2025-03-24 14:02,2025-03-24 14:43
LAB732089,ENC113561,PT12735,INR,Prothrombin Time INR,0.8,ratio,0.8,1.2,N,Routine,2025-03-24 12:51,2025-03-24 13:03,2025-03-24 14:51
LAB732090,ENC113562,PT13226,GLU,Glucose,84,mg/dL,70,99,N,STAT,2025-03-24 13:13,2025-03-24 13:32,2025-03-24 14:02
LAB732091,ENC113562,PT13226,CREAT,Creatinine,0.68,mg/dL,0.6,1.3,N,STAT,2025-03-24 13:03,2025-03-24 13:32,2025-03-24 14:18
LAB732092,ENC113562,PT13226,WBC,White Blood Cell Count,6.5,K/uL,4.5,11,N,STAT,2025-03-24 13:50,2025-03-24 14:18,2025-03-24 15:12
LAB732093,ENC113562,PT13226,HGB,Hemoglobin,15.5,g/dL,12,17.5,N,Routine,2025-03-24 12:49,2025-03-24 13:04,2025-03-24 14:32
LAB732094,ENC113562,PT13226,NA,Sodium,142,mmol/L,136,145,N,Routine,2025-03-24 13:04,2025-03-24 13:23,2025-03-24 14:56
LAB732095,ENC113562,PT13226,K,Potassium,3.9,mmol/L,3.5,5.1,N,STAT,2025-03-24 13:37,2025-03-24 13:47,2025-03-24 15:12
LAB732096,ENC113562,PT13226,TROP,"Troponin I, High Sensitivity",1976,ng/L,0,34,H,STAT,2025-03-24 13:41,2025-03-24 13:57,2025-03-24 14:59
LAB732097,ENC113565,PT11091,GLU,Glucose,86,mg/dL,70,99,N,Routine,2025-03-24 14:32,2025-03-24 14:45,2025-03-24 17:32
LAB732098,ENC113565,PT11091,CREAT,Creatinine,2.14,mg/dL,0.6,1.3,H,STAT,2025-03-24 14:12,2025-03-24 14:26,2025-03-24 14:52
LAB732099,ENC113565,PT11091,WBC,White Blood Cell Count,4.4,K/uL,4.5,11,L,STAT,2025-03-24 14:19,2025-03-24 14:51,2025-03-24 15:34
LAB732100,ENC113565,PT11091,HGB,Hemoglobin,11,g/dL,12,17.5,L,STAT,2025-03-24 14:24,2025-03-24 14:40,2025-03-24 15:44
LAB732101,ENC113566,PT10790,GLU,Glucose,102,mg/dL,70,99,H,STAT,2025-03-24 11:50,2025-03-24 12:16,2025-03-24 12:34
LAB732102,ENC113566,PT10790,CREAT,Creatinine,0.54,mg/dL,0.6,1.3,L,STAT,2025-03-24 11:25,2025-03-24 11:33,2025-03-24 12:30
LAB732103,ENC113566,PT10790,WBC,White Blood Cell Count,7.2,K/uL,4.5,11,N,STAT,2025-03-24 12:10,2025-03-24 12:43,2025-03-24 14:17
LAB732104,ENC113566,PT10790,HGB,Hemoglobin,13.5,g/dL,12,17.5,N,Routine,2025-03-24 11:17,2025-03-24 11:26,2025-03-24 14:43
LAB732105,ENC113567,PT10680,A1C,Hemoglobin A1c,9.2,%,4,5.6,H,Routine,2025-03-24 11:28,2025-03-24 11:35,2025-03-25 01:15
LAB732106,ENC113569,PT11694,GLU,Glucose,156,mg/dL,70,99,H,Routine,2025-03-24 13:42,2025-03-24 14:16,2025-03-24 17:15
LAB732107,ENC113569,PT11694,CREAT,Creatinine,1.51,mg/dL,0.6,1.3,H,STAT,2025-03-24 14:09,2025-03-24 14:31,2025-03-24 15:17
LAB732108,ENC113569,PT11694,WBC,White Blood Cell Count,2.9,K/uL,4.5,11,L,Routine,2025-03-24 14:13,2025-03-24 14:22,2025-03-24 16:14
LAB732109,ENC113569,PT11694,HGB,Hemoglobin,12.9,g/dL,12,17.5,N,STAT,2025-03-24 14:39,2025-03-24 15:11,2025-03-24 15:52
LAB732110,ENC113569,PT11694,LACT,Lactate,4.1,mmol/L,0.5,2,HH,STAT,2025-03-24 14:19,2025-03-24 14:41,2025-03-24 15:10
LAB732111,ENC113570,PT13379,GLU,Glucose,101,mg/dL,70,99,H,Routine,2025-03-24 11:58,2025-03-24 12:12,2025-03-24 15:25
LAB732112,ENC113570,PT13379,CREAT,Creatinine,1.1,mg/dL,0.6,1.3,N,STAT,2025-03-24 11:26,2025-03-24 11:39,2025-03-24 12:10
LAB732113,ENC113570,PT13379,WBC,White Blood Cell Count,5.8,K/uL,4.5,11,N,STAT,2025-03-24 11:30,2025-03-24 11:40,2025-03-24 12:15
LAB732114,ENC113570,PT13379,HGB,Hemoglobin,12.4,g/dL,12,17.5,N,STAT,2025-03-24 12:16,2025-03-24 12:28,2025-03-24 12:59
LAB732115,ENC113570,PT13379,NA,Sodium,140,mmol/L,136,145,N,Routine,2025-03-24 11:12,2025-03-24 11:38,2025-03-24 14:56
LAB732116,ENC113570,PT13379,K,Potassium,3.3,mmol/L,3.5,5.1,L,STAT,2025-03-24 11:29,2025-03-24 12:03,2025-03-24 12:41
LAB732117,ENC113574,PT11096,GLU,Glucose,109,mg/dL,70,99,H,Routine,2025-03-24 16:30,2025-03-24 17:05,2025-03-24 20:20
LAB732118,ENC113574,PT11096,CREAT,Creatinine,0.83,mg/dL,0.6,1.3,N,STAT,2025-03-24 16:03,2025-03-24 16:08,2025-03-24 16:28
LAB732119,ENC113574,PT11096,WBC,White Blood Cell Count,17.1,K/uL,4.5,11,H,STAT,2025-03-24 16:55,2025-03-24 17:16,2025-03-24 17:48
LAB732120,ENC113574,PT11096,HGB,Hemoglobin,15.1,g/dL,12,17.5,N,STAT,2025-03-24 16:02,2025-03-24 16:24,2025-03-24 17:08
LAB732121,ENC113575,PT13711,GLU,Glucose,94,mg/dL,70,99,N,STAT,2025-03-24 13:04,2025-03-24 13:27,2025-03-24 14:03
LAB732122,ENC113575,PT13711,CREAT,Creatinine,0.96,mg/dL,0.6,1.3,N,STAT,2025-03-24 12:48,2025-03-24 13:15,2025-03-24 14:06
LAB732123,ENC113575,PT13711,WBC,White Blood Cell Count,7.8,K/uL,4.5,11,N,STAT,2025-03-24 12:59,2025-03-24 13:26,2025-03-24 14:08
LAB732124,ENC113575,PT13711,HGB,Hemoglobin,12.6,g/dL,12,17.5,N,STAT,2025-03-24 12:37,2025-03-24 13:08,2025-03-24 13:33
LAB732125,ENC113578,PT11567,WBC,White Blood Cell Count,9.1,K/uL,4.5,11,N,Routine,2025-03-24 13:24,2025-03-24 13:46,2025-03-24 17:13
LAB732126,ENC113578,PT11567,HGB,Hemoglobin,12,g/dL,12,17.5,N,Routine,2025-03-24 13:25,2025-03-24 13:59,2025-03-24 17:48
LAB732127,ENC113578,PT11567,PLT,Platelet Count,378,K/uL,150,400,N,Routine,2025-03-24 13:18,2025-03-24 13:50,2025-03-24 17:02
LAB732128,ENC113579,PT12716,GLU,Glucose,128,mg/dL,70,99,H,Routine,2025-03-24 14:14,2025-03-24 14:35,2025-03-24 16:45
LAB732129,ENC113579,PT12716,CREAT,Creatinine,0.85,mg/dL,0.6,1.3,N,Routine,2025-03-24 14:24,2025-03-24 14:42,2025-03-24 16:32
LAB732130,ENC113579,PT12716,WBC,White Blood Cell Count,11.9,K/uL,4.5,11,H,STAT,2025-03-24 14:24,2025-03-24 14:54,2025-03-24 16:50
LAB732131,ENC113579,PT12716,HGB,Hemoglobin,15.2,g/dL,12,17.5,N,STAT,2025-03-24 13:32,2025-03-24 14:02,2025-03-24 14:22
LAB732132,ENC113579,PT12716,NA,Sodium,139,mmol/L,136,145,N,Routine,2025-03-24 13:37,2025-03-24 14:03,2025-03-24 15:27
LAB732133,ENC113579,PT12716,K,Potassium,4.3,mmol/L,3.5,5.1,N,STAT,2025-03-24 13:50,2025-03-24 14:23,2025-03-24 15:05
LAB732134,ENC113579,PT12716,LACT,Lactate,2.4,mmol/L,0.5,2,H,STAT,2025-03-24 14:02,2025-03-24 14:30,2025-03-24 15:37
LAB732135,ENC113580,PT11115,A1C,Hemoglobin A1c,12.2,%,4,5.6,H,Routine,2025-03-24 13:38,2025-03-24 14:13,2025-03-24 21:28
LAB732136,ENC113581,PT13661,GLU,Glucose,134,mg/dL,70,99,H,STAT,2025-03-24 18:12,2025-03-24 18:35,2025-03-24 19:19
LAB732137,ENC113581,PT13661,CREAT,Creatinine,0.84,mg/dL,0.6,1.3,N,Routine,2025-03-24 18:01,2025-03-24 18:32,2025-03-24 20:33
LAB732138,ENC113581,PT13661,WBC,White Blood Cell Count,9.3,K/uL,4.5,11,N,Routine,2025-03-24 17:37,2025-03-24 17:43,2025-03-24 19:35
LAB732139,ENC113581,PT13661,HGB,Hemoglobin,13.3,g/dL,12,17.5,N,STAT,2025-03-24 17:34,2025-03-24 17:55,2025-03-24 18:46
LAB732140,ENC113581,PT13661,NA,Sodium,142,mmol/L,136,145,N,STAT,2025-03-24 17:27,2025-03-24 17:31,2025-03-24 18:15
LAB732141,ENC113581,PT13661,K,Potassium,4.4,mmol/L,3.5,5.1,N,STAT,2025-03-24 17:25,2025-03-24 17:57,2025-03-24 19:08
LAB732142,ENC113581,PT13661,BUN,Blood Urea Nitrogen,16,mg/dL,7,20,N,STAT,2025-03-24 17:44,2025-03-24 17:54,2025-03-24 19:01
LAB732143,ENC113581,PT13661,PLT,Platelet Count,289,K/uL,150,400,N,Routine,2025-03-24 17:58,2025-03-24 18:18,2025-03-24 21:28
LAB732144,ENC113585,PT13860,WBC,White Blood Cell Count,9.5,K/uL,4.5,11,N,Routine,2025-03-24 15:04,2025-03-24 15:27,2025-03-24 17:52
LAB732145,ENC113585,PT13860,HGB,Hemoglobin,12.4,g/dL,12,17.5,N,Routine,2025-03-24 14:59,2025-03-24 15:28,2025-03-24 19:20
LAB732146,ENC113585,PT13860,PLT,Platelet Count,251,K/uL,150,400,N,Routine,2025-03-24 15:04,2025-03-24 15:14,2025-03-24 16:39
LAB732147,ENC113586,PT11052,GLU,Glucose,92,mg/dL,70,99,N,STAT,2025-03-24 14:58,2025-03-24 15:24,2025-03-24 16:38
LAB732148,ENC113586,PT11052,CREAT,Creatinine,0.88,mg/dL,0.6,1.3,N,STAT,2025-03-24 15:03,2025-03-24 15:21,2025-03-24 16:00
LAB732149,ENC113586,PT11052,WBC,White Blood Cell Count,4.9,K/uL,4.5,11,N,STAT,2025-03-24 15:07,2025-03-24 15:21,2025-03-24 15:55
LAB732150,ENC113587,PT12420,GLU,Glucose,73,mg/dL,70,99,N,STAT,2025-03-24 15:16,2025-03-24 15:46,2025-03-24 16:39
LAB732151,ENC113587,PT12420,CREAT,Creatinine,0.66,mg/dL,0.6,1.3,N,STAT,2025-03-24 15:53,2025-03-24 16:18,2025-03-24 16:42
LAB732152,ENC113589,PT13328,GLU,Glucose,63,mg/dL,70,99,L,STAT,2025-03-24 18:49,2025-03-24 19:15,2025-03-24 20:00
LAB732153,ENC113589,PT13328,CREAT,Creatinine,1.19,mg/dL,0.6,1.3,N,Routine,2025-03-24 18:46,2025-03-24 19:14,2025-03-24 20:59
LAB732154,ENC113589,PT13328,WBC,White Blood Cell Count,13.7,K/uL,4.5,11,H,STAT,2025-03-24 18:46,2025-03-24 18:55,2025-03-24 19:28
LAB732155,ENC113589,PT13328,HGB,Hemoglobin,11.6,g/dL,12,17.5,L,Routine,2025-03-24 19:03,2025-03-24 19:07,2025-03-24 21:35
LAB732156,ENC113593,PT13903,GLU,Glucose,212,mg/dL,70,99,H,Routine,2025-03-24 18:49,2025-03-24 18:58,2025-03-24 21:36
LAB732157,ENC113593,PT13903,CREAT,Creatinine,1.17,mg/dL,0.6,1.3,N,STAT,2025-03-24 19:05,2025-03-24 19:35,2025-03-24 20:05
LAB732158,ENC113593,PT13903,WBC,White Blood Cell Count,16.6,K/uL,4.5,11,H,Routine,2025-03-24 19:43,2025-03-24 20:14,2025-03-24 21:46
LAB732159,ENC113593,PT13903,HGB,Hemoglobin,11.1,g/dL,12,17.5,L,STAT,2025-03-24 18:40,2025-03-24 19:00,2025-03-24 20:20
LAB732160,ENC113595,PT13638,GLU,Glucose,100,mg/dL,70,99,H,STAT,2025-03-24 20:08,2025-03-24 20:36,2025-03-24 21:24
LAB732161,ENC113595,PT13638,CREAT,Creatinine,1.92,mg/dL,0.6,1.3,H,Routine,2025-03-24 20:01,2025-03-24 20:35,2025-03-24 23:45
LAB732162,ENC113595,PT13638,WBC,White Blood Cell Count,20.1,K/uL,4.5,11,H,STAT,2025-03-24 19:32,2025-03-24 19:50,2025-03-24 20:33
LAB732163,ENC113595,PT13638,HGB,Hemoglobin,15,g/dL,12,17.5,N,STAT,2025-03-24 20:04,2025-03-24 20:33,2025-03-24 21:25
LAB732164,ENC113595,PT13638,LACT,Lactate,1.6,mmol/L,0.5,2,N,STAT,2025-03-24 20:13,2025-03-24 20:45,2025-03-24 21:33
LAB732165,ENC113596,PT12876,GLU,Glucose,83,mg/dL,70,99,N,Routine,2025-03-25 00:30,2025-03-25 00:58,2025-03-25 02:51
LAB732166,ENC113596,PT12876,CREAT,Creatinine,0.92,mg/dL,0.6,1.3,N,STAT,2025-03-25 01:16,2025-03-25 01:39,2025-03-25 02:36
LAB732167,ENC113596,PT12876,WBC,White Blood Cell Count,7.2,K/uL,4.5,11,N,STAT,2025-03-25 00:54,2025-03-25 01:27,2025-03-25 02:27
LAB732168,ENC113596,PT12876,HGB,Hemoglobin,15.6,g/dL,12,17.5,N,Routine,2025-03-25 00:19,2025-03-25 00:43,2025-03-25 03:32
LAB732169,ENC113596,PT12876,NA,Sodium,140,mmol/L,136,145,N,Routine,2025-03-25 00:45,2025-03-25 01:14,2025-03-25 04:52
LAB732170,ENC113596,PT12876,K,Potassium,4.3,mmol/L,3.5,5.1,N,STAT,2025-03-25 00:52,2025-03-25 00:59,2025-03-25 01:33
LAB732171,ENC113597,PT10768,GLU,Glucose,98,mg/dL,70,99,N,STAT,2025-03-24 22:47,2025-03-24 23:19,2025-03-25 00:02
LAB732172,ENC113597,PT10768,CREAT,Creatinine,1.05,mg/dL,0.6,1.3,N,STAT,2025-03-24 23:39,2025-03-24 23:50,2025-03-25 00:23
LAB732173,ENC113597,PT10768,WBC,White Blood Cell Count,6.9,K/uL,4.5,11,N,STAT,2025-03-24 23:10,2025-03-24 23:39,2025-03-25 00:32
LAB732174,ENC113598,PT11689,GLU,Glucose,133,mg/dL,70,99,H,STAT,2025-03-25 01:31,2025-03-25 02:03,2025-03-25 02:31
LAB732175,ENC113598,PT11689,CREAT,Creatinine,0.95,mg/dL,0.6,1.3,N,STAT,2025-03-25 00:26,2025-03-25 00:39,2025-03-25 01:15
LAB732176,ENC113598,PT11689,WBC,White Blood Cell Count,6.6,K/uL,4.5,11,N,Routine,2025-03-25 00:32,2025-03-25 00:38,2025-03-25 07:07
LAB732177,ENC113598,PT11689,HGB,Hemoglobin,13,g/dL,12,17.5,N,STAT,2025-03-25 01:08,2025-03-25 01:36,2025-03-25 02:06
LAB732178,ENC113598,PT11689,TROP,"Troponin I, High Sensitivity",51,ng/L,0,34,H,STAT,2025-03-25 01:29,2025-03-25 01:53,2025-03-25 03:13
LAB732179,ENC113599,PT13657,GLU,Glucose,98,mg/dL,70,99,N,Routine,2025-03-25 06:10,2025-03-25 06:44,2025-03-25 08:16
LAB732180,ENC113599,PT13657,CREAT,Creatinine,0.6,mg/dL,0.6,1.3,N,STAT,2025-03-25 06:27,2025-03-25 07:00,2025-03-25 08:03
LAB732181,ENC113599,PT13657,WBC,White Blood Cell Count,11.9,K/uL,4.5,11,H,STAT,2025-03-25 06:15,2025-03-25 06:42,2025-03-25 07:24
LAB732182,ENC113600,PT11111,GLU,Glucose,78,mg/dL,70,99,N,Routine,2025-03-25 06:30,2025-03-25 06:59,2025-03-25 12:33
LAB732183,ENC113600,PT11111,CREAT,Creatinine,1.03,mg/dL,0.6,1.3,N,STAT,2025-03-25 07:10,2025-03-25 07:36,2025-03-25 08:29
LAB732184,ENC113600,PT11111,WBC,White Blood Cell Count,5.1,K/uL,4.5,11,N,Routine,2025-03-25 07:13,2025-03-25 07:33,2025-03-25 09:40
LAB732185,ENC113600,PT11111,HGB,Hemoglobin,13.7,g/dL,12,17.5,N,STAT,2025-03-25 07:04,2025-03-25 07:31,2025-03-25 08:03
LAB732186,ENC113602,PT12554,GLU,Glucose,230,mg/dL,70,99,H,STAT,2025-03-25 09:00,2025-03-25 09:06,2025-03-25 09:41
LAB732187,ENC113602,PT12554,CREAT,Creatinine,1.25,mg/dL,0.6,1.3,N,Routine,2025-03-25 09:08,2025-03-25 09:35,2025-03-25 12:11
LAB732188,ENC113602,PT12554,WBC,White Blood Cell Count,8.7,K/uL,4.5,11,N,Routine,2025-03-25 09:16,2025-03-25 09:20,2025-03-25 12:47
LAB732189,ENC113602,PT12554,HGB,Hemoglobin,12.9,g/dL,12,17.5,N,STAT,2025-03-25 08:46,2025-03-25 09:08,2025-03-25 09:38
LAB732190,ENC113602,PT12554,NA,Sodium,139,mmol/L,136,145,N,Routine,2025-03-25 09:25,2025-03-25 09:35,2025-03-25 14:34
LAB732191,ENC113602,PT12554,K,Potassium,4.3,mmol/L,3.5,5.1,N,STAT,2025-03-25 09:37,2025-03-25 09:48,2025-03-25 10:13
LAB732192,ENC113602,PT12554,INR,Prothrombin Time INR,1.1,ratio,0.8,1.2,N,STAT,2025-03-25 08:40,2025-03-25 08:59,2025-03-25 09:34
LAB732193,ENC113603,PT13261,GLU,Glucose,113,mg/dL,70,99,H,Routine,2025-03-25 09:23,2025-03-25 09:43,2025-03-25 12:05
LAB732194,ENC113603,PT13261,CREAT,Creatinine,1.4,mg/dL,0.6,1.3,H,Routine,2025-03-25 08:44,2025-03-25 09:16,2025-03-25 12:24
LAB732195,ENC113603,PT13261,WBC,White Blood Cell Count,10.1,K/uL,4.5,11,N,Routine,2025-03-25 08:48,2025-03-25 09:18,2025-03-25 11:29
LAB732196,ENC113603,PT13261,HGB,Hemoglobin,10.1,g/dL,12,17.5,L,STAT,2025-03-25 09:16,2025-03-25 09:35,2025-03-25 10:03
LAB732197,ENC113603,PT13261,NA,Sodium,138,mmol/L,136,145,N,STAT,2025-03-25 09:26,2025-03-25 10:01,2025-03-25 10:39
LAB732198,ENC113603,PT13261,K,Potassium,4.6,mmol/L,3.5,5.1,N,STAT,2025-03-25 09:35,2025-03-25 10:06,2025-03-25 11:47
LAB732199,ENC113604,PT11785,GLU,Glucose,120,mg/dL,70,99,H,Routine,2025-03-25 09:14,2025-03-25 09:23,2025-03-25 11:01
LAB732200,ENC113604,PT11785,CREAT,Creatinine,2.17,mg/dL,0.6,1.3,H,STAT,2025-03-25 09:49,2025-03-25 10:20,2025-03-25 11:07
LAB732201,ENC113607,PT13383,A1C,Hemoglobin A1c,5.3,%,4,5.6,N,Routine,2025-03-25 10:52,2025-03-25 11:21,2025-03-25 18:54
LAB732202,ENC113610,PT12176,LDL,LDL Cholesterol,114,mg/dL,0,99,H,Routine,2025-03-25 11:36,2025-03-25 12:03,2025-03-26 02:09
LAB732203,ENC113610,PT12176,A1C,Hemoglobin A1c,5.8,%,4,5.6,H,Routine,2025-03-25 11:25,2025-03-25 11:34,2025-03-25 23:24
LAB732204,ENC113612,PT10673,A1C,Hemoglobin A1c,13.8,%,4,5.6,H,Routine,2025-03-25 11:39,2025-03-25 11:52,2025-03-26 12:54
LAB732205,ENC113613,PT13610,GLU,Glucose,102,mg/dL,70,99,H,Routine,2025-03-25 12:39,2025-03-25 13:14,2025-03-25 14:08
LAB732206,ENC113613,PT13610,CREAT,Creatinine,0.67,mg/dL,0.6,1.3,N,STAT,2025-03-25 12:20,2025-03-25 12:53,2025-03-25 14:08
LAB732207,ENC113613,PT13610,WBC,White Blood Cell Count,5.4,K/uL,4.5,11,N,STAT,2025-03-25 12:10,2025-03-25 12:21,2025-03-25 13:40
LAB732208,ENC113614,PT13090,A1C,Hemoglobin A1c,9.4,%,4,5.6,H,Routine,2025-03-25 11:54,2025-03-25 12:27,2025-03-25 22:52
LAB732209,ENC113615,PT10180,LDL,LDL Cholesterol,156,mg/dL,0,99,H,Routine,2025-03-25 12:12,2025-03-25 12:27,2025-03-26 08:14
LAB732210,ENC113619,PT13412,GLU,Glucose,163,mg/dL,70,99,H,STAT,2025-03-25 12:45,2025-03-25 13:06,2025-03-25 14:30
LAB732211,ENC113619,PT13412,CREAT,Creatinine,0.93,mg/dL,0.6,1.3,N,STAT,2025-03-25 13:12,2025-03-25 13:41,2025-03-25 14:11
LAB732212,ENC113619,PT13412,WBC,White Blood Cell Count,6.8,K/uL,4.5,11,N,STAT,2025-03-25 13:24,2025-03-25 13:57,2025-03-25 14:26
LAB732213,ENC113619,PT13412,HGB,Hemoglobin,12.9,g/dL,12,17.5,N,STAT,2025-03-25 13:07,2025-03-25 13:35,2025-03-25 14:25
LAB732214,ENC113621,PT10544,GLU,Glucose,118,mg/dL,70,99,H,Routine,2025-03-25 13:52,2025-03-25 14:06,2025-03-25 17:55
LAB732215,ENC113621,PT10544,CREAT,Creatinine,1.13,mg/dL,0.6,1.3,N,STAT,2025-03-25 13:51,2025-03-25 14:08,2025-03-25 14:51
LAB732216,ENC113621,PT10544,WBC,White Blood Cell Count,6.8,K/uL,4.5,11,N,Routine,2025-03-25 13:50,2025-03-25 14:13,2025-03-25 17:33
LAB732217,ENC113621,PT10544,HGB,Hemoglobin,11.8,g/dL,12,17.5,L,STAT,2025-03-25 13:37,2025-03-25 14:03,2025-03-25 14:29
LAB732218,ENC113621,PT10544,NA,Sodium,136,mmol/L,136,145,N,Routine,2025-03-25 13:06,2025-03-25 13:27,2025-03-25 15:47
LAB732219,ENC113621,PT10544,K,Potassium,3.9,mmol/L,3.5,5.1,N,STAT,2025-03-25 13:46,2025-03-25 13:51,2025-03-25 14:18
LAB732220,ENC113622,PT13264,LDL,LDL Cholesterol,115,mg/dL,0,99,H,Routine,2025-03-25 13:27,2025-03-25 13:40,2025-03-26 13:43
LAB732221,ENC113622,PT13264,A1C,Hemoglobin A1c,10.4,%,4,5.6,H,Routine,2025-03-25 13:25,2025-03-25 13:41,2025-03-26 08:18
LAB732222,ENC113624,PT10312,WBC,White Blood Cell Count,4.9,K/uL,4.5,11,N,Routine,2025-03-25 14:04,2025-03-25 14:39,2025-03-25 23:29
LAB732223,ENC113624,PT10312,HGB,Hemoglobin,12.8,g/dL,12,17.5,N,Routine,2025-03-25 14:09,2025-03-25 14:26,2025-03-25 16:34
LAB732224,ENC113624,PT10312,PLT,Platelet Count,236,K/uL,150,400,N,Routine,2025-03-25 14:10,2025-03-25 14:20,2025-03-25 17:00
LAB732225,ENC113625,PT12219,GLU,Glucose,93,mg/dL,70,99,N,STAT,2025-03-25 15:29,2025-03-25 15:55,2025-03-25 16:42
LAB732226,ENC113625,PT12219,CREAT,Creatinine,0.73,mg/dL,0.6,1.3,N,STAT,2025-03-25 14:44,2025-03-25 15:01,2025-03-25 16:01
LAB732227,ENC113625,PT12219,WBC,White Blood Cell Count,10.6,K/uL,4.5,11,N,STAT,2025-03-25 15:09,2025-03-25 15:30,2025-03-25 15:58
LAB732228,ENC113625,PT12219,HGB,Hemoglobin,14.6,g/dL,12,17.5,N,STAT,2025-03-25 15:00,2025-03-25 15:14,2025-03-25 16:39
LAB732229,ENC113626,PT11259,GLU,Glucose,291,mg/dL,70,99,H,STAT,2025-03-25 20:08,2025-03-25 20:19,2025-03-25 21:04
LAB732230,ENC113626,PT11259,CREAT,Creatinine,0.94,mg/dL,0.6,1.3,N,STAT,2025-03-25 21:15,2025-03-25 21:19,2025-03-25 22:06
LAB732231,ENC113626,PT11259,WBC,White Blood Cell Count,6.3,K/uL,4.5,11,N,STAT,2025-03-25 20:10,2025-03-25 20:22,2025-03-25 21:04
LAB732232,ENC113626,PT11259,HGB,Hemoglobin,15.1,g/dL,12,17.5,N,STAT,2025-03-25 20:34,2025-03-25 21:07,2025-03-25 21:42
LAB732233,ENC113626,PT11259,NA,Sodium,141,mmol/L,136,145,N,Routine,2025-03-25 20:09,2025-03-25 20:19,2025-03-25 23:53
LAB732234,ENC113626,PT11259,K,Potassium,4.5,mmol/L,3.5,5.1,N,STAT,2025-03-25 21:08,2025-03-25 21:22,2025-03-25 21:41
LAB732235,ENC113626,PT11259,INR,Prothrombin Time INR,1.1,ratio,0.8,1.2,N,STAT,2025-03-25 20:22,2025-03-25 20:27,2025-03-25 21:02
LAB732236,ENC113628,PT13128,GLU,Glucose,103,mg/dL,70,99,H,STAT,2025-03-25 17:38,2025-03-25 17:48,2025-03-25 18:31
LAB732237,ENC113628,PT13128,CREAT,Creatinine,0.82,mg/dL,0.6,1.3,N,Routine,2025-03-25 17:54,2025-03-25 18:21,2025-03-25 22:19
LAB732238,ENC113630,PT11912,TROP,"Troponin I, High Sensitivity",0,ng/L,0,34,N,STAT,2025-03-25 21:17,2025-03-25 21:47,2025-03-25 22:14
LAB732239,ENC113632,PT13054,GLU,Glucose,81,mg/dL,70,99,N,STAT,2025-03-25 23:40,2025-03-25 23:54,2025-03-26 01:01
LAB732240,ENC113632,PT13054,CREAT,Creatinine,0.74,mg/dL,0.6,1.3,N,Routine,2025-03-25 23:14,2025-03-25 23:45,2025-03-26 03:07
LAB732241,ENC113632,PT13054,WBC,White Blood Cell Count,9.2,K/uL,4.5,11,N,Routine,2025-03-25 23:21,2025-03-25 23:53,2025-03-26 04:57
LAB732242,ENC113632,PT13054,HGB,Hemoglobin,12.9,g/dL,12,17.5,N,Routine,2025-03-25 23:23,2025-03-25 23:41,2025-03-26 02:05
LAB732243,ENC113633,PT12682,GLU,Glucose,98,mg/dL,70,99,N,Routine,2025-03-26 02:08,2025-03-26 02:37,2025-03-26 06:06
LAB732244,ENC113633,PT12682,CREAT,Creatinine,0.63,mg/dL,0.6,1.3,N,STAT,2025-03-26 02:13,2025-03-26 02:29,2025-03-26 03:31
LAB732245,ENC113633,PT12682,WBC,White Blood Cell Count,17.7,K/uL,4.5,11,H,STAT,2025-03-26 02:11,2025-03-26 02:33,2025-03-26 02:49
LAB732246,ENC113633,PT12682,HGB,Hemoglobin,15,g/dL,12,17.5,N,STAT,2025-03-26 02:18,2025-03-26 02:31,2025-03-26 03:44
LAB732247,ENC113633,PT12682,NA,Sodium,140,mmol/L,136,145,N,STAT,2025-03-26 02:17,2025-03-26 02:33,2025-03-26 03:18
LAB732248,ENC113633,PT12682,K,Potassium,3.3,mmol/L,3.5,5.1,L,STAT,2025-03-26 01:25,2025-03-26 01:45,2025-03-26 02:28
LAB732249,ENC113634,PT13743,GLU,Glucose,102,mg/dL,70,99,H,STAT,2025-03-26 00:54,2025-03-26 01:08,2025-03-26 01:30
LAB732250,ENC113634,PT13743,CREAT,Creatinine,1.01,mg/dL,0.6,1.3,N,Routine,2025-03-26 00:33,2025-03-26 00:47,2025-03-26 03:27
LAB732251,ENC113634,PT13743,WBC,White Blood Cell Count,13,K/uL,4.5,11,H,Routine,2025-03-26 00:55,2025-03-26 01:25,2025-03-26 02:13
LAB732252,ENC113634,PT13743,HGB,Hemoglobin,13.3,g/dL,12,17.5,N,STAT,2025-03-26 01:20,2025-03-26 01:55,2025-03-26 02:59
LAB732253,ENC113636,PT11166,GLU,Glucose,80,mg/dL,70,99,N,Routine,2025-03-26 09:20,2025-03-26 09:40,2025-03-26 11:06
LAB732254,ENC113636,PT11166,CREAT,Creatinine,2.18,mg/dL,0.6,1.3,H,STAT,2025-03-26 09:04,2025-03-26 09:18,2025-03-26 10:29
LAB732255,ENC113636,PT11166,WBC,White Blood Cell Count,5.1,K/uL,4.5,11,N,STAT,2025-03-26 09:01,2025-03-26 09:13,2025-03-26 10:00
LAB732256,ENC113636,PT11166,HGB,Hemoglobin,13.4,g/dL,12,17.5,N,STAT,2025-03-26 09:24,2025-03-26 09:32,2025-03-26 11:21
LAB732257,ENC113636,PT11166,NA,Sodium,139,mmol/L,136,145,N,STAT,2025-03-26 09:36,2025-03-26 09:59,2025-03-26 10:49
LAB732258,ENC113636,PT11166,K,Potassium,5.4,mmol/L,3.5,5.1,H,STAT,2025-03-26 08:47,2025-03-26 08:53,2025-03-26 09:32
LAB732259,ENC113637,PT12359,WBC,White Blood Cell Count,6.9,K/uL,4.5,11,N,Routine,2025-03-26 09:28,2025-03-26 09:40,2025-03-26 13:01
LAB732260,ENC113637,PT12359,HGB,Hemoglobin,9.6,g/dL,12,17.5,L,Routine,2025-03-26 09:11,2025-03-26 09:37,2025-03-26 11:11
LAB732261,ENC113637,PT12359,PLT,Platelet Count,353,K/uL,150,400,N,Routine,2025-03-26 09:22,2025-03-26 09:56,2025-03-26 12:21
LAB732262,ENC113638,PT11352,A1C,Hemoglobin A1c,11.2,%,4,5.6,H,Routine,2025-03-26 09:20,2025-03-26 09:26,2025-03-27 05:37
LAB732263,ENC113638,PT11352,GLU,Glucose,375,mg/dL,70,99,H,Routine,2025-03-26 09:38,2025-03-26 10:00,2025-03-26 11:10
LAB732264,ENC113638,PT11352,CREAT,Creatinine,1.09,mg/dL,0.6,1.3,N,Routine,2025-03-26 09:26,2025-03-26 09:30,2025-03-26 15:14
LAB732265,ENC113639,PT13517,A1C,Hemoglobin A1c,7.7,%,4,5.6,H,Routine,2025-03-26 09:33,2025-03-26 09:55,2025-03-27 03:30
LAB732266,ENC113641,PT13946,GLU,Glucose,122,mg/dL,70,99,H,Routine,2025-03-26 14:05,2025-03-26 14:12,2025-03-26 15:04
LAB732267,ENC113641,PT13946,CREAT,Creatinine,0.8,mg/dL,0.6,1.3,N,Routine,2025-03-26 13:42,2025-03-26 13:57,2025-03-26 16:24
LAB732268,ENC113641,PT13946,WBC,White Blood Cell Count,9.8,K/uL,4.5,11,N,Routine,2025-03-26 13:49,2025-03-26 14:03,2025-03-26 15:52
LAB732269,ENC113641,PT13946,HGB,Hemoglobin,14.8,g/dL,12,17.5,N,STAT,2025-03-26 14:17,2025-03-26 14:28,2025-03-26 15:14
LAB732270,ENC113641,PT13946,NA,Sodium,141,mmol/L,136,145,N,STAT,2025-03-26 13:49,2025-03-26 14:07,2025-03-26 14:34
LAB732271,ENC113641,PT13946,K,Potassium,4.5,mmol/L,3.5,5.1,N,STAT,2025-03-26 13:50,2025-03-26 14:04,2025-03-26 14:40
LAB732272,ENC113642,PT12338,LDL,LDL Cholesterol,144,mg/dL,0,99,H,Routine,2025-03-26 10:15,2025-03-26 10:25,2025-03-26 17:16
LAB732273,ENC113642,PT12338,TSH,Thyroid Stimulating Hormone,3.5,mIU/L,0.4,4,N,Routine,2025-03-26 10:25,2025-03-26 10:46,2025-03-26 22:06
LAB732274,ENC113643,PT12898,GLU,Glucose,106,mg/dL,70,99,H,STAT,2025-03-26 11:02,2025-03-26 11:30,2025-03-26 12:14
LAB732275,ENC113643,PT12898,CREAT,Creatinine,1.29,mg/dL,0.6,1.3,N,Routine,2025-03-26 10:51,2025-03-26 11:01,2025-03-26 12:57
LAB732276,ENC113643,PT12898,WBC,White Blood Cell Count,9,K/uL,4.5,11,N,STAT,2025-03-26 11:12,2025-03-26 11:37,2025-03-26 12:23
LAB732277,ENC113643,PT12898,HGB,Hemoglobin,14.3,g/dL,12,17.5,N,STAT,2025-03-26 10:54,2025-03-26 11:16,2025-03-26 11:55
LAB732278,ENC113645,PT11978,GLU,Glucose,364,mg/dL,70,99,H,Routine,2025-03-26 12:03,2025-03-26 12:36,2025-03-26 17:43
LAB732279,ENC113645,PT11978,CREAT,Creatinine,1.08,mg/dL,0.6,1.3,N,STAT,2025-03-26 12:16,2025-03-26 12:50,2025-03-26 13:40
LAB732280,ENC113645,PT11978,WBC,White Blood Cell Count,6,K/uL,4.5,11,N,STAT,2025-03-26 12:03,2025-03-26 12:25,2025-03-26 13:07
LAB732281,ENC113645,PT11978,A1C,Hemoglobin A1c,11.3,%,4,5.6,H,STAT,2025-03-26 11:30,2025-03-26 11:38,2025-03-26 12:22
LAB732282,ENC113646,PT13931,GLU,Glucose,75,mg/dL,70,99,N,STAT,2025-03-26 15:08,2025-03-26 15:40,2025-03-26 16:38
LAB732283,ENC113646,PT13931,CREAT,Creatinine,1.03,mg/dL,0.6,1.3,N,STAT,2025-03-26 15:13,2025-03-26 15:23,2025-03-26 15:55
LAB732284,ENC113646,PT13931,WBC,White Blood Cell Count,5.9,K/uL,4.5,11,N,STAT,2025-03-26 15:10,2025-03-26 15:34,2025-03-26 16:13
LAB732285,ENC113646,PT13931,HGB,Hemoglobin,14.4,g/dL,12,17.5,N,Routine,2025-03-26 14:26,2025-03-26 14:48,2025-03-26 17:20
LAB732286,ENC113647,PT10217,A1C,Hemoglobin A1c,7,%,4,5.6,H,Routine,2025-03-26 11:39,2025-03-26 11:54,2025-03-27 06:24
LAB732287,ENC113647,PT10217,GLU,Glucose,217,mg/dL,70,99,H,Routine,2025-03-26 11:20,2025-03-26 11:48,2025-03-26 17:17
LAB732288,ENC113647,PT10217,CREAT,Creatinine,2.93,mg/dL,0.6,1.3,H,Routine,2025-03-26 11:24,2025-03-26 11:43,2025-03-26 13:50
LAB732289,ENC113649,PT10134,WBC,White Blood Cell Count,7.2,K/uL,4.5,11,N,Routine,2025-03-26 11:57,2025-03-26 12:20,2025-03-26 16:43
LAB732290,ENC113649,PT10134,HGB,Hemoglobin,12.8,g/dL,12,17.5,N,Routine,2025-03-26 12:13,2025-03-26 12:29,2025-03-26 16:48
LAB732291,ENC113649,PT10134,PLT,Platelet Count,183,K/uL,150,400,N,Routine,2025-03-26 12:10,2025-03-26 12:32,2025-03-26 17:35
LAB732292,ENC113651,PT11679,GLU,Glucose,107,mg/dL,70,99,H,Routine,2025-03-26 15:34,2025-03-26 15:53,2025-03-26 18:28
LAB732293,ENC113651,PT11679,CREAT,Creatinine,1.12,mg/dL,0.6,1.3,N,Routine,2025-03-26 16:07,2025-03-26 16:22,2025-03-26 19:26
LAB732294,ENC113651,PT11679,WBC,White Blood Cell Count,18,K/uL,4.5,11,H,STAT,2025-03-26 15:32,2025-03-26 15:50,2025-03-26 16:47
LAB732295,ENC113651,PT11679,HGB,Hemoglobin,13.4,g/dL,12,17.5,N,STAT,2025-03-26 16:16,2025-03-26 16:43,2025-03-26 17:38
LAB732296,ENC113659,PT13543,WBC,White Blood Cell Count,8.2,K/uL,4.5,11,N,Routine,2025-03-26 15:25,2025-03-26 15:59,2025-03-27 01:05
LAB732297,ENC113659,PT13543,HGB,Hemoglobin,14,g/dL,12,17.5,N,Routine,2025-03-26 15:42,2025-03-26 15:57,2025-03-26 17:10
LAB732298,ENC113659,PT13543,PLT,Platelet Count,227,K/uL,150,400,N,Routine,2025-03-26 15:28,2025-03-26 16:03,2025-03-26 18:55
LAB732299,ENC113662,PT11159,GLU,Glucose,118,mg/dL,70,99,H,Routine,2025-03-26 20:47,2025-03-26 21:12,2025-03-27 00:42
LAB732300,ENC113662,PT11159,CREAT,Creatinine,0.96,mg/dL,0.6,1.3,N,Routine,2025-03-26 21:19,2025-03-26 21:35,2025-03-26 23:23
LAB732301,ENC113662,PT11159,WBC,White Blood Cell Count,7,K/uL,4.5,11,N,STAT,2025-03-26 21:36,2025-03-26 21:53,2025-03-26 22:32
LAB732302,ENC113662,PT11159,HGB,Hemoglobin,12.3,g/dL,12,17.5,N,Routine,2025-03-26 21:20,2025-03-26 21:47,2025-03-26 23:01
LAB732303,ENC113662,PT11159,NA,Sodium,135,mmol/L,136,145,L,Routine,2025-03-26 21:25,2025-03-26 21:48,2025-03-27 00:25
LAB732304,ENC113662,PT11159,K,Potassium,3.9,mmol/L,3.5,5.1,N,STAT,2025-03-26 21:13,2025-03-26 21:35,2025-03-26 22:36
LAB732305,ENC113662,PT11159,LACT,Lactate,2.6,mmol/L,0.5,2,H,STAT,2025-03-26 21:24,2025-03-26 21:37,2025-03-26 22:13
LAB732306,ENC113663,PT11326,GLU,Glucose,92,mg/dL,70,99,N,Routine,2025-03-26 20:27,2025-03-26 20:57,2025-03-27 02:34
LAB732307,ENC113663,PT11326,CREAT,Creatinine,0.79,mg/dL,0.6,1.3,N,STAT,2025-03-26 20:54,2025-03-26 21:04,2025-03-26 21:34
LAB732308,ENC113663,PT11326,WBC,White Blood Cell Count,6.1,K/uL,4.5,11,N,STAT,2025-03-26 20:39,2025-03-26 21:05,2025-03-26 21:21
LAB732309,ENC113663,PT11326,HGB,Hemoglobin,11.9,g/dL,12,17.5,L,STAT,2025-03-26 20:47,2025-03-26 21:18,2025-03-26 22:14
LAB732310,ENC113663,PT11326,TROP,"Troponin I, High Sensitivity",80,ng/L,0,34,H,STAT,2025-03-26 21:24,2025-03-26 21:43,2025-03-26 22:51
LAB732311,ENC113663,PT11326,BNP,B-Type Natriuretic Peptide,773,pg/mL,0,100,H,STAT,2025-03-26 21:26,2025-03-26 21:47,2025-03-26 22:06
LAB732312,ENC113666,PT11645,GLU,Glucose,75,mg/dL,70,99,N,STAT,2025-03-26 22:38,2025-03-26 22:46,2025-03-26 23:30
LAB732313,ENC113666,PT11645,CREAT,Creatinine,0.8,mg/dL,0.6,1.3,N,Routine,2025-03-26 23:06,2025-03-26 23:30,2025-03-27 00:58
LAB732314,ENC113666,PT11645,WBC,White Blood Cell Count,8.8,K/uL,4.5,11,N,STAT,2025-03-26 22:28,2025-03-26 22:46,2025-03-26 23:24
LAB732315,ENC113666,PT11645,HGB,Hemoglobin,15.1,g/dL,12,17.5,N,Routine,2025-03-26 22:54,2025-03-26 22:59,2025-03-27 00:43
LAB732316,ENC113666,PT11645,TROP,"Troponin I, High Sensitivity",2068,ng/L,0,34,H,STAT,2025-03-26 22:48,2025-03-26 22:59,2025-03-26 23:38
LAB732317,ENC113667,PT10613,GLU,Glucose,83,mg/dL,70,99,N,STAT,2025-03-26 19:12,2025-03-26 19:39,2025-03-26 20:17
LAB732318,ENC113667,PT10613,CREAT,Creatinine,0.57,mg/dL,0.6,1.3,L,STAT,2025-03-26 18:39,2025-03-26 19:14,2025-03-26 19:37
LAB732319,ENC113668,PT13487,GLU,Glucose,110,mg/dL,70,99,H,STAT,2025-03-26 19:06,2025-03-26 19:41,2025-03-26 20:55
LAB732320,ENC113668,PT13487,CREAT,Creatinine,0.39,mg/dL,0.6,1.3,L,STAT,2025-03-26 19:12,2025-03-26 19:37,2025-03-26 20:05
LAB732321,ENC113668,PT13487,WBC,White Blood Cell Count,6.4,K/uL,4.5,11,N,STAT,2025-03-26 19:36,2025-03-26 20:01,2025-03-26 21:25
LAB732322,ENC113668,PT13487,HGB,Hemoglobin,16.9,g/dL,12,17.5,N,Routine,2025-03-26 19:02,2025-03-26 19:07,2025-03-27 03:14
LAB732323,ENC113669,PT11444,GLU,Glucose,134,mg/dL,70,99,H,STAT,2025-03-27 00:54,2025-03-27 01:24,2025-03-27 01:39
LAB732324,ENC113669,PT11444,CREAT,Creatinine,1.05,mg/dL,0.6,1.3,N,STAT,2025-03-27 01:05,2025-03-27 01:34,2025-03-27 02:09
LAB732325,ENC113669,PT11444,WBC,White Blood Cell Count,7.3,K/uL,4.5,11,N,STAT,2025-03-27 01:31,2025-03-27 01:51,2025-03-27 02:31
LAB732326,ENC113669,PT11444,HGB,Hemoglobin,11.2,g/dL,12,17.5,L,STAT,2025-03-27 00:56,2025-03-27 01:02,2025-03-27 01:57
LAB732327,ENC113669,PT11444,NA,Sodium,143,mmol/L,136,145,N,Routine,2025-03-27 00:55,2025-03-27 01:10,2025-03-27 04:56
LAB732328,ENC113669,PT11444,K,Potassium,4.7,mmol/L,3.5,5.1,N,STAT,2025-03-27 01:42,2025-03-27 02:11,2025-03-27 03:14
LAB732329,ENC113670,PT11435,GLU,Glucose,113,mg/dL,70,99,H,Routine,2025-03-27 03:39,2025-03-27 04:02,2025-03-27 06:52
LAB732330,ENC113670,PT11435,CREAT,Creatinine,3.92,mg/dL,0.6,1.3,H,Routine,2025-03-27 03:42,2025-03-27 04:06,2025-03-27 07:46
LAB732331,ENC113670,PT11435,WBC,White Blood Cell Count,6.7,K/uL,4.5,11,N,Routine,2025-03-27 03:40,2025-03-27 04:12,2025-03-27 10:29
LAB732332,ENC113670,PT11435,HGB,Hemoglobin,9.8,g/dL,12,17.5,L,Routine,2025-03-27 03:31,2025-03-27 03:51,2025-03-27 06:21
LAB732333,ENC113670,PT11435,NA,Sodium,139,mmol/L,136,145,N,STAT,2025-03-27 03:42,2025-03-27 03:55,2025-03-27 04:17
LAB732334,ENC113670,PT11435,K,Potassium,5.9,mmol/L,3.5,5.1,H,STAT,2025-03-27 03:53,2025-03-27 04:05,2025-03-27 04:45
LAB732335,ENC113671,PT13810,GLU,Glucose,105,mg/dL,70,99,H,STAT,2025-03-27 03:59,2025-03-27 04:22,2025-03-27 05:19
LAB732336,ENC113671,PT13810,CREAT,Creatinine,1.12,mg/dL,0.6,1.3,N,STAT,2025-03-27 03:57,2025-03-27 04:04,2025-03-27 04:45
LAB732337,ENC113671,PT13810,WBC,White Blood Cell Count,7,K/uL,4.5,11,N,STAT,2025-03-27 03:44,2025-03-27 04:02,2025-03-27 05:12
LAB732338,ENC113671,PT13810,HGB,Hemoglobin,12.5,g/dL,12,17.5,N,STAT,2025-03-27 03:21,2025-03-27 03:53,2025-03-27 04:24
LAB732339,ENC113673,PT10667,GLU,Glucose,82,mg/dL,70,99,N,Routine,2025-03-27 08:56,2025-03-27 09:20,2025-03-27 11:34
LAB732340,ENC113673,PT10667,CREAT,Creatinine,0.75,mg/dL,0.6,1.3,N,Routine,2025-03-27 09:02,2025-03-27 09:16,2025-03-27 11:43
LAB732341,ENC113673,PT10667,WBC,White Blood Cell Count,8.8,K/uL,4.5,11,N,STAT,2025-03-27 07:53,2025-03-27 08:08,2025-03-27 08:45
LAB732342,ENC113673,PT10667,HGB,Hemoglobin,10.7,g/dL,12,17.5,L,Routine,2025-03-27 08:13,2025-03-27 08:22,2025-03-27 15:09
LAB732343,ENC113675,PT13966,WBC,White Blood Cell Count,3.6,K/uL,4.5,11,L,Routine,2025-03-27 08:37,2025-03-27 09:12,2025-03-27 12:48
LAB732344,ENC113675,PT13966,HGB,Hemoglobin,13,g/dL,12,17.5,N,Routine,2025-03-27 08:22,2025-03-27 08:45,2025-03-27 12:37
LAB732345,ENC113675,PT13966,PLT,Platelet Count,333,K/uL,150,400,N,Routine,2025-03-27 08:30,2025-03-27 08:53,2025-03-27 12:09
LAB732346,ENC113676,PT11523,GLU,Glucose,135,mg/dL,70,99,H,Routine,2025-03-27 11:07,2025-03-27 11:29,2025-03-27 14:14
LAB732347,ENC113676,PT11523,CREAT,Creatinine,0.43,mg/dL,0.6,1.3,L,Routine,2025-03-27 11:03,2025-03-27 11:31,2025-03-27 13:56
LAB732348,ENC113676,PT11523,WBC,White Blood Cell Count,8.6,K/uL,4.5,11,N,Routine,2025-03-27 11:44,2025-03-27 12:07,2025-03-27 14:26
LAB732349,ENC113676,PT11523,HGB,Hemoglobin,13.7,g/dL,12,17.5,N,Routine,2025-03-27 11:49,2025-03-27 11:54,2025-03-27 16:12
LAB732350,ENC113678,PT12725,A1C,Hemoglobin A1c,8.2,%,4,5.6,H,Routine,2025-03-27 09:36,2025-03-27 10:03,2025-03-28 07:17
LAB732351,ENC113678,PT12725,GLU,Glucose,183,mg/dL,70,99,H,Routine,2025-03-27 09:44,2025-03-27 10:16,2025-03-27 11:05
LAB732352,ENC113678,PT12725,CREAT,Creatinine,0.95,mg/dL,0.6,1.3,N,Routine,2025-03-27 09:57,2025-03-27 10:16,2025-03-27 11:37
LAB732353,ENC113681,PT13072,GLU,Glucose,356,mg/dL,70,99,H,STAT,2025-03-27 13:23,2025-03-27 13:27,2025-03-27 13:51
LAB732354,ENC113681,PT13072,CREAT,Creatinine,0.94,mg/dL,0.6,1.3,N,STAT,2025-03-27 13:43,2025-03-27 14:17,2025-03-27 14:53
LAB732355,ENC113681,PT13072,WBC,White Blood Cell Count,7.9,K/uL,4.5,11,N,STAT,2025-03-27 13:01,2025-03-27 13:10,2025-03-27 13:36
LAB732356,ENC113681,PT13072,HGB,Hemoglobin,12.8,g/dL,12,17.5,N,STAT,2025-03-27 13:53,2025-03-27 14:23,2025-03-27 15:04
LAB732357,ENC113681,PT13072,NA,Sodium,137,mmol/L,136,145,N,STAT,2025-03-27 13:17,2025-03-27 13:44,2025-03-27 14:51
LAB732358,ENC113681,PT13072,K,Potassium,4.2,mmol/L,3.5,5.1,N,STAT,2025-03-27 12:53,2025-03-27 12:57,2025-03-27 14:02
LAB732359,ENC113681,PT13072,A1C,Hemoglobin A1c,11.2,%,4,5.6,H,STAT,2025-03-27 13:32,2025-03-27 14:02,2025-03-27 14:52
LAB732360,ENC113687,PT12490,GLU,Glucose,175,mg/dL,70,99,H,Routine,2025-03-27 16:17,2025-03-27 16:28,2025-03-27 19:04
LAB732361,ENC113687,PT12490,CREAT,Creatinine,1.8,mg/dL,0.6,1.3,H,STAT,2025-03-27 15:39,2025-03-27 15:48,2025-03-27 16:12
LAB732362,ENC113687,PT12490,WBC,White Blood Cell Count,20.7,K/uL,4.5,11,H,STAT,2025-03-27 16:09,2025-03-27 16:32,2025-03-27 17:32
LAB732363,ENC113687,PT12490,HGB,Hemoglobin,7.7,g/dL,12,17.5,L,STAT,2025-03-27 16:17,2025-03-27 16:38,2025-03-27 17:32
LAB732364,ENC113687,PT12490,LACT,Lactate,2.2,mmol/L,0.5,2,H,STAT,2025-03-27 15:55,2025-03-27 16:03,2025-03-27 16:33
LAB732365,ENC113689,PT13732,WBC,White Blood Cell Count,6.9,K/uL,4.5,11,N,Routine,2025-03-27 13:18,2025-03-27 13:53,2025-03-27 17:18
LAB732366,ENC113689,PT13732,HGB,Hemoglobin,17.1,g/dL,12,17.5,N,Routine,2025-03-27 13:28,2025-03-27 13:38,2025-03-27 16:09
LAB732367,ENC113689,PT13732,PLT,Platelet Count,276,K/uL,150,400,N,Routine,2025-03-27 13:10,2025-03-27 13:18,2025-03-27 20:22
LAB732368,ENC113690,PT11011,LDL,LDL Cholesterol,123,mg/dL,0,99,H,Routine,2025-03-27 13:44,2025-03-27 14:09,2025-03-27 23:53
LAB732369,ENC113691,PT10095,GLU,Glucose,117,mg/dL,70,99,H,STAT,2025-03-27 16:01,2025-03-27 16:06,2025-03-27 17:07
LAB732370,ENC113691,PT10095,CREAT,Creatinine,0.89,mg/dL,0.6,1.3,N,Routine,2025-03-27 16:07,2025-03-27 16:22,2025-03-27 17:58
LAB732371,ENC113691,PT10095,WBC,White Blood Cell Count,12.9,K/uL,4.5,11,H,STAT,2025-03-27 16:20,2025-03-27 16:52,2025-03-27 17:26
LAB732372,ENC113691,PT10095,HGB,Hemoglobin,16.3,g/dL,12,17.5,N,STAT,2025-03-27 16:27,2025-03-27 16:53,2025-03-27 17:35
LAB732373,ENC113692,PT10994,GLU,Glucose,117,mg/dL,70,99,H,Routine,2025-03-27 14:40,2025-03-27 14:58,2025-03-27 16:30
LAB732374,ENC113692,PT10994,CREAT,Creatinine,0.4,mg/dL,0.6,1.3,L,STAT,2025-03-27 13:51,2025-03-27 14:16,2025-03-27 14:56
LAB732375,ENC113692,PT10994,WBC,White Blood Cell Count,9.8,K/uL,4.5,11,N,STAT,2025-03-27 13:44,2025-03-27 14:16,2025-03-27 15:08
LAB732376,ENC113697,PT11287,GLU,Glucose,91,mg/dL,70,99,N,STAT,2025-03-27 16:05,2025-03-27 16:34,2025-03-27 17:16
LAB732377,ENC113697,PT11287,CREAT,Creatinine,1.39,mg/dL,0.6,1.3,H,Routine,2025-03-27 15:35,2025-03-27 15:44,2025-03-27 18:49
LAB732378,ENC113697,PT11287,WBC,White Blood Cell Count,7.9,K/uL,4.5,11,N,Routine,2025-03-27 15:04,2025-03-27 15:10,2025-03-27 16:37
LAB732379,ENC113700,PT12609,GLU,Glucose,83,mg/dL,70,99,N,STAT,2025-03-27 17:40,2025-03-27 17:56,2025-03-27 18:52
LAB732380,ENC113700,PT12609,CREAT,Creatinine,0.81,mg/dL,0.6,1.3,N,STAT,2025-03-27 17:58,2025-03-27 18:15,2025-03-27 18:46
LAB732381,ENC113700,PT12609,WBC,White Blood Cell Count,11.5,K/uL,4.5,11,H,STAT,2025-03-27 17:07,2025-03-27 17:23,2025-03-27 18:01
LAB732382,ENC113700,PT12609,HGB,Hemoglobin,13.1,g/dL,12,17.5,N,Routine,2025-03-27 17:04,2025-03-27 17:09,2025-03-27 18:25
LAB732383,ENC113701,PT10498,GLU,Glucose,109,mg/dL,70,99,H,Routine,2025-03-27 18:41,2025-03-27 18:51,2025-03-27 20:09
LAB732384,ENC113701,PT10498,CREAT,Creatinine,1,mg/dL,0.6,1.3,N,STAT,2025-03-27 18:08,2025-03-27 18:38,2025-03-27 20:22
LAB732385,ENC113701,PT10498,WBC,White Blood Cell Count,6,K/uL,4.5,11,N,STAT,2025-03-27 18:32,2025-03-27 19:07,2025-03-27 19:48
LAB732386,ENC113701,PT10498,HGB,Hemoglobin,14.4,g/dL,12,17.5,N,Routine,2025-03-27 18:11,2025-03-27 18:34,2025-03-27 20:37
LAB732387,ENC113702,PT11242,GLU,Glucose,213,mg/dL,70,99,H,Routine,2025-03-27 23:17,2025-03-27 23:43,2025-03-28 07:14
LAB732388,ENC113702,PT11242,CREAT,Creatinine,1.18,mg/dL,0.6,1.3,N,Routine,2025-03-27 23:19,2025-03-27 23:28,2025-03-28 13:54
LAB732389,ENC113702,PT11242,WBC,White Blood Cell Count,8.9,K/uL,4.5,11,N,STAT,2025-03-28 00:11,2025-03-28 00:31,2025-03-28 02:10
LAB732390,ENC113702,PT11242,HGB,Hemoglobin,14.8,g/dL,12,17.5,N,Routine,2025-03-27 23:24,2025-03-27 23:48,2025-03-28 03:41
LAB732391,ENC113702,PT11242,TROP,"Troponin I, High Sensitivity",1307,ng/L,0,34,H,STAT,2025-03-28 00:20,2025-03-28 00:29,2025-03-28 01:32
LAB732392,ENC113703,PT11404,GLU,Glucose,86,mg/dL,70,99,N,Routine,2025-03-27 23:48,2025-03-28 00:21,2025-03-28 08:39
LAB732393,ENC113703,PT11404,CREAT,Creatinine,1.11,mg/dL,0.6,1.3,N,STAT,2025-03-27 23:19,2025-03-27 23:38,2025-03-28 00:18
LAB732394,ENC113703,PT11404,WBC,White Blood Cell Count,8.9,K/uL,4.5,11,N,STAT,2025-03-27 23:46,2025-03-28 00:08,2025-03-28 01:18
LAB732395,ENC113703,PT11404,HGB,Hemoglobin,13.7,g/dL,12,17.5,N,Routine,2025-03-27 23:59,2025-03-28 00:28,2025-03-28 03:16
LAB732396,ENC113704,PT10093,GLU,Glucose,96,mg/dL,70,99,N,STAT,2025-03-28 00:21,2025-03-28 00:42,2025-03-28 01:19
LAB732397,ENC113704,PT10093,CREAT,Creatinine,1.19,mg/dL,0.6,1.3,N,STAT,2025-03-28 00:15,2025-03-28 00:46,2025-03-28 01:50
LAB732398,ENC113704,PT10093,WBC,White Blood Cell Count,3.9,K/uL,4.5,11,L,STAT,2025-03-27 23:57,2025-03-28 00:20,2025-03-28 01:17
LAB732399,ENC113704,PT10093,HGB,Hemoglobin,13.2,g/dL,12,17.5,N,STAT,2025-03-27 23:41,2025-03-28 00:16,2025-03-28 02:12
LAB732400,ENC113704,PT10093,NA,Sodium,143,mmol/L,136,145,N,STAT,2025-03-28 00:00,2025-03-28 00:20,2025-03-28 00:55
LAB732401,ENC113704,PT10093,K,Potassium,4.7,mmol/L,3.5,5.1,N,STAT,2025-03-28 00:06,2025-03-28 00:38,2025-03-28 01:00
LAB732402,ENC113704,PT10093,TROP,"Troponin I, High Sensitivity",45,ng/L,0,34,H,STAT,2025-03-28 00:25,2025-03-28 00:48,2025-03-28 01:38
LAB732403,ENC113704,PT10093,BNP,B-Type Natriuretic Peptide,348,pg/mL,0,100,H,Routine,2025-03-27 23:56,2025-03-28 00:22,2025-03-28 06:27
LAB732404,ENC113705,PT13305,GLU,Glucose,165,mg/dL,70,99,H,Routine,2025-03-27 22:27,2025-03-27 22:46,2025-03-28 00:47
LAB732405,ENC113705,PT13305,CREAT,Creatinine,0.78,mg/dL,0.6,1.3,N,STAT,2025-03-27 23:27,2025-03-27 23:45,2025-03-28 00:26
LAB732406,ENC113705,PT13305,WBC,White Blood Cell Count,7.1,K/uL,4.5,11,N,STAT,2025-03-27 23:10,2025-03-27 23:17,2025-03-28 00:15
LAB732407,ENC113705,PT13305,HGB,Hemoglobin,14.3,g/dL,12,17.5,N,Routine,2025-03-27 23:25,2025-03-27 23:46,2025-03-28 01:43
LAB732408,ENC113707,PT11593,GLU,Glucose,116,mg/dL,70,99,H,STAT,2025-03-28 06:30,2025-03-28 06:45,2025-03-28 07:29
LAB732409,ENC113707,PT11593,CREAT,Creatinine,1.25,mg/dL,0.6,1.3,N,STAT,2025-03-28 05:44,2025-03-28 05:50,2025-03-28 06:19
LAB732410,ENC113707,PT11593,WBC,White Blood Cell Count,6.5,K/uL,4.5,11,N,Routine,2025-03-28 05:38,2025-03-28 06:03,2025-03-28 10:47
LAB732411,ENC113707,PT11593,HGB,Hemoglobin,15.5,g/dL,12,17.5,N,STAT,2025-03-28 06:11,2025-03-28 06:26,2025-03-28 06:58
LAB732412,ENC113707,PT11593,TROP,"Troponin I, High Sensitivity",561,ng/L,0,34,H,STAT,2025-03-28 06:06,2025-03-28 06:19,2025-03-28 06:55
LAB732413,ENC113709,PT10180,LDL,LDL Cholesterol,117,mg/dL,0,99,H,Routine,2025-03-28 08:52,2025-03-28 08:59,2025-03-28 20:13
LAB732414,ENC113711,PT10642,GLU,Glucose,114,mg/dL,70,99,H,STAT,2025-03-28 12:37,2025-03-28 12:43,2025-03-28 13:20
LAB732415,ENC113711,PT10642,CREAT,Creatinine,0.43,mg/dL,0.6,1.3,L,STAT,2025-03-28 13:19,2025-03-28 13:37,2025-03-28 14:23
LAB732416,ENC113711,PT10642,WBC,White Blood Cell Count,17.1,K/uL,4.5,11,H,STAT,2025-03-28 12:11,2025-03-28 12:31,2025-03-28 13:08
LAB732417,ENC113711,PT10642,HGB,Hemoglobin,12.7,g/dL,12,17.5,N,Routine,2025-03-28 12:25,2025-03-28 12:59,2025-03-28 13:51
LAB732418,ENC113714,PT12147,GLU,Glucose,127,mg/dL,70,99,H,Routine,2025-03-28 14:31,2025-03-28 14:57,2025-03-28 15:59
LAB732419,ENC113714,PT12147,CREAT,Creatinine,0.58,mg/dL,0.6,1.3,L,STAT,2025-03-28 14:47,2025-03-28 14:59,2025-03-28 15:42
LAB732420,ENC113714,PT12147,WBC,White Blood Cell Count,7.2,K/uL,4.5,11,N,Routine,2025-03-28 13:58,2025-03-28 14:29,2025-03-28 17:15
LAB732421,ENC113714,PT12147,HGB,Hemoglobin,12.4,g/dL,12,17.5,N,STAT,2025-03-28 14:18,2025-03-28 14:35,2025-03-28 15:13
LAB732422,ENC113714,PT12147,TROP,"Troponin I, High Sensitivity",87,ng/L,0,34,H,STAT,2025-03-28 14:00,2025-03-28 14:35,2025-03-28 15:06
LAB732423,ENC113714,PT12147,BNP,B-Type Natriuretic Peptide,624,pg/mL,0,100,H,Routine,2025-03-28 14:28,2025-03-28 14:34,2025-03-28 17:52
LAB732424,ENC113715,PT10641,GLU,Glucose,225,mg/dL,70,99,H,STAT,2025-03-28 15:11,2025-03-28 15:40,2025-03-28 16:27
LAB732425,ENC113715,PT10641,CREAT,Creatinine,0.96,mg/dL,0.6,1.3,N,STAT,2025-03-28 14:48,2025-03-28 15:01,2025-03-28 15:38
LAB732426,ENC113715,PT10641,WBC,White Blood Cell Count,13.3,K/uL,4.5,11,H,STAT,2025-03-28 14:48,2025-03-28 15:12,2025-03-28 16:04
LAB732427,ENC113715,PT10641,HGB,Hemoglobin,15.9,g/dL,12,17.5,N,Routine,2025-03-28 15:08,2025-03-28 15:27,2025-03-28 17:45
LAB732428,ENC113717,PT12523,GLU,Glucose,236,mg/dL,70,99,H,Routine,2025-03-28 13:49,2025-03-28 14:05,2025-03-28 15:15
LAB732429,ENC113717,PT12523,CREAT,Creatinine,1.04,mg/dL,0.6,1.3,N,Routine,2025-03-28 14:40,2025-03-28 14:59,2025-03-28 16:17
LAB732430,ENC113717,PT12523,WBC,White Blood Cell Count,6.7,K/uL,4.5,11,N,Routine,2025-03-28 14:04,2025-03-28 14:10,2025-03-28 15:41
LAB732431,ENC113717,PT12523,HGB,Hemoglobin,14.4,g/dL,12,17.5,N,STAT,2025-03-28 14:07,2025-03-28 14:37,2025-03-28 15:35
LAB732432,ENC113717,PT12523,NA,Sodium,142,mmol/L,136,145,N,STAT,2025-03-28 14:23,2025-03-28 14:40,2025-03-28 15:30
LAB732433,ENC113717,PT12523,K,Potassium,4.1,mmol/L,3.5,5.1,N,STAT,2025-03-28 13:40,2025-03-28 13:47,2025-03-28 14:52
LAB732434,ENC113717,PT12523,A1C,Hemoglobin A1c,8.7,%,4,5.6,H,Routine,2025-03-28 14:19,2025-03-28 14:38,2025-03-29 00:38
LAB732435,ENC113718,PT11038,GLU,Glucose,220,mg/dL,70,99,H,STAT,2025-03-28 10:55,2025-03-28 11:16,2025-03-28 11:45
LAB732436,ENC113718,PT11038,CREAT,Creatinine,1.19,mg/dL,0.6,1.3,N,STAT,2025-03-28 11:32,2025-03-28 11:50,2025-03-28 12:49
LAB732437,ENC113718,PT11038,WBC,White Blood Cell Count,11.3,K/uL,4.5,11,H,STAT,2025-03-28 11:09,2025-03-28 11:20,2025-03-28 11:40
LAB732438,ENC113722,PT12643,WBC,White Blood Cell Count,4.6,K/uL,4.5,11,N,Routine,2025-03-28 11:20,2025-03-28 11:28,2025-03-28 16:32
LAB732439,ENC113722,PT12643,HGB,Hemoglobin,10.2,g/dL,12,17.5,L,Routine,2025-03-28 11:20,2025-03-28 11:24,2025-03-28 14:18
LAB732440,ENC113722,PT12643,PLT,Platelet Count,308,K/uL,150,400,N,Routine,2025-03-28 11:23,2025-03-28 11:56,2025-03-28 14:28
LAB732441,ENC113723,PT12933,GLU,Glucose,99,mg/dL,70,99,N,STAT,2025-03-28 12:02,2025-03-28 12:35,2025-03-28 13:35
LAB732442,ENC113723,PT12933,CREAT,Creatinine,2.03,mg/dL,0.6,1.3,H,Routine,2025-03-28 11:56,2025-03-28 12:22,2025-03-28 19:41
LAB732443,ENC113723,PT12933,WBC,White Blood Cell Count,8.9,K/uL,4.5,11,N,Routine,2025-03-28 11:48,2025-03-28 12:21,2025-03-28 15:04
LAB732444,ENC113723,PT12933,HGB,Hemoglobin,12,g/dL,12,17.5,N,STAT,2025-03-28 12:00,2025-03-28 12:08,2025-03-28 13:03
LAB732445,ENC113723,PT12933,NA,Sodium,140,mmol/L,136,145,N,Routine,2025-03-28 11:56,2025-03-28 12:19,2025-03-28 18:19
LAB732446,ENC113723,PT12933,K,Potassium,4.2,mmol/L,3.5,5.1,N,STAT,2025-03-28 11:35,2025-03-28 11:59,2025-03-28 13:02
LAB732447,ENC113723,PT12933,TROP,"Troponin I, High Sensitivity",75,ng/L,0,34,H,STAT,2025-03-28 12:22,2025-03-28 12:48,2025-03-28 13:17
LAB732448,ENC113723,PT12933,BNP,B-Type Natriuretic Peptide,859,pg/mL,0,100,H,Routine,2025-03-28 11:52,2025-03-28 12:01,2025-03-28 17:01
LAB732449,ENC113724,PT13828,GLU,Glucose,50,mg/dL,70,99,L,Routine,2025-03-28 12:41,2025-03-28 13:15,2025-03-28 14:06
LAB732450,ENC113724,PT13828,CREAT,Creatinine,2.71,mg/dL,0.6,1.3,H,Routine,2025-03-28 11:58,2025-03-28 12:31,2025-03-28 17:01
LAB732451,ENC113724,PT13828,WBC,White Blood Cell Count,9.8,K/uL,4.5,11,N,Routine,2025-03-28 11:41,2025-03-28 11:55,2025-03-28 14:22
LAB732452,ENC113724,PT13828,HGB,Hemoglobin,11.8,g/dL,12,17.5,L,STAT,2025-03-28 12:38,2025-03-28 12:46,2025-03-28 13:46
LAB732453,ENC113725,PT13821,GLU,Glucose,220,mg/dL,70,99,H,Routine,2025-03-28 11:59,2025-03-28 12:10,2025-03-28 15:44
LAB732454,ENC113725,PT13821,CREAT,Creatinine,1.02,mg/dL,0.6,1.3,N,STAT,2025-03-28 12:22,2025-03-28 12:57,2025-03-28 13:33
LAB732455,ENC113727,PT10978,GLU,Glucose,55,mg/dL,70,99,L,Routine,2025-03-28 16:49,2025-03-28 17:21,2025-03-28 22:50
LAB732456,ENC113727,PT10978,CREAT,Creatinine,1.28,mg/dL,0.6,1.3,N,STAT,2025-03-28 17:21,2025-03-28 17:55,2025-03-28 18:41
LAB732457,ENC113727,PT10978,WBC,White Blood Cell Count,7.9,K/uL,4.5,11,N,STAT,2025-03-28 17:18,2025-03-28 17:37,2025-03-28 18:00
LAB732458,ENC113727,PT10978,HGB,Hemoglobin,15,g/dL,12,17.5,N,STAT,2025-03-28 17:22,2025-03-28 17:36,2025-03-28 18:32
LAB732459,ENC113727,PT10978,NA,Sodium,142,mmol/L,136,145,N,STAT,2025-03-28 16:43,2025-03-28 17:03,2025-03-28 17:29
LAB732460,ENC113727,PT10978,K,Potassium,4.2,mmol/L,3.5,5.1,N,STAT,2025-03-28 16:40,2025-03-28 17:00,2025-03-28 17:29
LAB732461,ENC113727,PT10978,INR,Prothrombin Time INR,1.2,ratio,0.8,1.2,N,Routine,2025-03-28 17:33,2025-03-28 17:50,2025-03-28 19:49
LAB732462,ENC113728,PT10962,GLU,Glucose,119,mg/dL,70,99,H,Routine,2025-03-28 15:41,2025-03-28 16:00,2025-03-28 18:48
LAB732463,ENC113728,PT10962,CREAT,Creatinine,1.05,mg/dL,0.6,1.3,N,STAT,2025-03-28 15:01,2025-03-28 15:08,2025-03-28 16:19
LAB732464,ENC113728,PT10962,WBC,White Blood Cell Count,8.3,K/uL,4.5,11,N,Routine,2025-03-28 15:21,2025-03-28 15:25,2025-03-28 19:22
LAB732465,ENC113728,PT10962,HGB,Hemoglobin,15.3,g/dL,12,17.5,N,Routine,2025-03-28 16:09,2025-03-28 16:40,2025-03-28 21:29
LAB732466,ENC113728,PT10962,BUN,Blood Urea Nitrogen,19,mg/dL,7,20,N,Routine,2025-03-28 15:44,2025-03-28 15:57,2025-03-28 18:35
LAB732467,ENC113728,PT10962,PLT,Platelet Count,318,K/uL,150,400,N,STAT,2025-03-28 15:07,2025-03-28 15:13,2025-03-28 15:50
LAB732468,ENC113730,PT10040,GLU,Glucose,129,mg/dL,70,99,H,Routine,2025-03-28 15:28,2025-03-28 15:53,2025-03-28 18:25
LAB732469,ENC113730,PT10040,CREAT,Creatinine,0.92,mg/dL,0.6,1.3,N,Routine,2025-03-28 16:14,2025-03-28 16:25,2025-03-28 17:55
LAB732470,ENC113730,PT10040,WBC,White Blood Cell Count,5.8,K/uL,4.5,11,N,STAT,2025-03-28 16:23,2025-03-28 16:30,2025-03-28 16:58
LAB732471,ENC113730,PT10040,HGB,Hemoglobin,13,g/dL,12,17.5,N,STAT,2025-03-28 16:12,2025-03-28 16:21,2025-03-28 16:57
LAB732472,ENC113731,PT13060,GLU,Glucose,108,mg/dL,70,99,H,Routine,2025-03-28 14:10,2025-03-28 14:35,2025-03-28 21:50
LAB732473,ENC113731,PT13060,CREAT,Creatinine,0.98,mg/dL,0.6,1.3,N,STAT,2025-03-28 14:16,2025-03-28 14:36,2025-03-28 15:12
LAB732474,ENC113731,PT13060,WBC,White Blood Cell Count,5.1,K/uL,4.5,11,N,STAT,2025-03-28 13:42,2025-03-28 14:07,2025-03-28 15:01
LAB732475,ENC113731,PT13060,HGB,Hemoglobin,12.9,g/dL,12,17.5,N,STAT,2025-03-28 14:20,2025-03-28 14:33,2025-03-28 15:09
LAB732476,ENC113733,PT12726,LDL,LDL Cholesterol,137,mg/dL,0,99,H,Routine,2025-03-28 13:33,2025-03-28 13:55,2025-03-28 22:09
LAB732477,ENC113733,PT12726,A1C,Hemoglobin A1c,10.7,%,4,5.6,H,Routine,2025-03-28 13:42,2025-03-28 13:48,2025-03-28 22:42
LAB732478,ENC113734,PT12455,GLU,Glucose,100,mg/dL,70,99,H,Routine,2025-03-28 13:41,2025-03-28 14:05,2025-03-28 18:56
LAB732479,ENC113734,PT12455,CREAT,Creatinine,1.11,mg/dL,0.6,1.3,N,Routine,2025-03-28 14:33,2025-03-28 14:45,2025-03-28 19:55
LAB732480,ENC113734,PT12455,WBC,White Blood Cell Count,9.2,K/uL,4.5,11,N,STAT,2025-03-28 14:22,2025-03-28 14:52,2025-03-28 15:31
LAB732481,ENC113734,PT12455,HGB,Hemoglobin,9,g/dL,12,17.5,L,STAT,2025-03-28 14:26,2025-03-28 14:39,2025-03-28 15:13
LAB732482,ENC113735,PT12982,LDL,LDL Cholesterol,132,mg/dL,0,99,H,Routine,2025-03-28 13:59,2025-03-28 14:19,2025-03-29 02:59
LAB732483,ENC113738,PT12254,LDL,LDL Cholesterol,117,mg/dL,0,99,H,Routine,2025-03-28 14:15,2025-03-28 14:48,2025-03-29 05:00
LAB732484,ENC113738,PT12254,A1C,Hemoglobin A1c,4.9,%,4,5.6,N,Routine,2025-03-28 14:23,2025-03-28 14:30,2025-03-28 22:36
LAB732485,ENC113740,PT10123,GLU,Glucose,118,mg/dL,70,99,H,STAT,2025-03-28 15:41,2025-03-28 15:46,2025-03-28 16:22
LAB732486,ENC113740,PT10123,CREAT,Creatinine,0.69,mg/dL,0.6,1.3,N,Routine,2025-03-28 16:32,2025-03-28 16:42,2025-03-28 17:54
LAB732487,ENC113740,PT10123,WBC,White Blood Cell Count,6.8,K/uL,4.5,11,N,Routine,2025-03-28 16:37,2025-03-28 16:49,2025-03-28 19:40
LAB732488,ENC113741,PT11941,GLU,Glucose,105,mg/dL,70,99,H,STAT,2025-03-28 19:56,2025-03-28 20:12,2025-03-28 20:49
LAB732489,ENC113741,PT11941,CREAT,Creatinine,1.12,mg/dL,0.6,1.3,N,Routine,2025-03-28 20:00,2025-03-28 20:21,2025-03-28 23:10
LAB732490,ENC113741,PT11941,WBC,White Blood Cell Count,7.6,K/uL,4.5,11,N,Routine,2025-03-28 19:20,2025-03-28 19:32,2025-03-28 23:12
LAB732491,ENC113741,PT11941,HGB,Hemoglobin,14,g/dL,12,17.5,N,STAT,2025-03-28 19:16,2025-03-28 19:48,2025-03-28 20:17
LAB732492,ENC113741,PT11941,NA,Sodium,140,mmol/L,136,145,N,Routine,2025-03-28 20:02,2025-03-28 20:27,2025-03-29 00:33
LAB732493,ENC113741,PT11941,K,Potassium,4.4,mmol/L,3.5,5.1,N,STAT,2025-03-28 19:11,2025-03-28 19:39,2025-03-28 20:18
LAB732494,ENC113741,PT11941,TROP,"Troponin I, High Sensitivity",78,ng/L,0,34,H,STAT,2025-03-28 19:46,2025-03-28 19:58,2025-03-28 21:01
LAB732495,ENC113741,PT11941,BNP,B-Type Natriuretic Peptide,1672,pg/mL,0,100,H,STAT,2025-03-28 19:48,2025-03-28 20:14,2025-03-28 20:58
LAB732496,ENC113743,PT12111,GLU,Glucose,101,mg/dL,70,99,H,STAT,2025-03-28 21:34,2025-03-28 21:55,2025-03-28 22:40
LAB732497,ENC113743,PT12111,CREAT,Creatinine,0.83,mg/dL,0.6,1.3,N,STAT,2025-03-28 20:41,2025-03-28 20:48,2025-03-28 21:37
LAB732498,ENC113743,PT12111,WBC,White Blood Cell Count,6.9,K/uL,4.5,11,N,STAT,2025-03-28 21:15,2025-03-28 21:41,2025-03-28 22:39
LAB732499,ENC113743,PT12111,HGB,Hemoglobin,11.5,g/dL,12,17.5,L,STAT,2025-03-28 20:30,2025-03-28 20:41,2025-03-28 21:51
LAB732500,ENC113745,PT10406,GLU,Glucose,146,mg/dL,70,99,H,Routine,2025-03-28 20:08,2025-03-28 20:20,2025-03-29 02:32
LAB732501,ENC113745,PT10406,CREAT,Creatinine,0.69,mg/dL,0.6,1.3,N,Routine,2025-03-28 19:57,2025-03-28 20:23,2025-03-28 22:50
LAB732502,ENC113745,PT10406,WBC,White Blood Cell Count,16.4,K/uL,4.5,11,H,STAT,2025-03-28 19:31,2025-03-28 19:36,2025-03-28 20:49
LAB732503,ENC113745,PT10406,HGB,Hemoglobin,12.1,g/dL,12,17.5,N,STAT,2025-03-28 19:27,2025-03-28 19:46,2025-03-28 20:17
LAB732504,ENC113745,PT10406,LACT,Lactate,1.6,mmol/L,0.5,2,N,STAT,2025-03-28 20:28,2025-03-28 20:35,2025-03-28 21:03
LAB732505,ENC113746,PT13464,GLU,Glucose,99,mg/dL,70,99,N,STAT,2025-03-28 17:56,2025-03-28 18:11,2025-03-28 18:57
LAB732506,ENC113746,PT13464,CREAT,Creatinine,1.03,mg/dL,0.6,1.3,N,STAT,2025-03-28 18:30,2025-03-28 19:01,2025-03-28 19:45
LAB732507,ENC113746,PT13464,WBC,White Blood Cell Count,11.9,K/uL,4.5,11,H,STAT,2025-03-28 18:23,2025-03-28 18:28,2025-03-28 18:50
LAB732508,ENC113746,PT13464,HGB,Hemoglobin,14.6,g/dL,12,17.5,N,Routine,2025-03-28 18:33,2025-03-28 19:03,2025-03-28 21:56
LAB732509,ENC113747,PT12949,GLU,Glucose,190,mg/dL,70,99,H,Routine,2025-03-28 19:51,2025-03-28 20:12,2025-03-28 21:44
LAB732510,ENC113747,PT12949,CREAT,Creatinine,1.26,mg/dL,0.6,1.3,N,STAT,2025-03-28 19:57,2025-03-28 20:19,2025-03-28 20:46
LAB732511,ENC113747,PT12949,WBC,White Blood Cell Count,6,K/uL,4.5,11,N,Routine,2025-03-28 19:06,2025-03-28 19:12,2025-03-29 00:23
LAB732512,ENC113747,PT12949,HGB,Hemoglobin,13.9,g/dL,12,17.5,N,Routine,2025-03-28 20:08,2025-03-28 20:12,2025-03-28 23:17
LAB732513,ENC113747,PT12949,NA,Sodium,133,mmol/L,136,145,L,STAT,2025-03-28 19:18,2025-03-28 19:43,2025-03-28 20:24
LAB732514,ENC113747,PT12949,K,Potassium,3.9,mmol/L,3.5,5.1,N,STAT,2025-03-28 19:50,2025-03-28 20:14,2025-03-28 20:54
LAB732515,ENC113748,PT12489,GLU,Glucose,156,mg/dL,70,99,H,STAT,2025-03-28 21:53,2025-03-28 22:08,2025-03-28 22:29
LAB732516,ENC113748,PT12489,CREAT,Creatinine,1.97,mg/dL,0.6,1.3,H,STAT,2025-03-28 22:10,2025-03-28 22:39,2025-03-28 23:27
LAB732517,ENC113748,PT12489,WBC,White Blood Cell Count,18.3,K/uL,4.5,11,H,STAT,2025-03-28 22:15,2025-03-28 22:47,2025-03-28 23:47
LAB732518,ENC113748,PT12489,HGB,Hemoglobin,14.8,g/dL,12,17.5,N,STAT,2025-03-28 22:21,2025-03-28 22:32,2025-03-28 23:04
LAB732519,ENC113748,PT12489,LACT,Lactate,4.4,mmol/L,0.5,2,HH,STAT,2025-03-28 21:54,2025-03-28 22:09,2025-03-28 22:28
LAB732520,ENC113749,PT12662,GLU,Glucose,90,mg/dL,70,99,N,STAT,2025-03-29 00:49,2025-03-29 01:13,2025-03-29 02:34
LAB732521,ENC113749,PT12662,CREAT,Creatinine,1.17,mg/dL,0.6,1.3,N,STAT,2025-03-29 00:55,2025-03-29 01:28,2025-03-29 02:09
LAB732522,ENC113749,PT12662,WBC,White Blood Cell Count,8.7,K/uL,4.5,11,N,STAT,2025-03-29 01:00,2025-03-29 01:21,2025-03-29 02:01
LAB732523,ENC113750,PT10925,GLU,Glucose,92,mg/dL,70,99,N,STAT,2025-03-29 03:09,2025-03-29 03:17,2025-03-29 04:19
LAB732524,ENC113750,PT10925,CREAT,Creatinine,0.7,mg/dL,0.6,1.3,N,STAT,2025-03-29 03:43,2025-03-29 04:00,2025-03-29 04:37
LAB732525,ENC113750,PT10925,WBC,White Blood Cell Count,10.9,K/uL,4.5,11,N,STAT,2025-03-29 03:32,2025-03-29 03:50,2025-03-29 04:43
LAB732526,ENC113750,PT10925,HGB,Hemoglobin,14.8,g/dL,12,17.5,N,STAT,2025-03-29 03:18,2025-03-29 03:31,2025-03-29 03:59
LAB732527,ENC113750,PT10925,BUN,Blood Urea Nitrogen,11,mg/dL,7,20,N,STAT,2025-03-29 03:59,2025-03-29 04:11,2025-03-29 04:56
LAB732528,ENC113750,PT10925,PLT,Platelet Count,256,K/uL,150,400,N,Routine,2025-03-29 03:20,2025-03-29 03:50,2025-03-29 05:30
LAB732529,ENC113751,PT13954,GLU,Glucose,99,mg/dL,70,99,N,Routine,2025-03-29 02:10,2025-03-29 02:36,2025-03-29 06:21
LAB732530,ENC113751,PT13954,CREAT,Creatinine,1.06,mg/dL,0.6,1.3,N,Routine,2025-03-29 02:29,2025-03-29 02:42,2025-03-29 06:36
LAB732531,ENC113752,PT12292,GLU,Glucose,132,mg/dL,70,99,H,STAT,2025-03-29 05:39,2025-03-29 06:08,2025-03-29 07:06
LAB732532,ENC113752,PT12292,CREAT,Creatinine,0.73,mg/dL,0.6,1.3,N,Routine,2025-03-29 06:22,2025-03-29 06:48,2025-03-29 09:53
LAB732533,ENC113752,PT12292,WBC,White Blood Cell Count,8.9,K/uL,4.5,11,N,STAT,2025-03-29 06:26,2025-03-29 06:36,2025-03-29 07:24
LAB732534,ENC113752,PT12292,HGB,Hemoglobin,13,g/dL,12,17.5,N,STAT,2025-03-29 06:15,2025-03-29 06:32,2025-03-29 07:01
LAB732535,ENC113753,PT13844,GLU,Glucose,120,mg/dL,70,99,H,Routine,2025-03-29 14:17,2025-03-29 14:35,2025-03-29 17:59
LAB732536,ENC113753,PT13844,CREAT,Creatinine,1.76,mg/dL,0.6,1.3,H,Routine,2025-03-29 14:21,2025-03-29 14:41,2025-03-29 18:25
LAB732537,ENC113753,PT13844,WBC,White Blood Cell Count,14.8,K/uL,4.5,11,H,STAT,2025-03-29 14:14,2025-03-29 14:39,2025-03-29 14:57
LAB732538,ENC113753,PT13844,HGB,Hemoglobin,13,g/dL,12,17.5,N,STAT,2025-03-29 13:54,2025-03-29 14:13,2025-03-29 15:26
LAB732539,ENC113754,PT10411,GLU,Glucose,292,mg/dL,70,99,H,Routine,2025-03-29 13:54,2025-03-29 14:08,2025-03-29 18:53
LAB732540,ENC113754,PT10411,CREAT,Creatinine,1.05,mg/dL,0.6,1.3,N,STAT,2025-03-29 13:48,2025-03-29 14:09,2025-03-29 15:02
LAB732541,ENC113754,PT10411,WBC,White Blood Cell Count,8.9,K/uL,4.5,11,N,STAT,2025-03-29 13:48,2025-03-29 14:17,2025-03-29 15:01
LAB732542,ENC113754,PT10411,HGB,Hemoglobin,11.6,g/dL,12,17.5,L,Routine,2025-03-29 14:02,2025-03-29 14:18,2025-03-29 19:31
LAB732543,ENC113754,PT10411,NA,Sodium,140,mmol/L,136,145,N,STAT,2025-03-29 13:44,2025-03-29 14:09,2025-03-29 15:03
LAB732544,ENC113754,PT10411,K,Potassium,4,mmol/L,3.5,5.1,N,STAT,2025-03-29 13:13,2025-03-29 13:27,2025-03-29 15:31
LAB732545,ENC113754,PT10411,A1C,Hemoglobin A1c,10.3,%,4,5.6,H,Routine,2025-03-29 12:59,2025-03-29 13:13,2025-03-29 19:26
LAB732546,ENC113757,PT12049,GLU,Glucose,153,mg/dL,70,99,H,STAT,2025-03-29 12:42,2025-03-29 13:12,2025-03-29 13:32
LAB732547,ENC113757,PT12049,CREAT,Creatinine,0.78,mg/dL,0.6,1.3,N,Routine,2025-03-29 13:45,2025-03-29 13:52,2025-03-29 16:36
LAB732548,ENC113757,PT12049,WBC,White Blood Cell Count,7.5,K/uL,4.5,11,N,STAT,2025-03-29 12:43,2025-03-29 13:06,2025-03-29 14:28
LAB732549,ENC113757,PT12049,HGB,Hemoglobin,11.8,g/dL,12,17.5,L,Routine,2025-03-29 13:41,2025-03-29 13:46,2025-03-29 17:56
LAB732550,ENC113757,PT12049,TROP,"Troponin I, High Sensitivity",46,ng/L,0,34,H,STAT,2025-03-29 12:51,2025-03-29 13:00,2025-03-29 13:17
LAB732551,ENC113757,PT12049,BNP,B-Type Natriuretic Peptide,804,pg/mL,0,100,H,Routine,2025-03-29 13:01,2025-03-29 13:22,2025-03-29 18:35
LAB732552,ENC113758,PT10232,GLU,Glucose,85,mg/dL,70,99,N,Routine,2025-03-29 18:35,2025-03-29 19:00,2025-03-29 22:35
LAB732553,ENC113758,PT10232,CREAT,Creatinine,0.38,mg/dL,0.6,1.3,L,STAT,2025-03-29 19:01,2025-03-29 19:27,2025-03-29 20:02
LAB732554,ENC113758,PT10232,WBC,White Blood Cell Count,8.3,K/uL,4.5,11,N,Routine,2025-03-29 18:11,2025-03-29 18:15,2025-03-29 21:25
LAB732555,ENC113758,PT10232,HGB,Hemoglobin,13.3,g/dL,12,17.5,N,STAT,2025-03-29 18:22,2025-03-29 18:40,2025-03-29 19:11
LAB732556,ENC113761,PT12478,GLU,Glucose,115,mg/dL,70,99,H,STAT,2025-03-29 16:52,2025-03-29 17:04,2025-03-29 18:14
LAB732557,ENC113761,PT12478,CREAT,Creatinine,0.83,mg/dL,0.6,1.3,N,STAT,2025-03-29 17:44,2025-03-29 18:10,2025-03-29 18:28
LAB732558,ENC113761,PT12478,WBC,White Blood Cell Count,7.6,K/uL,4.5,11,N,STAT,2025-03-29 17:16,2025-03-29 17:27,2025-03-29 18:48
LAB732559,ENC113761,PT12478,HGB,Hemoglobin,14.1,g/dL,12,17.5,N,STAT,2025-03-29 17:09,2025-03-29 17:35,2025-03-29 18:20
LAB732560,ENC113761,PT12478,NA,Sodium,136,mmol/L,136,145,N,STAT,2025-03-29 17:26,2025-03-29 17:52,2025-03-29 19:33
LAB732561,ENC113761,PT12478,K,Potassium,3.9,mmol/L,3.5,5.1,N,STAT,2025-03-29 17:46,2025-03-29 17:54,2025-03-29 19:03
LAB732562,ENC113761,PT12478,INR,Prothrombin Time INR,2.5,ratio,0.8,1.2,H,STAT,2025-03-29 17:32,2025-03-29 17:42,2025-03-29 18:15
LAB732563,ENC113762,PT11386,GLU,Glucose,111,mg/dL,70,99,H,STAT,2025-03-29 18:12,2025-03-29 18:18,2025-03-29 19:42
LAB732564,ENC113762,PT11386,CREAT,Creatinine,0.81,mg/dL,0.6,1.3,N,Routine,2025-03-29 18:00,2025-03-29 18:28,2025-03-29 19:22
LAB732565,ENC113762,PT11386,WBC,White Blood Cell Count,5.6,K/uL,4.5,11,N,Routine,2025-03-29 17:43,2025-03-29 17:49,2025-03-30 00:05
LAB732566,ENC113762,PT11386,HGB,Hemoglobin,16.9,g/dL,12,17.5,N,Routine,2025-03-29 18:12,2025-03-29 18:46,2025-03-29 22:07
LAB732567,ENC113763,PT13306,TROP,"Troponin I, High Sensitivity",7,ng/L,0,34,N,STAT,2025-03-29 18:20,2025-03-29 18:30,2025-03-29 20:41
LAB732568,ENC113765,PT10039,GLU,Glucose,117,mg/dL,70,99,H,STAT,2025-03-29 23:26,2025-03-29 23:40,2025-03-30 00:36
LAB732569,ENC113765,PT10039,CREAT,Creatinine,0.42,mg/dL,0.6,1.3,L,STAT,2025-03-29 23:44,2025-03-30 00:16,2025-03-30 00:56
LAB732570,ENC113765,PT10039,WBC,White Blood Cell Count,7,K/uL,4.5,11,N,STAT,2025-03-29 23:32,2025-03-29 23:45,2025-03-30 00:24
LAB732571,ENC113765,PT10039,HGB,Hemoglobin,11.3,g/dL,12,17.5,L,STAT,2025-03-29 23:04,2025-03-29 23:10,2025-03-29 23:41
LAB732572,ENC113765,PT10039,NA,Sodium,137,mmol/L,136,145,N,STAT,2025-03-29 23:21,2025-03-29 23:41,2025-03-30 00:44
LAB732573,ENC113765,PT10039,K,Potassium,4.6,mmol/L,3.5,5.1,N,STAT,2025-03-29 23:02,2025-03-29 23:35,2025-03-30 00:11
LAB732574,ENC113766,PT12484,GLU,Glucose,227,mg/dL,70,99,H,Routine,2025-03-29 21:06,2025-03-29 21:29,2025-03-30 01:29
LAB732575,ENC113766,PT12484,CREAT,Creatinine,0.67,mg/dL,0.6,1.3,N,STAT,2025-03-29 21:03,2025-03-29 21:17,2025-03-29 22:36
LAB732576,ENC113766,PT12484,WBC,White Blood Cell Count,10.8,K/uL,4.5,11,N,Routine,2025-03-29 20:59,2025-03-29 21:13,2025-03-30 00:16
LAB732577,ENC113766,PT12484,HGB,Hemoglobin,15.2,g/dL,12,17.5,N,STAT,2025-03-29 20:35,2025-03-29 20:41,2025-03-29 21:18
LAB732578,ENC113767,PT11001,GLU,Glucose,86,mg/dL,70,99,N,STAT,2025-03-29 20:30,2025-03-29 20:49,2025-03-29 21:47
LAB732579,ENC113767,PT11001,CREAT,Creatinine,0.91,mg/dL,0.6,1.3,N,Routine,2025-03-29 21:05,2025-03-29 21:15,2025-03-30 01:16
LAB732580,ENC113767,PT11001,WBC,White Blood Cell Count,6.5,K/uL,4.5,11,N,STAT,2025-03-29 20:20,2025-03-29 20:42,2025-03-29 21:05
LAB732581,ENC113767,PT11001,HGB,Hemoglobin,11.3,g/dL,12,17.5,L,STAT,2025-03-29 21:06,2025-03-29 21:29,2025-03-29 22:40
LAB732582,ENC113767,PT11001,INR,Prothrombin Time INR,1,ratio,0.8,1.2,N,STAT,2025-03-29 20:44,2025-03-29 20:55,2025-03-29 21:22
LAB732583,ENC113769,PT13460,GLU,Glucose,112,mg/dL,70,99,H,STAT,2025-03-30 01:38,2025-03-30 01:43,2025-03-30 02:24
LAB732584,ENC113769,PT13460,CREAT,Creatinine,0.97,mg/dL,0.6,1.3,N,Routine,2025-03-30 02:10,2025-03-30 02:26,2025-03-30 07:03
LAB732585,ENC113769,PT13460,WBC,White Blood Cell Count,6.5,K/uL,4.5,11,N,Routine,2025-03-30 02:10,2025-03-30 02:27,2025-03-30 11:57
LAB732586,ENC113769,PT13460,HGB,Hemoglobin,15,g/dL,12,17.5,N,Routine,2025-03-30 01:54,2025-03-30 02:03,2025-03-30 04:28
LAB732587,ENC113769,PT13460,TROP,"Troponin I, High Sensitivity",71,ng/L,0,34,H,STAT,2025-03-30 01:46,2025-03-30 02:06,2025-03-30 03:05
LAB732588,ENC113769,PT13460,BNP,B-Type Natriuretic Peptide,1514,pg/mL,0,100,H,STAT,2025-03-30 01:40,2025-03-30 02:10,2025-03-30 03:24
LAB732589,ENC113770,PT10434,GLU,Glucose,126,mg/dL,70,99,H,STAT,2025-03-30 01:25,2025-03-30 01:50,2025-03-30 02:17
LAB732590,ENC113770,PT10434,CREAT,Creatinine,1.16,mg/dL,0.6,1.3,N,STAT,2025-03-30 01:02,2025-03-30 01:30,2025-03-30 02:08
LAB732591,ENC113770,PT10434,WBC,White Blood Cell Count,8.9,K/uL,4.5,11,N,STAT,2025-03-30 01:52,2025-03-30 02:00,2025-03-30 02:39
LAB732592,ENC113770,PT10434,HGB,Hemoglobin,15.6,g/dL,12,17.5,N,STAT,2025-03-30 02:09,2025-03-30 02:14,2025-03-30 02:35
LAB732593,ENC113770,PT10434,TROP,"Troponin I, High Sensitivity",118,ng/L,0,34,H,STAT,2025-03-30 01:32,2025-03-30 01:57,2025-03-30 02:43
LAB732594,ENC113771,PT11776,GLU,Glucose,125,mg/dL,70,99,H,STAT,2025-03-30 04:22,2025-03-30 04:34,2025-03-30 05:12
LAB732595,ENC113771,PT11776,CREAT,Creatinine,1.4,mg/dL,0.6,1.3,H,STAT,2025-03-30 03:53,2025-03-30 04:26,2025-03-30 05:05
LAB732596,ENC113771,PT11776,WBC,White Blood Cell Count,9.4,K/uL,4.5,11,N,STAT,2025-03-30 04:17,2025-03-30 04:47,2025-03-30 05:23
LAB732597,ENC113771,PT11776,HGB,Hemoglobin,11.3,g/dL,12,17.5,L,STAT,2025-03-30 04:19,2025-03-30 04:48,2025-03-30 05:14
LAB732598,ENC113773,PT12007,GLU,Glucose,166,mg/dL,70,99,H,Routine,2025-03-30 12:23,2025-03-30 12:40,2025-03-30 16:58
LAB732599,ENC113773,PT12007,CREAT,Creatinine,1.59,mg/dL,0.6,1.3,H,STAT,2025-03-30 12:32,2025-03-30 13:01,2025-03-30 13:50
LAB732600,ENC113773,PT12007,WBC,White Blood Cell Count,6.9,K/uL,4.5,11,N,STAT,2025-03-30 12:01,2025-03-30 12:13,2025-03-30 12:30
LAB732601,ENC113773,PT12007,HGB,Hemoglobin,13.7,g/dL,12,17.5,N,STAT,2025-03-30 12:11,2025-03-30 12:46,2025-03-30 13:52
LAB732602,ENC113773,PT12007,TROP,"Troponin I, High Sensitivity",11,ng/L,0,34,N,STAT,2025-03-30 12:21,2025-03-30 12:28,2025-03-30 13:13
LAB732603,ENC113774,PT12999,GLU,Glucose,64,mg/dL,70,99,L,STAT,2025-03-30 17:32,2025-03-30 17:58,2025-03-30 19:27
LAB732604,ENC113774,PT12999,CREAT,Creatinine,0.91,mg/dL,0.6,1.3,N,Routine,2025-03-30 17:58,2025-03-30 18:02,2025-03-30 21:21
LAB732605,ENC113774,PT12999,WBC,White Blood Cell Count,6.7,K/uL,4.5,11,N,STAT,2025-03-30 17:25,2025-03-30 17:49,2025-03-30 18:50
LAB732606,ENC113774,PT12999,HGB,Hemoglobin,9.1,g/dL,12,17.5,L,STAT,2025-03-30 17:08,2025-03-30 17:20,2025-03-30 18:25
LAB732607,ENC113774,PT12999,INR,Prothrombin Time INR,0.9,ratio,0.8,1.2,N,Routine,2025-03-30 18:06,2025-03-30 18:41,2025-03-30 21:45
LAB732608,ENC113777,PT10429,GLU,Glucose,234,mg/dL,70,99,H,STAT,2025-03-30 19:25,2025-03-30 19:33,2025-03-30 20:33
LAB732609,ENC113777,PT10429,CREAT,Creatinine,0.74,mg/dL,0.6,1.3,N,STAT,2025-03-30 18:31,2025-03-30 18:51,2025-03-30 19:44
LAB732610,ENC113777,PT10429,WBC,White Blood Cell Count,6.6,K/uL,4.5,11,N,STAT,2025-03-30 19:13,2025-03-30 19:23,2025-03-30 20:46
LAB732611,ENC113777,PT10429,HGB,Hemoglobin,12.8,g/dL,12,17.5,N,Routine,2025-03-30 19:05,2025-03-30 19:27,2025-03-30 21:20
LAB732612,ENC113779,PT12781,GLU,Glucose,213,mg/dL,70,99,H,STAT,2025-03-30 23:27,2025-03-30 23:37,2025-03-31 00:05
LAB732613,ENC113779,PT12781,CREAT,Creatinine,1,mg/dL,0.6,1.3,N,Routine,2025-03-30 23:31,2025-03-30 23:59,2025-03-31 01:37
LAB732614,ENC113779,PT12781,WBC,White Blood Cell Count,5.5,K/uL,4.5,11,N,Routine,2025-03-30 23:12,2025-03-30 23:43,2025-03-31 01:35
LAB732615,ENC113779,PT12781,HGB,Hemoglobin,12.7,g/dL,12,17.5,N,Routine,2025-03-31 00:05,2025-03-31 00:10,2025-03-31 03:30
LAB732616,ENC113779,PT12781,NA,Sodium,138,mmol/L,136,145,N,STAT,2025-03-30 23:23,2025-03-30 23:52,2025-03-31 00:33
LAB732617,ENC113779,PT12781,K,Potassium,4.3,mmol/L,3.5,5.1,N,STAT,2025-03-30 23:42,2025-03-31 00:02,2025-03-31 01:14
LAB732618,ENC113780,PT13684,GLU,Glucose,127,mg/dL,70,99,H,STAT,2025-03-30 21:30,2025-03-30 21:53,2025-03-30 22:52
LAB732619,ENC113780,PT13684,CREAT,Creatinine,1.04,mg/dL,0.6,1.3,N,STAT,2025-03-30 20:47,2025-03-30 21:19,2025-03-30 22:11
LAB732620,ENC113783,PT10921,GLU,Glucose,99,mg/dL,70,99,N,STAT,2025-03-31 06:58,2025-03-31 07:04,2025-03-31 08:22
LAB732621,ENC113783,PT10921,CREAT,Creatinine,0.79,mg/dL,0.6,1.3,N,Routine,2025-03-31 06:37,2025-03-31 06:51,2025-03-31 08:14
LAB732622,ENC113783,PT10921,WBC,White Blood Cell Count,15.1,K/uL,4.5,11,H,Routine,2025-03-31 06:40,2025-03-31 07:11,2025-03-31 10:36
LAB732623,ENC113783,PT10921,HGB,Hemoglobin,13.3,g/dL,12,17.5,N,STAT,2025-03-31 06:44,2025-03-31 06:59,2025-03-31 07:32
LAB732624,ENC113783,PT10921,NA,Sodium,139,mmol/L,136,145,N,STAT,2025-03-31 06:32,2025-03-31 06:51,2025-03-31 07:57
LAB732625,ENC113783,PT10921,K,Potassium,4.2,mmol/L,3.5,5.1,N,STAT,2025-03-31 07:31,2025-03-31 07:50,2025-03-31 08:35
LAB732626,ENC113784,PT11992,GLU,Glucose,83,mg/dL,70,99,N,STAT,2025-03-31 05:03,2025-03-31 05:11,2025-03-31 05:52
LAB732627,ENC113784,PT11992,CREAT,Creatinine,1.19,mg/dL,0.6,1.3,N,STAT,2025-03-31 04:01,2025-03-31 04:11,2025-03-31 04:56
LAB732628,ENC113785,PT10443,GLU,Glucose,71,mg/dL,70,99,N,Routine,2025-03-31 06:58,2025-03-31 07:24,2025-03-31 09:53
LAB732629,ENC113785,PT10443,CREAT,Creatinine,0.61,mg/dL,0.6,1.3,N,Routine,2025-03-31 05:55,2025-03-31 06:00,2025-03-31 07:53
LAB732630,ENC113785,PT10443,WBC,White Blood Cell Count,4.9,K/uL,4.5,11,N,STAT,2025-03-31 06:19,2025-03-31 06:46,2025-03-31 08:25
LAB732631,ENC113785,PT10443,HGB,Hemoglobin,14.1,g/dL,12,17.5,N,Routine,2025-03-31 06:49,2025-03-31 07:10,2025-03-31 09:19
LAB732632,ENC113786,PT13095,GLU,Glucose,91,mg/dL,70,99,N,Routine,2025-03-31 11:05,2025-03-31 11:33,2025-03-31 13:29
LAB732633,ENC113786,PT13095,CREAT,Creatinine,0.62,mg/dL,0.6,1.3,N,Routine,2025-03-31 11:36,2025-03-31 11:48,2025-03-31 15:45
LAB732634,ENC113786,PT13095,WBC,White Blood Cell Count,16.1,K/uL,4.5,11,H,Routine,2025-03-31 11:08,2025-03-31 11:17,2025-03-31 14:39
LAB732635,ENC113786,PT13095,HGB,Hemoglobin,14,g/dL,12,17.5,N,Routine,2025-03-31 11:20,2025-03-31 11:28,2025-03-31 13:01
LAB732636,ENC113788,PT12690,GLU,Glucose,146,mg/dL,70,99,H,STAT,2025-03-31 10:49,2025-03-31 11:18,2025-03-31 12:00
LAB732637,ENC113788,PT12690,CREAT,Creatinine,1.94,mg/dL,0.6,1.3,H,STAT,2025-03-31 10:11,2025-03-31 10:31,2025-03-31 11:15
LAB732638,ENC113788,PT12690,WBC,White Blood Cell Count,2.3,K/uL,4.5,11,L,STAT,2025-03-31 10:46,2025-03-31 11:19,2025-03-31 12:09
LAB732639,ENC113788,PT12690,HGB,Hemoglobin,8.6,g/dL,12,17.5,L,STAT,2025-03-31 10:37,2025-03-31 10:46,2025-03-31 11:33
LAB732640,ENC113788,PT12690,LACT,Lactate,2.6,mmol/L,0.5,2,H,STAT,2025-03-31 10:45,2025-03-31 10:54,2025-03-31 12:13
LAB732641,ENC113793,PT10225,GLU,Glucose,109,mg/dL,70,99,H,STAT,2025-03-31 11:19,2025-03-31 11:45,2025-03-31 12:38
LAB732642,ENC113793,PT10225,CREAT,Creatinine,1.06,mg/dL,0.6,1.3,N,STAT,2025-03-31 11:12,2025-03-31 11:23,2025-03-31 11:56
LAB732643,ENC113793,PT10225,WBC,White Blood Cell Count,7.1,K/uL,4.5,11,N,Routine,2025-03-31 11:25,2025-03-31 11:37,2025-03-31 17:01
LAB732644,ENC113795,PT12124,A1C,Hemoglobin A1c,12,%,4,5.6,H,Routine,2025-03-31 11:11,2025-03-31 11:19,2025-03-31 21:35
LAB732645,ENC113795,PT12124,GLU,Glucose,396,mg/dL,70,99,H,Routine,2025-03-31 11:29,2025-03-31 11:36,2025-03-31 15:36
LAB732646,ENC113795,PT12124,CREAT,Creatinine,1.07,mg/dL,0.6,1.3,N,Routine,2025-03-31 11:10,2025-03-31 11:31,2025-03-31 15:32
LAB732647,ENC113796,PT11737,WBC,White Blood Cell Count,8.4,K/uL,4.5,11,N,Routine,2025-03-31 11:26,2025-03-31 11:38,2025-03-31 15:16
LAB732648,ENC113796,PT11737,HGB,Hemoglobin,15,g/dL,12,17.5,N,Routine,2025-03-31 11:15,2025-03-31 11:49,2025-03-31 13:03
LAB732649,ENC113796,PT11737,PLT,Platelet Count,257,K/uL,150,400,N,Routine,2025-03-31 11:20,2025-03-31 11:48,2025-03-31 14:27
LAB732650,ENC113799,PT12532,GLU,Glucose,117,mg/dL,70,99,H,Routine,2025-03-31 12:57,2025-03-31 13:23,2025-03-31 16:48
LAB732651,ENC113799,PT12532,CREAT,Creatinine,0.83,mg/dL,0.6,1.3,N,STAT,2025-03-31 12:41,2025-03-31 13:04,2025-03-31 13:48
LAB732652,ENC113799,PT12532,WBC,White Blood Cell Count,8.2,K/uL,4.5,11,N,Routine,2025-03-31 12:45,2025-03-31 12:53,2025-03-31 14:32
LAB732653,ENC113799,PT12532,INR,Prothrombin Time INR,1.1,ratio,0.8,1.2,N,STAT,2025-03-31 12:01,2025-03-31 12:29,2025-03-31 13:40
LAB732654,ENC113800,PT13853,WBC,White Blood Cell Count,6.2,K/uL,4.5,11,N,Routine,2025-03-31 12:24,2025-03-31 12:39,2025-03-31 15:06
LAB732655,ENC113800,PT13853,HGB,Hemoglobin,13,g/dL,12,17.5,N,Routine,2025-03-31 12:07,2025-03-31 12:23,2025-03-31 14:16
LAB732656,ENC113800,PT13853,PLT,Platelet Count,231,K/uL,150,400,N,Routine,2025-03-31 12:29,2025-03-31 13:04,2025-03-31 14:41
LAB732657,ENC113803,PT10956,A1C,Hemoglobin A1c,7.6,%,4,5.6,H,Routine,2025-03-31 13:10,2025-03-31 13:36,2025-04-01 03:00
LAB732658,ENC113803,PT10956,GLU,Glucose,171,mg/dL,70,99,H,Routine,2025-03-31 13:05,2025-03-31 13:40,2025-03-31 16:10
LAB732659,ENC113803,PT10956,CREAT,Creatinine,1.01,mg/dL,0.6,1.3,N,Routine,2025-03-31 12:59,2025-03-31 13:29,2025-03-31 17:11
LAB732660,ENC113805,PT11923,GLU,Glucose,57,mg/dL,70,99,L,STAT,2025-03-31 16:50,2025-03-31 17:20,2025-03-31 18:33
LAB732661,ENC113805,PT11923,CREAT,Creatinine,0.8,mg/dL,0.6,1.3,N,Routine,2025-03-31 16:30,2025-03-31 16:46,2025-03-31 18:40
LAB732662,ENC113805,PT11923,WBC,White Blood Cell Count,7.1,K/uL,4.5,11,N,STAT,2025-03-31 16:07,2025-03-31 16:37,2025-03-31 17:21
LAB732663,ENC113805,PT11923,HGB,Hemoglobin,15.3,g/dL,12,17.5,N,STAT,2025-03-31 16:52,2025-03-31 17:25,2025-03-31 18:27
LAB732664,ENC113805,PT11923,BUN,Blood Urea Nitrogen,19,mg/dL,7,20,N,Routine,2025-03-31 16:11,2025-03-31 16:29,2025-03-31 18:13
LAB732665,ENC113805,PT11923,PLT,Platelet Count,279,K/uL,150,400,N,STAT,2025-03-31 16:45,2025-03-31 17:01,2025-03-31 18:35
LAB732666,ENC113805,PT11923,TROP,"Troponin I, High Sensitivity",222,ng/L,0,34,H,STAT,2025-03-31 16:30,2025-03-31 16:49,2025-03-31 17:26
LAB732667,ENC113806,PT11627,WBC,White Blood Cell Count,6,K/uL,4.5,11,N,Routine,2025-03-31 13:55,2025-03-31 13:59,2025-03-31 18:42
LAB732668,ENC113806,PT11627,HGB,Hemoglobin,11.9,g/dL,12,17.5,L,Routine,2025-03-31 13:59,2025-03-31 14:03,2025-03-31 15:35
LAB732669,ENC113806,PT11627,PLT,Platelet Count,202,K/uL,150,400,N,Routine,2025-03-31 14:03,2025-03-31 14:07,2025-03-31 16:15
LAB732670,ENC113809,PT12051,LDL,LDL Cholesterol,134,mg/dL,0,99,H,Routine,2025-03-31 15:58,2025-03-31 16:24,2025-04-01 03:36
LAB732671,ENC113809,PT12051,A1C,Hemoglobin A1c,7.4,%,4,5.6,H,Routine,2025-03-31 16:09,2025-03-31 16:42,2025-04-01 07:02
LAB732672,ENC113810,PT11577,A1C,Hemoglobin A1c,6.7,%,4,5.6,H,Routine,2025-03-31 16:58,2025-03-31 17:19,2025-04-01 06:15
LAB732673,ENC113810,PT11577,GLU,Glucose,145,mg/dL,70,99,H,Routine,2025-03-31 16:40,2025-03-31 16:55,2025-03-31 18:44
LAB732674,ENC113810,PT11577,CREAT,Creatinine,1.39,mg/dL,0.6,1.3,H,Routine,2025-03-31 16:46,2025-03-31 17:11,2025-03-31 19:51
LAB732675,ENC113814,PT10875,GLU,Glucose,102,mg/dL,70,99,H,STAT,2025-03-31 22:55,2025-03-31 23:18,2025-03-31 23:47
LAB732676,ENC113814,PT10875,CREAT,Creatinine,0.94,mg/dL,0.6,1.3,N,STAT,2025-03-31 23:18,2025-03-31 23:33,2025-04-01 00:09
LAB732677,ENC113814,PT10875,WBC,White Blood Cell Count,7.5,K/uL,4.5,11,N,Routine,2025-03-31 22:53,2025-03-31 23:03,2025-04-01 02:28
LAB732678,ENC113814,PT10875,HGB,Hemoglobin,10.4,g/dL,12,17.5,L,Routine,2025-03-31 23:26,2025-03-31 23:57,2025-04-01 02:47
LAB732679,ENC113815,PT10383,GLU,Glucose,146,mg/dL,70,99,H,STAT,2025-04-01 05:46,2025-04-01 05:54,2025-04-01 06:22
LAB732680,ENC113815,PT10383,CREAT,Creatinine,1.06,mg/dL,0.6,1.3,N,STAT,2025-04-01 06:07,2025-04-01 06:12,2025-04-01 06:46
LAB732681,ENC113815,PT10383,WBC,White Blood Cell Count,7.5,K/uL,4.5,11,N,STAT,2025-04-01 06:26,2025-04-01 06:41,2025-04-01 07:51
LAB732682,ENC113815,PT10383,HGB,Hemoglobin,12.1,g/dL,12,17.5,N,STAT,2025-04-01 06:43,2025-04-01 07:11,2025-04-01 07:52
LAB732683,ENC113816,PT13838,GLU,Glucose,175,mg/dL,70,99,H,STAT,2025-04-01 11:01,2025-04-01 11:21,2025-04-01 12:25
LAB732684,ENC113816,PT13838,CREAT,Creatinine,0.92,mg/dL,0.6,1.3,N,STAT,2025-04-01 10:49,2025-04-01 10:57,2025-04-01 11:29
LAB732685,ENC113816,PT13838,WBC,White Blood Cell Count,4.1,K/uL,4.5,11,L,STAT,2025-04-01 10:34,2025-04-01 10:55,2025-04-01 12:16
LAB732686,ENC113816,PT13838,HGB,Hemoglobin,15.1,g/dL,12,17.5,N,Routine,2025-04-01 10:31,2025-04-01 10:49,2025-04-01 12:36
LAB732687,ENC113818,PT12361,LDL,LDL Cholesterol,159,mg/dL,0,99,H,Routine,2025-04-01 09:10,2025-04-01 09:41,2025-04-01 23:55
LAB732688,ENC113818,PT12361,A1C,Hemoglobin A1c,6.8,%,4,5.6,H,Routine,2025-04-01 09:18,2025-04-01 09:45,2025-04-02 04:15
LAB732689,ENC113819,PT10914,WBC,White Blood Cell Count,11.7,K/uL,4.5,11,H,Routine,2025-04-01 09:18,2025-04-01 09:32,2025-04-01 12:09
LAB732690,ENC113819,PT10914,HGB,Hemoglobin,13.6,g/dL,12,17.5,N,Routine,2025-04-01 09:08,2025-04-01 09:43,2025-04-01 15:38
LAB732691,ENC113819,PT10914,PLT,Platelet Count,256,K/uL,150,400,N,Routine,2025-04-01 09:27,2025-04-01 09:44,2025-04-01 12:02
LAB732692,ENC113822,PT11026,A1C,Hemoglobin A1c,11.2,%,4,5.6,H,Routine,2025-04-01 10:05,2025-04-01 10:12,2025-04-01 17:27
LAB732693,ENC113822,PT11026,GLU,Glucose,150,mg/dL,70,99,H,Routine,2025-04-01 10:28,2025-04-01 10:38,2025-04-01 14:11
LAB732694,ENC113822,PT11026,CREAT,Creatinine,0.96,mg/dL,0.6,1.3,N,Routine,2025-04-01 10:28,2025-04-01 10:45,2025-04-01 14:13
LAB732695,ENC113824,PT12343,WBC,White Blood Cell Count,5.9,K/uL,4.5,11,N,Routine,2025-04-01 10:45,2025-04-01 10:55,2025-04-01 13:45
LAB732696,ENC113824,PT12343,HGB,Hemoglobin,14.3,g/dL,12,17.5,N,Routine,2025-04-01 10:39,2025-04-01 11:00,2025-04-01 17:18
LAB732697,ENC113824,PT12343,PLT,Platelet Count,419,K/uL,150,400,H,Routine,2025-04-01 10:35,2025-04-01 11:09,2025-04-01 13:12
LAB732698,ENC113825,PT12137,A1C,Hemoglobin A1c,7.3,%,4,5.6,H,Routine,2025-04-01 11:23,2025-04-01 11:52,2025-04-01 21:25
LAB732699,ENC113826,PT11469,LDL,LDL Cholesterol,105,mg/dL,0,99,H,Routine,2025-04-01 11:36,2025-04-01 11:41,2025-04-02 00:12
LAB732700,ENC113828,PT10971,GLU,Glucose,164,mg/dL,70,99,H,Routine,2025-04-01 15:06,2025-04-01 15:17,2025-04-01 18:06
LAB732701,ENC113828,PT10971,CREAT,Creatinine,0.98,mg/dL,0.6,1.3,N,Routine,2025-04-01 15:05,2025-04-01 15:35,2025-04-01 17:53
LAB732702,ENC113828,PT10971,WBC,White Blood Cell Count,5.9,K/uL,4.5,11,N,STAT,2025-04-01 15:06,2025-04-01 15:14,2025-04-01 16:06
LAB732703,ENC113828,PT10971,HGB,Hemoglobin,14.5,g/dL,12,17.5,N,STAT,2025-04-01 14:55,2025-04-01 15:08,2025-04-01 15:34
LAB732704,ENC113828,PT10971,INR,Prothrombin Time INR,0.8,ratio,0.8,1.2,N,Routine,2025-04-01 15:06,2025-04-01 15:12,2025-04-01 18:50
LAB732705,ENC113829,PT13053,GLU,Glucose,108,mg/dL,70,99,H,STAT,2025-04-01 15:59,2025-04-01 16:15,2025-04-01 17:09
LAB732706,ENC113829,PT13053,CREAT,Creatinine,1.19,mg/dL,0.6,1.3,N,Routine,2025-04-01 15:21,2025-04-01 15:56,2025-04-01 16:56
LAB732707,ENC113829,PT13053,WBC,White Blood Cell Count,7.2,K/uL,4.5,11,N,Routine,2025-04-01 15:55,2025-04-01 16:09,2025-04-01 18:42
LAB732708,ENC113829,PT13053,HGB,Hemoglobin,12.8,g/dL,12,17.5,N,STAT,2025-04-01 15:50,2025-04-01 16:06,2025-04-01 16:49
LAB732709,ENC113829,PT13053,INR,Prothrombin Time INR,1,ratio,0.8,1.2,N,STAT,2025-04-01 15:55,2025-04-01 16:04,2025-04-01 17:46
LAB732710,ENC113831,PT10417,GLU,Glucose,83,mg/dL,70,99,N,STAT,2025-04-01 17:32,2025-04-01 17:55,2025-04-01 18:20
LAB732711,ENC113831,PT10417,CREAT,Creatinine,1.01,mg/dL,0.6,1.3,N,Routine,2025-04-01 17:05,2025-04-01 17:10,2025-04-01 21:47
LAB732712,ENC113831,PT10417,WBC,White Blood Cell Count,7.8,K/uL,4.5,11,N,STAT,2025-04-01 17:19,2025-04-01 17:47,2025-04-01 18:48
LAB732713,ENC113831,PT10417,HGB,Hemoglobin,12.8,g/dL,12,17.5,N,STAT,2025-04-01 16:41,2025-04-01 17:06,2025-04-01 18:18
LAB732714,ENC113834,PT12741,GLU,Glucose,68,mg/dL,70,99,L,Routine,2025-04-01 15:11,2025-04-01 15:19,2025-04-01 18:04
LAB732715,ENC113834,PT12741,CREAT,Creatinine,1.26,mg/dL,0.6,1.3,N,STAT,2025-04-01 15:06,2025-04-01 15:33,2025-04-01 16:12
LAB732716,ENC113834,PT12741,WBC,White Blood Cell Count,5.1,K/uL,4.5,11,N,STAT,2025-04-01 15:18,2025-04-01 15:37,2025-04-01 16:16
LAB732717,ENC113834,PT12741,HGB,Hemoglobin,14.7,g/dL,12,17.5,N,STAT,2025-04-01 15:06,2025-04-01 15:41,2025-04-01 16:23
LAB732718,ENC113834,PT12741,NA,Sodium,138,mmol/L,136,145,N,Routine,2025-04-01 15:14,2025-04-01 15:32,2025-04-02 01:02
LAB732719,ENC113834,PT12741,K,Potassium,4.2,mmol/L,3.5,5.1,N,STAT,2025-04-01 15:54,2025-04-01 16:06,2025-04-01 16:42
LAB732720,ENC113835,PT10814,LDL,LDL Cholesterol,205,mg/dL,0,99,H,Routine,2025-04-01 15:39,2025-04-01 15:51,2025-04-03 17:51
LAB732721,ENC113835,PT10814,A1C,Hemoglobin A1c,5.7,%,4,5.6,H,Routine,2025-04-01 15:41,2025-04-01 16:00,2025-04-02 20:28
LAB732722,ENC113837,PT12254,GLU,Glucose,98,mg/dL,70,99,N,Routine,2025-04-01 17:01,2025-04-01 17:33,2025-04-01 23:12
LAB732723,ENC113837,PT12254,CREAT,Creatinine,1.83,mg/dL,0.6,1.3,H,STAT,2025-04-01 16:38,2025-04-01 16:48,2025-04-01 17:51
LAB732724,ENC113837,PT12254,WBC,White Blood Cell Count,17,K/uL,4.5,11,H,STAT,2025-04-01 16:25,2025-04-01 16:35,2025-04-01 17:26
LAB732725,ENC113837,PT12254,HGB,Hemoglobin,11.2,g/dL,12,17.5,L,STAT,2025-04-01 16:40,2025-04-01 16:54,2025-04-01 17:51
LAB732726,ENC113837,PT12254,NA,Sodium,137,mmol/L,136,145,N,STAT,2025-04-01 16:34,2025-04-01 16:56,2025-04-01 17:35
LAB732727,ENC113837,PT12254,K,Potassium,3.7,mmol/L,3.5,5.1,N,STAT,2025-04-01 16:30,2025-04-01 17:02,2025-04-01 17:28
LAB732728,ENC113838,PT10597,LDL,LDL Cholesterol,127,mg/dL,0,99,H,Routine,2025-04-01 16:34,2025-04-01 16:42,2025-04-02 12:05
LAB732729,ENC113838,PT10597,TSH,Thyroid Stimulating Hormone,0.27,mIU/L,0.4,4,L,Routine,2025-04-01 16:28,2025-04-01 17:01,2025-04-02 05:34
LAB732730,ENC113839,PT11600,GLU,Glucose,102,mg/dL,70,99,H,STAT,2025-04-01 17:01,2025-04-01 17:21,2025-04-01 17:52
LAB732731,ENC113839,PT11600,CREAT,Creatinine,0.81,mg/dL,0.6,1.3,N,Routine,2025-04-01 17:15,2025-04-01 17:25,2025-04-01 22:05
LAB732732,ENC113839,PT11600,WBC,White Blood Cell Count,16.6,K/uL,4.5,11,H,STAT,2025-04-01 17:29,2025-04-01 17:36,2025-04-01 18:49
LAB732733,ENC113839,PT11600,HGB,Hemoglobin,13.1,g/dL,12,17.5,N,STAT,2025-04-01 16:58,2025-04-01 17:24,2025-04-01 17:56
LAB732734,ENC113841,PT11096,GLU,Glucose,62,mg/dL,70,99,L,STAT,2025-04-01 21:20,2025-04-01 21:55,2025-04-01 23:18
LAB732735,ENC113841,PT11096,CREAT,Creatinine,1.1,mg/dL,0.6,1.3,N,STAT,2025-04-01 20:21,2025-04-01 20:35,2025-04-01 21:05
LAB732736,ENC113841,PT11096,WBC,White Blood Cell Count,10.6,K/uL,4.5,11,N,Routine,2025-04-01 20:22,2025-04-01 20:27,2025-04-01 23:56
LAB732737,ENC113841,PT11096,INR,Prothrombin Time INR,1,ratio,0.8,1.2,N,STAT,2025-04-01 20:56,2025-04-01 21:30,2025-04-01 22:01
LAB732738,ENC113842,PT13959,GLU,Glucose,83,mg/dL,70,99,N,STAT,2025-04-01 20:51,2025-04-01 21:13,2025-04-01 22:38
LAB732739,ENC113842,PT13959,CREAT,Creatinine,0.78,mg/dL,0.6,1.3,N,Routine,2025-04-01 20:20,2025-04-01 20:44,2025-04-02 00:50
LAB732740,ENC113842,PT13959,WBC,White Blood Cell Count,8.4,K/uL,4.5,11,N,STAT,2025-04-01 21:16,2025-04-01 21:25,2025-04-01 22:13
LAB732741,ENC113842,PT13959,TROP,"Troponin I, High Sensitivity",4,ng/L,0,34,N,STAT,2025-04-01 21:04,2025-04-01 21:21,2025-04-01 22:19
LAB732742,ENC113845,PT13941,GLU,Glucose,108,mg/dL,70,99,H,STAT,2025-04-02 00:27,2025-04-02 00:52,2025-04-02 02:15
LAB732743,ENC113845,PT13941,CREAT,Creatinine,1.15,mg/dL,0.6,1.3,N,Routine,2025-04-02 00:06,2025-04-02 00:11,2025-04-02 02:47
LAB732744,ENC113845,PT13941,WBC,White Blood Cell Count,7,K/uL,4.5,11,N,STAT,2025-04-02 00:38,2025-04-02 01:03,2025-04-02 01:44
LAB732745,ENC113845,PT13941,HGB,Hemoglobin,15.9,g/dL,12,17.5,N,STAT,2025-04-01 23:46,2025-04-02 00:05,2025-04-02 01:18
LAB732746,ENC113846,PT10004,GLU,Glucose,92,mg/dL,70,99,N,Routine,2025-04-02 00:56,2025-04-02 01:12,2025-04-02 03:55
LAB732747,ENC113846,PT10004,CREAT,Creatinine,1.05,mg/dL,0.6,1.3,N,Routine,2025-04-02 01:37,2025-04-02 02:03,2025-04-02 02:57
LAB732748,ENC113846,PT10004,WBC,White Blood Cell Count,6.4,K/uL,4.5,11,N,Routine,2025-04-02 01:38,2025-04-02 01:49,2025-04-02 04:29
LAB732749,ENC113848,PT11018,GLU,Glucose,102,mg/dL,70,99,H,STAT,2025-04-02 12:07,2025-04-02 12:41,2025-04-02 13:57
LAB732750,ENC113848,PT11018,CREAT,Creatinine,1.12,mg/dL,0.6,1.3,N,STAT,2025-04-02 13:16,2025-04-02 13:27,2025-04-02 14:31
LAB732751,ENC113848,PT11018,WBC,White Blood Cell Count,8.6,K/uL,4.5,11,N,Routine,2025-04-02 12:29,2025-04-02 12:40,2025-04-02 15:17
LAB732752,ENC113848,PT11018,HGB,Hemoglobin,14.2,g/dL,12,17.5,N,Routine,2025-04-02 13:16,2025-04-02 13:39,2025-04-02 15:20
LAB732753,ENC113848,PT11018,NA,Sodium,138,mmol/L,136,145,N,Routine,2025-04-02 13:07,2025-04-02 13:16,2025-04-02 16:11
LAB732754,ENC113848,PT11018,K,Potassium,3.6,mmol/L,3.5,5.1,N,STAT,2025-04-02 12:51,2025-04-02 13:00,2025-04-02 13:50
LAB732755,ENC113848,PT11018,TROP,"Troponin I, High Sensitivity",4,ng/L,0,34,N,STAT,2025-04-02 12:37,2025-04-02 12:53,2025-04-02 13:46
LAB732756,ENC113848,PT11018,BNP,B-Type Natriuretic Peptide,1427,pg/mL,0,100,H,Routine,2025-04-02 12:42,2025-04-02 12:51,2025-04-02 15:40
LAB732757,ENC113855,PT12671,GLU,Glucose,134,mg/dL,70,99,H,Routine,2025-04-02 12:48,2025-04-02 13:00,2025-04-02 17:42
LAB732758,ENC113855,PT12671,CREAT,Creatinine,0.75,mg/dL,0.6,1.3,N,Routine,2025-04-02 12:10,2025-04-02 12:24,2025-04-02 14:52
LAB732759,ENC113855,PT12671,WBC,White Blood Cell Count,9.8,K/uL,4.5,11,N,STAT,2025-04-02 12:42,2025-04-02 13:14,2025-04-02 13:59
LAB732760,ENC113855,PT12671,HGB,Hemoglobin,10.8,g/dL,12,17.5,L,STAT,2025-04-02 12:55,2025-04-02 13:17,2025-04-02 13:47
LAB732761,ENC113857,PT11372,GLU,Glucose,90,mg/dL,70,99,N,Routine,2025-04-02 12:53,2025-04-02 13:27,2025-04-02 17:37
LAB732762,ENC113857,PT11372,CREAT,Creatinine,1.27,mg/dL,0.6,1.3,N,Routine,2025-04-02 12:14,2025-04-02 12:21,2025-04-02 14:13
LAB732763,ENC113857,PT11372,WBC,White Blood Cell Count,8.4,K/uL,4.5,11,N,STAT,2025-04-02 12:34,2025-04-02 13:01,2025-04-02 13:23
LAB732764,ENC113857,PT11372,HGB,Hemoglobin,13.4,g/dL,12,17.5,N,Routine,2025-04-02 12:56,2025-04-02 13:27,2025-04-02 18:33
LAB732765,ENC113858,PT11093,GLU,Glucose,208,mg/dL,70,99,H,STAT,2025-04-02 12:32,2025-04-02 12:43,2025-04-02 13:27
LAB732766,ENC113858,PT11093,CREAT,Creatinine,0.89,mg/dL,0.6,1.3,N,Routine,2025-04-02 12:22,2025-04-02 12:29,2025-04-02 15:23
LAB732767,ENC113859,PT13774,GLU,Glucose,129,mg/dL,70,99,H,Routine,2025-04-02 18:40,2025-04-02 19:14,2025-04-02 21:35
LAB732768,ENC113859,PT13774,CREAT,Creatinine,2.75,mg/dL,0.6,1.3,H,Routine,2025-04-02 18:36,2025-04-02 18:48,2025-04-02 22:25
LAB732769,ENC113859,PT13774,WBC,White Blood Cell Count,5.9,K/uL,4.5,11,N,STAT,2025-04-02 18:08,2025-04-02 18:20,2025-04-02 18:42
LAB732770,ENC113859,PT13774,HGB,Hemoglobin,10.8,g/dL,12,17.5,L,STAT,2025-04-02 18:15,2025-04-02 18:39,2025-04-02 19:17
LAB732771,ENC113859,PT13774,NA,Sodium,136,mmol/L,136,145,N,Routine,2025-04-02 18:26,2025-04-02 18:46,2025-04-02 20:35
LAB732772,ENC113859,PT13774,K,Potassium,6,mmol/L,3.5,5.1,H,STAT,2025-04-02 17:55,2025-04-02 18:14,2025-04-02 18:48
LAB732773,ENC113860,PT12526,GLU,Glucose,168,mg/dL,70,99,H,STAT,2025-04-02 16:06,2025-04-02 16:35,2025-04-02 17:03
LAB732774,ENC113860,PT12526,CREAT,Creatinine,0.97,mg/dL,0.6,1.3,N,STAT,2025-04-02 16:12,2025-04-02 16:38,2025-04-02 17:53
LAB732775,ENC113860,PT12526,WBC,White Blood Cell Count,4.5,K/uL,4.5,11,N,Routine,2025-04-02 16:24,2025-04-02 16:54,2025-04-02 19:04
LAB732776,ENC113860,PT12526,HGB,Hemoglobin,10.1,g/dL,12,17.5,L,STAT,2025-04-02 16:06,2025-04-02 16:30,2025-04-02 17:18
LAB732777,ENC113860,PT12526,INR,Prothrombin Time INR,1,ratio,0.8,1.2,N,Routine,2025-04-02 16:20,2025-04-02 16:44,2025-04-03 01:11
LAB732778,ENC113862,PT12026,LDL,LDL Cholesterol,139,mg/dL,0,99,H,Routine,2025-04-02 13:45,2025-04-02 14:14,2025-04-02 19:10
LAB732779,ENC113862,PT12026,TSH,Thyroid Stimulating Hormone,2.85,mIU/L,0.4,4,N,Routine,2025-04-02 13:39,2025-04-02 13:43,2025-04-03 05:20
LAB732780,ENC113863,PT13234,GLU,Glucose,175,mg/dL,70,99,H,STAT,2025-04-02 17:32,2025-04-02 17:46,2025-04-02 18:58
LAB732781,ENC113863,PT13234,CREAT,Creatinine,1.26,mg/dL,0.6,1.3,N,STAT,2025-04-02 18:19,2025-04-02 18:41,2025-04-02 19:22
LAB732782,ENC113863,PT13234,WBC,White Blood Cell Count,7.1,K/uL,4.5,11,N,STAT,2025-04-02 18:30,2025-04-02 18:46,2025-04-02 19:57
LAB732783,ENC113863,PT13234,HGB,Hemoglobin,16.5,g/dL,12,17.5,N,Routine,2025-04-02 18:13,2025-04-02 18:25,2025-04-02 20:11
LAB732784,ENC113863,PT13234,BUN,Blood Urea Nitrogen,20,mg/dL,7,20,N,STAT,2025-04-02 17:38,2025-04-02 17:48,2025-04-02 18:10
LAB732785,ENC113863,PT13234,PLT,Platelet Count,208,K/uL,150,400,N,Routine,2025-04-02 17:53,2025-04-02 18:25,2025-04-02 21:06
LAB732786,ENC113864,PT13437,A1C,Hemoglobin A1c,5.1,%,4,5.6,N,Routine,2025-04-02 13:37,2025-04-02 13:57,2025-04-02 23:20
LAB732787,ENC113865,PT12220,LDL,LDL Cholesterol,169,mg/dL,0,99,H,Routine,2025-04-02 14:11,2025-04-02 14:35,2025-04-03 12:31
LAB732788,ENC113865,PT12220,A1C,Hemoglobin A1c,9.5,%,4,5.6,H,Routine,2025-04-02 13:58,2025-04-02 14:09,2025-04-03 04:33
LAB732789,ENC113868,PT11644,GLU,Glucose,127,mg/dL,70,99,H,STAT,2025-04-02 18:26,2025-04-02 18:59,2025-04-02 19:49
LAB732790,ENC113868,PT11644,CREAT,Creatinine,1.48,mg/dL,0.6,1.3,H,Routine,2025-04-02 18:08,2025-04-02 18:29,2025-04-02 19:56
LAB732791,ENC113868,PT11644,WBC,White Blood Cell Count,6,K/uL,4.5,11,N,Routine,2025-04-02 17:38,2025-04-02 17:46,2025-04-02 21:26
LAB732792,ENC113868,PT11644,HGB,Hemoglobin,11.2,g/dL,12,17.5,L,Routine,2025-04-02 18:22,2025-04-02 18:36,2025-04-02 20:11
LAB732793,ENC113868,PT11644,NA,Sodium,139,mmol/L,136,145,N,STAT,2025-04-02 17:53,2025-04-02 18:13,2025-04-02 19:24
LAB732794,ENC113868,PT11644,K,Potassium,4.7,mmol/L,3.5,5.1,N,STAT,2025-04-02 18:22,2025-04-02 18:30,2025-04-02 19:48
LAB732795,ENC113871,PT13788,LDL,LDL Cholesterol,171,mg/dL,0,99,H,Routine,2025-04-02 16:19,2025-04-02 16:49,2025-04-03 15:05
LAB732796,ENC113871,PT13788,A1C,Hemoglobin A1c,7.8,%,4,5.6,H,Routine,2025-04-02 16:13,2025-04-02 16:42,2025-04-03 08:02
LAB732797,ENC113874,PT13116,GLU,Glucose,134,mg/dL,70,99,H,Routine,2025-04-02 22:59,2025-04-02 23:07,2025-04-03 02:52
LAB732798,ENC113874,PT13116,CREAT,Creatinine,0.9,mg/dL,0.6,1.3,N,Routine,2025-04-02 22:54,2025-04-02 22:59,2025-04-03 03:39
LAB732799,ENC113874,PT13116,WBC,White Blood Cell Count,6,K/uL,4.5,11,N,STAT,2025-04-02 22:49,2025-04-02 22:56,2025-04-02 23:26
LAB732800,ENC113874,PT13116,HGB,Hemoglobin,9.6,g/dL,12,17.5,L,STAT,2025-04-02 23:06,2025-04-02 23:19,2025-04-02 23:56
LAB732801,ENC113874,PT13116,NA,Sodium,137,mmol/L,136,145,N,STAT,2025-04-02 22:06,2025-04-02 22:24,2025-04-02 23:03
LAB732802,ENC113874,PT13116,K,Potassium,3.8,mmol/L,3.5,5.1,N,STAT,2025-04-02 22:37,2025-04-02 23:08,2025-04-03 00:04
LAB732803,ENC113876,PT10141,GLU,Glucose,110,mg/dL,70,99,H,Routine,2025-04-02 23:46,2025-04-03 00:09,2025-04-03 01:57
LAB732804,ENC113876,PT10141,CREAT,Creatinine,1.07,mg/dL,0.6,1.3,N,STAT,2025-04-02 23:53,2025-04-03 00:05,2025-04-03 00:54
LAB732805,ENC113876,PT10141,WBC,White Blood Cell Count,7.3,K/uL,4.5,11,N,Routine,2025-04-02 23:25,2025-04-02 23:41,2025-04-03 03:18
LAB732806,ENC113876,PT10141,HGB,Hemoglobin,10.9,g/dL,12,17.5,L,Routine,2025-04-02 23:33,2025-04-02 23:45,2025-04-03 02:24
LAB732807,ENC113876,PT10141,TROP,"Troponin I, High Sensitivity",9,ng/L,0,34,N,STAT,2025-04-02 23:02,2025-04-02 23:29,2025-04-03 00:09
LAB732808,ENC113877,PT13906,GLU,Glucose,168,mg/dL,70,99,H,STAT,2025-04-02 21:39,2025-04-02 21:56,2025-04-02 22:58
LAB732809,ENC113877,PT13906,CREAT,Creatinine,1.15,mg/dL,0.6,1.3,N,STAT,2025-04-02 21:37,2025-04-02 22:12,2025-04-02 23:02
LAB732810,ENC113877,PT13906,WBC,White Blood Cell Count,11.2,K/uL,4.5,11,H,STAT,2025-04-02 21:42,2025-04-02 22:02,2025-04-02 22:59
LAB732811,ENC113877,PT13906,HGB,Hemoglobin,16.5,g/dL,12,17.5,N,STAT,2025-04-02 21:20,2025-04-02 21:30,2025-04-02 22:12
LAB732812,ENC113877,PT13906,LACT,Lactate,3.7,mmol/L,0.5,2,H,STAT,2025-04-02 21:07,2025-04-02 21:18,2025-04-02 21:52
LAB732813,ENC113878,PT10093,GLU,Glucose,96,mg/dL,70,99,N,STAT,2025-04-03 03:27,2025-04-03 04:00,2025-04-03 04:57
LAB732814,ENC113878,PT10093,CREAT,Creatinine,0.83,mg/dL,0.6,1.3,N,STAT,2025-04-03 03:08,2025-04-03 03:37,2025-04-03 03:58
LAB732815,ENC113878,PT10093,WBC,White Blood Cell Count,15.2,K/uL,4.5,11,H,STAT,2025-04-03 02:37,2025-04-03 02:59,2025-04-03 04:29
LAB732816,ENC113878,PT10093,HGB,Hemoglobin,13.4,g/dL,12,17.5,N,STAT,2025-04-03 02:55,2025-04-03 03:00,2025-04-03 03:36
LAB732817,ENC113879,PT13119,GLU,Glucose,107,mg/dL,70,99,H,STAT,2025-04-02 23:30,2025-04-02 23:54,2025-04-03 00:40
LAB732818,ENC113879,PT13119,CREAT,Creatinine,1.09,mg/dL,0.6,1.3,N,Routine,2025-04-02 22:33,2025-04-02 23:04,2025-04-03 02:40
LAB732819,ENC113880,PT12330,GLU,Glucose,103,mg/dL,70,99,H,STAT,2025-04-03 01:48,2025-04-03 02:21,2025-04-03 03:11
LAB732820,ENC113880,PT12330,CREAT,Creatinine,1.04,mg/dL,0.6,1.3,N,STAT,2025-04-03 02:20,2025-04-03 02:27,2025-04-03 03:27
LAB732821,ENC113880,PT12330,WBC,White Blood Cell Count,6.2,K/uL,4.5,11,N,STAT,2025-04-03 02:45,2025-04-03 03:18,2025-04-03 03:47
LAB732822,ENC113880,PT12330,HGB,Hemoglobin,11.3,g/dL,12,17.5,L,STAT,2025-04-03 01:56,2025-04-03 02:08,2025-04-03 02:34
LAB732823,ENC113880,PT12330,LACT,Lactate,2.7,mmol/L,0.5,2,H,STAT,2025-04-03 01:52,2025-04-03 02:06,2025-04-03 02:42
LAB732824,ENC113881,PT10221,GLU,Glucose,92,mg/dL,70,99,N,Routine,2025-04-02 23:13,2025-04-02 23:35,2025-04-03 01:05
LAB732825,ENC113881,PT10221,CREAT,Creatinine,1.21,mg/dL,0.6,1.3,N,STAT,2025-04-02 23:31,2025-04-02 23:59,2025-04-03 01:29
LAB732826,ENC113881,PT10221,WBC,White Blood Cell Count,7.4,K/uL,4.5,11,N,STAT,2025-04-02 23:28,2025-04-03 00:01,2025-04-03 01:23
LAB732827,ENC113881,PT10221,HGB,Hemoglobin,12.7,g/dL,12,17.5,N,STAT,2025-04-03 00:19,2025-04-03 00:26,2025-04-03 01:03
LAB732828,ENC113882,PT10898,GLU,Glucose,102,mg/dL,70,99,H,STAT,2025-04-03 02:29,2025-04-03 02:45,2025-04-03 03:25
LAB732829,ENC113882,PT10898,CREAT,Creatinine,0.93,mg/dL,0.6,1.3,N,STAT,2025-04-03 02:24,2025-04-03 02:58,2025-04-03 03:32
LAB732830,ENC113882,PT10898,WBC,White Blood Cell Count,13.9,K/uL,4.5,11,H,Routine,2025-04-03 02:46,2025-04-03 03:02,2025-04-03 06:55
LAB732831,ENC113882,PT10898,HGB,Hemoglobin,14.1,g/dL,12,17.5,N,STAT,2025-04-03 03:24,2025-04-03 03:41,2025-04-03 04:24
LAB732832,ENC113883,PT10506,GLU,Glucose,105,mg/dL,70,99,H,STAT,2025-04-03 05:16,2025-04-03 05:35,2025-04-03 06:29
LAB732833,ENC113883,PT10506,CREAT,Creatinine,0.85,mg/dL,0.6,1.3,N,Routine,2025-04-03 05:13,2025-04-03 05:36,2025-04-03 10:02
LAB732834,ENC113883,PT10506,WBC,White Blood Cell Count,11,K/uL,4.5,11,N,STAT,2025-04-03 05:05,2025-04-03 05:11,2025-04-03 06:28
LAB732835,ENC113883,PT10506,HGB,Hemoglobin,14.5,g/dL,12,17.5,N,STAT,2025-04-03 05:25,2025-04-03 05:43,2025-04-03 06:28
LAB732836,ENC113883,PT10506,BUN,Blood Urea Nitrogen,18,mg/dL,7,20,N,Routine,2025-04-03 05:24,2025-04-03 05:54,2025-04-03 09:01
LAB732837,ENC113883,PT10506,PLT,Platelet Count,135,K/uL,150,400,L,Routine,2025-04-03 05:55,2025-04-03 06:29,2025-04-03 07:53
LAB732838,ENC113884,PT10123,GLU,Glucose,118,mg/dL,70,99,H,STAT,2025-04-03 07:45,2025-04-03 07:52,2025-04-03 08:24
LAB732839,ENC113884,PT10123,CREAT,Creatinine,0.89,mg/dL,0.6,1.3,N,STAT,2025-04-03 07:51,2025-04-03 07:56,2025-04-03 08:29
LAB732840,ENC113884,PT10123,WBC,White Blood Cell Count,7,K/uL,4.5,11,N,Routine,2025-04-03 07:58,2025-04-03 08:24,2025-04-03 12:21
LAB732841,ENC113884,PT10123,HGB,Hemoglobin,13.7,g/dL,12,17.5,N,Routine,2025-04-03 08:05,2025-04-03 08:31,2025-04-03 18:31
LAB732842,ENC113884,PT10123,NA,Sodium,141,mmol/L,136,145,N,Routine,2025-04-03 07:40,2025-04-03 08:14,2025-04-03 11:47
LAB732843,ENC113884,PT10123,K,Potassium,4.4,mmol/L,3.5,5.1,N,STAT,2025-04-03 07:43,2025-04-03 07:59,2025-04-03 09:00
LAB732844,ENC113884,PT10123,INR,Prothrombin Time INR,1.2,ratio,0.8,1.2,N,STAT,2025-04-03 07:40,2025-04-03 08:15,2025-04-03 09:41
LAB732845,ENC113885,PT10341,GLU,Glucose,81,mg/dL,70,99,N,Routine,2025-04-03 03:56,2025-04-03 04:10,2025-04-03 10:01
LAB732846,ENC113885,PT10341,CREAT,Creatinine,1.01,mg/dL,0.6,1.3,N,Routine,2025-04-03 03:23,2025-04-03 03:38,2025-04-03 07:00
LAB732847,ENC113885,PT10341,WBC,White Blood Cell Count,7.4,K/uL,4.5,11,N,Routine,2025-04-03 03:07,2025-04-03 03:40,2025-04-03 06:58
LAB732848,ENC113885,PT10341,HGB,Hemoglobin,13.6,g/dL,12,17.5,N,STAT,2025-04-03 03:16,2025-04-03 03:49,2025-04-03 04:25
LAB732849,ENC113886,PT10721,GLU,Glucose,87,mg/dL,70,99,N,Routine,2025-04-03 06:58,2025-04-03 07:16,2025-04-03 08:51
LAB732850,ENC113886,PT10721,CREAT,Creatinine,0.79,mg/dL,0.6,1.3,N,STAT,2025-04-03 07:02,2025-04-03 07:33,2025-04-03 08:23
LAB732851,ENC113886,PT10721,WBC,White Blood Cell Count,8,K/uL,4.5,11,N,STAT,2025-04-03 06:35,2025-04-03 06:39,2025-04-03 07:16
LAB732852,ENC113886,PT10721,HGB,Hemoglobin,11.8,g/dL,12,17.5,L,Routine,2025-04-03 06:04,2025-04-03 06:09,2025-04-03 07:53
LAB732853,ENC113886,PT10721,NA,Sodium,135,mmol/L,136,145,L,STAT,2025-04-03 06:38,2025-04-03 06:54,2025-04-03 07:26
LAB732854,ENC113886,PT10721,K,Potassium,4.1,mmol/L,3.5,5.1,N,STAT,2025-04-03 06:20,2025-04-03 06:35,2025-04-03 07:20
LAB732855,ENC113887,PT12564,GLU,Glucose,116,mg/dL,70,99,H,Routine,2025-04-03 06:24,2025-04-03 06:54,2025-04-03 10:22
LAB732856,ENC113887,PT12564,CREAT,Creatinine,0.71,mg/dL,0.6,1.3,N,STAT,2025-04-03 06:15,2025-04-03 06:37,2025-04-03 07:07
LAB732857,ENC113887,PT12564,WBC,White Blood Cell Count,8.7,K/uL,4.5,11,N,Routine,2025-04-03 06:39,2025-04-03 07:08,2025-04-03 10:11
LAB732858,ENC113887,PT12564,HGB,Hemoglobin,13.2,g/dL,12,17.5,N,STAT,2025-04-03 07:19,2025-04-03 07:51,2025-04-03 08:44
LAB732859,ENC113888,PT12841,GLU,Glucose,321,mg/dL,70,99,H,Routine,2025-04-03 10:05,2025-04-03 10:32,2025-04-03 13:47
LAB732860,ENC113888,PT12841,CREAT,Creatinine,0.93,mg/dL,0.6,1.3,N,STAT,2025-04-03 10:28,2025-04-03 10:41,2025-04-03 11:38
LAB732861,ENC113888,PT12841,WBC,White Blood Cell Count,5,K/uL,4.5,11,N,STAT,2025-04-03 10:17,2025-04-03 10:22,2025-04-03 11:01
LAB732862,ENC113888,PT12841,HGB,Hemoglobin,14,g/dL,12,17.5,N,Routine,2025-04-03 10:57,2025-04-03 11:18,2025-04-03 16:50
LAB732863,ENC113888,PT12841,NA,Sodium,143,mmol/L,136,145,N,STAT,2025-04-03 10:23,2025-04-03 10:27,2025-04-03 11:07
LAB732864,ENC113888,PT12841,K,Potassium,4.5,mmol/L,3.5,5.1,N,STAT,2025-04-03 10:33,2025-04-03 10:48,2025-04-03 11:02
LAB732865,ENC113889,PT10297,A1C,Hemoglobin A1c,10.5,%,4,5.6,H,Routine,2025-04-03 08:42,2025-04-03 08:50,2025-04-04 00:22
LAB732866,ENC113889,PT10297,GLU,Glucose,248,mg/dL,70,99,H,Routine,2025-04-03 08:27,2025-04-03 09:00,2025-04-03 10:28
LAB732867,ENC113889,PT10297,CREAT,Creatinine,1.06,mg/dL,0.6,1.3,N,Routine,2025-04-03 08:35,2025-04-03 09:05,2025-04-03 10:49
LAB732868,ENC113890,PT11234,A1C,Hemoglobin A1c,6,%,4,5.6,H,Routine,2025-04-03 08:42,2025-04-03 08:46,2025-04-04 12:05
LAB732869,ENC113890,PT11234,GLU,Glucose,94,mg/dL,70,99,N,Routine,2025-04-03 08:53,2025-04-03 09:07,2025-04-03 13:59
LAB732870,ENC113890,PT11234,CREAT,Creatinine,0.66,mg/dL,0.6,1.3,N,Routine,2025-04-03 08:47,2025-04-03 08:51,2025-04-03 11:56
LAB732871,ENC113891,PT12651,GLU,Glucose,157,mg/dL,70,99,H,STAT,2025-04-03 12:59,2025-04-03 13:27,2025-04-03 14:43
LAB732872,ENC113891,PT12651,CREAT,Creatinine,2.83,mg/dL,0.6,1.3,H,STAT,2025-04-03 13:15,2025-04-03 13:23,2025-04-03 13:45
LAB732873,ENC113891,PT12651,WBC,White Blood Cell Count,7.7,K/uL,4.5,11,N,Routine,2025-04-03 12:50,2025-04-03 13:24,2025-04-03 15:48
LAB732874,ENC113891,PT12651,HGB,Hemoglobin,13.4,g/dL,12,17.5,N,STAT,2025-04-03 12:33,2025-04-03 12:57,2025-04-03 13:27
LAB732875,ENC113891,PT12651,NA,Sodium,141,mmol/L,136,145,N,STAT,2025-04-03 12:52,2025-04-03 13:22,2025-04-03 14:09
LAB732876,ENC113891,PT12651,K,Potassium,6.1,mmol/L,3.5,5.1,H,STAT,2025-04-03 13:35,2025-04-03 13:52,2025-04-03 14:58
LAB732877,ENC113894,PT11934,GLU,Glucose,165,mg/dL,70,99,H,STAT,2025-04-03 11:37,2025-04-03 12:11,2025-04-03 12:50
LAB732878,ENC113894,PT11934,CREAT,Creatinine,1.19,mg/dL,0.6,1.3,N,STAT,2025-04-03 10:58,2025-04-03 11:09,2025-04-03 11:40
LAB732879,ENC113894,PT11934,WBC,White Blood Cell Count,8.7,K/uL,4.5,11,N,STAT,2025-04-03 11:01,2025-04-03 11:10,2025-04-03 12:00
LAB732880,ENC113895,PT13225,LDL,LDL Cholesterol,128,mg/dL,0,99,H,Routine,2025-04-03 11:27,2025-04-03 12:01,2025-04-04 07:31
LAB732881,ENC113895,PT13225,A1C,Hemoglobin A1c,6,%,4,5.6,H,Routine,2025-04-03 11:31,2025-04-03 11:59,2025-04-04 05:08
LAB732882,ENC113897,PT10676,LDL,LDL Cholesterol,100,mg/dL,0,99,H,Routine,2025-04-03 12:51,2025-04-03 13:03,2025-04-03 19:34
LAB732883,ENC113898,PT13953,GLU,Glucose,101,mg/dL,70,99,H,Routine,2025-04-03 15:12,2025-04-03 15:28,2025-04-03 21:08
LAB732884,ENC113898,PT13953,CREAT,Creatinine,0.73,mg/dL,0.6,1.3,N,STAT,2025-04-03 15:13,2025-04-03 15:22,2025-04-03 16:10
LAB732885,ENC113898,PT13953,WBC,White Blood Cell Count,8.7,K/uL,4.5,11,N,STAT,2025-04-03 15:34,2025-04-03 15:40,2025-04-03 16:17
LAB732886,ENC113898,PT13953,HGB,Hemoglobin,14.4,g/dL,12,17.5,N,STAT,2025-04-03 16:00,2025-04-03 16:06,2025-04-03 16:29
LAB732887,ENC113899,PT12535,LDL,LDL Cholesterol,66,mg/dL,0,99,N,Routine,2025-04-03 13:26,2025-04-03 13:44,2025-04-04 06:41
LAB732888,ENC113899,PT12535,A1C,Hemoglobin A1c,8.3,%,4,5.6,H,Routine,2025-04-03 13:07,2025-04-03 13:12,2025-04-04 00:01
LAB732889,ENC113901,PT11489,GLU,Glucose,232,mg/dL,70,99,H,STAT,2025-04-03 15:32,2025-04-03 15:49,2025-04-03 16:11
LAB732890,ENC113901,PT11489,CREAT,Creatinine,1.3,mg/dL,0.6,1.3,N,STAT,2025-04-03 15:39,2025-04-03 15:49,2025-04-03 16:42
LAB732891,ENC113901,PT11489,WBC,White Blood Cell Count,7.8,K/uL,4.5,11,N,STAT,2025-04-03 15:48,2025-04-03 15:57,2025-04-03 16:41
LAB732892,ENC113901,PT11489,HGB,Hemoglobin,14.6,g/dL,12,17.5,N,STAT,2025-04-03 15:25,2025-04-03 15:37,2025-04-03 16:23
LAB732893,ENC113901,PT11489,NA,Sodium,135,mmol/L,136,145,L,Routine,2025-04-03 16:23,2025-04-03 16:45,2025-04-03 19:34
LAB732894,ENC113901,PT11489,K,Potassium,3.7,mmol/L,3.5,5.1,N,STAT,2025-04-03 15:49,2025-04-03 15:58,2025-04-03 17:55
LAB732895,ENC113901,PT11489,BUN,Blood Urea Nitrogen,10,mg/dL,7,20,N,STAT,2025-04-03 16:12,2025-04-03 16:28,2025-04-03 16:49
LAB732896,ENC113901,PT11489,PLT,Platelet Count,206,K/uL,150,400,N,STAT,2025-04-03 16:23,2025-04-03 16:49,2025-04-03 17:41
LAB732897,ENC113902,PT12358,A1C,Hemoglobin A1c,5.5,%,4,5.6,N,Routine,2025-04-03 13:46,2025-04-03 13:59,2025-04-03 22:23
LAB732898,ENC113907,PT12556,GLU,Glucose,78,mg/dL,70,99,N,Routine,2025-04-03 19:26,2025-04-03 19:53,2025-04-03 22:12
LAB732899,ENC113907,PT12556,CREAT,Creatinine,0.9,mg/dL,0.6,1.3,N,STAT,2025-04-03 19:31,2025-04-03 20:06,2025-04-03 20:48
LAB732900,ENC113907,PT12556,WBC,White Blood Cell Count,4.6,K/uL,4.5,11,N,STAT,2025-04-03 19:09,2025-04-03 19:27,2025-04-03 20:36
LAB732901,ENC113907,PT12556,HGB,Hemoglobin,13,g/dL,12,17.5,N,STAT,2025-04-03 19:31,2025-04-03 19:57,2025-04-03 20:42
LAB732902,ENC113907,PT12556,TROP,"Troponin I, High Sensitivity",32,ng/L,0,34,N,STAT,2025-04-03 19:29,2025-04-03 19:39,2025-04-03 20:01
LAB732903,ENC113907,PT12556,BNP,B-Type Natriuretic Peptide,2333,pg/mL,0,100,H,STAT,2025-04-03 19:51,2025-04-03 20:20,2025-04-03 21:13
LAB732904,ENC113908,PT10394,GLU,Glucose,96,mg/dL,70,99,N,Routine,2025-04-03 22:13,2025-04-03 22:22,2025-04-03 23:58
LAB732905,ENC113908,PT10394,CREAT,Creatinine,0.97,mg/dL,0.6,1.3,N,Routine,2025-04-03 22:12,2025-04-03 22:32,2025-04-04 04:02
LAB732906,ENC113908,PT10394,WBC,White Blood Cell Count,6.6,K/uL,4.5,11,N,Routine,2025-04-03 22:12,2025-04-03 22:31,2025-04-04 00:39
LAB732907,ENC113908,PT10394,HGB,Hemoglobin,11.3,g/dL,12,17.5,L,STAT,2025-04-03 22:14,2025-04-03 22:49,2025-04-03 23:20
LAB732908,ENC113909,PT13338,GLU,Glucose,88,mg/dL,70,99,N,Routine,2025-04-03 19:21,2025-04-03 19:45,2025-04-03 21:49
LAB732909,ENC113909,PT13338,CREAT,Creatinine,0.82,mg/dL,0.6,1.3,N,Routine,2025-04-03 19:29,2025-04-03 19:53,2025-04-03 23:31
LAB732910,ENC113909,PT13338,WBC,White Blood Cell Count,6.3,K/uL,4.5,11,N,STAT,2025-04-03 19:27,2025-04-03 20:00,2025-04-03 20:30
LAB732911,ENC113911,PT12655,GLU,Glucose,120,mg/dL,70,99,H,STAT,2025-04-04 02:00,2025-04-04 02:35,2025-04-04 03:16
LAB732912,ENC113911,PT12655,CREAT,Creatinine,0.72,mg/dL,0.6,1.3,N,STAT,2025-04-04 01:56,2025-04-04 02:17,2025-04-04 02:53
LAB732913,ENC113911,PT12655,WBC,White Blood Cell Count,8.3,K/uL,4.5,11,N,STAT,2025-04-04 01:55,2025-04-04 02:09,2025-04-04 02:23
LAB732914,ENC113911,PT12655,HGB,Hemoglobin,14.2,g/dL,12,17.5,N,Routine,2025-04-04 01:29,2025-04-04 01:52,2025-04-04 05:49
LAB732915,ENC113911,PT12655,NA,Sodium,140,mmol/L,136,145,N,Routine,2025-04-04 01:22,2025-04-04 01:44,2025-04-04 05:44
LAB732916,ENC113911,PT12655,K,Potassium,4.5,mmol/L,3.5,5.1,N,STAT,2025-04-04 01:47,2025-04-04 02:05,2025-04-04 02:53
LAB732917,ENC113911,PT12655,TROP,"Troponin I, High Sensitivity",3066,ng/L,0,34,H,STAT,2025-04-04 01:27,2025-04-04 01:45,2025-04-04 02:40
LAB732918,ENC113912,PT10130,GLU,Glucose,93,mg/dL,70,99,N,Routine,2025-04-04 01:36,2025-04-04 01:59,2025-04-04 03:33
LAB732919,ENC113912,PT10130,CREAT,Creatinine,0.77,mg/dL,0.6,1.3,N,Routine,2025-04-04 00:51,2025-04-04 01:13,2025-04-04 04:13
LAB732920,ENC113912,PT10130,WBC,White Blood Cell Count,5.9,K/uL,4.5,11,N,Routine,2025-04-04 00:55,2025-04-04 01:27,2025-04-04 02:53
LAB732921,ENC113912,PT10130,HGB,Hemoglobin,12.6,g/dL,12,17.5,N,STAT,2025-04-04 01:23,2025-04-04 01:40,2025-04-04 02:45
LAB732922,ENC113912,PT10130,TROP,"Troponin I, High Sensitivity",235,ng/L,0,34,H,STAT,2025-04-04 01:02,2025-04-04 01:26,2025-04-04 02:39
LAB732923,ENC113913,PT13123,GLU,Glucose,144,mg/dL,70,99,H,Routine,2025-04-04 00:55,2025-04-04 01:28,2025-04-04 04:05
LAB732924,ENC113913,PT13123,CREAT,Creatinine,0.93,mg/dL,0.6,1.3,N,Routine,2025-04-04 01:25,2025-04-04 01:53,2025-04-04 04:09
LAB732925,ENC113913,PT13123,WBC,White Blood Cell Count,20.4,K/uL,4.5,11,H,Routine,2025-04-04 00:30,2025-04-04 00:55,2025-04-04 03:38
LAB732926,ENC113913,PT13123,HGB,Hemoglobin,10,g/dL,12,17.5,L,STAT,2025-04-04 01:18,2025-04-04 01:49,2025-04-04 03:42
LAB732927,ENC113913,PT13123,LACT,Lactate,2.8,mmol/L,0.5,2,H,STAT,2025-04-04 00:48,2025-04-04 01:13,2025-04-04 02:20
LAB732928,ENC113915,PT13528,GLU,Glucose,93,mg/dL,70,99,N,Routine,2025-04-04 00:05,2025-04-04 00:14,2025-04-04 04:51
LAB732929,ENC113915,PT13528,CREAT,Creatinine,0.92,mg/dL,0.6,1.3,N,STAT,2025-04-04 00:10,2025-04-04 00:18,2025-04-04 01:00
LAB732930,ENC113915,PT13528,WBC,White Blood Cell Count,11.3,K/uL,4.5,11,H,STAT,2025-04-04 00:40,2025-04-04 01:15,2025-04-04 01:37
LAB732931,ENC113915,PT13528,HGB,Hemoglobin,14.8,g/dL,12,17.5,N,STAT,2025-04-04 00:25,2025-04-04 01:00,2025-04-04 02:03
LAB732932,ENC113915,PT13528,NA,Sodium,141,mmol/L,136,145,N,STAT,2025-04-04 00:12,2025-04-04 00:17,2025-04-04 01:43
LAB732933,ENC113915,PT13528,K,Potassium,4.3,mmol/L,3.5,5.1,N,STAT,2025-04-04 00:47,2025-04-04 00:55,2025-04-04 01:47
LAB732934,ENC113915,PT13528,BUN,Blood Urea Nitrogen,19,mg/dL,7,20,N,Routine,2025-04-04 00:31,2025-04-04 01:05,2025-04-04 02:34
LAB732935,ENC113915,PT13528,PLT,Platelet Count,299,K/uL,150,400,N,STAT,2025-04-03 23:55,2025-04-04 00:01,2025-04-04 00:21
LAB732936,ENC113915,PT13528,TROP,"Troponin I, High Sensitivity",8,ng/L,0,34,N,STAT,2025-04-04 00:27,2025-04-04 00:45,2025-04-04 01:29
LAB732937,ENC113916,PT12345,GLU,Glucose,173,mg/dL,70,99,H,Routine,2025-04-04 08:05,2025-04-04 08:30,2025-04-04 20:02
LAB732938,ENC113916,PT12345,CREAT,Creatinine,1.03,mg/dL,0.6,1.3,N,Routine,2025-04-04 07:37,2025-04-04 07:53,2025-04-04 12:55
LAB732939,ENC113916,PT12345,WBC,White Blood Cell Count,8.3,K/uL,4.5,11,N,STAT,2025-04-04 07:51,2025-04-04 08:24,2025-04-04 09:07
LAB732940,ENC113916,PT12345,HGB,Hemoglobin,9.9,g/dL,12,17.5,L,STAT,2025-04-04 07:50,2025-04-04 08:19,2025-04-04 09:13
LAB732941,ENC113916,PT12345,TROP,"Troponin I, High Sensitivity",5,ng/L,0,34,N,STAT,2025-04-04 07:40,2025-04-04 07:55,2025-04-04 08:13
LAB732942,ENC113917,PT11070,GLU,Glucose,68,mg/dL,70,99,L,STAT,2025-04-04 08:50,2025-04-04 09:14,2025-04-04 10:17
LAB732943,ENC113917,PT11070,CREAT,Creatinine,1.05,mg/dL,0.6,1.3,N,Routine,2025-04-04 08:00,2025-04-04 08:27,2025-04-04 09:37
LAB732944,ENC113917,PT11070,WBC,White Blood Cell Count,7.9,K/uL,4.5,11,N,Routine,2025-04-04 08:29,2025-04-04 08:42,2025-04-04 14:17
LAB732945,ENC113917,PT11070,HGB,Hemoglobin,13.2,g/dL,12,17.5,N,STAT,2025-04-04 08:24,2025-04-04 08:42,2025-04-04 09:08
LAB732946,ENC113917,PT11070,BUN,Blood Urea Nitrogen,13,mg/dL,7,20,N,STAT,2025-04-04 08:31,2025-04-04 09:02,2025-04-04 10:14
LAB732947,ENC113917,PT11070,PLT,Platelet Count,260,K/uL,150,400,N,Routine,2025-04-04 08:06,2025-04-04 08:34,2025-04-04 10:33
LAB732948,ENC113919,PT12750,WBC,White Blood Cell Count,6.3,K/uL,4.5,11,N,Routine,2025-04-04 08:41,2025-04-04 08:55,2025-04-04 10:08
LAB732949,ENC113919,PT12750,HGB,Hemoglobin,15.2,g/dL,12,17.5,N,Routine,2025-04-04 08:25,2025-04-04 08:36,2025-04-04 09:45
LAB732950,ENC113919,PT12750,PLT,Platelet Count,258,K/uL,150,400,N,Routine,2025-04-04 08:26,2025-04-04 08:42,2025-04-04 11:33
LAB732951,ENC113921,PT13480,GLU,Glucose,95,mg/dL,70,99,N,Routine,2025-04-04 09:36,2025-04-04 10:03,2025-04-04 12:01
LAB732952,ENC113921,PT13480,CREAT,Creatinine,1.3,mg/dL,0.6,1.3,N,STAT,2025-04-04 08:56,2025-04-04 09:31,2025-04-04 10:13
LAB732953,ENC113921,PT13480,WBC,White Blood Cell Count,14.5,K/uL,4.5,11,H,Routine,2025-04-04 09:08,2025-04-04 09:26,2025-04-04 12:14
LAB732954,ENC113921,PT13480,HGB,Hemoglobin,14.9,g/dL,12,17.5,N,Routine,2025-04-04 08:58,2025-04-04 09:27,2025-04-04 12:18
LAB732955,ENC113922,PT10588,LDL,LDL Cholesterol,84,mg/dL,0,99,N,Routine,2025-04-04 09:24,2025-04-04 09:57,2025-04-05 11:58
LAB732956,ENC113922,PT10588,TSH,Thyroid Stimulating Hormone,1.46,mIU/L,0.4,4,N,Routine,2025-04-04 09:21,2025-04-04 09:52,2025-04-05 00:56
LAB732957,ENC113924,PT13914,GLU,Glucose,165,mg/dL,70,99,H,STAT,2025-04-04 11:57,2025-04-04 12:07,2025-04-04 13:00
LAB732958,ENC113924,PT13914,CREAT,Creatinine,1,mg/dL,0.6,1.3,N,Routine,2025-04-04 10:52,2025-04-04 11:22,2025-04-04 13:24
LAB732959,ENC113924,PT13914,WBC,White Blood Cell Count,8.7,K/uL,4.5,11,N,STAT,2025-04-04 11:26,2025-04-04 11:45,2025-04-04 12:42
LAB732960,ENC113924,PT13914,HGB,Hemoglobin,12.3,g/dL,12,17.5,N,STAT,2025-04-04 10:53,2025-04-04 11:02,2025-04-04 12:14
LAB732961,ENC113924,PT13914,LACT,Lactate,4,mmol/L,0.5,2,H,STAT,2025-04-04 11:05,2025-04-04 11:31,2025-04-04 13:31
LAB732962,ENC113926,PT13168,A1C,Hemoglobin A1c,8.8,%,4,5.6,H,Routine,2025-04-04 11:19,2025-04-04 11:35,2025-04-05 15:03
LAB732963,ENC113926,PT13168,GLU,Glucose,367,mg/dL,70,99,H,Routine,2025-04-04 11:21,2025-04-04 11:51,2025-04-04 14:04
LAB732964,ENC113926,PT13168,CREAT,Creatinine,1.26,mg/dL,0.6,1.3,N,Routine,2025-04-04 11:07,2025-04-04 11:25,2025-04-04 12:54
LAB732965,ENC113929,PT12237,WBC,White Blood Cell Count,10.8,K/uL,4.5,11,N,Routine,2025-04-04 12:58,2025-04-04 13:19,2025-04-04 16:33
LAB732966,ENC113929,PT12237,HGB,Hemoglobin,12.4,g/dL,12,17.5,N,Routine,2025-04-04 13:08,2025-04-04 13:39,2025-04-04 21:35
LAB732967,ENC113929,PT12237,PLT,Platelet Count,248,K/uL,150,400,N,Routine,2025-04-04 12:58,2025-04-04 13:10,2025-04-04 17:46
LAB732968,ENC113932,PT10901,GLU,Glucose,130,mg/dL,70,99,H,STAT,2025-04-04 14:22,2025-04-04 14:46,2025-04-04 15:09
LAB732969,ENC113932,PT10901,CREAT,Creatinine,1.78,mg/dL,0.6,1.3,H,Routine,2025-04-04 14:55,2025-04-04 15:16,2025-04-04 17:30
LAB732970,ENC113935,PT13829,A1C,Hemoglobin A1c,3.4,%,4,5.6,L,Routine,2025-04-04 16:55,2025-04-04 17:13,2025-04-05 07:28
LAB732971,ENC113935,PT13829,GLU,Glucose,76,mg/dL,70,99,N,Routine,2025-04-04 16:38,2025-04-04 16:54,2025-04-04 20:06
LAB732972,ENC113935,PT13829,CREAT,Creatinine,1,mg/dL,0.6,1.3,N,Routine,2025-04-04 16:37,2025-04-04 17:00,2025-04-04 21:45
LAB732973,ENC113937,PT13817,GLU,Glucose,124,mg/dL,70,99,H,STAT,2025-04-04 21:50,2025-04-04 22:17,2025-04-04 23:07
LAB732974,ENC113937,PT13817,CREAT,Creatinine,0.89,mg/dL,0.6,1.3,N,Routine,2025-04-04 21:27,2025-04-04 21:41,2025-04-05 01:23
LAB732975,ENC113937,PT13817,WBC,White Blood Cell Count,13.9,K/uL,4.5,11,H,STAT,2025-04-04 21:13,2025-04-04 21:48,2025-04-04 22:22
LAB732976,ENC113937,PT13817,HGB,Hemoglobin,15.6,g/dL,12,17.5,N,STAT,2025-04-04 21:07,2025-04-04 21:24,2025-04-04 22:03
LAB732977,ENC113937,PT13817,NA,Sodium,138,mmol/L,136,145,N,Routine,2025-04-04 22:02,2025-04-04 22:13,2025-04-05 03:01
LAB732978,ENC113937,PT13817,K,Potassium,4.4,mmol/L,3.5,5.1,N,STAT,2025-04-04 22:05,2025-04-04 22:13,2025-04-04 23:01
LAB732979,ENC113938,PT13862,GLU,Glucose,92,mg/dL,70,99,N,Routine,2025-04-04 19:12,2025-04-04 19:17,2025-04-04 20:59
LAB732980,ENC113938,PT13862,CREAT,Creatinine,0.94,mg/dL,0.6,1.3,N,STAT,2025-04-04 18:52,2025-04-04 19:13,2025-04-04 20:36
LAB732981,ENC113938,PT13862,WBC,White Blood Cell Count,6.5,K/uL,4.5,11,N,STAT,2025-04-04 19:47,2025-04-04 20:13,2025-04-04 20:47
LAB732982,ENC113938,PT13862,TROP,"Troponin I, High Sensitivity",71,ng/L,0,34,H,STAT,2025-04-04 20:00,2025-04-04 20:11,2025-04-04 20:39
LAB732983,ENC113938,PT13862,BNP,B-Type Natriuretic Peptide,2008,pg/mL,0,100,H,STAT,2025-04-04 19:42,2025-04-04 20:06,2025-04-04 20:49
LAB732984,ENC113940,PT10808,GLU,Glucose,121,mg/dL,70,99,H,STAT,2025-04-04 20:10,2025-04-04 20:37,2025-04-04 21:09
LAB732985,ENC113940,PT10808,CREAT,Creatinine,0.79,mg/dL,0.6,1.3,N,STAT,2025-04-04 19:08,2025-04-04 19:38,2025-04-04 20:54
LAB732986,ENC113940,PT10808,WBC,White Blood Cell Count,7.5,K/uL,4.5,11,N,STAT,2025-04-04 19:45,2025-04-04 20:14,2025-04-04 21:09
LAB732987,ENC113941,PT13305,GLU,Glucose,368,mg/dL,70,99,H,STAT,2025-04-04 20:55,2025-04-04 21:01,2025-04-04 22:23
LAB732988,ENC113941,PT13305,CREAT,Creatinine,1.14,mg/dL,0.6,1.3,N,STAT,2025-04-04 20:32,2025-04-04 20:47,2025-04-04 22:03
LAB732989,ENC113941,PT13305,WBC,White Blood Cell Count,7.3,K/uL,4.5,11,N,STAT,2025-04-04 20:04,2025-04-04 20:26,2025-04-04 21:36
LAB732990,ENC113941,PT13305,A1C,Hemoglobin A1c,9.5,%,4,5.6,H,Routine,2025-04-04 20:56,2025-04-04 21:11,2025-04-05 10:48
LAB732991,ENC113943,PT11984,GLU,Glucose,122,mg/dL,70,99,H,Routine,2025-04-04 23:01,2025-04-04 23:14,2025-04-05 01:55
LAB732992,ENC113943,PT11984,CREAT,Creatinine,1.17,mg/dL,0.6,1.3,N,STAT,2025-04-04 23:28,2025-04-04 23:42,2025-04-05 00:17
LAB732993,ENC113943,PT11984,WBC,White Blood Cell Count,5.9,K/uL,4.5,11,N,STAT,2025-04-04 22:57,2025-04-04 23:14,2025-04-04 23:48
LAB732994,ENC113943,PT11984,HGB,Hemoglobin,13.9,g/dL,12,17.5,N,STAT,2025-04-04 23:01,2025-04-04 23:05,2025-04-04 23:59
LAB732995,ENC113943,PT11984,INR,Prothrombin Time INR,1,ratio,0.8,1.2,N,STAT,2025-04-04 23:05,2025-04-04 23:15,2025-04-04 23:38
LAB732996,ENC113944,PT13791,GLU,Glucose,90,mg/dL,70,99,N,Routine,2025-04-05 01:04,2025-04-05 01:21,2025-04-05 03:23
LAB732997,ENC113944,PT13791,CREAT,Creatinine,0.64,mg/dL,0.6,1.3,N,STAT,2025-04-05 01:34,2025-04-05 01:54,2025-04-05 02:50
LAB732998,ENC113944,PT13791,WBC,White Blood Cell Count,6.9,K/uL,4.5,11,N,STAT,2025-04-05 00:48,2025-04-05 01:23,2025-04-05 01:58
LAB732999,ENC113944,PT13791,HGB,Hemoglobin,13.2,g/dL,12,17.5,N,Routine,2025-04-05 00:52,2025-04-05 01:22,2025-04-05 04:00
LAB733000,ENC113945,PT10652,GLU,Glucose,104,mg/dL,70,99,H,STAT,2025-04-05 07:29,2025-04-05 08:01,2025-04-05 08:26
LAB733001,ENC113945,PT10652,CREAT,Creatinine,0.53,mg/dL,0.6,1.3,L,Routine,2025-04-05 07:39,2025-04-05 07:46,2025-04-05 12:58
LAB733002,ENC113945,PT10652,WBC,White Blood Cell Count,8.9,K/uL,4.5,11,N,Routine,2025-04-05 07:49,2025-04-05 08:00,2025-04-05 11:17
LAB733003,ENC113945,PT10652,HGB,Hemoglobin,14.1,g/dL,12,17.5,N,STAT,2025-04-05 07:29,2025-04-05 07:42,2025-04-05 09:02
LAB733004,ENC113945,PT10652,NA,Sodium,139,mmol/L,136,145,N,STAT,2025-04-05 08:30,2025-04-05 08:49,2025-04-05 09:55
LAB733005,ENC113945,PT10652,K,Potassium,4,mmol/L,3.5,5.1,N,STAT,2025-04-05 07:52,2025-04-05 08:20,2025-04-05 08:53
LAB733006,ENC113946,PT12177,GLU,Glucose,185,mg/dL,70,99,H,STAT,2025-04-05 09:20,2025-04-05 09:54,2025-04-05 10:37
LAB733007,ENC113946,PT12177,CREAT,Creatinine,1.05,mg/dL,0.6,1.3,N,STAT,2025-04-05 09:13,2025-04-05 09:39,2025-04-05 10:57
LAB733008,ENC113946,PT12177,WBC,White Blood Cell Count,9.4,K/uL,4.5,11,N,Routine,2025-04-05 08:54,2025-04-05 09:18,2025-04-05 14:41
LAB733009,ENC113946,PT12177,HGB,Hemoglobin,12.6,g/dL,12,17.5,N,Routine,2025-04-05 08:19,2025-04-05 08:49,2025-04-05 10:54
LAB733010,ENC113946,PT12177,TROP,"Troponin I, High Sensitivity",652,ng/L,0,34,H,STAT,2025-04-05 08:59,2025-04-05 09:18,2025-04-05 09:47
LAB733011,ENC113947,PT12878,GLU,Glucose,138,mg/dL,70,99,H,Routine,2025-04-05 12:26,2025-04-05 12:59,2025-04-05 17:17
LAB733012,ENC113947,PT12878,CREAT,Creatinine,4.64,mg/dL,0.6,1.3,H,Routine,2025-04-05 11:22,2025-04-05 11:53,2025-04-05 15:30
LAB733013,ENC113947,PT12878,WBC,White Blood Cell Count,9,K/uL,4.5,11,N,Routine,2025-04-05 11:59,2025-04-05 12:04,2025-04-05 15:56
LAB733014,ENC113947,PT12878,HGB,Hemoglobin,9.3,g/dL,12,17.5,L,STAT,2025-04-05 11:56,2025-04-05 12:17,2025-04-05 12:44
LAB733015,ENC113947,PT12878,NA,Sodium,138,mmol/L,136,145,N,Routine,2025-04-05 12:02,2025-04-05 12:31,2025-04-05 16:45
LAB733016,ENC113947,PT12878,K,Potassium,4.3,mmol/L,3.5,5.1,N,STAT,2025-04-05 11:53,2025-04-05 12:25,2025-04-05 13:11
LAB733017,ENC113947,PT12878,BUN,Blood Urea Nitrogen,20,mg/dL,7,20,N,Routine,2025-04-05 12:16,2025-04-05 12:25,2025-04-05 14:23
LAB733018,ENC113947,PT12878,PLT,Platelet Count,301,K/uL,150,400,N,Routine,2025-04-05 12:01,2025-04-05 12:28,2025-04-05 15:17
LAB733019,ENC113948,PT13536,GLU,Glucose,109,mg/dL,70,99,H,STAT,2025-04-05 14:45,2025-04-05 15:14,2025-04-05 15:45
LAB733020,ENC113948,PT13536,CREAT,Creatinine,1.33,mg/dL,0.6,1.3,H,Routine,2025-04-05 14:29,2025-04-05 15:02,2025-04-05 19:45
LAB733021,ENC113948,PT13536,WBC,White Blood Cell Count,6.9,K/uL,4.5,11,N,STAT,2025-04-05 14:06,2025-04-05 14:22,2025-04-05 15:50
LAB733022,ENC113948,PT13536,HGB,Hemoglobin,7.1,g/dL,12,17.5,L,Routine,2025-04-05 14:24,2025-04-05 14:59,2025-04-05 20:35
LAB733023,ENC113948,PT13536,INR,Prothrombin Time INR,1.1,ratio,0.8,1.2,N,STAT,2025-04-05 14:22,2025-04-05 14:35,2025-04-05 15:26
LAB733024,ENC113949,PT13090,GLU,Glucose,225,mg/dL,70,99,H,Routine,2025-04-05 12:31,2025-04-05 12:52,2025-04-05 19:36
LAB733025,ENC113949,PT13090,CREAT,Creatinine,0.81,mg/dL,0.6,1.3,N,STAT,2025-04-05 12:39,2025-04-05 12:44,2025-04-05 13:44
LAB733026,ENC113949,PT13090,WBC,White Blood Cell Count,10.3,K/uL,4.5,11,N,Routine,2025-04-05 12:18,2025-04-05 12:25,2025-04-05 15:06
LAB733027,ENC113949,PT13090,HGB,Hemoglobin,15,g/dL,12,17.5,N,Routine,2025-04-05 12:17,2025-04-05 12:48,2025-04-05 14:02
LAB733028,ENC113950,PT10262,GLU,Glucose,97,mg/dL,70,99,N,STAT,2025-04-05 16:40,2025-04-05 17:14,2025-04-05 18:12
LAB733029,ENC113950,PT10262,CREAT,Creatinine,0.73,mg/dL,0.6,1.3,N,STAT,2025-04-05 16:28,2025-04-05 16:54,2025-04-05 17:37
LAB733030,ENC113950,PT10262,WBC,White Blood Cell Count,12.8,K/uL,4.5,11,H,STAT,2025-04-05 17:05,2025-04-05 17:11,2025-04-05 17:43
LAB733031,ENC113950,PT10262,HGB,Hemoglobin,16.8,g/dL,12,17.5,N,STAT,2025-04-05 17:06,2025-04-05 17:41,2025-04-05 18:19
LAB733032,ENC113950,PT10262,BUN,Blood Urea Nitrogen,19,mg/dL,7,20,N,STAT,2025-04-05 17:07,2025-04-05 17:39,2025-04-05 18:06
LAB733033,ENC113950,PT10262,PLT,Platelet Count,268,K/uL,150,400,N,STAT,2025-04-05 16:28,2025-04-05 16:55,2025-04-05 18:00
LAB733034,ENC113952,PT10530,GLU,Glucose,92,mg/dL,70,99,N,STAT,2025-04-05 17:40,2025-04-05 18:15,2025-04-05 18:48
LAB733035,ENC113952,PT10530,CREAT,Creatinine,0.86,mg/dL,0.6,1.3,N,STAT,2025-04-05 17:29,2025-04-05 17:54,2025-04-05 19:25
LAB733036,ENC113952,PT10530,WBC,White Blood Cell Count,6.6,K/uL,4.5,11,N,STAT,2025-04-05 18:02,2025-04-05 18:23,2025-04-05 19:31
LAB733037,ENC113952,PT10530,HGB,Hemoglobin,12.5,g/dL,12,17.5,N,Routine,2025-04-05 18:04,2025-04-05 18:09,2025-04-05 19:39
LAB733038,ENC113953,PT11691,GLU,Glucose,97,mg/dL,70,99,N,Routine,2025-04-05 18:24,2025-04-05 18:57,2025-04-05 21:04
LAB733039,ENC113953,PT11691,CREAT,Creatinine,2.21,mg/dL,0.6,1.3,H,Routine,2025-04-05 17:51,2025-04-05 18:21,2025-04-06 00:00
LAB733040,ENC113953,PT11691,WBC,White Blood Cell Count,8.8,K/uL,4.5,11,N,STAT,2025-04-05 18:48,2025-04-05 19:10,2025-04-05 20:00
LAB733041,ENC113953,PT11691,HGB,Hemoglobin,10.9,g/dL,12,17.5,L,STAT,2025-04-05 17:58,2025-04-05 18:30,2025-04-05 19:17
LAB733042,ENC113954,PT12927,GLU,Glucose,99,mg/dL,70,99,N,STAT,2025-04-05 15:08,2025-04-05 15:20,2025-04-05 15:57
LAB733043,ENC113954,PT12927,CREAT,Creatinine,1.09,mg/dL,0.6,1.3,N,Routine,2025-04-05 15:33,2025-04-05 16:08,2025-04-05 18:45
LAB733044,ENC113954,PT12927,WBC,White Blood Cell Count,7,K/uL,4.5,11,N,Routine,2025-04-05 15:45,2025-04-05 15:59,2025-04-05 20:05
LAB733045,ENC113954,PT12927,HGB,Hemoglobin,10.2,g/dL,12,17.5,L,Routine,2025-04-05 15:11,2025-04-05 15:21,2025-04-05 17:01
LAB733046,ENC113955,PT11903,GLU,Glucose,226,mg/dL,70,99,H,Routine,2025-04-05 15:46,2025-04-05 16:21,2025-04-05 17:28
LAB733047,ENC113955,PT11903,CREAT,Creatinine,1.28,mg/dL,0.6,1.3,N,Routine,2025-04-05 15:58,2025-04-05 16:14,2025-04-05 18:02
LAB733048,ENC113955,PT11903,WBC,White Blood Cell Count,6.7,K/uL,4.5,11,N,Routine,2025-04-05 15:23,2025-04-05 15:55,2025-04-05 19:40
LAB733049,ENC113955,PT11903,HGB,Hemoglobin,11.2,g/dL,12,17.5,L,Routine,2025-04-05 15:16,2025-04-05 15:38,2025-04-05 19:23
LAB733050,ENC113956,PT12445,GLU,Glucose,223,mg/dL,70,99,H,STAT,2025-04-05 18:14,2025-04-05 18:25,2025-04-05 19:17
LAB733051,ENC113956,PT12445,CREAT,Creatinine,1.15,mg/dL,0.6,1.3,N,STAT,2025-04-05 18:34,2025-04-05 18:40,2025-04-05 19:20
LAB733052,ENC113956,PT12445,WBC,White Blood Cell Count,16,K/uL,4.5,11,H,Routine,2025-04-05 18:42,2025-04-05 18:52,2025-04-05 22:22
LAB733053,ENC113956,PT12445,HGB,Hemoglobin,14.8,g/dL,12,17.5,N,STAT,2025-04-05 18:22,2025-04-05 18:37,2025-04-05 19:28
LAB733054,ENC113956,PT12445,NA,Sodium,139,mmol/L,136,145,N,Routine,2025-04-05 18:05,2025-04-05 18:12,2025-04-05 22:19
LAB733055,ENC113956,PT12445,K,Potassium,4.3,mmol/L,3.5,5.1,N,STAT,2025-04-05 18:33,2025-04-05 18:55,2025-04-05 19:38
LAB733056,ENC113957,PT10346,GLU,Glucose,83,mg/dL,70,99,N,STAT,2025-04-05 19:30,2025-04-05 19:43,2025-04-05 20:31
LAB733057,ENC113957,PT10346,CREAT,Creatinine,1.91,mg/dL,0.6,1.3,H,STAT,2025-04-05 20:13,2025-04-05 20:46,2025-04-05 21:47
LAB733058,ENC113957,PT10346,WBC,White Blood Cell Count,6.7,K/uL,4.5,11,N,STAT,2025-04-05 19:19,2025-04-05 19:43,2025-04-05 20:17
LAB733059,ENC113957,PT10346,HGB,Hemoglobin,11,g/dL,12,17.5,L,STAT,2025-04-05 19:31,2025-04-05 19:37,2025-04-05 20:30
LAB733060,ENC113958,PT13216,TROP,"Troponin I, High Sensitivity",4,ng/L,0,34,N,STAT,2025-04-05 20:51,2025-04-05 21:06,2025-04-05 21:38
LAB733061,ENC113959,PT13191,GLU,Glucose,110,mg/dL,70,99,H,Routine,2025-04-06 02:29,2025-04-06 02:33,2025-04-06 07:15
LAB733062,ENC113959,PT13191,CREAT,Creatinine,1.12,mg/dL,0.6,1.3,N,STAT,2025-04-06 02:27,2025-04-06 02:52,2025-04-06 03:48
LAB733063,ENC113959,PT13191,WBC,White Blood Cell Count,8.6,K/uL,4.5,11,N,Routine,2025-04-06 02:12,2025-04-06 02:43,2025-04-06 06:16
LAB733064,ENC113959,PT13191,HGB,Hemoglobin,15.8,g/dL,12,17.5,N,STAT,2025-04-06 02:43,2025-04-06 03:03,2025-04-06 03:28
LAB733065,ENC113959,PT13191,INR,Prothrombin Time INR,1,ratio,0.8,1.2,N,STAT,2025-04-06 02:26,2025-04-06 02:44,2025-04-06 03:46
LAB733066,ENC113960,PT11536,GLU,Glucose,86,mg/dL,70,99,N,Routine,2025-04-05 23:43,2025-04-05 23:48,2025-04-06 01:48
LAB733067,ENC113960,PT11536,CREAT,Creatinine,0.81,mg/dL,0.6,1.3,N,STAT,2025-04-05 23:05,2025-04-05 23:32,2025-04-06 00:13
LAB733068,ENC113960,PT11536,WBC,White Blood Cell Count,5.5,K/uL,4.5,11,N,STAT,2025-04-05 22:43,2025-04-05 22:47,2025-04-05 23:20
LAB733069,ENC113960,PT11536,HGB,Hemoglobin,14.3,g/dL,12,17.5,N,STAT,2025-04-05 23:08,2025-04-05 23:43,2025-04-06 00:31
LAB733070,ENC113961,PT13767,GLU,Glucose,139,mg/dL,70,99,H,STAT,2025-04-05 23:20,2025-04-05 23:29,2025-04-05 23:51
LAB733071,ENC113961,PT13767,CREAT,Creatinine,2.02,mg/dL,0.6,1.3,H,STAT,2025-04-06 00:01,2025-04-06 00:27,2025-04-06 00:54
LAB733072,ENC113961,PT13767,WBC,White Blood Cell Count,10.1,K/uL,4.5,11,N,STAT,2025-04-05 23:29,2025-04-05 23:48,2025-04-06 00:30
LAB733073,ENC113961,PT13767,HGB,Hemoglobin,9.9,g/dL,12,17.5,L,STAT,2025-04-05 23:41,2025-04-06 00:13,2025-04-06 02:19
LAB733074,ENC113963,PT13352,TROP,"Troponin I, High Sensitivity",12,ng/L,0,34,N,STAT,2025-04-06 05:13,2025-04-06 05:26,2025-04-06 07:40
LAB733075,ENC113964,PT12408,GLU,Glucose,185,mg/dL,70,99,H,STAT,2025-04-06 09:28,2025-04-06 09:37,2025-04-06 10:30
LAB733076,ENC113964,PT12408,CREAT,Creatinine,1.56,mg/dL,0.6,1.3,H,STAT,2025-04-06 09:04,2025-04-06 09:37,2025-04-06 10:36
LAB733077,ENC113964,PT12408,WBC,White Blood Cell Count,22.9,K/uL,4.5,11,H,STAT,2025-04-06 09:21,2025-04-06 09:42,2025-04-06 10:23
LAB733078,ENC113964,PT12408,HGB,Hemoglobin,13.5,g/dL,12,17.5,N,STAT,2025-04-06 09:16,2025-04-06 09:23,2025-04-06 10:11
LAB733079,ENC113964,PT12408,NA,Sodium,142,mmol/L,136,145,N,STAT,2025-04-06 08:37,2025-04-06 08:57,2025-04-06 09:47
LAB733080,ENC113964,PT12408,K,Potassium,4.4,mmol/L,3.5,5.1,N,STAT,2025-04-06 08:47,2025-04-06 09:17,2025-04-06 11:19
LAB733081,ENC113964,PT12408,LACT,Lactate,3.4,mmol/L,0.5,2,H,STAT,2025-04-06 08:41,2025-04-06 09:01,2025-04-06 09:51
LAB733082,ENC113966,PT10697,GLU,Glucose,138,mg/dL,70,99,H,STAT,2025-04-06 10:06,2025-04-06 10:35,2025-04-06 11:06
LAB733083,ENC113966,PT10697,CREAT,Creatinine,1.18,mg/dL,0.6,1.3,N,STAT,2025-04-06 10:05,2025-04-06 10:23,2025-04-06 12:00
LAB733084,ENC113966,PT10697,WBC,White Blood Cell Count,5.7,K/uL,4.5,11,N,STAT,2025-04-06 10:32,2025-04-06 10:57,2025-04-06 12:16
LAB733085,ENC113966,PT10697,HGB,Hemoglobin,13.8,g/dL,12,17.5,N,STAT,2025-04-06 11:00,2025-04-06 11:19,2025-04-06 11:54
LAB733086,ENC113967,PT10845,GLU,Glucose,99,mg/dL,70,99,N,Routine,2025-04-06 13:38,2025-04-06 14:12,2025-04-06 16:24
LAB733087,ENC113967,PT10845,CREAT,Creatinine,0.88,mg/dL,0.6,1.3,N,STAT,2025-04-06 14:02,2025-04-06 14:37,2025-04-06 15:06
LAB733088,ENC113967,PT10845,WBC,White Blood Cell Count,16,K/uL,4.5,11,H,STAT,2025-04-06 13:48,2025-04-06 13:55,2025-04-06 14:39
LAB733089,ENC113967,PT10845,HGB,Hemoglobin,13,g/dL,12,17.5,N,STAT,2025-04-06 14:18,2025-04-06 14:26,2025-04-06 15:32
LAB733090,ENC113968,PT12533,GLU,Glucose,74,mg/dL,70,99,N,Routine,2025-04-06 14:33,2025-04-06 14:52,2025-04-06 17:28
LAB733091,ENC113968,PT12533,CREAT,Creatinine,2.59,mg/dL,0.6,1.3,H,STAT,2025-04-06 14:46,2025-04-06 15:09,2025-04-06 15:53
LAB733092,ENC113968,PT12533,WBC,White Blood Cell Count,7.3,K/uL,4.5,11,N,Routine,2025-04-06 14:01,2025-04-06 14:10,2025-04-06 16:03
LAB733093,ENC113968,PT12533,HGB,Hemoglobin,13.3,g/dL,12,17.5,N,STAT,2025-04-06 14:23,2025-04-06 14:57,2025-04-06 15:41
LAB733094,ENC113968,PT12533,NA,Sodium,138,mmol/L,136,145,N,Routine,2025-04-06 14:33,2025-04-06 14:53,2025-04-06 16:13
LAB733095,ENC113968,PT12533,K,Potassium,5.5,mmol/L,3.5,5.1,H,STAT,2025-04-06 14:52,2025-04-06 15:22,2025-04-06 16:24
LAB733096,ENC113974,PT13431,GLU,Glucose,269,mg/dL,70,99,H,STAT,2025-04-06 19:37,2025-04-06 19:56,2025-04-06 20:40
LAB733097,ENC113974,PT13431,CREAT,Creatinine,0.91,mg/dL,0.6,1.3,N,STAT,2025-04-06 20:18,2025-04-06 20:51,2025-04-06 21:55
LAB733098,ENC113974,PT13431,WBC,White Blood Cell Count,17.7,K/uL,4.5,11,H,STAT,2025-04-06 19:24,2025-04-06 19:45,2025-04-06 20:01
LAB733099,ENC113974,PT13431,HGB,Hemoglobin,14.2,g/dL,12,17.5,N,Routine,2025-04-06 20:13,2025-04-06 20:25,2025-04-06 23:09
LAB733100,ENC113975,PT11751,GLU,Glucose,109,mg/dL,70,99,H,STAT,2025-04-06 20:00,2025-04-06 20:31,2025-04-06 21:16
LAB733101,ENC113975,PT11751,CREAT,Creatinine,1.07,mg/dL,0.6,1.3,N,STAT,2025-04-06 20:27,2025-04-06 20:57,2025-04-06 21:35
LAB733102,ENC113975,PT11751,WBC,White Blood Cell Count,9.7,K/uL,4.5,11,N,STAT,2025-04-06 20:06,2025-04-06 20:22,2025-04-06 20:58
LAB733103,ENC113976,PT11506,GLU,Glucose,114,mg/dL,70,99,H,STAT,2025-04-06 21:49,2025-04-06 21:54,2025-04-06 22:15
LAB733104,ENC113976,PT11506,CREAT,Creatinine,0.91,mg/dL,0.6,1.3,N,STAT,2025-04-06 22:17,2025-04-06 22:36,2025-04-07 00:05
LAB733105,ENC113976,PT11506,WBC,White Blood Cell Count,9.1,K/uL,4.5,11,N,Routine,2025-04-06 22:28,2025-04-06 22:45,2025-04-07 02:28
LAB733106,ENC113976,PT11506,HGB,Hemoglobin,12,g/dL,12,17.5,N,Routine,2025-04-06 21:49,2025-04-06 22:17,2025-04-07 00:14
LAB733107,ENC113979,PT10077,GLU,Glucose,110,mg/dL,70,99,H,Routine,2025-04-07 04:51,2025-04-07 05:18,2025-04-07 07:22
LAB733108,ENC113979,PT10077,CREAT,Creatinine,0.32,mg/dL,0.6,1.3,L,Routine,2025-04-07 05:09,2025-04-07 05:18,2025-04-07 11:09
LAB733109,ENC113979,PT10077,WBC,White Blood Cell Count,8.8,K/uL,4.5,11,N,STAT,2025-04-07 04:43,2025-04-07 05:15,2025-04-07 05:47
LAB733110,ENC113979,PT10077,HGB,Hemoglobin,12.9,g/dL,12,17.5,N,STAT,2025-04-07 05:20,2025-04-07 05:52,2025-04-07 06:16
LAB733111,ENC113980,PT11963,GLU,Glucose,94,mg/dL,70,99,N,Routine,2025-04-07 03:36,2025-04-07 03:49,2025-04-07 05:55
LAB733112,ENC113980,PT11963,CREAT,Creatinine,1.11,mg/dL,0.6,1.3,N,STAT,2025-04-07 02:41,2025-04-07 03:13,2025-04-07 04:37
LAB733113,ENC113980,PT11963,WBC,White Blood Cell Count,9.5,K/uL,4.5,11,N,STAT,2025-04-07 03:22,2025-04-07 03:48,2025-04-07 04:14
LAB733114,ENC113981,PT11024,GLU,Glucose,438,mg/dL,70,99,H,Routine,2025-04-07 03:53,2025-04-07 03:57,2025-04-07 06:35
LAB733115,ENC113981,PT11024,CREAT,Creatinine,3.02,mg/dL,0.6,1.3,H,STAT,2025-04-07 04:26,2025-04-07 04:59,2025-04-07 05:18
LAB733116,ENC113981,PT11024,WBC,White Blood Cell Count,11.6,K/uL,4.5,11,H,STAT,2025-04-07 04:29,2025-04-07 04:47,2025-04-07 05:45
LAB733117,ENC113981,PT11024,HGB,Hemoglobin,11.5,g/dL,12,17.5,L,STAT,2025-04-07 04:33,2025-04-07 04:54,2025-04-07 05:28
LAB733118,ENC113981,PT11024,NA,Sodium,138,mmol/L,136,145,N,Routine,2025-04-07 03:50,2025-04-07 04:19,2025-04-07 07:25
LAB733119,ENC113981,PT11024,K,Potassium,4.2,mmol/L,3.5,5.1,N,STAT,2025-04-07 04:14,2025-04-07 04:32,2025-04-07 05:20
LAB733120,ENC113981,PT11024,A1C,Hemoglobin A1c,14.2,%,4,5.6,H,STAT,2025-04-07 04:37,2025-04-07 04:41,2025-04-07 05:22
LAB733121,ENC113982,PT13599,GLU,Glucose,123,mg/dL,70,99,H,STAT,2025-04-07 11:07,2025-04-07 11:16,2025-04-07 11:54
LAB733122,ENC113982,PT13599,CREAT,Creatinine,0.85,mg/dL,0.6,1.3,N,STAT,2025-04-07 12:08,2025-04-07 12:35,2025-04-07 13:54
LAB733123,ENC113982,PT13599,WBC,White Blood Cell Count,4.8,K/uL,4.5,11,N,Routine,2025-04-07 11:55,2025-04-07 12:23,2025-04-07 14:32
LAB733124,ENC113982,PT13599,HGB,Hemoglobin,11.8,g/dL,12,17.5,L,STAT,2025-04-07 11:19,2025-04-07 11:36,2025-04-07 12:31
LAB733125,ENC113982,PT13599,NA,Sodium,141,mmol/L,136,145,N,Routine,2025-04-07 12:11,2025-04-07 12:28,2025-04-07 14:23
LAB733126,ENC113982,PT13599,K,Potassium,4.8,mmol/L,3.5,5.1,N,STAT,2025-04-07 11:40,2025-04-07 12:02,2025-04-07 12:40
LAB733127,ENC113982,PT13599,TROP,"Troponin I, High Sensitivity",34,ng/L,0,34,N,STAT,2025-04-07 11:20,2025-04-07 11:49,2025-04-07 13:51
LAB733128,ENC113982,PT13599,BNP,B-Type Natriuretic Peptide,703,pg/mL,0,100,H,Routine,2025-04-07 11:54,2025-04-07 12:02,2025-04-07 14:06
LAB733129,ENC113983,PT13941,LDL,LDL Cholesterol,110,mg/dL,0,99,H,Routine,2025-04-07 08:34,2025-04-07 08:40,2025-04-08 04:20
LAB733130,ENC113984,PT10023,GLU,Glucose,101,mg/dL,70,99,H,Routine,2025-04-07 08:29,2025-04-07 09:02,2025-04-07 18:48
LAB733131,ENC113984,PT10023,CREAT,Creatinine,0.74,mg/dL,0.6,1.3,N,Routine,2025-04-07 08:29,2025-04-07 08:38,2025-04-07 11:48
LAB733132,ENC113985,PT11620,GLU,Glucose,111,mg/dL,70,99,H,STAT,2025-04-07 13:15,2025-04-07 13:38,2025-04-07 14:36
LAB733133,ENC113985,PT11620,CREAT,Creatinine,1.05,mg/dL,0.6,1.3,N,Routine,2025-04-07 12:33,2025-04-07 13:03,2025-04-07 14:42
LAB733134,ENC113985,PT11620,WBC,White Blood Cell Count,9.4,K/uL,4.5,11,N,STAT,2025-04-07 12:40,2025-04-07 13:03,2025-04-07 13:40
LAB733135,ENC113985,PT11620,HGB,Hemoglobin,13.2,g/dL,12,17.5,N,STAT,2025-04-07 13:16,2025-04-07 13:36,2025-04-07 14:21
LAB733136,ENC113985,PT11620,NA,Sodium,143,mmol/L,136,145,N,STAT,2025-04-07 12:27,2025-04-07 12:58,2025-04-07 14:11
LAB733137,ENC113985,PT11620,K,Potassium,3.8,mmol/L,3.5,5.1,N,STAT,2025-04-07 12:45,2025-04-07 12:50,2025-04-07 13:13
LAB733138,ENC113988,PT11013,WBC,White Blood Cell Count,7.9,K/uL,4.5,11,N,Routine,2025-04-07 09:37,2025-04-07 09:48,2025-04-07 10:58
LAB733139,ENC113988,PT11013,HGB,Hemoglobin,15.3,g/dL,12,17.5,N,Routine,2025-04-07 09:30,2025-04-07 09:55,2025-04-07 13:39
LAB733140,ENC113988,PT11013,PLT,Platelet Count,282,K/uL,150,400,N,Routine,2025-04-07 09:36,2025-04-07 09:43,2025-04-07 13:47
LAB733141,ENC113989,PT13529,A1C,Hemoglobin A1c,9.4,%,4,5.6,H,Routine,2025-04-07 10:37,2025-04-07 11:06,2025-04-08 01:20
LAB733142,ENC113989,PT13529,GLU,Glucose,227,mg/dL,70,99,H,Routine,2025-04-07 10:22,2025-04-07 10:39,2025-04-07 13:50
LAB733143,ENC113989,PT13529,CREAT,Creatinine,0.95,mg/dL,0.6,1.3,N,Routine,2025-04-07 10:27,2025-04-07 10:41,2025-04-07 19:22
LAB733144,ENC113990,PT12818,WBC,White Blood Cell Count,5.8,K/uL,4.5,11,N,Routine,2025-04-07 11:15,2025-04-07 11:21,2025-04-07 13:31
LAB733145,ENC113990,PT12818,HGB,Hemoglobin,11.1,g/dL,12,17.5,L,Routine,2025-04-07 11:09,2025-04-07 11:16,2025-04-07 13:15
LAB733146,ENC113990,PT12818,PLT,Platelet Count,283,K/uL,150,400,N,Routine,2025-04-07 11:07,2025-04-07 11:34,2025-04-07 14:37
LAB733147,ENC113992,PT10537,GLU,Glucose,102,mg/dL,70,99,H,STAT,2025-04-07 12:27,2025-04-07 12:47,2025-04-07 13:08
LAB733148,ENC113992,PT10537,CREAT,Creatinine,1.29,mg/dL,0.6,1.3,N,Routine,2025-04-07 11:25,2025-04-07 11:30,2025-04-07 14:24
LAB733149,ENC113992,PT10537,WBC,White Blood Cell Count,4.1,K/uL,4.5,11,L,Routine,2025-04-07 12:27,2025-04-07 12:54,2025-04-07 14:53
LAB733150,ENC113992,PT10537,HGB,Hemoglobin,14.7,g/dL,12,17.5,N,Routine,2025-04-07 12:11,2025-04-07 12:15,2025-04-07 14:39
LAB733151,ENC113993,PT13490,GLU,Glucose,76,mg/dL,70,99,N,Routine,2025-04-07 13:58,2025-04-07 14:16,2025-04-07 20:25
LAB733152,ENC113993,PT13490,CREAT,Creatinine,1.04,mg/dL,0.6,1.3,N,STAT,2025-04-07 14:36,2025-04-07 14:41,2025-04-07 15:15
LAB733153,ENC113993,PT13490,WBC,White Blood Cell Count,8.9,K/uL,4.5,11,N,STAT,2025-04-07 13:56,2025-04-07 14:12,2025-04-07 15:07
LAB733154,ENC113993,PT13490,HGB,Hemoglobin,14.1,g/dL,12,17.5,N,STAT,2025-04-07 14:34,2025-04-07 14:49,2025-04-07 15:20
LAB733155,ENC113994,PT13115,GLU,Glucose,88,mg/dL,70,99,N,STAT,2025-04-07 15:00,2025-04-07 15:24,2025-04-07 16:30
LAB733156,ENC113994,PT13115,CREAT,Creatinine,1.09,mg/dL,0.6,1.3,N,STAT,2025-04-07 14:54,2025-04-07 15:01,2025-04-07 16:02
LAB733157,ENC113994,PT13115,WBC,White Blood Cell Count,7,K/uL,4.5,11,N,Routine,2025-04-07 15:00,2025-04-07 15:31,2025-04-07 18:23
LAB733158,ENC113994,PT13115,HGB,Hemoglobin,13.6,g/dL,12,17.5,N,STAT,2025-04-07 14:39,2025-04-07 15:04,2025-04-07 15:40
LAB733159,ENC113996,PT13494,A1C,Hemoglobin A1c,12.5,%,4,5.6,H,Routine,2025-04-07 13:01,2025-04-07 13:31,2025-04-08 07:08
LAB733160,ENC113996,PT13494,GLU,Glucose,448,mg/dL,70,99,H,Routine,2025-04-07 13:12,2025-04-07 13:24,2025-04-07 15:38
LAB733161,ENC113996,PT13494,CREAT,Creatinine,0.46,mg/dL,0.6,1.3,L,Routine,2025-04-07 13:07,2025-04-07 13:13,2025-04-07 15:50
LAB733162,ENC114001,PT12504,A1C,Hemoglobin A1c,9.3,%,4,5.6,H,Routine,2025-04-07 14:11,2025-04-07 14:39,2025-04-09 16:39
LAB733163,ENC114002,PT12299,LDL,LDL Cholesterol,104,mg/dL,0,99,H,Routine,2025-04-07 14:11,2025-04-07 14:36,2025-04-07 20:51
LAB733164,ENC114004,PT12716,GLU,Glucose,275,mg/dL,70,99,H,Routine,2025-04-07 15:55,2025-04-07 16:27,2025-04-07 18:37
LAB733165,ENC114004,PT12716,CREAT,Creatinine,0.8,mg/dL,0.6,1.3,N,Routine,2025-04-07 15:24,2025-04-07 15:34,2025-04-07 18:42
LAB733166,ENC114004,PT12716,WBC,White Blood Cell Count,7,K/uL,4.5,11,N,STAT,2025-04-07 16:23,2025-04-07 16:53,2025-04-07 18:07
LAB733167,ENC114004,PT12716,HGB,Hemoglobin,13.6,g/dL,12,17.5,N,STAT,2025-04-07 16:09,2025-04-07 16:14,2025-04-07 16:47
LAB733168,ENC114004,PT12716,NA,Sodium,138,mmol/L,136,145,N,STAT,2025-04-07 15:52,2025-04-07 16:05,2025-04-07 16:34
LAB733169,ENC114004,PT12716,K,Potassium,3.8,mmol/L,3.5,5.1,N,STAT,2025-04-07 15:47,2025-04-07 15:52,2025-04-07 16:23
LAB733170,ENC114004,PT12716,A1C,Hemoglobin A1c,9.6,%,4,5.6,H,STAT,2025-04-07 16:09,2025-04-07 16:24,2025-04-07 16:56
LAB733171,ENC114005,PT10579,GLU,Glucose,88,mg/dL,70,99,N,STAT,2025-04-07 20:10,2025-04-07 20:31,2025-04-07 21:08
LAB733172,ENC114005,PT10579,CREAT,Creatinine,1.01,mg/dL,0.6,1.3,N,STAT,2025-04-07 20:35,2025-04-07 20:57,2025-04-07 21:52
LAB733173,ENC114005,PT10579,WBC,White Blood Cell Count,6.3,K/uL,4.5,11,N,STAT,2025-04-07 20:16,2025-04-07 20:39,2025-04-07 21:28
LAB733174,ENC114005,PT10579,HGB,Hemoglobin,8.8,g/dL,12,17.5,L,STAT,2025-04-07 20:55,2025-04-07 21:20,2025-04-07 21:46
LAB733175,ENC114005,PT10579,NA,Sodium,137,mmol/L,136,145,N,Routine,2025-04-07 20:46,2025-04-07 20:55,2025-04-07 22:27
LAB733176,ENC114005,PT10579,K,Potassium,4.1,mmol/L,3.5,5.1,N,STAT,2025-04-07 20:39,2025-04-07 21:05,2025-04-07 21:40
LAB733177,ENC114005,PT10579,INR,Prothrombin Time INR,1,ratio,0.8,1.2,N,STAT,2025-04-07 21:12,2025-04-07 21:24,2025-04-07 22:07
LAB733178,ENC114008,PT12828,GLU,Glucose,104,mg/dL,70,99,H,Routine,2025-04-07 20:14,2025-04-07 20:22,2025-04-07 22:23
LAB733179,ENC114008,PT12828,CREAT,Creatinine,1.54,mg/dL,0.6,1.3,H,STAT,2025-04-07 19:56,2025-04-07 20:28,2025-04-07 21:01
LAB733180,ENC114008,PT12828,WBC,White Blood Cell Count,5.1,K/uL,4.5,11,N,STAT,2025-04-07 19:43,2025-04-07 19:51,2025-04-07 20:37
LAB733181,ENC114008,PT12828,HGB,Hemoglobin,12.7,g/dL,12,17.5,N,STAT,2025-04-07 19:23,2025-04-07 19:43,2025-04-07 20:40
LAB733182,ENC114009,PT12885,GLU,Glucose,146,mg/dL,70,99,H,STAT,2025-04-07 20:27,2025-04-07 20:33,2025-04-07 20:53
LAB733183,ENC114009,PT12885,CREAT,Creatinine,0.97,mg/dL,0.6,1.3,N,STAT,2025-04-07 20:28,2025-04-07 21:03,2025-04-07 21:50
LAB733184,ENC114009,PT12885,WBC,White Blood Cell Count,3.7,K/uL,4.5,11,L,STAT,2025-04-07 19:50,2025-04-07 20:18,2025-04-07 20:53
LAB733185,ENC114009,PT12885,HGB,Hemoglobin,14.4,g/dL,12,17.5,N,STAT,2025-04-07 20:09,2025-04-07 20:18,2025-04-07 21:07
LAB733186,ENC114009,PT12885,NA,Sodium,143,mmol/L,136,145,N,STAT,2025-04-07 19:45,2025-04-07 20:01,2025-04-07 21:23
LAB733187,ENC114009,PT12885,K,Potassium,4.3,mmol/L,3.5,5.1,N,STAT,2025-04-07 20:01,2025-04-07 20:16,2025-04-07 20:45
LAB733188,ENC114009,PT12885,LACT,Lactate,3.7,mmol/L,0.5,2,H,STAT,2025-04-07 20:12,2025-04-07 20:43,2025-04-07 21:21
LAB733189,ENC114010,PT10180,GLU,Glucose,92,mg/dL,70,99,N,STAT,2025-04-07 22:23,2025-04-07 22:52,2025-04-07 23:28
LAB733190,ENC114010,PT10180,CREAT,Creatinine,1.01,mg/dL,0.6,1.3,N,Routine,2025-04-07 22:21,2025-04-07 22:38,2025-04-08 00:57
LAB733191,ENC114010,PT10180,WBC,White Blood Cell Count,12.7,K/uL,4.5,11,H,STAT,2025-04-07 22:40,2025-04-07 23:03,2025-04-07 23:26
LAB733192,ENC114010,PT10180,HGB,Hemoglobin,13.7,g/dL,12,17.5,N,STAT,2025-04-07 22:00,2025-04-07 22:35,2025-04-07 23:05
LAB733193,ENC114011,PT11645,GLU,Glucose,101,mg/dL,70,99,H,Routine,2025-04-08 00:58,2025-04-08 01:12,2025-04-08 05:14
LAB733194,ENC114011,PT11645,CREAT,Creatinine,1.14,mg/dL,0.6,1.3,N,STAT,2025-04-08 01:07,2025-04-08 01:38,2025-04-08 02:33
LAB733195,ENC114011,PT11645,WBC,White Blood Cell Count,6.3,K/uL,4.5,11,N,Routine,2025-04-08 01:09,2025-04-08 01:36,2025-04-08 07:53
LAB733196,ENC114011,PT11645,HGB,Hemoglobin,14,g/dL,12,17.5,N,Routine,2025-04-08 01:28,2025-04-08 01:49,2025-04-08 04:51
LAB733197,ENC114012,PT11664,GLU,Glucose,115,mg/dL,70,99,H,STAT,2025-04-08 04:17,2025-04-08 04:30,2025-04-08 05:02
LAB733198,ENC114012,PT11664,CREAT,Creatinine,0.93,mg/dL,0.6,1.3,N,Routine,2025-04-08 04:12,2025-04-08 04:37,2025-04-08 07:47
LAB733199,ENC114012,PT11664,WBC,White Blood Cell Count,6.3,K/uL,4.5,11,N,Routine,2025-04-08 03:22,2025-04-08 03:39,2025-04-08 08:35
LAB733200,ENC114012,PT11664,HGB,Hemoglobin,13.9,g/dL,12,17.5,N,Routine,2025-04-08 03:45,2025-04-08 03:51,2025-04-08 06:45
LAB733201,ENC114013,PT11727,GLU,Glucose,112,mg/dL,70,99,H,STAT,2025-04-08 07:10,2025-04-08 07:42,2025-04-08 08:08
LAB733202,ENC114013,PT11727,CREAT,Creatinine,0.95,mg/dL,0.6,1.3,N,STAT,2025-04-08 08:20,2025-04-08 08:27,2025-04-08 08:51
LAB733203,ENC114013,PT11727,WBC,White Blood Cell Count,8.2,K/uL,4.5,11,N,Routine,2025-04-08 07:21,2025-04-08 07:42,2025-04-08 11:46
LAB733204,ENC114013,PT11727,HGB,Hemoglobin,15.2,g/dL,12,17.5,N,STAT,2025-04-08 07:45,2025-04-08 08:07,2025-04-08 08:36
LAB733205,ENC114018,PT11259,LDL,LDL Cholesterol,222,mg/dL,0,99,H,Routine,2025-04-08 11:26,2025-04-08 11:56,2025-04-08 19:35
LAB733206,ENC114018,PT11259,A1C,Hemoglobin A1c,6.9,%,4,5.6,H,Routine,2025-04-08 11:09,2025-04-08 11:33,2025-04-09 00:51
LAB733207,ENC114018,PT11259,TSH,Thyroid Stimulating Hormone,1.41,mIU/L,0.4,4,N,Routine,2025-04-08 11:15,2025-04-08 11:29,2025-04-09 03:09
LAB733208,ENC114019,PT10399,A1C,Hemoglobin A1c,9.7,%,4,5.6,H,Routine,2025-04-08 11:55,2025-04-08 12:01,2025-04-08 19:13
LAB733209,ENC114021,PT11177,GLU,Glucose,142,mg/dL,70,99,H,STAT,2025-04-08 13:03,2025-04-08 13:16,2025-04-08 14:09
LAB733210,ENC114021,PT11177,CREAT,Creatinine,0.6,mg/dL,0.6,1.3,N,STAT,2025-04-08 13:09,2025-04-08 13:19,2025-04-08 14:29
LAB733211,ENC114021,PT11177,WBC,White Blood Cell Count,7.4,K/uL,4.5,11,N,STAT,2025-04-08 12:52,2025-04-08 13:08,2025-04-08 14:18
LAB733212,ENC114022,PT10642,LDL,LDL Cholesterol,124,mg/dL,0,99,H,Routine,2025-04-08 13:33,2025-04-08 13:39,2025-04-09 08:19
LAB733213,ENC114023,PT12905,LDL,LDL Cholesterol,113,mg/dL,0,99,H,Routine,2025-04-08 13:36,2025-04-08 14:07,2025-04-09 00:00
LAB733214,ENC114023,PT12905,A1C,Hemoglobin A1c,8.7,%,4,5.6,H,Routine,2025-04-08 13:58,2025-04-08 14:32,2025-04-09 22:34
LAB733215,ENC114023,PT12905,TSH,Thyroid Stimulating Hormone,1.26,mIU/L,0.4,4,N,Routine,2025-04-08 13:55,2025-04-08 14:27,2025-04-09 04:14
LAB733216,ENC114024,PT11518,GLU,Glucose,89,mg/dL,70,99,N,Routine,2025-04-08 13:54,2025-04-08 14:26,2025-04-08 18:36
LAB733217,ENC114024,PT11518,CREAT,Creatinine,1.72,mg/dL,0.6,1.3,H,Routine,2025-04-08 13:47,2025-04-08 14:15,2025-04-08 17:28
LAB733218,ENC114024,PT11518,WBC,White Blood Cell Count,4.1,K/uL,4.5,11,L,Routine,2025-04-08 14:45,2025-04-08 15:14,2025-04-08 16:46
LAB733219,ENC114024,PT11518,HGB,Hemoglobin,11.3,g/dL,12,17.5,L,Routine,2025-04-08 14:15,2025-04-08 14:24,2025-04-08 18:59
LAB733220,ENC114024,PT11518,TROP,"Troponin I, High Sensitivity",9,ng/L,0,34,N,STAT,2025-04-08 14:26,2025-04-08 14:51,2025-04-08 15:32
LAB733221,ENC114025,PT10525,GLU,Glucose,111,mg/dL,70,99,H,Routine,2025-04-08 19:20,2025-04-08 19:34,2025-04-08 22:05
LAB733222,ENC114025,PT10525,CREAT,Creatinine,0.78,mg/dL,0.6,1.3,N,STAT,2025-04-08 18:58,2025-04-08 19:25,2025-04-08 19:54
LAB733223,ENC114025,PT10525,WBC,White Blood Cell Count,15.5,K/uL,4.5,11,H,Routine,2025-04-08 19:29,2025-04-08 19:40,2025-04-08 22:32
LAB733224,ENC114025,PT10525,HGB,Hemoglobin,12.7,g/dL,12,17.5,N,Routine,2025-04-08 18:59,2025-04-08 19:24,2025-04-08 21:07
LAB733225,ENC114026,PT13792,A1C,Hemoglobin A1c,7.6,%,4,5.6,H,Routine,2025-04-08 14:14,2025-04-08 14:33,2025-04-09 05:40
LAB733226,ENC114027,PT10925,WBC,White Blood Cell Count,10.3,K/uL,4.5,11,N,Routine,2025-04-08 14:23,2025-04-08 14:50,2025-04-08 18:05
LAB733227,ENC114027,PT10925,HGB,Hemoglobin,13.3,g/dL,12,17.5,N,Routine,2025-04-08 14:36,2025-04-08 14:50,2025-04-08 20:02
LAB733228,ENC114027,PT10925,PLT,Platelet Count,227,K/uL,150,400,N,Routine,2025-04-08 14:40,2025-04-08 15:07,2025-04-08 17:52
LAB733229,ENC114028,PT11029,GLU,Glucose,221,mg/dL,70,99,H,STAT,2025-04-08 17:40,2025-04-08 17:49,2025-04-08 18:15
LAB733230,ENC114028,PT11029,CREAT,Creatinine,1.63,mg/dL,0.6,1.3,H,STAT,2025-04-08 17:34,2025-04-08 17:42,2025-04-08 18:19
LAB733231,ENC114028,PT11029,WBC,White Blood Cell Count,21.6,K/uL,4.5,11,H,Routine,2025-04-08 17:35,2025-04-08 17:57,2025-04-08 20:41
LAB733232,ENC114028,PT11029,HGB,Hemoglobin,11.6,g/dL,12,17.5,L,STAT,2025-04-08 17:45,2025-04-08 18:17,2025-04-08 18:51
LAB733233,ENC114028,PT11029,LACT,Lactate,3.5,mmol/L,0.5,2,H,STAT,2025-04-08 16:44,2025-04-08 17:03,2025-04-08 18:04
LAB733234,ENC114030,PT12598,GLU,Glucose,127,mg/dL,70,99,H,Routine,2025-04-08 16:10,2025-04-08 16:25,2025-04-08 23:06
LAB733235,ENC114030,PT12598,CREAT,Creatinine,0.79,mg/dL,0.6,1.3,N,STAT,2025-04-08 16:08,2025-04-08 16:13,2025-04-08 17:08
LAB733236,ENC114030,PT12598,WBC,White Blood Cell Count,12.4,K/uL,4.5,11,H,STAT,2025-04-08 16:09,2025-04-08 16:26,2025-04-08 17:08
LAB733237,ENC114030,PT12598,HGB,Hemoglobin,13.3,g/dL,12,17.5,N,Routine,2025-04-08 15:48,2025-04-08 16:14,2025-04-08 19:03
LAB733238,ENC114032,PT11427,GLU,Glucose,102,mg/dL,70,99,H,STAT,2025-04-08 19:33,2025-04-08 19:37,2025-04-08 20:28
LAB733239,ENC114032,PT11427,CREAT,Creatinine,0.93,mg/dL,0.6,1.3,N,Routine,2025-04-08 19:09,2025-04-08 19:36,2025-04-09 00:08
LAB733240,ENC114032,PT11427,WBC,White Blood Cell Count,4.6,K/uL,4.5,11,N,STAT,2025-04-08 18:30,2025-04-08 19:05,2025-04-08 19:46
LAB733241,ENC114032,PT11427,HGB,Hemoglobin,11.9,g/dL,12,17.5,L,STAT,2025-04-08 18:43,2025-04-08 19:05,2025-04-08 19:48
LAB733242,ENC114035,PT10881,GLU,Glucose,123,mg/dL,70,99,H,Routine,2025-04-08 17:20,2025-04-08 17:37,2025-04-08 19:37
LAB733243,ENC114035,PT10881,CREAT,Creatinine,2.28,mg/dL,0.6,1.3,H,Routine,2025-04-08 17:18,2025-04-08 17:47,2025-04-08 20:15
LAB733244,ENC114035,PT10881,WBC,White Blood Cell Count,0.5,K/uL,4.5,11,LL,Routine,2025-04-08 18:02,2025-04-08 18:20,2025-04-08 21:30
LAB733245,ENC114035,PT10881,HGB,Hemoglobin,10.8,g/dL,12,17.5,L,STAT,2025-04-08 18:05,2025-04-08 18:26,2025-04-08 19:03
LAB733246,ENC114037,PT12133,GLU,Glucose,109,mg/dL,70,99,H,STAT,2025-04-08 22:00,2025-04-08 22:35,2025-04-08 23:33
LAB733247,ENC114037,PT12133,CREAT,Creatinine,0.92,mg/dL,0.6,1.3,N,Routine,2025-04-08 22:05,2025-04-08 22:36,2025-04-09 00:41
LAB733248,ENC114037,PT12133,WBC,White Blood Cell Count,6.4,K/uL,4.5,11,N,Routine,2025-04-08 21:22,2025-04-08 21:35,2025-04-09 01:05
LAB733249,ENC114037,PT12133,HGB,Hemoglobin,14.8,g/dL,12,17.5,N,STAT,2025-04-08 21:32,2025-04-08 22:03,2025-04-08 22:45
LAB733250,ENC114037,PT12133,TROP,"Troponin I, High Sensitivity",1,ng/L,0,34,N,STAT,2025-04-08 21:30,2025-04-08 21:59,2025-04-08 22:43
LAB733251,ENC114037,PT12133,BNP,B-Type Natriuretic Peptide,695,pg/mL,0,100,H,STAT,2025-04-08 21:57,2025-04-08 22:01,2025-04-09 00:01
LAB733252,ENC114038,PT13746,GLU,Glucose,96,mg/dL,70,99,N,Routine,2025-04-08 21:12,2025-04-08 21:18,2025-04-08 23:07
LAB733253,ENC114038,PT13746,CREAT,Creatinine,1.07,mg/dL,0.6,1.3,N,STAT,2025-04-08 21:16,2025-04-08 21:48,2025-04-08 22:25
LAB733254,ENC114039,PT11067,GLU,Glucose,134,mg/dL,70,99,H,Routine,2025-04-09 08:34,2025-04-09 08:41,2025-04-09 11:15
LAB733255,ENC114039,PT11067,CREAT,Creatinine,0.84,mg/dL,0.6,1.3,N,Routine,2025-04-09 07:44,2025-04-09 08:04,2025-04-09 10:02
LAB733256,ENC114039,PT11067,WBC,White Blood Cell Count,8.9,K/uL,4.5,11,N,Routine,2025-04-09 08:11,2025-04-09 08:39,2025-04-09 10:42
LAB733257,ENC114039,PT11067,HGB,Hemoglobin,14.9,g/dL,12,17.5,N,STAT,2025-04-09 07:47,2025-04-09 08:16,2025-04-09 08:48
LAB733258,ENC114040,PT12410,GLU,Glucose,112,mg/dL,70,99,H,STAT,2025-04-09 06:49,2025-04-09 07:04,2025-04-09 08:14
LAB733259,ENC114040,PT12410,CREAT,Creatinine,0.8,mg/dL,0.6,1.3,N,STAT,2025-04-09 06:04,2025-04-09 06:25,2025-04-09 06:46
LAB733260,ENC114040,PT12410,WBC,White Blood Cell Count,7.8,K/uL,4.5,11,N,STAT,2025-04-09 06:57,2025-04-09 07:21,2025-04-09 08:22
LAB733261,ENC114040,PT12410,HGB,Hemoglobin,14.9,g/dL,12,17.5,N,STAT,2025-04-09 06:13,2025-04-09 06:27,2025-04-09 07:04
LAB733262,ENC114040,PT12410,BUN,Blood Urea Nitrogen,11,mg/dL,7,20,N,STAT,2025-04-09 05:52,2025-04-09 06:20,2025-04-09 07:06
LAB733263,ENC114040,PT12410,PLT,Platelet Count,168,K/uL,150,400,N,STAT,2025-04-09 06:53,2025-04-09 07:09,2025-04-09 07:44
LAB733264,ENC114042,PT12699,GLU,Glucose,101,mg/dL,70,99,H,Routine,2025-04-09 07:11,2025-04-09 07:37,2025-04-09 11:04
LAB733265,ENC114042,PT12699,CREAT,Creatinine,0.96,mg/dL,0.6,1.3,N,STAT,2025-04-09 08:03,2025-04-09 08:31,2025-04-09 09:05
LAB733266,ENC114042,PT12699,WBC,White Blood Cell Count,10.5,K/uL,4.5,11,N,Routine,2025-04-09 07:53,2025-04-09 08:18,2025-04-09 09:16
LAB733267,ENC114042,PT12699,HGB,Hemoglobin,14.8,g/dL,12,17.5,N,STAT,2025-04-09 08:10,2025-04-09 08:34,2025-04-09 09:11
LAB733268,ENC114042,PT12699,BUN,Blood Urea Nitrogen,8,mg/dL,7,20,N,Routine,2025-04-09 07:28,2025-04-09 07:34,2025-04-09 12:40
LAB733269,ENC114042,PT12699,PLT,Platelet Count,213,K/uL,150,400,N,Routine,2025-04-09 07:44,2025-04-09 08:08,2025-04-09 12:47
LAB733270,ENC114046,PT13673,GLU,Glucose,179,mg/dL,70,99,H,Routine,2025-04-09 13:55,2025-04-09 14:23,2025-04-09 17:06
LAB733271,ENC114046,PT13673,CREAT,Creatinine,1.05,mg/dL,0.6,1.3,N,STAT,2025-04-09 13:29,2025-04-09 13:58,2025-04-09 15:16
LAB733272,ENC114046,PT13673,WBC,White Blood Cell Count,22.9,K/uL,4.5,11,H,Routine,2025-04-09 13:29,2025-04-09 13:57,2025-04-09 15:34
LAB733273,ENC114046,PT13673,HGB,Hemoglobin,12,g/dL,12,17.5,N,STAT,2025-04-09 13:56,2025-04-09 14:13,2025-04-09 15:10
LAB733274,ENC114046,PT13673,LACT,Lactate,3.5,mmol/L,0.5,2,H,STAT,2025-04-09 13:34,2025-04-09 14:01,2025-04-09 14:58
LAB733275,ENC114049,PT12787,A1C,Hemoglobin A1c,5.9,%,4,5.6,H,Routine,2025-04-09 12:05,2025-04-09 12:23,2025-04-10 03:44
LAB733276,ENC114049,PT12787,GLU,Glucose,119,mg/dL,70,99,H,Routine,2025-04-09 12:06,2025-04-09 12:11,2025-04-09 13:06
LAB733277,ENC114049,PT12787,CREAT,Creatinine,1.05,mg/dL,0.6,1.3,N,Routine,2025-04-09 12:14,2025-04-09 12:34,2025-04-09 14:11
LAB733278,ENC114050,PT10148,GLU,Glucose,83,mg/dL,70,99,N,Routine,2025-04-09 13:04,2025-04-09 13:14,2025-04-09 18:07
LAB733279,ENC114050,PT10148,CREAT,Creatinine,1,mg/dL,0.6,1.3,N,Routine,2025-04-09 12:59,2025-04-09 13:10,2025-04-09 16:31
LAB733280,ENC114050,PT10148,WBC,White Blood Cell Count,7.2,K/uL,4.5,11,N,Routine,2025-04-09 13:19,2025-04-09 13:31,2025-04-09 17:01
LAB733281,ENC114053,PT10889,GLU,Glucose,95,mg/dL,70,99,N,Routine,2025-04-09 18:58,2025-04-09 19:02,2025-04-09 21:10
LAB733282,ENC114053,PT10889,CREAT,Creatinine,0.87,mg/dL,0.6,1.3,N,STAT,2025-04-09 19:09,2025-04-09 19:21,2025-04-09 20:16
LAB733283,ENC114053,PT10889,WBC,White Blood Cell Count,9.1,K/uL,4.5,11,N,STAT,2025-04-09 18:29,2025-04-09 18:57,2025-04-09 19:28
LAB733284,ENC114053,PT10889,HGB,Hemoglobin,15,g/dL,12,17.5,N,STAT,2025-04-09 18:50,2025-04-09 19:06,2025-04-09 20:11
LAB733285,ENC114053,PT10889,NA,Sodium,130,mmol/L,136,145,L,STAT,2025-04-09 19:04,2025-04-09 19:35,2025-04-09 20:35
LAB733286,ENC114053,PT10889,K,Potassium,4,mmol/L,3.5,5.1,N,STAT,2025-04-09 18:45,2025-04-09 18:49,2025-04-09 19:23
LAB733287,ENC114054,PT13727,GLU,Glucose,97,mg/dL,70,99,N,STAT,2025-04-09 18:52,2025-04-09 19:05,2025-04-09 19:26
LAB733288,ENC114054,PT13727,CREAT,Creatinine,0.94,mg/dL,0.6,1.3,N,Routine,2025-04-09 19:35,2025-04-09 19:43,2025-04-09 21:10
LAB733289,ENC114054,PT13727,WBC,White Blood Cell Count,5.1,K/uL,4.5,11,N,Routine,2025-04-09 19:04,2025-04-09 19:11,2025-04-09 23:45
LAB733290,ENC114054,PT13727,HGB,Hemoglobin,13.4,g/dL,12,17.5,N,Routine,2025-04-09 19:12,2025-04-09 19:38,2025-04-09 21:33
LAB733291,ENC114055,PT12687,GLU,Glucose,79,mg/dL,70,99,N,Routine,2025-04-09 20:11,2025-04-09 20:41,2025-04-09 23:24
LAB733292,ENC114055,PT12687,CREAT,Creatinine,2.11,mg/dL,0.6,1.3,H,Routine,2025-04-09 20:23,2025-04-09 20:50,2025-04-09 22:26
LAB733293,ENC114055,PT12687,WBC,White Blood Cell Count,16.9,K/uL,4.5,11,H,Routine,2025-04-09 19:53,2025-04-09 20:10,2025-04-10 00:30
LAB733294,ENC114055,PT12687,HGB,Hemoglobin,12.3,g/dL,12,17.5,N,STAT,2025-04-09 20:06,2025-04-09 20:15,2025-04-09 20:43
LAB733295,ENC114056,PT13070,LDL,LDL Cholesterol,90,mg/dL,0,99,N,Routine,2025-04-09 15:45,2025-04-09 15:56,2025-04-10 06:47
LAB733296,ENC114057,PT12070,GLU,Glucose,109,mg/dL,70,99,H,STAT,2025-04-09 17:49,2025-04-09 18:17,2025-04-09 19:04
LAB733297,ENC114057,PT12070,CREAT,Creatinine,0.4,mg/dL,0.6,1.3,L,Routine,2025-04-09 18:31,2025-04-09 18:54,2025-04-10 00:01
LAB733298,ENC114057,PT12070,WBC,White Blood Cell Count,8.2,K/uL,4.5,11,N,STAT,2025-04-09 17:50,2025-04-09 18:24,2025-04-09 19:16
LAB733299,ENC114057,PT12070,HGB,Hemoglobin,14.1,g/dL,12,17.5,N,STAT,2025-04-09 17:58,2025-04-09 18:24,2025-04-09 19:45
LAB733300,ENC114057,PT12070,NA,Sodium,139,mmol/L,136,145,N,Routine,2025-04-09 18:24,2025-04-09 18:38,2025-04-09 21:47
LAB733301,ENC114057,PT12070,K,Potassium,3.9,mmol/L,3.5,5.1,N,STAT,2025-04-09 18:10,2025-04-09 18:18,2025-04-09 19:28
LAB733302,ENC114057,PT12070,BUN,Blood Urea Nitrogen,14,mg/dL,7,20,N,STAT,2025-04-09 18:14,2025-04-09 18:30,2025-04-09 19:13
LAB733303,ENC114057,PT12070,PLT,Platelet Count,313,K/uL,150,400,N,STAT,2025-04-09 18:24,2025-04-09 18:33,2025-04-09 19:53
LAB733304,ENC114057,PT12070,LACT,Lactate,2.5,mmol/L,0.5,2,H,STAT,2025-04-09 17:40,2025-04-09 18:08,2025-04-09 19:12
LAB733305,ENC114058,PT13581,GLU,Glucose,98,mg/dL,70,99,N,STAT,2025-04-09 19:23,2025-04-09 19:40,2025-04-09 20:10
LAB733306,ENC114058,PT13581,CREAT,Creatinine,1.13,mg/dL,0.6,1.3,N,STAT,2025-04-09 20:03,2025-04-09 20:11,2025-04-09 20:35
LAB733307,ENC114058,PT13581,WBC,White Blood Cell Count,7.3,K/uL,4.5,11,N,Routine,2025-04-09 19:26,2025-04-09 19:53,2025-04-09 22:19
LAB733308,ENC114058,PT13581,HGB,Hemoglobin,14.6,g/dL,12,17.5,N,STAT,2025-04-09 19:59,2025-04-09 20:03,2025-04-09 20:53
LAB733309,ENC114058,PT13581,NA,Sodium,137,mmol/L,136,145,N,STAT,2025-04-09 19:07,2025-04-09 19:31,2025-04-09 20:01
LAB733310,ENC114058,PT13581,K,Potassium,4.4,mmol/L,3.5,5.1,N,STAT,2025-04-09 19:50,2025-04-09 20:24,2025-04-09 21:36
LAB733311,ENC114059,PT11126,GLU,Glucose,91,mg/dL,70,99,N,Routine,2025-04-09 18:46,2025-04-09 18:57,2025-04-09 20:39
LAB733312,ENC114059,PT11126,CREAT,Creatinine,1.01,mg/dL,0.6,1.3,N,STAT,2025-04-09 19:02,2025-04-09 19:34,2025-04-09 20:26
LAB733313,ENC114059,PT11126,WBC,White Blood Cell Count,9.7,K/uL,4.5,11,N,STAT,2025-04-09 18:09,2025-04-09 18:25,2025-04-09 19:07
LAB733314,ENC114061,PT13637,GLU,Glucose,312,mg/dL,70,99,H,Routine,2025-04-10 02:52,2025-04-10 03:15,2025-04-10 05:13
LAB733315,ENC114061,PT13637,CREAT,Creatinine,1.06,mg/dL,0.6,1.3,N,Routine,2025-04-10 03:10,2025-04-10 03:14,2025-04-10 13:50
LAB733316,ENC114061,PT13637,WBC,White Blood Cell Count,7,K/uL,4.5,11,N,Routine,2025-04-10 02:58,2025-04-10 03:32,2025-04-10 05:37
LAB733317,ENC114061,PT13637,HGB,Hemoglobin,12.7,g/dL,12,17.5,N,Routine,2025-04-10 02:36,2025-04-10 02:56,2025-04-10 05:26
LAB733318,ENC114061,PT13637,NA,Sodium,145,mmol/L,136,145,N,Routine,2025-04-10 03:05,2025-04-10 03:37,2025-04-10 09:02
LAB733319,ENC114061,PT13637,K,Potassium,4.2,mmol/L,3.5,5.1,N,STAT,2025-04-10 03:21,2025-04-10 03:53,2025-04-10 04:55
LAB733320,ENC114061,PT13637,A1C,Hemoglobin A1c,9.4,%,4,5.6,H,STAT,2025-04-10 02:44,2025-04-10 03:00,2025-04-10 03:53
LAB733321,ENC114062,PT13762,GLU,Glucose,103,mg/dL,70,99,H,STAT,2025-04-10 03:26,2025-04-10 03:54,2025-04-10 04:31
LAB733322,ENC114062,PT13762,CREAT,Creatinine,0.79,mg/dL,0.6,1.3,N,STAT,2025-04-10 03:28,2025-04-10 03:37,2025-04-10 04:02
LAB733323,ENC114062,PT13762,WBC,White Blood Cell Count,21.1,K/uL,4.5,11,H,STAT,2025-04-10 03:33,2025-04-10 03:52,2025-04-10 04:34
LAB733324,ENC114062,PT13762,HGB,Hemoglobin,12.4,g/dL,12,17.5,N,Routine,2025-04-10 04:04,2025-04-10 04:18,2025-04-10 07:04
LAB733325,ENC114065,PT11249,GLU,Glucose,131,mg/dL,70,99,H,Routine,2025-04-10 12:37,2025-04-10 12:46,2025-04-10 14:49
LAB733326,ENC114065,PT11249,CREAT,Creatinine,0.55,mg/dL,0.6,1.3,L,STAT,2025-04-10 12:44,2025-04-10 12:51,2025-04-10 13:26
LAB733327,ENC114065,PT11249,WBC,White Blood Cell Count,20.8,K/uL,4.5,11,H,Routine,2025-04-10 12:23,2025-04-10 12:47,2025-04-10 20:09
LAB733328,ENC114065,PT11249,HGB,Hemoglobin,14.8,g/dL,12,17.5,N,STAT,2025-04-10 12:20,2025-04-10 12:45,2025-04-10 13:36
LAB733329,ENC114065,PT11249,LACT,Lactate,2.8,mmol/L,0.5,2,H,STAT,2025-04-10 13:06,2025-04-10 13:31,2025-04-10 16:50
LAB733330,ENC114067,PT13103,GLU,Glucose,137,mg/dL,70,99,H,STAT,2025-04-10 09:51,2025-04-10 10:17,2025-04-10 11:18
LAB733331,ENC114067,PT13103,CREAT,Creatinine,0.97,mg/dL,0.6,1.3,N,Routine,2025-04-10 09:58,2025-04-10 10:02,2025-04-10 13:41
LAB733332,ENC114067,PT13103,WBC,White Blood Cell Count,9.7,K/uL,4.5,11,N,Routine,2025-04-10 10:00,2025-04-10 10:28,2025-04-10 16:17
LAB733333,ENC114068,PT11820,LDL,LDL Cholesterol,77,mg/dL,0,99,N,Routine,2025-04-10 09:56,2025-04-10 10:04,2025-04-10 15:46
LAB733334,ENC114068,PT11820,A1C,Hemoglobin A1c,8.6,%,4,5.6,H,Routine,2025-04-10 09:52,2025-04-10 10:10,2025-04-11 08:10
LAB733335,ENC114071,PT10210,GLU,Glucose,100,mg/dL,70,99,H,Routine,2025-04-10 11:32,2025-04-10 12:00,2025-04-10 13:45
LAB733336,ENC114071,PT10210,CREAT,Creatinine,1.01,mg/dL,0.6,1.3,N,STAT,2025-04-10 11:05,2025-04-10 11:31,2025-04-10 12:08
LAB733337,ENC114072,PT11037,GLU,Glucose,128,mg/dL,70,99,H,Routine,2025-04-10 12:01,2025-04-10 12:16,2025-04-10 14:23
LAB733338,ENC114072,PT11037,CREAT,Creatinine,1.52,mg/dL,0.6,1.3,H,STAT,2025-04-10 12:17,2025-04-10 12:33,2025-04-10 14:02
LAB733339,ENC114072,PT11037,WBC,White Blood Cell Count,9.7,K/uL,4.5,11,N,STAT,2025-04-10 11:43,2025-04-10 12:13,2025-04-10 13:07
LAB733340,ENC114072,PT11037,HGB,Hemoglobin,10.5,g/dL,12,17.5,L,STAT,2025-04-10 11:58,2025-04-10 12:25,2025-04-10 13:18
LAB733341,ENC114074,PT10453,GLU,Glucose,116,mg/dL,70,99,H,Routine,2025-04-10 13:52,2025-04-10 14:24,2025-04-10 16:49
LAB733342,ENC114074,PT10453,CREAT,Creatinine,0.5,mg/dL,0.6,1.3,L,Routine,2025-04-10 14:10,2025-04-10 14:17,2025-04-10 16:01
LAB733343,ENC114079,PT13945,GLU,Glucose,98,mg/dL,70,99,N,STAT,2025-04-10 15:34,2025-04-10 16:08,2025-04-10 17:06
LAB733344,ENC114079,PT13945,CREAT,Creatinine,0.87,mg/dL,0.6,1.3,N,Routine,2025-04-10 15:32,2025-04-10 15:39,2025-04-10 17:05
LAB733345,ENC114079,PT13945,WBC,White Blood Cell Count,7.1,K/uL,4.5,11,N,Routine,2025-04-10 15:39,2025-04-10 16:06,2025-04-10 21:00
LAB733346,ENC114080,PT11367,GLU,Glucose,89,mg/dL,70,99,N,STAT,2025-04-10 16:00,2025-04-10 16:14,2025-04-10 17:00
LAB733347,ENC114080,PT11367,CREAT,Creatinine,1.13,mg/dL,0.6,1.3,N,STAT,2025-04-10 15:55,2025-04-10 16:24,2025-04-10 16:43
LAB733348,ENC114080,PT11367,WBC,White Blood Cell Count,7.1,K/uL,4.5,11,N,STAT,2025-04-10 15:18,2025-04-10 15:53,2025-04-10 16:24
LAB733349,ENC114083,PT10996,GLU,Glucose,109,mg/dL,70,99,H,STAT,2025-04-10 18:58,2025-04-10 19:11,2025-04-10 20:01
LAB733350,ENC114083,PT10996,CREAT,Creatinine,0.89,mg/dL,0.6,1.3,N,STAT,2025-04-10 18:02,2025-04-10 18:15,2025-04-10 18:55
LAB733351,ENC114083,PT10996,WBC,White Blood Cell Count,10.4,K/uL,4.5,11,N,STAT,2025-04-10 18:42,2025-04-10 18:49,2025-04-10 19:29
LAB733352,ENC114083,PT10996,HGB,Hemoglobin,13.1,g/dL,12,17.5,N,STAT,2025-04-10 18:35,2025-04-10 18:54,2025-04-10 20:02
LAB733353,ENC114083,PT10996,NA,Sodium,143,mmol/L,136,145,N,Routine,2025-04-10 18:01,2025-04-10 18:06,2025-04-10 21:53
LAB733354,ENC114083,PT10996,K,Potassium,4.3,mmol/L,3.5,5.1,N,STAT,2025-04-10 17:57,2025-04-10 18:25,2025-04-10 18:56
LAB733355,ENC114084,PT12093,A1C,Hemoglobin A1c,7.7,%,4,5.6,H,Routine,2025-04-10 15:43,2025-04-10 16:14,2025-04-10 23:42
LAB733356,ENC114084,PT12093,GLU,Glucose,159,mg/dL,70,99,H,Routine,2025-04-10 15:46,2025-04-10 16:00,2025-04-10 16:57
LAB733357,ENC114084,PT12093,CREAT,Creatinine,0.72,mg/dL,0.6,1.3,N,Routine,2025-04-10 15:40,2025-04-10 15:49,2025-04-10 20:58
LAB733358,ENC114086,PT12040,LDL,LDL Cholesterol,107,mg/dL,0,99,H,Routine,2025-04-10 16:26,2025-04-10 16:34,2025-04-11 00:38
LAB733359,ENC114086,PT12040,A1C,Hemoglobin A1c,5.5,%,4,5.6,N,Routine,2025-04-10 16:07,2025-04-10 16:40,2025-04-11 19:57
LAB733360,ENC114086,PT12040,TSH,Thyroid Stimulating Hormone,4.1,mIU/L,0.4,4,H,Routine,2025-04-10 16:15,2025-04-10 16:41,2025-04-11 02:39
LAB733361,ENC114087,PT13531,GLU,Glucose,231,mg/dL,70,99,H,Routine,2025-04-10 17:35,2025-04-10 17:45,2025-04-11 01:12
LAB733362,ENC114087,PT13531,CREAT,Creatinine,1.19,mg/dL,0.6,1.3,N,STAT,2025-04-10 16:59,2025-04-10 17:08,2025-04-10 17:34
LAB733363,ENC114087,PT13531,WBC,White Blood Cell Count,13.9,K/uL,4.5,11,H,STAT,2025-04-10 17:36,2025-04-10 17:46,2025-04-10 18:55
LAB733364,ENC114087,PT13531,HGB,Hemoglobin,13.5,g/dL,12,17.5,N,STAT,2025-04-10 17:43,2025-04-10 18:17,2025-04-10 18:52
LAB733365,ENC114088,PT10950,GLU,Glucose,58,mg/dL,70,99,L,STAT,2025-04-10 17:30,2025-04-10 17:58,2025-04-10 18:27
LAB733366,ENC114088,PT10950,CREAT,Creatinine,0.31,mg/dL,0.6,1.3,L,Routine,2025-04-10 17:55,2025-04-10 18:16,2025-04-10 20:16
LAB733367,ENC114088,PT10950,WBC,White Blood Cell Count,7.1,K/uL,4.5,11,N,Routine,2025-04-10 17:36,2025-04-10 17:48,2025-04-10 19:45
LAB733368,ENC114088,PT10950,HGB,Hemoglobin,14.7,g/dL,12,17.5,N,STAT,2025-04-10 18:33,2025-04-10 18:56,2025-04-10 19:32
LAB733369,ENC114091,PT10952,GLU,Glucose,125,mg/dL,70,99,H,STAT,2025-04-10 19:20,2025-04-10 19:51,2025-04-10 20:29
LAB733370,ENC114091,PT10952,CREAT,Creatinine,0.51,mg/dL,0.6,1.3,L,STAT,2025-04-10 19:00,2025-04-10 19:22,2025-04-10 20:19
LAB733371,ENC114094,PT12230,GLU,Glucose,116,mg/dL,70,99,H,Routine,2025-04-11 00:52,2025-04-11 01:06,2025-04-11 04:33
LAB733372,ENC114094,PT12230,CREAT,Creatinine,1.06,mg/dL,0.6,1.3,N,STAT,2025-04-10 23:55,2025-04-11 00:01,2025-04-11 00:32
LAB733373,ENC114094,PT12230,WBC,White Blood Cell Count,11.3,K/uL,4.5,11,H,STAT,2025-04-11 00:10,2025-04-11 00:23,2025-04-11 01:21
LAB733374,ENC114094,PT12230,HGB,Hemoglobin,9.5,g/dL,12,17.5,L,STAT,2025-04-11 00:05,2025-04-11 00:11,2025-04-11 00:47
LAB733375,ENC114094,PT12230,BUN,Blood Urea Nitrogen,10,mg/dL,7,20,N,STAT,2025-04-10 23:55,2025-04-11 00:03,2025-04-11 01:02
LAB733376,ENC114094,PT12230,PLT,Platelet Count,353,K/uL,150,400,N,Routine,2025-04-11 00:11,2025-04-11 00:36,2025-04-11 02:54
LAB733377,ENC114094,PT12230,TROP,"Troponin I, High Sensitivity",8,ng/L,0,34,N,STAT,2025-04-11 00:38,2025-04-11 00:45,2025-04-11 01:16
LAB733378,ENC114094,PT12230,BNP,B-Type Natriuretic Peptide,459,pg/mL,0,100,H,Routine,2025-04-11 00:33,2025-04-11 00:58,2025-04-11 06:55
LAB733379,ENC114095,PT10221,GLU,Glucose,90,mg/dL,70,99,N,STAT,2025-04-11 02:19,2025-04-11 02:27,2025-04-11 03:52
LAB733380,ENC114095,PT10221,CREAT,Creatinine,0.87,mg/dL,0.6,1.3,N,STAT,2025-04-11 02:29,2025-04-11 03:00,2025-04-11 03:27
LAB733381,ENC114095,PT10221,WBC,White Blood Cell Count,12.9,K/uL,4.5,11,H,STAT,2025-04-11 02:11,2025-04-11 02:39,2025-04-11 03:58
LAB733382,ENC114095,PT10221,HGB,Hemoglobin,14.3,g/dL,12,17.5,N,STAT,2025-04-11 02:37,2025-04-11 02:49,2025-04-11 03:23
LAB733383,ENC114096,PT10507,TROP,"Troponin I, High Sensitivity",60,ng/L,0,34,H,STAT,2025-04-11 00:42,2025-04-11 01:14,2025-04-11 02:00
LAB733384,ENC114097,PT11381,GLU,Glucose,119,mg/dL,70,99,H,STAT,2025-04-11 01:26,2025-04-11 01:54,2025-04-11 02:58
LAB733385,ENC114097,PT11381,CREAT,Creatinine,0.69,mg/dL,0.6,1.3,N,Routine,2025-04-11 01:08,2025-04-11 01:43,2025-04-11 03:52
LAB733386,ENC114097,PT11381,WBC,White Blood Cell Count,5.9,K/uL,4.5,11,N,STAT,2025-04-11 02:07,2025-04-11 02:17,2025-04-11 02:48
LAB733387,ENC114097,PT11381,HGB,Hemoglobin,13.1,g/dL,12,17.5,N,Routine,2025-04-11 01:26,2025-04-11 01:57,2025-04-11 03:39
LAB733388,ENC114097,PT11381,NA,Sodium,139,mmol/L,136,145,N,STAT,2025-04-11 01:14,2025-04-11 01:30,2025-04-11 02:04
LAB733389,ENC114097,PT11381,K,Potassium,4,mmol/L,3.5,5.1,N,STAT,2025-04-11 01:50,2025-04-11 02:20,2025-04-11 03:42
LAB733390,ENC114100,PT10718,GLU,Glucose,176,mg/dL,70,99,H,Routine,2025-04-11 05:39,2025-04-11 06:06,2025-04-11 11:14
LAB733391,ENC114100,PT10718,CREAT,Creatinine,0.92,mg/dL,0.6,1.3,N,STAT,2025-04-11 06:23,2025-04-11 06:49,2025-04-11 08:02
LAB733392,ENC114100,PT10718,WBC,White Blood Cell Count,12,K/uL,4.5,11,H,STAT,2025-04-11 05:54,2025-04-11 06:05,2025-04-11 06:56
LAB733393,ENC114100,PT10718,HGB,Hemoglobin,17.3,g/dL,12,17.5,N,Routine,2025-04-11 06:37,2025-04-11 07:07,2025-04-11 10:08
LAB733394,ENC114100,PT10718,NA,Sodium,125,mmol/L,136,145,L,Routine,2025-04-11 05:41,2025-04-11 06:08,2025-04-11 07:35
LAB733395,ENC114100,PT10718,K,Potassium,3.5,mmol/L,3.5,5.1,N,STAT,2025-04-11 05:46,2025-04-11 06:13,2025-04-11 08:05
LAB733396,ENC114100,PT10718,BUN,Blood Urea Nitrogen,17,mg/dL,7,20,N,STAT,2025-04-11 06:22,2025-04-11 06:42,2025-04-11 07:58
LAB733397,ENC114100,PT10718,PLT,Platelet Count,175,K/uL,150,400,N,STAT,2025-04-11 06:15,2025-04-11 06:42,2025-04-11 07:39
LAB733398,ENC114102,PT11549,GLU,Glucose,101,mg/dL,70,99,H,Routine,2025-04-11 11:46,2025-04-11 11:50,2025-04-11 14:45
LAB733399,ENC114102,PT11549,CREAT,Creatinine,0.91,mg/dL,0.6,1.3,N,Routine,2025-04-11 11:25,2025-04-11 11:46,2025-04-11 13:38
LAB733400,ENC114102,PT11549,WBC,White Blood Cell Count,6.3,K/uL,4.5,11,N,Routine,2025-04-11 11:20,2025-04-11 11:47,2025-04-11 16:12
LAB733401,ENC114102,PT11549,HGB,Hemoglobin,12.2,g/dL,12,17.5,N,Routine,2025-04-11 11:27,2025-04-11 11:41,2025-04-11 20:58
LAB733402,ENC114102,PT11549,TROP,"Troponin I, High Sensitivity",68,ng/L,0,34,H,STAT,2025-04-11 11:49,2025-04-11 12:18,2025-04-11 13:24
LAB733403,ENC114102,PT11549,BNP,B-Type Natriuretic Peptide,259,pg/mL,0,100,H,STAT,2025-04-11 11:28,2025-04-11 11:48,2025-04-11 12:08
LAB733404,ENC114103,PT12524,A1C,Hemoglobin A1c,4.1,%,4,5.6,N,Routine,2025-04-11 08:51,2025-04-11 09:05,2025-04-11 20:29
LAB733405,ENC114104,PT10794,A1C,Hemoglobin A1c,9,%,4,5.6,H,Routine,2025-04-11 09:25,2025-04-11 09:44,2025-04-12 05:32
LAB733406,ENC114105,PT13777,GLU,Glucose,111,mg/dL,70,99,H,STAT,2025-04-11 12:38,2025-04-11 12:43,2025-04-11 13:47
LAB733407,ENC114105,PT13777,CREAT,Creatinine,0.9,mg/dL,0.6,1.3,N,STAT,2025-04-11 12:43,2025-04-11 13:15,2025-04-11 13:43
LAB733408,ENC114105,PT13777,WBC,White Blood Cell Count,7.9,K/uL,4.5,11,N,STAT,2025-04-11 12:41,2025-04-11 13:03,2025-04-11 13:42
LAB733409,ENC114105,PT13777,HGB,Hemoglobin,15.9,g/dL,12,17.5,N,STAT,2025-04-11 13:34,2025-04-11 13:51,2025-04-11 14:45
LAB733410,ENC114105,PT13777,BUN,Blood Urea Nitrogen,11,mg/dL,7,20,N,STAT,2025-04-11 12:41,2025-04-11 13:04,2025-04-11 14:12
LAB733411,ENC114105,PT13777,PLT,Platelet Count,270,K/uL,150,400,N,Routine,2025-04-11 13:25,2025-04-11 13:53,2025-04-11 16:16
LAB733412,ENC114107,PT10788,GLU,Glucose,91,mg/dL,70,99,N,STAT,2025-04-11 11:04,2025-04-11 11:34,2025-04-11 12:16
LAB733413,ENC114107,PT10788,CREAT,Creatinine,0.72,mg/dL,0.6,1.3,N,STAT,2025-04-11 10:28,2025-04-11 10:38,2025-04-11 11:43
LAB733414,ENC114107,PT10788,WBC,White Blood Cell Count,8.1,K/uL,4.5,11,N,STAT,2025-04-11 10:25,2025-04-11 10:39,2025-04-11 11:30
LAB733415,ENC114107,PT10788,TROP,"Troponin I, High Sensitivity",17,ng/L,0,34,N,STAT,2025-04-11 10:45,2025-04-11 11:00,2025-04-11 11:24
LAB733416,ENC114108,PT13515,GLU,Glucose,84,mg/dL,70,99,N,Routine,2025-04-11 10:30,2025-04-11 10:36,2025-04-11 12:23
LAB733417,ENC114108,PT13515,CREAT,Creatinine,0.79,mg/dL,0.6,1.3,N,Routine,2025-04-11 10:24,2025-04-11 10:35,2025-04-11 12:45
LAB733418,ENC114108,PT13515,WBC,White Blood Cell Count,14.4,K/uL,4.5,11,H,Routine,2025-04-11 10:18,2025-04-11 10:46,2025-04-11 12:07
LAB733419,ENC114112,PT11674,GLU,Glucose,125,mg/dL,70,99,H,Routine,2025-04-11 10:43,2025-04-11 10:51,2025-04-11 13:13
LAB733420,ENC114112,PT11674,CREAT,Creatinine,1.1,mg/dL,0.6,1.3,N,STAT,2025-04-11 10:46,2025-04-11 11:02,2025-04-11 11:59
LAB733421,ENC114112,PT11674,WBC,White Blood Cell Count,6,K/uL,4.5,11,N,STAT,2025-04-11 11:51,2025-04-11 11:56,2025-04-11 12:35
LAB733422,ENC114112,PT11674,TROP,"Troponin I, High Sensitivity",8,ng/L,0,34,N,STAT,2025-04-11 10:44,2025-04-11 11:04,2025-04-11 11:54
LAB733423,ENC114114,PT13079,GLU,Glucose,100,mg/dL,70,99,H,STAT,2025-04-11 16:58,2025-04-11 17:19,2025-04-11 18:45
LAB733424,ENC114114,PT13079,CREAT,Creatinine,0.73,mg/dL,0.6,1.3,N,STAT,2025-04-11 16:29,2025-04-11 16:58,2025-04-11 18:22
LAB733425,ENC114114,PT13079,WBC,White Blood Cell Count,19.3,K/uL,4.5,11,H,STAT,2025-04-11 16:22,2025-04-11 16:36,2025-04-11 17:30
LAB733426,ENC114114,PT13079,HGB,Hemoglobin,15.3,g/dL,12,17.5,N,STAT,2025-04-11 16:41,2025-04-11 17:05,2025-04-11 17:35
LAB733427,ENC114114,PT13079,NA,Sodium,138,mmol/L,136,145,N,STAT,2025-04-11 17:05,2025-04-11 17:21,2025-04-11 18:13
LAB733428,ENC114114,PT13079,K,Potassium,4.1,mmol/L,3.5,5.1,N,STAT,2025-04-11 16:12,2025-04-11 16:22,2025-04-11 17:25
LAB733429,ENC114115,PT13918,GLU,Glucose,200,mg/dL,70,99,H,Routine,2025-04-11 14:04,2025-04-11 14:31,2025-04-11 18:34
LAB733430,ENC114115,PT13918,CREAT,Creatinine,1,mg/dL,0.6,1.3,N,STAT,2025-04-11 14:58,2025-04-11 15:06,2025-04-11 15:49
LAB733431,ENC114115,PT13918,WBC,White Blood Cell Count,9.2,K/uL,4.5,11,N,Routine,2025-04-11 14:10,2025-04-11 14:32,2025-04-11 16:22
LAB733432,ENC114115,PT13918,HGB,Hemoglobin,9.2,g/dL,12,17.5,L,STAT,2025-04-11 14:26,2025-04-11 14:43,2025-04-11 15:24
LAB733433,ENC114116,PT12546,A1C,Hemoglobin A1c,8.3,%,4,5.6,H,Routine,2025-04-11 11:59,2025-04-11 12:27,2025-04-12 05:15
LAB733434,ENC114116,PT12546,GLU,Glucose,234,mg/dL,70,99,H,Routine,2025-04-11 12:09,2025-04-11 12:30,2025-04-11 16:21
LAB733435,ENC114116,PT12546,CREAT,Creatinine,0.96,mg/dL,0.6,1.3,N,Routine,2025-04-11 12:05,2025-04-11 12:11,2025-04-11 14:21
LAB733436,ENC114124,PT12599,GLU,Glucose,119,mg/dL,70,99,H,STAT,2025-04-11 18:20,2025-04-11 18:54,2025-04-11 19:22
LAB733437,ENC114124,PT12599,CREAT,Creatinine,0.9,mg/dL,0.6,1.3,N,STAT,2025-04-11 18:07,2025-04-11 18:29,2025-04-11 19:11
LAB733438,ENC114124,PT12599,WBC,White Blood Cell Count,7.1,K/uL,4.5,11,N,Routine,2025-04-11 19:09,2025-04-11 19:32,2025-04-11 21:56
LAB733439,ENC114124,PT12599,HGB,Hemoglobin,15,g/dL,12,17.5,N,Routine,2025-04-11 19:15,2025-04-11 19:42,2025-04-11 23:03
LAB733440,ENC114124,PT12599,BUN,Blood Urea Nitrogen,12,mg/dL,7,20,N,STAT,2025-04-11 18:26,2025-04-11 18:45,2025-04-11 19:48
LAB733441,ENC114124,PT12599,PLT,Platelet Count,105,K/uL,150,400,L,Routine,2025-04-11 18:20,2025-04-11 18:42,2025-04-11 20:13
LAB733442,ENC114124,PT12599,TROP,"Troponin I, High Sensitivity",5,ng/L,0,34,N,STAT,2025-04-11 18:42,2025-04-11 19:16,2025-04-11 20:40
LAB733443,ENC114124,PT12599,BNP,B-Type Natriuretic Peptide,1977,pg/mL,0,100,H,STAT,2025-04-11 18:51,2025-04-11 19:06,2025-04-11 20:10
LAB733444,ENC114125,PT10337,GLU,Glucose,114,mg/dL,70,99,H,Routine,2025-04-11 17:41,2025-04-11 18:02,2025-04-11 19:31
LAB733445,ENC114125,PT10337,CREAT,Creatinine,0.62,mg/dL,0.6,1.3,N,STAT,2025-04-11 18:01,2025-04-11 18:06,2025-04-11 19:23
LAB733446,ENC114125,PT10337,WBC,White Blood Cell Count,7.3,K/uL,4.5,11,N,STAT,2025-04-11 17:53,2025-04-11 18:14,2025-04-11 19:55
LAB733447,ENC114125,PT10337,HGB,Hemoglobin,13.7,g/dL,12,17.5,N,Routine,2025-04-11 18:05,2025-04-11 18:30,2025-04-11 21:21
LAB733448,ENC114126,PT11492,A1C,Hemoglobin A1c,11.2,%,4,5.6,H,Routine,2025-04-11 15:14,2025-04-11 15:46,2025-04-12 01:02
LAB733449,ENC114126,PT11492,GLU,Glucose,297,mg/dL,70,99,H,Routine,2025-04-11 15:30,2025-04-11 15:35,2025-04-11 18:09
LAB733450,ENC114126,PT11492,CREAT,Creatinine,1.22,mg/dL,0.6,1.3,N,Routine,2025-04-11 15:10,2025-04-11 15:30,2025-04-11 18:41
LAB733451,ENC114128,PT11337,A1C,Hemoglobin A1c,5.2,%,4,5.6,N,Routine,2025-04-11 16:24,2025-04-11 16:48,2025-04-12 21:04
LAB733452,ENC114130,PT11214,GLU,Glucose,70,mg/dL,70,99,N,STAT,2025-04-11 18:59,2025-04-11 19:16,2025-04-11 20:08
LAB733453,ENC114130,PT11214,CREAT,Creatinine,0.97,mg/dL,0.6,1.3,N,Routine,2025-04-11 19:04,2025-04-11 19:17,2025-04-11 21:05
LAB733454,ENC114130,PT11214,WBC,White Blood Cell Count,7,K/uL,4.5,11,N,STAT,2025-04-11 19:38,2025-04-11 20:05,2025-04-11 21:28
LAB733455,ENC114130,PT11214,HGB,Hemoglobin,14.6,g/dL,12,17.5,N,Routine,2025-04-11 19:16,2025-04-11 19:39,2025-04-11 21:35
LAB733456,ENC114130,PT11214,TROP,"Troponin I, High Sensitivity",883,ng/L,0,34,H,STAT,2025-04-11 19:41,2025-04-11 20:12,2025-04-11 21:07
LAB733457,ENC114131,PT13399,GLU,Glucose,119,mg/dL,70,99,H,STAT,2025-04-11 22:29,2025-04-11 22:35,2025-04-11 23:14
LAB733458,ENC114131,PT13399,CREAT,Creatinine,0.86,mg/dL,0.6,1.3,N,STAT,2025-04-11 22:21,2025-04-11 22:50,2025-04-11 23:51
LAB733459,ENC114131,PT13399,WBC,White Blood Cell Count,8.9,K/uL,4.5,11,N,STAT,2025-04-11 21:37,2025-04-11 21:44,2025-04-11 22:15
LAB733460,ENC114131,PT13399,HGB,Hemoglobin,13.6,g/dL,12,17.5,N,Routine,2025-04-11 22:11,2025-04-11 22:38,2025-04-12 02:42
LAB733461,ENC114133,PT10672,GLU,Glucose,105,mg/dL,70,99,H,Routine,2025-04-12 03:02,2025-04-12 03:14,2025-04-12 05:14
LAB733462,ENC114133,PT10672,CREAT,Creatinine,0.76,mg/dL,0.6,1.3,N,STAT,2025-04-12 02:51,2025-04-12 03:22,2025-04-12 03:55
LAB733463,ENC114133,PT10672,WBC,White Blood Cell Count,12.2,K/uL,4.5,11,H,STAT,2025-04-12 02:44,2025-04-12 02:56,2025-04-12 03:28
LAB733464,ENC114133,PT10672,HGB,Hemoglobin,15.5,g/dL,12,17.5,N,STAT,2025-04-12 02:59,2025-04-12 03:25,2025-04-12 05:21
LAB733465,ENC114135,PT13549,GLU,Glucose,97,mg/dL,70,99,N,Routine,2025-04-12 03:10,2025-04-12 03:28,2025-04-12 04:08
LAB733466,ENC114135,PT13549,CREAT,Creatinine,0.97,mg/dL,0.6,1.3,N,Routine,2025-04-12 03:50,2025-04-12 04:06,2025-04-12 06:50
LAB733467,ENC114135,PT13549,WBC,White Blood Cell Count,7.6,K/uL,4.5,11,N,Routine,2025-04-12 03:21,2025-04-12 03:35,2025-04-12 09:45
LAB733468,ENC114135,PT13549,HGB,Hemoglobin,12.6,g/dL,12,17.5,N,STAT,2025-04-12 03:00,2025-04-12 03:27,2025-04-12 04:05
LAB733469,ENC114135,PT13549,TROP,"Troponin I, High Sensitivity",9,ng/L,0,34,N,STAT,2025-04-12 03:16,2025-04-12 03:39,2025-04-12 04:30
LAB733470,ENC114136,PT10783,GLU,Glucose,127,mg/dL,70,99,H,STAT,2025-04-12 08:20,2025-04-12 08:26,2025-04-12 09:12
LAB733471,ENC114136,PT10783,CREAT,Creatinine,2.12,mg/dL,0.6,1.3,H,Routine,2025-04-12 07:41,2025-04-12 08:02,2025-04-12 09:30
LAB733472,ENC114136,PT10783,WBC,White Blood Cell Count,18,K/uL,4.5,11,H,Routine,2025-04-12 07:44,2025-04-12 08:09,2025-04-12 09:39
LAB733473,ENC114136,PT10783,HGB,Hemoglobin,11,g/dL,12,17.5,L,STAT,2025-04-12 07:33,2025-04-12 07:57,2025-04-12 08:46
LAB733474,ENC114136,PT10783,BUN,Blood Urea Nitrogen,15,mg/dL,7,20,N,STAT,2025-04-12 07:59,2025-04-12 08:11,2025-04-12 09:27
LAB733475,ENC114136,PT10783,PLT,Platelet Count,310,K/uL,150,400,N,STAT,2025-04-12 08:03,2025-04-12 08:21,2025-04-12 09:32
LAB733476,ENC114137,PT12526,GLU,Glucose,152,mg/dL,70,99,H,STAT,2025-04-12 12:39,2025-04-12 13:03,2025-04-12 13:33
LAB733477,ENC114137,PT12526,CREAT,Creatinine,1,mg/dL,0.6,1.3,N,STAT,2025-04-12 12:15,2025-04-12 12:31,2025-04-12 13:16
LAB733478,ENC114137,PT12526,WBC,White Blood Cell Count,9.7,K/uL,4.5,11,N,Routine,2025-04-12 11:42,2025-04-12 12:12,2025-04-12 12:55
LAB733479,ENC114137,PT12526,HGB,Hemoglobin,12.4,g/dL,12,17.5,N,Routine,2025-04-12 12:02,2025-04-12 12:30,2025-04-12 14:04
LAB733480,ENC114137,PT12526,NA,Sodium,136,mmol/L,136,145,N,STAT,2025-04-12 11:39,2025-04-12 12:06,2025-04-12 13:02
LAB733481,ENC114137,PT12526,K,Potassium,4.3,mmol/L,3.5,5.1,N,STAT,2025-04-12 12:11,2025-04-12 12:33,2025-04-12 12:54
LAB733482,ENC114137,PT12526,INR,Prothrombin Time INR,1.2,ratio,0.8,1.2,N,STAT,2025-04-12 12:38,2025-04-12 12:52,2025-04-12 13:58
LAB733483,ENC114139,PT13985,GLU,Glucose,148,mg/dL,70,99,H,STAT,2025-04-12 11:23,2025-04-12 11:53,2025-04-12 12:47
LAB733484,ENC114139,PT13985,CREAT,Creatinine,1.18,mg/dL,0.6,1.3,N,STAT,2025-04-12 12:28,2025-04-12 12:45,2025-04-12 14:30
LAB733485,ENC114143,PT12746,INR,Prothrombin Time INR,1,ratio,0.8,1.2,N,Routine,2025-04-12 19:29,2025-04-12 19:57,2025-04-13 00:53
LAB733486,ENC114144,PT11861,A1C,Hemoglobin A1c,11.4,%,4,5.6,H,STAT,2025-04-12 19:20,2025-04-12 19:33,2025-04-12 20:51
LAB733487,ENC114145,PT13227,GLU,Glucose,101,mg/dL,70,99,H,Routine,2025-04-12 21:31,2025-04-12 21:38,2025-04-13 00:04
LAB733488,ENC114145,PT13227,CREAT,Creatinine,1.12,mg/dL,0.6,1.3,N,STAT,2025-04-12 21:32,2025-04-12 21:47,2025-04-12 22:20
LAB733489,ENC114145,PT13227,WBC,White Blood Cell Count,9.2,K/uL,4.5,11,N,STAT,2025-04-12 21:59,2025-04-12 22:07,2025-04-12 22:52
LAB733490,ENC114145,PT13227,HGB,Hemoglobin,12.8,g/dL,12,17.5,N,Routine,2025-04-12 21:52,2025-04-12 21:57,2025-04-13 00:26
LAB733491,ENC114147,PT10635,GLU,Glucose,74,mg/dL,70,99,N,Routine,2025-04-13 03:57,2025-04-13 04:06,2025-04-13 07:17
LAB733492,ENC114147,PT10635,CREAT,Creatinine,1.03,mg/dL,0.6,1.3,N,STAT,2025-04-13 05:04,2025-04-13 05:32,2025-04-13 06:29
LAB733493,ENC114147,PT10635,WBC,White Blood Cell Count,8.8,K/uL,4.5,11,N,Routine,2025-04-13 04:53,2025-04-13 05:10,2025-04-13 08:18
LAB733494,ENC114147,PT10635,HGB,Hemoglobin,13.7,g/dL,12,17.5,N,STAT,2025-04-13 04:34,2025-04-13 05:07,2025-04-13 06:00
LAB733495,ENC114147,PT10635,NA,Sodium,141,mmol/L,136,145,N,STAT,2025-04-13 05:02,2025-04-13 05:14,2025-04-13 05:43
LAB733496,ENC114147,PT10635,K,Potassium,4.4,mmol/L,3.5,5.1,N,STAT,2025-04-13 04:20,2025-04-13 04:31,2025-04-13 05:05
LAB733497,ENC114147,PT10635,BUN,Blood Urea Nitrogen,12,mg/dL,7,20,N,Routine,2025-04-13 05:04,2025-04-13 05:32,2025-04-13 06:57
LAB733498,ENC114147,PT10635,PLT,Platelet Count,338,K/uL,150,400,N,STAT,2025-04-13 04:44,2025-04-13 05:15,2025-04-13 05:32
LAB733499,ENC114147,PT10635,INR,Prothrombin Time INR,1.1,ratio,0.8,1.2,N,STAT,2025-04-13 05:04,2025-04-13 05:34,2025-04-13 06:38
LAB733500,ENC114148,PT12874,GLU,Glucose,159,mg/dL,70,99,H,STAT,2025-04-13 12:25,2025-04-13 12:59,2025-04-13 13:54
LAB733501,ENC114148,PT12874,CREAT,Creatinine,1.05,mg/dL,0.6,1.3,N,Routine,2025-04-13 11:56,2025-04-13 12:31,2025-04-13 14:03
LAB733502,ENC114148,PT12874,WBC,White Blood Cell Count,9,K/uL,4.5,11,N,STAT,2025-04-13 11:23,2025-04-13 11:41,2025-04-13 12:16
LAB733503,ENC114148,PT12874,HGB,Hemoglobin,13.5,g/dL,12,17.5,N,STAT,2025-04-13 12:15,2025-04-13 12:34,2025-04-13 13:35
LAB733504,ENC114148,PT12874,LACT,Lactate,3.2,mmol/L,0.5,2,H,STAT,2025-04-13 11:44,2025-04-13 12:17,2025-04-13 12:51
LAB733505,ENC114150,PT10876,GLU,Glucose,91,mg/dL,70,99,N,Routine,2025-04-13 13:49,2025-04-13 14:05,2025-04-13 15:44
LAB733506,ENC114150,PT10876,CREAT,Creatinine,1.06,mg/dL,0.6,1.3,N,STAT,2025-04-13 13:51,2025-04-13 13:57,2025-04-13 15:03
LAB733507,ENC114150,PT10876,WBC,White Blood Cell Count,11.4,K/uL,4.5,11,H,Routine,2025-04-13 13:30,2025-04-13 13:41,2025-04-13 17:58
LAB733508,ENC114150,PT10876,HGB,Hemoglobin,11.8,g/dL,12,17.5,L,STAT,2025-04-13 13:22,2025-04-13 13:50,2025-04-13 14:31
LAB733509,ENC114150,PT10876,NA,Sodium,138,mmol/L,136,145,N,STAT,2025-04-13 13:07,2025-04-13 13:19,2025-04-13 14:30
LAB733510,ENC114150,PT10876,K,Potassium,3.3,mmol/L,3.5,5.1,L,STAT,2025-04-13 13:14,2025-04-13 13:37,2025-04-13 14:20
LAB733511,ENC114151,PT13255,GLU,Glucose,106,mg/dL,70,99,H,Routine,2025-04-13 11:30,2025-04-13 11:43,2025-04-13 15:34
LAB733512,ENC114151,PT13255,CREAT,Creatinine,0.67,mg/dL,0.6,1.3,N,STAT,2025-04-13 11:48,2025-04-13 12:05,2025-04-13 13:13
LAB733513,ENC114151,PT13255,WBC,White Blood Cell Count,9.9,K/uL,4.5,11,N,STAT,2025-04-13 12:18,2025-04-13 12:28,2025-04-13 13:17
LAB733514,ENC114151,PT13255,HGB,Hemoglobin,14.2,g/dL,12,17.5,N,STAT,2025-04-13 12:00,2025-04-13 12:31,2025-04-13 13:56
LAB733515,ENC114152,PT12390,GLU,Glucose,299,mg/dL,70,99,H,STAT,2025-04-13 15:28,2025-04-13 15:40,2025-04-13 17:14
LAB733516,ENC114152,PT12390,CREAT,Creatinine,0.76,mg/dL,0.6,1.3,N,Routine,2025-04-13 16:03,2025-04-13 16:35,2025-04-13 19:23
LAB733517,ENC114152,PT12390,WBC,White Blood Cell Count,6.3,K/uL,4.5,11,N,Routine,2025-04-13 16:30,2025-04-13 17:04,2025-04-13 19:48
LAB733518,ENC114152,PT12390,HGB,Hemoglobin,13.8,g/dL,12,17.5,N,Routine,2025-04-13 15:55,2025-04-13 16:12,2025-04-13 20:56
LAB733519,ENC114152,PT12390,TROP,"Troponin I, High Sensitivity",612,ng/L,0,34,H,STAT,2025-04-13 15:51,2025-04-13 16:17,2025-04-13 16:40
LAB733520,ENC114153,PT11050,GLU,Glucose,111,mg/dL,70,99,H,Routine,2025-04-13 13:11,2025-04-13 13:42,2025-04-13 15:30
LAB733521,ENC114153,PT11050,CREAT,Creatinine,1.18,mg/dL,0.6,1.3,N,STAT,2025-04-13 12:30,2025-04-13 12:47,2025-04-13 13:29
LAB733522,ENC114154,PT11298,GLU,Glucose,90,mg/dL,70,99,N,STAT,2025-04-13 16:46,2025-04-13 17:06,2025-04-13 17:36
LAB733523,ENC114154,PT11298,CREAT,Creatinine,1.16,mg/dL,0.6,1.3,N,Routine,2025-04-13 16:57,2025-04-13 17:22,2025-04-13 20:03
LAB733524,ENC114154,PT11298,WBC,White Blood Cell Count,5.6,K/uL,4.5,11,N,Routine,2025-04-13 17:25,2025-04-13 17:36,2025-04-13 20:35
LAB733525,ENC114154,PT11298,HGB,Hemoglobin,17.2,g/dL,12,17.5,N,Routine,2025-04-13 16:50,2025-04-13 17:15,2025-04-14 01:00
LAB733526,ENC114156,PT13655,GLU,Glucose,184,mg/dL,70,99,H,STAT,2025-04-13 20:02,2025-04-13 20:11,2025-04-13 20:57
LAB733527,ENC114156,PT13655,CREAT,Creatinine,1.02,mg/dL,0.6,1.3,N,Routine,2025-04-13 19:09,2025-04-13 19:18,2025-04-13 20:46
LAB733528,ENC114156,PT13655,WBC,White Blood Cell Count,5.6,K/uL,4.5,11,N,Routine,2025-04-13 19:55,2025-04-13 20:27,2025-04-14 03:44
LAB733529,ENC114156,PT13655,HGB,Hemoglobin,8,g/dL,12,17.5,L,STAT,2025-04-13 19:04,2025-04-13 19:13,2025-04-13 19:39
LAB733530,ENC114156,PT13655,NA,Sodium,139,mmol/L,136,145,N,STAT,2025-04-13 18:59,2025-04-13 19:27,2025-04-13 20:42
LAB733531,ENC114156,PT13655,K,Potassium,3.9,mmol/L,3.5,5.1,N,STAT,2025-04-13 19:42,2025-04-13 20:10,2025-04-13 21:03
LAB733532,ENC114156,PT13655,LACT,Lactate,2.7,mmol/L,0.5,2,H,STAT,2025-04-13 19:32,2025-04-13 19:56,2025-04-13 20:32
LAB733533,ENC114156,PT13655,INR,Prothrombin Time INR,1,ratio,0.8,1.2,N,STAT,2025-04-13 19:31,2025-04-13 19:41,2025-04-13 20:43
LAB733534,ENC114157,PT10034,GLU,Glucose,119,mg/dL,70,99,H,STAT,2025-04-13 16:57,2025-04-13 17:14,2025-04-13 18:12
LAB733535,ENC114157,PT10034,CREAT,Creatinine,0.6,mg/dL,0.6,1.3,N,Routine,2025-04-13 16:41,2025-04-13 17:10,2025-04-13 21:33
LAB733536,ENC114157,PT10034,WBC,White Blood Cell Count,7.5,K/uL,4.5,11,N,STAT,2025-04-13 16:01,2025-04-13 16:31,2025-04-13 18:07
LAB733537,ENC114157,PT10034,HGB,Hemoglobin,13.2,g/dL,12,17.5,N,STAT,2025-04-13 16:03,2025-04-13 16:21,2025-04-13 17:19
LAB733538,ENC114158,PT11964,GLU,Glucose,88,mg/dL,70,99,N,STAT,2025-04-13 17:06,2025-04-13 17:26,2025-04-13 18:15
LAB733539,ENC114158,PT11964,CREAT,Creatinine,0.92,mg/dL,0.6,1.3,N,Routine,2025-04-13 17:27,2025-04-13 17:31,2025-04-13 20:39
LAB733540,ENC114158,PT11964,WBC,White Blood Cell Count,5.6,K/uL,4.5,11,N,STAT,2025-04-13 17:38,2025-04-13 17:56,2025-04-13 18:20
LAB733541,ENC114159,PT12580,GLU,Glucose,102,mg/dL,70,99,H,STAT,2025-04-13 18:17,2025-04-13 18:43,2025-04-13 19:30
LAB733542,ENC114159,PT12580,CREAT,Creatinine,1.19,mg/dL,0.6,1.3,N,STAT,2025-04-13 17:56,2025-04-13 18:26,2025-04-13 19:26
LAB733543,ENC114160,PT11838,GLU,Glucose,95,mg/dL,70,99,N,STAT,2025-04-13 22:40,2025-04-13 22:52,2025-04-13 23:57
LAB733544,ENC114160,PT11838,CREAT,Creatinine,0.96,mg/dL,0.6,1.3,N,Routine,2025-04-13 23:17,2025-04-13 23:48,2025-04-14 05:06
LAB733545,ENC114160,PT11838,WBC,White Blood Cell Count,16.5,K/uL,4.5,11,H,Routine,2025-04-13 22:39,2025-04-13 22:47,2025-04-14 00:31
LAB733546,ENC114160,PT11838,HGB,Hemoglobin,14.3,g/dL,12,17.5,N,STAT,2025-04-13 22:46,2025-04-13 23:16,2025-04-14 00:19
LAB733547,ENC114162,PT11055,GLU,Glucose,110,mg/dL,70,99,H,STAT,2025-04-14 00:37,2025-04-14 01:05,2025-04-14 02:05
LAB733548,ENC114162,PT11055,CREAT,Creatinine,0.33,mg/dL,0.6,1.3,L,Routine,2025-04-14 00:13,2025-04-14 00:27,2025-04-14 02:13
LAB733549,ENC114162,PT11055,WBC,White Blood Cell Count,5.6,K/uL,4.5,11,N,STAT,2025-04-14 00:46,2025-04-14 01:21,2025-04-14 02:07
LAB733550,ENC114162,PT11055,HGB,Hemoglobin,12.7,g/dL,12,17.5,N,STAT,2025-04-14 00:06,2025-04-14 00:25,2025-04-14 01:12
LAB733551,ENC114163,PT10440,GLU,Glucose,115,mg/dL,70,99,H,Routine,2025-04-14 07:33,2025-04-14 08:04,2025-04-14 12:31
LAB733552,ENC114163,PT10440,CREAT,Creatinine,0.94,mg/dL,0.6,1.3,N,STAT,2025-04-14 08:13,2025-04-14 08:31,2025-04-14 09:42
LAB733553,ENC114163,PT10440,WBC,White Blood Cell Count,10.2,K/uL,4.5,11,N,Routine,2025-04-14 08:40,2025-04-14 08:50,2025-04-14 11:23
LAB733554,ENC114163,PT10440,HGB,Hemoglobin,13.1,g/dL,12,17.5,N,Routine,2025-04-14 07:49,2025-04-14 07:56,2025-04-14 11:22
LAB733555,ENC114163,PT10440,TROP,"Troponin I, High Sensitivity",43,ng/L,0,34,H,STAT,2025-04-14 07:44,2025-04-14 07:54,2025-04-14 08:38
LAB733556,ENC114163,PT10440,BNP,B-Type Natriuretic Peptide,473,pg/mL,0,100,H,Routine,2025-04-14 08:26,2025-04-14 08:33,2025-04-14 14:01
LAB733557,ENC114171,PT12843,WBC,White Blood Cell Count,4,K/uL,4.5,11,L,Routine,2025-04-14 10:09,2025-04-14 10:19,2025-04-14 13:15
LAB733558,ENC114171,PT12843,HGB,Hemoglobin,11.8,g/dL,12,17.5,L,Routine,2025-04-14 10:25,2025-04-14 10:44,2025-04-14 12:36
LAB733559,ENC114171,PT12843,PLT,Platelet Count,188,K/uL,150,400,N,Routine,2025-04-14 10:21,2025-04-14 10:31,2025-04-14 13:08
LAB733560,ENC114172,PT11083,LDL,LDL Cholesterol,171,mg/dL,0,99,H,Routine,2025-04-14 11:37,2025-04-14 11:44,2025-04-15 03:14
LAB733561,ENC114172,PT11083,TSH,Thyroid Stimulating Hormone,2.85,mIU/L,0.4,4,N,Routine,2025-04-14 11:22,2025-04-14 11:54,2025-04-15 03:36
LAB733562,ENC114173,PT10555,GLU,Glucose,311,mg/dL,70,99,H,Routine,2025-04-14 11:58,2025-04-14 12:23,2025-04-14 14:55
LAB733563,ENC114173,PT10555,CREAT,Creatinine,0.77,mg/dL,0.6,1.3,N,Routine,2025-04-14 12:16,2025-04-14 12:38,2025-04-14 16:15
LAB733564,ENC114173,PT10555,WBC,White Blood Cell Count,8.6,K/uL,4.5,11,N,Routine,2025-04-14 11:31,2025-04-14 11:51,2025-04-14 14:42
LAB733565,ENC114173,PT10555,A1C,Hemoglobin A1c,8.5,%,4,5.6,H,STAT,2025-04-14 12:12,2025-04-14 12:47,2025-04-14 13:30
LAB733566,ENC114177,PT11060,GLU,Glucose,101,mg/dL,70,99,H,Routine,2025-04-14 16:25,2025-04-14 16:59,2025-04-14 20:03
LAB733567,ENC114177,PT11060,CREAT,Creatinine,1.07,mg/dL,0.6,1.3,N,STAT,2025-04-14 15:56,2025-04-14 16:08,2025-04-14 16:47
LAB733568,ENC114177,PT11060,WBC,White Blood Cell Count,8.9,K/uL,4.5,11,N,Routine,2025-04-14 16:07,2025-04-14 16:26,2025-04-14 18:25
LAB733569,ENC114177,PT11060,HGB,Hemoglobin,12.2,g/dL,12,17.5,N,Routine,2025-04-14 15:52,2025-04-14 16:23,2025-04-14 18:07
LAB733570,ENC114179,PT11705,LDL,LDL Cholesterol,165,mg/dL,0,99,H,Routine,2025-04-14 13:29,2025-04-14 13:58,2025-04-15 04:48
LAB733571,ENC114179,PT11705,A1C,Hemoglobin A1c,8.4,%,4,5.6,H,Routine,2025-04-14 13:16,2025-04-14 13:49,2025-04-15 03:38
LAB733572,ENC114183,PT12647,GLU,Glucose,204,mg/dL,70,99,H,Routine,2025-04-14 16:46,2025-04-14 17:17,2025-04-14 19:34
LAB733573,ENC114183,PT12647,CREAT,Creatinine,0.55,mg/dL,0.6,1.3,L,STAT,2025-04-14 17:00,2025-04-14 17:27,2025-04-14 17:59
LAB733574,ENC114183,PT12647,WBC,White Blood Cell Count,8.3,K/uL,4.5,11,N,STAT,2025-04-14 16:54,2025-04-14 16:58,2025-04-14 17:26
LAB733575,ENC114183,PT12647,HGB,Hemoglobin,14,g/dL,12,17.5,N,STAT,2025-04-14 16:28,2025-04-14 16:34,2025-04-14 17:02
LAB733576,ENC114183,PT12647,NA,Sodium,140,mmol/L,136,145,N,STAT,2025-04-14 16:47,2025-04-14 17:05,2025-04-14 18:26
LAB733577,ENC114183,PT12647,K,Potassium,4.3,mmol/L,3.5,5.1,N,STAT,2025-04-14 16:51,2025-04-14 17:03,2025-04-14 17:27
LAB733578,ENC114183,PT12647,BUN,Blood Urea Nitrogen,12,mg/dL,7,20,N,Routine,2025-04-14 16:52,2025-04-14 17:20,2025-04-14 18:38
LAB733579,ENC114183,PT12647,PLT,Platelet Count,237,K/uL,150,400,N,Routine,2025-04-14 17:14,2025-04-14 17:21,2025-04-14 19:44
LAB733580,ENC114183,PT12647,LACT,Lactate,3.5,mmol/L,0.5,2,H,STAT,2025-04-14 16:09,2025-04-14 16:16,2025-04-14 16:59
LAB733581,ENC114184,PT13818,A1C,Hemoglobin A1c,6.6,%,4,5.6,H,Routine,2025-04-14 14:52,2025-04-14 15:06,2025-04-15 09:51
LAB733582,ENC114185,PT10830,GLU,Glucose,100,mg/dL,70,99,H,STAT,2025-04-14 17:45,2025-04-14 18:20,2025-04-14 19:00
LAB733583,ENC114185,PT10830,CREAT,Creatinine,1.25,mg/dL,0.6,1.3,N,STAT,2025-04-14 17:44,2025-04-14 17:58,2025-04-14 19:24
LAB733584,ENC114185,PT10830,WBC,White Blood Cell Count,6.9,K/uL,4.5,11,N,Routine,2025-04-14 18:35,2025-04-14 18:44,2025-04-14 20:49
LAB733585,ENC114185,PT10830,HGB,Hemoglobin,10.8,g/dL,12,17.5,L,STAT,2025-04-14 18:46,2025-04-14 19:12,2025-04-14 20:15
LAB733586,ENC114186,PT10597,GLU,Glucose,131,mg/dL,70,99,H,STAT,2025-04-14 16:25,2025-04-14 16:41,2025-04-14 17:31
LAB733587,ENC114186,PT10597,CREAT,Creatinine,1.06,mg/dL,0.6,1.3,N,STAT,2025-04-14 15:19,2025-04-14 15:33,2025-04-14 16:09
LAB733588,ENC114186,PT10597,TROP,"Troponin I, High Sensitivity",0,ng/L,0,34,N,STAT,2025-04-14 15:53,2025-04-14 16:14,2025-04-14 17:03
LAB733589,ENC114187,PT12038,A1C,Hemoglobin A1c,4.8,%,4,5.6,N,Routine,2025-04-14 15:27,2025-04-14 15:40,2025-04-15 04:14
LAB733590,ENC114187,PT12038,GLU,Glucose,99,mg/dL,70,99,N,Routine,2025-04-14 15:42,2025-04-14 15:46,2025-04-14 19:06
LAB733591,ENC114187,PT12038,CREAT,Creatinine,1.17,mg/dL,0.6,1.3,N,Routine,2025-04-14 15:30,2025-04-14 16:02,2025-04-14 17:26
LAB733592,ENC114189,PT10299,A1C,Hemoglobin A1c,8.3,%,4,5.6,H,Routine,2025-04-14 16:30,2025-04-14 16:51,2025-04-15 07:59
LAB733593,ENC114189,PT10299,GLU,Glucose,168,mg/dL,70,99,H,Routine,2025-04-14 16:29,2025-04-14 16:47,2025-04-14 19:02
LAB733594,ENC114189,PT10299,CREAT,Creatinine,0.93,mg/dL,0.6,1.3,N,Routine,2025-04-14 16:20,2025-04-14 16:53,2025-04-14 18:38
LAB733595,ENC114191,PT11024,GLU,Glucose,95,mg/dL,70,99,N,Routine,2025-04-14 21:28,2025-04-14 21:40,2025-04-14 23:17
LAB733596,ENC114191,PT11024,CREAT,Creatinine,2.47,mg/dL,0.6,1.3,H,Routine,2025-04-14 21:08,2025-04-14 21:23,2025-04-15 00:09
LAB733597,ENC114191,PT11024,WBC,White Blood Cell Count,7.5,K/uL,4.5,11,N,STAT,2025-04-14 21:50,2025-04-14 21:58,2025-04-14 22:37
LAB733598,ENC114191,PT11024,HGB,Hemoglobin,13.7,g/dL,12,17.5,N,Routine,2025-04-14 20:56,2025-04-14 21:08,2025-04-15 01:18
LAB733599,ENC114191,PT11024,NA,Sodium,138,mmol/L,136,145,N,STAT,2025-04-14 20:57,2025-04-14 21:25,2025-04-14 22:10
LAB733600,ENC114191,PT11024,K,Potassium,4,mmol/L,3.5,5.1,N,STAT,2025-04-14 21:40,2025-04-14 21:52,2025-04-14 22:32
LAB733601,ENC114194,PT13799,GLU,Glucose,76,mg/dL,70,99,N,Routine,2025-04-14 19:44,2025-04-14 20:09,2025-04-15 03:06
LAB733602,ENC114194,PT13799,CREAT,Creatinine,1.09,mg/dL,0.6,1.3,N,STAT,2025-04-14 19:35,2025-04-14 19:48,2025-04-14 21:26
LAB733603,ENC114194,PT13799,WBC,White Blood Cell Count,6.9,K/uL,4.5,11,N,STAT,2025-04-14 19:41,2025-04-14 19:56,2025-04-14 20:45
LAB733604,ENC114194,PT13799,HGB,Hemoglobin,15.9,g/dL,12,17.5,N,STAT,2025-04-14 19:01,2025-04-14 19:23,2025-04-14 19:55
LAB733605,ENC114194,PT13799,TROP,"Troponin I, High Sensitivity",7,ng/L,0,34,N,STAT,2025-04-14 19:02,2025-04-14 19:22,2025-04-14 20:08
LAB733606,ENC114194,PT13799,BNP,B-Type Natriuretic Peptide,551,pg/mL,0,100,H,Routine,2025-04-14 19:19,2025-04-14 19:26,2025-04-14 21:51
LAB733607,ENC114195,PT10814,GLU,Glucose,122,mg/dL,70,99,H,Routine,2025-04-14 21:02,2025-04-14 21:22,2025-04-14 22:34
LAB733608,ENC114195,PT10814,CREAT,Creatinine,0.99,mg/dL,0.6,1.3,N,Routine,2025-04-14 20:55,2025-04-14 21:08,2025-04-14 22:19
LAB733609,ENC114195,PT10814,WBC,White Blood Cell Count,7.6,K/uL,4.5,11,N,STAT,2025-04-14 20:51,2025-04-14 20:56,2025-04-14 21:41
LAB733610,ENC114195,PT10814,HGB,Hemoglobin,14.1,g/dL,12,17.5,N,STAT,2025-04-14 21:08,2025-04-14 21:20,2025-04-14 21:50
LAB733611,ENC114196,PT12905,GLU,Glucose,119,mg/dL,70,99,H,STAT,2025-04-14 18:27,2025-04-14 18:33,2025-04-14 19:12
LAB733612,ENC114196,PT12905,CREAT,Creatinine,1.03,mg/dL,0.6,1.3,N,Routine,2025-04-14 18:43,2025-04-14 18:53,2025-04-14 22:59
LAB733613,ENC114197,PT11462,GLU,Glucose,101,mg/dL,70,99,H,STAT,2025-04-14 19:49,2025-04-14 20:23,2025-04-14 21:13
LAB733614,ENC114197,PT11462,CREAT,Creatinine,1.09,mg/dL,0.6,1.3,N,STAT,2025-04-14 20:30,2025-04-14 20:55,2025-04-14 22:45
LAB733615,ENC114197,PT11462,WBC,White Blood Cell Count,6.2,K/uL,4.5,11,N,Routine,2025-04-14 20:30,2025-04-14 20:39,2025-04-14 23:18
LAB733616,ENC114197,PT11462,HGB,Hemoglobin,12.8,g/dL,12,17.5,N,Routine,2025-04-14 20:18,2025-04-14 20:23,2025-04-14 22:07
LAB733617,ENC114198,PT11600,GLU,Glucose,104,mg/dL,70,99,H,STAT,2025-04-15 00:24,2025-04-15 00:58,2025-04-15 01:45
LAB733618,ENC114198,PT11600,CREAT,Creatinine,0.7,mg/dL,0.6,1.3,N,STAT,2025-04-15 00:02,2025-04-15 00:24,2025-04-15 01:02
LAB733619,ENC114198,PT11600,WBC,White Blood Cell Count,5.6,K/uL,4.5,11,N,STAT,2025-04-15 01:02,2025-04-15 01:16,2025-04-15 02:00
LAB733620,ENC114198,PT11600,HGB,Hemoglobin,9,g/dL,12,17.5,L,STAT,2025-04-15 00:33,2025-04-15 00:47,2025-04-15 01:42
LAB733621,ENC114198,PT11600,NA,Sodium,144,mmol/L,136,145,N,STAT,2025-04-15 00:54,2025-04-15 01:18,2025-04-15 01:58
LAB733622,ENC114198,PT11600,K,Potassium,4.4,mmol/L,3.5,5.1,N,STAT,2025-04-15 00:30,2025-04-15 00:49,2025-04-15 01:23
LAB733623,ENC114198,PT11600,INR,Prothrombin Time INR,2.1,ratio,0.8,1.2,H,Routine,2025-04-15 00:48,2025-04-15 01:06,2025-04-15 05:06
LAB733624,ENC114199,PT10513,GLU,Glucose,170,mg/dL,70,99,H,Routine,2025-04-14 20:30,2025-04-14 20:55,2025-04-15 02:28
LAB733625,ENC114199,PT10513,CREAT,Creatinine,0.91,mg/dL,0.6,1.3,N,Routine,2025-04-14 20:41,2025-04-14 20:56,2025-04-14 22:16
LAB733626,ENC114199,PT10513,WBC,White Blood Cell Count,6.6,K/uL,4.5,11,N,STAT,2025-04-14 20:23,2025-04-14 20:46,2025-04-14 21:47
LAB733627,ENC114199,PT10513,HGB,Hemoglobin,14.9,g/dL,12,17.5,N,STAT,2025-04-14 20:17,2025-04-14 20:46,2025-04-14 21:35
LAB733628,ENC114200,PT12963,GLU,Glucose,111,mg/dL,70,99,H,Routine,2025-04-14 23:25,2025-04-14 23:36,2025-04-15 04:12
LAB733629,ENC114200,PT12963,CREAT,Creatinine,0.84,mg/dL,0.6,1.3,N,Routine,2025-04-14 23:16,2025-04-14 23:39,2025-04-15 01:33
LAB733630,ENC114200,PT12963,WBC,White Blood Cell Count,7.9,K/uL,4.5,11,N,STAT,2025-04-14 23:36,2025-04-14 23:56,2025-04-15 00:58
LAB733631,ENC114200,PT12963,HGB,Hemoglobin,12.4,g/dL,12,17.5,N,STAT,2025-04-14 23:40,2025-04-14 23:54,2025-04-15 00:47
LAB733632,ENC114200,PT12963,TROP,"Troponin I, High Sensitivity",1,ng/L,0,34,N,STAT,2025-04-14 23:13,2025-04-14 23:24,2025-04-15 00:06
LAB733633,ENC114200,PT12963,BNP,B-Type Natriuretic Peptide,391,pg/mL,0,100,H,STAT,2025-04-14 23:26,2025-04-14 23:47,2025-04-15 00:25
LAB733634,ENC114204,PT13848,WBC,White Blood Cell Count,5.7,K/uL,4.5,11,N,Routine,2025-04-15 08:55,2025-04-15 09:10,2025-04-15 11:30
LAB733635,ENC114204,PT13848,HGB,Hemoglobin,12.4,g/dL,12,17.5,N,Routine,2025-04-15 08:57,2025-04-15 09:23,2025-04-15 11:26
LAB733636,ENC114204,PT13848,PLT,Platelet Count,229,K/uL,150,400,N,Routine,2025-04-15 08:51,2025-04-15 09:24,2025-04-15 12:19
LAB733637,ENC114205,PT12197,A1C,Hemoglobin A1c,7.8,%,4,5.6,H,Routine,2025-04-15 09:05,2025-04-15 09:23,2025-04-15 19:30
LAB733638,ENC114207,PT13548,A1C,Hemoglobin A1c,9,%,4,5.6,H,Routine,2025-04-15 10:12,2025-04-15 10:24,2025-04-16 08:40
LAB733639,ENC114207,PT13548,GLU,Glucose,335,mg/dL,70,99,H,Routine,2025-04-15 10:30,2025-04-15 11:03,2025-04-15 12:53
LAB733640,ENC114207,PT13548,CREAT,Creatinine,0.7,mg/dL,0.6,1.3,N,Routine,2025-04-15 10:12,2025-04-15 10:26,2025-04-15 12:32
LAB733641,ENC114208,PT11736,A1C,Hemoglobin A1c,5.5,%,4,5.6,N,Routine,2025-04-15 10:54,2025-04-15 11:11,2025-04-15 20:11
LAB733642,ENC114208,PT11736,GLU,Glucose,118,mg/dL,70,99,H,Routine,2025-04-15 10:51,2025-04-15 11:05,2025-04-15 12:44
LAB733643,ENC114208,PT11736,CREAT,Creatinine,1.13,mg/dL,0.6,1.3,N,Routine,2025-04-15 10:56,2025-04-15 11:23,2025-04-15 14:04
LAB733644,ENC114209,PT12108,GLU,Glucose,92,mg/dL,70,99,N,STAT,2025-04-15 13:21,2025-04-15 13:38,2025-04-15 13:58
LAB733645,ENC114209,PT12108,CREAT,Creatinine,0.92,mg/dL,0.6,1.3,N,STAT,2025-04-15 13:00,2025-04-15 13:17,2025-04-15 14:07
LAB733646,ENC114209,PT12108,WBC,White Blood Cell Count,5.1,K/uL,4.5,11,N,STAT,2025-04-15 13:49,2025-04-15 14:24,2025-04-15 15:35
LAB733647,ENC114209,PT12108,HGB,Hemoglobin,16,g/dL,12,17.5,N,STAT,2025-04-15 13:09,2025-04-15 13:24,2025-04-15 14:19
LAB733648,ENC114209,PT12108,INR,Prothrombin Time INR,1.1,ratio,0.8,1.2,N,STAT,2025-04-15 13:10,2025-04-15 13:23,2025-04-15 14:53
LAB733649,ENC114211,PT12466,GLU,Glucose,94,mg/dL,70,99,N,STAT,2025-04-15 12:23,2025-04-15 12:35,2025-04-15 13:09
LAB733650,ENC114211,PT12466,CREAT,Creatinine,0.41,mg/dL,0.6,1.3,L,STAT,2025-04-15 12:14,2025-04-15 12:27,2025-04-15 13:17
LAB733651,ENC114213,PT11993,GLU,Glucose,94,mg/dL,70,99,N,STAT,2025-04-15 12:06,2025-04-15 12:14,2025-04-15 14:05
LAB733652,ENC114213,PT11993,CREAT,Creatinine,0.8,mg/dL,0.6,1.3,N,STAT,2025-04-15 11:42,2025-04-15 12:05,2025-04-15 13:06
LAB733653,ENC114213,PT11993,TROP,"Troponin I, High Sensitivity",7,ng/L,0,34,N,STAT,2025-04-15 12:06,2025-04-15 12:29,2025-04-15 13:04
LAB733654,ENC114214,PT13633,LDL,LDL Cholesterol,58,mg/dL,0,99,N,Routine,2025-04-15 12:24,2025-04-15 12:53,2025-04-15 21:56
LAB733655,ENC114214,PT13633,A1C,Hemoglobin A1c,5.1,%,4,5.6,N,Routine,2025-04-15 12:34,2025-04-15 12:51,2025-04-15 16:48
LAB733656,ENC114214,PT13633,TSH,Thyroid Stimulating Hormone,1.67,mIU/L,0.4,4,N,Routine,2025-04-15 12:44,2025-04-15 12:57,2025-04-16 09:42
LAB733657,ENC114215,PT10489,WBC,White Blood Cell Count,9.8,K/uL,4.5,11,N,Routine,2025-04-15 13:04,2025-04-15 13:35,2025-04-15 17:27
LAB733658,ENC114215,PT10489,HGB,Hemoglobin,16.8,g/dL,12,17.5,N,Routine,2025-04-15 13:03,2025-04-15 13:34,2025-04-15 14:55
LAB733659,ENC114215,PT10489,PLT,Platelet Count,328,K/uL,150,400,N,Routine,2025-04-15 13:03,2025-04-15 13:22,2025-04-15 16:51
LAB733660,ENC114219,PT10691,LDL,LDL Cholesterol,95,mg/dL,0,99,N,Routine,2025-04-15 15:03,2025-04-15 15:13,2025-04-16 09:42
LAB733661,ENC114219,PT10691,A1C,Hemoglobin A1c,5.2,%,4,5.6,N,Routine,2025-04-15 15:11,2025-04-15 15:32,2025-04-16 06:50
LAB733662,ENC114220,PT13725,GLU,Glucose,101,mg/dL,70,99,H,STAT,2025-04-15 16:13,2025-04-15 16:18,2025-04-15 17:29
LAB733663,ENC114220,PT13725,CREAT,Creatinine,0.36,mg/dL,0.6,1.3,L,Routine,2025-04-15 16:02,2025-04-15 16:15,2025-04-15 18:08
LAB733664,ENC114220,PT13725,WBC,White Blood Cell Count,7,K/uL,4.5,11,N,STAT,2025-04-15 16:18,2025-04-15 16:31,2025-04-15 17:06
LAB733665,ENC114222,PT12641,TROP,"Troponin I, High Sensitivity",16,ng/L,0,34,N,STAT,2025-04-15 18:08,2025-04-15 18:34,2025-04-15 19:27
LAB733666,ENC114223,PT11984,GLU,Glucose,241,mg/dL,70,99,H,STAT,2025-04-15 22:26,2025-04-15 22:42,2025-04-15 23:12
LAB733667,ENC114223,PT11984,CREAT,Creatinine,0.92,mg/dL,0.6,1.3,N,Routine,2025-04-15 22:02,2025-04-15 22:15,2025-04-15 23:49
LAB733668,ENC114223,PT11984,WBC,White Blood Cell Count,6.4,K/uL,4.5,11,N,STAT,2025-04-15 21:47,2025-04-15 22:01,2025-04-15 23:15
LAB733669,ENC114223,PT11984,HGB,Hemoglobin,16.5,g/dL,12,17.5,N,Routine,2025-04-15 22:36,2025-04-15 22:55,2025-04-16 01:09
LAB733670,ENC114224,PT10500,GLU,Glucose,103,mg/dL,70,99,H,Routine,2025-04-15 20:14,2025-04-15 20:29,2025-04-15 23:26
LAB733671,ENC114224,PT10500,CREAT,Creatinine,0.88,mg/dL,0.6,1.3,N,Routine,2025-04-15 20:36,2025-04-15 21:09,2025-04-16 02:54
LAB733672,ENC114225,PT13502,GLU,Glucose,135,mg/dL,70,99,H,STAT,2025-04-15 20:08,2025-04-15 20:40,2025-04-15 21:14
LAB733673,ENC114225,PT13502,CREAT,Creatinine,0.91,mg/dL,0.6,1.3,N,STAT,2025-04-15 20:41,2025-04-15 21:06,2025-04-15 22:14
LAB733674,ENC114225,PT13502,WBC,White Blood Cell Count,8.9,K/uL,4.5,11,N,Routine,2025-04-15 20:32,2025-04-15 21:01,2025-04-16 05:13
LAB733675,ENC114225,PT13502,HGB,Hemoglobin,15.6,g/dL,12,17.5,N,Routine,2025-04-15 20:34,2025-04-15 21:04,2025-04-15 23:35
LAB733676,ENC114226,PT12869,GLU,Glucose,108,mg/dL,70,99,H,STAT,2025-04-15 23:19,2025-04-15 23:27,2025-04-15 23:48
LAB733677,ENC114226,PT12869,CREAT,Creatinine,0.88,mg/dL,0.6,1.3,N,STAT,2025-04-15 23:57,2025-04-16 00:25,2025-04-16 01:20
LAB733678,ENC114226,PT12869,WBC,White Blood Cell Count,3.1,K/uL,4.5,11,L,STAT,2025-04-16 00:13,2025-04-16 00:39,2025-04-16 01:26
LAB733679,ENC114226,PT12869,HGB,Hemoglobin,13.1,g/dL,12,17.5,N,STAT,2025-04-15 23:41,2025-04-16 00:01,2025-04-16 00:31
LAB733680,ENC114228,PT11169,GLU,Glucose,131,mg/dL,70,99,H,STAT,2025-04-16 06:01,2025-04-16 06:28,2025-04-16 07:11
LAB733681,ENC114228,PT11169,CREAT,Creatinine,0.95,mg/dL,0.6,1.3,N,STAT,2025-04-16 05:23,2025-04-16 05:57,2025-04-16 06:29
LAB733682,ENC114228,PT11169,WBC,White Blood Cell Count,7.2,K/uL,4.5,11,N,STAT,2025-04-16 05:33,2025-04-16 05:41,2025-04-16 06:17
LAB733683,ENC114228,PT11169,HGB,Hemoglobin,12.5,g/dL,12,17.5,N,Routine,2025-04-16 06:18,2025-04-16 06:47,2025-04-16 10:16
LAB733684,ENC114230,PT10452,GLU,Glucose,131,mg/dL,70,99,H,Routine,2025-04-16 08:06,2025-04-16 08:13,2025-04-16 10:51
LAB733685,ENC114230,PT10452,CREAT,Creatinine,1.46,mg/dL,0.6,1.3,H,STAT,2025-04-16 08:54,2025-04-16 09:16,2025-04-16 09:52
LAB733686,ENC114230,PT10452,WBC,White Blood Cell Count,7.8,K/uL,4.5,11,N,STAT,2025-04-16 08:07,2025-04-16 08:31,2025-04-16 09:35
LAB733687,ENC114230,PT10452,HGB,Hemoglobin,11,g/dL,12,17.5,L,STAT,2025-04-16 09:03,2025-04-16 09:34,2025-04-16 10:33
LAB733688,ENC114232,PT13746,LDL,LDL Cholesterol,164,mg/dL,0,99,H,Routine,2025-04-16 09:08,2025-04-16 09:12,2025-04-17 06:05
LAB733689,ENC114232,PT13746,A1C,Hemoglobin A1c,5.5,%,4,5.6,N,Routine,2025-04-16 09:04,2025-04-16 09:38,2025-04-16 13:47
LAB733690,ENC114235,PT12931,GLU,Glucose,111,mg/dL,70,99,H,Routine,2025-04-16 13:16,2025-04-16 13:34,2025-04-16 16:31
LAB733691,ENC114235,PT12931,CREAT,Creatinine,2,mg/dL,0.6,1.3,H,Routine,2025-04-16 14:03,2025-04-16 14:14,2025-04-16 17:05
LAB733692,ENC114235,PT12931,WBC,White Blood Cell Count,8.8,K/uL,4.5,11,N,Routine,2025-04-16 13:30,2025-04-16 13:35,2025-04-16 17:01
LAB733693,ENC114235,PT12931,HGB,Hemoglobin,10.9,g/dL,12,17.5,L,Routine,2025-04-16 13:07,2025-04-16 13:15,2025-04-16 15:41
LAB733694,ENC114235,PT12931,TROP,"Troponin I, High Sensitivity",7,ng/L,0,34,N,STAT,2025-04-16 14:01,2025-04-16 14:10,2025-04-16 15:15
LAB733695,ENC114236,PT11285,GLU,Glucose,90,mg/dL,70,99,N,STAT,2025-04-16 13:50,2025-04-16 14:22,2025-04-16 15:33
LAB733696,ENC114236,PT11285,CREAT,Creatinine,0.82,mg/dL,0.6,1.3,N,Routine,2025-04-16 13:50,2025-04-16 14:24,2025-04-16 18:51
LAB733697,ENC114236,PT11285,WBC,White Blood Cell Count,1.5,K/uL,4.5,11,L,Routine,2025-04-16 13:08,2025-04-16 13:31,2025-04-16 19:28
LAB733698,ENC114236,PT11285,HGB,Hemoglobin,12.4,g/dL,12,17.5,N,STAT,2025-04-16 12:54,2025-04-16 13:02,2025-04-16 13:40
LAB733699,ENC114238,PT10868,GLU,Glucose,124,mg/dL,70,99,H,STAT,2025-04-16 16:09,2025-04-16 16:29,2025-04-16 17:09
LAB733700,ENC114238,PT10868,CREAT,Creatinine,0.98,mg/dL,0.6,1.3,N,Routine,2025-04-16 15:50,2025-04-16 16:05,2025-04-16 18:39
LAB733701,ENC114238,PT10868,WBC,White Blood Cell Count,17.7,K/uL,4.5,11,H,STAT,2025-04-16 15:39,2025-04-16 16:04,2025-04-16 17:21
LAB733702,ENC114238,PT10868,HGB,Hemoglobin,14.3,g/dL,12,17.5,N,STAT,2025-04-16 16:10,2025-04-16 16:16,2025-04-16 16:51
LAB733703,ENC114238,PT10868,NA,Sodium,143,mmol/L,136,145,N,STAT,2025-04-16 15:42,2025-04-16 16:06,2025-04-16 16:29
LAB733704,ENC114238,PT10868,K,Potassium,4,mmol/L,3.5,5.1,N,STAT,2025-04-16 15:05,2025-04-16 15:32,2025-04-16 16:27
LAB733705,ENC114239,PT12726,GLU,Glucose,260,mg/dL,70,99,H,STAT,2025-04-16 11:36,2025-04-16 12:11,2025-04-16 12:53
LAB733706,ENC114239,PT12726,CREAT,Creatinine,1.16,mg/dL,0.6,1.3,N,STAT,2025-04-16 11:29,2025-04-16 11:57,2025-04-16 12:24
LAB733707,ENC114239,PT12726,A1C,Hemoglobin A1c,10.5,%,4,5.6,H,Routine,2025-04-16 12:01,2025-04-16 12:09,2025-04-16 19:07
LAB733708,ENC114243,PT12193,A1C,Hemoglobin A1c,9.5,%,4,5.6,H,Routine,2025-04-16 11:57,2025-04-16 12:06,2025-04-16 17:35
LAB733709,ENC114243,PT12193,GLU,Glucose,193,mg/dL,70,99,H,Routine,2025-04-16 11:58,2025-04-16 12:25,2025-04-16 16:00
LAB733710,ENC114243,PT12193,CREAT,Creatinine,2.54,mg/dL,0.6,1.3,H,Routine,2025-04-16 12:04,2025-04-16 12:20,2025-04-16 16:22
LAB733711,ENC114244,PT12197,GLU,Glucose,153,mg/dL,70,99,H,STAT,2025-04-16 15:41,2025-04-16 16:07,2025-04-16 16:48
LAB733712,ENC114244,PT12197,CREAT,Creatinine,0.93,mg/dL,0.6,1.3,N,STAT,2025-04-16 15:32,2025-04-16 16:05,2025-04-16 16:32
LAB733713,ENC114244,PT12197,WBC,White Blood Cell Count,7.7,K/uL,4.5,11,N,STAT,2025-04-16 15:49,2025-04-16 16:15,2025-04-16 16:54
LAB733714,ENC114244,PT12197,HGB,Hemoglobin,15.5,g/dL,12,17.5,N,STAT,2025-04-16 16:39,2025-04-16 16:58,2025-04-16 17:46
LAB733715,ENC114244,PT12197,LACT,Lactate,2.2,mmol/L,0.5,2,H,STAT,2025-04-16 15:33,2025-04-16 15:53,2025-04-16 16:24
LAB733716,ENC114249,PT11605,TROP,"Troponin I, High Sensitivity",4,ng/L,0,34,N,STAT,2025-04-16 13:52,2025-04-16 14:13,2025-04-16 15:11
LAB733717,ENC114251,PT10452,A1C,Hemoglobin A1c,10.5,%,4,5.6,H,Routine,2025-04-16 14:43,2025-04-16 14:49,2025-04-17 00:10
LAB733718,ENC114255,PT11726,GLU,Glucose,129,mg/dL,70,99,H,Routine,2025-04-16 20:18,2025-04-16 20:24,2025-04-16 21:51
LAB733719,ENC114255,PT11726,CREAT,Creatinine,0.57,mg/dL,0.6,1.3,L,Routine,2025-04-16 20:28,2025-04-16 20:49,2025-04-16 23:57
LAB733720,ENC114255,PT11726,WBC,White Blood Cell Count,6.5,K/uL,4.5,11,N,STAT,2025-04-16 20:01,2025-04-16 20:05,2025-04-16 20:54
LAB733721,ENC114255,PT11726,HGB,Hemoglobin,12.8,g/dL,12,17.5,N,Routine,2025-04-16 20:16,2025-04-16 20:26,2025-04-16 23:05
LAB733722,ENC114257,PT11095,A1C,Hemoglobin A1c,5,%,4,5.6,N,Routine,2025-04-16 16:30,2025-04-16 16:40,2025-04-17 08:45
LAB733723,ENC114257,PT11095,GLU,Glucose,138,mg/dL,70,99,H,Routine,2025-04-16 16:15,2025-04-16 16:33,2025-04-16 19:03
LAB733724,ENC114257,PT11095,CREAT,Creatinine,1.11,mg/dL,0.6,1.3,N,Routine,2025-04-16 16:19,2025-04-16 16:50,2025-04-16 18:25
LAB733725,ENC114259,PT13920,GLU,Glucose,110,mg/dL,70,99,H,Routine,2025-04-16 17:55,2025-04-16 18:12,2025-04-16 20:36
LAB733726,ENC114259,PT13920,CREAT,Creatinine,0.93,mg/dL,0.6,1.3,N,STAT,2025-04-16 18:18,2025-04-16 18:24,2025-04-16 18:57
LAB733727,ENC114259,PT13920,WBC,White Blood Cell Count,6.2,K/uL,4.5,11,N,Routine,2025-04-16 17:48,2025-04-16 18:23,2025-04-16 21:59
LAB733728,ENC114259,PT13920,HGB,Hemoglobin,15.3,g/dL,12,17.5,N,Routine,2025-04-16 17:33,2025-04-16 17:48,2025-04-16 20:13
LAB733729,ENC114259,PT13920,TROP,"Troponin I, High Sensitivity",7,ng/L,0,34,N,STAT,2025-04-16 18:03,2025-04-16 18:19,2025-04-16 18:44
LAB733730,ENC114259,PT13920,BNP,B-Type Natriuretic Peptide,2502,pg/mL,0,100,H,Routine,2025-04-16 18:37,2025-04-16 19:08,2025-04-16 22:10
LAB733731,ENC114260,PT12739,GLU,Glucose,99,mg/dL,70,99,N,STAT,2025-04-16 18:11,2025-04-16 18:18,2025-04-16 19:08
LAB733732,ENC114260,PT12739,CREAT,Creatinine,0.93,mg/dL,0.6,1.3,N,STAT,2025-04-16 18:32,2025-04-16 18:53,2025-04-16 19:44
LAB733733,ENC114261,PT12042,GLU,Glucose,128,mg/dL,70,99,H,Routine,2025-04-16 18:56,2025-04-16 19:30,2025-04-17 07:25
LAB733734,ENC114261,PT12042,CREAT,Creatinine,0.68,mg/dL,0.6,1.3,N,Routine,2025-04-16 18:49,2025-04-16 19:24,2025-04-17 00:49
LAB733735,ENC114261,PT12042,WBC,White Blood Cell Count,1.2,K/uL,4.5,11,L,STAT,2025-04-16 18:16,2025-04-16 18:38,2025-04-16 19:42
LAB733736,ENC114261,PT12042,HGB,Hemoglobin,14.7,g/dL,12,17.5,N,Routine,2025-04-16 18:52,2025-04-16 19:09,2025-04-16 23:30
LAB733737,ENC114262,PT12690,GLU,Glucose,127,mg/dL,70,99,H,Routine,2025-04-16 19:01,2025-04-16 19:16,2025-04-16 22:08
LAB733738,ENC114262,PT12690,CREAT,Creatinine,0.62,mg/dL,0.6,1.3,N,STAT,2025-04-16 19:03,2025-04-16 19:12,2025-04-16 20:02
LAB733739,ENC114262,PT12690,WBC,White Blood Cell Count,10.8,K/uL,4.5,11,N,Routine,2025-04-16 19:36,2025-04-16 19:54,2025-04-16 20:42
LAB733740,ENC114263,PT10169,GLU,Glucose,102,mg/dL,70,99,H,STAT,2025-04-17 01:44,2025-04-17 01:57,2025-04-17 02:49
LAB733741,ENC114263,PT10169,CREAT,Creatinine,0.79,mg/dL,0.6,1.3,N,Routine,2025-04-17 01:16,2025-04-17 01:48,2025-04-17 04:39
LAB733742,ENC114263,PT10169,WBC,White Blood Cell Count,10.9,K/uL,4.5,11,N,Routine,2025-04-17 01:20,2025-04-17 01:30,2025-04-17 02:34
LAB733743,ENC114263,PT10169,HGB,Hemoglobin,13.4,g/dL,12,17.5,N,STAT,2025-04-17 01:29,2025-04-17 01:52,2025-04-17 03:15
LAB733744,ENC114263,PT10169,TROP,"Troponin I, High Sensitivity",39,ng/L,0,34,H,STAT,2025-04-17 01:26,2025-04-17 01:59,2025-04-17 02:55
LAB733745,ENC114263,PT10169,BNP,B-Type Natriuretic Peptide,838,pg/mL,0,100,H,Routine,2025-04-17 01:46,2025-04-17 02:06,2025-04-17 04:56
LAB733746,ENC114264,PT12702,GLU,Glucose,104,mg/dL,70,99,H,Routine,2025-04-16 23:42,2025-04-16 23:59,2025-04-17 01:15
LAB733747,ENC114264,PT12702,CREAT,Creatinine,1.06,mg/dL,0.6,1.3,N,STAT,2025-04-16 23:21,2025-04-16 23:26,2025-04-17 00:06
LAB733748,ENC114264,PT12702,WBC,White Blood Cell Count,4.6,K/uL,4.5,11,N,Routine,2025-04-16 23:55,2025-04-17 00:07,2025-04-17 02:42
LAB733749,ENC114264,PT12702,HGB,Hemoglobin,16.5,g/dL,12,17.5,N,STAT,2025-04-17 00:18,2025-04-17 00:43,2025-04-17 01:26
LAB733750,ENC114265,PT12436,GLU,Glucose,125,mg/dL,70,99,H,STAT,2025-04-17 01:26,2025-04-17 01:34,2025-04-17 03:04
LAB733751,ENC114265,PT12436,CREAT,Creatinine,2.37,mg/dL,0.6,1.3,H,Routine,2025-04-17 01:30,2025-04-17 01:54,2025-04-17 07:19
LAB733752,ENC114265,PT12436,WBC,White Blood Cell Count,9,K/uL,4.5,11,N,Routine,2025-04-17 01:16,2025-04-17 01:45,2025-04-17 04:08
LAB733753,ENC114265,PT12436,HGB,Hemoglobin,10.2,g/dL,12,17.5,L,STAT,2025-04-17 01:41,2025-04-17 02:09,2025-04-17 02:35
LAB733754,ENC114266,PT12298,GLU,Glucose,92,mg/dL,70,99,N,Routine,2025-04-17 03:30,2025-04-17 03:54,2025-04-17 06:01
LAB733755,ENC114266,PT12298,CREAT,Creatinine,1.19,mg/dL,0.6,1.3,N,Routine,2025-04-17 03:42,2025-04-17 04:06,2025-04-17 08:16
LAB733756,ENC114266,PT12298,WBC,White Blood Cell Count,7.3,K/uL,4.5,11,N,Routine,2025-04-17 03:21,2025-04-17 03:41,2025-04-17 06:27
LAB733757,ENC114266,PT12298,HGB,Hemoglobin,12.7,g/dL,12,17.5,N,Routine,2025-04-17 03:28,2025-04-17 04:03,2025-04-17 05:51
LAB733758,ENC114266,PT12298,BUN,Blood Urea Nitrogen,9,mg/dL,7,20,N,Routine,2025-04-17 03:36,2025-04-17 03:49,2025-04-17 07:18
LAB733759,ENC114266,PT12298,PLT,Platelet Count,138,K/uL,150,400,L,Routine,2025-04-17 03:27,2025-04-17 03:56,2025-04-17 06:14
LAB733760,ENC114267,PT11224,GLU,Glucose,107,mg/dL,70,99,H,STAT,2025-04-17 03:56,2025-04-17 04:09,2025-04-17 04:37
LAB733761,ENC114267,PT11224,CREAT,Creatinine,1.03,mg/dL,0.6,1.3,N,STAT,2025-04-17 03:54,2025-04-17 04:09,2025-04-17 04:47
LAB733762,ENC114267,PT11224,WBC,White Blood Cell Count,5.8,K/uL,4.5,11,N,STAT,2025-04-17 03:46,2025-04-17 03:50,2025-04-17 04:31
LAB733763,ENC114267,PT11224,TROP,"Troponin I, High Sensitivity",5,ng/L,0,34,N,STAT,2025-04-17 04:05,2025-04-17 04:30,2025-04-17 04:51
LAB733764,ENC114268,PT12959,GLU,Glucose,94,mg/dL,70,99,N,Routine,2025-04-17 11:02,2025-04-17 11:28,2025-04-17 12:29
LAB733765,ENC114268,PT12959,CREAT,Creatinine,1.05,mg/dL,0.6,1.3,N,Routine,2025-04-17 11:01,2025-04-17 11:12,2025-04-17 12:23
LAB733766,ENC114268,PT12959,WBC,White Blood Cell Count,4.5,K/uL,4.5,11,N,STAT,2025-04-17 11:21,2025-04-17 11:30,2025-04-17 11:59
LAB733767,ENC114268,PT12959,HGB,Hemoglobin,13.8,g/dL,12,17.5,N,Routine,2025-04-17 11:47,2025-04-17 12:20,2025-04-17 14:25
LAB733768,ENC114268,PT12959,TROP,"Troponin I, High Sensitivity",77,ng/L,0,34,H,STAT,2025-04-17 11:32,2025-04-17 11:48,2025-04-17 12:14
LAB733769,ENC114268,PT12959,BNP,B-Type Natriuretic Peptide,2549,pg/mL,0,100,H,STAT,2025-04-17 12:00,2025-04-17 12:14,2025-04-17 13:09
LAB733770,ENC114269,PT12727,A1C,Hemoglobin A1c,7.4,%,4,5.6,H,Routine,2025-04-17 09:37,2025-04-17 09:56,2025-04-18 14:30
LAB733771,ENC114271,PT11995,LDL,LDL Cholesterol,120,mg/dL,0,99,H,Routine,2025-04-17 09:34,2025-04-17 09:41,2025-04-18 02:14
LAB733772,ENC114271,PT11995,A1C,Hemoglobin A1c,5.3,%,4,5.6,N,Routine,2025-04-17 09:27,2025-04-17 09:34,2025-04-18 09:48
LAB733773,ENC114272,PT10117,GLU,Glucose,102,mg/dL,70,99,H,STAT,2025-04-17 10:23,2025-04-17 10:27,2025-04-17 10:58
LAB733774,ENC114272,PT10117,CREAT,Creatinine,0.27,mg/dL,0.6,1.3,L,STAT,2025-04-17 09:48,2025-04-17 09:52,2025-04-17 10:38
LAB733775,ENC114272,PT10117,WBC,White Blood Cell Count,8.4,K/uL,4.5,11,N,Routine,2025-04-17 09:43,2025-04-17 09:53,2025-04-17 12:21
LAB733776,ENC114273,PT10719,GLU,Glucose,223,mg/dL,70,99,H,Routine,2025-04-17 12:56,2025-04-17 13:22,2025-04-17 14:36
LAB733777,ENC114273,PT10719,CREAT,Creatinine,0.71,mg/dL,0.6,1.3,N,STAT,2025-04-17 12:21,2025-04-17 12:54,2025-04-17 13:57
LAB733778,ENC114273,PT10719,WBC,White Blood Cell Count,5.2,K/uL,4.5,11,N,Routine,2025-04-17 13:03,2025-04-17 13:24,2025-04-17 17:05
LAB733779,ENC114273,PT10719,HGB,Hemoglobin,12.4,g/dL,12,17.5,N,STAT,2025-04-17 13:27,2025-04-17 13:32,2025-04-17 14:03
LAB733780,ENC114273,PT10719,NA,Sodium,139,mmol/L,136,145,N,STAT,2025-04-17 12:23,2025-04-17 12:57,2025-04-17 13:42
LAB733781,ENC114273,PT10719,K,Potassium,4,mmol/L,3.5,5.1,N,STAT,2025-04-17 12:22,2025-04-17 12:29,2025-04-17 13:33
LAB733782,ENC114273,PT10719,INR,Prothrombin Time INR,1,ratio,0.8,1.2,N,STAT,2025-04-17 12:41,2025-04-17 13:05,2025-04-17 13:56
LAB733783,ENC114275,PT10776,WBC,White Blood Cell Count,10.2,K/uL,4.5,11,N,Routine,2025-04-17 10:30,2025-04-17 10:40,2025-04-17 12:43
LAB733784,ENC114275,PT10776,HGB,Hemoglobin,13.3,g/dL,12,17.5,N,Routine,2025-04-17 10:25,2025-04-17 10:45,2025-04-17 14:22
LAB733785,ENC114275,PT10776,PLT,Platelet Count,348,K/uL,150,400,N,Routine,2025-04-17 10:07,2025-04-17 10:36,2025-04-17 18:06
LAB733786,ENC114276,PT13126,GLU,Glucose,120,mg/dL,70,99,H,STAT,2025-04-17 12:09,2025-04-17 12:34,2025-04-17 13:21
LAB733787,ENC114276,PT13126,CREAT,Creatinine,0.54,mg/dL,0.6,1.3,L,STAT,2025-04-17 12:25,2025-04-17 12:34,2025-04-17 13:59
LAB733788,ENC114276,PT13126,WBC,White Blood Cell Count,10.9,K/uL,4.5,11,N,Routine,2025-04-17 13:10,2025-04-17 13:27,2025-04-17 16:10
LAB733789,ENC114276,PT13126,HGB,Hemoglobin,12.6,g/dL,12,17.5,N,STAT,2025-04-17 12:15,2025-04-17 12:48,2025-04-17 13:32
LAB733790,ENC114276,PT13126,INR,Prothrombin Time INR,1,ratio,0.8,1.2,N,STAT,2025-04-17 12:57,2025-04-17 13:25,2025-04-17 14:10
LAB733791,ENC114277,PT13054,A1C,Hemoglobin A1c,5.8,%,4,5.6,H,Routine,2025-04-17 10:37,2025-04-17 10:59,2025-04-18 13:25
LAB733792,ENC114282,PT10546,LDL,LDL Cholesterol,199,mg/dL,0,99,H,Routine,2025-04-17 13:08,2025-04-17 13:27,2025-04-18 03:17
LAB733793,ENC114282,PT10546,TSH,Thyroid Stimulating Hormone,0.35,mIU/L,0.4,4,L,Routine,2025-04-17 12:50,2025-04-17 13:02,2025-04-18 03:47
LAB733794,ENC114283,PT13934,GLU,Glucose,130,mg/dL,70,99,H,Routine,2025-04-17 17:10,2025-04-17 17:22,2025-04-17 19:18
LAB733795,ENC114283,PT13934,CREAT,Creatinine,0.74,mg/dL,0.6,1.3,N,Routine,2025-04-17 17:27,2025-04-17 17:35,2025-04-17 23:53
LAB733796,ENC114283,PT13934,WBC,White Blood Cell Count,8.3,K/uL,4.5,11,N,STAT,2025-04-17 16:26,2025-04-17 16:46,2025-04-17 17:27
LAB733797,ENC114283,PT13934,HGB,Hemoglobin,13.7,g/dL,12,17.5,N,STAT,2025-04-17 16:53,2025-04-17 17:03,2025-04-17 18:15
LAB733798,ENC114283,PT13934,INR,Prothrombin Time INR,0.9,ratio,0.8,1.2,N,STAT,2025-04-17 17:08,2025-04-17 17:36,2025-04-17 18:53
LAB733799,ENC114289,PT12016,GLU,Glucose,124,mg/dL,70,99,H,STAT,2025-04-17 15:45,2025-04-17 16:10,2025-04-17 16:34
LAB733800,ENC114289,PT12016,CREAT,Creatinine,1.22,mg/dL,0.6,1.3,N,Routine,2025-04-17 15:58,2025-04-17 16:21,2025-04-17 18:14
LAB733801,ENC114290,PT12541,LDL,LDL Cholesterol,105,mg/dL,0,99,H,Routine,2025-04-17 15:34,2025-04-17 15:39,2025-04-18 17:41
LAB733802,ENC114291,PT13993,A1C,Hemoglobin A1c,5.8,%,4,5.6,H,Routine,2025-04-17 15:57,2025-04-17 16:02,2025-04-18 12:08
LAB733803,ENC114291,PT13993,GLU,Glucose,139,mg/dL,70,99,H,Routine,2025-04-17 15:47,2025-04-17 15:58,2025-04-17 18:11
LAB733804,ENC114291,PT13993,CREAT,Creatinine,0.86,mg/dL,0.6,1.3,N,Routine,2025-04-17 15:57,2025-04-17 16:23,2025-04-17 17:46
LAB733805,ENC114292,PT10416,GLU,Glucose,146,mg/dL,70,99,H,STAT,2025-04-17 16:03,2025-04-17 16:08,2025-04-17 17:17
LAB733806,ENC114292,PT10416,CREAT,Creatinine,1,mg/dL,0.6,1.3,N,STAT,2025-04-17 16:44,2025-04-17 16:52,2025-04-17 18:00
LAB733807,ENC114292,PT10416,WBC,White Blood Cell Count,1,K/uL,4.5,11,L,STAT,2025-04-17 16:10,2025-04-17 16:45,2025-04-17 17:36
LAB733808,ENC114292,PT10416,HGB,Hemoglobin,15.9,g/dL,12,17.5,N,STAT,2025-04-17 16:32,2025-04-17 16:54,2025-04-17 17:38
LAB733809,ENC114293,PT12765,WBC,White Blood Cell Count,7.6,K/uL,4.5,11,N,Routine,2025-04-17 16:14,2025-04-17 16:41,2025-04-17 19:05
LAB733810,ENC114293,PT12765,HGB,Hemoglobin,9.4,g/dL,12,17.5,L,Routine,2025-04-17 16:10,2025-04-17 16:45,2025-04-17 21:12
LAB733811,ENC114293,PT12765,PLT,Platelet Count,156,K/uL,150,400,N,Routine,2025-04-17 16:09,2025-04-17 16:37,2025-04-17 19:16
LAB733812,ENC114294,PT12979,GLU,Glucose,128,mg/dL,70,99,H,Routine,2025-04-17 19:55,2025-04-17 19:59,2025-04-17 21:35
LAB733813,ENC114294,PT12979,CREAT,Creatinine,1.47,mg/dL,0.6,1.3,H,Routine,2025-04-17 20:28,2025-04-17 20:36,2025-04-17 23:11
LAB733814,ENC114294,PT12979,WBC,White Blood Cell Count,7.6,K/uL,4.5,11,N,Routine,2025-04-17 19:34,2025-04-17 19:40,2025-04-17 23:36
LAB733815,ENC114294,PT12979,HGB,Hemoglobin,16.1,g/dL,12,17.5,N,STAT,2025-04-17 20:04,2025-04-17 20:30,2025-04-17 21:01
LAB733816,ENC114294,PT12979,NA,Sodium,136,mmol/L,136,145,N,STAT,2025-04-17 20:16,2025-04-17 20:29,2025-04-17 22:06
LAB733817,ENC114294,PT12979,K,Potassium,4.5,mmol/L,3.5,5.1,N,STAT,2025-04-17 20:31,2025-04-17 21:00,2025-04-17 21:39
LAB733818,ENC114294,PT12979,TROP,"Troponin I, High Sensitivity",507,ng/L,0,34,H,STAT,2025-04-17 20:10,2025-04-17 20:37,2025-04-17 21:34
LAB733819,ENC114296,PT11624,GLU,Glucose,282,mg/dL,70,99,H,STAT,2025-04-18 01:45,2025-04-18 02:17,2025-04-18 03:33
LAB733820,ENC114296,PT11624,CREAT,Creatinine,0.98,mg/dL,0.6,1.3,N,STAT,2025-04-18 00:59,2025-04-18 01:04,2025-04-18 02:00
LAB733821,ENC114296,PT11624,WBC,White Blood Cell Count,7.8,K/uL,4.5,11,N,STAT,2025-04-18 01:39,2025-04-18 02:05,2025-04-18 02:42
LAB733822,ENC114296,PT11624,HGB,Hemoglobin,13.2,g/dL,12,17.5,N,STAT,2025-04-18 02:00,2025-04-18 02:26,2025-04-18 03:24
LAB733823,ENC114296,PT11624,TROP,"Troponin I, High Sensitivity",82,ng/L,0,34,H,STAT,2025-04-18 01:04,2025-04-18 01:25,2025-04-18 02:01
LAB733824,ENC114296,PT11624,BNP,B-Type Natriuretic Peptide,527,pg/mL,0,100,H,STAT,2025-04-18 01:40,2025-04-18 01:46,2025-04-18 02:19
LAB733825,ENC114297,PT10685,GLU,Glucose,95,mg/dL,70,99,N,STAT,2025-04-17 23:56,2025-04-18 00:07,2025-04-18 00:33
LAB733826,ENC114297,PT10685,CREAT,Creatinine,0.97,mg/dL,0.6,1.3,N,Routine,2025-04-18 00:19,2025-04-18 00:25,2025-04-18 03:36
LAB733827,ENC114297,PT10685,WBC,White Blood Cell Count,14.7,K/uL,4.5,11,H,Routine,2025-04-18 00:01,2025-04-18 00:35,2025-04-18 03:02
LAB733828,ENC114297,PT10685,HGB,Hemoglobin,12.5,g/dL,12,17.5,N,Routine,2025-04-18 00:37,2025-04-18 00:56,2025-04-18 05:55
LAB733829,ENC114299,PT11082,GLU,Glucose,97,mg/dL,70,99,N,STAT,2025-04-18 00:28,2025-04-18 01:02,2025-04-18 02:02
LAB733830,ENC114299,PT11082,CREAT,Creatinine,0.94,mg/dL,0.6,1.3,N,Routine,2025-04-18 00:25,2025-04-18 00:54,2025-04-18 03:29
LAB733831,ENC114299,PT11082,WBC,White Blood Cell Count,8.9,K/uL,4.5,11,N,STAT,2025-04-18 01:07,2025-04-18 01:34,2025-04-18 02:18
LAB733832,ENC114299,PT11082,HGB,Hemoglobin,14.7,g/dL,12,17.5,N,STAT,2025-04-18 01:09,2025-04-18 01:39,2025-04-18 02:21
LAB733833,ENC114300,PT12905,GLU,Glucose,323,mg/dL,70,99,H,STAT,2025-04-18 06:21,2025-04-18 06:37,2025-04-18 08:07
LAB733834,ENC114300,PT12905,CREAT,Creatinine,0.85,mg/dL,0.6,1.3,N,STAT,2025-04-18 06:32,2025-04-18 06:47,2025-04-18 07:23
LAB733835,ENC114300,PT12905,WBC,White Blood Cell Count,9,K/uL,4.5,11,N,STAT,2025-04-18 06:56,2025-04-18 07:30,2025-04-18 08:23
LAB733836,ENC114300,PT12905,HGB,Hemoglobin,13.5,g/dL,12,17.5,N,STAT,2025-04-18 07:00,2025-04-18 07:17,2025-04-18 08:03
LAB733837,ENC114300,PT12905,NA,Sodium,142,mmol/L,136,145,N,Routine,2025-04-18 07:12,2025-04-18 07:38,2025-04-18 10:06
LAB733838,ENC114300,PT12905,K,Potassium,4.4,mmol/L,3.5,5.1,N,STAT,2025-04-18 06:23,2025-04-18 06:47,2025-04-18 07:53
LAB733839,ENC114300,PT12905,A1C,Hemoglobin A1c,9.7,%,4,5.6,H,STAT,2025-04-18 07:18,2025-04-18 07:46,2025-04-18 09:36
LAB733840,ENC114302,PT10313,GLU,Glucose,84,mg/dL,70,99,N,STAT,2025-04-18 06:25,2025-04-18 06:32,2025-04-18 08:25
LAB733841,ENC114302,PT10313,CREAT,Creatinine,0.92,mg/dL,0.6,1.3,N,Routine,2025-04-18 06:36,2025-04-18 06:47,2025-04-18 09:06
LAB733842,ENC114302,PT10313,WBC,White Blood Cell Count,7.3,K/uL,4.5,11,N,STAT,2025-04-18 07:08,2025-04-18 07:20,2025-04-18 08:12
LAB733843,ENC114302,PT10313,HGB,Hemoglobin,13.7,g/dL,12,17.5,N,Routine,2025-04-18 06:34,2025-04-18 06:58,2025-04-18 08:00
LAB733844,ENC114303,PT12502,GLU,Glucose,104,mg/dL,70,99,H,STAT,2025-04-18 07:09,2025-04-18 07:29,2025-04-18 08:56
LAB733845,ENC114303,PT12502,CREAT,Creatinine,2.12,mg/dL,0.6,1.3,H,Routine,2025-04-18 06:49,2025-04-18 07:16,2025-04-18 10:06
LAB733846,ENC114303,PT12502,WBC,White Blood Cell Count,7.1,K/uL,4.5,11,N,Routine,2025-04-18 07:32,2025-04-18 07:42,2025-04-18 12:12
LAB733847,ENC114303,PT12502,HGB,Hemoglobin,10.1,g/dL,12,17.5,L,STAT,2025-04-18 06:38,2025-04-18 06:43,2025-04-18 07:20
LAB733848,ENC114304,PT12714,GLU,Glucose,94,mg/dL,70,99,N,Routine,2025-04-18 09:37,2025-04-18 09:46,2025-04-18 13:14
LAB733849,ENC114304,PT12714,CREAT,Creatinine,1.54,mg/dL,0.6,1.3,H,Routine,2025-04-18 10:12,2025-04-18 10:34,2025-04-18 12:34
LAB733850,ENC114304,PT12714,WBC,White Blood Cell Count,2.1,K/uL,4.5,11,L,STAT,2025-04-18 09:41,2025-04-18 10:10,2025-04-18 10:48
LAB733851,ENC114304,PT12714,HGB,Hemoglobin,16,g/dL,12,17.5,N,Routine,2025-04-18 09:25,2025-04-18 09:54,2025-04-18 12:19
LAB733852,ENC114304,PT12714,NA,Sodium,137,mmol/L,136,145,N,STAT,2025-04-18 09:59,2025-04-18 10:08,2025-04-18 11:29
LAB733853,ENC114304,PT12714,K,Potassium,4.3,mmol/L,3.5,5.1,N,STAT,2025-04-18 09:24,2025-04-18 09:34,2025-04-18 10:26
LAB733854,ENC114304,PT12714,BUN,Blood Urea Nitrogen,17,mg/dL,7,20,N,STAT,2025-04-18 09:59,2025-04-18 10:06,2025-04-18 10:36
LAB733855,ENC114304,PT12714,PLT,Platelet Count,311,K/uL,150,400,N,STAT,2025-04-18 09:53,2025-04-18 09:58,2025-04-18 11:08
LAB733856,ENC114304,PT12714,LACT,Lactate,2.5,mmol/L,0.5,2,H,STAT,2025-04-18 09:29,2025-04-18 09:50,2025-04-18 10:25
LAB733857,ENC114305,PT10219,GLU,Glucose,92,mg/dL,70,99,N,STAT,2025-04-18 10:04,2025-04-18 10:14,2025-04-18 11:09
LAB733858,ENC114305,PT10219,CREAT,Creatinine,2.9,mg/dL,0.6,1.3,H,Routine,2025-04-18 10:09,2025-04-18 10:40,2025-04-18 17:27
LAB733859,ENC114305,PT10219,WBC,White Blood Cell Count,8.3,K/uL,4.5,11,N,STAT,2025-04-18 10:42,2025-04-18 11:08,2025-04-18 11:49
LAB733860,ENC114305,PT10219,HGB,Hemoglobin,11.9,g/dL,12,17.5,L,Routine,2025-04-18 10:22,2025-04-18 10:28,2025-04-18 12:13
LAB733861,ENC114305,PT10219,NA,Sodium,141,mmol/L,136,145,N,Routine,2025-04-18 10:29,2025-04-18 10:58,2025-04-18 15:54
LAB733862,ENC114305,PT10219,K,Potassium,4.4,mmol/L,3.5,5.1,N,STAT,2025-04-18 09:59,2025-04-18 10:06,2025-04-18 10:29
LAB733863,ENC114306,PT11842,GLU,Glucose,115,mg/dL,70,99,H,Routine,2025-04-18 08:28,2025-04-18 08:51,2025-04-18 11:20
LAB733864,ENC114306,PT11842,CREAT,Creatinine,1.13,mg/dL,0.6,1.3,N,STAT,2025-04-18 08:46,2025-04-18 09:00,2025-04-18 09:49
LAB733865,ENC114306,PT11842,WBC,White Blood Cell Count,10.4,K/uL,4.5,11,N,Routine,2025-04-18 08:55,2025-04-18 09:22,2025-04-18 11:28
LAB733866,ENC114306,PT11842,HGB,Hemoglobin,14.8,g/dL,12,17.5,N,STAT,2025-04-18 08:39,2025-04-18 08:50,2025-04-18 09:41
LAB733867,ENC114308,PT10093,GLU,Glucose,112,mg/dL,70,99,H,STAT,2025-04-18 13:38,2025-04-18 14:07,2025-04-18 14:49
LAB733868,ENC114308,PT10093,CREAT,Creatinine,1.26,mg/dL,0.6,1.3,N,Routine,2025-04-18 13:37,2025-04-18 14:04,2025-04-18 18:55
LAB733869,ENC114308,PT10093,WBC,White Blood Cell Count,6.1,K/uL,4.5,11,N,STAT,2025-04-18 14:16,2025-04-18 14:51,2025-04-18 15:49
LAB733870,ENC114308,PT10093,HGB,Hemoglobin,13.6,g/dL,12,17.5,N,STAT,2025-04-18 13:53,2025-04-18 14:09,2025-04-18 15:58
LAB733871,ENC114308,PT10093,TROP,"Troponin I, High Sensitivity",0,ng/L,0,34,N,STAT,2025-04-18 13:54,2025-04-18 14:20,2025-04-18 15:25
LAB733872,ENC114308,PT10093,BNP,B-Type Natriuretic Peptide,1421,pg/mL,0,100,H,STAT,2025-04-18 13:38,2025-04-18 14:02,2025-04-18 14:36
LAB733873,ENC114309,PT10395,LDL,LDL Cholesterol,125,mg/dL,0,99,H,Routine,2025-04-18 09:11,2025-04-18 09:32,2025-04-18 23:47
LAB733874,ENC114309,PT10395,A1C,Hemoglobin A1c,7.1,%,4,5.6,H,Routine,2025-04-18 09:09,2025-04-18 09:13,2025-04-19 07:14
LAB733875,ENC114310,PT11643,A1C,Hemoglobin A1c,7.9,%,4,5.6,H,Routine,2025-04-18 11:12,2025-04-18 11:37,2025-04-19 02:16
LAB733876,ENC114312,PT13357,GLU,Glucose,98,mg/dL,70,99,N,Routine,2025-04-18 12:06,2025-04-18 12:32,2025-04-18 13:53
LAB733877,ENC114312,PT13357,CREAT,Creatinine,1.17,mg/dL,0.6,1.3,N,STAT,2025-04-18 12:09,2025-04-18 12:17,2025-04-18 13:04
LAB733878,ENC114313,PT13767,GLU,Glucose,139,mg/dL,70,99,H,STAT,2025-04-18 15:01,2025-04-18 15:30,2025-04-18 16:03
LAB733879,ENC114313,PT13767,CREAT,Creatinine,2.51,mg/dL,0.6,1.3,H,STAT,2025-04-18 14:27,2025-04-18 14:39,2025-04-18 15:29
LAB733880,ENC114313,PT13767,WBC,White Blood Cell Count,6.4,K/uL,4.5,11,N,STAT,2025-04-18 14:23,2025-04-18 14:29,2025-04-18 14:55
LAB733881,ENC114313,PT13767,HGB,Hemoglobin,9.5,g/dL,12,17.5,L,STAT,2025-04-18 14:52,2025-04-18 15:02,2025-04-18 16:02
LAB733882,ENC114313,PT13767,NA,Sodium,138,mmol/L,136,145,N,STAT,2025-04-18 13:58,2025-04-18 14:29,2025-04-18 16:58
LAB733883,ENC114313,PT13767,K,Potassium,4.3,mmol/L,3.5,5.1,N,STAT,2025-04-18 14:52,2025-04-18 15:07,2025-04-18 16:15
LAB733884,ENC114313,PT13767,A1C,Hemoglobin A1c,9.5,%,4,5.6,H,Routine,2025-04-18 14:57,2025-04-18 15:26,2025-04-19 08:24
LAB733885,ENC114314,PT11946,GLU,Glucose,102,mg/dL,70,99,H,Routine,2025-04-18 16:21,2025-04-18 16:52,2025-04-18 19:17
LAB733886,ENC114314,PT11946,CREAT,Creatinine,1.47,mg/dL,0.6,1.3,H,STAT,2025-04-18 16:58,2025-04-18 17:13,2025-04-18 18:11
LAB733887,ENC114314,PT11946,WBC,White Blood Cell Count,8.7,K/uL,4.5,11,N,Routine,2025-04-18 16:45,2025-04-18 16:55,2025-04-18 20:54
LAB733888,ENC114314,PT11946,HGB,Hemoglobin,13.6,g/dL,12,17.5,N,Routine,2025-04-18 16:43,2025-04-18 17:13,2025-04-18 18:55
LAB733889,ENC114315,PT13915,WBC,White Blood Cell Count,7.9,K/uL,4.5,11,N,Routine,2025-04-18 12:18,2025-04-18 12:33,2025-04-18 14:26
LAB733890,ENC114315,PT13915,HGB,Hemoglobin,9.3,g/dL,12,17.5,L,Routine,2025-04-18 12:17,2025-04-18 12:32,2025-04-18 13:42
LAB733891,ENC114315,PT13915,PLT,Platelet Count,219,K/uL,150,400,N,Routine,2025-04-18 12:27,2025-04-18 12:48,2025-04-18 15:35
LAB733892,ENC114318,PT12507,LDL,LDL Cholesterol,109,mg/dL,0,99,H,Routine,2025-04-18 13:09,2025-04-18 13:27,2025-04-20 00:25
LAB733893,ENC114319,PT10262,GLU,Glucose,109,mg/dL,70,99,H,STAT,2025-04-18 17:54,2025-04-18 18:04,2025-04-18 18:42
LAB733894,ENC114319,PT10262,CREAT,Creatinine,1.04,mg/dL,0.6,1.3,N,STAT,2025-04-18 17:34,2025-04-18 18:08,2025-04-18 19:18
LAB733895,ENC114319,PT10262,WBC,White Blood Cell Count,8.1,K/uL,4.5,11,N,STAT,2025-04-18 18:14,2025-04-18 18:32,2025-04-18 19:16
LAB733896,ENC114319,PT10262,HGB,Hemoglobin,15,g/dL,12,17.5,N,STAT,2025-04-18 17:57,2025-04-18 18:28,2025-04-18 19:09
LAB733897,ENC114319,PT10262,NA,Sodium,131,mmol/L,136,145,L,Routine,2025-04-18 17:49,2025-04-18 18:07,2025-04-18 21:51
LAB733898,ENC114319,PT10262,K,Potassium,3.9,mmol/L,3.5,5.1,N,STAT,2025-04-18 18:01,2025-04-18 18:23,2025-04-18 19:25
LAB733899,ENC114320,PT11178,GLU,Glucose,68,mg/dL,70,99,L,STAT,2025-04-18 13:25,2025-04-18 13:40,2025-04-18 14:05
LAB733900,ENC114320,PT11178,CREAT,Creatinine,0.77,mg/dL,0.6,1.3,N,STAT,2025-04-18 13:15,2025-04-18 13:44,2025-04-18 14:18
LAB733901,ENC114320,PT11178,WBC,White Blood Cell Count,7.7,K/uL,4.5,11,N,STAT,2025-04-18 14:12,2025-04-18 14:46,2025-04-18 15:09
LAB733902,ENC114320,PT11178,HGB,Hemoglobin,13.4,g/dL,12,17.5,N,Routine,2025-04-18 13:35,2025-04-18 14:01,2025-04-18 15:04
LAB733903,ENC114325,PT11596,LDL,LDL Cholesterol,93,mg/dL,0,99,N,Routine,2025-04-18 13:48,2025-04-18 14:19,2025-04-18 19:54
LAB733904,ENC114326,PT13269,WBC,White Blood Cell Count,8,K/uL,4.5,11,N,Routine,2025-04-18 14:18,2025-04-18 14:32,2025-04-18 18:23
LAB733905,ENC114326,PT13269,HGB,Hemoglobin,14.7,g/dL,12,17.5,N,Routine,2025-04-18 14:10,2025-04-18 14:29,2025-04-18 16:59
LAB733906,ENC114326,PT13269,PLT,Platelet Count,140,K/uL,150,400,L,Routine,2025-04-18 14:18,2025-04-18 14:33,2025-04-18 17:11
LAB733907,ENC114327,PT12468,WBC,White Blood Cell Count,8.2,K/uL,4.5,11,N,Routine,2025-04-18 14:36,2025-04-18 14:42,2025-04-18 17:25
LAB733908,ENC114327,PT12468,HGB,Hemoglobin,14.2,g/dL,12,17.5,N,Routine,2025-04-18 14:36,2025-04-18 15:03,2025-04-18 17:32
LAB733909,ENC114327,PT12468,PLT,Platelet Count,258,K/uL,150,400,N,Routine,2025-04-18 14:40,2025-04-18 15:04,2025-04-18 17:10
LAB733910,ENC114329,PT11570,A1C,Hemoglobin A1c,8,%,4,5.6,H,Routine,2025-04-18 16:26,2025-04-18 16:33,2025-04-19 02:51
LAB733911,ENC114329,PT11570,GLU,Glucose,246,mg/dL,70,99,H,Routine,2025-04-18 16:20,2025-04-18 16:41,2025-04-18 20:10
LAB733912,ENC114329,PT11570,CREAT,Creatinine,1.25,mg/dL,0.6,1.3,N,Routine,2025-04-18 16:39,2025-04-18 16:48,2025-04-18 18:21
LAB733913,ENC114331,PT13751,GLU,Glucose,193,mg/dL,70,99,H,Routine,2025-04-18 21:10,2025-04-18 21:31,2025-04-18 23:12
LAB733914,ENC114331,PT13751,CREAT,Creatinine,0.66,mg/dL,0.6,1.3,N,STAT,2025-04-18 20:42,2025-04-18 21:13,2025-04-18 21:43
LAB733915,ENC114331,PT13751,WBC,White Blood Cell Count,6.9,K/uL,4.5,11,N,STAT,2025-04-18 21:12,2025-04-18 21:34,2025-04-18 22:35
LAB733916,ENC114331,PT13751,HGB,Hemoglobin,13.9,g/dL,12,17.5,N,Routine,2025-04-18 21:10,2025-04-18 21:26,2025-04-19 00:37
LAB733917,ENC114331,PT13751,TROP,"Troponin I, High Sensitivity",52,ng/L,0,34,H,STAT,2025-04-18 21:17,2025-04-18 21:36,2025-04-18 22:28
LAB733918,ENC114331,PT13751,BNP,B-Type Natriuretic Peptide,1498,pg/mL,0,100,H,STAT,2025-04-18 20:47,2025-04-18 21:05,2025-04-18 22:04
LAB733919,ENC114332,PT13845,GLU,Glucose,129,mg/dL,70,99,H,Routine,2025-04-18 21:18,2025-04-18 21:37,2025-04-18 22:45
LAB733920,ENC114332,PT13845,CREAT,Creatinine,0.85,mg/dL,0.6,1.3,N,STAT,2025-04-18 22:02,2025-04-18 22:35,2025-04-19 00:15
LAB733921,ENC114334,PT10996,GLU,Glucose,114,mg/dL,70,99,H,STAT,2025-04-19 01:17,2025-04-19 01:42,2025-04-19 02:21
LAB733922,ENC114334,PT10996,CREAT,Creatinine,0.73,mg/dL,0.6,1.3,N,Routine,2025-04-19 01:18,2025-04-19 01:30,2025-04-19 05:33
LAB733923,ENC114334,PT10996,WBC,White Blood Cell Count,8.1,K/uL,4.5,11,N,Routine,2025-04-19 00:36,2025-04-19 00:51,2025-04-19 02:19
LAB733924,ENC114334,PT10996,HGB,Hemoglobin,13.8,g/dL,12,17.5,N,STAT,2025-04-19 00:43,2025-04-19 01:16,2025-04-19 02:34
LAB733925,ENC114336,PT12533,GLU,Glucose,258,mg/dL,70,99,H,Routine,2025-04-19 07:17,2025-04-19 07:43,2025-04-19 10:00
LAB733926,ENC114336,PT12533,CREAT,Creatinine,0.95,mg/dL,0.6,1.3,N,Routine,2025-04-19 07:25,2025-04-19 07:39,2025-04-19 10:34
LAB733927,ENC114336,PT12533,WBC,White Blood Cell Count,16.7,K/uL,4.5,11,H,STAT,2025-04-19 08:18,2025-04-19 08:52,2025-04-19 10:13
LAB733928,ENC114336,PT12533,HGB,Hemoglobin,15.7,g/dL,12,17.5,N,Routine,2025-04-19 07:55,2025-04-19 08:03,2025-04-19 19:07
LAB733929,ENC114337,PT12070,GLU,Glucose,137,mg/dL,70,99,H,STAT,2025-04-19 10:00,2025-04-19 10:32,2025-04-19 11:20
LAB733930,ENC114337,PT12070,CREAT,Creatinine,1.47,mg/dL,0.6,1.3,H,STAT,2025-04-19 09:45,2025-04-19 10:15,2025-04-19 11:10
LAB733931,ENC114337,PT12070,WBC,White Blood Cell Count,6.7,K/uL,4.5,11,N,STAT,2025-04-19 09:55,2025-04-19 10:24,2025-04-19 10:51
LAB733932,ENC114340,PT13410,GLU,Glucose,96,mg/dL,70,99,N,STAT,2025-04-19 14:43,2025-04-19 14:56,2025-04-19 15:23
LAB733933,ENC114340,PT13410,CREAT,Creatinine,0.88,mg/dL,0.6,1.3,N,STAT,2025-04-19 14:31,2025-04-19 15:05,2025-04-19 16:10
LAB733934,ENC114341,PT13036,GLU,Glucose,78,mg/dL,70,99,N,STAT,2025-04-19 15:02,2025-04-19 15:33,2025-04-19 16:14
LAB733935,ENC114341,PT13036,CREAT,Creatinine,0.95,mg/dL,0.6,1.3,N,Routine,2025-04-19 15:51,2025-04-19 16:14,2025-04-19 19:33
LAB733936,ENC114341,PT13036,WBC,White Blood Cell Count,8.6,K/uL,4.5,11,N,STAT,2025-04-19 15:30,2025-04-19 15:57,2025-04-19 16:14
LAB733937,ENC114341,PT13036,HGB,Hemoglobin,13.8,g/dL,12,17.5,N,STAT,2025-04-19 15:35,2025-04-19 16:05,2025-04-19 16:39
LAB733938,ENC114341,PT13036,NA,Sodium,138,mmol/L,136,145,N,STAT,2025-04-19 15:27,2025-04-19 15:52,2025-04-19 16:38
LAB733939,ENC114341,PT13036,K,Potassium,4.2,mmol/L,3.5,5.1,N,STAT,2025-04-19 15:18,2025-04-19 15:41,2025-04-19 16:20
LAB733940,ENC114341,PT13036,BUN,Blood Urea Nitrogen,15,mg/dL,7,20,N,Routine,2025-04-19 15:36,2025-04-19 15:53,2025-04-19 18:20
LAB733941,ENC114341,PT13036,PLT,Platelet Count,229,K/uL,150,400,N,Routine,2025-04-19 15:59,2025-04-19 16:03,2025-04-19 17:54
LAB733942,ENC114342,PT13248,GLU,Glucose,106,mg/dL,70,99,H,STAT,2025-04-19 18:53,2025-04-19 19:26,2025-04-19 20:01
LAB733943,ENC114342,PT13248,CREAT,Creatinine,1.96,mg/dL,0.6,1.3,H,Routine,2025-04-19 19:42,2025-04-19 20:05,2025-04-19 23:12
LAB733944,ENC114342,PT13248,WBC,White Blood Cell Count,8.6,K/uL,4.5,11,N,Routine,2025-04-19 19:43,2025-04-19 20:10,2025-04-20 00:17
LAB733945,ENC114342,PT13248,HGB,Hemoglobin,15.8,g/dL,12,17.5,N,STAT,2025-04-19 20:00,2025-04-19 20:23,2025-04-19 21:30
LAB733946,ENC114342,PT13248,NA,Sodium,138,mmol/L,136,145,N,STAT,2025-04-19 20:01,2025-04-19 20:25,2025-04-19 21:55
LAB733947,ENC114342,PT13248,K,Potassium,3.8,mmol/L,3.5,5.1,N,STAT,2025-04-19 19:23,2025-04-19 19:53,2025-04-19 21:17
LAB733948,ENC114342,PT13248,BUN,Blood Urea Nitrogen,16,mg/dL,7,20,N,STAT,2025-04-19 19:51,2025-04-19 19:56,2025-04-19 20:20
LAB733949,ENC114342,PT13248,PLT,Platelet Count,245,K/uL,150,400,N,Routine,2025-04-19 19:11,2025-04-19 19:33,2025-04-19 21:40
LAB733950,ENC114342,PT13248,LACT,Lactate,8.4,mmol/L,0.5,2,HH,STAT,2025-04-19 19:24,2025-04-19 19:33,2025-04-19 20:22
LAB733951,ENC114345,PT11502,GLU,Glucose,113,mg/dL,70,99,H,STAT,2025-04-19 19:36,2025-04-19 20:11,2025-04-19 20:41
LAB733952,ENC114345,PT11502,CREAT,Creatinine,0.92,mg/dL,0.6,1.3,N,STAT,2025-04-19 19:03,2025-04-19 19:14,2025-04-19 20:26
LAB733953,ENC114345,PT11502,WBC,White Blood Cell Count,9.8,K/uL,4.5,11,N,STAT,2025-04-19 19:25,2025-04-19 19:33,2025-04-19 20:37
LAB733954,ENC114346,PT10323,GLU,Glucose,101,mg/dL,70,99,H,Routine,2025-04-19 23:43,2025-04-20 00:10,2025-04-20 03:23
LAB733955,ENC114346,PT10323,CREAT,Creatinine,0.45,mg/dL,0.6,1.3,L,Routine,2025-04-19 23:46,2025-04-19 23:58,2025-04-20 03:08
LAB733956,ENC114346,PT10323,WBC,White Blood Cell Count,7.3,K/uL,4.5,11,N,Routine,2025-04-19 23:23,2025-04-19 23:49,2025-04-20 01:24
LAB733957,ENC114346,PT10323,HGB,Hemoglobin,12.8,g/dL,12,17.5,N,STAT,2025-04-19 23:44,2025-04-19 23:54,2025-04-20 00:50
LAB733958,ENC114347,PT10295,GLU,Glucose,160,mg/dL,70,99,H,Routine,2025-04-20 00:31,2025-04-20 00:48,2025-04-20 03:35
LAB733959,ENC114347,PT10295,CREAT,Creatinine,0.9,mg/dL,0.6,1.3,N,STAT,2025-04-20 00:59,2025-04-20 01:19,2025-04-20 02:37
LAB733960,ENC114347,PT10295,WBC,White Blood Cell Count,8.3,K/uL,4.5,11,N,STAT,2025-04-20 00:51,2025-04-20 01:12,2025-04-20 01:29
LAB733961,ENC114347,PT10295,HGB,Hemoglobin,14.6,g/dL,12,17.5,N,Routine,2025-04-20 00:33,2025-04-20 00:50,2025-04-20 02:59
LAB733962,ENC114347,PT10295,INR,Prothrombin Time INR,1.1,ratio,0.8,1.2,N,STAT,2025-04-20 01:07,2025-04-20 01:31,2025-04-20 02:22
LAB733963,ENC114348,PT11878,GLU,Glucose,168,mg/dL,70,99,H,Routine,2025-04-20 04:07,2025-04-20 04:29,2025-04-20 09:06
LAB733964,ENC114348,PT11878,CREAT,Creatinine,2.2,mg/dL,0.6,1.3,H,STAT,2025-04-20 03:52,2025-04-20 04:12,2025-04-20 04:47
LAB733965,ENC114348,PT11878,WBC,White Blood Cell Count,14.9,K/uL,4.5,11,H,STAT,2025-04-20 04:12,2025-04-20 04:19,2025-04-20 05:12
LAB733966,ENC114348,PT11878,HGB,Hemoglobin,11.3,g/dL,12,17.5,L,STAT,2025-04-20 04:02,2025-04-20 04:24,2025-04-20 04:49
LAB733967,ENC114348,PT11878,NA,Sodium,140,mmol/L,136,145,N,Routine,2025-04-20 04:49,2025-04-20 05:07,2025-04-20 06:54
LAB733968,ENC114348,PT11878,K,Potassium,3.8,mmol/L,3.5,5.1,N,STAT,2025-04-20 04:34,2025-04-20 05:08,2025-04-20 06:04
LAB733969,ENC114348,PT11878,LACT,Lactate,3.1,mmol/L,0.5,2,H,STAT,2025-04-20 04:46,2025-04-20 05:21,2025-04-20 05:52
LAB733970,ENC114350,PT13786,GLU,Glucose,171,mg/dL,70,99,H,Routine,2025-04-20 06:57,2025-04-20 07:05,2025-04-20 11:24
LAB733971,ENC114350,PT13786,CREAT,Creatinine,1.04,mg/dL,0.6,1.3,N,Routine,2025-04-20 07:17,2025-04-20 07:27,2025-04-20 08:24
LAB733972,ENC114350,PT13786,WBC,White Blood Cell Count,8.8,K/uL,4.5,11,N,Routine,2025-04-20 06:38,2025-04-20 07:06,2025-04-20 11:33
LAB733973,ENC114350,PT13786,HGB,Hemoglobin,15.6,g/dL,12,17.5,N,STAT,2025-04-20 07:15,2025-04-20 07:27,2025-04-20 08:27
LAB733974,ENC114350,PT13786,TROP,"Troponin I, High Sensitivity",1459,ng/L,0,34,H,STAT,2025-04-20 07:34,2025-04-20 07:48,2025-04-20 08:24
LAB733975,ENC114352,PT12697,GLU,Glucose,103,mg/dL,70,99,H,STAT,2025-04-20 10:52,2025-04-20 11:11,2025-04-20 12:00
LAB733976,ENC114352,PT12697,CREAT,Creatinine,1,mg/dL,0.6,1.3,N,Routine,2025-04-20 10:15,2025-04-20 10:29,2025-04-20 11:44
LAB733977,ENC114352,PT12697,TROP,"Troponin I, High Sensitivity",3,ng/L,0,34,N,STAT,2025-04-20 09:53,2025-04-20 10:17,2025-04-20 10:53
LAB733978,ENC114353,PT12459,GLU,Glucose,92,mg/dL,70,99,N,STAT,2025-04-20 11:01,2025-04-20 11:06,2025-04-20 11:52
LAB733979,ENC114353,PT12459,CREAT,Creatinine,0.85,mg/dL,0.6,1.3,N,STAT,2025-04-20 11:46,2025-04-20 12:06,2025-04-20 12:44
LAB733980,ENC114353,PT12459,WBC,White Blood Cell Count,9,K/uL,4.5,11,N,STAT,2025-04-20 11:56,2025-04-20 12:28,2025-04-20 13:46
LAB733981,ENC114354,PT10996,GLU,Glucose,141,mg/dL,70,99,H,STAT,2025-04-20 12:55,2025-04-20 13:03,2025-04-20 13:52
LAB733982,ENC114354,PT10996,CREAT,Creatinine,0.52,mg/dL,0.6,1.3,L,STAT,2025-04-20 12:56,2025-04-20 13:15,2025-04-20 14:17
LAB733983,ENC114354,PT10996,WBC,White Blood Cell Count,5.2,K/uL,4.5,11,N,STAT,2025-04-20 13:23,2025-04-20 13:29,2025-04-20 14:07
LAB733984,ENC114354,PT10996,HGB,Hemoglobin,12.9,g/dL,12,17.5,N,Routine,2025-04-20 13:24,2025-04-20 13:42,2025-04-20 18:39
LAB733985,ENC114354,PT10996,TROP,"Troponin I, High Sensitivity",61,ng/L,0,34,H,STAT,2025-04-20 12:55,2025-04-20 13:16,2025-04-20 13:49
LAB733986,ENC114354,PT10996,BNP,B-Type Natriuretic Peptide,1105,pg/mL,0,100,H,Routine,2025-04-20 13:47,2025-04-20 14:14,2025-04-20 18:36
LAB733987,ENC114356,PT10865,GLU,Glucose,112,mg/dL,70,99,H,STAT,2025-04-20 18:01,2025-04-20 18:25,2025-04-20 19:38
LAB733988,ENC114356,PT10865,CREAT,Creatinine,1.21,mg/dL,0.6,1.3,N,STAT,2025-04-20 17:20,2025-04-20 17:54,2025-04-20 18:44
LAB733989,ENC114356,PT10865,WBC,White Blood Cell Count,9.6,K/uL,4.5,11,N,Routine,2025-04-20 18:11,2025-04-20 18:19,2025-04-20 22:03
LAB733990,ENC114356,PT10865,HGB,Hemoglobin,11,g/dL,12,17.5,L,Routine,2025-04-20 18:05,2025-04-20 18:23,2025-04-20 20:41
LAB733991,ENC114357,PT13282,GLU,Glucose,156,mg/dL,70,99,H,Routine,2025-04-20 18:19,2025-04-20 18:35,2025-04-20 22:40
LAB733992,ENC114357,PT13282,CREAT,Creatinine,2.43,mg/dL,0.6,1.3,H,STAT,2025-04-20 18:32,2025-04-20 18:37,2025-04-20 19:54
LAB733993,ENC114357,PT13282,WBC,White Blood Cell Count,7.9,K/uL,4.5,11,N,Routine,2025-04-20 17:56,2025-04-20 18:13,2025-04-20 18:56
LAB733994,ENC114357,PT13282,HGB,Hemoglobin,12.2,g/dL,12,17.5,N,STAT,2025-04-20 18:02,2025-04-20 18:28,2025-04-20 19:11
LAB733995,ENC114357,PT13282,NA,Sodium,126,mmol/L,136,145,L,STAT,2025-04-20 18:14,2025-04-20 18:48,2025-04-20 19:18
LAB733996,ENC114357,PT13282,K,Potassium,4.1,mmol/L,3.5,5.1,N,STAT,2025-04-20 18:04,2025-04-20 18:34,2025-04-20 19:34
LAB733997,ENC114358,PT13240,GLU,Glucose,95,mg/dL,70,99,N,STAT,2025-04-20 14:16,2025-04-20 14:48,2025-04-20 15:25
LAB733998,ENC114358,PT13240,CREAT,Creatinine,0.86,mg/dL,0.6,1.3,N,STAT,2025-04-20 14:09,2025-04-20 14:21,2025-04-20 15:11
LAB733999,ENC114358,PT13240,WBC,White Blood Cell Count,8.3,K/uL,4.5,11,N,STAT,2025-04-20 14:04,2025-04-20 14:34,2025-04-20 15:26
LAB734000,ENC114358,PT13240,TROP,"Troponin I, High Sensitivity",5,ng/L,0,34,N,STAT,2025-04-20 14:22,2025-04-20 14:51,2025-04-20 15:55
LAB734001,ENC114360,PT12757,GLU,Glucose,122,mg/dL,70,99,H,Routine,2025-04-20 18:44,2025-04-20 19:07,2025-04-20 22:13
LAB734002,ENC114360,PT12757,CREAT,Creatinine,0.46,mg/dL,0.6,1.3,L,Routine,2025-04-20 17:41,2025-04-20 17:56,2025-04-20 21:15
LAB734003,ENC114360,PT12757,WBC,White Blood Cell Count,7.6,K/uL,4.5,11,N,STAT,2025-04-20 17:56,2025-04-20 18:31,2025-04-20 19:06
LAB734004,ENC114360,PT12757,HGB,Hemoglobin,14.8,g/dL,12,17.5,N,STAT,2025-04-20 17:36,2025-04-20 18:01,2025-04-20 18:33
LAB734005,ENC114360,PT12757,TROP,"Troponin I, High Sensitivity",527,ng/L,0,34,H,STAT,2025-04-20 18:24,2025-04-20 18:57,2025-04-20 20:06
LAB734006,ENC114361,PT12540,GLU,Glucose,102,mg/dL,70,99,H,Routine,2025-04-20 16:21,2025-04-20 16:34,2025-04-20 18:23
LAB734007,ENC114361,PT12540,CREAT,Creatinine,0.65,mg/dL,0.6,1.3,N,STAT,2025-04-20 15:15,2025-04-20 15:30,2025-04-20 15:52
LAB734008,ENC114361,PT12540,WBC,White Blood Cell Count,9.2,K/uL,4.5,11,N,Routine,2025-04-20 16:04,2025-04-20 16:33,2025-04-20 19:13
LAB734009,ENC114362,PT10657,GLU,Glucose,108,mg/dL,70,99,H,Routine,2025-04-20 15:46,2025-04-20 16:21,2025-04-20 17:24
LAB734010,ENC114362,PT10657,CREAT,Creatinine,0.82,mg/dL,0.6,1.3,N,STAT,2025-04-20 16:05,2025-04-20 16:22,2025-04-20 17:26
LAB734011,ENC114362,PT10657,WBC,White Blood Cell Count,7.7,K/uL,4.5,11,N,STAT,2025-04-20 15:38,2025-04-20 15:58,2025-04-20 17:04
LAB734012,ENC114363,PT10618,GLU,Glucose,105,mg/dL,70,99,H,STAT,2025-04-20 19:28,2025-04-20 19:43,2025-04-20 20:46
LAB734013,ENC114363,PT10618,CREAT,Creatinine,1.25,mg/dL,0.6,1.3,N,Routine,2025-04-20 20:09,2025-04-20 20:18,2025-04-21 00:56
LAB734014,ENC114363,PT10618,WBC,White Blood Cell Count,12.8,K/uL,4.5,11,H,STAT,2025-04-20 19:28,2025-04-20 20:02,2025-04-20 20:30
LAB734015,ENC114364,PT11050,GLU,Glucose,91,mg/dL,70,99,N,Routine,2025-04-20 21:49,2025-04-20 22:02,2025-04-21 00:03
LAB734016,ENC114364,PT11050,CREAT,Creatinine,0.65,mg/dL,0.6,1.3,N,STAT,2025-04-20 21:45,2025-04-20 22:14,2025-04-20 23:08
LAB734017,ENC114364,PT11050,WBC,White Blood Cell Count,10.3,K/uL,4.5,11,N,Routine,2025-04-20 21:42,2025-04-20 22:08,2025-04-21 02:02
LAB734018,ENC114364,PT11050,HGB,Hemoglobin,9.1,g/dL,12,17.5,L,STAT,2025-04-20 22:05,2025-04-20 22:18,2025-04-20 23:04
LAB734019,ENC114364,PT11050,BUN,Blood Urea Nitrogen,16,mg/dL,7,20,N,Routine,2025-04-20 21:36,2025-04-20 22:06,2025-04-20 23:57
LAB734020,ENC114364,PT11050,PLT,Platelet Count,270,K/uL,150,400,N,STAT,2025-04-20 22:27,2025-04-20 22:35,2025-04-20 23:42
LAB734021,ENC114364,PT11050,INR,Prothrombin Time INR,1,ratio,0.8,1.2,N,Routine,2025-04-20 21:54,2025-04-20 22:10,2025-04-20 23:31
LAB734022,ENC114367,PT12454,INR,Prothrombin Time INR,0.9,ratio,0.8,1.2,N,STAT,2025-04-21 05:41,2025-04-21 05:58,2025-04-21 06:33
LAB734023,ENC114368,PT10403,GLU,Glucose,287,mg/dL,70,99,H,STAT,2025-04-21 07:06,2025-04-21 07:30,2025-04-21 08:30
LAB734024,ENC114368,PT10403,CREAT,Creatinine,1.44,mg/dL,0.6,1.3,H,Routine,2025-04-21 06:48,2025-04-21 06:53,2025-04-21 10:01
LAB734025,ENC114368,PT10403,WBC,White Blood Cell Count,12.6,K/uL,4.5,11,H,STAT,2025-04-21 06:48,2025-04-21 06:53,2025-04-21 07:15
LAB734026,ENC114368,PT10403,HGB,Hemoglobin,10.1,g/dL,12,17.5,L,STAT,2025-04-21 07:57,2025-04-21 08:22,2025-04-21 09:21
LAB734027,ENC114369,PT13474,GLU,Glucose,109,mg/dL,70,99,H,Routine,2025-04-21 08:39,2025-04-21 09:06,2025-04-21 11:02
LAB734028,ENC114369,PT13474,CREAT,Creatinine,1.23,mg/dL,0.6,1.3,N,STAT,2025-04-21 08:35,2025-04-21 09:05,2025-04-21 09:43
LAB734029,ENC114372,PT12605,GLU,Glucose,213,mg/dL,70,99,H,Routine,2025-04-21 12:38,2025-04-21 13:05,2025-04-21 17:33
LAB734030,ENC114372,PT12605,CREAT,Creatinine,1.03,mg/dL,0.6,1.3,N,STAT,2025-04-21 12:27,2025-04-21 12:52,2025-04-21 14:40
LAB734031,ENC114372,PT12605,WBC,White Blood Cell Count,12.8,K/uL,4.5,11,H,STAT,2025-04-21 12:29,2025-04-21 12:43,2025-04-21 13:45
LAB734032,ENC114372,PT12605,HGB,Hemoglobin,13.1,g/dL,12,17.5,N,STAT,2025-04-21 12:11,2025-04-21 12:28,2025-04-21 13:23
LAB734033,ENC114372,PT12605,LACT,Lactate,2.1,mmol/L,0.5,2,H,STAT,2025-04-21 12:50,2025-04-21 13:10,2025-04-21 13:56
LAB734034,ENC114374,PT10424,GLU,Glucose,78,mg/dL,70,99,N,Routine,2025-04-21 11:05,2025-04-21 11:26,2025-04-21 13:27
LAB734035,ENC114374,PT10424,CREAT,Creatinine,1.19,mg/dL,0.6,1.3,N,Routine,2025-04-21 11:20,2025-04-21 11:51,2025-04-21 14:02
LAB734036,ENC114374,PT10424,WBC,White Blood Cell Count,9.4,K/uL,4.5,11,N,STAT,2025-04-21 11:40,2025-04-21 12:03,2025-04-21 12:58
LAB734037,ENC114374,PT10424,HGB,Hemoglobin,12.1,g/dL,12,17.5,N,Routine,2025-04-21 11:19,2025-04-21 11:33,2025-04-21 18:43
LAB734038,ENC114378,PT13225,A1C,Hemoglobin A1c,12.5,%,4,5.6,H,Routine,2025-04-21 12:00,2025-04-21 12:16,2025-04-21 20:57
LAB734039,ENC114378,PT13225,GLU,Glucose,485,mg/dL,70,99,H,Routine,2025-04-21 12:01,2025-04-21 12:14,2025-04-21 13:33
LAB734040,ENC114378,PT13225,CREAT,Creatinine,0.96,mg/dL,0.6,1.3,N,Routine,2025-04-21 12:06,2025-04-21 12:15,2025-04-21 14:53
LAB734041,ENC114379,PT12860,A1C,Hemoglobin A1c,7.3,%,4,5.6,H,Routine,2025-04-21 12:07,2025-04-21 12:42,2025-04-21 21:17
LAB734042,ENC114379,PT12860,GLU,Glucose,176,mg/dL,70,99,H,Routine,2025-04-21 12:09,2025-04-21 12:31,2025-04-21 15:20
LAB734043,ENC114379,PT12860,CREAT,Creatinine,1.21,mg/dL,0.6,1.3,N,Routine,2025-04-21 12:25,2025-04-21 12:43,2025-04-21 19:48
LAB734044,ENC114380,PT10805,WBC,White Blood Cell Count,6.9,K/uL,4.5,11,N,Routine,2025-04-21 12:28,2025-04-21 12:45,2025-04-21 16:49
LAB734045,ENC114380,PT10805,HGB,Hemoglobin,10.7,g/dL,12,17.5,L,Routine,2025-04-21 12:13,2025-04-21 12:20,2025-04-21 15:11
LAB734046,ENC114380,PT10805,PLT,Platelet Count,209,K/uL,150,400,N,Routine,2025-04-21 12:13,2025-04-21 12:32,2025-04-21 15:24
LAB734047,ENC114381,PT10455,GLU,Glucose,133,mg/dL,70,99,H,STAT,2025-04-21 17:06,2025-04-21 17:20,2025-04-21 18:01
LAB734048,ENC114381,PT10455,CREAT,Creatinine,1.13,mg/dL,0.6,1.3,N,Routine,2025-04-21 16:08,2025-04-21 16:38,2025-04-21 18:07
LAB734049,ENC114381,PT10455,WBC,White Blood Cell Count,7.6,K/uL,4.5,11,N,Routine,2025-04-21 16:10,2025-04-21 16:30,2025-04-21 23:05
LAB734050,ENC114381,PT10455,HGB,Hemoglobin,8,g/dL,12,17.5,L,STAT,2025-04-21 16:46,2025-04-21 16:51,2025-04-21 17:41
LAB734051,ENC114381,PT10455,INR,Prothrombin Time INR,1.1,ratio,0.8,1.2,N,Routine,2025-04-21 16:48,2025-04-21 17:00,2025-04-21 17:58
LAB734052,ENC114382,PT11722,GLU,Glucose,155,mg/dL,70,99,H,Routine,2025-04-21 12:28,2025-04-21 12:53,2025-04-21 15:14
LAB734053,ENC114382,PT11722,CREAT,Creatinine,0.95,mg/dL,0.6,1.3,N,STAT,2025-04-21 12:48,2025-04-21 13:11,2025-04-21 13:32
LAB734054,ENC114382,PT11722,WBC,White Blood Cell Count,10.7,K/uL,4.5,11,N,Routine,2025-04-21 13:11,2025-04-21 13:41,2025-04-21 15:26
LAB734055,ENC114383,PT11626,GLU,Glucose,99,mg/dL,70,99,N,STAT,2025-04-21 15:42,2025-04-21 15:50,2025-04-21 17:04
LAB734056,ENC114383,PT11626,CREAT,Creatinine,1.3,mg/dL,0.6,1.3,N,STAT,2025-04-21 15:40,2025-04-21 16:13,2025-04-21 16:44
LAB734057,ENC114383,PT11626,WBC,White Blood Cell Count,15.5,K/uL,4.5,11,H,Routine,2025-04-21 15:46,2025-04-21 16:13,2025-04-21 17:52
LAB734058,ENC114383,PT11626,HGB,Hemoglobin,13.4,g/dL,12,17.5,N,STAT,2025-04-21 16:15,2025-04-21 16:32,2025-04-21 17:20
LAB734059,ENC114387,PT11188,GLU,Glucose,150,mg/dL,70,99,H,Routine,2025-04-21 17:55,2025-04-21 18:24,2025-04-21 20:43
LAB734060,ENC114387,PT11188,CREAT,Creatinine,1.12,mg/dL,0.6,1.3,N,Routine,2025-04-21 17:55,2025-04-21 18:25,2025-04-21 23:04
LAB734061,ENC114387,PT11188,WBC,White Blood Cell Count,18.8,K/uL,4.5,11,H,STAT,2025-04-21 18:06,2025-04-21 18:40,2025-04-21 20:07
LAB734062,ENC114387,PT11188,HGB,Hemoglobin,16.4,g/dL,12,17.5,N,Routine,2025-04-21 18:17,2025-04-21 18:26,2025-04-21 20:50
LAB734063,ENC114387,PT11188,BUN,Blood Urea Nitrogen,13,mg/dL,7,20,N,Routine,2025-04-21 18:00,2025-04-21 18:22,2025-04-21 20:42
LAB734064,ENC114387,PT11188,PLT,Platelet Count,363,K/uL,150,400,N,STAT,2025-04-21 17:44,2025-04-21 17:57,2025-04-21 18:34
LAB734065,ENC114389,PT12672,WBC,White Blood Cell Count,5.9,K/uL,4.5,11,N,Routine,2025-04-21 14:33,2025-04-21 14:42,2025-04-21 16:14
LAB734066,ENC114389,PT12672,HGB,Hemoglobin,12.5,g/dL,12,17.5,N,Routine,2025-04-21 14:40,2025-04-21 14:50,2025-04-21 17:04
LAB734067,ENC114389,PT12672,PLT,Platelet Count,242,K/uL,150,400,N,Routine,2025-04-21 14:43,2025-04-21 14:55,2025-04-21 17:52
LAB734068,ENC114391,PT12737,GLU,Glucose,97,mg/dL,70,99,N,STAT,2025-04-21 14:56,2025-04-21 15:03,2025-04-21 15:53
LAB734069,ENC114391,PT12737,CREAT,Creatinine,1.16,mg/dL,0.6,1.3,N,STAT,2025-04-21 15:08,2025-04-21 15:38,2025-04-21 16:29
LAB734070,ENC114394,PT11395,WBC,White Blood Cell Count,2.5,K/uL,4.5,11,L,Routine,2025-04-21 17:00,2025-04-21 17:32,2025-04-21 19:23
LAB734071,ENC114394,PT11395,HGB,Hemoglobin,12.8,g/dL,12,17.5,N,Routine,2025-04-21 16:36,2025-04-21 17:10,2025-04-21 20:35
LAB734072,ENC114394,PT11395,PLT,Platelet Count,290,K/uL,150,400,N,Routine,2025-04-21 16:50,2025-04-21 17:24,2025-04-21 21:49
LAB734073,ENC114397,PT10367,GLU,Glucose,108,mg/dL,70,99,H,Routine,2025-04-22 00:05,2025-04-22 00:22,2025-04-22 04:02
LAB734074,ENC114397,PT10367,CREAT,Creatinine,0.78,mg/dL,0.6,1.3,N,Routine,2025-04-22 00:06,2025-04-22 00:22,2025-04-22 01:34
LAB734075,ENC114397,PT10367,WBC,White Blood Cell Count,15.2,K/uL,4.5,11,H,STAT,2025-04-21 23:35,2025-04-22 00:01,2025-04-22 01:04
LAB734076,ENC114397,PT10367,HGB,Hemoglobin,16.5,g/dL,12,17.5,N,STAT,2025-04-21 23:27,2025-04-21 23:54,2025-04-22 00:42
LAB734077,ENC114397,PT10367,BUN,Blood Urea Nitrogen,15,mg/dL,7,20,N,STAT,2025-04-21 23:56,2025-04-22 00:23,2025-04-22 01:23
LAB734078,ENC114397,PT10367,PLT,Platelet Count,267,K/uL,150,400,N,STAT,2025-04-21 23:31,2025-04-22 00:00,2025-04-22 01:16
LAB734079,ENC114398,PT11570,GLU,Glucose,197,mg/dL,70,99,H,Routine,2025-04-22 00:43,2025-04-22 01:14,2025-04-22 03:32
LAB734080,ENC114398,PT11570,CREAT,Creatinine,1.2,mg/dL,0.6,1.3,N,STAT,2025-04-22 00:15,2025-04-22 00:20,2025-04-22 01:38
LAB734081,ENC114398,PT11570,WBC,White Blood Cell Count,7.6,K/uL,4.5,11,N,STAT,2025-04-22 00:11,2025-04-22 00:32,2025-04-22 01:23
LAB734082,ENC114398,PT11570,HGB,Hemoglobin,16.2,g/dL,12,17.5,N,STAT,2025-04-21 23:43,2025-04-22 00:10,2025-04-22 00:40
LAB734083,ENC114398,PT11570,NA,Sodium,143,mmol/L,136,145,N,STAT,2025-04-21 23:50,2025-04-22 00:20,2025-04-22 00:52
LAB734084,ENC114398,PT11570,K,Potassium,3.6,mmol/L,3.5,5.1,N,STAT,2025-04-22 00:04,2025-04-22 00:39,2025-04-22 01:05
LAB734085,ENC114399,PT13273,GLU,Glucose,198,mg/dL,70,99,H,Routine,2025-04-21 22:44,2025-04-21 22:53,2025-04-22 00:03
LAB734086,ENC114399,PT13273,CREAT,Creatinine,0.82,mg/dL,0.6,1.3,N,Routine,2025-04-21 22:28,2025-04-21 22:36,2025-04-22 00:18
LAB734087,ENC114400,PT11926,GLU,Glucose,105,mg/dL,70,99,H,Routine,2025-04-22 06:57,2025-04-22 07:01,2025-04-22 08:21
LAB734088,ENC114400,PT11926,CREAT,Creatinine,0.93,mg/dL,0.6,1.3,N,STAT,2025-04-22 07:40,2025-04-22 08:08,2025-04-22 09:02
LAB734089,ENC114400,PT11926,WBC,White Blood Cell Count,8.5,K/uL,4.5,11,N,Routine,2025-04-22 07:38,2025-04-22 07:57,2025-04-22 09:52
LAB734090,ENC114400,PT11926,HGB,Hemoglobin,13.4,g/dL,12,17.5,N,STAT,2025-04-22 07:15,2025-04-22 07:35,2025-04-22 08:47
LAB734091,ENC114401,PT12029,GLU,Glucose,109,mg/dL,70,99,H,STAT,2025-04-22 07:43,2025-04-22 07:52,2025-04-22 08:55
LAB734092,ENC114401,PT12029,CREAT,Creatinine,0.83,mg/dL,0.6,1.3,N,STAT,2025-04-22 07:06,2025-04-22 07:13,2025-04-22 07:34
LAB734093,ENC114401,PT12029,WBC,White Blood Cell Count,5.6,K/uL,4.5,11,N,STAT,2025-04-22 08:05,2025-04-22 08:14,2025-04-22 09:27
LAB734094,ENC114401,PT12029,HGB,Hemoglobin,12.7,g/dL,12,17.5,N,STAT,2025-04-22 07:07,2025-04-22 07:29,2025-04-22 08:05
LAB734095,ENC114401,PT12029,BUN,Blood Urea Nitrogen,11,mg/dL,7,20,N,STAT,2025-04-22 07:37,2025-04-22 07:44,2025-04-22 08:21
LAB734096,ENC114401,PT12029,PLT,Platelet Count,153,K/uL,150,400,N,STAT,2025-04-22 07:21,2025-04-22 07:34,2025-04-22 08:10
LAB734097,ENC114402,PT12313,WBC,White Blood Cell Count,4.9,K/uL,4.5,11,N,Routine,2025-04-22 09:09,2025-04-22 09:35,2025-04-22 11:55
LAB734098,ENC114402,PT12313,HGB,Hemoglobin,13.3,g/dL,12,17.5,N,Routine,2025-04-22 09:21,2025-04-22 09:29,2025-04-22 11:09
LAB734099,ENC114402,PT12313,PLT,Platelet Count,106,K/uL,150,400,L,Routine,2025-04-22 09:23,2025-04-22 09:57,2025-04-22 14:21
LAB734100,ENC114404,PT12537,GLU,Glucose,244,mg/dL,70,99,H,STAT,2025-04-22 11:36,2025-04-22 11:41,2025-04-22 11:55
LAB734101,ENC114404,PT12537,CREAT,Creatinine,1.31,mg/dL,0.6,1.3,H,STAT,2025-04-22 11:36,2025-04-22 11:46,2025-04-22 12:31
LAB734102,ENC114404,PT12537,WBC,White Blood Cell Count,12.1,K/uL,4.5,11,H,STAT,2025-04-22 11:07,2025-04-22 11:40,2025-04-22 12:29
LAB734103,ENC114405,PT13921,LDL,LDL Cholesterol,174,mg/dL,0,99,H,Routine,2025-04-22 11:16,2025-04-22 11:43,2025-04-22 16:14
LAB734104,ENC114408,PT12173,GLU,Glucose,84,mg/dL,70,99,N,STAT,2025-04-22 12:04,2025-04-22 12:35,2025-04-22 13:17
LAB734105,ENC114408,PT12173,CREAT,Creatinine,0.6,mg/dL,0.6,1.3,N,STAT,2025-04-22 11:46,2025-04-22 11:52,2025-04-22 12:32
LAB734106,ENC114409,PT11581,GLU,Glucose,125,mg/dL,70,99,H,STAT,2025-04-22 12:47,2025-04-22 13:16,2025-04-22 14:00
LAB734107,ENC114409,PT11581,CREAT,Creatinine,1.17,mg/dL,0.6,1.3,N,Routine,2025-04-22 12:14,2025-04-22 12:44,2025-04-22 17:04
LAB734108,ENC114410,PT12775,LDL,LDL Cholesterol,97,mg/dL,0,99,N,Routine,2025-04-22 12:49,2025-04-22 13:18,2025-04-24 15:18
LAB734109,ENC114410,PT12775,A1C,Hemoglobin A1c,8.6,%,4,5.6,H,Routine,2025-04-22 12:45,2025-04-22 12:51,2025-04-22 21:31
LAB734110,ENC114410,PT12775,TSH,Thyroid Stimulating Hormone,2.29,mIU/L,0.4,4,N,Routine,2025-04-22 12:45,2025-04-22 12:56,2025-04-23 01:47
LAB734111,ENC114412,PT11412,GLU,Glucose,242,mg/dL,70,99,H,STAT,2025-04-22 13:50,2025-04-22 14:17,2025-04-22 16:14
LAB734112,ENC114412,PT11412,CREAT,Creatinine,2.27,mg/dL,0.6,1.3,H,STAT,2025-04-22 14:26,2025-04-22 14:36,2025-04-22 15:05
LAB734113,ENC114412,PT11412,WBC,White Blood Cell Count,2,K/uL,4.5,11,L,Routine,2025-04-22 13:45,2025-04-22 13:54,2025-04-22 18:41
LAB734114,ENC114412,PT11412,HGB,Hemoglobin,12.7,g/dL,12,17.5,N,Routine,2025-04-22 14:43,2025-04-22 15:00,2025-04-22 16:42
LAB734115,ENC114412,PT11412,LACT,Lactate,1.8,mmol/L,0.5,2,N,STAT,2025-04-22 13:44,2025-04-22 13:49,2025-04-22 14:32
LAB734116,ENC114413,PT10500,LDL,LDL Cholesterol,109,mg/dL,0,99,H,Routine,2025-04-22 13:53,2025-04-22 14:16,2025-04-23 00:06
LAB734117,ENC114413,PT10500,TSH,Thyroid Stimulating Hormone,0.3,mIU/L,0.4,4,L,Routine,2025-04-22 13:56,2025-04-22 14:06,2025-04-23 04:36
LAB734118,ENC114414,PT11493,LDL,LDL Cholesterol,85,mg/dL,0,99,N,Routine,2025-04-22 14:09,2025-04-22 14:24,2025-04-23 02:43
LAB734119,ENC114416,PT11583,GLU,Glucose,123,mg/dL,70,99,H,Routine,2025-04-22 14:25,2025-04-22 14:36,2025-04-22 18:09
LAB734120,ENC114416,PT11583,CREAT,Creatinine,0.47,mg/dL,0.6,1.3,L,STAT,2025-04-22 14:44,2025-04-22 15:02,2025-04-22 16:06
LAB734121,ENC114417,PT13405,A1C,Hemoglobin A1c,12.6,%,4,5.6,H,Routine,2025-04-22 15:38,2025-04-22 15:52,2025-04-22 22:59
LAB734122,ENC114417,PT13405,GLU,Glucose,476,mg/dL,70,99,H,Routine,2025-04-22 15:31,2025-04-22 15:45,2025-04-22 18:05
LAB734123,ENC114417,PT13405,CREAT,Creatinine,0.85,mg/dL,0.6,1.3,N,Routine,2025-04-22 15:43,2025-04-22 15:47,2025-04-22 19:36
LAB734124,ENC114420,PT12007,INR,Prothrombin Time INR,3.5,ratio,0.8,1.2,H,Routine,2025-04-22 15:40,2025-04-22 15:50,2025-04-22 17:38
LAB734125,ENC114422,PT12513,TROP,"Troponin I, High Sensitivity",7,ng/L,0,34,N,STAT,2025-04-22 16:24,2025-04-22 16:39,2025-04-22 17:25
LAB734126,ENC114423,PT13720,GLU,Glucose,124,mg/dL,70,99,H,STAT,2025-04-22 19:41,2025-04-22 20:15,2025-04-22 21:29
LAB734127,ENC114423,PT13720,CREAT,Creatinine,0.82,mg/dL,0.6,1.3,N,STAT,2025-04-22 19:15,2025-04-22 19:32,2025-04-22 19:59
LAB734128,ENC114423,PT13720,WBC,White Blood Cell Count,8.5,K/uL,4.5,11,N,STAT,2025-04-22 19:49,2025-04-22 20:20,2025-04-22 21:11
LAB734129,ENC114423,PT13720,HGB,Hemoglobin,14.2,g/dL,12,17.5,N,STAT,2025-04-22 19:15,2025-04-22 19:43,2025-04-22 20:55
LAB734130,ENC114423,PT13720,TROP,"Troponin I, High Sensitivity",74,ng/L,0,34,H,STAT,2025-04-22 19:43,2025-04-22 19:47,2025-04-22 20:48
LAB734131,ENC114423,PT13720,BNP,B-Type Natriuretic Peptide,992,pg/mL,0,100,H,STAT,2025-04-22 19:59,2025-04-22 20:34,2025-04-22 21:43
LAB734132,ENC114424,PT13878,GLU,Glucose,91,mg/dL,70,99,N,STAT,2025-04-22 16:39,2025-04-22 17:09,2025-04-22 17:47
LAB734133,ENC114424,PT13878,CREAT,Creatinine,1.53,mg/dL,0.6,1.3,H,STAT,2025-04-22 16:30,2025-04-22 17:03,2025-04-22 18:13
LAB734134,ENC114424,PT13878,WBC,White Blood Cell Count,8.1,K/uL,4.5,11,N,Routine,2025-04-22 17:30,2025-04-22 17:51,2025-04-22 19:59
LAB734135,ENC114426,PT12621,GLU,Glucose,159,mg/dL,70,99,H,STAT,2025-04-22 17:24,2025-04-22 17:41,2025-04-22 18:05
LAB734136,ENC114426,PT12621,CREAT,Creatinine,1.36,mg/dL,0.6,1.3,H,STAT,2025-04-22 16:57,2025-04-22 17:24,2025-04-22 18:15
LAB734137,ENC114426,PT12621,TROP,"Troponin I, High Sensitivity",5,ng/L,0,34,N,STAT,2025-04-22 17:45,2025-04-22 18:16,2025-04-22 19:38
LAB734138,ENC114429,PT10924,GLU,Glucose,99,mg/dL,70,99,N,Routine,2025-04-22 20:13,2025-04-22 20:48,2025-04-22 23:10
LAB734139,ENC114429,PT10924,CREAT,Creatinine,0.8,mg/dL,0.6,1.3,N,Routine,2025-04-22 20:46,2025-04-22 21:19,2025-04-23 00:24
LAB734140,ENC114429,PT10924,WBC,White Blood Cell Count,8.2,K/uL,4.5,11,N,STAT,2025-04-22 20:41,2025-04-22 20:47,2025-04-22 21:44
LAB734141,ENC114430,PT11011,GLU,Glucose,118,mg/dL,70,99,H,STAT,2025-04-22 21:19,2025-04-22 21:26,2025-04-22 22:03
LAB734142,ENC114430,PT11011,CREAT,Creatinine,0.96,mg/dL,0.6,1.3,N,STAT,2025-04-22 21:20,2025-04-22 21:35,2025-04-22 22:15
LAB734143,ENC114430,PT11011,WBC,White Blood Cell Count,9,K/uL,4.5,11,N,STAT,2025-04-22 21:05,2025-04-22 21:23,2025-04-22 23:02
LAB734144,ENC114430,PT11011,HGB,Hemoglobin,14.9,g/dL,12,17.5,N,STAT,2025-04-22 22:06,2025-04-22 22:23,2025-04-22 22:51
LAB734145,ENC114430,PT11011,NA,Sodium,142,mmol/L,136,145,N,Routine,2025-04-22 22:07,2025-04-22 22:42,2025-04-23 00:37
LAB734146,ENC114430,PT11011,K,Potassium,3.8,mmol/L,3.5,5.1,N,STAT,2025-04-22 21:30,2025-04-22 22:02,2025-04-22 22:42
LAB734147,ENC114430,PT11011,INR,Prothrombin Time INR,3.8,ratio,0.8,1.2,H,Routine,2025-04-22 21:30,2025-04-22 22:05,2025-04-23 00:36
LAB734148,ENC114432,PT13940,GLU,Glucose,83,mg/dL,70,99,N,STAT,2025-04-23 02:38,2025-04-23 02:52,2025-04-23 04:07
LAB734149,ENC114432,PT13940,CREAT,Creatinine,0.93,mg/dL,0.6,1.3,N,Routine,2025-04-23 01:52,2025-04-23 02:00,2025-04-23 05:51
LAB734150,ENC114432,PT13940,WBC,White Blood Cell Count,6.6,K/uL,4.5,11,N,STAT,2025-04-23 01:52,2025-04-23 02:00,2025-04-23 02:29
LAB734151,ENC114432,PT13940,HGB,Hemoglobin,13.6,g/dL,12,17.5,N,STAT,2025-04-23 02:32,2025-04-23 03:02,2025-04-23 03:23
LAB734152,ENC114432,PT13940,NA,Sodium,142,mmol/L,136,145,N,STAT,2025-04-23 02:28,2025-04-23 02:36,2025-04-23 03:10
LAB734153,ENC114432,PT13940,K,Potassium,4.3,mmol/L,3.5,5.1,N,STAT,2025-04-23 02:06,2025-04-23 02:41,2025-04-23 03:07
LAB734154,ENC114432,PT13940,INR,Prothrombin Time INR,1,ratio,0.8,1.2,N,Routine,2025-04-23 02:20,2025-04-23 02:48,2025-04-23 04:37
LAB734155,ENC114433,PT13816,GLU,Glucose,99,mg/dL,70,99,N,STAT,2025-04-23 07:48,2025-04-23 08:03,2025-04-23 09:28
LAB734156,ENC114433,PT13816,CREAT,Creatinine,1.14,mg/dL,0.6,1.3,N,Routine,2025-04-23 07:57,2025-04-23 08:04,2025-04-23 11:03
LAB734157,ENC114433,PT13816,WBC,White Blood Cell Count,4.9,K/uL,4.5,11,N,STAT,2025-04-23 07:59,2025-04-23 08:19,2025-04-23 08:50
LAB734158,ENC114433,PT13816,HGB,Hemoglobin,14.4,g/dL,12,17.5,N,Routine,2025-04-23 07:34,2025-04-23 08:01,2025-04-23 09:34
LAB734159,ENC114434,PT11306,GLU,Glucose,102,mg/dL,70,99,H,Routine,2025-04-23 08:58,2025-04-23 09:27,2025-04-23 12:17
LAB734160,ENC114434,PT11306,CREAT,Creatinine,1.35,mg/dL,0.6,1.3,H,Routine,2025-04-23 08:20,2025-04-23 08:42,2025-04-23 09:38
LAB734161,ENC114435,PT13266,A1C,Hemoglobin A1c,9.1,%,4,5.6,H,Routine,2025-04-23 08:22,2025-04-23 08:43,2025-04-23 17:11
LAB734162,ENC114437,PT13384,GLU,Glucose,116,mg/dL,70,99,H,STAT,2025-04-23 09:24,2025-04-23 09:50,2025-04-23 10:55
LAB734163,ENC114437,PT13384,CREAT,Creatinine,1.2,mg/dL,0.6,1.3,N,STAT,2025-04-23 09:00,2025-04-23 09:21,2025-04-23 10:06
LAB734164,ENC114437,PT13384,WBC,White Blood Cell Count,7.9,K/uL,4.5,11,N,STAT,2025-04-23 08:37,2025-04-23 08:46,2025-04-23 09:32
LAB734165,ENC114437,PT13384,HGB,Hemoglobin,11.9,g/dL,12,17.5,L,Routine,2025-04-23 08:35,2025-04-23 08:56,2025-04-23 13:38
LAB734166,ENC114438,PT12938,GLU,Glucose,102,mg/dL,70,99,H,Routine,2025-04-23 08:50,2025-04-23 09:20,2025-04-23 12:23
LAB734167,ENC114438,PT12938,CREAT,Creatinine,1.25,mg/dL,0.6,1.3,N,STAT,2025-04-23 09:38,2025-04-23 09:53,2025-04-23 10:52
LAB734168,ENC114440,PT11262,A1C,Hemoglobin A1c,11.5,%,4,5.6,H,Routine,2025-04-23 09:28,2025-04-23 09:36,2025-04-23 20:24
LAB734169,ENC114440,PT11262,GLU,Glucose,397,mg/dL,70,99,H,Routine,2025-04-23 09:23,2025-04-23 09:34,2025-04-23 10:47
LAB734170,ENC114440,PT11262,CREAT,Creatinine,0.83,mg/dL,0.6,1.3,N,Routine,2025-04-23 09:27,2025-04-23 09:48,2025-04-23 13:10
LAB734171,ENC114442,PT10217,LDL,LDL Cholesterol,120,mg/dL,0,99,H,Routine,2025-04-23 09:27,2025-04-23 09:46,2025-04-24 03:46
LAB734172,ENC114442,PT10217,A1C,Hemoglobin A1c,7.8,%,4,5.6,H,Routine,2025-04-23 09:11,2025-04-23 09:25,2025-04-23 23:42
LAB734173,ENC114443,PT13529,GLU,Glucose,135,mg/dL,70,99,H,STAT,2025-04-23 13:27,2025-04-23 13:38,2025-04-23 14:12
LAB734174,ENC114443,PT13529,CREAT,Creatinine,0.97,mg/dL,0.6,1.3,N,STAT,2025-04-23 12:24,2025-04-23 12:56,2025-04-23 13:22
LAB734175,ENC114443,PT13529,WBC,White Blood Cell Count,7.4,K/uL,4.5,11,N,STAT,2025-04-23 12:55,2025-04-23 13:17,2025-04-23 13:53
LAB734176,ENC114443,PT13529,HGB,Hemoglobin,5.4,g/dL,12,17.5,LL,STAT,2025-04-23 12:47,2025-04-23 13:03,2025-04-23 13:59
LAB734177,ENC114443,PT13529,INR,Prothrombin Time INR,1.1,ratio,0.8,1.2,N,STAT,2025-04-23 13:18,2025-04-23 13:22,2025-04-23 14:16
LAB734178,ENC114444,PT13002,GLU,Glucose,103,mg/dL,70,99,H,STAT,2025-04-23 14:21,2025-04-23 14:47,2025-04-23 15:10
LAB734179,ENC114444,PT13002,CREAT,Creatinine,0.84,mg/dL,0.6,1.3,N,Routine,2025-04-23 14:01,2025-04-23 14:29,2025-04-23 16:11
LAB734180,ENC114444,PT13002,WBC,White Blood Cell Count,10.9,K/uL,4.5,11,N,STAT,2025-04-23 13:49,2025-04-23 14:13,2025-04-23 15:31
LAB734181,ENC114444,PT13002,HGB,Hemoglobin,13.2,g/dL,12,17.5,N,Routine,2025-04-23 13:34,2025-04-23 13:41,2025-04-23 17:45
LAB734182,ENC114444,PT13002,NA,Sodium,147,mmol/L,136,145,H,STAT,2025-04-23 13:36,2025-04-23 14:04,2025-04-23 15:06
LAB734183,ENC114444,PT13002,K,Potassium,3.8,mmol/L,3.5,5.1,N,STAT,2025-04-23 13:43,2025-04-23 14:15,2025-04-23 15:28
LAB734184,ENC114445,PT10698,GLU,Glucose,198,mg/dL,70,99,H,STAT,2025-04-23 10:00,2025-04-23 10:07,2025-04-23 11:05
LAB734185,ENC114445,PT10698,CREAT,Creatinine,1.12,mg/dL,0.6,1.3,N,STAT,2025-04-23 10:56,2025-04-23 11:03,2025-04-23 11:50
LAB734186,ENC114445,PT10698,WBC,White Blood Cell Count,18.9,K/uL,4.5,11,H,STAT,2025-04-23 10:20,2025-04-23 10:25,2025-04-23 10:50
LAB734187,ENC114445,PT10698,HGB,Hemoglobin,14,g/dL,12,17.5,N,STAT,2025-04-23 10:16,2025-04-23 10:44,2025-04-23 11:19
LAB734188,ENC114445,PT10698,LACT,Lactate,5.7,mmol/L,0.5,2,HH,STAT,2025-04-23 10:01,2025-04-23 10:28,2025-04-23 11:01
LAB734189,ENC114446,PT11172,GLU,Glucose,273,mg/dL,70,99,H,STAT,2025-04-23 10:57,2025-04-23 11:05,2025-04-23 11:42
LAB734190,ENC114446,PT11172,CREAT,Creatinine,0.77,mg/dL,0.6,1.3,N,STAT,2025-04-23 10:22,2025-04-23 10:41,2025-04-23 11:26
LAB734191,ENC114446,PT11172,WBC,White Blood Cell Count,5.1,K/uL,4.5,11,N,STAT,2025-04-23 11:13,2025-04-23 11:42,2025-04-23 12:24
LAB734192,ENC114446,PT11172,HGB,Hemoglobin,12.4,g/dL,12,17.5,N,Routine,2025-04-23 11:09,2025-04-23 11:16,2025-04-23 12:20
LAB734193,ENC114446,PT11172,BUN,Blood Urea Nitrogen,17,mg/dL,7,20,N,Routine,2025-04-23 11:00,2025-04-23 11:33,2025-04-23 16:34
LAB734194,ENC114446,PT11172,PLT,Platelet Count,238,K/uL,150,400,N,Routine,2025-04-23 10:35,2025-04-23 11:10,2025-04-23 13:20
LAB734195,ENC114452,PT12731,WBC,White Blood Cell Count,11.3,K/uL,4.5,11,H,Routine,2025-04-23 12:43,2025-04-23 13:17,2025-04-23 16:06
LAB734196,ENC114452,PT12731,HGB,Hemoglobin,15.5,g/dL,12,17.5,N,Routine,2025-04-23 12:39,2025-04-23 12:44,2025-04-23 15:06
LAB734197,ENC114452,PT12731,PLT,Platelet Count,176,K/uL,150,400,N,Routine,2025-04-23 12:44,2025-04-23 12:56,2025-04-23 14:43
LAB734198,ENC114454,PT10750,GLU,Glucose,157,mg/dL,70,99,H,Routine,2025-04-23 15:27,2025-04-23 16:02,2025-04-23 18:00
LAB734199,ENC114454,PT10750,CREAT,Creatinine,1.74,mg/dL,0.6,1.3,H,Routine,2025-04-23 14:57,2025-04-23 15:18,2025-04-23 19:43
LAB734200,ENC114454,PT10750,WBC,White Blood Cell Count,19.6,K/uL,4.5,11,H,STAT,2025-04-23 15:14,2025-04-23 15:49,2025-04-23 16:08
LAB734201,ENC114454,PT10750,HGB,Hemoglobin,9.8,g/dL,12,17.5,L,STAT,2025-04-23 16:00,2025-04-23 16:19,2025-04-23 17:11
LAB734202,ENC114454,PT10750,LACT,Lactate,3.7,mmol/L,0.5,2,H,STAT,2025-04-23 15:04,2025-04-23 15:24,2025-04-23 16:23
LAB734203,ENC114455,PT12979,GLU,Glucose,212,mg/dL,70,99,H,Routine,2025-04-23 15:06,2025-04-23 15:24,2025-04-23 18:04
LAB734204,ENC114455,PT12979,CREAT,Creatinine,0.89,mg/dL,0.6,1.3,N,Routine,2025-04-23 15:00,2025-04-23 15:30,2025-04-23 18:20
LAB734205,ENC114455,PT12979,WBC,White Blood Cell Count,8.9,K/uL,4.5,11,N,STAT,2025-04-23 15:46,2025-04-23 16:17,2025-04-23 17:02
LAB734206,ENC114455,PT12979,HGB,Hemoglobin,13.5,g/dL,12,17.5,N,STAT,2025-04-23 15:29,2025-04-23 15:49,2025-04-23 16:08
LAB734207,ENC114455,PT12979,TROP,"Troponin I, High Sensitivity",135,ng/L,0,34,H,STAT,2025-04-23 15:25,2025-04-23 15:42,2025-04-23 16:34
LAB734208,ENC114457,PT13161,GLU,Glucose,262,mg/dL,70,99,H,STAT,2025-04-23 15:08,2025-04-23 15:41,2025-04-23 16:32
LAB734209,ENC114457,PT13161,CREAT,Creatinine,1.03,mg/dL,0.6,1.3,N,STAT,2025-04-23 14:56,2025-04-23 15:13,2025-04-23 16:15
LAB734210,ENC114457,PT13161,A1C,Hemoglobin A1c,12.3,%,4,5.6,H,STAT,2025-04-23 14:13,2025-04-23 14:17,2025-04-23 14:43
LAB734211,ENC114458,PT13802,LDL,LDL Cholesterol,161,mg/dL,0,99,H,Routine,2025-04-23 15:28,2025-04-23 15:50,2025-04-24 12:31
LAB734212,ENC114459,PT11504,GLU,Glucose,77,mg/dL,70,99,N,Routine,2025-04-23 15:55,2025-04-23 16:04,2025-04-23 18:56
LAB734213,ENC114459,PT11504,CREAT,Creatinine,1.18,mg/dL,0.6,1.3,N,Routine,2025-04-23 15:33,2025-04-23 16:06,2025-04-23 18:58
LAB734214,ENC114459,PT11504,WBC,White Blood Cell Count,7.4,K/uL,4.5,11,N,STAT,2025-04-23 15:23,2025-04-23 15:29,2025-04-23 16:30
LAB734215,ENC114459,PT11504,HGB,Hemoglobin,12,g/dL,12,17.5,N,STAT,2025-04-23 15:19,2025-04-23 15:45,2025-04-23 16:45
LAB734216,ENC114461,PT10936,GLU,Glucose,135,mg/dL,70,99,H,STAT,2025-04-23 16:32,2025-04-23 16:57,2025-04-23 19:15
LAB734217,ENC114461,PT10936,CREAT,Creatinine,1.15,mg/dL,0.6,1.3,N,Routine,2025-04-23 16:14,2025-04-23 16:31,2025-04-23 18:23
LAB734218,ENC114461,PT10936,WBC,White Blood Cell Count,9.2,K/uL,4.5,11,N,Routine,2025-04-23 15:37,2025-04-23 15:53,2025-04-24 01:10
LAB734219,ENC114461,PT10936,HGB,Hemoglobin,13.1,g/dL,12,17.5,N,STAT,2025-04-23 16:40,2025-04-23 17:14,2025-04-23 18:29
LAB734220,ENC114468,PT12453,GLU,Glucose,85,mg/dL,70,99,N,STAT,2025-04-23 20:49,2025-04-23 21:09,2025-04-23 22:25
LAB734221,ENC114468,PT12453,CREAT,Creatinine,1.03,mg/dL,0.6,1.3,N,Routine,2025-04-23 21:24,2025-04-23 21:47,2025-04-24 10:38
LAB734222,ENC114468,PT12453,WBC,White Blood Cell Count,15.2,K/uL,4.5,11,H,STAT,2025-04-23 21:32,2025-04-23 21:36,2025-04-23 22:53
LAB734223,ENC114468,PT12453,HGB,Hemoglobin,13.7,g/dL,12,17.5,N,STAT,2025-04-23 21:16,2025-04-23 21:28,2025-04-23 22:06
LAB734224,ENC114469,PT10740,GLU,Glucose,128,mg/dL,70,99,H,Routine,2025-04-23 22:34,2025-04-23 22:48,2025-04-24 01:05
LAB734225,ENC114469,PT10740,CREAT,Creatinine,1.61,mg/dL,0.6,1.3,H,Routine,2025-04-23 22:11,2025-04-23 22:36,2025-04-24 00:54
LAB734226,ENC114469,PT10740,WBC,White Blood Cell Count,5.8,K/uL,4.5,11,N,STAT,2025-04-23 22:07,2025-04-23 22:31,2025-04-23 23:50
LAB734227,ENC114469,PT10740,HGB,Hemoglobin,12.8,g/dL,12,17.5,N,STAT,2025-04-23 22:07,2025-04-23 22:14,2025-04-23 22:55
LAB734228,ENC114469,PT10740,NA,Sodium,139,mmol/L,136,145,N,STAT,2025-04-23 22:52,2025-04-23 23:23,2025-04-24 00:09
LAB734229,ENC114469,PT10740,K,Potassium,4.7,mmol/L,3.5,5.1,N,STAT,2025-04-23 22:42,2025-04-23 23:10,2025-04-23 23:39
LAB734230,ENC114470,PT11783,GLU,Glucose,120,mg/dL,70,99,H,STAT,2025-04-23 20:29,2025-04-23 20:47,2025-04-23 21:25
LAB734231,ENC114470,PT11783,CREAT,Creatinine,1.08,mg/dL,0.6,1.3,N,STAT,2025-04-23 20:26,2025-04-23 20:30,2025-04-23 21:08
LAB734232,ENC114470,PT11783,WBC,White Blood Cell Count,7.7,K/uL,4.5,11,N,STAT,2025-04-23 20:00,2025-04-23 20:29,2025-04-23 21:09
LAB734233,ENC114470,PT11783,HGB,Hemoglobin,13.6,g/dL,12,17.5,N,STAT,2025-04-23 20:51,2025-04-23 21:14,2025-04-23 21:39
LAB734234,ENC114470,PT11783,INR,Prothrombin Time INR,1,ratio,0.8,1.2,N,Routine,2025-04-23 20:11,2025-04-23 20:16,2025-04-23 22:54
LAB734235,ENC114471,PT11159,GLU,Glucose,91,mg/dL,70,99,N,Routine,2025-04-24 00:16,2025-04-24 00:28,2025-04-24 05:45
LAB734236,ENC114471,PT11159,CREAT,Creatinine,1.01,mg/dL,0.6,1.3,N,STAT,2025-04-24 00:25,2025-04-24 00:44,2025-04-24 01:57
LAB734237,ENC114471,PT11159,WBC,White Blood Cell Count,7.9,K/uL,4.5,11,N,STAT,2025-04-24 00:54,2025-04-24 01:19,2025-04-24 01:56
LAB734238,ENC114471,PT11159,HGB,Hemoglobin,12.4,g/dL,12,17.5,N,Routine,2025-04-24 00:38,2025-04-24 00:46,2025-04-24 03:06
LAB734239,ENC114471,PT11159,LACT,Lactate,2,mmol/L,0.5,2,N,STAT,2025-04-24 01:09,2025-04-24 01:44,2025-04-24 02:23
LAB734240,ENC114472,PT11518,GLU,Glucose,228,mg/dL,70,99,H,STAT,2025-04-24 00:17,2025-04-24 00:28,2025-04-24 00:56
LAB734241,ENC114472,PT11518,CREAT,Creatinine,1.61,mg/dL,0.6,1.3,H,Routine,2025-04-24 00:05,2025-04-24 00:34,2025-04-24 02:35
LAB734242,ENC114472,PT11518,WBC,White Blood Cell Count,5.7,K/uL,4.5,11,N,STAT,2025-04-23 23:36,2025-04-23 23:53,2025-04-24 00:43
LAB734243,ENC114472,PT11518,HGB,Hemoglobin,9.8,g/dL,12,17.5,L,STAT,2025-04-23 23:56,2025-04-24 00:22,2025-04-24 01:17
LAB734244,ENC114472,PT11518,NA,Sodium,136,mmol/L,136,145,N,STAT,2025-04-23 23:49,2025-04-24 00:19,2025-04-24 00:46
LAB734245,ENC114472,PT11518,K,Potassium,3.7,mmol/L,3.5,5.1,N,STAT,2025-04-23 23:58,2025-04-24 00:09,2025-04-24 00:31
LAB734246,ENC114472,PT11518,A1C,Hemoglobin A1c,9.6,%,4,5.6,H,STAT,2025-04-24 00:38,2025-04-24 00:50,2025-04-24 01:29
LAB734247,ENC114473,PT11931,GLU,Glucose,103,mg/dL,70,99,H,STAT,2025-04-24 00:58,2025-04-24 01:31,2025-04-24 02:20
LAB734248,ENC114473,PT11931,CREAT,Creatinine,0.88,mg/dL,0.6,1.3,N,STAT,2025-04-24 00:43,2025-04-24 00:54,2025-04-24 01:17
LAB734249,ENC114473,PT11931,WBC,White Blood Cell Count,7.4,K/uL,4.5,11,N,STAT,2025-04-24 01:13,2025-04-24 01:41,2025-04-24 02:30
LAB734250,ENC114473,PT11931,HGB,Hemoglobin,13.6,g/dL,12,17.5,N,Routine,2025-04-24 01:32,2025-04-24 01:54,2025-04-24 05:23
LAB734251,ENC114473,PT11931,NA,Sodium,141,mmol/L,136,145,N,Routine,2025-04-24 00:42,2025-04-24 01:09,2025-04-24 04:43
LAB734252,ENC114473,PT11931,K,Potassium,4.5,mmol/L,3.5,5.1,N,STAT,2025-04-24 00:36,2025-04-24 01:01,2025-04-24 01:46
LAB734253,ENC114473,PT11931,TROP,"Troponin I, High Sensitivity",1121,ng/L,0,34,H,STAT,2025-04-24 00:53,2025-04-24 01:19,2025-04-24 01:55
LAB734254,ENC114474,PT11883,GLU,Glucose,186,mg/dL,70,99,H,Routine,2025-04-24 00:49,2025-04-24 01:21,2025-04-24 02:15
LAB734255,ENC114474,PT11883,CREAT,Creatinine,1.07,mg/dL,0.6,1.3,N,STAT,2025-04-24 00:20,2025-04-24 00:47,2025-04-24 01:37
LAB734256,ENC114474,PT11883,WBC,White Blood Cell Count,7.8,K/uL,4.5,11,N,Routine,2025-04-23 23:59,2025-04-24 00:19,2025-04-24 04:19
LAB734257,ENC114475,PT10184,GLU,Glucose,108,mg/dL,70,99,H,STAT,2025-04-24 04:01,2025-04-24 04:36,2025-04-24 05:24
LAB734258,ENC114475,PT10184,CREAT,Creatinine,1.01,mg/dL,0.6,1.3,N,STAT,2025-04-24 04:56,2025-04-24 05:20,2025-04-24 07:36
LAB734259,ENC114475,PT10184,WBC,White Blood Cell Count,8.2,K/uL,4.5,11,N,Routine,2025-04-24 04:14,2025-04-24 04:29,2025-04-24 09:50
LAB734260,ENC114475,PT10184,HGB,Hemoglobin,14.9,g/dL,12,17.5,N,Routine,2025-04-24 04:53,2025-04-24 05:18,2025-04-24 09:06
LAB734261,ENC114476,PT12955,INR,Prothrombin Time INR,1,ratio,0.8,1.2,N,Routine,2025-04-24 01:38,2025-04-24 02:08,2025-04-24 06:53
LAB734262,ENC114477,PT12197,GLU,Glucose,165,mg/dL,70,99,H,Routine,2025-04-24 01:38,2025-04-24 02:07,2025-04-24 05:57
LAB734263,ENC114477,PT12197,CREAT,Creatinine,0.96,mg/dL,0.6,1.3,N,STAT,2025-04-24 01:48,2025-04-24 01:56,2025-04-24 02:37
LAB734264,ENC114477,PT12197,WBC,White Blood Cell Count,5,K/uL,4.5,11,N,Routine,2025-04-24 00:57,2025-04-24 01:06,2025-04-24 02:42
LAB734265,ENC114477,PT12197,HGB,Hemoglobin,15.6,g/dL,12,17.5,N,STAT,2025-04-24 00:58,2025-04-24 01:24,2025-04-24 02:12
LAB734266,ENC114478,PT10613,GLU,Glucose,86,mg/dL,70,99,N,Routine,2025-04-24 04:35,2025-04-24 04:53,2025-04-24 06:39
LAB734267,ENC114478,PT10613,CREAT,Creatinine,0.62,mg/dL,0.6,1.3,N,Routine,2025-04-24 04:58,2025-04-24 05:28,2025-04-24 13:57
LAB734268,ENC114479,PT12749,GLU,Glucose,82,mg/dL,70,99,N,Routine,2025-04-24 12:48,2025-04-24 12:54,2025-04-24 15:47
LAB734269,ENC114479,PT12749,CREAT,Creatinine,1.2,mg/dL,0.6,1.3,N,Routine,2025-04-24 13:34,2025-04-24 13:38,2025-04-24 17:17
LAB734270,ENC114479,PT12749,WBC,White Blood Cell Count,15.3,K/uL,4.5,11,H,STAT,2025-04-24 12:59,2025-04-24 13:18,2025-04-24 14:43
LAB734271,ENC114479,PT12749,HGB,Hemoglobin,12.7,g/dL,12,17.5,N,STAT,2025-04-24 12:37,2025-04-24 12:56,2025-04-24 13:25
LAB734272,ENC114479,PT12749,BUN,Blood Urea Nitrogen,8,mg/dL,7,20,N,Routine,2025-04-24 13:18,2025-04-24 13:29,2025-04-24 14:48
LAB734273,ENC114479,PT12749,PLT,Platelet Count,336,K/uL,150,400,N,STAT,2025-04-24 13:29,2025-04-24 13:54,2025-04-24 14:37
LAB734274,ENC114480,PT11792,A1C,Hemoglobin A1c,8.6,%,4,5.6,H,Routine,2025-04-24 10:09,2025-04-24 10:28,2025-04-25 07:33
LAB734275,ENC114480,PT11792,GLU,Glucose,302,mg/dL,70,99,H,Routine,2025-04-24 10:06,2025-04-24 10:28,2025-04-24 13:23
LAB734276,ENC114480,PT11792,CREAT,Creatinine,1.21,mg/dL,0.6,1.3,N,Routine,2025-04-24 09:55,2025-04-24 10:16,2025-04-24 14:08
LAB734277,ENC114481,PT10032,GLU,Glucose,130,mg/dL,70,99,H,Routine,2025-04-24 15:33,2025-04-24 15:43,2025-04-24 17:03
LAB734278,ENC114481,PT10032,CREAT,Creatinine,0.9,mg/dL,0.6,1.3,N,Routine,2025-04-24 15:31,2025-04-24 15:41,2025-04-24 17:11
LAB734279,ENC114481,PT10032,WBC,White Blood Cell Count,9.9,K/uL,4.5,11,N,STAT,2025-04-24 15:17,2025-04-24 15:31,2025-04-24 16:05
LAB734280,ENC114481,PT10032,HGB,Hemoglobin,12.3,g/dL,12,17.5,N,Routine,2025-04-24 15:13,2025-04-24 15:39,2025-04-24 18:50
LAB734281,ENC114481,PT10032,NA,Sodium,141,mmol/L,136,145,N,STAT,2025-04-24 15:35,2025-04-24 15:51,2025-04-24 16:50
LAB734282,ENC114481,PT10032,K,Potassium,4.5,mmol/L,3.5,5.1,N,STAT,2025-04-24 15:37,2025-04-24 16:12,2025-04-24 16:59
LAB734283,ENC114482,PT11572,GLU,Glucose,66,mg/dL,70,99,L,STAT,2025-04-24 12:16,2025-04-24 12:50,2025-04-24 13:26
LAB734284,ENC114482,PT11572,CREAT,Creatinine,1.01,mg/dL,0.6,1.3,N,STAT,2025-04-24 11:59,2025-04-24 12:25,2025-04-24 13:10
LAB734285,ENC114482,PT11572,WBC,White Blood Cell Count,8.2,K/uL,4.5,11,N,Routine,2025-04-24 12:33,2025-04-24 13:08,2025-04-24 18:35
LAB734286,ENC114483,PT13428,A1C,Hemoglobin A1c,10.6,%,4,5.6,H,Routine,2025-04-24 12:11,2025-04-24 12:43,2025-04-25 03:09
LAB734287,ENC114485,PT10546,GLU,Glucose,99,mg/dL,70,99,N,STAT,2025-04-24 13:27,2025-04-24 13:45,2025-04-24 14:50
LAB734288,ENC114485,PT10546,CREAT,Creatinine,0.91,mg/dL,0.6,1.3,N,STAT,2025-04-24 12:50,2025-04-24 13:04,2025-04-24 13:48
LAB734289,ENC114486,PT10390,A1C,Hemoglobin A1c,6.2,%,4,5.6,H,Routine,2025-04-24 12:57,2025-04-24 13:17,2025-04-25 00:46
LAB734290,ENC114486,PT10390,GLU,Glucose,73,mg/dL,70,99,N,Routine,2025-04-24 12:54,2025-04-24 13:25,2025-04-24 17:15
LAB734291,ENC114486,PT10390,CREAT,Creatinine,1.11,mg/dL,0.6,1.3,N,Routine,2025-04-24 12:36,2025-04-24 12:44,2025-04-24 14:31
LAB734292,ENC114487,PT13896,GLU,Glucose,116,mg/dL,70,99,H,STAT,2025-04-24 17:04,2025-04-24 17:34,2025-04-24 19:28
LAB734293,ENC114487,PT13896,CREAT,Creatinine,1.2,mg/dL,0.6,1.3,N,STAT,2025-04-24 16:32,2025-04-24 17:02,2025-04-24 18:01
LAB734294,ENC114487,PT13896,WBC,White Blood Cell Count,10.7,K/uL,4.5,11,N,Routine,2025-04-24 17:04,2025-04-24 17:08,2025-04-24 19:33
LAB734295,ENC114487,PT13896,HGB,Hemoglobin,13.7,g/dL,12,17.5,N,STAT,2025-04-24 16:50,2025-04-24 17:25,2025-04-24 18:08
LAB734296,ENC114487,PT13896,NA,Sodium,139,mmol/L,136,145,N,Routine,2025-04-24 16:31,2025-04-24 16:38,2025-04-24 19:42
LAB734297,ENC114487,PT13896,K,Potassium,3.7,mmol/L,3.5,5.1,N,STAT,2025-04-24 17:24,2025-04-24 17:31,2025-04-24 18:16
LAB734298,ENC114489,PT10851,LDL,LDL Cholesterol,80,mg/dL,0,99,N,Routine,2025-04-24 13:38,2025-04-24 13:50,2025-04-25 00:04
LAB734299,ENC114489,PT10851,TSH,Thyroid Stimulating Hormone,4.93,mIU/L,0.4,4,H,Routine,2025-04-24 13:54,2025-04-24 14:06,2025-04-25 06:41
LAB734300,ENC114490,PT13643,A1C,Hemoglobin A1c,8.9,%,4,5.6,H,Routine,2025-04-24 14:14,2025-04-24 14:44,2025-04-25 11:10
LAB734301,ENC114490,PT13643,GLU,Glucose,169,mg/dL,70,99,H,Routine,2025-04-24 14:15,2025-04-24 14:29,2025-04-24 16:54
LAB734302,ENC114490,PT13643,CREAT,Creatinine,0.88,mg/dL,0.6,1.3,N,Routine,2025-04-24 14:07,2025-04-24 14:38,2025-04-24 17:37
LAB734303,ENC114492,PT12649,GLU,Glucose,126,mg/dL,70,99,H,STAT,2025-04-24 14:50,2025-04-24 15:05,2025-04-24 16:37
LAB734304,ENC114492,PT12649,CREAT,Creatinine,1.38,mg/dL,0.6,1.3,H,STAT,2025-04-24 14:57,2025-04-24 15:19,2025-04-24 16:29
LAB734305,ENC114492,PT12649,WBC,White Blood Cell Count,18.4,K/uL,4.5,11,H,Routine,2025-04-24 14:39,2025-04-24 14:53,2025-04-24 19:00
LAB734306,ENC114492,PT12649,HGB,Hemoglobin,12.4,g/dL,12,17.5,N,STAT,2025-04-24 14:51,2025-04-24 15:24,2025-04-24 15:57
LAB734307,ENC114492,PT12649,LACT,Lactate,3.7,mmol/L,0.5,2,H,STAT,2025-04-24 14:18,2025-04-24 14:37,2025-04-24 15:40
LAB734308,ENC114494,PT10170,GLU,Glucose,103,mg/dL,70,99,H,Routine,2025-04-24 14:45,2025-04-24 14:54,2025-04-24 22:32
LAB734309,ENC114494,PT10170,CREAT,Creatinine,0.74,mg/dL,0.6,1.3,N,Routine,2025-04-24 14:54,2025-04-24 15:25,2025-04-24 17:48
LAB734310,ENC114494,PT10170,WBC,White Blood Cell Count,8,K/uL,4.5,11,N,STAT,2025-04-24 15:28,2025-04-24 15:45,2025-04-24 16:51
LAB734311,ENC114496,PT12621,LDL,LDL Cholesterol,182,mg/dL,0,99,H,Routine,2025-04-24 15:29,2025-04-24 15:41,2025-04-25 08:41
LAB734312,ENC114496,PT12621,A1C,Hemoglobin A1c,8.6,%,4,5.6,H,Routine,2025-04-24 15:30,2025-04-24 15:46,2025-04-25 06:00
LAB734313,ENC114498,PT11820,LDL,LDL Cholesterol,117,mg/dL,0,99,H,Routine,2025-04-24 16:35,2025-04-24 16:39,2025-04-25 04:08
LAB734314,ENC114498,PT11820,A1C,Hemoglobin A1c,5.5,%,4,5.6,N,Routine,2025-04-24 16:40,2025-04-24 17:06,2025-04-25 05:35
LAB734315,ENC114502,PT12759,GLU,Glucose,123,mg/dL,70,99,H,STAT,2025-04-24 19:23,2025-04-24 19:46,2025-04-24 20:54
LAB734316,ENC114502,PT12759,CREAT,Creatinine,0.96,mg/dL,0.6,1.3,N,STAT,2025-04-24 19:51,2025-04-24 20:20,2025-04-24 20:57
LAB734317,ENC114502,PT12759,WBC,White Blood Cell Count,7.1,K/uL,4.5,11,N,STAT,2025-04-24 19:53,2025-04-24 20:12,2025-04-24 21:07
LAB734318,ENC114502,PT12759,HGB,Hemoglobin,14.9,g/dL,12,17.5,N,STAT,2025-04-24 19:19,2025-04-24 19:40,2025-04-24 20:11
LAB734319,ENC114504,PT11312,GLU,Glucose,93,mg/dL,70,99,N,STAT,2025-04-25 04:54,2025-04-25 05:28,2025-04-25 06:07
LAB734320,ENC114504,PT11312,CREAT,Creatinine,1.35,mg/dL,0.6,1.3,H,STAT,2025-04-25 05:08,2025-04-25 05:36,2025-04-25 06:18
LAB734321,ENC114504,PT11312,WBC,White Blood Cell Count,6.9,K/uL,4.5,11,N,Routine,2025-04-25 04:37,2025-04-25 04:51,2025-04-25 08:07
LAB734322,ENC114504,PT11312,HGB,Hemoglobin,12.4,g/dL,12,17.5,N,STAT,2025-04-25 04:32,2025-04-25 04:50,2025-04-25 05:15
LAB734323,ENC114505,PT11645,GLU,Glucose,125,mg/dL,70,99,H,Routine,2025-04-25 07:47,2025-04-25 08:18,2025-04-25 11:12
LAB734324,ENC114505,PT11645,CREAT,Creatinine,0.56,mg/dL,0.6,1.3,L,STAT,2025-04-25 07:05,2025-04-25 07:29,2025-04-25 09:01
LAB734325,ENC114505,PT11645,WBC,White Blood Cell Count,7.4,K/uL,4.5,11,N,STAT,2025-04-25 07:43,2025-04-25 08:05,2025-04-25 08:25
LAB734326,ENC114505,PT11645,HGB,Hemoglobin,15.1,g/dL,12,17.5,N,Routine,2025-04-25 07:45,2025-04-25 08:00,2025-04-25 09:41
LAB734327,ENC114515,PT13452,GLU,Glucose,92,mg/dL,70,99,N,Routine,2025-04-25 11:07,2025-04-25 11:29,2025-04-25 15:20
LAB734328,ENC114515,PT13452,CREAT,Creatinine,0.85,mg/dL,0.6,1.3,N,Routine,2025-04-25 10:37,2025-04-25 10:43,2025-04-25 12:42
LAB734329,ENC114515,PT13452,WBC,White Blood Cell Count,6.8,K/uL,4.5,11,N,Routine,2025-04-25 11:06,2025-04-25 11:10,2025-04-25 13:21
LAB734330,ENC114515,PT13452,HGB,Hemoglobin,11.6,g/dL,12,17.5,L,STAT,2025-04-25 10:24,2025-04-25 10:46,2025-04-25 11:50
LAB734331,ENC114516,PT10794,GLU,Glucose,129,mg/dL,70,99,H,STAT,2025-04-25 14:37,2025-04-25 14:59,2025-04-25 15:24
LAB734332,ENC114516,PT10794,CREAT,Creatinine,5.54,mg/dL,0.6,1.3,H,Routine,2025-04-25 14:08,2025-04-25 14:22,2025-04-25 17:32
LAB734333,ENC114516,PT10794,WBC,White Blood Cell Count,7.5,K/uL,4.5,11,N,STAT,2025-04-25 15:07,2025-04-25 15:12,2025-04-25 15:55
LAB734334,ENC114516,PT10794,HGB,Hemoglobin,9.8,g/dL,12,17.5,L,STAT,2025-04-25 14:01,2025-04-25 14:20,2025-04-25 14:50
LAB734335,ENC114516,PT10794,NA,Sodium,137,mmol/L,136,145,N,STAT,2025-04-25 14:01,2025-04-25 14:22,2025-04-25 15:02
LAB734336,ENC114516,PT10794,K,Potassium,5.2,mmol/L,3.5,5.1,H,STAT,2025-04-25 14:30,2025-04-25 15:05,2025-04-25 16:23
LAB734337,ENC114516,PT10794,BUN,Blood Urea Nitrogen,14,mg/dL,7,20,N,STAT,2025-04-25 14:53,2025-04-25 15:07,2025-04-25 15:37
LAB734338,ENC114516,PT10794,PLT,Platelet Count,221,K/uL,150,400,N,Routine,2025-04-25 14:08,2025-04-25 14:30,2025-04-25 17:58
LAB734339,ENC114517,PT10279,GLU,Glucose,82,mg/dL,70,99,N,Routine,2025-04-25 16:11,2025-04-25 16:26,2025-04-25 18:56
LAB734340,ENC114517,PT10279,CREAT,Creatinine,0.62,mg/dL,0.6,1.3,N,STAT,2025-04-25 15:41,2025-04-25 16:10,2025-04-25 16:42
LAB734341,ENC114517,PT10279,WBC,White Blood Cell Count,18.1,K/uL,4.5,11,H,STAT,2025-04-25 16:07,2025-04-25 16:37,2025-04-25 17:00
LAB734342,ENC114517,PT10279,HGB,Hemoglobin,13.7,g/dL,12,17.5,N,Routine,2025-04-25 16:02,2025-04-25 16:29,2025-04-26 07:21
LAB734343,ENC114520,PT10145,WBC,White Blood Cell Count,4.2,K/uL,4.5,11,L,Routine,2025-04-25 12:12,2025-04-25 12:39,2025-04-25 16:48
LAB734344,ENC114520,PT10145,HGB,Hemoglobin,12,g/dL,12,17.5,N,Routine,2025-04-25 11:53,2025-04-25 12:22,2025-04-25 18:41
LAB734345,ENC114520,PT10145,PLT,Platelet Count,256,K/uL,150,400,N,Routine,2025-04-25 11:55,2025-04-25 12:26,2025-04-26 00:46
LAB734346,ENC114521,PT10071,GLU,Glucose,123,mg/dL,70,99,H,Routine,2025-04-25 15:37,2025-04-25 16:05,2025-04-25 18:21
LAB734347,ENC114521,PT10071,CREAT,Creatinine,1.1,mg/dL,0.6,1.3,N,Routine,2025-04-25 15:47,2025-04-25 15:57,2025-04-25 21:12
LAB734348,ENC114521,PT10071,WBC,White Blood Cell Count,4.5,K/uL,4.5,11,N,Routine,2025-04-25 15:57,2025-04-25 16:30,2025-04-25 22:20
LAB734349,ENC114521,PT10071,HGB,Hemoglobin,11.8,g/dL,12,17.5,L,STAT,2025-04-25 15:29,2025-04-25 15:34,2025-04-25 16:31
LAB734350,ENC114521,PT10071,NA,Sodium,139,mmol/L,136,145,N,STAT,2025-04-25 16:33,2025-04-25 16:47,2025-04-25 17:23
LAB734351,ENC114521,PT10071,K,Potassium,4.1,mmol/L,3.5,5.1,N,STAT,2025-04-25 16:38,2025-04-25 16:56,2025-04-25 17:36
LAB734352,ENC114524,PT13317,WBC,White Blood Cell Count,9.6,K/uL,4.5,11,N,Routine,2025-04-25 12:40,2025-04-25 13:05,2025-04-25 15:15
LAB734353,ENC114524,PT13317,HGB,Hemoglobin,14.1,g/dL,12,17.5,N,Routine,2025-04-25 12:42,2025-04-25 12:46,2025-04-25 17:38
LAB734354,ENC114524,PT13317,PLT,Platelet Count,362,K/uL,150,400,N,Routine,2025-04-25 12:36,2025-04-25 12:56,2025-04-25 17:03
LAB734355,ENC114525,PT10600,GLU,Glucose,121,mg/dL,70,99,H,STAT,2025-04-25 16:52,2025-04-25 17:10,2025-04-25 17:53
LAB734356,ENC114525,PT10600,CREAT,Creatinine,0.93,mg/dL,0.6,1.3,N,STAT,2025-04-25 17:07,2025-04-25 17:31,2025-04-25 18:16
LAB734357,ENC114525,PT10600,WBC,White Blood Cell Count,19.5,K/uL,4.5,11,H,Routine,2025-04-25 17:06,2025-04-25 17:36,2025-04-25 19:59
LAB734358,ENC114525,PT10600,HGB,Hemoglobin,11.8,g/dL,12,17.5,L,STAT,2025-04-25 17:33,2025-04-25 17:42,2025-04-25 18:10
LAB734359,ENC114526,PT10608,GLU,Glucose,108,mg/dL,70,99,H,STAT,2025-04-25 14:53,2025-04-25 15:11,2025-04-25 15:43
LAB734360,ENC114526,PT10608,CREAT,Creatinine,0.62,mg/dL,0.6,1.3,N,Routine,2025-04-25 15:32,2025-04-25 15:44,2025-04-25 17:36
LAB734361,ENC114527,PT11498,GLU,Glucose,93,mg/dL,70,99,N,STAT,2025-04-25 16:27,2025-04-25 16:47,2025-04-25 18:00
LAB734362,ENC114527,PT11498,CREAT,Creatinine,0.97,mg/dL,0.6,1.3,N,STAT,2025-04-25 16:22,2025-04-25 16:45,2025-04-25 17:50
LAB734363,ENC114527,PT11498,WBC,White Blood Cell Count,5.2,K/uL,4.5,11,N,Routine,2025-04-25 15:55,2025-04-25 16:11,2025-04-25 22:20
LAB734364,ENC114527,PT11498,HGB,Hemoglobin,15.6,g/dL,12,17.5,N,STAT,2025-04-25 16:15,2025-04-25 16:30,2025-04-25 17:30
LAB734365,ENC114527,PT11498,NA,Sodium,141,mmol/L,136,145,N,Routine,2025-04-25 16:10,2025-04-25 16:27,2025-04-25 19:58
LAB734366,ENC114527,PT11498,K,Potassium,4.6,mmol/L,3.5,5.1,N,STAT,2025-04-25 15:58,2025-04-25 16:05,2025-04-25 16:55
LAB734367,ENC114528,PT13087,GLU,Glucose,363,mg/dL,70,99,H,STAT,2025-04-25 20:25,2025-04-25 20:57,2025-04-25 21:18
LAB734368,ENC114528,PT13087,CREAT,Creatinine,1.04,mg/dL,0.6,1.3,N,STAT,2025-04-25 20:30,2025-04-25 20:50,2025-04-25 21:46
LAB734369,ENC114528,PT13087,WBC,White Blood Cell Count,11.3,K/uL,4.5,11,H,STAT,2025-04-25 19:46,2025-04-25 20:01,2025-04-25 21:15
LAB734370,ENC114528,PT13087,HGB,Hemoglobin,12.2,g/dL,12,17.5,N,STAT,2025-04-25 19:48,2025-04-25 20:18,2025-04-25 20:53
LAB734371,ENC114528,PT13087,NA,Sodium,139,mmol/L,136,145,N,Routine,2025-04-25 20:35,2025-04-25 20:59,2025-04-26 01:18
LAB734372,ENC114528,PT13087,K,Potassium,4.1,mmol/L,3.5,5.1,N,STAT,2025-04-25 20:44,2025-04-25 21:16,2025-04-25 22:33
LAB734373,ENC114528,PT13087,A1C,Hemoglobin A1c,10,%,4,5.6,H,Routine,2025-04-25 20:22,2025-04-25 20:46,2025-04-26 09:17
LAB734374,ENC114529,PT12677,GLU,Glucose,103,mg/dL,70,99,H,STAT,2025-04-25 15:54,2025-04-25 16:12,2025-04-25 17:19
LAB734375,ENC114529,PT12677,CREAT,Creatinine,0.72,mg/dL,0.6,1.3,N,Routine,2025-04-25 15:54,2025-04-25 16:19,2025-04-25 18:29
LAB734376,ENC114529,PT12677,WBC,White Blood Cell Count,11,K/uL,4.5,11,N,Routine,2025-04-25 16:12,2025-04-25 16:46,2025-04-25 19:12
LAB734377,ENC114532,PT12032,GLU,Glucose,87,mg/dL,70,99,N,STAT,2025-04-25 19:47,2025-04-25 20:04,2025-04-25 20:47
LAB734378,ENC114532,PT12032,CREAT,Creatinine,0.82,mg/dL,0.6,1.3,N,STAT,2025-04-25 19:34,2025-04-25 20:05,2025-04-25 20:48
LAB734379,ENC114532,PT12032,WBC,White Blood Cell Count,6.7,K/uL,4.5,11,N,Routine,2025-04-25 20:10,2025-04-25 20:37,2025-04-25 22:12
LAB734380,ENC114533,PT12530,GLU,Glucose,88,mg/dL,70,99,N,STAT,2025-04-25 20:46,2025-04-25 21:20,2025-04-25 22:00
LAB734381,ENC114533,PT12530,CREAT,Creatinine,0.91,mg/dL,0.6,1.3,N,Routine,2025-04-25 20:49,2025-04-25 21:05,2025-04-26 00:59
LAB734382,ENC114533,PT12530,WBC,White Blood Cell Count,7.4,K/uL,4.5,11,N,STAT,2025-04-25 21:17,2025-04-25 21:33,2025-04-25 21:55
LAB734383,ENC114533,PT12530,HGB,Hemoglobin,14.1,g/dL,12,17.5,N,STAT,2025-04-25 20:45,2025-04-25 20:57,2025-04-25 21:24
LAB734384,ENC114533,PT12530,TROP,"Troponin I, High Sensitivity",6,ng/L,0,34,N,STAT,2025-04-25 20:28,2025-04-25 20:32,2025-04-25 21:10
LAB734385,ENC114534,PT11505,GLU,Glucose,264,mg/dL,70,99,H,STAT,2025-04-25 23:02,2025-04-25 23:28,2025-04-26 00:58
LAB734386,ENC114534,PT11505,CREAT,Creatinine,1.22,mg/dL,0.6,1.3,N,Routine,2025-04-25 23:55,2025-04-26 00:20,2025-04-26 01:43
LAB734387,ENC114534,PT11505,WBC,White Blood Cell Count,3.5,K/uL,4.5,11,L,STAT,2025-04-25 23:17,2025-04-25 23:29,2025-04-26 00:18
LAB734388,ENC114534,PT11505,HGB,Hemoglobin,15.9,g/dL,12,17.5,N,STAT,2025-04-25 23:45,2025-04-26 00:17,2025-04-26 01:21
LAB734389,ENC114534,PT11505,NA,Sodium,140,mmol/L,136,145,N,STAT,2025-04-25 23:24,2025-04-25 23:57,2025-04-26 00:23
LAB734390,ENC114534,PT11505,K,Potassium,4.3,mmol/L,3.5,5.1,N,STAT,2025-04-25 23:13,2025-04-25 23:48,2025-04-26 00:11
LAB734391,ENC114534,PT11505,LACT,Lactate,3.6,mmol/L,0.5,2,H,STAT,2025-04-25 23:42,2025-04-25 23:56,2025-04-26 01:11
LAB734392,ENC114536,PT13016,GLU,Glucose,115,mg/dL,70,99,H,Routine,2025-04-26 06:44,2025-04-26 07:10,2025-04-26 08:41
LAB734393,ENC114536,PT13016,CREAT,Creatinine,1.08,mg/dL,0.6,1.3,N,STAT,2025-04-26 06:04,2025-04-26 06:36,2025-04-26 07:01
LAB734394,ENC114536,PT13016,TROP,"Troponin I, High Sensitivity",8,ng/L,0,34,N,STAT,2025-04-26 06:41,2025-04-26 07:01,2025-04-26 08:10
LAB734395,ENC114537,PT11166,GLU,Glucose,133,mg/dL,70,99,H,Routine,2025-04-26 09:59,2025-04-26 10:14,2025-04-26 17:36
LAB734396,ENC114537,PT11166,CREAT,Creatinine,2.79,mg/dL,0.6,1.3,H,Routine,2025-04-26 10:26,2025-04-26 10:46,2025-04-26 17:08
LAB734397,ENC114537,PT11166,WBC,White Blood Cell Count,8.7,K/uL,4.5,11,N,STAT,2025-04-26 10:19,2025-04-26 10:38,2025-04-26 11:50
LAB734398,ENC114537,PT11166,HGB,Hemoglobin,15,g/dL,12,17.5,N,Routine,2025-04-26 10:13,2025-04-26 10:28,2025-04-26 13:22
LAB734399,ENC114537,PT11166,NA,Sodium,137,mmol/L,136,145,N,STAT,2025-04-26 10:25,2025-04-26 10:49,2025-04-26 12:07
LAB734400,ENC114537,PT11166,K,Potassium,5.3,mmol/L,3.5,5.1,H,STAT,2025-04-26 10:15,2025-04-26 10:24,2025-04-26 10:52
LAB734401,ENC114540,PT10552,GLU,Glucose,110,mg/dL,70,99,H,Routine,2025-04-26 13:24,2025-04-26 13:41,2025-04-26 20:15
LAB734402,ENC114540,PT10552,CREAT,Creatinine,1.18,mg/dL,0.6,1.3,N,STAT,2025-04-26 13:21,2025-04-26 13:47,2025-04-26 14:19
LAB734403,ENC114540,PT10552,WBC,White Blood Cell Count,1,K/uL,4.5,11,L,Routine,2025-04-26 13:02,2025-04-26 13:19,2025-04-26 17:33
LAB734404,ENC114540,PT10552,HGB,Hemoglobin,14.4,g/dL,12,17.5,N,Routine,2025-04-26 12:49,2025-04-26 12:57,2025-04-26 16:53
LAB734405,ENC114540,PT10552,NA,Sodium,135,mmol/L,136,145,L,Routine,2025-04-26 13:35,2025-04-26 13:56,2025-04-26 16:01
LAB734406,ENC114540,PT10552,K,Potassium,4.7,mmol/L,3.5,5.1,N,STAT,2025-04-26 13:05,2025-04-26 13:31,2025-04-26 14:48
LAB734407,ENC114541,PT11300,GLU,Glucose,93,mg/dL,70,99,N,Routine,2025-04-26 14:17,2025-04-26 14:41,2025-04-26 17:26
LAB734408,ENC114541,PT11300,CREAT,Creatinine,1.18,mg/dL,0.6,1.3,N,STAT,2025-04-26 14:17,2025-04-26 14:51,2025-04-26 15:40
LAB734409,ENC114541,PT11300,WBC,White Blood Cell Count,4.3,K/uL,4.5,11,L,STAT,2025-04-26 15:08,2025-04-26 15:27,2025-04-26 15:51
LAB734410,ENC114541,PT11300,HGB,Hemoglobin,15.7,g/dL,12,17.5,N,STAT,2025-04-26 14:25,2025-04-26 14:45,2025-04-26 15:25
LAB734411,ENC114541,PT11300,NA,Sodium,142,mmol/L,136,145,N,Routine,2025-04-26 14:07,2025-04-26 14:12,2025-04-26 15:52
LAB734412,ENC114541,PT11300,K,Potassium,4.5,mmol/L,3.5,5.1,N,STAT,2025-04-26 14:27,2025-04-26 14:38,2025-04-26 15:47
LAB734413,ENC114541,PT11300,INR,Prothrombin Time INR,1.1,ratio,0.8,1.2,N,STAT,2025-04-26 14:59,2025-04-26 15:25,2025-04-26 15:58
LAB734414,ENC114543,PT12165,GLU,Glucose,101,mg/dL,70,99,H,STAT,2025-04-26 13:47,2025-04-26 14:17,2025-04-26 14:58
LAB734415,ENC114543,PT12165,CREAT,Creatinine,0.73,mg/dL,0.6,1.3,N,STAT,2025-04-26 13:13,2025-04-26 13:42,2025-04-26 14:37
LAB734416,ENC114543,PT12165,WBC,White Blood Cell Count,5.9,K/uL,4.5,11,N,Routine,2025-04-26 13:01,2025-04-26 13:12,2025-04-26 15:37
LAB734417,ENC114544,PT12963,GLU,Glucose,115,mg/dL,70,99,H,STAT,2025-04-26 16:24,2025-04-26 16:47,2025-04-26 17:28
LAB734418,ENC114544,PT12963,CREAT,Creatinine,0.78,mg/dL,0.6,1.3,N,Routine,2025-04-26 15:51,2025-04-26 16:22,2025-04-26 18:08
LAB734419,ENC114544,PT12963,WBC,White Blood Cell Count,9.1,K/uL,4.5,11,N,Routine,2025-04-26 16:50,2025-04-26 16:57,2025-04-26 20:26
LAB734420,ENC114544,PT12963,HGB,Hemoglobin,12.1,g/dL,12,17.5,N,STAT,2025-04-26 16:01,2025-04-26 16:24,2025-04-26 16:42
LAB734421,ENC114544,PT12963,TROP,"Troponin I, High Sensitivity",40,ng/L,0,34,H,STAT,2025-04-26 16:42,2025-04-26 16:50,2025-04-26 17:51
LAB734422,ENC114544,PT12963,BNP,B-Type Natriuretic Peptide,1211,pg/mL,0,100,H,STAT,2025-04-26 15:58,2025-04-26 16:14,2025-04-26 17:07
LAB734423,ENC114545,PT12601,GLU,Glucose,107,mg/dL,70,99,H,Routine,2025-04-26 20:32,2025-04-26 20:58,2025-04-26 23:47
LAB734424,ENC114545,PT12601,CREAT,Creatinine,0.93,mg/dL,0.6,1.3,N,STAT,2025-04-26 20:34,2025-04-26 20:42,2025-04-26 21:16
LAB734425,ENC114545,PT12601,WBC,White Blood Cell Count,8,K/uL,4.5,11,N,STAT,2025-04-26 20:28,2025-04-26 20:41,2025-04-26 21:05
LAB734426,ENC114545,PT12601,HGB,Hemoglobin,12.5,g/dL,12,17.5,N,STAT,2025-04-26 19:49,2025-04-26 20:02,2025-04-26 20:44
LAB734427,ENC114546,PT11442,GLU,Glucose,128,mg/dL,70,99,H,Routine,2025-04-26 18:01,2025-04-26 18:27,2025-04-26 22:37
LAB734428,ENC114546,PT11442,CREAT,Creatinine,0.55,mg/dL,0.6,1.3,L,Routine,2025-04-26 17:18,2025-04-26 17:42,2025-04-26 20:22
LAB734429,ENC114546,PT11442,WBC,White Blood Cell Count,1.6,K/uL,4.5,11,L,STAT,2025-04-26 18:12,2025-04-26 18:34,2025-04-26 19:21
LAB734430,ENC114546,PT11442,HGB,Hemoglobin,15.8,g/dL,12,17.5,N,Routine,2025-04-26 17:35,2025-04-26 17:41,2025-04-26 20:02
LAB734431,ENC114546,PT11442,NA,Sodium,135,mmol/L,136,145,L,STAT,2025-04-26 18:01,2025-04-26 18:19,2025-04-26 19:47
LAB734432,ENC114546,PT11442,K,Potassium,4.2,mmol/L,3.5,5.1,N,STAT,2025-04-26 17:31,2025-04-26 18:03,2025-04-26 18:25
LAB734433,ENC114547,PT11141,GLU,Glucose,118,mg/dL,70,99,H,STAT,2025-04-26 20:46,2025-04-26 20:57,2025-04-26 21:54
LAB734434,ENC114547,PT11141,CREAT,Creatinine,1.02,mg/dL,0.6,1.3,N,STAT,2025-04-26 20:36,2025-04-26 20:50,2025-04-26 21:55
LAB734435,ENC114547,PT11141,WBC,White Blood Cell Count,3.7,K/uL,4.5,11,L,Routine,2025-04-26 20:53,2025-04-26 21:00,2025-04-26 23:01
LAB734436,ENC114547,PT11141,HGB,Hemoglobin,13.1,g/dL,12,17.5,N,Routine,2025-04-26 20:49,2025-04-26 21:05,2025-04-27 01:41
LAB734437,ENC114548,PT13393,GLU,Glucose,201,mg/dL,70,99,H,STAT,2025-04-26 23:12,2025-04-26 23:30,2025-04-27 00:08
LAB734438,ENC114548,PT13393,CREAT,Creatinine,1.58,mg/dL,0.6,1.3,H,Routine,2025-04-27 00:00,2025-04-27 00:25,2025-04-27 01:48
LAB734439,ENC114548,PT13393,WBC,White Blood Cell Count,9.1,K/uL,4.5,11,N,STAT,2025-04-26 23:25,2025-04-26 23:42,2025-04-27 00:41
LAB734440,ENC114548,PT13393,HGB,Hemoglobin,15.5,g/dL,12,17.5,N,STAT,2025-04-26 23:49,2025-04-27 00:19,2025-04-27 00:52
LAB734441,ENC114548,PT13393,LACT,Lactate,4.6,mmol/L,0.5,2,HH,STAT,2025-04-26 23:30,2025-04-26 23:46,2025-04-27 00:43
LAB734442,ENC114551,PT12025,TROP,"Troponin I, High Sensitivity",9,ng/L,0,34,N,STAT,2025-04-27 01:53,2025-04-27 02:09,2025-04-27 02:45
LAB734443,ENC114552,PT10473,GLU,Glucose,209,mg/dL,70,99,H,STAT,2025-04-27 11:31,2025-04-27 11:43,2025-04-27 12:18
LAB734444,ENC114552,PT10473,CREAT,Creatinine,2.57,mg/dL,0.6,1.3,H,Routine,2025-04-27 11:29,2025-04-27 11:47,2025-04-27 14:00
LAB734445,ENC114552,PT10473,WBC,White Blood Cell Count,7.3,K/uL,4.5,11,N,Routine,2025-04-27 10:42,2025-04-27 11:12,2025-04-27 12:57
LAB734446,ENC114552,PT10473,HGB,Hemoglobin,7.5,g/dL,12,17.5,L,STAT,2025-04-27 10:39,2025-04-27 11:14,2025-04-27 11:51
LAB734447,ENC114552,PT10473,LACT,Lactate,1.9,mmol/L,0.5,2,N,STAT,2025-04-27 10:53,2025-04-27 11:26,2025-04-27 11:49
LAB734448,ENC114552,PT10473,INR,Prothrombin Time INR,1,ratio,0.8,1.2,N,Routine,2025-04-27 10:36,2025-04-27 10:46,2025-04-27 14:27
LAB734449,ENC114553,PT11185,GLU,Glucose,104,mg/dL,70,99,H,STAT,2025-04-27 08:18,2025-04-27 08:41,2025-04-27 09:20
LAB734450,ENC114553,PT11185,CREAT,Creatinine,0.38,mg/dL,0.6,1.3,L,STAT,2025-04-27 08:07,2025-04-27 08:31,2025-04-27 09:07
LAB734451,ENC114553,PT11185,WBC,White Blood Cell Count,9,K/uL,4.5,11,N,STAT,2025-04-27 08:06,2025-04-27 08:31,2025-04-27 09:06
LAB734452,ENC114555,PT13363,GLU,Glucose,114,mg/dL,70,99,H,STAT,2025-04-27 12:06,2025-04-27 12:17,2025-04-27 13:03
LAB734453,ENC114555,PT13363,CREAT,Creatinine,1.11,mg/dL,0.6,1.3,N,STAT,2025-04-27 11:19,2025-04-27 11:45,2025-04-27 12:20
LAB734454,ENC114555,PT13363,WBC,White Blood Cell Count,8.5,K/uL,4.5,11,N,STAT,2025-04-27 12:13,2025-04-27 12:39,2025-04-27 13:22
LAB734455,ENC114555,PT13363,HGB,Hemoglobin,11.3,g/dL,12,17.5,L,STAT,2025-04-27 12:12,2025-04-27 12:47,2025-04-27 13:04
LAB734456,ENC114555,PT13363,TROP,"Troponin I, High Sensitivity",42,ng/L,0,34,H,STAT,2025-04-27 12:23,2025-04-27 12:39,2025-04-27 14:07
LAB734457,ENC114555,PT13363,BNP,B-Type Natriuretic Peptide,1330,pg/mL,0,100,H,STAT,2025-04-27 11:58,2025-04-27 12:07,2025-04-27 12:35
LAB734458,ENC114556,PT12258,GLU,Glucose,85,mg/dL,70,99,N,Routine,2025-04-27 12:49,2025-04-27 12:59,2025-04-27 20:44
LAB734459,ENC114556,PT12258,CREAT,Creatinine,0.41,mg/dL,0.6,1.3,L,STAT,2025-04-27 11:47,2025-04-27 12:05,2025-04-27 13:05
LAB734460,ENC114559,PT10742,GLU,Glucose,101,mg/dL,70,99,H,Routine,2025-04-27 17:15,2025-04-27 17:30,2025-04-27 22:27
LAB734461,ENC114559,PT10742,CREAT,Creatinine,2.16,mg/dL,0.6,1.3,H,STAT,2025-04-27 17:57,2025-04-27 18:15,2025-04-27 19:19
LAB734462,ENC114559,PT10742,WBC,White Blood Cell Count,10.6,K/uL,4.5,11,N,STAT,2025-04-27 17:54,2025-04-27 18:26,2025-04-27 18:47
LAB734463,ENC114559,PT10742,HGB,Hemoglobin,10.2,g/dL,12,17.5,L,Routine,2025-04-27 17:17,2025-04-27 17:29,2025-04-27 20:00
LAB734464,ENC114559,PT10742,NA,Sodium,141,mmol/L,136,145,N,STAT,2025-04-27 17:21,2025-04-27 17:35,2025-04-27 18:58
LAB734465,ENC114559,PT10742,K,Potassium,3.9,mmol/L,3.5,5.1,N,STAT,2025-04-27 18:19,2025-04-27 18:47,2025-04-27 19:35
LAB734466,ENC114560,PT10563,GLU,Glucose,102,mg/dL,70,99,H,STAT,2025-04-27 21:03,2025-04-27 21:27,2025-04-27 22:38
LAB734467,ENC114560,PT10563,CREAT,Creatinine,0.79,mg/dL,0.6,1.3,N,STAT,2025-04-27 20:52,2025-04-27 21:22,2025-04-27 22:46
LAB734468,ENC114560,PT10563,WBC,White Blood Cell Count,22.8,K/uL,4.5,11,H,STAT,2025-04-27 20:58,2025-04-27 21:27,2025-04-27 22:10
LAB734469,ENC114560,PT10563,HGB,Hemoglobin,14.7,g/dL,12,17.5,N,STAT,2025-04-27 20:44,2025-04-27 21:15,2025-04-27 22:21
LAB734470,ENC114560,PT10563,LACT,Lactate,2.7,mmol/L,0.5,2,H,STAT,2025-04-27 20:56,2025-04-27 21:16,2025-04-27 22:42
LAB734471,ENC114561,PT11002,GLU,Glucose,134,mg/dL,70,99,H,Routine,2025-04-27 18:33,2025-04-27 19:04,2025-04-27 21:51
LAB734472,ENC114561,PT11002,CREAT,Creatinine,1.03,mg/dL,0.6,1.3,N,STAT,2025-04-27 17:50,2025-04-27 18:20,2025-04-27 18:54
LAB734473,ENC114561,PT11002,WBC,White Blood Cell Count,5.5,K/uL,4.5,11,N,STAT,2025-04-27 18:31,2025-04-27 18:56,2025-04-27 19:57
LAB734474,ENC114561,PT11002,HGB,Hemoglobin,16,g/dL,12,17.5,N,STAT,2025-04-27 18:24,2025-04-27 18:57,2025-04-27 19:49
LAB734475,ENC114562,PT11952,GLU,Glucose,109,mg/dL,70,99,H,Routine,2025-04-27 23:59,2025-04-28 00:20,2025-04-28 03:56
LAB734476,ENC114562,PT11952,CREAT,Creatinine,0.92,mg/dL,0.6,1.3,N,Routine,2025-04-27 23:32,2025-04-28 00:04,2025-04-28 01:13
LAB734477,ENC114562,PT11952,WBC,White Blood Cell Count,8.3,K/uL,4.5,11,N,Routine,2025-04-27 23:26,2025-04-27 23:54,2025-04-28 02:19
LAB734478,ENC114562,PT11952,HGB,Hemoglobin,12.6,g/dL,12,17.5,N,STAT,2025-04-27 23:18,2025-04-27 23:24,2025-04-28 00:31
LAB734479,ENC114562,PT11952,NA,Sodium,140,mmol/L,136,145,N,Routine,2025-04-28 00:03,2025-04-28 00:30,2025-04-28 03:07
LAB734480,ENC114562,PT11952,K,Potassium,4.3,mmol/L,3.5,5.1,N,STAT,2025-04-27 23:17,2025-04-27 23:25,2025-04-27 23:56
LAB734481,ENC114562,PT11952,TROP,"Troponin I, High Sensitivity",2,ng/L,0,34,N,STAT,2025-04-27 22:58,2025-04-27 23:18,2025-04-27 23:57
LAB734482,ENC114562,PT11952,BNP,B-Type Natriuretic Peptide,540,pg/mL,0,100,H,STAT,2025-04-27 23:36,2025-04-27 23:52,2025-04-28 01:35
LAB734483,ENC114564,PT12761,GLU,Glucose,113,mg/dL,70,99,H,Routine,2025-04-28 07:55,2025-04-28 08:22,2025-04-28 09:51
LAB734484,ENC114564,PT12761,CREAT,Creatinine,0.96,mg/dL,0.6,1.3,N,STAT,2025-04-28 08:05,2025-04-28 08:11,2025-04-28 08:54
LAB734485,ENC114564,PT12761,WBC,White Blood Cell Count,7.2,K/uL,4.5,11,N,STAT,2025-04-28 08:08,2025-04-28 08:39,2025-04-28 09:33
LAB734486,ENC114564,PT12761,HGB,Hemoglobin,14.9,g/dL,12,17.5,N,STAT,2025-04-28 08:18,2025-04-28 08:53,2025-04-28 09:17
LAB734487,ENC114564,PT12761,BUN,Blood Urea Nitrogen,16,mg/dL,7,20,N,STAT,2025-04-28 08:20,2025-04-28 08:50,2025-04-28 09:22
LAB734488,ENC114564,PT12761,PLT,Platelet Count,229,K/uL,150,400,N,Routine,2025-04-28 08:13,2025-04-28 08:32,2025-04-28 09:54
LAB734489,ENC114565,PT11670,GLU,Glucose,119,mg/dL,70,99,H,STAT,2025-04-28 06:58,2025-04-28 07:12,2025-04-28 07:45
LAB734490,ENC114565,PT11670,CREAT,Creatinine,1.28,mg/dL,0.6,1.3,N,Routine,2025-04-28 06:51,2025-04-28 07:04,2025-04-28 11:06
LAB734491,ENC114565,PT11670,WBC,White Blood Cell Count,15.7,K/uL,4.5,11,H,Routine,2025-04-28 06:46,2025-04-28 07:12,2025-04-28 10:20
LAB734492,ENC114565,PT11670,HGB,Hemoglobin,13,g/dL,12,17.5,N,STAT,2025-04-28 06:56,2025-04-28 07:10,2025-04-28 07:54
LAB734493,ENC114566,PT10136,GLU,Glucose,99,mg/dL,70,99,N,Routine,2025-04-28 07:38,2025-04-28 07:55,2025-04-28 16:20
LAB734494,ENC114566,PT10136,CREAT,Creatinine,0.89,mg/dL,0.6,1.3,N,Routine,2025-04-28 07:42,2025-04-28 07:54,2025-04-28 10:36
LAB734495,ENC114566,PT10136,WBC,White Blood Cell Count,7.1,K/uL,4.5,11,N,STAT,2025-04-28 07:54,2025-04-28 08:26,2025-04-28 09:16
LAB734496,ENC114566,PT10136,HGB,Hemoglobin,12.1,g/dL,12,17.5,N,STAT,2025-04-28 07:01,2025-04-28 07:26,2025-04-28 08:06
LAB734497,ENC114566,PT10136,INR,Prothrombin Time INR,1.1,ratio,0.8,1.2,N,STAT,2025-04-28 07:29,2025-04-28 07:33,2025-04-28 08:04
LAB734498,ENC114567,PT10763,LDL,LDL Cholesterol,106,mg/dL,0,99,H,Routine,2025-04-28 08:39,2025-04-28 09:05,2025-04-28 23:16
LAB734499,ENC114567,PT10763,TSH,Thyroid Stimulating Hormone,0.34,mIU/L,0.4,4,L,Routine,2025-04-28 08:38,2025-04-28 08:46,2025-04-29 03:35
LAB734500,ENC114568,PT13305,WBC,White Blood Cell Count,8.9,K/uL,4.5,11,N,Routine,2025-04-28 08:44,2025-04-28 08:50,2025-04-28 10:17
LAB734501,ENC114568,PT13305,HGB,Hemoglobin,14.9,g/dL,12,17.5,N,Routine,2025-04-28 08:48,2025-04-28 09:21,2025-04-28 12:35
LAB734502,ENC114568,PT13305,PLT,Platelet Count,201,K/uL,150,400,N,Routine,2025-04-28 08:59,2025-04-28 09:27,2025-04-28 13:49
LAB734503,ENC114569,PT13128,GLU,Glucose,98,mg/dL,70,99,N,STAT,2025-04-28 09:09,2025-04-28 09:32,2025-04-28 10:18
LAB734504,ENC114569,PT13128,CREAT,Creatinine,1.24,mg/dL,0.6,1.3,N,STAT,2025-04-28 09:55,2025-04-28 10:30,2025-04-28 11:35
LAB734505,ENC114569,PT13128,WBC,White Blood Cell Count,7.7,K/uL,4.5,11,N,STAT,2025-04-28 09:18,2025-04-28 09:42,2025-04-28 11:03
LAB734506,ENC114569,PT13128,HGB,Hemoglobin,14,g/dL,12,17.5,N,STAT,2025-04-28 09:57,2025-04-28 10:14,2025-04-28 12:07
LAB734507,ENC114571,PT11121,A1C,Hemoglobin A1c,12.1,%,4,5.6,H,Routine,2025-04-28 09:55,2025-04-28 10:20,2025-04-28 19:38
LAB734508,ENC114572,PT12483,A1C,Hemoglobin A1c,5.2,%,4,5.6,N,Routine,2025-04-28 10:24,2025-04-28 10:53,2025-04-29 08:48
LAB734509,ENC114572,PT12483,GLU,Glucose,116,mg/dL,70,99,H,Routine,2025-04-28 10:22,2025-04-28 10:33,2025-04-28 13:28
LAB734510,ENC114572,PT12483,CREAT,Creatinine,1.11,mg/dL,0.6,1.3,N,Routine,2025-04-28 10:07,2025-04-28 10:19,2025-04-28 18:16
LAB734511,ENC114573,PT10505,WBC,White Blood Cell Count,6.7,K/uL,4.5,11,N,Routine,2025-04-28 10:19,2025-04-28 10:35,2025-04-28 13:22
LAB734512,ENC114573,PT10505,HGB,Hemoglobin,13.1,g/dL,12,17.5,N,Routine,2025-04-28 10:29,2025-04-28 10:35,2025-04-28 12:00
LAB734513,ENC114573,PT10505,PLT,Platelet Count,190,K/uL,150,400,N,Routine,2025-04-28 10:11,2025-04-28 10:35,2025-04-28 15:09
LAB734514,ENC114575,PT13189,A1C,Hemoglobin A1c,8.3,%,4,5.6,H,Routine,2025-04-28 11:21,2025-04-28 11:30,2025-04-29 01:49
LAB734515,ENC114576,PT10315,TROP,"Troponin I, High Sensitivity",12,ng/L,0,34,N,STAT,2025-04-28 12:42,2025-04-28 13:01,2025-04-28 13:56
LAB734516,ENC114577,PT13903,LDL,LDL Cholesterol,121,mg/dL,0,99,H,Routine,2025-04-28 12:44,2025-04-28 12:50,2025-04-29 03:13
LAB734517,ENC114577,PT13903,A1C,Hemoglobin A1c,9.3,%,4,5.6,H,Routine,2025-04-28 12:23,2025-04-28 12:46,2025-04-28 23:44
LAB734518,ENC114579,PT13686,GLU,Glucose,218,mg/dL,70,99,H,Routine,2025-04-28 15:51,2025-04-28 16:20,2025-04-28 17:50
LAB734519,ENC114579,PT13686,CREAT,Creatinine,0.98,mg/dL,0.6,1.3,N,Routine,2025-04-28 15:43,2025-04-28 16:06,2025-04-28 17:37
LAB734520,ENC114579,PT13686,WBC,White Blood Cell Count,6.2,K/uL,4.5,11,N,Routine,2025-04-28 15:17,2025-04-28 15:50,2025-04-28 17:25
LAB734521,ENC114579,PT13686,HGB,Hemoglobin,14.6,g/dL,12,17.5,N,Routine,2025-04-28 15:50,2025-04-28 16:01,2025-04-28 18:46
LAB734522,ENC114579,PT13686,TROP,"Troponin I, High Sensitivity",3,ng/L,0,34,N,STAT,2025-04-28 15:44,2025-04-28 16:09,2025-04-28 16:45
LAB734523,ENC114579,PT13686,BNP,B-Type Natriuretic Peptide,192,pg/mL,0,100,H,Routine,2025-04-28 15:53,2025-04-28 16:25,2025-04-28 18:55
LAB734524,ENC114581,PT11385,GLU,Glucose,109,mg/dL,70,99,H,STAT,2025-04-28 17:31,2025-04-28 17:51,2025-04-28 18:32
LAB734525,ENC114581,PT11385,CREAT,Creatinine,0.41,mg/dL,0.6,1.3,L,Routine,2025-04-28 17:28,2025-04-28 17:49,2025-04-28 21:16
LAB734526,ENC114581,PT11385,WBC,White Blood Cell Count,7.9,K/uL,4.5,11,N,Routine,2025-04-28 18:10,2025-04-28 18:23,2025-04-28 20:20
LAB734527,ENC114581,PT11385,HGB,Hemoglobin,14.5,g/dL,12,17.5,N,STAT,2025-04-28 18:29,2025-04-28 18:36,2025-04-28 19:40
LAB734528,ENC114581,PT11385,LACT,Lactate,1.5,mmol/L,0.5,2,N,STAT,2025-04-28 18:21,2025-04-28 18:47,2025-04-28 19:34
LAB734529,ENC114587,PT13011,WBC,White Blood Cell Count,8.5,K/uL,4.5,11,N,Routine,2025-04-28 15:53,2025-04-28 16:11,2025-04-28 20:05
LAB734530,ENC114587,PT13011,HGB,Hemoglobin,11.8,g/dL,12,17.5,L,Routine,2025-04-28 16:02,2025-04-28 16:14,2025-04-28 19:02
LAB734531,ENC114587,PT13011,PLT,Platelet Count,220,K/uL,150,400,N,Routine,2025-04-28 16:15,2025-04-28 16:29,2025-04-28 22:09
LAB734532,ENC114590,PT12268,GLU,Glucose,85,mg/dL,70,99,N,STAT,2025-04-28 22:26,2025-04-28 22:59,2025-04-28 23:34
LAB734533,ENC114590,PT12268,CREAT,Creatinine,0.9,mg/dL,0.6,1.3,N,Routine,2025-04-28 23:02,2025-04-28 23:29,2025-04-29 03:28
LAB734534,ENC114590,PT12268,WBC,White Blood Cell Count,7.2,K/uL,4.5,11,N,Routine,2025-04-28 23:18,2025-04-28 23:37,2025-04-29 01:02
LAB734535,ENC114590,PT12268,HGB,Hemoglobin,14.5,g/dL,12,17.5,N,Routine,2025-04-28 23:08,2025-04-28 23:25,2025-04-29 03:58
LAB734536,ENC114590,PT12268,INR,Prothrombin Time INR,0.9,ratio,0.8,1.2,N,STAT,2025-04-28 22:38,2025-04-28 22:59,2025-04-28 23:51
LAB734537,ENC114592,PT13540,GLU,Glucose,86,mg/dL,70,99,N,Routine,2025-04-29 02:16,2025-04-29 02:48,2025-04-29 05:24
LAB734538,ENC114592,PT13540,CREAT,Creatinine,0.95,mg/dL,0.6,1.3,N,Routine,2025-04-29 02:10,2025-04-29 02:26,2025-04-29 06:47
LAB734539,ENC114592,PT13540,WBC,White Blood Cell Count,6.2,K/uL,4.5,11,N,Routine,2025-04-29 02:01,2025-04-29 02:19,2025-04-29 04:57
LAB734540,ENC114592,PT13540,HGB,Hemoglobin,14.7,g/dL,12,17.5,N,STAT,2025-04-29 02:37,2025-04-29 02:51,2025-04-29 03:35
LAB734541,ENC114593,PT11600,GLU,Glucose,97,mg/dL,70,99,N,Routine,2025-04-29 06:11,2025-04-29 06:37,2025-04-29 09:44
LAB734542,ENC114593,PT11600,CREAT,Creatinine,1,mg/dL,0.6,1.3,N,STAT,2025-04-29 06:56,2025-04-29 07:13,2025-04-29 08:00
LAB734543,ENC114593,PT11600,WBC,White Blood Cell Count,11.7,K/uL,4.5,11,H,STAT,2025-04-29 07:08,2025-04-29 07:28,2025-04-29 07:46
LAB734544,ENC114593,PT11600,HGB,Hemoglobin,9,g/dL,12,17.5,L,STAT,2025-04-29 06:41,2025-04-29 07:07,2025-04-29 07:27
LAB734545,ENC114595,PT11055,GLU,Glucose,113,mg/dL,70,99,H,STAT,2025-04-29 12:49,2025-04-29 13:00,2025-04-29 13:30
LAB734546,ENC114595,PT11055,CREAT,Creatinine,2.49,mg/dL,0.6,1.3,H,STAT,2025-04-29 12:51,2025-04-29 13:13,2025-04-29 14:01
LAB734547,ENC114595,PT11055,WBC,White Blood Cell Count,7,K/uL,4.5,11,N,STAT,2025-04-29 12:06,2025-04-29 12:16,2025-04-29 13:30
LAB734548,ENC114595,PT11055,HGB,Hemoglobin,10.2,g/dL,12,17.5,L,STAT,2025-04-29 13:07,2025-04-29 13:33,2025-04-29 14:56
LAB734549,ENC114595,PT11055,TROP,"Troponin I, High Sensitivity",34,ng/L,0,34,N,STAT,2025-04-29 12:23,2025-04-29 12:58,2025-04-29 13:34
LAB734550,ENC114595,PT11055,BNP,B-Type Natriuretic Peptide,1033,pg/mL,0,100,H,Routine,2025-04-29 12:47,2025-04-29 12:57,2025-04-29 16:27
LAB734551,ENC114596,PT12685,WBC,White Blood Cell Count,7.4,K/uL,4.5,11,N,Routine,2025-04-29 10:11,2025-04-29 10:15,2025-04-29 14:16
LAB734552,ENC114596,PT12685,HGB,Hemoglobin,12.1,g/dL,12,17.5,N,Routine,2025-04-29 10:25,2025-04-29 10:44,2025-04-29 17:24
LAB734553,ENC114596,PT12685,PLT,Platelet Count,263,K/uL,150,400,N,Routine,2025-04-29 10:20,2025-04-29 10:28,2025-04-29 14:03
LAB734554,ENC114600,PT12625,A1C,Hemoglobin A1c,5.7,%,4,5.6,H,Routine,2025-04-29 12:37,2025-04-29 12:51,2025-04-29 20:05
LAB734555,ENC114600,PT12625,GLU,Glucose,106,mg/dL,70,99,H,Routine,2025-04-29 12:51,2025-04-29 12:57,2025-04-29 15:53
LAB734556,ENC114600,PT12625,CREAT,Creatinine,0.51,mg/dL,0.6,1.3,L,Routine,2025-04-29 12:55,2025-04-29 13:10,2025-04-29 17:27
LAB734557,ENC114601,PT10847,WBC,White Blood Cell Count,6.5,K/uL,4.5,11,N,Routine,2025-04-29 13:03,2025-04-29 13:30,2025-04-29 15:23
LAB734558,ENC114601,PT10847,HGB,Hemoglobin,8.6,g/dL,12,17.5,L,Routine,2025-04-29 13:03,2025-04-29 13:34,2025-04-29 16:09
LAB734559,ENC114601,PT10847,PLT,Platelet Count,149,K/uL,150,400,L,Routine,2025-04-29 13:07,2025-04-29 13:22,2025-04-29 16:20
LAB734560,ENC114602,PT11700,GLU,Glucose,125,mg/dL,70,99,H,STAT,2025-04-29 14:30,2025-04-29 14:38,2025-04-29 15:29
LAB734561,ENC114602,PT11700,CREAT,Creatinine,1.29,mg/dL,0.6,1.3,N,Routine,2025-04-29 14:35,2025-04-29 14:40,2025-04-29 18:19
LAB734562,ENC114602,PT11700,WBC,White Blood Cell Count,4,K/uL,4.5,11,L,STAT,2025-04-29 14:38,2025-04-29 14:54,2025-04-29 15:27
LAB734563,ENC114602,PT11700,HGB,Hemoglobin,15.5,g/dL,12,17.5,N,STAT,2025-04-29 14:21,2025-04-29 14:52,2025-04-29 15:35
LAB734564,ENC114603,PT10667,GLU,Glucose,86,mg/dL,70,99,N,STAT,2025-04-29 14:27,2025-04-29 14:57,2025-04-29 15:28
LAB734565,ENC114603,PT10667,CREAT,Creatinine,0.95,mg/dL,0.6,1.3,N,Routine,2025-04-29 14:51,2025-04-29 15:06,2025-04-29 18:32
LAB734566,ENC114603,PT10667,WBC,White Blood Cell Count,6.5,K/uL,4.5,11,N,STAT,2025-04-29 14:14,2025-04-29 14:22,2025-04-29 15:46
LAB734567,ENC114603,PT10667,HGB,Hemoglobin,13.9,g/dL,12,17.5,N,STAT,2025-04-29 14:56,2025-04-29 15:27,2025-04-29 16:21
LAB734568,ENC114604,PT12022,GLU,Glucose,142,mg/dL,70,99,H,STAT,2025-04-29 14:35,2025-04-29 14:47,2025-04-29 15:30
LAB734569,ENC114604,PT12022,CREAT,Creatinine,0.41,mg/dL,0.6,1.3,L,STAT,2025-04-29 15:25,2025-04-29 15:37,2025-04-29 16:28
LAB734570,ENC114604,PT12022,WBC,White Blood Cell Count,8.7,K/uL,4.5,11,N,STAT,2025-04-29 14:45,2025-04-29 15:09,2025-04-29 16:23
LAB734571,ENC114605,PT12403,GLU,Glucose,138,mg/dL,70,99,H,STAT,2025-04-29 19:21,2025-04-29 19:31,2025-04-29 21:03
LAB734572,ENC114605,PT12403,CREAT,Creatinine,1.06,mg/dL,0.6,1.3,N,Routine,2025-04-29 18:44,2025-04-29 19:10,2025-04-29 21:44
LAB734573,ENC114605,PT12403,WBC,White Blood Cell Count,12.8,K/uL,4.5,11,H,STAT,2025-04-29 18:26,2025-04-29 18:35,2025-04-29 19:55
LAB734574,ENC114605,PT12403,HGB,Hemoglobin,12.8,g/dL,12,17.5,N,Routine,2025-04-29 18:37,2025-04-29 18:58,2025-04-29 20:15
LAB734575,ENC114606,PT10680,A1C,Hemoglobin A1c,11.1,%,4,5.6,H,Routine,2025-04-29 15:26,2025-04-29 15:36,2025-04-30 13:44
LAB734576,ENC114608,PT13810,GLU,Glucose,109,mg/dL,70,99,H,Routine,2025-04-29 18:49,2025-04-29 19:21,2025-04-29 21:52
LAB734577,ENC114608,PT13810,CREAT,Creatinine,1.02,mg/dL,0.6,1.3,N,Routine,2025-04-29 18:44,2025-04-29 19:13,2025-04-29 22:49
LAB734578,ENC114608,PT13810,WBC,White Blood Cell Count,6.4,K/uL,4.5,11,N,Routine,2025-04-29 18:17,2025-04-29 18:39,2025-04-29 20:32
LAB734579,ENC114608,PT13810,HGB,Hemoglobin,12.6,g/dL,12,17.5,N,STAT,2025-04-29 18:06,2025-04-29 18:30,2025-04-29 19:18
LAB734580,ENC114609,PT11673,GLU,Glucose,91,mg/dL,70,99,N,STAT,2025-04-30 00:05,2025-04-30 00:29,2025-04-30 01:01
LAB734581,ENC114609,PT11673,CREAT,Creatinine,0.98,mg/dL,0.6,1.3,N,STAT,2025-04-30 00:14,2025-04-30 00:33,2025-04-30 01:04
LAB734582,ENC114609,PT11673,WBC,White Blood Cell Count,6.5,K/uL,4.5,11,N,Routine,2025-04-30 00:18,2025-04-30 00:28,2025-04-30 05:18
LAB734583,ENC114609,PT11673,HGB,Hemoglobin,14.8,g/dL,12,17.5,N,STAT,2025-04-30 00:18,2025-04-30 00:37,2025-04-30 02:08
LAB734584,ENC114610,PT10799,GLU,Glucose,98,mg/dL,70,99,N,Routine,2025-04-29 21:32,2025-04-29 21:56,2025-04-30 00:47
LAB734585,ENC114610,PT10799,CREAT,Creatinine,2.5,mg/dL,0.6,1.3,H,STAT,2025-04-29 20:58,2025-04-29 21:27,2025-04-29 21:44
LAB734586,ENC114611,PT12612,GLU,Glucose,127,mg/dL,70,99,H,STAT,2025-04-30 03:09,2025-04-30 03:31,2025-04-30 04:03
LAB734587,ENC114611,PT12612,CREAT,Creatinine,0.71,mg/dL,0.6,1.3,N,STAT,2025-04-30 02:29,2025-04-30 02:50,2025-04-30 03:34
LAB734588,ENC114611,PT12612,WBC,White Blood Cell Count,18,K/uL,4.5,11,H,STAT,2025-04-30 02:48,2025-04-30 03:00,2025-04-30 03:29
LAB734589,ENC114611,PT12612,HGB,Hemoglobin,13.6,g/dL,12,17.5,N,Routine,2025-04-30 02:30,2025-04-30 02:55,2025-04-30 06:25
LAB734590,ENC114611,PT12612,NA,Sodium,137,mmol/L,136,145,N,STAT,2025-04-30 02:57,2025-04-30 03:22,2025-04-30 04:27
LAB734591,ENC114611,PT12612,K,Potassium,4.1,mmol/L,3.5,5.1,N,STAT,2025-04-30 03:00,2025-04-30 03:06,2025-04-30 03:40
LAB734592,ENC114612,PT12134,GLU,Glucose,107,mg/dL,70,99,H,STAT,2025-04-30 00:19,2025-04-30 00:35,2025-04-30 01:44
LAB734593,ENC114612,PT12134,CREAT,Creatinine,0.79,mg/dL,0.6,1.3,N,Routine,2025-04-30 01:24,2025-04-30 01:37,2025-04-30 03:58
LAB734594,ENC114612,PT12134,WBC,White Blood Cell Count,8.7,K/uL,4.5,11,N,Routine,2025-04-30 00:25,2025-04-30 00:30,2025-04-30 02:59
LAB734595,ENC114612,PT12134,HGB,Hemoglobin,16.5,g/dL,12,17.5,N,STAT,2025-04-30 00:54,2025-04-30 01:07,2025-04-30 02:03
LAB734596,ENC114614,PT11097,GLU,Glucose,116,mg/dL,70,99,H,STAT,2025-04-30 03:27,2025-04-30 04:00,2025-04-30 05:07
LAB734597,ENC114614,PT11097,CREAT,Creatinine,1.24,mg/dL,0.6,1.3,N,STAT,2025-04-30 03:19,2025-04-30 03:50,2025-04-30 04:51
LAB734598,ENC114614,PT11097,WBC,White Blood Cell Count,14.6,K/uL,4.5,11,H,STAT,2025-04-30 02:52,2025-04-30 02:57,2025-04-30 03:19
LAB734599,ENC114615,PT12110,GLU,Glucose,107,mg/dL,70,99,H,STAT,2025-04-30 07:00,2025-04-30 07:13,2025-04-30 07:51
LAB734600,ENC114615,PT12110,CREAT,Creatinine,0.69,mg/dL,0.6,1.3,N,Routine,2025-04-30 07:05,2025-04-30 07:34,2025-04-30 09:27
LAB734601,ENC114615,PT12110,WBC,White Blood Cell Count,8.2,K/uL,4.5,11,N,STAT,2025-04-30 05:58,2025-04-30 06:06,2025-04-30 06:59
LAB734602,ENC114615,PT12110,HGB,Hemoglobin,14.2,g/dL,12,17.5,N,STAT,2025-04-30 06:48,2025-04-30 07:22,2025-04-30 08:10
LAB734603,ENC114616,PT11467,TROP,"Troponin I, High Sensitivity",9,ng/L,0,34,N,STAT,2025-04-30 08:18,2025-04-30 08:44,2025-04-30 09:11
LAB734604,ENC114623,PT12566,LDL,LDL Cholesterol,128,mg/dL,0,99,H,Routine,2025-04-30 12:30,2025-04-30 12:51,2025-04-30 19:41
LAB734605,ENC114623,PT12566,A1C,Hemoglobin A1c,9.2,%,4,5.6,H,Routine,2025-04-30 12:29,2025-04-30 13:01,2025-05-01 15:21
LAB734606,ENC114624,PT13448,GLU,Glucose,135,mg/dL,70,99,H,Routine,2025-04-30 12:40,2025-04-30 12:49,2025-04-30 18:10
LAB734607,ENC114624,PT13448,CREAT,Creatinine,1.04,mg/dL,0.6,1.3,N,Routine,2025-04-30 13:19,2025-04-30 13:46,2025-04-30 16:26
LAB734608,ENC114624,PT13448,WBC,White Blood Cell Count,7.3,K/uL,4.5,11,N,STAT,2025-04-30 12:37,2025-04-30 12:44,2025-04-30 13:38
LAB734609,ENC114624,PT13448,HGB,Hemoglobin,14.2,g/dL,12,17.5,N,Routine,2025-04-30 13:03,2025-04-30 13:13,2025-04-30 15:20
LAB734610,ENC114624,PT13448,TROP,"Troponin I, High Sensitivity",91,ng/L,0,34,H,STAT,2025-04-30 13:32,2025-04-30 13:58,2025-04-30 14:28
LAB734611,ENC114624,PT13448,BNP,B-Type Natriuretic Peptide,1506,pg/mL,0,100,H,Routine,2025-04-30 13:23,2025-04-30 13:43,2025-04-30 19:12
LAB734612,ENC114628,PT13354,GLU,Glucose,108,mg/dL,70,99,H,STAT,2025-04-30 17:33,2025-04-30 17:58,2025-04-30 19:00
LAB734613,ENC114628,PT13354,CREAT,Creatinine,0.92,mg/dL,0.6,1.3,N,STAT,2025-04-30 17:17,2025-04-30 17:35,2025-04-30 18:12
LAB734614,ENC114628,PT13354,WBC,White Blood Cell Count,9.4,K/uL,4.5,11,N,Routine,2025-04-30 17:03,2025-04-30 17:36,2025-04-30 18:52
LAB734615,ENC114628,PT13354,HGB,Hemoglobin,14.8,g/dL,12,17.5,N,STAT,2025-04-30 17:36,2025-04-30 17:54,2025-04-30 18:55
LAB734616,ENC114628,PT13354,NA,Sodium,139,mmol/L,136,145,N,STAT,2025-04-30 17:30,2025-04-30 17:52,2025-04-30 18:38
LAB734617,ENC114628,PT13354,K,Potassium,3.5,mmol/L,3.5,5.1,N,STAT,2025-04-30 16:47,2025-04-30 17:06,2025-04-30 17:45
LAB734618,ENC114628,PT13354,TROP,"Troponin I, High Sensitivity",40,ng/L,0,34,H,STAT,2025-04-30 17:11,2025-04-30 17:40,2025-04-30 18:24
LAB734619,ENC114630,PT13599,LDL,LDL Cholesterol,100,mg/dL,0,99,H,Routine,2025-04-30 14:57,2025-04-30 15:12,2025-04-30 21:42
LAB734620,ENC114632,PT12625,WBC,White Blood Cell Count,6.2,K/uL,4.5,11,N,Routine,2025-04-30 15:54,2025-04-30 16:20,2025-04-30 18:19
LAB734621,ENC114632,PT12625,HGB,Hemoglobin,9.2,g/dL,12,17.5,L,Routine,2025-04-30 15:36,2025-04-30 15:50,2025-04-30 19:03
LAB734622,ENC114632,PT12625,PLT,Platelet Count,238,K/uL,150,400,N,Routine,2025-04-30 15:53,2025-04-30 16:21,2025-04-30 22:31
LAB734623,ENC114633,PT13529,GLU,Glucose,156,mg/dL,70,99,H,STAT,2025-04-30 19:52,2025-04-30 20:25,2025-04-30 20:48
LAB734624,ENC114633,PT13529,CREAT,Creatinine,1.01,mg/dL,0.6,1.3,N,STAT,2025-04-30 19:33,2025-04-30 19:54,2025-04-30 20:41
LAB734625,ENC114633,PT13529,WBC,White Blood Cell Count,6.6,K/uL,4.5,11,N,Routine,2025-04-30 20:07,2025-04-30 20:12,2025-05-01 01:50
LAB734626,ENC114633,PT13529,HGB,Hemoglobin,14.3,g/dL,12,17.5,N,STAT,2025-04-30 20:19,2025-04-30 20:38,2025-04-30 22:04
LAB734627,ENC114633,PT13529,NA,Sodium,140,mmol/L,136,145,N,STAT,2025-04-30 20:19,2025-04-30 20:30,2025-04-30 20:52
LAB734628,ENC114633,PT13529,K,Potassium,4,mmol/L,3.5,5.1,N,STAT,2025-04-30 19:27,2025-04-30 19:38,2025-04-30 20:27
LAB734629,ENC114636,PT12090,GLU,Glucose,85,mg/dL,70,99,N,STAT,2025-04-30 18:23,2025-04-30 18:58,2025-04-30 20:51
LAB734630,ENC114636,PT12090,CREAT,Creatinine,1.03,mg/dL,0.6,1.3,N,Routine,2025-04-30 19:02,2025-04-30 19:26,2025-04-30 20:45
LAB734631,ENC114636,PT12090,WBC,White Blood Cell Count,6.3,K/uL,4.5,11,N,Routine,2025-04-30 18:34,2025-04-30 18:57,2025-05-01 01:10
LAB734632,ENC114636,PT12090,HGB,Hemoglobin,14.5,g/dL,12,17.5,N,STAT,2025-04-30 18:21,2025-04-30 18:44,2025-04-30 19:29
LAB734633,ENC114636,PT12090,NA,Sodium,138,mmol/L,136,145,N,STAT,2025-04-30 18:02,2025-04-30 18:37,2025-04-30 19:03
LAB734634,ENC114636,PT12090,K,Potassium,4.2,mmol/L,3.5,5.1,N,STAT,2025-04-30 18:13,2025-04-30 18:17,2025-04-30 19:36
LAB734635,ENC114637,PT13671,GLU,Glucose,223,mg/dL,70,99,H,STAT,2025-04-30 19:03,2025-04-30 19:18,2025-04-30 20:10
LAB734636,ENC114637,PT13671,CREAT,Creatinine,0.79,mg/dL,0.6,1.3,N,STAT,2025-04-30 19:07,2025-04-30 19:23,2025-04-30 20:22
LAB734637,ENC114637,PT13671,WBC,White Blood Cell Count,6.5,K/uL,4.5,11,N,Routine,2025-04-30 19:14,2025-04-30 19:33,2025-04-30 23:55
LAB734638,ENC114637,PT13671,HGB,Hemoglobin,15.4,g/dL,12,17.5,N,STAT,2025-04-30 18:35,2025-04-30 18:51,2025-04-30 19:16
LAB734639,ENC114637,PT13671,INR,Prothrombin Time INR,2.9,ratio,0.8,1.2,H,Routine,2025-04-30 19:05,2025-04-30 19:27,2025-04-30 22:08
LAB734640,ENC114639,PT12786,GLU,Glucose,413,mg/dL,70,99,H,Routine,2025-04-30 19:06,2025-04-30 19:34,2025-05-01 01:16
LAB734641,ENC114639,PT12786,CREAT,Creatinine,1,mg/dL,0.6,1.3,N,Routine,2025-04-30 19:11,2025-04-30 19:39,2025-04-30 21:14
LAB734642,ENC114639,PT12786,A1C,Hemoglobin A1c,10,%,4,5.6,H,STAT,2025-04-30 19:41,2025-04-30 20:15,2025-04-30 20:42
LAB734643,ENC114640,PT11001,GLU,Glucose,111,mg/dL,70,99,H,STAT,2025-04-30 20:56,2025-04-30 21:16,2025-04-30 22:16
LAB734644,ENC114640,PT11001,CREAT,Creatinine,0.93,mg/dL,0.6,1.3,N,STAT,2025-04-30 20:48,2025-04-30 21:03,2025-04-30 21:47
LAB734645,ENC114640,PT11001,WBC,White Blood Cell Count,8.1,K/uL,4.5,11,N,STAT,2025-04-30 20:08,2025-04-30 20:14,2025-04-30 20:32
LAB734646,ENC114640,PT11001,HGB,Hemoglobin,14.6,g/dL,12,17.5,N,STAT,2025-04-30 20:21,2025-04-30 20:37,2025-04-30 21:31
LAB734647,ENC114641,PT10079,GLU,Glucose,96,mg/dL,70,99,N,STAT,2025-04-30 22:25,2025-04-30 22:59,2025-04-30 23:57
LAB734648,ENC114641,PT10079,CREAT,Creatinine,1.47,mg/dL,0.6,1.3,H,STAT,2025-04-30 21:45,2025-04-30 22:19,2025-04-30 22:48
LAB734649,ENC114641,PT10079,WBC,White Blood Cell Count,10.7,K/uL,4.5,11,N,Routine,2025-04-30 22:40,2025-04-30 23:13,2025-05-01 01:38
LAB734650,ENC114641,PT10079,HGB,Hemoglobin,15.1,g/dL,12,17.5,N,STAT,2025-04-30 22:34,2025-04-30 22:44,2025-04-30 23:20
LAB734651,ENC114642,PT11061,GLU,Glucose,104,mg/dL,70,99,H,STAT,2025-05-01 02:42,2025-05-01 03:15,2025-05-01 03:57
LAB734652,ENC114642,PT11061,CREAT,Creatinine,0.86,mg/dL,0.6,1.3,N,Routine,2025-05-01 03:37,2025-05-01 04:09,2025-05-01 05:56
LAB734653,ENC114642,PT11061,WBC,White Blood Cell Count,8.4,K/uL,4.5,11,N,STAT,2025-05-01 03:01,2025-05-01 03:24,2025-05-01 04:45
LAB734654,ENC114642,PT11061,HGB,Hemoglobin,12.4,g/dL,12,17.5,N,Routine,2025-05-01 03:34,2025-05-01 03:39,2025-05-01 06:57
LAB734655,ENC114642,PT11061,NA,Sodium,140,mmol/L,136,145,N,STAT,2025-05-01 02:52,2025-05-01 03:16,2025-05-01 04:01
LAB734656,ENC114642,PT11061,K,Potassium,4.6,mmol/L,3.5,5.1,N,STAT,2025-05-01 03:16,2025-05-01 03:50,2025-05-01 04:24
LAB734657,ENC114643,PT12657,GLU,Glucose,113,mg/dL,70,99,H,STAT,2025-05-01 01:42,2025-05-01 02:13,2025-05-01 03:59
LAB734658,ENC114643,PT12657,CREAT,Creatinine,0.74,mg/dL,0.6,1.3,N,STAT,2025-05-01 00:53,2025-05-01 01:07,2025-05-01 02:12
LAB734659,ENC114643,PT12657,WBC,White Blood Cell Count,6,K/uL,4.5,11,N,STAT,2025-05-01 01:07,2025-05-01 01:26,2025-05-01 01:55
LAB734660,ENC114643,PT12657,HGB,Hemoglobin,14.7,g/dL,12,17.5,N,Routine,2025-05-01 01:52,2025-05-01 02:06,2025-05-01 09:10
LAB734661,ENC114645,PT12455,GLU,Glucose,109,mg/dL,70,99,H,STAT,2025-05-01 06:43,2025-05-01 07:06,2025-05-01 08:04
LAB734662,ENC114645,PT12455,CREAT,Creatinine,0.85,mg/dL,0.6,1.3,N,Routine,2025-05-01 06:40,2025-05-01 06:45,2025-05-01 08:34
LAB734663,ENC114645,PT12455,WBC,White Blood Cell Count,7.4,K/uL,4.5,11,N,Routine,2025-05-01 07:37,2025-05-01 08:08,2025-05-01 09:59
LAB734664,ENC114645,PT12455,HGB,Hemoglobin,9.8,g/dL,12,17.5,L,Routine,2025-05-01 07:19,2025-05-01 07:50,2025-05-01 10:07
LAB734665,ENC114646,PT13480,GLU,Glucose,108,mg/dL,70,99,H,STAT,2025-05-01 04:31,2025-05-01 05:00,2025-05-01 05:16
LAB734666,ENC114646,PT13480,CREAT,Creatinine,1.06,mg/dL,0.6,1.3,N,Routine,2025-05-01 04:24,2025-05-01 04:41,2025-05-01 09:04
LAB734667,ENC114646,PT13480,WBC,White Blood Cell Count,7.7,K/uL,4.5,11,N,STAT,2025-05-01 04:53,2025-05-01 05:13,2025-05-01 06:14
LAB734668,ENC114646,PT13480,HGB,Hemoglobin,12.5,g/dL,12,17.5,N,Routine,2025-05-01 05:17,2025-05-01 05:47,2025-05-01 07:33
LAB734669,ENC114648,PT11215,GLU,Glucose,110,mg/dL,70,99,H,STAT,2025-05-01 07:36,2025-05-01 07:47,2025-05-01 08:39
LAB734670,ENC114648,PT11215,CREAT,Creatinine,1.54,mg/dL,0.6,1.3,H,Routine,2025-05-01 07:49,2025-05-01 07:54,2025-05-01 08:44
LAB734671,ENC114648,PT11215,WBC,White Blood Cell Count,13,K/uL,4.5,11,H,STAT,2025-05-01 07:41,2025-05-01 07:51,2025-05-01 09:07
LAB734672,ENC114648,PT11215,HGB,Hemoglobin,12.2,g/dL,12,17.5,N,STAT,2025-05-01 08:25,2025-05-01 08:37,2025-05-01 09:08
LAB734673,ENC114648,PT11215,LACT,Lactate,2,mmol/L,0.5,2,N,STAT,2025-05-01 08:10,2025-05-01 08:36,2025-05-01 09:09
LAB734674,ENC114649,PT13570,GLU,Glucose,127,mg/dL,70,99,H,STAT,2025-05-01 08:43,2025-05-01 09:17,2025-05-01 09:58
LAB734675,ENC114649,PT13570,CREAT,Creatinine,0.54,mg/dL,0.6,1.3,L,STAT,2025-05-01 08:36,2025-05-01 08:53,2025-05-01 09:42
LAB734676,ENC114649,PT13570,WBC,White Blood Cell Count,6.1,K/uL,4.5,11,N,STAT,2025-05-01 08:43,2025-05-01 09:18,2025-05-01 10:31
LAB734677,ENC114649,PT13570,HGB,Hemoglobin,10.3,g/dL,12,17.5,L,STAT,2025-05-01 08:03,2025-05-01 08:26,2025-05-01 08:56
LAB734678,ENC114652,PT10118,GLU,Glucose,82,mg/dL,70,99,N,STAT,2025-05-01 08:57,2025-05-01 09:17,2025-05-01 10:03
LAB734679,ENC114652,PT10118,CREAT,Creatinine,0.74,mg/dL,0.6,1.3,N,STAT,2025-05-01 09:36,2025-05-01 10:04,2025-05-01 11:11
LAB734680,ENC114652,PT10118,WBC,White Blood Cell Count,8.2,K/uL,4.5,11,N,STAT,2025-05-01 09:39,2025-05-01 10:13,2025-05-01 11:07
LAB734681,ENC114652,PT10118,HGB,Hemoglobin,13.8,g/dL,12,17.5,N,Routine,2025-05-01 09:34,2025-05-01 09:38,2025-05-01 10:36
LAB734682,ENC114652,PT10118,BUN,Blood Urea Nitrogen,12,mg/dL,7,20,N,STAT,2025-05-01 09:09,2025-05-01 09:34,2025-05-01 10:21
LAB734683,ENC114652,PT10118,PLT,Platelet Count,229,K/uL,150,400,N,Routine,2025-05-01 09:53,2025-05-01 10:18,2025-05-01 14:39
LAB734684,ENC114655,PT12669,GLU,Glucose,130,mg/dL,70,99,H,Routine,2025-05-01 13:39,2025-05-01 14:12,2025-05-01 18:03
LAB734685,ENC114655,PT12669,CREAT,Creatinine,0.96,mg/dL,0.6,1.3,N,STAT,2025-05-01 13:08,2025-05-01 13:23,2025-05-01 14:18
LAB734686,ENC114655,PT12669,WBC,White Blood Cell Count,8.2,K/uL,4.5,11,N,STAT,2025-05-01 14:06,2025-05-01 14:17,2025-05-01 14:48
LAB734687,ENC114655,PT12669,HGB,Hemoglobin,9.4,g/dL,12,17.5,L,STAT,2025-05-01 13:41,2025-05-01 14:05,2025-05-01 14:55
LAB734688,ENC114655,PT12669,NA,Sodium,139,mmol/L,136,145,N,STAT,2025-05-01 13:28,2025-05-01 13:49,2025-05-01 14:31
LAB734689,ENC114655,PT12669,K,Potassium,4.4,mmol/L,3.5,5.1,N,STAT,2025-05-01 13:09,2025-05-01 13:21,2025-05-01 13:58
LAB734690,ENC114659,PT12553,GLU,Glucose,109,mg/dL,70,99,H,STAT,2025-05-01 14:57,2025-05-01 15:21,2025-05-01 16:07
LAB734691,ENC114659,PT12553,CREAT,Creatinine,4.4,mg/dL,0.6,1.3,H,STAT,2025-05-01 16:00,2025-05-01 16:32,2025-05-01 17:12
LAB734692,ENC114659,PT12553,WBC,White Blood Cell Count,7.1,K/uL,4.5,11,N,Routine,2025-05-01 15:11,2025-05-01 15:43,2025-05-01 17:16
LAB734693,ENC114659,PT12553,HGB,Hemoglobin,9.8,g/dL,12,17.5,L,Routine,2025-05-01 15:32,2025-05-01 15:48,2025-05-01 18:56
LAB734694,ENC114659,PT12553,NA,Sodium,137,mmol/L,136,145,N,STAT,2025-05-01 15:24,2025-05-01 15:52,2025-05-01 16:24
LAB734695,ENC114659,PT12553,K,Potassium,5.1,mmol/L,3.5,5.1,N,STAT,2025-05-01 15:21,2025-05-01 15:32,2025-05-01 16:19
LAB734696,ENC114659,PT12553,BUN,Blood Urea Nitrogen,17,mg/dL,7,20,N,Routine,2025-05-01 16:00,2025-05-01 16:29,2025-05-01 19:09
LAB734697,ENC114659,PT12553,PLT,Platelet Count,300,K/uL,150,400,N,STAT,2025-05-01 15:59,2025-05-01 16:10,2025-05-01 17:07
LAB734698,ENC114660,PT13151,GLU,Glucose,71,mg/dL,70,99,N,Routine,2025-05-01 12:47,2025-05-01 12:55,2025-05-01 15:28
LAB734699,ENC114660,PT13151,CREAT,Creatinine,0.76,mg/dL,0.6,1.3,N,Routine,2025-05-01 13:07,2025-05-01 13:12,2025-05-01 15:06
LAB734700,ENC114660,PT13151,WBC,White Blood Cell Count,8.3,K/uL,4.5,11,N,STAT,2025-05-01 12:20,2025-05-01 12:34,2025-05-01 13:05
LAB734701,ENC114660,PT13151,HGB,Hemoglobin,11.2,g/dL,12,17.5,L,STAT,2025-05-01 12:31,2025-05-01 12:54,2025-05-01 14:49
LAB734702,ENC114660,PT13151,BUN,Blood Urea Nitrogen,8,mg/dL,7,20,N,STAT,2025-05-01 12:26,2025-05-01 12:38,2025-05-01 13:08
LAB734703,ENC114660,PT13151,PLT,Platelet Count,163,K/uL,150,400,N,STAT,2025-05-01 12:08,2025-05-01 12:24,2025-05-01 12:54
LAB734704,ENC114660,PT13151,TROP,"Troponin I, High Sensitivity",86,ng/L,0,34,H,STAT,2025-05-01 12:13,2025-05-01 12:46,2025-05-01 13:43
LAB734705,ENC114660,PT13151,BNP,B-Type Natriuretic Peptide,3235,pg/mL,0,100,H,Routine,2025-05-01 12:29,2025-05-01 13:04,2025-05-01 16:09
LAB734706,ENC114661,PT12854,LDL,LDL Cholesterol,91,mg/dL,0,99,N,Routine,2025-05-01 12:36,2025-05-01 13:01,2025-05-02 01:21
LAB734707,ENC114661,PT12854,A1C,Hemoglobin A1c,5.2,%,4,5.6,N,Routine,2025-05-01 12:59,2025-05-01 13:23,2025-05-02 15:05
LAB734708,ENC114661,PT12854,TSH,Thyroid Stimulating Hormone,1.16,mIU/L,0.4,4,N,Routine,2025-05-01 12:46,2025-05-01 12:56,2025-05-02 03:54
LAB734709,ENC114663,PT13747,GLU,Glucose,101,mg/dL,70,99,H,Routine,2025-05-01 13:02,2025-05-01 13:37,2025-05-01 15:19
LAB734710,ENC114663,PT13747,CREAT,Creatinine,0.86,mg/dL,0.6,1.3,N,STAT,2025-05-01 12:49,2025-05-01 13:02,2025-05-01 13:34
LAB734711,ENC114663,PT13747,WBC,White Blood Cell Count,20.7,K/uL,4.5,11,H,Routine,2025-05-01 13:46,2025-05-01 14:16,2025-05-01 19:12
LAB734712,ENC114663,PT13747,HGB,Hemoglobin,13.2,g/dL,12,17.5,N,Routine,2025-05-01 13:51,2025-05-01 14:22,2025-05-01 17:31
LAB734713,ENC114663,PT13747,LACT,Lactate,2.9,mmol/L,0.5,2,H,STAT,2025-05-01 13:23,2025-05-01 13:48,2025-05-01 14:37
LAB734714,ENC114665,PT10089,GLU,Glucose,144,mg/dL,70,99,H,STAT,2025-05-01 14:25,2025-05-01 14:55,2025-05-01 15:28
LAB734715,ENC114665,PT10089,CREAT,Creatinine,2.43,mg/dL,0.6,1.3,H,Routine,2025-05-01 13:58,2025-05-01 14:23,2025-05-01 16:02
LAB734716,ENC114665,PT10089,WBC,White Blood Cell Count,20.9,K/uL,4.5,11,H,Routine,2025-05-01 13:59,2025-05-01 14:06,2025-05-01 17:42
LAB734717,ENC114665,PT10089,HGB,Hemoglobin,13.7,g/dL,12,17.5,N,STAT,2025-05-01 14:38,2025-05-01 15:05,2025-05-01 15:46
LAB734718,ENC114665,PT10089,LACT,Lactate,2.5,mmol/L,0.5,2,H,STAT,2025-05-01 14:54,2025-05-01 15:09,2025-05-01 15:52
LAB734719,ENC114666,PT11549,LDL,LDL Cholesterol,153,mg/dL,0,99,H,Routine,2025-05-01 14:10,2025-05-01 14:38,2025-05-02 05:20
LAB734720,ENC114667,PT12355,GLU,Glucose,96,mg/dL,70,99,N,STAT,2025-05-01 14:59,2025-05-01 15:10,2025-05-01 15:56
LAB734721,ENC114667,PT12355,CREAT,Creatinine,1.05,mg/dL,0.6,1.3,N,Routine,2025-05-01 14:42,2025-05-01 14:52,2025-05-01 19:43
LAB734722,ENC114667,PT12355,WBC,White Blood Cell Count,6,K/uL,4.5,11,N,Routine,2025-05-01 14:38,2025-05-01 14:46,2025-05-01 18:38
LAB734723,ENC114667,PT12355,HGB,Hemoglobin,12,g/dL,12,17.5,N,Routine,2025-05-01 15:05,2025-05-01 15:15,2025-05-01 17:03
LAB734724,ENC114667,PT12355,TROP,"Troponin I, High Sensitivity",14,ng/L,0,34,N,STAT,2025-05-01 15:26,2025-05-01 15:47,2025-05-01 16:45
LAB734725,ENC114667,PT12355,BNP,B-Type Natriuretic Peptide,2668,pg/mL,0,100,H,STAT,2025-05-01 15:26,2025-05-01 15:34,2025-05-01 16:03
LAB734726,ENC114668,PT12297,WBC,White Blood Cell Count,6.4,K/uL,4.5,11,N,Routine,2025-05-01 15:27,2025-05-01 15:51,2025-05-01 19:10
LAB734727,ENC114668,PT12297,HGB,Hemoglobin,15.1,g/dL,12,17.5,N,Routine,2025-05-01 15:25,2025-05-01 15:32,2025-05-01 17:57
LAB734728,ENC114668,PT12297,PLT,Platelet Count,358,K/uL,150,400,N,Routine,2025-05-01 15:15,2025-05-01 15:39,2025-05-01 19:47
LAB734729,ENC114671,PT11079,WBC,White Blood Cell Count,10.4,K/uL,4.5,11,N,Routine,2025-05-01 16:34,2025-05-01 17:02,2025-05-01 19:24
LAB734730,ENC114671,PT11079,HGB,Hemoglobin,13.3,g/dL,12,17.5,N,Routine,2025-05-01 16:21,2025-05-01 16:39,2025-05-01 19:41
LAB734731,ENC114671,PT11079,PLT,Platelet Count,215,K/uL,150,400,N,Routine,2025-05-01 16:32,2025-05-01 16:41,2025-05-01 20:48
LAB734732,ENC114673,PT12542,TROP,"Troponin I, High Sensitivity",3,ng/L,0,34,N,STAT,2025-05-01 16:56,2025-05-01 17:13,2025-05-01 17:48
LAB734733,ENC114674,PT12280,GLU,Glucose,121,mg/dL,70,99,H,STAT,2025-05-01 18:43,2025-05-01 19:02,2025-05-01 19:58
LAB734734,ENC114674,PT12280,CREAT,Creatinine,0.52,mg/dL,0.6,1.3,L,Routine,2025-05-01 18:22,2025-05-01 18:46,2025-05-01 22:20
LAB734735,ENC114674,PT12280,WBC,White Blood Cell Count,6.7,K/uL,4.5,11,N,STAT,2025-05-01 18:10,2025-05-01 18:15,2025-05-01 19:10
LAB734736,ENC114674,PT12280,HGB,Hemoglobin,13.3,g/dL,12,17.5,N,Routine,2025-05-01 18:13,2025-05-01 18:17,2025-05-01 21:30
LAB734737,ENC114675,PT10914,GLU,Glucose,273,mg/dL,70,99,H,Routine,2025-05-01 23:44,2025-05-01 23:56,2025-05-02 02:35
LAB734738,ENC114675,PT10914,CREAT,Creatinine,0.87,mg/dL,0.6,1.3,N,STAT,2025-05-01 23:05,2025-05-01 23:31,2025-05-02 00:11
LAB734739,ENC114675,PT10914,WBC,White Blood Cell Count,8.7,K/uL,4.5,11,N,Routine,2025-05-01 22:57,2025-05-01 23:21,2025-05-02 02:50
LAB734740,ENC114675,PT10914,HGB,Hemoglobin,12.6,g/dL,12,17.5,N,STAT,2025-05-01 23:36,2025-05-01 23:49,2025-05-02 00:18
LAB734741,ENC114675,PT10914,NA,Sodium,139,mmol/L,136,145,N,STAT,2025-05-01 23:44,2025-05-01 23:48,2025-05-02 00:51
LAB734742,ENC114675,PT10914,K,Potassium,4.6,mmol/L,3.5,5.1,N,STAT,2025-05-01 23:23,2025-05-01 23:50,2025-05-02 00:18
LAB734743,ENC114675,PT10914,INR,Prothrombin Time INR,1.2,ratio,0.8,1.2,N,Routine,2025-05-01 23:32,2025-05-02 00:02,2025-05-02 01:02
LAB734744,ENC114677,PT13434,A1C,Hemoglobin A1c,9.2,%,4,5.6,H,Routine,2025-05-01 20:58,2025-05-01 21:23,2025-05-02 20:15
LAB734745,ENC114678,PT10802,GLU,Glucose,85,mg/dL,70,99,N,Routine,2025-05-02 01:17,2025-05-02 01:52,2025-05-02 04:42
LAB734746,ENC114678,PT10802,CREAT,Creatinine,1.07,mg/dL,0.6,1.3,N,Routine,2025-05-02 01:05,2025-05-02 01:35,2025-05-02 03:45
LAB734747,ENC114678,PT10802,WBC,White Blood Cell Count,13.9,K/uL,4.5,11,H,STAT,2025-05-02 00:25,2025-05-02 00:29,2025-05-02 02:03
LAB734748,ENC114678,PT10802,HGB,Hemoglobin,12.6,g/dL,12,17.5,N,STAT,2025-05-02 00:37,2025-05-02 00:52,2025-05-02 01:49
LAB734749,ENC114678,PT10802,NA,Sodium,141,mmol/L,136,145,N,STAT,2025-05-02 01:16,2025-05-02 01:49,2025-05-02 02:11
LAB734750,ENC114678,PT10802,K,Potassium,3.9,mmol/L,3.5,5.1,N,STAT,2025-05-02 01:13,2025-05-02 01:21,2025-05-02 02:38
LAB734751,ENC114679,PT13673,GLU,Glucose,109,mg/dL,70,99,H,Routine,2025-05-01 21:28,2025-05-01 21:46,2025-05-02 00:55
LAB734752,ENC114679,PT13673,CREAT,Creatinine,1.12,mg/dL,0.6,1.3,N,Routine,2025-05-01 21:57,2025-05-01 22:22,2025-05-02 00:41
LAB734753,ENC114679,PT13673,WBC,White Blood Cell Count,7.6,K/uL,4.5,11,N,STAT,2025-05-01 21:39,2025-05-01 22:08,2025-05-01 22:55
LAB734754,ENC114686,PT11778,LDL,LDL Cholesterol,122,mg/dL,0,99,H,Routine,2025-05-02 09:55,2025-05-02 10:22,2025-05-03 01:16
LAB734755,ENC114687,PT13673,GLU,Glucose,111,mg/dL,70,99,H,STAT,2025-05-02 10:18,2025-05-02 10:38,2025-05-02 11:16
LAB734756,ENC114687,PT13673,CREAT,Creatinine,0.99,mg/dL,0.6,1.3,N,Routine,2025-05-02 10:40,2025-05-02 10:57,2025-05-02 15:09
LAB734757,ENC114687,PT13673,WBC,White Blood Cell Count,6.1,K/uL,4.5,11,N,STAT,2025-05-02 11:10,2025-05-02 11:37,2025-05-02 12:07
LAB734758,ENC114687,PT13673,HGB,Hemoglobin,9.9,g/dL,12,17.5,L,STAT,2025-05-02 10:45,2025-05-02 11:17,2025-05-02 12:28
LAB734759,ENC114688,PT13090,GLU,Glucose,149,mg/dL,70,99,H,STAT,2025-05-02 15:11,2025-05-02 15:43,2025-05-02 17:11
LAB734760,ENC114688,PT13090,CREAT,Creatinine,1.44,mg/dL,0.6,1.3,H,Routine,2025-05-02 15:30,2025-05-02 15:53,2025-05-02 19:27
LAB734761,ENC114688,PT13090,WBC,White Blood Cell Count,9.8,K/uL,4.5,11,N,Routine,2025-05-02 15:18,2025-05-02 15:32,2025-05-02 19:04
LAB734762,ENC114688,PT13090,HGB,Hemoglobin,14.7,g/dL,12,17.5,N,Routine,2025-05-02 14:30,2025-05-02 15:01,2025-05-02 22:44
LAB734763,ENC114688,PT13090,NA,Sodium,141,mmol/L,136,145,N,Routine,2025-05-02 15:33,2025-05-02 15:46,2025-05-02 17:36
LAB734764,ENC114688,PT13090,K,Potassium,4.5,mmol/L,3.5,5.1,N,STAT,2025-05-02 14:28,2025-05-02 14:51,2025-05-02 15:33
LAB734765,ENC114688,PT13090,TROP,"Troponin I, High Sensitivity",0,ng/L,0,34,N,STAT,2025-05-02 15:00,2025-05-02 15:23,2025-05-02 16:01
LAB734766,ENC114689,PT11658,A1C,Hemoglobin A1c,5.1,%,4,5.6,N,Routine,2025-05-02 10:50,2025-05-02 11:18,2025-05-02 19:37
LAB734767,ENC114689,PT11658,GLU,Glucose,130,mg/dL,70,99,H,Routine,2025-05-02 11:12,2025-05-02 11:34,2025-05-02 13:29
LAB734768,ENC114689,PT11658,CREAT,Creatinine,0.91,mg/dL,0.6,1.3,N,Routine,2025-05-02 10:58,2025-05-02 11:27,2025-05-02 14:33
LAB734769,ENC114690,PT12531,GLU,Glucose,392,mg/dL,70,99,H,Routine,2025-05-02 17:08,2025-05-02 17:43,2025-05-02 20:16
LAB734770,ENC114690,PT12531,CREAT,Creatinine,0.99,mg/dL,0.6,1.3,N,STAT,2025-05-02 16:45,2025-05-02 17:07,2025-05-02 18:46
LAB734771,ENC114690,PT12531,WBC,White Blood Cell Count,5.1,K/uL,4.5,11,N,Routine,2025-05-02 16:47,2025-05-02 17:08,2025-05-02 20:52
LAB734772,ENC114690,PT12531,HGB,Hemoglobin,13.2,g/dL,12,17.5,N,STAT,2025-05-02 17:11,2025-05-02 17:45,2025-05-02 18:19
LAB734773,ENC114690,PT12531,NA,Sodium,138,mmol/L,136,145,N,STAT,2025-05-02 17:02,2025-05-02 17:17,2025-05-02 17:54
LAB734774,ENC114690,PT12531,K,Potassium,4.3,mmol/L,3.5,5.1,N,STAT,2025-05-02 17:08,2025-05-02 17:27,2025-05-02 19:08
LAB734775,ENC114690,PT12531,A1C,Hemoglobin A1c,10,%,4,5.6,H,Routine,2025-05-02 16:33,2025-05-02 16:46,2025-05-03 00:15
LAB734776,ENC114691,PT13465,WBC,White Blood Cell Count,7.6,K/uL,4.5,11,N,Routine,2025-05-02 11:27,2025-05-02 11:43,2025-05-02 15:13
LAB734777,ENC114691,PT13465,HGB,Hemoglobin,9.2,g/dL,12,17.5,L,Routine,2025-05-02 11:35,2025-05-02 11:39,2025-05-02 14:42
LAB734778,ENC114691,PT13465,PLT,Platelet Count,184,K/uL,150,400,N,Routine,2025-05-02 11:41,2025-05-02 11:45,2025-05-02 14:24
LAB734779,ENC114692,PT11500,GLU,Glucose,107,mg/dL,70,99,H,Routine,2025-05-02 15:53,2025-05-02 16:26,2025-05-02 19:14
LAB734780,ENC114692,PT11500,CREAT,Creatinine,1.44,mg/dL,0.6,1.3,H,STAT,2025-05-02 15:12,2025-05-02 15:47,2025-05-02 16:49
LAB734781,ENC114692,PT11500,WBC,White Blood Cell Count,12.2,K/uL,4.5,11,H,STAT,2025-05-02 15:34,2025-05-02 16:04,2025-05-02 16:45
LAB734782,ENC114692,PT11500,HGB,Hemoglobin,12.5,g/dL,12,17.5,N,Routine,2025-05-02 15:36,2025-05-02 15:55,2025-05-02 19:34
LAB734783,ENC114692,PT11500,NA,Sodium,139,mmol/L,136,145,N,STAT,2025-05-02 15:23,2025-05-02 15:37,2025-05-02 17:02
LAB734784,ENC114692,PT11500,K,Potassium,4.6,mmol/L,3.5,5.1,N,STAT,2025-05-02 15:05,2025-05-02 15:11,2025-05-02 15:39
LAB734785,ENC114694,PT10843,A1C,Hemoglobin A1c,5.2,%,4,5.6,N,Routine,2025-05-02 11:51,2025-05-02 12:09,2025-05-03 04:45
LAB734786,ENC114696,PT10127,GLU,Glucose,63,mg/dL,70,99,L,Routine,2025-05-02 12:48,2025-05-02 13:11,2025-05-02 14:35
LAB734787,ENC114696,PT10127,CREAT,Creatinine,1.09,mg/dL,0.6,1.3,N,Routine,2025-05-02 12:33,2025-05-02 12:51,2025-05-02 17:07
LAB734788,ENC114696,PT10127,WBC,White Blood Cell Count,6.7,K/uL,4.5,11,N,STAT,2025-05-02 12:33,2025-05-02 12:47,2025-05-02 13:35
LAB734789,ENC114696,PT10127,HGB,Hemoglobin,14.7,g/dL,12,17.5,N,Routine,2025-05-02 12:22,2025-05-02 12:37,2025-05-02 13:42
LAB734790,ENC114698,PT10388,GLU,Glucose,107,mg/dL,70,99,H,STAT,2025-05-02 15:18,2025-05-02 15:50,2025-05-02 16:38
LAB734791,ENC114698,PT10388,CREAT,Creatinine,0.97,mg/dL,0.6,1.3,N,Routine,2025-05-02 15:08,2025-05-02 15:28,2025-05-02 18:09
LAB734792,ENC114698,PT10388,WBC,White Blood Cell Count,8.8,K/uL,4.5,11,N,STAT,2025-05-02 15:05,2025-05-02 15:14,2025-05-02 15:40
LAB734793,ENC114698,PT10388,HGB,Hemoglobin,14.5,g/dL,12,17.5,N,STAT,2025-05-02 15:43,2025-05-02 16:14,2025-05-02 16:54
LAB734794,ENC114698,PT10388,LACT,Lactate,1,mmol/L,0.5,2,N,STAT,2025-05-02 14:50,2025-05-02 15:18,2025-05-02 16:30
LAB734795,ENC114701,PT10842,GLU,Glucose,92,mg/dL,70,99,N,STAT,2025-05-02 13:51,2025-05-02 14:19,2025-05-02 15:15
LAB734796,ENC114701,PT10842,CREAT,Creatinine,1.66,mg/dL,0.6,1.3,H,STAT,2025-05-02 13:19,2025-05-02 13:44,2025-05-02 14:07
LAB734797,ENC114701,PT10842,WBC,White Blood Cell Count,7.3,K/uL,4.5,11,N,Routine,2025-05-02 13:24,2025-05-02 13:44,2025-05-02 15:51
LAB734798,ENC114701,PT10842,HGB,Hemoglobin,13.2,g/dL,12,17.5,N,STAT,2025-05-02 13:11,2025-05-02 13:25,2025-05-02 14:11
LAB734799,ENC114701,PT10842,TROP,"Troponin I, High Sensitivity",8,ng/L,0,34,N,STAT,2025-05-02 13:45,2025-05-02 13:59,2025-05-02 15:03
LAB734800,ENC114704,PT10600,GLU,Glucose,96,mg/dL,70,99,N,STAT,2025-05-02 17:22,2025-05-02 17:46,2025-05-02 18:41
LAB734801,ENC114704,PT10600,CREAT,Creatinine,0.57,mg/dL,0.6,1.3,L,Routine,2025-05-02 17:48,2025-05-02 18:20,2025-05-02 21:27
LAB734802,ENC114704,PT10600,WBC,White Blood Cell Count,7.6,K/uL,4.5,11,N,STAT,2025-05-02 17:43,2025-05-02 17:55,2025-05-02 18:33
LAB734803,ENC114704,PT10600,HGB,Hemoglobin,11.3,g/dL,12,17.5,L,Routine,2025-05-02 17:40,2025-05-02 17:48,2025-05-02 20:10
LAB734804,ENC114704,PT10600,NA,Sodium,128,mmol/L,136,145,L,Routine,2025-05-02 18:00,2025-05-02 18:33,2025-05-02 20:18
LAB734805,ENC114704,PT10600,K,Potassium,3.7,mmol/L,3.5,5.1,N,STAT,2025-05-02 17:46,2025-05-02 17:50,2025-05-02 18:52
LAB734806,ENC114705,PT10683,GLU,Glucose,267,mg/dL,70,99,H,STAT,2025-05-02 13:54,2025-05-02 14:26,2025-05-02 14:58
LAB734807,ENC114705,PT10683,CREAT,Creatinine,1.13,mg/dL,0.6,1.3,N,Routine,2025-05-02 14:37,2025-05-02 14:54,2025-05-02 16:26
LAB734808,ENC114705,PT10683,WBC,White Blood Cell Count,7,K/uL,4.5,11,N,STAT,2025-05-02 14:12,2025-05-02 14:41,2025-05-02 15:13
LAB734809,ENC114705,PT10683,HGB,Hemoglobin,16.2,g/dL,12,17.5,N,Routine,2025-05-02 13:46,2025-05-02 14:01,2025-05-02 16:58
LAB734810,ENC114706,PT10912,GLU,Glucose,164,mg/dL,70,99,H,STAT,2025-05-02 14:52,2025-05-02 15:09,2025-05-02 15:41
LAB734811,ENC114706,PT10912,CREAT,Creatinine,1.36,mg/dL,0.6,1.3,H,Routine,2025-05-02 14:51,2025-05-02 15:08,2025-05-02 16:47
LAB734812,ENC114706,PT10912,WBC,White Blood Cell Count,11.9,K/uL,4.5,11,H,STAT,2025-05-02 15:10,2025-05-02 15:43,2025-05-02 16:42
LAB734813,ENC114706,PT10912,HGB,Hemoglobin,13,g/dL,12,17.5,N,Routine,2025-05-02 14:31,2025-05-02 14:47,2025-05-02 18:45
LAB734814,ENC114706,PT10912,BUN,Blood Urea Nitrogen,17,mg/dL,7,20,N,STAT,2025-05-02 14:45,2025-05-02 15:20,2025-05-02 16:10
LAB734815,ENC114706,PT10912,PLT,Platelet Count,242,K/uL,150,400,N,STAT,2025-05-02 15:04,2025-05-02 15:16,2025-05-02 15:50
LAB734816,ENC114706,PT10912,LACT,Lactate,2.7,mmol/L,0.5,2,H,STAT,2025-05-02 15:04,2025-05-02 15:33,2025-05-02 16:28
LAB734817,ENC114707,PT12726,GLU,Glucose,119,mg/dL,70,99,H,Routine,2025-05-02 18:02,2025-05-02 18:23,2025-05-02 21:12
LAB734818,ENC114707,PT12726,CREAT,Creatinine,0.72,mg/dL,0.6,1.3,N,STAT,2025-05-02 18:41,2025-05-02 18:49,2025-05-02 20:01
LAB734819,ENC114707,PT12726,WBC,White Blood Cell Count,4.2,K/uL,4.5,11,L,Routine,2025-05-02 18:37,2025-05-02 18:47,2025-05-02 21:47
LAB734820,ENC114707,PT12726,HGB,Hemoglobin,12.6,g/dL,12,17.5,N,STAT,2025-05-02 17:50,2025-05-02 18:14,2025-05-02 19:05
LAB734821,ENC114707,PT12726,NA,Sodium,140,mmol/L,136,145,N,Routine,2025-05-02 18:32,2025-05-02 19:06,2025-05-02 20:48
LAB734822,ENC114707,PT12726,K,Potassium,4,mmol/L,3.5,5.1,N,STAT,2025-05-02 18:27,2025-05-02 18:31,2025-05-02 19:11
LAB734823,ENC114707,PT12726,TROP,"Troponin I, High Sensitivity",852,ng/L,0,34,H,STAT,2025-05-02 18:27,2025-05-02 18:36,2025-05-02 19:24
LAB734824,ENC114708,PT11833,GLU,Glucose,131,mg/dL,70,99,H,STAT,2025-05-02 18:40,2025-05-02 19:14,2025-05-02 19:45
LAB734825,ENC114708,PT11833,CREAT,Creatinine,0.95,mg/dL,0.6,1.3,N,STAT,2025-05-02 19:18,2025-05-02 19:34,2025-05-02 19:57
LAB734826,ENC114708,PT11833,WBC,White Blood Cell Count,6.9,K/uL,4.5,11,N,STAT,2025-05-02 19:18,2025-05-02 19:32,2025-05-02 20:17
LAB734827,ENC114708,PT11833,HGB,Hemoglobin,15.8,g/dL,12,17.5,N,STAT,2025-05-02 18:43,2025-05-02 19:17,2025-05-02 20:21
LAB734828,ENC114709,PT13033,GLU,Glucose,79,mg/dL,70,99,N,STAT,2025-05-02 17:56,2025-05-02 18:31,2025-05-02 19:16
LAB734829,ENC114709,PT13033,CREAT,Creatinine,0.8,mg/dL,0.6,1.3,N,STAT,2025-05-02 17:55,2025-05-02 17:59,2025-05-02 18:38
LAB734830,ENC114709,PT13033,WBC,White Blood Cell Count,3.8,K/uL,4.5,11,L,Routine,2025-05-02 18:16,2025-05-02 18:39,2025-05-02 22:06
LAB734831,ENC114709,PT13033,HGB,Hemoglobin,13.9,g/dL,12,17.5,N,Routine,2025-05-02 17:55,2025-05-02 18:05,2025-05-02 20:43
LAB734832,ENC114709,PT13033,INR,Prothrombin Time INR,2.4,ratio,0.8,1.2,H,STAT,2025-05-02 18:14,2025-05-02 18:23,2025-05-02 19:18
LAB734833,ENC114710,PT10172,GLU,Glucose,137,mg/dL,70,99,H,Routine,2025-05-02 17:43,2025-05-02 18:08,2025-05-02 20:31
LAB734834,ENC114710,PT10172,CREAT,Creatinine,1.08,mg/dL,0.6,1.3,N,Routine,2025-05-02 18:10,2025-05-02 18:44,2025-05-02 19:59
LAB734835,ENC114710,PT10172,WBC,White Blood Cell Count,3.3,K/uL,4.5,11,L,Routine,2025-05-02 18:48,2025-05-02 18:53,2025-05-02 20:30
LAB734836,ENC114710,PT10172,HGB,Hemoglobin,13.5,g/dL,12,17.5,N,STAT,2025-05-02 18:11,2025-05-02 18:18,2025-05-02 18:48
LAB734837,ENC114710,PT10172,LACT,Lactate,4,mmol/L,0.5,2,H,STAT,2025-05-02 17:50,2025-05-02 17:55,2025-05-02 18:38
LAB734838,ENC114711,PT11776,A1C,Hemoglobin A1c,7.1,%,4,5.6,H,Routine,2025-05-02 15:50,2025-05-02 16:05,2025-05-03 18:55
LAB734839,ENC114712,PT10827,TROP,"Troponin I, High Sensitivity",10,ng/L,0,34,N,STAT,2025-05-02 16:46,2025-05-02 16:52,2025-05-02 17:23
LAB734840,ENC114713,PT11411,GLU,Glucose,91,mg/dL,70,99,N,STAT,2025-05-02 17:21,2025-05-02 17:35,2025-05-02 18:14
LAB734841,ENC114713,PT11411,CREAT,Creatinine,1.09,mg/dL,0.6,1.3,N,Routine,2025-05-02 17:32,2025-05-02 17:48,2025-05-02 20:58
LAB734842,ENC114713,PT11411,TROP,"Troponin I, High Sensitivity",6,ng/L,0,34,N,STAT,2025-05-02 16:54,2025-05-02 17:29,2025-05-02 17:53
LAB734843,ENC114715,PT12791,GLU,Glucose,114,mg/dL,70,99,H,STAT,2025-05-02 23:33,2025-05-02 23:58,2025-05-03 00:30
LAB734844,ENC114715,PT12791,CREAT,Creatinine,0.84,mg/dL,0.6,1.3,N,STAT,2025-05-02 23:12,2025-05-02 23:34,2025-05-03 00:19
LAB734845,ENC114715,PT12791,WBC,White Blood Cell Count,6.6,K/uL,4.5,11,N,Routine,2025-05-02 23:51,2025-05-03 00:00,2025-05-03 03:45
LAB734846,ENC114715,PT12791,HGB,Hemoglobin,12.9,g/dL,12,17.5,N,Routine,2025-05-02 23:07,2025-05-02 23:23,2025-05-03 02:38
LAB734847,ENC114715,PT12791,NA,Sodium,140,mmol/L,136,145,N,STAT,2025-05-02 23:50,2025-05-03 00:01,2025-05-03 00:52
LAB734848,ENC114715,PT12791,K,Potassium,3.7,mmol/L,3.5,5.1,N,STAT,2025-05-02 23:50,2025-05-03 00:05,2025-05-03 01:01
LAB734849,ENC114715,PT12791,TROP,"Troponin I, High Sensitivity",478,ng/L,0,34,H,STAT,2025-05-02 23:17,2025-05-02 23:29,2025-05-03 00:18
LAB734850,ENC114716,PT13692,GLU,Glucose,83,mg/dL,70,99,N,STAT,2025-05-02 20:45,2025-05-02 21:05,2025-05-02 21:47
LAB734851,ENC114716,PT13692,CREAT,Creatinine,1.19,mg/dL,0.6,1.3,N,STAT,2025-05-02 21:07,2025-05-02 21:26,2025-05-02 23:08
LAB734852,ENC114716,PT13692,WBC,White Blood Cell Count,9.6,K/uL,4.5,11,N,Routine,2025-05-02 20:30,2025-05-02 21:00,2025-05-02 22:40
LAB734853,ENC114717,PT12660,GLU,Glucose,100,mg/dL,70,99,H,STAT,2025-05-03 01:20,2025-05-03 01:54,2025-05-03 02:13
LAB734854,ENC114717,PT12660,CREAT,Creatinine,0.73,mg/dL,0.6,1.3,N,STAT,2025-05-03 01:17,2025-05-03 01:38,2025-05-03 02:41
LAB734855,ENC114717,PT12660,WBC,White Blood Cell Count,7.5,K/uL,4.5,11,N,STAT,2025-05-03 00:42,2025-05-03 00:50,2025-05-03 01:42
LAB734856,ENC114717,PT12660,HGB,Hemoglobin,13.5,g/dL,12,17.5,N,STAT,2025-05-03 01:13,2025-05-03 01:34,2025-05-03 02:25
LAB734857,ENC114717,PT12660,NA,Sodium,138,mmol/L,136,145,N,STAT,2025-05-03 01:11,2025-05-03 01:36,2025-05-03 02:27
LAB734858,ENC114717,PT12660,K,Potassium,4.3,mmol/L,3.5,5.1,N,STAT,2025-05-03 00:50,2025-05-03 00:54,2025-05-03 01:35
LAB734859,ENC114718,PT10754,GLU,Glucose,114,mg/dL,70,99,H,Routine,2025-05-03 03:10,2025-05-03 03:29,2025-05-03 06:27
LAB734860,ENC114718,PT10754,CREAT,Creatinine,0.42,mg/dL,0.6,1.3,L,Routine,2025-05-03 03:05,2025-05-03 03:35,2025-05-03 05:53
LAB734861,ENC114718,PT10754,WBC,White Blood Cell Count,7,K/uL,4.5,11,N,STAT,2025-05-03 03:26,2025-05-03 03:35,2025-05-03 04:14
LAB734862,ENC114718,PT10754,HGB,Hemoglobin,13.5,g/dL,12,17.5,N,Routine,2025-05-03 03:52,2025-05-03 04:23,2025-05-03 05:15
LAB734863,ENC114719,PT10734,GLU,Glucose,97,mg/dL,70,99,N,STAT,2025-05-03 11:54,2025-05-03 12:08,2025-05-03 12:26
LAB734864,ENC114719,PT10734,CREAT,Creatinine,0.93,mg/dL,0.6,1.3,N,STAT,2025-05-03 12:07,2025-05-03 12:11,2025-05-03 13:02
LAB734865,ENC114719,PT10734,TROP,"Troponin I, High Sensitivity",6,ng/L,0,34,N,STAT,2025-05-03 11:39,2025-05-03 11:43,2025-05-03 12:32
LAB734866,ENC114720,PT12524,GLU,Glucose,76,mg/dL,70,99,N,STAT,2025-05-03 11:44,2025-05-03 12:18,2025-05-03 12:53
LAB734867,ENC114720,PT12524,CREAT,Creatinine,0.63,mg/dL,0.6,1.3,N,Routine,2025-05-03 12:07,2025-05-03 12:37,2025-05-03 15:33
LAB734868,ENC114720,PT12524,WBC,White Blood Cell Count,21.6,K/uL,4.5,11,H,STAT,2025-05-03 11:44,2025-05-03 12:08,2025-05-03 13:02
LAB734869,ENC114720,PT12524,HGB,Hemoglobin,14.7,g/dL,12,17.5,N,STAT,2025-05-03 12:36,2025-05-03 13:08,2025-05-03 13:49
LAB734870,ENC114721,PT11779,GLU,Glucose,119,mg/dL,70,99,H,Routine,2025-05-03 14:32,2025-05-03 15:06,2025-05-03 16:38
LAB734871,ENC114721,PT11779,CREAT,Creatinine,0.66,mg/dL,0.6,1.3,N,STAT,2025-05-03 13:39,2025-05-03 13:57,2025-05-03 14:36
LAB734872,ENC114721,PT11779,WBC,White Blood Cell Count,6.8,K/uL,4.5,11,N,Routine,2025-05-03 14:34,2025-05-03 14:56,2025-05-03 17:44
LAB734873,ENC114721,PT11779,HGB,Hemoglobin,16.2,g/dL,12,17.5,N,STAT,2025-05-03 14:29,2025-05-03 14:47,2025-05-03 15:45
LAB734874,ENC114721,PT11779,NA,Sodium,137,mmol/L,136,145,N,STAT,2025-05-03 14:19,2025-05-03 14:28,2025-05-03 15:06
LAB734875,ENC114721,PT11779,K,Potassium,4.1,mmol/L,3.5,5.1,N,STAT,2025-05-03 13:37,2025-05-03 14:00,2025-05-03 14:41
LAB734876,ENC114723,PT10036,GLU,Glucose,102,mg/dL,70,99,H,Routine,2025-05-03 17:11,2025-05-03 17:30,2025-05-03 20:16
LAB734877,ENC114723,PT10036,CREAT,Creatinine,1.4,mg/dL,0.6,1.3,H,STAT,2025-05-03 16:43,2025-05-03 17:00,2025-05-03 17:51
LAB734878,ENC114723,PT10036,WBC,White Blood Cell Count,4,K/uL,4.5,11,L,Routine,2025-05-03 17:10,2025-05-03 17:40,2025-05-04 01:23
LAB734879,ENC114723,PT10036,HGB,Hemoglobin,13.8,g/dL,12,17.5,N,Routine,2025-05-03 17:23,2025-05-03 17:58,2025-05-03 20:57
LAB734880,ENC114724,PT10743,GLU,Glucose,98,mg/dL,70,99,N,STAT,2025-05-03 17:50,2025-05-03 18:00,2025-05-03 19:01
LAB734881,ENC114724,PT10743,CREAT,Creatinine,0.56,mg/dL,0.6,1.3,L,Routine,2025-05-03 17:12,2025-05-03 17:45,2025-05-03 20:22
LAB734882,ENC114724,PT10743,WBC,White Blood Cell Count,7.5,K/uL,4.5,11,N,STAT,2025-05-03 17:02,2025-05-03 17:10,2025-05-03 18:42
LAB734883,ENC114724,PT10743,HGB,Hemoglobin,11.2,g/dL,12,17.5,L,STAT,2025-05-03 17:07,2025-05-03 17:30,2025-05-03 18:35
LAB734884,ENC114727,PT13199,GLU,Glucose,107,mg/dL,70,99,H,Routine,2025-05-03 23:58,2025-05-04 00:26,2025-05-04 02:28
LAB734885,ENC114727,PT13199,CREAT,Creatinine,0.89,mg/dL,0.6,1.3,N,Routine,2025-05-04 00:01,2025-05-04 00:10,2025-05-04 02:57
LAB734886,ENC114727,PT13199,WBC,White Blood Cell Count,5.6,K/uL,4.5,11,N,STAT,2025-05-03 23:33,2025-05-03 23:56,2025-05-04 00:28
LAB734887,ENC114727,PT13199,HGB,Hemoglobin,14.4,g/dL,12,17.5,N,STAT,2025-05-03 23:34,2025-05-03 23:56,2025-05-04 00:26
LAB734888,ENC114727,PT13199,NA,Sodium,141,mmol/L,136,145,N,STAT,2025-05-04 00:11,2025-05-04 00:44,2025-05-04 02:16
LAB734889,ENC114727,PT13199,K,Potassium,4.5,mmol/L,3.5,5.1,N,STAT,2025-05-03 23:54,2025-05-04 00:25,2025-05-04 01:06
LAB734890,ENC114729,PT10894,GLU,Glucose,94,mg/dL,70,99,N,Routine,2025-05-04 00:12,2025-05-04 00:29,2025-05-04 02:01
LAB734891,ENC114729,PT10894,CREAT,Creatinine,0.8,mg/dL,0.6,1.3,N,STAT,2025-05-03 23:21,2025-05-03 23:36,2025-05-04 00:25
LAB734892,ENC114729,PT10894,WBC,White Blood Cell Count,5,K/uL,4.5,11,N,STAT,2025-05-03 23:44,2025-05-04 00:19,2025-05-04 01:04
LAB734893,ENC114729,PT10894,HGB,Hemoglobin,16.9,g/dL,12,17.5,N,Routine,2025-05-04 00:19,2025-05-04 00:30,2025-05-04 06:27
LAB734894,ENC114729,PT10894,INR,Prothrombin Time INR,1.1,ratio,0.8,1.2,N,Routine,2025-05-04 00:00,2025-05-04 00:16,2025-05-04 03:37
LAB734895,ENC114731,PT12021,GLU,Glucose,87,mg/dL,70,99,N,STAT,2025-05-04 02:55,2025-05-04 03:06,2025-05-04 03:33
LAB734896,ENC114731,PT12021,CREAT,Creatinine,0.35,mg/dL,0.6,1.3,L,STAT,2025-05-04 03:42,2025-05-04 04:04,2025-05-04 04:52
LAB734897,ENC114731,PT12021,WBC,White Blood Cell Count,20.5,K/uL,4.5,11,H,STAT,2025-05-04 03:36,2025-05-04 03:43,2025-05-04 04:17
LAB734898,ENC114731,PT12021,HGB,Hemoglobin,13.9,g/dL,12,17.5,N,Routine,2025-05-04 03:18,2025-05-04 03:29,2025-05-04 06:06
LAB734899,ENC114731,PT12021,BUN,Blood Urea Nitrogen,12,mg/dL,7,20,N,Routine,2025-05-04 03:22,2025-05-04 03:47,2025-05-04 06:49
LAB734900,ENC114731,PT12021,PLT,Platelet Count,236,K/uL,150,400,N,STAT,2025-05-04 02:40,2025-05-04 02:58,2025-05-04 03:38
LAB734901,ENC114733,PT10486,GLU,Glucose,96,mg/dL,70,99,N,STAT,2025-05-04 11:27,2025-05-04 11:45,2025-05-04 12:38
LAB734902,ENC114733,PT10486,CREAT,Creatinine,0.71,mg/dL,0.6,1.3,N,Routine,2025-05-04 12:23,2025-05-04 12:43,2025-05-04 15:44
LAB734903,ENC114733,PT10486,WBC,White Blood Cell Count,8.4,K/uL,4.5,11,N,STAT,2025-05-04 11:57,2025-05-04 12:06,2025-05-04 12:41
LAB734904,ENC114733,PT10486,HGB,Hemoglobin,13.4,g/dL,12,17.5,N,Routine,2025-05-04 11:46,2025-05-04 12:16,2025-05-04 15:24
LAB734905,ENC114733,PT10486,NA,Sodium,140,mmol/L,136,145,N,STAT,2025-05-04 12:05,2025-05-04 12:32,2025-05-04 13:33
LAB734906,ENC114733,PT10486,K,Potassium,5,mmol/L,3.5,5.1,N,STAT,2025-05-04 11:39,2025-05-04 12:12,2025-05-04 12:47
LAB734907,ENC114733,PT10486,BUN,Blood Urea Nitrogen,14,mg/dL,7,20,N,Routine,2025-05-04 11:35,2025-05-04 11:44,2025-05-04 13:18
LAB734908,ENC114733,PT10486,PLT,Platelet Count,243,K/uL,150,400,N,Routine,2025-05-04 12:16,2025-05-04 12:42,2025-05-04 13:50
LAB734909,ENC114733,PT10486,TROP,"Troponin I, High Sensitivity",4,ng/L,0,34,N,STAT,2025-05-04 11:40,2025-05-04 12:13,2025-05-04 13:10
LAB734910,ENC114736,PT10696,GLU,Glucose,79,mg/dL,70,99,N,Routine,2025-05-04 12:48,2025-05-04 13:13,2025-05-04 16:33
LAB734911,ENC114736,PT10696,CREAT,Creatinine,0.88,mg/dL,0.6,1.3,N,STAT,2025-05-04 12:39,2025-05-04 12:58,2025-05-04 13:50
LAB734912,ENC114737,PT12441,GLU,Glucose,87,mg/dL,70,99,N,Routine,2025-05-04 13:15,2025-05-04 13:44,2025-05-04 14:38
LAB734913,ENC114737,PT12441,CREAT,Creatinine,1.1,mg/dL,0.6,1.3,N,Routine,2025-05-04 13:51,2025-05-04 14:15,2025-05-04 18:16
LAB734914,ENC114737,PT12441,WBC,White Blood Cell Count,8.4,K/uL,4.5,11,N,STAT,2025-05-04 13:01,2025-05-04 13:05,2025-05-04 14:33
LAB734915,ENC114737,PT12441,HGB,Hemoglobin,15,g/dL,12,17.5,N,Routine,2025-05-04 13:56,2025-05-04 14:11,2025-05-04 15:57
LAB734916,ENC114738,PT10435,GLU,Glucose,172,mg/dL,70,99,H,STAT,2025-05-04 13:29,2025-05-04 13:57,2025-05-04 15:20
LAB734917,ENC114738,PT10435,CREAT,Creatinine,1.1,mg/dL,0.6,1.3,N,Routine,2025-05-04 13:58,2025-05-04 14:30,2025-05-04 16:11
LAB734918,ENC114738,PT10435,WBC,White Blood Cell Count,6.1,K/uL,4.5,11,N,STAT,2025-05-04 14:01,2025-05-04 14:35,2025-05-04 15:27
LAB734919,ENC114738,PT10435,TROP,"Troponin I, High Sensitivity",9,ng/L,0,34,N,STAT,2025-05-04 13:52,2025-05-04 14:11,2025-05-04 14:41
LAB734920,ENC114739,PT11498,GLU,Glucose,95,mg/dL,70,99,N,STAT,2025-05-04 17:12,2025-05-04 17:31,2025-05-04 18:05
LAB734921,ENC114739,PT11498,CREAT,Creatinine,0.63,mg/dL,0.6,1.3,N,STAT,2025-05-04 17:27,2025-05-04 17:49,2025-05-04 18:41
LAB734922,ENC114739,PT11498,WBC,White Blood Cell Count,10,K/uL,4.5,11,N,STAT,2025-05-04 17:36,2025-05-04 18:04,2025-05-04 18:50
LAB734923,ENC114739,PT11498,HGB,Hemoglobin,15.6,g/dL,12,17.5,N,STAT,2025-05-04 17:03,2025-05-04 17:37,2025-05-04 18:10
LAB734924,ENC114740,PT13887,GLU,Glucose,118,mg/dL,70,99,H,STAT,2025-05-04 14:33,2025-05-04 14:37,2025-05-04 15:07
LAB734925,ENC114740,PT13887,CREAT,Creatinine,0.46,mg/dL,0.6,1.3,L,Routine,2025-05-04 14:50,2025-05-04 15:21,2025-05-04 18:19
LAB734926,ENC114741,PT13050,GLU,Glucose,98,mg/dL,70,99,N,Routine,2025-05-04 15:17,2025-05-04 15:40,2025-05-04 19:12
LAB734927,ENC114741,PT13050,CREAT,Creatinine,1.41,mg/dL,0.6,1.3,H,Routine,2025-05-04 14:31,2025-05-04 14:40,2025-05-04 18:11
LAB734928,ENC114741,PT13050,WBC,White Blood Cell Count,8.1,K/uL,4.5,11,N,Routine,2025-05-04 14:28,2025-05-04 14:37,2025-05-04 18:03
LAB734929,ENC114742,PT11487,GLU,Glucose,81,mg/dL,70,99,N,STAT,2025-05-04 20:19,2025-05-04 20:36,2025-05-04 21:35
LAB734930,ENC114742,PT11487,CREAT,Creatinine,1.1,mg/dL,0.6,1.3,N,STAT,2025-05-04 20:49,2025-05-04 20:58,2025-05-04 21:41
LAB734931,ENC114742,PT11487,WBC,White Blood Cell Count,8.3,K/uL,4.5,11,N,STAT,2025-05-04 20:51,2025-05-04 20:58,2025-05-04 21:22
LAB734932,ENC114742,PT11487,HGB,Hemoglobin,15.1,g/dL,12,17.5,N,Routine,2025-05-04 20:22,2025-05-04 20:42,2025-05-04 23:28
LAB734933,ENC114743,PT12526,GLU,Glucose,155,mg/dL,70,99,H,Routine,2025-05-04 16:10,2025-05-04 16:37,2025-05-04 19:23
LAB734934,ENC114743,PT12526,CREAT,Creatinine,0.8,mg/dL,0.6,1.3,N,Routine,2025-05-04 16:10,2025-05-04 16:27,2025-05-04 19:16
LAB734935,ENC114743,PT12526,WBC,White Blood Cell Count,11.7,K/uL,4.5,11,H,STAT,2025-05-04 15:58,2025-05-04 16:33,2025-05-04 17:42
LAB734936,ENC114743,PT12526,HGB,Hemoglobin,10.4,g/dL,12,17.5,L,STAT,2025-05-04 16:45,2025-05-04 17:08,2025-05-04 17:43
LAB734937,ENC114744,PT12130,GLU,Glucose,66,mg/dL,70,99,L,STAT,2025-05-04 16:48,2025-05-04 16:53,2025-05-04 17:54
LAB734938,ENC114744,PT12130,CREAT,Creatinine,0.84,mg/dL,0.6,1.3,N,STAT,2025-05-04 16:50,2025-05-04 17:24,2025-05-04 17:43
LAB734939,ENC114745,PT11188,GLU,Glucose,96,mg/dL,70,99,N,Routine,2025-05-04 21:03,2025-05-04 21:29,2025-05-05 00:11
LAB734940,ENC114745,PT11188,CREAT,Creatinine,1.22,mg/dL,0.6,1.3,N,STAT,2025-05-04 21:27,2025-05-04 21:57,2025-05-04 22:42
LAB734941,ENC114745,PT11188,WBC,White Blood Cell Count,11.7,K/uL,4.5,11,H,STAT,2025-05-04 21:06,2025-05-04 21:25,2025-05-04 23:00
LAB734942,ENC114745,PT11188,HGB,Hemoglobin,15,g/dL,12,17.5,N,Routine,2025-05-04 20:44,2025-05-04 21:02,2025-05-05 02:25
LAB734943,ENC114746,PT10055,GLU,Glucose,85,mg/dL,70,99,N,STAT,2025-05-04 16:54,2025-05-04 17:20,2025-05-04 17:47
LAB734944,ENC114746,PT10055,CREAT,Creatinine,1.05,mg/dL,0.6,1.3,N,STAT,2025-05-04 17:41,2025-05-04 18:02,2025-05-04 19:02
LAB734945,ENC114746,PT10055,WBC,White Blood Cell Count,8.2,K/uL,4.5,11,N,STAT,2025-05-04 17:31,2025-05-04 17:48,2025-05-04 18:28
LAB734946,ENC114746,PT10055,HGB,Hemoglobin,13.3,g/dL,12,17.5,N,Routine,2025-05-04 17:21,2025-05-04 17:26,2025-05-04 20:14
LAB734947,ENC114747,PT10171,GLU,Glucose,96,mg/dL,70,99,N,STAT,2025-05-04 22:14,2025-05-04 22:41,2025-05-04 23:20
LAB734948,ENC114747,PT10171,CREAT,Creatinine,1,mg/dL,0.6,1.3,N,STAT,2025-05-04 22:28,2025-05-04 22:34,2025-05-04 23:16
LAB734949,ENC114747,PT10171,WBC,White Blood Cell Count,16,K/uL,4.5,11,H,STAT,2025-05-04 21:57,2025-05-04 22:01,2025-05-04 22:55
LAB734950,ENC114747,PT10171,HGB,Hemoglobin,15.9,g/dL,12,17.5,N,Routine,2025-05-04 22:38,2025-05-04 22:59,2025-05-05 01:12
LAB734951,ENC114747,PT10171,NA,Sodium,137,mmol/L,136,145,N,STAT,2025-05-04 22:24,2025-05-04 22:40,2025-05-04 23:21
LAB734952,ENC114747,PT10171,K,Potassium,3.8,mmol/L,3.5,5.1,N,STAT,2025-05-04 22:47,2025-05-04 22:59,2025-05-04 23:32
LAB734953,ENC114748,PT13078,GLU,Glucose,66,mg/dL,70,99,L,STAT,2025-05-04 22:27,2025-05-04 22:57,2025-05-05 00:00
LAB734954,ENC114748,PT13078,CREAT,Creatinine,0.89,mg/dL,0.6,1.3,N,STAT,2025-05-04 23:09,2025-05-04 23:31,2025-05-05 00:05
LAB734955,ENC114748,PT13078,WBC,White Blood Cell Count,8.4,K/uL,4.5,11,N,Routine,2025-05-04 23:24,2025-05-04 23:35,2025-05-05 03:17
LAB734956,ENC114748,PT13078,HGB,Hemoglobin,14.9,g/dL,12,17.5,N,STAT,2025-05-04 22:35,2025-05-04 23:09,2025-05-04 23:34
LAB734957,ENC114748,PT13078,NA,Sodium,141,mmol/L,136,145,N,STAT,2025-05-04 22:16,2025-05-04 22:30,2025-05-04 22:51
LAB734958,ENC114748,PT13078,K,Potassium,4.5,mmol/L,3.5,5.1,N,STAT,2025-05-04 22:33,2025-05-04 23:06,2025-05-04 23:41
LAB734959,ENC114750,PT12323,GLU,Glucose,118,mg/dL,70,99,H,Routine,2025-05-05 01:58,2025-05-05 02:29,2025-05-05 06:22
LAB734960,ENC114750,PT12323,CREAT,Creatinine,0.96,mg/dL,0.6,1.3,N,STAT,2025-05-05 02:14,2025-05-05 02:40,2025-05-05 03:27
LAB734961,ENC114751,PT13001,GLU,Glucose,128,mg/dL,70,99,H,Routine,2025-05-05 01:57,2025-05-05 02:04,2025-05-05 04:17
LAB734962,ENC114751,PT13001,CREAT,Creatinine,0.87,mg/dL,0.6,1.3,N,STAT,2025-05-05 02:06,2025-05-05 02:16,2025-05-05 03:24
LAB734963,ENC114751,PT13001,WBC,White Blood Cell Count,7.8,K/uL,4.5,11,N,STAT,2025-05-05 02:25,2025-05-05 02:53,2025-05-05 03:45
LAB734964,ENC114751,PT13001,HGB,Hemoglobin,12.7,g/dL,12,17.5,N,STAT,2025-05-05 01:38,2025-05-05 01:57,2025-05-05 02:40
LAB734965,ENC114752,PT13190,GLU,Glucose,94,mg/dL,70,99,N,STAT,2025-05-05 03:53,2025-05-05 04:27,2025-05-05 06:00
LAB734966,ENC114752,PT13190,CREAT,Creatinine,0.8,mg/dL,0.6,1.3,N,STAT,2025-05-05 04:47,2025-05-05 05:11,2025-05-05 06:33
LAB734967,ENC114752,PT13190,WBC,White Blood Cell Count,7.3,K/uL,4.5,11,N,STAT,2025-05-05 04:04,2025-05-05 04:27,2025-05-05 05:13
LAB734968,ENC114752,PT13190,HGB,Hemoglobin,13.8,g/dL,12,17.5,N,STAT,2025-05-05 03:46,2025-05-05 04:05,2025-05-05 04:45
LAB734969,ENC114755,PT12629,GLU,Glucose,116,mg/dL,70,99,H,STAT,2025-05-05 07:58,2025-05-05 08:15,2025-05-05 09:29
LAB734970,ENC114755,PT12629,CREAT,Creatinine,1.2,mg/dL,0.6,1.3,N,STAT,2025-05-05 08:29,2025-05-05 08:35,2025-05-05 09:35
LAB734971,ENC114755,PT12629,WBC,White Blood Cell Count,10,K/uL,4.5,11,N,STAT,2025-05-05 07:31,2025-05-05 07:52,2025-05-05 08:26
LAB734972,ENC114755,PT12629,HGB,Hemoglobin,12.5,g/dL,12,17.5,N,STAT,2025-05-05 08:08,2025-05-05 08:12,2025-05-05 08:59
LAB734973,ENC114755,PT12629,BUN,Blood Urea Nitrogen,25,mg/dL,7,20,H,Routine,2025-05-05 07:56,2025-05-05 08:01,2025-05-05 11:09
LAB734974,ENC114755,PT12629,PLT,Platelet Count,243,K/uL,150,400,N,Routine,2025-05-05 07:39,2025-05-05 08:08,2025-05-05 18:53
LAB734975,ENC114756,PT10744,GLU,Glucose,89,mg/dL,70,99,N,STAT,2025-05-05 07:51,2025-05-05 08:23,2025-05-05 08:56
LAB734976,ENC114756,PT10744,CREAT,Creatinine,1.03,mg/dL,0.6,1.3,N,STAT,2025-05-05 07:11,2025-05-05 07:44,2025-05-05 08:01
LAB734977,ENC114756,PT10744,WBC,White Blood Cell Count,8.4,K/uL,4.5,11,N,Routine,2025-05-05 07:38,2025-05-05 08:12,2025-05-05 11:11
LAB734978,ENC114756,PT10744,HGB,Hemoglobin,14.7,g/dL,12,17.5,N,STAT,2025-05-05 07:10,2025-05-05 07:36,2025-05-05 08:24
LAB734979,ENC114757,PT10563,GLU,Glucose,124,mg/dL,70,99,H,STAT,2025-05-05 12:03,2025-05-05 12:20,2025-05-05 13:10
LAB734980,ENC114757,PT10563,CREAT,Creatinine,1.98,mg/dL,0.6,1.3,H,STAT,2025-05-05 11:25,2025-05-05 11:33,2025-05-05 12:11
LAB734981,ENC114757,PT10563,WBC,White Blood Cell Count,14.3,K/uL,4.5,11,H,STAT,2025-05-05 11:44,2025-05-05 11:53,2025-05-05 12:39
LAB734982,ENC114757,PT10563,HGB,Hemoglobin,16.2,g/dL,12,17.5,N,STAT,2025-05-05 11:25,2025-05-05 11:40,2025-05-05 12:15
LAB734983,ENC114757,PT10563,LACT,Lactate,3.6,mmol/L,0.5,2,H,STAT,2025-05-05 12:15,2025-05-05 12:36,2025-05-05 13:10
LAB734984,ENC114761,PT12943,A1C,Hemoglobin A1c,8.5,%,4,5.6,H,Routine,2025-05-05 09:52,2025-05-05 10:18,2025-05-05 21:10
LAB734985,ENC114763,PT12170,GLU,Glucose,121,mg/dL,70,99,H,STAT,2025-05-05 10:54,2025-05-05 11:06,2025-05-05 12:01
LAB734986,ENC114763,PT12170,CREAT,Creatinine,1,mg/dL,0.6,1.3,N,STAT,2025-05-05 10:07,2025-05-05 10:22,2025-05-05 10:53
LAB734987,ENC114763,PT12170,WBC,White Blood Cell Count,6.9,K/uL,4.5,11,N,Routine,2025-05-05 10:02,2025-05-05 10:17,2025-05-05 11:28
LAB734988,ENC114764,PT12933,LDL,LDL Cholesterol,107,mg/dL,0,99,H,Routine,2025-05-05 10:42,2025-05-05 10:55,2025-05-05 18:25
LAB734989,ENC114764,PT12933,TSH,Thyroid Stimulating Hormone,1.69,mIU/L,0.4,4,N,Routine,2025-05-05 10:26,2025-05-05 10:48,2025-05-05 20:19
LAB734990,ENC114765,PT12692,GLU,Glucose,92,mg/dL,70,99,N,Routine,2025-05-05 12:33,2025-05-05 12:58,2025-05-05 16:28
LAB734991,ENC114765,PT12692,CREAT,Creatinine,0.53,mg/dL,0.6,1.3,L,STAT,2025-05-05 12:41,2025-05-05 12:54,2025-05-05 13:39
LAB734992,ENC114765,PT12692,WBC,White Blood Cell Count,20.5,K/uL,4.5,11,H,STAT,2025-05-05 12:46,2025-05-05 12:54,2025-05-05 14:13
LAB734993,ENC114765,PT12692,HGB,Hemoglobin,15.4,g/dL,12,17.5,N,STAT,2025-05-05 13:04,2025-05-05 13:12,2025-05-05 14:37
LAB734994,ENC114765,PT12692,NA,Sodium,138,mmol/L,136,145,N,Routine,2025-05-05 12:13,2025-05-05 12:33,2025-05-05 16:03
LAB734995,ENC114765,PT12692,K,Potassium,3.5,mmol/L,3.5,5.1,N,STAT,2025-05-05 12:56,2025-05-05 13:22,2025-05-05 14:15
LAB734996,ENC114765,PT12692,LACT,Lactate,3.5,mmol/L,0.5,2,H,STAT,2025-05-05 12:27,2025-05-05 13:01,2025-05-05 14:08
LAB734997,ENC114767,PT11339,LDL,LDL Cholesterol,141,mg/dL,0,99,H,Routine,2025-05-05 11:30,2025-05-05 11:45,2025-05-06 02:05
LAB734998,ENC114769,PT11868,GLU,Glucose,164,mg/dL,70,99,H,STAT,2025-05-05 14:46,2025-05-05 14:54,2025-05-05 15:40
LAB734999,ENC114769,PT11868,CREAT,Creatinine,1.45,mg/dL,0.6,1.3,H,STAT,2025-05-05 15:06,2025-05-05 15:37,2025-05-05 16:22
LAB735000,ENC114769,PT11868,WBC,White Blood Cell Count,2.8,K/uL,4.5,11,L,Routine,2025-05-05 14:50,2025-05-05 15:02,2025-05-05 20:06
LAB735001,ENC114769,PT11868,HGB,Hemoglobin,14,g/dL,12,17.5,N,STAT,2025-05-05 15:41,2025-05-05 16:13,2025-05-05 17:03
LAB735002,ENC114769,PT11868,LACT,Lactate,2.4,mmol/L,0.5,2,H,STAT,2025-05-05 15:38,2025-05-05 15:51,2025-05-05 16:56
LAB735003,ENC114773,PT10907,GLU,Glucose,56,mg/dL,70,99,L,STAT,2025-05-05 16:37,2025-05-05 17:02,2025-05-05 17:41
LAB735004,ENC114773,PT10907,CREAT,Creatinine,1.05,mg/dL,0.6,1.3,N,STAT,2025-05-05 16:47,2025-05-05 17:14,2025-05-05 18:53
LAB735005,ENC114773,PT10907,WBC,White Blood Cell Count,6.6,K/uL,4.5,11,N,STAT,2025-05-05 16:15,2025-05-05 16:26,2025-05-05 17:31
LAB735006,ENC114773,PT10907,HGB,Hemoglobin,16.1,g/dL,12,17.5,N,STAT,2025-05-05 15:56,2025-05-05 16:29,2025-05-05 16:56
LAB735007,ENC114773,PT10907,BUN,Blood Urea Nitrogen,14,mg/dL,7,20,N,Routine,2025-05-05 15:49,2025-05-05 15:56,2025-05-05 21:19
LAB735008,ENC114773,PT10907,PLT,Platelet Count,194,K/uL,150,400,N,STAT,2025-05-05 15:58,2025-05-05 16:16,2025-05-05 18:26
LAB735009,ENC114774,PT10555,TROP,"Troponin I, High Sensitivity",6,ng/L,0,34,N,STAT,2025-05-05 14:25,2025-05-05 14:38,2025-05-05 15:43
LAB735010,ENC114774,PT10555,BNP,B-Type Natriuretic Peptide,614,pg/mL,0,100,H,Routine,2025-05-05 14:28,2025-05-05 14:46,2025-05-05 18:44
LAB735011,ENC114776,PT12007,GLU,Glucose,200,mg/dL,70,99,H,Routine,2025-05-05 14:29,2025-05-05 14:39,2025-05-05 17:52
LAB735012,ENC114776,PT12007,CREAT,Creatinine,1.06,mg/dL,0.6,1.3,N,STAT,2025-05-05 14:42,2025-05-05 15:15,2025-05-05 16:15
LAB735013,ENC114776,PT12007,WBC,White Blood Cell Count,7.3,K/uL,4.5,11,N,STAT,2025-05-05 14:56,2025-05-05 15:24,2025-05-05 16:28
LAB735014,ENC114776,PT12007,HGB,Hemoglobin,12.9,g/dL,12,17.5,N,STAT,2025-05-05 14:20,2025-05-05 14:43,2025-05-05 15:40
LAB735015,ENC114778,PT13392,LDL,LDL Cholesterol,140,mg/dL,0,99,H,Routine,2025-05-05 14:49,2025-05-05 14:57,2025-05-06 07:15
LAB735016,ENC114779,PT11723,LDL,LDL Cholesterol,149,mg/dL,0,99,H,Routine,2025-05-05 14:51,2025-05-05 15:05,2025-05-07 11:12
LAB735017,ENC114779,PT11723,TSH,Thyroid Stimulating Hormone,2.08,mIU/L,0.4,4,N,Routine,2025-05-05 14:48,2025-05-05 15:19,2025-05-05 23:50
LAB735018,ENC114783,PT10401,GLU,Glucose,123,mg/dL,70,99,H,Routine,2025-05-05 21:09,2025-05-05 21:16,2025-05-06 01:48
LAB735019,ENC114783,PT10401,CREAT,Creatinine,1.19,mg/dL,0.6,1.3,N,Routine,2025-05-05 20:22,2025-05-05 20:57,2025-05-05 22:56
LAB735020,ENC114783,PT10401,WBC,White Blood Cell Count,8.8,K/uL,4.5,11,N,STAT,2025-05-05 20:38,2025-05-05 20:51,2025-05-05 21:27
LAB735021,ENC114783,PT10401,HGB,Hemoglobin,13.6,g/dL,12,17.5,N,STAT,2025-05-05 20:48,2025-05-05 20:52,2025-05-05 21:41
LAB735022,ENC114783,PT10401,NA,Sodium,141,mmol/L,136,145,N,Routine,2025-05-05 20:52,2025-05-05 21:10,2025-05-06 00:34
LAB735023,ENC114783,PT10401,K,Potassium,4.5,mmol/L,3.5,5.1,N,STAT,2025-05-05 21:06,2025-05-05 21:15,2025-05-05 22:06
LAB735024,ENC114787,PT12918,GLU,Glucose,143,mg/dL,70,99,H,STAT,2025-05-05 21:44,2025-05-05 22:12,2025-05-05 22:37
LAB735025,ENC114787,PT12918,CREAT,Creatinine,0.93,mg/dL,0.6,1.3,N,Routine,2025-05-05 21:36,2025-05-05 21:53,2025-05-05 23:41
LAB735026,ENC114787,PT12918,WBC,White Blood Cell Count,9.9,K/uL,4.5,11,N,STAT,2025-05-05 21:47,2025-05-05 22:12,2025-05-05 22:54
LAB735027,ENC114787,PT12918,HGB,Hemoglobin,15.9,g/dL,12,17.5,N,STAT,2025-05-05 20:56,2025-05-05 21:06,2025-05-05 22:12
LAB735028,ENC114787,PT12918,TROP,"Troponin I, High Sensitivity",3,ng/L,0,34,N,STAT,2025-05-05 21:13,2025-05-05 21:21,2025-05-05 23:41
LAB735029,ENC114789,PT11888,GLU,Glucose,120,mg/dL,70,99,H,STAT,2025-05-05 18:21,2025-05-05 18:27,2025-05-05 19:10
LAB735030,ENC114789,PT11888,CREAT,Creatinine,0.87,mg/dL,0.6,1.3,N,Routine,2025-05-05 18:40,2025-05-05 18:50,2025-05-05 20:58
LAB735031,ENC114791,PT11346,GLU,Glucose,108,mg/dL,70,99,H,Routine,2025-05-05 22:06,2025-05-05 22:23,2025-05-06 01:26
LAB735032,ENC114791,PT11346,CREAT,Creatinine,1.13,mg/dL,0.6,1.3,N,STAT,2025-05-05 21:46,2025-05-05 21:56,2025-05-05 22:25
LAB735033,ENC114791,PT11346,WBC,White Blood Cell Count,5,K/uL,4.5,11,N,Routine,2025-05-05 21:30,2025-05-05 22:03,2025-05-05 23:45
LAB735034,ENC114791,PT11346,HGB,Hemoglobin,12.1,g/dL,12,17.5,N,Routine,2025-05-05 22:15,2025-05-05 22:50,2025-05-06 01:08
LAB735035,ENC114792,PT12793,GLU,Glucose,93,mg/dL,70,99,N,STAT,2025-05-05 23:26,2025-05-05 23:46,2025-05-06 00:44
LAB735036,ENC114792,PT12793,CREAT,Creatinine,1.13,mg/dL,0.6,1.3,N,STAT,2025-05-05 23:49,2025-05-06 00:18,2025-05-06 00:41
LAB735037,ENC114792,PT12793,WBC,White Blood Cell Count,6.4,K/uL,4.5,11,N,Routine,2025-05-05 23:38,2025-05-05 23:48,2025-05-06 03:08
LAB735038,ENC114792,PT12793,HGB,Hemoglobin,12.5,g/dL,12,17.5,N,STAT,2025-05-05 23:24,2025-05-05 23:40,2025-05-06 00:59
LAB735039,ENC114792,PT12793,TROP,"Troponin I, High Sensitivity",156,ng/L,0,34,H,STAT,2025-05-05 23:57,2025-05-06 00:21,2025-05-06 01:22
LAB735040,ENC114794,PT10461,GLU,Glucose,87,mg/dL,70,99,N,STAT,2025-05-05 20:47,2025-05-05 21:14,2025-05-05 21:53
LAB735041,ENC114794,PT10461,CREAT,Creatinine,0.75,mg/dL,0.6,1.3,N,STAT,2025-05-05 20:18,2025-05-05 20:43,2025-05-05 21:19
LAB735042,ENC114796,PT12031,TROP,"Troponin I, High Sensitivity",3,ng/L,0,34,N,STAT,2025-05-05 21:44,2025-05-05 21:51,2025-05-05 22:05
LAB735043,ENC114797,PT13655,GLU,Glucose,271,mg/dL,70,99,H,STAT,2025-05-05 23:51,2025-05-06 00:14,2025-05-06 00:46
LAB735044,ENC114797,PT13655,CREAT,Creatinine,0.82,mg/dL,0.6,1.3,N,STAT,2025-05-06 00:18,2025-05-06 00:40,2025-05-06 01:11
LAB735045,ENC114797,PT13655,WBC,White Blood Cell Count,6.2,K/uL,4.5,11,N,STAT,2025-05-06 00:39,2025-05-06 00:48,2025-05-06 01:28
LAB735046,ENC114797,PT13655,HGB,Hemoglobin,6,g/dL,12,17.5,LL,Routine,2025-05-06 00:43,2025-05-06 00:55,2025-05-06 03:16
LAB735047,ENC114797,PT13655,INR,Prothrombin Time INR,0.9,ratio,0.8,1.2,N,Routine,2025-05-06 00:28,2025-05-06 00:57,2025-05-06 03:36
LAB735048,ENC114799,PT10902,GLU,Glucose,108,mg/dL,70,99,H,STAT,2025-05-06 01:08,2025-05-06 01:36,2025-05-06 02:00
LAB735049,ENC114799,PT10902,CREAT,Creatinine,1.14,mg/dL,0.6,1.3,N,STAT,2025-05-06 00:55,2025-05-06 01:21,2025-05-06 02:10
LAB735050,ENC114799,PT10902,WBC,White Blood Cell Count,20.6,K/uL,4.5,11,H,STAT,2025-05-06 00:50,2025-05-06 01:18,2025-05-06 01:52
LAB735051,ENC114799,PT10902,HGB,Hemoglobin,11.4,g/dL,12,17.5,L,STAT,2025-05-06 01:16,2025-05-06 01:43,2025-05-06 02:36
LAB735052,ENC114800,PT11952,GLU,Glucose,100,mg/dL,70,99,H,STAT,2025-05-06 03:14,2025-05-06 03:30,2025-05-06 04:19
LAB735053,ENC114800,PT11952,CREAT,Creatinine,1,mg/dL,0.6,1.3,N,STAT,2025-05-06 03:57,2025-05-06 04:06,2025-05-06 04:41
LAB735054,ENC114800,PT11952,WBC,White Blood Cell Count,6.9,K/uL,4.5,11,N,STAT,2025-05-06 03:22,2025-05-06 03:57,2025-05-06 04:45
LAB735055,ENC114800,PT11952,HGB,Hemoglobin,13.3,g/dL,12,17.5,N,Routine,2025-05-06 03:19,2025-05-06 03:36,2025-05-06 06:34
LAB735056,ENC114800,PT11952,TROP,"Troponin I, High Sensitivity",57,ng/L,0,34,H,STAT,2025-05-06 04:05,2025-05-06 04:27,2025-05-06 04:51
LAB735057,ENC114800,PT11952,BNP,B-Type Natriuretic Peptide,1163,pg/mL,0,100,H,STAT,2025-05-06 03:50,2025-05-06 03:56,2025-05-06 05:06
LAB735058,ENC114801,PT12518,GLU,Glucose,110,mg/dL,70,99,H,STAT,2025-05-06 05:17,2025-05-06 05:29,2025-05-06 05:54
LAB735059,ENC114801,PT12518,CREAT,Creatinine,0.91,mg/dL,0.6,1.3,N,STAT,2025-05-06 05:22,2025-05-06 05:50,2025-05-06 06:28
LAB735060,ENC114801,PT12518,WBC,White Blood Cell Count,12.8,K/uL,4.5,11,H,STAT,2025-05-06 04:41,2025-05-06 04:57,2025-05-06 05:57
LAB735061,ENC114801,PT12518,HGB,Hemoglobin,10.8,g/dL,12,17.5,L,Routine,2025-05-06 04:41,2025-05-06 04:56,2025-05-06 06:29
LAB735062,ENC114801,PT12518,BUN,Blood Urea Nitrogen,15,mg/dL,7,20,N,STAT,2025-05-06 05:18,2025-05-06 05:49,2025-05-06 06:23
LAB735063,ENC114801,PT12518,PLT,Platelet Count,248,K/uL,150,400,N,Routine,2025-05-06 05:24,2025-05-06 05:30,2025-05-06 06:59
LAB735064,ENC114804,PT12542,GLU,Glucose,89,mg/dL,70,99,N,STAT,2025-05-06 07:05,2025-05-06 07:38,2025-05-06 08:39
LAB735065,ENC114804,PT12542,CREAT,Creatinine,1.07,mg/dL,0.6,1.3,N,Routine,2025-05-06 06:40,2025-05-06 07:07,2025-05-06 07:57
LAB735066,ENC114805,PT13130,GLU,Glucose,252,mg/dL,70,99,H,Routine,2025-05-06 10:49,2025-05-06 11:12,2025-05-06 13:45
LAB735067,ENC114805,PT13130,CREAT,Creatinine,0.95,mg/dL,0.6,1.3,N,STAT,2025-05-06 10:19,2025-05-06 10:31,2025-05-06 11:32
LAB735068,ENC114805,PT13130,WBC,White Blood Cell Count,6.1,K/uL,4.5,11,N,Routine,2025-05-06 10:56,2025-05-06 11:22,2025-05-06 14:46
LAB735069,ENC114805,PT13130,HGB,Hemoglobin,14.3,g/dL,12,17.5,N,STAT,2025-05-06 10:57,2025-05-06 11:22,2025-05-06 12:08
LAB735070,ENC114806,PT13519,GLU,Glucose,91,mg/dL,70,99,N,STAT,2025-05-06 07:35,2025-05-06 07:45,2025-05-06 08:28
LAB735071,ENC114806,PT13519,CREAT,Creatinine,1.03,mg/dL,0.6,1.3,N,Routine,2025-05-06 07:24,2025-05-06 07:41,2025-05-06 11:28
LAB735072,ENC114806,PT13519,WBC,White Blood Cell Count,8.6,K/uL,4.5,11,N,Routine,2025-05-06 07:01,2025-05-06 07:06,2025-05-06 10:46
LAB735073,ENC114806,PT13519,HGB,Hemoglobin,15.2,g/dL,12,17.5,N,STAT,2025-05-06 07:03,2025-05-06 07:13,2025-05-06 08:05
LAB735074,ENC114807,PT10001,GLU,Glucose,165,mg/dL,70,99,H,STAT,2025-05-06 09:57,2025-05-06 10:12,2025-05-06 11:31
LAB735075,ENC114807,PT10001,CREAT,Creatinine,1.07,mg/dL,0.6,1.3,N,Routine,2025-05-06 10:00,2025-05-06 10:21,2025-05-06 11:54
LAB735076,ENC114807,PT10001,WBC,White Blood Cell Count,7,K/uL,4.5,11,N,Routine,2025-05-06 10:12,2025-05-06 10:37,2025-05-06 13:24
LAB735077,ENC114807,PT10001,HGB,Hemoglobin,14.8,g/dL,12,17.5,N,STAT,2025-05-06 09:46,2025-05-06 09:58,2025-05-06 10:19
LAB735078,ENC114807,PT10001,BUN,Blood Urea Nitrogen,14,mg/dL,7,20,N,STAT,2025-05-06 09:49,2025-05-06 10:05,2025-05-06 10:50
LAB735079,ENC114807,PT10001,PLT,Platelet Count,304,K/uL,150,400,N,Routine,2025-05-06 10:16,2025-05-06 10:43,2025-05-06 16:33
LAB735080,ENC114808,PT10812,WBC,White Blood Cell Count,8.9,K/uL,4.5,11,N,Routine,2025-05-06 08:45,2025-05-06 08:56,2025-05-06 12:26
LAB735081,ENC114808,PT10812,HGB,Hemoglobin,13.9,g/dL,12,17.5,N,Routine,2025-05-06 08:22,2025-05-06 08:39,2025-05-06 10:09
LAB735082,ENC114808,PT10812,PLT,Platelet Count,349,K/uL,150,400,N,Routine,2025-05-06 08:43,2025-05-06 08:50,2025-05-06 14:03
LAB735083,ENC114809,PT11664,GLU,Glucose,120,mg/dL,70,99,H,STAT,2025-05-06 08:47,2025-05-06 08:58,2025-05-06 10:01
LAB735084,ENC114809,PT11664,CREAT,Creatinine,0.92,mg/dL,0.6,1.3,N,STAT,2025-05-06 09:13,2025-05-06 09:21,2025-05-06 10:24
LAB735085,ENC114810,PT11589,GLU,Glucose,84,mg/dL,70,99,N,Routine,2025-05-06 13:18,2025-05-06 13:39,2025-05-06 18:35
LAB735086,ENC114810,PT11589,CREAT,Creatinine,2.11,mg/dL,0.6,1.3,H,Routine,2025-05-06 12:30,2025-05-06 12:49,2025-05-06 17:12
LAB735087,ENC114810,PT11589,WBC,White Blood Cell Count,6.4,K/uL,4.5,11,N,STAT,2025-05-06 12:30,2025-05-06 12:40,2025-05-06 13:12
LAB735088,ENC114810,PT11589,HGB,Hemoglobin,10.5,g/dL,12,17.5,L,STAT,2025-05-06 12:56,2025-05-06 13:11,2025-05-06 13:47
LAB735089,ENC114814,PT13925,GLU,Glucose,189,mg/dL,70,99,H,STAT,2025-05-06 13:39,2025-05-06 13:46,2025-05-06 14:53
LAB735090,ENC114814,PT13925,CREAT,Creatinine,2.39,mg/dL,0.6,1.3,H,STAT,2025-05-06 14:14,2025-05-06 14:19,2025-05-06 15:06
LAB735091,ENC114814,PT13925,WBC,White Blood Cell Count,6.9,K/uL,4.5,11,N,Routine,2025-05-06 14:21,2025-05-06 14:44,2025-05-06 16:29
LAB735092,ENC114814,PT13925,HGB,Hemoglobin,13.4,g/dL,12,17.5,N,STAT,2025-05-06 14:09,2025-05-06 14:13,2025-05-06 15:00
LAB735093,ENC114814,PT13925,LACT,Lactate,3,mmol/L,0.5,2,H,STAT,2025-05-06 13:57,2025-05-06 14:28,2025-05-06 15:01
LAB735094,ENC114817,PT13547,A1C,Hemoglobin A1c,12,%,4,5.6,H,Routine,2025-05-06 11:45,2025-05-06 12:20,2025-05-07 18:46
LAB735095,ENC114819,PT13360,LDL,LDL Cholesterol,140,mg/dL,0,99,H,Routine,2025-05-06 13:06,2025-05-06 13:36,2025-05-07 04:59
LAB735096,ENC114819,PT13360,A1C,Hemoglobin A1c,5.7,%,4,5.6,H,Routine,2025-05-06 12:50,2025-05-06 13:25,2025-05-07 02:13
LAB735097,ENC114820,PT12503,A1C,Hemoglobin A1c,5.2,%,4,5.6,N,Routine,2025-05-06 13:36,2025-05-06 13:57,2025-05-06 22:51
LAB735098,ENC114822,PT11213,GLU,Glucose,104,mg/dL,70,99,H,STAT,2025-05-06 13:57,2025-05-06 14:13,2025-05-06 15:30
LAB735099,ENC114822,PT11213,CREAT,Creatinine,0.43,mg/dL,0.6,1.3,L,STAT,2025-05-06 14:42,2025-05-06 14:56,2025-05-06 16:08
LAB735100,ENC114822,PT11213,WBC,White Blood Cell Count,7.9,K/uL,4.5,11,N,STAT,2025-05-06 14:08,2025-05-06 14:33,2025-05-06 15:18
LAB735101,ENC114822,PT11213,HGB,Hemoglobin,12.2,g/dL,12,17.5,N,STAT,2025-05-06 14:24,2025-05-06 14:55,2025-05-06 15:44
LAB735102,ENC114829,PT11598,LDL,LDL Cholesterol,168,mg/dL,0,99,H,Routine,2025-05-06 15:42,2025-05-06 15:58,2025-05-06 20:29
LAB735103,ENC114831,PT11711,GLU,Glucose,121,mg/dL,70,99,H,STAT,2025-05-06 21:11,2025-05-06 21:29,2025-05-06 22:06
LAB735104,ENC114831,PT11711,CREAT,Creatinine,1.18,mg/dL,0.6,1.3,N,STAT,2025-05-06 21:08,2025-05-06 21:18,2025-05-06 22:21
LAB735105,ENC114831,PT11711,WBC,White Blood Cell Count,10.7,K/uL,4.5,11,N,STAT,2025-05-06 20:17,2025-05-06 20:37,2025-05-06 21:27
LAB735106,ENC114831,PT11711,HGB,Hemoglobin,13.6,g/dL,12,17.5,N,STAT,2025-05-06 20:32,2025-05-06 20:52,2025-05-06 22:10
LAB735107,ENC114831,PT11711,NA,Sodium,142,mmol/L,136,145,N,Routine,2025-05-06 20:47,2025-05-06 21:17,2025-05-07 01:00
LAB735108,ENC114831,PT11711,K,Potassium,4.3,mmol/L,3.5,5.1,N,STAT,2025-05-06 20:51,2025-05-06 21:21,2025-05-06 22:00
LAB735109,ENC114835,PT11074,GLU,Glucose,141,mg/dL,70,99,H,STAT,2025-05-06 21:18,2025-05-06 21:40,2025-05-06 22:24
LAB735110,ENC114835,PT11074,CREAT,Creatinine,0.86,mg/dL,0.6,1.3,N,STAT,2025-05-06 21:14,2025-05-06 21:22,2025-05-06 21:55
LAB735111,ENC114835,PT11074,WBC,White Blood Cell Count,5.3,K/uL,4.5,11,N,Routine,2025-05-06 21:04,2025-05-06 21:25,2025-05-07 01:48
LAB735112,ENC114835,PT11074,HGB,Hemoglobin,15.3,g/dL,12,17.5,N,Routine,2025-05-06 20:39,2025-05-06 20:48,2025-05-06 23:11
LAB735113,ENC114835,PT11074,NA,Sodium,138,mmol/L,136,145,N,STAT,2025-05-06 20:53,2025-05-06 21:07,2025-05-06 21:49
LAB735114,ENC114835,PT11074,K,Potassium,4.1,mmol/L,3.5,5.1,N,STAT,2025-05-06 21:17,2025-05-06 21:43,2025-05-06 22:11
LAB735115,ENC114835,PT11074,BUN,Blood Urea Nitrogen,19,mg/dL,7,20,N,STAT,2025-05-06 21:11,2025-05-06 21:38,2025-05-06 22:46
LAB735116,ENC114835,PT11074,PLT,Platelet Count,150,K/uL,150,400,N,Routine,2025-05-06 20:31,2025-05-06 21:04,2025-05-06 21:44
LAB735117,ENC114838,PT10517,GLU,Glucose,113,mg/dL,70,99,H,STAT,2025-05-07 00:57,2025-05-07 01:20,2025-05-07 02:14
LAB735118,ENC114838,PT10517,CREAT,Creatinine,0.88,mg/dL,0.6,1.3,N,Routine,2025-05-07 00:49,2025-05-07 01:01,2025-05-07 03:30
LAB735119,ENC114838,PT10517,WBC,White Blood Cell Count,11.3,K/uL,4.5,11,H,STAT,2025-05-07 00:43,2025-05-07 00:49,2025-05-07 01:26
LAB735120,ENC114838,PT10517,HGB,Hemoglobin,14.4,g/dL,12,17.5,N,STAT,2025-05-07 00:06,2025-05-07 00:16,2025-05-07 01:13
LAB735121,ENC114838,PT10517,TROP,"Troponin I, High Sensitivity",80,ng/L,0,34,H,STAT,2025-05-07 00:31,2025-05-07 00:44,2025-05-07 01:14
LAB735122,ENC114838,PT10517,BNP,B-Type Natriuretic Peptide,949,pg/mL,0,100,H,Routine,2025-05-07 00:21,2025-05-07 00:40,2025-05-07 03:02
LAB735123,ENC114839,PT10198,GLU,Glucose,121,mg/dL,70,99,H,Routine,2025-05-06 23:04,2025-05-06 23:27,2025-05-07 00:37
LAB735124,ENC114839,PT10198,CREAT,Creatinine,0.78,mg/dL,0.6,1.3,N,STAT,2025-05-06 23:19,2025-05-06 23:51,2025-05-07 00:24
LAB735125,ENC114839,PT10198,WBC,White Blood Cell Count,6.1,K/uL,4.5,11,N,Routine,2025-05-06 23:11,2025-05-06 23:27,2025-05-07 03:03
LAB735126,ENC114839,PT10198,HGB,Hemoglobin,12.9,g/dL,12,17.5,N,STAT,2025-05-06 23:33,2025-05-06 23:58,2025-05-07 00:49
LAB735127,ENC114840,PT11911,GLU,Glucose,112,mg/dL,70,99,H,STAT,2025-05-07 03:08,2025-05-07 03:25,2025-05-07 04:10
LAB735128,ENC114840,PT11911,CREAT,Creatinine,1.01,mg/dL,0.6,1.3,N,STAT,2025-05-07 02:59,2025-05-07 03:20,2025-05-07 03:50
LAB735129,ENC114840,PT11911,WBC,White Blood Cell Count,8.6,K/uL,4.5,11,N,Routine,2025-05-07 02:53,2025-05-07 03:13,2025-05-07 05:19
LAB735130,ENC114840,PT11911,HGB,Hemoglobin,13.4,g/dL,12,17.5,N,STAT,2025-05-07 02:31,2025-05-07 03:05,2025-05-07 03:48
LAB735131,ENC114841,PT11449,GLU,Glucose,123,mg/dL,70,99,H,STAT,2025-05-07 06:48,2025-05-07 07:10,2025-05-07 07:58
LAB735132,ENC114841,PT11449,CREAT,Creatinine,0.91,mg/dL,0.6,1.3,N,STAT,2025-05-07 06:15,2025-05-07 06:38,2025-05-07 07:42
LAB735133,ENC114841,PT11449,WBC,White Blood Cell Count,8.3,K/uL,4.5,11,N,STAT,2025-05-07 05:57,2025-05-07 06:26,2025-05-07 07:33
LAB735134,ENC114841,PT11449,HGB,Hemoglobin,11.9,g/dL,12,17.5,L,STAT,2025-05-07 06:06,2025-05-07 06:31,2025-05-07 06:52
LAB735135,ENC114841,PT11449,NA,Sodium,140,mmol/L,136,145,N,Routine,2025-05-07 06:14,2025-05-07 06:30,2025-05-07 08:50
LAB735136,ENC114841,PT11449,K,Potassium,4.1,mmol/L,3.5,5.1,N,STAT,2025-05-07 06:24,2025-05-07 06:36,2025-05-07 07:27
LAB735137,ENC114841,PT11449,TROP,"Troponin I, High Sensitivity",394,ng/L,0,34,H,STAT,2025-05-07 06:43,2025-05-07 07:11,2025-05-07 08:08
LAB735138,ENC114842,PT13380,GLU,Glucose,133,mg/dL,70,99,H,Routine,2025-05-07 10:36,2025-05-07 11:03,2025-05-07 12:40
LAB735139,ENC114842,PT13380,CREAT,Creatinine,3.54,mg/dL,0.6,1.3,H,STAT,2025-05-07 11:18,2025-05-07 11:36,2025-05-07 12:30
LAB735140,ENC114842,PT13380,WBC,White Blood Cell Count,2.5,K/uL,4.5,11,L,Routine,2025-05-07 11:07,2025-05-07 11:30,2025-05-07 14:55
LAB735141,ENC114842,PT13380,HGB,Hemoglobin,13.8,g/dL,12,17.5,N,Routine,2025-05-07 10:43,2025-05-07 10:51,2025-05-07 12:52
LAB735142,ENC114842,PT13380,NA,Sodium,141,mmol/L,136,145,N,STAT,2025-05-07 10:30,2025-05-07 10:55,2025-05-07 11:34
LAB735143,ENC114842,PT13380,K,Potassium,5.6,mmol/L,3.5,5.1,H,STAT,2025-05-07 10:50,2025-05-07 11:20,2025-05-07 11:57
LAB735144,ENC114843,PT13817,GLU,Glucose,91,mg/dL,70,99,N,STAT,2025-05-07 09:22,2025-05-07 09:47,2025-05-07 10:29
LAB735145,ENC114843,PT13817,CREAT,Creatinine,1.14,mg/dL,0.6,1.3,N,Routine,2025-05-07 09:11,2025-05-07 09:26,2025-05-07 12:13
LAB735146,ENC114843,PT13817,WBC,White Blood Cell Count,15.6,K/uL,4.5,11,H,STAT,2025-05-07 09:36,2025-05-07 09:58,2025-05-07 10:28
LAB735147,ENC114843,PT13817,HGB,Hemoglobin,14,g/dL,12,17.5,N,STAT,2025-05-07 09:39,2025-05-07 10:03,2025-05-07 11:00
LAB735148,ENC114844,PT12093,GLU,Glucose,180,mg/dL,70,99,H,STAT,2025-05-07 08:22,2025-05-07 08:40,2025-05-07 09:22
LAB735149,ENC114844,PT12093,CREAT,Creatinine,0.82,mg/dL,0.6,1.3,N,STAT,2025-05-07 07:59,2025-05-07 08:15,2025-05-07 09:11
LAB735150,ENC114844,PT12093,WBC,White Blood Cell Count,6.7,K/uL,4.5,11,N,Routine,2025-05-07 08:04,2025-05-07 08:36,2025-05-07 12:05
LAB735151,ENC114844,PT12093,HGB,Hemoglobin,12.1,g/dL,12,17.5,N,STAT,2025-05-07 08:35,2025-05-07 08:46,2025-05-07 10:23
LAB735152,ENC114844,PT12093,NA,Sodium,139,mmol/L,136,145,N,Routine,2025-05-07 08:24,2025-05-07 08:34,2025-05-07 10:10
LAB735153,ENC114844,PT12093,K,Potassium,4.2,mmol/L,3.5,5.1,N,STAT,2025-05-07 07:36,2025-05-07 08:01,2025-05-07 08:41
LAB735154,ENC114845,PT10663,GLU,Glucose,225,mg/dL,70,99,H,STAT,2025-05-07 08:18,2025-05-07 08:25,2025-05-07 09:12
LAB735155,ENC114845,PT10663,CREAT,Creatinine,0.95,mg/dL,0.6,1.3,N,STAT,2025-05-07 08:35,2025-05-07 08:50,2025-05-07 09:47
LAB735156,ENC114845,PT10663,WBC,White Blood Cell Count,8.9,K/uL,4.5,11,N,Routine,2025-05-07 08:13,2025-05-07 08:34,2025-05-07 10:30
LAB735157,ENC114845,PT10663,HGB,Hemoglobin,16.3,g/dL,12,17.5,N,Routine,2025-05-07 08:17,2025-05-07 08:29,2025-05-07 13:38
LAB735158,ENC114845,PT10663,NA,Sodium,139,mmol/L,136,145,N,Routine,2025-05-07 08:09,2025-05-07 08:29,2025-05-07 15:47
LAB735159,ENC114845,PT10663,K,Potassium,4.3,mmol/L,3.5,5.1,N,STAT,2025-05-07 08:25,2025-05-07 08:39,2025-05-07 09:27
LAB735160,ENC114847,PT10597,LDL,LDL Cholesterol,123,mg/dL,0,99,H,Routine,2025-05-07 10:05,2025-05-07 10:30,2025-05-07 16:58
LAB735161,ENC114848,PT12250,A1C,Hemoglobin A1c,10.2,%,4,5.6,H,Routine,2025-05-07 10:12,2025-05-07 10:46,2025-05-07 20:18
LAB735162,ENC114848,PT12250,GLU,Glucose,132,mg/dL,70,99,H,Routine,2025-05-07 10:15,2025-05-07 10:20,2025-05-07 13:01
LAB735163,ENC114848,PT12250,CREAT,Creatinine,1.24,mg/dL,0.6,1.3,N,Routine,2025-05-07 10:12,2025-05-07 10:16,2025-05-07 12:50
LAB735164,ENC114849,PT11766,LDL,LDL Cholesterol,110,mg/dL,0,99,H,Routine,2025-05-07 10:18,2025-05-07 10:23,2025-05-07 19:30
LAB735165,ENC114849,PT11766,TSH,Thyroid Stimulating Hormone,4.6,mIU/L,0.4,4,H,Routine,2025-05-07 10:17,2025-05-07 10:52,2025-05-07 19:30
LAB735166,ENC114852,PT11609,WBC,White Blood Cell Count,7.5,K/uL,4.5,11,N,Routine,2025-05-07 11:27,2025-05-07 11:39,2025-05-07 14:41
LAB735167,ENC114852,PT11609,HGB,Hemoglobin,14.1,g/dL,12,17.5,N,Routine,2025-05-07 11:23,2025-05-07 11:49,2025-05-07 14:22
LAB735168,ENC114852,PT11609,PLT,Platelet Count,299,K/uL,150,400,N,Routine,2025-05-07 11:21,2025-05-07 11:40,2025-05-07 14:39
LAB735169,ENC114854,PT11548,LDL,LDL Cholesterol,135,mg/dL,0,99,H,Routine,2025-05-07 11:57,2025-05-07 12:26,2025-05-08 07:03
LAB735170,ENC114854,PT11548,A1C,Hemoglobin A1c,5.7,%,4,5.6,H,Routine,2025-05-07 11:47,2025-05-07 12:22,2025-05-07 20:26
LAB735171,ENC114855,PT11077,LDL,LDL Cholesterol,71,mg/dL,0,99,N,Routine,2025-05-07 12:46,2025-05-07 13:07,2025-05-07 20:14
LAB735172,ENC114855,PT11077,A1C,Hemoglobin A1c,5.8,%,4,5.6,H,Routine,2025-05-07 12:49,2025-05-07 12:53,2025-05-07 22:00
LAB735173,ENC114858,PT10657,LDL,LDL Cholesterol,120,mg/dL,0,99,H,Routine,2025-05-07 14:59,2025-05-07 15:05,2025-05-08 06:59
LAB735174,ENC114858,PT10657,TSH,Thyroid Stimulating Hormone,2.29,mIU/L,0.4,4,N,Routine,2025-05-07 14:50,2025-05-07 15:21,2025-05-07 23:10
LAB735175,ENC114859,PT12168,GLU,Glucose,90,mg/dL,70,99,N,STAT,2025-05-07 14:58,2025-05-07 15:13,2025-05-07 16:14
LAB735176,ENC114859,PT12168,CREAT,Creatinine,1.11,mg/dL,0.6,1.3,N,STAT,2025-05-07 16:02,2025-05-07 16:08,2025-05-07 18:22
LAB735177,ENC114860,PT10843,GLU,Glucose,83,mg/dL,70,99,N,STAT,2025-05-07 18:53,2025-05-07 19:01,2025-05-07 20:23
LAB735178,ENC114860,PT10843,CREAT,Creatinine,0.87,mg/dL,0.6,1.3,N,STAT,2025-05-07 18:15,2025-05-07 18:32,2025-05-07 19:07
LAB735179,ENC114860,PT10843,WBC,White Blood Cell Count,6.7,K/uL,4.5,11,N,Routine,2025-05-07 19:00,2025-05-07 19:24,2025-05-07 22:13
LAB735180,ENC114860,PT10843,HGB,Hemoglobin,12.7,g/dL,12,17.5,N,STAT,2025-05-07 18:34,2025-05-07 18:47,2025-05-07 19:47
LAB735181,ENC114862,PT10421,LDL,LDL Cholesterol,167,mg/dL,0,99,H,Routine,2025-05-07 16:30,2025-05-07 16:44,2025-05-08 04:32
LAB735182,ENC114862,PT10421,A1C,Hemoglobin A1c,5.6,%,4,5.6,N,Routine,2025-05-07 16:29,2025-05-07 16:37,2025-05-08 20:38
LAB735183,ENC114862,PT10421,TSH,Thyroid Stimulating Hormone,1.93,mIU/L,0.4,4,N,Routine,2025-05-07 16:33,2025-05-07 17:07,2025-05-08 03:55
LAB735184,ENC114863,PT13081,GLU,Glucose,108,mg/dL,70,99,H,STAT,2025-05-07 17:10,2025-05-07 17:35,2025-05-07 18:18
LAB735185,ENC114863,PT13081,CREAT,Creatinine,1.01,mg/dL,0.6,1.3,N,Routine,2025-05-07 16:56,2025-05-07 17:13,2025-05-07 19:22
LAB735186,ENC114863,PT13081,WBC,White Blood Cell Count,7.3,K/uL,4.5,11,N,Routine,2025-05-07 17:48,2025-05-07 17:56,2025-05-07 20:20
LAB735187,ENC114863,PT13081,HGB,Hemoglobin,13.3,g/dL,12,17.5,N,Routine,2025-05-07 17:15,2025-05-07 17:37,2025-05-07 23:17
LAB735188,ENC114864,PT12222,GLU,Glucose,113,mg/dL,70,99,H,STAT,2025-05-07 18:28,2025-05-07 18:43,2025-05-07 19:34
LAB735189,ENC114864,PT12222,CREAT,Creatinine,1.07,mg/dL,0.6,1.3,N,Routine,2025-05-07 19:16,2025-05-07 19:50,2025-05-07 21:14
LAB735190,ENC114865,PT10487,GLU,Glucose,81,mg/dL,70,99,N,STAT,2025-05-07 19:53,2025-05-07 20:07,2025-05-07 20:43
LAB735191,ENC114865,PT10487,CREAT,Creatinine,0.51,mg/dL,0.6,1.3,L,Routine,2025-05-07 19:52,2025-05-07 20:27,2025-05-07 22:08
LAB735192,ENC114866,PT10787,GLU,Glucose,193,mg/dL,70,99,H,STAT,2025-05-07 22:52,2025-05-07 23:16,2025-05-07 23:57
LAB735193,ENC114866,PT10787,CREAT,Creatinine,0.88,mg/dL,0.6,1.3,N,STAT,2025-05-07 22:51,2025-05-07 23:03,2025-05-07 23:40
LAB735194,ENC114866,PT10787,WBC,White Blood Cell Count,24,K/uL,4.5,11,H,Routine,2025-05-07 23:16,2025-05-07 23:50,2025-05-08 02:28
LAB735195,ENC114866,PT10787,HGB,Hemoglobin,13.1,g/dL,12,17.5,N,Routine,2025-05-07 23:01,2025-05-07 23:34,2025-05-08 05:09
LAB735196,ENC114866,PT10787,LACT,Lactate,3.1,mmol/L,0.5,2,H,STAT,2025-05-07 23:11,2025-05-07 23:23,2025-05-08 00:06
LAB735197,ENC114867,PT12881,GLU,Glucose,109,mg/dL,70,99,H,STAT,2025-05-07 22:31,2025-05-07 22:36,2025-05-07 23:30
LAB735198,ENC114867,PT12881,CREAT,Creatinine,0.87,mg/dL,0.6,1.3,N,Routine,2025-05-07 22:35,2025-05-07 23:07,2025-05-08 02:39
LAB735199,ENC114867,PT12881,WBC,White Blood Cell Count,9.3,K/uL,4.5,11,N,STAT,2025-05-07 22:07,2025-05-07 22:37,2025-05-08 00:19
LAB735200,ENC114867,PT12881,HGB,Hemoglobin,13.5,g/dL,12,17.5,N,Routine,2025-05-07 22:43,2025-05-07 22:59,2025-05-08 02:12
LAB735201,ENC114868,PT12127,GLU,Glucose,100,mg/dL,70,99,H,Routine,2025-05-08 03:18,2025-05-08 03:37,2025-05-08 05:08
LAB735202,ENC114868,PT12127,CREAT,Creatinine,1.1,mg/dL,0.6,1.3,N,STAT,2025-05-08 03:11,2025-05-08 03:17,2025-05-08 04:00
LAB735203,ENC114868,PT12127,WBC,White Blood Cell Count,4.2,K/uL,4.5,11,L,Routine,2025-05-08 02:32,2025-05-08 03:03,2025-05-08 08:51
LAB735204,ENC114868,PT12127,HGB,Hemoglobin,14.7,g/dL,12,17.5,N,Routine,2025-05-08 02:21,2025-05-08 02:34,2025-05-08 05:35
LAB735205,ENC114868,PT12127,BUN,Blood Urea Nitrogen,20,mg/dL,7,20,N,Routine,2025-05-08 02:24,2025-05-08 02:51,2025-05-08 04:56
LAB735206,ENC114868,PT12127,PLT,Platelet Count,229,K/uL,150,400,N,Routine,2025-05-08 02:16,2025-05-08 02:32,2025-05-08 03:59
LAB735207,ENC114868,PT12127,TROP,"Troponin I, High Sensitivity",58,ng/L,0,34,H,STAT,2025-05-08 03:09,2025-05-08 03:40,2025-05-08 04:50
LAB735208,ENC114868,PT12127,BNP,B-Type Natriuretic Peptide,985,pg/mL,0,100,H,Routine,2025-05-08 03:22,2025-05-08 03:42,2025-05-08 08:57
LAB735209,ENC114869,PT13929,GLU,Glucose,107,mg/dL,70,99,H,STAT,2025-05-08 04:18,2025-05-08 04:24,2025-05-08 05:37
LAB735210,ENC114869,PT13929,CREAT,Creatinine,0.87,mg/dL,0.6,1.3,N,STAT,2025-05-08 04:43,2025-05-08 05:16,2025-05-08 05:55
LAB735211,ENC114869,PT13929,WBC,White Blood Cell Count,10.5,K/uL,4.5,11,N,STAT,2025-05-08 04:02,2025-05-08 04:19,2025-05-08 05:02
LAB735212,ENC114869,PT13929,HGB,Hemoglobin,14.3,g/dL,12,17.5,N,STAT,2025-05-08 04:02,2025-05-08 04:24,2025-05-08 05:39
LAB735213,ENC114869,PT13929,TROP,"Troponin I, High Sensitivity",1389,ng/L,0,34,H,STAT,2025-05-08 04:22,2025-05-08 04:26,2025-05-08 05:18
LAB735214,ENC114870,PT12699,GLU,Glucose,118,mg/dL,70,99,H,STAT,2025-05-08 08:16,2025-05-08 08:24,2025-05-08 09:31
LAB735215,ENC114870,PT12699,CREAT,Creatinine,1.25,mg/dL,0.6,1.3,N,Routine,2025-05-08 07:38,2025-05-08 07:55,2025-05-08 10:08
LAB735216,ENC114870,PT12699,WBC,White Blood Cell Count,9.1,K/uL,4.5,11,N,STAT,2025-05-08 07:58,2025-05-08 08:13,2025-05-08 09:16
LAB735217,ENC114870,PT12699,HGB,Hemoglobin,12.3,g/dL,12,17.5,N,STAT,2025-05-08 07:55,2025-05-08 08:04,2025-05-08 08:49
LAB735218,ENC114872,PT12480,GLU,Glucose,114,mg/dL,70,99,H,Routine,2025-05-08 09:45,2025-05-08 10:06,2025-05-08 13:41
LAB735219,ENC114872,PT12480,CREAT,Creatinine,0.83,mg/dL,0.6,1.3,N,STAT,2025-05-08 10:08,2025-05-08 10:24,2025-05-08 10:49
LAB735220,ENC114872,PT12480,WBC,White Blood Cell Count,11.1,K/uL,4.5,11,H,STAT,2025-05-08 09:45,2025-05-08 10:19,2025-05-08 11:12
LAB735221,ENC114872,PT12480,HGB,Hemoglobin,13.3,g/dL,12,17.5,N,STAT,2025-05-08 09:25,2025-05-08 09:42,2025-05-08 10:48
LAB735222,ENC114873,PT12973,GLU,Glucose,87,mg/dL,70,99,N,STAT,2025-05-08 09:37,2025-05-08 09:55,2025-05-08 10:28
LAB735223,ENC114873,PT12973,CREAT,Creatinine,1.16,mg/dL,0.6,1.3,N,STAT,2025-05-08 09:11,2025-05-08 09:40,2025-05-08 10:19
LAB735224,ENC114873,PT12973,WBC,White Blood Cell Count,8.3,K/uL,4.5,11,N,STAT,2025-05-08 10:10,2025-05-08 10:26,2025-05-08 10:54
LAB735225,ENC114873,PT12973,HGB,Hemoglobin,17.7,g/dL,12,17.5,H,STAT,2025-05-08 09:44,2025-05-08 10:11,2025-05-08 11:23
LAB735226,ENC114875,PT10860,GLU,Glucose,81,mg/dL,70,99,N,STAT,2025-05-08 11:17,2025-05-08 11:47,2025-05-08 12:33
LAB735227,ENC114875,PT10860,CREAT,Creatinine,0.95,mg/dL,0.6,1.3,N,Routine,2025-05-08 10:50,2025-05-08 11:24,2025-05-08 16:28
LAB735228,ENC114875,PT10860,WBC,White Blood Cell Count,13.8,K/uL,4.5,11,H,Routine,2025-05-08 10:29,2025-05-08 10:54,2025-05-08 13:17
LAB735229,ENC114875,PT10860,HGB,Hemoglobin,13.4,g/dL,12,17.5,N,Routine,2025-05-08 10:44,2025-05-08 10:50,2025-05-08 16:10
LAB735230,ENC114876,PT12044,GLU,Glucose,110,mg/dL,70,99,H,STAT,2025-05-08 11:31,2025-05-08 11:39,2025-05-08 12:25
LAB735231,ENC114876,PT12044,CREAT,Creatinine,0.77,mg/dL,0.6,1.3,N,Routine,2025-05-08 11:08,2025-05-08 11:30,2025-05-08 12:58
LAB735232,ENC114876,PT12044,WBC,White Blood Cell Count,16.9,K/uL,4.5,11,H,STAT,2025-05-08 11:20,2025-05-08 11:28,2025-05-08 12:47
LAB735233,ENC114876,PT12044,HGB,Hemoglobin,13.5,g/dL,12,17.5,N,STAT,2025-05-08 10:45,2025-05-08 10:50,2025-05-08 12:10
LAB735234,ENC114877,PT10170,GLU,Glucose,93,mg/dL,70,99,N,STAT,2025-05-08 13:40,2025-05-08 13:57,2025-05-08 14:29
LAB735235,ENC114877,PT10170,CREAT,Creatinine,1.36,mg/dL,0.6,1.3,H,STAT,2025-05-08 13:02,2025-05-08 13:35,2025-05-08 14:03
LAB735236,ENC114877,PT10170,WBC,White Blood Cell Count,6.4,K/uL,4.5,11,N,STAT,2025-05-08 13:14,2025-05-08 13:43,2025-05-08 14:43
LAB735237,ENC114877,PT10170,HGB,Hemoglobin,13.5,g/dL,12,17.5,N,STAT,2025-05-08 13:28,2025-05-08 13:58,2025-05-08 14:33
LAB735238,ENC114877,PT10170,NA,Sodium,138,mmol/L,136,145,N,STAT,2025-05-08 14:07,2025-05-08 14:31,2025-05-08 14:54
LAB735239,ENC114877,PT10170,K,Potassium,3.9,mmol/L,3.5,5.1,N,STAT,2025-05-08 13:19,2025-05-08 13:35,2025-05-08 14:01
LAB735240,ENC114877,PT10170,TROP,"Troponin I, High Sensitivity",72,ng/L,0,34,H,STAT,2025-05-08 14:08,2025-05-08 14:37,2025-05-08 15:20
LAB735241,ENC114877,PT10170,BNP,B-Type Natriuretic Peptide,1815,pg/mL,0,100,H,STAT,2025-05-08 13:04,2025-05-08 13:22,2025-05-08 14:25
LAB735242,ENC114878,PT10001,A1C,Hemoglobin A1c,8.8,%,4,5.6,H,Routine,2025-05-08 10:51,2025-05-08 11:18,2025-05-09 15:13
LAB735243,ENC114879,PT13847,LDL,LDL Cholesterol,132,mg/dL,0,99,H,Routine,2025-05-08 11:18,2025-05-08 11:29,2025-05-09 01:00
LAB735244,ENC114879,PT13847,TSH,Thyroid Stimulating Hormone,2.2,mIU/L,0.4,4,N,Routine,2025-05-08 11:20,2025-05-08 11:31,2025-05-09 11:51
LAB735245,ENC114880,PT10832,WBC,White Blood Cell Count,5.4,K/uL,4.5,11,N,Routine,2025-05-08 11:21,2025-05-08 11:32,2025-05-08 15:41
LAB735246,ENC114880,PT10832,HGB,Hemoglobin,15.4,g/dL,12,17.5,N,Routine,2025-05-08 11:24,2025-05-08 11:57,2025-05-08 16:20
LAB735247,ENC114880,PT10832,PLT,Platelet Count,208,K/uL,150,400,N,Routine,2025-05-08 11:23,2025-05-08 11:36,2025-05-08 14:09
LAB735248,ENC114882,PT12306,WBC,White Blood Cell Count,7.8,K/uL,4.5,11,N,Routine,2025-05-08 12:26,2025-05-08 13:01,2025-05-08 18:30
LAB735249,ENC114882,PT12306,HGB,Hemoglobin,13.5,g/dL,12,17.5,N,Routine,2025-05-08 12:34,2025-05-08 12:41,2025-05-08 16:57
LAB735250,ENC114882,PT12306,PLT,Platelet Count,311,K/uL,150,400,N,Routine,2025-05-08 12:36,2025-05-08 13:07,2025-05-08 15:00
LAB735251,ENC114883,PT12394,LDL,LDL Cholesterol,120,mg/dL,0,99,H,Routine,2025-05-08 13:18,2025-05-08 13:45,2025-05-09 02:38
LAB735252,ENC114884,PT12851,A1C,Hemoglobin A1c,5.4,%,4,5.6,N,Routine,2025-05-08 13:28,2025-05-08 13:35,2025-05-09 16:11
LAB735253,ENC114885,PT10392,LDL,LDL Cholesterol,94,mg/dL,0,99,N,Routine,2025-05-08 13:40,2025-05-08 14:11,2025-05-08 23:33
LAB735254,ENC114895,PT13992,GLU,Glucose,108,mg/dL,70,99,H,STAT,2025-05-08 17:25,2025-05-08 17:30,2025-05-08 18:04
LAB735255,ENC114895,PT13992,CREAT,Creatinine,0.64,mg/dL,0.6,1.3,N,STAT,2025-05-08 18:17,2025-05-08 18:37,2025-05-08 18:59
LAB735256,ENC114897,PT12296,TROP,"Troponin I, High Sensitivity",13,ng/L,0,34,N,STAT,2025-05-08 18:37,2025-05-08 19:01,2025-05-08 19:38
LAB735257,ENC114898,PT13584,GLU,Glucose,132,mg/dL,70,99,H,Routine,2025-05-08 21:13,2025-05-08 21:27,2025-05-09 00:54
LAB735258,ENC114898,PT13584,CREAT,Creatinine,1.04,mg/dL,0.6,1.3,N,STAT,2025-05-08 20:33,2025-05-08 21:02,2025-05-08 21:52
LAB735259,ENC114898,PT13584,WBC,White Blood Cell Count,8.4,K/uL,4.5,11,N,STAT,2025-05-08 21:22,2025-05-08 21:31,2025-05-08 22:30
LAB735260,ENC114898,PT13584,HGB,Hemoglobin,13.7,g/dL,12,17.5,N,STAT,2025-05-08 20:53,2025-05-08 21:06,2025-05-08 21:40
LAB735261,ENC114898,PT13584,NA,Sodium,140,mmol/L,136,145,N,STAT,2025-05-08 21:21,2025-05-08 21:39,2025-05-08 23:02
LAB735262,ENC114898,PT13584,K,Potassium,4.6,mmol/L,3.5,5.1,N,STAT,2025-05-08 21:24,2025-05-08 21:55,2025-05-08 22:29
LAB735263,ENC114899,PT11004,GLU,Glucose,76,mg/dL,70,99,N,STAT,2025-05-08 23:33,2025-05-08 23:47,2025-05-09 00:20
LAB735264,ENC114899,PT11004,CREAT,Creatinine,0.68,mg/dL,0.6,1.3,N,STAT,2025-05-08 23:33,2025-05-08 23:51,2025-05-09 00:57
LAB735265,ENC114899,PT11004,WBC,White Blood Cell Count,6.2,K/uL,4.5,11,N,STAT,2025-05-08 23:28,2025-05-08 23:54,2025-05-09 01:08
LAB735266,ENC114899,PT11004,HGB,Hemoglobin,14.5,g/dL,12,17.5,N,Routine,2025-05-08 22:49,2025-05-08 23:21,2025-05-09 00:13
LAB735267,ENC114899,PT11004,NA,Sodium,137,mmol/L,136,145,N,Routine,2025-05-08 23:00,2025-05-08 23:09,2025-05-09 03:07
LAB735268,ENC114899,PT11004,K,Potassium,3.8,mmol/L,3.5,5.1,N,STAT,2025-05-08 23:27,2025-05-08 23:32,2025-05-08 23:59
LAB735269,ENC114900,PT13960,GLU,Glucose,85,mg/dL,70,99,N,STAT,2025-05-08 20:28,2025-05-08 20:57,2025-05-08 21:31
LAB735270,ENC114900,PT13960,CREAT,Creatinine,1.12,mg/dL,0.6,1.3,N,STAT,2025-05-08 21:00,2025-05-08 21:20,2025-05-08 22:43
LAB735271,ENC114900,PT13960,WBC,White Blood Cell Count,10.2,K/uL,4.5,11,N,STAT,2025-05-08 20:53,2025-05-08 21:28,2025-05-08 22:27
LAB735272,ENC114900,PT13960,HGB,Hemoglobin,12.2,g/dL,12,17.5,N,STAT,2025-05-08 20:42,2025-05-08 21:11,2025-05-08 22:08
LAB735273,ENC114901,PT11860,GLU,Glucose,87,mg/dL,70,99,N,Routine,2025-05-08 21:34,2025-05-08 21:53,2025-05-09 00:48
LAB735274,ENC114901,PT11860,CREAT,Creatinine,0.91,mg/dL,0.6,1.3,N,STAT,2025-05-08 22:13,2025-05-08 22:47,2025-05-08 23:20
LAB735275,ENC114901,PT11860,WBC,White Blood Cell Count,8.2,K/uL,4.5,11,N,Routine,2025-05-08 22:23,2025-05-08 22:34,2025-05-09 01:54
LAB735276,ENC114901,PT11860,HGB,Hemoglobin,13.6,g/dL,12,17.5,N,STAT,2025-05-08 22:21,2025-05-08 22:47,2025-05-08 23:38
LAB735277,ENC114902,PT11674,GLU,Glucose,62,mg/dL,70,99,L,STAT,2025-05-08 22:41,2025-05-08 23:11,2025-05-09 01:16
LAB735278,ENC114902,PT11674,CREAT,Creatinine,0.88,mg/dL,0.6,1.3,N,Routine,2025-05-08 21:58,2025-05-08 22:29,2025-05-09 01:27
LAB735279,ENC114902,PT11674,WBC,White Blood Cell Count,9.2,K/uL,4.5,11,N,Routine,2025-05-08 22:38,2025-05-08 22:49,2025-05-09 03:37
LAB735280,ENC114902,PT11674,HGB,Hemoglobin,9.2,g/dL,12,17.5,L,STAT,2025-05-08 22:20,2025-05-08 22:25,2025-05-08 23:14
LAB735281,ENC114902,PT11674,BUN,Blood Urea Nitrogen,17,mg/dL,7,20,N,STAT,2025-05-08 21:57,2025-05-08 22:10,2025-05-08 22:54
LAB735282,ENC114902,PT11674,PLT,Platelet Count,360,K/uL,150,400,N,STAT,2025-05-08 21:59,2025-05-08 22:15,2025-05-08 22:29
LAB735283,ENC114903,PT13879,GLU,Glucose,109,mg/dL,70,99,H,Routine,2025-05-09 05:04,2025-05-09 05:33,2025-05-09 07:59
LAB735284,ENC114903,PT13879,CREAT,Creatinine,1.14,mg/dL,0.6,1.3,N,STAT,2025-05-09 04:55,2025-05-09 05:22,2025-05-09 06:01
LAB735285,ENC114903,PT13879,WBC,White Blood Cell Count,7.8,K/uL,4.5,11,N,Routine,2025-05-09 05:18,2025-05-09 05:37,2025-05-09 07:15
LAB735286,ENC114903,PT13879,TROP,"Troponin I, High Sensitivity",7,ng/L,0,34,N,STAT,2025-05-09 04:41,2025-05-09 04:57,2025-05-09 05:53
LAB735287,ENC114904,PT10657,GLU,Glucose,89,mg/dL,70,99,N,STAT,2025-05-09 06:57,2025-05-09 07:11,2025-05-09 07:54
LAB735288,ENC114904,PT10657,CREAT,Creatinine,1.06,mg/dL,0.6,1.3,N,STAT,2025-05-09 06:56,2025-05-09 07:14,2025-05-09 07:43
LAB735289,ENC114904,PT10657,WBC,White Blood Cell Count,7.7,K/uL,4.5,11,N,STAT,2025-05-09 06:43,2025-05-09 07:18,2025-05-09 09:21
LAB735290,ENC114904,PT10657,HGB,Hemoglobin,14.3,g/dL,12,17.5,N,STAT,2025-05-09 06:54,2025-05-09 07:18,2025-05-09 07:52
LAB735291,ENC114908,PT11105,LDL,LDL Cholesterol,114,mg/dL,0,99,H,Routine,2025-05-09 09:58,2025-05-09 10:16,2025-05-10 05:09
LAB735292,ENC114908,PT11105,A1C,Hemoglobin A1c,5.6,%,4,5.6,N,Routine,2025-05-09 09:58,2025-05-09 10:27,2025-05-10 02:16
LAB735293,ENC114909,PT11896,A1C,Hemoglobin A1c,5.8,%,4,5.6,H,Routine,2025-05-09 10:08,2025-05-09 10:26,2025-05-09 15:27
LAB735294,ENC114909,PT11896,GLU,Glucose,137,mg/dL,70,99,H,Routine,2025-05-09 10:00,2025-05-09 10:21,2025-05-09 13:05
LAB735295,ENC114909,PT11896,CREAT,Creatinine,1.05,mg/dL,0.6,1.3,N,Routine,2025-05-09 10:00,2025-05-09 10:08,2025-05-09 12:57
LAB735296,ENC114910,PT12170,GLU,Glucose,75,mg/dL,70,99,N,Routine,2025-05-09 13:36,2025-05-09 13:59,2025-05-09 16:21
LAB735297,ENC114910,PT12170,CREAT,Creatinine,0.92,mg/dL,0.6,1.3,N,Routine,2025-05-09 13:16,2025-05-09 13:45,2025-05-09 15:58
LAB735298,ENC114910,PT12170,WBC,White Blood Cell Count,6.8,K/uL,4.5,11,N,Routine,2025-05-09 13:27,2025-05-09 13:51,2025-05-09 15:56
LAB735299,ENC114910,PT12170,HGB,Hemoglobin,13.1,g/dL,12,17.5,N,STAT,2025-05-09 13:31,2025-05-09 13:52,2025-05-09 14:34
LAB735300,ENC114912,PT10276,GLU,Glucose,221,mg/dL,70,99,H,STAT,2025-05-09 15:33,2025-05-09 15:45,2025-05-09 16:42
LAB735301,ENC114912,PT10276,CREAT,Creatinine,0.96,mg/dL,0.6,1.3,N,STAT,2025-05-09 14:48,2025-05-09 14:52,2025-05-09 15:47
LAB735302,ENC114912,PT10276,WBC,White Blood Cell Count,9.7,K/uL,4.5,11,N,STAT,2025-05-09 15:20,2025-05-09 15:29,2025-05-09 16:39
LAB735303,ENC114912,PT10276,HGB,Hemoglobin,13.5,g/dL,12,17.5,N,STAT,2025-05-09 14:47,2025-05-09 15:20,2025-05-09 16:19
LAB735304,ENC114912,PT10276,LACT,Lactate,4.3,mmol/L,0.5,2,HH,STAT,2025-05-09 15:16,2025-05-09 15:28,2025-05-09 16:14
LAB735305,ENC114913,PT12220,GLU,Glucose,192,mg/dL,70,99,H,Routine,2025-05-09 14:39,2025-05-09 14:49,2025-05-09 18:21
LAB735306,ENC114913,PT12220,CREAT,Creatinine,0.87,mg/dL,0.6,1.3,N,Routine,2025-05-09 14:55,2025-05-09 15:09,2025-05-09 17:15
LAB735307,ENC114913,PT12220,WBC,White Blood Cell Count,7.3,K/uL,4.5,11,N,Routine,2025-05-09 15:01,2025-05-09 15:29,2025-05-09 17:09
LAB735308,ENC114913,PT12220,HGB,Hemoglobin,15.1,g/dL,12,17.5,N,Routine,2025-05-09 15:10,2025-05-09 15:39,2025-05-09 16:51
LAB735309,ENC114913,PT12220,INR,Prothrombin Time INR,1.2,ratio,0.8,1.2,N,STAT,2025-05-09 15:07,2025-05-09 15:18,2025-05-09 16:14
LAB735310,ENC114916,PT13684,WBC,White Blood Cell Count,7.7,K/uL,4.5,11,N,Routine,2025-05-09 11:25,2025-05-09 11:46,2025-05-09 13:32
LAB735311,ENC114916,PT13684,HGB,Hemoglobin,15.6,g/dL,12,17.5,N,Routine,2025-05-09 11:20,2025-05-09 11:39,2025-05-09 18:41
LAB735312,ENC114916,PT13684,PLT,Platelet Count,203,K/uL,150,400,N,Routine,2025-05-09 11:31,2025-05-09 11:59,2025-05-09 14:04
LAB735313,ENC114920,PT10527,WBC,White Blood Cell Count,11.1,K/uL,4.5,11,H,Routine,2025-05-09 14:41,2025-05-09 14:46,2025-05-09 17:35
LAB735314,ENC114920,PT10527,HGB,Hemoglobin,11.8,g/dL,12,17.5,L,Routine,2025-05-09 14:52,2025-05-09 15:21,2025-05-09 18:42
LAB735315,ENC114920,PT10527,PLT,Platelet Count,203,K/uL,150,400,N,Routine,2025-05-09 14:53,2025-05-09 15:24,2025-05-09 17:38
LAB735316,ENC114924,PT11380,GLU,Glucose,86,mg/dL,70,99,N,STAT,2025-05-09 20:35,2025-05-09 20:53,2025-05-09 21:53
LAB735317,ENC114924,PT11380,CREAT,Creatinine,0.66,mg/dL,0.6,1.3,N,Routine,2025-05-09 21:16,2025-05-09 21:23,2025-05-09 22:35
LAB735318,ENC114924,PT11380,WBC,White Blood Cell Count,6.9,K/uL,4.5,11,N,Routine,2025-05-09 20:39,2025-05-09 20:55,2025-05-09 23:48
LAB735319,ENC114924,PT11380,HGB,Hemoglobin,15.9,g/dL,12,17.5,N,STAT,2025-05-09 21:25,2025-05-09 21:50,2025-05-09 22:33
LAB735320,ENC114924,PT11380,NA,Sodium,120,mmol/L,136,145,L,Routine,2025-05-09 21:30,2025-05-09 21:58,2025-05-10 01:06
LAB735321,ENC114924,PT11380,K,Potassium,3.6,mmol/L,3.5,5.1,N,STAT,2025-05-09 21:11,2025-05-09 21:38,2025-05-09 22:02
LAB735322,ENC114925,PT12636,INR,Prothrombin Time INR,2.7,ratio,0.8,1.2,H,Routine,2025-05-09 16:25,2025-05-09 16:42,2025-05-09 17:26
LAB735323,ENC114928,PT12371,GLU,Glucose,90,mg/dL,70,99,N,Routine,2025-05-09 18:57,2025-05-09 19:05,2025-05-09 21:48
LAB735324,ENC114928,PT12371,CREAT,Creatinine,0.58,mg/dL,0.6,1.3,L,STAT,2025-05-09 19:17,2025-05-09 19:51,2025-05-09 20:31
LAB735325,ENC114928,PT12371,TROP,"Troponin I, High Sensitivity",6,ng/L,0,34,N,STAT,2025-05-09 19:38,2025-05-09 20:13,2025-05-09 21:02
LAB735326,ENC114929,PT10101,GLU,Glucose,103,mg/dL,70,99,H,Routine,2025-05-09 21:14,2025-05-09 21:20,2025-05-10 00:39
LAB735327,ENC114929,PT10101,CREAT,Creatinine,1.09,mg/dL,0.6,1.3,N,Routine,2025-05-09 21:20,2025-05-09 21:24,2025-05-10 03:11
LAB735328,ENC114929,PT10101,WBC,White Blood Cell Count,14,K/uL,4.5,11,H,Routine,2025-05-09 20:35,2025-05-09 20:58,2025-05-09 21:38
LAB735329,ENC114929,PT10101,HGB,Hemoglobin,15.4,g/dL,12,17.5,N,Routine,2025-05-09 21:07,2025-05-09 21:33,2025-05-10 00:17
LAB735330,ENC114931,PT10239,GLU,Glucose,89,mg/dL,70,99,N,STAT,2025-05-09 21:23,2025-05-09 21:36,2025-05-09 22:20
LAB735331,ENC114931,PT10239,CREAT,Creatinine,1.08,mg/dL,0.6,1.3,N,Routine,2025-05-09 21:15,2025-05-09 21:39,2025-05-10 03:19
LAB735332,ENC114931,PT10239,WBC,White Blood Cell Count,8,K/uL,4.5,11,N,STAT,2025-05-09 21:50,2025-05-09 22:17,2025-05-09 22:43
LAB735333,ENC114931,PT10239,HGB,Hemoglobin,15.4,g/dL,12,17.5,N,STAT,2025-05-09 21:06,2025-05-09 21:25,2025-05-09 22:27
LAB735334,ENC114931,PT10239,BUN,Blood Urea Nitrogen,11,mg/dL,7,20,N,STAT,2025-05-09 20:55,2025-05-09 21:16,2025-05-09 21:52
LAB735335,ENC114931,PT10239,PLT,Platelet Count,181,K/uL,150,400,N,STAT,2025-05-09 21:57,2025-05-09 22:21,2025-05-09 22:38
LAB735336,ENC114932,PT12023,GLU,Glucose,163,mg/dL,70,99,H,STAT,2025-05-09 21:02,2025-05-09 21:07,2025-05-09 21:49
LAB735337,ENC114932,PT12023,CREAT,Creatinine,2.17,mg/dL,0.6,1.3,H,STAT,2025-05-09 21:08,2025-05-09 21:36,2025-05-09 22:11
LAB735338,ENC114932,PT12023,WBC,White Blood Cell Count,14.8,K/uL,4.5,11,H,STAT,2025-05-09 21:15,2025-05-09 21:29,2025-05-09 22:42
LAB735339,ENC114932,PT12023,HGB,Hemoglobin,14.1,g/dL,12,17.5,N,Routine,2025-05-09 21:29,2025-05-09 21:49,2025-05-09 23:56
LAB735340,ENC114932,PT12023,BUN,Blood Urea Nitrogen,13,mg/dL,7,20,N,Routine,2025-05-09 21:49,2025-05-09 22:12,2025-05-10 01:26
LAB735341,ENC114932,PT12023,PLT,Platelet Count,197,K/uL,150,400,N,STAT,2025-05-09 21:07,2025-05-09 21:40,2025-05-09 22:09
LAB735342,ENC114932,PT12023,LACT,Lactate,1.6,mmol/L,0.5,2,N,STAT,2025-05-09 21:43,2025-05-09 21:56,2025-05-09 22:26
LAB735343,ENC114934,PT10589,GLU,Glucose,128,mg/dL,70,99,H,STAT,2025-05-10 06:04,2025-05-10 06:15,2025-05-10 07:22
LAB735344,ENC114934,PT10589,CREAT,Creatinine,0.98,mg/dL,0.6,1.3,N,STAT,2025-05-10 05:34,2025-05-10 05:51,2025-05-10 06:19
LAB735345,ENC114934,PT10589,WBC,White Blood Cell Count,15.9,K/uL,4.5,11,H,STAT,2025-05-10 05:35,2025-05-10 05:54,2025-05-10 06:27
LAB735346,ENC114934,PT10589,HGB,Hemoglobin,14.7,g/dL,12,17.5,N,Routine,2025-05-10 05:30,2025-05-10 05:49,2025-05-10 08:11
LAB735347,ENC114936,PT12936,GLU,Glucose,113,mg/dL,70,99,H,Routine,2025-05-10 11:25,2025-05-10 11:57,2025-05-10 16:29
LAB735348,ENC114936,PT12936,CREAT,Creatinine,0.81,mg/dL,0.6,1.3,N,STAT,2025-05-10 11:21,2025-05-10 11:49,2025-05-10 12:32
LAB735349,ENC114936,PT12936,WBC,White Blood Cell Count,8.4,K/uL,4.5,11,N,Routine,2025-05-10 11:20,2025-05-10 11:24,2025-05-10 13:03
LAB735350,ENC114936,PT12936,HGB,Hemoglobin,15.6,g/dL,12,17.5,N,Routine,2025-05-10 11:19,2025-05-10 11:47,2025-05-10 15:09
LAB735351,ENC114936,PT12936,NA,Sodium,140,mmol/L,136,145,N,Routine,2025-05-10 11:13,2025-05-10 11:22,2025-05-10 12:25
LAB735352,ENC114936,PT12936,K,Potassium,4.1,mmol/L,3.5,5.1,N,STAT,2025-05-10 11:24,2025-05-10 11:35,2025-05-10 12:27
LAB735353,ENC114937,PT12730,GLU,Glucose,106,mg/dL,70,99,H,STAT,2025-05-10 13:12,2025-05-10 13:35,2025-05-10 14:15
LAB735354,ENC114937,PT12730,CREAT,Creatinine,0.84,mg/dL,0.6,1.3,N,STAT,2025-05-10 13:03,2025-05-10 13:33,2025-05-10 14:21
LAB735355,ENC114937,PT12730,WBC,White Blood Cell Count,7.7,K/uL,4.5,11,N,Routine,2025-05-10 12:57,2025-05-10 13:11,2025-05-10 17:51
LAB735356,ENC114937,PT12730,HGB,Hemoglobin,12.7,g/dL,12,17.5,N,STAT,2025-05-10 13:17,2025-05-10 13:29,2025-05-10 14:14
LAB735357,ENC114939,PT11761,TROP,"Troponin I, High Sensitivity",8,ng/L,0,34,N,STAT,2025-05-10 10:19,2025-05-10 10:32,2025-05-10 11:54
LAB735358,ENC114942,PT10428,GLU,Glucose,115,mg/dL,70,99,H,Routine,2025-05-10 18:40,2025-05-10 19:05,2025-05-10 21:11
LAB735359,ENC114942,PT10428,CREAT,Creatinine,1.09,mg/dL,0.6,1.3,N,STAT,2025-05-10 18:33,2025-05-10 18:54,2025-05-10 20:20
LAB735360,ENC114942,PT10428,WBC,White Blood Cell Count,9.4,K/uL,4.5,11,N,STAT,2025-05-10 18:39,2025-05-10 18:59,2025-05-10 19:50
LAB735361,ENC114942,PT10428,HGB,Hemoglobin,13.8,g/dL,12,17.5,N,Routine,2025-05-10 19:04,2025-05-10 19:20,2025-05-10 20:55
LAB735362,ENC114942,PT10428,NA,Sodium,143,mmol/L,136,145,N,STAT,2025-05-10 19:17,2025-05-10 19:40,2025-05-10 20:19
LAB735363,ENC114942,PT10428,K,Potassium,4.1,mmol/L,3.5,5.1,N,STAT,2025-05-10 19:31,2025-05-10 19:55,2025-05-10 20:25
LAB735364,ENC114944,PT13330,TROP,"Troponin I, High Sensitivity",50,ng/L,0,34,H,STAT,2025-05-10 20:10,2025-05-10 20:18,2025-05-10 21:09
LAB735365,ENC114946,PT10114,GLU,Glucose,78,mg/dL,70,99,N,STAT,2025-05-10 21:58,2025-05-10 22:20,2025-05-10 23:01
LAB735366,ENC114946,PT10114,CREAT,Creatinine,0.92,mg/dL,0.6,1.3,N,STAT,2025-05-10 21:43,2025-05-10 22:13,2025-05-10 22:54
LAB735367,ENC114947,PT12874,GLU,Glucose,120,mg/dL,70,99,H,Routine,2025-05-11 03:46,2025-05-11 03:58,2025-05-11 08:48
LAB735368,ENC114947,PT12874,CREAT,Creatinine,0.87,mg/dL,0.6,1.3,N,STAT,2025-05-11 04:08,2025-05-11 04:26,2025-05-11 05:24
LAB735369,ENC114947,PT12874,WBC,White Blood Cell Count,9.3,K/uL,4.5,11,N,STAT,2025-05-11 03:41,2025-05-11 04:09,2025-05-11 04:42
LAB735370,ENC114947,PT12874,HGB,Hemoglobin,14.5,g/dL,12,17.5,N,Routine,2025-05-11 04:13,2025-05-11 04:32,2025-05-11 06:04
LAB735371,ENC114947,PT12874,BUN,Blood Urea Nitrogen,15,mg/dL,7,20,N,STAT,2025-05-11 03:45,2025-05-11 04:14,2025-05-11 04:48
LAB735372,ENC114947,PT12874,PLT,Platelet Count,297,K/uL,150,400,N,Routine,2025-05-11 03:32,2025-05-11 03:41,2025-05-11 06:05
LAB735373,ENC114950,PT13711,GLU,Glucose,101,mg/dL,70,99,H,STAT,2025-05-11 09:18,2025-05-11 09:51,2025-05-11 10:26
LAB735374,ENC114950,PT13711,CREAT,Creatinine,1.08,mg/dL,0.6,1.3,N,STAT,2025-05-11 09:22,2025-05-11 09:46,2025-05-11 11:10
LAB735375,ENC114950,PT13711,WBC,White Blood Cell Count,6.2,K/uL,4.5,11,N,STAT,2025-05-11 09:19,2025-05-11 09:30,2025-05-11 10:18
LAB735376,ENC114950,PT13711,HGB,Hemoglobin,13.6,g/dL,12,17.5,N,Routine,2025-05-11 10:16,2025-05-11 10:37,2025-05-11 11:55
LAB735377,ENC114951,PT13168,GLU,Glucose,180,mg/dL,70,99,H,Routine,2025-05-11 13:37,2025-05-11 13:46,2025-05-11 16:23
LAB735378,ENC114951,PT13168,CREAT,Creatinine,0.87,mg/dL,0.6,1.3,N,STAT,2025-05-11 13:29,2025-05-11 13:55,2025-05-11 14:58
LAB735379,ENC114951,PT13168,WBC,White Blood Cell Count,10,K/uL,4.5,11,N,STAT,2025-05-11 12:52,2025-05-11 13:22,2025-05-11 14:07
LAB735380,ENC114951,PT13168,HGB,Hemoglobin,11.7,g/dL,12,17.5,L,STAT,2025-05-11 12:47,2025-05-11 13:10,2025-05-11 13:54
LAB735381,ENC114952,PT10921,GLU,Glucose,158,mg/dL,70,99,H,Routine,2025-05-11 13:11,2025-05-11 13:22,2025-05-11 15:48
LAB735382,ENC114952,PT10921,CREAT,Creatinine,1.36,mg/dL,0.6,1.3,H,Routine,2025-05-11 13:58,2025-05-11 14:16,2025-05-11 15:28
LAB735383,ENC114952,PT10921,WBC,White Blood Cell Count,13.9,K/uL,4.5,11,H,STAT,2025-05-11 13:25,2025-05-11 14:00,2025-05-11 14:17
LAB735384,ENC114952,PT10921,HGB,Hemoglobin,13.4,g/dL,12,17.5,N,STAT,2025-05-11 13:03,2025-05-11 13:26,2025-05-11 13:53
LAB735385,ENC114952,PT10921,LACT,Lactate,2.2,mmol/L,0.5,2,H,STAT,2025-05-11 13:14,2025-05-11 13:31,2025-05-11 14:42
LAB735386,ENC114953,PT11491,GLU,Glucose,146,mg/dL,70,99,H,Routine,2025-05-11 15:43,2025-05-11 16:15,2025-05-11 18:46
LAB735387,ENC114953,PT11491,CREAT,Creatinine,1.03,mg/dL,0.6,1.3,N,Routine,2025-05-11 15:49,2025-05-11 15:56,2025-05-11 20:06
LAB735388,ENC114953,PT11491,WBC,White Blood Cell Count,9.1,K/uL,4.5,11,N,STAT,2025-05-11 15:19,2025-05-11 15:44,2025-05-11 16:04
LAB735389,ENC114953,PT11491,HGB,Hemoglobin,12,g/dL,12,17.5,N,STAT,2025-05-11 15:56,2025-05-11 16:08,2025-05-11 16:58
LAB735390,ENC114957,PT11498,GLU,Glucose,92,mg/dL,70,99,N,Routine,2025-05-11 16:56,2025-05-11 17:30,2025-05-11 19:34
LAB735391,ENC114957,PT11498,CREAT,Creatinine,0.58,mg/dL,0.6,1.3,L,STAT,2025-05-11 17:40,2025-05-11 18:15,2025-05-11 18:56
LAB735392,ENC114957,PT11498,WBC,White Blood Cell Count,6.1,K/uL,4.5,11,N,STAT,2025-05-11 17:54,2025-05-11 18:01,2025-05-11 18:23
LAB735393,ENC114957,PT11498,HGB,Hemoglobin,15.1,g/dL,12,17.5,N,Routine,2025-05-11 17:24,2025-05-11 17:46,2025-05-11 19:38
LAB735394,ENC114957,PT11498,NA,Sodium,138,mmol/L,136,145,N,STAT,2025-05-11 17:14,2025-05-11 17:31,2025-05-11 18:11
LAB735395,ENC114957,PT11498,K,Potassium,3.9,mmol/L,3.5,5.1,N,STAT,2025-05-11 16:47,2025-05-11 17:07,2025-05-11 17:51
LAB735396,ENC114962,PT10493,GLU,Glucose,62,mg/dL,70,99,L,Routine,2025-05-12 02:12,2025-05-12 02:31,2025-05-12 05:06
LAB735397,ENC114962,PT10493,CREAT,Creatinine,0.85,mg/dL,0.6,1.3,N,STAT,2025-05-12 01:49,2025-05-12 01:53,2025-05-12 03:16
LAB735398,ENC114962,PT10493,WBC,White Blood Cell Count,6.1,K/uL,4.5,11,N,Routine,2025-05-12 01:48,2025-05-12 01:56,2025-05-12 03:57
LAB735399,ENC114962,PT10493,HGB,Hemoglobin,15.3,g/dL,12,17.5,N,Routine,2025-05-12 02:00,2025-05-12 02:24,2025-05-12 04:34
LAB735400,ENC114962,PT10493,NA,Sodium,140,mmol/L,136,145,N,STAT,2025-05-12 02:58,2025-05-12 03:09,2025-05-12 03:31
LAB735401,ENC114962,PT10493,K,Potassium,4.2,mmol/L,3.5,5.1,N,STAT,2025-05-12 01:48,2025-05-12 02:02,2025-05-12 02:54
LAB735402,ENC114963,PT10281,GLU,Glucose,112,mg/dL,70,99,H,Routine,2025-05-12 02:36,2025-05-12 03:10,2025-05-12 08:12
LAB735403,ENC114963,PT10281,CREAT,Creatinine,1.07,mg/dL,0.6,1.3,N,STAT,2025-05-12 03:21,2025-05-12 03:49,2025-05-12 04:20
LAB735404,ENC114963,PT10281,WBC,White Blood Cell Count,6.3,K/uL,4.5,11,N,STAT,2025-05-12 02:40,2025-05-12 02:55,2025-05-12 03:13
LAB735405,ENC114963,PT10281,HGB,Hemoglobin,13,g/dL,12,17.5,N,STAT,2025-05-12 02:32,2025-05-12 02:50,2025-05-12 03:25
LAB735406,ENC114963,PT10281,NA,Sodium,138,mmol/L,136,145,N,STAT,2025-05-12 03:35,2025-05-12 03:44,2025-05-12 04:34
LAB735407,ENC114963,PT10281,K,Potassium,4.2,mmol/L,3.5,5.1,N,STAT,2025-05-12 02:31,2025-05-12 02:44,2025-05-12 03:21
LAB735408,ENC114964,PT11792,GLU,Glucose,305,mg/dL,70,99,H,STAT,2025-05-12 00:42,2025-05-12 00:52,2025-05-12 01:11
LAB735409,ENC114964,PT11792,CREAT,Creatinine,0.92,mg/dL,0.6,1.3,N,Routine,2025-05-12 00:19,2025-05-12 00:39,2025-05-12 03:54
LAB735410,ENC114964,PT11792,WBC,White Blood Cell Count,6.2,K/uL,4.5,11,N,Routine,2025-05-12 00:27,2025-05-12 00:40,2025-05-12 02:45
LAB735411,ENC114964,PT11792,HGB,Hemoglobin,12.1,g/dL,12,17.5,N,Routine,2025-05-12 00:17,2025-05-12 00:43,2025-05-12 02:18
LAB735412,ENC114964,PT11792,TROP,"Troponin I, High Sensitivity",9,ng/L,0,34,N,STAT,2025-05-12 01:13,2025-05-12 01:35,2025-05-12 02:45
LAB735413,ENC114966,PT12317,LDL,LDL Cholesterol,128,mg/dL,0,99,H,Routine,2025-05-12 08:37,2025-05-12 09:07,2025-05-12 20:25
LAB735414,ENC114966,PT12317,A1C,Hemoglobin A1c,5.4,%,4,5.6,N,Routine,2025-05-12 08:37,2025-05-12 09:04,2025-05-13 02:53
LAB735415,ENC114966,PT12317,TSH,Thyroid Stimulating Hormone,3.2,mIU/L,0.4,4,N,Routine,2025-05-12 08:35,2025-05-12 09:04,2025-05-13 10:44
LAB735416,ENC114970,PT13793,GLU,Glucose,132,mg/dL,70,99,H,Routine,2025-05-12 14:07,2025-05-12 14:14,2025-05-12 15:44
LAB735417,ENC114970,PT13793,CREAT,Creatinine,2.09,mg/dL,0.6,1.3,H,STAT,2025-05-12 14:59,2025-05-12 15:08,2025-05-12 15:36
LAB735418,ENC114970,PT13793,WBC,White Blood Cell Count,8.6,K/uL,4.5,11,N,STAT,2025-05-12 14:20,2025-05-12 14:51,2025-05-12 15:48
LAB735419,ENC114970,PT13793,HGB,Hemoglobin,11.4,g/dL,12,17.5,L,Routine,2025-05-12 14:39,2025-05-12 14:46,2025-05-12 16:01
LAB735420,ENC114974,PT10143,A1C,Hemoglobin A1c,8.9,%,4,5.6,H,Routine,2025-05-12 11:37,2025-05-12 12:01,2025-05-12 20:25
LAB735421,ENC114974,PT10143,GLU,Glucose,176,mg/dL,70,99,H,Routine,2025-05-12 11:39,2025-05-12 11:58,2025-05-12 16:12
LAB735422,ENC114974,PT10143,CREAT,Creatinine,0.9,mg/dL,0.6,1.3,N,Routine,2025-05-12 12:00,2025-05-12 12:22,2025-05-12 16:32
LAB735423,ENC114975,PT11944,GLU,Glucose,121,mg/dL,70,99,H,Routine,2025-05-12 13:58,2025-05-12 14:03,2025-05-12 15:29
LAB735424,ENC114975,PT11944,CREAT,Creatinine,1.93,mg/dL,0.6,1.3,H,STAT,2025-05-12 14:12,2025-05-12 14:41,2025-05-12 16:22
LAB735425,ENC114975,PT11944,WBC,White Blood Cell Count,8.7,K/uL,4.5,11,N,STAT,2025-05-12 13:50,2025-05-12 14:09,2025-05-12 14:51
LAB735426,ENC114975,PT11944,HGB,Hemoglobin,10.5,g/dL,12,17.5,L,Routine,2025-05-12 13:58,2025-05-12 14:15,2025-05-12 15:47
LAB735427,ENC114976,PT13715,GLU,Glucose,304,mg/dL,70,99,H,Routine,2025-05-12 16:13,2025-05-12 16:17,2025-05-12 19:34
LAB735428,ENC114976,PT13715,CREAT,Creatinine,2.31,mg/dL,0.6,1.3,H,STAT,2025-05-12 16:10,2025-05-12 16:36,2025-05-12 17:31
LAB735429,ENC114976,PT13715,WBC,White Blood Cell Count,6.4,K/uL,4.5,11,N,Routine,2025-05-12 16:29,2025-05-12 16:39,2025-05-12 18:36
LAB735430,ENC114976,PT13715,HGB,Hemoglobin,10.9,g/dL,12,17.5,L,STAT,2025-05-12 16:21,2025-05-12 16:38,2025-05-12 17:11
LAB735431,ENC114976,PT13715,NA,Sodium,140,mmol/L,136,145,N,STAT,2025-05-12 15:31,2025-05-12 15:53,2025-05-12 16:34
LAB735432,ENC114976,PT13715,K,Potassium,4.4,mmol/L,3.5,5.1,N,STAT,2025-05-12 15:55,2025-05-12 16:26,2025-05-12 16:59
LAB735433,ENC114976,PT13715,A1C,Hemoglobin A1c,10.9,%,4,5.6,H,STAT,2025-05-12 16:22,2025-05-12 16:39,2025-05-12 17:36
LAB735434,ENC114978,PT13376,LDL,LDL Cholesterol,114,mg/dL,0,99,H,Routine,2025-05-12 12:44,2025-05-12 12:49,2025-05-14 11:00
LAB735435,ENC114978,PT13376,TSH,Thyroid Stimulating Hormone,0.5,mIU/L,0.4,4,N,Routine,2025-05-12 12:44,2025-05-12 13:03,2025-05-13 00:10
LAB735436,ENC114979,PT10787,GLU,Glucose,114,mg/dL,70,99,H,STAT,2025-05-12 15:11,2025-05-12 15:20,2025-05-12 15:50
LAB735437,ENC114979,PT10787,CREAT,Creatinine,0.64,mg/dL,0.6,1.3,N,STAT,2025-05-12 15:07,2025-05-12 15:42,2025-05-12 16:23
LAB735438,ENC114979,PT10787,WBC,White Blood Cell Count,0.5,K/uL,4.5,11,LL,STAT,2025-05-12 15:34,2025-05-12 15:41,2025-05-12 16:19
LAB735439,ENC114979,PT10787,HGB,Hemoglobin,12.3,g/dL,12,17.5,N,STAT,2025-05-12 14:54,2025-05-12 15:24,2025-05-12 16:04
LAB735440,ENC114980,PT11190,GLU,Glucose,105,mg/dL,70,99,H,Routine,2025-05-12 17:36,2025-05-12 18:04,2025-05-13 00:03
LAB735441,ENC114980,PT11190,CREAT,Creatinine,0.98,mg/dL,0.6,1.3,N,Routine,2025-05-12 16:59,2025-05-12 17:07,2025-05-12 18:14
LAB735442,ENC114980,PT11190,WBC,White Blood Cell Count,5,K/uL,4.5,11,N,STAT,2025-05-12 16:52,2025-05-12 16:59,2025-05-12 17:25
LAB735443,ENC114980,PT11190,HGB,Hemoglobin,14.4,g/dL,12,17.5,N,STAT,2025-05-12 17:19,2025-05-12 17:40,2025-05-12 18:20
LAB735444,ENC114980,PT11190,NA,Sodium,139,mmol/L,136,145,N,STAT,2025-05-12 16:46,2025-05-12 17:21,2025-05-12 18:12
LAB735445,ENC114980,PT11190,K,Potassium,4.1,mmol/L,3.5,5.1,N,STAT,2025-05-12 16:44,2025-05-12 16:50,2025-05-12 17:34
LAB735446,ENC114982,PT10375,WBC,White Blood Cell Count,5.9,K/uL,4.5,11,N,Routine,2025-05-12 13:04,2025-05-12 13:17,2025-05-12 15:52
LAB735447,ENC114982,PT10375,HGB,Hemoglobin,11.3,g/dL,12,17.5,L,Routine,2025-05-12 12:56,2025-05-12 13:08,2025-05-12 16:16
LAB735448,ENC114982,PT10375,PLT,Platelet Count,330,K/uL,150,400,N,Routine,2025-05-12 13:10,2025-05-12 13:28,2025-05-12 15:46
LAB735449,ENC114985,PT13768,WBC,White Blood Cell Count,10.3,K/uL,4.5,11,N,Routine,2025-05-12 15:54,2025-05-12 16:17,2025-05-12 18:25
LAB735450,ENC114985,PT13768,HGB,Hemoglobin,9.3,g/dL,12,17.5,L,Routine,2025-05-12 15:56,2025-05-12 16:23,2025-05-12 18:21
LAB735451,ENC114985,PT13768,PLT,Platelet Count,271,K/uL,150,400,N,Routine,2025-05-12 15:57,2025-05-12 16:27,2025-05-12 18:40
LAB735452,ENC114986,PT12701,LDL,LDL Cholesterol,202,mg/dL,0,99,H,Routine,2025-05-12 16:13,2025-05-12 16:40,2025-05-13 21:20
LAB735453,ENC114986,PT12701,A1C,Hemoglobin A1c,5.1,%,4,5.6,N,Routine,2025-05-12 16:21,2025-05-12 16:36,2025-05-12 23:43
LAB735454,ENC114989,PT10206,GLU,Glucose,193,mg/dL,70,99,H,Routine,2025-05-12 20:13,2025-05-12 20:21,2025-05-12 22:48
LAB735455,ENC114989,PT10206,CREAT,Creatinine,1.27,mg/dL,0.6,1.3,N,Routine,2025-05-12 20:03,2025-05-12 20:13,2025-05-12 21:57
LAB735456,ENC114989,PT10206,WBC,White Blood Cell Count,20.1,K/uL,4.5,11,H,STAT,2025-05-12 20:22,2025-05-12 20:39,2025-05-12 21:09
LAB735457,ENC114989,PT10206,HGB,Hemoglobin,15.4,g/dL,12,17.5,N,Routine,2025-05-12 20:35,2025-05-12 20:51,2025-05-12 23:11
LAB735458,ENC114989,PT10206,LACT,Lactate,2.3,mmol/L,0.5,2,H,STAT,2025-05-12 20:11,2025-05-12 20:15,2025-05-12 20:50
LAB735459,ENC114994,PT12321,GLU,Glucose,128,mg/dL,70,99,H,Routine,2025-05-12 21:52,2025-05-12 22:09,2025-05-13 00:57
LAB735460,ENC114994,PT12321,CREAT,Creatinine,0.81,mg/dL,0.6,1.3,N,STAT,2025-05-12 21:31,2025-05-12 22:02,2025-05-12 22:45
LAB735461,ENC114994,PT12321,WBC,White Blood Cell Count,22.4,K/uL,4.5,11,H,Routine,2025-05-12 21:22,2025-05-12 21:49,2025-05-13 01:03
LAB735462,ENC114994,PT12321,HGB,Hemoglobin,12.5,g/dL,12,17.5,N,STAT,2025-05-12 21:54,2025-05-12 22:11,2025-05-12 22:56
LAB735463,ENC114995,PT10894,GLU,Glucose,165,mg/dL,70,99,H,Routine,2025-05-12 21:06,2025-05-12 21:41,2025-05-12 23:41
LAB735464,ENC114995,PT10894,CREAT,Creatinine,2.13,mg/dL,0.6,1.3,H,Routine,2025-05-12 21:55,2025-05-12 22:20,2025-05-13 03:26
LAB735465,ENC114995,PT10894,WBC,White Blood Cell Count,24,K/uL,4.5,11,H,STAT,2025-05-12 21:26,2025-05-12 21:38,2025-05-12 22:06
LAB735466,ENC114995,PT10894,HGB,Hemoglobin,14.8,g/dL,12,17.5,N,STAT,2025-05-12 22:07,2025-05-12 22:33,2025-05-12 23:01
LAB735467,ENC114995,PT10894,LACT,Lactate,4.8,mmol/L,0.5,2,HH,STAT,2025-05-12 21:34,2025-05-12 21:40,2025-05-12 22:26
LAB735468,ENC114997,PT13507,GLU,Glucose,89,mg/dL,70,99,N,STAT,2025-05-12 20:15,2025-05-12 20:39,2025-05-12 21:07
LAB735469,ENC114997,PT13507,CREAT,Creatinine,1.07,mg/dL,0.6,1.3,N,STAT,2025-05-12 20:38,2025-05-12 21:07,2025-05-12 21:41
LAB735470,ENC114997,PT13507,WBC,White Blood Cell Count,11.1,K/uL,4.5,11,H,STAT,2025-05-12 20:24,2025-05-12 20:38,2025-05-12 22:06
LAB735471,ENC114997,PT13507,HGB,Hemoglobin,15.4,g/dL,12,17.5,N,STAT,2025-05-12 20:36,2025-05-12 20:55,2025-05-12 22:17
LAB735472,ENC114997,PT13507,NA,Sodium,139,mmol/L,136,145,N,STAT,2025-05-12 20:30,2025-05-12 20:37,2025-05-12 21:07
LAB735473,ENC114997,PT13507,K,Potassium,4.1,mmol/L,3.5,5.1,N,STAT,2025-05-12 20:00,2025-05-12 20:16,2025-05-12 20:32
LAB735474,ENC114997,PT13507,BUN,Blood Urea Nitrogen,24,mg/dL,7,20,H,STAT,2025-05-12 20:07,2025-05-12 20:11,2025-05-12 20:49
LAB735475,ENC114997,PT13507,PLT,Platelet Count,204,K/uL,150,400,N,Routine,2025-05-12 20:06,2025-05-12 20:39,2025-05-12 22:59
LAB735476,ENC114997,PT13507,TROP,"Troponin I, High Sensitivity",73,ng/L,0,34,H,STAT,2025-05-12 20:26,2025-05-12 20:38,2025-05-12 21:40
LAB735477,ENC114997,PT13507,BNP,B-Type Natriuretic Peptide,259,pg/mL,0,100,H,STAT,2025-05-12 20:50,2025-05-12 21:07,2025-05-12 22:02
LAB735478,ENC114998,PT13127,GLU,Glucose,98,mg/dL,70,99,N,STAT,2025-05-12 22:55,2025-05-12 23:29,2025-05-13 00:41
LAB735479,ENC114998,PT13127,CREAT,Creatinine,1.23,mg/dL,0.6,1.3,N,STAT,2025-05-12 23:11,2025-05-12 23:21,2025-05-13 00:18
LAB735480,ENC114998,PT13127,WBC,White Blood Cell Count,6.2,K/uL,4.5,11,N,Routine,2025-05-12 22:36,2025-05-12 22:49,2025-05-13 02:03
LAB735481,ENC114998,PT13127,HGB,Hemoglobin,13,g/dL,12,17.5,N,STAT,2025-05-12 23:33,2025-05-13 00:00,2025-05-13 00:45
LAB735482,ENC114999,PT13933,GLU,Glucose,111,mg/dL,70,99,H,STAT,2025-05-13 03:05,2025-05-13 03:21,2025-05-13 04:00
LAB735483,ENC114999,PT13933,CREAT,Creatinine,0.95,mg/dL,0.6,1.3,N,Routine,2025-05-13 03:02,2025-05-13 03:17,2025-05-13 06:56
LAB735484,ENC114999,PT13933,WBC,White Blood Cell Count,10.5,K/uL,4.5,11,N,STAT,2025-05-13 02:46,2025-05-13 02:51,2025-05-13 03:15
LAB735485,ENC114999,PT13933,HGB,Hemoglobin,14.9,g/dL,12,17.5,N,STAT,2025-05-13 02:13,2025-05-13 02:30,2025-05-13 03:02
LAB735486,ENC114999,PT13933,NA,Sodium,139,mmol/L,136,145,N,STAT,2025-05-13 02:41,2025-05-13 03:15,2025-05-13 03:54
LAB735487,ENC114999,PT13933,K,Potassium,3.5,mmol/L,3.5,5.1,N,STAT,2025-05-13 02:53,2025-05-13 03:03,2025-05-13 04:15
LAB735488,ENC114999,PT13933,INR,Prothrombin Time INR,1,ratio,0.8,1.2,N,STAT,2025-05-13 02:54,2025-05-13 03:25,2025-05-13 03:58
LAB735489,ENC115001,PT12981,GLU,Glucose,82,mg/dL,70,99,N,STAT,2025-05-13 10:44,2025-05-13 11:03,2025-05-13 12:06
LAB735490,ENC115001,PT12981,CREAT,Creatinine,1.13,mg/dL,0.6,1.3,N,STAT,2025-05-13 11:01,2025-05-13 11:16,2025-05-13 12:28
LAB735491,ENC115001,PT12981,WBC,White Blood Cell Count,7.1,K/uL,4.5,11,N,STAT,2025-05-13 10:29,2025-05-13 10:33,2025-05-13 11:23
LAB735492,ENC115001,PT12981,HGB,Hemoglobin,10.9,g/dL,12,17.5,L,STAT,2025-05-13 10:23,2025-05-13 10:39,2025-05-13 11:33
LAB735493,ENC115001,PT12981,NA,Sodium,135,mmol/L,136,145,L,STAT,2025-05-13 10:42,2025-05-13 11:15,2025-05-13 11:57
LAB735494,ENC115001,PT12981,K,Potassium,4,mmol/L,3.5,5.1,N,STAT,2025-05-13 11:07,2025-05-13 11:35,2025-05-13 12:30
LAB735495,ENC115001,PT12981,TROP,"Troponin I, High Sensitivity",102,ng/L,0,34,H,STAT,2025-05-13 10:41,2025-05-13 10:57,2025-05-13 11:19
LAB735496,ENC115004,PT13921,LDL,LDL Cholesterol,136,mg/dL,0,99,H,Routine,2025-05-13 09:08,2025-05-13 09:28,2025-05-13 23:22
LAB735497,ENC115006,PT11559,A1C,Hemoglobin A1c,10.9,%,4,5.6,H,Routine,2025-05-13 10:12,2025-05-13 10:26,2025-05-14 20:52
LAB735498,ENC115007,PT13033,GLU,Glucose,119,mg/dL,70,99,H,STAT,2025-05-13 13:05,2025-05-13 13:39,2025-05-13 14:31
LAB735499,ENC115007,PT13033,CREAT,Creatinine,0.92,mg/dL,0.6,1.3,N,STAT,2025-05-13 13:01,2025-05-13 13:24,2025-05-13 15:09
LAB735500,ENC115007,PT13033,WBC,White Blood Cell Count,8.8,K/uL,4.5,11,N,Routine,2025-05-13 13:26,2025-05-13 13:34,2025-05-13 18:47
LAB735501,ENC115007,PT13033,HGB,Hemoglobin,15.5,g/dL,12,17.5,N,Routine,2025-05-13 13:10,2025-05-13 13:19,2025-05-13 16:23
LAB735502,ENC115007,PT13033,NA,Sodium,138,mmol/L,136,145,N,STAT,2025-05-13 13:08,2025-05-13 13:27,2025-05-13 14:03
LAB735503,ENC115007,PT13033,K,Potassium,4.3,mmol/L,3.5,5.1,N,STAT,2025-05-13 13:26,2025-05-13 13:56,2025-05-13 14:42
LAB735504,ENC115007,PT13033,INR,Prothrombin Time INR,1.1,ratio,0.8,1.2,N,STAT,2025-05-13 12:26,2025-05-13 12:55,2025-05-13 13:40
LAB735505,ENC115008,PT12954,A1C,Hemoglobin A1c,5.9,%,4,5.6,H,Routine,2025-05-13 10:40,2025-05-13 11:01,2025-05-14 00:47
LAB735506,ENC115012,PT12361,GLU,Glucose,175,mg/dL,70,99,H,Routine,2025-05-13 11:36,2025-05-13 11:58,2025-05-13 13:33
LAB735507,ENC115012,PT12361,CREAT,Creatinine,0.92,mg/dL,0.6,1.3,N,STAT,2025-05-13 11:47,2025-05-13 11:52,2025-05-13 12:16
LAB735508,ENC115012,PT12361,WBC,White Blood Cell Count,6.8,K/uL,4.5,11,N,STAT,2025-05-13 12:23,2025-05-13 12:42,2025-05-13 13:14
LAB735509,ENC115014,PT12184,GLU,Glucose,121,mg/dL,70,99,H,Routine,2025-05-13 14:07,2025-05-13 14:38,2025-05-13 18:06
LAB735510,ENC115014,PT12184,CREAT,Creatinine,1.1,mg/dL,0.6,1.3,N,Routine,2025-05-13 14:14,2025-05-13 14:46,2025-05-13 18:41
LAB735511,ENC115014,PT12184,WBC,White Blood Cell Count,9.8,K/uL,4.5,11,N,STAT,2025-05-13 15:02,2025-05-13 15:21,2025-05-13 16:11
LAB735512,ENC115014,PT12184,HGB,Hemoglobin,14.7,g/dL,12,17.5,N,STAT,2025-05-13 15:12,2025-05-13 15:28,2025-05-13 16:11
LAB735513,ENC115014,PT12184,BUN,Blood Urea Nitrogen,15,mg/dL,7,20,N,Routine,2025-05-13 14:18,2025-05-13 14:49,2025-05-13 21:28
LAB735514,ENC115014,PT12184,PLT,Platelet Count,218,K/uL,150,400,N,Routine,2025-05-13 14:52,2025-05-13 15:18,2025-05-13 17:42
LAB735515,ENC115015,PT11850,GLU,Glucose,138,mg/dL,70,99,H,STAT,2025-05-13 13:05,2025-05-13 13:11,2025-05-13 13:57
LAB735516,ENC115015,PT11850,CREAT,Creatinine,1.19,mg/dL,0.6,1.3,N,Routine,2025-05-13 12:37,2025-05-13 12:59,2025-05-13 17:36
LAB735517,ENC115015,PT11850,WBC,White Blood Cell Count,7.4,K/uL,4.5,11,N,Routine,2025-05-13 12:47,2025-05-13 12:59,2025-05-13 15:38
LAB735518,ENC115015,PT11850,TROP,"Troponin I, High Sensitivity",6,ng/L,0,34,N,STAT,2025-05-13 12:36,2025-05-13 12:42,2025-05-13 13:07
LAB735519,ENC115016,PT13292,LDL,LDL Cholesterol,141,mg/dL,0,99,H,Routine,2025-05-13 12:22,2025-05-13 12:35,2025-05-13 21:22
LAB735520,ENC115016,PT13292,TSH,Thyroid Stimulating Hormone,0.83,mIU/L,0.4,4,N,Routine,2025-05-13 12:37,2025-05-13 13:08,2025-05-14 17:15
LAB735521,ENC115017,PT13630,GLU,Glucose,78,mg/dL,70,99,N,STAT,2025-05-13 15:11,2025-05-13 15:42,2025-05-13 16:19
LAB735522,ENC115017,PT13630,CREAT,Creatinine,0.99,mg/dL,0.6,1.3,N,Routine,2025-05-13 14:20,2025-05-13 14:41,2025-05-13 18:10
LAB735523,ENC115017,PT13630,WBC,White Blood Cell Count,4.7,K/uL,4.5,11,N,STAT,2025-05-13 14:57,2025-05-13 15:10,2025-05-13 15:58
LAB735524,ENC115017,PT13630,HGB,Hemoglobin,13.3,g/dL,12,17.5,N,Routine,2025-05-13 15:19,2025-05-13 15:23,2025-05-13 18:25
LAB735525,ENC115017,PT13630,NA,Sodium,140,mmol/L,136,145,N,STAT,2025-05-13 15:10,2025-05-13 15:39,2025-05-13 16:19
LAB735526,ENC115017,PT13630,K,Potassium,4.4,mmol/L,3.5,5.1,N,STAT,2025-05-13 15:05,2025-05-13 15:10,2025-05-13 17:03
LAB735527,ENC115017,PT13630,TROP,"Troponin I, High Sensitivity",406,ng/L,0,34,H,STAT,2025-05-13 14:22,2025-05-13 14:31,2025-05-13 16:00
LAB735528,ENC115022,PT12739,GLU,Glucose,124,mg/dL,70,99,H,STAT,2025-05-13 18:31,2025-05-13 18:59,2025-05-13 19:42
LAB735529,ENC115022,PT12739,CREAT,Creatinine,0.41,mg/dL,0.6,1.3,L,STAT,2025-05-13 18:57,2025-05-13 19:32,2025-05-13 21:17
LAB735530,ENC115022,PT12739,WBC,White Blood Cell Count,6.9,K/uL,4.5,11,N,STAT,2025-05-13 18:50,2025-05-13 19:02,2025-05-13 20:02
LAB735531,ENC115022,PT12739,HGB,Hemoglobin,15.8,g/dL,12,17.5,N,STAT,2025-05-13 19:08,2025-05-13 19:31,2025-05-13 20:24
LAB735532,ENC115022,PT12739,LACT,Lactate,2.1,mmol/L,0.5,2,H,STAT,2025-05-13 18:45,2025-05-13 19:20,2025-05-13 20:25
LAB735533,ENC115023,PT13238,A1C,Hemoglobin A1c,8,%,4,5.6,H,Routine,2025-05-13 14:46,2025-05-13 15:13,2025-05-14 05:26
LAB735534,ENC115023,PT13238,GLU,Glucose,149,mg/dL,70,99,H,Routine,2025-05-13 14:55,2025-05-13 15:28,2025-05-13 19:58
LAB735535,ENC115023,PT13238,CREAT,Creatinine,0.45,mg/dL,0.6,1.3,L,Routine,2025-05-13 14:58,2025-05-13 15:16,2025-05-13 17:25
LAB735536,ENC115024,PT10223,LDL,LDL Cholesterol,171,mg/dL,0,99,H,Routine,2025-05-13 15:35,2025-05-13 15:50,2025-05-13 20:25
LAB735537,ENC115024,PT10223,TSH,Thyroid Stimulating Hormone,2.25,mIU/L,0.4,4,N,Routine,2025-05-13 15:36,2025-05-13 15:41,2025-05-14 04:52
LAB735538,ENC115025,PT13303,A1C,Hemoglobin A1c,8,%,4,5.6,H,Routine,2025-05-13 15:52,2025-05-13 16:03,2025-05-14 01:01
LAB735539,ENC115029,PT13525,GLU,Glucose,67,mg/dL,70,99,L,STAT,2025-05-13 19:07,2025-05-13 19:31,2025-05-13 20:00
LAB735540,ENC115029,PT13525,CREAT,Creatinine,1,mg/dL,0.6,1.3,N,STAT,2025-05-13 19:11,2025-05-13 19:25,2025-05-13 20:23
LAB735541,ENC115029,PT13525,WBC,White Blood Cell Count,6.3,K/uL,4.5,11,N,STAT,2025-05-13 19:17,2025-05-13 19:36,2025-05-13 20:23
LAB735542,ENC115030,PT12783,GLU,Glucose,212,mg/dL,70,99,H,Routine,2025-05-13 22:45,2025-05-13 23:20,2025-05-14 01:03
LAB735543,ENC115030,PT12783,CREAT,Creatinine,0.95,mg/dL,0.6,1.3,N,Routine,2025-05-13 22:30,2025-05-13 22:56,2025-05-14 01:18
LAB735544,ENC115030,PT12783,WBC,White Blood Cell Count,4.6,K/uL,4.5,11,N,STAT,2025-05-13 22:02,2025-05-13 22:34,2025-05-13 23:00
LAB735545,ENC115030,PT12783,HGB,Hemoglobin,15,g/dL,12,17.5,N,STAT,2025-05-13 22:38,2025-05-13 23:05,2025-05-13 23:48
LAB735546,ENC115030,PT12783,NA,Sodium,134,mmol/L,136,145,L,Routine,2025-05-13 22:03,2025-05-13 22:18,2025-05-13 23:26
LAB735547,ENC115030,PT12783,K,Potassium,3.6,mmol/L,3.5,5.1,N,STAT,2025-05-13 21:56,2025-05-13 22:04,2025-05-13 23:03
LAB735548,ENC115030,PT12783,INR,Prothrombin Time INR,1.1,ratio,0.8,1.2,N,STAT,2025-05-13 22:25,2025-05-13 22:58,2025-05-13 23:38
LAB735549,ENC115031,PT11380,GLU,Glucose,109,mg/dL,70,99,H,Routine,2025-05-13 22:36,2025-05-13 23:05,2025-05-14 01:25
LAB735550,ENC115031,PT11380,CREAT,Creatinine,0.75,mg/dL,0.6,1.3,N,STAT,2025-05-13 23:36,2025-05-13 23:53,2025-05-14 00:43
LAB735551,ENC115031,PT11380,WBC,White Blood Cell Count,10.1,K/uL,4.5,11,N,Routine,2025-05-13 22:59,2025-05-13 23:33,2025-05-14 03:19
LAB735552,ENC115031,PT11380,HGB,Hemoglobin,15.2,g/dL,12,17.5,N,Routine,2025-05-13 23:11,2025-05-13 23:16,2025-05-14 02:19
LAB735553,ENC115031,PT11380,NA,Sodium,138,mmol/L,136,145,N,STAT,2025-05-13 22:41,2025-05-13 22:48,2025-05-13 23:28
LAB735554,ENC115031,PT11380,K,Potassium,3.3,mmol/L,3.5,5.1,L,STAT,2025-05-13 23:38,2025-05-14 00:12,2025-05-14 00:42
LAB735555,ENC115031,PT11380,BUN,Blood Urea Nitrogen,14,mg/dL,7,20,N,STAT,2025-05-13 23:19,2025-05-13 23:46,2025-05-14 01:13
LAB735556,ENC115031,PT11380,PLT,Platelet Count,314,K/uL,150,400,N,STAT,2025-05-13 23:15,2025-05-13 23:42,2025-05-14 00:16
LAB735557,ENC115032,PT11004,GLU,Glucose,77,mg/dL,70,99,N,STAT,2025-05-13 19:48,2025-05-13 19:55,2025-05-13 20:33
LAB735558,ENC115032,PT11004,CREAT,Creatinine,0.76,mg/dL,0.6,1.3,N,Routine,2025-05-13 19:47,2025-05-13 20:15,2025-05-14 04:58
LAB735559,ENC115032,PT11004,WBC,White Blood Cell Count,8.1,K/uL,4.5,11,N,STAT,2025-05-13 19:27,2025-05-13 19:43,2025-05-13 20:46
LAB735560,ENC115032,PT11004,HGB,Hemoglobin,15,g/dL,12,17.5,N,STAT,2025-05-13 19:37,2025-05-13 19:44,2025-05-13 20:06
LAB735561,ENC115032,PT11004,INR,Prothrombin Time INR,1,ratio,0.8,1.2,N,Routine,2025-05-13 20:06,2025-05-13 20:31,2025-05-13 23:55
LAB735562,ENC115033,PT12735,GLU,Glucose,201,mg/dL,70,99,H,Routine,2025-05-13 22:46,2025-05-13 22:50,2025-05-14 04:06
LAB735563,ENC115033,PT12735,CREAT,Creatinine,1.03,mg/dL,0.6,1.3,N,Routine,2025-05-13 22:39,2025-05-13 22:54,2025-05-14 01:56
LAB735564,ENC115033,PT12735,WBC,White Blood Cell Count,16.6,K/uL,4.5,11,H,Routine,2025-05-13 22:43,2025-05-13 22:49,2025-05-14 01:55
LAB735565,ENC115033,PT12735,HGB,Hemoglobin,14.3,g/dL,12,17.5,N,STAT,2025-05-13 23:32,2025-05-14 00:05,2025-05-14 00:47
LAB735566,ENC115034,PT13553,GLU,Glucose,88,mg/dL,70,99,N,STAT,2025-05-13 20:51,2025-05-13 21:23,2025-05-13 22:58
LAB735567,ENC115034,PT13553,CREAT,Creatinine,0.73,mg/dL,0.6,1.3,N,STAT,2025-05-13 20:42,2025-05-13 21:15,2025-05-13 21:34
LAB735568,ENC115034,PT13553,WBC,White Blood Cell Count,7.7,K/uL,4.5,11,N,STAT,2025-05-13 19:59,2025-05-13 20:34,2025-05-13 21:20
LAB735569,ENC115035,PT10524,GLU,Glucose,122,mg/dL,70,99,H,STAT,2025-05-13 21:34,2025-05-13 21:50,2025-05-13 22:35
LAB735570,ENC115035,PT10524,CREAT,Creatinine,1.13,mg/dL,0.6,1.3,N,Routine,2025-05-13 21:27,2025-05-13 21:37,2025-05-13 23:51
LAB735571,ENC115035,PT10524,WBC,White Blood Cell Count,7,K/uL,4.5,11,N,STAT,2025-05-13 21:17,2025-05-13 21:52,2025-05-13 22:34
LAB735572,ENC115035,PT10524,HGB,Hemoglobin,10.5,g/dL,12,17.5,L,STAT,2025-05-13 21:33,2025-05-13 22:08,2025-05-13 22:37
LAB735573,ENC115036,PT11211,GLU,Glucose,78,mg/dL,70,99,N,Routine,2025-05-14 01:10,2025-05-14 01:15,2025-05-14 03:47
LAB735574,ENC115036,PT11211,CREAT,Creatinine,1.12,mg/dL,0.6,1.3,N,STAT,2025-05-14 02:06,2025-05-14 02:30,2025-05-14 03:19
LAB735575,ENC115036,PT11211,WBC,White Blood Cell Count,7.3,K/uL,4.5,11,N,Routine,2025-05-14 01:50,2025-05-14 02:13,2025-05-14 06:05
LAB735576,ENC115036,PT11211,HGB,Hemoglobin,14.7,g/dL,12,17.5,N,STAT,2025-05-14 00:57,2025-05-14 01:03,2025-05-14 01:58
LAB735577,ENC115036,PT11211,BUN,Blood Urea Nitrogen,11,mg/dL,7,20,N,Routine,2025-05-14 01:58,2025-05-14 02:11,2025-05-14 05:12
LAB735578,ENC115036,PT11211,PLT,Platelet Count,213,K/uL,150,400,N,STAT,2025-05-14 00:57,2025-05-14 01:30,2025-05-14 01:58
LAB735579,ENC115039,PT11877,GLU,Glucose,159,mg/dL,70,99,H,STAT,2025-05-14 01:43,2025-05-14 01:57,2025-05-14 02:48
LAB735580,ENC115039,PT11877,CREAT,Creatinine,1.17,mg/dL,0.6,1.3,N,STAT,2025-05-14 02:39,2025-05-14 02:52,2025-05-14 04:23
LAB735581,ENC115039,PT11877,WBC,White Blood Cell Count,8.1,K/uL,4.5,11,N,Routine,2025-05-14 02:38,2025-05-14 03:03,2025-05-14 05:52
LAB735582,ENC115039,PT11877,HGB,Hemoglobin,13.5,g/dL,12,17.5,N,STAT,2025-05-14 02:44,2025-05-14 02:53,2025-05-14 03:36
LAB735583,ENC115039,PT11877,NA,Sodium,144,mmol/L,136,145,N,STAT,2025-05-14 02:27,2025-05-14 02:47,2025-05-14 03:45
LAB735584,ENC115039,PT11877,K,Potassium,4.5,mmol/L,3.5,5.1,N,STAT,2025-05-14 02:40,2025-05-14 02:50,2025-05-14 03:42
LAB735585,ENC115039,PT11877,TROP,"Troponin I, High Sensitivity",12,ng/L,0,34,N,STAT,2025-05-14 02:43,2025-05-14 02:59,2025-05-14 04:22
LAB735586,ENC115040,PT10452,GLU,Glucose,169,mg/dL,70,99,H,STAT,2025-05-14 01:18,2025-05-14 01:43,2025-05-14 02:14
LAB735587,ENC115040,PT10452,CREAT,Creatinine,1.11,mg/dL,0.6,1.3,N,STAT,2025-05-14 00:31,2025-05-14 00:52,2025-05-14 02:04
LAB735588,ENC115040,PT10452,WBC,White Blood Cell Count,5.4,K/uL,4.5,11,N,Routine,2025-05-14 01:12,2025-05-14 01:24,2025-05-14 04:39
LAB735589,ENC115040,PT10452,HGB,Hemoglobin,10,g/dL,12,17.5,L,Routine,2025-05-14 01:26,2025-05-14 01:43,2025-05-14 03:24
LAB735590,ENC115040,PT10452,NA,Sodium,132,mmol/L,136,145,L,STAT,2025-05-14 00:41,2025-05-14 01:03,2025-05-14 01:25
LAB735591,ENC115040,PT10452,K,Potassium,4.1,mmol/L,3.5,5.1,N,STAT,2025-05-14 00:43,2025-05-14 00:48,2025-05-14 01:19
LAB735592,ENC115043,PT10120,GLU,Glucose,112,mg/dL,70,99,H,STAT,2025-05-14 01:09,2025-05-14 01:15,2025-05-14 01:48
LAB735593,ENC115043,PT10120,CREAT,Creatinine,0.97,mg/dL,0.6,1.3,N,Routine,2025-05-14 01:51,2025-05-14 02:00,2025-05-14 05:06
LAB735594,ENC115043,PT10120,WBC,White Blood Cell Count,6.8,K/uL,4.5,11,N,Routine,2025-05-14 00:58,2025-05-14 01:10,2025-05-14 02:28
LAB735595,ENC115044,PT11498,GLU,Glucose,83,mg/dL,70,99,N,STAT,2025-05-14 04:48,2025-05-14 04:59,2025-05-14 05:39
LAB735596,ENC115044,PT11498,CREAT,Creatinine,0.68,mg/dL,0.6,1.3,N,Routine,2025-05-14 04:38,2025-05-14 05:06,2025-05-14 07:50
LAB735597,ENC115044,PT11498,WBC,White Blood Cell Count,5.6,K/uL,4.5,11,N,Routine,2025-05-14 04:53,2025-05-14 05:26,2025-05-14 08:31
LAB735598,ENC115044,PT11498,HGB,Hemoglobin,15.7,g/dL,12,17.5,N,STAT,2025-05-14 04:39,2025-05-14 04:49,2025-05-14 06:16
LAB735599,ENC115045,PT11786,GLU,Glucose,80,mg/dL,70,99,N,Routine,2025-05-14 05:49,2025-05-14 05:59,2025-05-14 08:25
LAB735600,ENC115045,PT11786,CREAT,Creatinine,2.54,mg/dL,0.6,1.3,H,STAT,2025-05-14 05:54,2025-05-14 06:03,2025-05-14 06:42
LAB735601,ENC115045,PT11786,WBC,White Blood Cell Count,8.7,K/uL,4.5,11,N,Routine,2025-05-14 06:34,2025-05-14 07:07,2025-05-14 10:26
LAB735602,ENC115045,PT11786,HGB,Hemoglobin,9.5,g/dL,12,17.5,L,Routine,2025-05-14 06:35,2025-05-14 06:39,2025-05-14 08:20
LAB735603,ENC115046,PT12069,GLU,Glucose,75,mg/dL,70,99,N,STAT,2025-05-14 06:36,2025-05-14 06:44,2025-05-14 07:51
LAB735604,ENC115046,PT12069,CREAT,Creatinine,1.09,mg/dL,0.6,1.3,N,STAT,2025-05-14 05:41,2025-05-14 06:15,2025-05-14 06:56
LAB735605,ENC115046,PT12069,WBC,White Blood Cell Count,11.2,K/uL,4.5,11,H,STAT,2025-05-14 06:33,2025-05-14 06:39,2025-05-14 07:33
LAB735606,ENC115046,PT12069,HGB,Hemoglobin,17.9,g/dL,12,17.5,H,STAT,2025-05-14 05:46,2025-05-14 06:03,2025-05-14 06:35
LAB735607,ENC115047,PT10548,GLU,Glucose,94,mg/dL,70,99,N,STAT,2025-05-14 06:13,2025-05-14 06:31,2025-05-14 07:17
LAB735608,ENC115047,PT10548,CREAT,Creatinine,0.9,mg/dL,0.6,1.3,N,STAT,2025-05-14 06:25,2025-05-14 06:53,2025-05-14 08:05
LAB735609,ENC115047,PT10548,WBC,White Blood Cell Count,7.4,K/uL,4.5,11,N,STAT,2025-05-14 07:00,2025-05-14 07:35,2025-05-14 08:01
LAB735610,ENC115047,PT10548,HGB,Hemoglobin,13.4,g/dL,12,17.5,N,Routine,2025-05-14 07:05,2025-05-14 07:16,2025-05-14 11:31
LAB735611,ENC115048,PT13644,LDL,LDL Cholesterol,100,mg/dL,0,99,H,Routine,2025-05-14 08:21,2025-05-14 08:52,2025-05-14 15:57
LAB735612,ENC115048,PT13644,TSH,Thyroid Stimulating Hormone,8.16,mIU/L,0.4,4,H,Routine,2025-05-14 08:32,2025-05-14 08:56,2025-05-15 09:46
LAB735613,ENC115049,PT11723,LDL,LDL Cholesterol,124,mg/dL,0,99,H,Routine,2025-05-14 09:06,2025-05-14 09:25,2025-05-14 22:32
LAB735614,ENC115049,PT11723,A1C,Hemoglobin A1c,5.3,%,4,5.6,N,Routine,2025-05-14 09:30,2025-05-14 09:35,2025-05-14 19:04
LAB735615,ENC115050,PT11856,WBC,White Blood Cell Count,6.7,K/uL,4.5,11,N,Routine,2025-05-14 09:43,2025-05-14 09:56,2025-05-14 15:15
LAB735616,ENC115050,PT11856,HGB,Hemoglobin,7.9,g/dL,12,17.5,L,Routine,2025-05-14 09:36,2025-05-14 10:02,2025-05-14 16:44
LAB735617,ENC115050,PT11856,PLT,Platelet Count,400,K/uL,150,400,N,Routine,2025-05-14 09:20,2025-05-14 09:31,2025-05-14 12:02
LAB735618,ENC115052,PT12188,A1C,Hemoglobin A1c,5.2,%,4,5.6,N,Routine,2025-05-14 10:23,2025-05-14 10:45,2025-05-15 09:27
LAB735619,ENC115052,PT12188,GLU,Glucose,128,mg/dL,70,99,H,Routine,2025-05-14 10:09,2025-05-14 10:23,2025-05-14 12:23
LAB735620,ENC115052,PT12188,CREAT,Creatinine,0.66,mg/dL,0.6,1.3,N,Routine,2025-05-14 10:20,2025-05-14 10:34,2025-05-14 12:56
LAB735621,ENC115054,PT13219,LDL,LDL Cholesterol,128,mg/dL,0,99,H,Routine,2025-05-14 10:26,2025-05-14 10:50,2025-05-15 05:03
LAB735622,ENC115054,PT13219,A1C,Hemoglobin A1c,6.3,%,4,5.6,H,Routine,2025-05-14 10:25,2025-05-14 10:56,2025-05-15 00:10
LAB735623,ENC115054,PT13219,TSH,Thyroid Stimulating Hormone,1.43,mIU/L,0.4,4,N,Routine,2025-05-14 10:42,2025-05-14 10:52,2025-05-15 02:24
LAB735624,ENC115055,PT12622,GLU,Glucose,398,mg/dL,70,99,H,STAT,2025-05-14 15:46,2025-05-14 16:06,2025-05-14 17:03
LAB735625,ENC115055,PT12622,CREAT,Creatinine,0.81,mg/dL,0.6,1.3,N,STAT,2025-05-14 15:37,2025-05-14 16:04,2025-05-14 17:52
LAB735626,ENC115055,PT12622,WBC,White Blood Cell Count,9.9,K/uL,4.5,11,N,Routine,2025-05-14 15:45,2025-05-14 16:12,2025-05-14 19:13
LAB735627,ENC115055,PT12622,HGB,Hemoglobin,14.2,g/dL,12,17.5,N,STAT,2025-05-14 15:01,2025-05-14 15:20,2025-05-14 16:40
LAB735628,ENC115055,PT12622,NA,Sodium,140,mmol/L,136,145,N,STAT,2025-05-14 14:51,2025-05-14 15:13,2025-05-14 15:42
LAB735629,ENC115055,PT12622,K,Potassium,4.7,mmol/L,3.5,5.1,N,STAT,2025-05-14 14:41,2025-05-14 14:46,2025-05-14 15:20
LAB735630,ENC115055,PT12622,A1C,Hemoglobin A1c,8.3,%,4,5.6,H,Routine,2025-05-14 15:05,2025-05-14 15:10,2025-05-15 06:55
LAB735631,ENC115056,PT13755,GLU,Glucose,91,mg/dL,70,99,N,Routine,2025-05-14 12:34,2025-05-14 12:48,2025-05-14 18:49
LAB735632,ENC115056,PT13755,CREAT,Creatinine,1.98,mg/dL,0.6,1.3,H,STAT,2025-05-14 13:21,2025-05-14 13:52,2025-05-14 15:03
LAB735633,ENC115056,PT13755,WBC,White Blood Cell Count,7.4,K/uL,4.5,11,N,Routine,2025-05-14 13:06,2025-05-14 13:19,2025-05-14 17:04
LAB735634,ENC115056,PT13755,HGB,Hemoglobin,12.1,g/dL,12,17.5,N,STAT,2025-05-14 13:24,2025-05-14 13:44,2025-05-14 14:13
LAB735635,ENC115057,PT13540,GLU,Glucose,93,mg/dL,70,99,N,STAT,2025-05-14 12:46,2025-05-14 13:12,2025-05-14 14:16
LAB735636,ENC115057,PT13540,CREAT,Creatinine,0.84,mg/dL,0.6,1.3,N,Routine,2025-05-14 13:27,2025-05-14 13:56,2025-05-14 21:51
LAB735637,ENC115057,PT13540,WBC,White Blood Cell Count,8.2,K/uL,4.5,11,N,Routine,2025-05-14 13:06,2025-05-14 13:41,2025-05-14 16:59
LAB735638,ENC115057,PT13540,HGB,Hemoglobin,16,g/dL,12,17.5,N,Routine,2025-05-14 13:38,2025-05-14 14:00,2025-05-14 17:18
LAB735639,ENC115058,PT11104,LDL,LDL Cholesterol,127,mg/dL,0,99,H,Routine,2025-05-14 13:06,2025-05-14 13:11,2025-05-15 08:24
LAB735640,ENC115059,PT11289,TROP,"Troponin I, High Sensitivity",6,ng/L,0,34,N,STAT,2025-05-14 13:43,2025-05-14 13:55,2025-05-14 14:52
LAB735641,ENC115060,PT12896,GLU,Glucose,197,mg/dL,70,99,H,STAT,2025-05-14 15:48,2025-05-14 16:05,2025-05-14 16:52
LAB735642,ENC115060,PT12896,CREAT,Creatinine,0.9,mg/dL,0.6,1.3,N,STAT,2025-05-14 15:10,2025-05-14 15:20,2025-05-14 15:57
LAB735643,ENC115060,PT12896,WBC,White Blood Cell Count,19.2,K/uL,4.5,11,H,Routine,2025-05-14 15:34,2025-05-14 15:59,2025-05-14 17:44
LAB735644,ENC115060,PT12896,HGB,Hemoglobin,14.2,g/dL,12,17.5,N,STAT,2025-05-14 15:58,2025-05-14 16:17,2025-05-14 17:37
LAB735645,ENC115060,PT12896,NA,Sodium,136,mmol/L,136,145,N,STAT,2025-05-14 15:18,2025-05-14 15:42,2025-05-14 16:44
LAB735646,ENC115060,PT12896,K,Potassium,4.1,mmol/L,3.5,5.1,N,STAT,2025-05-14 14:59,2025-05-14 15:30,2025-05-14 16:08
LAB735647,ENC115061,PT13633,LDL,LDL Cholesterol,164,mg/dL,0,99,H,Routine,2025-05-14 13:10,2025-05-14 13:43,2025-05-15 04:34
LAB735648,ENC115061,PT13633,TSH,Thyroid Stimulating Hormone,2.31,mIU/L,0.4,4,N,Routine,2025-05-14 13:24,2025-05-14 13:51,2025-05-15 03:48
LAB735649,ENC115062,PT13398,GLU,Glucose,304,mg/dL,70,99,H,Routine,2025-05-14 14:17,2025-05-14 14:43,2025-05-14 17:17
LAB735650,ENC115062,PT13398,CREAT,Creatinine,1.14,mg/dL,0.6,1.3,N,Routine,2025-05-14 13:26,2025-05-14 14:00,2025-05-14 18:59
LAB735651,ENC115062,PT13398,WBC,White Blood Cell Count,10.8,K/uL,4.5,11,N,Routine,2025-05-14 14:05,2025-05-14 14:40,2025-05-14 15:33
LAB735652,ENC115062,PT13398,HGB,Hemoglobin,13.6,g/dL,12,17.5,N,STAT,2025-05-14 14:10,2025-05-14 14:29,2025-05-14 15:18
LAB735653,ENC115062,PT13398,NA,Sodium,140,mmol/L,136,145,N,Routine,2025-05-14 13:31,2025-05-14 13:43,2025-05-14 14:50
LAB735654,ENC115062,PT13398,K,Potassium,3.8,mmol/L,3.5,5.1,N,STAT,2025-05-14 13:45,2025-05-14 13:59,2025-05-14 14:27
LAB735655,ENC115063,PT13225,LDL,LDL Cholesterol,110,mg/dL,0,99,H,Routine,2025-05-14 13:38,2025-05-14 14:04,2025-05-15 02:20
LAB735656,ENC115064,PT12893,GLU,Glucose,119,mg/dL,70,99,H,STAT,2025-05-14 16:47,2025-05-14 17:05,2025-05-14 18:03
LAB735657,ENC115064,PT12893,CREAT,Creatinine,1.72,mg/dL,0.6,1.3,H,STAT,2025-05-14 16:21,2025-05-14 16:38,2025-05-14 17:19
LAB735658,ENC115064,PT12893,WBC,White Blood Cell Count,13,K/uL,4.5,11,H,STAT,2025-05-14 16:41,2025-05-14 17:10,2025-05-14 18:05
LAB735659,ENC115064,PT12893,HGB,Hemoglobin,12.6,g/dL,12,17.5,N,STAT,2025-05-14 16:09,2025-05-14 16:17,2025-05-14 17:01
LAB735660,ENC115064,PT12893,BUN,Blood Urea Nitrogen,12,mg/dL,7,20,N,Routine,2025-05-14 16:19,2025-05-14 16:33,2025-05-15 00:04
LAB735661,ENC115064,PT12893,PLT,Platelet Count,238,K/uL,150,400,N,Routine,2025-05-14 15:47,2025-05-14 15:58,2025-05-14 21:17
LAB735662,ENC115064,PT12893,LACT,Lactate,2.2,mmol/L,0.5,2,H,STAT,2025-05-14 16:27,2025-05-14 16:34,2025-05-14 17:09
LAB735663,ENC115067,PT12031,GLU,Glucose,75,mg/dL,70,99,N,STAT,2025-05-14 14:14,2025-05-14 14:43,2025-05-14 15:22
LAB735664,ENC115067,PT12031,CREAT,Creatinine,0.87,mg/dL,0.6,1.3,N,Routine,2025-05-14 14:40,2025-05-14 14:45,2025-05-14 16:20
LAB735665,ENC115067,PT12031,WBC,White Blood Cell Count,7.5,K/uL,4.5,11,N,Routine,2025-05-14 15:16,2025-05-14 15:38,2025-05-14 22:25
LAB735666,ENC115067,PT12031,HGB,Hemoglobin,11.6,g/dL,12,17.5,L,STAT,2025-05-14 14:54,2025-05-14 15:17,2025-05-14 16:00
LAB735667,ENC115068,PT10356,GLU,Glucose,110,mg/dL,70,99,H,Routine,2025-05-14 15:23,2025-05-14 15:49,2025-05-14 17:29
LAB735668,ENC115068,PT10356,CREAT,Creatinine,1.88,mg/dL,0.6,1.3,H,Routine,2025-05-14 15:23,2025-05-14 15:53,2025-05-14 17:48
LAB735669,ENC115068,PT10356,WBC,White Blood Cell Count,6.1,K/uL,4.5,11,N,Routine,2025-05-14 15:00,2025-05-14 15:14,2025-05-14 18:10
LAB735670,ENC115068,PT10356,HGB,Hemoglobin,13.6,g/dL,12,17.5,N,Routine,2025-05-14 15:25,2025-05-14 15:39,2025-05-14 18:25
LAB735671,ENC115073,PT12509,GLU,Glucose,97,mg/dL,70,99,N,STAT,2025-05-14 18:50,2025-05-14 19:12,2025-05-14 19:43
LAB735672,ENC115073,PT12509,CREAT,Creatinine,0.97,mg/dL,0.6,1.3,N,Routine,2025-05-14 17:55,2025-05-14 18:18,2025-05-14 20:07
LAB735673,ENC115073,PT12509,WBC,White Blood Cell Count,7.3,K/uL,4.5,11,N,STAT,2025-05-14 18:00,2025-05-14 18:17,2025-05-14 19:08
LAB735674,ENC115073,PT12509,HGB,Hemoglobin,12.7,g/dL,12,17.5,N,STAT,2025-05-14 18:34,2025-05-14 19:06,2025-05-14 19:42
LAB735675,ENC115073,PT12509,BUN,Blood Urea Nitrogen,11,mg/dL,7,20,N,STAT,2025-05-14 18:20,2025-05-14 18:47,2025-05-14 19:21
LAB735676,ENC115073,PT12509,PLT,Platelet Count,235,K/uL,150,400,N,STAT,2025-05-14 18:54,2025-05-14 18:59,2025-05-14 19:40
LAB735677,ENC115076,PT10718,GLU,Glucose,304,mg/dL,70,99,H,STAT,2025-05-14 22:24,2025-05-14 22:52,2025-05-14 23:23
LAB735678,ENC115076,PT10718,CREAT,Creatinine,0.98,mg/dL,0.6,1.3,N,STAT,2025-05-14 22:46,2025-05-14 23:21,2025-05-14 23:57
LAB735679,ENC115076,PT10718,WBC,White Blood Cell Count,9.6,K/uL,4.5,11,N,Routine,2025-05-14 22:19,2025-05-14 22:44,2025-05-15 00:38
LAB735680,ENC115076,PT10718,HGB,Hemoglobin,13.8,g/dL,12,17.5,N,STAT,2025-05-14 22:29,2025-05-14 22:56,2025-05-14 23:27
LAB735681,ENC115076,PT10718,LACT,Lactate,2.6,mmol/L,0.5,2,H,STAT,2025-05-14 22:37,2025-05-14 22:55,2025-05-14 23:24
LAB735682,ENC115078,PT11436,GLU,Glucose,166,mg/dL,70,99,H,Routine,2025-05-14 21:51,2025-05-14 22:22,2025-05-15 01:47
LAB735683,ENC115078,PT11436,CREAT,Creatinine,0.98,mg/dL,0.6,1.3,N,STAT,2025-05-14 22:04,2025-05-14 22:37,2025-05-14 23:26
LAB735684,ENC115078,PT11436,WBC,White Blood Cell Count,7.6,K/uL,4.5,11,N,Routine,2025-05-14 22:37,2025-05-14 23:11,2025-05-15 02:54
LAB735685,ENC115079,PT12045,GLU,Glucose,237,mg/dL,70,99,H,STAT,2025-05-14 23:40,2025-05-14 23:58,2025-05-15 00:27
LAB735686,ENC115079,PT12045,CREAT,Creatinine,0.86,mg/dL,0.6,1.3,N,Routine,2025-05-14 23:19,2025-05-14 23:49,2025-05-15 02:04
LAB735687,ENC115079,PT12045,WBC,White Blood Cell Count,7.8,K/uL,4.5,11,N,STAT,2025-05-14 23:16,2025-05-14 23:44,2025-05-15 01:26
LAB735688,ENC115079,PT12045,HGB,Hemoglobin,13.2,g/dL,12,17.5,N,STAT,2025-05-14 23:14,2025-05-14 23:45,2025-05-15 00:29
LAB735689,ENC115080,PT13253,GLU,Glucose,79,mg/dL,70,99,N,STAT,2025-05-15 00:12,2025-05-15 00:34,2025-05-15 01:29
LAB735690,ENC115080,PT13253,CREAT,Creatinine,1.1,mg/dL,0.6,1.3,N,STAT,2025-05-15 00:24,2025-05-15 00:33,2025-05-15 00:59
LAB735691,ENC115080,PT13253,WBC,White Blood Cell Count,7.6,K/uL,4.5,11,N,STAT,2025-05-14 23:41,2025-05-15 00:13,2025-05-15 00:49
LAB735692,ENC115080,PT13253,HGB,Hemoglobin,12.3,g/dL,12,17.5,N,Routine,2025-05-15 00:26,2025-05-15 00:59,2025-05-15 09:10
LAB735693,ENC115081,PT12813,GLU,Glucose,108,mg/dL,70,99,H,STAT,2025-05-15 01:05,2025-05-15 01:22,2025-05-15 02:34
LAB735694,ENC115081,PT12813,CREAT,Creatinine,1.15,mg/dL,0.6,1.3,N,STAT,2025-05-15 00:00,2025-05-15 00:08,2025-05-15 01:32
LAB735695,ENC115081,PT12813,WBC,White Blood Cell Count,7.4,K/uL,4.5,11,N,STAT,2025-05-15 00:25,2025-05-15 00:30,2025-05-15 01:14
LAB735696,ENC115084,PT12925,WBC,White Blood Cell Count,6.8,K/uL,4.5,11,N,Routine,2025-05-15 08:51,2025-05-15 09:25,2025-05-15 13:33
LAB735697,ENC115084,PT12925,HGB,Hemoglobin,12.6,g/dL,12,17.5,N,Routine,2025-05-15 08:53,2025-05-15 09:13,2025-05-15 11:37
LAB735698,ENC115084,PT12925,PLT,Platelet Count,177,K/uL,150,400,N,Routine,2025-05-15 08:53,2025-05-15 09:25,2025-05-15 14:00
LAB735699,ENC115085,PT13231,A1C,Hemoglobin A1c,7.2,%,4,5.6,H,Routine,2025-05-15 09:19,2025-05-15 09:31,2025-05-16 01:39
LAB735700,ENC115086,PT11559,GLU,Glucose,126,mg/dL,70,99,H,Routine,2025-05-15 10:49,2025-05-15 11:10,2025-05-15 18:59
LAB735701,ENC115086,PT11559,CREAT,Creatinine,1.3,mg/dL,0.6,1.3,N,STAT,2025-05-15 11:09,2025-05-15 11:39,2025-05-15 12:50
LAB735702,ENC115086,PT11559,WBC,White Blood Cell Count,15.9,K/uL,4.5,11,H,STAT,2025-05-15 11:30,2025-05-15 11:43,2025-05-15 12:23
LAB735703,ENC115086,PT11559,HGB,Hemoglobin,16.7,g/dL,12,17.5,N,Routine,2025-05-15 10:32,2025-05-15 10:42,2025-05-15 15:09
LAB735704,ENC115087,PT10146,GLU,Glucose,96,mg/dL,70,99,N,STAT,2025-05-15 13:29,2025-05-15 13:54,2025-05-15 15:23
LAB735705,ENC115087,PT10146,CREAT,Creatinine,0.85,mg/dL,0.6,1.3,N,STAT,2025-05-15 13:52,2025-05-15 14:24,2025-05-15 16:55
LAB735706,ENC115087,PT10146,WBC,White Blood Cell Count,8.5,K/uL,4.5,11,N,Routine,2025-05-15 13:47,2025-05-15 14:11,2025-05-15 20:47
LAB735707,ENC115087,PT10146,HGB,Hemoglobin,13.7,g/dL,12,17.5,N,STAT,2025-05-15 13:32,2025-05-15 13:59,2025-05-15 15:03
LAB735708,ENC115088,PT10729,WBC,White Blood Cell Count,8.1,K/uL,4.5,11,N,Routine,2025-05-15 11:27,2025-05-15 11:36,2025-05-15 14:52
LAB735709,ENC115088,PT10729,HGB,Hemoglobin,14.7,g/dL,12,17.5,N,Routine,2025-05-15 11:38,2025-05-15 11:55,2025-05-15 13:41
LAB735710,ENC115088,PT10729,PLT,Platelet Count,251,K/uL,150,400,N,Routine,2025-05-15 11:38,2025-05-15 12:08,2025-05-15 17:03
LAB735711,ENC115089,PT13331,WBC,White Blood Cell Count,8.3,K/uL,4.5,11,N,Routine,2025-05-15 11:42,2025-05-15 11:56,2025-05-15 18:40
LAB735712,ENC115089,PT13331,HGB,Hemoglobin,13.7,g/dL,12,17.5,N,Routine,2025-05-15 11:41,2025-05-15 12:14,2025-05-15 14:07
LAB735713,ENC115089,PT13331,PLT,Platelet Count,302,K/uL,150,400,N,Routine,2025-05-15 11:50,2025-05-15 12:06,2025-05-15 15:18
LAB735714,ENC115090,PT10807,LDL,LDL Cholesterol,100,mg/dL,0,99,H,Routine,2025-05-15 12:08,2025-05-15 12:14,2025-05-16 01:17
LAB735715,ENC115090,PT10807,A1C,Hemoglobin A1c,8,%,4,5.6,H,Routine,2025-05-15 12:08,2025-05-15 12:27,2025-05-16 07:13
LAB735716,ENC115091,PT10997,WBC,White Blood Cell Count,9.7,K/uL,4.5,11,N,Routine,2025-05-15 12:03,2025-05-15 12:08,2025-05-15 13:20
LAB735717,ENC115091,PT10997,HGB,Hemoglobin,11.6,g/dL,12,17.5,L,Routine,2025-05-15 11:50,2025-05-15 11:55,2025-05-15 14:09
LAB735718,ENC115091,PT10997,PLT,Platelet Count,238,K/uL,150,400,N,Routine,2025-05-15 12:08,2025-05-15 12:35,2025-05-15 14:52
LAB735719,ENC115093,PT11998,GLU,Glucose,109,mg/dL,70,99,H,STAT,2025-05-15 16:28,2025-05-15 17:03,2025-05-15 18:35
LAB735720,ENC115093,PT11998,CREAT,Creatinine,1.76,mg/dL,0.6,1.3,H,STAT,2025-05-15 17:04,2025-05-15 17:24,2025-05-15 19:33
LAB735721,ENC115093,PT11998,WBC,White Blood Cell Count,4.9,K/uL,4.5,11,N,STAT,2025-05-15 16:15,2025-05-15 16:42,2025-05-15 17:29
LAB735722,ENC115093,PT11998,HGB,Hemoglobin,5.8,g/dL,12,17.5,LL,STAT,2025-05-15 16:18,2025-05-15 16:40,2025-05-15 17:42
LAB735723,ENC115093,PT11998,LACT,Lactate,3.2,mmol/L,0.5,2,H,STAT,2025-05-15 16:04,2025-05-15 16:27,2025-05-15 17:27
LAB735724,ENC115093,PT11998,INR,Prothrombin Time INR,1,ratio,0.8,1.2,N,STAT,2025-05-15 16:27,2025-05-15 16:58,2025-05-15 18:21
LAB735725,ENC115094,PT11438,GLU,Glucose,89,mg/dL,70,99,N,STAT,2025-05-15 15:45,2025-05-15 15:55,2025-05-15 16:23
LAB735726,ENC115094,PT11438,CREAT,Creatinine,0.97,mg/dL,0.6,1.3,N,Routine,2025-05-15 16:13,2025-05-15 16:41,2025-05-15 19:04
LAB735727,ENC115094,PT11438,WBC,White Blood Cell Count,15.1,K/uL,4.5,11,H,Routine,2025-05-15 16:08,2025-05-15 16:27,2025-05-15 19:44
LAB735728,ENC115094,PT11438,HGB,Hemoglobin,15,g/dL,12,17.5,N,STAT,2025-05-15 16:18,2025-05-15 16:49,2025-05-15 17:07
LAB735729,ENC115095,PT10702,GLU,Glucose,316,mg/dL,70,99,H,STAT,2025-05-15 19:42,2025-05-15 20:14,2025-05-15 20:55
LAB735730,ENC115095,PT10702,CREAT,Creatinine,1.08,mg/dL,0.6,1.3,N,Routine,2025-05-15 19:19,2025-05-15 19:51,2025-05-15 23:42
LAB735731,ENC115095,PT10702,WBC,White Blood Cell Count,8.7,K/uL,4.5,11,N,Routine,2025-05-15 18:54,2025-05-15 19:24,2025-05-15 21:00
LAB735732,ENC115095,PT10702,HGB,Hemoglobin,12.4,g/dL,12,17.5,N,STAT,2025-05-15 19:46,2025-05-15 20:06,2025-05-15 21:03
LAB735733,ENC115095,PT10702,NA,Sodium,139,mmol/L,136,145,N,Routine,2025-05-15 19:16,2025-05-15 19:49,2025-05-15 21:42
LAB735734,ENC115095,PT10702,K,Potassium,3.5,mmol/L,3.5,5.1,N,STAT,2025-05-15 19:01,2025-05-15 19:08,2025-05-15 19:31
LAB735735,ENC115095,PT10702,A1C,Hemoglobin A1c,7,%,4,5.6,H,STAT,2025-05-15 19:41,2025-05-15 20:07,2025-05-15 20:35
LAB735736,ENC115097,PT13842,WBC,White Blood Cell Count,8.5,K/uL,4.5,11,N,Routine,2025-05-15 16:00,2025-05-15 16:35,2025-05-15 18:43
LAB735737,ENC115097,PT13842,HGB,Hemoglobin,10.9,g/dL,12,17.5,L,Routine,2025-05-15 15:54,2025-05-15 16:28,2025-05-15 21:10
LAB735738,ENC115097,PT13842,PLT,Platelet Count,167,K/uL,150,400,N,Routine,2025-05-15 16:02,2025-05-15 16:31,2025-05-15 21:26
LAB735739,ENC115098,PT11904,GLU,Glucose,111,mg/dL,70,99,H,STAT,2025-05-15 18:36,2025-05-15 18:51,2025-05-15 19:46
LAB735740,ENC115098,PT11904,CREAT,Creatinine,1.06,mg/dL,0.6,1.3,N,STAT,2025-05-15 18:26,2025-05-15 18:48,2025-05-15 19:36
LAB735741,ENC115098,PT11904,WBC,White Blood Cell Count,7.5,K/uL,4.5,11,N,Routine,2025-05-15 18:14,2025-05-15 18:27,2025-05-16 01:17
LAB735742,ENC115098,PT11904,HGB,Hemoglobin,15.2,g/dL,12,17.5,N,STAT,2025-05-15 17:44,2025-05-15 17:59,2025-05-15 18:40
LAB735743,ENC115098,PT11904,TROP,"Troponin I, High Sensitivity",12,ng/L,0,34,N,STAT,2025-05-15 18:23,2025-05-15 18:53,2025-05-15 19:39
LAB735744,ENC115100,PT11976,GLU,Glucose,101,mg/dL,70,99,H,Routine,2025-05-16 03:32,2025-05-16 03:44,2025-05-16 06:09
LAB735745,ENC115100,PT11976,CREAT,Creatinine,0.96,mg/dL,0.6,1.3,N,STAT,2025-05-16 02:58,2025-05-16 03:26,2025-05-16 04:24
LAB735746,ENC115100,PT11976,WBC,White Blood Cell Count,6.2,K/uL,4.5,11,N,STAT,2025-05-16 03:52,2025-05-16 04:25,2025-05-16 04:55
LAB735747,ENC115100,PT11976,HGB,Hemoglobin,11.5,g/dL,12,17.5,L,STAT,2025-05-16 03:07,2025-05-16 03:42,2025-05-16 04:55
LAB735748,ENC115100,PT11976,NA,Sodium,139,mmol/L,136,145,N,Routine,2025-05-16 03:08,2025-05-16 03:17,2025-05-16 05:05
LAB735749,ENC115100,PT11976,K,Potassium,4,mmol/L,3.5,5.1,N,STAT,2025-05-16 03:21,2025-05-16 03:42,2025-05-16 04:17
LAB735750,ENC115100,PT11976,TROP,"Troponin I, High Sensitivity",9,ng/L,0,34,N,STAT,2025-05-16 03:03,2025-05-16 03:11,2025-05-16 03:59
LAB735751,ENC115101,PT10635,GLU,Glucose,107,mg/dL,70,99,H,Routine,2025-05-15 23:34,2025-05-15 23:52,2025-05-16 01:54
LAB735752,ENC115101,PT10635,CREAT,Creatinine,1.18,mg/dL,0.6,1.3,N,Routine,2025-05-15 23:56,2025-05-16 00:04,2025-05-16 01:26
LAB735753,ENC115101,PT10635,WBC,White Blood Cell Count,7.8,K/uL,4.5,11,N,STAT,2025-05-16 00:01,2025-05-16 00:12,2025-05-16 01:18
LAB735754,ENC115101,PT10635,HGB,Hemoglobin,13.4,g/dL,12,17.5,N,STAT,2025-05-15 23:33,2025-05-15 23:59,2025-05-16 00:29
LAB735755,ENC115101,PT10635,NA,Sodium,124,mmol/L,136,145,L,STAT,2025-05-15 23:07,2025-05-15 23:40,2025-05-16 00:09
LAB735756,ENC115101,PT10635,K,Potassium,4.2,mmol/L,3.5,5.1,N,STAT,2025-05-15 23:38,2025-05-16 00:09,2025-05-16 00:52
LAB735757,ENC115102,PT13817,GLU,Glucose,86,mg/dL,70,99,N,STAT,2025-05-15 21:51,2025-05-15 22:09,2025-05-15 23:11
LAB735758,ENC115102,PT13817,CREAT,Creatinine,3.18,mg/dL,0.6,1.3,H,Routine,2025-05-15 22:55,2025-05-15 23:14,2025-05-16 02:25
LAB735759,ENC115102,PT13817,WBC,White Blood Cell Count,6.1,K/uL,4.5,11,N,Routine,2025-05-15 22:38,2025-05-15 22:42,2025-05-16 03:45
LAB735760,ENC115102,PT13817,HGB,Hemoglobin,14.9,g/dL,12,17.5,N,STAT,2025-05-15 21:49,2025-05-15 22:14,2025-05-15 22:48
LAB735761,ENC115102,PT13817,NA,Sodium,142,mmol/L,136,145,N,STAT,2025-05-15 22:14,2025-05-15 22:30,2025-05-15 23:03
LAB735762,ENC115102,PT13817,K,Potassium,5.6,mmol/L,3.5,5.1,H,STAT,2025-05-15 22:10,2025-05-15 22:44,2025-05-15 23:43
LAB735763,ENC115103,PT10263,TROP,"Troponin I, High Sensitivity",2,ng/L,0,34,N,STAT,2025-05-15 21:41,2025-05-15 22:02,2025-05-15 23:13
LAB735764,ENC115104,PT13049,GLU,Glucose,146,mg/dL,70,99,H,Routine,2025-05-16 00:53,2025-05-16 01:01,2025-05-16 04:17
LAB735765,ENC115104,PT13049,CREAT,Creatinine,2.01,mg/dL,0.6,1.3,H,STAT,2025-05-16 01:02,2025-05-16 01:28,2025-05-16 02:04
LAB735766,ENC115104,PT13049,WBC,White Blood Cell Count,8.6,K/uL,4.5,11,N,Routine,2025-05-16 00:49,2025-05-16 01:05,2025-05-16 04:57
LAB735767,ENC115104,PT13049,HGB,Hemoglobin,15.3,g/dL,12,17.5,N,STAT,2025-05-16 00:29,2025-05-16 01:01,2025-05-16 01:32
LAB735768,ENC115104,PT13049,LACT,Lactate,4.9,mmol/L,0.5,2,HH,STAT,2025-05-16 00:04,2025-05-16 00:11,2025-05-16 00:56
LAB735769,ENC115105,PT13777,GLU,Glucose,79,mg/dL,70,99,N,Routine,2025-05-16 08:14,2025-05-16 08:36,2025-05-16 11:18
LAB735770,ENC115105,PT13777,CREAT,Creatinine,0.92,mg/dL,0.6,1.3,N,STAT,2025-05-16 07:40,2025-05-16 08:08,2025-05-16 09:01
LAB735771,ENC115105,PT13777,WBC,White Blood Cell Count,15.6,K/uL,4.5,11,H,Routine,2025-05-16 07:54,2025-05-16 08:20,2025-05-16 14:11
LAB735772,ENC115105,PT13777,HGB,Hemoglobin,13.7,g/dL,12,17.5,N,Routine,2025-05-16 08:25,2025-05-16 08:42,2025-05-16 11:37
LAB735773,ENC115105,PT13777,LACT,Lactate,4.4,mmol/L,0.5,2,HH,STAT,2025-05-16 08:24,2025-05-16 08:50,2025-05-16 09:36
LAB735774,ENC115106,PT11089,GLU,Glucose,107,mg/dL,70,99,H,STAT,2025-05-16 09:44,2025-05-16 10:14,2025-05-16 11:39
LAB735775,ENC115106,PT11089,CREAT,Creatinine,0.79,mg/dL,0.6,1.3,N,STAT,2025-05-16 09:25,2025-05-16 09:36,2025-05-16 10:37
LAB735776,ENC115106,PT11089,WBC,White Blood Cell Count,4.7,K/uL,4.5,11,N,STAT,2025-05-16 08:58,2025-05-16 09:24,2025-05-16 10:28
LAB735777,ENC115106,PT11089,HGB,Hemoglobin,14.8,g/dL,12,17.5,N,STAT,2025-05-16 08:41,2025-05-16 08:47,2025-05-16 09:19
LAB735778,ENC115106,PT11089,TROP,"Troponin I, High Sensitivity",4,ng/L,0,34,N,STAT,2025-05-16 09:02,2025-05-16 09:37,2025-05-16 10:21
LAB735779,ENC115107,PT13291,GLU,Glucose,86,mg/dL,70,99,N,Routine,2025-05-16 10:23,2025-05-16 10:30,2025-05-16 12:41
LAB735780,ENC115107,PT13291,CREAT,Creatinine,0.26,mg/dL,0.6,1.3,L,STAT,2025-05-16 09:45,2025-05-16 10:19,2025-05-16 10:56
LAB735781,ENC115109,PT12850,LDL,LDL Cholesterol,94,mg/dL,0,99,N,Routine,2025-05-16 09:58,2025-05-16 10:14,2025-05-17 11:44
LAB735782,ENC115109,PT12850,A1C,Hemoglobin A1c,7.5,%,4,5.6,H,Routine,2025-05-16 10:03,2025-05-16 10:31,2025-05-16 17:39
LAB735783,ENC115109,PT12850,TSH,Thyroid Stimulating Hormone,1.61,mIU/L,0.4,4,N,Routine,2025-05-16 10:09,2025-05-16 10:28,2025-05-16 23:46
LAB735784,ENC115110,PT11064,GLU,Glucose,114,mg/dL,70,99,H,Routine,2025-05-16 15:04,2025-05-16 15:33,2025-05-16 20:38
LAB735785,ENC115110,PT11064,CREAT,Creatinine,1.45,mg/dL,0.6,1.3,H,STAT,2025-05-16 14:20,2025-05-16 14:35,2025-05-16 15:21
LAB735786,ENC115110,PT11064,WBC,White Blood Cell Count,5.7,K/uL,4.5,11,N,Routine,2025-05-16 14:34,2025-05-16 14:54,2025-05-16 17:04
LAB735787,ENC115110,PT11064,HGB,Hemoglobin,10.3,g/dL,12,17.5,L,Routine,2025-05-16 14:30,2025-05-16 15:00,2025-05-16 18:31
LAB735788,ENC115110,PT11064,NA,Sodium,141,mmol/L,136,145,N,Routine,2025-05-16 15:25,2025-05-16 15:30,2025-05-16 18:04
LAB735789,ENC115110,PT11064,K,Potassium,4.3,mmol/L,3.5,5.1,N,STAT,2025-05-16 15:07,2025-05-16 15:17,2025-05-16 15:39
LAB735790,ENC115112,PT11952,GLU,Glucose,153,mg/dL,70,99,H,STAT,2025-05-16 14:25,2025-05-16 14:37,2025-05-16 15:15
LAB735791,ENC115112,PT11952,CREAT,Creatinine,0.75,mg/dL,0.6,1.3,N,Routine,2025-05-16 13:53,2025-05-16 14:23,2025-05-16 17:00
LAB735792,ENC115112,PT11952,WBC,White Blood Cell Count,6.5,K/uL,4.5,11,N,STAT,2025-05-16 14:33,2025-05-16 14:56,2025-05-16 16:07
LAB735793,ENC115112,PT11952,HGB,Hemoglobin,14.4,g/dL,12,17.5,N,STAT,2025-05-16 14:41,2025-05-16 14:56,2025-05-16 16:19
LAB735794,ENC115112,PT11952,TROP,"Troponin I, High Sensitivity",9,ng/L,0,34,N,STAT,2025-05-16 13:36,2025-05-16 13:42,2025-05-16 14:41
LAB735795,ENC115112,PT11952,BNP,B-Type Natriuretic Peptide,293,pg/mL,0,100,H,STAT,2025-05-16 13:44,2025-05-16 14:00,2025-05-16 14:57
LAB735796,ENC115117,PT13786,A1C,Hemoglobin A1c,9.3,%,4,5.6,H,Routine,2025-05-16 12:53,2025-05-16 13:17,2025-05-16 20:00
LAB735797,ENC115120,PT13898,GLU,Glucose,128,mg/dL,70,99,H,Routine,2025-05-16 17:05,2025-05-16 17:13,2025-05-16 21:48
LAB735798,ENC115120,PT13898,CREAT,Creatinine,1.08,mg/dL,0.6,1.3,N,STAT,2025-05-16 17:08,2025-05-16 17:24,2025-05-16 17:55
LAB735799,ENC115120,PT13898,WBC,White Blood Cell Count,4.6,K/uL,4.5,11,N,STAT,2025-05-16 16:24,2025-05-16 16:48,2025-05-16 17:19
LAB735800,ENC115120,PT13898,HGB,Hemoglobin,13.3,g/dL,12,17.5,N,STAT,2025-05-16 17:06,2025-05-16 17:15,2025-05-16 17:38
LAB735801,ENC115122,PT13662,LDL,LDL Cholesterol,110,mg/dL,0,99,H,Routine,2025-05-16 14:55,2025-05-16 15:02,2025-05-17 06:57
LAB735802,ENC115123,PT11013,A1C,Hemoglobin A1c,7.2,%,4,5.6,H,Routine,2025-05-16 15:08,2025-05-16 15:30,2025-05-17 03:09
LAB735803,ENC115124,PT11734,GLU,Glucose,249,mg/dL,70,99,H,STAT,2025-05-16 17:45,2025-05-16 18:19,2025-05-16 19:41
LAB735804,ENC115124,PT11734,CREAT,Creatinine,0.59,mg/dL,0.6,1.3,L,Routine,2025-05-16 17:36,2025-05-16 17:45,2025-05-16 19:53
LAB735805,ENC115124,PT11734,WBC,White Blood Cell Count,6.1,K/uL,4.5,11,N,Routine,2025-05-16 18:16,2025-05-16 18:44,2025-05-17 00:52
LAB735806,ENC115124,PT11734,HGB,Hemoglobin,13.4,g/dL,12,17.5,N,Routine,2025-05-16 17:27,2025-05-16 18:00,2025-05-16 19:30
LAB735807,ENC115124,PT11734,INR,Prothrombin Time INR,1,ratio,0.8,1.2,N,STAT,2025-05-16 17:40,2025-05-16 17:45,2025-05-16 18:21
LAB735808,ENC115126,PT12775,A1C,Hemoglobin A1c,8.8,%,4,5.6,H,Routine,2025-05-16 15:51,2025-05-16 16:15,2025-05-17 23:22
LAB735809,ENC115126,PT12775,GLU,Glucose,270,mg/dL,70,99,H,Routine,2025-05-16 16:01,2025-05-16 16:17,2025-05-16 20:25
LAB735810,ENC115126,PT12775,CREAT,Creatinine,1.26,mg/dL,0.6,1.3,N,Routine,2025-05-16 16:00,2025-05-16 16:26,2025-05-16 19:32
LAB735811,ENC115127,PT10914,GLU,Glucose,221,mg/dL,70,99,H,STAT,2025-05-16 20:34,2025-05-16 20:40,2025-05-16 21:31
LAB735812,ENC115127,PT10914,CREAT,Creatinine,0.86,mg/dL,0.6,1.3,N,STAT,2025-05-16 20:01,2025-05-16 20:28,2025-05-16 21:43
LAB735813,ENC115127,PT10914,WBC,White Blood Cell Count,7.3,K/uL,4.5,11,N,STAT,2025-05-16 20:00,2025-05-16 20:35,2025-05-16 21:16
LAB735814,ENC115127,PT10914,HGB,Hemoglobin,7.8,g/dL,12,17.5,L,STAT,2025-05-16 20:40,2025-05-16 21:04,2025-05-16 22:18
LAB735815,ENC115127,PT10914,LACT,Lactate,1.8,mmol/L,0.5,2,N,STAT,2025-05-16 20:56,2025-05-16 21:08,2025-05-16 21:44
LAB735816,ENC115127,PT10914,INR,Prothrombin Time INR,1.1,ratio,0.8,1.2,N,STAT,2025-05-16 20:49,2025-05-16 21:18,2025-05-16 21:55
LAB735817,ENC115129,PT11548,GLU,Glucose,134,mg/dL,70,99,H,STAT,2025-05-16 21:15,2025-05-16 21:21,2025-05-16 22:00
LAB735818,ENC115129,PT11548,CREAT,Creatinine,0.94,mg/dL,0.6,1.3,N,Routine,2025-05-16 20:46,2025-05-16 21:21,2025-05-17 02:18
LAB735819,ENC115129,PT11548,WBC,White Blood Cell Count,6.7,K/uL,4.5,11,N,Routine,2025-05-16 21:13,2025-05-16 21:22,2025-05-17 00:13
LAB735820,ENC115129,PT11548,HGB,Hemoglobin,12.6,g/dL,12,17.5,N,STAT,2025-05-16 20:35,2025-05-16 20:59,2025-05-16 21:38
LAB735821,ENC115129,PT11548,BUN,Blood Urea Nitrogen,14,mg/dL,7,20,N,Routine,2025-05-16 20:48,2025-05-16 21:15,2025-05-16 22:37
LAB735822,ENC115129,PT11548,PLT,Platelet Count,285,K/uL,150,400,N,Routine,2025-05-16 20:23,2025-05-16 20:37,2025-05-16 23:19
LAB735823,ENC115130,PT10405,GLU,Glucose,129,mg/dL,70,99,H,Routine,2025-05-16 20:33,2025-05-16 21:04,2025-05-16 23:33
LAB735824,ENC115130,PT10405,CREAT,Creatinine,1.3,mg/dL,0.6,1.3,N,STAT,2025-05-16 20:31,2025-05-16 20:51,2025-05-16 21:45
LAB735825,ENC115130,PT10405,WBC,White Blood Cell Count,6.3,K/uL,4.5,11,N,STAT,2025-05-16 20:55,2025-05-16 21:03,2025-05-16 22:03
LAB735826,ENC115130,PT10405,HGB,Hemoglobin,11.2,g/dL,12,17.5,L,Routine,2025-05-16 20:36,2025-05-16 20:50,2025-05-16 23:37
LAB735827,ENC115130,PT10405,BUN,Blood Urea Nitrogen,16,mg/dL,7,20,N,Routine,2025-05-16 20:41,2025-05-16 20:59,2025-05-17 00:16
LAB735828,ENC115130,PT10405,PLT,Platelet Count,261,K/uL,150,400,N,STAT,2025-05-16 21:11,2025-05-16 21:42,2025-05-16 22:10
LAB735829,ENC115130,PT10405,LACT,Lactate,2,mmol/L,0.5,2,N,STAT,2025-05-16 20:18,2025-05-16 20:36,2025-05-16 22:00
LAB735830,ENC115131,PT13869,GLU,Glucose,62,mg/dL,70,99,L,STAT,2025-05-17 01:22,2025-05-17 01:38,2025-05-17 02:25
LAB735831,ENC115131,PT13869,CREAT,Creatinine,2.19,mg/dL,0.6,1.3,H,Routine,2025-05-17 01:10,2025-05-17 01:17,2025-05-17 04:29
LAB735832,ENC115131,PT13869,WBC,White Blood Cell Count,8.4,K/uL,4.5,11,N,Routine,2025-05-17 01:48,2025-05-17 02:00,2025-05-17 05:45
LAB735833,ENC115131,PT13869,HGB,Hemoglobin,13.1,g/dL,12,17.5,N,STAT,2025-05-17 01:14,2025-05-17 01:37,2025-05-17 01:56
LAB735834,ENC115131,PT13869,NA,Sodium,138,mmol/L,136,145,N,STAT,2025-05-17 01:32,2025-05-17 01:45,2025-05-17 02:29
LAB735835,ENC115131,PT13869,K,Potassium,4.5,mmol/L,3.5,5.1,N,STAT,2025-05-17 01:23,2025-05-17 01:33,2025-05-17 02:16
LAB735836,ENC115132,PT13045,GLU,Glucose,97,mg/dL,70,99,N,STAT,2025-05-17 06:19,2025-05-17 06:28,2025-05-17 07:27
LAB735837,ENC115132,PT13045,CREAT,Creatinine,1.08,mg/dL,0.6,1.3,N,STAT,2025-05-17 06:01,2025-05-17 06:08,2025-05-17 07:06
LAB735838,ENC115132,PT13045,WBC,White Blood Cell Count,5.8,K/uL,4.5,11,N,Routine,2025-05-17 05:58,2025-05-17 06:33,2025-05-17 08:22
LAB735839,ENC115132,PT13045,HGB,Hemoglobin,11.7,g/dL,12,17.5,L,Routine,2025-05-17 06:22,2025-05-17 06:51,2025-05-17 10:40
LAB735840,ENC115132,PT13045,NA,Sodium,139,mmol/L,136,145,N,STAT,2025-05-17 06:42,2025-05-17 07:12,2025-05-17 08:26
LAB735841,ENC115132,PT13045,K,Potassium,3.8,mmol/L,3.5,5.1,N,STAT,2025-05-17 06:36,2025-05-17 06:55,2025-05-17 07:16
LAB735842,ENC115133,PT13965,GLU,Glucose,92,mg/dL,70,99,N,STAT,2025-05-17 07:11,2025-05-17 07:44,2025-05-17 08:43
LAB735843,ENC115133,PT13965,CREAT,Creatinine,0.4,mg/dL,0.6,1.3,L,STAT,2025-05-17 07:14,2025-05-17 07:37,2025-05-17 08:20
LAB735844,ENC115133,PT13965,WBC,White Blood Cell Count,7.5,K/uL,4.5,11,N,Routine,2025-05-17 06:52,2025-05-17 07:00,2025-05-17 09:30
LAB735845,ENC115134,PT10334,GLU,Glucose,142,mg/dL,70,99,H,Routine,2025-05-17 09:57,2025-05-17 10:29,2025-05-17 12:47
LAB735846,ENC115134,PT10334,CREAT,Creatinine,0.9,mg/dL,0.6,1.3,N,STAT,2025-05-17 10:46,2025-05-17 11:15,2025-05-17 11:55
LAB735847,ENC115134,PT10334,WBC,White Blood Cell Count,5.7,K/uL,4.5,11,N,Routine,2025-05-17 10:05,2025-05-17 10:38,2025-05-17 12:47
LAB735848,ENC115134,PT10334,HGB,Hemoglobin,15,g/dL,12,17.5,N,STAT,2025-05-17 10:15,2025-05-17 10:19,2025-05-17 11:09
LAB735849,ENC115135,PT10955,GLU,Glucose,120,mg/dL,70,99,H,Routine,2025-05-17 12:45,2025-05-17 13:16,2025-05-17 16:47
LAB735850,ENC115135,PT10955,CREAT,Creatinine,0.79,mg/dL,0.6,1.3,N,Routine,2025-05-17 12:48,2025-05-17 13:13,2025-05-17 18:42
LAB735851,ENC115135,PT10955,WBC,White Blood Cell Count,8.5,K/uL,4.5,11,N,STAT,2025-05-17 12:57,2025-05-17 13:13,2025-05-17 13:47
LAB735852,ENC115135,PT10955,HGB,Hemoglobin,12.1,g/dL,12,17.5,N,Routine,2025-05-17 12:57,2025-05-17 13:25,2025-05-17 17:37
LAB735853,ENC115136,PT12845,GLU,Glucose,129,mg/dL,70,99,H,STAT,2025-05-17 13:36,2025-05-17 13:58,2025-05-17 14:25
LAB735854,ENC115136,PT12845,CREAT,Creatinine,0.79,mg/dL,0.6,1.3,N,STAT,2025-05-17 13:06,2025-05-17 13:17,2025-05-17 13:46
LAB735855,ENC115136,PT12845,WBC,White Blood Cell Count,6.7,K/uL,4.5,11,N,STAT,2025-05-17 13:38,2025-05-17 13:56,2025-05-17 14:39
LAB735856,ENC115136,PT12845,HGB,Hemoglobin,13.3,g/dL,12,17.5,N,STAT,2025-05-17 13:00,2025-05-17 13:32,2025-05-17 14:29
LAB735857,ENC115136,PT12845,TROP,"Troponin I, High Sensitivity",262,ng/L,0,34,H,STAT,2025-05-17 13:17,2025-05-17 13:22,2025-05-17 13:47
LAB735858,ENC115137,PT12652,GLU,Glucose,90,mg/dL,70,99,N,STAT,2025-05-17 10:55,2025-05-17 11:14,2025-05-17 12:07
LAB735859,ENC115137,PT12652,CREAT,Creatinine,0.64,mg/dL,0.6,1.3,N,STAT,2025-05-17 11:37,2025-05-17 11:55,2025-05-17 12:39
LAB735860,ENC115137,PT12652,WBC,White Blood Cell Count,5.8,K/uL,4.5,11,N,Routine,2025-05-17 11:26,2025-05-17 11:58,2025-05-17 14:54
LAB735861,ENC115137,PT12652,HGB,Hemoglobin,16.2,g/dL,12,17.5,N,Routine,2025-05-17 11:38,2025-05-17 11:52,2025-05-17 18:02
LAB735862,ENC115137,PT12652,INR,Prothrombin Time INR,0.9,ratio,0.8,1.2,N,Routine,2025-05-17 10:48,2025-05-17 10:57,2025-05-17 11:40
LAB735863,ENC115139,PT10603,GLU,Glucose,108,mg/dL,70,99,H,STAT,2025-05-17 12:50,2025-05-17 13:19,2025-05-17 13:51
LAB735864,ENC115139,PT10603,CREAT,Creatinine,0.99,mg/dL,0.6,1.3,N,STAT,2025-05-17 12:13,2025-05-17 12:38,2025-05-17 13:23
LAB735865,ENC115139,PT10603,WBC,White Blood Cell Count,5.7,K/uL,4.5,11,N,Routine,2025-05-17 12:27,2025-05-17 12:54,2025-05-17 16:27
LAB735866,ENC115141,PT13585,GLU,Glucose,245,mg/dL,70,99,H,STAT,2025-05-17 15:00,2025-05-17 15:32,2025-05-17 16:04
LAB735867,ENC115141,PT13585,CREAT,Creatinine,1.08,mg/dL,0.6,1.3,N,Routine,2025-05-17 15:58,2025-05-17 16:11,2025-05-17 18:55
LAB735868,ENC115141,PT13585,WBC,White Blood Cell Count,5.1,K/uL,4.5,11,N,Routine,2025-05-17 15:24,2025-05-17 15:46,2025-05-17 18:12
LAB735869,ENC115141,PT13585,HGB,Hemoglobin,14.1,g/dL,12,17.5,N,STAT,2025-05-17 15:32,2025-05-17 15:48,2025-05-17 16:23
LAB735870,ENC115141,PT13585,BUN,Blood Urea Nitrogen,10,mg/dL,7,20,N,Routine,2025-05-17 14:57,2025-05-17 15:10,2025-05-17 16:39
LAB735871,ENC115141,PT13585,PLT,Platelet Count,248,K/uL,150,400,N,STAT,2025-05-17 16:03,2025-05-17 16:10,2025-05-17 18:19
LAB735872,ENC115144,PT13829,GLU,Glucose,270,mg/dL,70,99,H,Routine,2025-05-17 13:19,2025-05-17 13:53,2025-05-17 16:52
LAB735873,ENC115144,PT13829,CREAT,Creatinine,0.85,mg/dL,0.6,1.3,N,Routine,2025-05-17 13:34,2025-05-17 13:54,2025-05-17 16:25
LAB735874,ENC115145,PT11247,GLU,Glucose,105,mg/dL,70,99,H,STAT,2025-05-17 19:01,2025-05-17 19:36,2025-05-17 20:31
LAB735875,ENC115145,PT11247,CREAT,Creatinine,0.56,mg/dL,0.6,1.3,L,Routine,2025-05-17 18:32,2025-05-17 18:45,2025-05-18 09:45
LAB735876,ENC115145,PT11247,WBC,White Blood Cell Count,9.8,K/uL,4.5,11,N,STAT,2025-05-17 19:07,2025-05-17 19:27,2025-05-17 20:23
LAB735877,ENC115145,PT11247,HGB,Hemoglobin,15.5,g/dL,12,17.5,N,STAT,2025-05-17 18:39,2025-05-17 18:57,2025-05-17 20:30
LAB735878,ENC115145,PT11247,NA,Sodium,141,mmol/L,136,145,N,STAT,2025-05-17 19:25,2025-05-17 19:38,2025-05-17 20:14
LAB735879,ENC115145,PT11247,K,Potassium,4.4,mmol/L,3.5,5.1,N,STAT,2025-05-17 18:35,2025-05-17 18:46,2025-05-17 19:44
LAB735880,ENC115146,PT12878,GLU,Glucose,106,mg/dL,70,99,H,Routine,2025-05-17 21:18,2025-05-17 21:27,2025-05-17 23:13
LAB735881,ENC115146,PT12878,CREAT,Creatinine,0.2,mg/dL,0.6,1.3,L,Routine,2025-05-17 21:04,2025-05-17 21:19,2025-05-17 23:57
LAB735882,ENC115146,PT12878,WBC,White Blood Cell Count,7.2,K/uL,4.5,11,N,STAT,2025-05-17 21:12,2025-05-17 21:44,2025-05-17 22:36
LAB735883,ENC115146,PT12878,HGB,Hemoglobin,9.2,g/dL,12,17.5,L,STAT,2025-05-17 20:26,2025-05-17 20:44,2025-05-17 21:21
LAB735884,ENC115146,PT12878,NA,Sodium,134,mmol/L,136,145,L,Routine,2025-05-17 21:25,2025-05-17 21:29,2025-05-17 23:03
LAB735885,ENC115146,PT12878,K,Potassium,5.5,mmol/L,3.5,5.1,H,STAT,2025-05-17 21:12,2025-05-17 21:17,2025-05-17 21:38
LAB735886,ENC115147,PT12373,GLU,Glucose,197,mg/dL,70,99,H,Routine,2025-05-17 20:47,2025-05-17 21:21,2025-05-18 02:34
LAB735887,ENC115147,PT12373,CREAT,Creatinine,0.98,mg/dL,0.6,1.3,N,STAT,2025-05-17 20:16,2025-05-17 20:21,2025-05-17 20:56
LAB735888,ENC115147,PT12373,WBC,White Blood Cell Count,8.9,K/uL,4.5,11,N,STAT,2025-05-17 21:04,2025-05-17 21:20,2025-05-17 22:04
LAB735889,ENC115147,PT12373,HGB,Hemoglobin,15.1,g/dL,12,17.5,N,STAT,2025-05-17 21:08,2025-05-17 21:30,2025-05-17 22:06
LAB735890,ENC115148,PT12514,GLU,Glucose,101,mg/dL,70,99,H,Routine,2025-05-17 21:02,2025-05-17 21:23,2025-05-18 01:42
LAB735891,ENC115148,PT12514,CREAT,Creatinine,0.3,mg/dL,0.6,1.3,L,STAT,2025-05-17 21:31,2025-05-17 21:41,2025-05-17 22:28
LAB735892,ENC115148,PT12514,WBC,White Blood Cell Count,3.4,K/uL,4.5,11,L,STAT,2025-05-17 21:21,2025-05-17 21:35,2025-05-17 22:34
LAB735893,ENC115148,PT12514,HGB,Hemoglobin,12.4,g/dL,12,17.5,N,STAT,2025-05-17 20:47,2025-05-17 21:18,2025-05-17 21:48
LAB735894,ENC115148,PT12514,BUN,Blood Urea Nitrogen,13,mg/dL,7,20,N,STAT,2025-05-17 20:38,2025-05-17 20:53,2025-05-17 21:33
LAB735895,ENC115148,PT12514,PLT,Platelet Count,315,K/uL,150,400,N,Routine,2025-05-17 21:17,2025-05-17 21:49,2025-05-17 23:03
LAB735896,ENC115149,PT11589,GLU,Glucose,94,mg/dL,70,99,N,Routine,2025-05-17 20:19,2025-05-17 20:27,2025-05-18 03:33
LAB735897,ENC115149,PT11589,CREAT,Creatinine,2.35,mg/dL,0.6,1.3,H,Routine,2025-05-17 20:45,2025-05-17 21:02,2025-05-18 00:08
LAB735898,ENC115149,PT11589,WBC,White Blood Cell Count,5,K/uL,4.5,11,N,STAT,2025-05-17 20:06,2025-05-17 20:19,2025-05-17 21:11
LAB735899,ENC115149,PT11589,HGB,Hemoglobin,11.1,g/dL,12,17.5,L,Routine,2025-05-17 20:45,2025-05-17 21:20,2025-05-17 23:17
LAB735900,ENC115151,PT12021,GLU,Glucose,143,mg/dL,70,99,H,Routine,2025-05-18 02:28,2025-05-18 03:03,2025-05-18 08:49
LAB735901,ENC115151,PT12021,CREAT,Creatinine,0.42,mg/dL,0.6,1.3,L,STAT,2025-05-18 02:37,2025-05-18 03:00,2025-05-18 03:30
LAB735902,ENC115151,PT12021,WBC,White Blood Cell Count,8.3,K/uL,4.5,11,N,Routine,2025-05-18 02:18,2025-05-18 02:50,2025-05-18 05:44
LAB735903,ENC115151,PT12021,HGB,Hemoglobin,15.3,g/dL,12,17.5,N,Routine,2025-05-18 02:57,2025-05-18 03:32,2025-05-18 06:15
LAB735904,ENC115151,PT12021,BUN,Blood Urea Nitrogen,15,mg/dL,7,20,N,STAT,2025-05-18 03:20,2025-05-18 03:37,2025-05-18 04:14
LAB735905,ENC115151,PT12021,PLT,Platelet Count,293,K/uL,150,400,N,STAT,2025-05-18 03:01,2025-05-18 03:24,2025-05-18 04:46
LAB735906,ENC115152,PT12738,GLU,Glucose,146,mg/dL,70,99,H,STAT,2025-05-18 08:32,2025-05-18 09:02,2025-05-18 09:57
LAB735907,ENC115152,PT12738,CREAT,Creatinine,0.64,mg/dL,0.6,1.3,N,STAT,2025-05-18 08:29,2025-05-18 08:54,2025-05-18 09:31
LAB735908,ENC115152,PT12738,WBC,White Blood Cell Count,8.1,K/uL,4.5,11,N,Routine,2025-05-18 07:57,2025-05-18 08:18,2025-05-18 14:05
LAB735909,ENC115152,PT12738,HGB,Hemoglobin,13.7,g/dL,12,17.5,N,STAT,2025-05-18 08:25,2025-05-18 08:46,2025-05-18 09:39
LAB735910,ENC115152,PT12738,NA,Sodium,139,mmol/L,136,145,N,STAT,2025-05-18 08:27,2025-05-18 08:34,2025-05-18 09:07
LAB735911,ENC115152,PT12738,K,Potassium,4.6,mmol/L,3.5,5.1,N,STAT,2025-05-18 07:46,2025-05-18 07:52,2025-05-18 08:28
LAB735912,ENC115153,PT10064,GLU,Glucose,104,mg/dL,70,99,H,STAT,2025-05-18 12:39,2025-05-18 13:01,2025-05-18 13:27
LAB735913,ENC115153,PT10064,CREAT,Creatinine,0.73,mg/dL,0.6,1.3,N,Routine,2025-05-18 12:11,2025-05-18 12:28,2025-05-18 14:47
LAB735914,ENC115153,PT10064,WBC,White Blood Cell Count,8,K/uL,4.5,11,N,Routine,2025-05-18 12:22,2025-05-18 12:57,2025-05-18 16:43
LAB735915,ENC115153,PT10064,HGB,Hemoglobin,13.2,g/dL,12,17.5,N,STAT,2025-05-18 11:36,2025-05-18 11:56,2025-05-18 13:11
LAB735916,ENC115153,PT10064,NA,Sodium,141,mmol/L,136,145,N,Routine,2025-05-18 11:59,2025-05-18 12:27,2025-05-18 15:38
LAB735917,ENC115153,PT10064,K,Potassium,4.2,mmol/L,3.5,5.1,N,STAT,2025-05-18 12:30,2025-05-18 12:51,2025-05-18 13:54
LAB735918,ENC115153,PT10064,BUN,Blood Urea Nitrogen,18,mg/dL,7,20,N,Routine,2025-05-18 11:51,2025-05-18 12:13,2025-05-18 13:59
LAB735919,ENC115153,PT10064,PLT,Platelet Count,198,K/uL,150,400,N,STAT,2025-05-18 12:01,2025-05-18 12:18,2025-05-18 12:51
LAB735920,ENC115154,PT13206,GLU,Glucose,77,mg/dL,70,99,N,Routine,2025-05-18 11:21,2025-05-18 11:32,2025-05-18 17:22
LAB735921,ENC115154,PT13206,CREAT,Creatinine,0.92,mg/dL,0.6,1.3,N,Routine,2025-05-18 11:50,2025-05-18 12:23,2025-05-18 16:26
LAB735922,ENC115154,PT13206,WBC,White Blood Cell Count,15.7,K/uL,4.5,11,H,STAT,2025-05-18 11:17,2025-05-18 11:21,2025-05-18 12:13
LAB735923,ENC115154,PT13206,HGB,Hemoglobin,16,g/dL,12,17.5,N,STAT,2025-05-18 11:25,2025-05-18 11:46,2025-05-18 12:21
LAB735924,ENC115154,PT13206,NA,Sodium,136,mmol/L,136,145,N,Routine,2025-05-18 12:20,2025-05-18 12:53,2025-05-18 15:25
LAB735925,ENC115154,PT13206,K,Potassium,3.8,mmol/L,3.5,5.1,N,STAT,2025-05-18 11:56,2025-05-18 12:27,2025-05-18 13:11
LAB735926,ENC115155,PT13704,GLU,Glucose,96,mg/dL,70,99,N,Routine,2025-05-18 09:59,2025-05-18 10:30,2025-05-18 12:14
LAB735927,ENC115155,PT13704,CREAT,Creatinine,1,mg/dL,0.6,1.3,N,STAT,2025-05-18 09:49,2025-05-18 09:55,2025-05-18 10:43
LAB735928,ENC115155,PT13704,WBC,White Blood Cell Count,6.7,K/uL,4.5,11,N,STAT,2025-05-18 09:03,2025-05-18 09:07,2025-05-18 09:47
LAB735929,ENC115156,PT12605,GLU,Glucose,142,mg/dL,70,99,H,STAT,2025-05-18 11:36,2025-05-18 11:52,2025-05-18 12:25
LAB735930,ENC115156,PT12605,CREAT,Creatinine,0.75,mg/dL,0.6,1.3,N,Routine,2025-05-18 11:29,2025-05-18 11:47,2025-05-18 13:58
LAB735931,ENC115156,PT12605,WBC,White Blood Cell Count,5.4,K/uL,4.5,11,N,STAT,2025-05-18 11:44,2025-05-18 11:54,2025-05-18 13:20
LAB735932,ENC115157,PT10224,GLU,Glucose,132,mg/dL,70,99,H,STAT,2025-05-18 16:17,2025-05-18 16:31,2025-05-18 17:47
LAB735933,ENC115157,PT10224,CREAT,Creatinine,0.69,mg/dL,0.6,1.3,N,STAT,2025-05-18 15:53,2025-05-18 16:18,2025-05-18 16:47
LAB735934,ENC115157,PT10224,WBC,White Blood Cell Count,7.6,K/uL,4.5,11,N,Routine,2025-05-18 15:23,2025-05-18 15:54,2025-05-18 17:57
LAB735935,ENC115157,PT10224,HGB,Hemoglobin,12.5,g/dL,12,17.5,N,Routine,2025-05-18 15:54,2025-05-18 15:58,2025-05-18 18:14
LAB735936,ENC115158,PT13086,GLU,Glucose,100,mg/dL,70,99,H,STAT,2025-05-18 11:39,2025-05-18 12:10,2025-05-18 12:46
LAB735937,ENC115158,PT13086,CREAT,Creatinine,0.8,mg/dL,0.6,1.3,N,Routine,2025-05-18 12:15,2025-05-18 12:48,2025-05-18 15:51
LAB735938,ENC115158,PT13086,WBC,White Blood Cell Count,5.7,K/uL,4.5,11,N,STAT,2025-05-18 11:44,2025-05-18 12:03,2025-05-18 12:22
LAB735939,ENC115159,PT13979,GLU,Glucose,134,mg/dL,70,99,H,STAT,2025-05-18 14:57,2025-05-18 15:18,2025-05-18 16:44
LAB735940,ENC115159,PT13979,CREAT,Creatinine,0.92,mg/dL,0.6,1.3,N,Routine,2025-05-18 14:45,2025-05-18 15:17,2025-05-18 18:03
LAB735941,ENC115159,PT13979,WBC,White Blood Cell Count,8.4,K/uL,4.5,11,N,Routine,2025-05-18 14:09,2025-05-18 14:14,2025-05-18 17:32
LAB735942,ENC115159,PT13979,HGB,Hemoglobin,13.2,g/dL,12,17.5,N,STAT,2025-05-18 14:26,2025-05-18 14:42,2025-05-18 15:28
LAB735943,ENC115159,PT13979,INR,Prothrombin Time INR,1,ratio,0.8,1.2,N,STAT,2025-05-18 13:59,2025-05-18 14:10,2025-05-18 15:14
LAB735944,ENC115160,PT11269,GLU,Glucose,128,mg/dL,70,99,H,STAT,2025-05-18 17:56,2025-05-18 18:15,2025-05-18 18:52
LAB735945,ENC115160,PT11269,CREAT,Creatinine,1.18,mg/dL,0.6,1.3,N,STAT,2025-05-18 17:07,2025-05-18 17:20,2025-05-18 18:12
LAB735946,ENC115160,PT11269,WBC,White Blood Cell Count,5,K/uL,4.5,11,N,STAT,2025-05-18 17:30,2025-05-18 17:47,2025-05-18 18:33
LAB735947,ENC115160,PT11269,HGB,Hemoglobin,12.6,g/dL,12,17.5,N,STAT,2025-05-18 17:08,2025-05-18 17:20,2025-05-18 17:55
LAB735948,ENC115160,PT11269,LACT,Lactate,2.1,mmol/L,0.5,2,H,STAT,2025-05-18 17:44,2025-05-18 18:14,2025-05-18 18:45
LAB735949,ENC115161,PT13350,GLU,Glucose,94,mg/dL,70,99,N,STAT,2025-05-18 19:58,2025-05-18 20:05,2025-05-18 20:31
LAB735950,ENC115161,PT13350,CREAT,Creatinine,1.02,mg/dL,0.6,1.3,N,Routine,2025-05-18 19:29,2025-05-18 19:39,2025-05-18 21:08
LAB735951,ENC115161,PT13350,WBC,White Blood Cell Count,6.3,K/uL,4.5,11,N,STAT,2025-05-18 19:14,2025-05-18 19:27,2025-05-18 20:21
LAB735952,ENC115161,PT13350,HGB,Hemoglobin,12.6,g/dL,12,17.5,N,Routine,2025-05-18 19:53,2025-05-18 19:57,2025-05-18 22:05
LAB735953,ENC115161,PT13350,TROP,"Troponin I, High Sensitivity",2,ng/L,0,34,N,STAT,2025-05-18 19:38,2025-05-18 20:02,2025-05-18 20:25
LAB735954,ENC115161,PT13350,BNP,B-Type Natriuretic Peptide,973,pg/mL,0,100,H,STAT,2025-05-18 19:09,2025-05-18 19:36,2025-05-18 20:08
LAB735955,ENC115162,PT10277,GLU,Glucose,118,mg/dL,70,99,H,Routine,2025-05-18 20:42,2025-05-18 20:53,2025-05-18 22:09
LAB735956,ENC115162,PT10277,CREAT,Creatinine,0.99,mg/dL,0.6,1.3,N,Routine,2025-05-18 20:51,2025-05-18 21:23,2025-05-18 23:43
LAB735957,ENC115162,PT10277,WBC,White Blood Cell Count,9.8,K/uL,4.5,11,N,STAT,2025-05-18 21:26,2025-05-18 21:34,2025-05-18 22:06
LAB735958,ENC115162,PT10277,HGB,Hemoglobin,13.7,g/dL,12,17.5,N,STAT,2025-05-18 20:40,2025-05-18 21:11,2025-05-18 21:51
LAB735959,ENC115163,PT13181,GLU,Glucose,383,mg/dL,70,99,H,STAT,2025-05-18 16:15,2025-05-18 16:21,2025-05-18 17:15
LAB735960,ENC115163,PT13181,CREAT,Creatinine,2.81,mg/dL,0.6,1.3,H,Routine,2025-05-18 15:44,2025-05-18 16:11,2025-05-18 20:51
LAB735961,ENC115163,PT13181,WBC,White Blood Cell Count,5.6,K/uL,4.5,11,N,STAT,2025-05-18 15:56,2025-05-18 16:03,2025-05-18 16:32
LAB735962,ENC115163,PT13181,HGB,Hemoglobin,12.8,g/dL,12,17.5,N,STAT,2025-05-18 16:08,2025-05-18 16:22,2025-05-18 17:28
LAB735963,ENC115163,PT13181,NA,Sodium,141,mmol/L,136,145,N,STAT,2025-05-18 16:23,2025-05-18 16:41,2025-05-18 17:04
LAB735964,ENC115163,PT13181,K,Potassium,4.3,mmol/L,3.5,5.1,N,STAT,2025-05-18 15:52,2025-05-18 16:04,2025-05-18 17:00
LAB735965,ENC115163,PT13181,A1C,Hemoglobin A1c,9.5,%,4,5.6,H,STAT,2025-05-18 16:40,2025-05-18 17:04,2025-05-18 17:37
LAB735966,ENC115165,PT12221,GLU,Glucose,288,mg/dL,70,99,H,Routine,2025-05-18 20:29,2025-05-18 20:39,2025-05-18 23:00
LAB735967,ENC115165,PT12221,CREAT,Creatinine,1.03,mg/dL,0.6,1.3,N,STAT,2025-05-18 20:04,2025-05-18 20:31,2025-05-18 21:02
LAB735968,ENC115165,PT12221,WBC,White Blood Cell Count,6.6,K/uL,4.5,11,N,STAT,2025-05-18 19:58,2025-05-18 20:25,2025-05-18 21:06
LAB735969,ENC115165,PT12221,HGB,Hemoglobin,12.1,g/dL,12,17.5,N,STAT,2025-05-18 20:34,2025-05-18 20:47,2025-05-18 21:19
LAB735970,ENC115167,PT10528,GLU,Glucose,109,mg/dL,70,99,H,Routine,2025-05-18 20:11,2025-05-18 20:21,2025-05-18 23:21
LAB735971,ENC115167,PT10528,CREAT,Creatinine,1.08,mg/dL,0.6,1.3,N,STAT,2025-05-18 20:30,2025-05-18 20:55,2025-05-18 22:15
LAB735972,ENC115167,PT10528,WBC,White Blood Cell Count,14.9,K/uL,4.5,11,H,STAT,2025-05-18 20:59,2025-05-18 21:27,2025-05-18 22:59
LAB735973,ENC115167,PT10528,HGB,Hemoglobin,12.5,g/dL,12,17.5,N,STAT,2025-05-18 20:22,2025-05-18 20:26,2025-05-18 21:10
LAB735974,ENC115168,PT11074,GLU,Glucose,111,mg/dL,70,99,H,STAT,2025-05-18 22:03,2025-05-18 22:08,2025-05-18 22:38
LAB735975,ENC115168,PT11074,CREAT,Creatinine,0.8,mg/dL,0.6,1.3,N,Routine,2025-05-18 22:06,2025-05-18 22:25,2025-05-19 01:59
LAB735976,ENC115168,PT11074,WBC,White Blood Cell Count,12.1,K/uL,4.5,11,H,STAT,2025-05-18 22:51,2025-05-18 23:12,2025-05-18 23:48
LAB735977,ENC115168,PT11074,HGB,Hemoglobin,14,g/dL,12,17.5,N,STAT,2025-05-18 21:55,2025-05-18 22:06,2025-05-18 22:54
LAB735978,ENC115169,PT12437,GLU,Glucose,156,mg/dL,70,99,H,STAT,2025-05-19 03:22,2025-05-19 03:50,2025-05-19 04:55
LAB735979,ENC115169,PT12437,CREAT,Creatinine,0.5,mg/dL,0.6,1.3,L,STAT,2025-05-19 03:14,2025-05-19 03:22,2025-05-19 04:07
LAB735980,ENC115169,PT12437,WBC,White Blood Cell Count,4.1,K/uL,4.5,11,L,STAT,2025-05-19 02:35,2025-05-19 02:49,2025-05-19 03:20
LAB735981,ENC115169,PT12437,HGB,Hemoglobin,13.4,g/dL,12,17.5,N,Routine,2025-05-19 02:23,2025-05-19 02:31,2025-05-19 10:58
LAB735982,ENC115169,PT12437,TROP,"Troponin I, High Sensitivity",2647,ng/L,0,34,H,STAT,2025-05-19 02:29,2025-05-19 02:54,2025-05-19 03:43
LAB735983,ENC115173,PT13060,GLU,Glucose,113,mg/dL,70,99,H,STAT,2025-05-19 06:22,2025-05-19 06:57,2025-05-19 08:03
LAB735984,ENC115173,PT13060,CREAT,Creatinine,0.75,mg/dL,0.6,1.3,N,STAT,2025-05-19 06:21,2025-05-19 06:51,2025-05-19 07:52
LAB735985,ENC115173,PT13060,WBC,White Blood Cell Count,8.9,K/uL,4.5,11,N,STAT,2025-05-19 07:02,2025-05-19 07:13,2025-05-19 08:06
LAB735986,ENC115173,PT13060,HGB,Hemoglobin,10.7,g/dL,12,17.5,L,STAT,2025-05-19 06:05,2025-05-19 06:23,2025-05-19 07:15
LAB735987,ENC115173,PT13060,NA,Sodium,140,mmol/L,136,145,N,Routine,2025-05-19 06:23,2025-05-19 06:27,2025-05-19 11:59
LAB735988,ENC115173,PT13060,K,Potassium,3.9,mmol/L,3.5,5.1,N,STAT,2025-05-19 06:29,2025-05-19 06:56,2025-05-19 07:42
LAB735989,ENC115175,PT12543,LDL,LDL Cholesterol,113,mg/dL,0,99,H,Routine,2025-05-19 09:42,2025-05-19 09:54,2025-05-19 22:40
LAB735990,ENC115175,PT12543,A1C,Hemoglobin A1c,5.4,%,4,5.6,N,Routine,2025-05-19 09:34,2025-05-19 09:39,2025-05-19 20:50
LAB735991,ENC115176,PT12866,WBC,White Blood Cell Count,6.5,K/uL,4.5,11,N,Routine,2025-05-19 09:58,2025-05-19 10:29,2025-05-19 14:01
LAB735992,ENC115176,PT12866,HGB,Hemoglobin,15,g/dL,12,17.5,N,Routine,2025-05-19 09:58,2025-05-19 10:11,2025-05-19 13:16
LAB735993,ENC115176,PT12866,PLT,Platelet Count,249,K/uL,150,400,N,Routine,2025-05-19 09:52,2025-05-19 10:19,2025-05-19 14:49
LAB735994,ENC115183,PT10819,LDL,LDL Cholesterol,135,mg/dL,0,99,H,Routine,2025-05-19 11:20,2025-05-19 11:24,2025-05-20 03:55
LAB735995,ENC115185,PT10562,GLU,Glucose,131,mg/dL,70,99,H,Routine,2025-05-19 12:07,2025-05-19 12:17,2025-05-19 15:28
LAB735996,ENC115185,PT10562,CREAT,Creatinine,1,mg/dL,0.6,1.3,N,Routine,2025-05-19 12:21,2025-05-19 12:51,2025-05-19 18:01
LAB735997,ENC115185,PT10562,WBC,White Blood Cell Count,7,K/uL,4.5,11,N,STAT,2025-05-19 11:53,2025-05-19 11:57,2025-05-19 12:45
LAB735998,ENC115185,PT10562,HGB,Hemoglobin,12.6,g/dL,12,17.5,N,STAT,2025-05-19 12:18,2025-05-19 12:31,2025-05-19 13:25
LAB735999,ENC115187,PT13507,GLU,Glucose,137,mg/dL,70,99,H,STAT,2025-05-19 12:01,2025-05-19 12:13,2025-05-19 13:42
LAB736000,ENC115187,PT13507,CREAT,Creatinine,0.81,mg/dL,0.6,1.3,N,STAT,2025-05-19 12:04,2025-05-19 12:18,2025-05-19 12:55
LAB736001,ENC115187,PT13507,WBC,White Blood Cell Count,5.3,K/uL,4.5,11,N,STAT,2025-05-19 12:42,2025-05-19 12:52,2025-05-19 13:38
LAB736002,ENC115187,PT13507,HGB,Hemoglobin,13.7,g/dL,12,17.5,N,STAT,2025-05-19 12:36,2025-05-19 12:40,2025-05-19 13:06
LAB736003,ENC115188,PT13652,GLU,Glucose,85,mg/dL,70,99,N,STAT,2025-05-19 17:52,2025-05-19 18:27,2025-05-19 18:57
LAB736004,ENC115188,PT13652,CREAT,Creatinine,1.25,mg/dL,0.6,1.3,N,STAT,2025-05-19 17:30,2025-05-19 17:40,2025-05-19 18:29
LAB736005,ENC115188,PT13652,WBC,White Blood Cell Count,14.4,K/uL,4.5,11,H,STAT,2025-05-19 17:32,2025-05-19 17:57,2025-05-19 18:52
LAB736006,ENC115188,PT13652,HGB,Hemoglobin,12.5,g/dL,12,17.5,N,STAT,2025-05-19 17:41,2025-05-19 18:00,2025-05-19 18:52
LAB736007,ENC115191,PT12628,GLU,Glucose,164,mg/dL,70,99,H,STAT,2025-05-19 14:30,2025-05-19 14:58,2025-05-19 15:58
LAB736008,ENC115191,PT12628,CREAT,Creatinine,1.26,mg/dL,0.6,1.3,N,STAT,2025-05-19 14:11,2025-05-19 14:39,2025-05-19 15:33
LAB736009,ENC115191,PT12628,WBC,White Blood Cell Count,10.6,K/uL,4.5,11,N,Routine,2025-05-19 14:09,2025-05-19 14:25,2025-05-19 17:21
LAB736010,ENC115191,PT12628,HGB,Hemoglobin,13.1,g/dL,12,17.5,N,STAT,2025-05-19 14:34,2025-05-19 15:02,2025-05-19 16:20
LAB736011,ENC115191,PT12628,NA,Sodium,141,mmol/L,136,145,N,STAT,2025-05-19 14:46,2025-05-19 15:21,2025-05-19 16:59
LAB736012,ENC115191,PT12628,K,Potassium,4,mmol/L,3.5,5.1,N,STAT,2025-05-19 14:46,2025-05-19 15:00,2025-05-19 16:10
LAB736013,ENC115191,PT12628,BUN,Blood Urea Nitrogen,19,mg/dL,7,20,N,STAT,2025-05-19 14:18,2025-05-19 14:35,2025-05-19 15:05
LAB736014,ENC115191,PT12628,PLT,Platelet Count,317,K/uL,150,400,N,STAT,2025-05-19 14:54,2025-05-19 15:23,2025-05-19 16:10
LAB736015,ENC115194,PT11636,GLU,Glucose,111,mg/dL,70,99,H,STAT,2025-05-19 17:07,2025-05-19 17:22,2025-05-19 18:01
LAB736016,ENC115194,PT11636,CREAT,Creatinine,0.69,mg/dL,0.6,1.3,N,Routine,2025-05-19 17:38,2025-05-19 17:48,2025-05-19 20:43
LAB736017,ENC115194,PT11636,WBC,White Blood Cell Count,10.3,K/uL,4.5,11,N,Routine,2025-05-19 17:11,2025-05-19 17:30,2025-05-19 19:01
LAB736018,ENC115194,PT11636,HGB,Hemoglobin,13.4,g/dL,12,17.5,N,Routine,2025-05-19 17:44,2025-05-19 18:10,2025-05-19 23:00
LAB736019,ENC115196,PT10671,GLU,Glucose,129,mg/dL,70,99,H,STAT,2025-05-19 15:19,2025-05-19 15:23,2025-05-19 15:52
LAB736020,ENC115196,PT10671,CREAT,Creatinine,0.92,mg/dL,0.6,1.3,N,STAT,2025-05-19 16:16,2025-05-19 16:29,2025-05-19 17:44
LAB736021,ENC115196,PT10671,WBC,White Blood Cell Count,9.5,K/uL,4.5,11,N,STAT,2025-05-19 15:21,2025-05-19 15:48,2025-05-19 16:46
LAB736022,ENC115196,PT10671,HGB,Hemoglobin,7.4,g/dL,12,17.5,L,Routine,2025-05-19 15:34,2025-05-19 15:49,2025-05-19 18:29
LAB736023,ENC115196,PT10671,NA,Sodium,138,mmol/L,136,145,N,Routine,2025-05-19 16:21,2025-05-19 16:43,2025-05-19 21:48
LAB736024,ENC115196,PT10671,K,Potassium,4.4,mmol/L,3.5,5.1,N,STAT,2025-05-19 15:47,2025-05-19 15:59,2025-05-19 16:45
LAB736025,ENC115196,PT10671,BUN,Blood Urea Nitrogen,13,mg/dL,7,20,N,STAT,2025-05-19 16:15,2025-05-19 16:42,2025-05-19 17:37
LAB736026,ENC115196,PT10671,PLT,Platelet Count,267,K/uL,150,400,N,Routine,2025-05-19 15:51,2025-05-19 16:18,2025-05-19 19:08
LAB736027,ENC115196,PT10671,INR,Prothrombin Time INR,1.1,ratio,0.8,1.2,N,STAT,2025-05-19 15:47,2025-05-19 16:11,2025-05-19 16:54
LAB736028,ENC115197,PT11573,A1C,Hemoglobin A1c,11.7,%,4,5.6,H,Routine,2025-05-19 15:42,2025-05-19 15:49,2025-05-20 12:25
LAB736029,ENC115197,PT11573,GLU,Glucose,188,mg/dL,70,99,H,Routine,2025-05-19 15:40,2025-05-19 15:53,2025-05-19 20:39
LAB736030,ENC115197,PT11573,CREAT,Creatinine,0.87,mg/dL,0.6,1.3,N,Routine,2025-05-19 15:53,2025-05-19 16:27,2025-05-19 20:16
LAB736031,ENC115199,PT12707,LDL,LDL Cholesterol,166,mg/dL,0,99,H,Routine,2025-05-19 16:01,2025-05-19 16:33,2025-05-20 06:14
LAB736032,ENC115200,PT11374,TROP,"Troponin I, High Sensitivity",52,ng/L,0,34,H,STAT,2025-05-19 16:56,2025-05-19 17:31,2025-05-19 18:39
LAB736033,ENC115202,PT10631,GLU,Glucose,89,mg/dL,70,99,N,Routine,2025-05-19 20:03,2025-05-19 20:13,2025-05-19 23:37
LAB736034,ENC115202,PT10631,CREAT,Creatinine,0.68,mg/dL,0.6,1.3,N,Routine,2025-05-19 21:09,2025-05-19 21:18,2025-05-20 01:15
LAB736035,ENC115202,PT10631,WBC,White Blood Cell Count,3.9,K/uL,4.5,11,L,STAT,2025-05-19 20:11,2025-05-19 20:38,2025-05-19 21:01
LAB736036,ENC115202,PT10631,HGB,Hemoglobin,11.4,g/dL,12,17.5,L,STAT,2025-05-19 20:13,2025-05-19 20:28,2025-05-19 21:11
LAB736037,ENC115203,PT10548,GLU,Glucose,93,mg/dL,70,99,N,Routine,2025-05-19 18:32,2025-05-19 18:38,2025-05-19 20:00
LAB736038,ENC115203,PT10548,CREAT,Creatinine,1.13,mg/dL,0.6,1.3,N,STAT,2025-05-19 18:29,2025-05-19 18:53,2025-05-19 19:56
LAB736039,ENC115203,PT10548,WBC,White Blood Cell Count,7.4,K/uL,4.5,11,N,Routine,2025-05-19 18:38,2025-05-19 18:48,2025-05-19 21:58
LAB736040,ENC115203,PT10548,HGB,Hemoglobin,14.5,g/dL,12,17.5,N,Routine,2025-05-19 18:29,2025-05-19 18:54,2025-05-19 21:57
LAB736041,ENC115203,PT10548,TROP,"Troponin I, High Sensitivity",6,ng/L,0,34,N,STAT,2025-05-19 19:23,2025-05-19 19:37,2025-05-19 20:03
LAB736042,ENC115204,PT12600,GLU,Glucose,223,mg/dL,70,99,H,STAT,2025-05-19 19:52,2025-05-19 20:22,2025-05-19 21:39
LAB736043,ENC115204,PT12600,CREAT,Creatinine,1.13,mg/dL,0.6,1.3,N,STAT,2025-05-19 19:29,2025-05-19 19:41,2025-05-19 20:21
LAB736044,ENC115204,PT12600,WBC,White Blood Cell Count,8.1,K/uL,4.5,11,N,STAT,2025-05-19 19:56,2025-05-19 20:16,2025-05-19 20:32
LAB736045,ENC115204,PT12600,HGB,Hemoglobin,13.5,g/dL,12,17.5,N,STAT,2025-05-19 19:37,2025-05-19 19:50,2025-05-19 20:25
LAB736046,ENC115205,PT13800,GLU,Glucose,279,mg/dL,70,99,H,STAT,2025-05-19 22:24,2025-05-19 22:55,2025-05-19 23:45
LAB736047,ENC115205,PT13800,CREAT,Creatinine,1.37,mg/dL,0.6,1.3,H,STAT,2025-05-19 22:33,2025-05-19 22:42,2025-05-19 23:10
LAB736048,ENC115205,PT13800,WBC,White Blood Cell Count,10.4,K/uL,4.5,11,N,Routine,2025-05-19 22:52,2025-05-19 23:10,2025-05-20 04:42
LAB736049,ENC115205,PT13800,HGB,Hemoglobin,10.8,g/dL,12,17.5,L,Routine,2025-05-19 22:48,2025-05-19 23:19,2025-05-20 01:58
LAB736050,ENC115205,PT13800,NA,Sodium,141,mmol/L,136,145,N,STAT,2025-05-19 22:33,2025-05-19 22:46,2025-05-19 23:30
LAB736051,ENC115205,PT13800,K,Potassium,3.8,mmol/L,3.5,5.1,N,STAT,2025-05-19 23:04,2025-05-19 23:22,2025-05-20 00:18
LAB736052,ENC115207,PT10045,GLU,Glucose,82,mg/dL,70,99,N,STAT,2025-05-20 01:07,2025-05-20 01:11,2025-05-20 02:06
LAB736053,ENC115207,PT10045,CREAT,Creatinine,1.29,mg/dL,0.6,1.3,N,STAT,2025-05-20 01:18,2025-05-20 01:41,2025-05-20 02:30
LAB736054,ENC115207,PT10045,WBC,White Blood Cell Count,6.9,K/uL,4.5,11,N,Routine,2025-05-20 01:02,2025-05-20 01:07,2025-05-20 06:18
LAB736055,ENC115207,PT10045,HGB,Hemoglobin,13.6,g/dL,12,17.5,N,STAT,2025-05-20 01:23,2025-05-20 01:42,2025-05-20 02:35
LAB736056,ENC115207,PT10045,BUN,Blood Urea Nitrogen,13,mg/dL,7,20,N,Routine,2025-05-20 01:39,2025-05-20 01:52,2025-05-20 02:55
LAB736057,ENC115207,PT10045,PLT,Platelet Count,334,K/uL,150,400,N,Routine,2025-05-20 00:36,2025-05-20 01:01,2025-05-20 02:26
LAB736058,ENC115208,PT10235,GLU,Glucose,125,mg/dL,70,99,H,Routine,2025-05-20 02:28,2025-05-20 02:33,2025-05-20 06:10
LAB736059,ENC115208,PT10235,CREAT,Creatinine,1.1,mg/dL,0.6,1.3,N,STAT,2025-05-20 02:36,2025-05-20 02:44,2025-05-20 03:44
LAB736060,ENC115208,PT10235,WBC,White Blood Cell Count,10.7,K/uL,4.5,11,N,STAT,2025-05-20 02:28,2025-05-20 02:42,2025-05-20 03:40
LAB736061,ENC115208,PT10235,HGB,Hemoglobin,15.2,g/dL,12,17.5,N,STAT,2025-05-20 02:43,2025-05-20 03:13,2025-05-20 04:15
LAB736062,ENC115208,PT10235,NA,Sodium,139,mmol/L,136,145,N,Routine,2025-05-20 01:59,2025-05-20 02:13,2025-05-20 03:52
LAB736063,ENC115208,PT10235,K,Potassium,3.7,mmol/L,3.5,5.1,N,STAT,2025-05-20 02:12,2025-05-20 02:36,2025-05-20 03:17
LAB736064,ENC115210,PT12647,GLU,Glucose,431,mg/dL,70,99,H,STAT,2025-05-20 12:57,2025-05-20 13:03,2025-05-20 13:42
LAB736065,ENC115210,PT12647,CREAT,Creatinine,0.73,mg/dL,0.6,1.3,N,Routine,2025-05-20 12:52,2025-05-20 13:03,2025-05-20 17:04
LAB736066,ENC115210,PT12647,WBC,White Blood Cell Count,3.1,K/uL,4.5,11,L,STAT,2025-05-20 12:42,2025-05-20 13:06,2025-05-20 14:18
LAB736067,ENC115210,PT12647,HGB,Hemoglobin,14.3,g/dL,12,17.5,N,STAT,2025-05-20 12:36,2025-05-20 12:45,2025-05-20 13:21
LAB736068,ENC115210,PT12647,NA,Sodium,140,mmol/L,136,145,N,STAT,2025-05-20 12:08,2025-05-20 12:26,2025-05-20 13:02
LAB736069,ENC115210,PT12647,K,Potassium,4.1,mmol/L,3.5,5.1,N,STAT,2025-05-20 13:12,2025-05-20 13:29,2025-05-20 14:15
LAB736070,ENC115210,PT12647,A1C,Hemoglobin A1c,9.5,%,4,5.6,H,STAT,2025-05-20 13:02,2025-05-20 13:35,2025-05-20 14:14
LAB736071,ENC115214,PT12963,LDL,LDL Cholesterol,101,mg/dL,0,99,H,Routine,2025-05-20 09:09,2025-05-20 09:14,2025-05-20 17:34
LAB736072,ENC115214,PT12963,TSH,Thyroid Stimulating Hormone,7.61,mIU/L,0.4,4,H,Routine,2025-05-20 09:21,2025-05-20 09:43,2025-05-20 15:56
LAB736073,ENC115216,PT13268,LDL,LDL Cholesterol,184,mg/dL,0,99,H,Routine,2025-05-20 09:52,2025-05-20 10:23,2025-05-20 16:53
LAB736074,ENC115216,PT13268,TSH,Thyroid Stimulating Hormone,2.21,mIU/L,0.4,4,N,Routine,2025-05-20 09:41,2025-05-20 10:09,2025-05-21 00:52
LAB736075,ENC115217,PT13872,WBC,White Blood Cell Count,6.7,K/uL,4.5,11,N,Routine,2025-05-20 09:54,2025-05-20 10:17,2025-05-20 11:55
LAB736076,ENC115217,PT13872,HGB,Hemoglobin,11.9,g/dL,12,17.5,L,Routine,2025-05-20 10:03,2025-05-20 10:25,2025-05-20 13:27
LAB736077,ENC115217,PT13872,PLT,Platelet Count,281,K/uL,150,400,N,Routine,2025-05-20 09:59,2025-05-20 10:05,2025-05-20 13:47
LAB736078,ENC115220,PT10679,A1C,Hemoglobin A1c,7.2,%,4,5.6,H,Routine,2025-05-20 11:33,2025-05-20 12:07,2025-05-22 03:03
LAB736079,ENC115222,PT11084,GLU,Glucose,176,mg/dL,70,99,H,STAT,2025-05-20 17:05,2025-05-20 17:16,2025-05-20 18:09
LAB736080,ENC115222,PT11084,CREAT,Creatinine,0.96,mg/dL,0.6,1.3,N,Routine,2025-05-20 17:01,2025-05-20 17:24,2025-05-20 19:14
LAB736081,ENC115222,PT11084,WBC,White Blood Cell Count,6.6,K/uL,4.5,11,N,STAT,2025-05-20 16:25,2025-05-20 17:00,2025-05-20 17:40
LAB736082,ENC115222,PT11084,HGB,Hemoglobin,14.9,g/dL,12,17.5,N,STAT,2025-05-20 16:49,2025-05-20 17:16,2025-05-20 18:02
LAB736083,ENC115223,PT12957,A1C,Hemoglobin A1c,9.7,%,4,5.6,H,Routine,2025-05-20 13:00,2025-05-20 13:13,2025-05-21 04:54
LAB736084,ENC115223,PT12957,GLU,Glucose,180,mg/dL,70,99,H,Routine,2025-05-20 12:49,2025-05-20 13:09,2025-05-20 19:48
LAB736085,ENC115223,PT12957,CREAT,Creatinine,0.73,mg/dL,0.6,1.3,N,Routine,2025-05-20 12:51,2025-05-20 13:01,2025-05-20 15:17
LAB736086,ENC115226,PT10139,GLU,Glucose,124,mg/dL,70,99,H,STAT,2025-05-20 17:19,2025-05-20 17:48,2025-05-20 18:32
LAB736087,ENC115226,PT10139,CREAT,Creatinine,0.85,mg/dL,0.6,1.3,N,STAT,2025-05-20 17:37,2025-05-20 17:51,2025-05-20 18:44
LAB736088,ENC115226,PT10139,WBC,White Blood Cell Count,8.6,K/uL,4.5,11,N,STAT,2025-05-20 17:23,2025-05-20 17:33,2025-05-20 18:05
LAB736089,ENC115226,PT10139,HGB,Hemoglobin,11.6,g/dL,12,17.5,L,Routine,2025-05-20 17:03,2025-05-20 17:07,2025-05-20 20:51
LAB736090,ENC115227,PT11590,GLU,Glucose,140,mg/dL,70,99,H,Routine,2025-05-20 14:47,2025-05-20 15:05,2025-05-20 21:37
LAB736091,ENC115227,PT11590,CREAT,Creatinine,1.16,mg/dL,0.6,1.3,N,Routine,2025-05-20 14:50,2025-05-20 15:18,2025-05-20 18:24
LAB736092,ENC115227,PT11590,WBC,White Blood Cell Count,21.3,K/uL,4.5,11,H,Routine,2025-05-20 14:31,2025-05-20 15:01,2025-05-20 16:46
LAB736093,ENC115227,PT11590,HGB,Hemoglobin,15.6,g/dL,12,17.5,N,STAT,2025-05-20 14:49,2025-05-20 15:20,2025-05-20 16:38
LAB736094,ENC115227,PT11590,NA,Sodium,143,mmol/L,136,145,N,Routine,2025-05-20 14:08,2025-05-20 14:19,2025-05-20 16:30
LAB736095,ENC115227,PT11590,K,Potassium,3.9,mmol/L,3.5,5.1,N,STAT,2025-05-20 14:20,2025-05-20 14:49,2025-05-20 15:43
LAB736096,ENC115228,PT11842,GLU,Glucose,123,mg/dL,70,99,H,Routine,2025-05-20 17:17,2025-05-20 17:45,2025-05-20 22:47
LAB736097,ENC115228,PT11842,CREAT,Creatinine,1.33,mg/dL,0.6,1.3,H,Routine,2025-05-20 17:45,2025-05-20 18:20,2025-05-21 02:01
LAB736098,ENC115228,PT11842,WBC,White Blood Cell Count,7.9,K/uL,4.5,11,N,Routine,2025-05-20 17:08,2025-05-20 17:39,2025-05-20 21:00
LAB736099,ENC115228,PT11842,HGB,Hemoglobin,15.6,g/dL,12,17.5,N,STAT,2025-05-20 17:44,2025-05-20 17:55,2025-05-20 18:46
LAB736100,ENC115228,PT11842,TROP,"Troponin I, High Sensitivity",89,ng/L,0,34,H,STAT,2025-05-20 16:59,2025-05-20 17:10,2025-05-20 17:53
LAB736101,ENC115228,PT11842,BNP,B-Type Natriuretic Peptide,2379,pg/mL,0,100,H,Routine,2025-05-20 17:49,2025-05-20 18:19,2025-05-20 20:32
LAB736102,ENC115229,PT11832,LDL,LDL Cholesterol,153,mg/dL,0,99,H,Routine,2025-05-20 14:43,2025-05-20 15:12,2025-05-21 03:19
LAB736103,ENC115229,PT11832,A1C,Hemoglobin A1c,7.4,%,4,5.6,H,Routine,2025-05-20 14:35,2025-05-20 15:07,2025-05-22 05:11
LAB736104,ENC115231,PT12223,WBC,White Blood Cell Count,7.1,K/uL,4.5,11,N,Routine,2025-05-20 15:06,2025-05-20 15:38,2025-05-20 20:33
LAB736105,ENC115231,PT12223,HGB,Hemoglobin,11,g/dL,12,17.5,L,Routine,2025-05-20 14:58,2025-05-20 15:33,2025-05-20 20:16
LAB736106,ENC115231,PT12223,PLT,Platelet Count,321,K/uL,150,400,N,Routine,2025-05-20 15:13,2025-05-20 15:34,2025-05-20 17:41
LAB736107,ENC115232,PT10499,A1C,Hemoglobin A1c,6.5,%,4,5.6,H,Routine,2025-05-20 15:16,2025-05-20 15:43,2025-05-21 06:14
LAB736108,ENC115232,PT10499,GLU,Glucose,154,mg/dL,70,99,H,Routine,2025-05-20 15:13,2025-05-20 15:24,2025-05-20 19:01
LAB736109,ENC115232,PT10499,CREAT,Creatinine,0.71,mg/dL,0.6,1.3,N,Routine,2025-05-20 15:15,2025-05-20 15:50,2025-05-20 18:21
LAB736110,ENC115233,PT10011,LDL,LDL Cholesterol,155,mg/dL,0,99,H,Routine,2025-05-20 15:28,2025-05-20 15:43,2025-05-20 23:53
LAB736111,ENC115233,PT10011,TSH,Thyroid Stimulating Hormone,0.91,mIU/L,0.4,4,N,Routine,2025-05-20 15:10,2025-05-20 15:39,2025-05-21 11:22
LAB736112,ENC115235,PT11496,GLU,Glucose,104,mg/dL,70,99,H,STAT,2025-05-20 16:28,2025-05-20 16:47,2025-05-20 17:42
LAB736113,ENC115235,PT11496,CREAT,Creatinine,0.73,mg/dL,0.6,1.3,N,STAT,2025-05-20 16:37,2025-05-20 16:41,2025-05-20 18:06
LAB736114,ENC115235,PT11496,WBC,White Blood Cell Count,11.1,K/uL,4.5,11,H,STAT,2025-05-20 15:37,2025-05-20 15:59,2025-05-20 16:46
LAB736115,ENC115235,PT11496,HGB,Hemoglobin,14.3,g/dL,12,17.5,N,STAT,2025-05-20 16:41,2025-05-20 17:00,2025-05-20 17:35
LAB736116,ENC115238,PT11125,WBC,White Blood Cell Count,8.1,K/uL,4.5,11,N,Routine,2025-05-20 15:52,2025-05-20 15:56,2025-05-20 17:30
LAB736117,ENC115238,PT11125,HGB,Hemoglobin,9.8,g/dL,12,17.5,L,Routine,2025-05-20 15:53,2025-05-20 16:13,2025-05-20 22:40
LAB736118,ENC115238,PT11125,PLT,Platelet Count,188,K/uL,150,400,N,Routine,2025-05-20 16:06,2025-05-20 16:37,2025-05-20 18:48
LAB736119,ENC115239,PT10373,WBC,White Blood Cell Count,10,K/uL,4.5,11,N,Routine,2025-05-20 16:30,2025-05-20 16:55,2025-05-20 18:52
LAB736120,ENC115239,PT10373,HGB,Hemoglobin,11.9,g/dL,12,17.5,L,Routine,2025-05-20 16:08,2025-05-20 16:22,2025-05-20 19:20
LAB736121,ENC115239,PT10373,PLT,Platelet Count,234,K/uL,150,400,N,Routine,2025-05-20 16:10,2025-05-20 16:29,2025-05-20 22:03
LAB736122,ENC115241,PT12594,GLU,Glucose,161,mg/dL,70,99,H,STAT,2025-05-20 21:36,2025-05-20 22:07,2025-05-20 22:33
LAB736123,ENC115241,PT12594,CREAT,Creatinine,1.95,mg/dL,0.6,1.3,H,STAT,2025-05-20 20:50,2025-05-20 21:02,2025-05-20 21:49
LAB736124,ENC115241,PT12594,WBC,White Blood Cell Count,22.9,K/uL,4.5,11,H,STAT,2025-05-20 21:44,2025-05-20 21:48,2025-05-20 22:42
LAB736125,ENC115241,PT12594,HGB,Hemoglobin,10.1,g/dL,12,17.5,L,Routine,2025-05-20 21:09,2025-05-20 21:15,2025-05-21 02:56
LAB736126,ENC115241,PT12594,LACT,Lactate,5.5,mmol/L,0.5,2,HH,STAT,2025-05-20 21:11,2025-05-20 21:39,2025-05-20 23:27
LAB736127,ENC115242,PT10528,A1C,Hemoglobin A1c,5.1,%,4,5.6,N,Routine,2025-05-20 16:35,2025-05-20 16:50,2025-05-21 23:21
LAB736128,ENC115242,PT10528,GLU,Glucose,101,mg/dL,70,99,H,Routine,2025-05-20 16:50,2025-05-20 17:15,2025-05-21 02:33
LAB736129,ENC115242,PT10528,CREAT,Creatinine,0.82,mg/dL,0.6,1.3,N,Routine,2025-05-20 16:46,2025-05-20 17:10,2025-05-20 19:52
LAB736130,ENC115243,PT13038,LDL,LDL Cholesterol,158,mg/dL,0,99,H,Routine,2025-05-20 16:43,2025-05-20 17:06,2025-05-21 03:20
LAB736131,ENC115244,PT11090,GLU,Glucose,95,mg/dL,70,99,N,Routine,2025-05-20 17:33,2025-05-20 17:49,2025-05-20 19:09
LAB736132,ENC115244,PT11090,CREAT,Creatinine,0.77,mg/dL,0.6,1.3,N,STAT,2025-05-20 17:54,2025-05-20 18:19,2025-05-20 18:45
LAB736133,ENC115244,PT11090,WBC,White Blood Cell Count,8.7,K/uL,4.5,11,N,Routine,2025-05-20 17:28,2025-05-20 17:35,2025-05-20 19:24
LAB736134,ENC115244,PT11090,HGB,Hemoglobin,12.3,g/dL,12,17.5,N,STAT,2025-05-20 17:04,2025-05-20 17:34,2025-05-20 18:45
LAB736135,ENC115245,PT13324,GLU,Glucose,163,mg/dL,70,99,H,Routine,2025-05-20 18:59,2025-05-20 19:30,2025-05-20 22:15
LAB736136,ENC115245,PT13324,CREAT,Creatinine,1.06,mg/dL,0.6,1.3,N,STAT,2025-05-20 18:55,2025-05-20 19:04,2025-05-20 20:26
LAB736137,ENC115245,PT13324,WBC,White Blood Cell Count,5.1,K/uL,4.5,11,N,Routine,2025-05-20 19:04,2025-05-20 19:11,2025-05-21 00:01
LAB736138,ENC115245,PT13324,HGB,Hemoglobin,16,g/dL,12,17.5,N,Routine,2025-05-20 18:46,2025-05-20 19:05,2025-05-20 20:39
LAB736139,ENC115246,PT11096,GLU,Glucose,89,mg/dL,70,99,N,STAT,2025-05-20 17:45,2025-05-20 18:02,2025-05-20 18:48
LAB736140,ENC115246,PT11096,CREAT,Creatinine,0.98,mg/dL,0.6,1.3,N,STAT,2025-05-20 18:19,2025-05-20 18:47,2025-05-20 20:14
LAB736141,ENC115246,PT11096,WBC,White Blood Cell Count,8.8,K/uL,4.5,11,N,Routine,2025-05-20 17:49,2025-05-20 18:21,2025-05-20 23:35
LAB736142,ENC115247,PT12639,GLU,Glucose,90,mg/dL,70,99,N,Routine,2025-05-20 18:04,2025-05-20 18:20,2025-05-20 21:44
LAB736143,ENC115247,PT12639,CREAT,Creatinine,1.07,mg/dL,0.6,1.3,N,STAT,2025-05-20 18:31,2025-05-20 18:55,2025-05-20 19:52
LAB736144,ENC115247,PT12639,WBC,White Blood Cell Count,7.4,K/uL,4.5,11,N,STAT,2025-05-20 18:10,2025-05-20 18:40,2025-05-20 19:34
LAB736145,ENC115247,PT12639,HGB,Hemoglobin,12.3,g/dL,12,17.5,N,STAT,2025-05-20 19:04,2025-05-20 19:08,2025-05-20 19:36
LAB736146,ENC115249,PT10170,GLU,Glucose,130,mg/dL,70,99,H,Routine,2025-05-20 19:03,2025-05-20 19:08,2025-05-20 20:42
LAB736147,ENC115249,PT10170,CREAT,Creatinine,0.83,mg/dL,0.6,1.3,N,STAT,2025-05-20 19:24,2025-05-20 19:57,2025-05-20 20:43
LAB736148,ENC115249,PT10170,WBC,White Blood Cell Count,8.8,K/uL,4.5,11,N,Routine,2025-05-20 19:18,2025-05-20 19:53,2025-05-21 00:15
LAB736149,ENC115249,PT10170,HGB,Hemoglobin,11.5,g/dL,12,17.5,L,STAT,2025-05-20 19:40,2025-05-20 20:15,2025-05-20 21:32
LAB736150,ENC115249,PT10170,TROP,"Troponin I, High Sensitivity",64,ng/L,0,34,H,STAT,2025-05-20 19:51,2025-05-20 19:55,2025-05-20 20:58
LAB736151,ENC115249,PT10170,BNP,B-Type Natriuretic Peptide,1219,pg/mL,0,100,H,STAT,2025-05-20 19:29,2025-05-20 19:51,2025-05-20 20:19
LAB736152,ENC115251,PT12420,GLU,Glucose,440,mg/dL,70,99,H,Routine,2025-05-21 00:24,2025-05-21 00:38,2025-05-21 03:30
LAB736153,ENC115251,PT12420,CREAT,Creatinine,1.11,mg/dL,0.6,1.3,N,Routine,2025-05-21 01:22,2025-05-21 01:40,2025-05-21 04:18
LAB736154,ENC115251,PT12420,WBC,White Blood Cell Count,7.1,K/uL,4.5,11,N,Routine,2025-05-21 01:12,2025-05-21 01:26,2025-05-21 07:56
LAB736155,ENC115251,PT12420,HGB,Hemoglobin,11.9,g/dL,12,17.5,L,STAT,2025-05-21 00:26,2025-05-21 00:42,2025-05-21 01:31
LAB736156,ENC115251,PT12420,NA,Sodium,141,mmol/L,136,145,N,STAT,2025-05-21 00:38,2025-05-21 00:51,2025-05-21 01:26
LAB736157,ENC115251,PT12420,K,Potassium,4.5,mmol/L,3.5,5.1,N,STAT,2025-05-21 01:17,2025-05-21 01:44,2025-05-21 02:18
LAB736158,ENC115251,PT12420,A1C,Hemoglobin A1c,6.7,%,4,5.6,H,Routine,2025-05-21 01:26,2025-05-21 01:46,2025-05-21 14:29
LAB736159,ENC115252,PT11562,GLU,Glucose,106,mg/dL,70,99,H,STAT,2025-05-20 23:44,2025-05-21 00:10,2025-05-21 01:00
LAB736160,ENC115252,PT11562,CREAT,Creatinine,0.68,mg/dL,0.6,1.3,N,STAT,2025-05-20 22:40,2025-05-20 23:12,2025-05-21 00:05
LAB736161,ENC115252,PT11562,WBC,White Blood Cell Count,9.4,K/uL,4.5,11,N,STAT,2025-05-20 23:41,2025-05-21 00:06,2025-05-21 01:59
LAB736162,ENC115252,PT11562,HGB,Hemoglobin,13.2,g/dL,12,17.5,N,STAT,2025-05-20 23:13,2025-05-20 23:43,2025-05-21 00:26
LAB736163,ENC115253,PT11471,GLU,Glucose,96,mg/dL,70,99,N,Routine,2025-05-21 00:52,2025-05-21 01:26,2025-05-21 02:52
LAB736164,ENC115253,PT11471,CREAT,Creatinine,0.82,mg/dL,0.6,1.3,N,Routine,2025-05-21 01:50,2025-05-21 02:07,2025-05-21 03:13
LAB736165,ENC115253,PT11471,WBC,White Blood Cell Count,8.6,K/uL,4.5,11,N,Routine,2025-05-21 01:44,2025-05-21 02:13,2025-05-21 05:42
LAB736166,ENC115253,PT11471,HGB,Hemoglobin,13.1,g/dL,12,17.5,N,STAT,2025-05-21 01:32,2025-05-21 01:57,2025-05-21 03:16
LAB736167,ENC115254,PT12409,GLU,Glucose,128,mg/dL,70,99,H,STAT,2025-05-21 00:34,2025-05-21 00:40,2025-05-21 01:25
LAB736168,ENC115254,PT12409,CREAT,Creatinine,1.1,mg/dL,0.6,1.3,N,STAT,2025-05-20 23:37,2025-05-20 23:43,2025-05-21 00:25
LAB736169,ENC115254,PT12409,WBC,White Blood Cell Count,5.5,K/uL,4.5,11,N,Routine,2025-05-21 00:06,2025-05-21 00:23,2025-05-21 01:29
LAB736170,ENC115254,PT12409,HGB,Hemoglobin,14.3,g/dL,12,17.5,N,Routine,2025-05-20 23:34,2025-05-20 23:56,2025-05-21 02:54
LAB736171,ENC115255,PT10393,GLU,Glucose,108,mg/dL,70,99,H,Routine,2025-05-21 00:57,2025-05-21 01:08,2025-05-21 05:04
LAB736172,ENC115255,PT10393,CREAT,Creatinine,1.16,mg/dL,0.6,1.3,N,STAT,2025-05-21 01:00,2025-05-21 01:34,2025-05-21 03:45
LAB736173,ENC115255,PT10393,WBC,White Blood Cell Count,13.3,K/uL,4.5,11,H,Routine,2025-05-21 01:44,2025-05-21 01:56,2025-05-21 03:37
LAB736174,ENC115255,PT10393,HGB,Hemoglobin,11.9,g/dL,12,17.5,L,STAT,2025-05-21 01:42,2025-05-21 02:08,2025-05-21 02:29
LAB736175,ENC115257,PT10362,GLU,Glucose,94,mg/dL,70,99,N,STAT,2025-05-21 09:49,2025-05-21 09:59,2025-05-21 10:43
LAB736176,ENC115257,PT10362,CREAT,Creatinine,1.56,mg/dL,0.6,1.3,H,Routine,2025-05-21 09:38,2025-05-21 09:52,2025-05-21 13:55
LAB736177,ENC115257,PT10362,WBC,White Blood Cell Count,9.8,K/uL,4.5,11,N,STAT,2025-05-21 09:28,2025-05-21 09:32,2025-05-21 09:59
LAB736178,ENC115257,PT10362,HGB,Hemoglobin,14.3,g/dL,12,17.5,N,STAT,2025-05-21 09:31,2025-05-21 09:42,2025-05-21 10:24
LAB736179,ENC115257,PT10362,NA,Sodium,139,mmol/L,136,145,N,STAT,2025-05-21 09:23,2025-05-21 09:55,2025-05-21 10:48
LAB736180,ENC115257,PT10362,K,Potassium,4.2,mmol/L,3.5,5.1,N,STAT,2025-05-21 09:19,2025-05-21 09:41,2025-05-21 10:15
LAB736181,ENC115258,PT11475,LDL,LDL Cholesterol,157,mg/dL,0,99,H,Routine,2025-05-21 08:25,2025-05-21 08:35,2025-05-22 15:58
LAB736182,ENC115261,PT12857,GLU,Glucose,182,mg/dL,70,99,H,STAT,2025-05-21 13:29,2025-05-21 14:00,2025-05-21 14:40
LAB736183,ENC115261,PT12857,CREAT,Creatinine,2.05,mg/dL,0.6,1.3,H,STAT,2025-05-21 14:20,2025-05-21 14:38,2025-05-21 15:04
LAB736184,ENC115261,PT12857,WBC,White Blood Cell Count,23.7,K/uL,4.5,11,H,STAT,2025-05-21 13:38,2025-05-21 14:13,2025-05-21 15:08
LAB736185,ENC115261,PT12857,HGB,Hemoglobin,14.7,g/dL,12,17.5,N,Routine,2025-05-21 13:52,2025-05-21 14:11,2025-05-21 14:59
LAB736186,ENC115261,PT12857,LACT,Lactate,3,mmol/L,0.5,2,H,STAT,2025-05-21 14:27,2025-05-21 14:36,2025-05-21 15:15
LAB736187,ENC115262,PT10711,A1C,Hemoglobin A1c,5.3,%,4,5.6,N,Routine,2025-05-21 11:23,2025-05-21 11:36,2025-05-21 18:12
LAB736188,ENC115263,PT12274,GLU,Glucose,130,mg/dL,70,99,H,STAT,2025-05-21 11:44,2025-05-21 12:14,2025-05-21 14:13
LAB736189,ENC115263,PT12274,CREAT,Creatinine,0.65,mg/dL,0.6,1.3,N,STAT,2025-05-21 12:24,2025-05-21 12:45,2025-05-21 13:17
LAB736190,ENC115263,PT12274,WBC,White Blood Cell Count,6.7,K/uL,4.5,11,N,STAT,2025-05-21 11:32,2025-05-21 11:50,2025-05-21 12:53
LAB736191,ENC115263,PT12274,HGB,Hemoglobin,11.3,g/dL,12,17.5,L,STAT,2025-05-21 11:48,2025-05-21 12:16,2025-05-21 12:47
LAB736192,ENC115263,PT12274,TROP,"Troponin I, High Sensitivity",7,ng/L,0,34,N,STAT,2025-05-21 12:07,2025-05-21 12:22,2025-05-21 13:52
LAB736193,ENC115265,PT12538,WBC,White Blood Cell Count,8,K/uL,4.5,11,N,Routine,2025-05-21 12:39,2025-05-21 13:00,2025-05-21 19:26
LAB736194,ENC115265,PT12538,HGB,Hemoglobin,12.9,g/dL,12,17.5,N,Routine,2025-05-21 12:39,2025-05-21 12:57,2025-05-21 15:56
LAB736195,ENC115265,PT12538,PLT,Platelet Count,176,K/uL,150,400,N,Routine,2025-05-21 12:48,2025-05-21 13:15,2025-05-21 15:29
LAB736196,ENC115266,PT13861,GLU,Glucose,138,mg/dL,70,99,H,STAT,2025-05-21 13:40,2025-05-21 13:46,2025-05-21 14:26
LAB736197,ENC115266,PT13861,CREAT,Creatinine,1.02,mg/dL,0.6,1.3,N,STAT,2025-05-21 13:45,2025-05-21 13:55,2025-05-21 14:50
LAB736198,ENC115266,PT13861,WBC,White Blood Cell Count,21,K/uL,4.5,11,H,STAT,2025-05-21 13:46,2025-05-21 14:02,2025-05-21 14:53
LAB736199,ENC115266,PT13861,HGB,Hemoglobin,11.7,g/dL,12,17.5,L,STAT,2025-05-21 14:03,2025-05-21 14:09,2025-05-21 15:02
LAB736200,ENC115266,PT13861,LACT,Lactate,3.9,mmol/L,0.5,2,H,STAT,2025-05-21 13:22,2025-05-21 13:49,2025-05-21 14:33
LAB736201,ENC115267,PT10007,LDL,LDL Cholesterol,128,mg/dL,0,99,H,Routine,2025-05-21 15:07,2025-05-21 15:29,2025-05-22 06:22
LAB736202,ENC115270,PT11931,GLU,Glucose,120,mg/dL,70,99,H,STAT,2025-05-21 20:31,2025-05-21 20:59,2025-05-21 21:37
LAB736203,ENC115270,PT11931,CREAT,Creatinine,1.11,mg/dL,0.6,1.3,N,Routine,2025-05-21 20:46,2025-05-21 20:55,2025-05-21 22:31
LAB736204,ENC115270,PT11931,WBC,White Blood Cell Count,6.8,K/uL,4.5,11,N,Routine,2025-05-21 20:47,2025-05-21 21:08,2025-05-21 23:16
LAB736205,ENC115270,PT11931,HGB,Hemoglobin,13.9,g/dL,12,17.5,N,Routine,2025-05-21 20:34,2025-05-21 20:58,2025-05-22 00:01
LAB736206,ENC115271,PT11880,GLU,Glucose,225,mg/dL,70,99,H,Routine,2025-05-21 20:08,2025-05-21 20:31,2025-05-21 22:12
LAB736207,ENC115271,PT11880,CREAT,Creatinine,1.87,mg/dL,0.6,1.3,H,STAT,2025-05-21 20:58,2025-05-21 21:14,2025-05-21 22:09
LAB736208,ENC115271,PT11880,WBC,White Blood Cell Count,6.5,K/uL,4.5,11,N,Routine,2025-05-21 20:58,2025-05-21 21:18,2025-05-21 22:42
LAB736209,ENC115271,PT11880,HGB,Hemoglobin,11.7,g/dL,12,17.5,L,STAT,2025-05-21 20:30,2025-05-21 20:45,2025-05-21 21:42
LAB736210,ENC115271,PT11880,NA,Sodium,140,mmol/L,136,145,N,STAT,2025-05-21 20:37,2025-05-21 20:47,2025-05-21 21:15
LAB736211,ENC115271,PT11880,K,Potassium,4.5,mmol/L,3.5,5.1,N,STAT,2025-05-21 20:26,2025-05-21 20:57,2025-05-21 21:46
LAB736212,ENC115272,PT13751,GLU,Glucose,127,mg/dL,70,99,H,Routine,2025-05-21 17:40,2025-05-21 18:11,2025-05-21 20:52
LAB736213,ENC115272,PT13751,CREAT,Creatinine,1.01,mg/dL,0.6,1.3,N,Routine,2025-05-21 18:33,2025-05-21 18:58,2025-05-21 20:58
LAB736214,ENC115272,PT13751,WBC,White Blood Cell Count,5.7,K/uL,4.5,11,N,STAT,2025-05-21 18:30,2025-05-21 18:53,2025-05-21 19:51
LAB736215,ENC115272,PT13751,HGB,Hemoglobin,14.2,g/dL,12,17.5,N,STAT,2025-05-21 18:39,2025-05-21 19:03,2025-05-21 19:47
LAB736216,ENC115272,PT13751,TROP,"Troponin I, High Sensitivity",6,ng/L,0,34,N,STAT,2025-05-21 17:53,2025-05-21 18:15,2025-05-21 19:52
LAB736217,ENC115273,PT10392,GLU,Glucose,85,mg/dL,70,99,N,Routine,2025-05-21 22:55,2025-05-21 23:14,2025-05-22 03:16
LAB736218,ENC115273,PT10392,CREAT,Creatinine,1.05,mg/dL,0.6,1.3,N,Routine,2025-05-21 23:13,2025-05-21 23:22,2025-05-22 02:41
LAB736219,ENC115273,PT10392,WBC,White Blood Cell Count,4.7,K/uL,4.5,11,N,STAT,2025-05-21 23:14,2025-05-21 23:41,2025-05-22 00:24
LAB736220,ENC115273,PT10392,HGB,Hemoglobin,14,g/dL,12,17.5,N,STAT,2025-05-21 23:49,2025-05-22 00:19,2025-05-22 01:02
LAB736221,ENC115274,PT13747,GLU,Glucose,161,mg/dL,70,99,H,STAT,2025-05-21 21:26,2025-05-21 21:39,2025-05-21 22:03
LAB736222,ENC115274,PT13747,CREAT,Creatinine,1.08,mg/dL,0.6,1.3,N,Routine,2025-05-21 21:45,2025-05-21 21:50,2025-05-22 03:03
LAB736223,ENC115274,PT13747,WBC,White Blood Cell Count,10.8,K/uL,4.5,11,N,Routine,2025-05-21 22:05,2025-05-21 22:32,2025-05-22 00:59
LAB736224,ENC115274,PT13747,HGB,Hemoglobin,13.8,g/dL,12,17.5,N,Routine,2025-05-21 21:28,2025-05-21 21:39,2025-05-22 00:49
LAB736225,ENC115276,PT13301,GLU,Glucose,149,mg/dL,70,99,H,STAT,2025-05-22 03:55,2025-05-22 04:06,2025-05-22 04:49
LAB736226,ENC115276,PT13301,CREAT,Creatinine,0.9,mg/dL,0.6,1.3,N,STAT,2025-05-22 04:12,2025-05-22 04:40,2025-05-22 05:33
LAB736227,ENC115276,PT13301,WBC,White Blood Cell Count,5.3,K/uL,4.5,11,N,STAT,2025-05-22 04:26,2025-05-22 04:40,2025-05-22 05:23
LAB736228,ENC115277,PT10250,GLU,Glucose,102,mg/dL,70,99,H,STAT,2025-05-22 04:44,2025-05-22 05:00,2025-05-22 05:33
LAB736229,ENC115277,PT10250,CREAT,Creatinine,0.99,mg/dL,0.6,1.3,N,STAT,2025-05-22 04:46,2025-05-22 04:53,2025-05-22 05:31
LAB736230,ENC115277,PT10250,WBC,White Blood Cell Count,9.5,K/uL,4.5,11,N,STAT,2025-05-22 05:10,2025-05-22 05:14,2025-05-22 05:37
LAB736231,ENC115277,PT10250,HGB,Hemoglobin,14.5,g/dL,12,17.5,N,STAT,2025-05-22 04:18,2025-05-22 04:34,2025-05-22 05:31
LAB736232,ENC115278,PT13279,GLU,Glucose,97,mg/dL,70,99,N,Routine,2025-05-22 07:28,2025-05-22 07:39,2025-05-22 11:50
LAB736233,ENC115278,PT13279,CREAT,Creatinine,0.98,mg/dL,0.6,1.3,N,Routine,2025-05-22 07:30,2025-05-22 07:50,2025-05-22 11:32
LAB736234,ENC115279,PT13047,LDL,LDL Cholesterol,114,mg/dL,0,99,H,Routine,2025-05-22 08:26,2025-05-22 08:53,2025-05-23 04:29
LAB736235,ENC115279,PT13047,A1C,Hemoglobin A1c,5.8,%,4,5.6,H,Routine,2025-05-22 08:16,2025-05-22 08:47,2025-05-23 00:44
LAB736236,ENC115280,PT11792,LDL,LDL Cholesterol,120,mg/dL,0,99,H,Routine,2025-05-22 09:32,2025-05-22 09:42,2025-05-23 00:06
LAB736237,ENC115280,PT11792,A1C,Hemoglobin A1c,8.4,%,4,5.6,H,Routine,2025-05-22 09:35,2025-05-22 09:40,2025-05-22 17:16
LAB736238,ENC115280,PT11792,TSH,Thyroid Stimulating Hormone,0.22,mIU/L,0.4,4,L,Routine,2025-05-22 09:42,2025-05-22 09:50,2025-05-22 23:46
LAB736239,ENC115283,PT13302,GLU,Glucose,88,mg/dL,70,99,N,STAT,2025-05-22 12:23,2025-05-22 12:46,2025-05-22 13:15
LAB736240,ENC115283,PT13302,CREAT,Creatinine,0.96,mg/dL,0.6,1.3,N,STAT,2025-05-22 11:28,2025-05-22 12:01,2025-05-22 12:45
LAB736241,ENC115283,PT13302,WBC,White Blood Cell Count,7.2,K/uL,4.5,11,N,Routine,2025-05-22 12:22,2025-05-22 12:29,2025-05-22 14:07
LAB736242,ENC115284,PT12569,LDL,LDL Cholesterol,137,mg/dL,0,99,H,Routine,2025-05-22 11:44,2025-05-22 12:18,2025-05-22 22:09
LAB736243,ENC115284,PT12569,A1C,Hemoglobin A1c,5.9,%,4,5.6,H,Routine,2025-05-22 11:44,2025-05-22 11:50,2025-05-23 09:30
LAB736244,ENC115285,PT10118,GLU,Glucose,127,mg/dL,70,99,H,Routine,2025-05-22 16:07,2025-05-22 16:39,2025-05-22 18:53
LAB736245,ENC115285,PT10118,CREAT,Creatinine,0.65,mg/dL,0.6,1.3,N,STAT,2025-05-22 15:37,2025-05-22 16:05,2025-05-22 16:28
LAB736246,ENC115285,PT10118,WBC,White Blood Cell Count,15,K/uL,4.5,11,H,STAT,2025-05-22 16:04,2025-05-22 16:21,2025-05-22 17:39
LAB736247,ENC115285,PT10118,HGB,Hemoglobin,14.7,g/dL,12,17.5,N,Routine,2025-05-22 15:40,2025-05-22 16:08,2025-05-22 18:16
LAB736248,ENC115285,PT10118,NA,Sodium,139,mmol/L,136,145,N,STAT,2025-05-22 15:44,2025-05-22 16:03,2025-05-22 16:48
LAB736249,ENC115285,PT10118,K,Potassium,4.4,mmol/L,3.5,5.1,N,STAT,2025-05-22 16:06,2025-05-22 16:34,2025-05-22 17:43
LAB736250,ENC115285,PT10118,BUN,Blood Urea Nitrogen,9,mg/dL,7,20,N,STAT,2025-05-22 15:27,2025-05-22 16:02,2025-05-22 16:46
LAB736251,ENC115285,PT10118,PLT,Platelet Count,112,K/uL,150,400,L,STAT,2025-05-22 15:43,2025-05-22 15:52,2025-05-22 16:40
LAB736252,ENC115286,PT11453,A1C,Hemoglobin A1c,9.2,%,4,5.6,H,Routine,2025-05-22 13:52,2025-05-22 14:00,2025-05-22 21:19
LAB736253,ENC115286,PT11453,GLU,Glucose,362,mg/dL,70,99,H,Routine,2025-05-22 13:59,2025-05-22 14:09,2025-05-22 16:59
LAB736254,ENC115286,PT11453,CREAT,Creatinine,1.05,mg/dL,0.6,1.3,N,Routine,2025-05-22 13:56,2025-05-22 14:05,2025-05-22 17:04
LAB736255,ENC115294,PT11674,WBC,White Blood Cell Count,11.6,K/uL,4.5,11,H,Routine,2025-05-22 15:20,2025-05-22 15:40,2025-05-22 19:01
LAB736256,ENC115294,PT11674,HGB,Hemoglobin,11.1,g/dL,12,17.5,L,Routine,2025-05-22 15:06,2025-05-22 15:17,2025-05-22 18:18
LAB736257,ENC115294,PT11674,PLT,Platelet Count,243,K/uL,150,400,N,Routine,2025-05-22 15:15,2025-05-22 15:27,2025-05-22 16:38
LAB736258,ENC115295,PT10703,LDL,LDL Cholesterol,177,mg/dL,0,99,H,Routine,2025-05-22 15:41,2025-05-22 16:15,2025-05-23 02:59
LAB736259,ENC115295,PT10703,TSH,Thyroid Stimulating Hormone,3.06,mIU/L,0.4,4,N,Routine,2025-05-22 15:29,2025-05-22 16:04,2025-05-23 18:34
LAB736260,ENC115297,PT12309,GLU,Glucose,102,mg/dL,70,99,H,STAT,2025-05-22 16:20,2025-05-22 16:28,2025-05-22 17:05
LAB736261,ENC115297,PT12309,CREAT,Creatinine,0.87,mg/dL,0.6,1.3,N,STAT,2025-05-22 15:55,2025-05-22 16:12,2025-05-22 16:46
LAB736262,ENC115297,PT12309,WBC,White Blood Cell Count,9.2,K/uL,4.5,11,N,Routine,2025-05-22 16:54,2025-05-22 17:01,2025-05-22 19:02
LAB736263,ENC115297,PT12309,HGB,Hemoglobin,15.8,g/dL,12,17.5,N,STAT,2025-05-22 16:12,2025-05-22 16:28,2025-05-22 17:15
LAB736264,ENC115301,PT12989,GLU,Glucose,106,mg/dL,70,99,H,STAT,2025-05-22 16:19,2025-05-22 16:48,2025-05-22 17:25
LAB736265,ENC115301,PT12989,CREAT,Creatinine,0.54,mg/dL,0.6,1.3,L,STAT,2025-05-22 17:05,2025-05-22 17:24,2025-05-22 18:03
LAB736266,ENC115301,PT12989,WBC,White Blood Cell Count,10,K/uL,4.5,11,N,STAT,2025-05-22 16:26,2025-05-22 16:42,2025-05-22 17:13
LAB736267,ENC115303,PT12854,GLU,Glucose,92,mg/dL,70,99,N,STAT,2025-05-22 17:06,2025-05-22 17:14,2025-05-22 19:01
LAB736268,ENC115303,PT12854,CREAT,Creatinine,1.01,mg/dL,0.6,1.3,N,STAT,2025-05-22 17:42,2025-05-22 18:14,2025-05-22 19:14
LAB736269,ENC115303,PT12854,WBC,White Blood Cell Count,8.9,K/uL,4.5,11,N,STAT,2025-05-22 18:02,2025-05-22 18:12,2025-05-22 19:04
LAB736270,ENC115304,PT12537,GLU,Glucose,194,mg/dL,70,99,H,STAT,2025-05-22 19:18,2025-05-22 19:43,2025-05-22 20:36
LAB736271,ENC115304,PT12537,CREAT,Creatinine,1.18,mg/dL,0.6,1.3,N,STAT,2025-05-22 19:16,2025-05-22 19:21,2025-05-22 20:18
LAB736272,ENC115304,PT12537,WBC,White Blood Cell Count,8.5,K/uL,4.5,11,N,Routine,2025-05-22 19:21,2025-05-22 19:43,2025-05-23 00:19
LAB736273,ENC115305,PT11696,GLU,Glucose,193,mg/dL,70,99,H,Routine,2025-05-23 00:35,2025-05-23 00:50,2025-05-23 02:29
LAB736274,ENC115305,PT11696,CREAT,Creatinine,0.83,mg/dL,0.6,1.3,N,STAT,2025-05-23 01:23,2025-05-23 01:57,2025-05-23 04:10
LAB736275,ENC115305,PT11696,WBC,White Blood Cell Count,7.2,K/uL,4.5,11,N,STAT,2025-05-23 00:37,2025-05-23 01:10,2025-05-23 02:17
LAB736276,ENC115305,PT11696,HGB,Hemoglobin,16.4,g/dL,12,17.5,N,STAT,2025-05-23 00:48,2025-05-23 01:12,2025-05-23 01:55
LAB736277,ENC115305,PT11696,NA,Sodium,123,mmol/L,136,145,L,STAT,2025-05-23 01:22,2025-05-23 01:32,2025-05-23 02:24
LAB736278,ENC115305,PT11696,K,Potassium,4.4,mmol/L,3.5,5.1,N,STAT,2025-05-23 00:59,2025-05-23 01:20,2025-05-23 01:57
LAB736279,ENC115306,PT11917,GLU,Glucose,113,mg/dL,70,99,H,STAT,2025-05-23 00:51,2025-05-23 01:01,2025-05-23 01:42
LAB736280,ENC115306,PT11917,CREAT,Creatinine,1.16,mg/dL,0.6,1.3,N,Routine,2025-05-23 00:49,2025-05-23 01:03,2025-05-23 04:12
LAB736281,ENC115307,PT11320,GLU,Glucose,106,mg/dL,70,99,H,Routine,2025-05-23 02:56,2025-05-23 03:13,2025-05-23 08:00
LAB736282,ENC115307,PT11320,CREAT,Creatinine,0.79,mg/dL,0.6,1.3,N,Routine,2025-05-23 03:00,2025-05-23 03:06,2025-05-23 05:42
LAB736283,ENC115307,PT11320,WBC,White Blood Cell Count,5.9,K/uL,4.5,11,N,STAT,2025-05-23 02:19,2025-05-23 02:44,2025-05-23 03:28
LAB736284,ENC115307,PT11320,HGB,Hemoglobin,11.6,g/dL,12,17.5,L,Routine,2025-05-23 03:00,2025-05-23 03:29,2025-05-23 06:23
LAB736285,ENC115307,PT11320,NA,Sodium,142,mmol/L,136,145,N,STAT,2025-05-23 02:35,2025-05-23 02:42,2025-05-23 03:22
LAB736286,ENC115307,PT11320,K,Potassium,4.1,mmol/L,3.5,5.1,N,STAT,2025-05-23 03:17,2025-05-23 03:34,2025-05-23 04:20
LAB736287,ENC115308,PT13819,GLU,Glucose,71,mg/dL,70,99,N,STAT,2025-05-23 05:39,2025-05-23 05:44,2025-05-23 06:04
LAB736288,ENC115308,PT13819,CREAT,Creatinine,1.01,mg/dL,0.6,1.3,N,Routine,2025-05-23 06:10,2025-05-23 06:28,2025-05-23 13:42
LAB736289,ENC115308,PT13819,WBC,White Blood Cell Count,9.8,K/uL,4.5,11,N,Routine,2025-05-23 06:35,2025-05-23 06:54,2025-05-23 09:18
LAB736290,ENC115308,PT13819,HGB,Hemoglobin,14,g/dL,12,17.5,N,STAT,2025-05-23 06:40,2025-05-23 07:03,2025-05-23 07:20
LAB736291,ENC115308,PT13819,NA,Sodium,139,mmol/L,136,145,N,STAT,2025-05-23 05:47,2025-05-23 06:13,2025-05-23 07:16
LAB736292,ENC115308,PT13819,K,Potassium,3.8,mmol/L,3.5,5.1,N,STAT,2025-05-23 06:10,2025-05-23 06:26,2025-05-23 07:00
LAB736293,ENC115309,PT13189,A1C,Hemoglobin A1c,9.5,%,4,5.6,H,Routine,2025-05-23 08:20,2025-05-23 08:31,2025-05-23 16:47
LAB736294,ENC115312,PT10594,LDL,LDL Cholesterol,69,mg/dL,0,99,N,Routine,2025-05-23 09:33,2025-05-23 10:05,2025-05-24 02:32
LAB736295,ENC115312,PT10594,TSH,Thyroid Stimulating Hormone,2.37,mIU/L,0.4,4,N,Routine,2025-05-23 09:22,2025-05-23 09:44,2025-05-23 21:47
LAB736296,ENC115313,PT12286,LDL,LDL Cholesterol,90,mg/dL,0,99,N,Routine,2025-05-23 09:27,2025-05-23 09:57,2025-05-23 16:38
LAB736297,ENC115313,PT12286,A1C,Hemoglobin A1c,5.7,%,4,5.6,H,Routine,2025-05-23 09:24,2025-05-23 09:44,2025-05-23 19:43
LAB736298,ENC115313,PT12286,TSH,Thyroid Stimulating Hormone,2.97,mIU/L,0.4,4,N,Routine,2025-05-23 09:31,2025-05-23 09:51,2025-05-23 20:32
LAB736299,ENC115314,PT10309,LDL,LDL Cholesterol,153,mg/dL,0,99,H,Routine,2025-05-23 11:35,2025-05-23 12:08,2025-05-23 20:33
LAB736300,ENC115314,PT10309,A1C,Hemoglobin A1c,5.5,%,4,5.6,N,Routine,2025-05-23 11:41,2025-05-23 12:09,2025-05-24 07:04
LAB736301,ENC115314,PT10309,TSH,Thyroid Stimulating Hormone,1.12,mIU/L,0.4,4,N,Routine,2025-05-23 11:49,2025-05-23 12:08,2025-05-24 00:03
LAB736302,ENC115318,PT10422,GLU,Glucose,213,mg/dL,70,99,H,STAT,2025-05-23 14:13,2025-05-23 14:38,2025-05-23 15:22
LAB736303,ENC115318,PT10422,CREAT,Creatinine,1.21,mg/dL,0.6,1.3,N,Routine,2025-05-23 13:57,2025-05-23 14:06,2025-05-23 16:15
LAB736304,ENC115318,PT10422,WBC,White Blood Cell Count,8,K/uL,4.5,11,N,STAT,2025-05-23 14:24,2025-05-23 14:36,2025-05-23 15:29
LAB736305,ENC115318,PT10422,HGB,Hemoglobin,14.3,g/dL,12,17.5,N,Routine,2025-05-23 13:55,2025-05-23 14:23,2025-05-23 16:57
LAB736306,ENC115320,PT13973,LDL,LDL Cholesterol,215,mg/dL,0,99,H,Routine,2025-05-23 14:45,2025-05-23 14:55,2025-05-24 07:44
LAB736307,ENC115321,PT12263,LDL,LDL Cholesterol,104,mg/dL,0,99,H,Routine,2025-05-23 14:33,2025-05-23 14:45,2025-05-24 19:13
LAB736308,ENC115321,PT12263,A1C,Hemoglobin A1c,10.2,%,4,5.6,H,Routine,2025-05-23 14:31,2025-05-23 14:36,2025-05-24 03:54
LAB736309,ENC115322,PT12399,GLU,Glucose,120,mg/dL,70,99,H,Routine,2025-05-23 19:33,2025-05-23 19:53,2025-05-23 21:14
LAB736310,ENC115322,PT12399,CREAT,Creatinine,1.07,mg/dL,0.6,1.3,N,STAT,2025-05-23 18:50,2025-05-23 18:55,2025-05-23 19:24
LAB736311,ENC115322,PT12399,WBC,White Blood Cell Count,8.8,K/uL,4.5,11,N,STAT,2025-05-23 19:51,2025-05-23 20:21,2025-05-23 20:56
LAB736312,ENC115322,PT12399,HGB,Hemoglobin,16.1,g/dL,12,17.5,N,Routine,2025-05-23 19:25,2025-05-23 19:31,2025-05-24 01:03
LAB736313,ENC115322,PT12399,BUN,Blood Urea Nitrogen,9,mg/dL,7,20,N,STAT,2025-05-23 19:51,2025-05-23 20:26,2025-05-23 21:01
LAB736314,ENC115322,PT12399,PLT,Platelet Count,199,K/uL,150,400,N,Routine,2025-05-23 19:42,2025-05-23 20:15,2025-05-24 01:02
LAB736315,ENC115322,PT12399,INR,Prothrombin Time INR,1.4,ratio,0.8,1.2,H,STAT,2025-05-23 19:50,2025-05-23 20:19,2025-05-23 20:57
LAB736316,ENC115323,PT12211,GLU,Glucose,110,mg/dL,70,99,H,Routine,2025-05-23 15:52,2025-05-23 16:00,2025-05-23 17:02
LAB736317,ENC115323,PT12211,CREAT,Creatinine,0.72,mg/dL,0.6,1.3,N,Routine,2025-05-23 14:59,2025-05-23 15:33,2025-05-23 19:30
LAB736318,ENC115323,PT12211,WBC,White Blood Cell Count,9,K/uL,4.5,11,N,Routine,2025-05-23 16:00,2025-05-23 16:11,2025-05-23 21:05
LAB736319,ENC115323,PT12211,HGB,Hemoglobin,15.4,g/dL,12,17.5,N,STAT,2025-05-23 15:57,2025-05-23 16:32,2025-05-23 17:13
LAB736320,ENC115324,PT13540,GLU,Glucose,94,mg/dL,70,99,N,Routine,2025-05-23 19:57,2025-05-23 20:04,2025-05-24 05:13
LAB736321,ENC115324,PT13540,CREAT,Creatinine,0.96,mg/dL,0.6,1.3,N,STAT,2025-05-23 19:43,2025-05-23 20:09,2025-05-23 21:22
LAB736322,ENC115324,PT13540,WBC,White Blood Cell Count,5.7,K/uL,4.5,11,N,STAT,2025-05-23 19:01,2025-05-23 19:25,2025-05-23 19:57
LAB736323,ENC115324,PT13540,HGB,Hemoglobin,14.3,g/dL,12,17.5,N,Routine,2025-05-23 18:53,2025-05-23 19:21,2025-05-23 23:27
LAB736324,ENC115324,PT13540,NA,Sodium,140,mmol/L,136,145,N,STAT,2025-05-23 19:39,2025-05-23 19:47,2025-05-23 20:21
LAB736325,ENC115324,PT13540,K,Potassium,4.7,mmol/L,3.5,5.1,N,STAT,2025-05-23 19:39,2025-05-23 19:58,2025-05-23 20:41
LAB736326,ENC115326,PT13995,GLU,Glucose,139,mg/dL,70,99,H,STAT,2025-05-23 16:09,2025-05-23 16:28,2025-05-23 17:04
LAB736327,ENC115326,PT13995,CREAT,Creatinine,1.3,mg/dL,0.6,1.3,N,Routine,2025-05-23 15:47,2025-05-23 16:04,2025-05-23 18:14
LAB736328,ENC115326,PT13995,WBC,White Blood Cell Count,6.4,K/uL,4.5,11,N,STAT,2025-05-23 15:49,2025-05-23 15:56,2025-05-23 16:30
LAB736329,ENC115328,PT11437,GLU,Glucose,184,mg/dL,70,99,H,Routine,2025-05-23 19:42,2025-05-23 19:46,2025-05-23 22:45
LAB736330,ENC115328,PT11437,CREAT,Creatinine,1.34,mg/dL,0.6,1.3,H,Routine,2025-05-23 20:04,2025-05-23 20:28,2025-05-23 21:51
LAB736331,ENC115328,PT11437,WBC,White Blood Cell Count,5.9,K/uL,4.5,11,N,STAT,2025-05-23 20:31,2025-05-23 20:55,2025-05-23 21:25
LAB736332,ENC115328,PT11437,HGB,Hemoglobin,13.8,g/dL,12,17.5,N,STAT,2025-05-23 19:40,2025-05-23 19:52,2025-05-23 20:15
LAB736333,ENC115331,PT13765,GLU,Glucose,200,mg/dL,70,99,H,Routine,2025-05-23 17:00,2025-05-23 17:30,2025-05-23 18:51
LAB736334,ENC115331,PT13765,CREAT,Creatinine,0.88,mg/dL,0.6,1.3,N,STAT,2025-05-23 16:47,2025-05-23 16:59,2025-05-23 17:45
LAB736335,ENC115331,PT13765,WBC,White Blood Cell Count,8.8,K/uL,4.5,11,N,STAT,2025-05-23 17:31,2025-05-23 17:42,2025-05-23 18:36
LAB736336,ENC115331,PT13765,HGB,Hemoglobin,12.9,g/dL,12,17.5,N,STAT,2025-05-23 16:49,2025-05-23 17:15,2025-05-23 17:36
LAB736337,ENC115331,PT13765,NA,Sodium,141,mmol/L,136,145,N,Routine,2025-05-23 17:18,2025-05-23 17:25,2025-05-23 20:18
LAB736338,ENC115331,PT13765,K,Potassium,4.3,mmol/L,3.5,5.1,N,STAT,2025-05-23 17:40,2025-05-23 17:51,2025-05-23 18:10
LAB736339,ENC115331,PT13765,A1C,Hemoglobin A1c,11.3,%,4,5.6,H,STAT,2025-05-23 17:46,2025-05-23 17:50,2025-05-23 18:47
LAB736340,ENC115332,PT12103,GLU,Glucose,50,mg/dL,70,99,L,Routine,2025-05-23 21:47,2025-05-23 22:01,2025-05-23 23:41
LAB736341,ENC115332,PT12103,CREAT,Creatinine,0.78,mg/dL,0.6,1.3,N,STAT,2025-05-23 21:53,2025-05-23 22:00,2025-05-23 22:43
LAB736342,ENC115332,PT12103,WBC,White Blood Cell Count,4.9,K/uL,4.5,11,N,STAT,2025-05-23 22:52,2025-05-23 23:00,2025-05-23 23:33
LAB736343,ENC115332,PT12103,HGB,Hemoglobin,12.5,g/dL,12,17.5,N,Routine,2025-05-23 22:38,2025-05-23 23:04,2025-05-24 00:38
LAB736344,ENC115334,PT10769,GLU,Glucose,189,mg/dL,70,99,H,Routine,2025-05-23 23:13,2025-05-23 23:27,2025-05-24 00:46
LAB736345,ENC115334,PT10769,CREAT,Creatinine,1.32,mg/dL,0.6,1.3,H,STAT,2025-05-23 23:45,2025-05-24 00:06,2025-05-24 00:39
LAB736346,ENC115334,PT10769,WBC,White Blood Cell Count,15.1,K/uL,4.5,11,H,STAT,2025-05-24 00:00,2025-05-24 00:09,2025-05-24 01:27
LAB736347,ENC115334,PT10769,HGB,Hemoglobin,13.7,g/dL,12,17.5,N,STAT,2025-05-23 23:05,2025-05-23 23:19,2025-05-24 00:14
LAB736348,ENC115335,PT10101,GLU,Glucose,109,mg/dL,70,99,H,STAT,2025-05-23 19:16,2025-05-23 19:24,2025-05-23 20:25
LAB736349,ENC115335,PT10101,CREAT,Creatinine,0.92,mg/dL,0.6,1.3,N,STAT,2025-05-23 20:13,2025-05-23 20:31,2025-05-23 21:31
LAB736350,ENC115335,PT10101,WBC,White Blood Cell Count,5.6,K/uL,4.5,11,N,Routine,2025-05-23 19:24,2025-05-23 19:47,2025-05-24 00:31
LAB736351,ENC115336,PT10257,GLU,Glucose,108,mg/dL,70,99,H,STAT,2025-05-23 23:13,2025-05-23 23:21,2025-05-24 00:45
LAB736352,ENC115336,PT10257,CREAT,Creatinine,1.15,mg/dL,0.6,1.3,N,STAT,2025-05-23 23:31,2025-05-23 23:44,2025-05-24 00:52
LAB736353,ENC115336,PT10257,WBC,White Blood Cell Count,16.6,K/uL,4.5,11,H,Routine,2025-05-23 23:13,2025-05-23 23:18,2025-05-24 04:08
LAB736354,ENC115339,PT10875,GLU,Glucose,102,mg/dL,70,99,H,STAT,2025-05-24 09:46,2025-05-24 10:21,2025-05-24 10:47
LAB736355,ENC115339,PT10875,CREAT,Creatinine,0.78,mg/dL,0.6,1.3,N,Routine,2025-05-24 09:06,2025-05-24 09:38,2025-05-24 13:48
LAB736356,ENC115339,PT10875,WBC,White Blood Cell Count,8.5,K/uL,4.5,11,N,Routine,2025-05-24 09:11,2025-05-24 09:38,2025-05-24 12:02
LAB736357,ENC115339,PT10875,HGB,Hemoglobin,13,g/dL,12,17.5,N,STAT,2025-05-24 09:34,2025-05-24 09:55,2025-05-24 11:11
LAB736358,ENC115339,PT10875,INR,Prothrombin Time INR,1,ratio,0.8,1.2,N,STAT,2025-05-24 10:03,2025-05-24 10:23,2025-05-24 11:08
LAB736359,ENC115341,PT12968,GLU,Glucose,118,mg/dL,70,99,H,STAT,2025-05-24 12:10,2025-05-24 12:33,2025-05-24 13:22
LAB736360,ENC115341,PT12968,CREAT,Creatinine,1.38,mg/dL,0.6,1.3,H,Routine,2025-05-24 12:31,2025-05-24 12:52,2025-05-24 20:38
LAB736361,ENC115341,PT12968,WBC,White Blood Cell Count,6.4,K/uL,4.5,11,N,STAT,2025-05-24 11:59,2025-05-24 12:33,2025-05-24 13:15
LAB736362,ENC115341,PT12968,HGB,Hemoglobin,8.5,g/dL,12,17.5,L,Routine,2025-05-24 12:28,2025-05-24 12:35,2025-05-24 14:09
LAB736363,ENC115341,PT12968,BUN,Blood Urea Nitrogen,11,mg/dL,7,20,N,Routine,2025-05-24 12:23,2025-05-24 12:51,2025-05-24 14:07
LAB736364,ENC115341,PT12968,PLT,Platelet Count,195,K/uL,150,400,N,Routine,2025-05-24 12:47,2025-05-24 13:14,2025-05-24 18:05
LAB736365,ENC115342,PT11045,GLU,Glucose,104,mg/dL,70,99,H,Routine,2025-05-24 12:55,2025-05-24 13:16,2025-05-24 15:49
LAB736366,ENC115342,PT11045,CREAT,Creatinine,0.95,mg/dL,0.6,1.3,N,STAT,2025-05-24 12:57,2025-05-24 13:18,2025-05-24 14:25
LAB736367,ENC115342,PT11045,WBC,White Blood Cell Count,11.6,K/uL,4.5,11,H,Routine,2025-05-24 12:52,2025-05-24 13:09,2025-05-24 15:16
LAB736368,ENC115342,PT11045,HGB,Hemoglobin,13.3,g/dL,12,17.5,N,STAT,2025-05-24 13:00,2025-05-24 13:09,2025-05-24 13:45
LAB736369,ENC115344,PT13734,GLU,Glucose,135,mg/dL,70,99,H,STAT,2025-05-24 11:49,2025-05-24 12:24,2025-05-24 13:01
LAB736370,ENC115344,PT13734,CREAT,Creatinine,1.12,mg/dL,0.6,1.3,N,STAT,2025-05-24 10:46,2025-05-24 10:52,2025-05-24 11:26
LAB736371,ENC115344,PT13734,WBC,White Blood Cell Count,9.1,K/uL,4.5,11,N,STAT,2025-05-24 11:09,2025-05-24 11:14,2025-05-24 11:59
LAB736372,ENC115344,PT13734,HGB,Hemoglobin,14.3,g/dL,12,17.5,N,STAT,2025-05-24 11:19,2025-05-24 11:29,2025-05-24 12:17
LAB736373,ENC115344,PT13734,NA,Sodium,143,mmol/L,136,145,N,Routine,2025-05-24 11:54,2025-05-24 12:14,2025-05-24 13:51
LAB736374,ENC115344,PT13734,K,Potassium,4.9,mmol/L,3.5,5.1,N,STAT,2025-05-24 11:37,2025-05-24 11:44,2025-05-24 12:22
LAB736375,ENC115344,PT13734,INR,Prothrombin Time INR,1.1,ratio,0.8,1.2,N,STAT,2025-05-24 11:13,2025-05-24 11:30,2025-05-24 12:12
LAB736376,ENC115345,PT11359,GLU,Glucose,104,mg/dL,70,99,H,STAT,2025-05-24 17:09,2025-05-24 17:23,2025-05-24 18:11
LAB736377,ENC115345,PT11359,CREAT,Creatinine,1.71,mg/dL,0.6,1.3,H,STAT,2025-05-24 17:07,2025-05-24 17:21,2025-05-24 18:05
LAB736378,ENC115345,PT11359,WBC,White Blood Cell Count,5.6,K/uL,4.5,11,N,STAT,2025-05-24 16:38,2025-05-24 17:09,2025-05-24 17:39
LAB736379,ENC115345,PT11359,HGB,Hemoglobin,11.3,g/dL,12,17.5,L,Routine,2025-05-24 17:18,2025-05-24 17:42,2025-05-24 23:21
LAB736380,ENC115348,PT11744,GLU,Glucose,124,mg/dL,70,99,H,STAT,2025-05-24 17:20,2025-05-24 17:42,2025-05-24 18:05
LAB736381,ENC115348,PT11744,CREAT,Creatinine,0.77,mg/dL,0.6,1.3,N,Routine,2025-05-24 16:26,2025-05-24 16:55,2025-05-24 19:32
LAB736382,ENC115348,PT11744,WBC,White Blood Cell Count,4.4,K/uL,4.5,11,L,STAT,2025-05-24 17:18,2025-05-24 17:35,2025-05-24 18:32
LAB736383,ENC115348,PT11744,HGB,Hemoglobin,13.5,g/dL,12,17.5,N,Routine,2025-05-24 16:26,2025-05-24 16:36,2025-05-25 00:25
LAB736384,ENC115351,PT12369,GLU,Glucose,166,mg/dL,70,99,H,STAT,2025-05-24 20:55,2025-05-24 21:14,2025-05-24 21:49
LAB736385,ENC115351,PT12369,CREAT,Creatinine,0.21,mg/dL,0.6,1.3,L,Routine,2025-05-24 20:41,2025-05-24 21:15,2025-05-24 23:49
LAB736386,ENC115351,PT12369,WBC,White Blood Cell Count,11.5,K/uL,4.5,11,H,Routine,2025-05-24 20:48,2025-05-24 21:00,2025-05-24 22:50
LAB736387,ENC115351,PT12369,HGB,Hemoglobin,14.9,g/dL,12,17.5,N,Routine,2025-05-24 20:38,2025-05-24 21:00,2025-05-24 23:33
LAB736388,ENC115351,PT12369,BUN,Blood Urea Nitrogen,12,mg/dL,7,20,N,Routine,2025-05-24 20:20,2025-05-24 20:38,2025-05-25 00:19
LAB736389,ENC115351,PT12369,PLT,Platelet Count,158,K/uL,150,400,N,STAT,2025-05-24 20:25,2025-05-24 20:30,2025-05-24 21:10
LAB736390,ENC115354,PT11548,GLU,Glucose,106,mg/dL,70,99,H,STAT,2025-05-25 11:04,2025-05-25 11:23,2025-05-25 12:19
LAB736391,ENC115354,PT11548,CREAT,Creatinine,0.92,mg/dL,0.6,1.3,N,STAT,2025-05-25 11:24,2025-05-25 11:56,2025-05-25 12:27
LAB736392,ENC115354,PT11548,WBC,White Blood Cell Count,18.7,K/uL,4.5,11,H,Routine,2025-05-25 11:00,2025-05-25 11:24,2025-05-25 15:55
LAB736393,ENC115354,PT11548,HGB,Hemoglobin,12.2,g/dL,12,17.5,N,STAT,2025-05-25 10:52,2025-05-25 11:18,2025-05-25 12:17
LAB736394,ENC115354,PT11548,NA,Sodium,140,mmol/L,136,145,N,STAT,2025-05-25 11:27,2025-05-25 11:47,2025-05-25 12:20
LAB736395,ENC115354,PT11548,K,Potassium,4.4,mmol/L,3.5,5.1,N,STAT,2025-05-25 10:38,2025-05-25 11:09,2025-05-25 12:00
LAB736396,ENC115354,PT11548,LACT,Lactate,4.3,mmol/L,0.5,2,HH,STAT,2025-05-25 11:04,2025-05-25 11:31,2025-05-25 12:08
LAB736397,ENC115355,PT10480,GLU,Glucose,116,mg/dL,70,99,H,Routine,2025-05-25 12:37,2025-05-25 13:01,2025-05-25 16:26
LAB736398,ENC115355,PT10480,CREAT,Creatinine,0.43,mg/dL,0.6,1.3,L,Routine,2025-05-25 11:41,2025-05-25 12:07,2025-05-25 16:45
LAB736399,ENC115355,PT10480,WBC,White Blood Cell Count,6.8,K/uL,4.5,11,N,STAT,2025-05-25 12:27,2025-05-25 12:54,2025-05-25 13:55
LAB736400,ENC115355,PT10480,HGB,Hemoglobin,14.7,g/dL,12,17.5,N,STAT,2025-05-25 12:40,2025-05-25 13:03,2025-05-25 13:44
LAB736401,ENC115356,PT11471,GLU,Glucose,122,mg/dL,70,99,H,STAT,2025-05-25 14:26,2025-05-25 14:44,2025-05-25 15:20
LAB736402,ENC115356,PT11471,CREAT,Creatinine,0.49,mg/dL,0.6,1.3,L,Routine,2025-05-25 14:20,2025-05-25 14:24,2025-05-25 17:49
LAB736403,ENC115356,PT11471,WBC,White Blood Cell Count,8.2,K/uL,4.5,11,N,STAT,2025-05-25 14:00,2025-05-25 14:33,2025-05-25 16:21
LAB736404,ENC115356,PT11471,HGB,Hemoglobin,15.4,g/dL,12,17.5,N,STAT,2025-05-25 14:12,2025-05-25 14:33,2025-05-25 15:21
LAB736405,ENC115356,PT11471,NA,Sodium,138,mmol/L,136,145,N,STAT,2025-05-25 14:19,2025-05-25 14:38,2025-05-25 15:25
LAB736406,ENC115356,PT11471,K,Potassium,3.9,mmol/L,3.5,5.1,N,STAT,2025-05-25 14:04,2025-05-25 14:32,2025-05-25 15:41
LAB736407,ENC115356,PT11471,BUN,Blood Urea Nitrogen,12,mg/dL,7,20,N,STAT,2025-05-25 13:52,2025-05-25 14:23,2025-05-25 15:00
LAB736408,ENC115356,PT11471,PLT,Platelet Count,277,K/uL,150,400,N,Routine,2025-05-25 14:30,2025-05-25 14:43,2025-05-25 19:20
LAB736409,ENC115357,PT10514,GLU,Glucose,131,mg/dL,70,99,H,STAT,2025-05-25 14:09,2025-05-25 14:40,2025-05-25 15:54
LAB736410,ENC115357,PT10514,CREAT,Creatinine,1.36,mg/dL,0.6,1.3,H,STAT,2025-05-25 13:19,2025-05-25 13:47,2025-05-25 14:33
LAB736411,ENC115357,PT10514,WBC,White Blood Cell Count,7.1,K/uL,4.5,11,N,STAT,2025-05-25 13:19,2025-05-25 13:52,2025-05-25 14:47
LAB736412,ENC115357,PT10514,HGB,Hemoglobin,10.9,g/dL,12,17.5,L,Routine,2025-05-25 13:33,2025-05-25 13:39,2025-05-25 19:34
LAB736413,ENC115359,PT13017,GLU,Glucose,153,mg/dL,70,99,H,STAT,2025-05-25 15:56,2025-05-25 16:12,2025-05-25 17:34
LAB736414,ENC115359,PT13017,CREAT,Creatinine,1.12,mg/dL,0.6,1.3,N,STAT,2025-05-25 16:21,2025-05-25 16:25,2025-05-25 17:28
LAB736415,ENC115359,PT13017,WBC,White Blood Cell Count,7.4,K/uL,4.5,11,N,STAT,2025-05-25 15:45,2025-05-25 16:12,2025-05-25 17:20
LAB736416,ENC115359,PT13017,HGB,Hemoglobin,15.1,g/dL,12,17.5,N,STAT,2025-05-25 15:50,2025-05-25 16:19,2025-05-25 17:30
LAB736417,ENC115359,PT13017,NA,Sodium,141,mmol/L,136,145,N,STAT,2025-05-25 16:25,2025-05-25 16:46,2025-05-25 17:18
LAB736418,ENC115359,PT13017,K,Potassium,4.4,mmol/L,3.5,5.1,N,STAT,2025-05-25 15:50,2025-05-25 15:58,2025-05-25 16:31
LAB736419,ENC115361,PT11738,GLU,Glucose,100,mg/dL,70,99,H,STAT,2025-05-25 18:18,2025-05-25 18:52,2025-05-25 19:13
LAB736420,ENC115361,PT11738,CREAT,Creatinine,0.98,mg/dL,0.6,1.3,N,STAT,2025-05-25 18:34,2025-05-25 18:52,2025-05-25 19:45
LAB736421,ENC115361,PT11738,WBC,White Blood Cell Count,6.2,K/uL,4.5,11,N,STAT,2025-05-25 18:30,2025-05-25 18:56,2025-05-25 21:10
LAB736422,ENC115361,PT11738,HGB,Hemoglobin,13.7,g/dL,12,17.5,N,STAT,2025-05-25 18:48,2025-05-25 19:01,2025-05-25 19:28
LAB736423,ENC115361,PT11738,INR,Prothrombin Time INR,2,ratio,0.8,1.2,H,STAT,2025-05-25 17:58,2025-05-25 18:22,2025-05-25 19:23
LAB736424,ENC115362,PT11951,GLU,Glucose,72,mg/dL,70,99,N,STAT,2025-05-25 19:39,2025-05-25 19:45,2025-05-25 20:30
LAB736425,ENC115362,PT11951,CREAT,Creatinine,0.89,mg/dL,0.6,1.3,N,Routine,2025-05-25 19:38,2025-05-25 19:47,2025-05-25 23:47
LAB736426,ENC115362,PT11951,WBC,White Blood Cell Count,14.5,K/uL,4.5,11,H,Routine,2025-05-25 20:36,2025-05-25 20:40,2025-05-26 03:35
LAB736427,ENC115362,PT11951,HGB,Hemoglobin,12.6,g/dL,12,17.5,N,STAT,2025-05-25 20:26,2025-05-25 20:56,2025-05-25 21:30
LAB736428,ENC115362,PT11951,NA,Sodium,140,mmol/L,136,145,N,STAT,2025-05-25 20:36,2025-05-25 21:03,2025-05-25 21:44
LAB736429,ENC115362,PT11951,K,Potassium,3.8,mmol/L,3.5,5.1,N,STAT,2025-05-25 19:42,2025-05-25 20:00,2025-05-25 20:32
LAB736430,ENC115363,PT10364,GLU,Glucose,98,mg/dL,70,99,N,STAT,2025-05-25 19:49,2025-05-25 20:23,2025-05-25 21:03
LAB736431,ENC115363,PT10364,CREAT,Creatinine,0.74,mg/dL,0.6,1.3,N,STAT,2025-05-25 19:36,2025-05-25 19:56,2025-05-25 20:25
LAB736432,ENC115363,PT10364,WBC,White Blood Cell Count,5.5,K/uL,4.5,11,N,Routine,2025-05-25 19:48,2025-05-25 19:54,2025-05-25 21:13
LAB736433,ENC115363,PT10364,HGB,Hemoglobin,12.5,g/dL,12,17.5,N,STAT,2025-05-25 19:40,2025-05-25 19:45,2025-05-25 20:32
LAB736434,ENC115363,PT10364,INR,Prothrombin Time INR,1.1,ratio,0.8,1.2,N,Routine,2025-05-25 20:08,2025-05-25 20:17,2025-05-25 22:05
LAB736435,ENC115364,PT11529,GLU,Glucose,381,mg/dL,70,99,H,STAT,2025-05-26 01:08,2025-05-26 01:18,2025-05-26 02:30
LAB736436,ENC115364,PT11529,CREAT,Creatinine,1.23,mg/dL,0.6,1.3,N,STAT,2025-05-26 00:55,2025-05-26 01:02,2025-05-26 01:40
LAB736437,ENC115364,PT11529,WBC,White Blood Cell Count,6.7,K/uL,4.5,11,N,STAT,2025-05-26 01:36,2025-05-26 01:43,2025-05-26 02:08
LAB736438,ENC115364,PT11529,HGB,Hemoglobin,14.9,g/dL,12,17.5,N,STAT,2025-05-26 00:59,2025-05-26 01:10,2025-05-26 01:51
LAB736439,ENC115364,PT11529,NA,Sodium,141,mmol/L,136,145,N,STAT,2025-05-26 01:23,2025-05-26 01:33,2025-05-26 02:03
LAB736440,ENC115364,PT11529,K,Potassium,4.2,mmol/L,3.5,5.1,N,STAT,2025-05-26 01:13,2025-05-26 01:40,2025-05-26 02:53
LAB736441,ENC115364,PT11529,A1C,Hemoglobin A1c,10.8,%,4,5.6,H,Routine,2025-05-26 01:07,2025-05-26 01:18,2025-05-26 14:36
LAB736442,ENC115365,PT12943,GLU,Glucose,160,mg/dL,70,99,H,STAT,2025-05-25 21:39,2025-05-25 22:07,2025-05-25 23:04
LAB736443,ENC115365,PT12943,CREAT,Creatinine,0.88,mg/dL,0.6,1.3,N,STAT,2025-05-25 21:09,2025-05-25 21:38,2025-05-25 22:33
LAB736444,ENC115365,PT12943,WBC,White Blood Cell Count,9.2,K/uL,4.5,11,N,Routine,2025-05-25 21:11,2025-05-25 21:20,2025-05-26 00:36
LAB736445,ENC115366,PT12221,A1C,Hemoglobin A1c,9.8,%,4,5.6,H,Routine,2025-05-26 00:16,2025-05-26 00:51,2025-05-26 16:25
LAB736446,ENC115367,PT13197,GLU,Glucose,157,mg/dL,70,99,H,Routine,2025-05-26 06:05,2025-05-26 06:21,2025-05-26 15:55
LAB736447,ENC115367,PT13197,CREAT,Creatinine,1.13,mg/dL,0.6,1.3,N,Routine,2025-05-26 05:56,2025-05-26 06:21,2025-05-26 08:15
LAB736448,ENC115367,PT13197,WBC,White Blood Cell Count,7.2,K/uL,4.5,11,N,Routine,2025-05-26 05:37,2025-05-26 06:08,2025-05-26 12:44
LAB736449,ENC115367,PT13197,HGB,Hemoglobin,9.9,g/dL,12,17.5,L,STAT,2025-05-26 05:04,2025-05-26 05:12,2025-05-26 05:42
LAB736450,ENC115367,PT13197,NA,Sodium,139,mmol/L,136,145,N,STAT,2025-05-26 05:27,2025-05-26 05:49,2025-05-26 06:21
LAB736451,ENC115367,PT13197,K,Potassium,4,mmol/L,3.5,5.1,N,STAT,2025-05-26 05:15,2025-05-26 05:36,2025-05-26 06:04
LAB736452,ENC115367,PT13197,INR,Prothrombin Time INR,1.1,ratio,0.8,1.2,N,STAT,2025-05-26 05:40,2025-05-26 05:59,2025-05-26 06:53
LAB736453,ENC115368,PT11625,GLU,Glucose,82,mg/dL,70,99,N,Routine,2025-05-26 02:52,2025-05-26 03:10,2025-05-26 07:05
LAB736454,ENC115368,PT11625,CREAT,Creatinine,0.86,mg/dL,0.6,1.3,N,Routine,2025-05-26 02:56,2025-05-26 03:11,2025-05-26 11:25
LAB736455,ENC115368,PT11625,WBC,White Blood Cell Count,12.5,K/uL,4.5,11,H,STAT,2025-05-26 02:24,2025-05-26 02:58,2025-05-26 03:57
LAB736456,ENC115368,PT11625,HGB,Hemoglobin,11.5,g/dL,12,17.5,L,STAT,2025-05-26 02:39,2025-05-26 03:13,2025-05-26 03:53
LAB736457,ENC115369,PT13603,GLU,Glucose,81,mg/dL,70,99,N,Routine,2025-05-26 04:52,2025-05-26 05:13,2025-05-26 08:12
LAB736458,ENC115369,PT13603,CREAT,Creatinine,1,mg/dL,0.6,1.3,N,STAT,2025-05-26 05:42,2025-05-26 06:05,2025-05-26 07:04
LAB736459,ENC115369,PT13603,WBC,White Blood Cell Count,8.1,K/uL,4.5,11,N,STAT,2025-05-26 05:36,2025-05-26 05:56,2025-05-26 06:41
LAB736460,ENC115369,PT13603,HGB,Hemoglobin,14,g/dL,12,17.5,N,STAT,2025-05-26 05:31,2025-05-26 05:44,2025-05-26 06:17
LAB736461,ENC115369,PT13603,BUN,Blood Urea Nitrogen,16,mg/dL,7,20,N,STAT,2025-05-26 05:08,2025-05-26 05:12,2025-05-26 05:35
LAB736462,ENC115369,PT13603,PLT,Platelet Count,183,K/uL,150,400,N,STAT,2025-05-26 05:34,2025-05-26 05:57,2025-05-26 06:17
LAB736463,ENC115369,PT13603,TROP,"Troponin I, High Sensitivity",5,ng/L,0,34,N,STAT,2025-05-26 05:04,2025-05-26 05:37,2025-05-26 06:01
LAB736464,ENC115369,PT13603,BNP,B-Type Natriuretic Peptide,1143,pg/mL,0,100,H,Routine,2025-05-26 05:07,2025-05-26 05:41,2025-05-26 07:51
LAB736465,ENC115370,PT11831,TROP,"Troponin I, High Sensitivity",1,ng/L,0,34,N,STAT,2025-05-26 04:04,2025-05-26 04:39,2025-05-26 05:03
LAB736466,ENC115371,PT11941,GLU,Glucose,120,mg/dL,70,99,H,Routine,2025-05-26 06:45,2025-05-26 07:14,2025-05-26 09:40
LAB736467,ENC115371,PT11941,CREAT,Creatinine,1.23,mg/dL,0.6,1.3,N,Routine,2025-05-26 06:52,2025-05-26 06:56,2025-05-26 10:16
LAB736468,ENC115371,PT11941,WBC,White Blood Cell Count,7,K/uL,4.5,11,N,Routine,2025-05-26 06:38,2025-05-26 06:42,2025-05-26 10:06
LAB736469,ENC115371,PT11941,HGB,Hemoglobin,13.3,g/dL,12,17.5,N,STAT,2025-05-26 05:56,2025-05-26 06:21,2025-05-26 07:10
LAB736470,ENC115372,PT13286,LDL,LDL Cholesterol,132,mg/dL,0,99,H,Routine,2025-05-26 08:05,2025-05-26 08:28,2025-05-26 23:23
LAB736471,ENC115372,PT13286,TSH,Thyroid Stimulating Hormone,1.58,mIU/L,0.4,4,N,Routine,2025-05-26 08:30,2025-05-26 08:59,2025-05-26 21:35
LAB736472,ENC115375,PT11798,GLU,Glucose,99,mg/dL,70,99,N,STAT,2025-05-26 13:21,2025-05-26 13:36,2025-05-26 14:10
LAB736473,ENC115375,PT11798,CREAT,Creatinine,0.62,mg/dL,0.6,1.3,N,STAT,2025-05-26 14:07,2025-05-26 14:25,2025-05-26 15:46
LAB736474,ENC115375,PT11798,WBC,White Blood Cell Count,8.3,K/uL,4.5,11,N,Routine,2025-05-26 14:18,2025-05-26 14:35,2025-05-26 18:03
LAB736475,ENC115375,PT11798,HGB,Hemoglobin,15,g/dL,12,17.5,N,STAT,2025-05-26 14:03,2025-05-26 14:25,2025-05-26 15:17
LAB736476,ENC115375,PT11798,INR,Prothrombin Time INR,0.9,ratio,0.8,1.2,N,Routine,2025-05-26 13:20,2025-05-26 13:47,2025-05-26 18:35
LAB736477,ENC115378,PT12220,GLU,Glucose,158,mg/dL,70,99,H,Routine,2025-05-26 10:41,2025-05-26 10:46,2025-05-26 13:27
LAB736478,ENC115378,PT12220,CREAT,Creatinine,0.68,mg/dL,0.6,1.3,N,STAT,2025-05-26 10:54,2025-05-26 11:01,2025-05-26 12:00
LAB736479,ENC115378,PT12220,WBC,White Blood Cell Count,5.3,K/uL,4.5,11,N,STAT,2025-05-26 11:28,2025-05-26 11:58,2025-05-26 12:32
LAB736480,ENC115378,PT12220,HGB,Hemoglobin,11.7,g/dL,12,17.5,L,Routine,2025-05-26 11:31,2025-05-26 11:48,2025-05-26 14:43
LAB736481,ENC115378,PT12220,BUN,Blood Urea Nitrogen,11,mg/dL,7,20,N,STAT,2025-05-26 11:16,2025-05-26 11:45,2025-05-26 12:07
LAB736482,ENC115378,PT12220,PLT,Platelet Count,214,K/uL,150,400,N,Routine,2025-05-26 10:40,2025-05-26 10:55,2025-05-26 13:57
LAB736483,ENC115379,PT11307,WBC,White Blood Cell Count,7.9,K/uL,4.5,11,N,Routine,2025-05-26 11:00,2025-05-26 11:29,2025-05-26 14:31
LAB736484,ENC115379,PT11307,HGB,Hemoglobin,12.3,g/dL,12,17.5,N,Routine,2025-05-26 10:41,2025-05-26 11:08,2025-05-26 14:07
LAB736485,ENC115379,PT11307,PLT,Platelet Count,284,K/uL,150,400,N,Routine,2025-05-26 10:49,2025-05-26 11:04,2025-05-26 16:34
LAB736486,ENC115382,PT10527,LDL,LDL Cholesterol,111,mg/dL,0,99,H,Routine,2025-05-26 13:07,2025-05-26 13:37,2025-05-27 08:54
LAB736487,ENC115383,PT11068,GLU,Glucose,133,mg/dL,70,99,H,Routine,2025-05-26 13:18,2025-05-26 13:37,2025-05-26 23:08
LAB736488,ENC115383,PT11068,CREAT,Creatinine,1.11,mg/dL,0.6,1.3,N,STAT,2025-05-26 13:52,2025-05-26 14:27,2025-05-26 14:58
LAB736489,ENC115383,PT11068,WBC,White Blood Cell Count,9.7,K/uL,4.5,11,N,Routine,2025-05-26 13:28,2025-05-26 13:37,2025-05-26 17:10
LAB736490,ENC115383,PT11068,HGB,Hemoglobin,14,g/dL,12,17.5,N,Routine,2025-05-26 13:41,2025-05-26 14:09,2025-05-26 20:15
LAB736491,ENC115384,PT13180,GLU,Glucose,73,mg/dL,70,99,N,Routine,2025-05-26 14:06,2025-05-26 14:32,2025-05-26 19:25
LAB736492,ENC115384,PT13180,CREAT,Creatinine,0.84,mg/dL,0.6,1.3,N,STAT,2025-05-26 13:48,2025-05-26 14:00,2025-05-26 15:01
LAB736493,ENC115385,PT13149,GLU,Glucose,201,mg/dL,70,99,H,STAT,2025-05-26 15:45,2025-05-26 16:10,2025-05-26 16:41
LAB736494,ENC115385,PT13149,CREAT,Creatinine,0.99,mg/dL,0.6,1.3,N,Routine,2025-05-26 16:20,2025-05-26 16:44,2025-05-26 20:55
LAB736495,ENC115385,PT13149,WBC,White Blood Cell Count,7.9,K/uL,4.5,11,N,STAT,2025-05-26 16:00,2025-05-26 16:13,2025-05-26 16:51
LAB736496,ENC115385,PT13149,HGB,Hemoglobin,12.8,g/dL,12,17.5,N,STAT,2025-05-26 16:28,2025-05-26 16:54,2025-05-26 17:36
LAB736497,ENC115385,PT13149,NA,Sodium,144,mmol/L,136,145,N,STAT,2025-05-26 15:42,2025-05-26 15:55,2025-05-26 16:36
LAB736498,ENC115385,PT13149,K,Potassium,3.9,mmol/L,3.5,5.1,N,STAT,2025-05-26 15:52,2025-05-26 15:59,2025-05-26 17:27
LAB736499,ENC115389,PT13431,GLU,Glucose,60,mg/dL,70,99,L,STAT,2025-05-26 18:35,2025-05-26 19:00,2025-05-26 19:51
LAB736500,ENC115389,PT13431,CREAT,Creatinine,0.91,mg/dL,0.6,1.3,N,STAT,2025-05-26 17:43,2025-05-26 18:10,2025-05-26 18:39
LAB736501,ENC115389,PT13431,WBC,White Blood Cell Count,15.6,K/uL,4.5,11,H,Routine,2025-05-26 17:34,2025-05-26 17:41,2025-05-26 21:26
LAB736502,ENC115389,PT13431,HGB,Hemoglobin,13.6,g/dL,12,17.5,N,STAT,2025-05-26 18:34,2025-05-26 19:03,2025-05-26 19:30
LAB736503,ENC115390,PT10413,A1C,Hemoglobin A1c,5.6,%,4,5.6,N,Routine,2025-05-26 16:15,2025-05-26 16:38,2025-05-27 00:41
LAB736504,ENC115392,PT11598,GLU,Glucose,94,mg/dL,70,99,N,Routine,2025-05-26 20:09,2025-05-26 20:29,2025-05-27 01:01
LAB736505,ENC115392,PT11598,CREAT,Creatinine,0.92,mg/dL,0.6,1.3,N,STAT,2025-05-26 20:24,2025-05-26 20:31,2025-05-26 21:26
LAB736506,ENC115392,PT11598,WBC,White Blood Cell Count,14.9,K/uL,4.5,11,H,STAT,2025-05-26 20:03,2025-05-26 20:37,2025-05-26 21:37
LAB736507,ENC115392,PT11598,HGB,Hemoglobin,16.6,g/dL,12,17.5,N,STAT,2025-05-26 19:59,2025-05-26 20:05,2025-05-26 20:36
LAB736508,ENC115397,PT10780,GLU,Glucose,355,mg/dL,70,99,H,Routine,2025-05-26 17:15,2025-05-26 17:48,2025-05-26 20:23
LAB736509,ENC115397,PT10780,CREAT,Creatinine,2.17,mg/dL,0.6,1.3,H,Routine,2025-05-26 17:51,2025-05-26 18:15,2025-05-26 20:32
LAB736510,ENC115397,PT10780,WBC,White Blood Cell Count,9.3,K/uL,4.5,11,N,STAT,2025-05-26 17:45,2025-05-26 17:49,2025-05-26 18:43
LAB736511,ENC115397,PT10780,HGB,Hemoglobin,11.5,g/dL,12,17.5,L,Routine,2025-05-26 17:07,2025-05-26 17:11,2025-05-26 21:00
LAB736512,ENC115397,PT10780,NA,Sodium,139,mmol/L,136,145,N,STAT,2025-05-26 17:16,2025-05-26 17:25,2025-05-26 18:17
LAB736513,ENC115397,PT10780,K,Potassium,3.7,mmol/L,3.5,5.1,N,STAT,2025-05-26 17:53,2025-05-26 18:02,2025-05-26 18:23
LAB736514,ENC115397,PT10780,A1C,Hemoglobin A1c,9.5,%,4,5.6,H,STAT,2025-05-26 17:13,2025-05-26 17:37,2025-05-26 18:07
LAB736515,ENC115398,PT13382,GLU,Glucose,110,mg/dL,70,99,H,STAT,2025-05-26 19:05,2025-05-26 19:19,2025-05-26 19:46
LAB736516,ENC115398,PT13382,CREAT,Creatinine,0.99,mg/dL,0.6,1.3,N,Routine,2025-05-26 18:29,2025-05-26 18:52,2025-05-26 20:50
LAB736517,ENC115398,PT13382,WBC,White Blood Cell Count,16.6,K/uL,4.5,11,H,Routine,2025-05-26 18:46,2025-05-26 19:18,2025-05-26 23:22
LAB736518,ENC115398,PT13382,HGB,Hemoglobin,11.9,g/dL,12,17.5,L,Routine,2025-05-26 18:07,2025-05-26 18:41,2025-05-26 21:54
LAB736519,ENC115399,PT13650,GLU,Glucose,110,mg/dL,70,99,H,STAT,2025-05-26 19:20,2025-05-26 19:53,2025-05-26 21:14
LAB736520,ENC115399,PT13650,CREAT,Creatinine,0.53,mg/dL,0.6,1.3,L,STAT,2025-05-26 19:21,2025-05-26 19:42,2025-05-26 20:11
LAB736521,ENC115399,PT13650,WBC,White Blood Cell Count,5.5,K/uL,4.5,11,N,Routine,2025-05-26 19:43,2025-05-26 20:17,2025-05-26 23:20
LAB736522,ENC115400,PT12688,GLU,Glucose,84,mg/dL,70,99,N,STAT,2025-05-26 20:06,2025-05-26 20:26,2025-05-26 21:15
LAB736523,ENC115400,PT12688,CREAT,Creatinine,0.85,mg/dL,0.6,1.3,N,Routine,2025-05-26 20:53,2025-05-26 21:01,2025-05-27 00:55
LAB736524,ENC115402,PT12149,GLU,Glucose,90,mg/dL,70,99,N,STAT,2025-05-26 21:48,2025-05-26 22:08,2025-05-26 22:51
LAB736525,ENC115402,PT12149,CREAT,Creatinine,0.86,mg/dL,0.6,1.3,N,STAT,2025-05-26 21:24,2025-05-26 21:52,2025-05-26 22:41
LAB736526,ENC115402,PT12149,WBC,White Blood Cell Count,5.8,K/uL,4.5,11,N,Routine,2025-05-26 21:22,2025-05-26 21:53,2025-05-26 23:42
LAB736527,ENC115402,PT12149,HGB,Hemoglobin,8.7,g/dL,12,17.5,L,STAT,2025-05-26 21:28,2025-05-26 21:43,2025-05-26 22:28
LAB736528,ENC115402,PT12149,TROP,"Troponin I, High Sensitivity",11,ng/L,0,34,N,STAT,2025-05-26 20:57,2025-05-26 21:20,2025-05-26 22:14
LAB736529,ENC115403,PT12667,GLU,Glucose,95,mg/dL,70,99,N,STAT,2025-05-26 21:09,2025-05-26 21:25,2025-05-26 22:49
LAB736530,ENC115403,PT12667,CREAT,Creatinine,0.92,mg/dL,0.6,1.3,N,STAT,2025-05-26 21:42,2025-05-26 22:10,2025-05-26 22:56
LAB736531,ENC115403,PT12667,TROP,"Troponin I, High Sensitivity",7,ng/L,0,34,N,STAT,2025-05-26 20:57,2025-05-26 21:13,2025-05-26 22:04
LAB736532,ENC115404,PT11131,GLU,Glucose,80,mg/dL,70,99,N,STAT,2025-05-27 02:17,2025-05-27 02:45,2025-05-27 03:54
LAB736533,ENC115404,PT11131,CREAT,Creatinine,1.08,mg/dL,0.6,1.3,N,Routine,2025-05-27 02:45,2025-05-27 02:53,2025-05-27 06:17
LAB736534,ENC115404,PT11131,WBC,White Blood Cell Count,7.6,K/uL,4.5,11,N,STAT,2025-05-27 02:19,2025-05-27 02:46,2025-05-27 03:20
LAB736535,ENC115404,PT11131,HGB,Hemoglobin,13.5,g/dL,12,17.5,N,Routine,2025-05-27 02:01,2025-05-27 02:15,2025-05-27 05:03
LAB736536,ENC115404,PT11131,TROP,"Troponin I, High Sensitivity",85,ng/L,0,34,H,STAT,2025-05-27 02:47,2025-05-27 03:11,2025-05-27 04:23
LAB736537,ENC115404,PT11131,BNP,B-Type Natriuretic Peptide,760,pg/mL,0,100,H,STAT,2025-05-27 02:17,2025-05-27 02:40,2025-05-27 03:26
LAB736538,ENC115405,PT12649,GLU,Glucose,107,mg/dL,70,99,H,STAT,2025-05-26 22:57,2025-05-26 23:32,2025-05-27 00:34
LAB736539,ENC115405,PT12649,CREAT,Creatinine,1.13,mg/dL,0.6,1.3,N,STAT,2025-05-26 23:20,2025-05-26 23:35,2025-05-27 00:16
LAB736540,ENC115406,PT12086,GLU,Glucose,94,mg/dL,70,99,N,STAT,2025-05-27 04:11,2025-05-27 04:45,2025-05-27 05:24
LAB736541,ENC115406,PT12086,CREAT,Creatinine,1.52,mg/dL,0.6,1.3,H,STAT,2025-05-27 04:17,2025-05-27 04:31,2025-05-27 05:18
LAB736542,ENC115407,PT12717,GLU,Glucose,119,mg/dL,70,99,H,Routine,2025-05-27 06:09,2025-05-27 06:22,2025-05-27 11:40
LAB736543,ENC115407,PT12717,CREAT,Creatinine,0.94,mg/dL,0.6,1.3,N,STAT,2025-05-27 06:06,2025-05-27 06:21,2025-05-27 07:42
LAB736544,ENC115407,PT12717,WBC,White Blood Cell Count,9.8,K/uL,4.5,11,N,STAT,2025-05-27 06:44,2025-05-27 06:56,2025-05-27 07:43
LAB736545,ENC115407,PT12717,HGB,Hemoglobin,11.8,g/dL,12,17.5,L,STAT,2025-05-27 06:23,2025-05-27 06:30,2025-05-27 07:34
LAB736546,ENC115407,PT12717,INR,Prothrombin Time INR,1,ratio,0.8,1.2,N,STAT,2025-05-27 06:23,2025-05-27 06:52,2025-05-27 07:23
LAB736547,ENC115408,PT12672,GLU,Glucose,114,mg/dL,70,99,H,Routine,2025-05-27 07:30,2025-05-27 07:59,2025-05-27 10:11
LAB736548,ENC115408,PT12672,CREAT,Creatinine,0.79,mg/dL,0.6,1.3,N,STAT,2025-05-27 07:55,2025-05-27 08:02,2025-05-27 08:24
LAB736549,ENC115408,PT12672,WBC,White Blood Cell Count,7.1,K/uL,4.5,11,N,Routine,2025-05-27 07:15,2025-05-27 07:20,2025-05-27 08:54
LAB736550,ENC115411,PT11944,GLU,Glucose,109,mg/dL,70,99,H,STAT,2025-05-27 11:45,2025-05-27 11:58,2025-05-27 12:42
LAB736551,ENC115411,PT11944,CREAT,Creatinine,1.21,mg/dL,0.6,1.3,N,STAT,2025-05-27 12:07,2025-05-27 12:20,2025-05-27 12:43
LAB736552,ENC115411,PT11944,WBC,White Blood Cell Count,9.5,K/uL,4.5,11,N,Routine,2025-05-27 12:06,2025-05-27 12:22,2025-05-27 16:44
LAB736553,ENC115411,PT11944,HGB,Hemoglobin,12.7,g/dL,12,17.5,N,Routine,2025-05-27 12:19,2025-05-27 12:50,2025-05-27 16:58
LAB736554,ENC115411,PT11944,INR,Prothrombin Time INR,1.1,ratio,0.8,1.2,N,Routine,2025-05-27 12:30,2025-05-27 12:54,2025-05-27 14:10
LAB736555,ENC115412,PT13724,GLU,Glucose,145,mg/dL,70,99,H,Routine,2025-05-27 11:00,2025-05-27 11:34,2025-05-27 17:57
LAB736556,ENC115412,PT13724,CREAT,Creatinine,0.6,mg/dL,0.6,1.3,N,STAT,2025-05-27 11:15,2025-05-27 11:32,2025-05-27 12:33
LAB736557,ENC115414,PT12400,WBC,White Blood Cell Count,9.2,K/uL,4.5,11,N,Routine,2025-05-27 10:38,2025-05-27 10:44,2025-05-27 13:08
LAB736558,ENC115414,PT12400,HGB,Hemoglobin,10.5,g/dL,12,17.5,L,Routine,2025-05-27 10:41,2025-05-27 11:16,2025-05-27 14:27
LAB736559,ENC115414,PT12400,PLT,Platelet Count,307,K/uL,150,400,N,Routine,2025-05-27 10:35,2025-05-27 10:41,2025-05-27 13:55
LAB736560,ENC115415,PT13172,LDL,LDL Cholesterol,112,mg/dL,0,99,H,Routine,2025-05-27 12:08,2025-05-27 12:36,2025-05-27 20:08
LAB736561,ENC115415,PT13172,TSH,Thyroid Stimulating Hormone,2.12,mIU/L,0.4,4,N,Routine,2025-05-27 11:53,2025-05-27 12:02,2025-05-27 23:08
LAB736562,ENC115417,PT13211,GLU,Glucose,246,mg/dL,70,99,H,STAT,2025-05-27 16:08,2025-05-27 16:36,2025-05-27 17:30
LAB736563,ENC115417,PT13211,CREAT,Creatinine,1.12,mg/dL,0.6,1.3,N,Routine,2025-05-27 15:12,2025-05-27 15:20,2025-05-27 19:56
LAB736564,ENC115417,PT13211,WBC,White Blood Cell Count,12.4,K/uL,4.5,11,H,Routine,2025-05-27 15:12,2025-05-27 15:30,2025-05-27 19:50
LAB736565,ENC115417,PT13211,HGB,Hemoglobin,10.7,g/dL,12,17.5,L,Routine,2025-05-27 15:42,2025-05-27 15:59,2025-05-27 18:12
LAB736566,ENC115418,PT11568,GLU,Glucose,114,mg/dL,70,99,H,STAT,2025-05-27 16:54,2025-05-27 17:05,2025-05-27 17:58
LAB736567,ENC115418,PT11568,CREAT,Creatinine,0.79,mg/dL,0.6,1.3,N,STAT,2025-05-27 16:30,2025-05-27 16:49,2025-05-27 18:10
LAB736568,ENC115418,PT11568,WBC,White Blood Cell Count,7.3,K/uL,4.5,11,N,STAT,2025-05-27 17:08,2025-05-27 17:27,2025-05-27 18:04
LAB736569,ENC115418,PT11568,HGB,Hemoglobin,14.4,g/dL,12,17.5,N,Routine,2025-05-27 16:18,2025-05-27 16:39,2025-05-27 21:16
LAB736570,ENC115418,PT11568,INR,Prothrombin Time INR,1,ratio,0.8,1.2,N,Routine,2025-05-27 16:29,2025-05-27 16:50,2025-05-27 19:15
LAB736571,ENC115420,PT10758,A1C,Hemoglobin A1c,5.6,%,4,5.6,N,Routine,2025-05-27 13:07,2025-05-27 13:41,2025-05-27 20:47
LAB736572,ENC115420,PT10758,GLU,Glucose,126,mg/dL,70,99,H,Routine,2025-05-27 13:16,2025-05-27 13:29,2025-05-27 15:48
LAB736573,ENC115420,PT10758,CREAT,Creatinine,0.51,mg/dL,0.6,1.3,L,Routine,2025-05-27 13:24,2025-05-27 13:45,2025-05-27 14:25
LAB736574,ENC115421,PT10364,A1C,Hemoglobin A1c,5.2,%,4,5.6,N,Routine,2025-05-27 14:48,2025-05-27 15:11,2025-05-28 11:52
LAB736575,ENC115421,PT10364,GLU,Glucose,215,mg/dL,70,99,H,Routine,2025-05-27 14:57,2025-05-27 15:09,2025-05-27 16:34
LAB736576,ENC115421,PT10364,CREAT,Creatinine,0.84,mg/dL,0.6,1.3,N,Routine,2025-05-27 14:58,2025-05-27 15:05,2025-05-27 16:56
LAB736577,ENC115422,PT12665,LDL,LDL Cholesterol,140,mg/dL,0,99,H,Routine,2025-05-27 14:52,2025-05-27 15:08,2025-05-27 19:43
LAB736578,ENC115423,PT12443,LDL,LDL Cholesterol,103,mg/dL,0,99,H,Routine,2025-05-27 14:52,2025-05-27 14:56,2025-05-28 08:54
LAB736579,ENC115423,PT12443,A1C,Hemoglobin A1c,4.9,%,4,5.6,N,Routine,2025-05-27 14:52,2025-05-27 15:00,2025-05-28 00:48
LAB736580,ENC115423,PT12443,TSH,Thyroid Stimulating Hormone,1.88,mIU/L,0.4,4,N,Routine,2025-05-27 14:52,2025-05-27 15:01,2025-05-27 23:02
LAB736581,ENC115424,PT12722,GLU,Glucose,95,mg/dL,70,99,N,STAT,2025-05-27 20:33,2025-05-27 20:58,2025-05-27 22:06
LAB736582,ENC115424,PT12722,CREAT,Creatinine,0.66,mg/dL,0.6,1.3,N,STAT,2025-05-27 20:36,2025-05-27 20:43,2025-05-27 21:29
LAB736583,ENC115424,PT12722,WBC,White Blood Cell Count,4.2,K/uL,4.5,11,L,STAT,2025-05-27 20:29,2025-05-27 20:52,2025-05-27 21:17
LAB736584,ENC115424,PT12722,HGB,Hemoglobin,13.5,g/dL,12,17.5,N,STAT,2025-05-27 19:55,2025-05-27 20:02,2025-05-27 20:51
LAB736585,ENC115425,PT11581,GLU,Glucose,138,mg/dL,70,99,H,Routine,2025-05-27 15:51,2025-05-27 16:22,2025-05-27 20:01
LAB736586,ENC115425,PT11581,CREAT,Creatinine,0.51,mg/dL,0.6,1.3,L,STAT,2025-05-27 16:07,2025-05-27 16:30,2025-05-27 17:30
LAB736587,ENC115425,PT11581,WBC,White Blood Cell Count,7.3,K/uL,4.5,11,N,Routine,2025-05-27 15:42,2025-05-27 15:53,2025-05-27 20:40
LAB736588,ENC115425,PT11581,HGB,Hemoglobin,13.3,g/dL,12,17.5,N,STAT,2025-05-27 16:21,2025-05-27 16:56,2025-05-27 17:38
LAB736589,ENC115428,PT12073,GLU,Glucose,105,mg/dL,70,99,H,STAT,2025-05-27 21:25,2025-05-27 21:58,2025-05-27 23:03
LAB736590,ENC115428,PT12073,CREAT,Creatinine,0.96,mg/dL,0.6,1.3,N,Routine,2025-05-27 21:25,2025-05-27 21:36,2025-05-28 00:32
LAB736591,ENC115428,PT12073,WBC,White Blood Cell Count,3.6,K/uL,4.5,11,L,STAT,2025-05-27 21:19,2025-05-27 21:40,2025-05-27 22:15
LAB736592,ENC115428,PT12073,HGB,Hemoglobin,12.3,g/dL,12,17.5,N,STAT,2025-05-27 20:51,2025-05-27 21:20,2025-05-27 21:58
LAB736593,ENC115429,PT11843,GLU,Glucose,100,mg/dL,70,99,H,Routine,2025-05-27 18:29,2025-05-27 18:40,2025-05-27 23:22
LAB736594,ENC115429,PT11843,CREAT,Creatinine,0.97,mg/dL,0.6,1.3,N,STAT,2025-05-27 19:09,2025-05-27 19:29,2025-05-27 20:38
LAB736595,ENC115429,PT11843,WBC,White Blood Cell Count,7.6,K/uL,4.5,11,N,Routine,2025-05-27 18:59,2025-05-27 19:27,2025-05-27 21:22
LAB736596,ENC115429,PT11843,HGB,Hemoglobin,15.3,g/dL,12,17.5,N,Routine,2025-05-27 19:10,2025-05-27 19:29,2025-05-27 23:05
LAB736597,ENC115429,PT11843,TROP,"Troponin I, High Sensitivity",50,ng/L,0,34,H,STAT,2025-05-27 19:32,2025-05-27 19:52,2025-05-27 20:42
LAB736598,ENC115429,PT11843,BNP,B-Type Natriuretic Peptide,857,pg/mL,0,100,H,STAT,2025-05-27 19:12,2025-05-27 19:38,2025-05-27 20:07
LAB736599,ENC115432,PT13238,GLU,Glucose,205,mg/dL,70,99,H,STAT,2025-05-27 23:40,2025-05-27 23:48,2025-05-28 01:03
LAB736600,ENC115432,PT13238,CREAT,Creatinine,1.02,mg/dL,0.6,1.3,N,Routine,2025-05-27 23:33,2025-05-28 00:02,2025-05-28 02:40
LAB736601,ENC115432,PT13238,WBC,White Blood Cell Count,5.1,K/uL,4.5,11,N,STAT,2025-05-27 23:44,2025-05-27 23:58,2025-05-28 00:33
LAB736602,ENC115432,PT13238,HGB,Hemoglobin,8.5,g/dL,12,17.5,L,STAT,2025-05-27 23:17,2025-05-27 23:38,2025-05-28 00:34
LAB736603,ENC115432,PT13238,NA,Sodium,136,mmol/L,136,145,N,STAT,2025-05-27 23:18,2025-05-27 23:46,2025-05-28 00:14
LAB736604,ENC115432,PT13238,K,Potassium,4.8,mmol/L,3.5,5.1,N,STAT,2025-05-27 23:36,2025-05-27 23:47,2025-05-28 00:27
LAB736605,ENC115432,PT13238,LACT,Lactate,2.3,mmol/L,0.5,2,H,STAT,2025-05-27 23:53,2025-05-28 00:16,2025-05-28 01:04
LAB736606,ENC115432,PT13238,INR,Prothrombin Time INR,4.6,ratio,0.8,1.2,H,Routine,2025-05-27 23:48,2025-05-28 00:09,2025-05-28 03:39
LAB736607,ENC115433,PT12426,GLU,Glucose,120,mg/dL,70,99,H,STAT,2025-05-27 21:57,2025-05-27 22:05,2025-05-27 22:53
LAB736608,ENC115433,PT12426,CREAT,Creatinine,0.95,mg/dL,0.6,1.3,N,STAT,2025-05-27 21:32,2025-05-27 22:06,2025-05-27 22:39
LAB736609,ENC115433,PT12426,WBC,White Blood Cell Count,8.4,K/uL,4.5,11,N,Routine,2025-05-27 21:46,2025-05-27 22:21,2025-05-27 23:47
LAB736610,ENC115433,PT12426,HGB,Hemoglobin,14.6,g/dL,12,17.5,N,STAT,2025-05-27 21:22,2025-05-27 21:52,2025-05-27 22:45
LAB736611,ENC115433,PT12426,LACT,Lactate,2.9,mmol/L,0.5,2,H,STAT,2025-05-27 21:04,2025-05-27 21:15,2025-05-27 22:36
LAB736612,ENC115434,PT10297,GLU,Glucose,95,mg/dL,70,99,N,STAT,2025-05-28 00:17,2025-05-28 00:47,2025-05-28 01:30
LAB736613,ENC115434,PT10297,CREAT,Creatinine,0.44,mg/dL,0.6,1.3,L,STAT,2025-05-27 23:54,2025-05-28 00:05,2025-05-28 00:56
LAB736614,ENC115434,PT10297,WBC,White Blood Cell Count,9.3,K/uL,4.5,11,N,STAT,2025-05-28 00:59,2025-05-28 01:32,2025-05-28 02:18
LAB736615,ENC115434,PT10297,HGB,Hemoglobin,13.3,g/dL,12,17.5,N,Routine,2025-05-27 23:58,2025-05-28 00:02,2025-05-28 01:37
LAB736616,ENC115435,PT12860,GLU,Glucose,298,mg/dL,70,99,H,Routine,2025-05-28 02:55,2025-05-28 03:27,2025-05-28 07:38
LAB736617,ENC115435,PT12860,CREAT,Creatinine,1.97,mg/dL,0.6,1.3,H,STAT,2025-05-28 03:32,2025-05-28 03:58,2025-05-28 05:06
LAB736618,ENC115435,PT12860,WBC,White Blood Cell Count,6,K/uL,4.5,11,N,STAT,2025-05-28 02:44,2025-05-28 02:49,2025-05-28 03:50
LAB736619,ENC115435,PT12860,HGB,Hemoglobin,16.1,g/dL,12,17.5,N,STAT,2025-05-28 02:53,2025-05-28 03:00,2025-05-28 03:45
LAB736620,ENC115435,PT12860,NA,Sodium,139,mmol/L,136,145,N,Routine,2025-05-28 02:40,2025-05-28 02:52,2025-05-28 04:46
LAB736621,ENC115435,PT12860,K,Potassium,3.7,mmol/L,3.5,5.1,N,STAT,2025-05-28 02:41,2025-05-28 02:45,2025-05-28 03:20
LAB736622,ENC115435,PT12860,LACT,Lactate,2,mmol/L,0.5,2,N,STAT,2025-05-28 03:08,2025-05-28 03:25,2025-05-28 03:56
LAB736623,ENC115436,PT11468,GLU,Glucose,137,mg/dL,70,99,H,Routine,2025-05-28 05:10,2025-05-28 05:44,2025-05-28 07:59
LAB736624,ENC115436,PT11468,CREAT,Creatinine,1.24,mg/dL,0.6,1.3,N,STAT,2025-05-28 05:20,2025-05-28 05:28,2025-05-28 06:21
LAB736625,ENC115436,PT11468,WBC,White Blood Cell Count,7,K/uL,4.5,11,N,Routine,2025-05-28 05:44,2025-05-28 06:00,2025-05-28 07:14
LAB736626,ENC115436,PT11468,HGB,Hemoglobin,13.4,g/dL,12,17.5,N,STAT,2025-05-28 05:24,2025-05-28 05:37,2025-05-28 06:43
LAB736627,ENC115436,PT11468,NA,Sodium,139,mmol/L,136,145,N,STAT,2025-05-28 06:07,2025-05-28 06:30,2025-05-28 07:00
LAB736628,ENC115436,PT11468,K,Potassium,4,mmol/L,3.5,5.1,N,STAT,2025-05-28 05:59,2025-05-28 06:32,2025-05-28 07:04
LAB736629,ENC115436,PT11468,TROP,"Troponin I, High Sensitivity",337,ng/L,0,34,H,STAT,2025-05-28 05:42,2025-05-28 06:07,2025-05-28 06:46
LAB736630,ENC115437,PT13088,GLU,Glucose,422,mg/dL,70,99,H,STAT,2025-05-28 07:07,2025-05-28 07:20,2025-05-28 08:08
LAB736631,ENC115437,PT13088,CREAT,Creatinine,0.77,mg/dL,0.6,1.3,N,STAT,2025-05-28 07:49,2025-05-28 07:58,2025-05-28 08:31
LAB736632,ENC115437,PT13088,WBC,White Blood Cell Count,8.5,K/uL,4.5,11,N,STAT,2025-05-28 07:27,2025-05-28 07:47,2025-05-28 08:25
LAB736633,ENC115437,PT13088,HGB,Hemoglobin,13,g/dL,12,17.5,N,STAT,2025-05-28 07:41,2025-05-28 07:50,2025-05-28 09:40
LAB736634,ENC115437,PT13088,NA,Sodium,140,mmol/L,136,145,N,Routine,2025-05-28 07:03,2025-05-28 07:15,2025-05-28 11:55
LAB736635,ENC115437,PT13088,K,Potassium,4.2,mmol/L,3.5,5.1,N,STAT,2025-05-28 07:10,2025-05-28 07:39,2025-05-28 08:33
LAB736636,ENC115437,PT13088,BUN,Blood Urea Nitrogen,14,mg/dL,7,20,N,STAT,2025-05-28 07:00,2025-05-28 07:22,2025-05-28 08:27
LAB736637,ENC115437,PT13088,PLT,Platelet Count,239,K/uL,150,400,N,Routine,2025-05-28 07:56,2025-05-28 08:28,2025-05-28 09:44
LAB736638,ENC115437,PT13088,A1C,Hemoglobin A1c,7.1,%,4,5.6,H,STAT,2025-05-28 07:57,2025-05-28 08:18,2025-05-28 09:46
LAB736639,ENC115439,PT12093,A1C,Hemoglobin A1c,12.8,%,4,5.6,H,Routine,2025-05-28 08:26,2025-05-28 08:54,2025-05-29 00:33
LAB736640,ENC115439,PT12093,GLU,Glucose,253,mg/dL,70,99,H,Routine,2025-05-28 08:34,2025-05-28 09:07,2025-05-28 13:16
LAB736641,ENC115439,PT12093,CREAT,Creatinine,1.07,mg/dL,0.6,1.3,N,Routine,2025-05-28 08:35,2025-05-28 09:01,2025-05-28 16:40
LAB736642,ENC115440,PT13808,GLU,Glucose,71,mg/dL,70,99,N,Routine,2025-05-28 11:11,2025-05-28 11:39,2025-05-28 17:31
LAB736643,ENC115440,PT13808,CREAT,Creatinine,1.05,mg/dL,0.6,1.3,N,Routine,2025-05-28 10:17,2025-05-28 10:34,2025-05-28 12:35
LAB736644,ENC115440,PT13808,WBC,White Blood Cell Count,5.6,K/uL,4.5,11,N,STAT,2025-05-28 10:43,2025-05-28 11:18,2025-05-28 11:39
LAB736645,ENC115440,PT13808,HGB,Hemoglobin,14.5,g/dL,12,17.5,N,STAT,2025-05-28 11:17,2025-05-28 11:51,2025-05-28 12:42
LAB736646,ENC115440,PT13808,BUN,Blood Urea Nitrogen,18,mg/dL,7,20,N,Routine,2025-05-28 10:30,2025-05-28 11:01,2025-05-28 12:05
LAB736647,ENC115440,PT13808,PLT,Platelet Count,285,K/uL,150,400,N,Routine,2025-05-28 10:25,2025-05-28 10:48,2025-05-28 15:32
LAB736648,ENC115443,PT12358,GLU,Glucose,117,mg/dL,70,99,H,STAT,2025-05-28 09:58,2025-05-28 10:28,2025-05-28 11:09
LAB736649,ENC115443,PT12358,CREAT,Creatinine,1.31,mg/dL,0.6,1.3,H,STAT,2025-05-28 09:48,2025-05-28 10:05,2025-05-28 11:13
LAB736650,ENC115443,PT12358,WBC,White Blood Cell Count,12.3,K/uL,4.5,11,H,STAT,2025-05-28 10:01,2025-05-28 10:36,2025-05-28 11:11
LAB736651,ENC115444,PT12754,GLU,Glucose,93,mg/dL,70,99,N,STAT,2025-05-28 14:41,2025-05-28 14:46,2025-05-28 15:22
LAB736652,ENC115444,PT12754,CREAT,Creatinine,1.03,mg/dL,0.6,1.3,N,Routine,2025-05-28 14:21,2025-05-28 14:35,2025-05-28 17:34
LAB736653,ENC115444,PT12754,WBC,White Blood Cell Count,7.3,K/uL,4.5,11,N,Routine,2025-05-28 14:19,2025-05-28 14:39,2025-05-28 18:29
LAB736654,ENC115444,PT12754,HGB,Hemoglobin,14.6,g/dL,12,17.5,N,Routine,2025-05-28 14:31,2025-05-28 14:43,2025-05-28 16:45
LAB736655,ENC115445,PT11622,A1C,Hemoglobin A1c,10.9,%,4,5.6,H,Routine,2025-05-28 10:16,2025-05-28 10:35,2025-05-29 00:08
LAB736656,ENC115445,PT11622,GLU,Glucose,301,mg/dL,70,99,H,Routine,2025-05-28 10:16,2025-05-28 10:32,2025-05-28 12:44
LAB736657,ENC115445,PT11622,CREAT,Creatinine,0.56,mg/dL,0.6,1.3,L,Routine,2025-05-28 10:26,2025-05-28 10:57,2025-05-28 12:32
LAB736658,ENC115447,PT12720,LDL,LDL Cholesterol,78,mg/dL,0,99,N,Routine,2025-05-28 10:30,2025-05-28 10:35,2025-05-28 22:49
LAB736659,ENC115448,PT13886,LDL,LDL Cholesterol,86,mg/dL,0,99,N,Routine,2025-05-28 10:24,2025-05-28 10:30,2025-05-28 22:14
LAB736660,ENC115448,PT13886,A1C,Hemoglobin A1c,6.7,%,4,5.6,H,Routine,2025-05-28 10:36,2025-05-28 10:54,2025-05-29 04:25
LAB736661,ENC115449,PT13261,LDL,LDL Cholesterol,142,mg/dL,0,99,H,Routine,2025-05-28 10:48,2025-05-28 10:55,2025-05-29 03:07
LAB736662,ENC115452,PT13162,GLU,Glucose,239,mg/dL,70,99,H,STAT,2025-05-28 12:23,2025-05-28 12:32,2025-05-28 12:58
LAB736663,ENC115452,PT13162,CREAT,Creatinine,0.94,mg/dL,0.6,1.3,N,Routine,2025-05-28 12:38,2025-05-28 13:11,2025-05-28 18:38
LAB736664,ENC115452,PT13162,TROP,"Troponin I, High Sensitivity",6,ng/L,0,34,N,STAT,2025-05-28 11:36,2025-05-28 11:42,2025-05-28 12:39
LAB736665,ENC115454,PT10784,LDL,LDL Cholesterol,134,mg/dL,0,99,H,Routine,2025-05-28 11:59,2025-05-28 12:20,2025-05-29 14:55
LAB736666,ENC115456,PT11101,A1C,Hemoglobin A1c,12.3,%,4,5.6,H,Routine,2025-05-28 13:00,2025-05-28 13:30,2025-05-29 06:13
LAB736667,ENC115457,PT12057,LDL,LDL Cholesterol,80,mg/dL,0,99,N,Routine,2025-05-28 14:09,2025-05-28 14:35,2025-05-29 15:05
LAB736668,ENC115458,PT11418,GLU,Glucose,93,mg/dL,70,99,N,STAT,2025-05-28 15:30,2025-05-28 16:04,2025-05-28 17:20
LAB736669,ENC115458,PT11418,CREAT,Creatinine,1.12,mg/dL,0.6,1.3,N,Routine,2025-05-28 15:03,2025-05-28 15:14,2025-05-28 19:33
LAB736670,ENC115458,PT11418,WBC,White Blood Cell Count,9.6,K/uL,4.5,11,N,Routine,2025-05-28 15:18,2025-05-28 15:36,2025-05-28 17:38
LAB736671,ENC115458,PT11418,HGB,Hemoglobin,15.6,g/dL,12,17.5,N,STAT,2025-05-28 15:40,2025-05-28 15:50,2025-05-28 16:24
LAB736672,ENC115459,PT10572,GLU,Glucose,110,mg/dL,70,99,H,STAT,2025-05-28 15:40,2025-05-28 16:03,2025-05-28 16:39
LAB736673,ENC115459,PT10572,CREAT,Creatinine,0.73,mg/dL,0.6,1.3,N,STAT,2025-05-28 15:50,2025-05-28 16:22,2025-05-28 17:00
LAB736674,ENC115459,PT10572,WBC,White Blood Cell Count,8.7,K/uL,4.5,11,N,STAT,2025-05-28 14:46,2025-05-28 14:50,2025-05-28 15:43
LAB736675,ENC115459,PT10572,HGB,Hemoglobin,15.9,g/dL,12,17.5,N,Routine,2025-05-28 15:20,2025-05-28 15:50,2025-05-28 18:08
LAB736676,ENC115460,PT13818,A1C,Hemoglobin A1c,5.8,%,4,5.6,H,Routine,2025-05-28 15:14,2025-05-28 15:49,2025-05-28 21:56
LAB736677,ENC115460,PT13818,GLU,Glucose,209,mg/dL,70,99,H,Routine,2025-05-28 14:50,2025-05-28 15:09,2025-05-28 16:39
LAB736678,ENC115460,PT13818,CREAT,Creatinine,0.83,mg/dL,0.6,1.3,N,Routine,2025-05-28 15:15,2025-05-28 15:29,2025-05-28 20:10
LAB736679,ENC115463,PT12299,A1C,Hemoglobin A1c,10.8,%,4,5.6,H,Routine,2025-05-28 15:56,2025-05-28 16:28,2025-05-29 16:36
LAB736680,ENC115463,PT12299,GLU,Glucose,437,mg/dL,70,99,H,Routine,2025-05-28 16:08,2025-05-28 16:15,2025-05-28 21:01
LAB736681,ENC115463,PT12299,CREAT,Creatinine,0.58,mg/dL,0.6,1.3,L,Routine,2025-05-28 16:13,2025-05-28 16:23,2025-05-28 18:33
LAB736682,ENC115464,PT13829,GLU,Glucose,151,mg/dL,70,99,H,STAT,2025-05-28 16:38,2025-05-28 16:46,2025-05-28 17:50
LAB736683,ENC115464,PT13829,CREAT,Creatinine,1.06,mg/dL,0.6,1.3,N,Routine,2025-05-28 15:59,2025-05-28 16:24,2025-05-28 19:16
LAB736684,ENC115466,PT12159,GLU,Glucose,95,mg/dL,70,99,N,Routine,2025-05-28 19:36,2025-05-28 19:49,2025-05-28 22:32
LAB736685,ENC115466,PT12159,CREAT,Creatinine,1.11,mg/dL,0.6,1.3,N,STAT,2025-05-28 19:30,2025-05-28 19:44,2025-05-28 20:30
LAB736686,ENC115466,PT12159,WBC,White Blood Cell Count,5,K/uL,4.5,11,N,STAT,2025-05-28 19:48,2025-05-28 19:58,2025-05-28 20:35
LAB736687,ENC115466,PT12159,HGB,Hemoglobin,13.5,g/dL,12,17.5,N,STAT,2025-05-28 20:06,2025-05-28 20:33,2025-05-28 20:50
LAB736688,ENC115466,PT12159,NA,Sodium,122,mmol/L,136,145,L,Routine,2025-05-28 19:55,2025-05-28 20:26,2025-05-28 23:17
LAB736689,ENC115466,PT12159,K,Potassium,3.9,mmol/L,3.5,5.1,N,STAT,2025-05-28 19:24,2025-05-28 19:43,2025-05-28 20:41
LAB736690,ENC115468,PT13907,GLU,Glucose,121,mg/dL,70,99,H,Routine,2025-05-28 17:26,2025-05-28 17:34,2025-05-28 19:34
LAB736691,ENC115468,PT13907,CREAT,Creatinine,1.15,mg/dL,0.6,1.3,N,STAT,2025-05-28 17:28,2025-05-28 17:49,2025-05-28 18:28
LAB736692,ENC115468,PT13907,WBC,White Blood Cell Count,16.7,K/uL,4.5,11,H,Routine,2025-05-28 17:52,2025-05-28 18:18,2025-05-28 23:07
LAB736693,ENC115468,PT13907,HGB,Hemoglobin,14.7,g/dL,12,17.5,N,STAT,2025-05-28 17:41,2025-05-28 17:47,2025-05-28 18:09
LAB736694,ENC115469,PT13806,GLU,Glucose,481,mg/dL,70,99,H,Routine,2025-05-28 23:18,2025-05-28 23:40,2025-05-29 01:52
LAB736695,ENC115469,PT13806,CREAT,Creatinine,0.81,mg/dL,0.6,1.3,N,STAT,2025-05-28 22:43,2025-05-28 22:54,2025-05-29 00:11
LAB736696,ENC115469,PT13806,WBC,White Blood Cell Count,8.4,K/uL,4.5,11,N,STAT,2025-05-28 23:03,2025-05-28 23:32,2025-05-28 23:57
LAB736697,ENC115469,PT13806,HGB,Hemoglobin,14.4,g/dL,12,17.5,N,STAT,2025-05-28 22:19,2025-05-28 22:51,2025-05-28 23:22
LAB736698,ENC115469,PT13806,NA,Sodium,142,mmol/L,136,145,N,STAT,2025-05-28 22:17,2025-05-28 22:44,2025-05-29 00:04
LAB736699,ENC115469,PT13806,K,Potassium,4.4,mmol/L,3.5,5.1,N,STAT,2025-05-28 22:28,2025-05-28 22:51,2025-05-28 23:29
LAB736700,ENC115469,PT13806,A1C,Hemoglobin A1c,14.3,%,4,5.6,H,STAT,2025-05-28 22:29,2025-05-28 22:43,2025-05-28 23:12
LAB736701,ENC115470,PT13694,GLU,Glucose,90,mg/dL,70,99,N,STAT,2025-05-28 21:13,2025-05-28 21:21,2025-05-28 21:41
LAB736702,ENC115470,PT13694,CREAT,Creatinine,1.2,mg/dL,0.6,1.3,N,STAT,2025-05-28 21:32,2025-05-28 22:06,2025-05-28 23:45
LAB736703,ENC115471,PT10686,GLU,Glucose,131,mg/dL,70,99,H,STAT,2025-05-28 23:01,2025-05-28 23:24,2025-05-29 00:55
LAB736704,ENC115471,PT10686,CREAT,Creatinine,0.69,mg/dL,0.6,1.3,N,Routine,2025-05-28 22:12,2025-05-28 22:30,2025-05-29 05:14
LAB736705,ENC115471,PT10686,WBC,White Blood Cell Count,7.1,K/uL,4.5,11,N,STAT,2025-05-28 22:15,2025-05-28 22:34,2025-05-28 23:05
LAB736706,ENC115471,PT10686,HGB,Hemoglobin,13.8,g/dL,12,17.5,N,STAT,2025-05-28 23:20,2025-05-28 23:25,2025-05-28 23:59
LAB736707,ENC115472,PT12274,GLU,Glucose,168,mg/dL,70,99,H,Routine,2025-05-28 22:23,2025-05-28 22:43,2025-05-29 02:13
LAB736708,ENC115472,PT12274,CREAT,Creatinine,1.09,mg/dL,0.6,1.3,N,STAT,2025-05-28 23:15,2025-05-28 23:27,2025-05-29 00:14
LAB736709,ENC115472,PT12274,WBC,White Blood Cell Count,15.5,K/uL,4.5,11,H,Routine,2025-05-28 22:43,2025-05-28 22:55,2025-05-29 01:35
LAB736710,ENC115472,PT12274,HGB,Hemoglobin,13.6,g/dL,12,17.5,N,Routine,2025-05-28 22:51,2025-05-28 23:10,2025-05-29 01:25
LAB736711,ENC115472,PT12274,LACT,Lactate,2.4,mmol/L,0.5,2,H,STAT,2025-05-28 22:26,2025-05-28 22:31,2025-05-29 00:09
LAB736712,ENC115473,PT12457,GLU,Glucose,108,mg/dL,70,99,H,STAT,2025-05-29 00:36,2025-05-29 00:46,2025-05-29 01:13
LAB736713,ENC115473,PT12457,CREAT,Creatinine,0.91,mg/dL,0.6,1.3,N,STAT,2025-05-28 23:46,2025-05-29 00:02,2025-05-29 00:48
LAB736714,ENC115473,PT12457,WBC,White Blood Cell Count,9.2,K/uL,4.5,11,N,STAT,2025-05-29 00:35,2025-05-29 00:42,2025-05-29 01:16
LAB736715,ENC115473,PT12457,HGB,Hemoglobin,14.1,g/dL,12,17.5,N,Routine,2025-05-29 00:22,2025-05-29 00:56,2025-05-29 02:53
LAB736716,ENC115474,PT11139,GLU,Glucose,108,mg/dL,70,99,H,STAT,2025-05-29 02:45,2025-05-29 02:51,2025-05-29 03:57
LAB736717,ENC115474,PT11139,CREAT,Creatinine,1,mg/dL,0.6,1.3,N,STAT,2025-05-29 03:22,2025-05-29 03:50,2025-05-29 04:48
LAB736718,ENC115474,PT11139,WBC,White Blood Cell Count,12,K/uL,4.5,11,H,STAT,2025-05-29 03:26,2025-05-29 03:36,2025-05-29 04:00
LAB736719,ENC115474,PT11139,HGB,Hemoglobin,14.2,g/dL,12,17.5,N,Routine,2025-05-29 02:37,2025-05-29 03:10,2025-05-29 04:19
LAB736720,ENC115475,PT13715,GLU,Glucose,96,mg/dL,70,99,N,STAT,2025-05-29 02:54,2025-05-29 03:01,2025-05-29 03:48
LAB736721,ENC115475,PT13715,CREAT,Creatinine,1.93,mg/dL,0.6,1.3,H,Routine,2025-05-29 03:54,2025-05-29 04:27,2025-05-29 06:22
LAB736722,ENC115475,PT13715,WBC,White Blood Cell Count,8.5,K/uL,4.5,11,N,STAT,2025-05-29 03:24,2025-05-29 03:30,2025-05-29 04:11
LAB736723,ENC115477,PT13829,GLU,Glucose,189,mg/dL,70,99,H,STAT,2025-05-29 05:54,2025-05-29 06:07,2025-05-29 06:51
LAB736724,ENC115477,PT13829,CREAT,Creatinine,0.99,mg/dL,0.6,1.3,N,STAT,2025-05-29 05:35,2025-05-29 05:44,2025-05-29 06:13
LAB736725,ENC115477,PT13829,WBC,White Blood Cell Count,7.5,K/uL,4.5,11,N,Routine,2025-05-29 05:26,2025-05-29 05:33,2025-05-29 12:22
LAB736726,ENC115477,PT13829,HGB,Hemoglobin,10.4,g/dL,12,17.5,L,Routine,2025-05-29 05:10,2025-05-29 05:39,2025-05-29 10:27
LAB736727,ENC115477,PT13829,INR,Prothrombin Time INR,1.1,ratio,0.8,1.2,N,Routine,2025-05-29 05:12,2025-05-29 05:20,2025-05-29 07:27
LAB736728,ENC115481,PT11400,GLU,Glucose,95,mg/dL,70,99,N,STAT,2025-05-29 11:30,2025-05-29 12:01,2025-05-29 12:57
LAB736729,ENC115481,PT11400,CREAT,Creatinine,0.9,mg/dL,0.6,1.3,N,STAT,2025-05-29 11:38,2025-05-29 11:45,2025-05-29 13:21
LAB736730,ENC115481,PT11400,WBC,White Blood Cell Count,8.7,K/uL,4.5,11,N,Routine,2025-05-29 11:29,2025-05-29 11:59,2025-05-29 17:14
LAB736731,ENC115482,PT12340,LDL,LDL Cholesterol,142,mg/dL,0,99,H,Routine,2025-05-29 11:50,2025-05-29 11:57,2025-05-30 11:26
LAB736732,ENC115482,PT12340,TSH,Thyroid Stimulating Hormone,2.06,mIU/L,0.4,4,N,Routine,2025-05-29 11:43,2025-05-29 12:00,2025-05-29 22:51
LAB736733,ENC115483,PT12326,GLU,Glucose,79,mg/dL,70,99,N,STAT,2025-05-29 11:52,2025-05-29 12:24,2025-05-29 13:19
LAB736734,ENC115483,PT12326,CREAT,Creatinine,2.42,mg/dL,0.6,1.3,H,STAT,2025-05-29 12:10,2025-05-29 12:43,2025-05-29 14:42
LAB736735,ENC115483,PT12326,WBC,White Blood Cell Count,5.6,K/uL,4.5,11,N,STAT,2025-05-29 12:32,2025-05-29 12:48,2025-05-29 13:15
LAB736736,ENC115492,PT12055,GLU,Glucose,128,mg/dL,70,99,H,Routine,2025-05-29 20:15,2025-05-29 20:44,2025-05-29 22:40
LAB736737,ENC115492,PT12055,CREAT,Creatinine,1.76,mg/dL,0.6,1.3,H,STAT,2025-05-29 20:55,2025-05-29 21:22,2025-05-29 22:13
LAB736738,ENC115492,PT12055,WBC,White Blood Cell Count,14.4,K/uL,4.5,11,H,STAT,2025-05-29 20:58,2025-05-29 21:19,2025-05-29 21:45
LAB736739,ENC115492,PT12055,HGB,Hemoglobin,13.8,g/dL,12,17.5,N,STAT,2025-05-29 20:29,2025-05-29 21:04,2025-05-29 21:29
LAB736740,ENC115492,PT12055,LACT,Lactate,9.8,mmol/L,0.5,2,HH,STAT,2025-05-29 20:11,2025-05-29 20:39,2025-05-29 21:08
LAB736741,ENC115494,PT12813,GLU,Glucose,140,mg/dL,70,99,H,STAT,2025-05-29 19:36,2025-05-29 20:00,2025-05-29 21:09
LAB736742,ENC115494,PT12813,CREAT,Creatinine,0.99,mg/dL,0.6,1.3,N,Routine,2025-05-29 18:42,2025-05-29 19:09,2025-05-30 01:55
LAB736743,ENC115494,PT12813,WBC,White Blood Cell Count,3.9,K/uL,4.5,11,L,STAT,2025-05-29 19:24,2025-05-29 19:38,2025-05-29 20:10
LAB736744,ENC115495,PT13631,GLU,Glucose,301,mg/dL,70,99,H,STAT,2025-05-30 00:07,2025-05-30 00:17,2025-05-30 00:41
LAB736745,ENC115495,PT13631,CREAT,Creatinine,0.97,mg/dL,0.6,1.3,N,STAT,2025-05-30 00:41,2025-05-30 00:51,2025-05-30 01:43
LAB736746,ENC115495,PT13631,WBC,White Blood Cell Count,4.9,K/uL,4.5,11,N,STAT,2025-05-30 00:21,2025-05-30 00:40,2025-05-30 01:03
LAB736747,ENC115495,PT13631,HGB,Hemoglobin,14.2,g/dL,12,17.5,N,Routine,2025-05-30 01:14,2025-05-30 01:27,2025-05-30 02:51
LAB736748,ENC115495,PT13631,NA,Sodium,139,mmol/L,136,145,N,Routine,2025-05-30 00:34,2025-05-30 00:52,2025-05-30 02:39
LAB736749,ENC115495,PT13631,K,Potassium,4.3,mmol/L,3.5,5.1,N,STAT,2025-05-30 00:38,2025-05-30 01:01,2025-05-30 02:02
LAB736750,ENC115495,PT13631,A1C,Hemoglobin A1c,11,%,4,5.6,H,Routine,2025-05-30 00:36,2025-05-30 01:09,2025-05-30 20:07
LAB736751,ENC115496,PT13561,GLU,Glucose,227,mg/dL,70,99,H,STAT,2025-05-29 22:20,2025-05-29 22:28,2025-05-29 22:52
LAB736752,ENC115496,PT13561,CREAT,Creatinine,1.26,mg/dL,0.6,1.3,N,STAT,2025-05-29 23:10,2025-05-29 23:41,2025-05-30 00:43
LAB736753,ENC115496,PT13561,WBC,White Blood Cell Count,18.7,K/uL,4.5,11,H,Routine,2025-05-29 22:23,2025-05-29 22:43,2025-05-30 03:17
LAB736754,ENC115496,PT13561,HGB,Hemoglobin,14.9,g/dL,12,17.5,N,STAT,2025-05-29 22:34,2025-05-29 23:07,2025-05-30 00:04
LAB736755,ENC115496,PT13561,LACT,Lactate,3.7,mmol/L,0.5,2,H,STAT,2025-05-29 22:49,2025-05-29 23:11,2025-05-29 23:47
LAB736756,ENC115497,PT13744,GLU,Glucose,260,mg/dL,70,99,H,STAT,2025-05-30 01:44,2025-05-30 01:58,2025-05-30 02:24
LAB736757,ENC115497,PT13744,CREAT,Creatinine,1.34,mg/dL,0.6,1.3,H,Routine,2025-05-30 01:52,2025-05-30 02:27,2025-05-30 05:54
LAB736758,ENC115497,PT13744,WBC,White Blood Cell Count,6.8,K/uL,4.5,11,N,Routine,2025-05-30 02:34,2025-05-30 02:41,2025-05-30 03:46
LAB736759,ENC115497,PT13744,HGB,Hemoglobin,10.3,g/dL,12,17.5,L,STAT,2025-05-30 02:18,2025-05-30 02:30,2025-05-30 02:54
LAB736760,ENC115497,PT13744,NA,Sodium,139,mmol/L,136,145,N,Routine,2025-05-30 01:30,2025-05-30 01:43,2025-05-30 05:59
LAB736761,ENC115497,PT13744,K,Potassium,4.8,mmol/L,3.5,5.1,N,STAT,2025-05-30 02:03,2025-05-30 02:09,2025-05-30 04:06
LAB736762,ENC115497,PT13744,A1C,Hemoglobin A1c,9.5,%,4,5.6,H,Routine,2025-05-30 01:44,2025-05-30 01:49,2025-05-31 10:02
LAB736763,ENC115498,PT13842,GLU,Glucose,88,mg/dL,70,99,N,STAT,2025-05-30 04:14,2025-05-30 04:48,2025-05-30 05:27
LAB736764,ENC115498,PT13842,CREAT,Creatinine,1.26,mg/dL,0.6,1.3,N,Routine,2025-05-30 05:02,2025-05-30 05:31,2025-05-30 07:14
LAB736765,ENC115498,PT13842,WBC,White Blood Cell Count,6.5,K/uL,4.5,11,N,STAT,2025-05-30 04:52,2025-05-30 05:09,2025-05-30 05:35
LAB736766,ENC115498,PT13842,HGB,Hemoglobin,11.6,g/dL,12,17.5,L,Routine,2025-05-30 04:27,2025-05-30 05:02,2025-05-30 07:48
LAB736767,ENC115498,PT13842,NA,Sodium,130,mmol/L,136,145,L,Routine,2025-05-30 04:44,2025-05-30 04:55,2025-05-30 09:13
LAB736768,ENC115498,PT13842,K,Potassium,4.4,mmol/L,3.5,5.1,N,STAT,2025-05-30 04:31,2025-05-30 04:58,2025-05-30 05:51
LAB736769,ENC115499,PT13544,GLU,Glucose,111,mg/dL,70,99,H,Routine,2025-05-30 06:51,2025-05-30 07:08,2025-05-30 12:51
LAB736770,ENC115499,PT13544,CREAT,Creatinine,1.33,mg/dL,0.6,1.3,H,STAT,2025-05-30 06:49,2025-05-30 07:03,2025-05-30 08:02
LAB736771,ENC115499,PT13544,WBC,White Blood Cell Count,4.2,K/uL,4.5,11,L,Routine,2025-05-30 06:06,2025-05-30 06:34,2025-05-30 10:25
LAB736772,ENC115499,PT13544,HGB,Hemoglobin,13.1,g/dL,12,17.5,N,STAT,2025-05-30 06:44,2025-05-30 06:55,2025-05-30 07:58
LAB736773,ENC115499,PT13544,NA,Sodium,140,mmol/L,136,145,N,STAT,2025-05-30 06:41,2025-05-30 07:06,2025-05-30 07:59
LAB736774,ENC115499,PT13544,K,Potassium,4.3,mmol/L,3.5,5.1,N,STAT,2025-05-30 06:06,2025-05-30 06:37,2025-05-30 07:38
LAB736775,ENC115500,PT10187,GLU,Glucose,136,mg/dL,70,99,H,STAT,2025-05-30 07:27,2025-05-30 07:39,2025-05-30 09:08
LAB736776,ENC115500,PT10187,CREAT,Creatinine,0.77,mg/dL,0.6,1.3,N,Routine,2025-05-30 07:36,2025-05-30 07:41,2025-05-30 09:59
LAB736777,ENC115500,PT10187,WBC,White Blood Cell Count,7.8,K/uL,4.5,11,N,Routine,2025-05-30 06:45,2025-05-30 06:59,2025-05-30 08:34
LAB736778,ENC115500,PT10187,HGB,Hemoglobin,14,g/dL,12,17.5,N,STAT,2025-05-30 06:53,2025-05-30 07:09,2025-05-30 07:45
LAB736779,ENC115500,PT10187,BUN,Blood Urea Nitrogen,14,mg/dL,7,20,N,STAT,2025-05-30 07:30,2025-05-30 07:57,2025-05-30 08:42
LAB736780,ENC115500,PT10187,PLT,Platelet Count,216,K/uL,150,400,N,Routine,2025-05-30 07:14,2025-05-30 07:23,2025-05-30 10:14
LAB736781,ENC115501,PT11632,GLU,Glucose,127,mg/dL,70,99,H,STAT,2025-05-30 11:00,2025-05-30 11:22,2025-05-30 12:15
LAB736782,ENC115501,PT11632,CREAT,Creatinine,1.1,mg/dL,0.6,1.3,N,Routine,2025-05-30 09:59,2025-05-30 10:17,2025-05-30 11:04
LAB736783,ENC115501,PT11632,WBC,White Blood Cell Count,15.1,K/uL,4.5,11,H,STAT,2025-05-30 10:56,2025-05-30 11:18,2025-05-30 12:04
LAB736784,ENC115501,PT11632,HGB,Hemoglobin,14.1,g/dL,12,17.5,N,Routine,2025-05-30 10:23,2025-05-30 10:28,2025-05-30 12:44
LAB736785,ENC115502,PT11909,GLU,Glucose,101,mg/dL,70,99,H,Routine,2025-05-30 09:18,2025-05-30 09:41,2025-05-30 11:48
LAB736786,ENC115502,PT11909,CREAT,Creatinine,1.17,mg/dL,0.6,1.3,N,Routine,2025-05-30 08:59,2025-05-30 09:28,2025-05-30 17:03
LAB736787,ENC115502,PT11909,WBC,White Blood Cell Count,7.3,K/uL,4.5,11,N,STAT,2025-05-30 08:26,2025-05-30 08:52,2025-05-30 09:26
LAB736788,ENC115502,PT11909,HGB,Hemoglobin,13.4,g/dL,12,17.5,N,STAT,2025-05-30 09:30,2025-05-30 09:47,2025-05-30 10:23
LAB736789,ENC115503,PT11350,LDL,LDL Cholesterol,150,mg/dL,0,99,H,Routine,2025-05-30 09:23,2025-05-30 09:42,2025-05-31 14:01
LAB736790,ENC115508,PT12487,A1C,Hemoglobin A1c,11.4,%,4,5.6,H,Routine,2025-05-30 11:42,2025-05-30 12:03,2025-05-31 01:25
LAB736791,ENC115508,PT12487,GLU,Glucose,225,mg/dL,70,99,H,Routine,2025-05-30 11:26,2025-05-30 11:30,2025-05-30 13:21
LAB736792,ENC115508,PT12487,CREAT,Creatinine,1.25,mg/dL,0.6,1.3,N,Routine,2025-05-30 11:36,2025-05-30 11:43,2025-05-30 14:43
LAB736793,ENC115509,PT12739,GLU,Glucose,88,mg/dL,70,99,N,STAT,2025-05-30 15:04,2025-05-30 15:32,2025-05-30 15:58
LAB736794,ENC115509,PT12739,CREAT,Creatinine,2.05,mg/dL,0.6,1.3,H,STAT,2025-05-30 15:29,2025-05-30 15:38,2025-05-30 16:12
LAB736795,ENC115509,PT12739,WBC,White Blood Cell Count,22.7,K/uL,4.5,11,H,Routine,2025-05-30 15:58,2025-05-30 16:28,2025-05-30 21:02
LAB736796,ENC115509,PT12739,HGB,Hemoglobin,17.7,g/dL,12,17.5,H,Routine,2025-05-30 15:42,2025-05-30 15:59,2025-05-30 20:37
LAB736797,ENC115509,PT12739,LACT,Lactate,3.9,mmol/L,0.5,2,H,STAT,2025-05-30 15:35,2025-05-30 15:39,2025-05-30 16:26
LAB736798,ENC115511,PT11302,LDL,LDL Cholesterol,153,mg/dL,0,99,H,Routine,2025-05-30 12:26,2025-05-30 12:50,2025-05-31 03:59
LAB736799,ENC115511,PT11302,A1C,Hemoglobin A1c,5.7,%,4,5.6,H,Routine,2025-05-30 12:26,2025-05-30 12:58,2025-05-30 20:10
LAB736800,ENC115511,PT11302,TSH,Thyroid Stimulating Hormone,2.88,mIU/L,0.4,4,N,Routine,2025-05-30 12:13,2025-05-30 12:30,2025-05-30 18:32
LAB736801,ENC115512,PT12884,LDL,LDL Cholesterol,111,mg/dL,0,99,H,Routine,2025-05-30 12:56,2025-05-30 13:19,2025-05-31 03:37
LAB736802,ENC115512,PT12884,A1C,Hemoglobin A1c,6,%,4,5.6,H,Routine,2025-05-30 12:53,2025-05-30 13:13,2025-05-30 19:28
LAB736803,ENC115514,PT13376,GLU,Glucose,120,mg/dL,70,99,H,STAT,2025-05-30 15:27,2025-05-30 15:34,2025-05-30 16:49
LAB736804,ENC115514,PT13376,CREAT,Creatinine,0.74,mg/dL,0.6,1.3,N,STAT,2025-05-30 15:32,2025-05-30 15:56,2025-05-30 16:31
LAB736805,ENC115514,PT13376,WBC,White Blood Cell Count,8.1,K/uL,4.5,11,N,Routine,2025-05-30 16:00,2025-05-30 16:35,2025-05-30 18:49
LAB736806,ENC115514,PT13376,HGB,Hemoglobin,14.1,g/dL,12,17.5,N,Routine,2025-05-30 15:02,2025-05-30 15:30,2025-05-30 21:07
LAB736807,ENC115515,PT10030,A1C,Hemoglobin A1c,12.3,%,4,5.6,H,Routine,2025-05-30 14:11,2025-05-30 14:19,2025-05-31 05:11
LAB736808,ENC115516,PT13322,WBC,White Blood Cell Count,9.3,K/uL,4.5,11,N,Routine,2025-05-30 14:06,2025-05-30 14:11,2025-05-30 16:31
LAB736809,ENC115516,PT13322,HGB,Hemoglobin,13.1,g/dL,12,17.5,N,Routine,2025-05-30 14:24,2025-05-30 14:34,2025-05-30 18:06
LAB736810,ENC115516,PT13322,PLT,Platelet Count,261,K/uL,150,400,N,Routine,2025-05-30 14:28,2025-05-30 14:39,2025-05-30 15:54
LAB736811,ENC115517,PT12684,LDL,LDL Cholesterol,116,mg/dL,0,99,H,Routine,2025-05-30 14:29,2025-05-30 14:35,2025-05-31 01:35
LAB736812,ENC115521,PT11941,GLU,Glucose,84,mg/dL,70,99,N,STAT,2025-05-30 16:32,2025-05-30 17:06,2025-05-30 17:51
LAB736813,ENC115521,PT11941,CREAT,Creatinine,0.96,mg/dL,0.6,1.3,N,Routine,2025-05-30 15:32,2025-05-30 15:49,2025-05-30 17:17
LAB736814,ENC115521,PT11941,WBC,White Blood Cell Count,6.1,K/uL,4.5,11,N,STAT,2025-05-30 16:29,2025-05-30 16:37,2025-05-30 17:02
LAB736815,ENC115521,PT11941,HGB,Hemoglobin,12.8,g/dL,12,17.5,N,Routine,2025-05-30 15:48,2025-05-30 16:02,2025-05-30 18:55
LAB736816,ENC115521,PT11941,TROP,"Troponin I, High Sensitivity",7,ng/L,0,34,N,STAT,2025-05-30 15:59,2025-05-30 16:23,2025-05-30 16:46
LAB736817,ENC115521,PT11941,BNP,B-Type Natriuretic Peptide,660,pg/mL,0,100,H,Routine,2025-05-30 15:25,2025-05-30 15:42,2025-05-30 20:56
LAB736818,ENC115526,PT13870,GLU,Glucose,176,mg/dL,70,99,H,Routine,2025-05-30 21:39,2025-05-30 22:08,2025-05-31 03:46
LAB736819,ENC115526,PT13870,CREAT,Creatinine,0.88,mg/dL,0.6,1.3,N,Routine,2025-05-30 21:41,2025-05-30 22:07,2025-05-31 00:14
LAB736820,ENC115526,PT13870,WBC,White Blood Cell Count,7.8,K/uL,4.5,11,N,STAT,2025-05-30 22:16,2025-05-30 22:39,2025-05-30 23:31
LAB736821,ENC115526,PT13870,HGB,Hemoglobin,15.4,g/dL,12,17.5,N,STAT,2025-05-30 21:41,2025-05-30 22:00,2025-05-30 22:49
LAB736822,ENC115526,PT13870,NA,Sodium,123,mmol/L,136,145,L,STAT,2025-05-30 22:15,2025-05-30 22:28,2025-05-30 23:00
LAB736823,ENC115526,PT13870,K,Potassium,4.6,mmol/L,3.5,5.1,N,STAT,2025-05-30 21:40,2025-05-30 22:03,2025-05-30 22:50
LAB736824,ENC115528,PT10697,GLU,Glucose,97,mg/dL,70,99,N,Routine,2025-05-30 21:29,2025-05-30 22:00,2025-05-31 00:01
LAB736825,ENC115528,PT10697,CREAT,Creatinine,1.02,mg/dL,0.6,1.3,N,Routine,2025-05-30 22:07,2025-05-30 22:24,2025-05-31 00:18
LAB736826,ENC115528,PT10697,WBC,White Blood Cell Count,10,K/uL,4.5,11,N,Routine,2025-05-30 21:07,2025-05-30 21:37,2025-05-30 22:54
LAB736827,ENC115528,PT10697,TROP,"Troponin I, High Sensitivity",1,ng/L,0,34,N,STAT,2025-05-30 21:47,2025-05-30 22:22,2025-05-30 23:45
LAB736828,ENC115529,PT10773,GLU,Glucose,138,mg/dL,70,99,H,Routine,2025-05-31 04:02,2025-05-31 04:08,2025-05-31 08:38
LAB736829,ENC115529,PT10773,CREAT,Creatinine,0.62,mg/dL,0.6,1.3,N,STAT,2025-05-31 03:57,2025-05-31 04:25,2025-05-31 05:19
LAB736830,ENC115529,PT10773,WBC,White Blood Cell Count,7.7,K/uL,4.5,11,N,Routine,2025-05-31 04:38,2025-05-31 05:04,2025-05-31 13:13
LAB736831,ENC115529,PT10773,HGB,Hemoglobin,15.2,g/dL,12,17.5,N,STAT,2025-05-31 04:38,2025-05-31 05:01,2025-05-31 05:40
LAB736832,ENC115529,PT10773,TROP,"Troponin I, High Sensitivity",36,ng/L,0,34,H,STAT,2025-05-31 04:20,2025-05-31 04:36,2025-05-31 05:31
LAB736833,ENC115529,PT10773,BNP,B-Type Natriuretic Peptide,623,pg/mL,0,100,H,Routine,2025-05-31 04:32,2025-05-31 05:02,2025-05-31 08:33
LAB736834,ENC115532,PT11981,GLU,Glucose,184,mg/dL,70,99,H,Routine,2025-05-31 02:21,2025-05-31 02:26,2025-05-31 04:50
LAB736835,ENC115532,PT11981,CREAT,Creatinine,1.12,mg/dL,0.6,1.3,N,Routine,2025-05-31 01:39,2025-05-31 01:53,2025-05-31 05:04
LAB736836,ENC115533,PT11913,GLU,Glucose,75,mg/dL,70,99,N,Routine,2025-05-31 09:18,2025-05-31 09:23,2025-05-31 10:57
LAB736837,ENC115533,PT11913,CREAT,Creatinine,1.64,mg/dL,0.6,1.3,H,Routine,2025-05-31 09:01,2025-05-31 09:07,2025-05-31 14:00
LAB736838,ENC115533,PT11913,WBC,White Blood Cell Count,8.6,K/uL,4.5,11,N,Routine,2025-05-31 09:48,2025-05-31 09:52,2025-05-31 15:55
LAB736839,ENC115533,PT11913,HGB,Hemoglobin,9.9,g/dL,12,17.5,L,Routine,2025-05-31 09:57,2025-05-31 10:14,2025-05-31 14:51
LAB736840,ENC115533,PT11913,BUN,Blood Urea Nitrogen,17,mg/dL,7,20,N,STAT,2025-05-31 09:48,2025-05-31 09:55,2025-05-31 10:50
LAB736841,ENC115533,PT11913,PLT,Platelet Count,218,K/uL,150,400,N,STAT,2025-05-31 09:31,2025-05-31 09:50,2025-05-31 10:44
LAB736842,ENC115534,PT10901,GLU,Glucose,177,mg/dL,70,99,H,Routine,2025-05-31 11:22,2025-05-31 11:44,2025-05-31 12:43
LAB736843,ENC115534,PT10901,CREAT,Creatinine,1.78,mg/dL,0.6,1.3,H,STAT,2025-05-31 10:38,2025-05-31 10:52,2025-05-31 11:53
LAB736844,ENC115534,PT10901,WBC,White Blood Cell Count,11.9,K/uL,4.5,11,H,STAT,2025-05-31 11:13,2025-05-31 11:21,2025-05-31 12:34
LAB736845,ENC115534,PT10901,HGB,Hemoglobin,12.2,g/dL,12,17.5,N,STAT,2025-05-31 10:49,2025-05-31 11:17,2025-05-31 12:13
LAB736846,ENC115535,PT12410,TROP,"Troponin I, High Sensitivity",1,ng/L,0,34,N,STAT,2025-05-31 12:51,2025-05-31 13:05,2025-05-31 14:03
LAB736847,ENC115536,PT10049,GLU,Glucose,88,mg/dL,70,99,N,Routine,2025-05-31 15:56,2025-05-31 16:22,2025-05-31 20:36
LAB736848,ENC115536,PT10049,CREAT,Creatinine,0.85,mg/dL,0.6,1.3,N,STAT,2025-05-31 15:28,2025-05-31 15:57,2025-05-31 16:19
LAB736849,ENC115536,PT10049,WBC,White Blood Cell Count,5,K/uL,4.5,11,N,STAT,2025-05-31 15:01,2025-05-31 15:34,2025-05-31 16:04
LAB736850,ENC115536,PT10049,HGB,Hemoglobin,13.5,g/dL,12,17.5,N,STAT,2025-05-31 15:52,2025-05-31 16:15,2025-05-31 17:02
LAB736851,ENC115537,PT13928,GLU,Glucose,76,mg/dL,70,99,N,Routine,2025-05-31 18:13,2025-05-31 18:34,2025-05-31 20:42
LAB736852,ENC115537,PT13928,CREAT,Creatinine,0.58,mg/dL,0.6,1.3,L,Routine,2025-05-31 19:08,2025-05-31 19:20,2025-05-31 23:05
LAB736853,ENC115537,PT13928,WBC,White Blood Cell Count,5.5,K/uL,4.5,11,N,STAT,2025-05-31 18:59,2025-05-31 19:15,2025-05-31 19:35
LAB736854,ENC115538,PT10265,GLU,Glucose,70,mg/dL,70,99,N,Routine,2025-06-01 01:23,2025-06-01 01:38,2025-06-01 03:15
LAB736855,ENC115538,PT10265,CREAT,Creatinine,1.15,mg/dL,0.6,1.3,N,Routine,2025-06-01 01:37,2025-06-01 02:03,2025-06-01 07:17
LAB736856,ENC115538,PT10265,WBC,White Blood Cell Count,7.2,K/uL,4.5,11,N,STAT,2025-06-01 01:05,2025-06-01 01:17,2025-06-01 02:08
LAB736857,ENC115538,PT10265,HGB,Hemoglobin,15.3,g/dL,12,17.5,N,STAT,2025-06-01 01:34,2025-06-01 02:08,2025-06-01 03:06
LAB736858,ENC115538,PT10265,NA,Sodium,144,mmol/L,136,145,N,Routine,2025-06-01 01:57,2025-06-01 02:14,2025-06-01 05:08
LAB736859,ENC115538,PT10265,K,Potassium,4.5,mmol/L,3.5,5.1,N,STAT,2025-06-01 01:06,2025-06-01 01:22,2025-06-01 02:54
LAB736860,ENC115540,PT11911,GLU,Glucose,205,mg/dL,70,99,H,Routine,2025-06-01 00:41,2025-06-01 01:00,2025-06-01 03:23
LAB736861,ENC115540,PT11911,CREAT,Creatinine,2.14,mg/dL,0.6,1.3,H,STAT,2025-06-01 00:31,2025-06-01 00:35,2025-06-01 01:33
LAB736862,ENC115540,PT11911,WBC,White Blood Cell Count,2.8,K/uL,4.5,11,L,Routine,2025-05-31 23:55,2025-06-01 00:28,2025-06-01 02:49
LAB736863,ENC115540,PT11911,HGB,Hemoglobin,14.3,g/dL,12,17.5,N,STAT,2025-06-01 00:32,2025-06-01 00:52,2025-06-01 01:45
LAB736864,ENC115540,PT11911,LACT,Lactate,2.8,mmol/L,0.5,2,H,STAT,2025-06-01 00:50,2025-06-01 01:19,2025-06-01 02:07
LAB736865,ENC115541,PT11646,GLU,Glucose,79,mg/dL,70,99,N,STAT,2025-06-01 04:03,2025-06-01 04:10,2025-06-01 05:02
LAB736866,ENC115541,PT11646,CREAT,Creatinine,1.03,mg/dL,0.6,1.3,N,Routine,2025-06-01 03:13,2025-06-01 03:39,2025-06-01 06:43
LAB736867,ENC115541,PT11646,WBC,White Blood Cell Count,7.4,K/uL,4.5,11,N,STAT,2025-06-01 04:08,2025-06-01 04:34,2025-06-01 05:21
LAB736868,ENC115541,PT11646,HGB,Hemoglobin,11.1,g/dL,12,17.5,L,STAT,2025-06-01 03:41,2025-06-01 03:53,2025-06-01 04:41
LAB736869,ENC115541,PT11646,NA,Sodium,140,mmol/L,136,145,N,Routine,2025-06-01 04:15,2025-06-01 04:50,2025-06-01 09:28
LAB736870,ENC115541,PT11646,K,Potassium,4,mmol/L,3.5,5.1,N,STAT,2025-06-01 03:21,2025-06-01 03:51,2025-06-01 04:39
LAB736871,ENC115542,PT12488,GLU,Glucose,125,mg/dL,70,99,H,STAT,2025-06-01 03:34,2025-06-01 04:03,2025-06-01 05:06
LAB736872,ENC115542,PT12488,CREAT,Creatinine,0.92,mg/dL,0.6,1.3,N,Routine,2025-06-01 03:48,2025-06-01 03:59,2025-06-01 06:32
LAB736873,ENC115542,PT12488,WBC,White Blood Cell Count,8,K/uL,4.5,11,N,Routine,2025-06-01 04:13,2025-06-01 04:31,2025-06-01 09:30
LAB736874,ENC115542,PT12488,HGB,Hemoglobin,11.5,g/dL,12,17.5,L,Routine,2025-06-01 04:39,2025-06-01 04:47,2025-06-01 08:27
LAB736875,ENC115543,PT12689,GLU,Glucose,114,mg/dL,70,99,H,STAT,2025-06-01 04:34,2025-06-01 05:02,2025-06-01 05:59
LAB736876,ENC115543,PT12689,CREAT,Creatinine,0.76,mg/dL,0.6,1.3,N,STAT,2025-06-01 03:53,2025-06-01 04:26,2025-06-01 04:54
LAB736877,ENC115544,PT12208,GLU,Glucose,113,mg/dL,70,99,H,STAT,2025-06-01 05:02,2025-06-01 05:26,2025-06-01 05:49
LAB736878,ENC115544,PT12208,CREAT,Creatinine,0.85,mg/dL,0.6,1.3,N,Routine,2025-06-01 06:02,2025-06-01 06:08,2025-06-01 09:05
LAB736879,ENC115544,PT12208,WBC,White Blood Cell Count,6.5,K/uL,4.5,11,N,Routine,2025-06-01 05:19,2025-06-01 05:52,2025-06-01 08:28
LAB736880,ENC115544,PT12208,HGB,Hemoglobin,13.4,g/dL,12,17.5,N,Routine,2025-06-01 05:28,2025-06-01 05:42,2025-06-01 10:59
LAB736881,ENC115544,PT12208,NA,Sodium,139,mmol/L,136,145,N,STAT,2025-06-01 05:23,2025-06-01 05:50,2025-06-01 06:56
LAB736882,ENC115544,PT12208,K,Potassium,4.1,mmol/L,3.5,5.1,N,STAT,2025-06-01 05:09,2025-06-01 05:31,2025-06-01 06:24
LAB736883,ENC115546,PT13056,GLU,Glucose,259,mg/dL,70,99,H,STAT,2025-06-01 12:11,2025-06-01 12:46,2025-06-01 14:04
LAB736884,ENC115546,PT13056,CREAT,Creatinine,1.42,mg/dL,0.6,1.3,H,STAT,2025-06-01 11:38,2025-06-01 11:59,2025-06-01 12:34
LAB736885,ENC115546,PT13056,WBC,White Blood Cell Count,9.1,K/uL,4.5,11,N,Routine,2025-06-01 12:23,2025-06-01 12:32,2025-06-01 14:45
LAB736886,ENC115546,PT13056,HGB,Hemoglobin,11.9,g/dL,12,17.5,L,STAT,2025-06-01 11:40,2025-06-01 12:05,2025-06-01 12:49
LAB736887,ENC115546,PT13056,BUN,Blood Urea Nitrogen,19,mg/dL,7,20,N,STAT,2025-06-01 12:26,2025-06-01 12:59,2025-06-01 13:25
LAB736888,ENC115546,PT13056,PLT,Platelet Count,174,K/uL,150,400,N,STAT,2025-06-01 12:07,2025-06-01 12:41,2025-06-01 13:23
LAB736889,ENC115546,PT13056,TROP,"Troponin I, High Sensitivity",6,ng/L,0,34,N,STAT,2025-06-01 12:15,2025-06-01 12:29,2025-06-01 13:30
LAB736890,ENC115547,PT11386,GLU,Glucose,94,mg/dL,70,99,N,STAT,2025-06-01 09:19,2025-06-01 09:51,2025-06-01 10:53
LAB736891,ENC115547,PT11386,CREAT,Creatinine,1.18,mg/dL,0.6,1.3,N,Routine,2025-06-01 09:21,2025-06-01 09:38,2025-06-01 11:49
LAB736892,ENC115547,PT11386,WBC,White Blood Cell Count,9.6,K/uL,4.5,11,N,STAT,2025-06-01 10:19,2025-06-01 10:34,2025-06-01 11:04
LAB736893,ENC115548,PT10938,GLU,Glucose,79,mg/dL,70,99,N,STAT,2025-06-01 10:35,2025-06-01 10:44,2025-06-01 11:08
LAB736894,ENC115548,PT10938,CREAT,Creatinine,1.28,mg/dL,0.6,1.3,N,STAT,2025-06-01 10:10,2025-06-01 10:30,2025-06-01 11:25
LAB736895,ENC115548,PT10938,WBC,White Blood Cell Count,7.1,K/uL,4.5,11,N,STAT,2025-06-01 10:40,2025-06-01 11:08,2025-06-01 11:35
LAB736896,ENC115550,PT10398,GLU,Glucose,195,mg/dL,70,99,H,STAT,2025-06-01 12:38,2025-06-01 12:54,2025-06-01 13:25
LAB736897,ENC115550,PT10398,CREAT,Creatinine,0.65,mg/dL,0.6,1.3,N,STAT,2025-06-01 12:28,2025-06-01 12:42,2025-06-01 13:23
LAB736898,ENC115550,PT10398,WBC,White Blood Cell Count,8.1,K/uL,4.5,11,N,Routine,2025-06-01 12:45,2025-06-01 13:00,2025-06-01 16:34
LAB736899,ENC115550,PT10398,HGB,Hemoglobin,14.4,g/dL,12,17.5,N,Routine,2025-06-01 13:00,2025-06-01 13:28,2025-06-01 14:49
LAB736900,ENC115550,PT10398,TROP,"Troponin I, High Sensitivity",11,ng/L,0,34,N,STAT,2025-06-01 12:29,2025-06-01 12:59,2025-06-01 13:27
LAB736901,ENC115551,PT11334,GLU,Glucose,81,mg/dL,70,99,N,STAT,2025-06-01 13:12,2025-06-01 13:36,2025-06-01 14:33
LAB736902,ENC115551,PT11334,CREAT,Creatinine,0.97,mg/dL,0.6,1.3,N,Routine,2025-06-01 13:15,2025-06-01 13:43,2025-06-01 15:14
LAB736903,ENC115551,PT11334,WBC,White Blood Cell Count,7.6,K/uL,4.5,11,N,STAT,2025-06-01 13:08,2025-06-01 13:42,2025-06-01 14:29
LAB736904,ENC115553,PT12955,GLU,Glucose,124,mg/dL,70,99,H,Routine,2025-06-01 14:32,2025-06-01 14:50,2025-06-01 17:29
LAB736905,ENC115553,PT12955,CREAT,Creatinine,0.76,mg/dL,0.6,1.3,N,STAT,2025-06-01 14:08,2025-06-01 14:38,2025-06-01 15:39
LAB736906,ENC115553,PT12955,WBC,White Blood Cell Count,6.4,K/uL,4.5,11,N,Routine,2025-06-01 14:07,2025-06-01 14:19,2025-06-01 16:39
LAB736907,ENC115553,PT12955,HGB,Hemoglobin,14.4,g/dL,12,17.5,N,Routine,2025-06-01 14:28,2025-06-01 14:32,2025-06-01 18:17
LAB736908,ENC115553,PT12955,INR,Prothrombin Time INR,1.9,ratio,0.8,1.2,H,Routine,2025-06-01 15:10,2025-06-01 15:35,2025-06-01 18:21
LAB736909,ENC115554,PT13626,GLU,Glucose,100,mg/dL,70,99,H,STAT,2025-06-01 17:37,2025-06-01 18:01,2025-06-01 19:26
LAB736910,ENC115554,PT13626,CREAT,Creatinine,0.64,mg/dL,0.6,1.3,N,Routine,2025-06-01 18:02,2025-06-01 18:31,2025-06-01 19:42
LAB736911,ENC115554,PT13626,WBC,White Blood Cell Count,6,K/uL,4.5,11,N,Routine,2025-06-01 17:58,2025-06-01 18:15,2025-06-02 01:43
LAB736912,ENC115554,PT13626,HGB,Hemoglobin,12.7,g/dL,12,17.5,N,STAT,2025-06-01 17:35,2025-06-01 17:51,2025-06-01 18:37
LAB736913,ENC115556,PT11196,GLU,Glucose,112,mg/dL,70,99,H,Routine,2025-06-01 15:36,2025-06-01 15:59,2025-06-01 19:33
LAB736914,ENC115556,PT11196,CREAT,Creatinine,0.81,mg/dL,0.6,1.3,N,Routine,2025-06-01 16:34,2025-06-01 16:55,2025-06-01 19:25
LAB736915,ENC115556,PT11196,WBC,White Blood Cell Count,9.3,K/uL,4.5,11,N,Routine,2025-06-01 16:01,2025-06-01 16:26,2025-06-01 19:08
LAB736916,ENC115556,PT11196,HGB,Hemoglobin,11.8,g/dL,12,17.5,L,STAT,2025-06-01 15:37,2025-06-01 16:02,2025-06-01 16:41
LAB736917,ENC115558,PT12537,TROP,"Troponin I, High Sensitivity",7,ng/L,0,34,N,STAT,2025-06-01 17:21,2025-06-01 17:43,2025-06-01 18:27
LAB736918,ENC115559,PT10559,GLU,Glucose,115,mg/dL,70,99,H,STAT,2025-06-01 19:17,2025-06-01 19:35,2025-06-01 20:08
LAB736919,ENC115559,PT10559,CREAT,Creatinine,0.86,mg/dL,0.6,1.3,N,STAT,2025-06-01 18:58,2025-06-01 19:24,2025-06-01 20:11
LAB736920,ENC115559,PT10559,WBC,White Blood Cell Count,8.3,K/uL,4.5,11,N,STAT,2025-06-01 19:09,2025-06-01 19:32,2025-06-01 20:35
LAB736921,ENC115559,PT10559,HGB,Hemoglobin,11.3,g/dL,12,17.5,L,STAT,2025-06-01 19:03,2025-06-01 19:17,2025-06-01 19:56
LAB736922,ENC115561,PT12916,GLU,Glucose,416,mg/dL,70,99,H,STAT,2025-06-01 21:12,2025-06-01 21:25,2025-06-01 22:05
LAB736923,ENC115561,PT12916,CREAT,Creatinine,1.07,mg/dL,0.6,1.3,N,STAT,2025-06-01 20:35,2025-06-01 21:04,2025-06-01 22:09
LAB736924,ENC115561,PT12916,A1C,Hemoglobin A1c,12.5,%,4,5.6,H,STAT,2025-06-01 20:27,2025-06-01 21:02,2025-06-01 21:32
LAB736925,ENC115563,PT10146,GLU,Glucose,110,mg/dL,70,99,H,STAT,2025-06-02 05:49,2025-06-02 06:11,2025-06-02 06:53
LAB736926,ENC115563,PT10146,CREAT,Creatinine,0.76,mg/dL,0.6,1.3,N,STAT,2025-06-02 06:24,2025-06-02 06:44,2025-06-02 07:30
LAB736927,ENC115563,PT10146,WBC,White Blood Cell Count,6.3,K/uL,4.5,11,N,STAT,2025-06-02 06:23,2025-06-02 06:30,2025-06-02 07:09
LAB736928,ENC115563,PT10146,HGB,Hemoglobin,12.4,g/dL,12,17.5,N,STAT,2025-06-02 06:25,2025-06-02 06:52,2025-06-02 07:41
LAB736929,ENC115565,PT13739,GLU,Glucose,76,mg/dL,70,99,N,Routine,2025-06-02 04:12,2025-06-02 04:38,2025-06-02 07:50
LAB736930,ENC115565,PT13739,CREAT,Creatinine,2.33,mg/dL,0.6,1.3,H,STAT,2025-06-02 03:23,2025-06-02 03:55,2025-06-02 05:11
LAB736931,ENC115565,PT13739,WBC,White Blood Cell Count,4.7,K/uL,4.5,11,N,STAT,2025-06-02 03:36,2025-06-02 03:44,2025-06-02 04:35
LAB736932,ENC115565,PT13739,HGB,Hemoglobin,14,g/dL,12,17.5,N,STAT,2025-06-02 03:44,2025-06-02 03:54,2025-06-02 04:42
LAB736933,ENC115565,PT13739,NA,Sodium,138,mmol/L,136,145,N,STAT,2025-06-02 04:06,2025-06-02 04:20,2025-06-02 05:49
LAB736934,ENC115565,PT13739,K,Potassium,6.1,mmol/L,3.5,5.1,H,STAT,2025-06-02 03:06,2025-06-02 03:28,2025-06-02 04:07
LAB736935,ENC115566,PT13582,GLU,Glucose,120,mg/dL,70,99,H,Routine,2025-06-02 08:21,2025-06-02 08:44,2025-06-02 12:52
LAB736936,ENC115566,PT13582,CREAT,Creatinine,0.58,mg/dL,0.6,1.3,L,Routine,2025-06-02 08:19,2025-06-02 08:35,2025-06-02 10:10
LAB736937,ENC115566,PT13582,WBC,White Blood Cell Count,5.1,K/uL,4.5,11,N,Routine,2025-06-02 08:29,2025-06-02 08:53,2025-06-02 10:57
LAB736938,ENC115566,PT13582,HGB,Hemoglobin,13.2,g/dL,12,17.5,N,Routine,2025-06-02 09:01,2025-06-02 09:13,2025-06-02 11:52
LAB736939,ENC115566,PT13582,BUN,Blood Urea Nitrogen,11,mg/dL,7,20,N,STAT,2025-06-02 08:28,2025-06-02 08:49,2025-06-02 09:13
LAB736940,ENC115566,PT13582,PLT,Platelet Count,282,K/uL,150,400,N,Routine,2025-06-02 08:57,2025-06-02 09:24,2025-06-02 10:44
LAB736941,ENC115567,PT13212,WBC,White Blood Cell Count,4.9,K/uL,4.5,11,N,Routine,2025-06-02 08:30,2025-06-02 08:34,2025-06-02 12:05
LAB736942,ENC115567,PT13212,HGB,Hemoglobin,15.3,g/dL,12,17.5,N,Routine,2025-06-02 08:32,2025-06-02 08:39,2025-06-02 11:49
LAB736943,ENC115567,PT13212,PLT,Platelet Count,239,K/uL,150,400,N,Routine,2025-06-02 08:29,2025-06-02 09:04,2025-06-02 09:58
LAB736944,ENC115569,PT11871,GLU,Glucose,138,mg/dL,70,99,H,Routine,2025-06-02 12:01,2025-06-02 12:13,2025-06-02 14:07
LAB736945,ENC115569,PT11871,CREAT,Creatinine,0.98,mg/dL,0.6,1.3,N,Routine,2025-06-02 11:56,2025-06-02 12:05,2025-06-02 17:20
LAB736946,ENC115569,PT11871,WBC,White Blood Cell Count,15.4,K/uL,4.5,11,H,Routine,2025-06-02 12:12,2025-06-02 12:46,2025-06-02 14:31
LAB736947,ENC115569,PT11871,HGB,Hemoglobin,13.7,g/dL,12,17.5,N,Routine,2025-06-02 11:41,2025-06-02 12:00,2025-06-02 13:44
LAB736948,ENC115572,PT11201,A1C,Hemoglobin A1c,10.3,%,4,5.6,H,Routine,2025-06-02 10:45,2025-06-02 11:01,2025-06-03 02:32
LAB736949,ENC115572,PT11201,GLU,Glucose,89,mg/dL,70,99,N,Routine,2025-06-02 10:49,2025-06-02 11:09,2025-06-02 12:33
LAB736950,ENC115572,PT11201,CREAT,Creatinine,0.8,mg/dL,0.6,1.3,N,Routine,2025-06-02 10:46,2025-06-02 10:53,2025-06-02 12:57
LAB736951,ENC115573,PT13435,WBC,White Blood Cell Count,4.4,K/uL,4.5,11,L,Routine,2025-06-02 10:52,2025-06-02 11:13,2025-06-02 14:01
LAB736952,ENC115573,PT13435,HGB,Hemoglobin,13.5,g/dL,12,17.5,N,Routine,2025-06-02 10:58,2025-06-02 11:05,2025-06-02 15:33
LAB736953,ENC115573,PT13435,PLT,Platelet Count,314,K/uL,150,400,N,Routine,2025-06-02 10:48,2025-06-02 10:52,2025-06-02 16:07
LAB736954,ENC115576,PT11438,GLU,Glucose,74,mg/dL,70,99,N,STAT,2025-06-02 17:31,2025-06-02 17:50,2025-06-02 19:48
LAB736955,ENC115576,PT11438,CREAT,Creatinine,0.87,mg/dL,0.6,1.3,N,STAT,2025-06-02 17:29,2025-06-02 17:46,2025-06-02 19:13
LAB736956,ENC115576,PT11438,WBC,White Blood Cell Count,6.7,K/uL,4.5,11,N,STAT,2025-06-02 17:25,2025-06-02 17:43,2025-06-02 18:32
LAB736957,ENC115576,PT11438,HGB,Hemoglobin,14.6,g/dL,12,17.5,N,Routine,2025-06-02 16:48,2025-06-02 16:58,2025-06-02 17:42
LAB736958,ENC115576,PT11438,TROP,"Troponin I, High Sensitivity",108,ng/L,0,34,H,STAT,2025-06-02 16:37,2025-06-02 16:46,2025-06-02 17:38
LAB736959,ENC115577,PT13908,GLU,Glucose,100,mg/dL,70,99,H,STAT,2025-06-02 17:05,2025-06-02 17:19,2025-06-02 17:50
LAB736960,ENC115577,PT13908,CREAT,Creatinine,0.83,mg/dL,0.6,1.3,N,STAT,2025-06-02 17:31,2025-06-02 18:03,2025-06-02 18:36
LAB736961,ENC115577,PT13908,WBC,White Blood Cell Count,4.4,K/uL,4.5,11,L,Routine,2025-06-02 17:44,2025-06-02 17:59,2025-06-02 19:55
LAB736962,ENC115577,PT13908,HGB,Hemoglobin,14.4,g/dL,12,17.5,N,Routine,2025-06-02 17:06,2025-06-02 17:12,2025-06-02 21:58
LAB736963,ENC115577,PT13908,NA,Sodium,140,mmol/L,136,145,N,STAT,2025-06-02 17:29,2025-06-02 18:02,2025-06-02 19:13
LAB736964,ENC115577,PT13908,K,Potassium,4.3,mmol/L,3.5,5.1,N,STAT,2025-06-02 16:59,2025-06-02 17:23,2025-06-02 18:11
LAB736965,ENC115579,PT11995,GLU,Glucose,68,mg/dL,70,99,L,Routine,2025-06-02 16:40,2025-06-02 16:57,2025-06-02 18:43
LAB736966,ENC115579,PT11995,CREAT,Creatinine,0.9,mg/dL,0.6,1.3,N,STAT,2025-06-02 15:46,2025-06-02 16:07,2025-06-02 16:46
LAB736967,ENC115581,PT13250,GLU,Glucose,44,mg/dL,70,99,L,STAT,2025-06-02 22:18,2025-06-02 22:29,2025-06-02 23:37
LAB736968,ENC115581,PT13250,CREAT,Creatinine,0.81,mg/dL,0.6,1.3,N,Routine,2025-06-02 23:12,2025-06-02 23:35,2025-06-03 00:40
LAB736969,ENC115581,PT13250,WBC,White Blood Cell Count,5.6,K/uL,4.5,11,N,Routine,2025-06-02 23:06,2025-06-02 23:37,2025-06-03 02:52
LAB736970,ENC115581,PT13250,HGB,Hemoglobin,12.6,g/dL,12,17.5,N,Routine,2025-06-02 22:42,2025-06-02 23:04,2025-06-03 01:29
LAB736971,ENC115581,PT13250,NA,Sodium,144,mmol/L,136,145,N,Routine,2025-06-02 22:28,2025-06-02 23:03,2025-06-03 01:30
LAB736972,ENC115581,PT13250,K,Potassium,3.7,mmol/L,3.5,5.1,N,STAT,2025-06-02 22:58,2025-06-02 23:16,2025-06-03 00:14
LAB736973,ENC115581,PT13250,TROP,"Troponin I, High Sensitivity",53,ng/L,0,34,H,STAT,2025-06-02 23:03,2025-06-02 23:25,2025-06-03 00:34
LAB736974,ENC115581,PT13250,BNP,B-Type Natriuretic Peptide,388,pg/mL,0,100,H,STAT,2025-06-02 23:00,2025-06-02 23:29,2025-06-03 00:00
LAB736975,ENC115582,PT12917,GLU,Glucose,125,mg/dL,70,99,H,Routine,2025-06-03 01:36,2025-06-03 02:08,2025-06-03 07:58
LAB736976,ENC115582,PT12917,CREAT,Creatinine,1.32,mg/dL,0.6,1.3,H,STAT,2025-06-03 01:15,2025-06-03 01:21,2025-06-03 01:44
LAB736977,ENC115582,PT12917,WBC,White Blood Cell Count,6.7,K/uL,4.5,11,N,STAT,2025-06-03 01:39,2025-06-03 01:48,2025-06-03 02:51
LAB736978,ENC115582,PT12917,HGB,Hemoglobin,12.8,g/dL,12,17.5,N,STAT,2025-06-03 01:26,2025-06-03 01:36,2025-06-03 02:03
LAB736979,ENC115582,PT12917,NA,Sodium,142,mmol/L,136,145,N,Routine,2025-06-03 01:09,2025-06-03 01:31,2025-06-03 04:25
LAB736980,ENC115582,PT12917,K,Potassium,4.2,mmol/L,3.5,5.1,N,STAT,2025-06-03 01:36,2025-06-03 01:54,2025-06-03 02:24
LAB736981,ENC115584,PT11508,GLU,Glucose,100,mg/dL,70,99,H,STAT,2025-06-02 23:09,2025-06-02 23:30,2025-06-03 00:09
LAB736982,ENC115584,PT11508,CREAT,Creatinine,0.85,mg/dL,0.6,1.3,N,Routine,2025-06-02 22:55,2025-06-02 23:26,2025-06-03 03:08
LAB736983,ENC115584,PT11508,WBC,White Blood Cell Count,7.5,K/uL,4.5,11,N,Routine,2025-06-02 22:31,2025-06-02 23:02,2025-06-03 00:33
LAB736984,ENC115584,PT11508,HGB,Hemoglobin,13.2,g/dL,12,17.5,N,Routine,2025-06-02 22:08,2025-06-02 22:38,2025-06-03 07:28
LAB736985,ENC115584,PT11508,INR,Prothrombin Time INR,0.9,ratio,0.8,1.2,N,Routine,2025-06-02 23:07,2025-06-02 23:36,2025-06-03 05:20
LAB736986,ENC115586,PT11831,GLU,Glucose,220,mg/dL,70,99,H,STAT,2025-06-02 19:39,2025-06-02 20:05,2025-06-02 20:27
LAB736987,ENC115586,PT11831,CREAT,Creatinine,0.81,mg/dL,0.6,1.3,N,STAT,2025-06-02 20:13,2025-06-02 20:26,2025-06-02 21:04
LAB736988,ENC115586,PT11831,TROP,"Troponin I, High Sensitivity",6,ng/L,0,34,N,STAT,2025-06-02 20:08,2025-06-02 20:36,2025-06-02 21:51
LAB736989,ENC115587,PT10471,GLU,Glucose,112,mg/dL,70,99,H,STAT,2025-06-02 20:25,2025-06-02 20:39,2025-06-02 21:47
LAB736990,ENC115587,PT10471,CREAT,Creatinine,0.76,mg/dL,0.6,1.3,N,Routine,2025-06-02 20:16,2025-06-02 20:51,2025-06-03 00:54
LAB736991,ENC115587,PT10471,WBC,White Blood Cell Count,5.7,K/uL,4.5,11,N,STAT,2025-06-02 20:37,2025-06-02 20:58,2025-06-02 21:18
LAB736992,ENC115587,PT10471,HGB,Hemoglobin,13.3,g/dL,12,17.5,N,STAT,2025-06-02 20:13,2025-06-02 20:34,2025-06-02 20:57
LAB736993,ENC115589,PT13613,GLU,Glucose,88,mg/dL,70,99,N,Routine,2025-06-03 02:42,2025-06-03 02:51,2025-06-03 05:04
LAB736994,ENC115589,PT13613,CREAT,Creatinine,0.92,mg/dL,0.6,1.3,N,STAT,2025-06-03 02:10,2025-06-03 02:20,2025-06-03 04:01
LAB736995,ENC115589,PT13613,WBC,White Blood Cell Count,7.7,K/uL,4.5,11,N,Routine,2025-06-03 02:04,2025-06-03 02:26,2025-06-03 06:35
LAB736996,ENC115589,PT13613,HGB,Hemoglobin,14.1,g/dL,12,17.5,N,STAT,2025-06-03 02:27,2025-06-03 02:46,2025-06-03 03:20
LAB736997,ENC115590,PT11736,GLU,Glucose,97,mg/dL,70,99,N,STAT,2025-06-02 23:31,2025-06-02 23:43,2025-06-03 00:31
LAB736998,ENC115590,PT11736,CREAT,Creatinine,0.86,mg/dL,0.6,1.3,N,STAT,2025-06-02 23:17,2025-06-02 23:47,2025-06-03 00:19
LAB736999,ENC115590,PT11736,WBC,White Blood Cell Count,6.7,K/uL,4.5,11,N,STAT,2025-06-02 23:27,2025-06-02 23:43,2025-06-03 00:41
LAB737000,ENC115590,PT11736,HGB,Hemoglobin,7.2,g/dL,12,17.5,L,STAT,2025-06-02 22:41,2025-06-02 23:13,2025-06-03 00:14
LAB737001,ENC115590,PT11736,LACT,Lactate,3.7,mmol/L,0.5,2,H,STAT,2025-06-02 23:17,2025-06-02 23:40,2025-06-03 00:19
LAB737002,ENC115590,PT11736,INR,Prothrombin Time INR,1.2,ratio,0.8,1.2,N,STAT,2025-06-02 23:14,2025-06-02 23:49,2025-06-03 00:39
LAB737003,ENC115591,PT12844,GLU,Glucose,109,mg/dL,70,99,H,Routine,2025-06-02 21:19,2025-06-02 21:23,2025-06-02 23:33
LAB737004,ENC115591,PT12844,CREAT,Creatinine,1.09,mg/dL,0.6,1.3,N,STAT,2025-06-02 20:38,2025-06-02 20:43,2025-06-02 22:11
LAB737005,ENC115591,PT12844,WBC,White Blood Cell Count,6.8,K/uL,4.5,11,N,Routine,2025-06-02 21:48,2025-06-02 22:01,2025-06-03 01:42
LAB737006,ENC115591,PT12844,HGB,Hemoglobin,15.4,g/dL,12,17.5,N,STAT,2025-06-02 21:05,2025-06-02 21:37,2025-06-02 22:03
LAB737007,ENC115594,PT13829,GLU,Glucose,90,mg/dL,70,99,N,STAT,2025-06-03 10:34,2025-06-03 11:00,2025-06-03 11:27
LAB737008,ENC115594,PT13829,CREAT,Creatinine,0.92,mg/dL,0.6,1.3,N,STAT,2025-06-03 10:40,2025-06-03 11:14,2025-06-03 11:57
LAB737009,ENC115594,PT13829,WBC,White Blood Cell Count,14.2,K/uL,4.5,11,H,STAT,2025-06-03 11:11,2025-06-03 11:21,2025-06-03 12:33
LAB737010,ENC115594,PT13829,HGB,Hemoglobin,10.6,g/dL,12,17.5,L,STAT,2025-06-03 10:47,2025-06-03 11:11,2025-06-03 12:42
LAB737011,ENC115595,PT13631,GLU,Glucose,94,mg/dL,70,99,N,STAT,2025-06-03 11:12,2025-06-03 11:36,2025-06-03 12:12
LAB737012,ENC115595,PT13631,CREAT,Creatinine,0.8,mg/dL,0.6,1.3,N,Routine,2025-06-03 11:05,2025-06-03 11:15,2025-06-03 12:12
LAB737013,ENC115595,PT13631,WBC,White Blood Cell Count,11.3,K/uL,4.5,11,H,Routine,2025-06-03 11:34,2025-06-03 11:49,2025-06-03 13:09
LAB737014,ENC115595,PT13631,HGB,Hemoglobin,15.2,g/dL,12,17.5,N,STAT,2025-06-03 11:38,2025-06-03 11:45,2025-06-03 12:43
LAB737015,ENC115596,PT12316,GLU,Glucose,102,mg/dL,70,99,H,STAT,2025-06-03 08:15,2025-06-03 08:49,2025-06-03 09:57
LAB737016,ENC115596,PT12316,CREAT,Creatinine,0.76,mg/dL,0.6,1.3,N,Routine,2025-06-03 08:08,2025-06-03 08:26,2025-06-03 09:51
LAB737017,ENC115596,PT12316,WBC,White Blood Cell Count,6.1,K/uL,4.5,11,N,Routine,2025-06-03 09:01,2025-06-03 09:14,2025-06-03 10:24
LAB737018,ENC115596,PT12316,HGB,Hemoglobin,15.5,g/dL,12,17.5,N,Routine,2025-06-03 08:54,2025-06-03 09:25,2025-06-03 10:58
LAB737019,ENC115598,PT11619,WBC,White Blood Cell Count,7.2,K/uL,4.5,11,N,Routine,2025-06-03 08:33,2025-06-03 08:39,2025-06-03 12:16
LAB737020,ENC115598,PT11619,HGB,Hemoglobin,18,g/dL,12,17.5,H,Routine,2025-06-03 08:38,2025-06-03 08:50,2025-06-03 10:16
LAB737021,ENC115598,PT11619,PLT,Platelet Count,263,K/uL,150,400,N,Routine,2025-06-03 08:34,2025-06-03 08:54,2025-06-03 10:39
LAB737022,ENC115600,PT12455,WBC,White Blood Cell Count,8.6,K/uL,4.5,11,N,Routine,2025-06-03 08:38,2025-06-03 09:00,2025-06-03 11:40
LAB737023,ENC115600,PT12455,HGB,Hemoglobin,10.8,g/dL,12,17.5,L,Routine,2025-06-03 09:00,2025-06-03 09:18,2025-06-03 16:11
LAB737024,ENC115600,PT12455,PLT,Platelet Count,316,K/uL,150,400,N,Routine,2025-06-03 08:39,2025-06-03 09:09,2025-06-03 11:27
LAB737025,ENC115604,PT12442,GLU,Glucose,86,mg/dL,70,99,N,STAT,2025-06-03 13:36,2025-06-03 13:47,2025-06-03 14:26
LAB737026,ENC115604,PT12442,CREAT,Creatinine,0.98,mg/dL,0.6,1.3,N,STAT,2025-06-03 13:47,2025-06-03 14:09,2025-06-03 14:53
LAB737027,ENC115604,PT12442,WBC,White Blood Cell Count,12.1,K/uL,4.5,11,H,STAT,2025-06-03 14:43,2025-06-03 14:55,2025-06-03 16:01
LAB737028,ENC115604,PT12442,HGB,Hemoglobin,13.3,g/dL,12,17.5,N,Routine,2025-06-03 14:05,2025-06-03 14:36,2025-06-03 16:56
LAB737029,ENC115605,PT12807,GLU,Glucose,113,mg/dL,70,99,H,Routine,2025-06-03 11:36,2025-06-03 12:03,2025-06-03 13:30
LAB737030,ENC115605,PT12807,CREAT,Creatinine,0.46,mg/dL,0.6,1.3,L,Routine,2025-06-03 11:22,2025-06-03 11:43,2025-06-03 12:48
LAB737031,ENC115605,PT12807,WBC,White Blood Cell Count,5.7,K/uL,4.5,11,N,Routine,2025-06-03 11:43,2025-06-03 11:54,2025-06-03 13:49
LAB737032,ENC115606,PT11269,LDL,LDL Cholesterol,124,mg/dL,0,99,H,Routine,2025-06-03 13:24,2025-06-03 13:42,2025-06-04 01:32
LAB737033,ENC115607,PT10941,A1C,Hemoglobin A1c,8.9,%,4,5.6,H,Routine,2025-06-03 13:44,2025-06-03 14:01,2025-06-04 07:46
LAB737034,ENC115607,PT10941,GLU,Glucose,338,mg/dL,70,99,H,Routine,2025-06-03 13:29,2025-06-03 14:01,2025-06-03 18:14
LAB737035,ENC115607,PT10941,CREAT,Creatinine,0.88,mg/dL,0.6,1.3,N,Routine,2025-06-03 13:37,2025-06-03 13:58,2025-06-03 18:28
LAB737036,ENC115609,PT10051,GLU,Glucose,101,mg/dL,70,99,H,Routine,2025-06-03 18:00,2025-06-03 18:21,2025-06-04 00:26
LAB737037,ENC115609,PT10051,CREAT,Creatinine,0.79,mg/dL,0.6,1.3,N,Routine,2025-06-03 18:34,2025-06-03 18:49,2025-06-03 22:39
LAB737038,ENC115609,PT10051,WBC,White Blood Cell Count,5.1,K/uL,4.5,11,N,STAT,2025-06-03 18:39,2025-06-03 19:13,2025-06-03 19:45
LAB737039,ENC115609,PT10051,HGB,Hemoglobin,15.4,g/dL,12,17.5,N,Routine,2025-06-03 18:01,2025-06-03 18:26,2025-06-03 20:04
LAB737040,ENC115612,PT13569,LDL,LDL Cholesterol,104,mg/dL,0,99,H,Routine,2025-06-03 15:15,2025-06-03 15:27,2025-06-03 22:38
LAB737041,ENC115612,PT13569,A1C,Hemoglobin A1c,5.4,%,4,5.6,N,Routine,2025-06-03 15:08,2025-06-03 15:25,2025-06-04 04:22
LAB737042,ENC115613,PT13909,GLU,Glucose,86,mg/dL,70,99,N,Routine,2025-06-03 16:37,2025-06-03 17:04,2025-06-03 19:35
LAB737043,ENC115613,PT13909,CREAT,Creatinine,0.86,mg/dL,0.6,1.3,N,Routine,2025-06-03 17:32,2025-06-03 17:56,2025-06-03 20:27
LAB737044,ENC115613,PT13909,WBC,White Blood Cell Count,6.1,K/uL,4.5,11,N,Routine,2025-06-03 16:36,2025-06-03 16:41,2025-06-03 19:06
LAB737045,ENC115613,PT13909,HGB,Hemoglobin,13.6,g/dL,12,17.5,N,Routine,2025-06-03 17:04,2025-06-03 17:16,2025-06-03 19:02
LAB737046,ENC115613,PT13909,TROP,"Troponin I, High Sensitivity",7,ng/L,0,34,N,STAT,2025-06-03 16:27,2025-06-03 16:49,2025-06-03 17:35
LAB737047,ENC115614,PT13445,LDL,LDL Cholesterol,118,mg/dL,0,99,H,Routine,2025-06-03 15:41,2025-06-03 15:48,2025-06-04 02:53
LAB737048,ENC115615,PT13690,GLU,Glucose,111,mg/dL,70,99,H,Routine,2025-06-03 16:16,2025-06-03 16:27,2025-06-03 18:50
LAB737049,ENC115615,PT13690,CREAT,Creatinine,1.1,mg/dL,0.6,1.3,N,Routine,2025-06-03 16:11,2025-06-03 16:46,2025-06-03 17:31
LAB737050,ENC115615,PT13690,WBC,White Blood Cell Count,8.1,K/uL,4.5,11,N,STAT,2025-06-03 15:52,2025-06-03 16:02,2025-06-03 16:56
LAB737051,ENC115615,PT13690,HGB,Hemoglobin,12.1,g/dL,12,17.5,N,STAT,2025-06-03 16:10,2025-06-03 16:40,2025-06-03 17:37
LAB737052,ENC115619,PT10074,GLU,Glucose,106,mg/dL,70,99,H,STAT,2025-06-03 17:50,2025-06-03 18:21,2025-06-03 19:13
LAB737053,ENC115619,PT10074,CREAT,Creatinine,3,mg/dL,0.6,1.3,H,Routine,2025-06-03 18:28,2025-06-03 18:46,2025-06-03 21:54
LAB737054,ENC115619,PT10074,WBC,White Blood Cell Count,6.9,K/uL,4.5,11,N,STAT,2025-06-03 18:31,2025-06-03 18:52,2025-06-03 19:48
LAB737055,ENC115619,PT10074,HGB,Hemoglobin,10.6,g/dL,12,17.5,L,Routine,2025-06-03 18:15,2025-06-03 18:21,2025-06-03 20:26
LAB737056,ENC115619,PT10074,NA,Sodium,144,mmol/L,136,145,N,STAT,2025-06-03 18:10,2025-06-03 18:22,2025-06-03 19:19
LAB737057,ENC115619,PT10074,K,Potassium,6.7,mmol/L,3.5,5.1,HH,STAT,2025-06-03 18:31,2025-06-03 19:00,2025-06-03 19:23
LAB737058,ENC115620,PT12434,GLU,Glucose,136,mg/dL,70,99,H,Routine,2025-06-03 18:52,2025-06-03 19:09,2025-06-03 23:34
LAB737059,ENC115620,PT12434,CREAT,Creatinine,0.79,mg/dL,0.6,1.3,N,STAT,2025-06-03 18:40,2025-06-03 19:08,2025-06-03 20:17
LAB737060,ENC115620,PT12434,WBC,White Blood Cell Count,10,K/uL,4.5,11,N,STAT,2025-06-03 19:19,2025-06-03 19:53,2025-06-03 21:05
LAB737061,ENC115620,PT12434,TROP,"Troponin I, High Sensitivity",32,ng/L,0,34,N,STAT,2025-06-03 19:12,2025-06-03 19:37,2025-06-03 20:26
LAB737062,ENC115620,PT12434,BNP,B-Type Natriuretic Peptide,1029,pg/mL,0,100,H,Routine,2025-06-03 18:24,2025-06-03 18:56,2025-06-03 21:43
LAB737063,ENC115621,PT11011,GLU,Glucose,68,mg/dL,70,99,L,STAT,2025-06-03 19:36,2025-06-03 20:07,2025-06-03 21:18
LAB737064,ENC115621,PT11011,CREAT,Creatinine,1.02,mg/dL,0.6,1.3,N,Routine,2025-06-03 19:57,2025-06-03 20:30,2025-06-03 23:29
LAB737065,ENC115621,PT11011,WBC,White Blood Cell Count,7.1,K/uL,4.5,11,N,Routine,2025-06-03 19:20,2025-06-03 19:44,2025-06-03 22:35
LAB737066,ENC115621,PT11011,HGB,Hemoglobin,12.1,g/dL,12,17.5,N,Routine,2025-06-03 19:31,2025-06-03 19:59,2025-06-04 03:55
LAB737067,ENC115624,PT11531,GLU,Glucose,105,mg/dL,70,99,H,Routine,2025-06-04 05:26,2025-06-04 05:50,2025-06-04 07:49
LAB737068,ENC115624,PT11531,CREAT,Creatinine,1.11,mg/dL,0.6,1.3,N,STAT,2025-06-04 04:48,2025-06-04 05:21,2025-06-04 07:23
LAB737069,ENC115624,PT11531,WBC,White Blood Cell Count,8.9,K/uL,4.5,11,N,STAT,2025-06-04 05:44,2025-06-04 06:17,2025-06-04 06:54
LAB737070,ENC115624,PT11531,HGB,Hemoglobin,10.8,g/dL,12,17.5,L,Routine,2025-06-04 04:55,2025-06-04 05:17,2025-06-04 06:50
LAB737071,ENC115624,PT11531,NA,Sodium,140,mmol/L,136,145,N,Routine,2025-06-04 04:45,2025-06-04 05:19,2025-06-04 07:41
LAB737072,ENC115624,PT11531,K,Potassium,4.2,mmol/L,3.5,5.1,N,STAT,2025-06-04 04:50,2025-06-04 05:24,2025-06-04 06:14
LAB737073,ENC115624,PT11531,INR,Prothrombin Time INR,0.9,ratio,0.8,1.2,N,Routine,2025-06-04 05:32,2025-06-04 05:55,2025-06-04 10:49
LAB737074,ENC115625,PT11028,GLU,Glucose,104,mg/dL,70,99,H,Routine,2025-06-04 05:20,2025-06-04 05:27,2025-06-04 07:29
LAB737075,ENC115625,PT11028,CREAT,Creatinine,0.7,mg/dL,0.6,1.3,N,Routine,2025-06-04 05:16,2025-06-04 05:35,2025-06-04 09:11
LAB737076,ENC115625,PT11028,TROP,"Troponin I, High Sensitivity",11,ng/L,0,34,N,STAT,2025-06-04 05:09,2025-06-04 05:43,2025-06-04 06:33
LAB737077,ENC115628,PT11628,GLU,Glucose,139,mg/dL,70,99,H,STAT,2025-06-04 12:31,2025-06-04 13:01,2025-06-04 14:22
LAB737078,ENC115628,PT11628,CREAT,Creatinine,3.29,mg/dL,0.6,1.3,H,Routine,2025-06-04 12:33,2025-06-04 12:45,2025-06-04 14:08
LAB737079,ENC115628,PT11628,WBC,White Blood Cell Count,8.5,K/uL,4.5,11,N,STAT,2025-06-04 12:36,2025-06-04 13:01,2025-06-04 13:52
LAB737080,ENC115628,PT11628,HGB,Hemoglobin,11,g/dL,12,17.5,L,STAT,2025-06-04 12:23,2025-06-04 12:53,2025-06-04 13:25
LAB737081,ENC115628,PT11628,NA,Sodium,143,mmol/L,136,145,N,Routine,2025-06-04 12:34,2025-06-04 12:43,2025-06-04 15:06
LAB737082,ENC115628,PT11628,K,Potassium,4.2,mmol/L,3.5,5.1,N,STAT,2025-06-04 12:19,2025-06-04 12:44,2025-06-04 13:15
LAB737083,ENC115630,PT12633,GLU,Glucose,112,mg/dL,70,99,H,Routine,2025-06-04 12:46,2025-06-04 13:21,2025-06-04 20:33
LAB737084,ENC115630,PT12633,CREAT,Creatinine,0.71,mg/dL,0.6,1.3,N,STAT,2025-06-04 12:55,2025-06-04 13:05,2025-06-04 14:57
LAB737085,ENC115630,PT12633,WBC,White Blood Cell Count,8.5,K/uL,4.5,11,N,Routine,2025-06-04 13:02,2025-06-04 13:13,2025-06-04 16:30
LAB737086,ENC115630,PT12633,HGB,Hemoglobin,13.4,g/dL,12,17.5,N,Routine,2025-06-04 13:15,2025-06-04 13:32,2025-06-04 15:53
LAB737087,ENC115631,PT11993,WBC,White Blood Cell Count,8.6,K/uL,4.5,11,N,Routine,2025-06-04 09:52,2025-06-04 10:27,2025-06-04 13:11
LAB737088,ENC115631,PT11993,HGB,Hemoglobin,15.7,g/dL,12,17.5,N,Routine,2025-06-04 10:03,2025-06-04 10:34,2025-06-04 12:50
LAB737089,ENC115631,PT11993,PLT,Platelet Count,225,K/uL,150,400,N,Routine,2025-06-04 09:51,2025-06-04 09:57,2025-06-04 14:27
LAB737090,ENC115633,PT10260,GLU,Glucose,104,mg/dL,70,99,H,STAT,2025-06-04 11:37,2025-06-04 11:41,2025-06-04 12:40
LAB737091,ENC115633,PT10260,CREAT,Creatinine,0.83,mg/dL,0.6,1.3,N,STAT,2025-06-04 11:04,2025-06-04 11:39,2025-06-04 12:17
LAB737092,ENC115634,PT13007,GLU,Glucose,125,mg/dL,70,99,H,Routine,2025-06-04 11:57,2025-06-04 12:03,2025-06-04 14:07
LAB737093,ENC115634,PT13007,CREAT,Creatinine,0.94,mg/dL,0.6,1.3,N,STAT,2025-06-04 11:55,2025-06-04 12:16,2025-06-04 13:14
LAB737094,ENC115635,PT10170,GLU,Glucose,83,mg/dL,70,99,N,STAT,2025-06-04 16:21,2025-06-04 16:33,2025-06-04 17:24
LAB737095,ENC115635,PT10170,CREAT,Creatinine,1.1,mg/dL,0.6,1.3,N,Routine,2025-06-04 15:55,2025-06-04 16:28,2025-06-04 19:19
LAB737096,ENC115635,PT10170,WBC,White Blood Cell Count,8,K/uL,4.5,11,N,STAT,2025-06-04 16:11,2025-06-04 16:28,2025-06-04 16:51
LAB737097,ENC115635,PT10170,HGB,Hemoglobin,11.3,g/dL,12,17.5,L,STAT,2025-06-04 15:48,2025-06-04 16:12,2025-06-04 16:48
LAB737098,ENC115635,PT10170,BUN,Blood Urea Nitrogen,20,mg/dL,7,20,N,STAT,2025-06-04 16:04,2025-06-04 16:28,2025-06-04 17:22
LAB737099,ENC115635,PT10170,PLT,Platelet Count,294,K/uL,150,400,N,STAT,2025-06-04 15:47,2025-06-04 16:08,2025-06-04 16:33
LAB737100,ENC115635,PT10170,TROP,"Troponin I, High Sensitivity",87,ng/L,0,34,H,STAT,2025-06-04 16:28,2025-06-04 16:43,2025-06-04 17:38
LAB737101,ENC115635,PT10170,BNP,B-Type Natriuretic Peptide,3398,pg/mL,0,100,H,STAT,2025-06-04 16:10,2025-06-04 16:43,2025-06-04 17:29
LAB737102,ENC115636,PT13769,LDL,LDL Cholesterol,169,mg/dL,0,99,H,Routine,2025-06-04 11:24,2025-06-04 11:57,2025-06-05 02:25
LAB737103,ENC115640,PT10243,GLU,Glucose,237,mg/dL,70,99,H,Routine,2025-06-04 15:22,2025-06-04 15:56,2025-06-04 20:46
LAB737104,ENC115640,PT10243,CREAT,Creatinine,5.47,mg/dL,0.6,1.3,H,Routine,2025-06-04 16:02,2025-06-04 16:33,2025-06-04 20:28
LAB737105,ENC115640,PT10243,WBC,White Blood Cell Count,8.6,K/uL,4.5,11,N,STAT,2025-06-04 15:39,2025-06-04 15:53,2025-06-04 16:33
LAB737106,ENC115640,PT10243,HGB,Hemoglobin,15.7,g/dL,12,17.5,N,Routine,2025-06-04 16:15,2025-06-04 16:39,2025-06-04 18:14
LAB737107,ENC115640,PT10243,NA,Sodium,143,mmol/L,136,145,N,Routine,2025-06-04 15:56,2025-06-04 16:14,2025-06-04 17:11
LAB737108,ENC115640,PT10243,K,Potassium,4.4,mmol/L,3.5,5.1,N,STAT,2025-06-04 16:19,2025-06-04 16:31,2025-06-04 17:13
LAB737109,ENC115641,PT12012,A1C,Hemoglobin A1c,11,%,4,5.6,H,Routine,2025-06-04 13:40,2025-06-04 13:56,2025-06-04 23:33
LAB737110,ENC115641,PT12012,GLU,Glucose,160,mg/dL,70,99,H,Routine,2025-06-04 13:39,2025-06-04 13:43,2025-06-04 18:25
LAB737111,ENC115641,PT12012,CREAT,Creatinine,1.06,mg/dL,0.6,1.3,N,Routine,2025-06-04 13:39,2025-06-04 13:52,2025-06-04 14:44
LAB737112,ENC115642,PT12144,GLU,Glucose,138,mg/dL,70,99,H,STAT,2025-06-04 14:23,2025-06-04 14:37,2025-06-04 16:11
LAB737113,ENC115642,PT12144,CREAT,Creatinine,2.22,mg/dL,0.6,1.3,H,STAT,2025-06-04 14:19,2025-06-04 14:29,2025-06-04 15:49
LAB737114,ENC115642,PT12144,WBC,White Blood Cell Count,8.6,K/uL,4.5,11,N,STAT,2025-06-04 14:22,2025-06-04 14:48,2025-06-04 15:10
LAB737115,ENC115643,PT10975,GLU,Glucose,173,mg/dL,70,99,H,Routine,2025-06-04 14:11,2025-06-04 14:17,2025-06-04 16:38
LAB737116,ENC115643,PT10975,CREAT,Creatinine,0.8,mg/dL,0.6,1.3,N,STAT,2025-06-04 14:35,2025-06-04 14:49,2025-06-04 15:09
LAB737117,ENC115643,PT10975,TROP,"Troponin I, High Sensitivity",15,ng/L,0,34,N,STAT,2025-06-04 14:17,2025-06-04 14:28,2025-06-04 15:12
LAB737118,ENC115645,PT12879,GLU,Glucose,92,mg/dL,70,99,N,Routine,2025-06-04 19:03,2025-06-04 19:27,2025-06-04 21:00
LAB737119,ENC115645,PT12879,CREAT,Creatinine,0.45,mg/dL,0.6,1.3,L,STAT,2025-06-04 18:30,2025-06-04 18:58,2025-06-04 19:53
LAB737120,ENC115645,PT12879,WBC,White Blood Cell Count,5.7,K/uL,4.5,11,N,STAT,2025-06-04 18:32,2025-06-04 18:55,2025-06-04 20:09
LAB737121,ENC115645,PT12879,HGB,Hemoglobin,9,g/dL,12,17.5,L,STAT,2025-06-04 18:35,2025-06-04 19:03,2025-06-04 19:40
LAB737122,ENC115645,PT12879,NA,Sodium,138,mmol/L,136,145,N,STAT,2025-06-04 18:55,2025-06-04 19:09,2025-06-04 19:54
LAB737123,ENC115645,PT12879,K,Potassium,4.5,mmol/L,3.5,5.1,N,STAT,2025-06-04 18:11,2025-06-04 18:25,2025-06-04 19:36
LAB737124,ENC115645,PT12879,INR,Prothrombin Time INR,1.1,ratio,0.8,1.2,N,Routine,2025-06-04 18:26,2025-06-04 18:52,2025-06-04 21:28
LAB737125,ENC115646,PT12093,A1C,Hemoglobin A1c,10.8,%,4,5.6,H,Routine,2025-06-04 14:39,2025-06-04 14:56,2025-06-05 03:54
LAB737126,ENC115648,PT11232,LDL,LDL Cholesterol,113,mg/dL,0,99,H,Routine,2025-06-04 14:48,2025-06-04 14:56,2025-06-04 21:29
LAB737127,ENC115648,PT11232,A1C,Hemoglobin A1c,6.6,%,4,5.6,H,Routine,2025-06-04 14:54,2025-06-04 15:23,2025-06-05 06:03
LAB737128,ENC115649,PT12484,TROP,"Troponin I, High Sensitivity",3,ng/L,0,34,N,STAT,2025-06-04 15:11,2025-06-04 15:39,2025-06-04 16:44
LAB737129,ENC115650,PT12898,LDL,LDL Cholesterol,93,mg/dL,0,99,N,Routine,2025-06-04 14:55,2025-06-04 15:17,2025-06-05 10:33
LAB737130,ENC115650,PT12898,TSH,Thyroid Stimulating Hormone,2.42,mIU/L,0.4,4,N,Routine,2025-06-04 15:10,2025-06-04 15:30,2025-06-05 01:57
LAB737131,ENC115651,PT10882,GLU,Glucose,97,mg/dL,70,99,N,Routine,2025-06-04 16:26,2025-06-04 16:54,2025-06-04 18:43
LAB737132,ENC115651,PT10882,CREAT,Creatinine,0.98,mg/dL,0.6,1.3,N,Routine,2025-06-04 16:12,2025-06-04 16:18,2025-06-04 18:35
LAB737133,ENC115651,PT10882,WBC,White Blood Cell Count,13.8,K/uL,4.5,11,H,STAT,2025-06-04 16:04,2025-06-04 16:13,2025-06-04 16:31
LAB737134,ENC115651,PT10882,HGB,Hemoglobin,13.5,g/dL,12,17.5,N,STAT,2025-06-04 16:19,2025-06-04 16:35,2025-06-04 17:05
LAB737135,ENC115651,PT10882,BUN,Blood Urea Nitrogen,11,mg/dL,7,20,N,STAT,2025-06-04 16:06,2025-06-04 16:19,2025-06-04 16:43
LAB737136,ENC115651,PT10882,PLT,Platelet Count,320,K/uL,150,400,N,Routine,2025-06-04 16:01,2025-06-04 16:30,2025-06-04 19:43
LAB737137,ENC115652,PT11948,A1C,Hemoglobin A1c,6.3,%,4,5.6,H,Routine,2025-06-04 15:41,2025-06-04 16:15,2025-06-05 03:45
LAB737138,ENC115652,PT11948,GLU,Glucose,159,mg/dL,70,99,H,Routine,2025-06-04 15:33,2025-06-04 16:02,2025-06-04 18:18
LAB737139,ENC115652,PT11948,CREAT,Creatinine,1.06,mg/dL,0.6,1.3,N,Routine,2025-06-04 15:35,2025-06-04 16:01,2025-06-04 18:52
LAB737140,ENC115653,PT13311,A1C,Hemoglobin A1c,10.6,%,4,5.6,H,STAT,2025-06-04 16:07,2025-06-04 16:42,2025-06-04 17:44
LAB737141,ENC115657,PT12313,GLU,Glucose,100,mg/dL,70,99,H,STAT,2025-06-04 22:36,2025-06-04 23:09,2025-06-04 23:34
LAB737142,ENC115657,PT12313,CREAT,Creatinine,1.01,mg/dL,0.6,1.3,N,Routine,2025-06-04 22:09,2025-06-04 22:29,2025-06-05 00:32
LAB737143,ENC115657,PT12313,WBC,White Blood Cell Count,7.1,K/uL,4.5,11,N,STAT,2025-06-04 22:13,2025-06-04 22:39,2025-06-04 23:19
LAB737144,ENC115657,PT12313,HGB,Hemoglobin,13.4,g/dL,12,17.5,N,STAT,2025-06-04 22:08,2025-06-04 22:13,2025-06-04 23:05
LAB737145,ENC115658,PT11716,GLU,Glucose,102,mg/dL,70,99,H,STAT,2025-06-04 23:13,2025-06-04 23:18,2025-06-05 00:02
LAB737146,ENC115658,PT11716,CREAT,Creatinine,0.83,mg/dL,0.6,1.3,N,STAT,2025-06-04 23:04,2025-06-04 23:09,2025-06-04 23:42
LAB737147,ENC115658,PT11716,WBC,White Blood Cell Count,8.1,K/uL,4.5,11,N,STAT,2025-06-04 23:07,2025-06-04 23:22,2025-06-05 00:38
LAB737148,ENC115658,PT11716,HGB,Hemoglobin,12.6,g/dL,12,17.5,N,STAT,2025-06-04 23:02,2025-06-04 23:36,2025-06-04 23:59
LAB737149,ENC115658,PT11716,INR,Prothrombin Time INR,1,ratio,0.8,1.2,N,STAT,2025-06-04 23:47,2025-06-05 00:07,2025-06-05 01:31
LAB737150,ENC115660,PT13529,TROP,"Troponin I, High Sensitivity",5,ng/L,0,34,N,STAT,2025-06-04 21:18,2025-06-04 21:48,2025-06-04 22:26
LAB737151,ENC115661,PT13778,GLU,Glucose,141,mg/dL,70,99,H,STAT,2025-06-05 03:09,2025-06-05 03:35,2025-06-05 03:58
LAB737152,ENC115661,PT13778,CREAT,Creatinine,1.03,mg/dL,0.6,1.3,N,Routine,2025-06-05 02:39,2025-06-05 03:04,2025-06-05 10:28
LAB737153,ENC115661,PT13778,WBC,White Blood Cell Count,8.8,K/uL,4.5,11,N,Routine,2025-06-05 02:45,2025-06-05 02:49,2025-06-05 05:09
LAB737154,ENC115661,PT13778,HGB,Hemoglobin,13.2,g/dL,12,17.5,N,STAT,2025-06-05 02:47,2025-06-05 02:52,2025-06-05 03:47
LAB737155,ENC115663,PT13146,GLU,Glucose,94,mg/dL,70,99,N,STAT,2025-06-05 07:48,2025-06-05 08:21,2025-06-05 08:51
LAB737156,ENC115663,PT13146,CREAT,Creatinine,1.19,mg/dL,0.6,1.3,N,STAT,2025-06-05 07:36,2025-06-05 08:02,2025-06-05 08:35
LAB737157,ENC115663,PT13146,WBC,White Blood Cell Count,9.1,K/uL,4.5,11,N,STAT,2025-06-05 07:05,2025-06-05 07:21,2025-06-05 08:03
LAB737158,ENC115663,PT13146,HGB,Hemoglobin,12.2,g/dL,12,17.5,N,STAT,2025-06-05 06:51,2025-06-05 07:26,2025-06-05 08:47
LAB737159,ENC115665,PT12959,GLU,Glucose,96,mg/dL,70,99,N,STAT,2025-06-05 08:28,2025-06-05 08:59,2025-06-05 11:25
LAB737160,ENC115665,PT12959,CREAT,Creatinine,1.53,mg/dL,0.6,1.3,H,Routine,2025-06-05 08:33,2025-06-05 08:41,2025-06-05 10:09
LAB737161,ENC115666,PT11724,GLU,Glucose,114,mg/dL,70,99,H,Routine,2025-06-05 08:46,2025-06-05 09:20,2025-06-05 12:21
LAB737162,ENC115666,PT11724,CREAT,Creatinine,0.9,mg/dL,0.6,1.3,N,STAT,2025-06-05 08:50,2025-06-05 09:24,2025-06-05 10:12
LAB737163,ENC115666,PT11724,WBC,White Blood Cell Count,9.2,K/uL,4.5,11,N,Routine,2025-06-05 07:45,2025-06-05 08:02,2025-06-05 10:15
LAB737164,ENC115666,PT11724,HGB,Hemoglobin,14.3,g/dL,12,17.5,N,STAT,2025-06-05 08:24,2025-06-05 08:57,2025-06-05 10:07
LAB737165,ENC115666,PT11724,NA,Sodium,140,mmol/L,136,145,N,STAT,2025-06-05 08:14,2025-06-05 08:18,2025-06-05 08:58
LAB737166,ENC115666,PT11724,K,Potassium,3.5,mmol/L,3.5,5.1,N,STAT,2025-06-05 08:04,2025-06-05 08:26,2025-06-05 09:31
LAB737167,ENC115668,PT11506,LDL,LDL Cholesterol,165,mg/dL,0,99,H,Routine,2025-06-05 08:42,2025-06-05 08:55,2025-06-05 18:06
LAB737168,ENC115669,PT10772,GLU,Glucose,96,mg/dL,70,99,N,STAT,2025-06-05 10:38,2025-06-05 10:58,2025-06-05 12:00
LAB737169,ENC115669,PT10772,CREAT,Creatinine,2.76,mg/dL,0.6,1.3,H,Routine,2025-06-05 10:59,2025-06-05 11:29,2025-06-05 13:06
LAB737170,ENC115669,PT10772,WBC,White Blood Cell Count,8.1,K/uL,4.5,11,N,STAT,2025-06-05 10:02,2025-06-05 10:06,2025-06-05 11:35
LAB737171,ENC115669,PT10772,HGB,Hemoglobin,10.3,g/dL,12,17.5,L,STAT,2025-06-05 10:39,2025-06-05 10:45,2025-06-05 11:35
LAB737172,ENC115669,PT10772,NA,Sodium,143,mmol/L,136,145,N,STAT,2025-06-05 10:23,2025-06-05 10:41,2025-06-05 11:08
LAB737173,ENC115669,PT10772,K,Potassium,4.9,mmol/L,3.5,5.1,N,STAT,2025-06-05 10:52,2025-06-05 10:57,2025-06-05 12:04
LAB737174,ENC115669,PT10772,BUN,Blood Urea Nitrogen,12,mg/dL,7,20,N,Routine,2025-06-05 10:59,2025-06-05 11:26,2025-06-05 15:11
LAB737175,ENC115669,PT10772,PLT,Platelet Count,183,K/uL,150,400,N,STAT,2025-06-05 10:13,2025-06-05 10:31,2025-06-05 11:21
LAB737176,ENC115671,PT12345,WBC,White Blood Cell Count,9.1,K/uL,4.5,11,N,Routine,2025-06-05 10:08,2025-06-05 10:32,2025-06-05 11:23
LAB737177,ENC115671,PT12345,HGB,Hemoglobin,8.6,g/dL,12,17.5,L,Routine,2025-06-05 10:09,2025-06-05 10:26,2025-06-05 12:26
LAB737178,ENC115671,PT12345,PLT,Platelet Count,312,K/uL,150,400,N,Routine,2025-06-05 10:16,2025-06-05 10:46,2025-06-05 12:24
LAB737179,ENC115673,PT10001,WBC,White Blood Cell Count,7.4,K/uL,4.5,11,N,Routine,2025-06-05 11:55,2025-06-05 12:26,2025-06-05 13:59
LAB737180,ENC115673,PT10001,HGB,Hemoglobin,13.7,g/dL,12,17.5,N,Routine,2025-06-05 11:46,2025-06-05 12:15,2025-06-05 14:10
LAB737181,ENC115673,PT10001,PLT,Platelet Count,324,K/uL,150,400,N,Routine,2025-06-05 11:36,2025-06-05 12:08,2025-06-05 16:03
LAB737182,ENC115674,PT13860,LDL,LDL Cholesterol,104,mg/dL,0,99,H,Routine,2025-06-05 12:04,2025-06-05 12:30,2025-06-05 23:05
LAB737183,ENC115674,PT13860,TSH,Thyroid Stimulating Hormone,1.4,mIU/L,0.4,4,N,Routine,2025-06-05 12:05,2025-06-05 12:14,2025-06-06 15:34
LAB737184,ENC115675,PT12590,GLU,Glucose,369,mg/dL,70,99,H,STAT,2025-06-05 18:19,2025-06-05 18:48,2025-06-05 19:30
LAB737185,ENC115675,PT12590,CREAT,Creatinine,1.05,mg/dL,0.6,1.3,N,Routine,2025-06-05 18:23,2025-06-05 18:54,2025-06-05 23:02
LAB737186,ENC115675,PT12590,WBC,White Blood Cell Count,7.6,K/uL,4.5,11,N,STAT,2025-06-05 18:12,2025-06-05 18:17,2025-06-05 18:55
LAB737187,ENC115675,PT12590,HGB,Hemoglobin,13.8,g/dL,12,17.5,N,Routine,2025-06-05 17:58,2025-06-05 18:22,2025-06-05 20:53
LAB737188,ENC115675,PT12590,NA,Sodium,136,mmol/L,136,145,N,STAT,2025-06-05 17:42,2025-06-05 17:47,2025-06-05 18:26
LAB737189,ENC115675,PT12590,K,Potassium,3.5,mmol/L,3.5,5.1,N,STAT,2025-06-05 18:44,2025-06-05 18:55,2025-06-05 19:34
LAB737190,ENC115675,PT12590,A1C,Hemoglobin A1c,10.4,%,4,5.6,H,STAT,2025-06-05 18:43,2025-06-05 19:12,2025-06-05 20:04
LAB737191,ENC115678,PT12540,GLU,Glucose,106,mg/dL,70,99,H,Routine,2025-06-05 19:36,2025-06-05 19:59,2025-06-06 01:51
LAB737192,ENC115678,PT12540,CREAT,Creatinine,1.06,mg/dL,0.6,1.3,N,Routine,2025-06-05 19:33,2025-06-05 19:49,2025-06-05 22:52
LAB737193,ENC115678,PT12540,WBC,White Blood Cell Count,7.8,K/uL,4.5,11,N,Routine,2025-06-05 19:43,2025-06-05 19:52,2025-06-06 01:18
LAB737194,ENC115678,PT12540,HGB,Hemoglobin,15.8,g/dL,12,17.5,N,STAT,2025-06-05 19:33,2025-06-05 20:06,2025-06-05 21:01
LAB737195,ENC115681,PT10679,LDL,LDL Cholesterol,74,mg/dL,0,99,N,Routine,2025-06-05 16:39,2025-06-05 16:50,2025-06-06 06:14
LAB737196,ENC115681,PT10679,A1C,Hemoglobin A1c,8.7,%,4,5.6,H,Routine,2025-06-05 16:34,2025-06-05 17:04,2025-06-06 13:34
LAB737197,ENC115683,PT12866,GLU,Glucose,96,mg/dL,70,99,N,Routine,2025-06-05 19:36,2025-06-05 19:51,2025-06-05 22:16
LAB737198,ENC115683,PT12866,CREAT,Creatinine,1.03,mg/dL,0.6,1.3,N,Routine,2025-06-05 19:08,2025-06-05 19:39,2025-06-05 21:19
LAB737199,ENC115683,PT12866,WBC,White Blood Cell Count,6.9,K/uL,4.5,11,N,STAT,2025-06-05 19:19,2025-06-05 19:33,2025-06-05 20:27
LAB737200,ENC115685,PT10089,GLU,Glucose,191,mg/dL,70,99,H,STAT,2025-06-05 23:19,2025-06-05 23:49,2025-06-06 00:51
LAB737201,ENC115685,PT10089,CREAT,Creatinine,0.79,mg/dL,0.6,1.3,N,STAT,2025-06-05 23:30,2025-06-05 23:42,2025-06-06 00:10
LAB737202,ENC115685,PT10089,WBC,White Blood Cell Count,10.8,K/uL,4.5,11,N,STAT,2025-06-05 23:07,2025-06-05 23:21,2025-06-05 23:51
LAB737203,ENC115685,PT10089,HGB,Hemoglobin,14.2,g/dL,12,17.5,N,STAT,2025-06-05 23:17,2025-06-05 23:38,2025-06-06 00:16
LAB737204,ENC115685,PT10089,INR,Prothrombin Time INR,1,ratio,0.8,1.2,N,STAT,2025-06-05 23:55,2025-06-06 00:01,2025-06-06 01:17
LAB737205,ENC115686,PT13238,GLU,Glucose,161,mg/dL,70,99,H,STAT,2025-06-06 01:41,2025-06-06 02:04,2025-06-06 03:02
LAB737206,ENC115686,PT13238,CREAT,Creatinine,0.82,mg/dL,0.6,1.3,N,Routine,2025-06-06 01:47,2025-06-06 02:03,2025-06-06 03:19
LAB737207,ENC115686,PT13238,WBC,White Blood Cell Count,15.6,K/uL,4.5,11,H,Routine,2025-06-06 01:48,2025-06-06 01:55,2025-06-06 14:43
LAB737208,ENC115686,PT13238,HGB,Hemoglobin,12.9,g/dL,12,17.5,N,STAT,2025-06-06 01:53,2025-06-06 02:27,2025-06-06 03:16
LAB737209,ENC115686,PT13238,NA,Sodium,137,mmol/L,136,145,N,Routine,2025-06-06 02:25,2025-06-06 02:33,2025-06-06 06:32
LAB737210,ENC115686,PT13238,K,Potassium,4.7,mmol/L,3.5,5.1,N,STAT,2025-06-06 01:47,2025-06-06 02:11,2025-06-06 02:36
LAB737211,ENC115686,PT13238,BUN,Blood Urea Nitrogen,7,mg/dL,7,20,N,STAT,2025-06-06 02:03,2025-06-06 02:23,2025-06-06 02:52
LAB737212,ENC115686,PT13238,PLT,Platelet Count,238,K/uL,150,400,N,STAT,2025-06-06 01:29,2025-06-06 01:45,2025-06-06 02:58
LAB737213,ENC115687,PT11007,GLU,Glucose,97,mg/dL,70,99,N,STAT,2025-06-05 23:29,2025-06-05 23:45,2025-06-06 00:42
LAB737214,ENC115687,PT11007,CREAT,Creatinine,0.91,mg/dL,0.6,1.3,N,STAT,2025-06-06 00:01,2025-06-06 00:21,2025-06-06 02:02
LAB737215,ENC115687,PT11007,WBC,White Blood Cell Count,7.5,K/uL,4.5,11,N,STAT,2025-06-05 23:37,2025-06-06 00:07,2025-06-06 00:40
LAB737216,ENC115687,PT11007,HGB,Hemoglobin,11.7,g/dL,12,17.5,L,STAT,2025-06-05 23:02,2025-06-05 23:32,2025-06-06 01:23
LAB737217,ENC115688,PT12927,GLU,Glucose,118,mg/dL,70,99,H,STAT,2025-06-06 06:12,2025-06-06 06:17,2025-06-06 06:50
LAB737218,ENC115688,PT12927,CREAT,Creatinine,0.94,mg/dL,0.6,1.3,N,Routine,2025-06-06 06:24,2025-06-06 06:58,2025-06-06 10:14
LAB737219,ENC115688,PT12927,WBC,White Blood Cell Count,7.1,K/uL,4.5,11,N,STAT,2025-06-06 06:29,2025-06-06 06:45,2025-06-06 07:03
LAB737220,ENC115688,PT12927,HGB,Hemoglobin,10.4,g/dL,12,17.5,L,Routine,2025-06-06 06:41,2025-06-06 07:15,2025-06-06 10:58
LAB737221,ENC115688,PT12927,NA,Sodium,140,mmol/L,136,145,N,Routine,2025-06-06 06:13,2025-06-06 06:47,2025-06-06 08:35
LAB737222,ENC115688,PT12927,K,Potassium,4.2,mmol/L,3.5,5.1,N,STAT,2025-06-06 06:38,2025-06-06 06:52,2025-06-06 07:17
LAB737223,ENC115690,PT10142,GLU,Glucose,95,mg/dL,70,99,N,Routine,2025-06-06 06:23,2025-06-06 06:31,2025-06-06 07:29
LAB737224,ENC115690,PT10142,CREAT,Creatinine,1.64,mg/dL,0.6,1.3,H,STAT,2025-06-06 06:45,2025-06-06 07:06,2025-06-06 08:01
LAB737225,ENC115690,PT10142,WBC,White Blood Cell Count,10.7,K/uL,4.5,11,N,STAT,2025-06-06 06:35,2025-06-06 07:04,2025-06-06 07:32
LAB737226,ENC115690,PT10142,HGB,Hemoglobin,12.2,g/dL,12,17.5,N,STAT,2025-06-06 06:13,2025-06-06 06:35,2025-06-06 07:15
LAB737227,ENC115691,PT13492,GLU,Glucose,128,mg/dL,70,99,H,STAT,2025-06-06 06:07,2025-06-06 06:20,2025-06-06 06:43
LAB737228,ENC115691,PT13492,CREAT,Creatinine,1.98,mg/dL,0.6,1.3,H,STAT,2025-06-06 05:12,2025-06-06 05:34,2025-06-06 06:45
LAB737229,ENC115691,PT13492,WBC,White Blood Cell Count,25.6,K/uL,4.5,11,H,STAT,2025-06-06 05:56,2025-06-06 06:14,2025-06-06 06:49
LAB737230,ENC115691,PT13492,HGB,Hemoglobin,13.2,g/dL,12,17.5,N,Routine,2025-06-06 06:04,2025-06-06 06:38,2025-06-06 08:33
LAB737231,ENC115691,PT13492,NA,Sodium,141,mmol/L,136,145,N,STAT,2025-06-06 05:36,2025-06-06 05:53,2025-06-06 06:22
LAB737232,ENC115691,PT13492,K,Potassium,3.6,mmol/L,3.5,5.1,N,STAT,2025-06-06 05:39,2025-06-06 05:54,2025-06-06 06:35
LAB737233,ENC115691,PT13492,LACT,Lactate,3.4,mmol/L,0.5,2,H,STAT,2025-06-06 05:46,2025-06-06 05:57,2025-06-06 08:26
LAB737234,ENC115692,PT13908,GLU,Glucose,110,mg/dL,70,99,H,STAT,2025-06-06 11:13,2025-06-06 11:31,2025-06-06 12:13
LAB737235,ENC115692,PT13908,CREAT,Creatinine,0.98,mg/dL,0.6,1.3,N,Routine,2025-06-06 10:55,2025-06-06 11:08,2025-06-06 12:32
LAB737236,ENC115692,PT13908,WBC,White Blood Cell Count,8,K/uL,4.5,11,N,STAT,2025-06-06 11:44,2025-06-06 12:12,2025-06-06 12:52
LAB737237,ENC115692,PT13908,HGB,Hemoglobin,15.8,g/dL,12,17.5,N,STAT,2025-06-06 11:31,2025-06-06 11:45,2025-06-06 12:15
LAB737238,ENC115692,PT13908,NA,Sodium,141,mmol/L,136,145,N,Routine,2025-06-06 11:24,2025-06-06 11:40,2025-06-06 15:28
LAB737239,ENC115692,PT13908,K,Potassium,4.2,mmol/L,3.5,5.1,N,STAT,2025-06-06 10:50,2025-06-06 11:15,2025-06-06 11:51
LAB737240,ENC115693,PT10044,GLU,Glucose,99,mg/dL,70,99,N,STAT,2025-06-06 07:42,2025-06-06 08:09,2025-06-06 08:33
LAB737241,ENC115693,PT10044,CREAT,Creatinine,0.97,mg/dL,0.6,1.3,N,Routine,2025-06-06 07:59,2025-06-06 08:16,2025-06-06 10:59
LAB737242,ENC115693,PT10044,WBC,White Blood Cell Count,7.5,K/uL,4.5,11,N,Routine,2025-06-06 08:14,2025-06-06 08:37,2025-06-06 13:47
LAB737243,ENC115693,PT10044,HGB,Hemoglobin,12.7,g/dL,12,17.5,N,Routine,2025-06-06 07:32,2025-06-06 07:37,2025-06-06 09:27
LAB737244,ENC115693,PT10044,NA,Sodium,124,mmol/L,136,145,L,STAT,2025-06-06 08:02,2025-06-06 08:23,2025-06-06 08:55
LAB737245,ENC115693,PT10044,K,Potassium,4.3,mmol/L,3.5,5.1,N,STAT,2025-06-06 08:11,2025-06-06 08:25,2025-06-06 09:13
LAB737246,ENC115693,PT10044,BUN,Blood Urea Nitrogen,9,mg/dL,7,20,N,STAT,2025-06-06 07:46,2025-06-06 08:15,2025-06-06 08:36
LAB737247,ENC115693,PT10044,PLT,Platelet Count,259,K/uL,150,400,N,STAT,2025-06-06 07:36,2025-06-06 07:56,2025-06-06 08:53
LAB737248,ENC115694,PT12360,A1C,Hemoglobin A1c,11.9,%,4,5.6,H,Routine,2025-06-06 08:36,2025-06-06 08:56,2025-06-07 00:23
LAB737249,ENC115696,PT11362,LDL,LDL Cholesterol,187,mg/dL,0,99,H,Routine,2025-06-06 09:23,2025-06-06 09:50,2025-06-07 22:41
LAB737250,ENC115697,PT11837,GLU,Glucose,110,mg/dL,70,99,H,Routine,2025-06-06 09:25,2025-06-06 09:46,2025-06-06 11:02
LAB737251,ENC115697,PT11837,CREAT,Creatinine,0.8,mg/dL,0.6,1.3,N,Routine,2025-06-06 10:02,2025-06-06 10:35,2025-06-06 14:42
LAB737252,ENC115697,PT11837,WBC,White Blood Cell Count,5,K/uL,4.5,11,N,STAT,2025-06-06 09:26,2025-06-06 09:38,2025-06-06 10:28
LAB737253,ENC115697,PT11837,HGB,Hemoglobin,16,g/dL,12,17.5,N,STAT,2025-06-06 10:22,2025-06-06 10:31,2025-06-06 12:18
LAB737254,ENC115698,PT10490,LDL,LDL Cholesterol,176,mg/dL,0,99,H,Routine,2025-06-06 09:29,2025-06-06 09:36,2025-06-06 23:35
LAB737255,ENC115699,PT13030,GLU,Glucose,108,mg/dL,70,99,H,Routine,2025-06-06 13:02,2025-06-06 13:12,2025-06-06 15:20
LAB737256,ENC115699,PT13030,CREAT,Creatinine,0.76,mg/dL,0.6,1.3,N,Routine,2025-06-06 13:29,2025-06-06 13:54,2025-06-06 16:40
LAB737257,ENC115699,PT13030,WBC,White Blood Cell Count,7.3,K/uL,4.5,11,N,STAT,2025-06-06 13:59,2025-06-06 14:10,2025-06-06 14:56
LAB737258,ENC115699,PT13030,HGB,Hemoglobin,15.7,g/dL,12,17.5,N,Routine,2025-06-06 13:17,2025-06-06 13:41,2025-06-06 21:49
LAB737259,ENC115699,PT13030,TROP,"Troponin I, High Sensitivity",199,ng/L,0,34,H,STAT,2025-06-06 13:55,2025-06-06 14:28,2025-06-06 15:04
LAB737260,ENC115703,PT11657,GLU,Glucose,85,mg/dL,70,99,N,Routine,2025-06-06 11:42,2025-06-06 12:06,2025-06-06 14:20
LAB737261,ENC115703,PT11657,CREAT,Creatinine,0.75,mg/dL,0.6,1.3,N,STAT,2025-06-06 12:12,2025-06-06 12:37,2025-06-06 13:18
LAB737262,ENC115703,PT11657,WBC,White Blood Cell Count,9.1,K/uL,4.5,11,N,STAT,2025-06-06 11:46,2025-06-06 11:59,2025-06-06 12:35
LAB737263,ENC115705,PT11121,GLU,Glucose,92,mg/dL,70,99,N,STAT,2025-06-06 11:59,2025-06-06 12:34,2025-06-06 13:53
LAB737264,ENC115705,PT11121,CREAT,Creatinine,0.92,mg/dL,0.6,1.3,N,STAT,2025-06-06 12:03,2025-06-06 12:07,2025-06-06 12:53
LAB737265,ENC115705,PT11121,TROP,"Troponin I, High Sensitivity",2,ng/L,0,34,N,STAT,2025-06-06 12:11,2025-06-06 12:43,2025-06-06 13:14
LAB737266,ENC115706,PT13057,A1C,Hemoglobin A1c,5.1,%,4,5.6,N,Routine,2025-06-06 11:57,2025-06-06 12:02,2025-06-06 22:08
LAB737267,ENC115707,PT10683,GLU,Glucose,165,mg/dL,70,99,H,Routine,2025-06-06 12:51,2025-06-06 13:10,2025-06-06 16:11
LAB737268,ENC115707,PT10683,CREAT,Creatinine,0.67,mg/dL,0.6,1.3,N,Routine,2025-06-06 13:06,2025-06-06 13:20,2025-06-06 16:40
LAB737269,ENC115707,PT10683,WBC,White Blood Cell Count,13.6,K/uL,4.5,11,H,STAT,2025-06-06 12:24,2025-06-06 12:50,2025-06-06 13:20
LAB737270,ENC115707,PT10683,HGB,Hemoglobin,12.6,g/dL,12,17.5,N,STAT,2025-06-06 13:01,2025-06-06 13:07,2025-06-06 13:44
LAB737271,ENC115708,PT11751,LDL,LDL Cholesterol,122,mg/dL,0,99,H,Routine,2025-06-06 12:36,2025-06-06 12:45,2025-06-07 13:49
LAB737272,ENC115709,PT13785,LDL,LDL Cholesterol,122,mg/dL,0,99,H,Routine,2025-06-06 12:59,2025-06-06 13:08,2025-06-07 02:16
LAB737273,ENC115709,PT13785,A1C,Hemoglobin A1c,4.9,%,4,5.6,N,Routine,2025-06-06 12:57,2025-06-06 13:29,2025-06-07 09:10
LAB737274,ENC115710,PT13816,WBC,White Blood Cell Count,6.9,K/uL,4.5,11,N,Routine,2025-06-06 13:39,2025-06-06 14:06,2025-06-06 16:16
LAB737275,ENC115710,PT13816,HGB,Hemoglobin,15,g/dL,12,17.5,N,Routine,2025-06-06 13:45,2025-06-06 14:03,2025-06-06 15:47
LAB737276,ENC115710,PT13816,PLT,Platelet Count,308,K/uL,150,400,N,Routine,2025-06-06 13:22,2025-06-06 13:34,2025-06-06 14:59
LAB737277,ENC115711,PT12596,A1C,Hemoglobin A1c,5.5,%,4,5.6,N,Routine,2025-06-06 16:13,2025-06-06 16:23,2025-06-07 03:43
LAB737278,ENC115711,PT12596,GLU,Glucose,77,mg/dL,70,99,N,Routine,2025-06-06 16:12,2025-06-06 16:22,2025-06-06 19:04
LAB737279,ENC115711,PT12596,CREAT,Creatinine,1.35,mg/dL,0.6,1.3,H,Routine,2025-06-06 15:56,2025-06-06 16:24,2025-06-06 18:44
LAB737280,ENC115712,PT12675,GLU,Glucose,97,mg/dL,70,99,N,Routine,2025-06-06 16:31,2025-06-06 17:01,2025-06-06 19:04
LAB737281,ENC115712,PT12675,CREAT,Creatinine,0.9,mg/dL,0.6,1.3,N,Routine,2025-06-06 16:36,2025-06-06 16:42,2025-06-07 00:07
LAB737282,ENC115715,PT11676,GLU,Glucose,92,mg/dL,70,99,N,STAT,2025-06-06 16:08,2025-06-06 16:25,2025-06-06 16:54
LAB737283,ENC115715,PT11676,CREAT,Creatinine,0.62,mg/dL,0.6,1.3,N,STAT,2025-06-06 16:23,2025-06-06 16:28,2025-06-06 17:09
LAB737284,ENC115715,PT11676,WBC,White Blood Cell Count,14,K/uL,4.5,11,H,Routine,2025-06-06 16:53,2025-06-06 17:18,2025-06-06 20:36
LAB737285,ENC115715,PT11676,HGB,Hemoglobin,13.9,g/dL,12,17.5,N,STAT,2025-06-06 17:11,2025-06-06 17:39,2025-06-06 18:45
LAB737286,ENC115716,PT13931,LDL,LDL Cholesterol,98,mg/dL,0,99,N,Routine,2025-06-06 16:55,2025-06-06 17:24,2025-06-07 18:40
LAB737287,ENC115716,PT13931,TSH,Thyroid Stimulating Hormone,1.46,mIU/L,0.4,4,N,Routine,2025-06-06 16:45,2025-06-06 17:17,2025-06-07 08:30
LAB737288,ENC115718,PT11348,GLU,Glucose,114,mg/dL,70,99,H,STAT,2025-06-06 20:29,2025-06-06 20:51,2025-06-06 22:10
LAB737289,ENC115718,PT11348,CREAT,Creatinine,1.11,mg/dL,0.6,1.3,N,STAT,2025-06-06 20:24,2025-06-06 20:53,2025-06-06 21:26
LAB737290,ENC115718,PT11348,WBC,White Blood Cell Count,8.1,K/uL,4.5,11,N,Routine,2025-06-06 20:18,2025-06-06 20:48,2025-06-06 22:29
LAB737291,ENC115718,PT11348,HGB,Hemoglobin,13.8,g/dL,12,17.5,N,STAT,2025-06-06 19:58,2025-06-06 20:04,2025-06-06 21:01
LAB737292,ENC115718,PT11348,NA,Sodium,137,mmol/L,136,145,N,STAT,2025-06-06 19:43,2025-06-06 19:50,2025-06-06 20:35
LAB737293,ENC115718,PT11348,K,Potassium,4.5,mmol/L,3.5,5.1,N,STAT,2025-06-06 20:18,2025-06-06 20:46,2025-06-06 21:23
LAB737294,ENC115719,PT11586,GLU,Glucose,59,mg/dL,70,99,L,STAT,2025-06-06 17:25,2025-06-06 17:59,2025-06-06 18:20
LAB737295,ENC115719,PT11586,CREAT,Creatinine,2.88,mg/dL,0.6,1.3,H,STAT,2025-06-06 17:19,2025-06-06 17:30,2025-06-06 18:05
LAB737296,ENC115719,PT11586,WBC,White Blood Cell Count,6.9,K/uL,4.5,11,N,STAT,2025-06-06 17:20,2025-06-06 17:54,2025-06-06 18:55
LAB737297,ENC115720,PT12524,GLU,Glucose,265,mg/dL,70,99,H,Routine,2025-06-06 19:08,2025-06-06 19:40,2025-06-06 22:09
LAB737298,ENC115720,PT12524,CREAT,Creatinine,1.16,mg/dL,0.6,1.3,N,STAT,2025-06-06 18:20,2025-06-06 18:36,2025-06-06 19:09
LAB737299,ENC115720,PT12524,WBC,White Blood Cell Count,8.5,K/uL,4.5,11,N,STAT,2025-06-06 18:21,2025-06-06 18:54,2025-06-06 19:52
LAB737300,ENC115720,PT12524,A1C,Hemoglobin A1c,10.6,%,4,5.6,H,Routine,2025-06-06 18:01,2025-06-06 18:05,2025-06-07 14:33
LAB737301,ENC115721,PT12547,GLU,Glucose,93,mg/dL,70,99,N,STAT,2025-06-06 21:17,2025-06-06 21:22,2025-06-06 21:46
LAB737302,ENC115721,PT12547,CREAT,Creatinine,0.76,mg/dL,0.6,1.3,N,STAT,2025-06-06 21:36,2025-06-06 21:51,2025-06-06 22:12
LAB737303,ENC115721,PT12547,WBC,White Blood Cell Count,8.1,K/uL,4.5,11,N,Routine,2025-06-06 20:59,2025-06-06 21:17,2025-06-07 01:03
LAB737304,ENC115721,PT12547,HGB,Hemoglobin,8.8,g/dL,12,17.5,L,STAT,2025-06-06 21:55,2025-06-06 22:08,2025-06-06 23:15
LAB737305,ENC115721,PT12547,NA,Sodium,121,mmol/L,136,145,L,Routine,2025-06-06 21:34,2025-06-06 22:02,2025-06-07 02:46
LAB737306,ENC115721,PT12547,K,Potassium,4.7,mmol/L,3.5,5.1,N,STAT,2025-06-06 21:09,2025-06-06 21:34,2025-06-06 23:01
LAB737307,ENC115722,PT10561,GLU,Glucose,82,mg/dL,70,99,N,STAT,2025-06-06 21:07,2025-06-06 21:24,2025-06-06 22:02
LAB737308,ENC115722,PT10561,CREAT,Creatinine,0.89,mg/dL,0.6,1.3,N,Routine,2025-06-06 21:07,2025-06-06 21:22,2025-06-06 23:56
LAB737309,ENC115722,PT10561,WBC,White Blood Cell Count,8.3,K/uL,4.5,11,N,Routine,2025-06-06 20:46,2025-06-06 20:52,2025-06-07 00:36
LAB737310,ENC115722,PT10561,TROP,"Troponin I, High Sensitivity",13,ng/L,0,34,N,STAT,2025-06-06 20:48,2025-06-06 20:54,2025-06-06 22:05
LAB737311,ENC115723,PT10428,GLU,Glucose,112,mg/dL,70,99,H,STAT,2025-06-07 01:15,2025-06-07 01:30,2025-06-07 02:44
LAB737312,ENC115723,PT10428,CREAT,Creatinine,0.68,mg/dL,0.6,1.3,N,Routine,2025-06-07 00:44,2025-06-07 00:50,2025-06-07 04:27
LAB737313,ENC115723,PT10428,WBC,White Blood Cell Count,11.2,K/uL,4.5,11,H,Routine,2025-06-07 00:54,2025-06-07 01:10,2025-06-07 03:33
LAB737314,ENC115723,PT10428,HGB,Hemoglobin,15.1,g/dL,12,17.5,N,STAT,2025-06-07 00:45,2025-06-07 01:13,2025-06-07 02:11
LAB737315,ENC115724,PT13510,GLU,Glucose,151,mg/dL,70,99,H,Routine,2025-06-07 10:35,2025-06-07 10:47,2025-06-07 12:25
LAB737316,ENC115724,PT13510,CREAT,Creatinine,0.75,mg/dL,0.6,1.3,N,Routine,2025-06-07 10:55,2025-06-07 11:09,2025-06-07 14:37
LAB737317,ENC115724,PT13510,WBC,White Blood Cell Count,11.6,K/uL,4.5,11,H,Routine,2025-06-07 10:04,2025-06-07 10:25,2025-06-07 16:13
LAB737318,ENC115724,PT13510,HGB,Hemoglobin,11.8,g/dL,12,17.5,L,Routine,2025-06-07 10:56,2025-06-07 11:02,2025-06-07 13:58
LAB737319,ENC115724,PT13510,NA,Sodium,141,mmol/L,136,145,N,Routine,2025-06-07 10:08,2025-06-07 10:38,2025-06-07 12:27
LAB737320,ENC115724,PT13510,K,Potassium,5.2,mmol/L,3.5,5.1,H,STAT,2025-06-07 10:23,2025-06-07 10:52,2025-06-07 12:03
LAB737321,ENC115724,PT13510,BUN,Blood Urea Nitrogen,16,mg/dL,7,20,N,Routine,2025-06-07 10:39,2025-06-07 11:09,2025-06-07 14:57
LAB737322,ENC115724,PT13510,PLT,Platelet Count,205,K/uL,150,400,N,STAT,2025-06-07 10:03,2025-06-07 10:11,2025-06-07 11:33
LAB737323,ENC115726,PT10366,GLU,Glucose,104,mg/dL,70,99,H,Routine,2025-06-07 12:46,2025-06-07 12:50,2025-06-07 15:17
LAB737324,ENC115726,PT10366,CREAT,Creatinine,0.58,mg/dL,0.6,1.3,L,STAT,2025-06-07 12:57,2025-06-07 13:04,2025-06-07 13:46
LAB737325,ENC115727,PT12313,GLU,Glucose,104,mg/dL,70,99,H,STAT,2025-06-07 15:45,2025-06-07 15:51,2025-06-07 16:23
LAB737326,ENC115727,PT12313,CREAT,Creatinine,4.84,mg/dL,0.6,1.3,H,Routine,2025-06-07 16:15,2025-06-07 16:20,2025-06-07 17:22
LAB737327,ENC115727,PT12313,WBC,White Blood Cell Count,9,K/uL,4.5,11,N,STAT,2025-06-07 15:34,2025-06-07 15:58,2025-06-07 16:39
LAB737328,ENC115727,PT12313,HGB,Hemoglobin,14.9,g/dL,12,17.5,N,Routine,2025-06-07 16:18,2025-06-07 16:46,2025-06-07 20:12
LAB737329,ENC115727,PT12313,NA,Sodium,142,mmol/L,136,145,N,Routine,2025-06-07 16:21,2025-06-07 16:32,2025-06-07 22:28
LAB737330,ENC115727,PT12313,K,Potassium,6.1,mmol/L,3.5,5.1,H,STAT,2025-06-07 16:01,2025-06-07 16:17,2025-06-07 16:56
LAB737331,ENC115728,PT10901,GLU,Glucose,138,mg/dL,70,99,H,STAT,2025-06-07 16:49,2025-06-07 17:15,2025-06-07 18:03
LAB737332,ENC115728,PT10901,CREAT,Creatinine,0.82,mg/dL,0.6,1.3,N,STAT,2025-06-07 17:04,2025-06-07 17:25,2025-06-07 17:57
LAB737333,ENC115728,PT10901,WBC,White Blood Cell Count,10.5,K/uL,4.5,11,N,STAT,2025-06-07 17:11,2025-06-07 17:42,2025-06-07 18:07
LAB737334,ENC115728,PT10901,HGB,Hemoglobin,11.5,g/dL,12,17.5,L,STAT,2025-06-07 17:21,2025-06-07 17:49,2025-06-07 19:14
LAB737335,ENC115729,PT12636,GLU,Glucose,120,mg/dL,70,99,H,STAT,2025-06-07 18:44,2025-06-07 19:14,2025-06-07 20:46
LAB737336,ENC115729,PT12636,CREAT,Creatinine,1,mg/dL,0.6,1.3,N,STAT,2025-06-07 19:14,2025-06-07 19:24,2025-06-07 20:09
LAB737337,ENC115729,PT12636,WBC,White Blood Cell Count,14.4,K/uL,4.5,11,H,STAT,2025-06-07 19:24,2025-06-07 19:55,2025-06-07 20:42
LAB737338,ENC115729,PT12636,HGB,Hemoglobin,12.2,g/dL,12,17.5,N,STAT,2025-06-07 18:28,2025-06-07 18:35,2025-06-07 19:16
LAB737339,ENC115730,PT10971,GLU,Glucose,193,mg/dL,70,99,H,STAT,2025-06-07 17:22,2025-06-07 17:36,2025-06-07 18:06
LAB737340,ENC115730,PT10971,CREAT,Creatinine,0.97,mg/dL,0.6,1.3,N,Routine,2025-06-07 16:48,2025-06-07 17:14,2025-06-07 19:14
LAB737341,ENC115730,PT10971,WBC,White Blood Cell Count,6.3,K/uL,4.5,11,N,Routine,2025-06-07 16:28,2025-06-07 16:37,2025-06-07 18:12
LAB737342,ENC115730,PT10971,HGB,Hemoglobin,14.6,g/dL,12,17.5,N,STAT,2025-06-07 16:44,2025-06-07 17:01,2025-06-07 18:07
LAB737343,ENC115732,PT13021,GLU,Glucose,101,mg/dL,70,99,H,Routine,2025-06-07 17:44,2025-06-07 18:05,2025-06-07 20:46
LAB737344,ENC115732,PT13021,CREAT,Creatinine,0.97,mg/dL,0.6,1.3,N,Routine,2025-06-07 18:17,2025-06-07 18:48,2025-06-07 22:41
LAB737345,ENC115732,PT13021,WBC,White Blood Cell Count,4.7,K/uL,4.5,11,N,Routine,2025-06-07 17:53,2025-06-07 18:09,2025-06-07 22:10
LAB737346,ENC115733,PT13806,GLU,Glucose,182,mg/dL,70,99,H,Routine,2025-06-07 21:13,2025-06-07 21:44,2025-06-08 03:25
LAB737347,ENC115733,PT13806,CREAT,Creatinine,1.12,mg/dL,0.6,1.3,N,STAT,2025-06-07 20:58,2025-06-07 21:10,2025-06-07 22:03
LAB737348,ENC115733,PT13806,WBC,White Blood Cell Count,8.5,K/uL,4.5,11,N,STAT,2025-06-07 20:36,2025-06-07 20:40,2025-06-07 22:21
LAB737349,ENC115733,PT13806,HGB,Hemoglobin,15,g/dL,12,17.5,N,STAT,2025-06-07 21:16,2025-06-07 21:43,2025-06-07 22:36
LAB737350,ENC115734,PT10006,GLU,Glucose,113,mg/dL,70,99,H,Routine,2025-06-07 19:21,2025-06-07 19:37,2025-06-07 22:38
LAB737351,ENC115734,PT10006,CREAT,Creatinine,0.77,mg/dL,0.6,1.3,N,STAT,2025-06-07 18:13,2025-06-07 18:21,2025-06-07 18:51
LAB737352,ENC115734,PT10006,WBC,White Blood Cell Count,8.3,K/uL,4.5,11,N,Routine,2025-06-07 18:51,2025-06-07 19:00,2025-06-07 20:21
LAB737353,ENC115734,PT10006,HGB,Hemoglobin,9.9,g/dL,12,17.5,L,Routine,2025-06-07 18:39,2025-06-07 18:46,2025-06-07 20:09
LAB737354,ENC115734,PT10006,NA,Sodium,142,mmol/L,136,145,N,STAT,2025-06-07 18:17,2025-06-07 18:51,2025-06-07 19:41
LAB737355,ENC115734,PT10006,K,Potassium,4.7,mmol/L,3.5,5.1,N,STAT,2025-06-07 18:26,2025-06-07 18:35,2025-06-07 19:15
LAB737356,ENC115734,PT10006,TROP,"Troponin I, High Sensitivity",1,ng/L,0,34,N,STAT,2025-06-07 18:15,2025-06-07 18:20,2025-06-07 19:16
LAB737357,ENC115734,PT10006,BNP,B-Type Natriuretic Peptide,920,pg/mL,0,100,H,STAT,2025-06-07 18:23,2025-06-07 18:36,2025-06-07 19:14
LAB737358,ENC115737,PT12984,GLU,Glucose,101,mg/dL,70,99,H,Routine,2025-06-08 03:14,2025-06-08 03:20,2025-06-08 06:28
LAB737359,ENC115737,PT12984,CREAT,Creatinine,1.17,mg/dL,0.6,1.3,N,Routine,2025-06-08 02:51,2025-06-08 03:08,2025-06-08 09:05
LAB737360,ENC115737,PT12984,WBC,White Blood Cell Count,4.6,K/uL,4.5,11,N,Routine,2025-06-08 03:13,2025-06-08 03:41,2025-06-08 07:17
LAB737361,ENC115741,PT11920,GLU,Glucose,116,mg/dL,70,99,H,Routine,2025-06-08 13:04,2025-06-08 13:32,2025-06-08 14:18
LAB737362,ENC115741,PT11920,CREAT,Creatinine,0.83,mg/dL,0.6,1.3,N,STAT,2025-06-08 13:12,2025-06-08 13:20,2025-06-08 13:58
LAB737363,ENC115741,PT11920,WBC,White Blood Cell Count,6.6,K/uL,4.5,11,N,STAT,2025-06-08 13:08,2025-06-08 13:27,2025-06-08 14:09
LAB737364,ENC115743,PT13657,GLU,Glucose,130,mg/dL,70,99,H,Routine,2025-06-08 14:02,2025-06-08 14:06,2025-06-08 17:32
LAB737365,ENC115743,PT13657,CREAT,Creatinine,1.02,mg/dL,0.6,1.3,N,Routine,2025-06-08 13:59,2025-06-08 14:12,2025-06-08 16:06
LAB737366,ENC115743,PT13657,WBC,White Blood Cell Count,12.6,K/uL,4.5,11,H,Routine,2025-06-08 14:21,2025-06-08 14:47,2025-06-08 18:32
LAB737367,ENC115743,PT13657,HGB,Hemoglobin,14.3,g/dL,12,17.5,N,Routine,2025-06-08 14:25,2025-06-08 14:30,2025-06-08 15:49
LAB737368,ENC115744,PT12378,GLU,Glucose,117,mg/dL,70,99,H,Routine,2025-06-08 14:25,2025-06-08 14:56,2025-06-08 20:01
LAB737369,ENC115744,PT12378,CREAT,Creatinine,0.78,mg/dL,0.6,1.3,N,STAT,2025-06-08 14:53,2025-06-08 15:10,2025-06-08 16:21
LAB737370,ENC115744,PT12378,WBC,White Blood Cell Count,7,K/uL,4.5,11,N,Routine,2025-06-08 14:42,2025-06-08 15:04,2025-06-08 16:41
LAB737371,ENC115744,PT12378,HGB,Hemoglobin,12.1,g/dL,12,17.5,N,Routine,2025-06-08 14:02,2025-06-08 14:13,2025-06-08 17:53
LAB737372,ENC115745,PT10432,GLU,Glucose,180,mg/dL,70,99,H,Routine,2025-06-08 17:39,2025-06-08 17:51,2025-06-08 19:34
LAB737373,ENC115745,PT10432,CREAT,Creatinine,0.77,mg/dL,0.6,1.3,N,STAT,2025-06-08 18:08,2025-06-08 18:30,2025-06-08 19:45
LAB737374,ENC115745,PT10432,WBC,White Blood Cell Count,5.3,K/uL,4.5,11,N,STAT,2025-06-08 18:11,2025-06-08 18:26,2025-06-08 19:32
LAB737375,ENC115745,PT10432,HGB,Hemoglobin,12.7,g/dL,12,17.5,N,STAT,2025-06-08 18:16,2025-06-08 18:48,2025-06-08 19:44
LAB737376,ENC115745,PT10432,TROP,"Troponin I, High Sensitivity",4,ng/L,0,34,N,STAT,2025-06-08 18:26,2025-06-08 19:00,2025-06-08 19:39
LAB737377,ENC115747,PT11209,GLU,Glucose,218,mg/dL,70,99,H,STAT,2025-06-08 14:53,2025-06-08 15:11,2025-06-08 15:41
LAB737378,ENC115747,PT11209,CREAT,Creatinine,0.64,mg/dL,0.6,1.3,N,STAT,2025-06-08 14:54,2025-06-08 15:21,2025-06-08 15:57
LAB737379,ENC115748,PT10438,GLU,Glucose,103,mg/dL,70,99,H,STAT,2025-06-08 15:38,2025-06-08 15:52,2025-06-08 17:16
LAB737380,ENC115748,PT10438,CREAT,Creatinine,1.41,mg/dL,0.6,1.3,H,STAT,2025-06-08 16:16,2025-06-08 16:25,2025-06-08 17:13
LAB737381,ENC115749,PT11909,GLU,Glucose,97,mg/dL,70,99,N,Routine,2025-06-08 20:46,2025-06-08 20:56,2025-06-09 00:46
LAB737382,ENC115749,PT11909,CREAT,Creatinine,0.71,mg/dL,0.6,1.3,N,STAT,2025-06-08 20:39,2025-06-08 20:55,2025-06-08 21:19
LAB737383,ENC115749,PT11909,WBC,White Blood Cell Count,15.9,K/uL,4.5,11,H,Routine,2025-06-08 20:39,2025-06-08 21:13,2025-06-09 00:02
LAB737384,ENC115749,PT11909,HGB,Hemoglobin,11.6,g/dL,12,17.5,L,STAT,2025-06-08 20:46,2025-06-08 21:20,2025-06-08 22:10
LAB737385,ENC115750,PT11859,GLU,Glucose,87,mg/dL,70,99,N,Routine,2025-06-08 19:02,2025-06-08 19:06,2025-06-08 23:09
LAB737386,ENC115750,PT11859,CREAT,Creatinine,1.13,mg/dL,0.6,1.3,N,Routine,2025-06-08 18:36,2025-06-08 18:40,2025-06-08 22:53
LAB737387,ENC115750,PT11859,WBC,White Blood Cell Count,7.2,K/uL,4.5,11,N,Routine,2025-06-08 18:49,2025-06-08 19:07,2025-06-08 20:25
LAB737388,ENC115750,PT11859,HGB,Hemoglobin,15.9,g/dL,12,17.5,N,STAT,2025-06-08 19:14,2025-06-08 19:48,2025-06-08 20:19
LAB737389,ENC115750,PT11859,TROP,"Troponin I, High Sensitivity",4,ng/L,0,34,N,STAT,2025-06-08 18:53,2025-06-08 18:58,2025-06-08 19:42
LAB737390,ENC115751,PT12156,GLU,Glucose,136,mg/dL,70,99,H,STAT,2025-06-08 18:24,2025-06-08 18:33,2025-06-08 19:15
LAB737391,ENC115751,PT12156,CREAT,Creatinine,0.86,mg/dL,0.6,1.3,N,STAT,2025-06-08 17:53,2025-06-08 18:26,2025-06-08 19:09
LAB737392,ENC115751,PT12156,WBC,White Blood Cell Count,8.6,K/uL,4.5,11,N,Routine,2025-06-08 17:44,2025-06-08 17:56,2025-06-08 22:01
LAB737393,ENC115751,PT12156,HGB,Hemoglobin,11.8,g/dL,12,17.5,L,STAT,2025-06-08 18:05,2025-06-08 18:21,2025-06-08 19:07
LAB737394,ENC115753,PT12442,GLU,Glucose,72,mg/dL,70,99,N,STAT,2025-06-08 23:19,2025-06-08 23:27,2025-06-09 00:31
LAB737395,ENC115753,PT12442,CREAT,Creatinine,1.21,mg/dL,0.6,1.3,N,STAT,2025-06-08 22:36,2025-06-08 22:56,2025-06-09 00:36
LAB737396,ENC115753,PT12442,WBC,White Blood Cell Count,7.8,K/uL,4.5,11,N,STAT,2025-06-08 22:59,2025-06-08 23:27,2025-06-08 23:58
LAB737397,ENC115753,PT12442,HGB,Hemoglobin,12.7,g/dL,12,17.5,N,STAT,2025-06-08 22:32,2025-06-08 23:04,2025-06-08 23:34
LAB737398,ENC115753,PT12442,TROP,"Troponin I, High Sensitivity",5,ng/L,0,34,N,STAT,2025-06-08 22:49,2025-06-08 23:04,2025-06-08 23:57
LAB737399,ENC115754,PT13330,GLU,Glucose,62,mg/dL,70,99,L,STAT,2025-06-08 20:00,2025-06-08 20:31,2025-06-08 21:23
LAB737400,ENC115754,PT13330,CREAT,Creatinine,0.97,mg/dL,0.6,1.3,N,Routine,2025-06-08 20:38,2025-06-08 21:08,2025-06-09 00:57
LAB737401,ENC115754,PT13330,WBC,White Blood Cell Count,8.9,K/uL,4.5,11,N,Routine,2025-06-08 19:56,2025-06-08 20:27,2025-06-08 23:32
LAB737402,ENC115754,PT13330,HGB,Hemoglobin,13.3,g/dL,12,17.5,N,STAT,2025-06-08 20:20,2025-06-08 20:26,2025-06-08 21:29
LAB737403,ENC115755,PT13655,GLU,Glucose,200,mg/dL,70,99,H,Routine,2025-06-09 01:44,2025-06-09 02:02,2025-06-09 08:48
LAB737404,ENC115755,PT13655,CREAT,Creatinine,0.73,mg/dL,0.6,1.3,N,STAT,2025-06-09 01:32,2025-06-09 02:05,2025-06-09 02:43
LAB737405,ENC115755,PT13655,WBC,White Blood Cell Count,19.5,K/uL,4.5,11,H,STAT,2025-06-09 00:50,2025-06-09 00:56,2025-06-09 01:43
LAB737406,ENC115755,PT13655,HGB,Hemoglobin,14.2,g/dL,12,17.5,N,STAT,2025-06-09 01:18,2025-06-09 01:28,2025-06-09 02:07
LAB737407,ENC115756,PT12422,GLU,Glucose,92,mg/dL,70,99,N,STAT,2025-06-08 23:17,2025-06-08 23:50,2025-06-09 00:31
LAB737408,ENC115756,PT12422,CREAT,Creatinine,0.67,mg/dL,0.6,1.3,N,Routine,2025-06-08 23:16,2025-06-08 23:48,2025-06-09 04:48
LAB737409,ENC115756,PT12422,WBC,White Blood Cell Count,6.2,K/uL,4.5,11,N,Routine,2025-06-08 22:35,2025-06-08 22:42,2025-06-09 00:30
LAB737410,ENC115756,PT12422,HGB,Hemoglobin,13.8,g/dL,12,17.5,N,Routine,2025-06-08 23:26,2025-06-09 00:01,2025-06-09 01:48
LAB737411,ENC115758,PT13442,GLU,Glucose,106,mg/dL,70,99,H,STAT,2025-06-09 09:30,2025-06-09 09:50,2025-06-09 10:28
LAB737412,ENC115758,PT13442,CREAT,Creatinine,2.51,mg/dL,0.6,1.3,H,STAT,2025-06-09 09:20,2025-06-09 09:34,2025-06-09 10:00
LAB737413,ENC115758,PT13442,WBC,White Blood Cell Count,6.3,K/uL,4.5,11,N,STAT,2025-06-09 09:22,2025-06-09 09:40,2025-06-09 10:25
LAB737414,ENC115758,PT13442,HGB,Hemoglobin,12.4,g/dL,12,17.5,N,Routine,2025-06-09 09:12,2025-06-09 09:27,2025-06-09 11:44
LAB737415,ENC115758,PT13442,NA,Sodium,137,mmol/L,136,145,N,STAT,2025-06-09 08:59,2025-06-09 09:04,2025-06-09 09:47
LAB737416,ENC115758,PT13442,K,Potassium,5.4,mmol/L,3.5,5.1,H,STAT,2025-06-09 09:27,2025-06-09 09:49,2025-06-09 10:32
LAB737417,ENC115761,PT12527,GLU,Glucose,97,mg/dL,70,99,N,STAT,2025-06-09 08:53,2025-06-09 09:06,2025-06-09 09:52
LAB737418,ENC115761,PT12527,CREAT,Creatinine,0.99,mg/dL,0.6,1.3,N,STAT,2025-06-09 09:27,2025-06-09 09:42,2025-06-09 10:21
LAB737419,ENC115761,PT12527,TROP,"Troponin I, High Sensitivity",8,ng/L,0,34,N,STAT,2025-06-09 09:30,2025-06-09 09:51,2025-06-09 10:31
LAB737420,ENC115763,PT10377,LDL,LDL Cholesterol,146,mg/dL,0,99,H,Routine,2025-06-09 09:30,2025-06-09 10:03,2025-06-09 23:13
LAB737421,ENC115767,PT13925,A1C,Hemoglobin A1c,8.6,%,4,5.6,H,Routine,2025-06-09 10:18,2025-06-09 10:36,2025-06-09 19:32
LAB737422,ENC115767,PT13925,GLU,Glucose,277,mg/dL,70,99,H,Routine,2025-06-09 10:27,2025-06-09 10:53,2025-06-09 15:07
LAB737423,ENC115767,PT13925,CREAT,Creatinine,0.79,mg/dL,0.6,1.3,N,Routine,2025-06-09 10:09,2025-06-09 10:26,2025-06-09 13:48
LAB737424,ENC115769,PT12950,GLU,Glucose,194,mg/dL,70,99,H,STAT,2025-06-09 10:54,2025-06-09 11:03,2025-06-09 11:31
LAB737425,ENC115769,PT12950,CREAT,Creatinine,0.92,mg/dL,0.6,1.3,N,Routine,2025-06-09 11:08,2025-06-09 11:27,2025-06-09 18:19
LAB737426,ENC115770,PT12748,GLU,Glucose,99,mg/dL,70,99,N,STAT,2025-06-09 11:36,2025-06-09 11:47,2025-06-09 12:18
LAB737427,ENC115770,PT12748,CREAT,Creatinine,0.78,mg/dL,0.6,1.3,N,Routine,2025-06-09 11:21,2025-06-09 11:32,2025-06-09 15:11
LAB737428,ENC115770,PT12748,WBC,White Blood Cell Count,6.8,K/uL,4.5,11,N,STAT,2025-06-09 12:08,2025-06-09 12:13,2025-06-09 12:55
LAB737429,ENC115770,PT12748,HGB,Hemoglobin,12.5,g/dL,12,17.5,N,STAT,2025-06-09 11:16,2025-06-09 11:29,2025-06-09 12:08
LAB737430,ENC115772,PT12583,LDL,LDL Cholesterol,174,mg/dL,0,99,H,Routine,2025-06-09 11:33,2025-06-09 11:55,2025-06-10 11:20
LAB737431,ENC115773,PT10362,WBC,White Blood Cell Count,9.7,K/uL,4.5,11,N,Routine,2025-06-09 11:38,2025-06-09 12:00,2025-06-09 13:24
LAB737432,ENC115773,PT10362,HGB,Hemoglobin,13.1,g/dL,12,17.5,N,Routine,2025-06-09 11:23,2025-06-09 11:31,2025-06-09 17:10
LAB737433,ENC115773,PT10362,PLT,Platelet Count,227,K/uL,150,400,N,Routine,2025-06-09 11:29,2025-06-09 11:46,2025-06-09 15:08
LAB737434,ENC115774,PT11301,GLU,Glucose,129,mg/dL,70,99,H,STAT,2025-06-09 12:00,2025-06-09 12:22,2025-06-09 13:15
LAB737435,ENC115774,PT11301,CREAT,Creatinine,0.91,mg/dL,0.6,1.3,N,Routine,2025-06-09 12:20,2025-06-09 12:49,2025-06-09 14:51
LAB737436,ENC115774,PT11301,TROP,"Troponin I, High Sensitivity",10,ng/L,0,34,N,STAT,2025-06-09 11:27,2025-06-09 11:44,2025-06-09 12:13
LAB737437,ENC115776,PT11548,LDL,LDL Cholesterol,180,mg/dL,0,99,H,Routine,2025-06-09 12:36,2025-06-09 12:42,2025-06-09 22:50
LAB737438,ENC115776,PT11548,TSH,Thyroid Stimulating Hormone,0.75,mIU/L,0.4,4,N,Routine,2025-06-09 12:42,2025-06-09 13:06,2025-06-10 10:42
LAB737439,ENC115777,PT11208,WBC,White Blood Cell Count,6.9,K/uL,4.5,11,N,Routine,2025-06-09 12:37,2025-06-09 13:00,2025-06-09 14:27
LAB737440,ENC115777,PT11208,HGB,Hemoglobin,11.3,g/dL,12,17.5,L,Routine,2025-06-09 12:58,2025-06-09 13:10,2025-06-09 19:04
LAB737441,ENC115777,PT11208,PLT,Platelet Count,269,K/uL,150,400,N,Routine,2025-06-09 12:53,2025-06-09 13:13,2025-06-09 18:31
LAB737442,ENC115778,PT11356,GLU,Glucose,125,mg/dL,70,99,H,Routine,2025-06-09 15:36,2025-06-09 15:57,2025-06-09 17:47
LAB737443,ENC115778,PT11356,CREAT,Creatinine,1.1,mg/dL,0.6,1.3,N,Routine,2025-06-09 16:40,2025-06-09 16:46,2025-06-09 21:15
LAB737444,ENC115778,PT11356,WBC,White Blood Cell Count,10.6,K/uL,4.5,11,N,STAT,2025-06-09 15:58,2025-06-09 16:24,2025-06-09 17:09
LAB737445,ENC115778,PT11356,HGB,Hemoglobin,14.4,g/dL,12,17.5,N,STAT,2025-06-09 16:13,2025-06-09 16:47,2025-06-09 17:45
LAB737446,ENC115779,PT11960,GLU,Glucose,78,mg/dL,70,99,N,Routine,2025-06-09 16:02,2025-06-09 16:31,2025-06-09 17:56
LAB737447,ENC115779,PT11960,CREAT,Creatinine,1.02,mg/dL,0.6,1.3,N,STAT,2025-06-09 16:35,2025-06-09 16:57,2025-06-09 18:05
LAB737448,ENC115779,PT11960,WBC,White Blood Cell Count,6.8,K/uL,4.5,11,N,Routine,2025-06-09 16:43,2025-06-09 16:53,2025-06-09 22:00
LAB737449,ENC115779,PT11960,HGB,Hemoglobin,14,g/dL,12,17.5,N,Routine,2025-06-09 16:48,2025-06-09 17:06,2025-06-09 21:53
LAB737450,ENC115779,PT11960,BUN,Blood Urea Nitrogen,9,mg/dL,7,20,N,STAT,2025-06-09 16:32,2025-06-09 16:42,2025-06-09 17:30
LAB737451,ENC115779,PT11960,PLT,Platelet Count,190,K/uL,150,400,N,Routine,2025-06-09 16:17,2025-06-09 16:28,2025-06-09 18:23
LAB737452,ENC115779,PT11960,TROP,"Troponin I, High Sensitivity",853,ng/L,0,34,H,STAT,2025-06-09 16:09,2025-06-09 16:21,2025-06-09 17:03
LAB737453,ENC115781,PT12274,GLU,Glucose,129,mg/dL,70,99,H,Routine,2025-06-09 16:13,2025-06-09 16:48,2025-06-09 19:24
LAB737454,ENC115781,PT12274,CREAT,Creatinine,0.9,mg/dL,0.6,1.3,N,STAT,2025-06-09 15:54,2025-06-09 16:25,2025-06-09 18:22
LAB737455,ENC115781,PT12274,WBC,White Blood Cell Count,7.7,K/uL,4.5,11,N,STAT,2025-06-09 16:57,2025-06-09 17:13,2025-06-09 17:40
LAB737456,ENC115781,PT12274,HGB,Hemoglobin,12.9,g/dL,12,17.5,N,STAT,2025-06-09 16:32,2025-06-09 16:58,2025-06-09 17:51
LAB737457,ENC115784,PT11791,GLU,Glucose,125,mg/dL,70,99,H,Routine,2025-06-09 19:45,2025-06-09 20:13,2025-06-10 05:00
LAB737458,ENC115784,PT11791,CREAT,Creatinine,0.84,mg/dL,0.6,1.3,N,Routine,2025-06-09 20:04,2025-06-09 20:15,2025-06-10 00:52
LAB737459,ENC115784,PT11791,WBC,White Blood Cell Count,9.5,K/uL,4.5,11,N,STAT,2025-06-09 19:21,2025-06-09 19:32,2025-06-09 20:14
LAB737460,ENC115784,PT11791,HGB,Hemoglobin,14.7,g/dL,12,17.5,N,STAT,2025-06-09 19:45,2025-06-09 20:03,2025-06-09 20:41
LAB737461,ENC115784,PT11791,NA,Sodium,143,mmol/L,136,145,N,STAT,2025-06-09 19:44,2025-06-09 19:54,2025-06-09 21:34
LAB737462,ENC115784,PT11791,K,Potassium,3.9,mmol/L,3.5,5.1,N,STAT,2025-06-09 19:45,2025-06-09 19:53,2025-06-09 20:16
LAB737463,ENC115784,PT11791,BUN,Blood Urea Nitrogen,14,mg/dL,7,20,N,STAT,2025-06-09 19:27,2025-06-09 19:56,2025-06-09 20:54
LAB737464,ENC115784,PT11791,PLT,Platelet Count,191,K/uL,150,400,N,STAT,2025-06-09 19:52,2025-06-09 19:58,2025-06-09 20:14
LAB737465,ENC115784,PT11791,TROP,"Troponin I, High Sensitivity",1684,ng/L,0,34,H,STAT,2025-06-09 19:40,2025-06-09 20:05,2025-06-09 20:44
LAB737466,ENC115785,PT11656,GLU,Glucose,166,mg/dL,70,99,H,STAT,2025-06-09 16:53,2025-06-09 16:57,2025-06-09 17:24
LAB737467,ENC115785,PT11656,CREAT,Creatinine,2.02,mg/dL,0.6,1.3,H,Routine,2025-06-09 16:57,2025-06-09 17:27,2025-06-09 21:14
LAB737468,ENC115785,PT11656,WBC,White Blood Cell Count,13.5,K/uL,4.5,11,H,Routine,2025-06-09 15:57,2025-06-09 16:14,2025-06-09 17:42
LAB737469,ENC115785,PT11656,HGB,Hemoglobin,16,g/dL,12,17.5,N,STAT,2025-06-09 16:25,2025-06-09 16:50,2025-06-09 17:32
LAB737470,ENC115785,PT11656,NA,Sodium,137,mmol/L,136,145,N,STAT,2025-06-09 16:14,2025-06-09 16:44,2025-06-09 17:09
LAB737471,ENC115785,PT11656,K,Potassium,4.2,mmol/L,3.5,5.1,N,STAT,2025-06-09 16:02,2025-06-09 16:36,2025-06-09 16:53
LAB737472,ENC115785,PT11656,LACT,Lactate,7.4,mmol/L,0.5,2,HH,STAT,2025-06-09 16:26,2025-06-09 16:41,2025-06-09 17:15
LAB737473,ENC115787,PT13979,GLU,Glucose,121,mg/dL,70,99,H,Routine,2025-06-09 22:37,2025-06-09 22:42,2025-06-10 01:33
LAB737474,ENC115787,PT13979,CREAT,Creatinine,0.9,mg/dL,0.6,1.3,N,Routine,2025-06-09 22:21,2025-06-09 22:35,2025-06-09 23:58
LAB737475,ENC115787,PT13979,WBC,White Blood Cell Count,5.8,K/uL,4.5,11,N,Routine,2025-06-09 22:31,2025-06-09 22:58,2025-06-10 03:25
LAB737476,ENC115787,PT13979,HGB,Hemoglobin,12.5,g/dL,12,17.5,N,STAT,2025-06-09 22:56,2025-06-09 23:26,2025-06-10 00:27
LAB737477,ENC115787,PT13979,NA,Sodium,139,mmol/L,136,145,N,STAT,2025-06-09 23:23,2025-06-09 23:54,2025-06-10 00:33
LAB737478,ENC115787,PT13979,K,Potassium,3.9,mmol/L,3.5,5.1,N,STAT,2025-06-09 23:06,2025-06-09 23:28,2025-06-10 00:08
LAB737479,ENC115788,PT10718,GLU,Glucose,143,mg/dL,70,99,H,STAT,2025-06-09 21:57,2025-06-09 22:16,2025-06-09 22:55
LAB737480,ENC115788,PT10718,CREAT,Creatinine,0.85,mg/dL,0.6,1.3,N,Routine,2025-06-09 21:44,2025-06-09 22:16,2025-06-10 03:22
LAB737481,ENC115789,PT11508,GLU,Glucose,113,mg/dL,70,99,H,Routine,2025-06-10 01:40,2025-06-10 02:01,2025-06-10 05:58
LAB737482,ENC115789,PT11508,CREAT,Creatinine,1.22,mg/dL,0.6,1.3,N,STAT,2025-06-10 01:18,2025-06-10 01:40,2025-06-10 02:33
LAB737483,ENC115789,PT11508,WBC,White Blood Cell Count,8.9,K/uL,4.5,11,N,STAT,2025-06-10 01:54,2025-06-10 02:01,2025-06-10 02:43
LAB737484,ENC115789,PT11508,HGB,Hemoglobin,12.2,g/dL,12,17.5,N,STAT,2025-06-10 01:48,2025-06-10 02:05,2025-06-10 02:38
LAB737485,ENC115789,PT11508,INR,Prothrombin Time INR,0.9,ratio,0.8,1.2,N,Routine,2025-06-10 00:56,2025-06-10 01:16,2025-06-10 02:46
LAB737486,ENC115790,PT11997,GLU,Glucose,86,mg/dL,70,99,N,STAT,2025-06-10 04:33,2025-06-10 04:58,2025-06-10 05:47
LAB737487,ENC115790,PT11997,CREAT,Creatinine,0.66,mg/dL,0.6,1.3,N,STAT,2025-06-10 05:39,2025-06-10 06:08,2025-06-10 07:05
LAB737488,ENC115790,PT11997,WBC,White Blood Cell Count,6.9,K/uL,4.5,11,N,Routine,2025-06-10 04:58,2025-06-10 05:33,2025-06-10 11:06
LAB737489,ENC115790,PT11997,HGB,Hemoglobin,12.7,g/dL,12,17.5,N,STAT,2025-06-10 04:53,2025-06-10 04:59,2025-06-10 05:32
LAB737490,ENC115791,PT11717,GLU,Glucose,117,mg/dL,70,99,H,STAT,2025-06-10 05:17,2025-06-10 05:51,2025-06-10 07:12
LAB737491,ENC115791,PT11717,CREAT,Creatinine,1,mg/dL,0.6,1.3,N,Routine,2025-06-10 05:52,2025-06-10 06:11,2025-06-10 09:56
LAB737492,ENC115791,PT11717,WBC,White Blood Cell Count,6.9,K/uL,4.5,11,N,STAT,2025-06-10 06:03,2025-06-10 06:12,2025-06-10 06:39
LAB737493,ENC115795,PT10911,WBC,White Blood Cell Count,9.2,K/uL,4.5,11,N,Routine,2025-06-10 09:44,2025-06-10 10:03,2025-06-10 16:10
LAB737494,ENC115795,PT10911,HGB,Hemoglobin,13.9,g/dL,12,17.5,N,Routine,2025-06-10 09:37,2025-06-10 09:55,2025-06-10 11:54
LAB737495,ENC115795,PT10911,PLT,Platelet Count,218,K/uL,150,400,N,Routine,2025-06-10 09:54,2025-06-10 10:10,2025-06-10 15:40
LAB737496,ENC115796,PT11091,GLU,Glucose,125,mg/dL,70,99,H,Routine,2025-06-10 13:00,2025-06-10 13:11,2025-06-10 15:38
LAB737497,ENC115796,PT11091,CREAT,Creatinine,2.51,mg/dL,0.6,1.3,H,Routine,2025-06-10 12:07,2025-06-10 12:40,2025-06-10 13:55
LAB737498,ENC115796,PT11091,WBC,White Blood Cell Count,12.4,K/uL,4.5,11,H,STAT,2025-06-10 12:08,2025-06-10 12:41,2025-06-10 13:25
LAB737499,ENC115796,PT11091,HGB,Hemoglobin,13.2,g/dL,12,17.5,N,STAT,2025-06-10 13:05,2025-06-10 13:27,2025-06-10 15:18
LAB737500,ENC115796,PT11091,LACT,Lactate,1.3,mmol/L,0.5,2,N,STAT,2025-06-10 12:13,2025-06-10 12:35,2025-06-10 12:57
LAB737501,ENC115798,PT11062,GLU,Glucose,73,mg/dL,70,99,N,STAT,2025-06-10 11:21,2025-06-10 11:32,2025-06-10 12:55
LAB737502,ENC115798,PT11062,CREAT,Creatinine,1.15,mg/dL,0.6,1.3,N,Routine,2025-06-10 11:21,2025-06-10 11:25,2025-06-10 13:01
LAB737503,ENC115798,PT11062,WBC,White Blood Cell Count,13.5,K/uL,4.5,11,H,STAT,2025-06-10 10:57,2025-06-10 11:10,2025-06-10 12:04
LAB737504,ENC115798,PT11062,HGB,Hemoglobin,14.2,g/dL,12,17.5,N,Routine,2025-06-10 11:29,2025-06-10 11:47,2025-06-10 22:47
LAB737505,ENC115804,PT10966,GLU,Glucose,105,mg/dL,70,99,H,Routine,2025-06-10 11:58,2025-06-10 12:12,2025-06-10 14:47
LAB737506,ENC115804,PT10966,CREAT,Creatinine,0.63,mg/dL,0.6,1.3,N,STAT,2025-06-10 12:25,2025-06-10 12:48,2025-06-10 13:20
LAB737507,ENC115804,PT10966,WBC,White Blood Cell Count,12.1,K/uL,4.5,11,H,STAT,2025-06-10 12:31,2025-06-10 12:48,2025-06-10 13:55
LAB737508,ENC115804,PT10966,HGB,Hemoglobin,15,g/dL,12,17.5,N,STAT,2025-06-10 11:43,2025-06-10 12:14,2025-06-10 12:36
LAB737509,ENC115805,PT11222,LDL,LDL Cholesterol,92,mg/dL,0,99,N,Routine,2025-06-10 11:46,2025-06-10 11:55,2025-06-11 01:40
LAB737510,ENC115806,PT11371,WBC,White Blood Cell Count,7.2,K/uL,4.5,11,N,Routine,2025-06-10 11:38,2025-06-10 12:04,2025-06-10 14:03
LAB737511,ENC115806,PT11371,HGB,Hemoglobin,9.8,g/dL,12,17.5,L,Routine,2025-06-10 11:37,2025-06-10 12:00,2025-06-10 15:35
LAB737512,ENC115806,PT11371,PLT,Platelet Count,208,K/uL,150,400,N,Routine,2025-06-10 11:38,2025-06-10 12:08,2025-06-10 17:47
LAB737513,ENC115808,PT12601,GLU,Glucose,69,mg/dL,70,99,L,Routine,2025-06-10 17:40,2025-06-10 18:03,2025-06-10 22:06
LAB737514,ENC115808,PT12601,CREAT,Creatinine,0.96,mg/dL,0.6,1.3,N,Routine,2025-06-10 17:15,2025-06-10 17:36,2025-06-10 19:13
LAB737515,ENC115808,PT12601,WBC,White Blood Cell Count,6.8,K/uL,4.5,11,N,STAT,2025-06-10 17:01,2025-06-10 17:12,2025-06-10 17:33
LAB737516,ENC115808,PT12601,HGB,Hemoglobin,12.2,g/dL,12,17.5,N,Routine,2025-06-10 17:19,2025-06-10 17:29,2025-06-10 19:28
LAB737517,ENC115808,PT12601,NA,Sodium,139,mmol/L,136,145,N,STAT,2025-06-10 17:15,2025-06-10 17:31,2025-06-10 17:57
LAB737518,ENC115808,PT12601,K,Potassium,4.1,mmol/L,3.5,5.1,N,STAT,2025-06-10 17:10,2025-06-10 17:26,2025-06-10 18:08
LAB737519,ENC115809,PT11157,WBC,White Blood Cell Count,6.8,K/uL,4.5,11,N,Routine,2025-06-10 12:50,2025-06-10 13:05,2025-06-10 15:57
LAB737520,ENC115809,PT11157,HGB,Hemoglobin,15,g/dL,12,17.5,N,Routine,2025-06-10 12:36,2025-06-10 12:54,2025-06-10 15:30
LAB737521,ENC115809,PT11157,PLT,Platelet Count,206,K/uL,150,400,N,Routine,2025-06-10 12:47,2025-06-10 13:09,2025-06-10 14:53
LAB737522,ENC115810,PT12578,LDL,LDL Cholesterol,134,mg/dL,0,99,H,Routine,2025-06-10 12:59,2025-06-10 13:29,2025-06-10 18:51
LAB737523,ENC115810,PT12578,TSH,Thyroid Stimulating Hormone,2.22,mIU/L,0.4,4,N,Routine,2025-06-10 12:55,2025-06-10 13:06,2025-06-10 19:23
LAB737524,ENC115813,PT12109,LDL,LDL Cholesterol,122,mg/dL,0,99,H,Routine,2025-06-10 14:48,2025-06-10 15:05,2025-06-11 10:26
LAB737525,ENC115814,PT10937,GLU,Glucose,104,mg/dL,70,99,H,Routine,2025-06-10 15:49,2025-06-10 15:59,2025-06-10 18:00
LAB737526,ENC115814,PT10937,CREAT,Creatinine,0.98,mg/dL,0.6,1.3,N,STAT,2025-06-10 14:52,2025-06-10 15:23,2025-06-10 16:54
LAB737527,ENC115814,PT10937,WBC,White Blood Cell Count,7.1,K/uL,4.5,11,N,Routine,2025-06-10 14:55,2025-06-10 15:03,2025-06-10 17:01
LAB737528,ENC115814,PT10937,HGB,Hemoglobin,12.4,g/dL,12,17.5,N,STAT,2025-06-10 15:31,2025-06-10 15:46,2025-06-10 16:19
LAB737529,ENC115814,PT10937,INR,Prothrombin Time INR,1.1,ratio,0.8,1.2,N,STAT,2025-06-10 15:09,2025-06-10 15:22,2025-06-10 16:01
LAB737530,ENC115815,PT10295,GLU,Glucose,195,mg/dL,70,99,H,STAT,2025-06-10 19:46,2025-06-10 20:02,2025-06-10 20:52
LAB737531,ENC115815,PT10295,CREAT,Creatinine,1.21,mg/dL,0.6,1.3,N,STAT,2025-06-10 20:16,2025-06-10 20:44,2025-06-10 21:39
LAB737532,ENC115815,PT10295,WBC,White Blood Cell Count,4.2,K/uL,4.5,11,L,Routine,2025-06-10 20:03,2025-06-10 20:35,2025-06-10 22:16
LAB737533,ENC115815,PT10295,HGB,Hemoglobin,15.2,g/dL,12,17.5,N,Routine,2025-06-10 20:14,2025-06-10 20:44,2025-06-11 00:58
LAB737534,ENC115815,PT10295,NA,Sodium,137,mmol/L,136,145,N,Routine,2025-06-10 19:40,2025-06-10 20:12,2025-06-10 23:01
LAB737535,ENC115815,PT10295,K,Potassium,4.8,mmol/L,3.5,5.1,N,STAT,2025-06-10 19:38,2025-06-10 19:52,2025-06-10 20:57
LAB737536,ENC115820,PT13847,GLU,Glucose,116,mg/dL,70,99,H,Routine,2025-06-11 01:58,2025-06-11 02:10,2025-06-11 05:06
LAB737537,ENC115820,PT13847,CREAT,Creatinine,1.03,mg/dL,0.6,1.3,N,Routine,2025-06-11 02:00,2025-06-11 02:06,2025-06-11 05:50
LAB737538,ENC115820,PT13847,WBC,White Blood Cell Count,9.4,K/uL,4.5,11,N,STAT,2025-06-11 01:28,2025-06-11 01:43,2025-06-11 02:31
LAB737539,ENC115820,PT13847,HGB,Hemoglobin,13.4,g/dL,12,17.5,N,Routine,2025-06-11 01:07,2025-06-11 01:39,2025-06-11 03:52
LAB737540,ENC115820,PT13847,TROP,"Troponin I, High Sensitivity",2,ng/L,0,34,N,STAT,2025-06-11 02:11,2025-06-11 02:27,2025-06-11 05:05
LAB737541,ENC115822,PT12587,GLU,Glucose,91,mg/dL,70,99,N,STAT,2025-06-11 00:11,2025-06-11 00:27,2025-06-11 01:17
LAB737542,ENC115822,PT12587,CREAT,Creatinine,0.64,mg/dL,0.6,1.3,N,STAT,2025-06-11 00:01,2025-06-11 00:30,2025-06-11 01:07
LAB737543,ENC115822,PT12587,WBC,White Blood Cell Count,5.4,K/uL,4.5,11,N,Routine,2025-06-10 23:27,2025-06-10 23:59,2025-06-11 03:39
LAB737544,ENC115824,PT10232,GLU,Glucose,84,mg/dL,70,99,N,STAT,2025-06-11 05:21,2025-06-11 05:53,2025-06-11 06:40
LAB737545,ENC115824,PT10232,CREAT,Creatinine,0.53,mg/dL,0.6,1.3,L,STAT,2025-06-11 05:54,2025-06-11 06:04,2025-06-11 06:34
LAB737546,ENC115824,PT10232,WBC,White Blood Cell Count,7.6,K/uL,4.5,11,N,STAT,2025-06-11 05:38,2025-06-11 06:05,2025-06-11 06:43
LAB737547,ENC115825,PT10879,GLU,Glucose,92,mg/dL,70,99,N,Routine,2025-06-11 12:15,2025-06-11 12:40,2025-06-11 16:35
LAB737548,ENC115825,PT10879,CREAT,Creatinine,0.56,mg/dL,0.6,1.3,L,STAT,2025-06-11 12:47,2025-06-11 13:09,2025-06-11 14:54
LAB737549,ENC115825,PT10879,WBC,White Blood Cell Count,8.2,K/uL,4.5,11,N,STAT,2025-06-11 12:52,2025-06-11 13:16,2025-06-11 14:00
LAB737550,ENC115825,PT10879,HGB,Hemoglobin,12.3,g/dL,12,17.5,N,STAT,2025-06-11 13:19,2025-06-11 13:35,2025-06-11 14:11
LAB737551,ENC115825,PT10879,NA,Sodium,138,mmol/L,136,145,N,Routine,2025-06-11 12:13,2025-06-11 12:26,2025-06-11 14:29
LAB737552,ENC115825,PT10879,K,Potassium,4.1,mmol/L,3.5,5.1,N,STAT,2025-06-11 12:36,2025-06-11 12:56,2025-06-11 13:24
LAB737553,ENC115829,PT10496,WBC,White Blood Cell Count,5.1,K/uL,4.5,11,N,Routine,2025-06-11 10:18,2025-06-11 10:37,2025-06-11 14:06
LAB737554,ENC115829,PT10496,HGB,Hemoglobin,9.3,g/dL,12,17.5,L,Routine,2025-06-11 10:13,2025-06-11 10:32,2025-06-11 12:59
LAB737555,ENC115829,PT10496,PLT,Platelet Count,260,K/uL,150,400,N,Routine,2025-06-11 10:24,2025-06-11 10:35,2025-06-11 14:30
LAB737556,ENC115830,PT12897,GLU,Glucose,70,mg/dL,70,99,N,STAT,2025-06-11 10:22,2025-06-11 10:45,2025-06-11 11:55
LAB737557,ENC115830,PT12897,CREAT,Creatinine,0.63,mg/dL,0.6,1.3,N,STAT,2025-06-11 10:55,2025-06-11 11:20,2025-06-11 12:30
LAB737558,ENC115830,PT12897,WBC,White Blood Cell Count,12.5,K/uL,4.5,11,H,STAT,2025-06-11 10:33,2025-06-11 11:03,2025-06-11 12:24
LAB737559,ENC115830,PT12897,HGB,Hemoglobin,14.5,g/dL,12,17.5,N,STAT,2025-06-11 10:44,2025-06-11 11:11,2025-06-11 11:58
LAB737560,ENC115833,PT10137,GLU,Glucose,136,mg/dL,70,99,H,STAT,2025-06-11 11:20,2025-06-11 11:41,2025-06-11 12:48
LAB737561,ENC115833,PT10137,CREAT,Creatinine,1.01,mg/dL,0.6,1.3,N,STAT,2025-06-11 11:13,2025-06-11 11:39,2025-06-11 12:30
LAB737562,ENC115836,PT11822,GLU,Glucose,236,mg/dL,70,99,H,STAT,2025-06-11 12:17,2025-06-11 12:21,2025-06-11 12:56
LAB737563,ENC115836,PT11822,CREAT,Creatinine,1.23,mg/dL,0.6,1.3,N,Routine,2025-06-11 13:17,2025-06-11 13:48,2025-06-11 16:33
LAB737564,ENC115839,PT11492,GLU,Glucose,95,mg/dL,70,99,N,STAT,2025-06-11 17:13,2025-06-11 17:24,2025-06-11 18:46
LAB737565,ENC115839,PT11492,CREAT,Creatinine,0.67,mg/dL,0.6,1.3,N,STAT,2025-06-11 17:10,2025-06-11 17:24,2025-06-11 17:51
LAB737566,ENC115839,PT11492,WBC,White Blood Cell Count,4.8,K/uL,4.5,11,N,Routine,2025-06-11 16:35,2025-06-11 16:56,2025-06-11 18:45
LAB737567,ENC115839,PT11492,HGB,Hemoglobin,13.9,g/dL,12,17.5,N,STAT,2025-06-11 16:17,2025-06-11 16:42,2025-06-11 17:17
LAB737568,ENC115839,PT11492,LACT,Lactate,1.1,mmol/L,0.5,2,N,STAT,2025-06-11 17:24,2025-06-11 17:31,2025-06-11 18:44
LAB737569,ENC115840,PT13167,LDL,LDL Cholesterol,46,mg/dL,0,99,N,Routine,2025-06-11 13:52,2025-06-11 14:03,2025-06-11 22:33
LAB737570,ENC115840,PT13167,A1C,Hemoglobin A1c,5.2,%,4,5.6,N,Routine,2025-06-11 13:50,2025-06-11 14:03,2025-06-12 02:44
LAB737571,ENC115840,PT13167,TSH,Thyroid Stimulating Hormone,1.62,mIU/L,0.4,4,N,Routine,2025-06-11 14:08,2025-06-11 14:17,2025-06-12 08:08
LAB737572,ENC115843,PT13187,LDL,LDL Cholesterol,109,mg/dL,0,99,H,Routine,2025-06-11 15:09,2025-06-11 15:44,2025-06-12 17:35
LAB737573,ENC115843,PT13187,A1C,Hemoglobin A1c,8.3,%,4,5.6,H,Routine,2025-06-11 15:25,2025-06-11 15:42,2025-06-12 01:15
LAB737574,ENC115845,PT10342,GLU,Glucose,126,mg/dL,70,99,H,STAT,2025-06-11 18:12,2025-06-11 18:46,2025-06-11 19:17
LAB737575,ENC115845,PT10342,CREAT,Creatinine,0.9,mg/dL,0.6,1.3,N,Routine,2025-06-11 19:15,2025-06-11 19:19,2025-06-11 22:40
LAB737576,ENC115845,PT10342,TROP,"Troponin I, High Sensitivity",6,ng/L,0,34,N,STAT,2025-06-11 18:45,2025-06-11 19:11,2025-06-11 19:49
LAB737577,ENC115846,PT12870,GLU,Glucose,106,mg/dL,70,99,H,STAT,2025-06-11 22:59,2025-06-11 23:20,2025-06-12 00:12
LAB737578,ENC115846,PT12870,CREAT,Creatinine,0.76,mg/dL,0.6,1.3,N,STAT,2025-06-11 22:58,2025-06-11 23:26,2025-06-12 00:15
LAB737579,ENC115846,PT12870,WBC,White Blood Cell Count,9.4,K/uL,4.5,11,N,STAT,2025-06-11 23:02,2025-06-11 23:30,2025-06-12 00:26
LAB737580,ENC115846,PT12870,HGB,Hemoglobin,12.3,g/dL,12,17.5,N,Routine,2025-06-11 22:41,2025-06-11 22:55,2025-06-11 23:46
LAB737581,ENC115846,PT12870,INR,Prothrombin Time INR,0.9,ratio,0.8,1.2,N,STAT,2025-06-11 22:35,2025-06-11 23:00,2025-06-11 23:32
LAB737582,ENC115849,PT10576,GLU,Glucose,98,mg/dL,70,99,N,Routine,2025-06-11 23:32,2025-06-11 23:50,2025-06-12 04:45
LAB737583,ENC115849,PT10576,CREAT,Creatinine,0.69,mg/dL,0.6,1.3,N,STAT,2025-06-11 23:47,2025-06-12 00:04,2025-06-12 00:58
LAB737584,ENC115849,PT10576,WBC,White Blood Cell Count,6.2,K/uL,4.5,11,N,Routine,2025-06-11 23:49,2025-06-11 23:53,2025-06-12 02:26
LAB737585,ENC115849,PT10576,HGB,Hemoglobin,15.5,g/dL,12,17.5,N,STAT,2025-06-12 00:01,2025-06-12 00:29,2025-06-12 01:44
LAB737586,ENC115851,PT12090,GLU,Glucose,91,mg/dL,70,99,N,Routine,2025-06-12 04:39,2025-06-12 05:11,2025-06-12 09:39
LAB737587,ENC115851,PT12090,CREAT,Creatinine,0.83,mg/dL,0.6,1.3,N,Routine,2025-06-12 05:08,2025-06-12 05:14,2025-06-12 08:14
LAB737588,ENC115851,PT12090,WBC,White Blood Cell Count,9.1,K/uL,4.5,11,N,STAT,2025-06-12 04:49,2025-06-12 05:08,2025-06-12 05:42
LAB737589,ENC115851,PT12090,HGB,Hemoglobin,14.8,g/dL,12,17.5,N,STAT,2025-06-12 04:27,2025-06-12 04:48,2025-06-12 05:15
LAB737590,ENC115854,PT10488,GLU,Glucose,115,mg/dL,70,99,H,STAT,2025-06-12 04:26,2025-06-12 04:45,2025-06-12 06:30
LAB737591,ENC115854,PT10488,CREAT,Creatinine,0.91,mg/dL,0.6,1.3,N,STAT,2025-06-12 04:30,2025-06-12 05:02,2025-06-12 05:44
LAB737592,ENC115854,PT10488,WBC,White Blood Cell Count,6.8,K/uL,4.5,11,N,Routine,2025-06-12 03:38,2025-06-12 04:05,2025-06-12 07:04
LAB737593,ENC115855,PT10721,GLU,Glucose,106,mg/dL,70,99,H,STAT,2025-06-12 06:29,2025-06-12 06:39,2025-06-12 07:10
LAB737594,ENC115855,PT10721,CREAT,Creatinine,1.26,mg/dL,0.6,1.3,N,STAT,2025-06-12 06:05,2025-06-12 06:17,2025-06-12 06:48
LAB737595,ENC115855,PT10721,WBC,White Blood Cell Count,8.1,K/uL,4.5,11,N,STAT,2025-06-12 06:39,2025-06-12 06:46,2025-06-12 07:16
LAB737596,ENC115855,PT10721,HGB,Hemoglobin,14.2,g/dL,12,17.5,N,Routine,2025-06-12 06:09,2025-06-12 06:27,2025-06-12 08:31
LAB737597,ENC115857,PT11278,TROP,"Troponin I, High Sensitivity",2,ng/L,0,34,N,STAT,2025-06-12 08:43,2025-06-12 09:04,2025-06-12 09:48
LAB737598,ENC115860,PT13196,A1C,Hemoglobin A1c,8.8,%,4,5.6,H,Routine,2025-06-12 08:43,2025-06-12 08:53,2025-06-13 17:27
LAB737599,ENC115861,PT13631,A1C,Hemoglobin A1c,7.8,%,4,5.6,H,Routine,2025-06-12 09:15,2025-06-12 09:27,2025-06-12 21:15
LAB737600,ENC115861,PT13631,GLU,Glucose,170,mg/dL,70,99,H,Routine,2025-06-12 09:21,2025-06-12 09:31,2025-06-12 11:57
LAB737601,ENC115861,PT13631,CREAT,Creatinine,0.71,mg/dL,0.6,1.3,N,Routine,2025-06-12 09:05,2025-06-12 09:20,2025-06-12 11:41
LAB737602,ENC115862,PT11880,GLU,Glucose,91,mg/dL,70,99,N,Routine,2025-06-12 09:34,2025-06-12 09:38,2025-06-12 10:45
LAB737603,ENC115862,PT11880,CREAT,Creatinine,2.66,mg/dL,0.6,1.3,H,STAT,2025-06-12 09:34,2025-06-12 09:53,2025-06-12 10:19
LAB737604,ENC115862,PT11880,WBC,White Blood Cell Count,7.5,K/uL,4.5,11,N,Routine,2025-06-12 10:28,2025-06-12 10:58,2025-06-12 14:13
LAB737605,ENC115862,PT11880,HGB,Hemoglobin,8.9,g/dL,12,17.5,L,STAT,2025-06-12 10:33,2025-06-12 10:40,2025-06-12 11:34
LAB737606,ENC115862,PT11880,INR,Prothrombin Time INR,1.4,ratio,0.8,1.2,H,Routine,2025-06-12 09:52,2025-06-12 10:10,2025-06-12 12:04
LAB737607,ENC115863,PT10607,WBC,White Blood Cell Count,8.6,K/uL,4.5,11,N,Routine,2025-06-12 09:54,2025-06-12 10:00,2025-06-12 13:35
LAB737608,ENC115863,PT10607,HGB,Hemoglobin,12.7,g/dL,12,17.5,N,Routine,2025-06-12 10:05,2025-06-12 10:09,2025-06-12 13:18
LAB737609,ENC115863,PT10607,PLT,Platelet Count,323,K/uL,150,400,N,Routine,2025-06-12 10:11,2025-06-12 10:23,2025-06-12 12:02
LAB737610,ENC115864,PT10970,GLU,Glucose,91,mg/dL,70,99,N,STAT,2025-06-12 14:21,2025-06-12 14:50,2025-06-12 15:52
LAB737611,ENC115864,PT10970,CREAT,Creatinine,0.72,mg/dL,0.6,1.3,N,STAT,2025-06-12 14:21,2025-06-12 14:42,2025-06-12 15:02
LAB737612,ENC115864,PT10970,WBC,White Blood Cell Count,8.6,K/uL,4.5,11,N,STAT,2025-06-12 13:56,2025-06-12 14:20,2025-06-12 15:25
LAB737613,ENC115864,PT10970,HGB,Hemoglobin,13.5,g/dL,12,17.5,N,STAT,2025-06-12 14:56,2025-06-12 15:29,2025-06-12 16:19
LAB737614,ENC115866,PT11829,LDL,LDL Cholesterol,105,mg/dL,0,99,H,Routine,2025-06-12 10:20,2025-06-12 10:55,2025-06-13 03:31
LAB737615,ENC115866,PT11829,A1C,Hemoglobin A1c,6.1,%,4,5.6,H,Routine,2025-06-12 10:30,2025-06-12 10:42,2025-06-12 16:48
LAB737616,ENC115867,PT12878,WBC,White Blood Cell Count,7.5,K/uL,4.5,11,N,Routine,2025-06-12 10:06,2025-06-12 10:23,2025-06-12 12:01
LAB737617,ENC115867,PT12878,HGB,Hemoglobin,11.3,g/dL,12,17.5,L,Routine,2025-06-12 10:15,2025-06-12 10:29,2025-06-12 12:23
LAB737618,ENC115867,PT12878,PLT,Platelet Count,68,K/uL,150,400,L,Routine,2025-06-12 10:14,2025-06-12 10:41,2025-06-12 12:59
LAB737619,ENC115868,PT13841,A1C,Hemoglobin A1c,11.4,%,4,5.6,H,Routine,2025-06-12 10:37,2025-06-12 11:09,2025-06-12 19:49
LAB737620,ENC115868,PT13841,GLU,Glucose,79,mg/dL,70,99,N,Routine,2025-06-12 10:43,2025-06-12 10:52,2025-06-12 12:50
LAB737621,ENC115868,PT13841,CREAT,Creatinine,1.03,mg/dL,0.6,1.3,N,Routine,2025-06-12 10:41,2025-06-12 11:08,2025-06-12 14:09
LAB737622,ENC115871,PT13460,GLU,Glucose,107,mg/dL,70,99,H,Routine,2025-06-12 12:21,2025-06-12 12:48,2025-06-12 20:38
LAB737623,ENC115871,PT13460,CREAT,Creatinine,1.19,mg/dL,0.6,1.3,N,STAT,2025-06-12 12:47,2025-06-12 13:06,2025-06-12 13:46
LAB737624,ENC115871,PT13460,WBC,White Blood Cell Count,11.7,K/uL,4.5,11,H,Routine,2025-06-12 12:15,2025-06-12 12:48,2025-06-12 13:48
LAB737625,ENC115872,PT10507,INR,Prothrombin Time INR,2.2,ratio,0.8,1.2,H,Routine,2025-06-12 11:55,2025-06-12 12:06,2025-06-12 16:03
LAB737626,ENC115873,PT11925,GLU,Glucose,129,mg/dL,70,99,H,STAT,2025-06-12 13:22,2025-06-12 13:33,2025-06-12 14:15
LAB737627,ENC115873,PT11925,CREAT,Creatinine,0.46,mg/dL,0.6,1.3,L,STAT,2025-06-12 12:33,2025-06-12 12:44,2025-06-12 13:29
LAB737628,ENC115874,PT10302,GLU,Glucose,75,mg/dL,70,99,N,STAT,2025-06-12 15:49,2025-06-12 16:01,2025-06-12 17:15
LAB737629,ENC115874,PT10302,CREAT,Creatinine,0.85,mg/dL,0.6,1.3,N,STAT,2025-06-12 16:17,2025-06-12 16:41,2025-06-12 17:59
LAB737630,ENC115874,PT10302,WBC,White Blood Cell Count,11.8,K/uL,4.5,11,H,Routine,2025-06-12 16:10,2025-06-12 16:33,2025-06-12 20:22
LAB737631,ENC115874,PT10302,HGB,Hemoglobin,13.3,g/dL,12,17.5,N,Routine,2025-06-12 15:52,2025-06-12 15:56,2025-06-12 19:24
LAB737632,ENC115877,PT10075,A1C,Hemoglobin A1c,12.7,%,4,5.6,H,Routine,2025-06-12 14:49,2025-06-12 15:05,2025-06-12 21:12
LAB737633,ENC115877,PT10075,GLU,Glucose,401,mg/dL,70,99,H,Routine,2025-06-12 14:35,2025-06-12 14:52,2025-06-12 17:06
LAB737634,ENC115877,PT10075,CREAT,Creatinine,0.74,mg/dL,0.6,1.3,N,Routine,2025-06-12 14:57,2025-06-12 15:16,2025-06-12 17:27
LAB737635,ENC115878,PT11614,LDL,LDL Cholesterol,149,mg/dL,0,99,H,Routine,2025-06-12 14:56,2025-06-12 15:09,2025-06-13 09:10
LAB737636,ENC115878,PT11614,A1C,Hemoglobin A1c,6.5,%,4,5.6,H,Routine,2025-06-12 14:45,2025-06-12 15:00,2025-06-13 10:22
LAB737637,ENC115879,PT10718,GLU,Glucose,169,mg/dL,70,99,H,STAT,2025-06-12 17:26,2025-06-12 17:48,2025-06-12 18:19
LAB737638,ENC115879,PT10718,CREAT,Creatinine,0.71,mg/dL,0.6,1.3,N,STAT,2025-06-12 17:57,2025-06-12 18:17,2025-06-12 19:10
LAB737639,ENC115879,PT10718,WBC,White Blood Cell Count,11.6,K/uL,4.5,11,H,STAT,2025-06-12 17:53,2025-06-12 18:10,2025-06-12 19:28
LAB737640,ENC115879,PT10718,HGB,Hemoglobin,14.1,g/dL,12,17.5,N,STAT,2025-06-12 18:07,2025-06-12 18:21,2025-06-12 18:57
LAB737641,ENC115881,PT11300,GLU,Glucose,84,mg/dL,70,99,N,Routine,2025-06-12 18:06,2025-06-12 18:13,2025-06-12 20:33
LAB737642,ENC115881,PT11300,CREAT,Creatinine,1.08,mg/dL,0.6,1.3,N,Routine,2025-06-12 18:21,2025-06-12 18:50,2025-06-12 21:40
LAB737643,ENC115881,PT11300,WBC,White Blood Cell Count,17.8,K/uL,4.5,11,H,STAT,2025-06-12 18:43,2025-06-12 19:01,2025-06-12 19:43
LAB737644,ENC115881,PT11300,HGB,Hemoglobin,14.8,g/dL,12,17.5,N,STAT,2025-06-12 18:32,2025-06-12 18:59,2025-06-12 19:27
LAB737645,ENC115882,PT10677,GLU,Glucose,155,mg/dL,70,99,H,STAT,2025-06-12 16:38,2025-06-12 16:56,2025-06-12 18:08
LAB737646,ENC115882,PT10677,CREAT,Creatinine,1.1,mg/dL,0.6,1.3,N,Routine,2025-06-12 16:29,2025-06-12 16:42,2025-06-12 19:14
LAB737647,ENC115882,PT10677,WBC,White Blood Cell Count,8.3,K/uL,4.5,11,N,STAT,2025-06-12 16:21,2025-06-12 16:56,2025-06-12 18:02
LAB737648,ENC115882,PT10677,HGB,Hemoglobin,11.3,g/dL,12,17.5,L,Routine,2025-06-12 16:44,2025-06-12 16:52,2025-06-12 19:38
LAB737649,ENC115882,PT10677,A1C,Hemoglobin A1c,13.4,%,4,5.6,H,Routine,2025-06-12 16:34,2025-06-12 17:03,2025-06-13 16:51
LAB737650,ENC115883,PT10692,GLU,Glucose,79,mg/dL,70,99,N,Routine,2025-06-12 20:53,2025-06-12 21:03,2025-06-12 22:33
LAB737651,ENC115883,PT10692,CREAT,Creatinine,1.39,mg/dL,0.6,1.3,H,Routine,2025-06-12 20:48,2025-06-12 21:01,2025-06-13 00:44
LAB737652,ENC115883,PT10692,WBC,White Blood Cell Count,10.3,K/uL,4.5,11,N,STAT,2025-06-12 21:31,2025-06-12 21:55,2025-06-12 22:26
LAB737653,ENC115883,PT10692,HGB,Hemoglobin,13.7,g/dL,12,17.5,N,STAT,2025-06-12 20:49,2025-06-12 20:53,2025-06-12 21:19
LAB737654,ENC115883,PT10692,BUN,Blood Urea Nitrogen,13,mg/dL,7,20,N,Routine,2025-06-12 21:19,2025-06-12 21:50,2025-06-12 23:48
LAB737655,ENC115883,PT10692,PLT,Platelet Count,273,K/uL,150,400,N,STAT,2025-06-12 21:31,2025-06-12 21:41,2025-06-12 22:13
LAB737656,ENC115885,PT13637,GLU,Glucose,72,mg/dL,70,99,N,STAT,2025-06-12 18:16,2025-06-12 18:25,2025-06-12 19:22
LAB737657,ENC115885,PT13637,CREAT,Creatinine,1.2,mg/dL,0.6,1.3,N,STAT,2025-06-12 19:06,2025-06-12 19:15,2025-06-12 19:47
LAB737658,ENC115885,PT13637,WBC,White Blood Cell Count,7.8,K/uL,4.5,11,N,STAT,2025-06-12 18:13,2025-06-12 18:33,2025-06-12 19:39
LAB737659,ENC115885,PT13637,HGB,Hemoglobin,13.2,g/dL,12,17.5,N,STAT,2025-06-12 18:50,2025-06-12 19:21,2025-06-12 20:09
LAB737660,ENC115886,PT13310,GLU,Glucose,79,mg/dL,70,99,N,STAT,2025-06-12 21:29,2025-06-12 21:39,2025-06-12 22:48
LAB737661,ENC115886,PT13310,CREAT,Creatinine,1.01,mg/dL,0.6,1.3,N,STAT,2025-06-12 21:21,2025-06-12 21:54,2025-06-12 22:24
LAB737662,ENC115886,PT13310,WBC,White Blood Cell Count,6,K/uL,4.5,11,N,STAT,2025-06-12 20:42,2025-06-12 21:02,2025-06-12 21:59
LAB737663,ENC115886,PT13310,HGB,Hemoglobin,14.2,g/dL,12,17.5,N,STAT,2025-06-12 20:48,2025-06-12 20:59,2025-06-12 21:57
LAB737664,ENC115886,PT13310,NA,Sodium,143,mmol/L,136,145,N,Routine,2025-06-12 21:16,2025-06-12 21:51,2025-06-12 23:50
LAB737665,ENC115886,PT13310,K,Potassium,3.9,mmol/L,3.5,5.1,N,STAT,2025-06-12 20:53,2025-06-12 21:05,2025-06-12 21:41
LAB737666,ENC115887,PT13985,GLU,Glucose,45,mg/dL,70,99,L,STAT,2025-06-13 00:29,2025-06-13 01:00,2025-06-13 01:58
LAB737667,ENC115887,PT13985,CREAT,Creatinine,0.67,mg/dL,0.6,1.3,N,STAT,2025-06-13 00:23,2025-06-13 00:48,2025-06-13 01:17
LAB737668,ENC115887,PT13985,WBC,White Blood Cell Count,3.9,K/uL,4.5,11,L,STAT,2025-06-13 00:21,2025-06-13 00:37,2025-06-13 01:18
LAB737669,ENC115887,PT13985,HGB,Hemoglobin,15.1,g/dL,12,17.5,N,STAT,2025-06-13 00:35,2025-06-13 01:05,2025-06-13 02:27
LAB737670,ENC115888,PT12405,GLU,Glucose,191,mg/dL,70,99,H,Routine,2025-06-13 00:31,2025-06-13 00:50,2025-06-13 04:42
LAB737671,ENC115888,PT12405,CREAT,Creatinine,0.99,mg/dL,0.6,1.3,N,STAT,2025-06-13 00:29,2025-06-13 00:43,2025-06-13 01:40
LAB737672,ENC115888,PT12405,WBC,White Blood Cell Count,4.6,K/uL,4.5,11,N,Routine,2025-06-13 00:19,2025-06-13 00:53,2025-06-13 06:22
LAB737673,ENC115889,PT13135,TROP,"Troponin I, High Sensitivity",2,ng/L,0,34,N,STAT,2025-06-13 01:44,2025-06-13 02:16,2025-06-13 03:14
LAB737674,ENC115892,PT13725,GLU,Glucose,122,mg/dL,70,99,H,Routine,2025-06-13 07:42,2025-06-13 07:58,2025-06-13 12:25
LAB737675,ENC115892,PT13725,CREAT,Creatinine,0.42,mg/dL,0.6,1.3,L,STAT,2025-06-13 06:51,2025-06-13 07:08,2025-06-13 07:48
LAB737676,ENC115892,PT13725,WBC,White Blood Cell Count,6.4,K/uL,4.5,11,N,Routine,2025-06-13 06:38,2025-06-13 06:43,2025-06-13 08:02
LAB737677,ENC115892,PT13725,HGB,Hemoglobin,14.3,g/dL,12,17.5,N,Routine,2025-06-13 07:28,2025-06-13 07:58,2025-06-13 14:27
LAB737678,ENC115893,PT13216,GLU,Glucose,112,mg/dL,70,99,H,STAT,2025-06-13 08:41,2025-06-13 09:09,2025-06-13 09:59
LAB737679,ENC115893,PT13216,CREAT,Creatinine,1.18,mg/dL,0.6,1.3,N,STAT,2025-06-13 09:34,2025-06-13 09:45,2025-06-13 10:17
LAB737680,ENC115893,PT13216,WBC,White Blood Cell Count,13,K/uL,4.5,11,H,STAT,2025-06-13 09:14,2025-06-13 09:46,2025-06-13 10:27
LAB737681,ENC115893,PT13216,HGB,Hemoglobin,15.1,g/dL,12,17.5,N,STAT,2025-06-13 08:50,2025-06-13 09:07,2025-06-13 09:45
LAB737682,ENC115894,PT13825,A1C,Hemoglobin A1c,5.8,%,4,5.6,H,Routine,2025-06-13 09:17,2025-06-13 09:33,2025-06-14 15:22
LAB737683,ENC115894,PT13825,GLU,Glucose,101,mg/dL,70,99,H,Routine,2025-06-13 09:09,2025-06-13 09:19,2025-06-13 10:33
LAB737684,ENC115894,PT13825,CREAT,Creatinine,1,mg/dL,0.6,1.3,N,Routine,2025-06-13 09:14,2025-06-13 09:27,2025-06-13 13:11
LAB737685,ENC115899,PT13727,GLU,Glucose,101,mg/dL,70,99,H,STAT,2025-06-13 12:06,2025-06-13 12:27,2025-06-13 13:16
LAB737686,ENC115899,PT13727,CREAT,Creatinine,0.99,mg/dL,0.6,1.3,N,STAT,2025-06-13 12:02,2025-06-13 12:36,2025-06-13 13:13
LAB737687,ENC115899,PT13727,WBC,White Blood Cell Count,6.8,K/uL,4.5,11,N,Routine,2025-06-13 11:58,2025-06-13 12:12,2025-06-13 14:19
LAB737688,ENC115902,PT10383,GLU,Glucose,124,mg/dL,70,99,H,STAT,2025-06-13 20:57,2025-06-13 21:19,2025-06-13 22:57
LAB737689,ENC115902,PT10383,CREAT,Creatinine,1.83,mg/dL,0.6,1.3,H,Routine,2025-06-13 20:47,2025-06-13 21:20,2025-06-14 02:05
LAB737690,ENC115902,PT10383,WBC,White Blood Cell Count,7.9,K/uL,4.5,11,N,Routine,2025-06-13 20:37,2025-06-13 20:45,2025-06-13 22:32
LAB737691,ENC115902,PT10383,HGB,Hemoglobin,12.7,g/dL,12,17.5,N,Routine,2025-06-13 20:28,2025-06-13 20:48,2025-06-14 00:56
LAB737692,ENC115902,PT10383,NA,Sodium,140,mmol/L,136,145,N,STAT,2025-06-13 20:45,2025-06-13 21:16,2025-06-13 22:15
LAB737693,ENC115902,PT10383,K,Potassium,5.5,mmol/L,3.5,5.1,H,STAT,2025-06-13 20:53,2025-06-13 21:08,2025-06-13 21:57
LAB737694,ENC115905,PT11260,GLU,Glucose,94,mg/dL,70,99,N,STAT,2025-06-13 15:17,2025-06-13 15:43,2025-06-13 16:12
LAB737695,ENC115905,PT11260,CREAT,Creatinine,0.83,mg/dL,0.6,1.3,N,Routine,2025-06-13 15:14,2025-06-13 15:32,2025-06-13 21:02
LAB737696,ENC115905,PT11260,WBC,White Blood Cell Count,5.7,K/uL,4.5,11,N,Routine,2025-06-13 16:04,2025-06-13 16:21,2025-06-13 21:11
LAB737697,ENC115906,PT10531,GLU,Glucose,83,mg/dL,70,99,N,STAT,2025-06-13 17:36,2025-06-13 18:07,2025-06-13 18:59
LAB737698,ENC115906,PT10531,CREAT,Creatinine,0.74,mg/dL,0.6,1.3,N,STAT,2025-06-13 17:38,2025-06-13 17:49,2025-06-13 18:18
LAB737699,ENC115906,PT10531,WBC,White Blood Cell Count,5.5,K/uL,4.5,11,N,Routine,2025-06-13 17:55,2025-06-13 18:27,2025-06-13 21:04
LAB737700,ENC115906,PT10531,HGB,Hemoglobin,16.6,g/dL,12,17.5,N,STAT,2025-06-13 17:13,2025-06-13 17:22,2025-06-13 18:03
LAB737701,ENC115906,PT10531,TROP,"Troponin I, High Sensitivity",8,ng/L,0,34,N,STAT,2025-06-13 17:52,2025-06-13 18:20,2025-06-13 18:51
LAB737702,ENC115907,PT10129,GLU,Glucose,115,mg/dL,70,99,H,STAT,2025-06-13 18:30,2025-06-13 18:43,2025-06-13 19:27
LAB737703,ENC115907,PT10129,CREAT,Creatinine,1.15,mg/dL,0.6,1.3,N,STAT,2025-06-13 19:12,2025-06-13 19:47,2025-06-13 20:46
LAB737704,ENC115908,PT10148,GLU,Glucose,332,mg/dL,70,99,H,Routine,2025-06-13 22:23,2025-06-13 22:43,2025-06-14 00:30
LAB737705,ENC115908,PT10148,CREAT,Creatinine,0.73,mg/dL,0.6,1.3,N,STAT,2025-06-13 22:41,2025-06-13 23:00,2025-06-13 23:40
LAB737706,ENC115908,PT10148,WBC,White Blood Cell Count,8.5,K/uL,4.5,11,N,Routine,2025-06-13 22:45,2025-06-13 23:07,2025-06-14 04:41
LAB737707,ENC115908,PT10148,HGB,Hemoglobin,13.3,g/dL,12,17.5,N,Routine,2025-06-13 22:25,2025-06-13 22:46,2025-06-13 23:40
LAB737708,ENC115908,PT10148,NA,Sodium,140,mmol/L,136,145,N,Routine,2025-06-13 22:23,2025-06-13 22:48,2025-06-14 01:00
LAB737709,ENC115908,PT10148,K,Potassium,4.2,mmol/L,3.5,5.1,N,STAT,2025-06-13 22:26,2025-06-13 22:59,2025-06-13 23:24
LAB737710,ENC115908,PT10148,A1C,Hemoglobin A1c,9.4,%,4,5.6,H,STAT,2025-06-13 22:39,2025-06-13 23:04,2025-06-13 23:34
LAB737711,ENC115909,PT11159,GLU,Glucose,125,mg/dL,70,99,H,STAT,2025-06-13 20:33,2025-06-13 21:07,2025-06-13 22:42
LAB737712,ENC115909,PT11159,CREAT,Creatinine,0.95,mg/dL,0.6,1.3,N,STAT,2025-06-13 20:36,2025-06-13 20:56,2025-06-13 21:57
LAB737713,ENC115909,PT11159,WBC,White Blood Cell Count,8.1,K/uL,4.5,11,N,Routine,2025-06-13 20:30,2025-06-13 20:43,2025-06-14 01:47
LAB737714,ENC115910,PT12880,GLU,Glucose,91,mg/dL,70,99,N,Routine,2025-06-14 00:50,2025-06-14 01:17,2025-06-14 02:19
LAB737715,ENC115910,PT12880,CREAT,Creatinine,0.81,mg/dL,0.6,1.3,N,STAT,2025-06-14 00:29,2025-06-14 00:52,2025-06-14 01:28
LAB737716,ENC115910,PT12880,WBC,White Blood Cell Count,9.8,K/uL,4.5,11,N,Routine,2025-06-14 00:33,2025-06-14 00:53,2025-06-14 07:55
LAB737717,ENC115910,PT12880,HGB,Hemoglobin,16.5,g/dL,12,17.5,N,STAT,2025-06-14 00:11,2025-06-14 00:15,2025-06-14 00:43
LAB737718,ENC115910,PT12880,INR,Prothrombin Time INR,1,ratio,0.8,1.2,N,STAT,2025-06-14 00:17,2025-06-14 00:35,2025-06-14 01:45
LAB737719,ENC115912,PT11444,GLU,Glucose,127,mg/dL,70,99,H,STAT,2025-06-14 02:37,2025-06-14 03:06,2025-06-14 03:42
LAB737720,ENC115912,PT11444,CREAT,Creatinine,0.61,mg/dL,0.6,1.3,N,STAT,2025-06-14 02:46,2025-06-14 02:50,2025-06-14 03:44
LAB737721,ENC115912,PT11444,WBC,White Blood Cell Count,6,K/uL,4.5,11,N,STAT,2025-06-14 02:19,2025-06-14 02:29,2025-06-14 03:20
LAB737722,ENC115912,PT11444,HGB,Hemoglobin,13.3,g/dL,12,17.5,N,STAT,2025-06-14 02:50,2025-06-14 03:22,2025-06-14 03:51
LAB737723,ENC115912,PT11444,INR,Prothrombin Time INR,1.1,ratio,0.8,1.2,N,STAT,2025-06-14 01:53,2025-06-14 02:18,2025-06-14 03:14
LAB737724,ENC115913,PT13652,GLU,Glucose,114,mg/dL,70,99,H,STAT,2025-06-13 22:36,2025-06-13 22:55,2025-06-13 23:24
LAB737725,ENC115913,PT13652,CREAT,Creatinine,0.96,mg/dL,0.6,1.3,N,STAT,2025-06-13 21:48,2025-06-13 22:09,2025-06-13 22:37
LAB737726,ENC115913,PT13652,WBC,White Blood Cell Count,8.1,K/uL,4.5,11,N,STAT,2025-06-13 21:59,2025-06-13 22:27,2025-06-13 22:57
LAB737727,ENC115913,PT13652,HGB,Hemoglobin,13.3,g/dL,12,17.5,N,Routine,2025-06-13 21:51,2025-06-13 22:07,2025-06-14 01:10
LAB737728,ENC115914,PT12274,TROP,"Troponin I, High Sensitivity",8,ng/L,0,34,N,STAT,2025-06-13 23:15,2025-06-13 23:41,2025-06-14 00:27
LAB737729,ENC115915,PT11903,GLU,Glucose,184,mg/dL,70,99,H,Routine,2025-06-14 02:44,2025-06-14 02:49,2025-06-14 05:16
LAB737730,ENC115915,PT11903,CREAT,Creatinine,0.92,mg/dL,0.6,1.3,N,STAT,2025-06-14 02:52,2025-06-14 03:15,2025-06-14 04:03
LAB737731,ENC115915,PT11903,WBC,White Blood Cell Count,3,K/uL,4.5,11,L,STAT,2025-06-14 02:16,2025-06-14 02:29,2025-06-14 03:12
LAB737732,ENC115915,PT11903,HGB,Hemoglobin,11.5,g/dL,12,17.5,L,STAT,2025-06-14 02:34,2025-06-14 02:54,2025-06-14 03:32
LAB737733,ENC115916,PT12072,GLU,Glucose,103,mg/dL,70,99,H,Routine,2025-06-14 00:22,2025-06-14 00:47,2025-06-14 01:58
LAB737734,ENC115916,PT12072,CREAT,Creatinine,1.23,mg/dL,0.6,1.3,N,Routine,2025-06-14 00:17,2025-06-14 00:26,2025-06-14 02:37
LAB737735,ENC115916,PT12072,WBC,White Blood Cell Count,8,K/uL,4.5,11,N,STAT,2025-06-14 00:07,2025-06-14 00:39,2025-06-14 01:34
LAB737736,ENC115916,PT12072,HGB,Hemoglobin,15.8,g/dL,12,17.5,N,STAT,2025-06-13 23:38,2025-06-14 00:02,2025-06-14 00:50
LAB737737,ENC115916,PT12072,TROP,"Troponin I, High Sensitivity",7,ng/L,0,34,N,STAT,2025-06-13 23:52,2025-06-14 00:00,2025-06-14 00:40
LAB737738,ENC115918,PT10219,GLU,Glucose,144,mg/dL,70,99,H,STAT,2025-06-14 07:20,2025-06-14 07:55,2025-06-14 08:52
LAB737739,ENC115918,PT10219,CREAT,Creatinine,1.03,mg/dL,0.6,1.3,N,Routine,2025-06-14 08:01,2025-06-14 08:21,2025-06-14 13:43
LAB737740,ENC115918,PT10219,WBC,White Blood Cell Count,14.8,K/uL,4.5,11,H,Routine,2025-06-14 07:06,2025-06-14 07:34,2025-06-14 12:53
LAB737741,ENC115918,PT10219,HGB,Hemoglobin,13.9,g/dL,12,17.5,N,Routine,2025-06-14 08:00,2025-06-14 08:06,2025-06-14 09:54
LAB737742,ENC115920,PT12240,GLU,Glucose,136,mg/dL,70,99,H,STAT,2025-06-14 08:25,2025-06-14 08:57,2025-06-14 09:29
LAB737743,ENC115920,PT12240,CREAT,Creatinine,1.01,mg/dL,0.6,1.3,N,STAT,2025-06-14 09:11,2025-06-14 09:20,2025-06-14 10:34
LAB737744,ENC115920,PT12240,WBC,White Blood Cell Count,5.9,K/uL,4.5,11,N,STAT,2025-06-14 08:14,2025-06-14 08:41,2025-06-14 09:32
LAB737745,ENC115920,PT12240,TROP,"Troponin I, High Sensitivity",9,ng/L,0,34,N,STAT,2025-06-14 08:19,2025-06-14 08:40,2025-06-14 10:22
LAB737746,ENC115921,PT11569,GLU,Glucose,138,mg/dL,70,99,H,STAT,2025-06-14 08:51,2025-06-14 09:14,2025-06-14 10:14
LAB737747,ENC115921,PT11569,CREAT,Creatinine,1.01,mg/dL,0.6,1.3,N,STAT,2025-06-14 09:08,2025-06-14 09:15,2025-06-14 10:00
LAB737748,ENC115921,PT11569,WBC,White Blood Cell Count,8.3,K/uL,4.5,11,N,STAT,2025-06-14 09:06,2025-06-14 09:12,2025-06-14 10:23
LAB737749,ENC115921,PT11569,HGB,Hemoglobin,11.9,g/dL,12,17.5,L,Routine,2025-06-14 09:23,2025-06-14 09:53,2025-06-14 12:47
LAB737750,ENC115923,PT12604,GLU,Glucose,230,mg/dL,70,99,H,Routine,2025-06-14 09:38,2025-06-14 09:57,2025-06-14 11:45
LAB737751,ENC115923,PT12604,CREAT,Creatinine,0.72,mg/dL,0.6,1.3,N,Routine,2025-06-14 09:44,2025-06-14 10:01,2025-06-14 12:51
LAB737752,ENC115923,PT12604,WBC,White Blood Cell Count,8.5,K/uL,4.5,11,N,Routine,2025-06-14 09:13,2025-06-14 09:45,2025-06-14 11:30
LAB737753,ENC115924,PT13619,GLU,Glucose,124,mg/dL,70,99,H,Routine,2025-06-14 12:09,2025-06-14 12:20,2025-06-14 15:35
LAB737754,ENC115924,PT13619,CREAT,Creatinine,0.79,mg/dL,0.6,1.3,N,STAT,2025-06-14 12:21,2025-06-14 12:43,2025-06-14 13:11
LAB737755,ENC115924,PT13619,WBC,White Blood Cell Count,4.1,K/uL,4.5,11,L,STAT,2025-06-14 12:18,2025-06-14 12:26,2025-06-14 13:30
LAB737756,ENC115924,PT13619,HGB,Hemoglobin,14.8,g/dL,12,17.5,N,Routine,2025-06-14 12:43,2025-06-14 13:10,2025-06-14 16:46
LAB737757,ENC115926,PT12362,GLU,Glucose,110,mg/dL,70,99,H,Routine,2025-06-14 12:44,2025-06-14 12:50,2025-06-14 15:44
LAB737758,ENC115926,PT12362,CREAT,Creatinine,0.96,mg/dL,0.6,1.3,N,STAT,2025-06-14 13:23,2025-06-14 13:48,2025-06-14 14:16
LAB737759,ENC115927,PT10006,GLU,Glucose,117,mg/dL,70,99,H,STAT,2025-06-14 15:12,2025-06-14 15:25,2025-06-14 15:57
LAB737760,ENC115927,PT10006,CREAT,Creatinine,1.2,mg/dL,0.6,1.3,N,STAT,2025-06-14 15:22,2025-06-14 15:39,2025-06-14 16:44
LAB737761,ENC115927,PT10006,WBC,White Blood Cell Count,6.4,K/uL,4.5,11,N,STAT,2025-06-14 15:06,2025-06-14 15:31,2025-06-14 16:03
LAB737762,ENC115927,PT10006,HGB,Hemoglobin,13.7,g/dL,12,17.5,N,Routine,2025-06-14 16:00,2025-06-14 16:34,2025-06-14 20:07
LAB737763,ENC115927,PT10006,TROP,"Troponin I, High Sensitivity",10,ng/L,0,34,N,STAT,2025-06-14 15:40,2025-06-14 15:45,2025-06-14 16:42
LAB737764,ENC115927,PT10006,BNP,B-Type Natriuretic Peptide,1384,pg/mL,0,100,H,STAT,2025-06-14 15:24,2025-06-14 15:50,2025-06-14 16:53
LAB737765,ENC115928,PT13035,GLU,Glucose,89,mg/dL,70,99,N,Routine,2025-06-14 14:56,2025-06-14 15:01,2025-06-14 17:12
LAB737766,ENC115928,PT13035,CREAT,Creatinine,0.95,mg/dL,0.6,1.3,N,STAT,2025-06-14 15:16,2025-06-14 15:45,2025-06-14 16:47
LAB737767,ENC115928,PT13035,WBC,White Blood Cell Count,4.5,K/uL,4.5,11,N,Routine,2025-06-14 15:31,2025-06-14 15:44,2025-06-15 01:00
LAB737768,ENC115928,PT13035,HGB,Hemoglobin,6,g/dL,12,17.5,LL,STAT,2025-06-14 15:06,2025-06-14 15:10,2025-06-14 15:50
LAB737769,ENC115928,PT13035,LACT,Lactate,2.7,mmol/L,0.5,2,H,STAT,2025-06-14 15:04,2025-06-14 15:16,2025-06-14 15:56
LAB737770,ENC115928,PT13035,INR,Prothrombin Time INR,1.1,ratio,0.8,1.2,N,STAT,2025-06-14 15:31,2025-06-14 15:57,2025-06-14 16:36
LAB737771,ENC115930,PT11997,GLU,Glucose,130,mg/dL,70,99,H,Routine,2025-06-14 17:57,2025-06-14 18:04,2025-06-14 21:14
LAB737772,ENC115930,PT11997,CREAT,Creatinine,1.31,mg/dL,0.6,1.3,H,STAT,2025-06-14 17:17,2025-06-14 17:44,2025-06-14 18:54
LAB737773,ENC115930,PT11997,WBC,White Blood Cell Count,9.1,K/uL,4.5,11,N,Routine,2025-06-14 17:38,2025-06-14 18:12,2025-06-14 19:29
LAB737774,ENC115930,PT11997,HGB,Hemoglobin,14.8,g/dL,12,17.5,N,STAT,2025-06-14 17:25,2025-06-14 17:45,2025-06-14 18:16
LAB737775,ENC115932,PT12538,GLU,Glucose,219,mg/dL,70,99,H,STAT,2025-06-14 20:18,2025-06-14 20:38,2025-06-14 21:25
LAB737776,ENC115932,PT12538,CREAT,Creatinine,1.26,mg/dL,0.6,1.3,N,Routine,2025-06-14 19:35,2025-06-14 19:57,2025-06-14 23:12
LAB737777,ENC115932,PT12538,WBC,White Blood Cell Count,15.3,K/uL,4.5,11,H,Routine,2025-06-14 20:05,2025-06-14 20:26,2025-06-14 23:38
LAB737778,ENC115932,PT12538,HGB,Hemoglobin,13.1,g/dL,12,17.5,N,STAT,2025-06-14 20:31,2025-06-14 21:06,2025-06-14 22:00
LAB737779,ENC115933,PT10987,GLU,Glucose,137,mg/dL,70,99,H,STAT,2025-06-14 20:48,2025-06-14 21:04,2025-06-14 22:21
LAB737780,ENC115933,PT10987,CREAT,Creatinine,1.46,mg/dL,0.6,1.3,H,Routine,2025-06-14 20:58,2025-06-14 21:16,2025-06-14 23:57
LAB737781,ENC115933,PT10987,WBC,White Blood Cell Count,9.4,K/uL,4.5,11,N,STAT,2025-06-14 20:31,2025-06-14 20:59,2025-06-14 21:30
LAB737782,ENC115933,PT10987,HGB,Hemoglobin,12,g/dL,12,17.5,N,STAT,2025-06-14 21:25,2025-06-14 21:51,2025-06-14 22:52
LAB737783,ENC115933,PT10987,LACT,Lactate,3.9,mmol/L,0.5,2,H,STAT,2025-06-14 21:12,2025-06-14 21:34,2025-06-14 22:38
LAB737784,ENC115934,PT11036,GLU,Glucose,94,mg/dL,70,99,N,Routine,2025-06-14 22:40,2025-06-14 22:47,2025-06-15 01:25
LAB737785,ENC115934,PT11036,CREAT,Creatinine,0.58,mg/dL,0.6,1.3,L,STAT,2025-06-14 22:58,2025-06-14 23:23,2025-06-15 00:01
LAB737786,ENC115934,PT11036,WBC,White Blood Cell Count,6.9,K/uL,4.5,11,N,STAT,2025-06-14 22:55,2025-06-14 23:19,2025-06-15 00:27
LAB737787,ENC115934,PT11036,HGB,Hemoglobin,12.8,g/dL,12,17.5,N,STAT,2025-06-14 22:39,2025-06-14 22:45,2025-06-14 23:42
LAB737788,ENC115937,PT11548,GLU,Glucose,109,mg/dL,70,99,H,Routine,2025-06-14 23:00,2025-06-14 23:35,2025-06-15 02:14
LAB737789,ENC115937,PT11548,CREAT,Creatinine,0.95,mg/dL,0.6,1.3,N,STAT,2025-06-14 23:48,2025-06-14 23:52,2025-06-15 00:42
LAB737790,ENC115937,PT11548,WBC,White Blood Cell Count,8.8,K/uL,4.5,11,N,Routine,2025-06-14 23:57,2025-06-15 00:20,2025-06-15 03:49
LAB737791,ENC115937,PT11548,HGB,Hemoglobin,13.5,g/dL,12,17.5,N,STAT,2025-06-14 23:31,2025-06-14 23:53,2025-06-15 00:28
LAB737792,ENC115937,PT11548,NA,Sodium,141,mmol/L,136,145,N,STAT,2025-06-14 23:08,2025-06-14 23:34,2025-06-15 00:32
LAB737793,ENC115937,PT11548,K,Potassium,4,mmol/L,3.5,5.1,N,STAT,2025-06-14 23:51,2025-06-15 00:04,2025-06-15 01:09
LAB737794,ENC115939,PT13011,GLU,Glucose,112,mg/dL,70,99,H,Routine,2025-06-14 23:36,2025-06-15 00:02,2025-06-15 01:29
LAB737795,ENC115939,PT13011,CREAT,Creatinine,0.91,mg/dL,0.6,1.3,N,Routine,2025-06-15 00:25,2025-06-15 00:42,2025-06-15 01:56
LAB737796,ENC115939,PT13011,WBC,White Blood Cell Count,16.2,K/uL,4.5,11,H,STAT,2025-06-15 00:27,2025-06-15 00:38,2025-06-15 01:13
LAB737797,ENC115939,PT13011,HGB,Hemoglobin,13.2,g/dL,12,17.5,N,Routine,2025-06-15 00:01,2025-06-15 00:23,2025-06-15 01:13
LAB737798,ENC115940,PT12739,GLU,Glucose,132,mg/dL,70,99,H,STAT,2025-06-14 21:25,2025-06-14 21:58,2025-06-14 23:00
LAB737799,ENC115940,PT12739,CREAT,Creatinine,2.97,mg/dL,0.6,1.3,H,STAT,2025-06-14 22:16,2025-06-14 22:26,2025-06-14 23:40
LAB737800,ENC115940,PT12739,WBC,White Blood Cell Count,7.9,K/uL,4.5,11,N,STAT,2025-06-14 22:23,2025-06-14 22:54,2025-06-14 23:31
LAB737801,ENC115940,PT12739,HGB,Hemoglobin,15.2,g/dL,12,17.5,N,STAT,2025-06-14 22:06,2025-06-14 22:32,2025-06-14 23:23
LAB737802,ENC115940,PT12739,NA,Sodium,142,mmol/L,136,145,N,STAT,2025-06-14 22:05,2025-06-14 22:15,2025-06-15 00:16
LAB737803,ENC115940,PT12739,K,Potassium,5.4,mmol/L,3.5,5.1,H,STAT,2025-06-14 22:17,2025-06-14 22:49,2025-06-15 00:07
LAB737804,ENC115943,PT10417,GLU,Glucose,90,mg/dL,70,99,N,STAT,2025-06-15 12:45,2025-06-15 13:04,2025-06-15 13:28
LAB737805,ENC115943,PT10417,CREAT,Creatinine,0.72,mg/dL,0.6,1.3,N,STAT,2025-06-15 12:30,2025-06-15 12:57,2025-06-15 14:02
LAB737806,ENC115943,PT10417,WBC,White Blood Cell Count,9.5,K/uL,4.5,11,N,STAT,2025-06-15 12:58,2025-06-15 13:18,2025-06-15 14:30
LAB737807,ENC115945,PT10389,GLU,Glucose,87,mg/dL,70,99,N,STAT,2025-06-15 15:00,2025-06-15 15:19,2025-06-15 16:54
LAB737808,ENC115945,PT10389,CREAT,Creatinine,1.29,mg/dL,0.6,1.3,N,STAT,2025-06-15 15:01,2025-06-15 15:33,2025-06-15 16:16
LAB737809,ENC115946,PT13490,GLU,Glucose,124,mg/dL,70,99,H,Routine,2025-06-15 19:04,2025-06-15 19:18,2025-06-16 01:21
LAB737810,ENC115946,PT13490,CREAT,Creatinine,1.94,mg/dL,0.6,1.3,H,STAT,2025-06-15 19:10,2025-06-15 19:35,2025-06-15 20:16
LAB737811,ENC115946,PT13490,WBC,White Blood Cell Count,8.2,K/uL,4.5,11,N,Routine,2025-06-15 19:07,2025-06-15 19:27,2025-06-15 21:25
LAB737812,ENC115946,PT13490,HGB,Hemoglobin,15.3,g/dL,12,17.5,N,STAT,2025-06-15 19:30,2025-06-15 19:51,2025-06-15 21:26
LAB737813,ENC115946,PT13490,NA,Sodium,139,mmol/L,136,145,N,Routine,2025-06-15 19:41,2025-06-15 20:07,2025-06-15 21:37
LAB737814,ENC115946,PT13490,K,Potassium,5.5,mmol/L,3.5,5.1,H,STAT,2025-06-15 19:52,2025-06-15 19:57,2025-06-15 21:16
LAB737815,ENC115947,PT12511,GLU,Glucose,111,mg/dL,70,99,H,STAT,2025-06-15 16:53,2025-06-15 17:26,2025-06-15 18:11
LAB737816,ENC115947,PT12511,CREAT,Creatinine,1.19,mg/dL,0.6,1.3,N,STAT,2025-06-15 16:25,2025-06-15 16:44,2025-06-15 17:45
LAB737817,ENC115947,PT12511,WBC,White Blood Cell Count,6.7,K/uL,4.5,11,N,Routine,2025-06-15 16:52,2025-06-15 17:08,2025-06-15 20:09
LAB737818,ENC115947,PT12511,HGB,Hemoglobin,15.1,g/dL,12,17.5,N,Routine,2025-06-15 16:40,2025-06-15 16:57,2025-06-15 19:47
LAB737819,ENC115948,PT13312,GLU,Glucose,95,mg/dL,70,99,N,Routine,2025-06-15 16:42,2025-06-15 17:00,2025-06-15 22:38
LAB737820,ENC115948,PT13312,CREAT,Creatinine,0.76,mg/dL,0.6,1.3,N,STAT,2025-06-15 17:20,2025-06-15 17:45,2025-06-15 18:16
LAB737821,ENC115948,PT13312,WBC,White Blood Cell Count,10.4,K/uL,4.5,11,N,Routine,2025-06-15 17:00,2025-06-15 17:28,2025-06-15 20:29
LAB737822,ENC115948,PT13312,HGB,Hemoglobin,12.4,g/dL,12,17.5,N,STAT,2025-06-15 16:51,2025-06-15 17:07,2025-06-15 17:40
LAB737823,ENC115950,PT12720,TROP,"Troponin I, High Sensitivity",8,ng/L,0,34,N,STAT,2025-06-15 16:20,2025-06-15 16:30,2025-06-15 17:36
LAB737824,ENC115951,PT10063,GLU,Glucose,83,mg/dL,70,99,N,STAT,2025-06-15 17:34,2025-06-15 17:48,2025-06-15 18:36
LAB737825,ENC115951,PT10063,CREAT,Creatinine,0.92,mg/dL,0.6,1.3,N,STAT,2025-06-15 16:50,2025-06-15 16:59,2025-06-15 18:33
LAB737826,ENC115951,PT10063,WBC,White Blood Cell Count,7.8,K/uL,4.5,11,N,STAT,2025-06-15 17:12,2025-06-15 17:33,2025-06-15 18:47
LAB737827,ENC115951,PT10063,HGB,Hemoglobin,13.2,g/dL,12,17.5,N,STAT,2025-06-15 16:51,2025-06-15 16:59,2025-06-15 17:31
LAB737828,ENC115953,PT10244,GLU,Glucose,173,mg/dL,70,99,H,STAT,2025-06-15 21:27,2025-06-15 21:39,2025-06-15 22:27
LAB737829,ENC115953,PT10244,CREAT,Creatinine,0.95,mg/dL,0.6,1.3,N,Routine,2025-06-15 21:18,2025-06-15 21:38,2025-06-16 01:23
LAB737830,ENC115953,PT10244,WBC,White Blood Cell Count,6,K/uL,4.5,11,N,Routine,2025-06-15 21:48,2025-06-15 21:55,2025-06-16 00:50
LAB737831,ENC115955,PT12450,GLU,Glucose,101,mg/dL,70,99,H,STAT,2025-06-15 22:03,2025-06-15 22:37,2025-06-15 23:51
LAB737832,ENC115955,PT12450,CREAT,Creatinine,1.17,mg/dL,0.6,1.3,N,Routine,2025-06-15 21:32,2025-06-15 21:49,2025-06-16 01:34
LAB737833,ENC115955,PT12450,WBC,White Blood Cell Count,6.9,K/uL,4.5,11,N,STAT,2025-06-15 21:42,2025-06-15 21:56,2025-06-15 22:34
LAB737834,ENC115955,PT12450,HGB,Hemoglobin,14.8,g/dL,12,17.5,N,STAT,2025-06-15 21:34,2025-06-15 21:59,2025-06-15 22:24
LAB737835,ENC115956,PT10714,GLU,Glucose,72,mg/dL,70,99,N,STAT,2025-06-16 02:48,2025-06-16 03:07,2025-06-16 03:43
LAB737836,ENC115956,PT10714,CREAT,Creatinine,0.73,mg/dL,0.6,1.3,N,Routine,2025-06-16 03:25,2025-06-16 03:40,2025-06-16 05:45
LAB737837,ENC115957,PT11758,GLU,Glucose,111,mg/dL,70,99,H,Routine,2025-06-16 04:59,2025-06-16 05:06,2025-06-16 06:53
LAB737838,ENC115957,PT11758,CREAT,Creatinine,0.89,mg/dL,0.6,1.3,N,Routine,2025-06-16 04:55,2025-06-16 05:20,2025-06-16 06:46
LAB737839,ENC115957,PT11758,WBC,White Blood Cell Count,6.9,K/uL,4.5,11,N,Routine,2025-06-16 04:02,2025-06-16 04:24,2025-06-16 06:21
LAB737840,ENC115957,PT11758,HGB,Hemoglobin,13.6,g/dL,12,17.5,N,STAT,2025-06-16 04:23,2025-06-16 04:44,2025-06-16 05:29
LAB737841,ENC115958,PT12645,GLU,Glucose,82,mg/dL,70,99,N,STAT,2025-06-16 06:06,2025-06-16 06:34,2025-06-16 07:11
LAB737842,ENC115958,PT12645,CREAT,Creatinine,0.75,mg/dL,0.6,1.3,N,STAT,2025-06-16 05:43,2025-06-16 05:47,2025-06-16 06:33
LAB737843,ENC115958,PT12645,WBC,White Blood Cell Count,6.4,K/uL,4.5,11,N,Routine,2025-06-16 05:37,2025-06-16 05:47,2025-06-16 07:10
LAB737844,ENC115958,PT12645,HGB,Hemoglobin,12.3,g/dL,12,17.5,N,STAT,2025-06-16 05:36,2025-06-16 05:58,2025-06-16 06:44
LAB737845,ENC115960,PT13703,GLU,Glucose,113,mg/dL,70,99,H,STAT,2025-06-16 08:37,2025-06-16 08:54,2025-06-16 10:10
LAB737846,ENC115960,PT13703,CREAT,Creatinine,0.54,mg/dL,0.6,1.3,L,Routine,2025-06-16 08:50,2025-06-16 09:14,2025-06-16 13:28
LAB737847,ENC115960,PT13703,WBC,White Blood Cell Count,8.6,K/uL,4.5,11,N,STAT,2025-06-16 08:09,2025-06-16 08:32,2025-06-16 09:17
LAB737848,ENC115960,PT13703,HGB,Hemoglobin,12.1,g/dL,12,17.5,N,STAT,2025-06-16 08:49,2025-06-16 09:21,2025-06-16 09:49
LAB737849,ENC115962,PT10941,GLU,Glucose,176,mg/dL,70,99,H,Routine,2025-06-16 09:05,2025-06-16 09:14,2025-06-16 11:10
LAB737850,ENC115962,PT10941,CREAT,Creatinine,0.97,mg/dL,0.6,1.3,N,Routine,2025-06-16 09:40,2025-06-16 09:57,2025-06-16 14:54
LAB737851,ENC115964,PT13799,WBC,White Blood Cell Count,7.4,K/uL,4.5,11,N,Routine,2025-06-16 09:35,2025-06-16 09:56,2025-06-16 12:13
LAB737852,ENC115964,PT13799,HGB,Hemoglobin,15.9,g/dL,12,17.5,N,Routine,2025-06-16 09:28,2025-06-16 09:35,2025-06-16 11:25
LAB737853,ENC115964,PT13799,PLT,Platelet Count,270,K/uL,150,400,N,Routine,2025-06-16 09:20,2025-06-16 09:34,2025-06-16 12:32
LAB737854,ENC115965,PT13860,LDL,LDL Cholesterol,191,mg/dL,0,99,H,Routine,2025-06-16 10:24,2025-06-16 10:32,2025-06-16 17:00
LAB737855,ENC115967,PT10529,GLU,Glucose,122,mg/dL,70,99,H,STAT,2025-06-16 11:07,2025-06-16 11:17,2025-06-16 11:52
LAB737856,ENC115967,PT10529,CREAT,Creatinine,0.65,mg/dL,0.6,1.3,N,STAT,2025-06-16 10:35,2025-06-16 11:08,2025-06-16 11:50
LAB737857,ENC115967,PT10529,WBC,White Blood Cell Count,12.3,K/uL,4.5,11,H,STAT,2025-06-16 11:10,2025-06-16 11:41,2025-06-16 12:21
LAB737858,ENC115967,PT10529,HGB,Hemoglobin,11.6,g/dL,12,17.5,L,STAT,2025-06-16 10:32,2025-06-16 10:47,2025-06-16 11:49
LAB737859,ENC115969,PT12099,LDL,LDL Cholesterol,94,mg/dL,0,99,N,Routine,2025-06-16 11:13,2025-06-16 11:18,2025-06-17 09:34
LAB737860,ENC115969,PT12099,A1C,Hemoglobin A1c,5.4,%,4,5.6,N,Routine,2025-06-16 11:20,2025-06-16 11:43,2025-06-16 17:27
LAB737861,ENC115969,PT12099,TSH,Thyroid Stimulating Hormone,1.9,mIU/L,0.4,4,N,Routine,2025-06-16 11:21,2025-06-16 11:35,2025-06-16 20:37
LAB737862,ENC115970,PT10079,WBC,White Blood Cell Count,6.2,K/uL,4.5,11,N,Routine,2025-06-16 11:23,2025-06-16 11:40,2025-06-16 16:18
LAB737863,ENC115970,PT10079,HGB,Hemoglobin,14.6,g/dL,12,17.5,N,Routine,2025-06-16 11:20,2025-06-16 11:44,2025-06-16 18:51
LAB737864,ENC115970,PT10079,PLT,Platelet Count,130,K/uL,150,400,L,Routine,2025-06-16 11:30,2025-06-16 12:03,2025-06-16 15:57
LAB737865,ENC115971,PT11524,GLU,Glucose,133,mg/dL,70,99,H,Routine,2025-06-16 11:52,2025-06-16 11:58,2025-06-16 13:46
LAB737866,ENC115971,PT11524,CREAT,Creatinine,1.08,mg/dL,0.6,1.3,N,STAT,2025-06-16 12:27,2025-06-16 13:01,2025-06-16 13:23
LAB737867,ENC115971,PT11524,WBC,White Blood Cell Count,8.3,K/uL,4.5,11,N,STAT,2025-06-16 11:28,2025-06-16 11:57,2025-06-16 13:12
LAB737868,ENC115978,PT10605,GLU,Glucose,116,mg/dL,70,99,H,STAT,2025-06-16 14:32,2025-06-16 14:56,2025-06-16 16:10
LAB737869,ENC115978,PT10605,CREAT,Creatinine,0.84,mg/dL,0.6,1.3,N,STAT,2025-06-16 14:03,2025-06-16 14:30,2025-06-16 15:21
LAB737870,ENC115978,PT10605,WBC,White Blood Cell Count,7.3,K/uL,4.5,11,N,Routine,2025-06-16 14:05,2025-06-16 14:09,2025-06-16 18:20
LAB737871,ENC115978,PT10605,HGB,Hemoglobin,13.3,g/dL,12,17.5,N,Routine,2025-06-16 14:20,2025-06-16 14:50,2025-06-16 20:44
LAB737872,ENC115978,PT10605,INR,Prothrombin Time INR,2.3,ratio,0.8,1.2,H,Routine,2025-06-16 14:15,2025-06-16 14:30,2025-06-16 17:17
LAB737873,ENC115979,PT10679,GLU,Glucose,170,mg/dL,70,99,H,STAT,2025-06-16 18:04,2025-06-16 18:08,2025-06-16 18:49
LAB737874,ENC115979,PT10679,CREAT,Creatinine,0.8,mg/dL,0.6,1.3,N,STAT,2025-06-16 18:48,2025-06-16 19:14,2025-06-16 20:27
LAB737875,ENC115979,PT10679,WBC,White Blood Cell Count,18.6,K/uL,4.5,11,H,STAT,2025-06-16 18:44,2025-06-16 18:52,2025-06-16 19:25
LAB737876,ENC115979,PT10679,HGB,Hemoglobin,14.3,g/dL,12,17.5,N,STAT,2025-06-16 18:32,2025-06-16 18:42,2025-06-16 19:35
LAB737877,ENC115979,PT10679,NA,Sodium,138,mmol/L,136,145,N,Routine,2025-06-16 17:47,2025-06-16 18:04,2025-06-16 20:00
LAB737878,ENC115979,PT10679,K,Potassium,4,mmol/L,3.5,5.1,N,STAT,2025-06-16 18:01,2025-06-16 18:32,2025-06-16 18:53
LAB737879,ENC115981,PT10490,WBC,White Blood Cell Count,8.1,K/uL,4.5,11,N,Routine,2025-06-16 14:26,2025-06-16 14:53,2025-06-16 16:26
LAB737880,ENC115981,PT10490,HGB,Hemoglobin,12.8,g/dL,12,17.5,N,Routine,2025-06-16 14:39,2025-06-16 15:04,2025-06-16 17:34
LAB737881,ENC115981,PT10490,PLT,Platelet Count,207,K/uL,150,400,N,Routine,2025-06-16 14:43,2025-06-16 15:06,2025-06-16 17:38
LAB737882,ENC115985,PT11716,GLU,Glucose,93,mg/dL,70,99,N,Routine,2025-06-16 19:36,2025-06-16 20:03,2025-06-16 21:20
LAB737883,ENC115985,PT11716,CREAT,Creatinine,0.58,mg/dL,0.6,1.3,L,Routine,2025-06-16 20:29,2025-06-16 20:45,2025-06-16 23:40
LAB737884,ENC115985,PT11716,WBC,White Blood Cell Count,10.2,K/uL,4.5,11,N,STAT,2025-06-16 20:08,2025-06-16 20:35,2025-06-16 21:42
LAB737885,ENC115985,PT11716,HGB,Hemoglobin,14.7,g/dL,12,17.5,N,STAT,2025-06-16 20:09,2025-06-16 20:14,2025-06-16 21:08
LAB737886,ENC115985,PT11716,INR,Prothrombin Time INR,1,ratio,0.8,1.2,N,Routine,2025-06-16 19:35,2025-06-16 20:01,2025-06-16 21:38
LAB737887,ENC115987,PT12330,GLU,Glucose,96,mg/dL,70,99,N,STAT,2025-06-16 19:52,2025-06-16 20:15,2025-06-16 21:09
LAB737888,ENC115987,PT12330,CREAT,Creatinine,1.13,mg/dL,0.6,1.3,N,Routine,2025-06-16 20:03,2025-06-16 20:10,2025-06-17 01:42
LAB737889,ENC115987,PT12330,WBC,White Blood Cell Count,3.7,K/uL,4.5,11,L,STAT,2025-06-16 19:55,2025-06-16 20:23,2025-06-16 20:58
LAB737890,ENC115987,PT12330,HGB,Hemoglobin,12.3,g/dL,12,17.5,N,Routine,2025-06-16 20:36,2025-06-16 21:00,2025-06-17 05:16
LAB737891,ENC115987,PT12330,INR,Prothrombin Time INR,2.4,ratio,0.8,1.2,H,Routine,2025-06-16 20:17,2025-06-16 20:34,2025-06-16 22:53
LAB737892,ENC115988,PT13008,GLU,Glucose,120,mg/dL,70,99,H,Routine,2025-06-17 02:25,2025-06-17 02:49,2025-06-17 04:37
LAB737893,ENC115988,PT13008,CREAT,Creatinine,0.71,mg/dL,0.6,1.3,N,Routine,2025-06-17 02:49,2025-06-17 03:08,2025-06-17 04:35
LAB737894,ENC115988,PT13008,WBC,White Blood Cell Count,4.9,K/uL,4.5,11,N,STAT,2025-06-17 02:00,2025-06-17 02:33,2025-06-17 03:05
LAB737895,ENC115988,PT13008,HGB,Hemoglobin,16.7,g/dL,12,17.5,N,Routine,2025-06-17 02:51,2025-06-17 03:02,2025-06-17 05:14
LAB737896,ENC115994,PT10566,A1C,Hemoglobin A1c,10.2,%,4,5.6,H,Routine,2025-06-17 09:12,2025-06-17 09:43,2025-06-18 04:37
LAB737897,ENC115994,PT10566,GLU,Glucose,389,mg/dL,70,99,H,Routine,2025-06-17 09:02,2025-06-17 09:28,2025-06-17 13:54
LAB737898,ENC115994,PT10566,CREAT,Creatinine,1.02,mg/dL,0.6,1.3,N,Routine,2025-06-17 09:10,2025-06-17 09:31,2025-06-17 11:48
LAB737899,ENC115995,PT12475,WBC,White Blood Cell Count,10.7,K/uL,4.5,11,N,Routine,2025-06-17 09:23,2025-06-17 09:46,2025-06-17 13:42
LAB737900,ENC115995,PT12475,HGB,Hemoglobin,15.5,g/dL,12,17.5,N,Routine,2025-06-17 09:06,2025-06-17 09:27,2025-06-17 13:39
LAB737901,ENC115995,PT12475,PLT,Platelet Count,288,K/uL,150,400,N,Routine,2025-06-17 09:19,2025-06-17 09:54,2025-06-17 11:05
LAB737902,ENC115996,PT12337,GLU,Glucose,113,mg/dL,70,99,H,Routine,2025-06-17 12:50,2025-06-17 13:16,2025-06-17 16:18
LAB737903,ENC115996,PT12337,CREAT,Creatinine,2.87,mg/dL,0.6,1.3,H,STAT,2025-06-17 12:34,2025-06-17 12:44,2025-06-17 13:36
LAB737904,ENC115996,PT12337,WBC,White Blood Cell Count,6.9,K/uL,4.5,11,N,STAT,2025-06-17 12:35,2025-06-17 13:08,2025-06-17 13:52
LAB737905,ENC115996,PT12337,HGB,Hemoglobin,15.4,g/dL,12,17.5,N,Routine,2025-06-17 12:00,2025-06-17 12:15,2025-06-17 18:56
LAB737906,ENC115996,PT12337,NA,Sodium,140,mmol/L,136,145,N,STAT,2025-06-17 12:41,2025-06-17 12:59,2025-06-17 14:01
LAB737907,ENC115996,PT12337,K,Potassium,6,mmol/L,3.5,5.1,H,STAT,2025-06-17 12:38,2025-06-17 13:02,2025-06-17 13:58
LAB737908,ENC115997,PT10423,A1C,Hemoglobin A1c,10.6,%,4,5.6,H,Routine,2025-06-17 10:23,2025-06-17 10:41,2025-06-18 08:55
LAB737909,ENC115998,PT11705,LDL,LDL Cholesterol,118,mg/dL,0,99,H,Routine,2025-06-17 11:29,2025-06-17 11:36,2025-06-18 07:59
LAB737910,ENC115998,PT11705,A1C,Hemoglobin A1c,6.6,%,4,5.6,H,Routine,2025-06-17 11:05,2025-06-17 11:17,2025-06-18 12:33
LAB737911,ENC116002,PT12539,LDL,LDL Cholesterol,95,mg/dL,0,99,N,Routine,2025-06-17 11:42,2025-06-17 12:10,2025-06-17 21:08
LAB737912,ENC116002,PT12539,TSH,Thyroid Stimulating Hormone,4.55,mIU/L,0.4,4,H,Routine,2025-06-17 11:35,2025-06-17 12:06,2025-06-17 16:00
LAB737913,ENC116004,PT12266,A1C,Hemoglobin A1c,9,%,4,5.6,H,Routine,2025-06-17 12:25,2025-06-17 12:52,2025-06-18 14:13
LAB737914,ENC116005,PT12179,GLU,Glucose,67,mg/dL,70,99,L,STAT,2025-06-17 18:27,2025-06-17 18:39,2025-06-17 19:13
LAB737915,ENC116005,PT12179,CREAT,Creatinine,1.24,mg/dL,0.6,1.3,N,STAT,2025-06-17 17:48,2025-06-17 18:22,2025-06-17 19:05
LAB737916,ENC116005,PT12179,WBC,White Blood Cell Count,7.9,K/uL,4.5,11,N,STAT,2025-06-17 17:35,2025-06-17 17:43,2025-06-17 19:02
LAB737917,ENC116005,PT12179,HGB,Hemoglobin,12.2,g/dL,12,17.5,N,Routine,2025-06-17 17:29,2025-06-17 17:55,2025-06-17 20:23
LAB737918,ENC116005,PT12179,TROP,"Troponin I, High Sensitivity",0,ng/L,0,34,N,STAT,2025-06-17 17:49,2025-06-17 18:14,2025-06-17 18:46
LAB737919,ENC116006,PT12893,LDL,LDL Cholesterol,145,mg/dL,0,99,H,Routine,2025-06-17 12:45,2025-06-17 12:53,2025-06-18 02:02
LAB737920,ENC116006,PT12893,TSH,Thyroid Stimulating Hormone,0.41,mIU/L,0.4,4,N,Routine,2025-06-17 12:50,2025-06-17 13:03,2025-06-18 14:58
LAB737921,ENC116010,PT11468,LDL,LDL Cholesterol,112,mg/dL,0,99,H,Routine,2025-06-17 15:13,2025-06-17 15:22,2025-06-18 08:38
LAB737922,ENC116011,PT10693,GLU,Glucose,138,mg/dL,70,99,H,Routine,2025-06-17 16:03,2025-06-17 16:31,2025-06-17 17:38
LAB737923,ENC116011,PT10693,CREAT,Creatinine,1.03,mg/dL,0.6,1.3,N,Routine,2025-06-17 15:41,2025-06-17 16:05,2025-06-17 21:30
LAB737924,ENC116011,PT10693,WBC,White Blood Cell Count,20.2,K/uL,4.5,11,H,STAT,2025-06-17 16:08,2025-06-17 16:31,2025-06-17 17:22
LAB737925,ENC116011,PT10693,HGB,Hemoglobin,14.2,g/dL,12,17.5,N,Routine,2025-06-17 15:40,2025-06-17 15:47,2025-06-17 19:48
LAB737926,ENC116011,PT10693,NA,Sodium,143,mmol/L,136,145,N,STAT,2025-06-17 15:44,2025-06-17 16:18,2025-06-17 17:08
LAB737927,ENC116011,PT10693,K,Potassium,4.3,mmol/L,3.5,5.1,N,STAT,2025-06-17 16:29,2025-06-17 16:37,2025-06-17 17:09
LAB737928,ENC116012,PT11835,TROP,"Troponin I, High Sensitivity",3,ng/L,0,34,N,STAT,2025-06-17 17:00,2025-06-17 17:25,2025-06-17 17:47
LAB737929,ENC116015,PT10388,GLU,Glucose,110,mg/dL,70,99,H,STAT,2025-06-17 21:13,2025-06-17 21:37,2025-06-17 22:02
LAB737930,ENC116015,PT10388,CREAT,Creatinine,0.66,mg/dL,0.6,1.3,N,STAT,2025-06-17 21:03,2025-06-17 21:19,2025-06-17 21:51
LAB737931,ENC116015,PT10388,WBC,White Blood Cell Count,2.8,K/uL,4.5,11,L,Routine,2025-06-17 20:36,2025-06-17 20:55,2025-06-18 00:54
LAB737932,ENC116015,PT10388,HGB,Hemoglobin,15.1,g/dL,12,17.5,N,STAT,2025-06-17 20:41,2025-06-17 20:47,2025-06-17 21:59
LAB737933,ENC116015,PT10388,TROP,"Troponin I, High Sensitivity",12,ng/L,0,34,N,STAT,2025-06-17 21:16,2025-06-17 21:51,2025-06-17 22:30
LAB737934,ENC116016,PT12678,GLU,Glucose,106,mg/dL,70,99,H,STAT,2025-06-17 22:32,2025-06-17 22:40,2025-06-17 23:46
LAB737935,ENC116016,PT12678,CREAT,Creatinine,1.16,mg/dL,0.6,1.3,N,STAT,2025-06-17 22:38,2025-06-17 23:02,2025-06-17 23:58
LAB737936,ENC116016,PT12678,WBC,White Blood Cell Count,5.7,K/uL,4.5,11,N,STAT,2025-06-17 23:01,2025-06-17 23:14,2025-06-18 00:03
LAB737937,ENC116016,PT12678,HGB,Hemoglobin,13.4,g/dL,12,17.5,N,Routine,2025-06-17 22:50,2025-06-17 22:54,2025-06-18 02:40
LAB737938,ENC116018,PT10827,GLU,Glucose,71,mg/dL,70,99,N,STAT,2025-06-17 20:20,2025-06-17 20:26,2025-06-17 20:51
LAB737939,ENC116018,PT10827,CREAT,Creatinine,1.22,mg/dL,0.6,1.3,N,Routine,2025-06-17 19:55,2025-06-17 20:01,2025-06-17 23:26
LAB737940,ENC116018,PT10827,WBC,White Blood Cell Count,5.3,K/uL,4.5,11,N,STAT,2025-06-17 20:07,2025-06-17 20:40,2025-06-17 21:33
LAB737941,ENC116018,PT10827,HGB,Hemoglobin,12.6,g/dL,12,17.5,N,STAT,2025-06-17 20:33,2025-06-17 20:38,2025-06-17 20:58
LAB737942,ENC116018,PT10827,TROP,"Troponin I, High Sensitivity",84,ng/L,0,34,H,STAT,2025-06-17 20:08,2025-06-17 20:38,2025-06-17 21:02
LAB737943,ENC116018,PT10827,BNP,B-Type Natriuretic Peptide,259,pg/mL,0,100,H,STAT,2025-06-17 19:55,2025-06-17 20:10,2025-06-17 20:44
LAB737944,ENC116019,PT10595,GLU,Glucose,131,mg/dL,70,99,H,STAT,2025-06-17 20:46,2025-06-17 21:08,2025-06-17 21:40
LAB737945,ENC116019,PT10595,CREAT,Creatinine,1.47,mg/dL,0.6,1.3,H,Routine,2025-06-17 20:48,2025-06-17 20:53,2025-06-17 23:10
LAB737946,ENC116019,PT10595,WBC,White Blood Cell Count,5.7,K/uL,4.5,11,N,STAT,2025-06-17 21:05,2025-06-17 21:34,2025-06-17 22:32
LAB737947,ENC116019,PT10595,TROP,"Troponin I, High Sensitivity",2,ng/L,0,34,N,STAT,2025-06-17 21:02,2025-06-17 21:21,2025-06-17 21:40
LAB737948,ENC116020,PT13661,GLU,Glucose,91,mg/dL,70,99,N,STAT,2025-06-17 23:16,2025-06-17 23:31,2025-06-18 00:26
LAB737949,ENC116020,PT13661,CREAT,Creatinine,0.44,mg/dL,0.6,1.3,L,Routine,2025-06-17 23:32,2025-06-18 00:03,2025-06-18 03:00
LAB737950,ENC116020,PT13661,WBC,White Blood Cell Count,7.9,K/uL,4.5,11,N,STAT,2025-06-17 23:51,2025-06-18 00:18,2025-06-18 00:53
LAB737951,ENC116020,PT13661,HGB,Hemoglobin,13.3,g/dL,12,17.5,N,STAT,2025-06-18 00:08,2025-06-18 00:39,2025-06-18 01:16
LAB737952,ENC116025,PT13926,GLU,Glucose,131,mg/dL,70,99,H,STAT,2025-06-18 12:31,2025-06-18 13:01,2025-06-18 13:29
LAB737953,ENC116025,PT13926,CREAT,Creatinine,1.09,mg/dL,0.6,1.3,N,STAT,2025-06-18 12:46,2025-06-18 13:06,2025-06-18 13:30
LAB737954,ENC116025,PT13926,WBC,White Blood Cell Count,8,K/uL,4.5,11,N,Routine,2025-06-18 12:09,2025-06-18 12:28,2025-06-18 14:28
LAB737955,ENC116025,PT13926,HGB,Hemoglobin,15.6,g/dL,12,17.5,N,STAT,2025-06-18 11:40,2025-06-18 12:14,2025-06-18 13:13
LAB737956,ENC116026,PT10413,GLU,Glucose,103,mg/dL,70,99,H,STAT,2025-06-18 13:50,2025-06-18 14:25,2025-06-18 15:41
LAB737957,ENC116026,PT10413,CREAT,Creatinine,2.25,mg/dL,0.6,1.3,H,STAT,2025-06-18 13:55,2025-06-18 14:26,2025-06-18 15:02
LAB737958,ENC116026,PT10413,WBC,White Blood Cell Count,16.6,K/uL,4.5,11,H,STAT,2025-06-18 13:20,2025-06-18 13:33,2025-06-18 15:13
LAB737959,ENC116026,PT10413,HGB,Hemoglobin,12.3,g/dL,12,17.5,N,STAT,2025-06-18 13:04,2025-06-18 13:35,2025-06-18 14:39
LAB737960,ENC116026,PT10413,LACT,Lactate,3.5,mmol/L,0.5,2,H,STAT,2025-06-18 13:10,2025-06-18 13:18,2025-06-18 13:42
LAB737961,ENC116027,PT10966,A1C,Hemoglobin A1c,10.9,%,4,5.6,H,STAT,2025-06-18 09:23,2025-06-18 09:38,2025-06-18 10:05
LAB737962,ENC116028,PT12806,GLU,Glucose,107,mg/dL,70,99,H,STAT,2025-06-18 11:34,2025-06-18 11:56,2025-06-18 12:45
LAB737963,ENC116028,PT12806,CREAT,Creatinine,0.63,mg/dL,0.6,1.3,N,Routine,2025-06-18 11:26,2025-06-18 11:40,2025-06-18 13:44
LAB737964,ENC116028,PT12806,WBC,White Blood Cell Count,9.3,K/uL,4.5,11,N,STAT,2025-06-18 11:03,2025-06-18 11:31,2025-06-18 12:30
LAB737965,ENC116028,PT12806,HGB,Hemoglobin,13.6,g/dL,12,17.5,N,STAT,2025-06-18 11:12,2025-06-18 11:34,2025-06-18 12:40
LAB737966,ENC116028,PT12806,NA,Sodium,136,mmol/L,136,145,N,Routine,2025-06-18 10:47,2025-06-18 11:09,2025-06-18 14:45
LAB737967,ENC116028,PT12806,K,Potassium,4.4,mmol/L,3.5,5.1,N,STAT,2025-06-18 10:27,2025-06-18 10:53,2025-06-18 11:31
LAB737968,ENC116029,PT10941,GLU,Glucose,152,mg/dL,70,99,H,STAT,2025-06-18 10:34,2025-06-18 10:49,2025-06-18 11:29
LAB737969,ENC116029,PT10941,CREAT,Creatinine,0.96,mg/dL,0.6,1.3,N,Routine,2025-06-18 11:35,2025-06-18 12:09,2025-06-18 16:15
LAB737970,ENC116029,PT10941,WBC,White Blood Cell Count,7.8,K/uL,4.5,11,N,STAT,2025-06-18 11:12,2025-06-18 11:21,2025-06-18 11:56
LAB737971,ENC116030,PT11733,WBC,White Blood Cell Count,6.1,K/uL,4.5,11,N,Routine,2025-06-18 10:48,2025-06-18 11:01,2025-06-18 12:47
LAB737972,ENC116030,PT11733,HGB,Hemoglobin,10.7,g/dL,12,17.5,L,Routine,2025-06-18 10:52,2025-06-18 11:14,2025-06-18 13:17
LAB737973,ENC116030,PT11733,PLT,Platelet Count,247,K/uL,150,400,N,Routine,2025-06-18 10:53,2025-06-18 11:00,2025-06-18 14:40
LAB737974,ENC116032,PT10596,GLU,Glucose,125,mg/dL,70,99,H,Routine,2025-06-18 11:58,2025-06-18 12:31,2025-06-18 15:33
LAB737975,ENC116032,PT10596,CREAT,Creatinine,0.95,mg/dL,0.6,1.3,N,Routine,2025-06-18 12:05,2025-06-18 12:39,2025-06-18 16:05
LAB737976,ENC116033,PT12361,A1C,Hemoglobin A1c,10.3,%,4,5.6,H,Routine,2025-06-18 12:11,2025-06-18 12:24,2025-06-20 00:51
LAB737977,ENC116033,PT12361,GLU,Glucose,360,mg/dL,70,99,H,Routine,2025-06-18 12:12,2025-06-18 12:32,2025-06-18 16:33
LAB737978,ENC116033,PT12361,CREAT,Creatinine,1.01,mg/dL,0.6,1.3,N,Routine,2025-06-18 12:12,2025-06-18 12:28,2025-06-18 15:51
LAB737979,ENC116036,PT10338,LDL,LDL Cholesterol,128,mg/dL,0,99,H,Routine,2025-06-18 13:30,2025-06-18 13:41,2025-06-19 21:49
LAB737980,ENC116036,PT10338,A1C,Hemoglobin A1c,8.4,%,4,5.6,H,Routine,2025-06-18 13:22,2025-06-18 13:29,2025-06-18 20:35
LAB737981,ENC116036,PT10338,TSH,Thyroid Stimulating Hormone,2.34,mIU/L,0.4,4,N,Routine,2025-06-18 13:25,2025-06-18 13:29,2025-06-19 17:48
LAB737982,ENC116037,PT11959,GLU,Glucose,111,mg/dL,70,99,H,Routine,2025-06-18 16:32,2025-06-18 17:03,2025-06-18 19:03
LAB737983,ENC116037,PT11959,CREAT,Creatinine,1.2,mg/dL,0.6,1.3,N,Routine,2025-06-18 17:01,2025-06-18 17:21,2025-06-18 19:37
LAB737984,ENC116037,PT11959,WBC,White Blood Cell Count,3.9,K/uL,4.5,11,L,STAT,2025-06-18 16:42,2025-06-18 17:08,2025-06-18 18:08
LAB737985,ENC116037,PT11959,HGB,Hemoglobin,14.3,g/dL,12,17.5,N,STAT,2025-06-18 16:50,2025-06-18 17:15,2025-06-18 18:39
LAB737986,ENC116039,PT10302,GLU,Glucose,88,mg/dL,70,99,N,STAT,2025-06-18 18:31,2025-06-18 18:55,2025-06-18 19:33
LAB737987,ENC116039,PT10302,CREAT,Creatinine,0.47,mg/dL,0.6,1.3,L,Routine,2025-06-18 18:32,2025-06-18 18:56,2025-06-18 21:06
LAB737988,ENC116039,PT10302,WBC,White Blood Cell Count,14.6,K/uL,4.5,11,H,STAT,2025-06-18 18:54,2025-06-18 19:12,2025-06-18 21:15
LAB737989,ENC116039,PT10302,HGB,Hemoglobin,14.1,g/dL,12,17.5,N,STAT,2025-06-18 18:42,2025-06-18 18:50,2025-06-18 20:01
LAB737990,ENC116040,PT12643,WBC,White Blood Cell Count,11.4,K/uL,4.5,11,H,Routine,2025-06-18 14:01,2025-06-18 14:28,2025-06-18 15:37
LAB737991,ENC116040,PT12643,HGB,Hemoglobin,12.4,g/dL,12,17.5,N,Routine,2025-06-18 13:53,2025-06-18 14:16,2025-06-18 16:45
LAB737992,ENC116040,PT12643,PLT,Platelet Count,278,K/uL,150,400,N,Routine,2025-06-18 13:54,2025-06-18 14:21,2025-06-18 16:50
LAB737993,ENC116041,PT13460,GLU,Glucose,99,mg/dL,70,99,N,Routine,2025-06-18 19:11,2025-06-18 19:19,2025-06-19 01:21
LAB737994,ENC116041,PT13460,CREAT,Creatinine,1.06,mg/dL,0.6,1.3,N,STAT,2025-06-18 19:50,2025-06-18 20:25,2025-06-18 20:47
LAB737995,ENC116041,PT13460,WBC,White Blood Cell Count,6.3,K/uL,4.5,11,N,Routine,2025-06-18 19:45,2025-06-18 20:03,2025-06-19 02:02
LAB737996,ENC116041,PT13460,HGB,Hemoglobin,13.4,g/dL,12,17.5,N,Routine,2025-06-18 18:49,2025-06-18 19:18,2025-06-18 23:19
LAB737997,ENC116041,PT13460,TROP,"Troponin I, High Sensitivity",67,ng/L,0,34,H,STAT,2025-06-18 18:56,2025-06-18 19:25,2025-06-18 19:56
LAB737998,ENC116041,PT13460,BNP,B-Type Natriuretic Peptide,496,pg/mL,0,100,H,STAT,2025-06-18 19:32,2025-06-18 20:01,2025-06-18 20:30
LAB737999,ENC116042,PT13601,GLU,Glucose,322,mg/dL,70,99,H,STAT,2025-06-18 15:32,2025-06-18 16:06,2025-06-18 16:42
LAB738000,ENC116042,PT13601,CREAT,Creatinine,0.96,mg/dL,0.6,1.3,N,Routine,2025-06-18 15:59,2025-06-18 16:22,2025-06-18 22:12
LAB738001,ENC116042,PT13601,WBC,White Blood Cell Count,7.2,K/uL,4.5,11,N,Routine,2025-06-18 15:51,2025-06-18 16:25,2025-06-18 17:36
LAB738002,ENC116042,PT13601,HGB,Hemoglobin,12.5,g/dL,12,17.5,N,STAT,2025-06-18 15:58,2025-06-18 16:15,2025-06-18 17:10
LAB738003,ENC116042,PT13601,NA,Sodium,137,mmol/L,136,145,N,Routine,2025-06-18 15:18,2025-06-18 15:51,2025-06-18 20:01
LAB738004,ENC116042,PT13601,K,Potassium,4.2,mmol/L,3.5,5.1,N,STAT,2025-06-18 15:30,2025-06-18 15:57,2025-06-18 16:57
LAB738005,ENC116042,PT13601,A1C,Hemoglobin A1c,8.3,%,4,5.6,H,STAT,2025-06-18 15:33,2025-06-18 16:04,2025-06-18 16:39
LAB738006,ENC116043,PT10885,LDL,LDL Cholesterol,131,mg/dL,0,99,H,Routine,2025-06-18 15:20,2025-06-18 15:34,2025-06-19 13:06
LAB738007,ENC116044,PT12683,GLU,Glucose,130,mg/dL,70,99,H,STAT,2025-06-18 18:36,2025-06-18 19:06,2025-06-18 19:26
LAB738008,ENC116044,PT12683,CREAT,Creatinine,1.3,mg/dL,0.6,1.3,N,Routine,2025-06-18 19:43,2025-06-18 19:55,2025-06-18 23:48
LAB738009,ENC116044,PT12683,WBC,White Blood Cell Count,9.3,K/uL,4.5,11,N,STAT,2025-06-18 19:28,2025-06-18 19:36,2025-06-18 20:15
LAB738010,ENC116044,PT12683,HGB,Hemoglobin,12.5,g/dL,12,17.5,N,STAT,2025-06-18 18:53,2025-06-18 18:58,2025-06-18 19:25
LAB738011,ENC116044,PT12683,NA,Sodium,133,mmol/L,136,145,L,STAT,2025-06-18 18:51,2025-06-18 19:26,2025-06-18 20:01
LAB738012,ENC116044,PT12683,K,Potassium,4.1,mmol/L,3.5,5.1,N,STAT,2025-06-18 19:00,2025-06-18 19:24,2025-06-18 19:59
LAB738013,ENC116044,PT12683,INR,Prothrombin Time INR,1,ratio,0.8,1.2,N,Routine,2025-06-18 19:08,2025-06-18 19:14,2025-06-18 21:10
LAB738014,ENC116045,PT11310,GLU,Glucose,239,mg/dL,70,99,H,STAT,2025-06-18 16:10,2025-06-18 16:29,2025-06-18 17:19
LAB738015,ENC116045,PT11310,CREAT,Creatinine,0.92,mg/dL,0.6,1.3,N,Routine,2025-06-18 16:11,2025-06-18 16:35,2025-06-18 18:25
LAB738016,ENC116045,PT11310,WBC,White Blood Cell Count,4.2,K/uL,4.5,11,L,STAT,2025-06-18 15:40,2025-06-18 16:15,2025-06-18 16:59
LAB738017,ENC116045,PT11310,TROP,"Troponin I, High Sensitivity",7,ng/L,0,34,N,STAT,2025-06-18 15:25,2025-06-18 15:58,2025-06-18 16:28
LAB738018,ENC116046,PT11442,WBC,White Blood Cell Count,8.5,K/uL,4.5,11,N,Routine,2025-06-18 15:41,2025-06-18 16:01,2025-06-18 17:52
LAB738019,ENC116046,PT11442,HGB,Hemoglobin,15.8,g/dL,12,17.5,N,Routine,2025-06-18 15:24,2025-06-18 15:56,2025-06-18 19:01
LAB738020,ENC116046,PT11442,PLT,Platelet Count,226,K/uL,150,400,N,Routine,2025-06-18 15:44,2025-06-18 16:14,2025-06-18 21:03
LAB738021,ENC116047,PT12826,GLU,Glucose,100,mg/dL,70,99,H,Routine,2025-06-18 15:34,2025-06-18 15:38,2025-06-18 17:15
LAB738022,ENC116047,PT12826,CREAT,Creatinine,0.86,mg/dL,0.6,1.3,N,STAT,2025-06-18 16:39,2025-06-18 16:50,2025-06-18 17:28
LAB738023,ENC116047,PT12826,WBC,White Blood Cell Count,7.6,K/uL,4.5,11,N,STAT,2025-06-18 15:41,2025-06-18 16:05,2025-06-18 16:53
LAB738024,ENC116047,PT12826,HGB,Hemoglobin,11.7,g/dL,12,17.5,L,Routine,2025-06-18 16:04,2025-06-18 16:20,2025-06-18 19:27
LAB738025,ENC116047,PT12826,TROP,"Troponin I, High Sensitivity",2,ng/L,0,34,N,STAT,2025-06-18 15:48,2025-06-18 16:11,2025-06-18 17:08
LAB738026,ENC116047,PT12826,BNP,B-Type Natriuretic Peptide,1472,pg/mL,0,100,H,Routine,2025-06-18 16:18,2025-06-18 16:38,2025-06-18 21:01
LAB738027,ENC116049,PT13026,GLU,Glucose,111,mg/dL,70,99,H,STAT,2025-06-18 19:05,2025-06-18 19:23,2025-06-18 21:06
LAB738028,ENC116049,PT13026,CREAT,Creatinine,0.95,mg/dL,0.6,1.3,N,Routine,2025-06-18 18:28,2025-06-18 18:49,2025-06-18 21:08
LAB738029,ENC116049,PT13026,WBC,White Blood Cell Count,5.9,K/uL,4.5,11,N,STAT,2025-06-18 18:49,2025-06-18 19:07,2025-06-18 21:06
LAB738030,ENC116049,PT13026,HGB,Hemoglobin,15.7,g/dL,12,17.5,N,Routine,2025-06-18 19:26,2025-06-18 19:34,2025-06-18 21:22
LAB738031,ENC116050,PT13682,LDL,LDL Cholesterol,91,mg/dL,0,99,N,Routine,2025-06-18 16:13,2025-06-18 16:40,2025-06-19 08:00
LAB738032,ENC116051,PT11902,GLU,Glucose,91,mg/dL,70,99,N,STAT,2025-06-18 19:45,2025-06-18 20:07,2025-06-18 21:09
LAB738033,ENC116051,PT11902,CREAT,Creatinine,1.36,mg/dL,0.6,1.3,H,STAT,2025-06-18 20:46,2025-06-18 20:50,2025-06-18 21:17
LAB738034,ENC116051,PT11902,WBC,White Blood Cell Count,6.2,K/uL,4.5,11,N,STAT,2025-06-18 19:51,2025-06-18 20:15,2025-06-18 21:02
LAB738035,ENC116051,PT11902,HGB,Hemoglobin,10.4,g/dL,12,17.5,L,STAT,2025-06-18 20:34,2025-06-18 21:09,2025-06-18 21:50
LAB738036,ENC116051,PT11902,NA,Sodium,121,mmol/L,136,145,L,STAT,2025-06-18 20:50,2025-06-18 21:25,2025-06-18 21:59
LAB738037,ENC116051,PT11902,K,Potassium,3.7,mmol/L,3.5,5.1,N,STAT,2025-06-18 20:49,2025-06-18 21:18,2025-06-18 22:32
LAB738038,ENC116053,PT13177,GLU,Glucose,97,mg/dL,70,99,N,Routine,2025-06-18 21:34,2025-06-18 22:08,2025-06-19 00:23
LAB738039,ENC116053,PT13177,CREAT,Creatinine,1.09,mg/dL,0.6,1.3,N,STAT,2025-06-18 21:13,2025-06-18 21:29,2025-06-18 22:01
LAB738040,ENC116053,PT13177,WBC,White Blood Cell Count,5.3,K/uL,4.5,11,N,Routine,2025-06-18 21:01,2025-06-18 21:06,2025-06-18 23:25
LAB738041,ENC116053,PT13177,HGB,Hemoglobin,13.9,g/dL,12,17.5,N,STAT,2025-06-18 21:20,2025-06-18 21:24,2025-06-18 22:08
LAB738042,ENC116053,PT13177,NA,Sodium,139,mmol/L,136,145,N,STAT,2025-06-18 21:56,2025-06-18 22:23,2025-06-18 23:07
LAB738043,ENC116053,PT13177,K,Potassium,4,mmol/L,3.5,5.1,N,STAT,2025-06-18 22:09,2025-06-18 22:29,2025-06-18 23:21
LAB738044,ENC116055,PT11757,GLU,Glucose,172,mg/dL,70,99,H,STAT,2025-06-19 01:18,2025-06-19 01:34,2025-06-19 02:35
LAB738045,ENC116055,PT11757,CREAT,Creatinine,3.02,mg/dL,0.6,1.3,H,Routine,2025-06-19 01:04,2025-06-19 01:17,2025-06-19 04:04
LAB738046,ENC116055,PT11757,WBC,White Blood Cell Count,11.5,K/uL,4.5,11,H,Routine,2025-06-19 00:47,2025-06-19 00:52,2025-06-19 01:55
LAB738047,ENC116055,PT11757,HGB,Hemoglobin,11.2,g/dL,12,17.5,L,STAT,2025-06-19 00:41,2025-06-19 00:54,2025-06-19 01:42
LAB738048,ENC116055,PT11757,LACT,Lactate,2.3,mmol/L,0.5,2,H,STAT,2025-06-19 00:56,2025-06-19 01:06,2025-06-19 01:39
LAB738049,ENC116056,PT13168,GLU,Glucose,94,mg/dL,70,99,N,STAT,2025-06-18 20:32,2025-06-18 20:51,2025-06-18 21:43
LAB738050,ENC116056,PT13168,CREAT,Creatinine,1.08,mg/dL,0.6,1.3,N,STAT,2025-06-18 21:01,2025-06-18 21:36,2025-06-18 22:16
LAB738051,ENC116056,PT13168,WBC,White Blood Cell Count,16.5,K/uL,4.5,11,H,Routine,2025-06-18 20:24,2025-06-18 20:51,2025-06-18 22:51
LAB738052,ENC116056,PT13168,HGB,Hemoglobin,12.4,g/dL,12,17.5,N,STAT,2025-06-18 20:38,2025-06-18 21:05,2025-06-18 22:12
LAB738053,ENC116056,PT13168,NA,Sodium,140,mmol/L,136,145,N,Routine,2025-06-18 20:30,2025-06-18 20:43,2025-06-18 22:12
LAB738054,ENC116056,PT13168,K,Potassium,4.1,mmol/L,3.5,5.1,N,STAT,2025-06-18 21:06,2025-06-18 21:30,2025-06-18 23:21
LAB738055,ENC116057,PT10589,GLU,Glucose,82,mg/dL,70,99,N,Routine,2025-06-19 12:11,2025-06-19 12:18,2025-06-19 14:21
LAB738056,ENC116057,PT10589,CREAT,Creatinine,1.06,mg/dL,0.6,1.3,N,Routine,2025-06-19 12:32,2025-06-19 12:44,2025-06-19 15:54
LAB738057,ENC116057,PT10589,WBC,White Blood Cell Count,6.3,K/uL,4.5,11,N,STAT,2025-06-19 11:50,2025-06-19 12:19,2025-06-19 13:11
LAB738058,ENC116057,PT10589,HGB,Hemoglobin,13.6,g/dL,12,17.5,N,STAT,2025-06-19 12:20,2025-06-19 12:37,2025-06-19 13:48
LAB738059,ENC116057,PT10589,NA,Sodium,138,mmol/L,136,145,N,STAT,2025-06-19 11:47,2025-06-19 12:08,2025-06-19 12:51
LAB738060,ENC116057,PT10589,K,Potassium,4.4,mmol/L,3.5,5.1,N,STAT,2025-06-19 12:28,2025-06-19 12:50,2025-06-19 13:04
LAB738061,ENC116057,PT10589,INR,Prothrombin Time INR,1.1,ratio,0.8,1.2,N,Routine,2025-06-19 12:16,2025-06-19 12:36,2025-06-19 14:49
LAB738062,ENC116059,PT11452,GLU,Glucose,114,mg/dL,70,99,H,STAT,2025-06-19 10:44,2025-06-19 11:09,2025-06-19 11:36
LAB738063,ENC116059,PT11452,CREAT,Creatinine,0.86,mg/dL,0.6,1.3,N,Routine,2025-06-19 10:32,2025-06-19 10:46,2025-06-19 12:40
LAB738064,ENC116059,PT11452,WBC,White Blood Cell Count,10.5,K/uL,4.5,11,N,Routine,2025-06-19 11:02,2025-06-19 11:34,2025-06-19 17:50
LAB738065,ENC116059,PT11452,HGB,Hemoglobin,12.7,g/dL,12,17.5,N,STAT,2025-06-19 10:52,2025-06-19 11:09,2025-06-19 12:11
LAB738066,ENC116059,PT11452,NA,Sodium,134,mmol/L,136,145,L,Routine,2025-06-19 11:21,2025-06-19 11:39,2025-06-19 14:58
LAB738067,ENC116059,PT11452,K,Potassium,3.8,mmol/L,3.5,5.1,N,STAT,2025-06-19 10:50,2025-06-19 11:17,2025-06-19 12:01
LAB738068,ENC116060,PT13510,INR,Prothrombin Time INR,1.1,ratio,0.8,1.2,N,Routine,2025-06-19 11:05,2025-06-19 11:38,2025-06-19 16:22
LAB738069,ENC116063,PT12502,LDL,LDL Cholesterol,163,mg/dL,0,99,H,Routine,2025-06-19 11:55,2025-06-19 12:28,2025-06-20 04:48
LAB738070,ENC116064,PT12996,GLU,Glucose,110,mg/dL,70,99,H,STAT,2025-06-19 12:07,2025-06-19 12:19,2025-06-19 12:40
LAB738071,ENC116064,PT12996,CREAT,Creatinine,0.88,mg/dL,0.6,1.3,N,Routine,2025-06-19 12:12,2025-06-19 12:27,2025-06-19 14:12
LAB738072,ENC116064,PT12996,WBC,White Blood Cell Count,5.5,K/uL,4.5,11,N,STAT,2025-06-19 12:30,2025-06-19 12:46,2025-06-19 13:25
LAB738073,ENC116065,PT11534,A1C,Hemoglobin A1c,5.2,%,4,5.6,N,Routine,2025-06-19 11:55,2025-06-19 12:12,2025-06-19 23:26
LAB738074,ENC116068,PT10472,GLU,Glucose,90,mg/dL,70,99,N,Routine,2025-06-19 16:06,2025-06-19 16:25,2025-06-19 18:53
LAB738075,ENC116068,PT10472,CREAT,Creatinine,0.93,mg/dL,0.6,1.3,N,Routine,2025-06-19 15:49,2025-06-19 15:59,2025-06-19 17:30
LAB738076,ENC116068,PT10472,WBC,White Blood Cell Count,10.5,K/uL,4.5,11,N,STAT,2025-06-19 15:55,2025-06-19 15:59,2025-06-19 16:32
LAB738077,ENC116068,PT10472,HGB,Hemoglobin,13.3,g/dL,12,17.5,N,STAT,2025-06-19 15:40,2025-06-19 16:08,2025-06-19 17:33
LAB738078,ENC116068,PT10472,TROP,"Troponin I, High Sensitivity",11,ng/L,0,34,N,STAT,2025-06-19 15:50,2025-06-19 15:58,2025-06-19 17:01
LAB738079,ENC116069,PT12955,LDL,LDL Cholesterol,119,mg/dL,0,99,H,Routine,2025-06-19 12:52,2025-06-19 13:15,2025-06-20 12:33
LAB738080,ENC116069,PT12955,A1C,Hemoglobin A1c,6.1,%,4,5.6,H,Routine,2025-06-19 12:43,2025-06-19 12:47,2025-06-19 22:12
LAB738081,ENC116070,PT12818,GLU,Glucose,103,mg/dL,70,99,H,Routine,2025-06-19 17:34,2025-06-19 17:38,2025-06-19 22:42
LAB738082,ENC116070,PT12818,CREAT,Creatinine,1.75,mg/dL,0.6,1.3,H,STAT,2025-06-19 17:28,2025-06-19 17:52,2025-06-19 18:54
LAB738083,ENC116070,PT12818,WBC,White Blood Cell Count,27,K/uL,4.5,11,H,Routine,2025-06-19 17:46,2025-06-19 18:12,2025-06-19 21:28
LAB738084,ENC116070,PT12818,HGB,Hemoglobin,11.4,g/dL,12,17.5,L,Routine,2025-06-19 18:11,2025-06-19 18:17,2025-06-19 22:13
LAB738085,ENC116070,PT12818,NA,Sodium,143,mmol/L,136,145,N,STAT,2025-06-19 17:51,2025-06-19 17:59,2025-06-19 18:48
LAB738086,ENC116070,PT12818,K,Potassium,4.2,mmol/L,3.5,5.1,N,STAT,2025-06-19 17:42,2025-06-19 17:52,2025-06-19 18:56
LAB738087,ENC116070,PT12818,LACT,Lactate,2.8,mmol/L,0.5,2,H,STAT,2025-06-19 18:06,2025-06-19 18:31,2025-06-19 20:01
LAB738088,ENC116071,PT12867,LDL,LDL Cholesterol,82,mg/dL,0,99,N,Routine,2025-06-19 13:39,2025-06-19 13:57,2025-06-20 14:36
LAB738089,ENC116071,PT12867,A1C,Hemoglobin A1c,9.4,%,4,5.6,H,Routine,2025-06-19 13:49,2025-06-19 14:07,2025-06-20 01:17
LAB738090,ENC116072,PT10031,GLU,Glucose,108,mg/dL,70,99,H,Routine,2025-06-19 14:44,2025-06-19 14:51,2025-06-19 17:33
LAB738091,ENC116072,PT10031,CREAT,Creatinine,0.57,mg/dL,0.6,1.3,L,STAT,2025-06-19 14:17,2025-06-19 14:36,2025-06-19 15:19
LAB738092,ENC116074,PT12841,A1C,Hemoglobin A1c,9.1,%,4,5.6,H,Routine,2025-06-19 14:28,2025-06-19 15:02,2025-06-20 01:29
LAB738093,ENC116074,PT12841,GLU,Glucose,232,mg/dL,70,99,H,Routine,2025-06-19 14:43,2025-06-19 14:58,2025-06-19 17:41
LAB738094,ENC116074,PT12841,CREAT,Creatinine,1.33,mg/dL,0.6,1.3,H,Routine,2025-06-19 14:45,2025-06-19 15:15,2025-06-19 17:57
LAB738095,ENC116075,PT12543,GLU,Glucose,102,mg/dL,70,99,H,STAT,2025-06-19 18:33,2025-06-19 18:50,2025-06-19 19:22
LAB738096,ENC116075,PT12543,CREAT,Creatinine,0.9,mg/dL,0.6,1.3,N,STAT,2025-06-19 17:56,2025-06-19 18:09,2025-06-19 18:43
LAB738097,ENC116075,PT12543,WBC,White Blood Cell Count,7,K/uL,4.5,11,N,Routine,2025-06-19 18:13,2025-06-19 18:30,2025-06-19 19:33
LAB738098,ENC116075,PT12543,HGB,Hemoglobin,13.4,g/dL,12,17.5,N,STAT,2025-06-19 18:12,2025-06-19 18:45,2025-06-19 19:33
LAB738099,ENC116076,PT10030,LDL,LDL Cholesterol,132,mg/dL,0,99,H,Routine,2025-06-19 14:36,2025-06-19 14:46,2025-06-20 23:07
LAB738100,ENC116076,PT10030,A1C,Hemoglobin A1c,8.4,%,4,5.6,H,Routine,2025-06-19 14:40,2025-06-19 14:53,2025-06-19 19:18
LAB738101,ENC116077,PT12400,WBC,White Blood Cell Count,5.8,K/uL,4.5,11,N,Routine,2025-06-19 14:40,2025-06-19 15:07,2025-06-19 18:37
LAB738102,ENC116077,PT12400,HGB,Hemoglobin,9.1,g/dL,12,17.5,L,Routine,2025-06-19 14:58,2025-06-19 15:19,2025-06-19 17:39
LAB738103,ENC116077,PT12400,PLT,Platelet Count,212,K/uL,150,400,N,Routine,2025-06-19 14:58,2025-06-19 15:04,2025-06-19 16:56
LAB738104,ENC116085,PT12916,GLU,Glucose,108,mg/dL,70,99,H,STAT,2025-06-19 19:47,2025-06-19 20:08,2025-06-19 21:50
LAB738105,ENC116085,PT12916,CREAT,Creatinine,1.02,mg/dL,0.6,1.3,N,STAT,2025-06-19 20:07,2025-06-19 20:25,2025-06-19 21:05
LAB738106,ENC116085,PT12916,WBC,White Blood Cell Count,8.8,K/uL,4.5,11,N,STAT,2025-06-19 20:00,2025-06-19 20:26,2025-06-19 21:23
LAB738107,ENC116085,PT12916,HGB,Hemoglobin,14.4,g/dL,12,17.5,N,STAT,2025-06-19 20:17,2025-06-19 20:48,2025-06-19 21:51
LAB738108,ENC116086,PT10910,GLU,Glucose,82,mg/dL,70,99,N,STAT,2025-06-19 20:03,2025-06-19 20:29,2025-06-19 21:05
LAB738109,ENC116086,PT10910,CREAT,Creatinine,1.02,mg/dL,0.6,1.3,N,STAT,2025-06-19 20:47,2025-06-19 21:19,2025-06-19 22:07
LAB738110,ENC116086,PT10910,WBC,White Blood Cell Count,0.9,K/uL,4.5,11,LL,STAT,2025-06-19 20:38,2025-06-19 21:04,2025-06-19 21:35
LAB738111,ENC116086,PT10910,HGB,Hemoglobin,12.2,g/dL,12,17.5,N,Routine,2025-06-19 19:40,2025-06-19 19:59,2025-06-19 22:50
LAB738112,ENC116088,PT13386,GLU,Glucose,163,mg/dL,70,99,H,STAT,2025-06-20 00:45,2025-06-20 01:12,2025-06-20 01:39
LAB738113,ENC116088,PT13386,CREAT,Creatinine,1.01,mg/dL,0.6,1.3,N,STAT,2025-06-20 00:30,2025-06-20 00:44,2025-06-20 01:27
LAB738114,ENC116088,PT13386,WBC,White Blood Cell Count,7.4,K/uL,4.5,11,N,STAT,2025-06-20 00:23,2025-06-20 00:27,2025-06-20 00:51
LAB738115,ENC116088,PT13386,HGB,Hemoglobin,11.7,g/dL,12,17.5,L,STAT,2025-06-19 23:54,2025-06-20 00:02,2025-06-20 00:46
LAB738116,ENC116088,PT13386,NA,Sodium,140,mmol/L,136,145,N,STAT,2025-06-20 00:43,2025-06-20 01:05,2025-06-20 02:29
LAB738117,ENC116088,PT13386,K,Potassium,4,mmol/L,3.5,5.1,N,STAT,2025-06-20 00:10,2025-06-20 00:19,2025-06-20 00:46
LAB738118,ENC116088,PT13386,INR,Prothrombin Time INR,1,ratio,0.8,1.2,N,STAT,2025-06-20 00:01,2025-06-20 00:22,2025-06-20 00:56
LAB738119,ENC116090,PT10551,GLU,Glucose,120,mg/dL,70,99,H,Routine,2025-06-20 02:21,2025-06-20 02:32,2025-06-20 05:47
LAB738120,ENC116090,PT10551,CREAT,Creatinine,0.81,mg/dL,0.6,1.3,N,Routine,2025-06-20 02:14,2025-06-20 02:37,2025-06-20 06:42
LAB738121,ENC116090,PT10551,WBC,White Blood Cell Count,5.2,K/uL,4.5,11,N,Routine,2025-06-20 01:49,2025-06-20 02:16,2025-06-20 07:13
LAB738122,ENC116090,PT10551,HGB,Hemoglobin,13.3,g/dL,12,17.5,N,Routine,2025-06-20 01:58,2025-06-20 02:14,2025-06-20 04:18
LAB738123,ENC116091,PT13481,GLU,Glucose,91,mg/dL,70,99,N,STAT,2025-06-20 01:24,2025-06-20 01:36,2025-06-20 02:45
LAB738124,ENC116091,PT13481,CREAT,Creatinine,0.98,mg/dL,0.6,1.3,N,STAT,2025-06-20 01:43,2025-06-20 01:59,2025-06-20 02:47
LAB738125,ENC116091,PT13481,WBC,White Blood Cell Count,8.3,K/uL,4.5,11,N,Routine,2025-06-20 01:57,2025-06-20 02:26,2025-06-20 06:48
LAB738126,ENC116091,PT13481,HGB,Hemoglobin,15.6,g/dL,12,17.5,N,Routine,2025-06-20 02:16,2025-06-20 02:30,2025-06-20 08:25
LAB738127,ENC116091,PT13481,NA,Sodium,143,mmol/L,136,145,N,STAT,2025-06-20 01:57,2025-06-20 02:04,2025-06-20 03:26
LAB738128,ENC116091,PT13481,K,Potassium,4.2,mmol/L,3.5,5.1,N,STAT,2025-06-20 01:24,2025-06-20 01:38,2025-06-20 02:47
LAB738129,ENC116092,PT11753,GLU,Glucose,315,mg/dL,70,99,H,Routine,2025-06-20 01:10,2025-06-20 01:14,2025-06-20 05:20
LAB738130,ENC116092,PT11753,CREAT,Creatinine,0.72,mg/dL,0.6,1.3,N,STAT,2025-06-20 01:13,2025-06-20 01:21,2025-06-20 01:49
LAB738131,ENC116092,PT11753,WBC,White Blood Cell Count,8.1,K/uL,4.5,11,N,Routine,2025-06-20 01:48,2025-06-20 01:53,2025-06-20 03:53
LAB738132,ENC116092,PT11753,HGB,Hemoglobin,13.3,g/dL,12,17.5,N,Routine,2025-06-20 01:29,2025-06-20 01:35,2025-06-20 02:16
LAB738133,ENC116092,PT11753,NA,Sodium,139,mmol/L,136,145,N,Routine,2025-06-20 01:02,2025-06-20 01:11,2025-06-20 05:28
LAB738134,ENC116092,PT11753,K,Potassium,4.7,mmol/L,3.5,5.1,N,STAT,2025-06-20 01:12,2025-06-20 01:36,2025-06-20 02:35
LAB738135,ENC116092,PT11753,A1C,Hemoglobin A1c,8.1,%,4,5.6,H,Routine,2025-06-20 01:16,2025-06-20 01:32,2025-06-20 09:00
LAB738136,ENC116093,PT10455,GLU,Glucose,83,mg/dL,70,99,N,Routine,2025-06-19 23:38,2025-06-20 00:07,2025-06-20 02:09
LAB738137,ENC116093,PT10455,CREAT,Creatinine,0.89,mg/dL,0.6,1.3,N,STAT,2025-06-19 23:26,2025-06-19 23:48,2025-06-20 00:12
LAB738138,ENC116093,PT10455,WBC,White Blood Cell Count,12.3,K/uL,4.5,11,H,STAT,2025-06-19 23:21,2025-06-19 23:55,2025-06-20 01:05
LAB738139,ENC116093,PT10455,HGB,Hemoglobin,12.2,g/dL,12,17.5,N,STAT,2025-06-19 23:18,2025-06-19 23:29,2025-06-20 00:16
LAB738140,ENC116095,PT12295,GLU,Glucose,87,mg/dL,70,99,N,STAT,2025-06-20 00:53,2025-06-20 01:20,2025-06-20 02:49
LAB738141,ENC116095,PT12295,CREAT,Creatinine,1.11,mg/dL,0.6,1.3,N,STAT,2025-06-20 00:01,2025-06-20 00:20,2025-06-20 00:40
LAB738142,ENC116095,PT12295,WBC,White Blood Cell Count,8,K/uL,4.5,11,N,Routine,2025-06-20 00:15,2025-06-20 00:21,2025-06-20 01:38
LAB738143,ENC116096,PT10157,GLU,Glucose,121,mg/dL,70,99,H,STAT,2025-06-20 04:12,2025-06-20 04:35,2025-06-20 05:06
LAB738144,ENC116096,PT10157,CREAT,Creatinine,0.49,mg/dL,0.6,1.3,L,STAT,2025-06-20 04:25,2025-06-20 04:51,2025-06-20 05:24
LAB738145,ENC116096,PT10157,WBC,White Blood Cell Count,1,K/uL,4.5,11,L,STAT,2025-06-20 04:05,2025-06-20 04:16,2025-06-20 04:47
LAB738146,ENC116096,PT10157,HGB,Hemoglobin,14.8,g/dL,12,17.5,N,STAT,2025-06-20 04:01,2025-06-20 04:10,2025-06-20 04:34
LAB738147,ENC116098,PT12211,GLU,Glucose,67,mg/dL,70,99,L,STAT,2025-06-20 03:18,2025-06-20 03:37,2025-06-20 04:19
LAB738148,ENC116098,PT12211,CREAT,Creatinine,0.9,mg/dL,0.6,1.3,N,STAT,2025-06-20 03:43,2025-06-20 04:01,2025-06-20 04:28
LAB738149,ENC116098,PT12211,WBC,White Blood Cell Count,5.9,K/uL,4.5,11,N,STAT,2025-06-20 03:32,2025-06-20 03:54,2025-06-20 04:39
LAB738150,ENC116098,PT12211,HGB,Hemoglobin,14,g/dL,12,17.5,N,Routine,2025-06-20 03:20,2025-06-20 03:55,2025-06-20 08:02
LAB738151,ENC116098,PT12211,NA,Sodium,142,mmol/L,136,145,N,STAT,2025-06-20 03:07,2025-06-20 03:27,2025-06-20 04:33
LAB738152,ENC116098,PT12211,K,Potassium,4.2,mmol/L,3.5,5.1,N,STAT,2025-06-20 03:41,2025-06-20 03:52,2025-06-20 05:14
LAB738153,ENC116100,PT11037,GLU,Glucose,78,mg/dL,70,99,N,Routine,2025-06-20 08:12,2025-06-20 08:47,2025-06-20 12:14
LAB738154,ENC116100,PT11037,CREAT,Creatinine,1.03,mg/dL,0.6,1.3,N,STAT,2025-06-20 07:55,2025-06-20 08:01,2025-06-20 08:55
LAB738155,ENC116100,PT11037,WBC,White Blood Cell Count,7.8,K/uL,4.5,11,N,Routine,2025-06-20 08:32,2025-06-20 09:04,2025-06-20 13:34
LAB738156,ENC116102,PT12827,GLU,Glucose,80,mg/dL,70,99,N,STAT,2025-06-20 11:40,2025-06-20 12:02,2025-06-20 13:16
LAB738157,ENC116102,PT12827,CREAT,Creatinine,0.9,mg/dL,0.6,1.3,N,STAT,2025-06-20 11:22,2025-06-20 11:27,2025-06-20 12:39
LAB738158,ENC116102,PT12827,WBC,White Blood Cell Count,7.1,K/uL,4.5,11,N,STAT,2025-06-20 12:17,2025-06-20 12:32,2025-06-20 13:11
LAB738159,ENC116102,PT12827,HGB,Hemoglobin,13.7,g/dL,12,17.5,N,Routine,2025-06-20 12:23,2025-06-20 12:28,2025-06-20 14:31
LAB738160,ENC116102,PT12827,NA,Sodium,141,mmol/L,136,145,N,STAT,2025-06-20 11:39,2025-06-20 11:59,2025-06-20 13:04
LAB738161,ENC116102,PT12827,K,Potassium,4.2,mmol/L,3.5,5.1,N,STAT,2025-06-20 11:45,2025-06-20 12:18,2025-06-20 13:12
LAB738162,ENC116102,PT12827,BUN,Blood Urea Nitrogen,8,mg/dL,7,20,N,Routine,2025-06-20 11:28,2025-06-20 11:58,2025-06-20 13:30
LAB738163,ENC116102,PT12827,PLT,Platelet Count,243,K/uL,150,400,N,Routine,2025-06-20 11:27,2025-06-20 11:51,2025-06-20 12:41
LAB738164,ENC116103,PT11877,GLU,Glucose,174,mg/dL,70,99,H,Routine,2025-06-20 13:24,2025-06-20 13:40,2025-06-20 16:30
LAB738165,ENC116103,PT11877,CREAT,Creatinine,0.84,mg/dL,0.6,1.3,N,STAT,2025-06-20 13:11,2025-06-20 13:26,2025-06-20 14:06
LAB738166,ENC116103,PT11877,WBC,White Blood Cell Count,6.5,K/uL,4.5,11,N,STAT,2025-06-20 13:13,2025-06-20 13:18,2025-06-20 13:50
LAB738167,ENC116103,PT11877,HGB,Hemoglobin,13.3,g/dL,12,17.5,N,STAT,2025-06-20 13:02,2025-06-20 13:37,2025-06-20 14:21
LAB738168,ENC116103,PT11877,BUN,Blood Urea Nitrogen,23,mg/dL,7,20,H,STAT,2025-06-20 13:31,2025-06-20 13:41,2025-06-20 15:25
LAB738169,ENC116103,PT11877,PLT,Platelet Count,287,K/uL,150,400,N,Routine,2025-06-20 12:36,2025-06-20 13:09,2025-06-20 20:13
LAB738170,ENC116103,PT11877,TROP,"Troponin I, High Sensitivity",7,ng/L,0,34,N,STAT,2025-06-20 13:40,2025-06-20 14:10,2025-06-20 14:55
LAB738171,ENC116105,PT13531,LDL,LDL Cholesterol,145,mg/dL,0,99,H,Routine,2025-06-20 10:26,2025-06-20 10:54,2025-06-21 23:12
LAB738172,ENC116105,PT13531,A1C,Hemoglobin A1c,5.9,%,4,5.6,H,Routine,2025-06-20 10:32,2025-06-20 10:48,2025-06-21 03:20
LAB738173,ENC116106,PT12110,WBC,White Blood Cell Count,9.5,K/uL,4.5,11,N,Routine,2025-06-20 10:35,2025-06-20 11:05,2025-06-20 15:45
LAB738174,ENC116106,PT12110,HGB,Hemoglobin,14.1,g/dL,12,17.5,N,Routine,2025-06-20 10:30,2025-06-20 10:37,2025-06-20 13:07
LAB738175,ENC116106,PT12110,PLT,Platelet Count,349,K/uL,150,400,N,Routine,2025-06-20 10:22,2025-06-20 10:45,2025-06-20 13:43
LAB738176,ENC116107,PT13375,GLU,Glucose,85,mg/dL,70,99,N,STAT,2025-06-20 11:26,2025-06-20 11:31,2025-06-20 12:01
LAB738177,ENC116107,PT13375,CREAT,Creatinine,0.97,mg/dL,0.6,1.3,N,STAT,2025-06-20 10:59,2025-06-20 11:33,2025-06-20 12:18
LAB738178,ENC116107,PT13375,WBC,White Blood Cell Count,7.2,K/uL,4.5,11,N,STAT,2025-06-20 11:17,2025-06-20 11:22,2025-06-20 13:28
LAB738179,ENC116107,PT13375,HGB,Hemoglobin,12.6,g/dL,12,17.5,N,STAT,2025-06-20 11:38,2025-06-20 11:49,2025-06-20 13:04
LAB738180,ENC116110,PT13211,GLU,Glucose,245,mg/dL,70,99,H,Routine,2025-06-20 14:57,2025-06-20 15:21,2025-06-20 20:14
LAB738181,ENC116110,PT13211,CREAT,Creatinine,1.11,mg/dL,0.6,1.3,N,STAT,2025-06-20 15:14,2025-06-20 15:42,2025-06-20 16:38
LAB738182,ENC116110,PT13211,WBC,White Blood Cell Count,4.3,K/uL,4.5,11,L,Routine,2025-06-20 15:31,2025-06-20 15:48,2025-06-20 18:27
LAB738183,ENC116110,PT13211,HGB,Hemoglobin,15.1,g/dL,12,17.5,N,STAT,2025-06-20 14:31,2025-06-20 14:48,2025-06-20 15:32
LAB738184,ENC116111,PT10317,A1C,Hemoglobin A1c,8,%,4,5.6,H,Routine,2025-06-20 12:48,2025-06-20 13:19,2025-06-22 15:19
LAB738185,ENC116111,PT10317,GLU,Glucose,224,mg/dL,70,99,H,Routine,2025-06-20 12:38,2025-06-20 13:05,2025-06-20 16:00
LAB738186,ENC116111,PT10317,CREAT,Creatinine,0.68,mg/dL,0.6,1.3,N,Routine,2025-06-20 12:44,2025-06-20 13:06,2025-06-20 15:13
LAB738187,ENC116114,PT11208,GLU,Glucose,104,mg/dL,70,99,H,STAT,2025-06-20 14:51,2025-06-20 15:14,2025-06-20 16:05
LAB738188,ENC116114,PT11208,CREAT,Creatinine,1.14,mg/dL,0.6,1.3,N,STAT,2025-06-20 14:59,2025-06-20 15:17,2025-06-20 15:41
LAB738189,ENC116114,PT11208,WBC,White Blood Cell Count,8.7,K/uL,4.5,11,N,Routine,2025-06-20 14:50,2025-06-20 15:18,2025-06-20 18:35
LAB738190,ENC116114,PT11208,HGB,Hemoglobin,12.4,g/dL,12,17.5,N,Routine,2025-06-20 15:09,2025-06-20 15:22,2025-06-20 17:39
LAB738191,ENC116114,PT11208,TROP,"Troponin I, High Sensitivity",215,ng/L,0,34,H,STAT,2025-06-20 15:07,2025-06-20 15:16,2025-06-20 16:15
LAB738192,ENC116115,PT12125,GLU,Glucose,195,mg/dL,70,99,H,STAT,2025-06-20 16:28,2025-06-20 16:34,2025-06-20 17:36
LAB738193,ENC116115,PT12125,CREAT,Creatinine,0.78,mg/dL,0.6,1.3,N,STAT,2025-06-20 17:28,2025-06-20 17:33,2025-06-20 18:50
LAB738194,ENC116115,PT12125,WBC,White Blood Cell Count,6.9,K/uL,4.5,11,N,STAT,2025-06-20 17:19,2025-06-20 17:32,2025-06-20 18:27
LAB738195,ENC116115,PT12125,HGB,Hemoglobin,9.2,g/dL,12,17.5,L,STAT,2025-06-20 16:37,2025-06-20 16:42,2025-06-20 17:11
LAB738196,ENC116115,PT12125,TROP,"Troponin I, High Sensitivity",2,ng/L,0,34,N,STAT,2025-06-20 17:10,2025-06-20 17:24,2025-06-20 18:23
LAB738197,ENC116115,PT12125,BNP,B-Type Natriuretic Peptide,1464,pg/mL,0,100,H,STAT,2025-06-20 17:31,2025-06-20 17:42,2025-06-20 18:16
LAB738198,ENC116117,PT11204,LDL,LDL Cholesterol,136,mg/dL,0,99,H,Routine,2025-06-20 14:37,2025-06-20 14:42,2025-06-21 01:50
LAB738199,ENC116117,PT11204,TSH,Thyroid Stimulating Hormone,1.35,mIU/L,0.4,4,N,Routine,2025-06-20 14:44,2025-06-20 15:18,2025-06-20 21:36
LAB738200,ENC116119,PT11154,A1C,Hemoglobin A1c,7.7,%,4,5.6,H,Routine,2025-06-20 15:39,2025-06-20 16:02,2025-06-21 09:39
LAB738201,ENC116119,PT11154,GLU,Glucose,139,mg/dL,70,99,H,Routine,2025-06-20 15:26,2025-06-20 15:48,2025-06-20 19:35
LAB738202,ENC116119,PT11154,CREAT,Creatinine,1.08,mg/dL,0.6,1.3,N,Routine,2025-06-20 15:32,2025-06-20 15:45,2025-06-20 17:44
LAB738203,ENC116120,PT10921,GLU,Glucose,85,mg/dL,70,99,N,STAT,2025-06-20 16:13,2025-06-20 16:19,2025-06-20 17:17
LAB738204,ENC116120,PT10921,CREAT,Creatinine,1.36,mg/dL,0.6,1.3,H,STAT,2025-06-20 15:54,2025-06-20 16:25,2025-06-20 17:31
LAB738205,ENC116120,PT10921,WBC,White Blood Cell Count,7.4,K/uL,4.5,11,N,Routine,2025-06-20 15:54,2025-06-20 16:06,2025-06-20 17:52
LAB738206,ENC116120,PT10921,HGB,Hemoglobin,13.2,g/dL,12,17.5,N,STAT,2025-06-20 15:58,2025-06-20 16:08,2025-06-20 16:27
LAB738207,ENC116120,PT10921,NA,Sodium,141,mmol/L,136,145,N,STAT,2025-06-20 16:17,2025-06-20 16:44,2025-06-20 17:22
LAB738208,ENC116120,PT10921,K,Potassium,4.4,mmol/L,3.5,5.1,N,STAT,2025-06-20 15:36,2025-06-20 15:59,2025-06-20 17:12
LAB738209,ENC116125,PT10291,GLU,Glucose,93,mg/dL,70,99,N,STAT,2025-06-20 21:20,2025-06-20 21:32,2025-06-20 22:33
LAB738210,ENC116125,PT10291,CREAT,Creatinine,1.14,mg/dL,0.6,1.3,N,STAT,2025-06-20 21:28,2025-06-20 21:58,2025-06-20 22:20
LAB738211,ENC116125,PT10291,WBC,White Blood Cell Count,6.9,K/uL,4.5,11,N,Routine,2025-06-20 21:33,2025-06-20 21:38,2025-06-21 00:33
LAB738212,ENC116125,PT10291,HGB,Hemoglobin,12.6,g/dL,12,17.5,N,STAT,2025-06-20 21:33,2025-06-20 21:45,2025-06-20 22:21
LAB738213,ENC116125,PT10291,INR,Prothrombin Time INR,1.1,ratio,0.8,1.2,N,Routine,2025-06-20 21:34,2025-06-20 21:48,2025-06-20 22:29
LAB738214,ENC116126,PT11861,GLU,Glucose,91,mg/dL,70,99,N,Routine,2025-06-20 21:42,2025-06-20 22:04,2025-06-21 01:44
LAB738215,ENC116126,PT11861,CREAT,Creatinine,0.85,mg/dL,0.6,1.3,N,STAT,2025-06-20 21:53,2025-06-20 22:26,2025-06-20 23:39
LAB738216,ENC116126,PT11861,TROP,"Troponin I, High Sensitivity",6,ng/L,0,34,N,STAT,2025-06-20 21:06,2025-06-20 21:18,2025-06-20 21:52
LAB738217,ENC116129,PT10037,GLU,Glucose,110,mg/dL,70,99,H,STAT,2025-06-21 07:58,2025-06-21 08:29,2025-06-21 09:10
LAB738218,ENC116129,PT10037,CREAT,Creatinine,0.93,mg/dL,0.6,1.3,N,STAT,2025-06-21 07:59,2025-06-21 08:20,2025-06-21 09:06
LAB738219,ENC116129,PT10037,WBC,White Blood Cell Count,5,K/uL,4.5,11,N,Routine,2025-06-21 07:28,2025-06-21 07:57,2025-06-21 11:14
LAB738220,ENC116129,PT10037,HGB,Hemoglobin,16.8,g/dL,12,17.5,N,STAT,2025-06-21 07:57,2025-06-21 08:26,2025-06-21 09:13
LAB738221,ENC116129,PT10037,NA,Sodium,142,mmol/L,136,145,N,STAT,2025-06-21 08:03,2025-06-21 08:19,2025-06-21 09:18
LAB738222,ENC116129,PT10037,K,Potassium,4.1,mmol/L,3.5,5.1,N,STAT,2025-06-21 07:08,2025-06-21 07:19,2025-06-21 08:22
LAB738223,ENC116131,PT10135,GLU,Glucose,157,mg/dL,70,99,H,Routine,2025-06-21 10:40,2025-06-21 11:03,2025-06-21 13:51
LAB738224,ENC116131,PT10135,CREAT,Creatinine,1.04,mg/dL,0.6,1.3,N,STAT,2025-06-21 09:56,2025-06-21 10:00,2025-06-21 10:41
LAB738225,ENC116131,PT10135,WBC,White Blood Cell Count,8.5,K/uL,4.5,11,N,STAT,2025-06-21 10:18,2025-06-21 10:48,2025-06-21 12:06
LAB738226,ENC116131,PT10135,HGB,Hemoglobin,13.9,g/dL,12,17.5,N,Routine,2025-06-21 10:11,2025-06-21 10:24,2025-06-21 11:31
LAB738227,ENC116131,PT10135,NA,Sodium,141,mmol/L,136,145,N,STAT,2025-06-21 10:26,2025-06-21 10:30,2025-06-21 11:07
LAB738228,ENC116131,PT10135,K,Potassium,4,mmol/L,3.5,5.1,N,STAT,2025-06-21 10:56,2025-06-21 11:13,2025-06-21 12:20
LAB738229,ENC116133,PT12343,GLU,Glucose,136,mg/dL,70,99,H,STAT,2025-06-21 14:51,2025-06-21 14:55,2025-06-21 15:16
LAB738230,ENC116133,PT12343,CREAT,Creatinine,0.53,mg/dL,0.6,1.3,L,STAT,2025-06-21 15:44,2025-06-21 16:04,2025-06-21 17:12
LAB738231,ENC116133,PT12343,WBC,White Blood Cell Count,7,K/uL,4.5,11,N,Routine,2025-06-21 15:34,2025-06-21 16:09,2025-06-21 19:23
LAB738232,ENC116133,PT12343,HGB,Hemoglobin,13.3,g/dL,12,17.5,N,STAT,2025-06-21 15:10,2025-06-21 15:19,2025-06-21 16:03
LAB738233,ENC116133,PT12343,NA,Sodium,139,mmol/L,136,145,N,Routine,2025-06-21 15:43,2025-06-21 16:15,2025-06-21 19:00
LAB738234,ENC116133,PT12343,K,Potassium,3.8,mmol/L,3.5,5.1,N,STAT,2025-06-21 15:14,2025-06-21 15:28,2025-06-21 17:02
LAB738235,ENC116133,PT12343,TROP,"Troponin I, High Sensitivity",7,ng/L,0,34,N,STAT,2025-06-21 15:51,2025-06-21 16:01,2025-06-21 17:06
LAB738236,ENC116134,PT10622,GLU,Glucose,102,mg/dL,70,99,H,STAT,2025-06-21 16:13,2025-06-21 16:17,2025-06-21 17:39
LAB738237,ENC116134,PT10622,CREAT,Creatinine,0.91,mg/dL,0.6,1.3,N,Routine,2025-06-21 16:23,2025-06-21 16:31,2025-06-21 19:43
LAB738238,ENC116134,PT10622,WBC,White Blood Cell Count,11.6,K/uL,4.5,11,H,STAT,2025-06-21 17:02,2025-06-21 17:06,2025-06-21 17:48
LAB738239,ENC116134,PT10622,HGB,Hemoglobin,11.9,g/dL,12,17.5,L,Routine,2025-06-21 16:20,2025-06-21 16:28,2025-06-21 19:34
LAB738240,ENC116136,PT13767,GLU,Glucose,142,mg/dL,70,99,H,STAT,2025-06-21 18:06,2025-06-21 18:32,2025-06-21 19:21
LAB738241,ENC116136,PT13767,CREAT,Creatinine,1.77,mg/dL,0.6,1.3,H,Routine,2025-06-21 18:30,2025-06-21 18:47,2025-06-21 20:35
LAB738242,ENC116137,PT12823,GLU,Glucose,76,mg/dL,70,99,N,STAT,2025-06-21 22:23,2025-06-21 22:42,2025-06-21 23:43
LAB738243,ENC116137,PT12823,CREAT,Creatinine,0.97,mg/dL,0.6,1.3,N,STAT,2025-06-21 23:29,2025-06-21 23:56,2025-06-22 00:43
LAB738244,ENC116137,PT12823,WBC,White Blood Cell Count,6.9,K/uL,4.5,11,N,STAT,2025-06-21 22:37,2025-06-21 23:01,2025-06-21 23:38
LAB738245,ENC116137,PT12823,HGB,Hemoglobin,14.1,g/dL,12,17.5,N,Routine,2025-06-21 23:32,2025-06-21 23:53,2025-06-22 03:25
LAB738246,ENC116137,PT12823,TROP,"Troponin I, High Sensitivity",76,ng/L,0,34,H,STAT,2025-06-21 23:30,2025-06-21 23:54,2025-06-22 00:41
LAB738247,ENC116137,PT12823,BNP,B-Type Natriuretic Peptide,1744,pg/mL,0,100,H,Routine,2025-06-21 22:41,2025-06-21 22:46,2025-06-22 02:08
LAB738248,ENC116138,PT10912,GLU,Glucose,135,mg/dL,70,99,H,Routine,2025-06-21 21:39,2025-06-21 21:51,2025-06-22 01:05
LAB738249,ENC116138,PT10912,CREAT,Creatinine,0.96,mg/dL,0.6,1.3,N,STAT,2025-06-21 22:13,2025-06-21 22:32,2025-06-22 00:19
LAB738250,ENC116138,PT10912,WBC,White Blood Cell Count,6.7,K/uL,4.5,11,N,Routine,2025-06-21 21:29,2025-06-21 21:55,2025-06-22 03:00
LAB738251,ENC116138,PT10912,HGB,Hemoglobin,13.4,g/dL,12,17.5,N,STAT,2025-06-21 21:41,2025-06-21 22:09,2025-06-21 22:44
LAB738252,ENC116138,PT10912,TROP,"Troponin I, High Sensitivity",5,ng/L,0,34,N,STAT,2025-06-21 21:52,2025-06-21 22:03,2025-06-21 22:58
LAB738253,ENC116138,PT10912,BNP,B-Type Natriuretic Peptide,1403,pg/mL,0,100,H,STAT,2025-06-21 21:35,2025-06-21 22:00,2025-06-21 22:35
LAB738254,ENC116139,PT11480,GLU,Glucose,238,mg/dL,70,99,H,STAT,2025-06-21 19:24,2025-06-21 19:57,2025-06-21 20:24
LAB738255,ENC116139,PT11480,CREAT,Creatinine,1.22,mg/dL,0.6,1.3,N,STAT,2025-06-21 19:37,2025-06-21 20:04,2025-06-21 20:27
LAB738256,ENC116139,PT11480,WBC,White Blood Cell Count,6.5,K/uL,4.5,11,N,STAT,2025-06-21 20:23,2025-06-21 20:34,2025-06-21 21:36
LAB738257,ENC116139,PT11480,HGB,Hemoglobin,12.7,g/dL,12,17.5,N,Routine,2025-06-21 19:41,2025-06-21 20:00,2025-06-22 01:36
LAB738258,ENC116139,PT11480,NA,Sodium,140,mmol/L,136,145,N,STAT,2025-06-21 19:46,2025-06-21 20:08,2025-06-21 21:08
LAB738259,ENC116139,PT11480,K,Potassium,3.9,mmol/L,3.5,5.1,N,STAT,2025-06-21 19:56,2025-06-21 20:24,2025-06-21 21:46
LAB738260,ENC116140,PT10645,GLU,Glucose,101,mg/dL,70,99,H,STAT,2025-06-21 23:54,2025-06-22 00:26,2025-06-22 01:17
LAB738261,ENC116140,PT10645,CREAT,Creatinine,0.62,mg/dL,0.6,1.3,N,STAT,2025-06-22 00:08,2025-06-22 00:42,2025-06-22 01:21
LAB738262,ENC116140,PT10645,WBC,White Blood Cell Count,7.5,K/uL,4.5,11,N,STAT,2025-06-21 23:55,2025-06-22 00:15,2025-06-22 01:05
LAB738263,ENC116140,PT10645,HGB,Hemoglobin,9.8,g/dL,12,17.5,L,STAT,2025-06-22 00:40,2025-06-22 00:47,2025-06-22 01:24
LAB738264,ENC116140,PT10645,BUN,Blood Urea Nitrogen,12,mg/dL,7,20,N,STAT,2025-06-22 00:43,2025-06-22 01:07,2025-06-22 01:58
LAB738265,ENC116140,PT10645,PLT,Platelet Count,249,K/uL,150,400,N,Routine,2025-06-21 23:45,2025-06-22 00:17,2025-06-22 02:49
LAB738266,ENC116140,PT10645,INR,Prothrombin Time INR,1,ratio,0.8,1.2,N,STAT,2025-06-22 00:19,2025-06-22 00:42,2025-06-22 02:16
LAB738267,ENC116145,PT10547,GLU,Glucose,84,mg/dL,70,99,N,STAT,2025-06-22 08:51,2025-06-22 09:11,2025-06-22 09:40
LAB738268,ENC116145,PT10547,CREAT,Creatinine,0.75,mg/dL,0.6,1.3,N,STAT,2025-06-22 08:14,2025-06-22 08:43,2025-06-22 09:27
LAB738269,ENC116145,PT10547,WBC,White Blood Cell Count,6.7,K/uL,4.5,11,N,Routine,2025-06-22 08:42,2025-06-22 09:11,2025-06-22 18:07
LAB738270,ENC116145,PT10547,HGB,Hemoglobin,11.8,g/dL,12,17.5,L,STAT,2025-06-22 08:45,2025-06-22 08:58,2025-06-22 10:03
LAB738271,ENC116145,PT10547,NA,Sodium,140,mmol/L,136,145,N,STAT,2025-06-22 08:33,2025-06-22 08:59,2025-06-22 09:50
LAB738272,ENC116145,PT10547,K,Potassium,3.7,mmol/L,3.5,5.1,N,STAT,2025-06-22 07:58,2025-06-22 08:19,2025-06-22 08:44
LAB738273,ENC116146,PT13783,GLU,Glucose,121,mg/dL,70,99,H,Routine,2025-06-22 09:58,2025-06-22 10:03,2025-06-22 12:47
LAB738274,ENC116146,PT13783,CREAT,Creatinine,0.67,mg/dL,0.6,1.3,N,STAT,2025-06-22 09:52,2025-06-22 10:00,2025-06-22 10:32
LAB738275,ENC116146,PT13783,WBC,White Blood Cell Count,12.6,K/uL,4.5,11,H,Routine,2025-06-22 09:57,2025-06-22 10:08,2025-06-22 11:34
LAB738276,ENC116146,PT13783,HGB,Hemoglobin,13.8,g/dL,12,17.5,N,STAT,2025-06-22 09:34,2025-06-22 09:50,2025-06-22 10:44
LAB738277,ENC116147,PT13735,GLU,Glucose,112,mg/dL,70,99,H,Routine,2025-06-22 14:04,2025-06-22 14:16,2025-06-22 17:22
LAB738278,ENC116147,PT13735,CREAT,Creatinine,0.96,mg/dL,0.6,1.3,N,Routine,2025-06-22 14:42,2025-06-22 14:48,2025-06-22 19:15
LAB738279,ENC116147,PT13735,WBC,White Blood Cell Count,8.6,K/uL,4.5,11,N,Routine,2025-06-22 13:56,2025-06-22 14:09,2025-06-22 15:24
LAB738280,ENC116147,PT13735,HGB,Hemoglobin,14.5,g/dL,12,17.5,N,STAT,2025-06-22 14:28,2025-06-22 14:45,2025-06-22 16:10
LAB738281,ENC116147,PT13735,NA,Sodium,137,mmol/L,136,145,N,STAT,2025-06-22 14:22,2025-06-22 14:43,2025-06-22 15:23
LAB738282,ENC116147,PT13735,K,Potassium,4.3,mmol/L,3.5,5.1,N,STAT,2025-06-22 14:29,2025-06-22 14:51,2025-06-22 15:30
LAB738283,ENC116149,PT10677,GLU,Glucose,258,mg/dL,70,99,H,STAT,2025-06-22 12:25,2025-06-22 12:32,2025-06-22 14:04
LAB738284,ENC116149,PT10677,CREAT,Creatinine,1.18,mg/dL,0.6,1.3,N,Routine,2025-06-22 12:11,2025-06-22 12:20,2025-06-22 18:29
LAB738285,ENC116149,PT10677,WBC,White Blood Cell Count,7.9,K/uL,4.5,11,N,STAT,2025-06-22 11:45,2025-06-22 12:13,2025-06-22 12:52
LAB738286,ENC116149,PT10677,HGB,Hemoglobin,15.2,g/dL,12,17.5,N,STAT,2025-06-22 11:51,2025-06-22 11:58,2025-06-22 12:55
LAB738287,ENC116150,PT11727,GLU,Glucose,106,mg/dL,70,99,H,Routine,2025-06-22 13:01,2025-06-22 13:20,2025-06-22 16:19
LAB738288,ENC116150,PT11727,CREAT,Creatinine,1.05,mg/dL,0.6,1.3,N,STAT,2025-06-22 12:25,2025-06-22 12:55,2025-06-22 13:41
LAB738289,ENC116150,PT11727,WBC,White Blood Cell Count,5.8,K/uL,4.5,11,N,STAT,2025-06-22 12:02,2025-06-22 12:29,2025-06-22 13:42
LAB738290,ENC116154,PT10719,A1C,Hemoglobin A1c,8.5,%,4,5.6,H,STAT,2025-06-22 16:25,2025-06-22 17:00,2025-06-22 19:33
LAB738291,ENC116156,PT10395,GLU,Glucose,190,mg/dL,70,99,H,STAT,2025-06-22 21:10,2025-06-22 21:31,2025-06-22 22:29
LAB738292,ENC116156,PT10395,CREAT,Creatinine,0.91,mg/dL,0.6,1.3,N,Routine,2025-06-22 21:20,2025-06-22 21:49,2025-06-23 00:10
LAB738293,ENC116156,PT10395,WBC,White Blood Cell Count,6.3,K/uL,4.5,11,N,Routine,2025-06-22 21:19,2025-06-22 21:42,2025-06-22 23:45
LAB738294,ENC116156,PT10395,HGB,Hemoglobin,15.1,g/dL,12,17.5,N,STAT,2025-06-22 21:39,2025-06-22 22:11,2025-06-22 22:42
LAB738295,ENC116156,PT10395,NA,Sodium,142,mmol/L,136,145,N,STAT,2025-06-22 21:43,2025-06-22 22:03,2025-06-22 22:55
LAB738296,ENC116156,PT10395,K,Potassium,3.9,mmol/L,3.5,5.1,N,STAT,2025-06-22 21:46,2025-06-22 22:10,2025-06-22 22:40
LAB738297,ENC116156,PT10395,A1C,Hemoglobin A1c,8.8,%,4,5.6,H,Routine,2025-06-22 20:39,2025-06-22 20:52,2025-06-23 19:27
LAB738298,ENC116157,PT10879,GLU,Glucose,189,mg/dL,70,99,H,STAT,2025-06-22 19:39,2025-06-22 19:47,2025-06-22 20:41
LAB738299,ENC116157,PT10879,CREAT,Creatinine,0.87,mg/dL,0.6,1.3,N,STAT,2025-06-22 18:54,2025-06-22 18:58,2025-06-22 19:34
LAB738300,ENC116157,PT10879,WBC,White Blood Cell Count,13,K/uL,4.5,11,H,Routine,2025-06-22 19:40,2025-06-22 20:03,2025-06-22 22:28
LAB738301,ENC116157,PT10879,HGB,Hemoglobin,15.3,g/dL,12,17.5,N,Routine,2025-06-22 19:05,2025-06-22 19:12,2025-06-22 20:42
LAB738302,ENC116158,PT12294,GLU,Glucose,135,mg/dL,70,99,H,STAT,2025-06-22 21:53,2025-06-22 21:57,2025-06-22 22:20
LAB738303,ENC116158,PT12294,CREAT,Creatinine,4.09,mg/dL,0.6,1.3,H,Routine,2025-06-22 22:00,2025-06-22 22:24,2025-06-23 00:54
LAB738304,ENC116158,PT12294,WBC,White Blood Cell Count,8,K/uL,4.5,11,N,STAT,2025-06-22 22:10,2025-06-22 22:32,2025-06-23 00:02
LAB738305,ENC116158,PT12294,HGB,Hemoglobin,14.9,g/dL,12,17.5,N,Routine,2025-06-22 22:16,2025-06-22 22:21,2025-06-23 00:14
LAB738306,ENC116158,PT12294,NA,Sodium,141,mmol/L,136,145,N,STAT,2025-06-22 22:09,2025-06-22 22:29,2025-06-22 23:22
LAB738307,ENC116158,PT12294,K,Potassium,5.3,mmol/L,3.5,5.1,H,STAT,2025-06-22 22:40,2025-06-22 23:01,2025-06-22 23:25
LAB738308,ENC116160,PT13249,GLU,Glucose,142,mg/dL,70,99,H,STAT,2025-06-23 01:30,2025-06-23 01:44,2025-06-23 02:14
LAB738309,ENC116160,PT13249,CREAT,Creatinine,0.92,mg/dL,0.6,1.3,N,STAT,2025-06-23 00:58,2025-06-23 01:13,2025-06-23 01:31
LAB738310,ENC116160,PT13249,WBC,White Blood Cell Count,0.9,K/uL,4.5,11,LL,Routine,2025-06-23 00:57,2025-06-23 01:23,2025-06-23 10:08
LAB738311,ENC116160,PT13249,HGB,Hemoglobin,14.6,g/dL,12,17.5,N,Routine,2025-06-23 00:31,2025-06-23 00:59,2025-06-23 02:00
LAB738312,ENC116162,PT10175,GLU,Glucose,113,mg/dL,70,99,H,Routine,2025-06-23 03:03,2025-06-23 03:21,2025-06-23 04:39
LAB738313,ENC116162,PT10175,CREAT,Creatinine,0.96,mg/dL,0.6,1.3,N,STAT,2025-06-23 02:52,2025-06-23 03:05,2025-06-23 03:29
LAB738314,ENC116162,PT10175,WBC,White Blood Cell Count,13,K/uL,4.5,11,H,STAT,2025-06-23 02:31,2025-06-23 02:56,2025-06-23 03:37
LAB738315,ENC116162,PT10175,HGB,Hemoglobin,12.7,g/dL,12,17.5,N,STAT,2025-06-23 02:32,2025-06-23 03:07,2025-06-23 04:31
LAB738316,ENC116162,PT10175,BUN,Blood Urea Nitrogen,21,mg/dL,7,20,H,Routine,2025-06-23 03:28,2025-06-23 03:47,2025-06-23 07:37
LAB738317,ENC116162,PT10175,PLT,Platelet Count,267,K/uL,150,400,N,STAT,2025-06-23 03:02,2025-06-23 03:14,2025-06-23 04:17
LAB738318,ENC116163,PT10686,GLU,Glucose,98,mg/dL,70,99,N,STAT,2025-06-23 00:49,2025-06-23 01:09,2025-06-23 01:45
LAB738319,ENC116163,PT10686,CREAT,Creatinine,0.98,mg/dL,0.6,1.3,N,STAT,2025-06-23 00:49,2025-06-23 01:06,2025-06-23 01:46
LAB738320,ENC116163,PT10686,WBC,White Blood Cell Count,6.4,K/uL,4.5,11,N,Routine,2025-06-23 00:40,2025-06-23 00:50,2025-06-23 02:06
LAB738321,ENC116163,PT10686,HGB,Hemoglobin,14.7,g/dL,12,17.5,N,STAT,2025-06-23 00:24,2025-06-23 00:32,2025-06-23 01:36
LAB738322,ENC116163,PT10686,NA,Sodium,142,mmol/L,136,145,N,Routine,2025-06-23 00:55,2025-06-23 01:26,2025-06-23 05:43
LAB738323,ENC116163,PT10686,K,Potassium,4.2,mmol/L,3.5,5.1,N,STAT,2025-06-23 00:07,2025-06-23 00:39,2025-06-23 01:17
LAB738324,ENC116164,PT11960,GLU,Glucose,123,mg/dL,70,99,H,STAT,2025-06-23 04:12,2025-06-23 04:46,2025-06-23 05:46
LAB738325,ENC116164,PT11960,CREAT,Creatinine,0.66,mg/dL,0.6,1.3,N,Routine,2025-06-23 04:26,2025-06-23 04:39,2025-06-23 06:55
LAB738326,ENC116164,PT11960,WBC,White Blood Cell Count,6,K/uL,4.5,11,N,Routine,2025-06-23 04:20,2025-06-23 04:24,2025-06-23 05:46
LAB738327,ENC116164,PT11960,HGB,Hemoglobin,13.6,g/dL,12,17.5,N,STAT,2025-06-23 04:29,2025-06-23 04:56,2025-06-23 06:59
LAB738328,ENC116164,PT11960,BUN,Blood Urea Nitrogen,21,mg/dL,7,20,H,Routine,2025-06-23 03:57,2025-06-23 04:01,2025-06-23 05:18
LAB738329,ENC116164,PT11960,PLT,Platelet Count,164,K/uL,150,400,N,STAT,2025-06-23 04:52,2025-06-23 05:23,2025-06-23 06:04
LAB738330,ENC116164,PT11960,TROP,"Troponin I, High Sensitivity",538,ng/L,0,34,H,STAT,2025-06-23 04:35,2025-06-23 05:02,2025-06-23 06:02
LAB738331,ENC116165,PT13430,GLU,Glucose,104,mg/dL,70,99,H,Routine,2025-06-23 03:39,2025-06-23 03:56,2025-06-23 07:58
LAB738332,ENC116165,PT13430,CREAT,Creatinine,1.05,mg/dL,0.6,1.3,N,Routine,2025-06-23 03:21,2025-06-23 03:49,2025-06-23 04:58
LAB738333,ENC116166,PT13132,GLU,Glucose,98,mg/dL,70,99,N,STAT,2025-06-23 11:25,2025-06-23 11:32,2025-06-23 12:08
LAB738334,ENC116166,PT13132,CREAT,Creatinine,1.09,mg/dL,0.6,1.3,N,STAT,2025-06-23 10:43,2025-06-23 11:04,2025-06-23 11:57
LAB738335,ENC116166,PT13132,WBC,White Blood Cell Count,7.9,K/uL,4.5,11,N,STAT,2025-06-23 10:42,2025-06-23 10:47,2025-06-23 11:19
LAB738336,ENC116166,PT13132,HGB,Hemoglobin,14.7,g/dL,12,17.5,N,Routine,2025-06-23 10:57,2025-06-23 11:14,2025-06-23 15:13
LAB738337,ENC116166,PT13132,TROP,"Troponin I, High Sensitivity",4,ng/L,0,34,N,STAT,2025-06-23 10:55,2025-06-23 11:20,2025-06-23 12:07
LAB738338,ENC116167,PT11369,GLU,Glucose,144,mg/dL,70,99,H,STAT,2025-06-23 07:41,2025-06-23 08:13,2025-06-23 08:57
LAB738339,ENC116167,PT11369,CREAT,Creatinine,0.96,mg/dL,0.6,1.3,N,STAT,2025-06-23 07:27,2025-06-23 07:33,2025-06-23 08:20
LAB738340,ENC116167,PT11369,WBC,White Blood Cell Count,6.8,K/uL,4.5,11,N,STAT,2025-06-23 07:32,2025-06-23 07:39,2025-06-23 08:05
LAB738341,ENC116167,PT11369,HGB,Hemoglobin,13,g/dL,12,17.5,N,STAT,2025-06-23 07:53,2025-06-23 08:03,2025-06-23 08:28
LAB738342,ENC116167,PT11369,BUN,Blood Urea Nitrogen,15,mg/dL,7,20,N,STAT,2025-06-23 08:18,2025-06-23 08:25,2025-06-23 08:41
LAB738343,ENC116167,PT11369,PLT,Platelet Count,266,K/uL,150,400,N,STAT,2025-06-23 07:58,2025-06-23 08:17,2025-06-23 08:46
LAB738344,ENC116169,PT12549,GLU,Glucose,98,mg/dL,70,99,N,Routine,2025-06-23 08:18,2025-06-23 08:41,2025-06-23 12:30
LAB738345,ENC116169,PT12549,CREAT,Creatinine,0.96,mg/dL,0.6,1.3,N,STAT,2025-06-23 07:47,2025-06-23 08:06,2025-06-23 08:48
LAB738346,ENC116169,PT12549,WBC,White Blood Cell Count,6.6,K/uL,4.5,11,N,Routine,2025-06-23 08:30,2025-06-23 08:40,2025-06-23 09:40
LAB738347,ENC116172,PT13227,GLU,Glucose,91,mg/dL,70,99,N,STAT,2025-06-23 12:26,2025-06-23 12:57,2025-06-23 13:30
LAB738348,ENC116172,PT13227,CREAT,Creatinine,0.73,mg/dL,0.6,1.3,N,STAT,2025-06-23 12:15,2025-06-23 12:22,2025-06-23 13:07
LAB738349,ENC116172,PT13227,WBC,White Blood Cell Count,13.6,K/uL,4.5,11,H,STAT,2025-06-23 12:51,2025-06-23 13:11,2025-06-23 13:40
LAB738350,ENC116172,PT13227,HGB,Hemoglobin,13.1,g/dL,12,17.5,N,Routine,2025-06-23 12:23,2025-06-23 12:57,2025-06-23 15:37
LAB738351,ENC116172,PT13227,NA,Sodium,136,mmol/L,136,145,N,Routine,2025-06-23 13:12,2025-06-23 13:39,2025-06-23 20:04
LAB738352,ENC116172,PT13227,K,Potassium,4,mmol/L,3.5,5.1,N,STAT,2025-06-23 12:52,2025-06-23 13:12,2025-06-23 13:32
LAB738353,ENC116174,PT13400,GLU,Glucose,105,mg/dL,70,99,H,STAT,2025-06-23 10:18,2025-06-23 10:26,2025-06-23 11:12
LAB738354,ENC116174,PT13400,CREAT,Creatinine,0.59,mg/dL,0.6,1.3,L,Routine,2025-06-23 10:00,2025-06-23 10:32,2025-06-23 14:23
LAB738355,ENC116174,PT13400,WBC,White Blood Cell Count,9.2,K/uL,4.5,11,N,Routine,2025-06-23 10:18,2025-06-23 10:45,2025-06-23 13:48
LAB738356,ENC116177,PT13929,A1C,Hemoglobin A1c,8.7,%,4,5.6,H,Routine,2025-06-23 10:38,2025-06-23 10:44,2025-06-24 06:06
LAB738357,ENC116179,PT10149,GLU,Glucose,102,mg/dL,70,99,H,STAT,2025-06-23 12:12,2025-06-23 12:39,2025-06-23 13:23
LAB738358,ENC116179,PT10149,CREAT,Creatinine,1.14,mg/dL,0.6,1.3,N,Routine,2025-06-23 11:27,2025-06-23 12:01,2025-06-23 16:17
LAB738359,ENC116179,PT10149,WBC,White Blood Cell Count,18.5,K/uL,4.5,11,H,STAT,2025-06-23 12:14,2025-06-23 12:28,2025-06-23 13:23
LAB738360,ENC116179,PT10149,HGB,Hemoglobin,16.6,g/dL,12,17.5,N,STAT,2025-06-23 11:27,2025-06-23 11:53,2025-06-23 12:35
LAB738361,ENC116182,PT12772,GLU,Glucose,122,mg/dL,70,99,H,Routine,2025-06-23 12:45,2025-06-23 13:05,2025-06-23 18:31
LAB738362,ENC116182,PT12772,CREAT,Creatinine,1.18,mg/dL,0.6,1.3,N,STAT,2025-06-23 12:36,2025-06-23 13:01,2025-06-23 13:46
LAB738363,ENC116183,PT11125,WBC,White Blood Cell Count,4.8,K/uL,4.5,11,N,Routine,2025-06-23 12:52,2025-06-23 12:59,2025-06-23 17:02
LAB738364,ENC116183,PT11125,HGB,Hemoglobin,10.8,g/dL,12,17.5,L,Routine,2025-06-23 12:36,2025-06-23 12:43,2025-06-23 18:24
LAB738365,ENC116183,PT11125,PLT,Platelet Count,175,K/uL,150,400,N,Routine,2025-06-23 12:47,2025-06-23 13:17,2025-06-23 16:16
LAB738366,ENC116184,PT12869,GLU,Glucose,117,mg/dL,70,99,H,STAT,2025-06-23 13:22,2025-06-23 13:31,2025-06-23 14:34
LAB738367,ENC116184,PT12869,CREAT,Creatinine,1.24,mg/dL,0.6,1.3,N,Routine,2025-06-23 13:53,2025-06-23 14:26,2025-06-23 18:08
LAB738368,ENC116184,PT12869,WBC,White Blood Cell Count,5.3,K/uL,4.5,11,N,STAT,2025-06-23 13:39,2025-06-23 13:56,2025-06-23 14:38
LAB738369,ENC116186,PT13585,LDL,LDL Cholesterol,125,mg/dL,0,99,H,Routine,2025-06-23 13:28,2025-06-23 13:53,2025-06-24 02:17
LAB738370,ENC116186,PT13585,A1C,Hemoglobin A1c,8.6,%,4,5.6,H,Routine,2025-06-23 13:41,2025-06-23 14:06,2025-06-24 00:34
LAB738371,ENC116187,PT11959,GLU,Glucose,140,mg/dL,70,99,H,Routine,2025-06-23 16:26,2025-06-23 16:40,2025-06-23 21:30
LAB738372,ENC116187,PT11959,CREAT,Creatinine,0.68,mg/dL,0.6,1.3,N,STAT,2025-06-23 16:15,2025-06-23 16:20,2025-06-23 17:09
LAB738373,ENC116187,PT11959,WBC,White Blood Cell Count,8.4,K/uL,4.5,11,N,Routine,2025-06-23 15:43,2025-06-23 16:04,2025-06-23 18:37
LAB738374,ENC116187,PT11959,HGB,Hemoglobin,13.2,g/dL,12,17.5,N,STAT,2025-06-23 16:22,2025-06-23 16:49,2025-06-23 17:15
LAB738375,ENC116190,PT12026,GLU,Glucose,124,mg/dL,70,99,H,STAT,2025-06-23 19:23,2025-06-23 19:56,2025-06-23 20:27
LAB738376,ENC116190,PT12026,CREAT,Creatinine,0.76,mg/dL,0.6,1.3,N,STAT,2025-06-23 18:54,2025-06-23 19:07,2025-06-23 20:06
LAB738377,ENC116190,PT12026,WBC,White Blood Cell Count,7.7,K/uL,4.5,11,N,STAT,2025-06-23 18:33,2025-06-23 19:06,2025-06-23 19:47
LAB738378,ENC116190,PT12026,HGB,Hemoglobin,9.8,g/dL,12,17.5,L,STAT,2025-06-23 19:27,2025-06-23 19:45,2025-06-23 20:18
LAB738379,ENC116190,PT12026,NA,Sodium,140,mmol/L,136,145,N,Routine,2025-06-23 18:42,2025-06-23 18:51,2025-06-23 20:43
LAB738380,ENC116190,PT12026,K,Potassium,4.1,mmol/L,3.5,5.1,N,STAT,2025-06-23 19:23,2025-06-23 19:47,2025-06-23 20:29
LAB738381,ENC116190,PT12026,LACT,Lactate,1.6,mmol/L,0.5,2,N,STAT,2025-06-23 18:55,2025-06-23 19:24,2025-06-23 20:51
LAB738382,ENC116190,PT12026,INR,Prothrombin Time INR,1.1,ratio,0.8,1.2,N,Routine,2025-06-23 18:59,2025-06-23 19:34,2025-06-23 22:05
LAB738383,ENC116196,PT13739,GLU,Glucose,117,mg/dL,70,99,H,STAT,2025-06-23 19:47,2025-06-23 20:19,2025-06-23 21:16
LAB738384,ENC116196,PT13739,CREAT,Creatinine,1.17,mg/dL,0.6,1.3,N,STAT,2025-06-23 19:20,2025-06-23 19:52,2025-06-23 20:14
LAB738385,ENC116197,PT11534,GLU,Glucose,165,mg/dL,70,99,H,STAT,2025-06-24 00:05,2025-06-24 00:20,2025-06-24 01:00
LAB738386,ENC116197,PT11534,CREAT,Creatinine,1.89,mg/dL,0.6,1.3,H,STAT,2025-06-24 00:21,2025-06-24 00:26,2025-06-24 01:05
LAB738387,ENC116197,PT11534,WBC,White Blood Cell Count,22.4,K/uL,4.5,11,H,STAT,2025-06-23 23:56,2025-06-24 00:01,2025-06-24 00:59
LAB738388,ENC116197,PT11534,HGB,Hemoglobin,14.6,g/dL,12,17.5,N,STAT,2025-06-23 23:51,2025-06-23 23:57,2025-06-24 01:04
LAB738389,ENC116197,PT11534,LACT,Lactate,2.4,mmol/L,0.5,2,H,STAT,2025-06-24 00:52,2025-06-24 01:03,2025-06-24 01:45
LAB738390,ENC116199,PT11631,GLU,Glucose,100,mg/dL,70,99,H,STAT,2025-06-24 02:45,2025-06-24 03:16,2025-06-24 03:51
LAB738391,ENC116199,PT11631,CREAT,Creatinine,0.82,mg/dL,0.6,1.3,N,Routine,2025-06-24 02:32,2025-06-24 02:41,2025-06-24 04:24
LAB738392,ENC116199,PT11631,WBC,White Blood Cell Count,8.8,K/uL,4.5,11,N,STAT,2025-06-24 03:28,2025-06-24 04:02,2025-06-24 05:09
LAB738393,ENC116199,PT11631,HGB,Hemoglobin,14.6,g/dL,12,17.5,N,STAT,2025-06-24 03:13,2025-06-24 03:29,2025-06-24 04:02
LAB738394,ENC116199,PT11631,NA,Sodium,138,mmol/L,136,145,N,STAT,2025-06-24 02:57,2025-06-24 03:16,2025-06-24 05:00
LAB738395,ENC116199,PT11631,K,Potassium,4.3,mmol/L,3.5,5.1,N,STAT,2025-06-24 02:36,2025-06-24 02:54,2025-06-24 03:46
LAB738396,ENC116199,PT11631,INR,Prothrombin Time INR,0.9,ratio,0.8,1.2,N,Routine,2025-06-24 02:29,2025-06-24 02:33,2025-06-24 04:20
LAB738397,ENC116200,PT10805,GLU,Glucose,88,mg/dL,70,99,N,STAT,2025-06-24 08:06,2025-06-24 08:11,2025-06-24 08:57
LAB738398,ENC116200,PT10805,CREAT,Creatinine,1.3,mg/dL,0.6,1.3,N,STAT,2025-06-24 07:23,2025-06-24 07:43,2025-06-24 08:26
LAB738399,ENC116200,PT10805,WBC,White Blood Cell Count,3.9,K/uL,4.5,11,L,Routine,2025-06-24 07:48,2025-06-24 08:19,2025-06-24 11:11
LAB738400,ENC116200,PT10805,HGB,Hemoglobin,10,g/dL,12,17.5,L,STAT,2025-06-24 07:45,2025-06-24 08:00,2025-06-24 08:24
LAB738401,ENC116200,PT10805,INR,Prothrombin Time INR,0.9,ratio,0.8,1.2,N,Routine,2025-06-24 07:43,2025-06-24 07:50,2025-06-24 12:11
LAB738402,ENC116201,PT10566,LDL,LDL Cholesterol,169,mg/dL,0,99,H,Routine,2025-06-24 08:10,2025-06-24 08:29,2025-06-24 21:39
LAB738403,ENC116201,PT10566,A1C,Hemoglobin A1c,8.2,%,4,5.6,H,Routine,2025-06-24 08:24,2025-06-24 08:29,2025-06-24 17:11
LAB738404,ENC116202,PT13773,GLU,Glucose,104,mg/dL,70,99,H,STAT,2025-06-24 09:29,2025-06-24 09:34,2025-06-24 10:11
LAB738405,ENC116202,PT13773,CREAT,Creatinine,0.57,mg/dL,0.6,1.3,L,Routine,2025-06-24 09:22,2025-06-24 09:54,2025-06-24 11:38
LAB738406,ENC116202,PT13773,WBC,White Blood Cell Count,8.6,K/uL,4.5,11,N,STAT,2025-06-24 08:34,2025-06-24 08:38,2025-06-24 09:36
LAB738407,ENC116202,PT13773,HGB,Hemoglobin,12.8,g/dL,12,17.5,N,STAT,2025-06-24 08:34,2025-06-24 08:55,2025-06-24 09:47
LAB738408,ENC116203,PT11400,A1C,Hemoglobin A1c,5.4,%,4,5.6,N,Routine,2025-06-24 08:23,2025-06-24 08:28,2025-06-25 13:01
LAB738409,ENC116203,PT11400,GLU,Glucose,104,mg/dL,70,99,H,Routine,2025-06-24 08:38,2025-06-24 08:44,2025-06-24 09:44
LAB738410,ENC116203,PT11400,CREAT,Creatinine,0.99,mg/dL,0.6,1.3,N,Routine,2025-06-24 08:39,2025-06-24 08:54,2025-06-24 11:53
LAB738411,ENC116204,PT11530,GLU,Glucose,85,mg/dL,70,99,N,STAT,2025-06-24 09:04,2025-06-24 09:35,2025-06-24 10:06
LAB738412,ENC116204,PT11530,CREAT,Creatinine,1.1,mg/dL,0.6,1.3,N,STAT,2025-06-24 09:19,2025-06-24 09:46,2025-06-24 10:17
LAB738413,ENC116204,PT11530,WBC,White Blood Cell Count,8.6,K/uL,4.5,11,N,STAT,2025-06-24 09:26,2025-06-24 09:43,2025-06-24 11:06
LAB738414,ENC116204,PT11530,HGB,Hemoglobin,13,g/dL,12,17.5,N,STAT,2025-06-24 09:17,2025-06-24 09:21,2025-06-24 09:45
LAB738415,ENC116205,PT11074,WBC,White Blood Cell Count,8.6,K/uL,4.5,11,N,Routine,2025-06-24 10:15,2025-06-24 10:48,2025-06-24 13:32
LAB738416,ENC116205,PT11074,HGB,Hemoglobin,15,g/dL,12,17.5,N,Routine,2025-06-24 10:00,2025-06-24 10:34,2025-06-24 14:10
LAB738417,ENC116205,PT11074,PLT,Platelet Count,296,K/uL,150,400,N,Routine,2025-06-24 09:58,2025-06-24 10:31,2025-06-24 12:51
LAB738418,ENC116211,PT13601,GLU,Glucose,147,mg/dL,70,99,H,Routine,2025-06-24 12:02,2025-06-24 12:11,2025-06-24 14:37
LAB738419,ENC116211,PT13601,CREAT,Creatinine,1.81,mg/dL,0.6,1.3,H,STAT,2025-06-24 12:36,2025-06-24 12:56,2025-06-24 14:33
LAB738420,ENC116211,PT13601,WBC,White Blood Cell Count,7.9,K/uL,4.5,11,N,Routine,2025-06-24 12:11,2025-06-24 12:18,2025-06-24 14:22
LAB738421,ENC116212,PT12647,A1C,Hemoglobin A1c,7.8,%,4,5.6,H,Routine,2025-06-24 11:38,2025-06-24 11:45,2025-06-24 21:15
LAB738422,ENC116216,PT12979,LDL,LDL Cholesterol,129,mg/dL,0,99,H,Routine,2025-06-24 13:07,2025-06-24 13:35,2025-06-24 22:42
LAB738423,ENC116216,PT12979,A1C,Hemoglobin A1c,9,%,4,5.6,H,Routine,2025-06-24 12:59,2025-06-24 13:03,2025-06-25 04:14
LAB738424,ENC116217,PT13883,GLU,Glucose,79,mg/dL,70,99,N,Routine,2025-06-24 13:26,2025-06-24 13:33,2025-06-24 15:42
LAB738425,ENC116217,PT13883,CREAT,Creatinine,0.86,mg/dL,0.6,1.3,N,STAT,2025-06-24 14:14,2025-06-24 14:21,2025-06-24 14:55
LAB738426,ENC116217,PT13883,WBC,White Blood Cell Count,16.9,K/uL,4.5,11,H,STAT,2025-06-24 13:14,2025-06-24 13:23,2025-06-24 14:05
LAB738427,ENC116217,PT13883,HGB,Hemoglobin,13.7,g/dL,12,17.5,N,STAT,2025-06-24 13:05,2025-06-24 13:27,2025-06-24 14:51
LAB738428,ENC116218,PT10306,LDL,LDL Cholesterol,209,mg/dL,0,99,H,Routine,2025-06-24 13:25,2025-06-24 13:42,2025-06-25 00:08
LAB738429,ENC116218,PT10306,TSH,Thyroid Stimulating Hormone,0.94,mIU/L,0.4,4,N,Routine,2025-06-24 13:06,2025-06-24 13:11,2025-06-24 22:47
LAB738430,ENC116219,PT13087,A1C,Hemoglobin A1c,11.9,%,4,5.6,H,Routine,2025-06-24 13:22,2025-06-24 13:43,2025-06-25 13:48
LAB738431,ENC116221,PT12437,GLU,Glucose,193,mg/dL,70,99,H,Routine,2025-06-24 17:47,2025-06-24 17:57,2025-06-24 19:55
LAB738432,ENC116221,PT12437,CREAT,Creatinine,1.49,mg/dL,0.6,1.3,H,STAT,2025-06-24 17:27,2025-06-24 17:41,2025-06-24 18:23
LAB738433,ENC116221,PT12437,WBC,White Blood Cell Count,11,K/uL,4.5,11,N,Routine,2025-06-24 16:51,2025-06-24 17:19,2025-06-24 21:16
LAB738434,ENC116221,PT12437,HGB,Hemoglobin,15.5,g/dL,12,17.5,N,STAT,2025-06-24 17:46,2025-06-24 18:13,2025-06-24 19:01
LAB738435,ENC116221,PT12437,INR,Prothrombin Time INR,1,ratio,0.8,1.2,N,Routine,2025-06-24 16:54,2025-06-24 17:23,2025-06-25 01:11
LAB738436,ENC116222,PT10326,GLU,Glucose,103,mg/dL,70,99,H,Routine,2025-06-24 15:02,2025-06-24 15:12,2025-06-24 19:46
LAB738437,ENC116222,PT10326,CREAT,Creatinine,0.89,mg/dL,0.6,1.3,N,STAT,2025-06-24 14:59,2025-06-24 15:16,2025-06-24 16:11
LAB738438,ENC116222,PT10326,WBC,White Blood Cell Count,7.5,K/uL,4.5,11,N,STAT,2025-06-24 14:54,2025-06-24 15:10,2025-06-24 15:57
LAB738439,ENC116222,PT10326,HGB,Hemoglobin,15.4,g/dL,12,17.5,N,Routine,2025-06-24 15:02,2025-06-24 15:29,2025-06-24 17:55
LAB738440,ENC116222,PT10326,NA,Sodium,141,mmol/L,136,145,N,STAT,2025-06-24 14:40,2025-06-24 15:05,2025-06-24 15:28
LAB738441,ENC116222,PT10326,K,Potassium,4.3,mmol/L,3.5,5.1,N,STAT,2025-06-24 14:34,2025-06-24 15:04,2025-06-24 15:40
LAB738442,ENC116222,PT10326,TROP,"Troponin I, High Sensitivity",67,ng/L,0,34,H,STAT,2025-06-24 14:48,2025-06-24 15:16,2025-06-24 17:12
LAB738443,ENC116223,PT10902,A1C,Hemoglobin A1c,7.9,%,4,5.6,H,Routine,2025-06-24 14:40,2025-06-24 15:01,2025-06-25 10:02
LAB738444,ENC116223,PT10902,GLU,Glucose,329,mg/dL,70,99,H,Routine,2025-06-24 14:36,2025-06-24 14:46,2025-06-24 18:40
LAB738445,ENC116223,PT10902,CREAT,Creatinine,0.56,mg/dL,0.6,1.3,L,Routine,2025-06-24 14:23,2025-06-24 14:50,2025-06-24 19:16
LAB738446,ENC116224,PT11928,A1C,Hemoglobin A1c,5,%,4,5.6,N,Routine,2025-06-24 14:51,2025-06-24 15:04,2025-06-25 13:29
LAB738447,ENC116224,PT11928,GLU,Glucose,98,mg/dL,70,99,N,Routine,2025-06-24 14:35,2025-06-24 15:05,2025-06-24 17:15
LAB738448,ENC116224,PT11928,CREAT,Creatinine,0.8,mg/dL,0.6,1.3,N,Routine,2025-06-24 14:57,2025-06-24 15:15,2025-06-24 18:08
LAB738449,ENC116226,PT10589,GLU,Glucose,109,mg/dL,70,99,H,Routine,2025-06-24 20:41,2025-06-24 21:11,2025-06-25 01:58
LAB738450,ENC116226,PT10589,CREAT,Creatinine,1.19,mg/dL,0.6,1.3,N,Routine,2025-06-24 21:25,2025-06-24 21:45,2025-06-25 03:21
LAB738451,ENC116226,PT10589,WBC,White Blood Cell Count,7.7,K/uL,4.5,11,N,STAT,2025-06-24 21:03,2025-06-24 21:31,2025-06-24 21:56
LAB738452,ENC116226,PT10589,HGB,Hemoglobin,5.9,g/dL,12,17.5,LL,STAT,2025-06-24 20:49,2025-06-24 21:04,2025-06-24 21:28
LAB738453,ENC116226,PT10589,LACT,Lactate,1.9,mmol/L,0.5,2,N,STAT,2025-06-24 21:16,2025-06-24 21:23,2025-06-24 21:57
LAB738454,ENC116226,PT10589,INR,Prothrombin Time INR,1.1,ratio,0.8,1.2,N,STAT,2025-06-24 20:16,2025-06-24 20:36,2025-06-24 21:28
LAB738455,ENC116230,PT10861,GLU,Glucose,159,mg/dL,70,99,H,STAT,2025-06-24 19:44,2025-06-24 19:56,2025-06-24 20:44
LAB738456,ENC116230,PT10861,CREAT,Creatinine,1.02,mg/dL,0.6,1.3,N,Routine,2025-06-24 20:30,2025-06-24 20:35,2025-06-25 04:28
LAB738457,ENC116230,PT10861,WBC,White Blood Cell Count,4.9,K/uL,4.5,11,N,STAT,2025-06-24 19:59,2025-06-24 20:27,2025-06-24 21:22
LAB738458,ENC116230,PT10861,HGB,Hemoglobin,4.6,g/dL,12,17.5,LL,STAT,2025-06-24 20:10,2025-06-24 20:43,2025-06-24 21:33
LAB738459,ENC116230,PT10861,INR,Prothrombin Time INR,0.8,ratio,0.8,1.2,N,Routine,2025-06-24 20:34,2025-06-24 20:45,2025-06-25 09:28
LAB738460,ENC116232,PT12264,GLU,Glucose,278,mg/dL,70,99,H,STAT,2025-06-24 18:06,2025-06-24 18:40,2025-06-24 19:23
LAB738461,ENC116232,PT12264,CREAT,Creatinine,0.97,mg/dL,0.6,1.3,N,STAT,2025-06-24 18:25,2025-06-24 18:40,2025-06-24 19:47
LAB738462,ENC116232,PT12264,WBC,White Blood Cell Count,6.6,K/uL,4.5,11,N,STAT,2025-06-24 18:17,2025-06-24 18:36,2025-06-24 19:16
LAB738463,ENC116232,PT12264,HGB,Hemoglobin,16.8,g/dL,12,17.5,N,Routine,2025-06-24 18:46,2025-06-24 19:09,2025-06-24 21:02
LAB738464,ENC116234,PT11668,GLU,Glucose,111,mg/dL,70,99,H,Routine,2025-06-25 02:04,2025-06-25 02:37,2025-06-25 07:01
LAB738465,ENC116234,PT11668,CREAT,Creatinine,0.97,mg/dL,0.6,1.3,N,STAT,2025-06-25 02:58,2025-06-25 03:32,2025-06-25 04:23
LAB738466,ENC116234,PT11668,WBC,White Blood Cell Count,7.3,K/uL,4.5,11,N,Routine,2025-06-25 02:00,2025-06-25 02:23,2025-06-25 04:24
LAB738467,ENC116234,PT11668,HGB,Hemoglobin,8,g/dL,12,17.5,L,STAT,2025-06-25 01:53,2025-06-25 01:58,2025-06-25 02:48
LAB738468,ENC116234,PT11668,LACT,Lactate,3.5,mmol/L,0.5,2,H,STAT,2025-06-25 02:55,2025-06-25 03:09,2025-06-25 03:35
LAB738469,ENC116234,PT11668,INR,Prothrombin Time INR,0.9,ratio,0.8,1.2,N,STAT,2025-06-25 02:37,2025-06-25 03:04,2025-06-25 03:41
LAB738470,ENC116235,PT13163,LDL,LDL Cholesterol,93,mg/dL,0,99,N,Routine,2025-06-25 08:28,2025-06-25 08:42,2025-06-26 01:28
LAB738471,ENC116235,PT13163,A1C,Hemoglobin A1c,7.1,%,4,5.6,H,Routine,2025-06-25 08:24,2025-06-25 08:34,2025-06-26 06:17
LAB738472,ENC116236,PT13571,GLU,Glucose,113,mg/dL,70,99,H,STAT,2025-06-25 08:23,2025-06-25 08:50,2025-06-25 09:58
LAB738473,ENC116236,PT13571,CREAT,Creatinine,1.21,mg/dL,0.6,1.3,N,Routine,2025-06-25 09:13,2025-06-25 09:40,2025-06-25 10:53
LAB738474,ENC116236,PT13571,WBC,White Blood Cell Count,11.1,K/uL,4.5,11,H,STAT,2025-06-25 08:21,2025-06-25 08:39,2025-06-25 09:50
LAB738475,ENC116236,PT13571,HGB,Hemoglobin,15.3,g/dL,12,17.5,N,Routine,2025-06-25 09:13,2025-06-25 09:29,2025-06-25 11:51
LAB738476,ENC116239,PT10828,GLU,Glucose,121,mg/dL,70,99,H,STAT,2025-06-25 10:09,2025-06-25 10:35,2025-06-25 11:19
LAB738477,ENC116239,PT10828,CREAT,Creatinine,1.02,mg/dL,0.6,1.3,N,Routine,2025-06-25 09:14,2025-06-25 09:41,2025-06-25 13:00
LAB738478,ENC116239,PT10828,WBC,White Blood Cell Count,6.5,K/uL,4.5,11,N,STAT,2025-06-25 09:27,2025-06-25 10:01,2025-06-25 10:34
LAB738479,ENC116239,PT10828,HGB,Hemoglobin,14,g/dL,12,17.5,N,Routine,2025-06-25 09:35,2025-06-25 09:44,2025-06-25 18:40
LAB738480,ENC116240,PT11300,A1C,Hemoglobin A1c,4.9,%,4,5.6,N,Routine,2025-06-25 11:07,2025-06-25 11:34,2025-06-26 11:30
LAB738481,ENC116243,PT12773,A1C,Hemoglobin A1c,9.6,%,4,5.6,H,Routine,2025-06-25 11:41,2025-06-25 11:54,2025-06-25 23:56
LAB738482,ENC116244,PT13281,LDL,LDL Cholesterol,142,mg/dL,0,99,H,Routine,2025-06-25 12:14,2025-06-25 12:45,2025-06-26 05:41
LAB738483,ENC116244,PT13281,A1C,Hemoglobin A1c,5.6,%,4,5.6,N,Routine,2025-06-25 12:00,2025-06-25 12:26,2025-06-25 21:45
LAB738484,ENC116245,PT10659,LDL,LDL Cholesterol,86,mg/dL,0,99,N,Routine,2025-06-25 12:52,2025-06-25 13:23,2025-06-26 05:16
LAB738485,ENC116247,PT12265,LDL,LDL Cholesterol,147,mg/dL,0,99,H,Routine,2025-06-25 13:17,2025-06-25 13:38,2025-06-26 00:49
LAB738486,ENC116248,PT13842,WBC,White Blood Cell Count,11.2,K/uL,4.5,11,H,Routine,2025-06-25 13:11,2025-06-25 13:22,2025-06-25 18:01
LAB738487,ENC116248,PT13842,HGB,Hemoglobin,9.5,g/dL,12,17.5,L,Routine,2025-06-25 13:28,2025-06-25 13:44,2025-06-25 17:54
LAB738488,ENC116248,PT13842,PLT,Platelet Count,319,K/uL,150,400,N,Routine,2025-06-25 13:14,2025-06-25 13:25,2025-06-25 18:54
LAB738489,ENC116249,PT12963,GLU,Glucose,93,mg/dL,70,99,N,Routine,2025-06-25 14:54,2025-06-25 15:25,2025-06-25 18:58
LAB738490,ENC116249,PT12963,CREAT,Creatinine,0.92,mg/dL,0.6,1.3,N,Routine,2025-06-25 14:42,2025-06-25 14:47,2025-06-25 19:00
LAB738491,ENC116249,PT12963,WBC,White Blood Cell Count,7.3,K/uL,4.5,11,N,STAT,2025-06-25 15:18,2025-06-25 15:51,2025-06-25 17:17
LAB738492,ENC116249,PT12963,HGB,Hemoglobin,13.8,g/dL,12,17.5,N,Routine,2025-06-25 15:23,2025-06-25 15:50,2025-06-25 17:28
LAB738493,ENC116249,PT12963,TROP,"Troponin I, High Sensitivity",81,ng/L,0,34,H,STAT,2025-06-25 14:37,2025-06-25 14:59,2025-06-25 16:02
LAB738494,ENC116249,PT12963,BNP,B-Type Natriuretic Peptide,583,pg/mL,0,100,H,STAT,2025-06-25 14:53,2025-06-25 15:23,2025-06-25 16:04
LAB738495,ENC116251,PT13900,LDL,LDL Cholesterol,130,mg/dL,0,99,H,Routine,2025-06-25 15:15,2025-06-25 15:50,2025-06-27 04:30
LAB738496,ENC116253,PT13678,GLU,Glucose,137,mg/dL,70,99,H,STAT,2025-06-25 20:12,2025-06-25 20:42,2025-06-25 21:36
LAB738497,ENC116253,PT13678,CREAT,Creatinine,0.57,mg/dL,0.6,1.3,L,STAT,2025-06-25 20:27,2025-06-25 20:43,2025-06-25 21:42
LAB738498,ENC116253,PT13678,WBC,White Blood Cell Count,7.4,K/uL,4.5,11,N,STAT,2025-06-25 20:37,2025-06-25 21:01,2025-06-25 21:43
LAB738499,ENC116253,PT13678,HGB,Hemoglobin,8.2,g/dL,12,17.5,L,STAT,2025-06-25 19:59,2025-06-25 20:34,2025-06-25 20:56
LAB738500,ENC116253,PT13678,INR,Prothrombin Time INR,0.9,ratio,0.8,1.2,N,Routine,2025-06-25 20:19,2025-06-25 20:43,2025-06-25 22:41
LAB738501,ENC116255,PT13714,GLU,Glucose,99,mg/dL,70,99,N,Routine,2025-06-25 17:03,2025-06-25 17:20,2025-06-25 20:08
LAB738502,ENC116255,PT13714,CREAT,Creatinine,1.01,mg/dL,0.6,1.3,N,STAT,2025-06-25 17:18,2025-06-25 17:39,2025-06-25 18:31
LAB738503,ENC116255,PT13714,WBC,White Blood Cell Count,6.7,K/uL,4.5,11,N,Routine,2025-06-25 17:20,2025-06-25 17:34,2025-06-25 22:11
LAB738504,ENC116255,PT13714,HGB,Hemoglobin,15.2,g/dL,12,17.5,N,STAT,2025-06-25 16:12,2025-06-25 16:36,2025-06-25 17:19
LAB738505,ENC116258,PT12045,GLU,Glucose,140,mg/dL,70,99,H,STAT,2025-06-25 20:53,2025-06-25 21:09,2025-06-25 21:37
LAB738506,ENC116258,PT12045,CREAT,Creatinine,0.77,mg/dL,0.6,1.3,N,STAT,2025-06-25 21:01,2025-06-25 21:25,2025-06-25 21:58
LAB738507,ENC116258,PT12045,WBC,White Blood Cell Count,12.6,K/uL,4.5,11,H,Routine,2025-06-25 21:30,2025-06-25 21:43,2025-06-26 01:39
LAB738508,ENC116258,PT12045,HGB,Hemoglobin,12.9,g/dL,12,17.5,N,STAT,2025-06-25 20:31,2025-06-25 21:06,2025-06-25 21:46
LAB738509,ENC116259,PT12232,GLU,Glucose,114,mg/dL,70,99,H,Routine,2025-06-25 21:19,2025-06-25 21:29,2025-06-26 00:07
LAB738510,ENC116259,PT12232,CREAT,Creatinine,1.32,mg/dL,0.6,1.3,H,STAT,2025-06-25 21:15,2025-06-25 21:34,2025-06-25 22:24
LAB738511,ENC116260,PT12032,GLU,Glucose,122,mg/dL,70,99,H,STAT,2025-06-25 23:30,2025-06-26 00:00,2025-06-26 00:49
LAB738512,ENC116260,PT12032,CREAT,Creatinine,1.28,mg/dL,0.6,1.3,N,Routine,2025-06-25 23:54,2025-06-26 00:06,2025-06-26 01:48
LAB738513,ENC116260,PT12032,WBC,White Blood Cell Count,8.1,K/uL,4.5,11,N,STAT,2025-06-25 23:16,2025-06-25 23:26,2025-06-26 00:29
LAB738514,ENC116260,PT12032,HGB,Hemoglobin,12.4,g/dL,12,17.5,N,STAT,2025-06-25 23:54,2025-06-26 00:26,2025-06-26 01:36
LAB738515,ENC116260,PT12032,NA,Sodium,138,mmol/L,136,145,N,STAT,2025-06-25 23:42,2025-06-26 00:04,2025-06-26 00:54
LAB738516,ENC116260,PT12032,K,Potassium,3.5,mmol/L,3.5,5.1,N,STAT,2025-06-25 22:49,2025-06-25 23:03,2025-06-25 23:45
LAB738517,ENC116260,PT12032,BUN,Blood Urea Nitrogen,7,mg/dL,7,20,N,STAT,2025-06-25 23:36,2025-06-25 23:43,2025-06-26 00:54
LAB738518,ENC116260,PT12032,PLT,Platelet Count,162,K/uL,150,400,N,STAT,2025-06-25 23:14,2025-06-25 23:46,2025-06-26 00:28
LAB738519,ENC116261,PT11224,GLU,Glucose,83,mg/dL,70,99,N,Routine,2025-06-25 22:11,2025-06-25 22:41,2025-06-26 00:06
LAB738520,ENC116261,PT11224,CREAT,Creatinine,1.36,mg/dL,0.6,1.3,H,STAT,2025-06-25 22:49,2025-06-25 23:04,2025-06-25 23:33
LAB738521,ENC116261,PT11224,WBC,White Blood Cell Count,7.5,K/uL,4.5,11,N,STAT,2025-06-25 23:00,2025-06-25 23:19,2025-06-26 00:54
LAB738522,ENC116261,PT11224,HGB,Hemoglobin,15.3,g/dL,12,17.5,N,Routine,2025-06-25 22:51,2025-06-25 23:26,2025-06-26 02:16
LAB738523,ENC116261,PT11224,TROP,"Troponin I, High Sensitivity",5,ng/L,0,34,N,STAT,2025-06-25 22:59,2025-06-25 23:18,2025-06-26 00:05
LAB738524,ENC116262,PT11259,GLU,Glucose,190,mg/dL,70,99,H,STAT,2025-06-26 01:06,2025-06-26 01:30,2025-06-26 02:08
LAB738525,ENC116262,PT11259,CREAT,Creatinine,0.47,mg/dL,0.6,1.3,L,STAT,2025-06-26 01:04,2025-06-26 01:28,2025-06-26 01:59
LAB738526,ENC116262,PT11259,WBC,White Blood Cell Count,4.6,K/uL,4.5,11,N,Routine,2025-06-26 01:55,2025-06-26 01:59,2025-06-26 03:50
LAB738527,ENC116262,PT11259,HGB,Hemoglobin,14.9,g/dL,12,17.5,N,Routine,2025-06-26 01:38,2025-06-26 01:52,2025-06-26 03:04
LAB738528,ENC116263,PT10545,GLU,Glucose,114,mg/dL,70,99,H,STAT,2025-06-26 00:32,2025-06-26 00:41,2025-06-26 01:47
LAB738529,ENC116263,PT10545,CREAT,Creatinine,0.75,mg/dL,0.6,1.3,N,STAT,2025-06-26 00:11,2025-06-26 00:33,2025-06-26 01:18
LAB738530,ENC116263,PT10545,WBC,White Blood Cell Count,5.3,K/uL,4.5,11,N,STAT,2025-06-26 00:58,2025-06-26 01:12,2025-06-26 01:50
LAB738531,ENC116263,PT10545,HGB,Hemoglobin,11.8,g/dL,12,17.5,L,Routine,2025-06-26 00:35,2025-06-26 01:10,2025-06-26 03:50
LAB738532,ENC116263,PT10545,TROP,"Troponin I, High Sensitivity",3,ng/L,0,34,N,STAT,2025-06-26 00:12,2025-06-26 00:42,2025-06-26 01:40
LAB738533,ENC116264,PT11736,GLU,Glucose,104,mg/dL,70,99,H,STAT,2025-06-26 01:08,2025-06-26 01:16,2025-06-26 02:06
LAB738534,ENC116264,PT11736,CREAT,Creatinine,0.54,mg/dL,0.6,1.3,L,STAT,2025-06-26 00:27,2025-06-26 00:53,2025-06-26 01:17
LAB738535,ENC116264,PT11736,WBC,White Blood Cell Count,4.3,K/uL,4.5,11,L,Routine,2025-06-26 00:47,2025-06-26 01:10,2025-06-26 04:09
LAB738536,ENC116264,PT11736,HGB,Hemoglobin,11.2,g/dL,12,17.5,L,STAT,2025-06-26 00:40,2025-06-26 01:11,2025-06-26 02:10
LAB738537,ENC116265,PT12299,GLU,Glucose,134,mg/dL,70,99,H,STAT,2025-06-26 10:58,2025-06-26 11:21,2025-06-26 12:09
LAB738538,ENC116265,PT12299,CREAT,Creatinine,1.25,mg/dL,0.6,1.3,N,STAT,2025-06-26 10:32,2025-06-26 10:44,2025-06-26 11:14
LAB738539,ENC116265,PT12299,WBC,White Blood Cell Count,20.6,K/uL,4.5,11,H,STAT,2025-06-26 10:47,2025-06-26 10:58,2025-06-26 11:52
LAB738540,ENC116265,PT12299,HGB,Hemoglobin,14.5,g/dL,12,17.5,N,Routine,2025-06-26 10:35,2025-06-26 10:42,2025-06-26 14:43
LAB738541,ENC116265,PT12299,LACT,Lactate,2.4,mmol/L,0.5,2,H,STAT,2025-06-26 11:25,2025-06-26 11:50,2025-06-26 13:21
LAB738542,ENC116266,PT10266,GLU,Glucose,77,mg/dL,70,99,N,Routine,2025-06-26 06:50,2025-06-26 07:14,2025-06-26 09:50
LAB738543,ENC116266,PT10266,CREAT,Creatinine,1.28,mg/dL,0.6,1.3,N,STAT,2025-06-26 07:23,2025-06-26 07:29,2025-06-26 08:18
LAB738544,ENC116266,PT10266,WBC,White Blood Cell Count,6,K/uL,4.5,11,N,STAT,2025-06-26 06:55,2025-06-26 07:18,2025-06-26 07:42
LAB738545,ENC116266,PT10266,HGB,Hemoglobin,13.5,g/dL,12,17.5,N,Routine,2025-06-26 07:42,2025-06-26 08:15,2025-06-26 12:47
LAB738546,ENC116268,PT11352,A1C,Hemoglobin A1c,7.7,%,4,5.6,H,Routine,2025-06-26 08:56,2025-06-26 09:19,2025-06-26 18:49
LAB738547,ENC116268,PT11352,GLU,Glucose,85,mg/dL,70,99,N,Routine,2025-06-26 09:00,2025-06-26 09:33,2025-06-26 11:25
LAB738548,ENC116268,PT11352,CREAT,Creatinine,0.95,mg/dL,0.6,1.3,N,Routine,2025-06-26 08:57,2025-06-26 09:31,2025-06-26 13:12
LAB738549,ENC116271,PT13976,WBC,White Blood Cell Count,6.1,K/uL,4.5,11,N,Routine,2025-06-26 09:23,2025-06-26 09:29,2025-06-26 10:39
LAB738550,ENC116271,PT13976,HGB,Hemoglobin,13.6,g/dL,12,17.5,N,Routine,2025-06-26 09:18,2025-06-26 09:40,2025-06-26 11:55
LAB738551,ENC116271,PT13976,PLT,Platelet Count,219,K/uL,150,400,N,Routine,2025-06-26 09:27,2025-06-26 09:54,2025-06-26 11:54
LAB738552,ENC116272,PT12500,WBC,White Blood Cell Count,5,K/uL,4.5,11,N,Routine,2025-06-26 09:39,2025-06-26 09:50,2025-06-26 12:51
LAB738553,ENC116272,PT12500,HGB,Hemoglobin,13.7,g/dL,12,17.5,N,Routine,2025-06-26 09:57,2025-06-26 10:13,2025-06-26 12:17
LAB738554,ENC116272,PT12500,PLT,Platelet Count,260,K/uL,150,400,N,Routine,2025-06-26 09:48,2025-06-26 10:09,2025-06-26 11:28
LAB738555,ENC116273,PT13838,A1C,Hemoglobin A1c,7.2,%,4,5.6,H,Routine,2025-06-26 10:15,2025-06-26 10:47,2025-06-27 06:02
LAB738556,ENC116273,PT13838,GLU,Glucose,365,mg/dL,70,99,H,Routine,2025-06-26 10:24,2025-06-26 10:49,2025-06-26 13:18
LAB738557,ENC116273,PT13838,CREAT,Creatinine,1.14,mg/dL,0.6,1.3,N,Routine,2025-06-26 10:18,2025-06-26 10:47,2025-06-26 12:18
LAB738558,ENC116275,PT11437,GLU,Glucose,212,mg/dL,70,99,H,STAT,2025-06-26 13:30,2025-06-26 13:50,2025-06-26 14:45
LAB738559,ENC116275,PT11437,CREAT,Creatinine,0.9,mg/dL,0.6,1.3,N,STAT,2025-06-26 13:39,2025-06-26 13:43,2025-06-26 14:17
LAB738560,ENC116275,PT11437,WBC,White Blood Cell Count,5.8,K/uL,4.5,11,N,STAT,2025-06-26 13:44,2025-06-26 14:17,2025-06-26 15:17
LAB738561,ENC116275,PT11437,HGB,Hemoglobin,5,g/dL,12,17.5,LL,Routine,2025-06-26 13:32,2025-06-26 13:54,2025-06-26 15:26
LAB738562,ENC116275,PT11437,INR,Prothrombin Time INR,1.1,ratio,0.8,1.2,N,Routine,2025-06-26 13:38,2025-06-26 14:07,2025-06-26 23:53
LAB738563,ENC116276,PT10679,GLU,Glucose,151,mg/dL,70,99,H,STAT,2025-06-26 11:11,2025-06-26 11:39,2025-06-26 12:37
LAB738564,ENC116276,PT10679,CREAT,Creatinine,1.2,mg/dL,0.6,1.3,N,STAT,2025-06-26 11:10,2025-06-26 11:22,2025-06-26 12:34
LAB738565,ENC116276,PT10679,WBC,White Blood Cell Count,5.3,K/uL,4.5,11,N,Routine,2025-06-26 11:22,2025-06-26 11:32,2025-06-26 15:40
LAB738566,ENC116276,PT10679,HGB,Hemoglobin,15.1,g/dL,12,17.5,N,STAT,2025-06-26 10:52,2025-06-26 11:03,2025-06-26 11:56
LAB738567,ENC116276,PT10679,TROP,"Troponin I, High Sensitivity",77,ng/L,0,34,H,STAT,2025-06-26 11:13,2025-06-26 11:31,2025-06-26 12:36
LAB738568,ENC116276,PT10679,BNP,B-Type Natriuretic Peptide,917,pg/mL,0,100,H,STAT,2025-06-26 10:22,2025-06-26 10:29,2025-06-26 11:23
LAB738569,ENC116277,PT10262,LDL,LDL Cholesterol,86,mg/dL,0,99,N,Routine,2025-06-26 10:50,2025-06-26 11:22,2025-06-26 21:38
LAB738570,ENC116278,PT13832,GLU,Glucose,101,mg/dL,70,99,H,STAT,2025-06-26 12:05,2025-06-26 12:15,2025-06-26 13:27
LAB738571,ENC116278,PT13832,CREAT,Creatinine,3.13,mg/dL,0.6,1.3,H,STAT,2025-06-26 12:21,2025-06-26 12:43,2025-06-26 13:38
LAB738572,ENC116278,PT13832,WBC,White Blood Cell Count,11,K/uL,4.5,11,N,STAT,2025-06-26 12:23,2025-06-26 12:57,2025-06-26 13:38
LAB738573,ENC116283,PT12160,A1C,Hemoglobin A1c,8.9,%,4,5.6,H,Routine,2025-06-26 13:27,2025-06-26 13:33,2025-06-27 18:57
LAB738574,ENC116283,PT12160,GLU,Glucose,216,mg/dL,70,99,H,Routine,2025-06-26 13:21,2025-06-26 13:26,2025-06-26 17:40
LAB738575,ENC116283,PT12160,CREAT,Creatinine,0.72,mg/dL,0.6,1.3,N,Routine,2025-06-26 13:06,2025-06-26 13:14,2025-06-26 17:24
LAB738576,ENC116294,PT12532,GLU,Glucose,106,mg/dL,70,99,H,STAT,2025-06-26 20:13,2025-06-26 20:27,2025-06-26 21:09
LAB738577,ENC116294,PT12532,CREAT,Creatinine,1.08,mg/dL,0.6,1.3,N,STAT,2025-06-26 19:29,2025-06-26 19:49,2025-06-26 21:15
LAB738578,ENC116294,PT12532,WBC,White Blood Cell Count,9.2,K/uL,4.5,11,N,STAT,2025-06-26 19:20,2025-06-26 19:24,2025-06-26 20:15
LAB738579,ENC116294,PT12532,HGB,Hemoglobin,15.9,g/dL,12,17.5,N,STAT,2025-06-26 20:16,2025-06-26 20:48,2025-06-26 21:37
LAB738580,ENC116294,PT12532,NA,Sodium,136,mmol/L,136,145,N,STAT,2025-06-26 19:56,2025-06-26 20:17,2025-06-26 21:13
LAB738581,ENC116294,PT12532,K,Potassium,4.9,mmol/L,3.5,5.1,N,STAT,2025-06-26 19:51,2025-06-26 20:11,2025-06-26 21:31
LAB738582,ENC116296,PT13863,GLU,Glucose,131,mg/dL,70,99,H,Routine,2025-06-26 19:02,2025-06-26 19:31,2025-06-26 21:47
LAB738583,ENC116296,PT13863,CREAT,Creatinine,1.69,mg/dL,0.6,1.3,H,STAT,2025-06-26 19:06,2025-06-26 19:34,2025-06-26 20:34
LAB738584,ENC116296,PT13863,WBC,White Blood Cell Count,18.6,K/uL,4.5,11,H,STAT,2025-06-26 20:04,2025-06-26 20:10,2025-06-26 21:08
LAB738585,ENC116296,PT13863,HGB,Hemoglobin,13.6,g/dL,12,17.5,N,STAT,2025-06-26 20:00,2025-06-26 20:19,2025-06-26 21:09
LAB738586,ENC116296,PT13863,NA,Sodium,139,mmol/L,136,145,N,Routine,2025-06-26 19:25,2025-06-26 19:53,2025-06-26 22:49
LAB738587,ENC116296,PT13863,K,Potassium,4.8,mmol/L,3.5,5.1,N,STAT,2025-06-26 18:59,2025-06-26 19:04,2025-06-26 19:57
LAB738588,ENC116296,PT13863,LACT,Lactate,7.4,mmol/L,0.5,2,HH,STAT,2025-06-26 19:48,2025-06-26 19:56,2025-06-26 20:37
LAB738589,ENC116297,PT10761,TROP,"Troponin I, High Sensitivity",5,ng/L,0,34,N,STAT,2025-06-26 20:51,2025-06-26 21:24,2025-06-26 22:28
LAB738590,ENC116298,PT11300,GLU,Glucose,109,mg/dL,70,99,H,Routine,2025-06-26 23:16,2025-06-26 23:33,2025-06-27 02:04
LAB738591,ENC116298,PT11300,CREAT,Creatinine,1.06,mg/dL,0.6,1.3,N,STAT,2025-06-26 23:55,2025-06-27 00:09,2025-06-27 00:59
LAB738592,ENC116298,PT11300,WBC,White Blood Cell Count,5.9,K/uL,4.5,11,N,STAT,2025-06-26 23:52,2025-06-27 00:15,2025-06-27 01:50
LAB738593,ENC116298,PT11300,HGB,Hemoglobin,14.9,g/dL,12,17.5,N,STAT,2025-06-26 23:24,2025-06-26 23:47,2025-06-27 00:29
LAB738594,ENC116298,PT11300,TROP,"Troponin I, High Sensitivity",1378,ng/L,0,34,H,STAT,2025-06-26 23:20,2025-06-26 23:32,2025-06-27 00:51
LAB738595,ENC116300,PT12612,GLU,Glucose,83,mg/dL,70,99,N,STAT,2025-06-26 21:47,2025-06-26 22:15,2025-06-26 23:11
LAB738596,ENC116300,PT12612,CREAT,Creatinine,0.95,mg/dL,0.6,1.3,N,STAT,2025-06-26 20:56,2025-06-26 21:15,2025-06-26 22:06
LAB738597,ENC116300,PT12612,WBC,White Blood Cell Count,4.6,K/uL,4.5,11,N,STAT,2025-06-26 21:24,2025-06-26 21:41,2025-06-26 22:29
LAB738598,ENC116300,PT12612,TROP,"Troponin I, High Sensitivity",8,ng/L,0,34,N,STAT,2025-06-26 21:15,2025-06-26 21:48,2025-06-26 22:40
LAB738599,ENC116301,PT13348,GLU,Glucose,121,mg/dL,70,99,H,Routine,2025-06-27 01:18,2025-06-27 01:42,2025-06-27 05:00
LAB738600,ENC116301,PT13348,CREAT,Creatinine,1.17,mg/dL,0.6,1.3,N,Routine,2025-06-27 00:38,2025-06-27 01:03,2025-06-27 04:09
LAB738601,ENC116301,PT13348,WBC,White Blood Cell Count,8.9,K/uL,4.5,11,N,STAT,2025-06-27 00:30,2025-06-27 00:56,2025-06-27 02:01
LAB738602,ENC116301,PT13348,HGB,Hemoglobin,13.6,g/dL,12,17.5,N,Routine,2025-06-27 01:08,2025-06-27 01:21,2025-06-27 03:39
LAB738603,ENC116301,PT13348,TROP,"Troponin I, High Sensitivity",887,ng/L,0,34,H,STAT,2025-06-27 01:06,2025-06-27 01:36,2025-06-27 02:50
LAB738604,ENC116302,PT12713,GLU,Glucose,76,mg/dL,70,99,N,STAT,2025-06-26 22:33,2025-06-26 22:39,2025-06-26 23:55
LAB738605,ENC116302,PT12713,CREAT,Creatinine,0.75,mg/dL,0.6,1.3,N,STAT,2025-06-26 22:35,2025-06-26 23:09,2025-06-26 23:40
LAB738606,ENC116302,PT12713,WBC,White Blood Cell Count,7.7,K/uL,4.5,11,N,Routine,2025-06-26 21:30,2025-06-26 22:05,2025-06-27 04:54
LAB738607,ENC116302,PT12713,HGB,Hemoglobin,12.8,g/dL,12,17.5,N,Routine,2025-06-26 22:00,2025-06-26 22:32,2025-06-27 01:01
LAB738608,ENC116303,PT11641,GLU,Glucose,87,mg/dL,70,99,N,STAT,2025-06-26 22:18,2025-06-26 22:24,2025-06-26 23:40
LAB738609,ENC116303,PT11641,CREAT,Creatinine,0.81,mg/dL,0.6,1.3,N,STAT,2025-06-26 22:38,2025-06-26 22:45,2025-06-26 23:53
LAB738610,ENC116303,PT11641,WBC,White Blood Cell Count,9.9,K/uL,4.5,11,N,STAT,2025-06-26 23:09,2025-06-26 23:30,2025-06-26 23:56
LAB738611,ENC116304,PT12236,GLU,Glucose,116,mg/dL,70,99,H,STAT,2025-06-26 22:57,2025-06-26 23:27,2025-06-27 00:12
LAB738612,ENC116304,PT12236,CREAT,Creatinine,0.67,mg/dL,0.6,1.3,N,Routine,2025-06-26 22:55,2025-06-26 23:11,2025-06-27 04:35
LAB738613,ENC116304,PT12236,WBC,White Blood Cell Count,5.3,K/uL,4.5,11,N,Routine,2025-06-26 23:02,2025-06-26 23:36,2025-06-27 01:18
LAB738614,ENC116305,PT13340,GLU,Glucose,157,mg/dL,70,99,H,STAT,2025-06-27 02:36,2025-06-27 02:55,2025-06-27 04:30
LAB738615,ENC116305,PT13340,CREAT,Creatinine,1.5,mg/dL,0.6,1.3,H,STAT,2025-06-27 02:04,2025-06-27 02:32,2025-06-27 03:16
LAB738616,ENC116305,PT13340,WBC,White Blood Cell Count,18.6,K/uL,4.5,11,H,STAT,2025-06-27 03:04,2025-06-27 03:08,2025-06-27 03:45
LAB738617,ENC116305,PT13340,HGB,Hemoglobin,14.2,g/dL,12,17.5,N,STAT,2025-06-27 02:29,2025-06-27 02:49,2025-06-27 03:34
LAB738618,ENC116305,PT13340,LACT,Lactate,2.2,mmol/L,0.5,2,H,STAT,2025-06-27 03:03,2025-06-27 03:26,2025-06-27 04:39
LAB738619,ENC116306,PT11845,GLU,Glucose,106,mg/dL,70,99,H,Routine,2025-06-27 03:14,2025-06-27 03:41,2025-06-27 07:19
LAB738620,ENC116306,PT11845,CREAT,Creatinine,0.91,mg/dL,0.6,1.3,N,STAT,2025-06-27 03:42,2025-06-27 03:47,2025-06-27 04:12
LAB738621,ENC116306,PT11845,WBC,White Blood Cell Count,6.5,K/uL,4.5,11,N,STAT,2025-06-27 04:05,2025-06-27 04:12,2025-06-27 05:01
LAB738622,ENC116306,PT11845,HGB,Hemoglobin,10.3,g/dL,12,17.5,L,Routine,2025-06-27 03:27,2025-06-27 03:54,2025-06-27 10:04
LAB738623,ENC116306,PT11845,INR,Prothrombin Time INR,1,ratio,0.8,1.2,N,STAT,2025-06-27 03:50,2025-06-27 04:22,2025-06-27 05:39
LAB738624,ENC116307,PT11532,GLU,Glucose,135,mg/dL,70,99,H,STAT,2025-06-27 06:03,2025-06-27 06:34,2025-06-27 07:25
LAB738625,ENC116307,PT11532,CREAT,Creatinine,1.24,mg/dL,0.6,1.3,N,STAT,2025-06-27 05:32,2025-06-27 05:52,2025-06-27 06:45
LAB738626,ENC116307,PT11532,WBC,White Blood Cell Count,7.6,K/uL,4.5,11,N,STAT,2025-06-27 06:02,2025-06-27 06:08,2025-06-27 06:41
LAB738627,ENC116307,PT11532,HGB,Hemoglobin,13.6,g/dL,12,17.5,N,STAT,2025-06-27 05:38,2025-06-27 06:01,2025-06-27 07:31
LAB738628,ENC116307,PT11532,TROP,"Troponin I, High Sensitivity",3,ng/L,0,34,N,STAT,2025-06-27 05:14,2025-06-27 05:45,2025-06-27 06:24
LAB738629,ENC116307,PT11532,BNP,B-Type Natriuretic Peptide,1672,pg/mL,0,100,H,STAT,2025-06-27 05:57,2025-06-27 06:26,2025-06-27 07:14
LAB738630,ENC116308,PT11978,GLU,Glucose,101,mg/dL,70,99,H,STAT,2025-06-27 01:06,2025-06-27 01:25,2025-06-27 02:14
LAB738631,ENC116308,PT11978,CREAT,Creatinine,1.38,mg/dL,0.6,1.3,H,Routine,2025-06-27 01:39,2025-06-27 01:52,2025-06-27 05:31
LAB738632,ENC116309,PT13311,GLU,Glucose,196,mg/dL,70,99,H,STAT,2025-06-27 04:42,2025-06-27 04:49,2025-06-27 05:34
LAB738633,ENC116309,PT13311,CREAT,Creatinine,1.02,mg/dL,0.6,1.3,N,Routine,2025-06-27 05:10,2025-06-27 05:26,2025-06-27 08:28
LAB738634,ENC116309,PT13311,WBC,White Blood Cell Count,10.4,K/uL,4.5,11,N,STAT,2025-06-27 05:40,2025-06-27 05:45,2025-06-27 07:12
LAB738635,ENC116309,PT13311,HGB,Hemoglobin,13.9,g/dL,12,17.5,N,STAT,2025-06-27 05:43,2025-06-27 06:08,2025-06-27 06:33
LAB738636,ENC116309,PT13311,NA,Sodium,137,mmol/L,136,145,N,Routine,2025-06-27 05:41,2025-06-27 06:05,2025-06-27 09:22
LAB738637,ENC116309,PT13311,K,Potassium,3.3,mmol/L,3.5,5.1,L,STAT,2025-06-27 05:20,2025-06-27 05:35,2025-06-27 06:29
LAB738638,ENC116310,PT11831,GLU,Glucose,268,mg/dL,70,99,H,STAT,2025-06-27 03:13,2025-06-27 03:38,2025-06-27 04:20
LAB738639,ENC116310,PT11831,CREAT,Creatinine,1.01,mg/dL,0.6,1.3,N,Routine,2025-06-27 02:38,2025-06-27 03:12,2025-06-27 08:37
LAB738640,ENC116310,PT11831,WBC,White Blood Cell Count,9.8,K/uL,4.5,11,N,STAT,2025-06-27 03:36,2025-06-27 04:08,2025-06-27 04:35
LAB738641,ENC116310,PT11831,HGB,Hemoglobin,13.1,g/dL,12,17.5,N,Routine,2025-06-27 02:28,2025-06-27 03:01,2025-06-27 04:42
LAB738642,ENC116312,PT11921,LDL,LDL Cholesterol,118,mg/dL,0,99,H,Routine,2025-06-27 09:27,2025-06-27 09:48,2025-06-27 17:28
LAB738643,ENC116312,PT11921,A1C,Hemoglobin A1c,5.5,%,4,5.6,N,Routine,2025-06-27 09:21,2025-06-27 09:36,2025-06-27 18:19
LAB738644,ENC116312,PT11921,TSH,Thyroid Stimulating Hormone,2.82,mIU/L,0.4,4,N,Routine,2025-06-27 09:42,2025-06-27 10:07,2025-06-27 15:43
LAB738645,ENC116313,PT11926,WBC,White Blood Cell Count,9.6,K/uL,4.5,11,N,Routine,2025-06-27 10:31,2025-06-27 10:46,2025-06-27 12:58
LAB738646,ENC116313,PT11926,HGB,Hemoglobin,11.3,g/dL,12,17.5,L,Routine,2025-06-27 10:23,2025-06-27 10:27,2025-06-27 12:59
LAB738647,ENC116313,PT11926,PLT,Platelet Count,255,K/uL,150,400,N,Routine,2025-06-27 10:39,2025-06-27 10:52,2025-06-27 14:04
LAB738648,ENC116314,PT12453,GLU,Glucose,102,mg/dL,70,99,H,STAT,2025-06-27 11:35,2025-06-27 11:58,2025-06-27 13:28
LAB738649,ENC116314,PT12453,CREAT,Creatinine,1.18,mg/dL,0.6,1.3,N,STAT,2025-06-27 11:35,2025-06-27 11:58,2025-06-27 12:53
LAB738650,ENC116314,PT12453,TROP,"Troponin I, High Sensitivity",0,ng/L,0,34,N,STAT,2025-06-27 10:44,2025-06-27 11:04,2025-06-27 11:36
LAB738651,ENC116316,PT12231,LDL,LDL Cholesterol,86,mg/dL,0,99,N,Routine,2025-06-27 11:43,2025-06-27 12:07,2025-06-28 04:53
LAB738652,ENC116320,PT12018,A1C,Hemoglobin A1c,11.2,%,4,5.6,H,Routine,2025-06-27 15:55,2025-06-27 16:22,2025-06-27 23:52
LAB738653,ENC116320,PT12018,GLU,Glucose,442,mg/dL,70,99,H,Routine,2025-06-27 15:59,2025-06-27 16:07,2025-06-27 21:54
LAB738654,ENC116320,PT12018,CREAT,Creatinine,0.98,mg/dL,0.6,1.3,N,Routine,2025-06-27 16:15,2025-06-27 16:26,2025-06-27 18:52
LAB738655,ENC116321,PT11348,GLU,Glucose,151,mg/dL,70,99,H,Routine,2025-06-27 19:19,2025-06-27 19:24,2025-06-27 20:04
LAB738656,ENC116321,PT11348,CREAT,Creatinine,0.2,mg/dL,0.6,1.3,L,STAT,2025-06-27 19:25,2025-06-27 19:54,2025-06-27 20:52
LAB738657,ENC116321,PT11348,WBC,White Blood Cell Count,24.4,K/uL,4.5,11,H,STAT,2025-06-27 18:27,2025-06-27 18:42,2025-06-27 19:43
LAB738658,ENC116321,PT11348,HGB,Hemoglobin,15.8,g/dL,12,17.5,N,Routine,2025-06-27 18:43,2025-06-27 18:51,2025-06-27 20:40
LAB738659,ENC116321,PT11348,LACT,Lactate,1.3,mmol/L,0.5,2,N,STAT,2025-06-27 19:24,2025-06-27 19:54,2025-06-27 20:34
LAB738660,ENC116322,PT13325,GLU,Glucose,113,mg/dL,70,99,H,Routine,2025-06-27 17:18,2025-06-27 17:41,2025-06-27 19:09
LAB738661,ENC116322,PT13325,CREAT,Creatinine,3.05,mg/dL,0.6,1.3,H,STAT,2025-06-27 17:09,2025-06-27 17:28,2025-06-27 19:01
LAB738662,ENC116322,PT13325,WBC,White Blood Cell Count,7.1,K/uL,4.5,11,N,Routine,2025-06-27 17:13,2025-06-27 17:31,2025-06-27 20:17
LAB738663,ENC116322,PT13325,HGB,Hemoglobin,11.8,g/dL,12,17.5,L,STAT,2025-06-27 17:03,2025-06-27 17:16,2025-06-27 18:17
LAB738664,ENC116323,PT13462,GLU,Glucose,122,mg/dL,70,99,H,Routine,2025-06-27 17:24,2025-06-27 17:41,2025-06-27 19:08
LAB738665,ENC116323,PT13462,CREAT,Creatinine,0.63,mg/dL,0.6,1.3,N,Routine,2025-06-27 17:30,2025-06-27 17:42,2025-06-27 20:52
LAB738666,ENC116323,PT13462,WBC,White Blood Cell Count,8.1,K/uL,4.5,11,N,STAT,2025-06-27 17:22,2025-06-27 17:55,2025-06-27 18:37
LAB738667,ENC116323,PT13462,HGB,Hemoglobin,14.1,g/dL,12,17.5,N,STAT,2025-06-27 16:56,2025-06-27 17:15,2025-06-27 17:44
LAB738668,ENC116327,PT11319,GLU,Glucose,81,mg/dL,70,99,N,Routine,2025-06-27 20:41,2025-06-27 21:07,2025-06-27 22:33
LAB738669,ENC116327,PT11319,CREAT,Creatinine,1.17,mg/dL,0.6,1.3,N,STAT,2025-06-27 21:20,2025-06-27 21:50,2025-06-27 22:53
LAB738670,ENC116327,PT11319,WBC,White Blood Cell Count,12.2,K/uL,4.5,11,H,STAT,2025-06-27 21:01,2025-06-27 21:20,2025-06-27 22:24
LAB738671,ENC116327,PT11319,HGB,Hemoglobin,12,g/dL,12,17.5,N,Routine,2025-06-27 21:37,2025-06-27 22:09,2025-06-28 00:28
LAB738672,ENC116328,PT10897,GLU,Glucose,105,mg/dL,70,99,H,STAT,2025-06-27 19:36,2025-06-27 20:10,2025-06-27 22:03
LAB738673,ENC116328,PT10897,CREAT,Creatinine,0.64,mg/dL,0.6,1.3,N,STAT,2025-06-27 19:32,2025-06-27 19:50,2025-06-27 20:37
LAB738674,ENC116329,PT11827,GLU,Glucose,113,mg/dL,70,99,H,STAT,2025-06-27 22:02,2025-06-27 22:34,2025-06-27 23:30
LAB738675,ENC116329,PT11827,CREAT,Creatinine,2.06,mg/dL,0.6,1.3,H,Routine,2025-06-27 21:56,2025-06-27 22:17,2025-06-28 01:25
LAB738676,ENC116329,PT11827,WBC,White Blood Cell Count,15.5,K/uL,4.5,11,H,STAT,2025-06-27 21:39,2025-06-27 21:49,2025-06-27 22:34
LAB738677,ENC116329,PT11827,HGB,Hemoglobin,14,g/dL,12,17.5,N,STAT,2025-06-27 22:28,2025-06-27 22:33,2025-06-27 23:22
LAB738678,ENC116329,PT11827,BUN,Blood Urea Nitrogen,18,mg/dL,7,20,N,Routine,2025-06-27 22:34,2025-06-27 22:42,2025-06-28 02:01
LAB738679,ENC116329,PT11827,PLT,Platelet Count,168,K/uL,150,400,N,Routine,2025-06-27 21:45,2025-06-27 22:17,2025-06-28 02:26
LAB738680,ENC116329,PT11827,LACT,Lactate,4.3,mmol/L,0.5,2,HH,STAT,2025-06-27 22:36,2025-06-27 22:59,2025-06-28 00:19
LAB738681,ENC116330,PT10605,TROP,"Troponin I, High Sensitivity",63,ng/L,0,34,H,STAT,2025-06-27 21:21,2025-06-27 21:40,2025-06-27 22:00
LAB738682,ENC116331,PT12446,GLU,Glucose,87,mg/dL,70,99,N,Routine,2025-06-27 20:45,2025-06-27 21:20,2025-06-27 23:22
LAB738683,ENC116331,PT12446,CREAT,Creatinine,0.46,mg/dL,0.6,1.3,L,STAT,2025-06-27 20:45,2025-06-27 21:05,2025-06-27 21:53
LAB738684,ENC116331,PT12446,WBC,White Blood Cell Count,8.3,K/uL,4.5,11,N,STAT,2025-06-27 21:26,2025-06-27 21:51,2025-06-28 00:13
LAB738685,ENC116331,PT12446,HGB,Hemoglobin,13.8,g/dL,12,17.5,N,STAT,2025-06-27 21:08,2025-06-27 21:17,2025-06-27 21:57
LAB738686,ENC116332,PT10901,GLU,Glucose,240,mg/dL,70,99,H,STAT,2025-06-27 22:58,2025-06-27 23:15,2025-06-27 23:59
LAB738687,ENC116332,PT10901,CREAT,Creatinine,2,mg/dL,0.6,1.3,H,Routine,2025-06-27 23:11,2025-06-27 23:28,2025-06-28 01:10
LAB738688,ENC116332,PT10901,WBC,White Blood Cell Count,6.4,K/uL,4.5,11,N,STAT,2025-06-27 22:47,2025-06-27 22:56,2025-06-27 23:26
LAB738689,ENC116332,PT10901,A1C,Hemoglobin A1c,10.6,%,4,5.6,H,STAT,2025-06-27 23:02,2025-06-27 23:13,2025-06-27 23:44
LAB738690,ENC116333,PT10321,GLU,Glucose,99,mg/dL,70,99,N,STAT,2025-06-28 01:45,2025-06-28 02:08,2025-06-28 02:53
LAB738691,ENC116333,PT10321,CREAT,Creatinine,0.31,mg/dL,0.6,1.3,L,Routine,2025-06-28 01:47,2025-06-28 01:53,2025-06-28 07:52
LAB738692,ENC116333,PT10321,WBC,White Blood Cell Count,7.1,K/uL,4.5,11,N,STAT,2025-06-28 01:21,2025-06-28 01:29,2025-06-28 02:19
LAB738693,ENC116333,PT10321,HGB,Hemoglobin,13.7,g/dL,12,17.5,N,Routine,2025-06-28 01:23,2025-06-28 01:38,2025-06-28 09:52
LAB738694,ENC116336,PT12788,GLU,Glucose,96,mg/dL,70,99,N,STAT,2025-06-28 06:51,2025-06-28 07:01,2025-06-28 07:42
LAB738695,ENC116336,PT12788,CREAT,Creatinine,1.14,mg/dL,0.6,1.3,N,STAT,2025-06-28 06:55,2025-06-28 07:24,2025-06-28 08:35
LAB738696,ENC116336,PT12788,WBC,White Blood Cell Count,8.9,K/uL,4.5,11,N,Routine,2025-06-28 07:04,2025-06-28 07:25,2025-06-28 13:48
LAB738697,ENC116336,PT12788,HGB,Hemoglobin,15.5,g/dL,12,17.5,N,STAT,2025-06-28 06:39,2025-06-28 06:46,2025-06-28 07:30
LAB738698,ENC116337,PT13906,GLU,Glucose,122,mg/dL,70,99,H,STAT,2025-06-28 05:50,2025-06-28 05:54,2025-06-28 06:34
LAB738699,ENC116337,PT13906,CREAT,Creatinine,1.32,mg/dL,0.6,1.3,H,STAT,2025-06-28 05:38,2025-06-28 05:43,2025-06-28 06:22
LAB738700,ENC116338,PT11320,GLU,Glucose,93,mg/dL,70,99,N,Routine,2025-06-28 05:47,2025-06-28 06:11,2025-06-28 06:51
LAB738701,ENC116338,PT11320,CREAT,Creatinine,0.45,mg/dL,0.6,1.3,L,STAT,2025-06-28 05:22,2025-06-28 05:40,2025-06-28 06:00
LAB738702,ENC116339,PT12950,GLU,Glucose,280,mg/dL,70,99,H,STAT,2025-06-28 05:25,2025-06-28 05:30,2025-06-28 06:10
LAB738703,ENC116339,PT12950,CREAT,Creatinine,0.69,mg/dL,0.6,1.3,N,STAT,2025-06-28 05:44,2025-06-28 06:12,2025-06-28 06:47
LAB738704,ENC116339,PT12950,WBC,White Blood Cell Count,8.1,K/uL,4.5,11,N,STAT,2025-06-28 05:40,2025-06-28 06:04,2025-06-28 06:50
LAB738705,ENC116339,PT12950,A1C,Hemoglobin A1c,8.8,%,4,5.6,H,STAT,2025-06-28 06:06,2025-06-28 06:26,2025-06-28 07:34
LAB738706,ENC116342,PT13071,GLU,Glucose,117,mg/dL,70,99,H,STAT,2025-06-28 11:05,2025-06-28 11:19,2025-06-28 12:24
LAB738707,ENC116342,PT13071,CREAT,Creatinine,0.88,mg/dL,0.6,1.3,N,STAT,2025-06-28 10:57,2025-06-28 11:17,2025-06-28 12:19
LAB738708,ENC116342,PT13071,WBC,White Blood Cell Count,6.6,K/uL,4.5,11,N,STAT,2025-06-28 10:28,2025-06-28 10:51,2025-06-28 11:24
LAB738709,ENC116342,PT13071,HGB,Hemoglobin,13.1,g/dL,12,17.5,N,STAT,2025-06-28 11:34,2025-06-28 12:04,2025-06-28 12:39
LAB738710,ENC116342,PT13071,NA,Sodium,134,mmol/L,136,145,L,STAT,2025-06-28 11:18,2025-06-28 11:23,2025-06-28 12:15
LAB738711,ENC116342,PT13071,K,Potassium,3.9,mmol/L,3.5,5.1,N,STAT,2025-06-28 10:56,2025-06-28 11:00,2025-06-28 11:52
LAB738712,ENC116343,PT11478,GLU,Glucose,107,mg/dL,70,99,H,STAT,2025-06-28 13:28,2025-06-28 13:59,2025-06-28 15:28
LAB738713,ENC116343,PT11478,CREAT,Creatinine,1.04,mg/dL,0.6,1.3,N,STAT,2025-06-28 12:49,2025-06-28 13:10,2025-06-28 14:01
LAB738714,ENC116343,PT11478,WBC,White Blood Cell Count,8,K/uL,4.5,11,N,STAT,2025-06-28 13:36,2025-06-28 13:45,2025-06-28 14:17
LAB738715,ENC116343,PT11478,HGB,Hemoglobin,12.3,g/dL,12,17.5,N,STAT,2025-06-28 12:56,2025-06-28 13:03,2025-06-28 14:09
LAB738716,ENC116344,PT12007,GLU,Glucose,208,mg/dL,70,99,H,STAT,2025-06-28 13:56,2025-06-28 14:29,2025-06-28 15:26
LAB738717,ENC116344,PT12007,CREAT,Creatinine,0.93,mg/dL,0.6,1.3,N,Routine,2025-06-28 14:25,2025-06-28 14:45,2025-06-28 17:41
LAB738718,ENC116344,PT12007,WBC,White Blood Cell Count,14.7,K/uL,4.5,11,H,Routine,2025-06-28 13:46,2025-06-28 14:02,2025-06-28 16:06
LAB738719,ENC116344,PT12007,HGB,Hemoglobin,13.1,g/dL,12,17.5,N,STAT,2025-06-28 13:41,2025-06-28 14:14,2025-06-28 15:00
LAB738720,ENC116345,PT13669,GLU,Glucose,117,mg/dL,70,99,H,STAT,2025-06-28 15:25,2025-06-28 15:41,2025-06-28 16:37
LAB738721,ENC116345,PT13669,CREAT,Creatinine,1.24,mg/dL,0.6,1.3,N,STAT,2025-06-28 15:31,2025-06-28 15:59,2025-06-28 17:38
LAB738722,ENC116345,PT13669,WBC,White Blood Cell Count,8.8,K/uL,4.5,11,N,STAT,2025-06-28 14:58,2025-06-28 15:16,2025-06-28 15:52
LAB738723,ENC116345,PT13669,HGB,Hemoglobin,11.3,g/dL,12,17.5,L,STAT,2025-06-28 15:20,2025-06-28 15:43,2025-06-28 16:37
LAB738724,ENC116345,PT13669,INR,Prothrombin Time INR,1,ratio,0.8,1.2,N,Routine,2025-06-28 15:35,2025-06-28 15:46,2025-06-28 19:36
LAB738725,ENC116348,PT10663,GLU,Glucose,190,mg/dL,70,99,H,Routine,2025-06-28 21:48,2025-06-28 22:14,2025-06-29 03:08
LAB738726,ENC116348,PT10663,CREAT,Creatinine,1.12,mg/dL,0.6,1.3,N,STAT,2025-06-28 22:33,2025-06-28 23:03,2025-06-29 00:16
LAB738727,ENC116348,PT10663,WBC,White Blood Cell Count,7.3,K/uL,4.5,11,N,STAT,2025-06-28 22:45,2025-06-28 23:10,2025-06-29 00:18
LAB738728,ENC116348,PT10663,HGB,Hemoglobin,12.3,g/dL,12,17.5,N,Routine,2025-06-28 22:02,2025-06-28 22:15,2025-06-29 03:10
LAB738729,ENC116351,PT13490,GLU,Glucose,141,mg/dL,70,99,H,STAT,2025-06-28 18:02,2025-06-28 18:37,2025-06-28 19:03
LAB738730,ENC116351,PT13490,CREAT,Creatinine,0.94,mg/dL,0.6,1.3,N,Routine,2025-06-28 17:55,2025-06-28 18:13,2025-06-28 19:51
LAB738731,ENC116351,PT13490,WBC,White Blood Cell Count,12.8,K/uL,4.5,11,H,Routine,2025-06-28 18:45,2025-06-28 19:08,2025-06-28 20:52
LAB738732,ENC116352,PT12260,GLU,Glucose,90,mg/dL,70,99,N,Routine,2025-06-28 18:38,2025-06-28 18:47,2025-06-28 22:56
LAB738733,ENC116352,PT12260,CREAT,Creatinine,1.3,mg/dL,0.6,1.3,N,STAT,2025-06-28 18:23,2025-06-28 18:39,2025-06-28 20:04
LAB738734,ENC116352,PT12260,WBC,White Blood Cell Count,8.5,K/uL,4.5,11,N,STAT,2025-06-28 18:00,2025-06-28 18:31,2025-06-28 18:56
LAB738735,ENC116354,PT10686,GLU,Glucose,127,mg/dL,70,99,H,STAT,2025-06-28 21:01,2025-06-28 21:22,2025-06-28 22:25
LAB738736,ENC116354,PT10686,CREAT,Creatinine,1.11,mg/dL,0.6,1.3,N,Routine,2025-06-28 20:22,2025-06-28 20:44,2025-06-28 22:17
LAB738737,ENC116354,PT10686,WBC,White Blood Cell Count,8.9,K/uL,4.5,11,N,STAT,2025-06-28 20:53,2025-06-28 21:10,2025-06-28 22:13
LAB738738,ENC116354,PT10686,HGB,Hemoglobin,18.4,g/dL,12,17.5,H,STAT,2025-06-28 20:25,2025-06-28 20:44,2025-06-28 21:52
LAB738739,ENC116354,PT10686,NA,Sodium,137,mmol/L,136,145,N,Routine,2025-06-28 21:25,2025-06-28 21:31,2025-06-29 01:46
LAB738740,ENC116354,PT10686,K,Potassium,4,mmol/L,3.5,5.1,N,STAT,2025-06-28 21:07,2025-06-28 21:42,2025-06-28 22:23
LAB738741,ENC116356,PT13387,GLU,Glucose,121,mg/dL,70,99,H,STAT,2025-06-28 20:46,2025-06-28 21:15,2025-06-28 22:00
LAB738742,ENC116356,PT13387,CREAT,Creatinine,2.68,mg/dL,0.6,1.3,H,Routine,2025-06-28 21:06,2025-06-28 21:10,2025-06-28 22:52
LAB738743,ENC116356,PT13387,WBC,White Blood Cell Count,7.5,K/uL,4.5,11,N,Routine,2025-06-28 21:02,2025-06-28 21:31,2025-06-28 23:42
LAB738744,ENC116356,PT13387,HGB,Hemoglobin,12.5,g/dL,12,17.5,N,STAT,2025-06-28 20:47,2025-06-28 21:20,2025-06-28 22:06
LAB738745,ENC116356,PT13387,NA,Sodium,141,mmol/L,136,145,N,STAT,2025-06-28 20:42,2025-06-28 21:14,2025-06-28 22:06
LAB738746,ENC116356,PT13387,K,Potassium,4.5,mmol/L,3.5,5.1,N,STAT,2025-06-28 21:14,2025-06-28 21:39,2025-06-28 22:22
LAB738747,ENC116357,PT10410,GLU,Glucose,93,mg/dL,70,99,N,STAT,2025-06-28 22:26,2025-06-28 22:55,2025-06-28 23:37
LAB738748,ENC116357,PT10410,CREAT,Creatinine,0.69,mg/dL,0.6,1.3,N,STAT,2025-06-28 22:27,2025-06-28 22:53,2025-06-28 23:46
LAB738749,ENC116361,PT13510,GLU,Glucose,65,mg/dL,70,99,L,STAT,2025-06-29 11:06,2025-06-29 11:12,2025-06-29 12:37
LAB738750,ENC116361,PT13510,CREAT,Creatinine,0.99,mg/dL,0.6,1.3,N,STAT,2025-06-29 10:29,2025-06-29 10:36,2025-06-29 11:21
LAB738751,ENC116361,PT13510,WBC,White Blood Cell Count,8.3,K/uL,4.5,11,N,STAT,2025-06-29 10:17,2025-06-29 10:29,2025-06-29 11:11
LAB738752,ENC116361,PT13510,HGB,Hemoglobin,14.7,g/dL,12,17.5,N,Routine,2025-06-29 10:58,2025-06-29 11:04,2025-06-29 15:10
LAB738753,ENC116361,PT13510,INR,Prothrombin Time INR,1.1,ratio,0.8,1.2,N,STAT,2025-06-29 10:39,2025-06-29 10:58,2025-06-29 12:02
LAB738754,ENC116363,PT12905,GLU,Glucose,143,mg/dL,70,99,H,STAT,2025-06-29 15:43,2025-06-29 15:47,2025-06-29 16:22
LAB738755,ENC116363,PT12905,CREAT,Creatinine,0.88,mg/dL,0.6,1.3,N,STAT,2025-06-29 15:51,2025-06-29 16:24,2025-06-29 17:06
LAB738756,ENC116363,PT12905,WBC,White Blood Cell Count,6.1,K/uL,4.5,11,N,Routine,2025-06-29 15:11,2025-06-29 15:45,2025-06-29 18:30
LAB738757,ENC116363,PT12905,HGB,Hemoglobin,14.3,g/dL,12,17.5,N,STAT,2025-06-29 15:33,2025-06-29 15:40,2025-06-29 16:26
LAB738758,ENC116363,PT12905,TROP,"Troponin I, High Sensitivity",0,ng/L,0,34,N,STAT,2025-06-29 15:06,2025-06-29 15:41,2025-06-29 16:36
LAB738759,ENC116363,PT12905,BNP,B-Type Natriuretic Peptide,867,pg/mL,0,100,H,STAT,2025-06-29 15:32,2025-06-29 15:36,2025-06-29 16:49
LAB738760,ENC116365,PT12320,GLU,Glucose,134,mg/dL,70,99,H,STAT,2025-06-29 13:19,2025-06-29 13:49,2025-06-29 14:30
LAB738761,ENC116365,PT12320,CREAT,Creatinine,1.24,mg/dL,0.6,1.3,N,STAT,2025-06-29 13:12,2025-06-29 13:40,2025-06-29 14:18
LAB738762,ENC116365,PT12320,WBC,White Blood Cell Count,6.6,K/uL,4.5,11,N,STAT,2025-06-29 13:00,2025-06-29 13:19,2025-06-29 14:24
LAB738763,ENC116365,PT12320,HGB,Hemoglobin,14.5,g/dL,12,17.5,N,STAT,2025-06-29 12:57,2025-06-29 13:11,2025-06-29 14:24
LAB738764,ENC116366,PT11409,GLU,Glucose,106,mg/dL,70,99,H,STAT,2025-06-29 11:28,2025-06-29 11:33,2025-06-29 12:20
LAB738765,ENC116366,PT11409,CREAT,Creatinine,1.08,mg/dL,0.6,1.3,N,Routine,2025-06-29 11:42,2025-06-29 12:04,2025-06-29 15:29
LAB738766,ENC116367,PT12982,GLU,Glucose,102,mg/dL,70,99,H,STAT,2025-06-29 16:57,2025-06-29 17:16,2025-06-29 18:12
LAB738767,ENC116367,PT12982,CREAT,Creatinine,0.78,mg/dL,0.6,1.3,N,STAT,2025-06-29 16:45,2025-06-29 17:04,2025-06-29 18:37
LAB738768,ENC116367,PT12982,WBC,White Blood Cell Count,5.3,K/uL,4.5,11,N,STAT,2025-06-29 17:13,2025-06-29 17:21,2025-06-29 18:32
LAB738769,ENC116367,PT12982,HGB,Hemoglobin,12.6,g/dL,12,17.5,N,STAT,2025-06-29 17:06,2025-06-29 17:17,2025-06-29 18:25
LAB738770,ENC116367,PT12982,TROP,"Troponin I, High Sensitivity",125,ng/L,0,34,H,STAT,2025-06-29 16:30,2025-06-29 16:35,2025-06-29 17:24
LAB738771,ENC116368,PT13090,GLU,Glucose,193,mg/dL,70,99,H,STAT,2025-06-29 20:42,2025-06-29 20:58,2025-06-29 22:03
LAB738772,ENC116368,PT13090,CREAT,Creatinine,0.83,mg/dL,0.6,1.3,N,STAT,2025-06-29 19:57,2025-06-29 20:08,2025-06-29 20:52
LAB738773,ENC116368,PT13090,WBC,White Blood Cell Count,6.1,K/uL,4.5,11,N,STAT,2025-06-29 19:54,2025-06-29 20:13,2025-06-29 21:02
LAB738774,ENC116368,PT13090,HGB,Hemoglobin,12,g/dL,12,17.5,N,Routine,2025-06-29 20:11,2025-06-29 20:29,2025-06-29 23:55
LAB738775,ENC116369,PT12939,GLU,Glucose,95,mg/dL,70,99,N,Routine,2025-06-29 20:22,2025-06-29 20:45,2025-06-29 22:33
LAB738776,ENC116369,PT12939,CREAT,Creatinine,0.86,mg/dL,0.6,1.3,N,STAT,2025-06-29 20:18,2025-06-29 20:27,2025-06-29 20:50
LAB738777,ENC116369,PT12939,WBC,White Blood Cell Count,7.7,K/uL,4.5,11,N,STAT,2025-06-29 20:10,2025-06-29 20:30,2025-06-29 21:29
LAB738778,ENC116369,PT12939,HGB,Hemoglobin,14.3,g/dL,12,17.5,N,Routine,2025-06-29 20:04,2025-06-29 20:13,2025-06-30 06:17
LAB738779,ENC116372,PT10246,GLU,Glucose,112,mg/dL,70,99,H,STAT,2025-06-30 06:15,2025-06-30 06:30,2025-06-30 07:14
LAB738780,ENC116372,PT10246,CREAT,Creatinine,1.12,mg/dL,0.6,1.3,N,STAT,2025-06-30 07:20,2025-06-30 07:39,2025-06-30 09:38
LAB738781,ENC116372,PT10246,WBC,White Blood Cell Count,7.2,K/uL,4.5,11,N,Routine,2025-06-30 06:36,2025-06-30 06:41,2025-06-30 09:17
LAB738782,ENC116372,PT10246,HGB,Hemoglobin,12.7,g/dL,12,17.5,N,Routine,2025-06-30 06:30,2025-06-30 06:36,2025-06-30 14:02
LAB738783,ENC116372,PT10246,INR,Prothrombin Time INR,1,ratio,0.8,1.2,N,STAT,2025-06-30 06:41,2025-06-30 06:58,2025-06-30 07:16
LAB738784,ENC116373,PT12869,GLU,Glucose,133,mg/dL,70,99,H,Routine,2025-06-30 10:49,2025-06-30 11:13,2025-06-30 22:09
LAB738785,ENC116373,PT12869,CREAT,Creatinine,0.93,mg/dL,0.6,1.3,N,STAT,2025-06-30 10:26,2025-06-30 10:49,2025-06-30 11:32
LAB738786,ENC116373,PT12869,WBC,White Blood Cell Count,9.7,K/uL,4.5,11,N,STAT,2025-06-30 09:45,2025-06-30 10:10,2025-06-30 10:47
LAB738787,ENC116373,PT12869,HGB,Hemoglobin,13.6,g/dL,12,17.5,N,STAT,2025-06-30 10:40,2025-06-30 11:14,2025-06-30 12:37
LAB738788,ENC116373,PT12869,NA,Sodium,142,mmol/L,136,145,N,STAT,2025-06-30 10:00,2025-06-30 10:29,2025-06-30 11:36
LAB738789,ENC116373,PT12869,K,Potassium,4.9,mmol/L,3.5,5.1,N,STAT,2025-06-30 10:33,2025-06-30 10:52,2025-06-30 11:51
LAB738790,ENC116374,PT13698,GLU,Glucose,102,mg/dL,70,99,H,STAT,2025-06-30 11:20,2025-06-30 11:48,2025-06-30 12:43
LAB738791,ENC116374,PT13698,CREAT,Creatinine,0.43,mg/dL,0.6,1.3,L,STAT,2025-06-30 10:46,2025-06-30 11:02,2025-06-30 11:51
LAB738792,ENC116374,PT13698,WBC,White Blood Cell Count,15.8,K/uL,4.5,11,H,STAT,2025-06-30 11:47,2025-06-30 12:02,2025-06-30 13:10
LAB738793,ENC116374,PT13698,HGB,Hemoglobin,11.4,g/dL,12,17.5,L,STAT,2025-06-30 11:48,2025-06-30 12:05,2025-06-30 13:23
LAB738794,ENC116374,PT13698,NA,Sodium,142,mmol/L,136,145,N,STAT,2025-06-30 10:45,2025-06-30 11:16,2025-06-30 11:59
LAB738795,ENC116374,PT13698,K,Potassium,4.5,mmol/L,3.5,5.1,N,STAT,2025-06-30 10:48,2025-06-30 10:59,2025-06-30 12:18
LAB738796,ENC116377,PT10947,LDL,LDL Cholesterol,147,mg/dL,0,99,H,Routine,2025-06-30 09:12,2025-06-30 09:40,2025-07-01 02:21
LAB738797,ENC116377,PT10947,A1C,Hemoglobin A1c,8.6,%,4,5.6,H,Routine,2025-06-30 09:21,2025-06-30 09:52,2025-07-02 11:52
LAB738798,ENC116378,PT11207,WBC,White Blood Cell Count,6.9,K/uL,4.5,11,N,Routine,2025-06-30 09:05,2025-06-30 09:17,2025-06-30 12:44
LAB738799,ENC116378,PT11207,HGB,Hemoglobin,13.6,g/dL,12,17.5,N,Routine,2025-06-30 09:23,2025-06-30 09:55,2025-06-30 12:45
LAB738800,ENC116378,PT11207,PLT,Platelet Count,282,K/uL,150,400,N,Routine,2025-06-30 09:25,2025-06-30 09:55,2025-06-30 13:38
LAB738801,ENC116379,PT12647,LDL,LDL Cholesterol,91,mg/dL,0,99,N,Routine,2025-06-30 09:34,2025-06-30 09:43,2025-07-01 08:00
LAB738802,ENC116379,PT12647,A1C,Hemoglobin A1c,9.2,%,4,5.6,H,Routine,2025-06-30 09:24,2025-06-30 09:50,2025-07-01 03:14
LAB738803,ENC116379,PT12647,TSH,Thyroid Stimulating Hormone,2.29,mIU/L,0.4,4,N,Routine,2025-06-30 09:32,2025-06-30 10:06,2025-07-01 04:44
LAB738804,ENC116380,PT11529,LDL,LDL Cholesterol,158,mg/dL,0,99,H,Routine,2025-06-30 10:00,2025-06-30 10:16,2025-07-01 02:40
LAB738805,ENC116380,PT11529,A1C,Hemoglobin A1c,8.9,%,4,5.6,H,Routine,2025-06-30 09:43,2025-06-30 10:11,2025-06-30 16:45
LAB738806,ENC116381,PT12507,LDL,LDL Cholesterol,154,mg/dL,0,99,H,Routine,2025-06-30 10:09,2025-06-30 10:20,2025-06-30 20:40
LAB738807,ENC116382,PT13624,WBC,White Blood Cell Count,5.4,K/uL,4.5,11,N,Routine,2025-06-30 10:07,2025-06-30 10:40,2025-06-30 13:31
LAB738808,ENC116382,PT13624,HGB,Hemoglobin,15.3,g/dL,12,17.5,N,Routine,2025-06-30 10:07,2025-06-30 10:39,2025-06-30 17:06
LAB738809,ENC116382,PT13624,PLT,Platelet Count,223,K/uL,150,400,N,Routine,2025-06-30 10:13,2025-06-30 10:28,2025-06-30 11:22
LAB738810,ENC116383,PT12966,GLU,Glucose,113,mg/dL,70,99,H,STAT,2025-06-30 11:08,2025-06-30 11:40,2025-06-30 12:33
LAB738811,ENC116383,PT12966,CREAT,Creatinine,0.99,mg/dL,0.6,1.3,N,Routine,2025-06-30 10:30,2025-06-30 11:03,2025-06-30 13:20
LAB738812,ENC116383,PT12966,WBC,White Blood Cell Count,6.6,K/uL,4.5,11,N,STAT,2025-06-30 11:04,2025-06-30 11:16,2025-06-30 12:19
LAB738813,ENC116383,PT12966,HGB,Hemoglobin,12.8,g/dL,12,17.5,N,STAT,2025-06-30 11:11,2025-06-30 11:27,2025-06-30 12:21
LAB738814,ENC116383,PT12966,TROP,"Troponin I, High Sensitivity",2,ng/L,0,34,N,STAT,2025-06-30 10:14,2025-06-30 10:32,2025-06-30 11:30
LAB738815,ENC116385,PT12222,GLU,Glucose,131,mg/dL,70,99,H,STAT,2025-06-30 13:06,2025-06-30 13:37,2025-06-30 14:37
LAB738816,ENC116385,PT12222,CREAT,Creatinine,1.19,mg/dL,0.6,1.3,N,STAT,2025-06-30 13:04,2025-06-30 13:38,2025-06-30 14:10
LAB738817,ENC116385,PT12222,WBC,White Blood Cell Count,5,K/uL,4.5,11,N,Routine,2025-06-30 12:39,2025-06-30 13:06,2025-06-30 15:40
LAB738818,ENC116385,PT12222,HGB,Hemoglobin,12.6,g/dL,12,17.5,N,STAT,2025-06-30 13:06,2025-06-30 13:27,2025-06-30 14:23
LAB738819,ENC116387,PT13492,TROP,"Troponin I, High Sensitivity",6,ng/L,0,34,N,STAT,2025-06-30 11:48,2025-06-30 11:54,2025-06-30 12:33
LAB738820,ENC116388,PT12949,A1C,Hemoglobin A1c,11.3,%,4,5.6,H,Routine,2025-06-30 11:03,2025-06-30 11:15,2025-06-30 20:45
LAB738821,ENC116388,PT12949,GLU,Glucose,113,mg/dL,70,99,H,Routine,2025-06-30 11:04,2025-06-30 11:25,2025-06-30 17:46
LAB738822,ENC116388,PT12949,CREAT,Creatinine,1.06,mg/dL,0.6,1.3,N,Routine,2025-06-30 11:10,2025-06-30 11:29,2025-06-30 14:34
LAB738823,ENC116392,PT10604,A1C,Hemoglobin A1c,7.9,%,4,5.6,H,Routine,2025-06-30 13:01,2025-06-30 13:07,2025-07-01 15:46
LAB738824,ENC116395,PT13570,WBC,White Blood Cell Count,12.1,K/uL,4.5,11,H,Routine,2025-06-30 15:18,2025-06-30 15:35,2025-06-30 18:28
LAB738825,ENC116395,PT13570,HGB,Hemoglobin,13.2,g/dL,12,17.5,N,Routine,2025-06-30 15:19,2025-06-30 15:54,2025-06-30 17:33
LAB738826,ENC116395,PT13570,PLT,Platelet Count,195,K/uL,150,400,N,Routine,2025-06-30 15:09,2025-06-30 15:22,2025-06-30 17:48
LAB738827,ENC116396,PT10474,GLU,Glucose,120,mg/dL,70,99,H,STAT,2025-06-30 20:40,2025-06-30 20:48,2025-06-30 21:34
LAB738828,ENC116396,PT10474,CREAT,Creatinine,1.08,mg/dL,0.6,1.3,N,STAT,2025-06-30 19:34,2025-06-30 20:06,2025-06-30 20:54
LAB738829,ENC116396,PT10474,WBC,White Blood Cell Count,14,K/uL,4.5,11,H,Routine,2025-06-30 19:35,2025-06-30 19:50,2025-06-30 22:21
LAB738830,ENC116396,PT10474,HGB,Hemoglobin,13.5,g/dL,12,17.5,N,Routine,2025-06-30 19:36,2025-06-30 19:45,2025-06-30 22:02
LAB738831,ENC116396,PT10474,NA,Sodium,136,mmol/L,136,145,N,STAT,2025-06-30 20:17,2025-06-30 20:31,2025-06-30 20:58
LAB738832,ENC116396,PT10474,K,Potassium,4.6,mmol/L,3.5,5.1,N,STAT,2025-06-30 19:55,2025-06-30 20:25,2025-06-30 21:42
LAB738833,ENC116397,PT12137,GLU,Glucose,207,mg/dL,70,99,H,Routine,2025-06-30 17:42,2025-06-30 18:11,2025-06-30 20:17
LAB738834,ENC116397,PT12137,CREAT,Creatinine,0.82,mg/dL,0.6,1.3,N,Routine,2025-06-30 17:09,2025-06-30 17:44,2025-06-30 19:43
LAB738835,ENC116397,PT12137,WBC,White Blood Cell Count,7.9,K/uL,4.5,11,N,STAT,2025-06-30 17:38,2025-06-30 17:47,2025-06-30 18:31
LAB738836,ENC116399,PT11388,GLU,Glucose,136,mg/dL,70,99,H,STAT,2025-06-30 22:50,2025-06-30 23:05,2025-06-30 23:33
LAB738837,ENC116399,PT11388,CREAT,Creatinine,0.88,mg/dL,0.6,1.3,N,STAT,2025-06-30 22:44,2025-06-30 23:13,2025-06-30 23:40
LAB738838,ENC116399,PT11388,WBC,White Blood Cell Count,9.4,K/uL,4.5,11,N,STAT,2025-06-30 22:22,2025-06-30 22:32,2025-06-30 23:23
LAB738839,ENC116399,PT11388,HGB,Hemoglobin,12.5,g/dL,12,17.5,N,STAT,2025-06-30 23:00,2025-06-30 23:16,2025-07-01 00:36
LAB738840,ENC116402,PT10556,GLU,Glucose,128,mg/dL,70,99,H,Routine,2025-06-30 22:03,2025-06-30 22:16,2025-06-30 23:55
LAB738841,ENC116402,PT10556,CREAT,Creatinine,1.22,mg/dL,0.6,1.3,N,STAT,2025-06-30 21:51,2025-06-30 21:55,2025-06-30 22:38
LAB738842,ENC116402,PT10556,WBC,White Blood Cell Count,6.2,K/uL,4.5,11,N,Routine,2025-06-30 22:13,2025-06-30 22:42,2025-07-01 02:43
LAB738843,ENC116402,PT10556,HGB,Hemoglobin,13.8,g/dL,12,17.5,N,Routine,2025-06-30 21:42,2025-06-30 22:00,2025-07-01 01:23
LAB738844,ENC116403,PT13420,GLU,Glucose,117,mg/dL,70,99,H,Routine,2025-06-30 23:13,2025-06-30 23:39,2025-07-01 01:01
LAB738845,ENC116403,PT13420,CREAT,Creatinine,0.95,mg/dL,0.6,1.3,N,STAT,2025-06-30 22:57,2025-06-30 23:19,2025-07-01 00:06
LAB738846,ENC116403,PT13420,WBC,White Blood Cell Count,5.4,K/uL,4.5,11,N,Routine,2025-06-30 23:01,2025-06-30 23:05,2025-07-01 00:52
LAB738847,ENC116404,PT13376,GLU,Glucose,106,mg/dL,70,99,H,STAT,2025-06-30 23:43,2025-06-30 23:48,2025-07-01 01:21
LAB738848,ENC116404,PT13376,CREAT,Creatinine,0.73,mg/dL,0.6,1.3,N,STAT,2025-07-01 00:06,2025-07-01 00:41,2025-07-01 01:11
LAB738849,ENC116404,PT13376,WBC,White Blood Cell Count,6.2,K/uL,4.5,11,N,STAT,2025-06-30 23:55,2025-07-01 00:24,2025-07-01 01:06
LAB738850,ENC116404,PT13376,HGB,Hemoglobin,16.8,g/dL,12,17.5,N,Routine,2025-07-01 00:12,2025-07-01 00:16,2025-07-01 02:36
LAB738851,ENC116407,PT11447,GLU,Glucose,118,mg/dL,70,99,H,STAT,2025-07-01 12:49,2025-07-01 12:54,2025-07-01 13:22
LAB738852,ENC116407,PT11447,CREAT,Creatinine,1.11,mg/dL,0.6,1.3,N,Routine,2025-07-01 12:38,2025-07-01 12:50,2025-07-01 16:29
LAB738853,ENC116407,PT11447,WBC,White Blood Cell Count,7.7,K/uL,4.5,11,N,STAT,2025-07-01 12:05,2025-07-01 12:14,2025-07-01 13:00
LAB738854,ENC116407,PT11447,HGB,Hemoglobin,13.6,g/dL,12,17.5,N,Routine,2025-07-01 12:56,2025-07-01 13:30,2025-07-01 17:10
LAB738855,ENC116407,PT11447,BUN,Blood Urea Nitrogen,18,mg/dL,7,20,N,STAT,2025-07-01 12:37,2025-07-01 12:55,2025-07-01 14:21
LAB738856,ENC116407,PT11447,PLT,Platelet Count,133,K/uL,150,400,L,Routine,2025-07-01 12:34,2025-07-01 13:04,2025-07-01 15:49
LAB738857,ENC116407,PT11447,TROP,"Troponin I, High Sensitivity",1,ng/L,0,34,N,STAT,2025-07-01 12:33,2025-07-01 12:51,2025-07-01 13:34
LAB738858,ENC116408,PT13359,WBC,White Blood Cell Count,5.6,K/uL,4.5,11,N,Routine,2025-07-01 09:56,2025-07-01 10:16,2025-07-01 15:08
LAB738859,ENC116408,PT13359,HGB,Hemoglobin,14.5,g/dL,12,17.5,N,Routine,2025-07-01 09:41,2025-07-01 09:46,2025-07-01 12:18
LAB738860,ENC116408,PT13359,PLT,Platelet Count,308,K/uL,150,400,N,Routine,2025-07-01 09:38,2025-07-01 10:12,2025-07-01 15:01
LAB738861,ENC116410,PT13929,WBC,White Blood Cell Count,6.4,K/uL,4.5,11,N,Routine,2025-07-01 10:19,2025-07-01 10:53,2025-07-01 14:08
LAB738862,ENC116410,PT13929,HGB,Hemoglobin,15.3,g/dL,12,17.5,N,Routine,2025-07-01 10:21,2025-07-01 10:51,2025-07-01 12:56
LAB738863,ENC116410,PT13929,PLT,Platelet Count,283,K/uL,150,400,N,Routine,2025-07-01 10:19,2025-07-01 10:45,2025-07-01 13:29
LAB738864,ENC116412,PT13540,LDL,LDL Cholesterol,139,mg/dL,0,99,H,Routine,2025-07-01 10:29,2025-07-01 10:36,2025-07-03 01:02
LAB738865,ENC116414,PT13570,LDL,LDL Cholesterol,115,mg/dL,0,99,H,Routine,2025-07-01 10:35,2025-07-01 10:54,2025-07-02 01:05
LAB738866,ENC116415,PT12530,WBC,White Blood Cell Count,5.3,K/uL,4.5,11,N,Routine,2025-07-01 11:19,2025-07-01 11:25,2025-07-01 17:46
LAB738867,ENC116415,PT12530,HGB,Hemoglobin,13.6,g/dL,12,17.5,N,Routine,2025-07-01 11:23,2025-07-01 11:38,2025-07-01 14:16
LAB738868,ENC116415,PT12530,PLT,Platelet Count,256,K/uL,150,400,N,Routine,2025-07-01 11:06,2025-07-01 11:10,2025-07-01 14:11
LAB738869,ENC116416,PT11019,GLU,Glucose,84,mg/dL,70,99,N,STAT,2025-07-01 11:28,2025-07-01 12:03,2025-07-01 14:38
LAB738870,ENC116416,PT11019,CREAT,Creatinine,0.79,mg/dL,0.6,1.3,N,Routine,2025-07-01 12:24,2025-07-01 12:42,2025-07-01 13:31
LAB738871,ENC116419,PT10146,GLU,Glucose,108,mg/dL,70,99,H,Routine,2025-07-01 13:03,2025-07-01 13:19,2025-07-01 17:35
LAB738872,ENC116419,PT10146,CREAT,Creatinine,0.83,mg/dL,0.6,1.3,N,STAT,2025-07-01 12:59,2025-07-01 13:28,2025-07-01 14:32
LAB738873,ENC116419,PT10146,WBC,White Blood Cell Count,8.5,K/uL,4.5,11,N,Routine,2025-07-01 13:00,2025-07-01 13:28,2025-07-01 18:24
LAB738874,ENC116419,PT10146,HGB,Hemoglobin,13.3,g/dL,12,17.5,N,Routine,2025-07-01 13:35,2025-07-01 13:50,2025-07-01 18:01
LAB738875,ENC116420,PT10600,LDL,LDL Cholesterol,133,mg/dL,0,99,H,Routine,2025-07-01 12:40,2025-07-01 13:11,2025-07-02 05:17
LAB738876,ENC116423,PT12348,GLU,Glucose,117,mg/dL,70,99,H,Routine,2025-07-01 17:08,2025-07-01 17:16,2025-07-01 21:31
LAB738877,ENC116423,PT12348,CREAT,Creatinine,0.88,mg/dL,0.6,1.3,N,STAT,2025-07-01 16:33,2025-07-01 17:02,2025-07-01 17:37
LAB738878,ENC116423,PT12348,WBC,White Blood Cell Count,7.7,K/uL,4.5,11,N,STAT,2025-07-01 16:38,2025-07-01 16:46,2025-07-01 17:10
LAB738879,ENC116423,PT12348,HGB,Hemoglobin,13.8,g/dL,12,17.5,N,STAT,2025-07-01 16:09,2025-07-01 16:44,2025-07-01 17:58
LAB738880,ENC116423,PT12348,TROP,"Troponin I, High Sensitivity",9,ng/L,0,34,N,STAT,2025-07-01 16:25,2025-07-01 16:32,2025-07-01 17:22
LAB738881,ENC116423,PT12348,BNP,B-Type Natriuretic Peptide,727,pg/mL,0,100,H,STAT,2025-07-01 16:22,2025-07-01 16:49,2025-07-01 17:19
LAB738882,ENC116425,PT13360,GLU,Glucose,104,mg/dL,70,99,H,STAT,2025-07-01 14:25,2025-07-01 14:46,2025-07-01 15:23
LAB738883,ENC116425,PT13360,CREAT,Creatinine,1.13,mg/dL,0.6,1.3,N,Routine,2025-07-01 14:07,2025-07-01 14:35,2025-07-01 16:14
LAB738884,ENC116425,PT13360,WBC,White Blood Cell Count,8.4,K/uL,4.5,11,N,STAT,2025-07-01 13:23,2025-07-01 13:30,2025-07-01 15:01
LAB738885,ENC116425,PT13360,HGB,Hemoglobin,13.2,g/dL,12,17.5,N,STAT,2025-07-01 13:48,2025-07-01 13:56,2025-07-01 14:17
LAB738886,ENC116427,PT10399,A1C,Hemoglobin A1c,11.1,%,4,5.6,H,Routine,2025-07-01 14:53,2025-07-01 15:13,2025-07-02 01:38
LAB738887,ENC116427,PT10399,GLU,Glucose,118,mg/dL,70,99,H,Routine,2025-07-01 14:53,2025-07-01 15:19,2025-07-01 19:06
LAB738888,ENC116427,PT10399,CREAT,Creatinine,1.1,mg/dL,0.6,1.3,N,Routine,2025-07-01 14:52,2025-07-01 15:08,2025-07-01 16:36
LAB738889,ENC116429,PT11883,GLU,Glucose,252,mg/dL,70,99,H,STAT,2025-07-01 15:38,2025-07-01 15:45,2025-07-01 16:05
LAB738890,ENC116429,PT11883,CREAT,Creatinine,0.97,mg/dL,0.6,1.3,N,Routine,2025-07-01 15:59,2025-07-01 16:22,2025-07-01 19:50
LAB738891,ENC116429,PT11883,WBC,White Blood Cell Count,9.1,K/uL,4.5,11,N,STAT,2025-07-01 15:39,2025-07-01 16:08,2025-07-01 16:51
LAB738892,ENC116429,PT11883,HGB,Hemoglobin,13.7,g/dL,12,17.5,N,Routine,2025-07-01 15:40,2025-07-01 15:47,2025-07-01 18:12
LAB738893,ENC116429,PT11883,TROP,"Troponin I, High Sensitivity",13,ng/L,0,34,N,STAT,2025-07-01 15:57,2025-07-01 16:14,2025-07-01 17:13
LAB738894,ENC116431,PT11171,LDL,LDL Cholesterol,173,mg/dL,0,99,H,Routine,2025-07-01 16:02,2025-07-01 16:31,2025-07-01 22:53
LAB738895,ENC116432,PT12732,GLU,Glucose,161,mg/dL,70,99,H,STAT,2025-07-01 17:05,2025-07-01 17:19,2025-07-01 17:48
LAB738896,ENC116432,PT12732,CREAT,Creatinine,0.89,mg/dL,0.6,1.3,N,STAT,2025-07-01 17:05,2025-07-01 17:28,2025-07-01 18:49
LAB738897,ENC116432,PT12732,WBC,White Blood Cell Count,7,K/uL,4.5,11,N,STAT,2025-07-01 17:14,2025-07-01 17:49,2025-07-01 18:38
LAB738898,ENC116432,PT12732,TROP,"Troponin I, High Sensitivity",3,ng/L,0,34,N,STAT,2025-07-01 17:30,2025-07-01 17:36,2025-07-01 18:21
LAB738899,ENC116433,PT10679,GLU,Glucose,143,mg/dL,70,99,H,STAT,2025-07-01 22:24,2025-07-01 22:34,2025-07-01 23:28
LAB738900,ENC116433,PT10679,CREAT,Creatinine,1.07,mg/dL,0.6,1.3,N,Routine,2025-07-01 22:59,2025-07-01 23:09,2025-07-02 02:22
LAB738901,ENC116433,PT10679,WBC,White Blood Cell Count,5.5,K/uL,4.5,11,N,Routine,2025-07-01 22:34,2025-07-01 22:49,2025-07-02 01:36
LAB738902,ENC116433,PT10679,HGB,Hemoglobin,8.6,g/dL,12,17.5,L,Routine,2025-07-01 21:55,2025-07-01 22:30,2025-07-01 23:46
LAB738903,ENC116433,PT10679,LACT,Lactate,2.8,mmol/L,0.5,2,H,STAT,2025-07-01 22:18,2025-07-01 22:29,2025-07-01 23:41
LAB738904,ENC116433,PT10679,INR,Prothrombin Time INR,1,ratio,0.8,1.2,N,STAT,2025-07-01 22:11,2025-07-01 22:17,2025-07-01 23:04
LAB738905,ENC116438,PT10475,GLU,Glucose,205,mg/dL,70,99,H,Routine,2025-07-02 02:18,2025-07-02 02:27,2025-07-02 07:02
LAB738906,ENC116438,PT10475,CREAT,Creatinine,1.03,mg/dL,0.6,1.3,N,STAT,2025-07-02 01:58,2025-07-02 02:11,2025-07-02 02:52
LAB738907,ENC116438,PT10475,WBC,White Blood Cell Count,4.4,K/uL,4.5,11,L,STAT,2025-07-02 02:00,2025-07-02 02:16,2025-07-02 02:50
LAB738908,ENC116438,PT10475,HGB,Hemoglobin,15.6,g/dL,12,17.5,N,STAT,2025-07-02 01:25,2025-07-02 01:54,2025-07-02 02:53
LAB738909,ENC116438,PT10475,NA,Sodium,136,mmol/L,136,145,N,STAT,2025-07-02 01:37,2025-07-02 01:56,2025-07-02 02:30
LAB738910,ENC116438,PT10475,K,Potassium,4.3,mmol/L,3.5,5.1,N,STAT,2025-07-02 02:11,2025-07-02 02:16,2025-07-02 03:04
LAB738911,ENC116438,PT10475,LACT,Lactate,2.2,mmol/L,0.5,2,H,STAT,2025-07-02 01:53,2025-07-02 02:24,2025-07-02 03:23
LAB738912,ENC116439,PT13661,GLU,Glucose,97,mg/dL,70,99,N,STAT,2025-07-02 04:33,2025-07-02 05:06,2025-07-02 05:39
LAB738913,ENC116439,PT13661,CREAT,Creatinine,1.01,mg/dL,0.6,1.3,N,STAT,2025-07-02 04:44,2025-07-02 05:00,2025-07-02 05:42
LAB738914,ENC116439,PT13661,WBC,White Blood Cell Count,7.6,K/uL,4.5,11,N,STAT,2025-07-02 03:53,2025-07-02 03:59,2025-07-02 04:31
LAB738915,ENC116439,PT13661,HGB,Hemoglobin,13.3,g/dL,12,17.5,N,STAT,2025-07-02 04:06,2025-07-02 04:29,2025-07-02 05:03
LAB738916,ENC116440,PT11975,GLU,Glucose,163,mg/dL,70,99,H,STAT,2025-07-02 08:46,2025-07-02 09:20,2025-07-02 10:06
LAB738917,ENC116440,PT11975,CREAT,Creatinine,0.49,mg/dL,0.6,1.3,L,STAT,2025-07-02 08:24,2025-07-02 08:57,2025-07-02 10:02
LAB738918,ENC116440,PT11975,WBC,White Blood Cell Count,9.4,K/uL,4.5,11,N,STAT,2025-07-02 08:34,2025-07-02 09:01,2025-07-02 10:00
LAB738919,ENC116440,PT11975,HGB,Hemoglobin,14.6,g/dL,12,17.5,N,Routine,2025-07-02 07:54,2025-07-02 08:14,2025-07-02 10:12
LAB738920,ENC116440,PT11975,LACT,Lactate,3.2,mmol/L,0.5,2,H,STAT,2025-07-02 08:15,2025-07-02 08:43,2025-07-02 09:39
LAB738921,ENC116442,PT13116,GLU,Glucose,111,mg/dL,70,99,H,STAT,2025-07-02 14:32,2025-07-02 15:02,2025-07-02 15:28
LAB738922,ENC116442,PT13116,CREAT,Creatinine,0.92,mg/dL,0.6,1.3,N,STAT,2025-07-02 13:58,2025-07-02 14:33,2025-07-02 15:51
LAB738923,ENC116442,PT13116,WBC,White Blood Cell Count,10.5,K/uL,4.5,11,N,Routine,2025-07-02 14:40,2025-07-02 14:57,2025-07-02 16:30
LAB738924,ENC116442,PT13116,HGB,Hemoglobin,10.6,g/dL,12,17.5,L,STAT,2025-07-02 13:58,2025-07-02 14:31,2025-07-02 14:58
LAB738925,ENC116442,PT13116,TROP,"Troponin I, High Sensitivity",788,ng/L,0,34,H,STAT,2025-07-02 14:22,2025-07-02 14:43,2025-07-02 15:29
LAB738926,ENC116443,PT11122,GLU,Glucose,139,mg/dL,70,99,H,Routine,2025-07-02 09:45,2025-07-02 09:50,2025-07-02 11:13
LAB738927,ENC116443,PT11122,CREAT,Creatinine,0.83,mg/dL,0.6,1.3,N,Routine,2025-07-02 09:48,2025-07-02 10:05,2025-07-02 15:55
LAB738928,ENC116443,PT11122,WBC,White Blood Cell Count,6.8,K/uL,4.5,11,N,STAT,2025-07-02 10:24,2025-07-02 10:31,2025-07-02 11:05
LAB738929,ENC116443,PT11122,HGB,Hemoglobin,15.2,g/dL,12,17.5,N,STAT,2025-07-02 09:43,2025-07-02 09:47,2025-07-02 10:19
LAB738930,ENC116444,PT12341,GLU,Glucose,214,mg/dL,70,99,H,Routine,2025-07-02 11:25,2025-07-02 11:53,2025-07-02 16:24
LAB738931,ENC116444,PT12341,CREAT,Creatinine,0.87,mg/dL,0.6,1.3,N,Routine,2025-07-02 10:42,2025-07-02 10:50,2025-07-02 12:16
LAB738932,ENC116446,PT12944,GLU,Glucose,110,mg/dL,70,99,H,STAT,2025-07-02 10:34,2025-07-02 10:55,2025-07-02 11:39
LAB738933,ENC116446,PT12944,CREAT,Creatinine,0.8,mg/dL,0.6,1.3,N,Routine,2025-07-02 10:41,2025-07-02 10:45,2025-07-02 14:13
LAB738934,ENC116446,PT12944,WBC,White Blood Cell Count,6.9,K/uL,4.5,11,N,Routine,2025-07-02 11:31,2025-07-02 11:41,2025-07-02 13:51
LAB738935,ENC116446,PT12944,HGB,Hemoglobin,16.1,g/dL,12,17.5,N,Routine,2025-07-02 11:12,2025-07-02 11:34,2025-07-02 12:48
LAB738936,ENC116449,PT10963,LDL,LDL Cholesterol,88,mg/dL,0,99,N,Routine,2025-07-02 12:58,2025-07-02 13:02,2025-07-03 07:52
LAB738937,ENC116450,PT12455,WBC,White Blood Cell Count,7,K/uL,4.5,11,N,Routine,2025-07-02 13:28,2025-07-02 14:02,2025-07-02 18:26
LAB738938,ENC116450,PT12455,HGB,Hemoglobin,9.1,g/dL,12,17.5,L,Routine,2025-07-02 13:23,2025-07-02 13:46,2025-07-02 16:49
LAB738939,ENC116450,PT12455,PLT,Platelet Count,190,K/uL,150,400,N,Routine,2025-07-02 13:05,2025-07-02 13:40,2025-07-02 15:46
LAB738940,ENC116453,PT11938,WBC,White Blood Cell Count,6.3,K/uL,4.5,11,N,Routine,2025-07-02 13:50,2025-07-02 14:15,2025-07-02 15:52
LAB738941,ENC116453,PT11938,HGB,Hemoglobin,12.3,g/dL,12,17.5,N,Routine,2025-07-02 14:11,2025-07-02 14:34,2025-07-02 16:13
LAB738942,ENC116453,PT11938,PLT,Platelet Count,150,K/uL,150,400,N,Routine,2025-07-02 14:08,2025-07-02 14:13,2025-07-02 16:27
LAB738943,ENC116456,PT12279,GLU,Glucose,103,mg/dL,70,99,H,STAT,2025-07-02 18:52,2025-07-02 19:09,2025-07-02 19:42
LAB738944,ENC116456,PT12279,CREAT,Creatinine,1.29,mg/dL,0.6,1.3,N,Routine,2025-07-02 19:12,2025-07-02 19:40,2025-07-02 22:05
LAB738945,ENC116456,PT12279,WBC,White Blood Cell Count,6.7,K/uL,4.5,11,N,Routine,2025-07-02 18:54,2025-07-02 19:20,2025-07-03 00:58
LAB738946,ENC116456,PT12279,HGB,Hemoglobin,14,g/dL,12,17.5,N,STAT,2025-07-02 19:14,2025-07-02 19:48,2025-07-02 21:00
LAB738947,ENC116456,PT12279,NA,Sodium,124,mmol/L,136,145,L,STAT,2025-07-02 18:41,2025-07-02 19:00,2025-07-02 19:54
LAB738948,ENC116456,PT12279,K,Potassium,4.1,mmol/L,3.5,5.1,N,STAT,2025-07-02 18:27,2025-07-02 19:00,2025-07-02 19:44
LAB738949,ENC116457,PT12947,LDL,LDL Cholesterol,147,mg/dL,0,99,H,Routine,2025-07-02 16:28,2025-07-02 16:57,2025-07-03 16:28
LAB738950,ENC116458,PT12124,LDL,LDL Cholesterol,106,mg/dL,0,99,H,Routine,2025-07-02 16:54,2025-07-02 17:10,2025-07-03 14:24
LAB738951,ENC116458,PT12124,A1C,Hemoglobin A1c,7.4,%,4,5.6,H,Routine,2025-07-02 16:45,2025-07-02 17:20,2025-07-03 01:34
LAB738952,ENC116460,PT11219,GLU,Glucose,160,mg/dL,70,99,H,STAT,2025-07-02 18:52,2025-07-02 19:12,2025-07-02 19:50
LAB738953,ENC116460,PT11219,CREAT,Creatinine,1.2,mg/dL,0.6,1.3,N,STAT,2025-07-02 18:55,2025-07-02 19:14,2025-07-02 19:40
LAB738954,ENC116460,PT11219,WBC,White Blood Cell Count,5.9,K/uL,4.5,11,N,STAT,2025-07-02 18:39,2025-07-02 18:45,2025-07-02 19:27
LAB738955,ENC116461,PT10001,GLU,Glucose,151,mg/dL,70,99,H,STAT,2025-07-02 20:03,2025-07-02 20:14,2025-07-02 20:57
LAB738956,ENC116461,PT10001,CREAT,Creatinine,0.78,mg/dL,0.6,1.3,N,STAT,2025-07-02 20:44,2025-07-02 20:58,2025-07-02 22:05
LAB738957,ENC116461,PT10001,WBC,White Blood Cell Count,10.7,K/uL,4.5,11,N,STAT,2025-07-02 20:01,2025-07-02 20:18,2025-07-02 21:03
LAB738958,ENC116461,PT10001,HGB,Hemoglobin,15.5,g/dL,12,17.5,N,STAT,2025-07-02 19:59,2025-07-02 20:09,2025-07-02 20:54
LAB738959,ENC116462,PT10019,GLU,Glucose,85,mg/dL,70,99,N,Routine,2025-07-02 20:52,2025-07-02 21:16,2025-07-02 23:39
LAB738960,ENC116462,PT10019,CREAT,Creatinine,0.58,mg/dL,0.6,1.3,L,STAT,2025-07-02 19:59,2025-07-02 20:29,2025-07-02 21:05
LAB738961,ENC116462,PT10019,WBC,White Blood Cell Count,8.4,K/uL,4.5,11,N,STAT,2025-07-02 20:09,2025-07-02 20:20,2025-07-02 20:40
LAB738962,ENC116463,PT12032,GLU,Glucose,64,mg/dL,70,99,L,Routine,2025-07-03 02:17,2025-07-03 02:39,2025-07-03 08:31
LAB738963,ENC116463,PT12032,CREAT,Creatinine,0.68,mg/dL,0.6,1.3,N,STAT,2025-07-03 02:47,2025-07-03 03:10,2025-07-03 04:07
LAB738964,ENC116463,PT12032,WBC,White Blood Cell Count,9.5,K/uL,4.5,11,N,STAT,2025-07-03 02:16,2025-07-03 02:32,2025-07-03 03:13
LAB738965,ENC116463,PT12032,HGB,Hemoglobin,13.4,g/dL,12,17.5,N,Routine,2025-07-03 02:30,2025-07-03 02:46,2025-07-03 03:42
LAB738966,ENC116465,PT10251,GLU,Glucose,94,mg/dL,70,99,N,STAT,2025-07-02 23:22,2025-07-02 23:50,2025-07-03 00:48
LAB738967,ENC116465,PT10251,CREAT,Creatinine,0.46,mg/dL,0.6,1.3,L,STAT,2025-07-02 23:56,2025-07-03 00:12,2025-07-03 01:24
LAB738968,ENC116465,PT10251,WBC,White Blood Cell Count,9.5,K/uL,4.5,11,N,STAT,2025-07-02 23:33,2025-07-03 00:02,2025-07-03 00:51
LAB738969,ENC116465,PT10251,HGB,Hemoglobin,12.5,g/dL,12,17.5,N,STAT,2025-07-02 23:59,2025-07-03 00:34,2025-07-03 01:14
LAB738970,ENC116466,PT12355,GLU,Glucose,119,mg/dL,70,99,H,STAT,2025-07-03 02:16,2025-07-03 02:27,2025-07-03 03:03
LAB738971,ENC116466,PT12355,CREAT,Creatinine,0.98,mg/dL,0.6,1.3,N,Routine,2025-07-03 02:32,2025-07-03 03:03,2025-07-03 05:12
LAB738972,ENC116466,PT12355,WBC,White Blood Cell Count,7.5,K/uL,4.5,11,N,Routine,2025-07-03 02:16,2025-07-03 02:50,2025-07-03 06:14
LAB738973,ENC116466,PT12355,HGB,Hemoglobin,13.6,g/dL,12,17.5,N,STAT,2025-07-03 01:44,2025-07-03 01:48,2025-07-03 02:23
LAB738974,ENC116467,PT10307,GLU,Glucose,117,mg/dL,70,99,H,Routine,2025-07-03 00:45,2025-07-03 01:17,2025-07-03 03:50
LAB738975,ENC116467,PT10307,CREAT,Creatinine,0.93,mg/dL,0.6,1.3,N,STAT,2025-07-03 00:26,2025-07-03 00:51,2025-07-03 01:34
LAB738976,ENC116467,PT10307,WBC,White Blood Cell Count,8.2,K/uL,4.5,11,N,STAT,2025-07-03 00:16,2025-07-03 00:46,2025-07-03 02:46
LAB738977,ENC116467,PT10307,HGB,Hemoglobin,12.7,g/dL,12,17.5,N,STAT,2025-07-02 23:43,2025-07-03 00:03,2025-07-03 01:13
LAB738978,ENC116468,PT10217,GLU,Glucose,91,mg/dL,70,99,N,STAT,2025-07-03 06:58,2025-07-03 07:17,2025-07-03 08:42
LAB738979,ENC116468,PT10217,CREAT,Creatinine,2.14,mg/dL,0.6,1.3,H,STAT,2025-07-03 07:28,2025-07-03 07:52,2025-07-03 08:48
LAB738980,ENC116468,PT10217,WBC,White Blood Cell Count,10.4,K/uL,4.5,11,N,STAT,2025-07-03 07:21,2025-07-03 07:56,2025-07-03 08:17
LAB738981,ENC116468,PT10217,HGB,Hemoglobin,10.5,g/dL,12,17.5,L,STAT,2025-07-03 07:15,2025-07-03 07:41,2025-07-03 08:32
LAB738982,ENC116469,PT13303,GLU,Glucose,163,mg/dL,70,99,H,STAT,2025-07-03 08:21,2025-07-03 08:50,2025-07-03 09:46
LAB738983,ENC116469,PT13303,CREAT,Creatinine,0.97,mg/dL,0.6,1.3,N,Routine,2025-07-03 08:05,2025-07-03 08:36,2025-07-03 10:55
LAB738984,ENC116469,PT13303,WBC,White Blood Cell Count,7.2,K/uL,4.5,11,N,STAT,2025-07-03 07:35,2025-07-03 07:49,2025-07-03 08:25
LAB738985,ENC116469,PT13303,HGB,Hemoglobin,15.4,g/dL,12,17.5,N,Routine,2025-07-03 07:59,2025-07-03 08:18,2025-07-03 11:03
LAB738986,ENC116470,PT12444,GLU,Glucose,92,mg/dL,70,99,N,STAT,2025-07-03 09:11,2025-07-03 09:37,2025-07-03 10:14
LAB738987,ENC116470,PT12444,CREAT,Creatinine,1.08,mg/dL,0.6,1.3,N,STAT,2025-07-03 08:23,2025-07-03 08:27,2025-07-03 09:38
LAB738988,ENC116471,PT11178,A1C,Hemoglobin A1c,5.4,%,4,5.6,N,Routine,2025-07-03 08:39,2025-07-03 08:46,2025-07-03 22:08
LAB738989,ENC116476,PT12420,A1C,Hemoglobin A1c,5.5,%,4,5.6,N,Routine,2025-07-03 10:10,2025-07-03 10:16,2025-07-04 02:20
LAB738990,ENC116476,PT12420,GLU,Glucose,87,mg/dL,70,99,N,Routine,2025-07-03 10:05,2025-07-03 10:40,2025-07-03 15:15
LAB738991,ENC116476,PT12420,CREAT,Creatinine,1.13,mg/dL,0.6,1.3,N,Routine,2025-07-03 10:08,2025-07-03 10:12,2025-07-03 12:02
LAB738992,ENC116477,PT13004,GLU,Glucose,108,mg/dL,70,99,H,STAT,2025-07-03 13:12,2025-07-03 13:41,2025-07-03 14:23
LAB738993,ENC116477,PT13004,CREAT,Creatinine,0.77,mg/dL,0.6,1.3,N,Routine,2025-07-03 13:17,2025-07-03 13:25,2025-07-03 15:09
LAB738994,ENC116477,PT13004,WBC,White Blood Cell Count,9.1,K/uL,4.5,11,N,STAT,2025-07-03 13:32,2025-07-03 13:59,2025-07-03 14:55
LAB738995,ENC116477,PT13004,HGB,Hemoglobin,8.8,g/dL,12,17.5,L,STAT,2025-07-03 13:45,2025-07-03 14:06,2025-07-03 14:53
LAB738996,ENC116480,PT13743,GLU,Glucose,82,mg/dL,70,99,N,STAT,2025-07-03 14:10,2025-07-03 14:16,2025-07-03 14:43
LAB738997,ENC116480,PT13743,CREAT,Creatinine,1.21,mg/dL,0.6,1.3,N,STAT,2025-07-03 13:19,2025-07-03 13:36,2025-07-03 13:56
LAB738998,ENC116480,PT13743,WBC,White Blood Cell Count,4.8,K/uL,4.5,11,N,STAT,2025-07-03 14:05,2025-07-03 14:37,2025-07-03 15:11
LAB738999,ENC116480,PT13743,HGB,Hemoglobin,12.9,g/dL,12,17.5,N,STAT,2025-07-03 14:13,2025-07-03 14:48,2025-07-03 15:19
LAB739000,ENC116480,PT13743,LACT,Lactate,4.4,mmol/L,0.5,2,HH,STAT,2025-07-03 13:58,2025-07-03 14:16,2025-07-03 14:53
LAB739001,ENC116482,PT13829,A1C,Hemoglobin A1c,8.1,%,4,5.6,H,Routine,2025-07-03 12:01,2025-07-03 12:06,2025-07-04 01:10
LAB739002,ENC116484,PT11776,LDL,LDL Cholesterol,125,mg/dL,0,99,H,Routine,2025-07-03 12:43,2025-07-03 13:09,2025-07-04 20:47
LAB739003,ENC116484,PT11776,A1C,Hemoglobin A1c,6.1,%,4,5.6,H,Routine,2025-07-03 12:33,2025-07-03 13:04,2025-07-04 18:57
LAB739004,ENC116485,PT12744,LDL,LDL Cholesterol,181,mg/dL,0,99,H,Routine,2025-07-03 12:51,2025-07-03 13:03,2025-07-04 09:20
LAB739005,ENC116485,PT12744,A1C,Hemoglobin A1c,5.4,%,4,5.6,N,Routine,2025-07-03 13:09,2025-07-03 13:32,2025-07-03 18:55
LAB739006,ENC116487,PT12277,TROP,"Troponin I, High Sensitivity",6,ng/L,0,34,N,STAT,2025-07-03 13:12,2025-07-03 13:33,2025-07-03 14:46
LAB739007,ENC116488,PT12372,A1C,Hemoglobin A1c,5.7,%,4,5.6,H,Routine,2025-07-03 13:24,2025-07-03 13:40,2025-07-04 01:03
LAB739008,ENC116489,PT11616,GLU,Glucose,108,mg/dL,70,99,H,Routine,2025-07-03 16:04,2025-07-03 16:26,2025-07-03 18:39
LAB739009,ENC116489,PT11616,CREAT,Creatinine,2.2,mg/dL,0.6,1.3,H,Routine,2025-07-03 16:11,2025-07-03 16:44,2025-07-03 20:34
LAB739010,ENC116489,PT11616,WBC,White Blood Cell Count,7.1,K/uL,4.5,11,N,Routine,2025-07-03 16:35,2025-07-03 16:40,2025-07-03 19:03
LAB739011,ENC116489,PT11616,HGB,Hemoglobin,10.4,g/dL,12,17.5,L,STAT,2025-07-03 16:16,2025-07-03 16:43,2025-07-03 17:47
LAB739012,ENC116489,PT11616,NA,Sodium,128,mmol/L,136,145,L,Routine,2025-07-03 16:23,2025-07-03 16:52,2025-07-03 20:39
LAB739013,ENC116489,PT11616,K,Potassium,3.5,mmol/L,3.5,5.1,N,STAT,2025-07-03 15:52,2025-07-03 16:20,2025-07-03 16:47
LAB739014,ENC116490,PT11023,GLU,Glucose,95,mg/dL,70,99,N,Routine,2025-07-03 14:08,2025-07-03 14:15,2025-07-03 16:34
LAB739015,ENC116490,PT11023,CREAT,Creatinine,0.86,mg/dL,0.6,1.3,N,STAT,2025-07-03 14:41,2025-07-03 14:46,2025-07-03 15:28
LAB739016,ENC116490,PT11023,WBC,White Blood Cell Count,5.3,K/uL,4.5,11,N,STAT,2025-07-03 14:26,2025-07-03 14:55,2025-07-03 15:41
LAB739017,ENC116490,PT11023,HGB,Hemoglobin,8,g/dL,12,17.5,L,Routine,2025-07-03 14:15,2025-07-03 14:27,2025-07-03 19:11
LAB739018,ENC116490,PT11023,INR,Prothrombin Time INR,1,ratio,0.8,1.2,N,Routine,2025-07-03 14:05,2025-07-03 14:25,2025-07-03 15:46
LAB739019,ENC116491,PT11944,GLU,Glucose,153,mg/dL,70,99,H,Routine,2025-07-03 15:26,2025-07-03 15:58,2025-07-03 18:38
LAB739020,ENC116491,PT11944,CREAT,Creatinine,2.51,mg/dL,0.6,1.3,H,Routine,2025-07-03 15:42,2025-07-03 16:09,2025-07-03 19:34
LAB739021,ENC116491,PT11944,WBC,White Blood Cell Count,5.2,K/uL,4.5,11,N,STAT,2025-07-03 15:00,2025-07-03 15:10,2025-07-03 16:09
LAB739022,ENC116491,PT11944,HGB,Hemoglobin,11,g/dL,12,17.5,L,Routine,2025-07-03 15:26,2025-07-03 15:45,2025-07-03 18:52
LAB739023,ENC116491,PT11944,LACT,Lactate,2.1,mmol/L,0.5,2,H,STAT,2025-07-03 15:35,2025-07-03 16:00,2025-07-03 17:11
LAB739024,ENC116492,PT11767,GLU,Glucose,126,mg/dL,70,99,H,STAT,2025-07-03 18:10,2025-07-03 18:43,2025-07-03 19:11
LAB739025,ENC116492,PT11767,CREAT,Creatinine,0.46,mg/dL,0.6,1.3,L,STAT,2025-07-03 18:26,2025-07-03 18:37,2025-07-03 19:37
LAB739026,ENC116492,PT11767,WBC,White Blood Cell Count,4.3,K/uL,4.5,11,L,STAT,2025-07-03 18:33,2025-07-03 19:02,2025-07-03 19:58
LAB739027,ENC116492,PT11767,HGB,Hemoglobin,14.8,g/dL,12,17.5,N,STAT,2025-07-03 18:01,2025-07-03 18:34,2025-07-03 19:32
LAB739028,ENC116494,PT11429,GLU,Glucose,102,mg/dL,70,99,H,STAT,2025-07-03 16:39,2025-07-03 16:58,2025-07-03 18:00
LAB739029,ENC116494,PT11429,CREAT,Creatinine,0.89,mg/dL,0.6,1.3,N,STAT,2025-07-03 16:45,2025-07-03 17:12,2025-07-03 17:57
LAB739030,ENC116494,PT11429,WBC,White Blood Cell Count,6.7,K/uL,4.5,11,N,STAT,2025-07-03 16:21,2025-07-03 16:54,2025-07-03 17:23
LAB739031,ENC116494,PT11429,HGB,Hemoglobin,13.4,g/dL,12,17.5,N,Routine,2025-07-03 16:15,2025-07-03 16:30,2025-07-03 19:36
LAB739032,ENC116495,PT13937,LDL,LDL Cholesterol,121,mg/dL,0,99,H,Routine,2025-07-03 16:15,2025-07-03 16:29,2025-07-04 00:45
LAB739033,ENC116495,PT13937,A1C,Hemoglobin A1c,5.2,%,4,5.6,N,Routine,2025-07-03 16:22,2025-07-03 16:45,2025-07-04 03:09
LAB739034,ENC116496,PT12967,TROP,"Troponin I, High Sensitivity",10,ng/L,0,34,N,STAT,2025-07-03 17:52,2025-07-03 18:16,2025-07-03 18:34
LAB739035,ENC116497,PT13163,GLU,Glucose,243,mg/dL,70,99,H,STAT,2025-07-03 17:35,2025-07-03 18:09,2025-07-03 18:47
LAB739036,ENC116497,PT13163,CREAT,Creatinine,0.84,mg/dL,0.6,1.3,N,STAT,2025-07-03 17:55,2025-07-03 18:25,2025-07-03 19:58
LAB739037,ENC116497,PT13163,WBC,White Blood Cell Count,10.2,K/uL,4.5,11,N,STAT,2025-07-03 18:00,2025-07-03 18:15,2025-07-03 18:53
LAB739038,ENC116497,PT13163,HGB,Hemoglobin,11.2,g/dL,12,17.5,L,Routine,2025-07-03 17:32,2025-07-03 17:39,2025-07-03 20:07
LAB739039,ENC116499,PT12765,GLU,Glucose,128,mg/dL,70,99,H,STAT,2025-07-03 23:58,2025-07-04 00:17,2025-07-04 00:53
LAB739040,ENC116499,PT12765,CREAT,Creatinine,0.91,mg/dL,0.6,1.3,N,STAT,2025-07-03 22:53,2025-07-03 23:00,2025-07-03 23:55
LAB739041,ENC116499,PT12765,WBC,White Blood Cell Count,11.6,K/uL,4.5,11,H,STAT,2025-07-03 23:00,2025-07-03 23:34,2025-07-04 00:16
LAB739042,ENC116499,PT12765,HGB,Hemoglobin,10.6,g/dL,12,17.5,L,Routine,2025-07-03 23:14,2025-07-03 23:28,2025-07-04 04:03
LAB739043,ENC116500,PT11894,GLU,Glucose,79,mg/dL,70,99,N,STAT,2025-07-04 05:19,2025-07-04 05:39,2025-07-04 06:43
LAB739044,ENC116500,PT11894,CREAT,Creatinine,0.48,mg/dL,0.6,1.3,L,STAT,2025-07-04 04:37,2025-07-04 05:04,2025-07-04 05:44
LAB739045,ENC116500,PT11894,WBC,White Blood Cell Count,6.7,K/uL,4.5,11,N,STAT,2025-07-04 05:23,2025-07-04 05:47,2025-07-04 06:19
LAB739046,ENC116500,PT11894,HGB,Hemoglobin,10.6,g/dL,12,17.5,L,STAT,2025-07-04 05:26,2025-07-04 05:51,2025-07-04 06:24
LAB739047,ENC116502,PT12125,GLU,Glucose,247,mg/dL,70,99,H,Routine,2025-07-04 11:20,2025-07-04 11:50,2025-07-04 15:31
LAB739048,ENC116502,PT12125,CREAT,Creatinine,1.19,mg/dL,0.6,1.3,N,STAT,2025-07-04 11:49,2025-07-04 12:10,2025-07-04 13:24
LAB739049,ENC116502,PT12125,WBC,White Blood Cell Count,7.6,K/uL,4.5,11,N,STAT,2025-07-04 11:49,2025-07-04 12:17,2025-07-04 12:37
LAB739050,ENC116502,PT12125,HGB,Hemoglobin,10.5,g/dL,12,17.5,L,Routine,2025-07-04 11:37,2025-07-04 11:46,2025-07-04 15:08
LAB739051,ENC116502,PT12125,NA,Sodium,136,mmol/L,136,145,N,STAT,2025-07-04 12:10,2025-07-04 12:20,2025-07-04 13:06
LAB739052,ENC116502,PT12125,K,Potassium,3.7,mmol/L,3.5,5.1,N,STAT,2025-07-04 12:14,2025-07-04 12:45,2025-07-04 13:29
LAB739053,ENC116502,PT12125,BUN,Blood Urea Nitrogen,22,mg/dL,7,20,H,STAT,2025-07-04 11:51,2025-07-04 12:03,2025-07-04 12:35
LAB739054,ENC116502,PT12125,PLT,Platelet Count,228,K/uL,150,400,N,STAT,2025-07-04 12:22,2025-07-04 12:36,2025-07-04 14:04
LAB739055,ENC116506,PT12738,GLU,Glucose,115,mg/dL,70,99,H,Routine,2025-07-04 09:04,2025-07-04 09:37,2025-07-04 17:24
LAB739056,ENC116506,PT12738,CREAT,Creatinine,1.07,mg/dL,0.6,1.3,N,Routine,2025-07-04 10:02,2025-07-04 10:15,2025-07-04 12:04
LAB739057,ENC116506,PT12738,WBC,White Blood Cell Count,8.8,K/uL,4.5,11,N,STAT,2025-07-04 09:26,2025-07-04 09:32,2025-07-04 09:58
LAB739058,ENC116506,PT12738,HGB,Hemoglobin,15.6,g/dL,12,17.5,N,Routine,2025-07-04 09:42,2025-07-04 10:09,2025-07-04 12:16
LAB739059,ENC116506,PT12738,BUN,Blood Urea Nitrogen,18,mg/dL,7,20,N,STAT,2025-07-04 09:09,2025-07-04 09:26,2025-07-04 10:25
LAB739060,ENC116506,PT12738,PLT,Platelet Count,211,K/uL,150,400,N,STAT,2025-07-04 09:32,2025-07-04 10:01,2025-07-04 10:56
LAB739061,ENC116507,PT13185,GLU,Glucose,126,mg/dL,70,99,H,STAT,2025-07-04 10:12,2025-07-04 10:20,2025-07-04 11:39
LAB739062,ENC116507,PT13185,CREAT,Creatinine,0.84,mg/dL,0.6,1.3,N,STAT,2025-07-04 09:52,2025-07-04 10:07,2025-07-04 10:46
LAB739063,ENC116507,PT13185,WBC,White Blood Cell Count,9.1,K/uL,4.5,11,N,Routine,2025-07-04 09:44,2025-07-04 10:14,2025-07-04 14:21
LAB739064,ENC116507,PT13185,HGB,Hemoglobin,14.3,g/dL,12,17.5,N,STAT,2025-07-04 10:19,2025-07-04 10:40,2025-07-04 11:55
LAB739065,ENC116507,PT13185,INR,Prothrombin Time INR,1,ratio,0.8,1.2,N,Routine,2025-07-04 09:47,2025-07-04 10:16,2025-07-04 11:36
LAB739066,ENC116510,PT13168,GLU,Glucose,159,mg/dL,70,99,H,Routine,2025-07-04 14:43,2025-07-04 15:17,2025-07-04 18:50
LAB739067,ENC116510,PT13168,CREAT,Creatinine,1.04,mg/dL,0.6,1.3,N,STAT,2025-07-04 14:13,2025-07-04 14:19,2025-07-04 14:49
LAB739068,ENC116510,PT13168,WBC,White Blood Cell Count,9.3,K/uL,4.5,11,N,Routine,2025-07-04 15:06,2025-07-04 15:24,2025-07-04 18:32
LAB739069,ENC116510,PT13168,HGB,Hemoglobin,14.9,g/dL,12,17.5,N,STAT,2025-07-04 14:16,2025-07-04 14:23,2025-07-04 15:19
LAB739070,ENC116510,PT13168,NA,Sodium,137,mmol/L,136,145,N,STAT,2025-07-04 14:41,2025-07-04 15:00,2025-07-04 15:42
LAB739071,ENC116510,PT13168,K,Potassium,3.5,mmol/L,3.5,5.1,N,STAT,2025-07-04 14:59,2025-07-04 15:06,2025-07-04 15:43
LAB739072,ENC116510,PT13168,A1C,Hemoglobin A1c,9.3,%,4,5.6,H,Routine,2025-07-04 15:12,2025-07-04 15:17,2025-07-05 00:50
LAB739073,ENC116511,PT10486,A1C,Hemoglobin A1c,5.8,%,4,5.6,H,Routine,2025-07-04 11:38,2025-07-04 11:50,2025-07-04 23:01
LAB739074,ENC116513,PT12313,GLU,Glucose,98,mg/dL,70,99,N,STAT,2025-07-04 17:36,2025-07-04 17:51,2025-07-04 18:35
LAB739075,ENC116513,PT12313,CREAT,Creatinine,3.39,mg/dL,0.6,1.3,H,STAT,2025-07-04 17:08,2025-07-04 17:35,2025-07-04 18:46
LAB739076,ENC116513,PT12313,WBC,White Blood Cell Count,8.9,K/uL,4.5,11,N,Routine,2025-07-04 16:39,2025-07-04 16:50,2025-07-05 02:15
LAB739077,ENC116513,PT12313,HGB,Hemoglobin,14.6,g/dL,12,17.5,N,Routine,2025-07-04 17:36,2025-07-04 18:07,2025-07-05 01:54
LAB739078,ENC116513,PT12313,NA,Sodium,141,mmol/L,136,145,N,Routine,2025-07-04 16:35,2025-07-04 17:02,2025-07-04 21:16
LAB739079,ENC116513,PT12313,K,Potassium,5,mmol/L,3.5,5.1,N,STAT,2025-07-04 16:34,2025-07-04 16:39,2025-07-04 17:14
LAB739080,ENC116514,PT11851,LDL,LDL Cholesterol,122,mg/dL,0,99,H,Routine,2025-07-04 12:47,2025-07-04 13:22,2025-07-05 04:18
LAB739081,ENC116514,PT11851,A1C,Hemoglobin A1c,8.1,%,4,5.6,H,Routine,2025-07-04 12:37,2025-07-04 13:05,2025-07-05 20:48
LAB739082,ENC116518,PT10618,GLU,Glucose,93,mg/dL,70,99,N,Routine,2025-07-04 20:46,2025-07-04 20:55,2025-07-04 23:45
LAB739083,ENC116518,PT10618,CREAT,Creatinine,2.89,mg/dL,0.6,1.3,H,STAT,2025-07-04 20:19,2025-07-04 20:27,2025-07-04 21:07
LAB739084,ENC116518,PT10618,WBC,White Blood Cell Count,6.6,K/uL,4.5,11,N,Routine,2025-07-04 20:01,2025-07-04 20:28,2025-07-04 21:27
LAB739085,ENC116518,PT10618,HGB,Hemoglobin,10.8,g/dL,12,17.5,L,STAT,2025-07-04 20:34,2025-07-04 21:07,2025-07-04 22:07
LAB739086,ENC116518,PT10618,NA,Sodium,139,mmol/L,136,145,N,Routine,2025-07-04 19:46,2025-07-04 19:54,2025-07-04 21:00
LAB739087,ENC116518,PT10618,K,Potassium,5.3,mmol/L,3.5,5.1,H,STAT,2025-07-04 20:37,2025-07-04 20:48,2025-07-04 21:19
LAB739088,ENC116518,PT10618,BUN,Blood Urea Nitrogen,11,mg/dL,7,20,N,STAT,2025-07-04 19:58,2025-07-04 20:08,2025-07-04 21:03
LAB739089,ENC116518,PT10618,PLT,Platelet Count,277,K/uL,150,400,N,Routine,2025-07-04 20:08,2025-07-04 20:43,2025-07-05 03:43
LAB739090,ENC116522,PT11702,GLU,Glucose,316,mg/dL,70,99,H,Routine,2025-07-04 19:54,2025-07-04 20:16,2025-07-04 23:21
LAB739091,ENC116522,PT11702,CREAT,Creatinine,1,mg/dL,0.6,1.3,N,STAT,2025-07-04 20:07,2025-07-04 20:34,2025-07-04 21:11
LAB739092,ENC116522,PT11702,WBC,White Blood Cell Count,7.7,K/uL,4.5,11,N,Routine,2025-07-04 19:35,2025-07-04 19:39,2025-07-04 21:51
LAB739093,ENC116522,PT11702,HGB,Hemoglobin,13.7,g/dL,12,17.5,N,STAT,2025-07-04 19:14,2025-07-04 19:46,2025-07-04 20:17
LAB739094,ENC116522,PT11702,NA,Sodium,137,mmol/L,136,145,N,STAT,2025-07-04 19:18,2025-07-04 19:36,2025-07-04 20:15
LAB739095,ENC116522,PT11702,K,Potassium,4.1,mmol/L,3.5,5.1,N,STAT,2025-07-04 19:33,2025-07-04 20:03,2025-07-04 21:16
LAB739096,ENC116522,PT11702,A1C,Hemoglobin A1c,8.4,%,4,5.6,H,Routine,2025-07-04 19:13,2025-07-04 19:44,2025-07-05 14:55
LAB739097,ENC116523,PT10566,LDL,LDL Cholesterol,122,mg/dL,0,99,H,Routine,2025-07-04 16:45,2025-07-04 17:05,2025-07-05 01:40
LAB739098,ENC116523,PT10566,A1C,Hemoglobin A1c,6.3,%,4,5.6,H,Routine,2025-07-04 16:41,2025-07-04 16:49,2025-07-05 09:16
LAB739099,ENC116524,PT12401,GLU,Glucose,251,mg/dL,70,99,H,STAT,2025-07-04 16:42,2025-07-04 16:47,2025-07-04 17:18
LAB739100,ENC116524,PT12401,CREAT,Creatinine,1.14,mg/dL,0.6,1.3,N,STAT,2025-07-04 16:41,2025-07-04 17:16,2025-07-04 17:48
LAB739101,ENC116524,PT12401,WBC,White Blood Cell Count,7.3,K/uL,4.5,11,N,Routine,2025-07-04 17:27,2025-07-04 18:02,2025-07-04 21:34
LAB739102,ENC116524,PT12401,HGB,Hemoglobin,14.3,g/dL,12,17.5,N,Routine,2025-07-04 16:54,2025-07-04 17:01,2025-07-04 19:49
LAB739103,ENC116525,PT10455,GLU,Glucose,85,mg/dL,70,99,N,Routine,2025-07-04 19:35,2025-07-04 19:58,2025-07-04 22:11
LAB739104,ENC116525,PT10455,CREAT,Creatinine,0.98,mg/dL,0.6,1.3,N,Routine,2025-07-04 20:03,2025-07-04 20:15,2025-07-04 23:47
LAB739105,ENC116525,PT10455,WBC,White Blood Cell Count,10.1,K/uL,4.5,11,N,STAT,2025-07-04 20:34,2025-07-04 20:43,2025-07-04 21:24
LAB739106,ENC116528,PT11475,GLU,Glucose,84,mg/dL,70,99,N,STAT,2025-07-05 00:27,2025-07-05 00:42,2025-07-05 01:22
LAB739107,ENC116528,PT11475,CREAT,Creatinine,0.83,mg/dL,0.6,1.3,N,Routine,2025-07-05 00:26,2025-07-05 00:48,2025-07-05 05:36
LAB739108,ENC116528,PT11475,WBC,White Blood Cell Count,7.8,K/uL,4.5,11,N,STAT,2025-07-05 00:40,2025-07-05 00:51,2025-07-05 01:37
LAB739109,ENC116528,PT11475,HGB,Hemoglobin,12.6,g/dL,12,17.5,N,STAT,2025-07-05 00:53,2025-07-05 01:18,2025-07-05 02:00
LAB739110,ENC116529,PT11891,GLU,Glucose,96,mg/dL,70,99,N,STAT,2025-07-05 01:16,2025-07-05 01:43,2025-07-05 02:52
LAB739111,ENC116529,PT11891,CREAT,Creatinine,0.67,mg/dL,0.6,1.3,N,STAT,2025-07-05 00:57,2025-07-05 01:14,2025-07-05 01:39
LAB739112,ENC116529,PT11891,WBC,White Blood Cell Count,5.8,K/uL,4.5,11,N,Routine,2025-07-05 00:54,2025-07-05 01:20,2025-07-05 02:13
LAB739113,ENC116529,PT11891,HGB,Hemoglobin,13.7,g/dL,12,17.5,N,STAT,2025-07-05 01:01,2025-07-05 01:26,2025-07-05 02:42
LAB739114,ENC116530,PT11161,GLU,Glucose,119,mg/dL,70,99,H,Routine,2025-07-05 01:33,2025-07-05 02:00,2025-07-05 05:38
LAB739115,ENC116530,PT11161,CREAT,Creatinine,1.27,mg/dL,0.6,1.3,N,STAT,2025-07-05 00:33,2025-07-05 00:38,2025-07-05 01:15
LAB739116,ENC116530,PT11161,WBC,White Blood Cell Count,11.6,K/uL,4.5,11,H,STAT,2025-07-05 01:31,2025-07-05 01:43,2025-07-05 03:25
LAB739117,ENC116533,PT10429,GLU,Glucose,257,mg/dL,70,99,H,Routine,2025-07-05 13:00,2025-07-05 13:18,2025-07-05 15:55
LAB739118,ENC116533,PT10429,CREAT,Creatinine,1.21,mg/dL,0.6,1.3,N,STAT,2025-07-05 12:28,2025-07-05 12:55,2025-07-05 13:39
LAB739119,ENC116533,PT10429,WBC,White Blood Cell Count,9.1,K/uL,4.5,11,N,STAT,2025-07-05 12:06,2025-07-05 12:33,2025-07-05 13:01
LAB739120,ENC116533,PT10429,HGB,Hemoglobin,13.1,g/dL,12,17.5,N,Routine,2025-07-05 13:08,2025-07-05 13:16,2025-07-05 22:28
LAB739121,ENC116533,PT10429,NA,Sodium,137,mmol/L,136,145,N,STAT,2025-07-05 12:39,2025-07-05 13:07,2025-07-05 14:15
LAB739122,ENC116533,PT10429,K,Potassium,4.1,mmol/L,3.5,5.1,N,STAT,2025-07-05 12:53,2025-07-05 13:12,2025-07-05 13:30
LAB739123,ENC116533,PT10429,TROP,"Troponin I, High Sensitivity",3108,ng/L,0,34,H,STAT,2025-07-05 12:29,2025-07-05 13:00,2025-07-05 14:25
LAB739124,ENC116537,PT11958,GLU,Glucose,122,mg/dL,70,99,H,Routine,2025-07-05 16:49,2025-07-05 17:06,2025-07-06 00:38
LAB739125,ENC116537,PT11958,CREAT,Creatinine,1.17,mg/dL,0.6,1.3,N,STAT,2025-07-05 17:04,2025-07-05 17:36,2025-07-05 18:59
LAB739126,ENC116537,PT11958,WBC,White Blood Cell Count,14.5,K/uL,4.5,11,H,STAT,2025-07-05 16:21,2025-07-05 16:40,2025-07-05 17:32
LAB739127,ENC116537,PT11958,HGB,Hemoglobin,14.7,g/dL,12,17.5,N,STAT,2025-07-05 16:23,2025-07-05 16:43,2025-07-05 17:17
LAB739128,ENC116539,PT12553,GLU,Glucose,110,mg/dL,70,99,H,STAT,2025-07-05 20:53,2025-07-05 21:02,2025-07-05 22:13
LAB739129,ENC116539,PT12553,CREAT,Creatinine,2.69,mg/dL,0.6,1.3,H,STAT,2025-07-05 21:05,2025-07-05 21:16,2025-07-05 22:12
LAB739130,ENC116539,PT12553,WBC,White Blood Cell Count,8.3,K/uL,4.5,11,N,STAT,2025-07-05 21:16,2025-07-05 21:43,2025-07-05 22:37
LAB739131,ENC116539,PT12553,HGB,Hemoglobin,9.7,g/dL,12,17.5,L,STAT,2025-07-05 21:19,2025-07-05 21:43,2025-07-05 23:04
LAB739132,ENC116539,PT12553,NA,Sodium,146,mmol/L,136,145,H,STAT,2025-07-05 21:18,2025-07-05 21:31,2025-07-05 22:55
LAB739133,ENC116539,PT12553,K,Potassium,4.3,mmol/L,3.5,5.1,N,STAT,2025-07-05 21:49,2025-07-05 21:57,2025-07-05 23:10
LAB739134,ENC116540,PT12299,GLU,Glucose,98,mg/dL,70,99,N,Routine,2025-07-05 22:08,2025-07-05 22:19,2025-07-06 01:57
LAB739135,ENC116540,PT12299,CREAT,Creatinine,0.64,mg/dL,0.6,1.3,N,STAT,2025-07-05 21:10,2025-07-05 21:20,2025-07-05 22:46
LAB739136,ENC116540,PT12299,WBC,White Blood Cell Count,3.1,K/uL,4.5,11,L,Routine,2025-07-05 21:15,2025-07-05 21:26,2025-07-06 00:05
LAB739137,ENC116540,PT12299,HGB,Hemoglobin,13.8,g/dL,12,17.5,N,Routine,2025-07-05 21:41,2025-07-05 22:03,2025-07-06 06:43
LAB739138,ENC116540,PT12299,NA,Sodium,140,mmol/L,136,145,N,Routine,2025-07-05 21:52,2025-07-05 21:58,2025-07-06 00:33
LAB739139,ENC116540,PT12299,K,Potassium,4.6,mmol/L,3.5,5.1,N,STAT,2025-07-05 21:43,2025-07-05 22:11,2025-07-05 23:18
LAB739140,ENC116540,PT12299,LACT,Lactate,2,mmol/L,0.5,2,N,STAT,2025-07-05 21:26,2025-07-05 21:32,2025-07-05 22:07
LAB739141,ENC116541,PT11773,GLU,Glucose,215,mg/dL,70,99,H,Routine,2025-07-06 00:15,2025-07-06 00:30,2025-07-06 03:10
LAB739142,ENC116541,PT11773,CREAT,Creatinine,0.87,mg/dL,0.6,1.3,N,Routine,2025-07-05 23:22,2025-07-05 23:35,2025-07-06 00:55
LAB739143,ENC116541,PT11773,WBC,White Blood Cell Count,6,K/uL,4.5,11,N,STAT,2025-07-05 23:46,2025-07-05 23:50,2025-07-06 01:20
LAB739144,ENC116541,PT11773,HGB,Hemoglobin,13,g/dL,12,17.5,N,STAT,2025-07-05 23:08,2025-07-05 23:24,2025-07-06 00:00
LAB739145,ENC116541,PT11773,TROP,"Troponin I, High Sensitivity",42,ng/L,0,34,H,STAT,2025-07-05 23:15,2025-07-05 23:41,2025-07-06 00:31
LAB739146,ENC116541,PT11773,BNP,B-Type Natriuretic Peptide,580,pg/mL,0,100,H,STAT,2025-07-05 23:48,2025-07-06 00:13,2025-07-06 00:42
LAB739147,ENC116542,PT11121,GLU,Glucose,252,mg/dL,70,99,H,Routine,2025-07-05 22:11,2025-07-05 22:33,2025-07-06 00:49
LAB739148,ENC116542,PT11121,CREAT,Creatinine,0.77,mg/dL,0.6,1.3,N,STAT,2025-07-05 22:12,2025-07-05 22:19,2025-07-05 22:55
LAB739149,ENC116542,PT11121,WBC,White Blood Cell Count,6.5,K/uL,4.5,11,N,STAT,2025-07-05 21:50,2025-07-05 22:05,2025-07-05 23:06
LAB739150,ENC116543,PT12976,GLU,Glucose,97,mg/dL,70,99,N,Routine,2025-07-06 00:43,2025-07-06 01:17,2025-07-06 03:26
LAB739151,ENC116543,PT12976,CREAT,Creatinine,0.59,mg/dL,0.6,1.3,L,Routine,2025-07-06 00:44,2025-07-06 01:16,2025-07-06 12:14
LAB739152,ENC116543,PT12976,WBC,White Blood Cell Count,19.7,K/uL,4.5,11,H,STAT,2025-07-06 00:46,2025-07-06 01:14,2025-07-06 01:46
LAB739153,ENC116543,PT12976,HGB,Hemoglobin,15.7,g/dL,12,17.5,N,Routine,2025-07-06 00:19,2025-07-06 00:34,2025-07-06 04:02
LAB739154,ENC116545,PT12910,GLU,Glucose,96,mg/dL,70,99,N,Routine,2025-07-06 12:46,2025-07-06 13:00,2025-07-06 14:26
LAB739155,ENC116545,PT12910,CREAT,Creatinine,1.06,mg/dL,0.6,1.3,N,STAT,2025-07-06 12:21,2025-07-06 12:49,2025-07-06 13:26
LAB739156,ENC116545,PT12910,WBC,White Blood Cell Count,7.8,K/uL,4.5,11,N,STAT,2025-07-06 12:22,2025-07-06 12:41,2025-07-06 13:29
LAB739157,ENC116545,PT12910,HGB,Hemoglobin,16.7,g/dL,12,17.5,N,Routine,2025-07-06 12:24,2025-07-06 12:58,2025-07-06 15:01
LAB739158,ENC116546,PT11753,GLU,Glucose,105,mg/dL,70,99,H,STAT,2025-07-06 12:51,2025-07-06 13:01,2025-07-06 14:00
LAB739159,ENC116546,PT11753,CREAT,Creatinine,1.04,mg/dL,0.6,1.3,N,Routine,2025-07-06 12:01,2025-07-06 12:29,2025-07-06 14:18
LAB739160,ENC116546,PT11753,WBC,White Blood Cell Count,6.4,K/uL,4.5,11,N,Routine,2025-07-06 12:28,2025-07-06 12:41,2025-07-06 14:56
LAB739161,ENC116548,PT13561,GLU,Glucose,319,mg/dL,70,99,H,STAT,2025-07-06 17:34,2025-07-06 18:03,2025-07-06 18:50
LAB739162,ENC116548,PT13561,CREAT,Creatinine,1.08,mg/dL,0.6,1.3,N,STAT,2025-07-06 16:58,2025-07-06 17:20,2025-07-06 18:04
LAB739163,ENC116548,PT13561,WBC,White Blood Cell Count,9.1,K/uL,4.5,11,N,STAT,2025-07-06 16:55,2025-07-06 17:22,2025-07-06 18:41
LAB739164,ENC116548,PT13561,HGB,Hemoglobin,13.1,g/dL,12,17.5,N,Routine,2025-07-06 17:16,2025-07-06 17:27,2025-07-06 19:15
LAB739165,ENC116548,PT13561,NA,Sodium,141,mmol/L,136,145,N,STAT,2025-07-06 17:19,2025-07-06 17:53,2025-07-06 18:44
LAB739166,ENC116548,PT13561,K,Potassium,4.1,mmol/L,3.5,5.1,N,STAT,2025-07-06 17:22,2025-07-06 17:42,2025-07-06 18:29
LAB739167,ENC116548,PT13561,A1C,Hemoglobin A1c,11.6,%,4,5.6,H,STAT,2025-07-06 16:52,2025-07-06 17:11,2025-07-06 17:45
LAB739168,ENC116549,PT12636,GLU,Glucose,117,mg/dL,70,99,H,Routine,2025-07-06 13:02,2025-07-06 13:11,2025-07-06 17:10
LAB739169,ENC116549,PT12636,CREAT,Creatinine,1.07,mg/dL,0.6,1.3,N,STAT,2025-07-06 13:20,2025-07-06 13:27,2025-07-06 14:10
LAB739170,ENC116549,PT12636,WBC,White Blood Cell Count,8.3,K/uL,4.5,11,N,Routine,2025-07-06 12:56,2025-07-06 13:17,2025-07-06 16:37
LAB739171,ENC116549,PT12636,HGB,Hemoglobin,14,g/dL,12,17.5,N,STAT,2025-07-06 13:05,2025-07-06 13:13,2025-07-06 14:22
LAB739172,ENC116549,PT12636,INR,Prothrombin Time INR,1.1,ratio,0.8,1.2,N,STAT,2025-07-06 12:49,2025-07-06 12:53,2025-07-06 13:43
LAB739173,ENC116552,PT11213,GLU,Glucose,90,mg/dL,70,99,N,STAT,2025-07-06 15:58,2025-07-06 16:33,2025-07-06 17:06
LAB739174,ENC116552,PT11213,CREAT,Creatinine,0.51,mg/dL,0.6,1.3,L,Routine,2025-07-06 16:19,2025-07-06 16:44,2025-07-06 20:27
LAB739175,ENC116552,PT11213,WBC,White Blood Cell Count,10.7,K/uL,4.5,11,N,STAT,2025-07-06 16:13,2025-07-06 16:45,2025-07-06 17:52
LAB739176,ENC116553,PT13531,GLU,Glucose,183,mg/dL,70,99,H,STAT,2025-07-06 17:51,2025-07-06 17:55,2025-07-06 19:27
LAB739177,ENC116553,PT13531,CREAT,Creatinine,1.34,mg/dL,0.6,1.3,H,STAT,2025-07-06 18:26,2025-07-06 18:53,2025-07-06 19:56
LAB739178,ENC116553,PT13531,WBC,White Blood Cell Count,11.3,K/uL,4.5,11,H,STAT,2025-07-06 18:47,2025-07-06 18:55,2025-07-06 19:25
LAB739179,ENC116553,PT13531,HGB,Hemoglobin,13.6,g/dL,12,17.5,N,STAT,2025-07-06 18:26,2025-07-06 18:55,2025-07-06 19:49
LAB739180,ENC116554,PT13933,GLU,Glucose,95,mg/dL,70,99,N,STAT,2025-07-06 21:53,2025-07-06 22:25,2025-07-06 23:26
LAB739181,ENC116554,PT13933,CREAT,Creatinine,0.9,mg/dL,0.6,1.3,N,Routine,2025-07-06 21:53,2025-07-06 22:13,2025-07-07 00:05
LAB739182,ENC116554,PT13933,WBC,White Blood Cell Count,12,K/uL,4.5,11,H,Routine,2025-07-06 21:44,2025-07-06 21:56,2025-07-07 00:02
LAB739183,ENC116554,PT13933,HGB,Hemoglobin,15.1,g/dL,12,17.5,N,Routine,2025-07-06 21:37,2025-07-06 22:11,2025-07-07 00:44
LAB739184,ENC116554,PT13933,NA,Sodium,137,mmol/L,136,145,N,STAT,2025-07-06 21:47,2025-07-06 22:10,2025-07-06 23:27
LAB739185,ENC116554,PT13933,K,Potassium,3.8,mmol/L,3.5,5.1,N,STAT,2025-07-06 21:53,2025-07-06 22:03,2025-07-06 22:36
LAB739186,ENC116557,PT13678,GLU,Glucose,114,mg/dL,70,99,H,STAT,2025-07-07 01:02,2025-07-07 01:06,2025-07-07 01:51
LAB739187,ENC116557,PT13678,CREAT,Creatinine,3.23,mg/dL,0.6,1.3,H,STAT,2025-07-07 01:12,2025-07-07 01:34,2025-07-07 02:13
LAB739188,ENC116557,PT13678,WBC,White Blood Cell Count,8.1,K/uL,4.5,11,N,STAT,2025-07-07 00:59,2025-07-07 01:07,2025-07-07 01:43
LAB739189,ENC116557,PT13678,HGB,Hemoglobin,14.5,g/dL,12,17.5,N,STAT,2025-07-07 01:14,2025-07-07 01:34,2025-07-07 02:43
LAB739190,ENC116557,PT13678,NA,Sodium,140,mmol/L,136,145,N,STAT,2025-07-07 01:42,2025-07-07 02:07,2025-07-07 03:08
LAB739191,ENC116557,PT13678,K,Potassium,5.4,mmol/L,3.5,5.1,H,STAT,2025-07-07 01:56,2025-07-07 02:04,2025-07-07 02:50
LAB739192,ENC116558,PT13231,GLU,Glucose,205,mg/dL,70,99,H,Routine,2025-07-06 21:49,2025-07-06 22:24,2025-07-06 23:37
LAB739193,ENC116558,PT13231,CREAT,Creatinine,2.55,mg/dL,0.6,1.3,H,Routine,2025-07-06 21:03,2025-07-06 21:21,2025-07-06 22:58
LAB739194,ENC116558,PT13231,WBC,White Blood Cell Count,9.2,K/uL,4.5,11,N,Routine,2025-07-06 21:51,2025-07-06 21:57,2025-07-07 02:06
LAB739195,ENC116558,PT13231,HGB,Hemoglobin,12,g/dL,12,17.5,N,STAT,2025-07-06 21:10,2025-07-06 21:38,2025-07-06 22:33
LAB739196,ENC116558,PT13231,INR,Prothrombin Time INR,1,ratio,0.8,1.2,N,Routine,2025-07-06 21:17,2025-07-06 21:23,2025-07-07 00:52
LAB739197,ENC116559,PT11190,GLU,Glucose,73,mg/dL,70,99,N,STAT,2025-07-07 01:30,2025-07-07 01:41,2025-07-07 02:47
LAB739198,ENC116559,PT11190,CREAT,Creatinine,1.24,mg/dL,0.6,1.3,N,STAT,2025-07-07 02:10,2025-07-07 02:22,2025-07-07 03:15
LAB739199,ENC116559,PT11190,WBC,White Blood Cell Count,15.8,K/uL,4.5,11,H,Routine,2025-07-07 02:05,2025-07-07 02:24,2025-07-07 04:22
LAB739200,ENC116559,PT11190,HGB,Hemoglobin,15.5,g/dL,12,17.5,N,STAT,2025-07-07 02:17,2025-07-07 02:27,2025-07-07 02:58
LAB739201,ENC116560,PT11300,GLU,Glucose,105,mg/dL,70,99,H,Routine,2025-07-07 02:51,2025-07-07 02:55,2025-07-07 04:19
LAB739202,ENC116560,PT11300,CREAT,Creatinine,0.71,mg/dL,0.6,1.3,N,Routine,2025-07-07 03:18,2025-07-07 03:23,2025-07-07 05:28
LAB739203,ENC116561,PT10679,GLU,Glucose,179,mg/dL,70,99,H,STAT,2025-07-07 09:37,2025-07-07 10:05,2025-07-07 11:02
LAB739204,ENC116561,PT10679,CREAT,Creatinine,1.1,mg/dL,0.6,1.3,N,STAT,2025-07-07 08:59,2025-07-07 09:07,2025-07-07 10:16
LAB739205,ENC116561,PT10679,WBC,White Blood Cell Count,7.3,K/uL,4.5,11,N,STAT,2025-07-07 09:08,2025-07-07 09:41,2025-07-07 10:23
LAB739206,ENC116561,PT10679,HGB,Hemoglobin,12.6,g/dL,12,17.5,N,STAT,2025-07-07 09:21,2025-07-07 09:47,2025-07-07 10:05
LAB739207,ENC116562,PT11769,GLU,Glucose,94,mg/dL,70,99,N,Routine,2025-07-07 08:29,2025-07-07 08:52,2025-07-07 18:25
LAB739208,ENC116562,PT11769,CREAT,Creatinine,0.71,mg/dL,0.6,1.3,N,STAT,2025-07-07 08:12,2025-07-07 08:41,2025-07-07 09:56
LAB739209,ENC116562,PT11769,TROP,"Troponin I, High Sensitivity",40,ng/L,0,34,H,STAT,2025-07-07 08:24,2025-07-07 08:56,2025-07-07 09:46
LAB739210,ENC116562,PT11769,BNP,B-Type Natriuretic Peptide,3716,pg/mL,0,100,H,STAT,2025-07-07 08:18,2025-07-07 08:38,2025-07-07 09:35
LAB739211,ENC116563,PT10485,LDL,LDL Cholesterol,76,mg/dL,0,99,N,Routine,2025-07-07 08:39,2025-07-07 09:08,2025-07-07 19:29
LAB739212,ENC116564,PT11784,GLU,Glucose,110,mg/dL,70,99,H,STAT,2025-07-07 13:13,2025-07-07 13:35,2025-07-07 14:09
LAB739213,ENC116564,PT11784,CREAT,Creatinine,0.37,mg/dL,0.6,1.3,L,STAT,2025-07-07 13:18,2025-07-07 13:40,2025-07-07 14:17
LAB739214,ENC116564,PT11784,WBC,White Blood Cell Count,15.3,K/uL,4.5,11,H,STAT,2025-07-07 13:09,2025-07-07 13:31,2025-07-07 13:45
LAB739215,ENC116564,PT11784,HGB,Hemoglobin,12.2,g/dL,12,17.5,N,STAT,2025-07-07 13:20,2025-07-07 13:53,2025-07-07 14:32
LAB739216,ENC116565,PT10716,LDL,LDL Cholesterol,70,mg/dL,0,99,N,Routine,2025-07-07 09:12,2025-07-07 09:33,2025-07-07 21:31
LAB739217,ENC116565,PT10716,A1C,Hemoglobin A1c,4.8,%,4,5.6,N,Routine,2025-07-07 09:00,2025-07-07 09:09,2025-07-07 19:35
LAB739218,ENC116566,PT12575,GLU,Glucose,96,mg/dL,70,99,N,STAT,2025-07-07 12:07,2025-07-07 12:15,2025-07-07 13:00
LAB739219,ENC116566,PT12575,CREAT,Creatinine,0.76,mg/dL,0.6,1.3,N,STAT,2025-07-07 12:35,2025-07-07 12:40,2025-07-07 13:45
LAB739220,ENC116566,PT12575,WBC,White Blood Cell Count,6,K/uL,4.5,11,N,Routine,2025-07-07 12:24,2025-07-07 12:44,2025-07-07 15:23
LAB739221,ENC116566,PT12575,HGB,Hemoglobin,14.3,g/dL,12,17.5,N,Routine,2025-07-07 12:07,2025-07-07 12:37,2025-07-07 15:03
LAB739222,ENC116568,PT10516,WBC,White Blood Cell Count,7.8,K/uL,4.5,11,N,Routine,2025-07-07 10:24,2025-07-07 10:54,2025-07-07 12:51
LAB739223,ENC116568,PT10516,HGB,Hemoglobin,13.3,g/dL,12,17.5,N,Routine,2025-07-07 10:29,2025-07-07 10:42,2025-07-07 14:56
LAB739224,ENC116568,PT10516,PLT,Platelet Count,328,K/uL,150,400,N,Routine,2025-07-07 10:05,2025-07-07 10:36,2025-07-07 11:47
LAB739225,ENC116570,PT10693,GLU,Glucose,77,mg/dL,70,99,N,Routine,2025-07-07 13:32,2025-07-07 13:55,2025-07-07 17:15
LAB739226,ENC116570,PT10693,CREAT,Creatinine,2.92,mg/dL,0.6,1.3,H,Routine,2025-07-07 13:51,2025-07-07 13:59,2025-07-07 16:54
LAB739227,ENC116570,PT10693,WBC,White Blood Cell Count,8.3,K/uL,4.5,11,N,Routine,2025-07-07 14:04,2025-07-07 14:27,2025-07-07 16:32
LAB739228,ENC116570,PT10693,HGB,Hemoglobin,16,g/dL,12,17.5,N,STAT,2025-07-07 13:06,2025-07-07 13:18,2025-07-07 14:53
LAB739229,ENC116570,PT10693,NA,Sodium,141,mmol/L,136,145,N,Routine,2025-07-07 13:50,2025-07-07 14:09,2025-07-07 16:18
LAB739230,ENC116570,PT10693,K,Potassium,4.9,mmol/L,3.5,5.1,N,STAT,2025-07-07 13:54,2025-07-07 14:02,2025-07-07 14:51
LAB739231,ENC116573,PT12340,LDL,LDL Cholesterol,172,mg/dL,0,99,H,Routine,2025-07-07 12:42,2025-07-07 13:16,2025-07-08 21:58
LAB739232,ENC116573,PT12340,TSH,Thyroid Stimulating Hormone,2.09,mIU/L,0.4,4,N,Routine,2025-07-07 12:27,2025-07-07 12:54,2025-07-08 02:09
LAB739233,ENC116574,PT11686,GLU,Glucose,149,mg/dL,70,99,H,STAT,2025-07-07 16:23,2025-07-07 16:58,2025-07-07 17:37
LAB739234,ENC116574,PT11686,CREAT,Creatinine,1.32,mg/dL,0.6,1.3,H,STAT,2025-07-07 16:09,2025-07-07 16:29,2025-07-07 18:12
LAB739235,ENC116574,PT11686,WBC,White Blood Cell Count,9.7,K/uL,4.5,11,N,STAT,2025-07-07 16:57,2025-07-07 17:30,2025-07-07 18:42
LAB739236,ENC116574,PT11686,HGB,Hemoglobin,14.3,g/dL,12,17.5,N,Routine,2025-07-07 16:51,2025-07-07 17:22,2025-07-08 00:19
LAB739237,ENC116574,PT11686,LACT,Lactate,2.1,mmol/L,0.5,2,H,STAT,2025-07-07 16:41,2025-07-07 17:05,2025-07-07 17:51
LAB739238,ENC116575,PT12180,GLU,Glucose,85,mg/dL,70,99,N,STAT,2025-07-07 17:56,2025-07-07 18:03,2025-07-07 19:02
LAB739239,ENC116575,PT12180,CREAT,Creatinine,1.14,mg/dL,0.6,1.3,N,STAT,2025-07-07 17:38,2025-07-07 18:03,2025-07-07 18:34
LAB739240,ENC116575,PT12180,WBC,White Blood Cell Count,6.6,K/uL,4.5,11,N,STAT,2025-07-07 17:10,2025-07-07 17:33,2025-07-07 18:05
LAB739241,ENC116575,PT12180,HGB,Hemoglobin,16.5,g/dL,12,17.5,N,Routine,2025-07-07 17:27,2025-07-07 17:32,2025-07-07 18:48
LAB739242,ENC116575,PT12180,NA,Sodium,143,mmol/L,136,145,N,STAT,2025-07-07 17:14,2025-07-07 17:27,2025-07-07 18:50
LAB739243,ENC116575,PT12180,K,Potassium,3.8,mmol/L,3.5,5.1,N,STAT,2025-07-07 17:02,2025-07-07 17:06,2025-07-07 17:54
LAB739244,ENC116577,PT10027,WBC,White Blood Cell Count,6.6,K/uL,4.5,11,N,Routine,2025-07-07 13:09,2025-07-07 13:30,2025-07-07 16:26
LAB739245,ENC116577,PT10027,HGB,Hemoglobin,13,g/dL,12,17.5,N,Routine,2025-07-07 13:05,2025-07-07 13:10,2025-07-07 15:53
LAB739246,ENC116577,PT10027,PLT,Platelet Count,222,K/uL,150,400,N,Routine,2025-07-07 12:53,2025-07-07 12:58,2025-07-07 15:09
LAB739247,ENC116578,PT10902,WBC,White Blood Cell Count,8.3,K/uL,4.5,11,N,Routine,2025-07-07 13:07,2025-07-07 13:25,2025-07-07 16:45
LAB739248,ENC116578,PT10902,HGB,Hemoglobin,12.4,g/dL,12,17.5,N,Routine,2025-07-07 12:55,2025-07-07 13:21,2025-07-07 16:32
LAB739249,ENC116578,PT10902,PLT,Platelet Count,311,K/uL,150,400,N,Routine,2025-07-07 13:12,2025-07-07 13:32,2025-07-07 16:25
LAB739250,ENC116582,PT11397,A1C,Hemoglobin A1c,5.4,%,4,5.6,N,Routine,2025-07-07 14:30,2025-07-07 14:58,2025-07-09 00:35
LAB739251,ENC116582,PT11397,GLU,Glucose,145,mg/dL,70,99,H,Routine,2025-07-07 14:05,2025-07-07 14:20,2025-07-07 16:51
LAB739252,ENC116582,PT11397,CREAT,Creatinine,1.2,mg/dL,0.6,1.3,N,Routine,2025-07-07 14:15,2025-07-07 14:35,2025-07-07 17:25
LAB739253,ENC116583,PT12602,WBC,White Blood Cell Count,4.8,K/uL,4.5,11,N,Routine,2025-07-07 14:55,2025-07-07 15:01,2025-07-07 16:57
LAB739254,ENC116583,PT12602,HGB,Hemoglobin,14.7,g/dL,12,17.5,N,Routine,2025-07-07 15:00,2025-07-07 15:23,2025-07-07 18:33
LAB739255,ENC116583,PT12602,PLT,Platelet Count,214,K/uL,150,400,N,Routine,2025-07-07 14:50,2025-07-07 15:11,2025-07-07 18:50
LAB739256,ENC116584,PT12810,WBC,White Blood Cell Count,7.4,K/uL,4.5,11,N,Routine,2025-07-07 14:54,2025-07-07 15:20,2025-07-07 18:38
LAB739257,ENC116584,PT12810,HGB,Hemoglobin,12.2,g/dL,12,17.5,N,Routine,2025-07-07 14:53,2025-07-07 15:25,2025-07-07 19:27
LAB739258,ENC116584,PT12810,PLT,Platelet Count,293,K/uL,150,400,N,Routine,2025-07-07 14:41,2025-07-07 15:09,2025-07-07 18:55
LAB739259,ENC116587,PT10967,GLU,Glucose,94,mg/dL,70,99,N,STAT,2025-07-07 19:23,2025-07-07 19:57,2025-07-07 21:14
LAB739260,ENC116587,PT10967,CREAT,Creatinine,0.85,mg/dL,0.6,1.3,N,Routine,2025-07-07 19:49,2025-07-07 20:09,2025-07-07 22:08
LAB739261,ENC116587,PT10967,WBC,White Blood Cell Count,7.3,K/uL,4.5,11,N,Routine,2025-07-07 19:51,2025-07-07 20:24,2025-07-08 00:55
LAB739262,ENC116587,PT10967,HGB,Hemoglobin,12.3,g/dL,12,17.5,N,Routine,2025-07-07 19:55,2025-07-07 20:05,2025-07-07 21:46
LAB739263,ENC116587,PT10967,INR,Prothrombin Time INR,1.1,ratio,0.8,1.2,N,STAT,2025-07-07 20:07,2025-07-07 20:31,2025-07-07 21:33
LAB739264,ENC116591,PT10659,GLU,Glucose,81,mg/dL,70,99,N,Routine,2025-07-07 22:38,2025-07-07 22:51,2025-07-08 02:52
LAB739265,ENC116591,PT10659,CREAT,Creatinine,0.85,mg/dL,0.6,1.3,N,STAT,2025-07-07 23:27,2025-07-07 23:59,2025-07-08 00:40
LAB739266,ENC116591,PT10659,WBC,White Blood Cell Count,7.2,K/uL,4.5,11,N,Routine,2025-07-07 23:05,2025-07-07 23:33,2025-07-08 02:22
LAB739267,ENC116591,PT10659,HGB,Hemoglobin,9.6,g/dL,12,17.5,L,Routine,2025-07-07 22:45,2025-07-07 23:12,2025-07-08 03:07
LAB739268,ENC116591,PT10659,INR,Prothrombin Time INR,1,ratio,0.8,1.2,N,STAT,2025-07-07 22:30,2025-07-07 22:37,2025-07-07 23:37
LAB739269,ENC116592,PT11311,GLU,Glucose,168,mg/dL,70,99,H,STAT,2025-07-08 01:05,2025-07-08 01:17,2025-07-08 01:44
LAB739270,ENC116592,PT11311,CREAT,Creatinine,1.07,mg/dL,0.6,1.3,N,STAT,2025-07-08 01:30,2025-07-08 02:00,2025-07-08 02:18
LAB739271,ENC116592,PT11311,WBC,White Blood Cell Count,14.6,K/uL,4.5,11,H,STAT,2025-07-08 01:43,2025-07-08 01:56,2025-07-08 03:22
LAB739272,ENC116592,PT11311,HGB,Hemoglobin,14.8,g/dL,12,17.5,N,Routine,2025-07-08 01:27,2025-07-08 01:49,2025-07-08 04:32
LAB739273,ENC116593,PT12372,GLU,Glucose,75,mg/dL,70,99,N,STAT,2025-07-07 21:38,2025-07-07 21:51,2025-07-07 22:41
LAB739274,ENC116593,PT12372,CREAT,Creatinine,1.06,mg/dL,0.6,1.3,N,Routine,2025-07-07 21:40,2025-07-07 22:06,2025-07-08 00:37
LAB739275,ENC116594,PT12075,GLU,Glucose,94,mg/dL,70,99,N,Routine,2025-07-07 22:05,2025-07-07 22:39,2025-07-08 01:10
LAB739276,ENC116594,PT12075,CREAT,Creatinine,0.83,mg/dL,0.6,1.3,N,Routine,2025-07-07 22:27,2025-07-07 22:41,2025-07-08 00:25
LAB739277,ENC116594,PT12075,WBC,White Blood Cell Count,9.4,K/uL,4.5,11,N,STAT,2025-07-07 22:19,2025-07-07 22:46,2025-07-07 23:26
LAB739278,ENC116595,PT13317,GLU,Glucose,83,mg/dL,70,99,N,Routine,2025-07-07 23:30,2025-07-07 23:41,2025-07-08 02:19
LAB739279,ENC116595,PT13317,CREAT,Creatinine,0.94,mg/dL,0.6,1.3,N,Routine,2025-07-07 22:59,2025-07-07 23:07,2025-07-08 00:46
LAB739280,ENC116595,PT13317,WBC,White Blood Cell Count,7.7,K/uL,4.5,11,N,STAT,2025-07-07 23:10,2025-07-07 23:27,2025-07-08 00:01
LAB739281,ENC116595,PT13317,HGB,Hemoglobin,15.5,g/dL,12,17.5,N,STAT,2025-07-07 23:02,2025-07-07 23:21,2025-07-08 00:20
LAB739282,ENC116598,PT12232,GLU,Glucose,133,mg/dL,70,99,H,STAT,2025-07-08 00:21,2025-07-08 00:33,2025-07-08 01:24
LAB739283,ENC116598,PT12232,CREAT,Creatinine,1.03,mg/dL,0.6,1.3,N,STAT,2025-07-08 00:40,2025-07-08 01:14,2025-07-08 02:03
LAB739284,ENC116598,PT12232,WBC,White Blood Cell Count,7.5,K/uL,4.5,11,N,STAT,2025-07-08 00:51,2025-07-08 01:09,2025-07-08 02:06
LAB739285,ENC116598,PT12232,HGB,Hemoglobin,14.3,g/dL,12,17.5,N,Routine,2025-07-08 00:32,2025-07-08 00:59,2025-07-08 04:18
LAB739286,ENC116600,PT12689,GLU,Glucose,83,mg/dL,70,99,N,Routine,2025-07-08 09:07,2025-07-08 09:30,2025-07-08 14:46
LAB739287,ENC116600,PT12689,CREAT,Creatinine,1.09,mg/dL,0.6,1.3,N,Routine,2025-07-08 09:31,2025-07-08 09:37,2025-07-08 13:14
LAB739288,ENC116600,PT12689,WBC,White Blood Cell Count,7.5,K/uL,4.5,11,N,STAT,2025-07-08 09:32,2025-07-08 09:38,2025-07-08 10:31
LAB739289,ENC116600,PT12689,TROP,"Troponin I, High Sensitivity",4,ng/L,0,34,N,STAT,2025-07-08 09:53,2025-07-08 10:00,2025-07-08 10:40
LAB739290,ENC116601,PT10036,GLU,Glucose,92,mg/dL,70,99,N,Routine,2025-07-08 09:01,2025-07-08 09:24,2025-07-08 10:59
LAB739291,ENC116601,PT10036,CREAT,Creatinine,1.17,mg/dL,0.6,1.3,N,STAT,2025-07-08 09:50,2025-07-08 10:16,2025-07-08 10:51
LAB739292,ENC116601,PT10036,WBC,White Blood Cell Count,7.3,K/uL,4.5,11,N,Routine,2025-07-08 09:33,2025-07-08 09:44,2025-07-08 14:24
LAB739293,ENC116603,PT13980,LDL,LDL Cholesterol,93,mg/dL,0,99,N,Routine,2025-07-08 09:12,2025-07-08 09:24,2025-07-09 13:29
LAB739294,ENC116603,PT13980,TSH,Thyroid Stimulating Hormone,0.89,mIU/L,0.4,4,N,Routine,2025-07-08 09:22,2025-07-08 09:46,2025-07-09 01:16
LAB739295,ENC116604,PT10837,GLU,Glucose,82,mg/dL,70,99,N,Routine,2025-07-08 12:25,2025-07-08 12:36,2025-07-08 13:40
LAB739296,ENC116604,PT10837,CREAT,Creatinine,1.27,mg/dL,0.6,1.3,N,Routine,2025-07-08 12:37,2025-07-08 12:43,2025-07-08 16:59
LAB739297,ENC116604,PT10837,WBC,White Blood Cell Count,6.4,K/uL,4.5,11,N,Routine,2025-07-08 12:28,2025-07-08 12:57,2025-07-08 16:46
LAB739298,ENC116604,PT10837,HGB,Hemoglobin,12.5,g/dL,12,17.5,N,STAT,2025-07-08 12:22,2025-07-08 12:31,2025-07-08 12:53
LAB739299,ENC116604,PT10837,NA,Sodium,141,mmol/L,136,145,N,Routine,2025-07-08 11:51,2025-07-08 12:26,2025-07-08 14:32
LAB739300,ENC116604,PT10837,K,Potassium,4,mmol/L,3.5,5.1,N,STAT,2025-07-08 11:31,2025-07-08 11:40,2025-07-08 12:14
LAB739301,ENC116605,PT11604,A1C,Hemoglobin A1c,7.6,%,4,5.6,H,Routine,2025-07-08 11:16,2025-07-08 11:21,2025-07-10 12:08
LAB739302,ENC116605,PT11604,GLU,Glucose,234,mg/dL,70,99,H,Routine,2025-07-08 11:08,2025-07-08 11:22,2025-07-08 13:30
LAB739303,ENC116605,PT11604,CREAT,Creatinine,0.97,mg/dL,0.6,1.3,N,Routine,2025-07-08 11:23,2025-07-08 11:45,2025-07-08 15:06
LAB739304,ENC116607,PT10772,A1C,Hemoglobin A1c,5.8,%,4,5.6,H,Routine,2025-07-08 11:44,2025-07-08 12:15,2025-07-08 20:28
LAB739305,ENC116607,PT10772,GLU,Glucose,98,mg/dL,70,99,N,Routine,2025-07-08 11:22,2025-07-08 11:46,2025-07-08 14:54
LAB739306,ENC116607,PT10772,CREAT,Creatinine,1.99,mg/dL,0.6,1.3,H,Routine,2025-07-08 11:42,2025-07-08 12:00,2025-07-08 15:08
LAB739307,ENC116609,PT11343,GLU,Glucose,39,mg/dL,70,99,LL,STAT,2025-07-08 14:58,2025-07-08 15:19,2025-07-08 16:25
LAB739308,ENC116609,PT11343,CREAT,Creatinine,1.14,mg/dL,0.6,1.3,N,STAT,2025-07-08 14:06,2025-07-08 14:17,2025-07-08 15:37
LAB739309,ENC116609,PT11343,WBC,White Blood Cell Count,5.9,K/uL,4.5,11,N,STAT,2025-07-08 14:03,2025-07-08 14:36,2025-07-08 16:03
LAB739310,ENC116609,PT11343,HGB,Hemoglobin,11.6,g/dL,12,17.5,L,STAT,2025-07-08 14:23,2025-07-08 14:57,2025-07-08 15:25
LAB739311,ENC116614,PT10233,GLU,Glucose,84,mg/dL,70,99,N,STAT,2025-07-08 13:04,2025-07-08 13:25,2025-07-08 14:27
LAB739312,ENC116614,PT10233,CREAT,Creatinine,1.16,mg/dL,0.6,1.3,N,STAT,2025-07-08 13:12,2025-07-08 13:17,2025-07-08 13:52
LAB739313,ENC116614,PT10233,WBC,White Blood Cell Count,14,K/uL,4.5,11,H,Routine,2025-07-08 13:52,2025-07-08 14:12,2025-07-08 16:12
LAB739314,ENC116615,PT13996,GLU,Glucose,151,mg/dL,70,99,H,Routine,2025-07-08 17:44,2025-07-08 17:58,2025-07-08 19:53
LAB739315,ENC116615,PT13996,CREAT,Creatinine,0.41,mg/dL,0.6,1.3,L,STAT,2025-07-08 17:09,2025-07-08 17:35,2025-07-08 18:24
LAB739316,ENC116615,PT13996,WBC,White Blood Cell Count,7.2,K/uL,4.5,11,N,STAT,2025-07-08 17:38,2025-07-08 18:01,2025-07-08 19:33
LAB739317,ENC116615,PT13996,HGB,Hemoglobin,12.9,g/dL,12,17.5,N,STAT,2025-07-08 17:01,2025-07-08 17:34,2025-07-08 18:15
LAB739318,ENC116615,PT13996,INR,Prothrombin Time INR,1.2,ratio,0.8,1.2,N,Routine,2025-07-08 17:42,2025-07-08 18:17,2025-07-08 20:33
LAB739319,ENC116620,PT11975,LDL,LDL Cholesterol,113,mg/dL,0,99,H,Routine,2025-07-08 14:49,2025-07-08 15:11,2025-07-09 00:12
LAB739320,ENC116621,PT13386,A1C,Hemoglobin A1c,5.3,%,4,5.6,N,Routine,2025-07-08 14:56,2025-07-08 15:30,2025-07-09 23:06
LAB739321,ENC116621,PT13386,GLU,Glucose,150,mg/dL,70,99,H,Routine,2025-07-08 14:51,2025-07-08 15:03,2025-07-08 17:13
LAB739322,ENC116621,PT13386,CREAT,Creatinine,0.76,mg/dL,0.6,1.3,N,Routine,2025-07-08 14:51,2025-07-08 15:06,2025-07-08 17:23
LAB739323,ENC116626,PT10333,GLU,Glucose,99,mg/dL,70,99,N,STAT,2025-07-08 22:30,2025-07-08 22:48,2025-07-08 23:35
LAB739324,ENC116626,PT10333,CREAT,Creatinine,1.27,mg/dL,0.6,1.3,N,STAT,2025-07-08 22:47,2025-07-08 23:02,2025-07-08 23:38
LAB739325,ENC116626,PT10333,WBC,White Blood Cell Count,6.4,K/uL,4.5,11,N,STAT,2025-07-08 22:46,2025-07-08 23:01,2025-07-08 23:21
LAB739326,ENC116626,PT10333,HGB,Hemoglobin,13.9,g/dL,12,17.5,N,STAT,2025-07-08 23:06,2025-07-08 23:27,2025-07-09 00:37
LAB739327,ENC116626,PT10333,NA,Sodium,131,mmol/L,136,145,L,Routine,2025-07-08 22:27,2025-07-08 22:36,2025-07-09 01:38
LAB739328,ENC116626,PT10333,K,Potassium,4.6,mmol/L,3.5,5.1,N,STAT,2025-07-08 23:17,2025-07-08 23:43,2025-07-09 00:36
LAB739329,ENC116626,PT10333,BUN,Blood Urea Nitrogen,19,mg/dL,7,20,N,Routine,2025-07-08 22:43,2025-07-08 23:09,2025-07-09 02:56
LAB739330,ENC116626,PT10333,PLT,Platelet Count,345,K/uL,150,400,N,STAT,2025-07-08 23:03,2025-07-08 23:24,2025-07-09 00:28
LAB739331,ENC116628,PT11014,GLU,Glucose,149,mg/dL,70,99,H,STAT,2025-07-09 02:09,2025-07-09 02:14,2025-07-09 03:26
LAB739332,ENC116628,PT11014,CREAT,Creatinine,1.82,mg/dL,0.6,1.3,H,STAT,2025-07-09 02:05,2025-07-09 02:37,2025-07-09 03:40
LAB739333,ENC116628,PT11014,WBC,White Blood Cell Count,12.8,K/uL,4.5,11,H,Routine,2025-07-09 02:37,2025-07-09 02:52,2025-07-09 05:48
LAB739334,ENC116628,PT11014,HGB,Hemoglobin,12.6,g/dL,12,17.5,N,STAT,2025-07-09 02:06,2025-07-09 02:29,2025-07-09 03:36
LAB739335,ENC116628,PT11014,LACT,Lactate,4.4,mmol/L,0.5,2,HH,STAT,2025-07-09 02:18,2025-07-09 02:52,2025-07-09 04:04
LAB739336,ENC116630,PT10081,GLU,Glucose,110,mg/dL,70,99,H,Routine,2025-07-09 05:45,2025-07-09 06:09,2025-07-09 09:33
LAB739337,ENC116630,PT10081,CREAT,Creatinine,0.96,mg/dL,0.6,1.3,N,STAT,2025-07-09 06:25,2025-07-09 06:54,2025-07-09 08:16
LAB739338,ENC116630,PT10081,WBC,White Blood Cell Count,8.4,K/uL,4.5,11,N,Routine,2025-07-09 06:14,2025-07-09 06:32,2025-07-09 08:45
LAB739339,ENC116630,PT10081,HGB,Hemoglobin,13.6,g/dL,12,17.5,N,STAT,2025-07-09 06:25,2025-07-09 06:47,2025-07-09 08:09
LAB739340,ENC116630,PT10081,BUN,Blood Urea Nitrogen,15,mg/dL,7,20,N,Routine,2025-07-09 06:32,2025-07-09 06:40,2025-07-09 11:55
LAB739341,ENC116630,PT10081,PLT,Platelet Count,229,K/uL,150,400,N,Routine,2025-07-09 06:38,2025-07-09 06:43,2025-07-09 08:11
LAB739342,ENC116631,PT13574,GLU,Glucose,136,mg/dL,70,99,H,Routine,2025-07-09 08:58,2025-07-09 09:09,2025-07-09 11:11
LAB739343,ENC116631,PT13574,CREAT,Creatinine,0.99,mg/dL,0.6,1.3,N,Routine,2025-07-09 09:16,2025-07-09 09:25,2025-07-09 13:53
LAB739344,ENC116631,PT13574,WBC,White Blood Cell Count,7.4,K/uL,4.5,11,N,STAT,2025-07-09 09:23,2025-07-09 09:55,2025-07-09 10:26
LAB739345,ENC116633,PT13758,LDL,LDL Cholesterol,150,mg/dL,0,99,H,Routine,2025-07-09 09:48,2025-07-09 09:52,2025-07-10 02:21
LAB739346,ENC116634,PT12701,LDL,LDL Cholesterol,94,mg/dL,0,99,N,Routine,2025-07-09 10:14,2025-07-09 10:24,2025-07-10 03:07
LAB739347,ENC116634,PT12701,A1C,Hemoglobin A1c,5.6,%,4,5.6,N,Routine,2025-07-09 10:00,2025-07-09 10:32,2025-07-10 03:25
LAB739348,ENC116635,PT10901,GLU,Glucose,196,mg/dL,70,99,H,STAT,2025-07-09 13:24,2025-07-09 13:49,2025-07-09 14:29
LAB739349,ENC116635,PT10901,CREAT,Creatinine,1.79,mg/dL,0.6,1.3,H,Routine,2025-07-09 14:21,2025-07-09 14:26,2025-07-09 18:05
LAB739350,ENC116635,PT10901,WBC,White Blood Cell Count,7.3,K/uL,4.5,11,N,STAT,2025-07-09 13:20,2025-07-09 13:55,2025-07-09 14:45
LAB739351,ENC116635,PT10901,HGB,Hemoglobin,12,g/dL,12,17.5,N,Routine,2025-07-09 14:16,2025-07-09 14:47,2025-07-09 18:26
LAB739352,ENC116635,PT10901,NA,Sodium,140,mmol/L,136,145,N,STAT,2025-07-09 13:37,2025-07-09 14:11,2025-07-09 15:05
LAB739353,ENC116635,PT10901,K,Potassium,4.1,mmol/L,3.5,5.1,N,STAT,2025-07-09 14:19,2025-07-09 14:35,2025-07-09 15:32
LAB739354,ENC116635,PT10901,A1C,Hemoglobin A1c,11.8,%,4,5.6,H,Routine,2025-07-09 14:02,2025-07-09 14:34,2025-07-10 06:27
LAB739355,ENC116636,PT13672,GLU,Glucose,113,mg/dL,70,99,H,STAT,2025-07-09 11:05,2025-07-09 11:35,2025-07-09 12:20
LAB739356,ENC116636,PT13672,CREAT,Creatinine,0.7,mg/dL,0.6,1.3,N,Routine,2025-07-09 10:42,2025-07-09 11:01,2025-07-09 13:35
LAB739357,ENC116636,PT13672,WBC,White Blood Cell Count,17.6,K/uL,4.5,11,H,STAT,2025-07-09 10:18,2025-07-09 10:51,2025-07-09 11:27
LAB739358,ENC116636,PT13672,HGB,Hemoglobin,11,g/dL,12,17.5,L,Routine,2025-07-09 10:54,2025-07-09 11:17,2025-07-09 12:56
LAB739359,ENC116639,PT10669,GLU,Glucose,208,mg/dL,70,99,H,STAT,2025-07-09 10:50,2025-07-09 11:13,2025-07-09 12:05
LAB739360,ENC116639,PT10669,CREAT,Creatinine,0.64,mg/dL,0.6,1.3,N,STAT,2025-07-09 11:01,2025-07-09 11:05,2025-07-09 11:58
LAB739361,ENC116640,PT12481,GLU,Glucose,184,mg/dL,70,99,H,STAT,2025-07-09 15:35,2025-07-09 15:58,2025-07-09 16:26
LAB739362,ENC116640,PT12481,CREAT,Creatinine,0.92,mg/dL,0.6,1.3,N,STAT,2025-07-09 14:36,2025-07-09 14:46,2025-07-09 15:17
LAB739363,ENC116640,PT12481,WBC,White Blood Cell Count,3.1,K/uL,4.5,11,L,STAT,2025-07-09 15:31,2025-07-09 15:55,2025-07-09 16:37
LAB739364,ENC116640,PT12481,HGB,Hemoglobin,15.3,g/dL,12,17.5,N,STAT,2025-07-09 15:42,2025-07-09 15:49,2025-07-09 17:30
LAB739365,ENC116640,PT12481,NA,Sodium,138,mmol/L,136,145,N,STAT,2025-07-09 15:10,2025-07-09 15:44,2025-07-09 16:38
LAB739366,ENC116640,PT12481,K,Potassium,4.7,mmol/L,3.5,5.1,N,STAT,2025-07-09 15:25,2025-07-09 15:39,2025-07-09 17:09
LAB739367,ENC116640,PT12481,LACT,Lactate,3.4,mmol/L,0.5,2,H,STAT,2025-07-09 15:27,2025-07-09 15:47,2025-07-09 16:16
LAB739368,ENC116642,PT10064,GLU,Glucose,113,mg/dL,70,99,H,STAT,2025-07-09 15:20,2025-07-09 15:35,2025-07-09 16:28
LAB739369,ENC116642,PT10064,CREAT,Creatinine,1.09,mg/dL,0.6,1.3,N,Routine,2025-07-09 15:14,2025-07-09 15:31,2025-07-09 19:45
LAB739370,ENC116642,PT10064,WBC,White Blood Cell Count,8.4,K/uL,4.5,11,N,STAT,2025-07-09 15:09,2025-07-09 15:20,2025-07-09 15:59
LAB739371,ENC116642,PT10064,HGB,Hemoglobin,13.8,g/dL,12,17.5,N,Routine,2025-07-09 14:25,2025-07-09 14:55,2025-07-09 16:12
LAB739372,ENC116642,PT10064,TROP,"Troponin I, High Sensitivity",440,ng/L,0,34,H,STAT,2025-07-09 15:20,2025-07-09 15:48,2025-07-09 16:49
LAB739373,ENC116643,PT12264,A1C,Hemoglobin A1c,6.9,%,4,5.6,H,Routine,2025-07-09 11:52,2025-07-09 12:24,2025-07-09 22:43
LAB739374,ENC116644,PT10915,WBC,White Blood Cell Count,7.4,K/uL,4.5,11,N,Routine,2025-07-09 11:57,2025-07-09 12:28,2025-07-09 13:55
LAB739375,ENC116644,PT10915,HGB,Hemoglobin,13.5,g/dL,12,17.5,N,Routine,2025-07-09 11:59,2025-07-09 12:13,2025-07-09 14:52
LAB739376,ENC116644,PT10915,PLT,Platelet Count,308,K/uL,150,400,N,Routine,2025-07-09 12:13,2025-07-09 12:23,2025-07-09 14:01
LAB739377,ENC116645,PT10861,GLU,Glucose,154,mg/dL,70,99,H,STAT,2025-07-09 15:10,2025-07-09 15:42,2025-07-09 16:24
LAB739378,ENC116645,PT10861,CREAT,Creatinine,1.21,mg/dL,0.6,1.3,N,STAT,2025-07-09 14:21,2025-07-09 14:39,2025-07-09 15:35
LAB739379,ENC116645,PT10861,WBC,White Blood Cell Count,9.8,K/uL,4.5,11,N,STAT,2025-07-09 14:05,2025-07-09 14:33,2025-07-09 15:28
LAB739380,ENC116645,PT10861,HGB,Hemoglobin,13.5,g/dL,12,17.5,N,Routine,2025-07-09 14:57,2025-07-09 15:08,2025-07-09 16:21
LAB739381,ENC116646,PT10740,GLU,Glucose,98,mg/dL,70,99,N,Routine,2025-07-09 17:36,2025-07-09 17:42,2025-07-09 20:07
LAB739382,ENC116646,PT10740,CREAT,Creatinine,1.06,mg/dL,0.6,1.3,N,STAT,2025-07-09 16:55,2025-07-09 17:06,2025-07-09 17:50
LAB739383,ENC116646,PT10740,WBC,White Blood Cell Count,5,K/uL,4.5,11,N,STAT,2025-07-09 17:08,2025-07-09 17:33,2025-07-09 17:57
LAB739384,ENC116646,PT10740,HGB,Hemoglobin,9.4,g/dL,12,17.5,L,STAT,2025-07-09 17:01,2025-07-09 17:27,2025-07-09 18:03
LAB739385,ENC116646,PT10740,TROP,"Troponin I, High Sensitivity",8,ng/L,0,34,N,STAT,2025-07-09 17:26,2025-07-09 17:35,2025-07-09 18:16
LAB739386,ENC116646,PT10740,BNP,B-Type Natriuretic Peptide,838,pg/mL,0,100,H,STAT,2025-07-09 17:12,2025-07-09 17:30,2025-07-09 18:03
LAB739387,ENC116647,PT13932,GLU,Glucose,94,mg/dL,70,99,N,STAT,2025-07-09 12:59,2025-07-09 13:29,2025-07-09 14:29
LAB739388,ENC116647,PT13932,CREAT,Creatinine,1.06,mg/dL,0.6,1.3,N,STAT,2025-07-09 13:53,2025-07-09 14:18,2025-07-09 14:45
LAB739389,ENC116647,PT13932,WBC,White Blood Cell Count,8.5,K/uL,4.5,11,N,STAT,2025-07-09 13:02,2025-07-09 13:18,2025-07-09 13:34
LAB739390,ENC116650,PT13452,GLU,Glucose,89,mg/dL,70,99,N,Routine,2025-07-09 17:56,2025-07-09 18:31,2025-07-09 23:08
LAB739391,ENC116650,PT13452,CREAT,Creatinine,0.67,mg/dL,0.6,1.3,N,Routine,2025-07-09 18:04,2025-07-09 18:35,2025-07-09 21:39
LAB739392,ENC116650,PT13452,WBC,White Blood Cell Count,15.1,K/uL,4.5,11,H,STAT,2025-07-09 18:06,2025-07-09 18:17,2025-07-09 19:07
LAB739393,ENC116650,PT13452,HGB,Hemoglobin,13.7,g/dL,12,17.5,N,Routine,2025-07-09 18:38,2025-07-09 18:43,2025-07-09 20:58
LAB739394,ENC116653,PT10872,GLU,Glucose,118,mg/dL,70,99,H,Routine,2025-07-09 18:10,2025-07-09 18:25,2025-07-10 02:31
LAB739395,ENC116653,PT10872,CREAT,Creatinine,1.18,mg/dL,0.6,1.3,N,STAT,2025-07-09 17:55,2025-07-09 18:03,2025-07-09 18:52
LAB739396,ENC116653,PT10872,WBC,White Blood Cell Count,8.3,K/uL,4.5,11,N,Routine,2025-07-09 18:12,2025-07-09 18:22,2025-07-09 19:40
LAB739397,ENC116653,PT10872,HGB,Hemoglobin,10.5,g/dL,12,17.5,L,STAT,2025-07-09 19:02,2025-07-09 19:29,2025-07-09 20:13
LAB739398,ENC116653,PT10872,TROP,"Troponin I, High Sensitivity",2227,ng/L,0,34,H,STAT,2025-07-09 18:02,2025-07-09 18:26,2025-07-09 19:07
LAB739399,ENC116655,PT10840,GLU,Glucose,94,mg/dL,70,99,N,Routine,2025-07-09 17:36,2025-07-09 17:55,2025-07-09 20:04
LAB739400,ENC116655,PT10840,CREAT,Creatinine,0.9,mg/dL,0.6,1.3,N,Routine,2025-07-09 17:21,2025-07-09 17:33,2025-07-09 20:27
LAB739401,ENC116655,PT10840,WBC,White Blood Cell Count,9.5,K/uL,4.5,11,N,STAT,2025-07-09 17:25,2025-07-09 17:51,2025-07-09 18:41
LAB739402,ENC116655,PT10840,HGB,Hemoglobin,14.6,g/dL,12,17.5,N,Routine,2025-07-09 17:31,2025-07-09 17:57,2025-07-09 20:22
LAB739403,ENC116656,PT13361,GLU,Glucose,76,mg/dL,70,99,N,Routine,2025-07-09 21:30,2025-07-09 21:50,2025-07-10 09:19
LAB739404,ENC116656,PT13361,CREAT,Creatinine,1.01,mg/dL,0.6,1.3,N,Routine,2025-07-09 21:42,2025-07-09 22:05,2025-07-10 01:22
LAB739405,ENC116656,PT13361,WBC,White Blood Cell Count,7.8,K/uL,4.5,11,N,STAT,2025-07-09 22:39,2025-07-09 22:58,2025-07-09 23:18
LAB739406,ENC116656,PT13361,HGB,Hemoglobin,13.8,g/dL,12,17.5,N,STAT,2025-07-09 22:07,2025-07-09 22:28,2025-07-09 23:14
LAB739407,ENC116657,PT11293,GLU,Glucose,112,mg/dL,70,99,H,STAT,2025-07-09 18:24,2025-07-09 18:41,2025-07-09 19:31
LAB739408,ENC116657,PT11293,CREAT,Creatinine,1,mg/dL,0.6,1.3,N,STAT,2025-07-09 17:38,2025-07-09 17:46,2025-07-09 18:49
LAB739409,ENC116657,PT11293,WBC,White Blood Cell Count,17.7,K/uL,4.5,11,H,STAT,2025-07-09 17:53,2025-07-09 18:23,2025-07-09 19:03
LAB739410,ENC116657,PT11293,HGB,Hemoglobin,12,g/dL,12,17.5,N,STAT,2025-07-09 17:56,2025-07-09 18:14,2025-07-09 19:20
LAB739411,ENC116658,PT13033,GLU,Glucose,63,mg/dL,70,99,L,STAT,2025-07-09 18:30,2025-07-09 19:05,2025-07-09 20:02
LAB739412,ENC116658,PT13033,CREAT,Creatinine,0.91,mg/dL,0.6,1.3,N,Routine,2025-07-09 18:25,2025-07-09 18:36,2025-07-09 22:17
LAB739413,ENC116659,PT10703,GLU,Glucose,90,mg/dL,70,99,N,Routine,2025-07-09 18:20,2025-07-09 18:25,2025-07-09 21:10
LAB739414,ENC116659,PT10703,CREAT,Creatinine,1.12,mg/dL,0.6,1.3,N,STAT,2025-07-09 19:10,2025-07-09 19:39,2025-07-09 19:53
LAB739415,ENC116659,PT10703,WBC,White Blood Cell Count,9.4,K/uL,4.5,11,N,STAT,2025-07-09 18:41,2025-07-09 18:49,2025-07-09 19:21
LAB739416,ENC116659,PT10703,HGB,Hemoglobin,16.3,g/dL,12,17.5,N,STAT,2025-07-09 19:00,2025-07-09 19:31,2025-07-09 20:06
LAB739417,ENC116659,PT10703,BUN,Blood Urea Nitrogen,18,mg/dL,7,20,N,STAT,2025-07-09 18:01,2025-07-09 18:12,2025-07-09 18:43
LAB739418,ENC116659,PT10703,PLT,Platelet Count,262,K/uL,150,400,N,Routine,2025-07-09 18:57,2025-07-09 19:28,2025-07-09 21:37
LAB739419,ENC116663,PT10135,GLU,Glucose,61,mg/dL,70,99,L,Routine,2025-07-10 00:00,2025-07-10 00:07,2025-07-10 02:56
LAB739420,ENC116663,PT10135,CREAT,Creatinine,0.79,mg/dL,0.6,1.3,N,STAT,2025-07-10 00:02,2025-07-10 00:30,2025-07-10 01:02
LAB739421,ENC116663,PT10135,WBC,White Blood Cell Count,8.4,K/uL,4.5,11,N,STAT,2025-07-10 01:07,2025-07-10 01:26,2025-07-10 02:18
LAB739422,ENC116663,PT10135,HGB,Hemoglobin,14.3,g/dL,12,17.5,N,Routine,2025-07-10 01:07,2025-07-10 01:34,2025-07-10 05:14
LAB739423,ENC116664,PT10419,GLU,Glucose,139,mg/dL,70,99,H,STAT,2025-07-10 00:51,2025-07-10 01:09,2025-07-10 01:28
LAB739424,ENC116664,PT10419,CREAT,Creatinine,1.14,mg/dL,0.6,1.3,N,STAT,2025-07-10 00:34,2025-07-10 01:01,2025-07-10 01:22
LAB739425,ENC116664,PT10419,WBC,White Blood Cell Count,6.7,K/uL,4.5,11,N,STAT,2025-07-10 00:04,2025-07-10 00:13,2025-07-10 00:55
LAB739426,ENC116664,PT10419,HGB,Hemoglobin,13,g/dL,12,17.5,N,Routine,2025-07-10 00:08,2025-07-10 00:18,2025-07-10 02:41
LAB739427,ENC116664,PT10419,TROP,"Troponin I, High Sensitivity",4,ng/L,0,34,N,STAT,2025-07-10 01:02,2025-07-10 01:36,2025-07-10 02:31
LAB739428,ENC116664,PT10419,BNP,B-Type Natriuretic Peptide,805,pg/mL,0,100,H,Routine,2025-07-10 00:39,2025-07-10 01:08,2025-07-10 06:38
LAB739429,ENC116666,PT12955,GLU,Glucose,128,mg/dL,70,99,H,STAT,2025-07-10 01:59,2025-07-10 02:05,2025-07-10 03:15
LAB739430,ENC116666,PT12955,CREAT,Creatinine,0.81,mg/dL,0.6,1.3,N,STAT,2025-07-10 02:00,2025-07-10 02:20,2025-07-10 03:02
LAB739431,ENC116666,PT12955,WBC,White Blood Cell Count,10,K/uL,4.5,11,N,Routine,2025-07-10 02:10,2025-07-10 02:25,2025-07-10 08:55
LAB739432,ENC116666,PT12955,HGB,Hemoglobin,14.7,g/dL,12,17.5,N,Routine,2025-07-10 02:05,2025-07-10 02:35,2025-07-10 06:40
LAB739433,ENC116666,PT12955,NA,Sodium,139,mmol/L,136,145,N,STAT,2025-07-10 02:00,2025-07-10 02:14,2025-07-10 02:49
LAB739434,ENC116666,PT12955,K,Potassium,4.2,mmol/L,3.5,5.1,N,STAT,2025-07-10 02:14,2025-07-10 02:21,2025-07-10 03:07
LAB739435,ENC116666,PT12955,BUN,Blood Urea Nitrogen,13,mg/dL,7,20,N,Routine,2025-07-10 01:52,2025-07-10 02:11,2025-07-10 05:32
LAB739436,ENC116666,PT12955,PLT,Platelet Count,240,K/uL,150,400,N,STAT,2025-07-10 01:18,2025-07-10 01:30,2025-07-10 02:14
LAB739437,ENC116666,PT12955,TROP,"Troponin I, High Sensitivity",759,ng/L,0,34,H,STAT,2025-07-10 01:14,2025-07-10 01:46,2025-07-10 02:36
LAB739438,ENC116667,PT11516,GLU,Glucose,109,mg/dL,70,99,H,STAT,2025-07-10 02:52,2025-07-10 03:16,2025-07-10 04:18
LAB739439,ENC116667,PT11516,CREAT,Creatinine,1.35,mg/dL,0.6,1.3,H,STAT,2025-07-10 02:45,2025-07-10 03:11,2025-07-10 03:41
LAB739440,ENC116667,PT11516,WBC,White Blood Cell Count,9.1,K/uL,4.5,11,N,STAT,2025-07-10 02:13,2025-07-10 02:34,2025-07-10 03:13
LAB739441,ENC116667,PT11516,HGB,Hemoglobin,13.7,g/dL,12,17.5,N,Routine,2025-07-10 01:52,2025-07-10 02:07,2025-07-10 03:14
LAB739442,ENC116668,PT13245,GLU,Glucose,102,mg/dL,70,99,H,Routine,2025-07-10 05:29,2025-07-10 05:49,2025-07-10 10:12
LAB739443,ENC116668,PT13245,CREAT,Creatinine,0.92,mg/dL,0.6,1.3,N,Routine,2025-07-10 05:31,2025-07-10 05:43,2025-07-10 09:23
LAB739444,ENC116668,PT13245,WBC,White Blood Cell Count,8,K/uL,4.5,11,N,Routine,2025-07-10 05:50,2025-07-10 06:01,2025-07-10 08:54
LAB739445,ENC116668,PT13245,HGB,Hemoglobin,13.4,g/dL,12,17.5,N,Routine,2025-07-10 06:23,2025-07-10 06:58,2025-07-10 08:17
LAB739446,ENC116668,PT13245,NA,Sodium,142,mmol/L,136,145,N,Routine,2025-07-10 05:36,2025-07-10 05:46,2025-07-10 09:04
LAB739447,ENC116668,PT13245,K,Potassium,3.9,mmol/L,3.5,5.1,N,STAT,2025-07-10 06:12,2025-07-10 06:22,2025-07-10 06:50
LAB739448,ENC116668,PT13245,LACT,Lactate,3.1,mmol/L,0.5,2,H,STAT,2025-07-10 05:47,2025-07-10 06:01,2025-07-10 06:35
LAB739449,ENC116669,PT11651,GLU,Glucose,102,mg/dL,70,99,H,Routine,2025-07-10 07:22,2025-07-10 07:51,2025-07-10 10:55
LAB739450,ENC116669,PT11651,CREAT,Creatinine,1.04,mg/dL,0.6,1.3,N,STAT,2025-07-10 07:54,2025-07-10 08:19,2025-07-10 09:10
LAB739451,ENC116669,PT11651,WBC,White Blood Cell Count,9.8,K/uL,4.5,11,N,STAT,2025-07-10 07:25,2025-07-10 07:53,2025-07-10 08:46
LAB739452,ENC116669,PT11651,HGB,Hemoglobin,11,g/dL,12,17.5,L,STAT,2025-07-10 07:46,2025-07-10 07:52,2025-07-10 08:40
LAB739453,ENC116672,PT12261,LDL,LDL Cholesterol,111,mg/dL,0,99,H,Routine,2025-07-10 08:27,2025-07-10 08:31,2025-07-11 12:54
LAB739454,ENC116673,PT12896,GLU,Glucose,216,mg/dL,70,99,H,Routine,2025-07-10 09:00,2025-07-10 09:23,2025-07-10 13:02
LAB739455,ENC116673,PT12896,CREAT,Creatinine,0.91,mg/dL,0.6,1.3,N,STAT,2025-07-10 09:41,2025-07-10 10:12,2025-07-10 10:45
LAB739456,ENC116673,PT12896,WBC,White Blood Cell Count,9.7,K/uL,4.5,11,N,Routine,2025-07-10 09:58,2025-07-10 10:25,2025-07-10 12:19
LAB739457,ENC116673,PT12896,HGB,Hemoglobin,15,g/dL,12,17.5,N,Routine,2025-07-10 09:38,2025-07-10 10:04,2025-07-10 12:29
LAB739458,ENC116676,PT11680,LDL,LDL Cholesterol,127,mg/dL,0,99,H,Routine,2025-07-10 09:38,2025-07-10 09:47,2025-07-10 18:09
LAB739459,ENC116676,PT11680,A1C,Hemoglobin A1c,4.9,%,4,5.6,N,Routine,2025-07-10 09:53,2025-07-10 10:16,2025-07-10 19:20
LAB739460,ENC116677,PT13193,GLU,Glucose,99,mg/dL,70,99,N,Routine,2025-07-10 12:58,2025-07-10 13:17,2025-07-10 16:16
LAB739461,ENC116677,PT13193,CREAT,Creatinine,1.03,mg/dL,0.6,1.3,N,STAT,2025-07-10 13:09,2025-07-10 13:43,2025-07-10 15:21
LAB739462,ENC116677,PT13193,WBC,White Blood Cell Count,9.2,K/uL,4.5,11,N,Routine,2025-07-10 13:09,2025-07-10 13:34,2025-07-10 16:52
LAB739463,ENC116677,PT13193,HGB,Hemoglobin,15.6,g/dL,12,17.5,N,STAT,2025-07-10 13:04,2025-07-10 13:37,2025-07-10 14:38
LAB739464,ENC116677,PT13193,TROP,"Troponin I, High Sensitivity",41,ng/L,0,34,H,STAT,2025-07-10 12:41,2025-07-10 12:50,2025-07-10 14:00
LAB739465,ENC116677,PT13193,BNP,B-Type Natriuretic Peptide,843,pg/mL,0,100,H,STAT,2025-07-10 13:26,2025-07-10 13:35,2025-07-10 15:47
LAB739466,ENC116678,PT12330,A1C,Hemoglobin A1c,11.3,%,4,5.6,H,Routine,2025-07-10 10:05,2025-07-10 10:11,2025-07-11 05:41
LAB739467,ENC116678,PT12330,GLU,Glucose,380,mg/dL,70,99,H,Routine,2025-07-10 09:50,2025-07-10 10:05,2025-07-10 13:36
LAB739468,ENC116678,PT12330,CREAT,Creatinine,0.66,mg/dL,0.6,1.3,N,Routine,2025-07-10 09:58,2025-07-10 10:24,2025-07-10 14:14
LAB739469,ENC116681,PT13631,A1C,Hemoglobin A1c,8.3,%,4,5.6,H,Routine,2025-07-10 12:26,2025-07-10 12:45,2025-07-11 15:46
LAB739470,ENC116682,PT11908,GLU,Glucose,306,mg/dL,70,99,H,STAT,2025-07-10 12:45,2025-07-10 12:59,2025-07-10 13:39
LAB739471,ENC116682,PT11908,CREAT,Creatinine,1.37,mg/dL,0.6,1.3,H,Routine,2025-07-10 13:01,2025-07-10 13:18,2025-07-10 16:04
LAB739472,ENC116682,PT11908,WBC,White Blood Cell Count,6.4,K/uL,4.5,11,N,STAT,2025-07-10 12:36,2025-07-10 12:54,2025-07-10 14:32
LAB739473,ENC116682,PT11908,HGB,Hemoglobin,12.9,g/dL,12,17.5,N,STAT,2025-07-10 13:11,2025-07-10 13:43,2025-07-10 14:10
LAB739474,ENC116682,PT11908,NA,Sodium,143,mmol/L,136,145,N,Routine,2025-07-10 13:05,2025-07-10 13:27,2025-07-10 15:25
LAB739475,ENC116682,PT11908,K,Potassium,3.7,mmol/L,3.5,5.1,N,STAT,2025-07-10 12:54,2025-07-10 13:19,2025-07-10 14:20
LAB739476,ENC116682,PT11908,A1C,Hemoglobin A1c,12,%,4,5.6,H,STAT,2025-07-10 13:08,2025-07-10 13:19,2025-07-10 14:20
LAB739477,ENC116685,PT10683,A1C,Hemoglobin A1c,7.7,%,4,5.6,H,Routine,2025-07-10 13:09,2025-07-10 13:39,2025-07-11 02:31
LAB739478,ENC116687,PT12885,GLU,Glucose,85,mg/dL,70,99,N,STAT,2025-07-10 18:27,2025-07-10 18:39,2025-07-10 19:22
LAB739479,ENC116687,PT12885,CREAT,Creatinine,0.97,mg/dL,0.6,1.3,N,STAT,2025-07-10 18:10,2025-07-10 18:40,2025-07-10 19:03
LAB739480,ENC116687,PT12885,WBC,White Blood Cell Count,6.7,K/uL,4.5,11,N,STAT,2025-07-10 17:25,2025-07-10 17:35,2025-07-10 18:04
LAB739481,ENC116687,PT12885,HGB,Hemoglobin,14,g/dL,12,17.5,N,STAT,2025-07-10 18:06,2025-07-10 18:14,2025-07-10 18:54
LAB739482,ENC116687,PT12885,LACT,Lactate,1.2,mmol/L,0.5,2,N,STAT,2025-07-10 18:26,2025-07-10 18:55,2025-07-10 19:27
LAB739483,ENC116688,PT11000,GLU,Glucose,115,mg/dL,70,99,H,STAT,2025-07-10 13:36,2025-07-10 14:00,2025-07-10 15:25
LAB739484,ENC116688,PT11000,CREAT,Creatinine,1.37,mg/dL,0.6,1.3,H,Routine,2025-07-10 13:18,2025-07-10 13:30,2025-07-10 16:30
LAB739485,ENC116688,PT11000,TROP,"Troponin I, High Sensitivity",46,ng/L,0,34,H,STAT,2025-07-10 13:26,2025-07-10 13:48,2025-07-10 14:22
LAB739486,ENC116690,PT11774,TROP,"Troponin I, High Sensitivity",11,ng/L,0,34,N,STAT,2025-07-10 14:18,2025-07-10 14:42,2025-07-10 15:37
LAB739487,ENC116692,PT10004,GLU,Glucose,96,mg/dL,70,99,N,STAT,2025-07-10 14:11,2025-07-10 14:20,2025-07-10 15:10
LAB739488,ENC116692,PT10004,CREAT,Creatinine,0.61,mg/dL,0.6,1.3,N,Routine,2025-07-10 14:43,2025-07-10 15:07,2025-07-10 18:14
LAB739489,ENC116693,PT12312,A1C,Hemoglobin A1c,9.4,%,4,5.6,H,Routine,2025-07-10 14:25,2025-07-10 14:35,2025-07-10 19:55
LAB739490,ENC116693,PT12312,GLU,Glucose,146,mg/dL,70,99,H,Routine,2025-07-10 14:31,2025-07-10 14:40,2025-07-10 16:42
LAB739491,ENC116693,PT12312,CREAT,Creatinine,1.12,mg/dL,0.6,1.3,N,Routine,2025-07-10 14:31,2025-07-10 14:48,2025-07-10 20:05
LAB739492,ENC116695,PT12566,GLU,Glucose,127,mg/dL,70,99,H,Routine,2025-07-10 15:06,2025-07-10 15:15,2025-07-10 18:42
LAB739493,ENC116695,PT12566,CREAT,Creatinine,1.07,mg/dL,0.6,1.3,N,STAT,2025-07-10 14:57,2025-07-10 15:20,2025-07-10 16:50
LAB739494,ENC116695,PT12566,WBC,White Blood Cell Count,16.2,K/uL,4.5,11,H,Routine,2025-07-10 15:50,2025-07-10 16:10,2025-07-10 19:34
LAB739495,ENC116695,PT12566,HGB,Hemoglobin,13.7,g/dL,12,17.5,N,STAT,2025-07-10 15:14,2025-07-10 15:20,2025-07-10 16:19
LAB739496,ENC116696,PT12676,GLU,Glucose,111,mg/dL,70,99,H,STAT,2025-07-10 15:41,2025-07-10 16:02,2025-07-10 16:59
LAB739497,ENC116696,PT12676,CREAT,Creatinine,1.11,mg/dL,0.6,1.3,N,Routine,2025-07-10 15:53,2025-07-10 16:26,2025-07-10 18:02
LAB739498,ENC116696,PT12676,WBC,White Blood Cell Count,6.8,K/uL,4.5,11,N,STAT,2025-07-10 15:48,2025-07-10 16:10,2025-07-10 17:01
LAB739499,ENC116696,PT12676,TROP,"Troponin I, High Sensitivity",4,ng/L,0,34,N,STAT,2025-07-10 15:17,2025-07-10 15:23,2025-07-10 15:56
LAB739500,ENC116698,PT13619,GLU,Glucose,84,mg/dL,70,99,N,Routine,2025-07-10 21:19,2025-07-10 21:44,2025-07-10 23:44
LAB739501,ENC116698,PT13619,CREAT,Creatinine,1.14,mg/dL,0.6,1.3,N,Routine,2025-07-10 21:48,2025-07-10 22:14,2025-07-10 23:59
LAB739502,ENC116698,PT13619,WBC,White Blood Cell Count,12.2,K/uL,4.5,11,H,STAT,2025-07-10 21:45,2025-07-10 22:19,2025-07-10 23:47
LAB739503,ENC116698,PT13619,HGB,Hemoglobin,12.4,g/dL,12,17.5,N,STAT,2025-07-10 20:47,2025-07-10 20:54,2025-07-10 21:39
LAB739504,ENC116698,PT13619,NA,Sodium,140,mmol/L,136,145,N,Routine,2025-07-10 21:49,2025-07-10 22:10,2025-07-11 02:11
LAB739505,ENC116698,PT13619,K,Potassium,3.7,mmol/L,3.5,5.1,N,STAT,2025-07-10 21:15,2025-07-10 21:22,2025-07-10 21:52
LAB739506,ENC116699,PT11110,GLU,Glucose,95,mg/dL,70,99,N,Routine,2025-07-10 20:34,2025-07-10 21:08,2025-07-11 00:57
LAB739507,ENC116699,PT11110,CREAT,Creatinine,1.19,mg/dL,0.6,1.3,N,Routine,2025-07-10 21:11,2025-07-10 21:28,2025-07-10 22:54
LAB739508,ENC116699,PT11110,WBC,White Blood Cell Count,0.8,K/uL,4.5,11,LL,STAT,2025-07-10 21:18,2025-07-10 21:24,2025-07-10 22:25
LAB739509,ENC116699,PT11110,HGB,Hemoglobin,12.6,g/dL,12,17.5,N,STAT,2025-07-10 21:09,2025-07-10 21:18,2025-07-10 22:32
LAB739510,ENC116700,PT11388,GLU,Glucose,87,mg/dL,70,99,N,STAT,2025-07-10 21:56,2025-07-10 22:09,2025-07-10 23:11
LAB739511,ENC116700,PT11388,CREAT,Creatinine,0.97,mg/dL,0.6,1.3,N,Routine,2025-07-10 21:25,2025-07-10 21:46,2025-07-10 22:53
LAB739512,ENC116700,PT11388,WBC,White Blood Cell Count,9.1,K/uL,4.5,11,N,STAT,2025-07-10 22:06,2025-07-10 22:31,2025-07-10 23:16
LAB739513,ENC116701,PT11007,GLU,Glucose,127,mg/dL,70,99,H,STAT,2025-07-10 21:54,2025-07-10 22:06,2025-07-10 23:17
LAB739514,ENC116701,PT11007,CREAT,Creatinine,0.78,mg/dL,0.6,1.3,N,STAT,2025-07-10 21:28,2025-07-10 21:49,2025-07-10 22:17
LAB739515,ENC116701,PT11007,WBC,White Blood Cell Count,4.8,K/uL,4.5,11,N,Routine,2025-07-10 21:49,2025-07-10 22:08,2025-07-11 03:16
LAB739516,ENC116701,PT11007,HGB,Hemoglobin,13.6,g/dL,12,17.5,N,STAT,2025-07-10 22:05,2025-07-10 22:27,2025-07-10 23:01
LAB739517,ENC116701,PT11007,NA,Sodium,142,mmol/L,136,145,N,Routine,2025-07-10 22:22,2025-07-10 22:35,2025-07-11 01:03
LAB739518,ENC116701,PT11007,K,Potassium,4.5,mmol/L,3.5,5.1,N,STAT,2025-07-10 22:22,2025-07-10 22:32,2025-07-10 23:36
LAB739519,ENC116702,PT11632,GLU,Glucose,133,mg/dL,70,99,H,STAT,2025-07-11 01:27,2025-07-11 01:57,2025-07-11 02:38
LAB739520,ENC116702,PT11632,CREAT,Creatinine,1.1,mg/dL,0.6,1.3,N,Routine,2025-07-11 01:27,2025-07-11 01:43,2025-07-11 06:33
LAB739521,ENC116702,PT11632,WBC,White Blood Cell Count,7.4,K/uL,4.5,11,N,Routine,2025-07-11 01:05,2025-07-11 01:25,2025-07-11 07:06
LAB739522,ENC116702,PT11632,HGB,Hemoglobin,16.1,g/dL,12,17.5,N,STAT,2025-07-11 01:32,2025-07-11 02:01,2025-07-11 03:41
LAB739523,ENC116703,PT13573,GLU,Glucose,71,mg/dL,70,99,N,STAT,2025-07-11 00:49,2025-07-11 01:12,2025-07-11 02:05
LAB739524,ENC116703,PT13573,CREAT,Creatinine,1.12,mg/dL,0.6,1.3,N,STAT,2025-07-11 00:14,2025-07-11 00:27,2025-07-11 01:04
LAB739525,ENC116703,PT13573,WBC,White Blood Cell Count,7.3,K/uL,4.5,11,N,Routine,2025-07-11 00:35,2025-07-11 00:49,2025-07-11 02:58
LAB739526,ENC116703,PT13573,HGB,Hemoglobin,15.9,g/dL,12,17.5,N,Routine,2025-07-10 23:45,2025-07-10 23:50,2025-07-11 01:36
LAB739527,ENC116706,PT12893,GLU,Glucose,124,mg/dL,70,99,H,STAT,2025-07-11 07:29,2025-07-11 07:39,2025-07-11 08:04
LAB739528,ENC116706,PT12893,CREAT,Creatinine,1.27,mg/dL,0.6,1.3,N,STAT,2025-07-11 07:05,2025-07-11 07:35,2025-07-11 08:19
LAB739529,ENC116706,PT12893,WBC,White Blood Cell Count,5.3,K/uL,4.5,11,N,STAT,2025-07-11 07:19,2025-07-11 07:25,2025-07-11 07:56
LAB739530,ENC116706,PT12893,HGB,Hemoglobin,13.4,g/dL,12,17.5,N,STAT,2025-07-11 06:52,2025-07-11 07:16,2025-07-11 08:05
LAB739531,ENC116710,PT11981,A1C,Hemoglobin A1c,7.9,%,4,5.6,H,Routine,2025-07-11 10:24,2025-07-11 10:55,2025-07-11 17:38
LAB739532,ENC116710,PT11981,GLU,Glucose,203,mg/dL,70,99,H,Routine,2025-07-11 10:18,2025-07-11 10:25,2025-07-11 13:33
LAB739533,ENC116710,PT11981,CREAT,Creatinine,1.1,mg/dL,0.6,1.3,N,Routine,2025-07-11 10:17,2025-07-11 10:37,2025-07-11 12:24
LAB739534,ENC116713,PT12390,A1C,Hemoglobin A1c,7.8,%,4,5.6,H,Routine,2025-07-11 11:36,2025-07-11 11:47,2025-07-12 05:05
LAB739535,ENC116713,PT12390,GLU,Glucose,347,mg/dL,70,99,H,Routine,2025-07-11 11:56,2025-07-11 12:29,2025-07-11 18:06
LAB739536,ENC116713,PT12390,CREAT,Creatinine,1.15,mg/dL,0.6,1.3,N,Routine,2025-07-11 11:44,2025-07-11 12:01,2025-07-11 14:43
LAB739537,ENC116716,PT12398,LDL,LDL Cholesterol,110,mg/dL,0,99,H,Routine,2025-07-11 12:50,2025-07-11 13:15,2025-07-11 21:06
LAB739538,ENC116722,PT13783,GLU,Glucose,130,mg/dL,70,99,H,STAT,2025-07-11 17:33,2025-07-11 17:47,2025-07-11 18:31
LAB739539,ENC116722,PT13783,CREAT,Creatinine,1.01,mg/dL,0.6,1.3,N,STAT,2025-07-11 18:08,2025-07-11 18:33,2025-07-11 19:05
LAB739540,ENC116722,PT13783,WBC,White Blood Cell Count,6.3,K/uL,4.5,11,N,STAT,2025-07-11 18:16,2025-07-11 18:20,2025-07-11 19:21
LAB739541,ENC116722,PT13783,HGB,Hemoglobin,14.6,g/dL,12,17.5,N,STAT,2025-07-11 17:40,2025-07-11 17:54,2025-07-11 18:46
LAB739542,ENC116723,PT13985,GLU,Glucose,201,mg/dL,70,99,H,Routine,2025-07-11 18:30,2025-07-11 18:39,2025-07-11 20:53
LAB739543,ENC116723,PT13985,CREAT,Creatinine,1.32,mg/dL,0.6,1.3,H,Routine,2025-07-11 18:49,2025-07-11 19:09,2025-07-11 21:16
LAB739544,ENC116723,PT13985,WBC,White Blood Cell Count,14.1,K/uL,4.5,11,H,STAT,2025-07-11 18:20,2025-07-11 18:43,2025-07-11 19:08
LAB739545,ENC116723,PT13985,HGB,Hemoglobin,14.5,g/dL,12,17.5,N,Routine,2025-07-11 18:12,2025-07-11 18:17,2025-07-11 19:46
LAB739546,ENC116725,PT12891,GLU,Glucose,113,mg/dL,70,99,H,STAT,2025-07-11 19:22,2025-07-11 19:33,2025-07-11 20:15
LAB739547,ENC116725,PT12891,CREAT,Creatinine,0.66,mg/dL,0.6,1.3,N,STAT,2025-07-11 19:22,2025-07-11 19:39,2025-07-11 20:09
LAB739548,ENC116725,PT12891,WBC,White Blood Cell Count,6.8,K/uL,4.5,11,N,Routine,2025-07-11 19:37,2025-07-11 20:07,2025-07-11 20:47
LAB739549,ENC116725,PT12891,HGB,Hemoglobin,11.6,g/dL,12,17.5,L,STAT,2025-07-11 19:49,2025-07-11 19:56,2025-07-11 20:55
LAB739550,ENC116728,PT10579,WBC,White Blood Cell Count,6.1,K/uL,4.5,11,N,Routine,2025-07-11 16:34,2025-07-11 16:48,2025-07-11 22:08
LAB739551,ENC116728,PT10579,HGB,Hemoglobin,13.4,g/dL,12,17.5,N,Routine,2025-07-11 16:32,2025-07-11 17:01,2025-07-11 19:00
LAB739552,ENC116728,PT10579,PLT,Platelet Count,268,K/uL,150,400,N,Routine,2025-07-11 16:26,2025-07-11 16:36,2025-07-11 17:56
LAB739553,ENC116729,PT11220,LDL,LDL Cholesterol,110,mg/dL,0,99,H,Routine,2025-07-11 16:43,2025-07-11 17:09,2025-07-13 05:21
LAB739554,ENC116730,PT12532,GLU,Glucose,168,mg/dL,70,99,H,Routine,2025-07-11 19:58,2025-07-11 20:19,2025-07-11 23:44
LAB739555,ENC116730,PT12532,CREAT,Creatinine,0.97,mg/dL,0.6,1.3,N,STAT,2025-07-11 19:47,2025-07-11 20:19,2025-07-11 21:04
LAB739556,ENC116730,PT12532,WBC,White Blood Cell Count,3.7,K/uL,4.5,11,L,STAT,2025-07-11 20:44,2025-07-11 21:04,2025-07-11 21:36
LAB739557,ENC116730,PT12532,HGB,Hemoglobin,13.6,g/dL,12,17.5,N,STAT,2025-07-11 20:54,2025-07-11 21:12,2025-07-11 21:55
LAB739558,ENC116730,PT12532,BUN,Blood Urea Nitrogen,16,mg/dL,7,20,N,STAT,2025-07-11 20:30,2025-07-11 20:46,2025-07-11 21:26
LAB739559,ENC116730,PT12532,PLT,Platelet Count,262,K/uL,150,400,N,Routine,2025-07-11 20:05,2025-07-11 20:09,2025-07-11 22:45
LAB739560,ENC116730,PT12532,LACT,Lactate,2.3,mmol/L,0.5,2,H,STAT,2025-07-11 20:08,2025-07-11 20:27,2025-07-11 21:35
LAB739561,ENC116731,PT13698,GLU,Glucose,101,mg/dL,70,99,H,STAT,2025-07-11 21:30,2025-07-11 22:02,2025-07-11 22:55
LAB739562,ENC116731,PT13698,CREAT,Creatinine,0.9,mg/dL,0.6,1.3,N,STAT,2025-07-11 21:52,2025-07-11 22:01,2025-07-11 22:42
LAB739563,ENC116731,PT13698,WBC,White Blood Cell Count,15.6,K/uL,4.5,11,H,STAT,2025-07-11 21:58,2025-07-11 22:30,2025-07-11 23:07
LAB739564,ENC116731,PT13698,HGB,Hemoglobin,11.8,g/dL,12,17.5,L,Routine,2025-07-11 21:05,2025-07-11 21:12,2025-07-11 22:49
LAB739565,ENC116732,PT11043,GLU,Glucose,111,mg/dL,70,99,H,Routine,2025-07-11 19:22,2025-07-11 19:52,2025-07-11 21:18
LAB739566,ENC116732,PT11043,CREAT,Creatinine,0.86,mg/dL,0.6,1.3,N,STAT,2025-07-11 18:37,2025-07-11 18:54,2025-07-11 19:56
LAB739567,ENC116732,PT11043,WBC,White Blood Cell Count,7,K/uL,4.5,11,N,STAT,2025-07-11 18:57,2025-07-11 19:14,2025-07-11 19:35
LAB739568,ENC116732,PT11043,HGB,Hemoglobin,11.9,g/dL,12,17.5,L,STAT,2025-07-11 19:04,2025-07-11 19:29,2025-07-11 20:42
LAB739569,ENC116733,PT13889,GLU,Glucose,79,mg/dL,70,99,N,Routine,2025-07-11 19:58,2025-07-11 20:17,2025-07-11 22:32
LAB739570,ENC116733,PT13889,CREAT,Creatinine,1.09,mg/dL,0.6,1.3,N,STAT,2025-07-11 20:23,2025-07-11 20:33,2025-07-11 21:10
LAB739571,ENC116733,PT13889,WBC,White Blood Cell Count,10.3,K/uL,4.5,11,N,Routine,2025-07-11 19:41,2025-07-11 19:55,2025-07-11 21:49
LAB739572,ENC116733,PT13889,HGB,Hemoglobin,11.1,g/dL,12,17.5,L,Routine,2025-07-11 20:06,2025-07-11 20:31,2025-07-11 22:15
LAB739573,ENC116735,PT13293,GLU,Glucose,108,mg/dL,70,99,H,STAT,2025-07-12 02:33,2025-07-12 03:08,2025-07-12 03:39
LAB739574,ENC116735,PT13293,CREAT,Creatinine,0.75,mg/dL,0.6,1.3,N,Routine,2025-07-12 02:06,2025-07-12 02:12,2025-07-12 06:46
LAB739575,ENC116735,PT13293,WBC,White Blood Cell Count,9.6,K/uL,4.5,11,N,STAT,2025-07-12 02:30,2025-07-12 02:35,2025-07-12 03:25
LAB739576,ENC116735,PT13293,HGB,Hemoglobin,16.5,g/dL,12,17.5,N,Routine,2025-07-12 02:34,2025-07-12 02:46,2025-07-12 06:30
LAB739577,ENC116735,PT13293,NA,Sodium,140,mmol/L,136,145,N,STAT,2025-07-12 02:47,2025-07-12 03:19,2025-07-12 04:07
LAB739578,ENC116735,PT13293,K,Potassium,4.2,mmol/L,3.5,5.1,N,STAT,2025-07-12 02:23,2025-07-12 02:50,2025-07-12 03:37
LAB739579,ENC116736,PT10334,GLU,Glucose,110,mg/dL,70,99,H,Routine,2025-07-12 01:45,2025-07-12 02:11,2025-07-12 05:36
LAB739580,ENC116736,PT10334,CREAT,Creatinine,0.95,mg/dL,0.6,1.3,N,STAT,2025-07-12 02:08,2025-07-12 02:43,2025-07-12 03:33
LAB739581,ENC116736,PT10334,WBC,White Blood Cell Count,17.3,K/uL,4.5,11,H,STAT,2025-07-12 02:10,2025-07-12 02:39,2025-07-12 03:28
LAB739582,ENC116736,PT10334,HGB,Hemoglobin,15.3,g/dL,12,17.5,N,Routine,2025-07-12 01:56,2025-07-12 02:31,2025-07-12 04:45
LAB739583,ENC116737,PT13401,GLU,Glucose,111,mg/dL,70,99,H,STAT,2025-07-12 03:24,2025-07-12 03:38,2025-07-12 05:12
LAB739584,ENC116737,PT13401,CREAT,Creatinine,1.15,mg/dL,0.6,1.3,N,Routine,2025-07-12 03:41,2025-07-12 04:14,2025-07-12 07:02
LAB739585,ENC116737,PT13401,WBC,White Blood Cell Count,5.2,K/uL,4.5,11,N,STAT,2025-07-12 03:58,2025-07-12 04:19,2025-07-12 05:27
LAB739586,ENC116737,PT13401,HGB,Hemoglobin,14.8,g/dL,12,17.5,N,STAT,2025-07-12 04:16,2025-07-12 04:32,2025-07-12 04:57
LAB739587,ENC116739,PT11563,GLU,Glucose,122,mg/dL,70,99,H,STAT,2025-07-12 08:13,2025-07-12 08:47,2025-07-12 09:32
LAB739588,ENC116739,PT11563,CREAT,Creatinine,0.58,mg/dL,0.6,1.3,L,STAT,2025-07-12 07:09,2025-07-12 07:24,2025-07-12 08:34
LAB739589,ENC116739,PT11563,WBC,White Blood Cell Count,8.9,K/uL,4.5,11,N,STAT,2025-07-12 07:33,2025-07-12 07:49,2025-07-12 08:52
LAB739590,ENC116740,PT12857,GLU,Glucose,88,mg/dL,70,99,N,Routine,2025-07-12 09:08,2025-07-12 09:32,2025-07-12 12:11
LAB739591,ENC116740,PT12857,CREAT,Creatinine,1.21,mg/dL,0.6,1.3,N,STAT,2025-07-12 08:24,2025-07-12 08:46,2025-07-12 09:35
LAB739592,ENC116744,PT13905,GLU,Glucose,107,mg/dL,70,99,H,STAT,2025-07-12 18:11,2025-07-12 18:23,2025-07-12 19:28
LAB739593,ENC116744,PT13905,CREAT,Creatinine,0.66,mg/dL,0.6,1.3,N,STAT,2025-07-12 18:37,2025-07-12 19:01,2025-07-12 19:37
LAB739594,ENC116744,PT13905,WBC,White Blood Cell Count,7.5,K/uL,4.5,11,N,STAT,2025-07-12 18:16,2025-07-12 18:50,2025-07-12 19:32
LAB739595,ENC116744,PT13905,HGB,Hemoglobin,11,g/dL,12,17.5,L,STAT,2025-07-12 18:44,2025-07-12 19:17,2025-07-12 20:50
LAB739596,ENC116744,PT13905,BUN,Blood Urea Nitrogen,17,mg/dL,7,20,N,Routine,2025-07-12 17:59,2025-07-12 18:24,2025-07-12 21:10
LAB739597,ENC116744,PT13905,PLT,Platelet Count,185,K/uL,150,400,N,STAT,2025-07-12 18:06,2025-07-12 18:35,2025-07-12 19:05
LAB739598,ENC116745,PT13563,GLU,Glucose,84,mg/dL,70,99,N,Routine,2025-07-12 20:11,2025-07-12 20:35,2025-07-13 01:38
LAB739599,ENC116745,PT13563,CREAT,Creatinine,0.78,mg/dL,0.6,1.3,N,STAT,2025-07-12 20:24,2025-07-12 20:35,2025-07-12 21:59
LAB739600,ENC116745,PT13563,WBC,White Blood Cell Count,7.1,K/uL,4.5,11,N,Routine,2025-07-12 19:25,2025-07-12 19:53,2025-07-13 01:21
LAB739601,ENC116745,PT13563,HGB,Hemoglobin,16.9,g/dL,12,17.5,N,Routine,2025-07-12 20:17,2025-07-12 20:36,2025-07-12 21:54
LAB739602,ENC116745,PT13563,TROP,"Troponin I, High Sensitivity",527,ng/L,0,34,H,STAT,2025-07-12 19:38,2025-07-12 19:46,2025-07-12 20:06
LAB739603,ENC116746,PT12298,GLU,Glucose,111,mg/dL,70,99,H,STAT,2025-07-12 15:59,2025-07-12 16:33,2025-07-12 17:00
LAB739604,ENC116746,PT12298,CREAT,Creatinine,1.07,mg/dL,0.6,1.3,N,STAT,2025-07-12 16:45,2025-07-12 17:13,2025-07-12 18:00
LAB739605,ENC116746,PT12298,WBC,White Blood Cell Count,7.8,K/uL,4.5,11,N,Routine,2025-07-12 16:50,2025-07-12 17:13,2025-07-12 20:19
LAB739606,ENC116746,PT12298,HGB,Hemoglobin,13.4,g/dL,12,17.5,N,Routine,2025-07-12 16:10,2025-07-12 16:45,2025-07-12 19:54
LAB739607,ENC116747,PT10249,GLU,Glucose,95,mg/dL,70,99,N,Routine,2025-07-12 20:31,2025-07-12 20:39,2025-07-12 22:34
LAB739608,ENC116747,PT10249,CREAT,Creatinine,1.48,mg/dL,0.6,1.3,H,Routine,2025-07-12 20:47,2025-07-12 21:11,2025-07-13 02:06
LAB739609,ENC116747,PT10249,WBC,White Blood Cell Count,8.3,K/uL,4.5,11,N,Routine,2025-07-12 20:24,2025-07-12 20:59,2025-07-13 01:20
LAB739610,ENC116747,PT10249,HGB,Hemoglobin,15.8,g/dL,12,17.5,N,STAT,2025-07-12 20:43,2025-07-12 20:55,2025-07-12 21:22
LAB739611,ENC116749,PT13560,GLU,Glucose,99,mg/dL,70,99,N,STAT,2025-07-12 18:10,2025-07-12 18:14,2025-07-12 19:17
LAB739612,ENC116749,PT13560,CREAT,Creatinine,1.09,mg/dL,0.6,1.3,N,Routine,2025-07-12 17:51,2025-07-12 18:23,2025-07-12 20:23
LAB739613,ENC116749,PT13560,WBC,White Blood Cell Count,6.1,K/uL,4.5,11,N,STAT,2025-07-12 17:37,2025-07-12 18:07,2025-07-12 19:10
LAB739614,ENC116749,PT13560,TROP,"Troponin I, High Sensitivity",10,ng/L,0,34,N,STAT,2025-07-12 18:28,2025-07-12 18:39,2025-07-12 19:53
LAB739615,ENC116751,PT11539,GLU,Glucose,73,mg/dL,70,99,N,Routine,2025-07-12 21:26,2025-07-12 21:39,2025-07-12 23:53
LAB739616,ENC116751,PT11539,CREAT,Creatinine,1.25,mg/dL,0.6,1.3,N,STAT,2025-07-12 22:06,2025-07-12 22:10,2025-07-12 22:50
LAB739617,ENC116751,PT11539,WBC,White Blood Cell Count,6.4,K/uL,4.5,11,N,STAT,2025-07-12 21:50,2025-07-12 21:56,2025-07-12 22:56
LAB739618,ENC116751,PT11539,HGB,Hemoglobin,12.2,g/dL,12,17.5,N,STAT,2025-07-12 21:39,2025-07-12 21:49,2025-07-12 22:37
LAB739619,ENC116754,PT10301,GLU,Glucose,92,mg/dL,70,99,N,STAT,2025-07-12 21:12,2025-07-12 21:46,2025-07-12 23:07
LAB739620,ENC116754,PT10301,CREAT,Creatinine,0.83,mg/dL,0.6,1.3,N,STAT,2025-07-12 20:51,2025-07-12 21:13,2025-07-12 22:49
LAB739621,ENC116754,PT10301,WBC,White Blood Cell Count,18.5,K/uL,4.5,11,H,STAT,2025-07-12 21:46,2025-07-12 22:18,2025-07-12 23:27
LAB739622,ENC116754,PT10301,HGB,Hemoglobin,12.2,g/dL,12,17.5,N,STAT,2025-07-12 21:15,2025-07-12 21:21,2025-07-12 21:42
LAB739623,ENC116755,PT12348,GLU,Glucose,105,mg/dL,70,99,H,Routine,2025-07-13 02:43,2025-07-13 03:02,2025-07-13 06:04
LAB739624,ENC116755,PT12348,CREAT,Creatinine,0.62,mg/dL,0.6,1.3,N,Routine,2025-07-13 02:16,2025-07-13 02:32,2025-07-13 08:07
LAB739625,ENC116755,PT12348,WBC,White Blood Cell Count,7.8,K/uL,4.5,11,N,Routine,2025-07-13 03:04,2025-07-13 03:23,2025-07-13 05:38
LAB739626,ENC116755,PT12348,HGB,Hemoglobin,12.2,g/dL,12,17.5,N,STAT,2025-07-13 02:31,2025-07-13 02:52,2025-07-13 03:26
LAB739627,ENC116755,PT12348,NA,Sodium,141,mmol/L,136,145,N,STAT,2025-07-13 02:19,2025-07-13 02:46,2025-07-13 03:27
LAB739628,ENC116755,PT12348,K,Potassium,4,mmol/L,3.5,5.1,N,STAT,2025-07-13 02:17,2025-07-13 02:37,2025-07-13 03:22
LAB739629,ENC116755,PT12348,TROP,"Troponin I, High Sensitivity",30,ng/L,0,34,N,STAT,2025-07-13 02:30,2025-07-13 02:53,2025-07-13 04:09
LAB739630,ENC116755,PT12348,BNP,B-Type Natriuretic Peptide,970,pg/mL,0,100,H,STAT,2025-07-13 02:58,2025-07-13 03:23,2025-07-13 04:19
LAB739631,ENC116756,PT12322,GLU,Glucose,163,mg/dL,70,99,H,STAT,2025-07-13 00:01,2025-07-13 00:31,2025-07-13 01:26
LAB739632,ENC116756,PT12322,CREAT,Creatinine,0.93,mg/dL,0.6,1.3,N,STAT,2025-07-13 00:04,2025-07-13 00:09,2025-07-13 01:08
LAB739633,ENC116756,PT12322,WBC,White Blood Cell Count,7.1,K/uL,4.5,11,N,STAT,2025-07-12 23:50,2025-07-12 23:56,2025-07-13 00:33
LAB739634,ENC116756,PT12322,HGB,Hemoglobin,13.3,g/dL,12,17.5,N,STAT,2025-07-12 23:43,2025-07-13 00:11,2025-07-13 02:22
LAB739635,ENC116756,PT12322,TROP,"Troponin I, High Sensitivity",2,ng/L,0,34,N,STAT,2025-07-13 00:06,2025-07-13 00:13,2025-07-13 00:59
LAB739636,ENC116757,PT10065,GLU,Glucose,84,mg/dL,70,99,N,STAT,2025-07-13 01:12,2025-07-13 01:47,2025-07-13 02:32
LAB739637,ENC116757,PT10065,CREAT,Creatinine,0.85,mg/dL,0.6,1.3,N,Routine,2025-07-13 01:43,2025-07-13 02:05,2025-07-13 04:42
LAB739638,ENC116758,PT10328,GLU,Glucose,158,mg/dL,70,99,H,Routine,2025-07-13 02:58,2025-07-13 03:13,2025-07-13 05:12
LAB739639,ENC116758,PT10328,CREAT,Creatinine,1.09,mg/dL,0.6,1.3,N,STAT,2025-07-13 02:56,2025-07-13 03:06,2025-07-13 03:36
LAB739640,ENC116758,PT10328,WBC,White Blood Cell Count,4.7,K/uL,4.5,11,N,Routine,2025-07-13 02:59,2025-07-13 03:24,2025-07-13 10:11
LAB739641,ENC116760,PT10699,GLU,Glucose,103,mg/dL,70,99,H,Routine,2025-07-13 14:02,2025-07-13 14:16,2025-07-13 17:17
LAB739642,ENC116760,PT10699,CREAT,Creatinine,2.32,mg/dL,0.6,1.3,H,STAT,2025-07-13 13:49,2025-07-13 14:23,2025-07-13 15:55
LAB739643,ENC116760,PT10699,WBC,White Blood Cell Count,5.5,K/uL,4.5,11,N,STAT,2025-07-13 14:23,2025-07-13 14:27,2025-07-13 15:33
LAB739644,ENC116760,PT10699,HGB,Hemoglobin,10.5,g/dL,12,17.5,L,Routine,2025-07-13 13:48,2025-07-13 13:57,2025-07-13 15:52
LAB739645,ENC116761,PT11210,GLU,Glucose,84,mg/dL,70,99,N,STAT,2025-07-13 10:18,2025-07-13 10:53,2025-07-13 11:29
LAB739646,ENC116761,PT11210,CREAT,Creatinine,1.12,mg/dL,0.6,1.3,N,Routine,2025-07-13 10:15,2025-07-13 10:35,2025-07-13 14:47
LAB739647,ENC116761,PT11210,WBC,White Blood Cell Count,5.3,K/uL,4.5,11,N,Routine,2025-07-13 10:02,2025-07-13 10:14,2025-07-13 14:29
LAB739648,ENC116761,PT11210,HGB,Hemoglobin,16.4,g/dL,12,17.5,N,STAT,2025-07-13 10:56,2025-07-13 11:11,2025-07-13 11:49
LAB739649,ENC116761,PT11210,NA,Sodium,139,mmol/L,136,145,N,Routine,2025-07-13 11:04,2025-07-13 11:12,2025-07-13 15:54
LAB739650,ENC116761,PT11210,K,Potassium,4.1,mmol/L,3.5,5.1,N,STAT,2025-07-13 11:00,2025-07-13 11:05,2025-07-13 12:27
LAB739651,ENC116763,PT10879,GLU,Glucose,281,mg/dL,70,99,H,Routine,2025-07-13 14:11,2025-07-13 14:17,2025-07-13 16:04
LAB739652,ENC116763,PT10879,CREAT,Creatinine,0.83,mg/dL,0.6,1.3,N,STAT,2025-07-13 14:55,2025-07-13 15:25,2025-07-13 17:09
LAB739653,ENC116763,PT10879,WBC,White Blood Cell Count,6.6,K/uL,4.5,11,N,STAT,2025-07-13 14:30,2025-07-13 14:45,2025-07-13 15:18
LAB739654,ENC116763,PT10879,HGB,Hemoglobin,14.7,g/dL,12,17.5,N,Routine,2025-07-13 14:39,2025-07-13 15:09,2025-07-13 23:17
LAB739655,ENC116763,PT10879,NA,Sodium,138,mmol/L,136,145,N,STAT,2025-07-13 14:57,2025-07-13 15:31,2025-07-13 16:43
LAB739656,ENC116763,PT10879,K,Potassium,4.2,mmol/L,3.5,5.1,N,STAT,2025-07-13 14:37,2025-07-13 14:43,2025-07-13 15:10
LAB739657,ENC116763,PT10879,A1C,Hemoglobin A1c,9.3,%,4,5.6,H,STAT,2025-07-13 14:38,2025-07-13 15:04,2025-07-13 16:03
LAB739658,ENC116764,PT11367,GLU,Glucose,177,mg/dL,70,99,H,STAT,2025-07-13 15:24,2025-07-13 15:45,2025-07-13 16:32
LAB739659,ENC116764,PT11367,CREAT,Creatinine,1.11,mg/dL,0.6,1.3,N,Routine,2025-07-13 14:49,2025-07-13 14:55,2025-07-13 16:29
LAB739660,ENC116764,PT11367,WBC,White Blood Cell Count,20.2,K/uL,4.5,11,H,STAT,2025-07-13 15:14,2025-07-13 15:25,2025-07-13 15:45
LAB739661,ENC116764,PT11367,HGB,Hemoglobin,15,g/dL,12,17.5,N,Routine,2025-07-13 15:13,2025-07-13 15:23,2025-07-13 21:08
LAB739662,ENC116764,PT11367,LACT,Lactate,3.1,mmol/L,0.5,2,H,STAT,2025-07-13 14:54,2025-07-13 15:12,2025-07-13 15:30
LAB739663,ENC116765,PT10485,GLU,Glucose,83,mg/dL,70,99,N,STAT,2025-07-13 16:19,2025-07-13 16:30,2025-07-13 17:04
LAB739664,ENC116765,PT10485,CREAT,Creatinine,1.55,mg/dL,0.6,1.3,H,Routine,2025-07-13 16:11,2025-07-13 16:35,2025-07-13 19:22
LAB739665,ENC116765,PT10485,WBC,White Blood Cell Count,10.2,K/uL,4.5,11,N,STAT,2025-07-13 17:05,2025-07-13 17:29,2025-07-13 18:11
LAB739666,ENC116767,PT10690,GLU,Glucose,110,mg/dL,70,99,H,Routine,2025-07-13 18:12,2025-07-13 18:29,2025-07-14 00:15
LAB739667,ENC116767,PT10690,CREAT,Creatinine,0.81,mg/dL,0.6,1.3,N,Routine,2025-07-13 17:50,2025-07-13 18:04,2025-07-13 20:09
LAB739668,ENC116767,PT10690,WBC,White Blood Cell Count,9.1,K/uL,4.5,11,N,Routine,2025-07-13 17:50,2025-07-13 17:59,2025-07-13 21:39
LAB739669,ENC116769,PT10791,GLU,Glucose,115,mg/dL,70,99,H,Routine,2025-07-13 18:28,2025-07-13 18:48,2025-07-13 22:29
LAB739670,ENC116769,PT10791,CREAT,Creatinine,0.85,mg/dL,0.6,1.3,N,STAT,2025-07-13 18:52,2025-07-13 19:27,2025-07-13 20:19
LAB739671,ENC116769,PT10791,WBC,White Blood Cell Count,6.2,K/uL,4.5,11,N,Routine,2025-07-13 19:35,2025-07-13 20:09,2025-07-14 00:52
LAB739672,ENC116769,PT10791,HGB,Hemoglobin,13.9,g/dL,12,17.5,N,STAT,2025-07-13 18:48,2025-07-13 19:01,2025-07-13 20:10
LAB739673,ENC116770,PT13531,GLU,Glucose,179,mg/dL,70,99,H,Routine,2025-07-13 19:06,2025-07-13 19:11,2025-07-14 03:25
LAB739674,ENC116770,PT13531,CREAT,Creatinine,1.09,mg/dL,0.6,1.3,N,Routine,2025-07-13 18:48,2025-07-13 19:07,2025-07-13 23:38
LAB739675,ENC116770,PT13531,WBC,White Blood Cell Count,7.3,K/uL,4.5,11,N,STAT,2025-07-13 19:25,2025-07-13 19:52,2025-07-13 20:08
LAB739676,ENC116770,PT13531,HGB,Hemoglobin,14.6,g/dL,12,17.5,N,Routine,2025-07-13 19:43,2025-07-13 19:55,2025-07-14 00:43
LAB739677,ENC116772,PT12386,GLU,Glucose,124,mg/dL,70,99,H,Routine,2025-07-14 00:47,2025-07-14 00:55,2025-07-14 02:27
LAB739678,ENC116772,PT12386,CREAT,Creatinine,0.81,mg/dL,0.6,1.3,N,Routine,2025-07-14 00:55,2025-07-14 01:21,2025-07-14 03:03
LAB739679,ENC116772,PT12386,WBC,White Blood Cell Count,7,K/uL,4.5,11,N,STAT,2025-07-14 01:54,2025-07-14 02:26,2025-07-14 03:02
LAB739680,ENC116772,PT12386,HGB,Hemoglobin,12.4,g/dL,12,17.5,N,Routine,2025-07-14 01:26,2025-07-14 02:00,2025-07-14 06:10
LAB739681,ENC116772,PT12386,NA,Sodium,131,mmol/L,136,145,L,STAT,2025-07-14 00:57,2025-07-14 01:22,2025-07-14 01:58
LAB739682,ENC116772,PT12386,K,Potassium,4.4,mmol/L,3.5,5.1,N,STAT,2025-07-14 01:49,2025-07-14 01:54,2025-07-14 02:46
LAB739683,ENC116772,PT12386,TROP,"Troponin I, High Sensitivity",608,ng/L,0,34,H,STAT,2025-07-14 01:29,2025-07-14 01:58,2025-07-14 02:44
LAB739684,ENC116773,PT12280,GLU,Glucose,168,mg/dL,70,99,H,Routine,2025-07-13 22:38,2025-07-13 23:00,2025-07-14 05:23
LAB739685,ENC116773,PT12280,CREAT,Creatinine,1.06,mg/dL,0.6,1.3,N,Routine,2025-07-13 22:28,2025-07-13 23:01,2025-07-14 04:19
LAB739686,ENC116773,PT12280,WBC,White Blood Cell Count,7.4,K/uL,4.5,11,N,Routine,2025-07-13 22:33,2025-07-13 22:37,2025-07-14 00:37
LAB739687,ENC116773,PT12280,HGB,Hemoglobin,14.3,g/dL,12,17.5,N,STAT,2025-07-13 22:34,2025-07-13 22:56,2025-07-13 23:24
LAB739688,ENC116773,PT12280,BUN,Blood Urea Nitrogen,20,mg/dL,7,20,N,STAT,2025-07-13 23:00,2025-07-13 23:06,2025-07-13 23:31
LAB739689,ENC116773,PT12280,PLT,Platelet Count,299,K/uL,150,400,N,STAT,2025-07-13 23:18,2025-07-13 23:48,2025-07-14 00:21
LAB739690,ENC116776,PT13751,TROP,"Troponin I, High Sensitivity",1,ng/L,0,34,N,STAT,2025-07-14 05:45,2025-07-14 06:09,2025-07-14 06:39
LAB739691,ENC116777,PT11595,GLU,Glucose,86,mg/dL,70,99,N,Routine,2025-07-14 09:22,2025-07-14 09:55,2025-07-14 14:19
LAB739692,ENC116777,PT11595,CREAT,Creatinine,0.93,mg/dL,0.6,1.3,N,STAT,2025-07-14 09:22,2025-07-14 09:51,2025-07-14 10:34
LAB739693,ENC116778,PT12486,GLU,Glucose,117,mg/dL,70,99,H,STAT,2025-07-14 09:46,2025-07-14 09:58,2025-07-14 10:31
LAB739694,ENC116778,PT12486,CREAT,Creatinine,1.03,mg/dL,0.6,1.3,N,Routine,2025-07-14 09:27,2025-07-14 09:47,2025-07-14 13:04
LAB739695,ENC116778,PT12486,WBC,White Blood Cell Count,8.1,K/uL,4.5,11,N,STAT,2025-07-14 09:37,2025-07-14 10:07,2025-07-14 11:12
LAB739696,ENC116778,PT12486,HGB,Hemoglobin,14.4,g/dL,12,17.5,N,Routine,2025-07-14 10:15,2025-07-14 10:20,2025-07-14 13:10
LAB739697,ENC116778,PT12486,TROP,"Troponin I, High Sensitivity",107,ng/L,0,34,H,STAT,2025-07-14 09:06,2025-07-14 09:14,2025-07-14 10:11
LAB739698,ENC116779,PT11849,GLU,Glucose,120,mg/dL,70,99,H,STAT,2025-07-14 10:22,2025-07-14 10:29,2025-07-14 10:53
LAB739699,ENC116779,PT11849,CREAT,Creatinine,0.85,mg/dL,0.6,1.3,N,Routine,2025-07-14 10:23,2025-07-14 10:27,2025-07-14 11:17
LAB739700,ENC116779,PT11849,WBC,White Blood Cell Count,9.1,K/uL,4.5,11,N,STAT,2025-07-14 10:56,2025-07-14 11:30,2025-07-14 12:01
LAB739701,ENC116779,PT11849,HGB,Hemoglobin,13.2,g/dL,12,17.5,N,Routine,2025-07-14 10:02,2025-07-14 10:19,2025-07-14 12:29
LAB739702,ENC116779,PT11849,NA,Sodium,142,mmol/L,136,145,N,Routine,2025-07-14 10:48,2025-07-14 11:02,2025-07-14 14:40
LAB739703,ENC116779,PT11849,K,Potassium,4.1,mmol/L,3.5,5.1,N,STAT,2025-07-14 10:55,2025-07-14 11:26,2025-07-14 12:18
LAB739704,ENC116781,PT12682,LDL,LDL Cholesterol,143,mg/dL,0,99,H,Routine,2025-07-14 10:33,2025-07-14 11:01,2025-07-15 10:34
LAB739705,ENC116781,PT12682,A1C,Hemoglobin A1c,5.1,%,4,5.6,N,Routine,2025-07-14 10:44,2025-07-14 11:16,2025-07-15 17:32
LAB739706,ENC116782,PT12558,LDL,LDL Cholesterol,60,mg/dL,0,99,N,Routine,2025-07-14 10:58,2025-07-14 11:21,2025-07-14 21:16
LAB739707,ENC116785,PT11305,GLU,Glucose,189,mg/dL,70,99,H,Routine,2025-07-14 12:27,2025-07-14 12:57,2025-07-14 14:48
LAB739708,ENC116785,PT11305,CREAT,Creatinine,0.74,mg/dL,0.6,1.3,N,STAT,2025-07-14 12:29,2025-07-14 12:55,2025-07-14 13:25
LAB739709,ENC116785,PT11305,WBC,White Blood Cell Count,17.2,K/uL,4.5,11,H,Routine,2025-07-14 12:09,2025-07-14 12:41,2025-07-14 14:28
LAB739710,ENC116786,PT11021,GLU,Glucose,107,mg/dL,70,99,H,STAT,2025-07-14 12:17,2025-07-14 12:21,2025-07-14 13:30
LAB739711,ENC116786,PT11021,CREAT,Creatinine,0.94,mg/dL,0.6,1.3,N,Routine,2025-07-14 12:04,2025-07-14 12:31,2025-07-14 16:30
LAB739712,ENC116786,PT11021,WBC,White Blood Cell Count,4.9,K/uL,4.5,11,N,Routine,2025-07-14 12:19,2025-07-14 12:27,2025-07-14 20:02
LAB739713,ENC116786,PT11021,HGB,Hemoglobin,14.4,g/dL,12,17.5,N,STAT,2025-07-14 11:53,2025-07-14 12:01,2025-07-14 13:26
LAB739714,ENC116786,PT11021,TROP,"Troponin I, High Sensitivity",699,ng/L,0,34,H,STAT,2025-07-14 12:11,2025-07-14 12:30,2025-07-14 13:04
LAB739715,ENC116788,PT10104,A1C,Hemoglobin A1c,8.6,%,4,5.6,H,Routine,2025-07-14 13:12,2025-07-14 13:37,2025-07-15 07:58
LAB739716,ENC116788,PT10104,GLU,Glucose,147,mg/dL,70,99,H,Routine,2025-07-14 13:27,2025-07-14 13:36,2025-07-14 16:44
LAB739717,ENC116788,PT10104,CREAT,Creatinine,1.16,mg/dL,0.6,1.3,N,Routine,2025-07-14 13:21,2025-07-14 13:48,2025-07-14 17:25
LAB739718,ENC116791,PT13626,LDL,LDL Cholesterol,120,mg/dL,0,99,H,Routine,2025-07-14 14:41,2025-07-14 15:07,2025-07-15 04:05
LAB739719,ENC116792,PT11738,GLU,Glucose,218,mg/dL,70,99,H,STAT,2025-07-14 15:35,2025-07-14 15:42,2025-07-14 16:36
LAB739720,ENC116792,PT11738,CREAT,Creatinine,0.91,mg/dL,0.6,1.3,N,STAT,2025-07-14 15:21,2025-07-14 15:48,2025-07-14 16:37
LAB739721,ENC116792,PT11738,WBC,White Blood Cell Count,9.7,K/uL,4.5,11,N,Routine,2025-07-14 15:40,2025-07-14 16:00,2025-07-14 20:37
LAB739722,ENC116792,PT11738,HGB,Hemoglobin,14.5,g/dL,12,17.5,N,Routine,2025-07-14 14:48,2025-07-14 15:04,2025-07-14 17:06
LAB739723,ENC116792,PT11738,INR,Prothrombin Time INR,1,ratio,0.8,1.2,N,Routine,2025-07-14 15:42,2025-07-14 16:00,2025-07-14 20:17
LAB739724,ENC116793,PT13577,WBC,White Blood Cell Count,8.4,K/uL,4.5,11,N,Routine,2025-07-14 15:06,2025-07-14 15:29,2025-07-14 16:50
LAB739725,ENC116793,PT13577,HGB,Hemoglobin,11.9,g/dL,12,17.5,L,Routine,2025-07-14 15:11,2025-07-14 15:19,2025-07-14 18:52
LAB739726,ENC116793,PT13577,PLT,Platelet Count,282,K/uL,150,400,N,Routine,2025-07-14 15:16,2025-07-14 15:32,2025-07-14 19:49
LAB739727,ENC116796,PT12630,GLU,Glucose,105,mg/dL,70,99,H,Routine,2025-07-14 22:05,2025-07-14 22:09,2025-07-14 23:59
LAB739728,ENC116796,PT12630,CREAT,Creatinine,1.04,mg/dL,0.6,1.3,N,STAT,2025-07-14 21:50,2025-07-14 21:59,2025-07-14 22:33
LAB739729,ENC116796,PT12630,WBC,White Blood Cell Count,9.3,K/uL,4.5,11,N,STAT,2025-07-14 21:14,2025-07-14 21:45,2025-07-14 22:28
LAB739730,ENC116796,PT12630,HGB,Hemoglobin,14,g/dL,12,17.5,N,STAT,2025-07-14 21:50,2025-07-14 22:21,2025-07-14 22:52
LAB739731,ENC116796,PT12630,NA,Sodium,144,mmol/L,136,145,N,STAT,2025-07-14 21:45,2025-07-14 22:20,2025-07-14 22:53
LAB739732,ENC116796,PT12630,K,Potassium,3.9,mmol/L,3.5,5.1,N,STAT,2025-07-14 21:28,2025-07-14 22:02,2025-07-14 22:41
LAB739733,ENC116797,PT13378,GLU,Glucose,104,mg/dL,70,99,H,STAT,2025-07-15 00:47,2025-07-15 00:55,2025-07-15 01:23
LAB739734,ENC116797,PT13378,CREAT,Creatinine,0.49,mg/dL,0.6,1.3,L,Routine,2025-07-15 00:35,2025-07-15 01:07,2025-07-15 04:38
LAB739735,ENC116797,PT13378,WBC,White Blood Cell Count,10.6,K/uL,4.5,11,N,STAT,2025-07-14 23:48,2025-07-15 00:15,2025-07-15 01:06
LAB739736,ENC116797,PT13378,HGB,Hemoglobin,17.1,g/dL,12,17.5,N,Routine,2025-07-15 00:25,2025-07-15 00:49,2025-07-15 04:31
LAB739737,ENC116797,PT13378,NA,Sodium,143,mmol/L,136,145,N,STAT,2025-07-15 00:36,2025-07-15 00:40,2025-07-15 01:20
LAB739738,ENC116797,PT13378,K,Potassium,4.2,mmol/L,3.5,5.1,N,STAT,2025-07-15 00:35,2025-07-15 01:09,2025-07-15 01:42
LAB739739,ENC116797,PT13378,LACT,Lactate,2.7,mmol/L,0.5,2,H,STAT,2025-07-15 00:57,2025-07-15 01:12,2025-07-15 01:37
LAB739740,ENC116798,PT11927,GLU,Glucose,94,mg/dL,70,99,N,Routine,2025-07-14 21:49,2025-07-14 22:22,2025-07-14 23:50
LAB739741,ENC116798,PT11927,CREAT,Creatinine,1.17,mg/dL,0.6,1.3,N,STAT,2025-07-14 21:39,2025-07-14 21:50,2025-07-14 22:43
LAB739742,ENC116798,PT11927,WBC,White Blood Cell Count,7.9,K/uL,4.5,11,N,STAT,2025-07-14 21:41,2025-07-14 21:58,2025-07-14 23:48
LAB739743,ENC116798,PT11927,HGB,Hemoglobin,12.9,g/dL,12,17.5,N,STAT,2025-07-14 22:01,2025-07-14 22:09,2025-07-14 23:28
LAB739744,ENC116798,PT11927,NA,Sodium,139,mmol/L,136,145,N,STAT,2025-07-14 21:03,2025-07-14 21:27,2025-07-14 21:53
LAB739745,ENC116798,PT11927,K,Potassium,4.5,mmol/L,3.5,5.1,N,STAT,2025-07-14 21:11,2025-07-14 21:44,2025-07-14 23:09
LAB739746,ENC116798,PT11927,LACT,Lactate,1.9,mmol/L,0.5,2,N,STAT,2025-07-14 21:19,2025-07-14 21:37,2025-07-14 22:16
LAB739747,ENC116803,PT11851,GLU,Glucose,258,mg/dL,70,99,H,STAT,2025-07-14 23:56,2025-07-15 00:03,2025-07-15 00:37
LAB739748,ENC116803,PT11851,CREAT,Creatinine,0.7,mg/dL,0.6,1.3,N,STAT,2025-07-15 00:03,2025-07-15 00:20,2025-07-15 01:23
LAB739749,ENC116803,PT11851,WBC,White Blood Cell Count,11.5,K/uL,4.5,11,H,STAT,2025-07-15 00:35,2025-07-15 00:57,2025-07-15 02:20
LAB739750,ENC116803,PT11851,TROP,"Troponin I, High Sensitivity",7,ng/L,0,34,N,STAT,2025-07-14 23:52,2025-07-14 23:56,2025-07-15 00:42
LAB739751,ENC116804,PT12506,GLU,Glucose,117,mg/dL,70,99,H,STAT,2025-07-15 01:40,2025-07-15 02:12,2025-07-15 02:52
LAB739752,ENC116804,PT12506,CREAT,Creatinine,1.06,mg/dL,0.6,1.3,N,STAT,2025-07-15 02:17,2025-07-15 02:26,2025-07-15 03:01
LAB739753,ENC116804,PT12506,WBC,White Blood Cell Count,7.9,K/uL,4.5,11,N,STAT,2025-07-15 01:14,2025-07-15 01:29,2025-07-15 02:00
LAB739754,ENC116804,PT12506,HGB,Hemoglobin,14.3,g/dL,12,17.5,N,STAT,2025-07-15 01:23,2025-07-15 01:56,2025-07-15 03:06
LAB739755,ENC116805,PT13306,GLU,Glucose,94,mg/dL,70,99,N,Routine,2025-07-15 07:27,2025-07-15 07:34,2025-07-15 09:15
LAB739756,ENC116805,PT13306,CREAT,Creatinine,1.33,mg/dL,0.6,1.3,H,Routine,2025-07-15 07:26,2025-07-15 07:47,2025-07-15 14:50
LAB739757,ENC116805,PT13306,WBC,White Blood Cell Count,8.4,K/uL,4.5,11,N,STAT,2025-07-15 07:16,2025-07-15 07:21,2025-07-15 08:08
LAB739758,ENC116805,PT13306,HGB,Hemoglobin,14.8,g/dL,12,17.5,N,Routine,2025-07-15 07:21,2025-07-15 07:26,2025-07-15 09:26
LAB739759,ENC116805,PT13306,TROP,"Troponin I, High Sensitivity",63,ng/L,0,34,H,STAT,2025-07-15 07:35,2025-07-15 08:00,2025-07-15 08:44
LAB739760,ENC116805,PT13306,BNP,B-Type Natriuretic Peptide,539,pg/mL,0,100,H,STAT,2025-07-15 07:01,2025-07-15 07:20,2025-07-15 07:58
LAB739761,ENC116806,PT12424,GLU,Glucose,92,mg/dL,70,99,N,Routine,2025-07-15 10:01,2025-07-15 10:31,2025-07-15 13:46
LAB739762,ENC116806,PT12424,CREAT,Creatinine,0.52,mg/dL,0.6,1.3,L,STAT,2025-07-15 09:39,2025-07-15 09:56,2025-07-15 10:31
LAB739763,ENC116806,PT12424,WBC,White Blood Cell Count,8.1,K/uL,4.5,11,N,Routine,2025-07-15 09:32,2025-07-15 09:58,2025-07-15 13:16
LAB739764,ENC116806,PT12424,HGB,Hemoglobin,13.2,g/dL,12,17.5,N,STAT,2025-07-15 10:16,2025-07-15 10:39,2025-07-15 11:22
LAB739765,ENC116806,PT12424,NA,Sodium,136,mmol/L,136,145,N,Routine,2025-07-15 09:28,2025-07-15 09:34,2025-07-15 17:36
LAB739766,ENC116806,PT12424,K,Potassium,4.2,mmol/L,3.5,5.1,N,STAT,2025-07-15 10:02,2025-07-15 10:14,2025-07-15 11:37
LAB739767,ENC116808,PT13207,WBC,White Blood Cell Count,9.6,K/uL,4.5,11,N,Routine,2025-07-15 08:38,2025-07-15 08:48,2025-07-15 11:53
LAB739768,ENC116808,PT13207,HGB,Hemoglobin,13.6,g/dL,12,17.5,N,Routine,2025-07-15 08:27,2025-07-15 08:35,2025-07-15 14:14
LAB739769,ENC116808,PT13207,PLT,Platelet Count,243,K/uL,150,400,N,Routine,2025-07-15 08:30,2025-07-15 09:05,2025-07-15 13:06
LAB739770,ENC116815,PT11345,LDL,LDL Cholesterol,123,mg/dL,0,99,H,Routine,2025-07-15 12:15,2025-07-15 12:31,2025-07-16 14:21
LAB739771,ENC116816,PT10938,GLU,Glucose,72,mg/dL,70,99,N,Routine,2025-07-15 15:40,2025-07-15 15:54,2025-07-15 18:30
LAB739772,ENC116816,PT10938,CREAT,Creatinine,1.81,mg/dL,0.6,1.3,H,STAT,2025-07-15 16:22,2025-07-15 16:37,2025-07-15 17:15
LAB739773,ENC116816,PT10938,WBC,White Blood Cell Count,3.3,K/uL,4.5,11,L,STAT,2025-07-15 15:48,2025-07-15 16:17,2025-07-15 17:03
LAB739774,ENC116816,PT10938,HGB,Hemoglobin,13.2,g/dL,12,17.5,N,STAT,2025-07-15 15:19,2025-07-15 15:41,2025-07-15 16:14
LAB739775,ENC116816,PT10938,LACT,Lactate,2.2,mmol/L,0.5,2,H,STAT,2025-07-15 15:32,2025-07-15 15:42,2025-07-15 16:34
LAB739776,ENC116818,PT13594,LDL,LDL Cholesterol,113,mg/dL,0,99,H,Routine,2025-07-15 15:16,2025-07-15 15:32,2025-07-15 22:14
LAB739777,ENC116818,PT13594,TSH,Thyroid Stimulating Hormone,1.49,mIU/L,0.4,4,N,Routine,2025-07-15 15:23,2025-07-15 15:49,2025-07-16 08:21
LAB739778,ENC116820,PT10928,GLU,Glucose,148,mg/dL,70,99,H,STAT,2025-07-15 18:17,2025-07-15 18:39,2025-07-15 19:59
LAB739779,ENC116820,PT10928,CREAT,Creatinine,2.13,mg/dL,0.6,1.3,H,Routine,2025-07-15 18:19,2025-07-15 18:36,2025-07-15 20:07
LAB739780,ENC116820,PT10928,WBC,White Blood Cell Count,21.1,K/uL,4.5,11,H,STAT,2025-07-15 18:31,2025-07-15 18:46,2025-07-15 19:35
LAB739781,ENC116820,PT10928,HGB,Hemoglobin,13.6,g/dL,12,17.5,N,STAT,2025-07-15 19:01,2025-07-15 19:36,2025-07-15 20:10
LAB739782,ENC116820,PT10928,NA,Sodium,139,mmol/L,136,145,N,STAT,2025-07-15 19:11,2025-07-15 19:28,2025-07-15 19:56
LAB739783,ENC116820,PT10928,K,Potassium,3.4,mmol/L,3.5,5.1,L,STAT,2025-07-15 18:28,2025-07-15 18:45,2025-07-15 19:40
LAB739784,ENC116820,PT10928,LACT,Lactate,3.7,mmol/L,0.5,2,H,STAT,2025-07-15 18:25,2025-07-15 18:48,2025-07-15 19:26
LAB739785,ENC116822,PT12846,GLU,Glucose,99,mg/dL,70,99,N,Routine,2025-07-15 21:48,2025-07-15 22:18,2025-07-16 00:53
LAB739786,ENC116822,PT12846,CREAT,Creatinine,1.06,mg/dL,0.6,1.3,N,STAT,2025-07-15 21:33,2025-07-15 22:05,2025-07-15 22:38
LAB739787,ENC116822,PT12846,WBC,White Blood Cell Count,9.8,K/uL,4.5,11,N,STAT,2025-07-15 21:44,2025-07-15 22:00,2025-07-15 22:34
LAB739788,ENC116822,PT12846,HGB,Hemoglobin,16.6,g/dL,12,17.5,N,STAT,2025-07-15 21:33,2025-07-15 22:05,2025-07-15 22:55
LAB739789,ENC116822,PT12846,BUN,Blood Urea Nitrogen,12,mg/dL,7,20,N,STAT,2025-07-15 22:06,2025-07-15 22:35,2025-07-15 23:44
LAB739790,ENC116822,PT12846,PLT,Platelet Count,195,K/uL,150,400,N,STAT,2025-07-15 22:04,2025-07-15 22:30,2025-07-15 23:07
LAB739791,ENC116825,PT10214,GLU,Glucose,103,mg/dL,70,99,H,STAT,2025-07-15 21:09,2025-07-15 21:36,2025-07-15 22:33
LAB739792,ENC116825,PT10214,CREAT,Creatinine,1.07,mg/dL,0.6,1.3,N,STAT,2025-07-15 21:54,2025-07-15 22:20,2025-07-15 22:53
LAB739793,ENC116825,PT10214,WBC,White Blood Cell Count,7.8,K/uL,4.5,11,N,Routine,2025-07-15 21:17,2025-07-15 21:25,2025-07-15 23:34
LAB739794,ENC116826,PT11845,GLU,Glucose,58,mg/dL,70,99,L,Routine,2025-07-15 23:48,2025-07-16 00:03,2025-07-16 04:23
LAB739795,ENC116826,PT11845,CREAT,Creatinine,0.6,mg/dL,0.6,1.3,N,Routine,2025-07-15 23:51,2025-07-16 00:19,2025-07-16 03:15
LAB739796,ENC116826,PT11845,WBC,White Blood Cell Count,3.7,K/uL,4.5,11,L,STAT,2025-07-15 23:59,2025-07-16 00:06,2025-07-16 01:05
LAB739797,ENC116826,PT11845,HGB,Hemoglobin,7.5,g/dL,12,17.5,L,STAT,2025-07-15 23:50,2025-07-16 00:07,2025-07-16 00:52
LAB739798,ENC116826,PT11845,BUN,Blood Urea Nitrogen,19,mg/dL,7,20,N,STAT,2025-07-15 23:42,2025-07-16 00:17,2025-07-16 01:29
LAB739799,ENC116826,PT11845,PLT,Platelet Count,256,K/uL,150,400,N,STAT,2025-07-16 00:25,2025-07-16 00:29,2025-07-16 01:03
LAB739800,ENC116826,PT11845,LACT,Lactate,1.8,mmol/L,0.5,2,N,STAT,2025-07-15 23:24,2025-07-15 23:40,2025-07-16 00:30
LAB739801,ENC116826,PT11845,INR,Prothrombin Time INR,1,ratio,0.8,1.2,N,Routine,2025-07-15 23:41,2025-07-16 00:13,2025-07-16 03:49
LAB739802,ENC116827,PT11199,GLU,Glucose,100,mg/dL,70,99,H,STAT,2025-07-16 02:13,2025-07-16 02:27,2025-07-16 03:47
LAB739803,ENC116827,PT11199,CREAT,Creatinine,1.9,mg/dL,0.6,1.3,H,STAT,2025-07-16 02:16,2025-07-16 02:44,2025-07-16 03:30
LAB739804,ENC116827,PT11199,WBC,White Blood Cell Count,6.3,K/uL,4.5,11,N,STAT,2025-07-16 02:11,2025-07-16 02:22,2025-07-16 03:06
LAB739805,ENC116827,PT11199,HGB,Hemoglobin,9.1,g/dL,12,17.5,L,STAT,2025-07-16 02:02,2025-07-16 02:30,2025-07-16 02:57
LAB739806,ENC116827,PT11199,NA,Sodium,139,mmol/L,136,145,N,STAT,2025-07-16 01:20,2025-07-16 01:41,2025-07-16 02:06
LAB739807,ENC116827,PT11199,K,Potassium,4.1,mmol/L,3.5,5.1,N,STAT,2025-07-16 02:16,2025-07-16 02:32,2025-07-16 03:17
LAB739808,ENC116828,PT10586,GLU,Glucose,89,mg/dL,70,99,N,STAT,2025-07-15 22:09,2025-07-15 22:34,2025-07-15 23:24
LAB739809,ENC116828,PT10586,CREAT,Creatinine,1.21,mg/dL,0.6,1.3,N,STAT,2025-07-15 21:40,2025-07-15 21:55,2025-07-15 23:26
LAB739810,ENC116828,PT10586,TROP,"Troponin I, High Sensitivity",3,ng/L,0,34,N,STAT,2025-07-15 21:45,2025-07-15 22:06,2025-07-15 22:23
LAB739811,ENC116830,PT11760,GLU,Glucose,127,mg/dL,70,99,H,STAT,2025-07-15 23:25,2025-07-16 00:00,2025-07-16 00:46
LAB739812,ENC116830,PT11760,CREAT,Creatinine,0.79,mg/dL,0.6,1.3,N,Routine,2025-07-15 22:56,2025-07-15 23:15,2025-07-16 03:14
LAB739813,ENC116831,PT13937,GLU,Glucose,136,mg/dL,70,99,H,STAT,2025-07-16 09:05,2025-07-16 09:24,2025-07-16 09:57
LAB739814,ENC116831,PT13937,CREAT,Creatinine,0.96,mg/dL,0.6,1.3,N,Routine,2025-07-16 09:25,2025-07-16 09:34,2025-07-16 13:37
LAB739815,ENC116831,PT13937,WBC,White Blood Cell Count,5.9,K/uL,4.5,11,N,Routine,2025-07-16 08:58,2025-07-16 09:12,2025-07-16 11:12
LAB739816,ENC116831,PT13937,HGB,Hemoglobin,13.1,g/dL,12,17.5,N,Routine,2025-07-16 09:18,2025-07-16 09:25,2025-07-16 12:10
LAB739817,ENC116832,PT12586,GLU,Glucose,187,mg/dL,70,99,H,STAT,2025-07-16 06:06,2025-07-16 06:34,2025-07-16 07:30
LAB739818,ENC116832,PT12586,CREAT,Creatinine,1.69,mg/dL,0.6,1.3,H,STAT,2025-07-16 06:12,2025-07-16 06:28,2025-07-16 07:22
LAB739819,ENC116832,PT12586,WBC,White Blood Cell Count,13.1,K/uL,4.5,11,H,Routine,2025-07-16 06:44,2025-07-16 07:08,2025-07-16 11:14
LAB739820,ENC116832,PT12586,HGB,Hemoglobin,12.4,g/dL,12,17.5,N,STAT,2025-07-16 07:07,2025-07-16 07:14,2025-07-16 08:21
LAB739821,ENC116832,PT12586,LACT,Lactate,6.4,mmol/L,0.5,2,HH,STAT,2025-07-16 06:49,2025-07-16 07:14,2025-07-16 08:16
LAB739822,ENC116833,PT10807,GLU,Glucose,251,mg/dL,70,99,H,STAT,2025-07-16 10:37,2025-07-16 11:04,2025-07-16 12:12
LAB739823,ENC116833,PT10807,CREAT,Creatinine,2.1,mg/dL,0.6,1.3,H,STAT,2025-07-16 10:12,2025-07-16 10:16,2025-07-16 11:20
LAB739824,ENC116833,PT10807,WBC,White Blood Cell Count,13.9,K/uL,4.5,11,H,STAT,2025-07-16 10:22,2025-07-16 10:54,2025-07-16 11:26
LAB739825,ENC116833,PT10807,HGB,Hemoglobin,16.2,g/dL,12,17.5,N,STAT,2025-07-16 10:34,2025-07-16 10:43,2025-07-16 11:11
LAB739826,ENC116833,PT10807,LACT,Lactate,1.9,mmol/L,0.5,2,N,STAT,2025-07-16 09:50,2025-07-16 10:24,2025-07-16 10:46
LAB739827,ENC116835,PT13695,WBC,White Blood Cell Count,8.4,K/uL,4.5,11,N,Routine,2025-07-16 09:25,2025-07-16 09:30,2025-07-16 10:41
LAB739828,ENC116835,PT13695,HGB,Hemoglobin,13.4,g/dL,12,17.5,N,Routine,2025-07-16 09:26,2025-07-16 09:59,2025-07-16 13:05
LAB739829,ENC116835,PT13695,PLT,Platelet Count,150,K/uL,150,400,N,Routine,2025-07-16 09:21,2025-07-16 09:49,2025-07-16 12:45
LAB739830,ENC116837,PT13868,GLU,Glucose,90,mg/dL,70,99,N,Routine,2025-07-16 14:28,2025-07-16 14:33,2025-07-16 16:34
LAB739831,ENC116837,PT13868,CREAT,Creatinine,2.98,mg/dL,0.6,1.3,H,STAT,2025-07-16 13:56,2025-07-16 14:07,2025-07-16 14:45
LAB739832,ENC116837,PT13868,WBC,White Blood Cell Count,1.6,K/uL,4.5,11,L,STAT,2025-07-16 14:05,2025-07-16 14:21,2025-07-16 14:46
LAB739833,ENC116837,PT13868,HGB,Hemoglobin,13.9,g/dL,12,17.5,N,Routine,2025-07-16 13:34,2025-07-16 13:56,2025-07-16 17:14
LAB739834,ENC116837,PT13868,NA,Sodium,139,mmol/L,136,145,N,STAT,2025-07-16 14:19,2025-07-16 14:24,2025-07-16 15:44
LAB739835,ENC116837,PT13868,K,Potassium,4.5,mmol/L,3.5,5.1,N,STAT,2025-07-16 13:56,2025-07-16 14:23,2025-07-16 15:25
LAB739836,ENC116839,PT11293,LDL,LDL Cholesterol,193,mg/dL,0,99,H,Routine,2025-07-16 11:03,2025-07-16 11:18,2025-07-16 21:49
LAB739837,ENC116842,PT12325,A1C,Hemoglobin A1c,9.7,%,4,5.6,H,Routine,2025-07-16 11:52,2025-07-16 12:22,2025-07-17 03:18
LAB739838,ENC116848,PT11026,A1C,Hemoglobin A1c,13.8,%,4,5.6,H,Routine,2025-07-16 13:14,2025-07-16 13:28,2025-07-16 20:10
LAB739839,ENC116849,PT10922,LDL,LDL Cholesterol,115,mg/dL,0,99,H,Routine,2025-07-16 13:07,2025-07-16 13:17,2025-07-17 08:42
LAB739840,ENC116852,PT13636,GLU,Glucose,96,mg/dL,70,99,N,STAT,2025-07-16 17:52,2025-07-16 18:14,2025-07-16 18:54
LAB739841,ENC116852,PT13636,CREAT,Creatinine,1.21,mg/dL,0.6,1.3,N,Routine,2025-07-16 17:34,2025-07-16 17:59,2025-07-16 19:33
LAB739842,ENC116852,PT13636,WBC,White Blood Cell Count,8.7,K/uL,4.5,11,N,STAT,2025-07-16 17:20,2025-07-16 17:29,2025-07-16 17:53
LAB739843,ENC116852,PT13636,HGB,Hemoglobin,11.3,g/dL,12,17.5,L,STAT,2025-07-16 17:21,2025-07-16 17:40,2025-07-16 18:28
LAB739844,ENC116852,PT13636,NA,Sodium,137,mmol/L,136,145,N,STAT,2025-07-16 17:52,2025-07-16 17:59,2025-07-16 19:15
LAB739845,ENC116852,PT13636,K,Potassium,4.1,mmol/L,3.5,5.1,N,STAT,2025-07-16 17:06,2025-07-16 17:21,2025-07-16 17:54
LAB739846,ENC116853,PT11822,A1C,Hemoglobin A1c,9.1,%,4,5.6,H,Routine,2025-07-16 14:22,2025-07-16 14:51,2025-07-17 00:29
LAB739847,ENC116854,PT12032,WBC,White Blood Cell Count,6.8,K/uL,4.5,11,N,Routine,2025-07-16 15:00,2025-07-16 15:12,2025-07-16 18:59
LAB739848,ENC116854,PT12032,HGB,Hemoglobin,12.6,g/dL,12,17.5,N,Routine,2025-07-16 14:55,2025-07-16 15:13,2025-07-16 18:36
LAB739849,ENC116854,PT12032,PLT,Platelet Count,273,K/uL,150,400,N,Routine,2025-07-16 15:10,2025-07-16 15:19,2025-07-16 17:01
LAB739850,ENC116856,PT12781,GLU,Glucose,163,mg/dL,70,99,H,STAT,2025-07-16 20:29,2025-07-16 20:36,2025-07-16 21:03
LAB739851,ENC116856,PT12781,CREAT,Creatinine,0.64,mg/dL,0.6,1.3,N,STAT,2025-07-16 20:41,2025-07-16 21:06,2025-07-16 21:53
LAB739852,ENC116856,PT12781,WBC,White Blood Cell Count,7.4,K/uL,4.5,11,N,STAT,2025-07-16 20:59,2025-07-16 21:33,2025-07-16 21:55
LAB739853,ENC116856,PT12781,HGB,Hemoglobin,13.6,g/dL,12,17.5,N,STAT,2025-07-16 20:51,2025-07-16 21:18,2025-07-16 21:56
LAB739854,ENC116856,PT12781,LACT,Lactate,2,mmol/L,0.5,2,N,STAT,2025-07-16 20:44,2025-07-16 20:51,2025-07-16 21:27
LAB739855,ENC116857,PT13079,GLU,Glucose,124,mg/dL,70,99,H,STAT,2025-07-16 20:08,2025-07-16 20:34,2025-07-16 21:19
LAB739856,ENC116857,PT13079,CREAT,Creatinine,1.12,mg/dL,0.6,1.3,N,Routine,2025-07-16 20:47,2025-07-16 21:04,2025-07-16 23:25
LAB739857,ENC116857,PT13079,WBC,White Blood Cell Count,13.8,K/uL,4.5,11,H,STAT,2025-07-16 20:52,2025-07-16 21:14,2025-07-16 21:54
LAB739858,ENC116857,PT13079,HGB,Hemoglobin,15.7,g/dL,12,17.5,N,STAT,2025-07-16 20:56,2025-07-16 21:12,2025-07-16 22:03
LAB739859,ENC116858,PT12764,GLU,Glucose,114,mg/dL,70,99,H,STAT,2025-07-16 23:48,2025-07-17 00:18,2025-07-17 01:21
LAB739860,ENC116858,PT12764,CREAT,Creatinine,0.88,mg/dL,0.6,1.3,N,Routine,2025-07-16 23:02,2025-07-16 23:12,2025-07-17 01:23
LAB739861,ENC116858,PT12764,WBC,White Blood Cell Count,6,K/uL,4.5,11,N,STAT,2025-07-17 00:07,2025-07-17 00:26,2025-07-17 00:54
LAB739862,ENC116858,PT12764,HGB,Hemoglobin,14.3,g/dL,12,17.5,N,STAT,2025-07-16 23:27,2025-07-16 23:47,2025-07-17 00:53
LAB739863,ENC116858,PT12764,NA,Sodium,141,mmol/L,136,145,N,Routine,2025-07-17 00:06,2025-07-17 00:15,2025-07-17 01:51
LAB739864,ENC116858,PT12764,K,Potassium,4.4,mmol/L,3.5,5.1,N,STAT,2025-07-16 23:51,2025-07-17 00:14,2025-07-17 00:35
LAB739865,ENC116861,PT10864,GLU,Glucose,95,mg/dL,70,99,N,Routine,2025-07-17 00:58,2025-07-17 01:29,2025-07-17 04:42
LAB739866,ENC116861,PT10864,CREAT,Creatinine,1.07,mg/dL,0.6,1.3,N,STAT,2025-07-17 00:20,2025-07-17 00:31,2025-07-17 01:03
LAB739867,ENC116861,PT10864,WBC,White Blood Cell Count,7.6,K/uL,4.5,11,N,Routine,2025-07-17 01:14,2025-07-17 01:19,2025-07-17 05:04
LAB739868,ENC116861,PT10864,HGB,Hemoglobin,14.2,g/dL,12,17.5,N,STAT,2025-07-17 00:53,2025-07-17 01:13,2025-07-17 01:57
LAB739869,ENC116861,PT10864,NA,Sodium,140,mmol/L,136,145,N,STAT,2025-07-17 01:21,2025-07-17 01:31,2025-07-17 02:26
LAB739870,ENC116861,PT10864,K,Potassium,4.5,mmol/L,3.5,5.1,N,STAT,2025-07-17 00:41,2025-07-17 01:11,2025-07-17 02:00
LAB739871,ENC116861,PT10864,TROP,"Troponin I, High Sensitivity",1,ng/L,0,34,N,STAT,2025-07-17 01:21,2025-07-17 01:51,2025-07-17 02:22
LAB739872,ENC116863,PT10556,GLU,Glucose,134,mg/dL,70,99,H,STAT,2025-07-17 08:28,2025-07-17 08:46,2025-07-17 09:22
LAB739873,ENC116863,PT10556,CREAT,Creatinine,0.97,mg/dL,0.6,1.3,N,Routine,2025-07-17 08:08,2025-07-17 08:14,2025-07-17 10:53
LAB739874,ENC116863,PT10556,WBC,White Blood Cell Count,8.3,K/uL,4.5,11,N,STAT,2025-07-17 08:20,2025-07-17 08:44,2025-07-17 10:22
LAB739875,ENC116863,PT10556,HGB,Hemoglobin,11.1,g/dL,12,17.5,L,STAT,2025-07-17 09:05,2025-07-17 09:09,2025-07-17 10:03
LAB739876,ENC116863,PT10556,NA,Sodium,141,mmol/L,136,145,N,STAT,2025-07-17 08:58,2025-07-17 09:28,2025-07-17 10:21
LAB739877,ENC116863,PT10556,K,Potassium,4,mmol/L,3.5,5.1,N,STAT,2025-07-17 08:16,2025-07-17 08:45,2025-07-17 09:25
LAB739878,ENC116865,PT13193,GLU,Glucose,185,mg/dL,70,99,H,Routine,2025-07-17 12:31,2025-07-17 13:00,2025-07-17 16:36
LAB739879,ENC116865,PT13193,CREAT,Creatinine,0.92,mg/dL,0.6,1.3,N,STAT,2025-07-17 12:04,2025-07-17 12:39,2025-07-17 14:03
LAB739880,ENC116865,PT13193,WBC,White Blood Cell Count,7,K/uL,4.5,11,N,STAT,2025-07-17 13:11,2025-07-17 13:43,2025-07-17 14:58
LAB739881,ENC116865,PT13193,HGB,Hemoglobin,12.9,g/dL,12,17.5,N,STAT,2025-07-17 13:08,2025-07-17 13:39,2025-07-17 14:34
LAB739882,ENC116867,PT11084,LDL,LDL Cholesterol,132,mg/dL,0,99,H,Routine,2025-07-17 09:56,2025-07-17 10:18,2025-07-17 21:36
LAB739883,ENC116867,PT11084,A1C,Hemoglobin A1c,7.4,%,4,5.6,H,Routine,2025-07-17 09:56,2025-07-17 10:28,2025-07-18 00:00
LAB739884,ENC116872,PT12193,A1C,Hemoglobin A1c,9.6,%,4,5.6,H,Routine,2025-07-17 11:41,2025-07-17 12:05,2025-07-18 14:02
LAB739885,ENC116873,PT13005,A1C,Hemoglobin A1c,6.8,%,4,5.6,H,Routine,2025-07-17 11:29,2025-07-17 11:37,2025-07-18 03:50
LAB739886,ENC116873,PT13005,GLU,Glucose,185,mg/dL,70,99,H,Routine,2025-07-17 11:21,2025-07-17 11:50,2025-07-17 13:29
LAB739887,ENC116873,PT13005,CREAT,Creatinine,1.03,mg/dL,0.6,1.3,N,Routine,2025-07-17 11:43,2025-07-17 11:50,2025-07-17 16:50
LAB739888,ENC116881,PT10777,WBC,White Blood Cell Count,6.7,K/uL,4.5,11,N,Routine,2025-07-17 14:23,2025-07-17 14:27,2025-07-17 17:01
LAB739889,ENC116881,PT10777,HGB,Hemoglobin,16.7,g/dL,12,17.5,N,Routine,2025-07-17 14:16,2025-07-17 14:32,2025-07-17 16:37
LAB739890,ENC116881,PT10777,PLT,Platelet Count,154,K/uL,150,400,N,Routine,2025-07-17 14:21,2025-07-17 14:52,2025-07-17 19:24
LAB739891,ENC116883,PT10795,GLU,Glucose,61,mg/dL,70,99,L,STAT,2025-07-17 15:37,2025-07-17 16:05,2025-07-17 16:30
LAB739892,ENC116883,PT10795,CREAT,Creatinine,1.17,mg/dL,0.6,1.3,N,STAT,2025-07-17 15:55,2025-07-17 16:22,2025-07-17 17:04
LAB739893,ENC116884,PT13581,GLU,Glucose,146,mg/dL,70,99,H,Routine,2025-07-17 15:30,2025-07-17 15:51,2025-07-17 20:08
LAB739894,ENC116884,PT13581,CREAT,Creatinine,0.83,mg/dL,0.6,1.3,N,Routine,2025-07-17 15:47,2025-07-17 16:21,2025-07-17 19:33
LAB739895,ENC116884,PT13581,WBC,White Blood Cell Count,11.3,K/uL,4.5,11,H,STAT,2025-07-17 16:12,2025-07-17 16:23,2025-07-17 17:28
LAB739896,ENC116885,PT11461,LDL,LDL Cholesterol,103,mg/dL,0,99,H,Routine,2025-07-17 15:29,2025-07-17 15:34,2025-07-18 07:04
LAB739897,ENC116885,PT11461,TSH,Thyroid Stimulating Hormone,3.38,mIU/L,0.4,4,N,Routine,2025-07-17 15:41,2025-07-17 15:52,2025-07-18 02:46
LAB739898,ENC116886,PT12312,A1C,Hemoglobin A1c,7.6,%,4,5.6,H,Routine,2025-07-17 16:50,2025-07-17 17:13,2025-07-18 04:11
LAB739899,ENC116889,PT11383,GLU,Glucose,104,mg/dL,70,99,H,Routine,2025-07-17 22:34,2025-07-17 23:03,2025-07-18 08:18
LAB739900,ENC116889,PT11383,CREAT,Creatinine,0.87,mg/dL,0.6,1.3,N,Routine,2025-07-17 22:11,2025-07-17 22:25,2025-07-18 02:32
LAB739901,ENC116889,PT11383,WBC,White Blood Cell Count,9.9,K/uL,4.5,11,N,Routine,2025-07-17 22:58,2025-07-17 23:04,2025-07-18 02:50
LAB739902,ENC116890,PT13683,GLU,Glucose,94,mg/dL,70,99,N,STAT,2025-07-18 02:59,2025-07-18 03:05,2025-07-18 04:02
LAB739903,ENC116890,PT13683,CREAT,Creatinine,0.95,mg/dL,0.6,1.3,N,Routine,2025-07-18 03:31,2025-07-18 04:02,2025-07-18 06:00
LAB739904,ENC116890,PT13683,WBC,White Blood Cell Count,8.1,K/uL,4.5,11,N,Routine,2025-07-18 02:57,2025-07-18 03:03,2025-07-18 05:51
LAB739905,ENC116890,PT13683,HGB,Hemoglobin,14.7,g/dL,12,17.5,N,STAT,2025-07-18 03:00,2025-07-18 03:18,2025-07-18 04:20
LAB739906,ENC116890,PT13683,BUN,Blood Urea Nitrogen,16,mg/dL,7,20,N,Routine,2025-07-18 03:19,2025-07-18 03:23,2025-07-18 05:19
LAB739907,ENC116890,PT13683,PLT,Platelet Count,173,K/uL,150,400,N,STAT,2025-07-18 03:10,2025-07-18 03:42,2025-07-18 04:24
LAB739908,ENC116891,PT12007,GLU,Glucose,130,mg/dL,70,99,H,STAT,2025-07-18 04:08,2025-07-18 04:24,2025-07-18 04:52
LAB739909,ENC116891,PT12007,CREAT,Creatinine,0.93,mg/dL,0.6,1.3,N,STAT,2025-07-18 03:58,2025-07-18 04:10,2025-07-18 05:01
LAB739910,ENC116891,PT12007,WBC,White Blood Cell Count,8.1,K/uL,4.5,11,N,Routine,2025-07-18 04:06,2025-07-18 04:23,2025-07-18 09:44
LAB739911,ENC116891,PT12007,HGB,Hemoglobin,12,g/dL,12,17.5,N,Routine,2025-07-18 03:48,2025-07-18 03:58,2025-07-18 05:49
LAB739912,ENC116892,PT12979,GLU,Glucose,151,mg/dL,70,99,H,STAT,2025-07-18 01:43,2025-07-18 02:01,2025-07-18 02:34
LAB739913,ENC116892,PT12979,CREAT,Creatinine,1.17,mg/dL,0.6,1.3,N,Routine,2025-07-18 01:15,2025-07-18 01:27,2025-07-18 04:30
LAB739914,ENC116892,PT12979,WBC,White Blood Cell Count,9.6,K/uL,4.5,11,N,STAT,2025-07-18 01:42,2025-07-18 02:07,2025-07-18 03:17
LAB739915,ENC116895,PT12148,LDL,LDL Cholesterol,186,mg/dL,0,99,H,Routine,2025-07-18 09:06,2025-07-18 09:19,2025-07-20 11:19
LAB739916,ENC116895,PT12148,A1C,Hemoglobin A1c,4.9,%,4,5.6,N,Routine,2025-07-18 08:50,2025-07-18 09:18,2025-07-18 18:11
LAB739917,ENC116897,PT11776,GLU,Glucose,149,mg/dL,70,99,H,STAT,2025-07-18 10:20,2025-07-18 10:38,2025-07-18 11:10
LAB739918,ENC116897,PT11776,CREAT,Creatinine,0.95,mg/dL,0.6,1.3,N,Routine,2025-07-18 11:18,2025-07-18 11:37,2025-07-18 14:15
LAB739919,ENC116897,PT11776,WBC,White Blood Cell Count,4,K/uL,4.5,11,L,Routine,2025-07-18 10:25,2025-07-18 10:58,2025-07-18 12:52
LAB739920,ENC116898,PT11265,GLU,Glucose,118,mg/dL,70,99,H,Routine,2025-07-18 13:52,2025-07-18 14:01,2025-07-18 16:34
LAB739921,ENC116898,PT11265,CREAT,Creatinine,1.15,mg/dL,0.6,1.3,N,STAT,2025-07-18 13:51,2025-07-18 14:06,2025-07-18 15:42
LAB739922,ENC116898,PT11265,WBC,White Blood Cell Count,16.2,K/uL,4.5,11,H,Routine,2025-07-18 14:57,2025-07-18 15:03,2025-07-18 20:54
LAB739923,ENC116898,PT11265,HGB,Hemoglobin,11.7,g/dL,12,17.5,L,STAT,2025-07-18 14:39,2025-07-18 15:08,2025-07-18 15:51
LAB739924,ENC116898,PT11265,NA,Sodium,138,mmol/L,136,145,N,STAT,2025-07-18 14:22,2025-07-18 14:45,2025-07-18 15:52
LAB739925,ENC116898,PT11265,K,Potassium,4,mmol/L,3.5,5.1,N,STAT,2025-07-18 14:35,2025-07-18 14:40,2025-07-18 15:14
LAB739926,ENC116902,PT12505,GLU,Glucose,115,mg/dL,70,99,H,Routine,2025-07-18 13:34,2025-07-18 13:51,2025-07-18 15:31
LAB739927,ENC116902,PT12505,CREAT,Creatinine,0.69,mg/dL,0.6,1.3,N,STAT,2025-07-18 13:57,2025-07-18 14:28,2025-07-18 15:10
LAB739928,ENC116903,PT11482,GLU,Glucose,86,mg/dL,70,99,N,STAT,2025-07-18 16:01,2025-07-18 16:22,2025-07-18 17:30
LAB739929,ENC116903,PT11482,CREAT,Creatinine,1.03,mg/dL,0.6,1.3,N,STAT,2025-07-18 16:37,2025-07-18 16:50,2025-07-18 17:46
LAB739930,ENC116903,PT11482,WBC,White Blood Cell Count,14.4,K/uL,4.5,11,H,STAT,2025-07-18 16:33,2025-07-18 16:56,2025-07-18 17:27
LAB739931,ENC116903,PT11482,HGB,Hemoglobin,13.7,g/dL,12,17.5,N,STAT,2025-07-18 16:39,2025-07-18 17:11,2025-07-18 18:01
LAB739932,ENC116903,PT11482,NA,Sodium,139,mmol/L,136,145,N,STAT,2025-07-18 16:47,2025-07-18 17:04,2025-07-18 17:45
LAB739933,ENC116903,PT11482,K,Potassium,4.6,mmol/L,3.5,5.1,N,STAT,2025-07-18 16:30,2025-07-18 16:50,2025-07-18 17:28
LAB739934,ENC116906,PT13750,WBC,White Blood Cell Count,8.4,K/uL,4.5,11,N,Routine,2025-07-18 14:42,2025-07-18 14:46,2025-07-18 17:00
LAB739935,ENC116906,PT13750,HGB,Hemoglobin,14.9,g/dL,12,17.5,N,Routine,2025-07-18 14:24,2025-07-18 14:31,2025-07-18 19:43
LAB739936,ENC116906,PT13750,PLT,Platelet Count,188,K/uL,150,400,N,Routine,2025-07-18 14:21,2025-07-18 14:39,2025-07-18 16:47
LAB739937,ENC116910,PT12742,A1C,Hemoglobin A1c,8,%,4,5.6,H,Routine,2025-07-18 16:37,2025-07-18 17:04,2025-07-19 00:53
LAB739938,ENC116910,PT12742,GLU,Glucose,203,mg/dL,70,99,H,Routine,2025-07-18 16:51,2025-07-18 17:12,2025-07-18 19:37
LAB739939,ENC116910,PT12742,CREAT,Creatinine,0.97,mg/dL,0.6,1.3,N,Routine,2025-07-18 16:47,2025-07-18 16:53,2025-07-18 21:24
LAB739940,ENC116912,PT12822,GLU,Glucose,107,mg/dL,70,99,H,Routine,2025-07-18 20:57,2025-07-18 21:11,2025-07-19 00:23
LAB739941,ENC116912,PT12822,CREAT,Creatinine,1.31,mg/dL,0.6,1.3,H,STAT,2025-07-18 20:27,2025-07-18 20:54,2025-07-18 21:57
LAB739942,ENC116912,PT12822,WBC,White Blood Cell Count,25.7,K/uL,4.5,11,H,STAT,2025-07-18 20:37,2025-07-18 20:54,2025-07-18 21:30
LAB739943,ENC116912,PT12822,HGB,Hemoglobin,15,g/dL,12,17.5,N,Routine,2025-07-18 20:16,2025-07-18 20:51,2025-07-18 23:18
LAB739944,ENC116912,PT12822,LACT,Lactate,2,mmol/L,0.5,2,N,STAT,2025-07-18 20:45,2025-07-18 21:08,2025-07-18 21:30
LAB739945,ENC116914,PT11528,GLU,Glucose,120,mg/dL,70,99,H,Routine,2025-07-18 19:35,2025-07-18 19:53,2025-07-19 02:17
LAB739946,ENC116914,PT11528,CREAT,Creatinine,1.27,mg/dL,0.6,1.3,N,Routine,2025-07-18 20:14,2025-07-18 20:47,2025-07-19 00:15
LAB739947,ENC116914,PT11528,WBC,White Blood Cell Count,5.1,K/uL,4.5,11,N,STAT,2025-07-18 20:03,2025-07-18 20:23,2025-07-18 21:28
LAB739948,ENC116914,PT11528,HGB,Hemoglobin,12.7,g/dL,12,17.5,N,Routine,2025-07-18 20:05,2025-07-18 20:12,2025-07-18 22:02
LAB739949,ENC116915,PT12379,GLU,Glucose,80,mg/dL,70,99,N,STAT,2025-07-19 00:23,2025-07-19 00:52,2025-07-19 01:30
LAB739950,ENC116915,PT12379,CREAT,Creatinine,0.94,mg/dL,0.6,1.3,N,STAT,2025-07-19 00:03,2025-07-19 00:23,2025-07-19 01:20
LAB739951,ENC116915,PT12379,WBC,White Blood Cell Count,9.8,K/uL,4.5,11,N,STAT,2025-07-19 00:42,2025-07-19 00:47,2025-07-19 02:02
LAB739952,ENC116915,PT12379,HGB,Hemoglobin,16.4,g/dL,12,17.5,N,Routine,2025-07-18 23:35,2025-07-18 23:52,2025-07-19 06:31
LAB739953,ENC116916,PT10219,GLU,Glucose,112,mg/dL,70,99,H,STAT,2025-07-18 21:45,2025-07-18 22:20,2025-07-19 00:05
LAB739954,ENC116916,PT10219,CREAT,Creatinine,0.87,mg/dL,0.6,1.3,N,STAT,2025-07-18 21:45,2025-07-18 22:15,2025-07-18 23:28
LAB739955,ENC116916,PT10219,WBC,White Blood Cell Count,5.4,K/uL,4.5,11,N,STAT,2025-07-18 21:28,2025-07-18 21:59,2025-07-18 22:44
LAB739956,ENC116916,PT10219,HGB,Hemoglobin,13.4,g/dL,12,17.5,N,Routine,2025-07-18 21:48,2025-07-18 22:05,2025-07-19 01:24
LAB739957,ENC116917,PT11564,GLU,Glucose,198,mg/dL,70,99,H,Routine,2025-07-19 00:58,2025-07-19 01:06,2025-07-19 08:48
LAB739958,ENC116917,PT11564,CREAT,Creatinine,2.41,mg/dL,0.6,1.3,H,STAT,2025-07-18 23:57,2025-07-19 00:29,2025-07-19 01:12
LAB739959,ENC116919,PT12471,GLU,Glucose,107,mg/dL,70,99,H,STAT,2025-07-19 10:34,2025-07-19 11:00,2025-07-19 11:29
LAB739960,ENC116919,PT12471,CREAT,Creatinine,1.27,mg/dL,0.6,1.3,N,STAT,2025-07-19 10:30,2025-07-19 10:45,2025-07-19 11:17
LAB739961,ENC116919,PT12471,WBC,White Blood Cell Count,6.6,K/uL,4.5,11,N,Routine,2025-07-19 10:44,2025-07-19 10:59,2025-07-19 14:22
LAB739962,ENC116919,PT12471,HGB,Hemoglobin,15,g/dL,12,17.5,N,STAT,2025-07-19 09:41,2025-07-19 10:14,2025-07-19 11:35
LAB739963,ENC116920,PT13822,TROP,"Troponin I, High Sensitivity",4,ng/L,0,34,N,STAT,2025-07-19 08:07,2025-07-19 08:17,2025-07-19 09:51
LAB739964,ENC116921,PT13054,GLU,Glucose,83,mg/dL,70,99,N,STAT,2025-07-19 07:54,2025-07-19 08:06,2025-07-19 08:48
LAB739965,ENC116921,PT13054,CREAT,Creatinine,0.41,mg/dL,0.6,1.3,L,Routine,2025-07-19 08:26,2025-07-19 08:48,2025-07-19 10:06
LAB739966,ENC116921,PT13054,WBC,White Blood Cell Count,4.5,K/uL,4.5,11,N,STAT,2025-07-19 08:13,2025-07-19 08:25,2025-07-19 10:08
LAB739967,ENC116921,PT13054,HGB,Hemoglobin,12.3,g/dL,12,17.5,N,STAT,2025-07-19 07:35,2025-07-19 07:48,2025-07-19 08:35
LAB739968,ENC116921,PT13054,NA,Sodium,142,mmol/L,136,145,N,Routine,2025-07-19 08:31,2025-07-19 08:55,2025-07-19 11:53
LAB739969,ENC116921,PT13054,K,Potassium,4.7,mmol/L,3.5,5.1,N,STAT,2025-07-19 08:02,2025-07-19 08:34,2025-07-19 10:12
LAB739970,ENC116922,PT12334,GLU,Glucose,137,mg/dL,70,99,H,STAT,2025-07-19 09:54,2025-07-19 10:10,2025-07-19 11:03
LAB739971,ENC116922,PT12334,CREAT,Creatinine,0.87,mg/dL,0.6,1.3,N,STAT,2025-07-19 09:22,2025-07-19 09:42,2025-07-19 10:41
LAB739972,ENC116922,PT12334,WBC,White Blood Cell Count,10.8,K/uL,4.5,11,N,STAT,2025-07-19 09:01,2025-07-19 09:14,2025-07-19 10:32
LAB739973,ENC116922,PT12334,HGB,Hemoglobin,15,g/dL,12,17.5,N,STAT,2025-07-19 09:28,2025-07-19 09:37,2025-07-19 10:30
LAB739974,ENC116925,PT12707,GLU,Glucose,110,mg/dL,70,99,H,Routine,2025-07-19 14:29,2025-07-19 14:39,2025-07-19 18:19
LAB739975,ENC116925,PT12707,CREAT,Creatinine,1.04,mg/dL,0.6,1.3,N,Routine,2025-07-19 15:12,2025-07-19 15:32,2025-07-19 18:33
LAB739976,ENC116925,PT12707,WBC,White Blood Cell Count,5.5,K/uL,4.5,11,N,Routine,2025-07-19 14:58,2025-07-19 15:14,2025-07-19 17:28
LAB739977,ENC116925,PT12707,HGB,Hemoglobin,15,g/dL,12,17.5,N,Routine,2025-07-19 14:31,2025-07-19 14:40,2025-07-19 16:19
LAB739978,ENC116926,PT13940,GLU,Glucose,99,mg/dL,70,99,N,STAT,2025-07-19 16:15,2025-07-19 16:42,2025-07-19 17:28
LAB739979,ENC116926,PT13940,CREAT,Creatinine,1.05,mg/dL,0.6,1.3,N,Routine,2025-07-19 16:04,2025-07-19 16:26,2025-07-19 17:34
LAB739980,ENC116926,PT13940,WBC,White Blood Cell Count,8.6,K/uL,4.5,11,N,Routine,2025-07-19 16:43,2025-07-19 17:12,2025-07-19 18:29
LAB739981,ENC116926,PT13940,HGB,Hemoglobin,12,g/dL,12,17.5,N,STAT,2025-07-19 16:07,2025-07-19 16:32,2025-07-19 17:17
LAB739982,ENC116927,PT12839,GLU,Glucose,95,mg/dL,70,99,N,STAT,2025-07-19 21:29,2025-07-19 22:01,2025-07-19 23:01
LAB739983,ENC116927,PT12839,CREAT,Creatinine,0.98,mg/dL,0.6,1.3,N,STAT,2025-07-19 20:43,2025-07-19 20:57,2025-07-19 21:34
LAB739984,ENC116927,PT12839,WBC,White Blood Cell Count,6.8,K/uL,4.5,11,N,STAT,2025-07-19 20:49,2025-07-19 20:59,2025-07-19 21:18
LAB739985,ENC116927,PT12839,HGB,Hemoglobin,13.5,g/dL,12,17.5,N,Routine,2025-07-19 21:30,2025-07-19 21:59,2025-07-20 00:27
LAB739986,ENC116927,PT12839,BUN,Blood Urea Nitrogen,16,mg/dL,7,20,N,Routine,2025-07-19 21:24,2025-07-19 21:40,2025-07-19 23:14
LAB739987,ENC116927,PT12839,PLT,Platelet Count,293,K/uL,150,400,N,STAT,2025-07-19 20:45,2025-07-19 20:58,2025-07-19 21:36
LAB739988,ENC116928,PT12408,GLU,Glucose,99,mg/dL,70,99,N,STAT,2025-07-19 18:51,2025-07-19 19:19,2025-07-19 19:56
LAB739989,ENC116928,PT12408,CREAT,Creatinine,0.72,mg/dL,0.6,1.3,N,Routine,2025-07-19 18:21,2025-07-19 18:39,2025-07-19 21:14
LAB739990,ENC116928,PT12408,WBC,White Blood Cell Count,8.5,K/uL,4.5,11,N,Routine,2025-07-19 19:05,2025-07-19 19:34,2025-07-19 21:36
LAB739991,ENC116928,PT12408,HGB,Hemoglobin,14.7,g/dL,12,17.5,N,STAT,2025-07-19 18:16,2025-07-19 18:24,2025-07-19 19:05
LAB739992,ENC116929,PT12930,GLU,Glucose,106,mg/dL,70,99,H,STAT,2025-07-19 22:26,2025-07-19 22:47,2025-07-20 00:01
LAB739993,ENC116929,PT12930,CREAT,Creatinine,1.46,mg/dL,0.6,1.3,H,STAT,2025-07-19 21:49,2025-07-19 21:54,2025-07-19 22:46
LAB739994,ENC116929,PT12930,WBC,White Blood Cell Count,16,K/uL,4.5,11,H,Routine,2025-07-19 21:56,2025-07-19 22:12,2025-07-20 01:40
LAB739995,ENC116929,PT12930,HGB,Hemoglobin,13.6,g/dL,12,17.5,N,STAT,2025-07-19 21:39,2025-07-19 21:45,2025-07-19 22:52
LAB739996,ENC116929,PT12930,LACT,Lactate,2.5,mmol/L,0.5,2,H,STAT,2025-07-19 21:22,2025-07-19 21:34,2025-07-19 22:18
LAB739997,ENC116930,PT11295,GLU,Glucose,106,mg/dL,70,99,H,STAT,2025-07-19 19:30,2025-07-19 19:49,2025-07-19 20:32
LAB739998,ENC116930,PT11295,CREAT,Creatinine,0.9,mg/dL,0.6,1.3,N,Routine,2025-07-19 19:07,2025-07-19 19:26,2025-07-19 22:28
LAB739999,ENC116930,PT11295,WBC,White Blood Cell Count,6.7,K/uL,4.5,11,N,Routine,2025-07-19 19:45,2025-07-19 20:11,2025-07-19 23:54
LAB740000,ENC116930,PT11295,HGB,Hemoglobin,17.2,g/dL,12,17.5,N,STAT,2025-07-19 19:17,2025-07-19 19:47,2025-07-19 20:28
LAB740001,ENC116931,PT13743,GLU,Glucose,141,mg/dL,70,99,H,Routine,2025-07-19 23:59,2025-07-20 00:03,2025-07-20 03:42
LAB740002,ENC116931,PT13743,CREAT,Creatinine,0.74,mg/dL,0.6,1.3,N,Routine,2025-07-20 00:13,2025-07-20 00:46,2025-07-20 02:15
LAB740003,ENC116931,PT13743,WBC,White Blood Cell Count,5.7,K/uL,4.5,11,N,Routine,2025-07-19 23:37,2025-07-20 00:11,2025-07-20 05:14
LAB740004,ENC116931,PT13743,HGB,Hemoglobin,15.7,g/dL,12,17.5,N,STAT,2025-07-20 00:25,2025-07-20 00:48,2025-07-20 02:14
LAB740005,ENC116932,PT11884,GLU,Glucose,137,mg/dL,70,99,H,Routine,2025-07-19 19:44,2025-07-19 20:06,2025-07-20 00:46
LAB740006,ENC116932,PT11884,CREAT,Creatinine,0.77,mg/dL,0.6,1.3,N,STAT,2025-07-19 20:29,2025-07-19 21:02,2025-07-19 21:58
LAB740007,ENC116932,PT11884,WBC,White Blood Cell Count,9.5,K/uL,4.5,11,N,STAT,2025-07-19 20:18,2025-07-19 20:41,2025-07-19 21:45
LAB740008,ENC116933,PT10876,GLU,Glucose,80,mg/dL,70,99,N,Routine,2025-07-19 20:26,2025-07-19 20:57,2025-07-19 23:46
LAB740009,ENC116933,PT10876,CREAT,Creatinine,0.59,mg/dL,0.6,1.3,L,STAT,2025-07-19 19:34,2025-07-19 20:04,2025-07-19 20:46
LAB740010,ENC116933,PT10876,WBC,White Blood Cell Count,7,K/uL,4.5,11,N,STAT,2025-07-19 20:06,2025-07-19 20:15,2025-07-19 21:30
LAB740011,ENC116933,PT10876,HGB,Hemoglobin,14.2,g/dL,12,17.5,N,STAT,2025-07-19 20:09,2025-07-19 20:41,2025-07-19 21:56
LAB740012,ENC116933,PT10876,TROP,"Troponin I, High Sensitivity",56,ng/L,0,34,H,STAT,2025-07-19 19:44,2025-07-19 20:16,2025-07-19 20:48
LAB740013,ENC116933,PT10876,BNP,B-Type Natriuretic Peptide,1963,pg/mL,0,100,H,STAT,2025-07-19 19:48,2025-07-19 20:18,2025-07-19 21:51
LAB740014,ENC116934,PT12912,GLU,Glucose,113,mg/dL,70,99,H,Routine,2025-07-19 20:49,2025-07-19 21:21,2025-07-19 23:46
LAB740015,ENC116934,PT12912,CREAT,Creatinine,1.21,mg/dL,0.6,1.3,N,STAT,2025-07-19 20:53,2025-07-19 21:00,2025-07-19 21:51
LAB740016,ENC116934,PT12912,WBC,White Blood Cell Count,6.2,K/uL,4.5,11,N,STAT,2025-07-19 21:06,2025-07-19 21:16,2025-07-19 22:05
LAB740017,ENC116934,PT12912,HGB,Hemoglobin,15.2,g/dL,12,17.5,N,STAT,2025-07-19 21:09,2025-07-19 21:28,2025-07-20 00:05
LAB740018,ENC116934,PT12912,NA,Sodium,138,mmol/L,136,145,N,Routine,2025-07-19 20:44,2025-07-19 21:18,2025-07-19 22:50
LAB740019,ENC116934,PT12912,K,Potassium,4.5,mmol/L,3.5,5.1,N,STAT,2025-07-19 20:20,2025-07-19 20:40,2025-07-19 21:29
LAB740020,ENC116934,PT12912,TROP,"Troponin I, High Sensitivity",2217,ng/L,0,34,H,STAT,2025-07-19 20:13,2025-07-19 20:33,2025-07-19 21:02
LAB740021,ENC116935,PT13655,GLU,Glucose,117,mg/dL,70,99,H,STAT,2025-07-19 23:02,2025-07-19 23:27,2025-07-20 00:10
LAB740022,ENC116935,PT13655,CREAT,Creatinine,0.54,mg/dL,0.6,1.3,L,Routine,2025-07-19 23:04,2025-07-19 23:39,2025-07-20 03:01
LAB740023,ENC116935,PT13655,WBC,White Blood Cell Count,8.9,K/uL,4.5,11,N,STAT,2025-07-19 22:40,2025-07-19 23:10,2025-07-20 00:06
LAB740024,ENC116935,PT13655,HGB,Hemoglobin,15.8,g/dL,12,17.5,N,STAT,2025-07-19 23:38,2025-07-19 23:43,2025-07-20 00:19
LAB740025,ENC116935,PT13655,BUN,Blood Urea Nitrogen,15,mg/dL,7,20,N,Routine,2025-07-19 23:44,2025-07-19 23:53,2025-07-20 03:18
LAB740026,ENC116935,PT13655,PLT,Platelet Count,259,K/uL,150,400,N,Routine,2025-07-19 23:12,2025-07-19 23:25,2025-07-20 01:17
LAB740027,ENC116936,PT13518,GLU,Glucose,177,mg/dL,70,99,H,STAT,2025-07-19 21:50,2025-07-19 22:19,2025-07-19 22:49
LAB740028,ENC116936,PT13518,CREAT,Creatinine,2.39,mg/dL,0.6,1.3,H,Routine,2025-07-19 21:58,2025-07-19 22:16,2025-07-20 00:35
LAB740029,ENC116936,PT13518,WBC,White Blood Cell Count,21,K/uL,4.5,11,H,Routine,2025-07-19 21:39,2025-07-19 21:46,2025-07-20 05:22
LAB740030,ENC116936,PT13518,HGB,Hemoglobin,13.4,g/dL,12,17.5,N,STAT,2025-07-19 22:00,2025-07-19 22:13,2025-07-19 23:24
LAB740031,ENC116936,PT13518,LACT,Lactate,3.7,mmol/L,0.5,2,H,STAT,2025-07-19 21:08,2025-07-19 21:43,2025-07-19 22:16
LAB740032,ENC116937,PT10653,GLU,Glucose,183,mg/dL,70,99,H,Routine,2025-07-20 01:55,2025-07-20 02:28,2025-07-20 05:16
LAB740033,ENC116937,PT10653,CREAT,Creatinine,0.99,mg/dL,0.6,1.3,N,STAT,2025-07-20 00:48,2025-07-20 01:11,2025-07-20 02:37
LAB740034,ENC116937,PT10653,WBC,White Blood Cell Count,9.8,K/uL,4.5,11,N,STAT,2025-07-20 01:35,2025-07-20 01:59,2025-07-20 02:29
LAB740035,ENC116937,PT10653,HGB,Hemoglobin,15.2,g/dL,12,17.5,N,STAT,2025-07-20 00:49,2025-07-20 01:13,2025-07-20 02:45
LAB740036,ENC116939,PT13973,GLU,Glucose,86,mg/dL,70,99,N,STAT,2025-07-19 21:56,2025-07-19 22:23,2025-07-19 23:17
LAB740037,ENC116939,PT13973,CREAT,Creatinine,0.76,mg/dL,0.6,1.3,N,STAT,2025-07-19 22:13,2025-07-19 22:26,2025-07-19 23:15
LAB740038,ENC116939,PT13973,WBC,White Blood Cell Count,4.5,K/uL,4.5,11,N,Routine,2025-07-19 21:43,2025-07-19 21:48,2025-07-20 02:47
LAB740039,ENC116939,PT13973,HGB,Hemoglobin,15.9,g/dL,12,17.5,N,STAT,2025-07-19 22:50,2025-07-19 23:01,2025-07-19 23:37
LAB740040,ENC116940,PT10088,GLU,Glucose,79,mg/dL,70,99,N,Routine,2025-07-19 22:40,2025-07-19 23:00,2025-07-20 02:20
LAB740041,ENC116940,PT10088,CREAT,Creatinine,0.7,mg/dL,0.6,1.3,N,STAT,2025-07-19 22:41,2025-07-19 22:51,2025-07-19 23:50
LAB740042,ENC116940,PT10088,WBC,White Blood Cell Count,5,K/uL,4.5,11,N,STAT,2025-07-19 23:30,2025-07-20 00:03,2025-07-20 00:38
LAB740043,ENC116940,PT10088,HGB,Hemoglobin,15,g/dL,12,17.5,N,STAT,2025-07-19 22:23,2025-07-19 22:30,2025-07-19 22:59
LAB740044,ENC116940,PT10088,TROP,"Troponin I, High Sensitivity",306,ng/L,0,34,H,STAT,2025-07-19 23:00,2025-07-19 23:35,2025-07-20 00:16
LAB740045,ENC116941,PT12716,GLU,Glucose,92,mg/dL,70,99,N,STAT,2025-07-20 00:27,2025-07-20 00:50,2025-07-20 01:13
LAB740046,ENC116941,PT12716,CREAT,Creatinine,0.84,mg/dL,0.6,1.3,N,STAT,2025-07-19 23:54,2025-07-20 00:23,2025-07-20 01:15
LAB740047,ENC116941,PT12716,WBC,White Blood Cell Count,8.5,K/uL,4.5,11,N,Routine,2025-07-20 00:05,2025-07-20 00:27,2025-07-20 04:04
LAB740048,ENC116942,PT10444,GLU,Glucose,209,mg/dL,70,99,H,STAT,2025-07-19 23:54,2025-07-20 00:14,2025-07-20 00:57
LAB740049,ENC116942,PT10444,CREAT,Creatinine,1.58,mg/dL,0.6,1.3,H,STAT,2025-07-20 00:05,2025-07-20 00:22,2025-07-20 00:55
LAB740050,ENC116943,PT11298,GLU,Glucose,58,mg/dL,70,99,L,STAT,2025-07-20 05:37,2025-07-20 05:51,2025-07-20 06:33
LAB740051,ENC116943,PT11298,CREAT,Creatinine,0.99,mg/dL,0.6,1.3,N,STAT,2025-07-20 06:40,2025-07-20 07:09,2025-07-20 07:47
LAB740052,ENC116943,PT11298,WBC,White Blood Cell Count,8.6,K/uL,4.5,11,N,STAT,2025-07-20 06:24,2025-07-20 06:48,2025-07-20 07:46
LAB740053,ENC116943,PT11298,HGB,Hemoglobin,15,g/dL,12,17.5,N,STAT,2025-07-20 05:35,2025-07-20 06:05,2025-07-20 07:07
LAB740054,ENC116943,PT11298,BUN,Blood Urea Nitrogen,17,mg/dL,7,20,N,Routine,2025-07-20 05:38,2025-07-20 06:09,2025-07-20 08:50
LAB740055,ENC116943,PT11298,PLT,Platelet Count,175,K/uL,150,400,N,Routine,2025-07-20 06:25,2025-07-20 06:53,2025-07-20 11:25
LAB740056,ENC116943,PT11298,TROP,"Troponin I, High Sensitivity",8,ng/L,0,34,N,STAT,2025-07-20 05:48,2025-07-20 06:15,2025-07-20 07:09
LAB740057,ENC116943,PT11298,BNP,B-Type Natriuretic Peptide,1401,pg/mL,0,100,H,STAT,2025-07-20 05:54,2025-07-20 06:17,2025-07-20 07:12
LAB740058,ENC116946,PT11007,GLU,Glucose,117,mg/dL,70,99,H,STAT,2025-07-20 07:01,2025-07-20 07:10,2025-07-20 08:57
LAB740059,ENC116946,PT11007,CREAT,Creatinine,0.83,mg/dL,0.6,1.3,N,STAT,2025-07-20 06:55,2025-07-20 07:26,2025-07-20 07:55
LAB740060,ENC116946,PT11007,WBC,White Blood Cell Count,4.9,K/uL,4.5,11,N,STAT,2025-07-20 07:45,2025-07-20 08:03,2025-07-20 09:03
LAB740061,ENC116946,PT11007,HGB,Hemoglobin,12.7,g/dL,12,17.5,N,Routine,2025-07-20 06:53,2025-07-20 07:05,2025-07-20 12:36
LAB740062,ENC116947,PT11155,GLU,Glucose,247,mg/dL,70,99,H,STAT,2025-07-20 12:39,2025-07-20 13:06,2025-07-20 13:59
LAB740063,ENC116947,PT11155,CREAT,Creatinine,0.85,mg/dL,0.6,1.3,N,STAT,2025-07-20 12:04,2025-07-20 12:29,2025-07-20 13:28
LAB740064,ENC116947,PT11155,WBC,White Blood Cell Count,4.4,K/uL,4.5,11,L,Routine,2025-07-20 12:11,2025-07-20 12:35,2025-07-20 15:50
LAB740065,ENC116947,PT11155,HGB,Hemoglobin,11.2,g/dL,12,17.5,L,Routine,2025-07-20 12:27,2025-07-20 12:45,2025-07-20 16:25
LAB740066,ENC116947,PT11155,NA,Sodium,137,mmol/L,136,145,N,STAT,2025-07-20 12:32,2025-07-20 12:56,2025-07-20 13:43
LAB740067,ENC116947,PT11155,K,Potassium,4.1,mmol/L,3.5,5.1,N,STAT,2025-07-20 12:18,2025-07-20 12:34,2025-07-20 13:15
LAB740068,ENC116947,PT11155,LACT,Lactate,3.4,mmol/L,0.5,2,H,STAT,2025-07-20 12:42,2025-07-20 13:02,2025-07-20 13:51
LAB740069,ENC116947,PT11155,INR,Prothrombin Time INR,1,ratio,0.8,1.2,N,Routine,2025-07-20 12:07,2025-07-20 12:20,2025-07-20 19:46
LAB740070,ENC116948,PT11458,GLU,Glucose,103,mg/dL,70,99,H,Routine,2025-07-20 13:41,2025-07-20 14:08,2025-07-20 17:23
LAB740071,ENC116948,PT11458,CREAT,Creatinine,0.62,mg/dL,0.6,1.3,N,STAT,2025-07-20 13:33,2025-07-20 14:02,2025-07-20 14:45
LAB740072,ENC116948,PT11458,WBC,White Blood Cell Count,4.9,K/uL,4.5,11,N,STAT,2025-07-20 14:06,2025-07-20 14:17,2025-07-20 14:41
LAB740073,ENC116948,PT11458,HGB,Hemoglobin,14.8,g/dL,12,17.5,N,STAT,2025-07-20 14:40,2025-07-20 14:52,2025-07-20 15:17
LAB740074,ENC116948,PT11458,INR,Prothrombin Time INR,1.1,ratio,0.8,1.2,N,STAT,2025-07-20 13:58,2025-07-20 14:19,2025-07-20 15:14
LAB740075,ENC116950,PT12177,GLU,Glucose,286,mg/dL,70,99,H,Routine,2025-07-20 15:57,2025-07-20 16:20,2025-07-20 19:59
LAB740076,ENC116950,PT12177,CREAT,Creatinine,0.85,mg/dL,0.6,1.3,N,STAT,2025-07-20 15:18,2025-07-20 15:39,2025-07-20 16:15
LAB740077,ENC116950,PT12177,WBC,White Blood Cell Count,7.9,K/uL,4.5,11,N,STAT,2025-07-20 15:02,2025-07-20 15:27,2025-07-20 15:59
LAB740078,ENC116950,PT12177,HGB,Hemoglobin,14.4,g/dL,12,17.5,N,STAT,2025-07-20 15:29,2025-07-20 15:33,2025-07-20 16:11
LAB740079,ENC116950,PT12177,NA,Sodium,139,mmol/L,136,145,N,Routine,2025-07-20 15:31,2025-07-20 16:01,2025-07-20 18:13
LAB740080,ENC116950,PT12177,K,Potassium,3.4,mmol/L,3.5,5.1,L,STAT,2025-07-20 15:40,2025-07-20 15:59,2025-07-20 17:23
LAB740081,ENC116950,PT12177,TROP,"Troponin I, High Sensitivity",2,ng/L,0,34,N,STAT,2025-07-20 15:20,2025-07-20 15:55,2025-07-20 16:42
LAB740082,ENC116951,PT13020,GLU,Glucose,100,mg/dL,70,99,H,STAT,2025-07-20 16:56,2025-07-20 17:14,2025-07-20 18:48
LAB740083,ENC116951,PT13020,CREAT,Creatinine,0.52,mg/dL,0.6,1.3,L,STAT,2025-07-20 17:04,2025-07-20 17:35,2025-07-20 18:55
LAB740084,ENC116951,PT13020,WBC,White Blood Cell Count,9.1,K/uL,4.5,11,N,STAT,2025-07-20 17:09,2025-07-20 17:31,2025-07-20 18:29
LAB740085,ENC116951,PT13020,HGB,Hemoglobin,12.5,g/dL,12,17.5,N,STAT,2025-07-20 17:23,2025-07-20 17:44,2025-07-20 18:50
LAB740086,ENC116953,PT13357,GLU,Glucose,148,mg/dL,70,99,H,Routine,2025-07-20 18:59,2025-07-20 19:07,2025-07-20 22:17
LAB740087,ENC116953,PT13357,CREAT,Creatinine,1.18,mg/dL,0.6,1.3,N,STAT,2025-07-20 18:49,2025-07-20 18:57,2025-07-20 20:30
LAB740088,ENC116953,PT13357,WBC,White Blood Cell Count,17.3,K/uL,4.5,11,H,STAT,2025-07-20 19:09,2025-07-20 19:32,2025-07-20 21:19
LAB740089,ENC116953,PT13357,HGB,Hemoglobin,13.6,g/dL,12,17.5,N,Routine,2025-07-20 18:36,2025-07-20 19:06,2025-07-20 20:12
LAB740090,ENC116954,PT13693,GLU,Glucose,343,mg/dL,70,99,H,Routine,2025-07-20 17:59,2025-07-20 18:27,2025-07-20 22:03
LAB740091,ENC116954,PT13693,CREAT,Creatinine,1.12,mg/dL,0.6,1.3,N,Routine,2025-07-20 18:01,2025-07-20 18:21,2025-07-20 20:33
LAB740092,ENC116954,PT13693,WBC,White Blood Cell Count,8.8,K/uL,4.5,11,N,Routine,2025-07-20 17:44,2025-07-20 18:18,2025-07-20 23:43
LAB740093,ENC116954,PT13693,HGB,Hemoglobin,16,g/dL,12,17.5,N,STAT,2025-07-20 18:32,2025-07-20 18:48,2025-07-20 19:24
LAB740094,ENC116954,PT13693,NA,Sodium,136,mmol/L,136,145,N,Routine,2025-07-20 17:54,2025-07-20 18:22,2025-07-20 21:52
LAB740095,ENC116954,PT13693,K,Potassium,4.2,mmol/L,3.5,5.1,N,STAT,2025-07-20 18:16,2025-07-20 18:40,2025-07-20 20:15
LAB740096,ENC116954,PT13693,A1C,Hemoglobin A1c,7.9,%,4,5.6,H,Routine,2025-07-20 17:40,2025-07-20 17:48,2025-07-21 08:09
LAB740097,ENC116955,PT13039,GLU,Glucose,118,mg/dL,70,99,H,Routine,2025-07-20 16:09,2025-07-20 16:33,2025-07-20 18:40
LAB740098,ENC116955,PT13039,CREAT,Creatinine,0.72,mg/dL,0.6,1.3,N,STAT,2025-07-20 16:21,2025-07-20 16:37,2025-07-20 16:58
LAB740099,ENC116956,PT11582,GLU,Glucose,119,mg/dL,70,99,H,STAT,2025-07-20 21:02,2025-07-20 21:10,2025-07-20 22:30
LAB740100,ENC116956,PT11582,CREAT,Creatinine,1.28,mg/dL,0.6,1.3,N,Routine,2025-07-20 20:51,2025-07-20 20:57,2025-07-20 23:03
LAB740101,ENC116956,PT11582,WBC,White Blood Cell Count,7,K/uL,4.5,11,N,Routine,2025-07-20 21:33,2025-07-20 21:39,2025-07-20 22:58
LAB740102,ENC116956,PT11582,HGB,Hemoglobin,15.3,g/dL,12,17.5,N,STAT,2025-07-20 21:39,2025-07-20 21:59,2025-07-20 22:29
LAB740103,ENC116957,PT12950,GLU,Glucose,109,mg/dL,70,99,H,STAT,2025-07-20 22:13,2025-07-20 22:31,2025-07-20 23:46
LAB740104,ENC116957,PT12950,CREAT,Creatinine,0.51,mg/dL,0.6,1.3,L,STAT,2025-07-20 22:31,2025-07-20 22:36,2025-07-20 23:11
LAB740105,ENC116957,PT12950,WBC,White Blood Cell Count,6.8,K/uL,4.5,11,N,Routine,2025-07-20 22:18,2025-07-20 22:53,2025-07-20 23:47
LAB740106,ENC116957,PT12950,HGB,Hemoglobin,15.4,g/dL,12,17.5,N,Routine,2025-07-20 21:47,2025-07-20 21:54,2025-07-21 01:12
LAB740107,ENC116957,PT12950,TROP,"Troponin I, High Sensitivity",2518,ng/L,0,34,H,STAT,2025-07-20 21:30,2025-07-20 21:41,2025-07-20 22:27
LAB740108,ENC116959,PT10225,GLU,Glucose,106,mg/dL,70,99,H,STAT,2025-07-20 20:18,2025-07-20 20:38,2025-07-20 21:51
LAB740109,ENC116959,PT10225,CREAT,Creatinine,0.91,mg/dL,0.6,1.3,N,Routine,2025-07-20 20:55,2025-07-20 21:07,2025-07-21 01:05
LAB740110,ENC116959,PT10225,WBC,White Blood Cell Count,7.9,K/uL,4.5,11,N,Routine,2025-07-20 21:09,2025-07-20 21:20,2025-07-21 00:28
LAB740111,ENC116961,PT12784,GLU,Glucose,145,mg/dL,70,99,H,Routine,2025-07-21 03:20,2025-07-21 03:37,2025-07-21 09:57
LAB740112,ENC116961,PT12784,CREAT,Creatinine,0.71,mg/dL,0.6,1.3,N,STAT,2025-07-21 03:23,2025-07-21 03:33,2025-07-21 04:58
LAB740113,ENC116961,PT12784,WBC,White Blood Cell Count,12.4,K/uL,4.5,11,H,STAT,2025-07-21 02:33,2025-07-21 02:57,2025-07-21 03:33
LAB740114,ENC116961,PT12784,HGB,Hemoglobin,13.2,g/dL,12,17.5,N,STAT,2025-07-21 03:00,2025-07-21 03:11,2025-07-21 04:33
LAB740115,ENC116963,PT13411,GLU,Glucose,129,mg/dL,70,99,H,STAT,2025-07-21 08:40,2025-07-21 08:47,2025-07-21 09:45
LAB740116,ENC116963,PT13411,CREAT,Creatinine,0.97,mg/dL,0.6,1.3,N,STAT,2025-07-21 08:25,2025-07-21 08:50,2025-07-21 09:54
LAB740117,ENC116963,PT13411,WBC,White Blood Cell Count,9.2,K/uL,4.5,11,N,STAT,2025-07-21 08:04,2025-07-21 08:32,2025-07-21 09:06
LAB740118,ENC116963,PT13411,HGB,Hemoglobin,14.1,g/dL,12,17.5,N,Routine,2025-07-21 08:32,2025-07-21 08:52,2025-07-21 13:50
LAB740119,ENC116964,PT11896,A1C,Hemoglobin A1c,7.6,%,4,5.6,H,Routine,2025-07-21 09:22,2025-07-21 09:43,2025-07-21 23:26
LAB740120,ENC116964,PT11896,GLU,Glucose,120,mg/dL,70,99,H,Routine,2025-07-21 09:29,2025-07-21 09:41,2025-07-21 12:36
LAB740121,ENC116964,PT11896,CREAT,Creatinine,0.78,mg/dL,0.6,1.3,N,Routine,2025-07-21 09:16,2025-07-21 09:42,2025-07-21 11:31
LAB740122,ENC116968,PT12508,GLU,Glucose,121,mg/dL,70,99,H,Routine,2025-07-21 13:11,2025-07-21 13:45,2025-07-21 20:26
LAB740123,ENC116968,PT12508,CREAT,Creatinine,0.92,mg/dL,0.6,1.3,N,Routine,2025-07-21 13:39,2025-07-21 14:09,2025-07-21 19:17
LAB740124,ENC116968,PT12508,WBC,White Blood Cell Count,8.7,K/uL,4.5,11,N,Routine,2025-07-21 13:20,2025-07-21 13:44,2025-07-21 16:30
LAB740125,ENC116968,PT12508,HGB,Hemoglobin,13.9,g/dL,12,17.5,N,Routine,2025-07-21 13:15,2025-07-21 13:30,2025-07-21 17:31
LAB740126,ENC116968,PT12508,NA,Sodium,137,mmol/L,136,145,N,STAT,2025-07-21 14:15,2025-07-21 14:48,2025-07-21 15:40
LAB740127,ENC116968,PT12508,K,Potassium,4.5,mmol/L,3.5,5.1,N,STAT,2025-07-21 13:53,2025-07-21 14:15,2025-07-21 14:40
LAB740128,ENC116970,PT11293,GLU,Glucose,110,mg/dL,70,99,H,STAT,2025-07-21 15:19,2025-07-21 15:43,2025-07-21 16:36
LAB740129,ENC116970,PT11293,CREAT,Creatinine,1.03,mg/dL,0.6,1.3,N,STAT,2025-07-21 15:14,2025-07-21 15:27,2025-07-21 16:05
LAB740130,ENC116970,PT11293,WBC,White Blood Cell Count,14.2,K/uL,4.5,11,H,Routine,2025-07-21 14:57,2025-07-21 15:01,2025-07-21 16:16
LAB740131,ENC116970,PT11293,HGB,Hemoglobin,13.9,g/dL,12,17.5,N,STAT,2025-07-21 15:27,2025-07-21 15:32,2025-07-21 16:01
LAB740132,ENC116973,PT11538,WBC,White Blood Cell Count,11.3,K/uL,4.5,11,H,Routine,2025-07-21 13:33,2025-07-21 13:50,2025-07-21 15:32
LAB740133,ENC116973,PT11538,HGB,Hemoglobin,15,g/dL,12,17.5,N,Routine,2025-07-21 13:39,2025-07-21 13:48,2025-07-21 14:40
LAB740134,ENC116973,PT11538,PLT,Platelet Count,172,K/uL,150,400,N,Routine,2025-07-21 13:28,2025-07-21 13:35,2025-07-21 16:12
LAB740135,ENC116974,PT12613,GLU,Glucose,98,mg/dL,70,99,N,Routine,2025-07-21 15:15,2025-07-21 15:45,2025-07-21 19:56
LAB740136,ENC116974,PT12613,CREAT,Creatinine,1.13,mg/dL,0.6,1.3,N,STAT,2025-07-21 15:17,2025-07-21 15:32,2025-07-21 15:50
LAB740137,ENC116974,PT12613,WBC,White Blood Cell Count,6.1,K/uL,4.5,11,N,Routine,2025-07-21 14:50,2025-07-21 15:09,2025-07-21 18:23
LAB740138,ENC116979,PT13900,LDL,LDL Cholesterol,52,mg/dL,0,99,N,Routine,2025-07-21 15:57,2025-07-21 16:04,2025-07-22 19:51
LAB740139,ENC116979,PT13900,TSH,Thyroid Stimulating Hormone,2.27,mIU/L,0.4,4,N,Routine,2025-07-21 16:03,2025-07-21 16:18,2025-07-22 07:28
LAB740140,ENC116985,PT12366,GLU,Glucose,119,mg/dL,70,99,H,STAT,2025-07-22 00:24,2025-07-22 00:44,2025-07-22 01:30
LAB740141,ENC116985,PT12366,CREAT,Creatinine,1.07,mg/dL,0.6,1.3,N,Routine,2025-07-22 00:59,2025-07-22 01:26,2025-07-22 05:44
LAB740142,ENC116985,PT12366,WBC,White Blood Cell Count,8.8,K/uL,4.5,11,N,Routine,2025-07-22 00:57,2025-07-22 01:21,2025-07-22 03:31
LAB740143,ENC116985,PT12366,HGB,Hemoglobin,12.6,g/dL,12,17.5,N,STAT,2025-07-22 00:52,2025-07-22 01:20,2025-07-22 01:36
LAB740144,ENC116985,PT12366,NA,Sodium,141,mmol/L,136,145,N,Routine,2025-07-22 00:33,2025-07-22 00:46,2025-07-22 03:03
LAB740145,ENC116985,PT12366,K,Potassium,4.9,mmol/L,3.5,5.1,N,STAT,2025-07-22 00:42,2025-07-22 00:58,2025-07-22 02:42
LAB740146,ENC116989,PT10543,A1C,Hemoglobin A1c,7.7,%,4,5.6,H,STAT,2025-07-21 22:02,2025-07-21 22:23,2025-07-21 23:07
LAB740147,ENC117001,PT13505,LDL,LDL Cholesterol,145,mg/dL,0,99,H,Routine,2025-07-22 10:53,2025-07-22 11:01,2025-07-23 02:49
LAB740148,ENC117001,PT13505,TSH,Thyroid Stimulating Hormone,1.47,mIU/L,0.4,4,N,Routine,2025-07-22 10:56,2025-07-22 11:09,2025-07-22 20:14
LAB740149,ENC117003,PT13235,GLU,Glucose,153,mg/dL,70,99,H,STAT,2025-07-22 12:34,2025-07-22 12:40,2025-07-22 13:17
LAB740150,ENC117003,PT13235,CREAT,Creatinine,1.09,mg/dL,0.6,1.3,N,STAT,2025-07-22 13:05,2025-07-22 13:36,2025-07-22 14:51
LAB740151,ENC117003,PT13235,WBC,White Blood Cell Count,9.1,K/uL,4.5,11,N,Routine,2025-07-22 12:49,2025-07-22 13:04,2025-07-22 15:07
LAB740152,ENC117003,PT13235,HGB,Hemoglobin,12.6,g/dL,12,17.5,N,STAT,2025-07-22 13:15,2025-07-22 13:49,2025-07-22 14:45
LAB740153,ENC117004,PT12458,GLU,Glucose,108,mg/dL,70,99,H,STAT,2025-07-22 13:34,2025-07-22 14:01,2025-07-22 14:35
LAB740154,ENC117004,PT12458,CREAT,Creatinine,1.07,mg/dL,0.6,1.3,N,STAT,2025-07-22 13:28,2025-07-22 14:01,2025-07-22 14:38
LAB740155,ENC117007,PT12763,A1C,Hemoglobin A1c,9,%,4,5.6,H,Routine,2025-07-22 14:12,2025-07-22 14:20,2025-07-22 22:19
LAB740156,ENC117008,PT12231,GLU,Glucose,102,mg/dL,70,99,H,Routine,2025-07-22 17:09,2025-07-22 17:14,2025-07-22 23:03
LAB740157,ENC117008,PT12231,CREAT,Creatinine,2.21,mg/dL,0.6,1.3,H,Routine,2025-07-22 16:44,2025-07-22 16:59,2025-07-22 18:53
LAB740158,ENC117008,PT12231,WBC,White Blood Cell Count,0.6,K/uL,4.5,11,LL,Routine,2025-07-22 17:19,2025-07-22 17:24,2025-07-22 21:10
LAB740159,ENC117008,PT12231,HGB,Hemoglobin,8.5,g/dL,12,17.5,L,STAT,2025-07-22 16:39,2025-07-22 16:56,2025-07-22 17:32
LAB740160,ENC117008,PT12231,BUN,Blood Urea Nitrogen,13,mg/dL,7,20,N,STAT,2025-07-22 16:29,2025-07-22 16:57,2025-07-22 17:23
LAB740161,ENC117008,PT12231,PLT,Platelet Count,14,K/uL,150,400,LL,Routine,2025-07-22 17:20,2025-07-22 17:40,2025-07-22 19:39
LAB740162,ENC117011,PT13548,GLU,Glucose,162,mg/dL,70,99,H,STAT,2025-07-22 17:01,2025-07-22 17:30,2025-07-22 18:03
LAB740163,ENC117011,PT13548,CREAT,Creatinine,0.92,mg/dL,0.6,1.3,N,Routine,2025-07-22 17:23,2025-07-22 17:35,2025-07-22 21:40
LAB740164,ENC117011,PT13548,WBC,White Blood Cell Count,8.1,K/uL,4.5,11,N,STAT,2025-07-22 16:42,2025-07-22 16:56,2025-07-22 17:36
LAB740165,ENC117011,PT13548,HGB,Hemoglobin,11.5,g/dL,12,17.5,L,STAT,2025-07-22 17:32,2025-07-22 17:51,2025-07-22 18:45
LAB740166,ENC117011,PT13548,INR,Prothrombin Time INR,1,ratio,0.8,1.2,N,STAT,2025-07-22 17:03,2025-07-22 17:19,2025-07-22 17:46
LAB740167,ENC117012,PT10455,GLU,Glucose,103,mg/dL,70,99,H,STAT,2025-07-22 19:06,2025-07-22 19:14,2025-07-22 20:10
LAB740168,ENC117012,PT10455,CREAT,Creatinine,1.2,mg/dL,0.6,1.3,N,STAT,2025-07-22 18:42,2025-07-22 18:51,2025-07-22 19:33
LAB740169,ENC117012,PT10455,WBC,White Blood Cell Count,9.5,K/uL,4.5,11,N,Routine,2025-07-22 18:34,2025-07-22 19:07,2025-07-23 00:45
LAB740170,ENC117012,PT10455,HGB,Hemoglobin,14.8,g/dL,12,17.5,N,STAT,2025-07-22 19:17,2025-07-22 19:51,2025-07-22 20:15
LAB740171,ENC117012,PT10455,TROP,"Troponin I, High Sensitivity",9,ng/L,0,34,N,STAT,2025-07-22 18:43,2025-07-22 18:55,2025-07-22 19:32
LAB740172,ENC117013,PT12883,A1C,Hemoglobin A1c,7.8,%,4,5.6,H,Routine,2025-07-22 15:36,2025-07-22 16:00,2025-07-23 05:31
LAB740173,ENC117013,PT12883,GLU,Glucose,90,mg/dL,70,99,N,Routine,2025-07-22 15:20,2025-07-22 15:46,2025-07-22 16:39
LAB740174,ENC117013,PT12883,CREAT,Creatinine,0.96,mg/dL,0.6,1.3,N,Routine,2025-07-22 15:30,2025-07-22 15:41,2025-07-22 19:54
LAB740175,ENC117014,PT10683,LDL,LDL Cholesterol,135,mg/dL,0,99,H,Routine,2025-07-22 15:37,2025-07-22 16:09,2025-07-23 02:48
LAB740176,ENC117014,PT10683,A1C,Hemoglobin A1c,7.4,%,4,5.6,H,Routine,2025-07-22 15:24,2025-07-22 15:31,2025-07-23 17:40
LAB740177,ENC117016,PT13406,GLU,Glucose,103,mg/dL,70,99,H,STAT,2025-07-22 17:09,2025-07-22 17:36,2025-07-22 17:57
LAB740178,ENC117016,PT13406,CREAT,Creatinine,0.62,mg/dL,0.6,1.3,N,STAT,2025-07-22 17:17,2025-07-22 17:46,2025-07-22 19:02
LAB740179,ENC117016,PT13406,WBC,White Blood Cell Count,0.9,K/uL,4.5,11,LL,Routine,2025-07-22 17:10,2025-07-22 17:39,2025-07-22 20:41
LAB740180,ENC117016,PT13406,HGB,Hemoglobin,9.2,g/dL,12,17.5,L,STAT,2025-07-22 17:16,2025-07-22 17:39,2025-07-22 18:20
LAB740181,ENC117016,PT13406,NA,Sodium,138,mmol/L,136,145,N,Routine,2025-07-22 17:01,2025-07-22 17:23,2025-07-22 18:42
LAB740182,ENC117016,PT13406,K,Potassium,5.1,mmol/L,3.5,5.1,N,STAT,2025-07-22 16:45,2025-07-22 17:10,2025-07-22 17:58
LAB740183,ENC117017,PT10465,A1C,Hemoglobin A1c,5.4,%,4,5.6,N,Routine,2025-07-22 16:31,2025-07-22 17:00,2025-07-22 23:45
LAB740184,ENC117017,PT10465,GLU,Glucose,90,mg/dL,70,99,N,Routine,2025-07-22 16:42,2025-07-22 16:54,2025-07-22 21:05
LAB740185,ENC117017,PT10465,CREAT,Creatinine,1.36,mg/dL,0.6,1.3,H,Routine,2025-07-22 16:20,2025-07-22 16:47,2025-07-22 23:23
LAB740186,ENC117019,PT13001,A1C,Hemoglobin A1c,10.5,%,4,5.6,H,Routine,2025-07-22 16:38,2025-07-22 17:05,2025-07-23 03:26
LAB740187,ENC117021,PT10817,GLU,Glucose,90,mg/dL,70,99,N,STAT,2025-07-22 18:18,2025-07-22 18:22,2025-07-22 18:42
LAB740188,ENC117021,PT10817,CREAT,Creatinine,1.25,mg/dL,0.6,1.3,N,STAT,2025-07-22 18:32,2025-07-22 18:56,2025-07-22 19:21
LAB740189,ENC117021,PT10817,WBC,White Blood Cell Count,7,K/uL,4.5,11,N,STAT,2025-07-22 18:15,2025-07-22 18:38,2025-07-22 19:19
LAB740190,ENC117021,PT10817,TROP,"Troponin I, High Sensitivity",6,ng/L,0,34,N,STAT,2025-07-22 18:25,2025-07-22 18:57,2025-07-22 19:20
LAB740191,ENC117022,PT13991,GLU,Glucose,146,mg/dL,70,99,H,Routine,2025-07-22 19:31,2025-07-22 19:47,2025-07-23 01:31
LAB740192,ENC117022,PT13991,CREAT,Creatinine,1.09,mg/dL,0.6,1.3,N,STAT,2025-07-22 19:36,2025-07-22 19:45,2025-07-22 20:53
LAB740193,ENC117022,PT13991,WBC,White Blood Cell Count,6.8,K/uL,4.5,11,N,STAT,2025-07-22 19:00,2025-07-22 19:05,2025-07-22 19:42
LAB740194,ENC117022,PT13991,HGB,Hemoglobin,11.1,g/dL,12,17.5,L,Routine,2025-07-22 19:33,2025-07-22 19:38,2025-07-22 21:02
LAB740195,ENC117022,PT13991,NA,Sodium,143,mmol/L,136,145,N,STAT,2025-07-22 19:38,2025-07-22 20:05,2025-07-22 21:05
LAB740196,ENC117022,PT13991,K,Potassium,3.9,mmol/L,3.5,5.1,N,STAT,2025-07-22 19:09,2025-07-22 19:28,2025-07-22 20:37
LAB740197,ENC117022,PT13991,BUN,Blood Urea Nitrogen,10,mg/dL,7,20,N,STAT,2025-07-22 19:43,2025-07-22 20:09,2025-07-22 20:50
LAB740198,ENC117022,PT13991,PLT,Platelet Count,339,K/uL,150,400,N,STAT,2025-07-22 19:22,2025-07-22 19:53,2025-07-22 20:55
LAB740199,ENC117023,PT10147,GLU,Glucose,111,mg/dL,70,99,H,Routine,2025-07-22 23:16,2025-07-22 23:29,2025-07-23 00:34
LAB740200,ENC117023,PT10147,CREAT,Creatinine,0.38,mg/dL,0.6,1.3,L,Routine,2025-07-22 22:47,2025-07-22 23:14,2025-07-23 01:09
LAB740201,ENC117023,PT10147,WBC,White Blood Cell Count,9.7,K/uL,4.5,11,N,STAT,2025-07-22 22:35,2025-07-22 22:52,2025-07-22 23:19
LAB740202,ENC117023,PT10147,HGB,Hemoglobin,13.2,g/dL,12,17.5,N,Routine,2025-07-22 22:43,2025-07-22 22:59,2025-07-23 06:11
LAB740203,ENC117024,PT12387,GLU,Glucose,107,mg/dL,70,99,H,STAT,2025-07-22 19:51,2025-07-22 20:17,2025-07-22 21:27
LAB740204,ENC117024,PT12387,CREAT,Creatinine,0.85,mg/dL,0.6,1.3,N,Routine,2025-07-22 19:53,2025-07-22 20:00,2025-07-22 21:52
LAB740205,ENC117024,PT12387,WBC,White Blood Cell Count,6.1,K/uL,4.5,11,N,Routine,2025-07-22 20:36,2025-07-22 20:51,2025-07-23 01:24
LAB740206,ENC117024,PT12387,HGB,Hemoglobin,13.5,g/dL,12,17.5,N,STAT,2025-07-22 19:46,2025-07-22 19:51,2025-07-22 20:48
LAB740207,ENC117027,PT11780,GLU,Glucose,65,mg/dL,70,99,L,STAT,2025-07-22 22:06,2025-07-22 22:10,2025-07-22 23:19
LAB740208,ENC117027,PT11780,CREAT,Creatinine,0.68,mg/dL,0.6,1.3,N,Routine,2025-07-22 22:22,2025-07-22 22:26,2025-07-22 23:24
LAB740209,ENC117027,PT11780,WBC,White Blood Cell Count,8,K/uL,4.5,11,N,STAT,2025-07-22 22:09,2025-07-22 22:13,2025-07-22 23:16
LAB740210,ENC117027,PT11780,HGB,Hemoglobin,14.4,g/dL,12,17.5,N,Routine,2025-07-22 22:20,2025-07-22 22:25,2025-07-23 00:31
LAB740211,ENC117027,PT11780,BUN,Blood Urea Nitrogen,14,mg/dL,7,20,N,STAT,2025-07-22 22:20,2025-07-22 22:30,2025-07-22 23:29
LAB740212,ENC117027,PT11780,PLT,Platelet Count,249,K/uL,150,400,N,Routine,2025-07-22 22:28,2025-07-22 22:48,2025-07-23 02:35
LAB740213,ENC117028,PT10666,GLU,Glucose,114,mg/dL,70,99,H,Routine,2025-07-23 00:03,2025-07-23 00:34,2025-07-23 02:36
LAB740214,ENC117028,PT10666,CREAT,Creatinine,0.68,mg/dL,0.6,1.3,N,STAT,2025-07-22 23:19,2025-07-22 23:41,2025-07-23 00:17
LAB740215,ENC117028,PT10666,WBC,White Blood Cell Count,8.2,K/uL,4.5,11,N,STAT,2025-07-22 23:44,2025-07-22 23:55,2025-07-23 00:35
LAB740216,ENC117028,PT10666,HGB,Hemoglobin,14.1,g/dL,12,17.5,N,Routine,2025-07-23 00:02,2025-07-23 00:29,2025-07-23 02:48
LAB740217,ENC117028,PT10666,NA,Sodium,142,mmol/L,136,145,N,STAT,2025-07-22 23:39,2025-07-23 00:02,2025-07-23 00:46
LAB740218,ENC117028,PT10666,K,Potassium,3.3,mmol/L,3.5,5.1,L,STAT,2025-07-23 00:13,2025-07-23 00:23,2025-07-23 01:50
LAB740219,ENC117028,PT10666,TROP,"Troponin I, High Sensitivity",9,ng/L,0,34,N,STAT,2025-07-22 23:22,2025-07-22 23:35,2025-07-23 00:20
LAB740220,ENC117028,PT10666,BNP,B-Type Natriuretic Peptide,272,pg/mL,0,100,H,STAT,2025-07-22 23:53,2025-07-23 00:13,2025-07-23 01:10
LAB740221,ENC117029,PT13889,GLU,Glucose,105,mg/dL,70,99,H,STAT,2025-07-23 07:33,2025-07-23 07:55,2025-07-23 09:07
LAB740222,ENC117029,PT13889,CREAT,Creatinine,1.03,mg/dL,0.6,1.3,N,STAT,2025-07-23 07:25,2025-07-23 07:51,2025-07-23 08:32
LAB740223,ENC117029,PT13889,WBC,White Blood Cell Count,9.4,K/uL,4.5,11,N,Routine,2025-07-23 06:55,2025-07-23 07:10,2025-07-23 08:43
LAB740224,ENC117029,PT13889,HGB,Hemoglobin,13.7,g/dL,12,17.5,N,STAT,2025-07-23 06:42,2025-07-23 06:58,2025-07-23 07:32
LAB740225,ENC117029,PT13889,TROP,"Troponin I, High Sensitivity",6,ng/L,0,34,N,STAT,2025-07-23 06:59,2025-07-23 07:32,2025-07-23 08:35
LAB740226,ENC117029,PT13889,BNP,B-Type Natriuretic Peptide,807,pg/mL,0,100,H,STAT,2025-07-23 06:47,2025-07-23 06:54,2025-07-23 07:25
LAB740227,ENC117030,PT12306,GLU,Glucose,115,mg/dL,70,99,H,Routine,2025-07-23 06:05,2025-07-23 06:19,2025-07-23 08:25
LAB740228,ENC117030,PT12306,CREAT,Creatinine,0.81,mg/dL,0.6,1.3,N,STAT,2025-07-23 06:05,2025-07-23 06:14,2025-07-23 07:15
LAB740229,ENC117030,PT12306,WBC,White Blood Cell Count,9.2,K/uL,4.5,11,N,STAT,2025-07-23 05:32,2025-07-23 05:39,2025-07-23 06:28
LAB740230,ENC117030,PT12306,HGB,Hemoglobin,12.6,g/dL,12,17.5,N,Routine,2025-07-23 06:26,2025-07-23 06:56,2025-07-23 10:12
LAB740231,ENC117031,PT10857,GLU,Glucose,109,mg/dL,70,99,H,STAT,2025-07-23 08:03,2025-07-23 08:23,2025-07-23 08:44
LAB740232,ENC117031,PT10857,CREAT,Creatinine,0.82,mg/dL,0.6,1.3,N,Routine,2025-07-23 08:36,2025-07-23 08:45,2025-07-23 14:00
LAB740233,ENC117031,PT10857,WBC,White Blood Cell Count,7.5,K/uL,4.5,11,N,STAT,2025-07-23 08:53,2025-07-23 09:28,2025-07-23 10:13
LAB740234,ENC117031,PT10857,HGB,Hemoglobin,11.2,g/dL,12,17.5,L,STAT,2025-07-23 08:16,2025-07-23 08:44,2025-07-23 09:24
LAB740235,ENC117031,PT10857,NA,Sodium,137,mmol/L,136,145,N,STAT,2025-07-23 07:51,2025-07-23 08:18,2025-07-23 09:45
LAB740236,ENC117031,PT10857,K,Potassium,3.8,mmol/L,3.5,5.1,N,STAT,2025-07-23 08:17,2025-07-23 08:27,2025-07-23 09:40
LAB740237,ENC117032,PT10243,A1C,Hemoglobin A1c,6.6,%,4,5.6,H,Routine,2025-07-23 08:36,2025-07-23 08:40,2025-07-24 10:02
LAB740238,ENC117036,PT12630,GLU,Glucose,78,mg/dL,70,99,N,STAT,2025-07-23 12:17,2025-07-23 12:44,2025-07-23 13:15
LAB740239,ENC117036,PT12630,CREAT,Creatinine,0.83,mg/dL,0.6,1.3,N,STAT,2025-07-23 12:14,2025-07-23 12:27,2025-07-23 13:12
LAB740240,ENC117036,PT12630,WBC,White Blood Cell Count,5.5,K/uL,4.5,11,N,STAT,2025-07-23 12:31,2025-07-23 12:43,2025-07-23 14:04
LAB740241,ENC117036,PT12630,HGB,Hemoglobin,12.7,g/dL,12,17.5,N,STAT,2025-07-23 13:18,2025-07-23 13:31,2025-07-23 14:10
LAB740242,ENC117036,PT12630,NA,Sodium,142,mmol/L,136,145,N,Routine,2025-07-23 12:43,2025-07-23 12:52,2025-07-23 14:14
LAB740243,ENC117036,PT12630,K,Potassium,4.5,mmol/L,3.5,5.1,N,STAT,2025-07-23 13:11,2025-07-23 13:31,2025-07-23 14:02
LAB740244,ENC117038,PT12095,LDL,LDL Cholesterol,141,mg/dL,0,99,H,Routine,2025-07-23 09:37,2025-07-23 10:00,2025-07-23 16:33
LAB740245,ENC117041,PT12791,GLU,Glucose,91,mg/dL,70,99,N,Routine,2025-07-23 10:17,2025-07-23 10:31,2025-07-23 12:33
LAB740246,ENC117041,PT12791,CREAT,Creatinine,1.04,mg/dL,0.6,1.3,N,STAT,2025-07-23 10:35,2025-07-23 11:10,2025-07-23 11:56
LAB740247,ENC117041,PT12791,WBC,White Blood Cell Count,6.9,K/uL,4.5,11,N,STAT,2025-07-23 09:52,2025-07-23 10:06,2025-07-23 10:45
LAB740248,ENC117041,PT12791,TROP,"Troponin I, High Sensitivity",2,ng/L,0,34,N,STAT,2025-07-23 10:02,2025-07-23 10:28,2025-07-23 11:15
LAB740249,ENC117042,PT11199,WBC,White Blood Cell Count,8.4,K/uL,4.5,11,N,Routine,2025-07-23 10:13,2025-07-23 10:22,2025-07-23 12:16
LAB740250,ENC117042,PT11199,HGB,Hemoglobin,9.9,g/dL,12,17.5,L,Routine,2025-07-23 10:05,2025-07-23 10:09,2025-07-23 12:22
LAB740251,ENC117042,PT11199,PLT,Platelet Count,146,K/uL,150,400,L,Routine,2025-07-23 10:11,2025-07-23 10:34,2025-07-23 13:49
LAB740252,ENC117043,PT12602,GLU,Glucose,111,mg/dL,70,99,H,STAT,2025-07-23 10:37,2025-07-23 10:57,2025-07-23 11:41
LAB740253,ENC117043,PT12602,CREAT,Creatinine,0.92,mg/dL,0.6,1.3,N,STAT,2025-07-23 10:35,2025-07-23 10:52,2025-07-23 11:47
LAB740254,ENC117043,PT12602,WBC,White Blood Cell Count,4.6,K/uL,4.5,11,N,STAT,2025-07-23 10:07,2025-07-23 10:32,2025-07-23 11:07
LAB740255,ENC117043,PT12602,HGB,Hemoglobin,12.9,g/dL,12,17.5,N,STAT,2025-07-23 11:08,2025-07-23 11:22,2025-07-23 11:53
LAB740256,ENC117047,PT13484,A1C,Hemoglobin A1c,8.9,%,4,5.6,H,Routine,2025-07-23 11:25,2025-07-23 11:56,2025-07-24 07:51
LAB740257,ENC117047,PT13484,GLU,Glucose,203,mg/dL,70,99,H,Routine,2025-07-23 11:12,2025-07-23 11:33,2025-07-23 12:55
LAB740258,ENC117047,PT13484,CREAT,Creatinine,1.37,mg/dL,0.6,1.3,H,Routine,2025-07-23 11:18,2025-07-23 11:28,2025-07-23 16:19
LAB740259,ENC117049,PT11877,LDL,LDL Cholesterol,104,mg/dL,0,99,H,Routine,2025-07-23 11:27,2025-07-23 11:42,2025-07-23 18:55
LAB740260,ENC117049,PT11877,A1C,Hemoglobin A1c,7.9,%,4,5.6,H,Routine,2025-07-23 11:16,2025-07-23 11:23,2025-07-23 20:03
LAB740261,ENC117050,PT11755,GLU,Glucose,101,mg/dL,70,99,H,STAT,2025-07-23 12:06,2025-07-23 12:23,2025-07-23 12:41
LAB740262,ENC117050,PT11755,CREAT,Creatinine,1.18,mg/dL,0.6,1.3,N,STAT,2025-07-23 11:42,2025-07-23 12:12,2025-07-23 13:18
LAB740263,ENC117051,PT12072,LDL,LDL Cholesterol,149,mg/dL,0,99,H,Routine,2025-07-23 11:38,2025-07-23 12:04,2025-07-24 12:43
LAB740264,ENC117051,PT12072,A1C,Hemoglobin A1c,5.2,%,4,5.6,N,Routine,2025-07-23 11:35,2025-07-23 11:51,2025-07-24 00:26
LAB740265,ENC117053,PT12608,LDL,LDL Cholesterol,187,mg/dL,0,99,H,Routine,2025-07-23 13:07,2025-07-23 13:29,2025-07-23 20:11
LAB740266,ENC117053,PT12608,A1C,Hemoglobin A1c,9.7,%,4,5.6,H,Routine,2025-07-23 13:09,2025-07-23 13:40,2025-07-24 10:56
LAB740267,ENC117058,PT12224,GLU,Glucose,119,mg/dL,70,99,H,STAT,2025-07-23 16:09,2025-07-23 16:40,2025-07-23 17:26
LAB740268,ENC117058,PT12224,CREAT,Creatinine,1.32,mg/dL,0.6,1.3,H,STAT,2025-07-23 16:15,2025-07-23 16:49,2025-07-23 17:23
LAB740269,ENC117058,PT12224,WBC,White Blood Cell Count,12.1,K/uL,4.5,11,H,STAT,2025-07-23 16:02,2025-07-23 16:21,2025-07-23 17:14
LAB740270,ENC117058,PT12224,HGB,Hemoglobin,12,g/dL,12,17.5,N,STAT,2025-07-23 15:54,2025-07-23 16:06,2025-07-23 16:50
LAB740271,ENC117060,PT13829,A1C,Hemoglobin A1c,8.6,%,4,5.6,H,Routine,2025-07-23 16:39,2025-07-23 17:02,2025-07-23 21:33
LAB740272,ENC117061,PT11395,A1C,Hemoglobin A1c,11.2,%,4,5.6,H,Routine,2025-07-23 16:45,2025-07-23 17:06,2025-07-24 05:26
LAB740273,ENC117061,PT11395,GLU,Glucose,312,mg/dL,70,99,H,Routine,2025-07-23 16:56,2025-07-23 17:17,2025-07-23 20:01
LAB740274,ENC117061,PT11395,CREAT,Creatinine,0.99,mg/dL,0.6,1.3,N,Routine,2025-07-23 16:54,2025-07-23 17:07,2025-07-23 21:09
LAB740275,ENC117062,PT13686,A1C,Hemoglobin A1c,7.6,%,4,5.6,H,Routine,2025-07-23 16:44,2025-07-23 17:00,2025-07-24 05:27
LAB740276,ENC117067,PT13303,GLU,Glucose,118,mg/dL,70,99,H,Routine,2025-07-24 06:24,2025-07-24 06:46,2025-07-24 08:45
LAB740277,ENC117067,PT13303,CREAT,Creatinine,1,mg/dL,0.6,1.3,N,STAT,2025-07-24 06:11,2025-07-24 06:20,2025-07-24 07:05
LAB740278,ENC117067,PT13303,WBC,White Blood Cell Count,3.9,K/uL,4.5,11,L,STAT,2025-07-24 06:31,2025-07-24 06:52,2025-07-24 07:29
LAB740279,ENC117067,PT13303,HGB,Hemoglobin,13,g/dL,12,17.5,N,Routine,2025-07-24 06:43,2025-07-24 07:15,2025-07-24 10:39
LAB740280,ENC117067,PT13303,NA,Sodium,141,mmol/L,136,145,N,STAT,2025-07-24 05:56,2025-07-24 06:09,2025-07-24 06:56
LAB740281,ENC117067,PT13303,K,Potassium,3.8,mmol/L,3.5,5.1,N,STAT,2025-07-24 06:45,2025-07-24 06:59,2025-07-24 07:32
LAB740282,ENC117068,PT12673,GLU,Glucose,131,mg/dL,70,99,H,STAT,2025-07-24 07:46,2025-07-24 08:01,2025-07-24 09:26
LAB740283,ENC117068,PT12673,CREAT,Creatinine,1.16,mg/dL,0.6,1.3,N,STAT,2025-07-24 07:56,2025-07-24 08:23,2025-07-24 09:23
LAB740284,ENC117068,PT12673,WBC,White Blood Cell Count,9.5,K/uL,4.5,11,N,STAT,2025-07-24 08:18,2025-07-24 08:51,2025-07-24 09:33
LAB740285,ENC117069,PT13920,A1C,Hemoglobin A1c,9.5,%,4,5.6,H,Routine,2025-07-24 08:43,2025-07-24 08:57,2025-07-24 18:00
LAB740286,ENC117073,PT10698,GLU,Glucose,70,mg/dL,70,99,N,STAT,2025-07-24 16:19,2025-07-24 16:35,2025-07-24 17:42
LAB740287,ENC117073,PT10698,CREAT,Creatinine,0.93,mg/dL,0.6,1.3,N,Routine,2025-07-24 15:55,2025-07-24 16:07,2025-07-24 17:59
LAB740288,ENC117073,PT10698,WBC,White Blood Cell Count,16.7,K/uL,4.5,11,H,Routine,2025-07-24 16:21,2025-07-24 16:43,2025-07-24 18:31
LAB740289,ENC117073,PT10698,HGB,Hemoglobin,14.1,g/dL,12,17.5,N,Routine,2025-07-24 15:46,2025-07-24 16:17,2025-07-24 17:50
LAB740290,ENC117074,PT11831,A1C,Hemoglobin A1c,8.1,%,4,5.6,H,Routine,2025-07-24 12:15,2025-07-24 12:35,2025-07-25 03:23
LAB740291,ENC117074,PT11831,GLU,Glucose,92,mg/dL,70,99,N,Routine,2025-07-24 12:15,2025-07-24 12:35,2025-07-24 18:34
LAB740292,ENC117074,PT11831,CREAT,Creatinine,1.12,mg/dL,0.6,1.3,N,Routine,2025-07-24 12:20,2025-07-24 12:34,2025-07-24 14:31
LAB740293,ENC117075,PT12015,A1C,Hemoglobin A1c,8.4,%,4,5.6,H,Routine,2025-07-24 12:40,2025-07-24 13:15,2025-07-25 03:05
LAB740294,ENC117077,PT13088,GLU,Glucose,217,mg/dL,70,99,H,STAT,2025-07-24 15:11,2025-07-24 15:42,2025-07-24 16:26
LAB740295,ENC117077,PT13088,CREAT,Creatinine,0.94,mg/dL,0.6,1.3,N,Routine,2025-07-24 14:57,2025-07-24 15:10,2025-07-24 19:42
LAB740296,ENC117077,PT13088,WBC,White Blood Cell Count,5,K/uL,4.5,11,N,STAT,2025-07-24 14:47,2025-07-24 15:06,2025-07-24 15:37
LAB740297,ENC117077,PT13088,HGB,Hemoglobin,13.2,g/dL,12,17.5,N,STAT,2025-07-24 15:47,2025-07-24 16:00,2025-07-24 16:45
LAB740298,ENC117077,PT13088,BUN,Blood Urea Nitrogen,15,mg/dL,7,20,N,STAT,2025-07-24 15:24,2025-07-24 15:30,2025-07-24 16:07
LAB740299,ENC117077,PT13088,PLT,Platelet Count,289,K/uL,150,400,N,Routine,2025-07-24 14:59,2025-07-24 15:24,2025-07-24 17:05
LAB740300,ENC117077,PT13088,INR,Prothrombin Time INR,1.1,ratio,0.8,1.2,N,Routine,2025-07-24 14:53,2025-07-24 15:06,2025-07-24 17:22
LAB740301,ENC117078,PT12016,GLU,Glucose,59,mg/dL,70,99,L,Routine,2025-07-24 12:59,2025-07-24 13:24,2025-07-24 16:24
LAB740302,ENC117078,PT12016,CREAT,Creatinine,0.77,mg/dL,0.6,1.3,N,STAT,2025-07-24 12:49,2025-07-24 13:22,2025-07-24 14:35
LAB740303,ENC117078,PT12016,WBC,White Blood Cell Count,5.4,K/uL,4.5,11,N,STAT,2025-07-24 13:47,2025-07-24 13:53,2025-07-24 15:03
LAB740304,ENC117079,PT13985,A1C,Hemoglobin A1c,9,%,4,5.6,H,Routine,2025-07-24 13:21,2025-07-24 13:56,2025-07-25 05:46
LAB740305,ENC117079,PT13985,GLU,Glucose,204,mg/dL,70,99,H,Routine,2025-07-24 13:13,2025-07-24 13:42,2025-07-24 19:30
LAB740306,ENC117079,PT13985,CREAT,Creatinine,0.88,mg/dL,0.6,1.3,N,Routine,2025-07-24 13:15,2025-07-24 13:38,2025-07-24 16:17
LAB740307,ENC117081,PT10797,GLU,Glucose,103,mg/dL,70,99,H,Routine,2025-07-24 13:58,2025-07-24 14:18,2025-07-24 17:26
LAB740308,ENC117081,PT10797,CREAT,Creatinine,0.97,mg/dL,0.6,1.3,N,STAT,2025-07-24 13:35,2025-07-24 13:41,2025-07-24 14:29
LAB740309,ENC117081,PT10797,WBC,White Blood Cell Count,5.6,K/uL,4.5,11,N,STAT,2025-07-24 14:15,2025-07-24 14:20,2025-07-24 15:18
LAB740310,ENC117081,PT10797,HGB,Hemoglobin,15.2,g/dL,12,17.5,N,Routine,2025-07-24 14:31,2025-07-24 14:52,2025-07-24 16:58
LAB740311,ENC117081,PT10797,TROP,"Troponin I, High Sensitivity",77,ng/L,0,34,H,STAT,2025-07-24 13:54,2025-07-24 14:25,2025-07-24 14:55
LAB740312,ENC117081,PT10797,BNP,B-Type Natriuretic Peptide,1309,pg/mL,0,100,H,Routine,2025-07-24 13:42,2025-07-24 13:47,2025-07-24 15:51
LAB740313,ENC117083,PT12622,LDL,LDL Cholesterol,91,mg/dL,0,99,N,Routine,2025-07-24 14:40,2025-07-24 15:15,2025-07-25 08:52
LAB740314,ENC117083,PT12622,A1C,Hemoglobin A1c,9.3,%,4,5.6,H,Routine,2025-07-24 14:55,2025-07-24 15:07,2025-07-25 11:30
LAB740315,ENC117083,PT12622,TSH,Thyroid Stimulating Hormone,2.31,mIU/L,0.4,4,N,Routine,2025-07-24 14:35,2025-07-24 14:42,2025-07-25 23:47
LAB740316,ENC117086,PT13738,GLU,Glucose,128,mg/dL,70,99,H,STAT,2025-07-24 20:25,2025-07-24 20:50,2025-07-24 21:13
LAB740317,ENC117086,PT13738,CREAT,Creatinine,1.38,mg/dL,0.6,1.3,H,Routine,2025-07-24 20:48,2025-07-24 21:11,2025-07-24 23:57
LAB740318,ENC117086,PT13738,WBC,White Blood Cell Count,5.2,K/uL,4.5,11,N,Routine,2025-07-24 21:01,2025-07-24 21:29,2025-07-24 22:43
LAB740319,ENC117086,PT13738,HGB,Hemoglobin,13.8,g/dL,12,17.5,N,Routine,2025-07-24 21:00,2025-07-24 21:19,2025-07-25 01:46
LAB740320,ENC117088,PT13318,WBC,White Blood Cell Count,9.2,K/uL,4.5,11,N,Routine,2025-07-24 16:15,2025-07-24 16:25,2025-07-24 18:36
LAB740321,ENC117088,PT13318,HGB,Hemoglobin,13.5,g/dL,12,17.5,N,Routine,2025-07-24 16:15,2025-07-24 16:44,2025-07-24 19:15
LAB740322,ENC117088,PT13318,PLT,Platelet Count,305,K/uL,150,400,N,Routine,2025-07-24 16:12,2025-07-24 16:43,2025-07-24 19:33
LAB740323,ENC117089,PT13354,GLU,Glucose,107,mg/dL,70,99,H,STAT,2025-07-24 16:53,2025-07-24 17:14,2025-07-24 17:57
LAB740324,ENC117089,PT13354,CREAT,Creatinine,0.83,mg/dL,0.6,1.3,N,Routine,2025-07-24 16:38,2025-07-24 16:58,2025-07-24 20:32
LAB740325,ENC117089,PT13354,WBC,White Blood Cell Count,8.3,K/uL,4.5,11,N,Routine,2025-07-24 15:56,2025-07-24 16:04,2025-07-24 19:37
LAB740326,ENC117090,PT11041,A1C,Hemoglobin A1c,6.3,%,4,5.6,H,Routine,2025-07-24 16:41,2025-07-24 17:10,2025-07-25 23:44
LAB740327,ENC117093,PT10935,LDL,LDL Cholesterol,96,mg/dL,0,99,N,Routine,2025-07-24 16:57,2025-07-24 17:10,2025-07-25 11:09
LAB740328,ENC117094,PT11930,WBC,White Blood Cell Count,6,K/uL,4.5,11,N,Routine,2025-07-24 16:58,2025-07-24 17:07,2025-07-24 21:45
LAB740329,ENC117094,PT11930,HGB,Hemoglobin,15.1,g/dL,12,17.5,N,Routine,2025-07-24 16:51,2025-07-24 17:23,2025-07-24 20:20
LAB740330,ENC117094,PT11930,PLT,Platelet Count,177,K/uL,150,400,N,Routine,2025-07-24 16:43,2025-07-24 17:07,2025-07-24 20:51
LAB740331,ENC117095,PT11199,GLU,Glucose,75,mg/dL,70,99,N,STAT,2025-07-24 21:44,2025-07-24 21:53,2025-07-24 22:27
LAB740332,ENC117095,PT11199,CREAT,Creatinine,1.93,mg/dL,0.6,1.3,H,STAT,2025-07-24 20:45,2025-07-24 21:08,2025-07-24 21:28
LAB740333,ENC117095,PT11199,WBC,White Blood Cell Count,10.4,K/uL,4.5,11,N,STAT,2025-07-24 21:26,2025-07-24 21:39,2025-07-24 22:11
LAB740334,ENC117095,PT11199,HGB,Hemoglobin,12.8,g/dL,12,17.5,N,Routine,2025-07-24 20:53,2025-07-24 21:11,2025-07-24 22:14
LAB740335,ENC117095,PT11199,BUN,Blood Urea Nitrogen,10,mg/dL,7,20,N,Routine,2025-07-24 21:01,2025-07-24 21:22,2025-07-25 02:14
LAB740336,ENC117095,PT11199,PLT,Platelet Count,203,K/uL,150,400,N,Routine,2025-07-24 20:53,2025-07-24 21:07,2025-07-25 00:35
LAB740337,ENC117096,PT13412,GLU,Glucose,157,mg/dL,70,99,H,STAT,2025-07-24 20:37,2025-07-24 20:56,2025-07-24 21:59
LAB740338,ENC117096,PT13412,CREAT,Creatinine,2.18,mg/dL,0.6,1.3,H,STAT,2025-07-24 20:37,2025-07-24 20:49,2025-07-24 21:25
LAB740339,ENC117096,PT13412,WBC,White Blood Cell Count,19.6,K/uL,4.5,11,H,STAT,2025-07-24 19:51,2025-07-24 20:04,2025-07-24 20:44
LAB740340,ENC117096,PT13412,HGB,Hemoglobin,13.1,g/dL,12,17.5,N,Routine,2025-07-24 19:59,2025-07-24 20:04,2025-07-25 00:32
LAB740341,ENC117096,PT13412,LACT,Lactate,4.9,mmol/L,0.5,2,HH,STAT,2025-07-24 20:01,2025-07-24 20:09,2025-07-24 20:31
LAB740342,ENC117097,PT13454,GLU,Glucose,218,mg/dL,70,99,H,Routine,2025-07-25 00:07,2025-07-25 00:35,2025-07-25 03:47
LAB740343,ENC117097,PT13454,CREAT,Creatinine,0.86,mg/dL,0.6,1.3,N,STAT,2025-07-25 00:25,2025-07-25 00:34,2025-07-25 01:21
LAB740344,ENC117097,PT13454,WBC,White Blood Cell Count,9.2,K/uL,4.5,11,N,STAT,2025-07-24 23:44,2025-07-24 23:48,2025-07-25 00:49
LAB740345,ENC117097,PT13454,HGB,Hemoglobin,13.4,g/dL,12,17.5,N,STAT,2025-07-24 23:56,2025-07-25 00:28,2025-07-25 01:52
LAB740346,ENC117098,PT12554,GLU,Glucose,217,mg/dL,70,99,H,STAT,2025-07-24 21:44,2025-07-24 22:14,2025-07-24 22:48
LAB740347,ENC117098,PT12554,CREAT,Creatinine,0.97,mg/dL,0.6,1.3,N,STAT,2025-07-24 21:05,2025-07-24 21:10,2025-07-24 22:01
LAB740348,ENC117098,PT12554,WBC,White Blood Cell Count,7.4,K/uL,4.5,11,N,STAT,2025-07-24 21:19,2025-07-24 21:43,2025-07-24 22:16
LAB740349,ENC117098,PT12554,HGB,Hemoglobin,14,g/dL,12,17.5,N,Routine,2025-07-24 22:01,2025-07-24 22:35,2025-07-25 00:22
LAB740350,ENC117098,PT12554,LACT,Lactate,2.5,mmol/L,0.5,2,H,STAT,2025-07-24 21:04,2025-07-24 21:08,2025-07-24 21:57
LAB740351,ENC117099,PT12010,GLU,Glucose,97,mg/dL,70,99,N,Routine,2025-07-24 23:04,2025-07-24 23:27,2025-07-25 01:09
LAB740352,ENC117099,PT12010,CREAT,Creatinine,1.08,mg/dL,0.6,1.3,N,STAT,2025-07-24 23:22,2025-07-24 23:35,2025-07-25 00:17
LAB740353,ENC117099,PT12010,WBC,White Blood Cell Count,11.6,K/uL,4.5,11,H,STAT,2025-07-24 23:16,2025-07-24 23:43,2025-07-25 00:13
LAB740354,ENC117099,PT12010,HGB,Hemoglobin,14.5,g/dL,12,17.5,N,Routine,2025-07-24 23:22,2025-07-24 23:38,2025-07-25 01:46
LAB740355,ENC117100,PT12256,GLU,Glucose,113,mg/dL,70,99,H,STAT,2025-07-24 20:39,2025-07-24 20:59,2025-07-24 21:42
LAB740356,ENC117100,PT12256,CREAT,Creatinine,1.03,mg/dL,0.6,1.3,N,STAT,2025-07-24 20:31,2025-07-24 21:06,2025-07-24 21:38
LAB740357,ENC117100,PT12256,WBC,White Blood Cell Count,9.3,K/uL,4.5,11,N,Routine,2025-07-24 21:11,2025-07-24 21:40,2025-07-25 01:45
LAB740358,ENC117100,PT12256,HGB,Hemoglobin,13.3,g/dL,12,17.5,N,Routine,2025-07-24 20:47,2025-07-24 21:06,2025-07-25 00:34
LAB740359,ENC117100,PT12256,TROP,"Troponin I, High Sensitivity",9,ng/L,0,34,N,STAT,2025-07-24 21:20,2025-07-24 21:44,2025-07-24 22:05
LAB740360,ENC117101,PT12266,GLU,Glucose,150,mg/dL,70,99,H,STAT,2025-07-25 02:06,2025-07-25 02:15,2025-07-25 02:44
LAB740361,ENC117101,PT12266,CREAT,Creatinine,1.02,mg/dL,0.6,1.3,N,STAT,2025-07-25 02:42,2025-07-25 03:03,2025-07-25 03:58
LAB740362,ENC117101,PT12266,WBC,White Blood Cell Count,5,K/uL,4.5,11,N,STAT,2025-07-25 02:53,2025-07-25 03:01,2025-07-25 03:32
LAB740363,ENC117101,PT12266,HGB,Hemoglobin,13.3,g/dL,12,17.5,N,STAT,2025-07-25 03:09,2025-07-25 03:22,2025-07-25 04:24
LAB740364,ENC117102,PT13134,TROP,"Troponin I, High Sensitivity",87,ng/L,0,34,H,STAT,2025-07-24 22:37,2025-07-24 22:46,2025-07-25 00:00
LAB740365,ENC117102,PT13134,BNP,B-Type Natriuretic Peptide,1339,pg/mL,0,100,H,STAT,2025-07-24 23:00,2025-07-24 23:31,2025-07-24 23:59
LAB740366,ENC117103,PT10398,GLU,Glucose,168,mg/dL,70,99,H,STAT,2025-07-25 02:36,2025-07-25 03:07,2025-07-25 04:45
LAB740367,ENC117103,PT10398,CREAT,Creatinine,0.45,mg/dL,0.6,1.3,L,STAT,2025-07-25 01:32,2025-07-25 01:51,2025-07-25 02:43
LAB740368,ENC117103,PT10398,WBC,White Blood Cell Count,7.4,K/uL,4.5,11,N,STAT,2025-07-25 01:34,2025-07-25 01:59,2025-07-25 02:55
LAB740369,ENC117103,PT10398,TROP,"Troponin I, High Sensitivity",13,ng/L,0,34,N,STAT,2025-07-25 01:46,2025-07-25 01:53,2025-07-25 03:17
LAB740370,ENC117104,PT10171,GLU,Glucose,93,mg/dL,70,99,N,Routine,2025-07-25 08:06,2025-07-25 08:39,2025-07-25 11:40
LAB740371,ENC117104,PT10171,CREAT,Creatinine,0.84,mg/dL,0.6,1.3,N,STAT,2025-07-25 08:10,2025-07-25 08:35,2025-07-25 09:17
LAB740372,ENC117104,PT10171,WBC,White Blood Cell Count,5.7,K/uL,4.5,11,N,Routine,2025-07-25 07:59,2025-07-25 08:19,2025-07-25 12:00
LAB740373,ENC117104,PT10171,HGB,Hemoglobin,15.1,g/dL,12,17.5,N,Routine,2025-07-25 08:14,2025-07-25 08:31,2025-07-25 11:02
LAB740374,ENC117104,PT10171,NA,Sodium,138,mmol/L,136,145,N,Routine,2025-07-25 08:09,2025-07-25 08:27,2025-07-25 10:35
LAB740375,ENC117104,PT10171,K,Potassium,3.5,mmol/L,3.5,5.1,N,STAT,2025-07-25 07:25,2025-07-25 07:46,2025-07-25 08:10
LAB740376,ENC117105,PT11593,GLU,Glucose,107,mg/dL,70,99,H,STAT,2025-07-25 08:48,2025-07-25 09:13,2025-07-25 10:08
LAB740377,ENC117105,PT11593,CREAT,Creatinine,0.82,mg/dL,0.6,1.3,N,STAT,2025-07-25 08:37,2025-07-25 09:09,2025-07-25 09:49
LAB740378,ENC117105,PT11593,WBC,White Blood Cell Count,6.3,K/uL,4.5,11,N,STAT,2025-07-25 08:40,2025-07-25 09:12,2025-07-25 10:06
LAB740379,ENC117105,PT11593,HGB,Hemoglobin,14.4,g/dL,12,17.5,N,STAT,2025-07-25 08:31,2025-07-25 09:06,2025-07-25 10:13
LAB740380,ENC117106,PT10164,GLU,Glucose,91,mg/dL,70,99,N,Routine,2025-07-25 08:31,2025-07-25 08:51,2025-07-25 10:57
LAB740381,ENC117106,PT10164,CREAT,Creatinine,0.93,mg/dL,0.6,1.3,N,STAT,2025-07-25 08:50,2025-07-25 09:10,2025-07-25 10:45
LAB740382,ENC117106,PT10164,WBC,White Blood Cell Count,9.3,K/uL,4.5,11,N,STAT,2025-07-25 08:47,2025-07-25 08:52,2025-07-25 09:35
LAB740383,ENC117106,PT10164,HGB,Hemoglobin,13.1,g/dL,12,17.5,N,STAT,2025-07-25 08:54,2025-07-25 09:08,2025-07-25 10:17
LAB740384,ENC117108,PT10517,LDL,LDL Cholesterol,162,mg/dL,0,99,H,Routine,2025-07-25 10:08,2025-07-25 10:12,2025-07-26 07:14
LAB740385,ENC117108,PT10517,TSH,Thyroid Stimulating Hormone,0.3,mIU/L,0.4,4,L,Routine,2025-07-25 10:11,2025-07-25 10:28,2025-07-25 20:13
LAB740386,ENC117110,PT11852,GLU,Glucose,111,mg/dL,70,99,H,Routine,2025-07-25 10:28,2025-07-25 10:49,2025-07-25 19:39
LAB740387,ENC117110,PT11852,CREAT,Creatinine,1.88,mg/dL,0.6,1.3,H,STAT,2025-07-25 11:05,2025-07-25 11:25,2025-07-25 12:12
LAB740388,ENC117110,PT11852,WBC,White Blood Cell Count,7.6,K/uL,4.5,11,N,Routine,2025-07-25 11:14,2025-07-25 11:39,2025-07-25 14:17
LAB740389,ENC117110,PT11852,TROP,"Troponin I, High Sensitivity",7,ng/L,0,34,N,STAT,2025-07-25 10:35,2025-07-25 10:42,2025-07-25 11:29
LAB740390,ENC117112,PT11788,GLU,Glucose,171,mg/dL,70,99,H,STAT,2025-07-25 14:48,2025-07-25 14:52,2025-07-25 15:44
LAB740391,ENC117112,PT11788,CREAT,Creatinine,1.15,mg/dL,0.6,1.3,N,STAT,2025-07-25 15:12,2025-07-25 15:21,2025-07-25 16:37
LAB740392,ENC117112,PT11788,WBC,White Blood Cell Count,10.3,K/uL,4.5,11,N,Routine,2025-07-25 14:33,2025-07-25 14:40,2025-07-25 15:47
LAB740393,ENC117112,PT11788,HGB,Hemoglobin,14.4,g/dL,12,17.5,N,STAT,2025-07-25 14:53,2025-07-25 14:57,2025-07-25 16:56
LAB740394,ENC117112,PT11788,NA,Sodium,145,mmol/L,136,145,N,STAT,2025-07-25 15:02,2025-07-25 15:24,2025-07-25 16:35
LAB740395,ENC117112,PT11788,K,Potassium,4.8,mmol/L,3.5,5.1,N,STAT,2025-07-25 14:59,2025-07-25 15:28,2025-07-25 16:07
LAB740396,ENC117113,PT12206,GLU,Glucose,78,mg/dL,70,99,N,STAT,2025-07-25 12:22,2025-07-25 12:45,2025-07-25 13:24
LAB740397,ENC117113,PT12206,CREAT,Creatinine,1.06,mg/dL,0.6,1.3,N,Routine,2025-07-25 12:35,2025-07-25 13:08,2025-07-25 15:31
LAB740398,ENC117113,PT12206,WBC,White Blood Cell Count,13,K/uL,4.5,11,H,Routine,2025-07-25 13:00,2025-07-25 13:27,2025-07-25 15:28
LAB740399,ENC117113,PT12206,HGB,Hemoglobin,11.8,g/dL,12,17.5,L,Routine,2025-07-25 13:06,2025-07-25 13:25,2025-07-25 15:46
LAB740400,ENC117114,PT13530,GLU,Glucose,173,mg/dL,70,99,H,STAT,2025-07-25 13:10,2025-07-25 13:16,2025-07-25 13:49
LAB740401,ENC117114,PT13530,CREAT,Creatinine,0.83,mg/dL,0.6,1.3,N,STAT,2025-07-25 12:43,2025-07-25 13:16,2025-07-25 13:57
LAB740402,ENC117114,PT13530,WBC,White Blood Cell Count,8.5,K/uL,4.5,11,N,Routine,2025-07-25 13:10,2025-07-25 13:26,2025-07-25 17:56
LAB740403,ENC117114,PT13530,HGB,Hemoglobin,14.2,g/dL,12,17.5,N,STAT,2025-07-25 12:20,2025-07-25 12:24,2025-07-25 12:57
LAB740404,ENC117115,PT10514,GLU,Glucose,104,mg/dL,70,99,H,Routine,2025-07-25 16:21,2025-07-25 16:28,2025-07-25 22:04
LAB740405,ENC117115,PT10514,CREAT,Creatinine,1.12,mg/dL,0.6,1.3,N,STAT,2025-07-25 17:26,2025-07-25 17:40,2025-07-25 18:26
LAB740406,ENC117115,PT10514,WBC,White Blood Cell Count,7,K/uL,4.5,11,N,STAT,2025-07-25 17:27,2025-07-25 17:37,2025-07-25 17:55
LAB740407,ENC117115,PT10514,HGB,Hemoglobin,13.1,g/dL,12,17.5,N,STAT,2025-07-25 16:54,2025-07-25 17:12,2025-07-25 18:33
LAB740408,ENC117118,PT13609,GLU,Glucose,171,mg/dL,70,99,H,STAT,2025-07-25 14:08,2025-07-25 14:23,2025-07-25 15:05
LAB740409,ENC117118,PT13609,CREAT,Creatinine,3.97,mg/dL,0.6,1.3,H,Routine,2025-07-25 14:21,2025-07-25 14:44,2025-07-25 17:45
LAB740410,ENC117118,PT13609,WBC,White Blood Cell Count,6.2,K/uL,4.5,11,N,STAT,2025-07-25 14:18,2025-07-25 14:52,2025-07-25 15:26
LAB740411,ENC117118,PT13609,HGB,Hemoglobin,13.5,g/dL,12,17.5,N,STAT,2025-07-25 14:22,2025-07-25 14:37,2025-07-25 16:09
LAB740412,ENC117118,PT13609,NA,Sodium,137,mmol/L,136,145,N,Routine,2025-07-25 13:54,2025-07-25 14:26,2025-07-25 18:34
LAB740413,ENC117118,PT13609,K,Potassium,5.4,mmol/L,3.5,5.1,H,STAT,2025-07-25 14:02,2025-07-25 14:08,2025-07-25 14:45
LAB740414,ENC117119,PT11253,GLU,Glucose,164,mg/dL,70,99,H,Routine,2025-07-25 13:47,2025-07-25 14:09,2025-07-25 17:23
LAB740415,ENC117119,PT11253,CREAT,Creatinine,1.95,mg/dL,0.6,1.3,H,STAT,2025-07-25 13:46,2025-07-25 13:52,2025-07-25 14:18
LAB740416,ENC117119,PT11253,WBC,White Blood Cell Count,13.2,K/uL,4.5,11,H,Routine,2025-07-25 14:25,2025-07-25 14:59,2025-07-25 16:57
LAB740417,ENC117119,PT11253,HGB,Hemoglobin,16.5,g/dL,12,17.5,N,STAT,2025-07-25 14:26,2025-07-25 14:54,2025-07-25 15:30
LAB740418,ENC117119,PT11253,LACT,Lactate,2.9,mmol/L,0.5,2,H,STAT,2025-07-25 13:32,2025-07-25 14:03,2025-07-25 15:12
LAB740419,ENC117121,PT12038,TROP,"Troponin I, High Sensitivity",5,ng/L,0,34,N,STAT,2025-07-25 14:51,2025-07-25 15:14,2025-07-25 15:41
LAB740420,ENC117123,PT10471,GLU,Glucose,115,mg/dL,70,99,H,Routine,2025-07-25 16:47,2025-07-25 17:20,2025-07-25 22:17
LAB740421,ENC117123,PT10471,CREAT,Creatinine,1.09,mg/dL,0.6,1.3,N,Routine,2025-07-25 16:35,2025-07-25 16:58,2025-07-25 18:05
LAB740422,ENC117123,PT10471,WBC,White Blood Cell Count,7.7,K/uL,4.5,11,N,STAT,2025-07-25 16:22,2025-07-25 16:41,2025-07-25 17:20
LAB740423,ENC117124,PT12193,GLU,Glucose,115,mg/dL,70,99,H,STAT,2025-07-25 19:10,2025-07-25 19:19,2025-07-25 19:55
LAB740424,ENC117124,PT12193,CREAT,Creatinine,1.93,mg/dL,0.6,1.3,H,STAT,2025-07-25 18:57,2025-07-25 19:31,2025-07-25 20:09
LAB740425,ENC117124,PT12193,WBC,White Blood Cell Count,7.9,K/uL,4.5,11,N,STAT,2025-07-25 19:13,2025-07-25 19:24,2025-07-25 20:21
LAB740426,ENC117124,PT12193,HGB,Hemoglobin,13.3,g/dL,12,17.5,N,Routine,2025-07-25 18:52,2025-07-25 19:22,2025-07-26 01:42
LAB740427,ENC117124,PT12193,INR,Prothrombin Time INR,1.1,ratio,0.8,1.2,N,STAT,2025-07-25 18:28,2025-07-25 18:50,2025-07-25 20:06
LAB740428,ENC117125,PT10444,LDL,LDL Cholesterol,220,mg/dL,0,99,H,Routine,2025-07-25 16:44,2025-07-25 16:57,2025-07-26 03:06
LAB740429,ENC117125,PT10444,A1C,Hemoglobin A1c,7.6,%,4,5.6,H,Routine,2025-07-25 16:45,2025-07-25 17:07,2025-07-26 05:28
LAB740430,ENC117127,PT10598,GLU,Glucose,82,mg/dL,70,99,N,STAT,2025-07-25 17:38,2025-07-25 18:01,2025-07-25 18:50
LAB740431,ENC117127,PT10598,CREAT,Creatinine,0.77,mg/dL,0.6,1.3,N,STAT,2025-07-25 16:50,2025-07-25 16:57,2025-07-25 17:55
LAB740432,ENC117127,PT10598,WBC,White Blood Cell Count,7.5,K/uL,4.5,11,N,STAT,2025-07-25 16:54,2025-07-25 17:13,2025-07-25 17:52
LAB740433,ENC117127,PT10598,HGB,Hemoglobin,13.4,g/dL,12,17.5,N,Routine,2025-07-25 17:00,2025-07-25 17:15,2025-07-25 20:09
LAB740434,ENC117127,PT10598,TROP,"Troponin I, High Sensitivity",8,ng/L,0,34,N,STAT,2025-07-25 16:52,2025-07-25 17:21,2025-07-25 18:39
LAB740435,ENC117128,PT12876,GLU,Glucose,135,mg/dL,70,99,H,Routine,2025-07-25 18:04,2025-07-25 18:20,2025-07-25 20:41
LAB740436,ENC117128,PT12876,CREAT,Creatinine,0.6,mg/dL,0.6,1.3,N,STAT,2025-07-25 18:50,2025-07-25 18:58,2025-07-25 20:13
LAB740437,ENC117128,PT12876,WBC,White Blood Cell Count,6.9,K/uL,4.5,11,N,Routine,2025-07-25 18:22,2025-07-25 18:43,2025-07-25 21:56
LAB740438,ENC117132,PT13990,GLU,Glucose,110,mg/dL,70,99,H,STAT,2025-07-26 01:37,2025-07-26 01:42,2025-07-26 02:32
LAB740439,ENC117132,PT13990,CREAT,Creatinine,0.84,mg/dL,0.6,1.3,N,Routine,2025-07-26 01:42,2025-07-26 01:59,2025-07-26 05:22
LAB740440,ENC117132,PT13990,WBC,White Blood Cell Count,5.8,K/uL,4.5,11,N,Routine,2025-07-26 00:43,2025-07-26 01:16,2025-07-26 04:56
LAB740441,ENC117132,PT13990,HGB,Hemoglobin,13.9,g/dL,12,17.5,N,STAT,2025-07-26 01:16,2025-07-26 01:50,2025-07-26 02:21
LAB740442,ENC117133,PT10799,GLU,Glucose,98,mg/dL,70,99,N,Routine,2025-07-26 04:59,2025-07-26 05:07,2025-07-26 09:55
LAB740443,ENC117133,PT10799,CREAT,Creatinine,2.28,mg/dL,0.6,1.3,H,Routine,2025-07-26 06:00,2025-07-26 06:18,2025-07-26 11:50
LAB740444,ENC117133,PT10799,WBC,White Blood Cell Count,15,K/uL,4.5,11,H,STAT,2025-07-26 05:01,2025-07-26 05:34,2025-07-26 06:15
LAB740445,ENC117134,PT13143,GLU,Glucose,95,mg/dL,70,99,N,Routine,2025-07-26 09:41,2025-07-26 10:07,2025-07-26 12:35
LAB740446,ENC117134,PT13143,CREAT,Creatinine,1.81,mg/dL,0.6,1.3,H,STAT,2025-07-26 09:05,2025-07-26 09:17,2025-07-26 09:43
LAB740447,ENC117134,PT13143,WBC,White Blood Cell Count,5.4,K/uL,4.5,11,N,STAT,2025-07-26 09:32,2025-07-26 09:52,2025-07-26 10:32
LAB740448,ENC117134,PT13143,HGB,Hemoglobin,12.3,g/dL,12,17.5,N,Routine,2025-07-26 09:20,2025-07-26 09:45,2025-07-26 11:58
LAB740449,ENC117134,PT13143,NA,Sodium,138,mmol/L,136,145,N,STAT,2025-07-26 08:57,2025-07-26 09:15,2025-07-26 09:44
LAB740450,ENC117134,PT13143,K,Potassium,4.1,mmol/L,3.5,5.1,N,STAT,2025-07-26 09:50,2025-07-26 10:16,2025-07-26 10:50
LAB740451,ENC117135,PT11903,GLU,Glucose,150,mg/dL,70,99,H,STAT,2025-07-26 09:14,2025-07-26 09:31,2025-07-26 10:19
LAB740452,ENC117135,PT11903,CREAT,Creatinine,1.04,mg/dL,0.6,1.3,N,STAT,2025-07-26 08:52,2025-07-26 09:20,2025-07-26 09:59
LAB740453,ENC117135,PT11903,WBC,White Blood Cell Count,11.1,K/uL,4.5,11,H,STAT,2025-07-26 08:46,2025-07-26 09:20,2025-07-26 10:00
LAB740454,ENC117136,PT10626,GLU,Glucose,135,mg/dL,70,99,H,Routine,2025-07-26 10:48,2025-07-26 11:00,2025-07-26 14:53
LAB740455,ENC117136,PT10626,CREAT,Creatinine,1.95,mg/dL,0.6,1.3,H,STAT,2025-07-26 10:49,2025-07-26 10:53,2025-07-26 12:06
LAB740456,ENC117136,PT10626,WBC,White Blood Cell Count,6.6,K/uL,4.5,11,N,STAT,2025-07-26 10:48,2025-07-26 11:23,2025-07-26 11:57
LAB740457,ENC117136,PT10626,HGB,Hemoglobin,9.2,g/dL,12,17.5,L,STAT,2025-07-26 11:11,2025-07-26 11:28,2025-07-26 12:05
LAB740458,ENC117136,PT10626,TROP,"Troponin I, High Sensitivity",1,ng/L,0,34,N,STAT,2025-07-26 10:46,2025-07-26 10:54,2025-07-26 11:38
LAB740459,ENC117141,PT10738,GLU,Glucose,120,mg/dL,70,99,H,STAT,2025-07-26 17:34,2025-07-26 17:45,2025-07-26 19:18
LAB740460,ENC117141,PT10738,CREAT,Creatinine,1.07,mg/dL,0.6,1.3,N,STAT,2025-07-26 17:53,2025-07-26 18:15,2025-07-26 18:36
LAB740461,ENC117141,PT10738,WBC,White Blood Cell Count,6.6,K/uL,4.5,11,N,Routine,2025-07-26 17:53,2025-07-26 18:06,2025-07-26 21:27
LAB740462,ENC117141,PT10738,HGB,Hemoglobin,13.5,g/dL,12,17.5,N,STAT,2025-07-26 17:47,2025-07-26 18:21,2025-07-26 19:04
LAB740463,ENC117141,PT10738,TROP,"Troponin I, High Sensitivity",1495,ng/L,0,34,H,STAT,2025-07-26 17:14,2025-07-26 17:45,2025-07-26 18:46
LAB740464,ENC117142,PT10460,GLU,Glucose,94,mg/dL,70,99,N,STAT,2025-07-26 16:54,2025-07-26 17:27,2025-07-26 17:51
LAB740465,ENC117142,PT10460,CREAT,Creatinine,2.15,mg/dL,0.6,1.3,H,STAT,2025-07-26 16:37,2025-07-26 16:48,2025-07-26 17:21
LAB740466,ENC117142,PT10460,WBC,White Blood Cell Count,8.8,K/uL,4.5,11,N,STAT,2025-07-26 17:09,2025-07-26 17:32,2025-07-26 18:25
LAB740467,ENC117142,PT10460,HGB,Hemoglobin,9.7,g/dL,12,17.5,L,STAT,2025-07-26 16:53,2025-07-26 17:01,2025-07-26 18:32
LAB740468,ENC117143,PT13650,GLU,Glucose,114,mg/dL,70,99,H,STAT,2025-07-26 22:34,2025-07-26 23:05,2025-07-26 23:33
LAB740469,ENC117143,PT13650,CREAT,Creatinine,0.48,mg/dL,0.6,1.3,L,Routine,2025-07-26 21:52,2025-07-26 22:26,2025-07-27 01:58
LAB740470,ENC117143,PT13650,WBC,White Blood Cell Count,10.3,K/uL,4.5,11,N,Routine,2025-07-26 21:36,2025-07-26 21:48,2025-07-26 23:34
LAB740471,ENC117143,PT13650,HGB,Hemoglobin,13.2,g/dL,12,17.5,N,Routine,2025-07-26 22:01,2025-07-26 22:31,2025-07-27 01:40
LAB740472,ENC117145,PT13696,GLU,Glucose,450,mg/dL,70,99,H,Routine,2025-07-26 21:05,2025-07-26 21:14,2025-07-26 23:16
LAB740473,ENC117145,PT13696,CREAT,Creatinine,0.85,mg/dL,0.6,1.3,N,STAT,2025-07-26 20:49,2025-07-26 21:23,2025-07-26 22:16
LAB740474,ENC117145,PT13696,WBC,White Blood Cell Count,7.9,K/uL,4.5,11,N,STAT,2025-07-26 20:51,2025-07-26 21:16,2025-07-26 21:53
LAB740475,ENC117145,PT13696,A1C,Hemoglobin A1c,7.4,%,4,5.6,H,STAT,2025-07-26 20:45,2025-07-26 21:20,2025-07-26 21:48
LAB740476,ENC117146,PT10539,GLU,Glucose,98,mg/dL,70,99,N,STAT,2025-07-27 09:57,2025-07-27 10:10,2025-07-27 11:44
LAB740477,ENC117146,PT10539,CREAT,Creatinine,0.62,mg/dL,0.6,1.3,N,STAT,2025-07-27 10:29,2025-07-27 10:40,2025-07-27 11:59
LAB740478,ENC117146,PT10539,WBC,White Blood Cell Count,7.8,K/uL,4.5,11,N,STAT,2025-07-27 09:51,2025-07-27 10:22,2025-07-27 10:51
LAB740479,ENC117146,PT10539,HGB,Hemoglobin,12.1,g/dL,12,17.5,N,STAT,2025-07-27 09:39,2025-07-27 10:10,2025-07-27 10:42
LAB740480,ENC117147,PT10583,GLU,Glucose,87,mg/dL,70,99,N,Routine,2025-07-27 09:25,2025-07-27 09:31,2025-07-27 13:49
LAB740481,ENC117147,PT10583,CREAT,Creatinine,2.25,mg/dL,0.6,1.3,H,STAT,2025-07-27 08:45,2025-07-27 09:05,2025-07-27 10:04
LAB740482,ENC117147,PT10583,WBC,White Blood Cell Count,6.8,K/uL,4.5,11,N,Routine,2025-07-27 08:43,2025-07-27 09:05,2025-07-27 12:28
LAB740483,ENC117147,PT10583,HGB,Hemoglobin,11.5,g/dL,12,17.5,L,STAT,2025-07-27 09:19,2025-07-27 09:54,2025-07-27 10:51
LAB740484,ENC117149,PT10724,GLU,Glucose,94,mg/dL,70,99,N,STAT,2025-07-27 11:01,2025-07-27 11:07,2025-07-27 11:47
LAB740485,ENC117149,PT10724,CREAT,Creatinine,1.16,mg/dL,0.6,1.3,N,Routine,2025-07-27 10:45,2025-07-27 11:16,2025-07-27 13:19
LAB740486,ENC117149,PT10724,WBC,White Blood Cell Count,7.7,K/uL,4.5,11,N,STAT,2025-07-27 11:24,2025-07-27 11:44,2025-07-27 12:45
LAB740487,ENC117149,PT10724,HGB,Hemoglobin,14.1,g/dL,12,17.5,N,STAT,2025-07-27 10:33,2025-07-27 11:05,2025-07-27 11:30
LAB740488,ENC117150,PT11401,GLU,Glucose,148,mg/dL,70,99,H,Routine,2025-07-27 14:31,2025-07-27 14:46,2025-07-27 16:28
LAB740489,ENC117150,PT11401,CREAT,Creatinine,1.03,mg/dL,0.6,1.3,N,Routine,2025-07-27 14:05,2025-07-27 14:36,2025-07-27 17:51
LAB740490,ENC117150,PT11401,WBC,White Blood Cell Count,8.5,K/uL,4.5,11,N,STAT,2025-07-27 14:16,2025-07-27 14:24,2025-07-27 15:23
LAB740491,ENC117150,PT11401,HGB,Hemoglobin,11.2,g/dL,12,17.5,L,Routine,2025-07-27 14:31,2025-07-27 14:46,2025-07-27 18:40
LAB740492,ENC117151,PT12355,GLU,Glucose,105,mg/dL,70,99,H,STAT,2025-07-27 18:10,2025-07-27 18:38,2025-07-27 19:14
LAB740493,ENC117151,PT12355,CREAT,Creatinine,1.2,mg/dL,0.6,1.3,N,STAT,2025-07-27 17:29,2025-07-27 17:42,2025-07-27 18:07
LAB740494,ENC117151,PT12355,WBC,White Blood Cell Count,9.9,K/uL,4.5,11,N,Routine,2025-07-27 18:05,2025-07-27 18:29,2025-07-27 22:19
LAB740495,ENC117151,PT12355,HGB,Hemoglobin,12.6,g/dL,12,17.5,N,STAT,2025-07-27 18:03,2025-07-27 18:25,2025-07-27 18:56
LAB740496,ENC117152,PT10191,GLU,Glucose,90,mg/dL,70,99,N,STAT,2025-07-27 12:53,2025-07-27 13:06,2025-07-27 13:53
LAB740497,ENC117152,PT10191,CREAT,Creatinine,0.9,mg/dL,0.6,1.3,N,Routine,2025-07-27 13:05,2025-07-27 13:25,2025-07-27 15:21
LAB740498,ENC117153,PT10421,GLU,Glucose,95,mg/dL,70,99,N,STAT,2025-07-27 13:11,2025-07-27 13:41,2025-07-27 15:02
LAB740499,ENC117153,PT10421,CREAT,Creatinine,0.55,mg/dL,0.6,1.3,L,Routine,2025-07-27 13:29,2025-07-27 13:52,2025-07-27 16:01
LAB740500,ENC117154,PT10450,GLU,Glucose,106,mg/dL,70,99,H,STAT,2025-07-27 17:50,2025-07-27 18:00,2025-07-27 19:18
LAB740501,ENC117154,PT10450,CREAT,Creatinine,0.94,mg/dL,0.6,1.3,N,Routine,2025-07-27 17:47,2025-07-27 17:57,2025-07-27 19:58
LAB740502,ENC117154,PT10450,WBC,White Blood Cell Count,9,K/uL,4.5,11,N,STAT,2025-07-27 17:06,2025-07-27 17:17,2025-07-27 17:56
LAB740503,ENC117154,PT10450,HGB,Hemoglobin,12.9,g/dL,12,17.5,N,STAT,2025-07-27 17:23,2025-07-27 17:50,2025-07-27 18:25
LAB740504,ENC117158,PT12018,GLU,Glucose,64,mg/dL,70,99,L,STAT,2025-07-27 20:10,2025-07-27 20:42,2025-07-27 21:26
LAB740505,ENC117158,PT12018,CREAT,Creatinine,0.72,mg/dL,0.6,1.3,N,STAT,2025-07-27 20:15,2025-07-27 20:39,2025-07-27 22:04
LAB740506,ENC117158,PT12018,WBC,White Blood Cell Count,4.8,K/uL,4.5,11,N,Routine,2025-07-27 19:30,2025-07-27 19:57,2025-07-28 02:58
LAB740507,ENC117158,PT12018,HGB,Hemoglobin,14.2,g/dL,12,17.5,N,STAT,2025-07-27 20:00,2025-07-27 20:29,2025-07-27 21:28
LAB740508,ENC117159,PT12048,GLU,Glucose,112,mg/dL,70,99,H,Routine,2025-07-28 02:17,2025-07-28 02:28,2025-07-28 04:08
LAB740509,ENC117159,PT12048,CREAT,Creatinine,1.1,mg/dL,0.6,1.3,N,Routine,2025-07-28 03:04,2025-07-28 03:28,2025-07-28 09:51
LAB740510,ENC117159,PT12048,WBC,White Blood Cell Count,18.6,K/uL,4.5,11,H,STAT,2025-07-28 02:19,2025-07-28 02:45,2025-07-28 03:17
LAB740511,ENC117159,PT12048,HGB,Hemoglobin,13.2,g/dL,12,17.5,N,STAT,2025-07-28 03:16,2025-07-28 03:46,2025-07-28 04:13
LAB740512,ENC117159,PT12048,NA,Sodium,136,mmol/L,136,145,N,STAT,2025-07-28 03:20,2025-07-28 03:37,2025-07-28 04:05
LAB740513,ENC117159,PT12048,K,Potassium,4.2,mmol/L,3.5,5.1,N,STAT,2025-07-28 03:12,2025-07-28 03:30,2025-07-28 03:59
LAB740514,ENC117160,PT10277,GLU,Glucose,100,mg/dL,70,99,H,Routine,2025-07-28 07:01,2025-07-28 07:13,2025-07-28 08:48
LAB740515,ENC117160,PT10277,CREAT,Creatinine,0.71,mg/dL,0.6,1.3,N,STAT,2025-07-28 06:40,2025-07-28 07:08,2025-07-28 07:39
LAB740516,ENC117160,PT10277,WBC,White Blood Cell Count,6,K/uL,4.5,11,N,Routine,2025-07-28 06:17,2025-07-28 06:37,2025-07-28 09:09
LAB740517,ENC117160,PT10277,HGB,Hemoglobin,13.6,g/dL,12,17.5,N,STAT,2025-07-28 06:00,2025-07-28 06:05,2025-07-28 06:37
LAB740518,ENC117160,PT10277,INR,Prothrombin Time INR,1.2,ratio,0.8,1.2,N,STAT,2025-07-28 06:02,2025-07-28 06:32,2025-07-28 06:59
LAB740519,ENC117162,PT12273,GLU,Glucose,86,mg/dL,70,99,N,STAT,2025-07-28 06:44,2025-07-28 07:16,2025-07-28 07:55
LAB740520,ENC117162,PT12273,CREAT,Creatinine,1.68,mg/dL,0.6,1.3,H,STAT,2025-07-28 06:52,2025-07-28 07:13,2025-07-28 08:08
LAB740521,ENC117162,PT12273,WBC,White Blood Cell Count,5.4,K/uL,4.5,11,N,STAT,2025-07-28 06:38,2025-07-28 07:00,2025-07-28 07:28
LAB740522,ENC117162,PT12273,HGB,Hemoglobin,12.8,g/dL,12,17.5,N,Routine,2025-07-28 07:30,2025-07-28 07:47,2025-07-28 09:15
LAB740523,ENC117163,PT12292,GLU,Glucose,107,mg/dL,70,99,H,STAT,2025-07-28 06:56,2025-07-28 07:11,2025-07-28 07:38
LAB740524,ENC117163,PT12292,CREAT,Creatinine,1.08,mg/dL,0.6,1.3,N,Routine,2025-07-28 06:44,2025-07-28 06:51,2025-07-28 08:15
LAB740525,ENC117163,PT12292,WBC,White Blood Cell Count,5.1,K/uL,4.5,11,N,STAT,2025-07-28 06:42,2025-07-28 07:06,2025-07-28 07:51
LAB740526,ENC117163,PT12292,HGB,Hemoglobin,12.7,g/dL,12,17.5,N,Routine,2025-07-28 07:37,2025-07-28 08:00,2025-07-28 09:51
LAB740527,ENC117164,PT13871,GLU,Glucose,86,mg/dL,70,99,N,Routine,2025-07-28 07:34,2025-07-28 08:05,2025-07-28 09:29
LAB740528,ENC117164,PT13871,CREAT,Creatinine,1.39,mg/dL,0.6,1.3,H,STAT,2025-07-28 07:37,2025-07-28 07:43,2025-07-28 08:22
LAB740529,ENC117164,PT13871,WBC,White Blood Cell Count,8.8,K/uL,4.5,11,N,Routine,2025-07-28 07:49,2025-07-28 08:12,2025-07-28 15:16
LAB740530,ENC117165,PT10643,GLU,Glucose,120,mg/dL,70,99,H,STAT,2025-07-28 08:29,2025-07-28 08:42,2025-07-28 09:32
LAB740531,ENC117165,PT10643,CREAT,Creatinine,0.46,mg/dL,0.6,1.3,L,STAT,2025-07-28 08:48,2025-07-28 09:10,2025-07-28 10:05
LAB740532,ENC117165,PT10643,WBC,White Blood Cell Count,12.7,K/uL,4.5,11,H,STAT,2025-07-28 09:13,2025-07-28 09:25,2025-07-28 10:02
LAB740533,ENC117165,PT10643,HGB,Hemoglobin,13.3,g/dL,12,17.5,N,Routine,2025-07-28 09:12,2025-07-28 09:29,2025-07-28 11:26
LAB740534,ENC117166,PT13088,GLU,Glucose,210,mg/dL,70,99,H,STAT,2025-07-28 12:37,2025-07-28 12:46,2025-07-28 13:17
LAB740535,ENC117166,PT13088,CREAT,Creatinine,1.07,mg/dL,0.6,1.3,N,STAT,2025-07-28 13:18,2025-07-28 13:39,2025-07-28 14:25
LAB740536,ENC117166,PT13088,WBC,White Blood Cell Count,7.9,K/uL,4.5,11,N,STAT,2025-07-28 12:27,2025-07-28 12:50,2025-07-28 13:19
LAB740537,ENC117166,PT13088,HGB,Hemoglobin,10.7,g/dL,12,17.5,L,Routine,2025-07-28 12:45,2025-07-28 13:11,2025-07-28 15:48
LAB740538,ENC117166,PT13088,INR,Prothrombin Time INR,1,ratio,0.8,1.2,N,STAT,2025-07-28 12:45,2025-07-28 13:20,2025-07-28 14:18
LAB740539,ENC117167,PT10397,GLU,Glucose,88,mg/dL,70,99,N,Routine,2025-07-28 14:48,2025-07-28 15:03,2025-07-28 16:50
LAB740540,ENC117167,PT10397,CREAT,Creatinine,0.93,mg/dL,0.6,1.3,N,Routine,2025-07-28 14:36,2025-07-28 15:09,2025-07-28 17:02
LAB740541,ENC117167,PT10397,WBC,White Blood Cell Count,4.8,K/uL,4.5,11,N,Routine,2025-07-28 14:31,2025-07-28 15:00,2025-07-28 16:27
LAB740542,ENC117167,PT10397,HGB,Hemoglobin,15.5,g/dL,12,17.5,N,Routine,2025-07-28 15:12,2025-07-28 15:25,2025-07-28 18:44
LAB740543,ENC117167,PT10397,NA,Sodium,139,mmol/L,136,145,N,Routine,2025-07-28 14:21,2025-07-28 14:38,2025-07-28 17:30
LAB740544,ENC117167,PT10397,K,Potassium,3.7,mmol/L,3.5,5.1,N,STAT,2025-07-28 15:12,2025-07-28 15:22,2025-07-28 16:06
LAB740545,ENC117168,PT12669,WBC,White Blood Cell Count,6.7,K/uL,4.5,11,N,Routine,2025-07-28 10:14,2025-07-28 10:40,2025-07-28 13:15
LAB740546,ENC117168,PT12669,HGB,Hemoglobin,10.6,g/dL,12,17.5,L,Routine,2025-07-28 10:19,2025-07-28 10:54,2025-07-28 13:51
LAB740547,ENC117168,PT12669,PLT,Platelet Count,211,K/uL,150,400,N,Routine,2025-07-28 10:20,2025-07-28 10:37,2025-07-28 11:37
LAB740548,ENC117169,PT10465,GLU,Glucose,184,mg/dL,70,99,H,STAT,2025-07-28 12:50,2025-07-28 13:14,2025-07-28 13:54
LAB740549,ENC117169,PT10465,CREAT,Creatinine,1.18,mg/dL,0.6,1.3,N,STAT,2025-07-28 13:17,2025-07-28 13:28,2025-07-28 14:13
LAB740550,ENC117169,PT10465,WBC,White Blood Cell Count,19.8,K/uL,4.5,11,H,STAT,2025-07-28 12:52,2025-07-28 13:27,2025-07-28 14:18
LAB740551,ENC117169,PT10465,HGB,Hemoglobin,11,g/dL,12,17.5,L,STAT,2025-07-28 12:56,2025-07-28 13:26,2025-07-28 14:07
LAB740552,ENC117169,PT10465,LACT,Lactate,2.7,mmol/L,0.5,2,H,STAT,2025-07-28 13:27,2025-07-28 13:42,2025-07-28 14:17
LAB740553,ENC117171,PT10338,WBC,White Blood Cell Count,5.3,K/uL,4.5,11,N,Routine,2025-07-28 12:17,2025-07-28 12:36,2025-07-28 15:41
LAB740554,ENC117171,PT10338,HGB,Hemoglobin,11.2,g/dL,12,17.5,L,Routine,2025-07-28 12:26,2025-07-28 12:33,2025-07-28 16:31
LAB740555,ENC117171,PT10338,PLT,Platelet Count,130,K/uL,150,400,L,Routine,2025-07-28 12:24,2025-07-28 12:43,2025-07-28 15:17
LAB740556,ENC117174,PT11049,GLU,Glucose,98,mg/dL,70,99,N,STAT,2025-07-28 16:05,2025-07-28 16:27,2025-07-28 17:18
LAB740557,ENC117174,PT11049,CREAT,Creatinine,0.88,mg/dL,0.6,1.3,N,Routine,2025-07-28 16:15,2025-07-28 16:25,2025-07-28 21:45
LAB740558,ENC117174,PT11049,WBC,White Blood Cell Count,14.2,K/uL,4.5,11,H,STAT,2025-07-28 15:37,2025-07-28 15:52,2025-07-28 16:44
LAB740559,ENC117174,PT11049,HGB,Hemoglobin,13.1,g/dL,12,17.5,N,STAT,2025-07-28 15:35,2025-07-28 16:07,2025-07-28 16:45
LAB740560,ENC117177,PT10075,GLU,Glucose,175,mg/dL,70,99,H,Routine,2025-07-28 14:34,2025-07-28 15:05,2025-07-28 20:07
LAB740561,ENC117177,PT10075,CREAT,Creatinine,1.11,mg/dL,0.6,1.3,N,Routine,2025-07-28 14:54,2025-07-28 15:02,2025-07-28 18:39
LAB740562,ENC117178,PT11239,LDL,LDL Cholesterol,99,mg/dL,0,99,N,Routine,2025-07-28 14:15,2025-07-28 14:40,2025-07-28 21:52
LAB740563,ENC117178,PT11239,TSH,Thyroid Stimulating Hormone,0.68,mIU/L,0.4,4,N,Routine,2025-07-28 14:26,2025-07-28 14:55,2025-07-29 10:29
LAB740564,ENC117179,PT10398,GLU,Glucose,270,mg/dL,70,99,H,Routine,2025-07-28 14:50,2025-07-28 15:18,2025-07-28 16:22
LAB740565,ENC117179,PT10398,CREAT,Creatinine,0.81,mg/dL,0.6,1.3,N,Routine,2025-07-28 14:49,2025-07-28 14:57,2025-07-28 18:35
LAB740566,ENC117180,PT11964,GLU,Glucose,112,mg/dL,70,99,H,STAT,2025-07-28 18:11,2025-07-28 18:32,2025-07-28 19:13
LAB740567,ENC117180,PT11964,CREAT,Creatinine,0.93,mg/dL,0.6,1.3,N,Routine,2025-07-28 17:45,2025-07-28 17:49,2025-07-28 20:12
LAB740568,ENC117180,PT11964,WBC,White Blood Cell Count,7.2,K/uL,4.5,11,N,STAT,2025-07-28 17:44,2025-07-28 17:50,2025-07-28 18:34
LAB740569,ENC117180,PT11964,HGB,Hemoglobin,14.5,g/dL,12,17.5,N,STAT,2025-07-28 17:38,2025-07-28 17:53,2025-07-28 18:33
LAB740570,ENC117180,PT11964,INR,Prothrombin Time INR,1,ratio,0.8,1.2,N,Routine,2025-07-28 17:32,2025-07-28 18:07,2025-07-28 21:02
LAB740571,ENC117181,PT13410,GLU,Glucose,117,mg/dL,70,99,H,STAT,2025-07-28 19:58,2025-07-28 20:20,2025-07-28 20:55
LAB740572,ENC117181,PT13410,CREAT,Creatinine,0.32,mg/dL,0.6,1.3,L,STAT,2025-07-28 19:02,2025-07-28 19:36,2025-07-28 21:00
LAB740573,ENC117181,PT13410,WBC,White Blood Cell Count,7.3,K/uL,4.5,11,N,STAT,2025-07-28 19:24,2025-07-28 19:56,2025-07-28 20:45
LAB740574,ENC117181,PT13410,HGB,Hemoglobin,14.7,g/dL,12,17.5,N,Routine,2025-07-28 19:22,2025-07-28 19:54,2025-07-28 22:18
LAB740575,ENC117181,PT13410,NA,Sodium,134,mmol/L,136,145,L,STAT,2025-07-28 19:11,2025-07-28 19:34,2025-07-28 20:10
LAB740576,ENC117181,PT13410,K,Potassium,4.5,mmol/L,3.5,5.1,N,STAT,2025-07-28 19:58,2025-07-28 20:09,2025-07-28 21:10
LAB740577,ENC117183,PT11518,WBC,White Blood Cell Count,8.8,K/uL,4.5,11,N,Routine,2025-07-28 16:11,2025-07-28 16:23,2025-07-28 19:23
LAB740578,ENC117183,PT11518,HGB,Hemoglobin,12.5,g/dL,12,17.5,N,Routine,2025-07-28 16:11,2025-07-28 16:19,2025-07-28 19:08
LAB740579,ENC117183,PT11518,PLT,Platelet Count,259,K/uL,150,400,N,Routine,2025-07-28 16:07,2025-07-28 16:26,2025-07-28 19:00
LAB740580,ENC117185,PT10586,GLU,Glucose,104,mg/dL,70,99,H,STAT,2025-07-28 18:49,2025-07-28 18:57,2025-07-28 19:21
LAB740581,ENC117185,PT10586,CREAT,Creatinine,0.78,mg/dL,0.6,1.3,N,Routine,2025-07-28 19:38,2025-07-28 20:13,2025-07-28 22:20
LAB740582,ENC117185,PT10586,WBC,White Blood Cell Count,7.6,K/uL,4.5,11,N,STAT,2025-07-28 19:03,2025-07-28 19:07,2025-07-28 20:07
LAB740583,ENC117185,PT10586,HGB,Hemoglobin,16.2,g/dL,12,17.5,N,Routine,2025-07-28 19:35,2025-07-28 19:43,2025-07-28 22:10
LAB740584,ENC117185,PT10586,BUN,Blood Urea Nitrogen,9,mg/dL,7,20,N,STAT,2025-07-28 19:04,2025-07-28 19:21,2025-07-28 20:35
LAB740585,ENC117185,PT10586,PLT,Platelet Count,338,K/uL,150,400,N,STAT,2025-07-28 19:09,2025-07-28 19:33,2025-07-28 21:04
LAB740586,ENC117188,PT11261,GLU,Glucose,118,mg/dL,70,99,H,STAT,2025-07-28 18:41,2025-07-28 18:47,2025-07-28 19:26
LAB740587,ENC117188,PT11261,CREAT,Creatinine,0.72,mg/dL,0.6,1.3,N,STAT,2025-07-28 19:20,2025-07-28 19:43,2025-07-28 20:39
LAB740588,ENC117188,PT11261,WBC,White Blood Cell Count,5.2,K/uL,4.5,11,N,Routine,2025-07-28 19:24,2025-07-28 19:59,2025-07-29 01:26
LAB740589,ENC117189,PT11727,GLU,Glucose,89,mg/dL,70,99,N,STAT,2025-07-28 18:57,2025-07-28 19:32,2025-07-28 20:36
LAB740590,ENC117189,PT11727,CREAT,Creatinine,1.01,mg/dL,0.6,1.3,N,STAT,2025-07-28 18:56,2025-07-28 19:23,2025-07-28 19:59
LAB740591,ENC117189,PT11727,WBC,White Blood Cell Count,12.7,K/uL,4.5,11,H,STAT,2025-07-28 18:39,2025-07-28 19:09,2025-07-28 19:47
LAB740592,ENC117190,PT11773,GLU,Glucose,134,mg/dL,70,99,H,Routine,2025-07-29 00:07,2025-07-29 00:21,2025-07-29 03:32
LAB740593,ENC117190,PT11773,CREAT,Creatinine,1.01,mg/dL,0.6,1.3,N,STAT,2025-07-28 23:09,2025-07-28 23:38,2025-07-29 00:27
LAB740594,ENC117190,PT11773,WBC,White Blood Cell Count,7.2,K/uL,4.5,11,N,STAT,2025-07-28 23:41,2025-07-29 00:16,2025-07-29 01:09
LAB740595,ENC117190,PT11773,HGB,Hemoglobin,7.5,g/dL,12,17.5,L,Routine,2025-07-28 23:57,2025-07-29 00:20,2025-07-29 04:24
LAB740596,ENC117190,PT11773,BUN,Blood Urea Nitrogen,13,mg/dL,7,20,N,STAT,2025-07-28 23:49,2025-07-29 00:19,2025-07-29 00:57
LAB740597,ENC117190,PT11773,PLT,Platelet Count,215,K/uL,150,400,N,STAT,2025-07-28 23:49,2025-07-29 00:17,2025-07-29 01:13
LAB740598,ENC117190,PT11773,LACT,Lactate,2.7,mmol/L,0.5,2,H,STAT,2025-07-28 23:27,2025-07-28 23:48,2025-07-29 00:45
LAB740599,ENC117190,PT11773,INR,Prothrombin Time INR,1.1,ratio,0.8,1.2,N,STAT,2025-07-28 23:12,2025-07-28 23:44,2025-07-29 00:17
LAB740600,ENC117191,PT12174,GLU,Glucose,134,mg/dL,70,99,H,Routine,2025-07-29 00:36,2025-07-29 00:52,2025-07-29 02:53
LAB740601,ENC117191,PT12174,CREAT,Creatinine,0.93,mg/dL,0.6,1.3,N,Routine,2025-07-29 00:26,2025-07-29 00:38,2025-07-29 03:07
LAB740602,ENC117191,PT12174,WBC,White Blood Cell Count,7.1,K/uL,4.5,11,N,Routine,2025-07-29 00:00,2025-07-29 00:16,2025-07-29 04:59
LAB740603,ENC117191,PT12174,HGB,Hemoglobin,14.7,g/dL,12,17.5,N,STAT,2025-07-29 00:22,2025-07-29 00:56,2025-07-29 02:00
LAB740604,ENC117192,PT10599,GLU,Glucose,109,mg/dL,70,99,H,STAT,2025-07-29 00:09,2025-07-29 00:18,2025-07-29 01:25
LAB740605,ENC117192,PT10599,CREAT,Creatinine,1.34,mg/dL,0.6,1.3,H,STAT,2025-07-28 23:20,2025-07-28 23:53,2025-07-29 00:13
LAB740606,ENC117192,PT10599,WBC,White Blood Cell Count,10.1,K/uL,4.5,11,N,Routine,2025-07-29 00:18,2025-07-29 00:32,2025-07-29 02:52
LAB740607,ENC117192,PT10599,HGB,Hemoglobin,16.2,g/dL,12,17.5,N,STAT,2025-07-28 23:39,2025-07-29 00:01,2025-07-29 00:43
LAB740608,ENC117192,PT10599,NA,Sodium,122,mmol/L,136,145,L,Routine,2025-07-28 23:45,2025-07-29 00:15,2025-07-29 02:12
LAB740609,ENC117192,PT10599,K,Potassium,4.2,mmol/L,3.5,5.1,N,STAT,2025-07-28 23:49,2025-07-29 00:09,2025-07-29 00:55
LAB740610,ENC117193,PT12521,GLU,Glucose,90,mg/dL,70,99,N,Routine,2025-07-28 21:10,2025-07-28 21:34,2025-07-28 23:19
LAB740611,ENC117193,PT12521,CREAT,Creatinine,0.88,mg/dL,0.6,1.3,N,STAT,2025-07-28 20:47,2025-07-28 21:21,2025-07-28 22:20
LAB740612,ENC117193,PT12521,WBC,White Blood Cell Count,10,K/uL,4.5,11,N,STAT,2025-07-28 21:05,2025-07-28 21:19,2025-07-28 21:56
LAB740613,ENC117193,PT12521,HGB,Hemoglobin,14.3,g/dL,12,17.5,N,Routine,2025-07-28 20:33,2025-07-28 21:08,2025-07-28 22:00
LAB740614,ENC117194,PT11712,GLU,Glucose,103,mg/dL,70,99,H,STAT,2025-07-28 23:00,2025-07-28 23:31,2025-07-29 00:33
LAB740615,ENC117194,PT11712,CREAT,Creatinine,0.9,mg/dL,0.6,1.3,N,STAT,2025-07-28 22:45,2025-07-28 23:12,2025-07-29 00:01
LAB740616,ENC117194,PT11712,WBC,White Blood Cell Count,8.2,K/uL,4.5,11,N,STAT,2025-07-28 23:20,2025-07-28 23:30,2025-07-29 00:11
LAB740617,ENC117194,PT11712,HGB,Hemoglobin,13.8,g/dL,12,17.5,N,STAT,2025-07-28 23:47,2025-07-29 00:03,2025-07-29 00:35
LAB740618,ENC117194,PT11712,NA,Sodium,137,mmol/L,136,145,N,STAT,2025-07-28 23:13,2025-07-28 23:34,2025-07-29 00:30
LAB740619,ENC117194,PT11712,K,Potassium,4.8,mmol/L,3.5,5.1,N,STAT,2025-07-28 22:50,2025-07-28 22:56,2025-07-29 00:15
LAB740620,ENC117194,PT11712,BUN,Blood Urea Nitrogen,15,mg/dL,7,20,N,STAT,2025-07-28 23:04,2025-07-28 23:11,2025-07-29 00:25
LAB740621,ENC117194,PT11712,PLT,Platelet Count,322,K/uL,150,400,N,Routine,2025-07-28 22:54,2025-07-28 23:24,2025-07-29 00:23
LAB740622,ENC117195,PT13761,GLU,Glucose,154,mg/dL,70,99,H,Routine,2025-07-28 22:53,2025-07-28 23:09,2025-07-29 10:09
LAB740623,ENC117195,PT13761,CREAT,Creatinine,0.76,mg/dL,0.6,1.3,N,STAT,2025-07-28 22:13,2025-07-28 22:48,2025-07-28 23:51
LAB740624,ENC117195,PT13761,WBC,White Blood Cell Count,7.7,K/uL,4.5,11,N,Routine,2025-07-28 22:22,2025-07-28 22:48,2025-07-29 02:07
LAB740625,ENC117195,PT13761,HGB,Hemoglobin,16.1,g/dL,12,17.5,N,STAT,2025-07-28 22:54,2025-07-28 23:28,2025-07-29 00:05
LAB740626,ENC117195,PT13761,TROP,"Troponin I, High Sensitivity",3,ng/L,0,34,N,STAT,2025-07-28 23:00,2025-07-28 23:28,2025-07-28 23:49
LAB740627,ENC117196,PT13358,GLU,Glucose,76,mg/dL,70,99,N,STAT,2025-07-29 01:14,2025-07-29 01:19,2025-07-29 02:31
LAB740628,ENC117196,PT13358,CREAT,Creatinine,0.35,mg/dL,0.6,1.3,L,Routine,2025-07-29 01:41,2025-07-29 01:53,2025-07-29 03:44
LAB740629,ENC117196,PT13358,WBC,White Blood Cell Count,6.3,K/uL,4.5,11,N,STAT,2025-07-29 01:42,2025-07-29 02:06,2025-07-29 02:35
LAB740630,ENC117196,PT13358,HGB,Hemoglobin,15.8,g/dL,12,17.5,N,STAT,2025-07-29 02:12,2025-07-29 02:25,2025-07-29 03:17
LAB740631,ENC117197,PT10527,GLU,Glucose,76,mg/dL,70,99,N,STAT,2025-07-29 02:30,2025-07-29 02:57,2025-07-29 03:36
LAB740632,ENC117197,PT10527,CREAT,Creatinine,1.05,mg/dL,0.6,1.3,N,STAT,2025-07-29 01:52,2025-07-29 02:00,2025-07-29 02:37
LAB740633,ENC117197,PT10527,WBC,White Blood Cell Count,1.1,K/uL,4.5,11,L,Routine,2025-07-29 02:14,2025-07-29 02:37,2025-07-29 04:26
LAB740634,ENC117197,PT10527,HGB,Hemoglobin,12.6,g/dL,12,17.5,N,STAT,2025-07-29 02:26,2025-07-29 02:39,2025-07-29 03:53
LAB740635,ENC117198,PT11421,GLU,Glucose,84,mg/dL,70,99,N,STAT,2025-07-29 04:52,2025-07-29 05:02,2025-07-29 06:09
LAB740636,ENC117198,PT11421,CREAT,Creatinine,0.99,mg/dL,0.6,1.3,N,Routine,2025-07-29 04:08,2025-07-29 04:28,2025-07-29 08:13
LAB740637,ENC117198,PT11421,WBC,White Blood Cell Count,8.7,K/uL,4.5,11,N,STAT,2025-07-29 04:36,2025-07-29 04:46,2025-07-29 05:23
LAB740638,ENC117198,PT11421,HGB,Hemoglobin,12.1,g/dL,12,17.5,N,STAT,2025-07-29 04:29,2025-07-29 04:46,2025-07-29 05:22
LAB740639,ENC117199,PT10228,GLU,Glucose,222,mg/dL,70,99,H,STAT,2025-07-29 11:56,2025-07-29 12:13,2025-07-29 13:21
LAB740640,ENC117199,PT10228,CREAT,Creatinine,0.94,mg/dL,0.6,1.3,N,Routine,2025-07-29 11:44,2025-07-29 12:04,2025-07-29 14:35
LAB740641,ENC117199,PT10228,WBC,White Blood Cell Count,7.4,K/uL,4.5,11,N,Routine,2025-07-29 12:02,2025-07-29 12:13,2025-07-29 13:56
LAB740642,ENC117199,PT10228,HGB,Hemoglobin,14,g/dL,12,17.5,N,STAT,2025-07-29 12:12,2025-07-29 12:42,2025-07-29 13:26
LAB740643,ENC117199,PT10228,TROP,"Troponin I, High Sensitivity",906,ng/L,0,34,H,STAT,2025-07-29 12:30,2025-07-29 13:00,2025-07-29 13:48
LAB740644,ENC117202,PT11321,WBC,White Blood Cell Count,8.6,K/uL,4.5,11,N,Routine,2025-07-29 08:20,2025-07-29 08:54,2025-07-29 12:04
LAB740645,ENC117202,PT11321,HGB,Hemoglobin,11.8,g/dL,12,17.5,L,Routine,2025-07-29 08:36,2025-07-29 09:07,2025-07-29 11:12
LAB740646,ENC117202,PT11321,PLT,Platelet Count,345,K/uL,150,400,N,Routine,2025-07-29 08:43,2025-07-29 08:49,2025-07-29 10:45
LAB740647,ENC117205,PT10331,GLU,Glucose,109,mg/dL,70,99,H,STAT,2025-07-29 09:46,2025-07-29 10:06,2025-07-29 10:35
LAB740648,ENC117205,PT10331,CREAT,Creatinine,1.18,mg/dL,0.6,1.3,N,STAT,2025-07-29 09:54,2025-07-29 10:23,2025-07-29 11:54
LAB740649,ENC117205,PT10331,WBC,White Blood Cell Count,3.8,K/uL,4.5,11,L,Routine,2025-07-29 09:33,2025-07-29 09:59,2025-07-29 12:14
LAB740650,ENC117205,PT10331,HGB,Hemoglobin,13.3,g/dL,12,17.5,N,Routine,2025-07-29 10:02,2025-07-29 10:31,2025-07-29 11:45
LAB740651,ENC117211,PT11673,GLU,Glucose,64,mg/dL,70,99,L,STAT,2025-07-29 14:30,2025-07-29 14:43,2025-07-29 16:11
LAB740652,ENC117211,PT11673,CREAT,Creatinine,0.75,mg/dL,0.6,1.3,N,STAT,2025-07-29 14:26,2025-07-29 14:31,2025-07-29 15:26
LAB740653,ENC117211,PT11673,WBC,White Blood Cell Count,10.2,K/uL,4.5,11,N,STAT,2025-07-29 15:04,2025-07-29 15:11,2025-07-29 15:42
LAB740654,ENC117211,PT11673,HGB,Hemoglobin,15.8,g/dL,12,17.5,N,Routine,2025-07-29 14:03,2025-07-29 14:19,2025-07-29 15:53
LAB740655,ENC117211,PT11673,TROP,"Troponin I, High Sensitivity",38,ng/L,0,34,H,STAT,2025-07-29 14:31,2025-07-29 14:44,2025-07-29 15:01
LAB740656,ENC117211,PT11673,BNP,B-Type Natriuretic Peptide,1845,pg/mL,0,100,H,Routine,2025-07-29 14:20,2025-07-29 14:32,2025-07-29 23:21
LAB740657,ENC117212,PT11027,GLU,Glucose,116,mg/dL,70,99,H,Routine,2025-07-29 16:26,2025-07-29 16:55,2025-07-29 20:25
LAB740658,ENC117212,PT11027,CREAT,Creatinine,1.33,mg/dL,0.6,1.3,H,Routine,2025-07-29 16:37,2025-07-29 16:49,2025-07-29 21:28
LAB740659,ENC117212,PT11027,WBC,White Blood Cell Count,8.2,K/uL,4.5,11,N,STAT,2025-07-29 16:00,2025-07-29 16:33,2025-07-29 17:23
LAB740660,ENC117212,PT11027,HGB,Hemoglobin,16,g/dL,12,17.5,N,STAT,2025-07-29 15:51,2025-07-29 15:57,2025-07-29 16:42
LAB740661,ENC117214,PT12156,GLU,Glucose,79,mg/dL,70,99,N,STAT,2025-07-29 14:48,2025-07-29 15:20,2025-07-29 15:39
LAB740662,ENC117214,PT12156,CREAT,Creatinine,1.27,mg/dL,0.6,1.3,N,Routine,2025-07-29 14:23,2025-07-29 14:35,2025-07-29 16:36
LAB740663,ENC117214,PT12156,WBC,White Blood Cell Count,7.4,K/uL,4.5,11,N,Routine,2025-07-29 14:17,2025-07-29 14:28,2025-07-29 15:34
LAB740664,ENC117214,PT12156,HGB,Hemoglobin,9.9,g/dL,12,17.5,L,STAT,2025-07-29 14:14,2025-07-29 14:47,2025-07-29 15:59
LAB740665,ENC117215,PT12731,GLU,Glucose,250,mg/dL,70,99,H,Routine,2025-07-29 19:11,2025-07-29 19:45,2025-07-29 23:07
LAB740666,ENC117215,PT12731,CREAT,Creatinine,1.3,mg/dL,0.6,1.3,N,STAT,2025-07-29 19:20,2025-07-29 19:35,2025-07-29 20:19
LAB740667,ENC117215,PT12731,WBC,White Blood Cell Count,5,K/uL,4.5,11,N,STAT,2025-07-29 19:49,2025-07-29 20:08,2025-07-29 21:16
LAB740668,ENC117215,PT12731,HGB,Hemoglobin,14.1,g/dL,12,17.5,N,STAT,2025-07-29 19:16,2025-07-29 19:48,2025-07-29 20:57
LAB740669,ENC117215,PT12731,TROP,"Troponin I, High Sensitivity",305,ng/L,0,34,H,STAT,2025-07-29 19:42,2025-07-29 20:16,2025-07-29 21:10
LAB740670,ENC117218,PT11156,GLU,Glucose,109,mg/dL,70,99,H,Routine,2025-07-29 15:27,2025-07-29 15:58,2025-07-29 18:01
LAB740671,ENC117218,PT11156,CREAT,Creatinine,0.97,mg/dL,0.6,1.3,N,Routine,2025-07-29 15:31,2025-07-29 15:53,2025-07-29 18:27
LAB740672,ENC117218,PT11156,WBC,White Blood Cell Count,8.4,K/uL,4.5,11,N,STAT,2025-07-29 15:39,2025-07-29 16:09,2025-07-29 16:41
LAB740673,ENC117218,PT11156,HGB,Hemoglobin,13.2,g/dL,12,17.5,N,STAT,2025-07-29 15:04,2025-07-29 15:26,2025-07-29 16:14
LAB740674,ENC117219,PT12481,GLU,Glucose,129,mg/dL,70,99,H,STAT,2025-07-29 15:43,2025-07-29 15:56,2025-07-29 17:06
LAB740675,ENC117219,PT12481,CREAT,Creatinine,0.82,mg/dL,0.6,1.3,N,STAT,2025-07-29 16:03,2025-07-29 16:27,2025-07-29 17:23
LAB740676,ENC117219,PT12481,WBC,White Blood Cell Count,8.8,K/uL,4.5,11,N,STAT,2025-07-29 15:44,2025-07-29 16:12,2025-07-29 17:19
LAB740677,ENC117219,PT12481,TROP,"Troponin I, High Sensitivity",5,ng/L,0,34,N,STAT,2025-07-29 15:15,2025-07-29 15:34,2025-07-29 17:02
LAB740678,ENC117221,PT11004,GLU,Glucose,131,mg/dL,70,99,H,STAT,2025-07-29 16:21,2025-07-29 16:36,2025-07-29 17:24
LAB740679,ENC117221,PT11004,CREAT,Creatinine,1.34,mg/dL,0.6,1.3,H,STAT,2025-07-29 16:08,2025-07-29 16:30,2025-07-29 17:18
LAB740680,ENC117221,PT11004,WBC,White Blood Cell Count,15.7,K/uL,4.5,11,H,STAT,2025-07-29 15:39,2025-07-29 15:55,2025-07-29 16:54
LAB740681,ENC117221,PT11004,HGB,Hemoglobin,14.7,g/dL,12,17.5,N,STAT,2025-07-29 15:56,2025-07-29 16:02,2025-07-29 16:33
LAB740682,ENC117221,PT11004,LACT,Lactate,2.9,mmol/L,0.5,2,H,STAT,2025-07-29 15:51,2025-07-29 16:12,2025-07-29 16:46
LAB740683,ENC117222,PT12678,LDL,LDL Cholesterol,151,mg/dL,0,99,H,Routine,2025-07-29 15:51,2025-07-29 16:07,2025-07-30 00:00
LAB740684,ENC117223,PT10667,GLU,Glucose,162,mg/dL,70,99,H,Routine,2025-07-29 17:15,2025-07-29 17:31,2025-07-29 20:18
LAB740685,ENC117223,PT10667,CREAT,Creatinine,2.44,mg/dL,0.6,1.3,H,STAT,2025-07-29 17:12,2025-07-29 17:33,2025-07-29 18:11
LAB740686,ENC117223,PT10667,WBC,White Blood Cell Count,19.1,K/uL,4.5,11,H,STAT,2025-07-29 17:44,2025-07-29 18:09,2025-07-29 20:02
LAB740687,ENC117223,PT10667,HGB,Hemoglobin,12.7,g/dL,12,17.5,N,Routine,2025-07-29 17:30,2025-07-29 17:37,2025-07-29 20:39
LAB740688,ENC117223,PT10667,BUN,Blood Urea Nitrogen,15,mg/dL,7,20,N,STAT,2025-07-29 17:12,2025-07-29 17:29,2025-07-29 17:56
LAB740689,ENC117223,PT10667,PLT,Platelet Count,151,K/uL,150,400,N,Routine,2025-07-29 17:38,2025-07-29 17:52,2025-07-29 20:56
LAB740690,ENC117223,PT10667,LACT,Lactate,3.3,mmol/L,0.5,2,H,STAT,2025-07-29 16:51,2025-07-29 17:22,2025-07-29 18:02
LAB740691,ENC117224,PT11913,GLU,Glucose,97,mg/dL,70,99,N,Routine,2025-07-29 17:48,2025-07-29 18:08,2025-07-29 21:06
LAB740692,ENC117224,PT11913,CREAT,Creatinine,2.58,mg/dL,0.6,1.3,H,Routine,2025-07-29 17:10,2025-07-29 17:34,2025-07-29 23:03
LAB740693,ENC117226,PT13463,GLU,Glucose,70,mg/dL,70,99,N,STAT,2025-07-29 18:14,2025-07-29 18:28,2025-07-29 19:39
LAB740694,ENC117226,PT13463,CREAT,Creatinine,0.83,mg/dL,0.6,1.3,N,STAT,2025-07-29 18:58,2025-07-29 19:19,2025-07-29 20:06
LAB740695,ENC117226,PT13463,WBC,White Blood Cell Count,7.6,K/uL,4.5,11,N,Routine,2025-07-29 19:08,2025-07-29 19:42,2025-07-29 22:47
LAB740696,ENC117226,PT13463,HGB,Hemoglobin,14.9,g/dL,12,17.5,N,STAT,2025-07-29 18:21,2025-07-29 18:31,2025-07-29 19:24
LAB740697,ENC117227,PT13541,GLU,Glucose,105,mg/dL,70,99,H,STAT,2025-07-29 19:05,2025-07-29 19:40,2025-07-29 20:40
LAB740698,ENC117227,PT13541,CREAT,Creatinine,0.75,mg/dL,0.6,1.3,N,STAT,2025-07-29 18:31,2025-07-29 18:57,2025-07-29 19:34
LAB740699,ENC117227,PT13541,WBC,White Blood Cell Count,7.1,K/uL,4.5,11,N,Routine,2025-07-29 18:24,2025-07-29 18:41,2025-07-29 21:29
LAB740700,ENC117227,PT13541,HGB,Hemoglobin,15.4,g/dL,12,17.5,N,STAT,2025-07-29 18:31,2025-07-29 18:45,2025-07-29 19:51
LAB740701,ENC117227,PT13541,NA,Sodium,141,mmol/L,136,145,N,STAT,2025-07-29 19:07,2025-07-29 19:23,2025-07-29 19:58
LAB740702,ENC117227,PT13541,K,Potassium,4.2,mmol/L,3.5,5.1,N,STAT,2025-07-29 18:59,2025-07-29 19:21,2025-07-29 20:02
LAB740703,ENC117228,PT11998,GLU,Glucose,91,mg/dL,70,99,N,STAT,2025-07-29 19:08,2025-07-29 19:30,2025-07-29 20:20
LAB740704,ENC117228,PT11998,CREAT,Creatinine,2.1,mg/dL,0.6,1.3,H,STAT,2025-07-29 18:48,2025-07-29 19:20,2025-07-29 19:43
LAB740705,ENC117228,PT11998,WBC,White Blood Cell Count,9.1,K/uL,4.5,11,N,Routine,2025-07-29 18:23,2025-07-29 18:56,2025-07-29 21:35
LAB740706,ENC117228,PT11998,HGB,Hemoglobin,13.2,g/dL,12,17.5,N,Routine,2025-07-29 19:14,2025-07-29 19:23,2025-07-29 22:44
LAB740707,ENC117228,PT11998,NA,Sodium,142,mmol/L,136,145,N,STAT,2025-07-29 19:14,2025-07-29 19:19,2025-07-29 20:14
LAB740708,ENC117228,PT11998,K,Potassium,4.3,mmol/L,3.5,5.1,N,STAT,2025-07-29 18:21,2025-07-29 18:37,2025-07-29 19:48
LAB740709,ENC117228,PT11998,BUN,Blood Urea Nitrogen,21,mg/dL,7,20,H,Routine,2025-07-29 19:05,2025-07-29 19:23,2025-07-29 20:34
LAB740710,ENC117228,PT11998,PLT,Platelet Count,220,K/uL,150,400,N,STAT,2025-07-29 18:45,2025-07-29 18:57,2025-07-29 21:04
LAB740711,ENC117229,PT13911,GLU,Glucose,123,mg/dL,70,99,H,Routine,2025-07-29 21:51,2025-07-29 22:08,2025-07-30 02:24
LAB740712,ENC117229,PT13911,CREAT,Creatinine,0.95,mg/dL,0.6,1.3,N,Routine,2025-07-29 21:51,2025-07-29 22:01,2025-07-29 23:34
LAB740713,ENC117229,PT13911,WBC,White Blood Cell Count,16.4,K/uL,4.5,11,H,STAT,2025-07-29 21:58,2025-07-29 22:19,2025-07-29 22:54
LAB740714,ENC117229,PT13911,HGB,Hemoglobin,16.4,g/dL,12,17.5,N,STAT,2025-07-29 21:02,2025-07-29 21:12,2025-07-29 22:02
LAB740715,ENC117229,PT13911,NA,Sodium,139,mmol/L,136,145,N,STAT,2025-07-29 22:01,2025-07-29 22:18,2025-07-29 23:08
LAB740716,ENC117229,PT13911,K,Potassium,4.1,mmol/L,3.5,5.1,N,STAT,2025-07-29 21:14,2025-07-29 21:37,2025-07-29 22:06
LAB740717,ENC117230,PT13352,GLU,Glucose,120,mg/dL,70,99,H,Routine,2025-07-29 21:57,2025-07-29 22:15,2025-07-30 01:25
LAB740718,ENC117230,PT13352,CREAT,Creatinine,1.12,mg/dL,0.6,1.3,N,STAT,2025-07-29 21:57,2025-07-29 22:21,2025-07-29 23:02
LAB740719,ENC117230,PT13352,WBC,White Blood Cell Count,6.9,K/uL,4.5,11,N,STAT,2025-07-29 21:48,2025-07-29 21:53,2025-07-29 23:02
LAB740720,ENC117230,PT13352,HGB,Hemoglobin,14.3,g/dL,12,17.5,N,Routine,2025-07-29 22:03,2025-07-29 22:23,2025-07-30 00:44
LAB740721,ENC117230,PT13352,INR,Prothrombin Time INR,1,ratio,0.8,1.2,N,Routine,2025-07-29 21:19,2025-07-29 21:54,2025-07-30 00:30
LAB740722,ENC117231,PT13877,GLU,Glucose,128,mg/dL,70,99,H,Routine,2025-07-29 19:24,2025-07-29 19:52,2025-07-29 20:50
LAB740723,ENC117231,PT13877,CREAT,Creatinine,1.35,mg/dL,0.6,1.3,H,Routine,2025-07-29 19:46,2025-07-29 19:56,2025-07-29 22:45
LAB740724,ENC117231,PT13877,WBC,White Blood Cell Count,8.8,K/uL,4.5,11,N,STAT,2025-07-29 20:07,2025-07-29 20:22,2025-07-29 21:12
LAB740725,ENC117231,PT13877,HGB,Hemoglobin,14.9,g/dL,12,17.5,N,STAT,2025-07-29 20:10,2025-07-29 20:44,2025-07-29 21:27
LAB740726,ENC117231,PT13877,TROP,"Troponin I, High Sensitivity",0,ng/L,0,34,N,STAT,2025-07-29 19:25,2025-07-29 19:58,2025-07-29 20:28
LAB740727,ENC117233,PT13366,GLU,Glucose,82,mg/dL,70,99,N,STAT,2025-07-29 21:05,2025-07-29 21:12,2025-07-29 21:46
LAB740728,ENC117233,PT13366,CREAT,Creatinine,0.9,mg/dL,0.6,1.3,N,STAT,2025-07-29 20:55,2025-07-29 21:26,2025-07-29 22:01
LAB740729,ENC117233,PT13366,WBC,White Blood Cell Count,4.6,K/uL,4.5,11,N,Routine,2025-07-29 20:04,2025-07-29 20:17,2025-07-29 21:06
LAB740730,ENC117235,PT12220,GLU,Glucose,72,mg/dL,70,99,N,Routine,2025-07-30 08:04,2025-07-30 08:31,2025-07-30 16:08
LAB740731,ENC117235,PT12220,CREAT,Creatinine,0.86,mg/dL,0.6,1.3,N,STAT,2025-07-30 08:58,2025-07-30 09:14,2025-07-30 09:45
LAB740732,ENC117235,PT12220,WBC,White Blood Cell Count,5.5,K/uL,4.5,11,N,Routine,2025-07-30 08:46,2025-07-30 08:53,2025-07-30 10:57
LAB740733,ENC117238,PT10146,GLU,Glucose,134,mg/dL,70,99,H,STAT,2025-07-30 09:14,2025-07-30 09:26,2025-07-30 10:16
LAB740734,ENC117238,PT10146,CREAT,Creatinine,1.1,mg/dL,0.6,1.3,N,Routine,2025-07-30 09:05,2025-07-30 09:36,2025-07-30 11:01
LAB740735,ENC117240,PT10187,A1C,Hemoglobin A1c,8.8,%,4,5.6,H,Routine,2025-07-30 09:07,2025-07-30 09:14,2025-07-30 17:19
LAB740736,ENC117240,PT10187,GLU,Glucose,376,mg/dL,70,99,H,Routine,2025-07-30 09:03,2025-07-30 09:17,2025-07-30 12:07
LAB740737,ENC117240,PT10187,CREAT,Creatinine,1.04,mg/dL,0.6,1.3,N,Routine,2025-07-30 09:08,2025-07-30 09:35,2025-07-30 12:41
LAB740738,ENC117243,PT13561,GLU,Glucose,241,mg/dL,70,99,H,STAT,2025-07-30 12:19,2025-07-30 12:54,2025-07-30 13:45
LAB740739,ENC117243,PT13561,CREAT,Creatinine,1.01,mg/dL,0.6,1.3,N,STAT,2025-07-30 12:52,2025-07-30 13:12,2025-07-30 13:45
LAB740740,ENC117243,PT13561,WBC,White Blood Cell Count,6.9,K/uL,4.5,11,N,STAT,2025-07-30 13:00,2025-07-30 13:12,2025-07-30 13:44
LAB740741,ENC117243,PT13561,HGB,Hemoglobin,10.8,g/dL,12,17.5,L,STAT,2025-07-30 12:12,2025-07-30 12:19,2025-07-30 12:55
LAB740742,ENC117243,PT13561,TROP,"Troponin I, High Sensitivity",995,ng/L,0,34,H,STAT,2025-07-30 13:08,2025-07-30 13:42,2025-07-30 14:25
LAB740743,ENC117245,PT10205,GLU,Glucose,197,mg/dL,70,99,H,Routine,2025-07-30 12:16,2025-07-30 12:34,2025-07-30 15:59
LAB740744,ENC117245,PT10205,CREAT,Creatinine,1.43,mg/dL,0.6,1.3,H,STAT,2025-07-30 12:14,2025-07-30 12:44,2025-07-30 13:12
LAB740745,ENC117245,PT10205,WBC,White Blood Cell Count,7.3,K/uL,4.5,11,N,Routine,2025-07-30 12:16,2025-07-30 12:40,2025-07-30 15:18
LAB740746,ENC117245,PT10205,HGB,Hemoglobin,14,g/dL,12,17.5,N,Routine,2025-07-30 11:34,2025-07-30 11:56,2025-07-30 16:29
LAB740747,ENC117248,PT11994,LDL,LDL Cholesterol,53,mg/dL,0,99,N,Routine,2025-07-30 11:52,2025-07-30 12:21,2025-07-30 18:34
LAB740748,ENC117248,PT11994,TSH,Thyroid Stimulating Hormone,2.76,mIU/L,0.4,4,N,Routine,2025-07-30 11:37,2025-07-30 12:11,2025-07-31 01:23
LAB740749,ENC117251,PT10555,A1C,Hemoglobin A1c,14.1,%,4,5.6,H,Routine,2025-07-30 12:48,2025-07-30 13:21,2025-07-31 04:27
LAB740750,ENC117256,PT12065,GLU,Glucose,155,mg/dL,70,99,H,STAT,2025-07-30 16:25,2025-07-30 16:58,2025-07-30 17:47
LAB740751,ENC117256,PT12065,CREAT,Creatinine,0.79,mg/dL,0.6,1.3,N,Routine,2025-07-30 15:30,2025-07-30 15:52,2025-07-31 00:41
LAB740752,ENC117256,PT12065,WBC,White Blood Cell Count,4,K/uL,4.5,11,L,Routine,2025-07-30 16:19,2025-07-30 16:32,2025-07-30 23:55
LAB740753,ENC117256,PT12065,HGB,Hemoglobin,11.7,g/dL,12,17.5,L,STAT,2025-07-30 15:21,2025-07-30 15:32,2025-07-30 15:51
LAB740754,ENC117256,PT12065,NA,Sodium,138,mmol/L,136,145,N,Routine,2025-07-30 16:22,2025-07-30 16:52,2025-07-30 18:46
LAB740755,ENC117256,PT12065,K,Potassium,4,mmol/L,3.5,5.1,N,STAT,2025-07-30 16:05,2025-07-30 16:33,2025-07-30 17:05
LAB740756,ENC117257,PT10007,WBC,White Blood Cell Count,8.2,K/uL,4.5,11,N,Routine,2025-07-30 16:37,2025-07-30 16:58,2025-07-30 17:51
LAB740757,ENC117257,PT10007,HGB,Hemoglobin,13.1,g/dL,12,17.5,N,Routine,2025-07-30 16:39,2025-07-30 17:03,2025-07-30 19:32
LAB740758,ENC117257,PT10007,PLT,Platelet Count,366,K/uL,150,400,N,Routine,2025-07-30 16:58,2025-07-30 17:23,2025-07-30 19:11
LAB740759,ENC117258,PT11185,GLU,Glucose,112,mg/dL,70,99,H,STAT,2025-07-30 17:12,2025-07-30 17:24,2025-07-30 18:31
LAB740760,ENC117258,PT11185,CREAT,Creatinine,0.47,mg/dL,0.6,1.3,L,STAT,2025-07-30 16:55,2025-07-30 17:05,2025-07-30 17:55
LAB740761,ENC117258,PT11185,WBC,White Blood Cell Count,2.4,K/uL,4.5,11,L,Routine,2025-07-30 17:32,2025-07-30 17:59,2025-07-31 01:52
LAB740762,ENC117258,PT11185,HGB,Hemoglobin,13.6,g/dL,12,17.5,N,Routine,2025-07-30 16:58,2025-07-30 17:08,2025-07-30 21:33
LAB740763,ENC117259,PT12005,GLU,Glucose,61,mg/dL,70,99,L,STAT,2025-07-30 18:18,2025-07-30 18:28,2025-07-30 19:48
LAB740764,ENC117259,PT12005,CREAT,Creatinine,0.97,mg/dL,0.6,1.3,N,STAT,2025-07-30 18:01,2025-07-30 18:20,2025-07-30 18:39
LAB740765,ENC117259,PT12005,WBC,White Blood Cell Count,6.7,K/uL,4.5,11,N,STAT,2025-07-30 18:06,2025-07-30 18:39,2025-07-30 18:53
LAB740766,ENC117259,PT12005,TROP,"Troponin I, High Sensitivity",5,ng/L,0,34,N,STAT,2025-07-30 17:45,2025-07-30 18:16,2025-07-30 19:08
LAB740767,ENC117261,PT11944,GLU,Glucose,103,mg/dL,70,99,H,STAT,2025-07-31 03:18,2025-07-31 03:26,2025-07-31 04:06
LAB740768,ENC117261,PT11944,CREAT,Creatinine,1.57,mg/dL,0.6,1.3,H,Routine,2025-07-31 03:26,2025-07-31 03:58,2025-07-31 06:02
LAB740769,ENC117261,PT11944,WBC,White Blood Cell Count,6.5,K/uL,4.5,11,N,STAT,2025-07-31 03:30,2025-07-31 03:52,2025-07-31 04:38
LAB740770,ENC117261,PT11944,HGB,Hemoglobin,10.6,g/dL,12,17.5,L,Routine,2025-07-31 03:20,2025-07-31 03:46,2025-07-31 10:17
LAB740771,ENC117261,PT11944,LACT,Lactate,2.9,mmol/L,0.5,2,H,STAT,2025-07-31 03:15,2025-07-31 03:19,2025-07-31 04:42
LAB740772,ENC117263,PT13853,TROP,"Troponin I, High Sensitivity",4,ng/L,0,34,N,STAT,2025-07-31 08:08,2025-07-31 08:29,2025-07-31 08:45
LAB740773,ENC117264,PT12818,GLU,Glucose,108,mg/dL,70,99,H,Routine,2025-07-31 09:31,2025-07-31 10:01,2025-07-31 12:02
LAB740774,ENC117264,PT12818,CREAT,Creatinine,0.61,mg/dL,0.6,1.3,N,Routine,2025-07-31 08:29,2025-07-31 08:51,2025-07-31 13:33
LAB740775,ENC117264,PT12818,WBC,White Blood Cell Count,0.8,K/uL,4.5,11,LL,STAT,2025-07-31 08:44,2025-07-31 09:18,2025-07-31 09:56
LAB740776,ENC117264,PT12818,HGB,Hemoglobin,12.7,g/dL,12,17.5,N,Routine,2025-07-31 09:14,2025-07-31 09:34,2025-07-31 13:28
LAB740777,ENC117265,PT12648,GLU,Glucose,188,mg/dL,70,99,H,Routine,2025-07-31 14:15,2025-07-31 14:36,2025-07-31 17:01
LAB740778,ENC117265,PT12648,CREAT,Creatinine,0.99,mg/dL,0.6,1.3,N,STAT,2025-07-31 14:09,2025-07-31 14:38,2025-07-31 15:30
LAB740779,ENC117265,PT12648,WBC,White Blood Cell Count,6.7,K/uL,4.5,11,N,STAT,2025-07-31 13:13,2025-07-31 13:35,2025-07-31 14:09
LAB740780,ENC117265,PT12648,HGB,Hemoglobin,15.3,g/dL,12,17.5,N,Routine,2025-07-31 13:25,2025-07-31 13:35,2025-07-31 18:35
LAB740781,ENC117265,PT12648,NA,Sodium,138,mmol/L,136,145,N,STAT,2025-07-31 13:28,2025-07-31 13:48,2025-07-31 14:27
LAB740782,ENC117265,PT12648,K,Potassium,4.4,mmol/L,3.5,5.1,N,STAT,2025-07-31 14:07,2025-07-31 14:16,2025-07-31 14:46
LAB740783,ENC117265,PT12648,A1C,Hemoglobin A1c,11.3,%,4,5.6,H,STAT,2025-07-31 13:16,2025-07-31 13:42,2025-07-31 14:45
LAB740784,ENC117268,PT12601,LDL,LDL Cholesterol,114,mg/dL,0,99,H,Routine,2025-07-31 11:27,2025-07-31 11:43,2025-08-01 03:37
LAB740785,ENC117269,PT12525,GLU,Glucose,110,mg/dL,70,99,H,STAT,2025-07-31 12:17,2025-07-31 12:27,2025-07-31 13:03
LAB740786,ENC117269,PT12525,CREAT,Creatinine,0.97,mg/dL,0.6,1.3,N,STAT,2025-07-31 12:50,2025-07-31 13:09,2025-07-31 13:36
LAB740787,ENC117269,PT12525,WBC,White Blood Cell Count,7,K/uL,4.5,11,N,Routine,2025-07-31 12:47,2025-07-31 13:14,2025-07-31 15:11
LAB740788,ENC117272,PT10947,GLU,Glucose,123,mg/dL,70,99,H,STAT,2025-07-31 14:35,2025-07-31 15:00,2025-07-31 15:38
LAB740789,ENC117272,PT10947,CREAT,Creatinine,2.08,mg/dL,0.6,1.3,H,STAT,2025-07-31 14:05,2025-07-31 14:31,2025-07-31 15:17
LAB740790,ENC117273,PT12893,WBC,White Blood Cell Count,6.7,K/uL,4.5,11,N,Routine,2025-07-31 14:08,2025-07-31 14:27,2025-07-31 17:10
LAB740791,ENC117273,PT12893,HGB,Hemoglobin,12.3,g/dL,12,17.5,N,Routine,2025-07-31 14:00,2025-07-31 14:32,2025-07-31 23:39
LAB740792,ENC117273,PT12893,PLT,Platelet Count,304,K/uL,150,400,N,Routine,2025-07-31 13:58,2025-07-31 14:14,2025-07-31 16:42
LAB740793,ENC117274,PT11295,GLU,Glucose,103,mg/dL,70,99,H,STAT,2025-07-31 17:55,2025-07-31 18:04,2025-07-31 19:52
LAB740794,ENC117274,PT11295,CREAT,Creatinine,1.19,mg/dL,0.6,1.3,N,Routine,2025-07-31 18:48,2025-07-31 18:55,2025-07-31 22:38
LAB740795,ENC117274,PT11295,WBC,White Blood Cell Count,8.5,K/uL,4.5,11,N,STAT,2025-07-31 17:44,2025-07-31 17:56,2025-07-31 18:18
LAB740796,ENC117274,PT11295,HGB,Hemoglobin,13,g/dL,12,17.5,N,STAT,2025-07-31 18:16,2025-07-31 18:20,2025-07-31 18:44
LAB740797,ENC117279,PT12162,GLU,Glucose,104,mg/dL,70,99,H,Routine,2025-07-31 17:36,2025-07-31 17:58,2025-07-31 20:18
LAB740798,ENC117279,PT12162,CREAT,Creatinine,0.79,mg/dL,0.6,1.3,N,STAT,2025-07-31 18:25,2025-07-31 18:45,2025-07-31 19:13
LAB740799,ENC117279,PT12162,WBC,White Blood Cell Count,14.2,K/uL,4.5,11,H,STAT,2025-07-31 18:32,2025-07-31 18:54,2025-07-31 19:29
LAB740800,ENC117279,PT12162,HGB,Hemoglobin,14.7,g/dL,12,17.5,N,STAT,2025-07-31 18:32,2025-07-31 18:54,2025-07-31 19:37
LAB740801,ENC117279,PT12162,NA,Sodium,139,mmol/L,136,145,N,STAT,2025-07-31 18:37,2025-07-31 18:41,2025-07-31 19:10
LAB740802,ENC117279,PT12162,K,Potassium,4,mmol/L,3.5,5.1,N,STAT,2025-07-31 18:06,2025-07-31 18:31,2025-07-31 19:23
LAB740803,ENC117281,PT11686,WBC,White Blood Cell Count,8.8,K/uL,4.5,11,N,Routine,2025-07-31 16:10,2025-07-31 16:20,2025-08-01 01:37
LAB740804,ENC117281,PT11686,HGB,Hemoglobin,14.8,g/dL,12,17.5,N,Routine,2025-07-31 16:07,2025-07-31 16:22,2025-07-31 18:40
LAB740805,ENC117281,PT11686,PLT,Platelet Count,164,K/uL,150,400,N,Routine,2025-07-31 16:08,2025-07-31 16:15,2025-07-31 18:42
LAB740806,ENC117282,PT11311,A1C,Hemoglobin A1c,8.7,%,4,5.6,H,Routine,2025-07-31 16:23,2025-07-31 16:33,2025-08-01 02:06
LAB740807,ENC117286,PT13878,LDL,LDL Cholesterol,114,mg/dL,0,99,H,Routine,2025-07-31 16:28,2025-07-31 16:48,2025-08-01 00:27
LAB740808,ENC117286,PT13878,TSH,Thyroid Stimulating Hormone,2.39,mIU/L,0.4,4,N,Routine,2025-07-31 16:39,2025-07-31 17:09,2025-08-01 10:29
LAB740809,ENC117287,PT12726,GLU,Glucose,67,mg/dL,70,99,L,Routine,2025-07-31 20:47,2025-07-31 21:11,2025-07-31 23:29
LAB740810,ENC117287,PT12726,CREAT,Creatinine,0.72,mg/dL,0.6,1.3,N,STAT,2025-07-31 20:48,2025-07-31 21:19,2025-07-31 22:50
LAB740811,ENC117287,PT12726,WBC,White Blood Cell Count,4.8,K/uL,4.5,11,N,STAT,2025-07-31 19:52,2025-07-31 20:13,2025-07-31 21:05
LAB740812,ENC117287,PT12726,HGB,Hemoglobin,12.8,g/dL,12,17.5,N,Routine,2025-07-31 20:52,2025-07-31 21:13,2025-08-01 03:35
LAB740813,ENC117287,PT12726,TROP,"Troponin I, High Sensitivity",47,ng/L,0,34,H,STAT,2025-07-31 20:22,2025-07-31 20:35,2025-07-31 21:17
LAB740814,ENC117290,PT12637,GLU,Glucose,103,mg/dL,70,99,H,STAT,2025-07-31 22:55,2025-07-31 23:30,2025-08-01 00:42
LAB740815,ENC117290,PT12637,CREAT,Creatinine,0.89,mg/dL,0.6,1.3,N,STAT,2025-07-31 22:58,2025-07-31 23:25,2025-08-01 00:18
LAB740816,ENC117290,PT12637,WBC,White Blood Cell Count,7.4,K/uL,4.5,11,N,STAT,2025-07-31 22:13,2025-07-31 22:44,2025-07-31 23:15
LAB740817,ENC117290,PT12637,HGB,Hemoglobin,13.5,g/dL,12,17.5,N,STAT,2025-07-31 23:05,2025-07-31 23:18,2025-08-01 00:20
LAB740818,ENC117291,PT13000,GLU,Glucose,141,mg/dL,70,99,H,STAT,2025-07-31 21:50,2025-07-31 21:56,2025-07-31 22:36
LAB740819,ENC117291,PT13000,CREAT,Creatinine,1.03,mg/dL,0.6,1.3,N,STAT,2025-07-31 21:28,2025-07-31 21:46,2025-07-31 22:05
LAB740820,ENC117291,PT13000,WBC,White Blood Cell Count,10.1,K/uL,4.5,11,N,STAT,2025-07-31 21:16,2025-07-31 21:47,2025-07-31 22:32
LAB740821,ENC117292,PT12904,GLU,Glucose,71,mg/dL,70,99,N,STAT,2025-07-31 21:29,2025-07-31 21:53,2025-07-31 22:50
LAB740822,ENC117292,PT12904,CREAT,Creatinine,0.82,mg/dL,0.6,1.3,N,STAT,2025-07-31 21:58,2025-07-31 22:16,2025-07-31 22:56
LAB740823,ENC117292,PT12904,WBC,White Blood Cell Count,5.7,K/uL,4.5,11,N,Routine,2025-07-31 21:09,2025-07-31 21:16,2025-08-01 00:19
LAB740824,ENC117292,PT12904,HGB,Hemoglobin,14.2,g/dL,12,17.5,N,STAT,2025-07-31 21:46,2025-07-31 22:20,2025-07-31 22:53
LAB740825,ENC117293,PT11116,GLU,Glucose,101,mg/dL,70,99,H,Routine,2025-08-01 02:52,2025-08-01 03:25,2025-08-01 07:33
LAB740826,ENC117293,PT11116,CREAT,Creatinine,0.92,mg/dL,0.6,1.3,N,Routine,2025-08-01 02:59,2025-08-01 03:32,2025-08-01 10:00
LAB740827,ENC117293,PT11116,WBC,White Blood Cell Count,10,K/uL,4.5,11,N,STAT,2025-08-01 02:05,2025-08-01 02:13,2025-08-01 03:06
LAB740828,ENC117293,PT11116,HGB,Hemoglobin,14.3,g/dL,12,17.5,N,STAT,2025-08-01 02:18,2025-08-01 02:42,2025-08-01 03:28
LAB740829,ENC117293,PT11116,INR,Prothrombin Time INR,1.2,ratio,0.8,1.2,N,STAT,2025-08-01 02:32,2025-08-01 02:36,2025-08-01 03:40
LAB740830,ENC117294,PT13875,GLU,Glucose,143,mg/dL,70,99,H,STAT,2025-08-01 04:57,2025-08-01 05:19,2025-08-01 05:52
LAB740831,ENC117294,PT13875,CREAT,Creatinine,0.36,mg/dL,0.6,1.3,L,STAT,2025-08-01 04:52,2025-08-01 05:19,2025-08-01 07:05
LAB740832,ENC117294,PT13875,WBC,White Blood Cell Count,6.9,K/uL,4.5,11,N,STAT,2025-08-01 04:42,2025-08-01 04:54,2025-08-01 07:43
LAB740833,ENC117294,PT13875,HGB,Hemoglobin,16.3,g/dL,12,17.5,N,STAT,2025-08-01 04:08,2025-08-01 04:26,2025-08-01 05:21
LAB740834,ENC117295,PT12752,GLU,Glucose,97,mg/dL,70,99,N,STAT,2025-08-01 08:10,2025-08-01 08:32,2025-08-01 09:01
LAB740835,ENC117295,PT12752,CREAT,Creatinine,1.22,mg/dL,0.6,1.3,N,STAT,2025-08-01 07:35,2025-08-01 07:48,2025-08-01 09:17
LAB740836,ENC117295,PT12752,WBC,White Blood Cell Count,6.2,K/uL,4.5,11,N,Routine,2025-08-01 07:35,2025-08-01 07:54,2025-08-01 10:40
LAB740837,ENC117295,PT12752,HGB,Hemoglobin,15.6,g/dL,12,17.5,N,STAT,2025-08-01 07:24,2025-08-01 07:53,2025-08-01 08:29
LAB740838,ENC117295,PT12752,NA,Sodium,141,mmol/L,136,145,N,Routine,2025-08-01 07:48,2025-08-01 08:19,2025-08-01 11:16
LAB740839,ENC117295,PT12752,K,Potassium,4.4,mmol/L,3.5,5.1,N,STAT,2025-08-01 07:56,2025-08-01 08:26,2025-08-01 08:58
LAB740840,ENC117296,PT13143,GLU,Glucose,105,mg/dL,70,99,H,STAT,2025-08-01 09:16,2025-08-01 09:38,2025-08-01 10:13
LAB740841,ENC117296,PT13143,CREAT,Creatinine,5.19,mg/dL,0.6,1.3,H,STAT,2025-08-01 09:33,2025-08-01 09:58,2025-08-01 10:46
LAB740842,ENC117296,PT13143,WBC,White Blood Cell Count,8.4,K/uL,4.5,11,N,STAT,2025-08-01 09:30,2025-08-01 09:46,2025-08-01 10:29
LAB740843,ENC117296,PT13143,HGB,Hemoglobin,10.1,g/dL,12,17.5,L,Routine,2025-08-01 09:29,2025-08-01 09:49,2025-08-01 17:00
LAB740844,ENC117296,PT13143,NA,Sodium,142,mmol/L,136,145,N,STAT,2025-08-01 10:00,2025-08-01 10:35,2025-08-01 11:37
LAB740845,ENC117296,PT13143,K,Potassium,4.3,mmol/L,3.5,5.1,N,STAT,2025-08-01 10:11,2025-08-01 10:39,2025-08-01 11:36
LAB740846,ENC117299,PT10683,A1C,Hemoglobin A1c,7.8,%,4,5.6,H,Routine,2025-08-01 09:39,2025-08-01 10:05,2025-08-02 17:49
LAB740847,ENC117299,PT10683,GLU,Glucose,224,mg/dL,70,99,H,Routine,2025-08-01 09:38,2025-08-01 09:56,2025-08-01 13:16
LAB740848,ENC117299,PT10683,CREAT,Creatinine,1.27,mg/dL,0.6,1.3,N,Routine,2025-08-01 09:41,2025-08-01 10:09,2025-08-01 12:08
LAB740849,ENC117300,PT10606,GLU,Glucose,110,mg/dL,70,99,H,STAT,2025-08-01 14:00,2025-08-01 14:09,2025-08-01 15:18
LAB740850,ENC117300,PT10606,CREAT,Creatinine,0.9,mg/dL,0.6,1.3,N,STAT,2025-08-01 13:57,2025-08-01 14:31,2025-08-01 15:11
LAB740851,ENC117300,PT10606,WBC,White Blood Cell Count,8.7,K/uL,4.5,11,N,STAT,2025-08-01 13:48,2025-08-01 14:19,2025-08-01 14:47
LAB740852,ENC117300,PT10606,HGB,Hemoglobin,12.6,g/dL,12,17.5,N,STAT,2025-08-01 13:18,2025-08-01 13:43,2025-08-01 14:11
LAB740853,ENC117300,PT10606,BUN,Blood Urea Nitrogen,21,mg/dL,7,20,H,Routine,2025-08-01 13:37,2025-08-01 14:09,2025-08-01 18:44
LAB740854,ENC117300,PT10606,PLT,Platelet Count,185,K/uL,150,400,N,STAT,2025-08-01 13:30,2025-08-01 13:38,2025-08-01 14:09
LAB740855,ENC117302,PT13199,GLU,Glucose,126,mg/dL,70,99,H,STAT,2025-08-01 16:13,2025-08-01 16:19,2025-08-01 17:35
LAB740856,ENC117302,PT13199,CREAT,Creatinine,1.2,mg/dL,0.6,1.3,N,STAT,2025-08-01 16:23,2025-08-01 16:45,2025-08-01 17:17
LAB740857,ENC117302,PT13199,WBC,White Blood Cell Count,11.4,K/uL,4.5,11,H,STAT,2025-08-01 15:58,2025-08-01 16:09,2025-08-01 17:16
LAB740858,ENC117302,PT13199,HGB,Hemoglobin,12.4,g/dL,12,17.5,N,STAT,2025-08-01 16:23,2025-08-01 16:54,2025-08-01 17:20
LAB740859,ENC117302,PT13199,NA,Sodium,142,mmol/L,136,145,N,STAT,2025-08-01 15:23,2025-08-01 15:33,2025-08-01 16:08
LAB740860,ENC117302,PT13199,K,Potassium,3.9,mmol/L,3.5,5.1,N,STAT,2025-08-01 16:04,2025-08-01 16:11,2025-08-01 17:27
LAB740861,ENC117305,PT10193,GLU,Glucose,93,mg/dL,70,99,N,Routine,2025-08-01 13:22,2025-08-01 13:52,2025-08-01 17:00
LAB740862,ENC117305,PT10193,CREAT,Creatinine,0.77,mg/dL,0.6,1.3,N,STAT,2025-08-01 13:20,2025-08-01 13:37,2025-08-01 14:26
LAB740863,ENC117305,PT10193,WBC,White Blood Cell Count,9.8,K/uL,4.5,11,N,STAT,2025-08-01 13:16,2025-08-01 13:40,2025-08-01 14:11
LAB740864,ENC117306,PT13645,GLU,Glucose,101,mg/dL,70,99,H,Routine,2025-08-01 14:20,2025-08-01 14:27,2025-08-01 16:53
LAB740865,ENC117306,PT13645,CREAT,Creatinine,0.72,mg/dL,0.6,1.3,N,STAT,2025-08-01 14:25,2025-08-01 14:44,2025-08-01 15:07
LAB740866,ENC117306,PT13645,WBC,White Blood Cell Count,8,K/uL,4.5,11,N,STAT,2025-08-01 13:23,2025-08-01 13:56,2025-08-01 14:19
LAB740867,ENC117306,PT13645,HGB,Hemoglobin,12.5,g/dL,12,17.5,N,STAT,2025-08-01 14:01,2025-08-01 14:21,2025-08-01 14:50
LAB740868,ENC117306,PT13645,NA,Sodium,137,mmol/L,136,145,N,STAT,2025-08-01 13:56,2025-08-01 14:17,2025-08-01 14:55
LAB740869,ENC117306,PT13645,K,Potassium,4.1,mmol/L,3.5,5.1,N,STAT,2025-08-01 13:53,2025-08-01 14:13,2025-08-01 15:06
LAB740870,ENC117306,PT13645,INR,Prothrombin Time INR,1,ratio,0.8,1.2,N,STAT,2025-08-01 13:34,2025-08-01 13:46,2025-08-01 14:50
LAB740871,ENC117308,PT12253,LDL,LDL Cholesterol,142,mg/dL,0,99,H,Routine,2025-08-01 13:46,2025-08-01 14:01,2025-08-02 23:36
LAB740872,ENC117308,PT12253,TSH,Thyroid Stimulating Hormone,3.47,mIU/L,0.4,4,N,Routine,2025-08-01 13:35,2025-08-01 13:41,2025-08-03 09:23
LAB740873,ENC117309,PT11422,LDL,LDL Cholesterol,58,mg/dL,0,99,N,Routine,2025-08-01 14:52,2025-08-01 15:09,2025-08-02 06:05
LAB740874,ENC117310,PT13870,A1C,Hemoglobin A1c,12.9,%,4,5.6,H,Routine,2025-08-01 14:59,2025-08-01 15:34,2025-08-02 00:55
LAB740875,ENC117310,PT13870,GLU,Glucose,310,mg/dL,70,99,H,Routine,2025-08-01 14:52,2025-08-01 15:08,2025-08-01 17:29
LAB740876,ENC117310,PT13870,CREAT,Creatinine,0.88,mg/dL,0.6,1.3,N,Routine,2025-08-01 14:57,2025-08-01 15:19,2025-08-01 18:13
LAB740877,ENC117315,PT12994,GLU,Glucose,117,mg/dL,70,99,H,Routine,2025-08-01 20:51,2025-08-01 20:55,2025-08-02 00:56
LAB740878,ENC117315,PT12994,CREAT,Creatinine,0.75,mg/dL,0.6,1.3,N,STAT,2025-08-01 20:42,2025-08-01 20:46,2025-08-01 21:19
LAB740879,ENC117315,PT12994,WBC,White Blood Cell Count,9.8,K/uL,4.5,11,N,STAT,2025-08-01 20:23,2025-08-01 20:47,2025-08-01 21:43
LAB740880,ENC117315,PT12994,HGB,Hemoglobin,13.8,g/dL,12,17.5,N,STAT,2025-08-01 20:08,2025-08-01 20:30,2025-08-01 21:45
LAB740881,ENC117317,PT10690,GLU,Glucose,108,mg/dL,70,99,H,STAT,2025-08-01 18:08,2025-08-01 18:40,2025-08-01 19:16
LAB740882,ENC117317,PT10690,CREAT,Creatinine,0.79,mg/dL,0.6,1.3,N,Routine,2025-08-01 17:29,2025-08-01 17:45,2025-08-01 20:29
LAB740883,ENC117317,PT10690,WBC,White Blood Cell Count,6.2,K/uL,4.5,11,N,STAT,2025-08-01 17:58,2025-08-01 18:19,2025-08-01 19:07
LAB740884,ENC117317,PT10690,HGB,Hemoglobin,14.8,g/dL,12,17.5,N,STAT,2025-08-01 18:09,2025-08-01 18:23,2025-08-01 18:58
LAB740885,ENC117317,PT10690,INR,Prothrombin Time INR,1.1,ratio,0.8,1.2,N,STAT,2025-08-01 18:11,2025-08-01 18:26,2025-08-01 19:57
LAB740886,ENC117318,PT11832,GLU,Glucose,210,mg/dL,70,99,H,STAT,2025-08-01 19:06,2025-08-01 19:35,2025-08-01 20:26
LAB740887,ENC117318,PT11832,CREAT,Creatinine,0.58,mg/dL,0.6,1.3,L,STAT,2025-08-01 19:18,2025-08-01 19:38,2025-08-01 19:53
LAB740888,ENC117318,PT11832,INR,Prothrombin Time INR,0.9,ratio,0.8,1.2,N,Routine,2025-08-01 19:38,2025-08-01 19:42,2025-08-01 22:57
LAB740889,ENC117319,PT11014,GLU,Glucose,213,mg/dL,70,99,H,STAT,2025-08-01 19:46,2025-08-01 20:06,2025-08-01 20:40
LAB740890,ENC117319,PT11014,CREAT,Creatinine,2.24,mg/dL,0.6,1.3,H,STAT,2025-08-01 20:33,2025-08-01 20:37,2025-08-01 21:24
LAB740891,ENC117319,PT11014,WBC,White Blood Cell Count,24.9,K/uL,4.5,11,H,Routine,2025-08-01 20:40,2025-08-01 20:59,2025-08-01 22:39
LAB740892,ENC117319,PT11014,HGB,Hemoglobin,16.1,g/dL,12,17.5,N,Routine,2025-08-01 20:20,2025-08-01 20:28,2025-08-01 22:11
LAB740893,ENC117319,PT11014,NA,Sodium,137,mmol/L,136,145,N,STAT,2025-08-01 20:30,2025-08-01 20:37,2025-08-01 21:28
LAB740894,ENC117319,PT11014,K,Potassium,4.2,mmol/L,3.5,5.1,N,STAT,2025-08-01 20:23,2025-08-01 20:44,2025-08-01 21:31
LAB740895,ENC117319,PT11014,LACT,Lactate,2.4,mmol/L,0.5,2,H,STAT,2025-08-01 19:45,2025-08-01 20:18,2025-08-01 20:58
LAB740896,ENC117323,PT13093,GLU,Glucose,174,mg/dL,70,99,H,STAT,2025-08-02 03:38,2025-08-02 03:58,2025-08-02 04:33
LAB740897,ENC117323,PT13093,CREAT,Creatinine,1.69,mg/dL,0.6,1.3,H,Routine,2025-08-02 03:24,2025-08-02 03:50,2025-08-02 05:59
LAB740898,ENC117323,PT13093,WBC,White Blood Cell Count,6,K/uL,4.5,11,N,Routine,2025-08-02 04:21,2025-08-02 04:33,2025-08-02 06:53
LAB740899,ENC117323,PT13093,HGB,Hemoglobin,12.8,g/dL,12,17.5,N,STAT,2025-08-02 04:21,2025-08-02 04:55,2025-08-02 06:13
LAB740900,ENC117323,PT13093,NA,Sodium,136,mmol/L,136,145,N,STAT,2025-08-02 03:34,2025-08-02 03:54,2025-08-02 04:36
LAB740901,ENC117323,PT13093,K,Potassium,6.2,mmol/L,3.5,5.1,H,STAT,2025-08-02 03:39,2025-08-02 03:54,2025-08-02 04:31
LAB740902,ENC117324,PT11558,GLU,Glucose,99,mg/dL,70,99,N,STAT,2025-08-02 10:09,2025-08-02 10:42,2025-08-02 11:36
LAB740903,ENC117324,PT11558,CREAT,Creatinine,1.04,mg/dL,0.6,1.3,N,STAT,2025-08-02 09:20,2025-08-02 09:55,2025-08-02 10:24
LAB740904,ENC117324,PT11558,WBC,White Blood Cell Count,8.1,K/uL,4.5,11,N,Routine,2025-08-02 09:18,2025-08-02 09:35,2025-08-02 13:40
LAB740905,ENC117324,PT11558,HGB,Hemoglobin,11.1,g/dL,12,17.5,L,STAT,2025-08-02 09:54,2025-08-02 10:29,2025-08-02 10:56
LAB740906,ENC117324,PT11558,NA,Sodium,140,mmol/L,136,145,N,STAT,2025-08-02 09:48,2025-08-02 10:01,2025-08-02 10:32
LAB740907,ENC117324,PT11558,K,Potassium,3.7,mmol/L,3.5,5.1,N,STAT,2025-08-02 09:34,2025-08-02 09:46,2025-08-02 10:41
LAB740908,ENC117324,PT11558,TROP,"Troponin I, High Sensitivity",1630,ng/L,0,34,H,STAT,2025-08-02 09:27,2025-08-02 09:38,2025-08-02 10:21
LAB740909,ENC117326,PT12554,GLU,Glucose,217,mg/dL,70,99,H,Routine,2025-08-02 13:40,2025-08-02 13:59,2025-08-02 18:33
LAB740910,ENC117326,PT12554,CREAT,Creatinine,0.9,mg/dL,0.6,1.3,N,Routine,2025-08-02 13:01,2025-08-02 13:10,2025-08-02 16:41
LAB740911,ENC117326,PT12554,WBC,White Blood Cell Count,7,K/uL,4.5,11,N,Routine,2025-08-02 13:41,2025-08-02 14:00,2025-08-02 15:04
LAB740912,ENC117326,PT12554,HGB,Hemoglobin,14.3,g/dL,12,17.5,N,STAT,2025-08-02 13:41,2025-08-02 14:00,2025-08-02 14:44
LAB740913,ENC117326,PT12554,NA,Sodium,129,mmol/L,136,145,L,Routine,2025-08-02 13:57,2025-08-02 14:13,2025-08-02 16:08
LAB740914,ENC117326,PT12554,K,Potassium,4.6,mmol/L,3.5,5.1,N,STAT,2025-08-02 13:43,2025-08-02 13:58,2025-08-02 14:51
LAB740915,ENC117327,PT13762,GLU,Glucose,105,mg/dL,70,99,H,Routine,2025-08-02 15:05,2025-08-02 15:16,2025-08-02 17:51
LAB740916,ENC117327,PT13762,CREAT,Creatinine,0.82,mg/dL,0.6,1.3,N,STAT,2025-08-02 15:00,2025-08-02 15:26,2025-08-02 16:17
LAB740917,ENC117327,PT13762,WBC,White Blood Cell Count,9.8,K/uL,4.5,11,N,Routine,2025-08-02 14:26,2025-08-02 14:35,2025-08-02 16:45
LAB740918,ENC117327,PT13762,HGB,Hemoglobin,12.7,g/dL,12,17.5,N,Routine,2025-08-02 15:12,2025-08-02 15:40,2025-08-02 19:31
LAB740919,ENC117330,PT11073,GLU,Glucose,135,mg/dL,70,99,H,STAT,2025-08-02 20:52,2025-08-02 21:10,2025-08-02 22:08
LAB740920,ENC117330,PT11073,CREAT,Creatinine,0.91,mg/dL,0.6,1.3,N,Routine,2025-08-02 20:40,2025-08-02 20:56,2025-08-03 01:22
LAB740921,ENC117330,PT11073,WBC,White Blood Cell Count,6,K/uL,4.5,11,N,STAT,2025-08-02 20:40,2025-08-02 20:52,2025-08-02 21:27
LAB740922,ENC117330,PT11073,HGB,Hemoglobin,15.9,g/dL,12,17.5,N,STAT,2025-08-02 20:50,2025-08-02 21:10,2025-08-02 22:13
LAB740923,ENC117330,PT11073,BUN,Blood Urea Nitrogen,22,mg/dL,7,20,H,STAT,2025-08-02 20:07,2025-08-02 20:24,2025-08-02 21:17
LAB740924,ENC117330,PT11073,PLT,Platelet Count,298,K/uL,150,400,N,Routine,2025-08-02 19:55,2025-08-02 20:30,2025-08-02 21:40
LAB740925,ENC117330,PT11073,INR,Prothrombin Time INR,1,ratio,0.8,1.2,N,STAT,2025-08-02 20:16,2025-08-02 20:34,2025-08-02 21:24
LAB740926,ENC117333,PT12484,GLU,Glucose,122,mg/dL,70,99,H,STAT,2025-08-03 02:45,2025-08-03 03:19,2025-08-03 04:20
LAB740927,ENC117333,PT12484,CREAT,Creatinine,0.95,mg/dL,0.6,1.3,N,Routine,2025-08-03 02:43,2025-08-03 02:55,2025-08-03 05:04
LAB740928,ENC117333,PT12484,WBC,White Blood Cell Count,6.9,K/uL,4.5,11,N,STAT,2025-08-03 03:01,2025-08-03 03:08,2025-08-03 04:32
LAB740929,ENC117333,PT12484,HGB,Hemoglobin,14.6,g/dL,12,17.5,N,STAT,2025-08-03 02:25,2025-08-03 02:53,2025-08-03 03:28
LAB740930,ENC117333,PT12484,NA,Sodium,141,mmol/L,136,145,N,STAT,2025-08-03 02:35,2025-08-03 02:39,2025-08-03 03:43
LAB740931,ENC117333,PT12484,K,Potassium,4.5,mmol/L,3.5,5.1,N,STAT,2025-08-03 02:03,2025-08-03 02:33,2025-08-03 03:16
LAB740932,ENC117334,PT13681,GLU,Glucose,78,mg/dL,70,99,N,STAT,2025-08-03 05:17,2025-08-03 05:42,2025-08-03 06:30
LAB740933,ENC117334,PT13681,CREAT,Creatinine,1.24,mg/dL,0.6,1.3,N,Routine,2025-08-03 05:23,2025-08-03 05:43,2025-08-03 08:38
LAB740934,ENC117334,PT13681,WBC,White Blood Cell Count,9.1,K/uL,4.5,11,N,STAT,2025-08-03 05:12,2025-08-03 05:24,2025-08-03 06:19
LAB740935,ENC117334,PT13681,HGB,Hemoglobin,14.1,g/dL,12,17.5,N,STAT,2025-08-03 05:58,2025-08-03 06:27,2025-08-03 07:18
LAB740936,ENC117334,PT13681,NA,Sodium,145,mmol/L,136,145,N,Routine,2025-08-03 05:41,2025-08-03 06:14,2025-08-03 08:46
LAB740937,ENC117334,PT13681,K,Potassium,4.1,mmol/L,3.5,5.1,N,STAT,2025-08-03 05:37,2025-08-03 05:47,2025-08-03 06:35
LAB740938,ENC117335,PT11534,GLU,Glucose,76,mg/dL,70,99,N,Routine,2025-08-03 09:59,2025-08-03 10:13,2025-08-03 12:19
LAB740939,ENC117335,PT11534,CREAT,Creatinine,1.24,mg/dL,0.6,1.3,N,STAT,2025-08-03 09:27,2025-08-03 09:35,2025-08-03 10:38
LAB740940,ENC117335,PT11534,WBC,White Blood Cell Count,6.7,K/uL,4.5,11,N,STAT,2025-08-03 09:27,2025-08-03 09:45,2025-08-03 10:23
LAB740941,ENC117335,PT11534,HGB,Hemoglobin,14.5,g/dL,12,17.5,N,Routine,2025-08-03 09:53,2025-08-03 10:20,2025-08-03 11:29
LAB740942,ENC117335,PT11534,NA,Sodium,145,mmol/L,136,145,N,STAT,2025-08-03 10:30,2025-08-03 10:44,2025-08-03 11:09
LAB740943,ENC117335,PT11534,K,Potassium,4.2,mmol/L,3.5,5.1,N,STAT,2025-08-03 09:58,2025-08-03 10:21,2025-08-03 11:38
LAB740944,ENC117335,PT11534,TROP,"Troponin I, High Sensitivity",6,ng/L,0,34,N,STAT,2025-08-03 09:45,2025-08-03 09:51,2025-08-03 10:28
LAB740945,ENC117337,PT11611,GLU,Glucose,114,mg/dL,70,99,H,STAT,2025-08-03 11:28,2025-08-03 11:39,2025-08-03 13:11
LAB740946,ENC117337,PT11611,CREAT,Creatinine,0.96,mg/dL,0.6,1.3,N,STAT,2025-08-03 11:21,2025-08-03 11:30,2025-08-03 12:03
LAB740947,ENC117337,PT11611,WBC,White Blood Cell Count,12,K/uL,4.5,11,H,Routine,2025-08-03 11:26,2025-08-03 11:44,2025-08-03 13:37
LAB740948,ENC117337,PT11611,HGB,Hemoglobin,12.7,g/dL,12,17.5,N,STAT,2025-08-03 11:43,2025-08-03 11:48,2025-08-03 12:27
LAB740949,ENC117337,PT11611,NA,Sodium,142,mmol/L,136,145,N,STAT,2025-08-03 12:00,2025-08-03 12:08,2025-08-03 13:28
LAB740950,ENC117337,PT11611,K,Potassium,4.4,mmol/L,3.5,5.1,N,STAT,2025-08-03 11:15,2025-08-03 11:39,2025-08-03 12:25
LAB740951,ENC117342,PT13017,GLU,Glucose,97,mg/dL,70,99,N,STAT,2025-08-03 14:44,2025-08-03 15:03,2025-08-03 16:11
LAB740952,ENC117342,PT13017,CREAT,Creatinine,1.25,mg/dL,0.6,1.3,N,STAT,2025-08-03 14:43,2025-08-03 15:06,2025-08-03 16:03
LAB740953,ENC117342,PT13017,WBC,White Blood Cell Count,9.8,K/uL,4.5,11,N,STAT,2025-08-03 15:17,2025-08-03 15:50,2025-08-03 16:26
LAB740954,ENC117343,PT13605,GLU,Glucose,78,mg/dL,70,99,N,Routine,2025-08-03 19:28,2025-08-03 19:41,2025-08-03 21:49
LAB740955,ENC117343,PT13605,CREAT,Creatinine,1.07,mg/dL,0.6,1.3,N,STAT,2025-08-03 19:23,2025-08-03 19:53,2025-08-03 20:50
LAB740956,ENC117343,PT13605,WBC,White Blood Cell Count,4.9,K/uL,4.5,11,N,STAT,2025-08-03 19:33,2025-08-03 19:49,2025-08-03 20:47
LAB740957,ENC117343,PT13605,HGB,Hemoglobin,15.2,g/dL,12,17.5,N,STAT,2025-08-03 19:04,2025-08-03 19:09,2025-08-03 19:47
LAB740958,ENC117343,PT13605,NA,Sodium,138,mmol/L,136,145,N,Routine,2025-08-03 18:52,2025-08-03 19:03,2025-08-03 23:54
LAB740959,ENC117343,PT13605,K,Potassium,4.7,mmol/L,3.5,5.1,N,STAT,2025-08-03 19:46,2025-08-03 20:16,2025-08-03 21:07
LAB740960,ENC117344,PT11902,GLU,Glucose,119,mg/dL,70,99,H,STAT,2025-08-03 16:52,2025-08-03 17:24,2025-08-03 18:45
LAB740961,ENC117344,PT11902,CREAT,Creatinine,2.48,mg/dL,0.6,1.3,H,Routine,2025-08-03 16:58,2025-08-03 17:26,2025-08-03 18:46
LAB740962,ENC117344,PT11902,WBC,White Blood Cell Count,7.8,K/uL,4.5,11,N,Routine,2025-08-03 16:51,2025-08-03 17:07,2025-08-03 19:36
LAB740963,ENC117345,PT11853,GLU,Glucose,100,mg/dL,70,99,H,STAT,2025-08-03 18:07,2025-08-03 18:28,2025-08-03 19:09
LAB740964,ENC117345,PT11853,CREAT,Creatinine,0.88,mg/dL,0.6,1.3,N,STAT,2025-08-03 17:25,2025-08-03 17:33,2025-08-03 18:24
LAB740965,ENC117345,PT11853,WBC,White Blood Cell Count,4.2,K/uL,4.5,11,L,Routine,2025-08-03 18:12,2025-08-03 18:46,2025-08-03 21:36
LAB740966,ENC117345,PT11853,HGB,Hemoglobin,13.2,g/dL,12,17.5,N,Routine,2025-08-03 17:36,2025-08-03 17:56,2025-08-03 19:40
LAB740967,ENC117346,PT13407,GLU,Glucose,107,mg/dL,70,99,H,Routine,2025-08-03 20:20,2025-08-03 20:27,2025-08-03 21:45
LAB740968,ENC117346,PT13407,CREAT,Creatinine,1.99,mg/dL,0.6,1.3,H,STAT,2025-08-03 21:14,2025-08-03 21:27,2025-08-03 22:27
LAB740969,ENC117346,PT13407,WBC,White Blood Cell Count,6.4,K/uL,4.5,11,N,STAT,2025-08-03 20:33,2025-08-03 20:38,2025-08-03 21:35
LAB740970,ENC117346,PT13407,HGB,Hemoglobin,12.2,g/dL,12,17.5,N,Routine,2025-08-03 20:43,2025-08-03 21:04,2025-08-03 22:22
LAB740971,ENC117346,PT13407,NA,Sodium,138,mmol/L,136,145,N,STAT,2025-08-03 21:16,2025-08-03 21:51,2025-08-03 22:21
LAB740972,ENC117346,PT13407,K,Potassium,4.2,mmol/L,3.5,5.1,N,STAT,2025-08-03 20:54,2025-08-03 21:12,2025-08-03 22:47
LAB740973,ENC117347,PT11541,GLU,Glucose,129,mg/dL,70,99,H,STAT,2025-08-03 18:36,2025-08-03 18:44,2025-08-03 19:50
LAB740974,ENC117347,PT11541,CREAT,Creatinine,0.83,mg/dL,0.6,1.3,N,Routine,2025-08-03 17:53,2025-08-03 18:15,2025-08-03 20:22
LAB740975,ENC117347,PT11541,WBC,White Blood Cell Count,9.9,K/uL,4.5,11,N,STAT,2025-08-03 18:42,2025-08-03 18:51,2025-08-03 19:22
LAB740976,ENC117347,PT11541,HGB,Hemoglobin,12.1,g/dL,12,17.5,N,STAT,2025-08-03 18:06,2025-08-03 18:35,2025-08-03 18:49
LAB740977,ENC117347,PT11541,TROP,"Troponin I, High Sensitivity",354,ng/L,0,34,H,STAT,2025-08-03 18:23,2025-08-03 18:46,2025-08-03 19:35
LAB740978,ENC117348,PT13637,GLU,Glucose,131,mg/dL,70,99,H,STAT,2025-08-03 19:35,2025-08-03 20:07,2025-08-03 20:47
LAB740979,ENC117348,PT13637,CREAT,Creatinine,0.8,mg/dL,0.6,1.3,N,STAT,2025-08-03 18:27,2025-08-03 18:55,2025-08-03 19:58
LAB740980,ENC117348,PT13637,WBC,White Blood Cell Count,8.3,K/uL,4.5,11,N,STAT,2025-08-03 19:31,2025-08-03 20:01,2025-08-03 21:03
LAB740981,ENC117348,PT13637,HGB,Hemoglobin,11.4,g/dL,12,17.5,L,Routine,2025-08-03 19:36,2025-08-03 19:41,2025-08-03 22:38
LAB740982,ENC117349,PT11275,GLU,Glucose,135,mg/dL,70,99,H,STAT,2025-08-03 19:47,2025-08-03 20:16,2025-08-03 21:09
LAB740983,ENC117349,PT11275,CREAT,Creatinine,1.13,mg/dL,0.6,1.3,N,Routine,2025-08-03 18:52,2025-08-03 19:18,2025-08-03 20:39
LAB740984,ENC117349,PT11275,WBC,White Blood Cell Count,5.4,K/uL,4.5,11,N,STAT,2025-08-03 18:41,2025-08-03 18:49,2025-08-03 19:43
LAB740985,ENC117350,PT13965,GLU,Glucose,105,mg/dL,70,99,H,STAT,2025-08-03 22:39,2025-08-03 22:44,2025-08-03 23:28
LAB740986,ENC117350,PT13965,CREAT,Creatinine,0.71,mg/dL,0.6,1.3,N,STAT,2025-08-03 22:30,2025-08-03 22:56,2025-08-04 00:13
LAB740987,ENC117350,PT13965,WBC,White Blood Cell Count,7.6,K/uL,4.5,11,N,STAT,2025-08-03 22:56,2025-08-03 23:11,2025-08-03 23:56
LAB740988,ENC117350,PT13965,HGB,Hemoglobin,12.7,g/dL,12,17.5,N,STAT,2025-08-03 22:41,2025-08-03 23:00,2025-08-03 23:47
LAB740989,ENC117350,PT13965,TROP,"Troponin I, High Sensitivity",359,ng/L,0,34,H,STAT,2025-08-03 22:51,2025-08-03 23:14,2025-08-03 23:50
LAB740990,ENC117351,PT10750,GLU,Glucose,79,mg/dL,70,99,N,Routine,2025-08-03 19:31,2025-08-03 19:38,2025-08-04 00:01
LAB740991,ENC117351,PT10750,CREAT,Creatinine,2.9,mg/dL,0.6,1.3,H,STAT,2025-08-03 20:08,2025-08-03 20:19,2025-08-03 21:12
LAB740992,ENC117351,PT10750,WBC,White Blood Cell Count,6.5,K/uL,4.5,11,N,STAT,2025-08-03 20:16,2025-08-03 20:40,2025-08-03 21:26
LAB740993,ENC117351,PT10750,HGB,Hemoglobin,10.9,g/dL,12,17.5,L,STAT,2025-08-03 19:33,2025-08-03 19:39,2025-08-03 21:03
LAB740994,ENC117351,PT10750,NA,Sodium,135,mmol/L,136,145,L,STAT,2025-08-03 19:25,2025-08-03 19:39,2025-08-03 20:43
LAB740995,ENC117351,PT10750,K,Potassium,3.9,mmol/L,3.5,5.1,N,STAT,2025-08-03 19:43,2025-08-03 20:11,2025-08-03 21:19
LAB740996,ENC117351,PT10750,BUN,Blood Urea Nitrogen,15,mg/dL,7,20,N,STAT,2025-08-03 20:17,2025-08-03 20:33,2025-08-03 21:37
LAB740997,ENC117351,PT10750,PLT,Platelet Count,188,K/uL,150,400,N,STAT,2025-08-03 20:02,2025-08-03 20:35,2025-08-03 21:18
LAB740998,ENC117352,PT13741,GLU,Glucose,85,mg/dL,70,99,N,Routine,2025-08-04 01:02,2025-08-04 01:36,2025-08-04 09:17
LAB740999,ENC117352,PT13741,CREAT,Creatinine,0.82,mg/dL,0.6,1.3,N,STAT,2025-08-04 00:03,2025-08-04 00:34,2025-08-04 01:13
LAB741000,ENC117352,PT13741,WBC,White Blood Cell Count,5.4,K/uL,4.5,11,N,STAT,2025-08-04 00:45,2025-08-04 01:15,2025-08-04 02:22
LAB741001,ENC117352,PT13741,HGB,Hemoglobin,14.9,g/dL,12,17.5,N,STAT,2025-08-04 00:11,2025-08-04 00:46,2025-08-04 01:42
LAB741002,ENC117352,PT13741,NA,Sodium,140,mmol/L,136,145,N,Routine,2025-08-04 00:57,2025-08-04 01:13,2025-08-04 04:12
LAB741003,ENC117352,PT13741,K,Potassium,4.6,mmol/L,3.5,5.1,N,STAT,2025-08-04 00:20,2025-08-04 00:40,2025-08-04 01:05
LAB741004,ENC117353,PT12057,GLU,Glucose,96,mg/dL,70,99,N,STAT,2025-08-04 03:24,2025-08-04 03:30,2025-08-04 04:53
LAB741005,ENC117353,PT12057,CREAT,Creatinine,1.71,mg/dL,0.6,1.3,H,STAT,2025-08-04 02:45,2025-08-04 02:50,2025-08-04 03:35
LAB741006,ENC117353,PT12057,WBC,White Blood Cell Count,9.7,K/uL,4.5,11,N,STAT,2025-08-04 03:42,2025-08-04 04:13,2025-08-04 05:33
LAB741007,ENC117353,PT12057,HGB,Hemoglobin,9.2,g/dL,12,17.5,L,Routine,2025-08-04 03:35,2025-08-04 04:01,2025-08-04 07:00
LAB741008,ENC117353,PT12057,NA,Sodium,139,mmol/L,136,145,N,STAT,2025-08-04 03:35,2025-08-04 03:46,2025-08-04 04:31
LAB741009,ENC117353,PT12057,K,Potassium,4.1,mmol/L,3.5,5.1,N,STAT,2025-08-04 02:41,2025-08-04 03:07,2025-08-04 03:35
LAB741010,ENC117355,PT11790,GLU,Glucose,76,mg/dL,70,99,N,STAT,2025-08-04 09:34,2025-08-04 09:50,2025-08-04 10:11
LAB741011,ENC117355,PT11790,CREAT,Creatinine,0.96,mg/dL,0.6,1.3,N,STAT,2025-08-04 09:05,2025-08-04 09:17,2025-08-04 09:52
LAB741012,ENC117355,PT11790,WBC,White Blood Cell Count,4.9,K/uL,4.5,11,N,Routine,2025-08-04 08:58,2025-08-04 09:21,2025-08-04 13:12
LAB741013,ENC117355,PT11790,HGB,Hemoglobin,12.5,g/dL,12,17.5,N,STAT,2025-08-04 09:42,2025-08-04 09:49,2025-08-04 10:23
LAB741014,ENC117356,PT11202,LDL,LDL Cholesterol,193,mg/dL,0,99,H,Routine,2025-08-04 10:13,2025-08-04 10:25,2025-08-05 03:29
LAB741015,ENC117356,PT11202,A1C,Hemoglobin A1c,5.2,%,4,5.6,N,Routine,2025-08-04 10:14,2025-08-04 10:36,2025-08-04 20:39
LAB741016,ENC117359,PT12237,WBC,White Blood Cell Count,6.8,K/uL,4.5,11,N,Routine,2025-08-04 11:53,2025-08-04 12:03,2025-08-04 14:00
LAB741017,ENC117359,PT12237,HGB,Hemoglobin,10.1,g/dL,12,17.5,L,Routine,2025-08-04 12:05,2025-08-04 12:25,2025-08-04 16:23
LAB741018,ENC117359,PT12237,PLT,Platelet Count,289,K/uL,150,400,N,Routine,2025-08-04 12:08,2025-08-04 12:27,2025-08-04 16:36
LAB741019,ENC117361,PT10727,GLU,Glucose,103,mg/dL,70,99,H,Routine,2025-08-04 18:11,2025-08-04 18:17,2025-08-04 20:45
LAB741020,ENC117361,PT10727,CREAT,Creatinine,1.03,mg/dL,0.6,1.3,N,Routine,2025-08-04 17:52,2025-08-04 18:08,2025-08-04 20:13
LAB741021,ENC117361,PT10727,WBC,White Blood Cell Count,7.6,K/uL,4.5,11,N,STAT,2025-08-04 18:14,2025-08-04 18:21,2025-08-04 18:47
LAB741022,ENC117361,PT10727,HGB,Hemoglobin,13.1,g/dL,12,17.5,N,STAT,2025-08-04 18:15,2025-08-04 18:27,2025-08-04 19:13
LAB741023,ENC117361,PT10727,TROP,"Troponin I, High Sensitivity",7056,ng/L,0,34,H,STAT,2025-08-04 17:44,2025-08-04 18:00,2025-08-04 18:43
LAB741024,ENC117366,PT10735,GLU,Glucose,87,mg/dL,70,99,N,Routine,2025-08-04 14:58,2025-08-04 15:18,2025-08-04 18:28
LAB741025,ENC117366,PT10735,CREAT,Creatinine,0.97,mg/dL,0.6,1.3,N,STAT,2025-08-04 14:38,2025-08-04 14:43,2025-08-04 15:34
LAB741026,ENC117366,PT10735,WBC,White Blood Cell Count,8.9,K/uL,4.5,11,N,Routine,2025-08-04 15:05,2025-08-04 15:25,2025-08-04 16:44
LAB741027,ENC117366,PT10735,HGB,Hemoglobin,14.5,g/dL,12,17.5,N,Routine,2025-08-04 14:57,2025-08-04 15:04,2025-08-04 18:22
LAB741028,ENC117367,PT12335,GLU,Glucose,146,mg/dL,70,99,H,STAT,2025-08-04 14:31,2025-08-04 14:55,2025-08-04 16:40
LAB741029,ENC117367,PT12335,CREAT,Creatinine,0.83,mg/dL,0.6,1.3,N,STAT,2025-08-04 14:50,2025-08-04 15:07,2025-08-04 16:21
LAB741030,ENC117367,PT12335,WBC,White Blood Cell Count,7.3,K/uL,4.5,11,N,STAT,2025-08-04 14:37,2025-08-04 14:42,2025-08-04 15:11
LAB741031,ENC117367,PT12335,HGB,Hemoglobin,15.3,g/dL,12,17.5,N,STAT,2025-08-04 14:48,2025-08-04 15:02,2025-08-04 15:56
LAB741032,ENC117367,PT12335,NA,Sodium,140,mmol/L,136,145,N,Routine,2025-08-04 14:30,2025-08-04 14:55,2025-08-04 17:16
LAB741033,ENC117367,PT12335,K,Potassium,4,mmol/L,3.5,5.1,N,STAT,2025-08-04 14:49,2025-08-04 15:15,2025-08-04 15:56
LAB741034,ENC117369,PT13103,GLU,Glucose,114,mg/dL,70,99,H,STAT,2025-08-04 15:24,2025-08-04 15:41,2025-08-04 16:45
LAB741035,ENC117369,PT13103,CREAT,Creatinine,1.04,mg/dL,0.6,1.3,N,STAT,2025-08-04 15:25,2025-08-04 15:43,2025-08-04 16:37
LAB741036,ENC117369,PT13103,WBC,White Blood Cell Count,3.9,K/uL,4.5,11,L,STAT,2025-08-04 15:55,2025-08-04 16:18,2025-08-04 17:01
LAB741037,ENC117369,PT13103,HGB,Hemoglobin,12.1,g/dL,12,17.5,N,STAT,2025-08-04 15:16,2025-08-04 15:29,2025-08-04 15:56
LAB741038,ENC117371,PT11769,GLU,Glucose,116,mg/dL,70,99,H,STAT,2025-08-04 20:00,2025-08-04 20:27,2025-08-04 21:09
LAB741039,ENC117371,PT11769,CREAT,Creatinine,1.09,mg/dL,0.6,1.3,N,Routine,2025-08-04 20:22,2025-08-04 20:36,2025-08-04 22:50
LAB741040,ENC117371,PT11769,WBC,White Blood Cell Count,8.1,K/uL,4.5,11,N,Routine,2025-08-04 20:27,2025-08-04 20:50,2025-08-04 22:05
LAB741041,ENC117371,PT11769,HGB,Hemoglobin,13.7,g/dL,12,17.5,N,STAT,2025-08-04 20:15,2025-08-04 20:35,2025-08-04 21:05
LAB741042,ENC117374,PT11181,LDL,LDL Cholesterol,86,mg/dL,0,99,N,Routine,2025-08-04 16:59,2025-08-04 17:23,2025-08-05 11:40
LAB741043,ENC117375,PT11087,GLU,Glucose,114,mg/dL,70,99,H,Routine,2025-08-04 22:01,2025-08-04 22:08,2025-08-04 23:24
LAB741044,ENC117375,PT11087,CREAT,Creatinine,1.16,mg/dL,0.6,1.3,N,Routine,2025-08-04 21:16,2025-08-04 21:32,2025-08-04 23:59
LAB741045,ENC117375,PT11087,WBC,White Blood Cell Count,11.3,K/uL,4.5,11,H,STAT,2025-08-04 22:15,2025-08-04 22:34,2025-08-04 23:01
LAB741046,ENC117375,PT11087,HGB,Hemoglobin,15.6,g/dL,12,17.5,N,STAT,2025-08-04 21:58,2025-08-04 22:11,2025-08-04 23:48
LAB741047,ENC117376,PT12835,GLU,Glucose,68,mg/dL,70,99,L,Routine,2025-08-04 18:10,2025-08-04 18:40,2025-08-04 23:59
LAB741048,ENC117376,PT12835,CREAT,Creatinine,1,mg/dL,0.6,1.3,N,STAT,2025-08-04 18:23,2025-08-04 18:34,2025-08-04 19:26
LAB741049,ENC117376,PT12835,TROP,"Troponin I, High Sensitivity",67,ng/L,0,34,H,STAT,2025-08-04 18:10,2025-08-04 18:37,2025-08-04 19:54
LAB741050,ENC117376,PT12835,BNP,B-Type Natriuretic Peptide,3532,pg/mL,0,100,H,STAT,2025-08-04 17:35,2025-08-04 17:48,2025-08-04 18:58
LAB741051,ENC117378,PT13609,GLU,Glucose,241,mg/dL,70,99,H,STAT,2025-08-04 23:25,2025-08-04 23:32,2025-08-05 00:22
LAB741052,ENC117378,PT13609,CREAT,Creatinine,3.36,mg/dL,0.6,1.3,H,STAT,2025-08-04 23:02,2025-08-04 23:29,2025-08-05 00:08
LAB741053,ENC117378,PT13609,WBC,White Blood Cell Count,6.7,K/uL,4.5,11,N,STAT,2025-08-04 23:12,2025-08-04 23:31,2025-08-04 23:56
LAB741054,ENC117378,PT13609,HGB,Hemoglobin,14.7,g/dL,12,17.5,N,STAT,2025-08-04 22:46,2025-08-04 23:06,2025-08-04 23:35
LAB741055,ENC117378,PT13609,NA,Sodium,140,mmol/L,136,145,N,Routine,2025-08-04 23:16,2025-08-04 23:44,2025-08-05 01:06
LAB741056,ENC117378,PT13609,K,Potassium,5.5,mmol/L,3.5,5.1,H,STAT,2025-08-04 22:47,2025-08-04 22:59,2025-08-04 23:13
LAB741057,ENC117381,PT11436,GLU,Glucose,222,mg/dL,70,99,H,STAT,2025-08-05 02:12,2025-08-05 02:22,2025-08-05 03:42
LAB741058,ENC117381,PT11436,CREAT,Creatinine,1.07,mg/dL,0.6,1.3,N,Routine,2025-08-05 01:47,2025-08-05 01:57,2025-08-05 03:15
LAB741059,ENC117381,PT11436,WBC,White Blood Cell Count,22.7,K/uL,4.5,11,H,STAT,2025-08-05 01:34,2025-08-05 02:04,2025-08-05 02:27
LAB741060,ENC117381,PT11436,HGB,Hemoglobin,12,g/dL,12,17.5,N,STAT,2025-08-05 01:48,2025-08-05 01:54,2025-08-05 02:39
LAB741061,ENC117382,PT12179,GLU,Glucose,123,mg/dL,70,99,H,Routine,2025-08-05 06:05,2025-08-05 06:12,2025-08-05 09:42
LAB741062,ENC117382,PT12179,CREAT,Creatinine,1.14,mg/dL,0.6,1.3,N,STAT,2025-08-05 05:55,2025-08-05 06:23,2025-08-05 06:58
LAB741063,ENC117382,PT12179,WBC,White Blood Cell Count,5.2,K/uL,4.5,11,N,STAT,2025-08-05 06:55,2025-08-05 07:00,2025-08-05 08:15
LAB741064,ENC117382,PT12179,HGB,Hemoglobin,14.3,g/dL,12,17.5,N,STAT,2025-08-05 06:36,2025-08-05 07:11,2025-08-05 07:29
LAB741065,ENC117383,PT12205,GLU,Glucose,89,mg/dL,70,99,N,STAT,2025-08-05 06:50,2025-08-05 07:06,2025-08-05 07:57
LAB741066,ENC117383,PT12205,CREAT,Creatinine,0.68,mg/dL,0.6,1.3,N,Routine,2025-08-05 06:50,2025-08-05 07:00,2025-08-05 09:07
LAB741067,ENC117383,PT12205,WBC,White Blood Cell Count,5.8,K/uL,4.5,11,N,STAT,2025-08-05 06:19,2025-08-05 06:48,2025-08-05 07:42
LAB741068,ENC117383,PT12205,HGB,Hemoglobin,14.8,g/dL,12,17.5,N,STAT,2025-08-05 06:23,2025-08-05 06:35,2025-08-05 07:25
LAB741069,ENC117384,PT13903,LDL,LDL Cholesterol,93,mg/dL,0,99,N,Routine,2025-08-05 08:45,2025-08-05 09:10,2025-08-06 03:33
LAB741070,ENC117384,PT13903,A1C,Hemoglobin A1c,9.1,%,4,5.6,H,Routine,2025-08-05 08:27,2025-08-05 08:42,2025-08-05 19:53
LAB741071,ENC117385,PT12647,LDL,LDL Cholesterol,153,mg/dL,0,99,H,Routine,2025-08-05 08:51,2025-08-05 09:19,2025-08-05 18:10
LAB741072,ENC117385,PT12647,A1C,Hemoglobin A1c,9.5,%,4,5.6,H,Routine,2025-08-05 08:41,2025-08-05 08:49,2025-08-05 21:13
LAB741073,ENC117388,PT11201,GLU,Glucose,172,mg/dL,70,99,H,Routine,2025-08-05 11:16,2025-08-05 11:42,2025-08-05 15:58
LAB741074,ENC117388,PT11201,CREAT,Creatinine,0.88,mg/dL,0.6,1.3,N,Routine,2025-08-05 10:59,2025-08-05 11:12,2025-08-05 18:43
LAB741075,ENC117388,PT11201,WBC,White Blood Cell Count,6.8,K/uL,4.5,11,N,STAT,2025-08-05 11:16,2025-08-05 11:44,2025-08-05 12:27
LAB741076,ENC117388,PT11201,A1C,Hemoglobin A1c,11.6,%,4,5.6,H,Routine,2025-08-05 10:56,2025-08-05 11:23,2025-08-05 21:24
LAB741077,ENC117389,PT12007,GLU,Glucose,186,mg/dL,70,99,H,STAT,2025-08-05 13:35,2025-08-05 13:42,2025-08-05 14:20
LAB741078,ENC117389,PT12007,CREAT,Creatinine,0.92,mg/dL,0.6,1.3,N,Routine,2025-08-05 13:12,2025-08-05 13:38,2025-08-05 16:29
LAB741079,ENC117389,PT12007,WBC,White Blood Cell Count,15,K/uL,4.5,11,H,STAT,2025-08-05 13:42,2025-08-05 14:09,2025-08-05 14:59
LAB741080,ENC117389,PT12007,HGB,Hemoglobin,14,g/dL,12,17.5,N,STAT,2025-08-05 13:07,2025-08-05 13:19,2025-08-05 13:46
LAB741081,ENC117389,PT12007,NA,Sodium,138,mmol/L,136,145,N,STAT,2025-08-05 13:35,2025-08-05 14:05,2025-08-05 15:04
LAB741082,ENC117389,PT12007,K,Potassium,3.9,mmol/L,3.5,5.1,N,STAT,2025-08-05 13:29,2025-08-05 13:55,2025-08-05 14:29
LAB741083,ENC117390,PT11840,GLU,Glucose,98,mg/dL,70,99,N,Routine,2025-08-05 13:38,2025-08-05 14:13,2025-08-05 16:04
LAB741084,ENC117390,PT11840,CREAT,Creatinine,0.93,mg/dL,0.6,1.3,N,Routine,2025-08-05 13:32,2025-08-05 13:47,2025-08-05 15:13
LAB741085,ENC117390,PT11840,WBC,White Blood Cell Count,8.2,K/uL,4.5,11,N,STAT,2025-08-05 13:20,2025-08-05 13:31,2025-08-05 13:59
LAB741086,ENC117390,PT11840,HGB,Hemoglobin,8.6,g/dL,12,17.5,L,Routine,2025-08-05 13:13,2025-08-05 13:17,2025-08-05 16:20
LAB741087,ENC117390,PT11840,NA,Sodium,141,mmol/L,136,145,N,STAT,2025-08-05 13:51,2025-08-05 14:21,2025-08-05 14:58
LAB741088,ENC117390,PT11840,K,Potassium,4.9,mmol/L,3.5,5.1,N,STAT,2025-08-05 13:27,2025-08-05 13:40,2025-08-05 14:05
LAB741089,ENC117390,PT11840,BUN,Blood Urea Nitrogen,18,mg/dL,7,20,N,STAT,2025-08-05 14:09,2025-08-05 14:25,2025-08-05 15:08
LAB741090,ENC117390,PT11840,PLT,Platelet Count,265,K/uL,150,400,N,Routine,2025-08-05 13:13,2025-08-05 13:36,2025-08-05 15:11
LAB741091,ENC117390,PT11840,INR,Prothrombin Time INR,0.9,ratio,0.8,1.2,N,Routine,2025-08-05 13:09,2025-08-05 13:40,2025-08-05 16:18
LAB741092,ENC117391,PT10132,GLU,Glucose,91,mg/dL,70,99,N,Routine,2025-08-05 14:50,2025-08-05 15:24,2025-08-05 16:58
LAB741093,ENC117391,PT10132,CREAT,Creatinine,0.63,mg/dL,0.6,1.3,N,STAT,2025-08-05 13:53,2025-08-05 14:15,2025-08-05 15:04
LAB741094,ENC117391,PT10132,WBC,White Blood Cell Count,14.1,K/uL,4.5,11,H,STAT,2025-08-05 14:22,2025-08-05 14:32,2025-08-05 15:42
LAB741095,ENC117391,PT10132,HGB,Hemoglobin,15.4,g/dL,12,17.5,N,Routine,2025-08-05 14:32,2025-08-05 14:41,2025-08-05 18:54
LAB741096,ENC117394,PT13900,GLU,Glucose,89,mg/dL,70,99,N,STAT,2025-08-05 14:55,2025-08-05 15:11,2025-08-05 15:50
LAB741097,ENC117394,PT13900,CREAT,Creatinine,1.52,mg/dL,0.6,1.3,H,STAT,2025-08-05 15:03,2025-08-05 15:23,2025-08-05 16:49
LAB741098,ENC117394,PT13900,WBC,White Blood Cell Count,8,K/uL,4.5,11,N,STAT,2025-08-05 14:23,2025-08-05 14:35,2025-08-05 15:33
LAB741099,ENC117394,PT13900,HGB,Hemoglobin,10.2,g/dL,12,17.5,L,STAT,2025-08-05 14:24,2025-08-05 14:42,2025-08-05 15:56
LAB741100,ENC117394,PT13900,TROP,"Troponin I, High Sensitivity",53,ng/L,0,34,H,STAT,2025-08-05 14:26,2025-08-05 14:48,2025-08-05 15:45
LAB741101,ENC117394,PT13900,BNP,B-Type Natriuretic Peptide,1141,pg/mL,0,100,H,STAT,2025-08-05 14:18,2025-08-05 14:44,2025-08-05 15:38
LAB741102,ENC117396,PT11873,GLU,Glucose,72,mg/dL,70,99,N,STAT,2025-08-05 16:18,2025-08-05 16:44,2025-08-05 17:51
LAB741103,ENC117396,PT11873,CREAT,Creatinine,1.04,mg/dL,0.6,1.3,N,Routine,2025-08-05 15:57,2025-08-05 16:21,2025-08-05 19:11
LAB741104,ENC117396,PT11873,WBC,White Blood Cell Count,8.2,K/uL,4.5,11,N,Routine,2025-08-05 16:00,2025-08-05 16:13,2025-08-05 19:34
LAB741105,ENC117396,PT11873,HGB,Hemoglobin,15.2,g/dL,12,17.5,N,STAT,2025-08-05 15:46,2025-08-05 15:54,2025-08-05 16:30
LAB741106,ENC117396,PT11873,NA,Sodium,140,mmol/L,136,145,N,Routine,2025-08-05 16:27,2025-08-05 16:49,2025-08-05 20:22
LAB741107,ENC117396,PT11873,K,Potassium,4.5,mmol/L,3.5,5.1,N,STAT,2025-08-05 16:36,2025-08-05 16:53,2025-08-05 17:18
LAB741108,ENC117397,PT12359,LDL,LDL Cholesterol,133,mg/dL,0,99,H,Routine,2025-08-05 12:37,2025-08-05 12:41,2025-08-06 00:04
LAB741109,ENC117398,PT13323,GLU,Glucose,76,mg/dL,70,99,N,Routine,2025-08-05 13:56,2025-08-05 14:03,2025-08-05 16:41
LAB741110,ENC117398,PT13323,CREAT,Creatinine,0.72,mg/dL,0.6,1.3,N,STAT,2025-08-05 13:57,2025-08-05 14:12,2025-08-05 15:41
LAB741111,ENC117398,PT13323,WBC,White Blood Cell Count,6.7,K/uL,4.5,11,N,STAT,2025-08-05 14:15,2025-08-05 14:36,2025-08-05 15:18
LAB741112,ENC117398,PT13323,HGB,Hemoglobin,13.5,g/dL,12,17.5,N,Routine,2025-08-05 13:26,2025-08-05 13:39,2025-08-05 16:15
LAB741113,ENC117399,PT12576,GLU,Glucose,72,mg/dL,70,99,N,STAT,2025-08-05 13:40,2025-08-05 14:03,2025-08-05 14:23
LAB741114,ENC117399,PT12576,CREAT,Creatinine,1.03,mg/dL,0.6,1.3,N,STAT,2025-08-05 13:47,2025-08-05 13:58,2025-08-05 14:57
LAB741115,ENC117399,PT12576,TROP,"Troponin I, High Sensitivity",2,ng/L,0,34,N,STAT,2025-08-05 14:17,2025-08-05 14:23,2025-08-05 14:47
LAB741116,ENC117401,PT12137,A1C,Hemoglobin A1c,7,%,4,5.6,H,Routine,2025-08-05 14:03,2025-08-05 14:16,2025-08-06 07:10
LAB741117,ENC117401,PT12137,GLU,Glucose,209,mg/dL,70,99,H,Routine,2025-08-05 14:12,2025-08-05 14:37,2025-08-05 16:34
LAB741118,ENC117401,PT12137,CREAT,Creatinine,1.09,mg/dL,0.6,1.3,N,Routine,2025-08-05 14:01,2025-08-05 14:05,2025-08-05 15:49
LAB741119,ENC117402,PT12717,WBC,White Blood Cell Count,10.1,K/uL,4.5,11,N,Routine,2025-08-05 14:13,2025-08-05 14:31,2025-08-05 16:28
LAB741120,ENC117402,PT12717,HGB,Hemoglobin,12.6,g/dL,12,17.5,N,Routine,2025-08-05 13:58,2025-08-05 14:26,2025-08-06 00:48
LAB741121,ENC117402,PT12717,PLT,Platelet Count,220,K/uL,150,400,N,Routine,2025-08-05 13:56,2025-08-05 14:10,2025-08-05 16:16
LAB741122,ENC117403,PT11677,LDL,LDL Cholesterol,153,mg/dL,0,99,H,Routine,2025-08-05 14:10,2025-08-05 14:45,2025-08-06 02:25
LAB741123,ENC117407,PT13008,GLU,Glucose,86,mg/dL,70,99,N,Routine,2025-08-05 15:47,2025-08-05 16:14,2025-08-05 18:21
LAB741124,ENC117407,PT13008,CREAT,Creatinine,1.06,mg/dL,0.6,1.3,N,Routine,2025-08-05 15:01,2025-08-05 15:26,2025-08-05 17:53
LAB741125,ENC117407,PT13008,WBC,White Blood Cell Count,8.9,K/uL,4.5,11,N,STAT,2025-08-05 15:52,2025-08-05 16:18,2025-08-05 17:13
LAB741126,ENC117407,PT13008,INR,Prothrombin Time INR,1,ratio,0.8,1.2,N,Routine,2025-08-05 15:14,2025-08-05 15:42,2025-08-05 21:23
LAB741127,ENC117408,PT12043,GLU,Glucose,128,mg/dL,70,99,H,Routine,2025-08-05 18:50,2025-08-05 19:03,2025-08-05 20:42
LAB741128,ENC117408,PT12043,CREAT,Creatinine,0.73,mg/dL,0.6,1.3,N,STAT,2025-08-05 19:44,2025-08-05 19:58,2025-08-05 20:41
LAB741129,ENC117408,PT12043,WBC,White Blood Cell Count,7.9,K/uL,4.5,11,N,STAT,2025-08-05 18:44,2025-08-05 18:56,2025-08-05 19:37
LAB741130,ENC117408,PT12043,HGB,Hemoglobin,13.7,g/dL,12,17.5,N,STAT,2025-08-05 19:18,2025-08-05 19:38,2025-08-05 20:37
LAB741131,ENC117408,PT12043,NA,Sodium,139,mmol/L,136,145,N,STAT,2025-08-05 19:06,2025-08-05 19:20,2025-08-05 21:03
LAB741132,ENC117408,PT12043,K,Potassium,3.9,mmol/L,3.5,5.1,N,STAT,2025-08-05 18:49,2025-08-05 18:56,2025-08-05 19:49
LAB741133,ENC117411,PT13540,GLU,Glucose,135,mg/dL,70,99,H,Routine,2025-08-05 22:43,2025-08-05 23:16,2025-08-06 03:15
LAB741134,ENC117411,PT13540,CREAT,Creatinine,0.58,mg/dL,0.6,1.3,L,STAT,2025-08-05 22:58,2025-08-05 23:25,2025-08-05 23:49
LAB741135,ENC117411,PT13540,WBC,White Blood Cell Count,5.5,K/uL,4.5,11,N,STAT,2025-08-05 22:57,2025-08-05 23:17,2025-08-05 23:39
LAB741136,ENC117411,PT13540,HGB,Hemoglobin,15.1,g/dL,12,17.5,N,STAT,2025-08-05 22:39,2025-08-05 22:57,2025-08-05 23:38
LAB741137,ENC117412,PT11004,GLU,Glucose,84,mg/dL,70,99,N,Routine,2025-08-06 00:16,2025-08-06 00:37,2025-08-06 02:55
LAB741138,ENC117412,PT11004,CREAT,Creatinine,0.98,mg/dL,0.6,1.3,N,Routine,2025-08-06 00:00,2025-08-06 00:14,2025-08-06 03:42
LAB741139,ENC117412,PT11004,WBC,White Blood Cell Count,4.8,K/uL,4.5,11,N,STAT,2025-08-05 23:28,2025-08-05 23:50,2025-08-06 00:26
LAB741140,ENC117412,PT11004,HGB,Hemoglobin,15.9,g/dL,12,17.5,N,STAT,2025-08-05 23:28,2025-08-05 23:44,2025-08-06 00:25
LAB741141,ENC117415,PT11125,GLU,Glucose,89,mg/dL,70,99,N,STAT,2025-08-06 01:21,2025-08-06 01:26,2025-08-06 02:17
LAB741142,ENC117415,PT11125,CREAT,Creatinine,1.08,mg/dL,0.6,1.3,N,STAT,2025-08-06 01:12,2025-08-06 01:36,2025-08-06 03:25
LAB741143,ENC117415,PT11125,WBC,White Blood Cell Count,12.5,K/uL,4.5,11,H,STAT,2025-08-06 01:28,2025-08-06 01:45,2025-08-06 02:51
LAB741144,ENC117415,PT11125,HGB,Hemoglobin,11,g/dL,12,17.5,L,STAT,2025-08-06 00:57,2025-08-06 01:14,2025-08-06 02:00
LAB741145,ENC117416,PT12272,GLU,Glucose,104,mg/dL,70,99,H,STAT,2025-08-06 06:26,2025-08-06 06:40,2025-08-06 07:14
LAB741146,ENC117416,PT12272,CREAT,Creatinine,0.68,mg/dL,0.6,1.3,N,STAT,2025-08-06 07:12,2025-08-06 07:44,2025-08-06 08:19
LAB741147,ENC117416,PT12272,WBC,White Blood Cell Count,8.6,K/uL,4.5,11,N,Routine,2025-08-06 06:12,2025-08-06 06:25,2025-08-06 08:51
LAB741148,ENC117416,PT12272,HGB,Hemoglobin,14.7,g/dL,12,17.5,N,STAT,2025-08-06 07:02,2025-08-06 07:36,2025-08-06 08:16
LAB741149,ENC117417,PT11777,LDL,LDL Cholesterol,70,mg/dL,0,99,N,Routine,2025-08-06 08:53,2025-08-06 09:07,2025-08-06 19:51
LAB741150,ENC117417,PT11777,TSH,Thyroid Stimulating Hormone,3.16,mIU/L,0.4,4,N,Routine,2025-08-06 09:04,2025-08-06 09:29,2025-08-07 02:06
LAB741151,ENC117418,PT13303,LDL,LDL Cholesterol,80,mg/dL,0,99,N,Routine,2025-08-06 09:54,2025-08-06 10:03,2025-08-06 23:43
LAB741152,ENC117418,PT13303,A1C,Hemoglobin A1c,7.1,%,4,5.6,H,Routine,2025-08-06 09:39,2025-08-06 09:54,2025-08-07 15:24
LAB741153,ENC117421,PT13641,GLU,Glucose,103,mg/dL,70,99,H,STAT,2025-08-06 13:57,2025-08-06 14:10,2025-08-06 15:09
LAB741154,ENC117421,PT13641,CREAT,Creatinine,1.42,mg/dL,0.6,1.3,H,Routine,2025-08-06 14:09,2025-08-06 14:28,2025-08-06 19:40
LAB741155,ENC117421,PT13641,WBC,White Blood Cell Count,7.5,K/uL,4.5,11,N,Routine,2025-08-06 13:35,2025-08-06 13:56,2025-08-06 16:06
LAB741156,ENC117421,PT13641,HGB,Hemoglobin,10.4,g/dL,12,17.5,L,STAT,2025-08-06 14:22,2025-08-06 14:27,2025-08-06 14:52
LAB741157,ENC117421,PT13641,NA,Sodium,138,mmol/L,136,145,N,STAT,2025-08-06 13:46,2025-08-06 13:53,2025-08-06 15:01
LAB741158,ENC117421,PT13641,K,Potassium,4.3,mmol/L,3.5,5.1,N,STAT,2025-08-06 13:45,2025-08-06 14:17,2025-08-06 15:11
LAB741159,ENC117425,PT10997,A1C,Hemoglobin A1c,11,%,4,5.6,H,Routine,2025-08-06 12:09,2025-08-06 12:34,2025-08-06 17:00
LAB741160,ENC117427,PT13490,LDL,LDL Cholesterol,119,mg/dL,0,99,H,Routine,2025-08-06 12:29,2025-08-06 12:37,2025-08-07 15:13
LAB741161,ENC117427,PT13490,A1C,Hemoglobin A1c,5.3,%,4,5.6,N,Routine,2025-08-06 12:27,2025-08-06 12:33,2025-08-07 08:50
LAB741162,ENC117428,PT13979,A1C,Hemoglobin A1c,5.3,%,4,5.6,N,Routine,2025-08-06 13:06,2025-08-06 13:29,2025-08-07 08:21
LAB741163,ENC117429,PT12504,LDL,LDL Cholesterol,140,mg/dL,0,99,H,Routine,2025-08-06 13:38,2025-08-06 13:51,2025-08-06 20:32
LAB741164,ENC117429,PT12504,A1C,Hemoglobin A1c,5.9,%,4,5.6,H,Routine,2025-08-06 13:39,2025-08-06 14:04,2025-08-07 08:58
LAB741165,ENC117429,PT12504,TSH,Thyroid Stimulating Hormone,2.13,mIU/L,0.4,4,N,Routine,2025-08-06 13:20,2025-08-06 13:54,2025-08-07 15:09
LAB741166,ENC117432,PT10170,GLU,Glucose,119,mg/dL,70,99,H,Routine,2025-08-06 17:09,2025-08-06 17:13,2025-08-06 19:16
LAB741167,ENC117432,PT10170,CREAT,Creatinine,0.91,mg/dL,0.6,1.3,N,STAT,2025-08-06 17:21,2025-08-06 17:36,2025-08-06 19:03
LAB741168,ENC117432,PT10170,WBC,White Blood Cell Count,8.3,K/uL,4.5,11,N,Routine,2025-08-06 17:48,2025-08-06 18:20,2025-08-06 21:02
LAB741169,ENC117432,PT10170,HGB,Hemoglobin,13.7,g/dL,12,17.5,N,STAT,2025-08-06 17:44,2025-08-06 18:08,2025-08-06 19:43
LAB741170,ENC117432,PT10170,BUN,Blood Urea Nitrogen,8,mg/dL,7,20,N,STAT,2025-08-06 17:07,2025-08-06 17:14,2025-08-06 17:55
LAB741171,ENC117432,PT10170,PLT,Platelet Count,180,K/uL,150,400,N,STAT,2025-08-06 18:05,2025-08-06 18:10,2025-08-06 18:35
LAB741172,ENC117432,PT10170,TROP,"Troponin I, High Sensitivity",8,ng/L,0,34,N,STAT,2025-08-06 17:02,2025-08-06 17:09,2025-08-06 18:06
LAB741173,ENC117432,PT10170,BNP,B-Type Natriuretic Peptide,852,pg/mL,0,100,H,STAT,2025-08-06 18:09,2025-08-06 18:35,2025-08-06 19:28
LAB741174,ENC117436,PT10680,GLU,Glucose,179,mg/dL,70,99,H,STAT,2025-08-06 18:31,2025-08-06 18:37,2025-08-06 19:27
LAB741175,ENC117436,PT10680,CREAT,Creatinine,0.68,mg/dL,0.6,1.3,N,STAT,2025-08-06 18:56,2025-08-06 19:18,2025-08-06 20:52
LAB741176,ENC117436,PT10680,WBC,White Blood Cell Count,14,K/uL,4.5,11,H,Routine,2025-08-06 18:18,2025-08-06 18:41,2025-08-06 22:37
LAB741177,ENC117436,PT10680,HGB,Hemoglobin,14,g/dL,12,17.5,N,Routine,2025-08-06 18:33,2025-08-06 18:41,2025-08-06 21:40
LAB741178,ENC117436,PT10680,NA,Sodium,138,mmol/L,136,145,N,STAT,2025-08-06 18:33,2025-08-06 18:55,2025-08-06 19:53
LAB741179,ENC117436,PT10680,K,Potassium,3.9,mmol/L,3.5,5.1,N,STAT,2025-08-06 18:47,2025-08-06 18:52,2025-08-06 19:33
LAB741180,ENC117437,PT10594,WBC,White Blood Cell Count,7.4,K/uL,4.5,11,N,Routine,2025-08-06 15:44,2025-08-06 16:10,2025-08-06 17:28
LAB741181,ENC117437,PT10594,HGB,Hemoglobin,12.3,g/dL,12,17.5,N,Routine,2025-08-06 15:41,2025-08-06 16:02,2025-08-06 21:19
LAB741182,ENC117437,PT10594,PLT,Platelet Count,340,K/uL,150,400,N,Routine,2025-08-06 15:33,2025-08-06 15:44,2025-08-06 21:47
LAB741183,ENC117438,PT12203,GLU,Glucose,93,mg/dL,70,99,N,Routine,2025-08-06 19:07,2025-08-06 19:34,2025-08-06 22:29
LAB741184,ENC117438,PT12203,CREAT,Creatinine,1.07,mg/dL,0.6,1.3,N,STAT,2025-08-06 19:41,2025-08-06 20:10,2025-08-06 20:41
LAB741185,ENC117438,PT12203,WBC,White Blood Cell Count,12.3,K/uL,4.5,11,H,STAT,2025-08-06 18:55,2025-08-06 19:07,2025-08-06 20:06
LAB741186,ENC117438,PT12203,HGB,Hemoglobin,9.7,g/dL,12,17.5,L,STAT,2025-08-06 18:43,2025-08-06 18:55,2025-08-06 19:39
LAB741187,ENC117438,PT12203,NA,Sodium,142,mmol/L,136,145,N,STAT,2025-08-06 19:00,2025-08-06 19:05,2025-08-06 19:49
LAB741188,ENC117438,PT12203,K,Potassium,3.8,mmol/L,3.5,5.1,N,STAT,2025-08-06 18:42,2025-08-06 18:50,2025-08-06 19:33
LAB741189,ENC117438,PT12203,BUN,Blood Urea Nitrogen,19,mg/dL,7,20,N,Routine,2025-08-06 19:35,2025-08-06 19:50,2025-08-06 22:58
LAB741190,ENC117438,PT12203,PLT,Platelet Count,247,K/uL,150,400,N,Routine,2025-08-06 19:04,2025-08-06 19:35,2025-08-06 21:09
LAB741191,ENC117439,PT11592,GLU,Glucose,86,mg/dL,70,99,N,STAT,2025-08-06 15:47,2025-08-06 16:16,2025-08-06 16:39
LAB741192,ENC117439,PT11592,CREAT,Creatinine,0.82,mg/dL,0.6,1.3,N,Routine,2025-08-06 16:37,2025-08-06 17:00,2025-08-06 20:08
LAB741193,ENC117439,PT11592,WBC,White Blood Cell Count,7.7,K/uL,4.5,11,N,STAT,2025-08-06 16:04,2025-08-06 16:25,2025-08-06 17:14
LAB741194,ENC117439,PT11592,HGB,Hemoglobin,14.4,g/dL,12,17.5,N,Routine,2025-08-06 16:48,2025-08-06 16:52,2025-08-06 19:39
LAB741195,ENC117440,PT11377,LDL,LDL Cholesterol,113,mg/dL,0,99,H,Routine,2025-08-06 16:34,2025-08-06 16:51,2025-08-07 03:23
LAB741196,ENC117440,PT11377,A1C,Hemoglobin A1c,4.9,%,4,5.6,N,Routine,2025-08-06 16:33,2025-08-06 17:03,2025-08-07 17:49
LAB741197,ENC117440,PT11377,TSH,Thyroid Stimulating Hormone,0.15,mIU/L,0.4,4,L,Routine,2025-08-06 16:45,2025-08-06 16:53,2025-08-07 04:23
LAB741198,ENC117441,PT12332,GLU,Glucose,117,mg/dL,70,99,H,STAT,2025-08-06 18:16,2025-08-06 18:20,2025-08-06 19:29
LAB741199,ENC117441,PT12332,CREAT,Creatinine,1.23,mg/dL,0.6,1.3,N,Routine,2025-08-06 17:21,2025-08-06 17:33,2025-08-06 19:27
LAB741200,ENC117441,PT12332,TROP,"Troponin I, High Sensitivity",5,ng/L,0,34,N,STAT,2025-08-06 17:30,2025-08-06 17:39,2025-08-06 19:06
LAB741201,ENC117443,PT13311,TROP,"Troponin I, High Sensitivity",11,ng/L,0,34,N,STAT,2025-08-06 21:33,2025-08-06 21:48,2025-08-06 22:32
LAB741202,ENC117445,PT11295,GLU,Glucose,120,mg/dL,70,99,H,STAT,2025-08-07 06:09,2025-08-07 06:34,2025-08-07 07:05
LAB741203,ENC117445,PT11295,CREAT,Creatinine,1.08,mg/dL,0.6,1.3,N,Routine,2025-08-07 06:24,2025-08-07 06:52,2025-08-07 08:23
LAB741204,ENC117445,PT11295,WBC,White Blood Cell Count,10.8,K/uL,4.5,11,N,STAT,2025-08-07 06:00,2025-08-07 06:15,2025-08-07 06:43
LAB741205,ENC117445,PT11295,HGB,Hemoglobin,16.1,g/dL,12,17.5,N,STAT,2025-08-07 05:55,2025-08-07 06:11,2025-08-07 07:13
LAB741206,ENC117448,PT12222,TROP,"Troponin I, High Sensitivity",3,ng/L,0,34,N,STAT,2025-08-07 09:22,2025-08-07 09:56,2025-08-07 10:42
LAB741207,ENC117449,PT13083,A1C,Hemoglobin A1c,9.2,%,4,5.6,H,Routine,2025-08-07 09:33,2025-08-07 09:45,2025-08-07 20:32
LAB741208,ENC117449,PT13083,GLU,Glucose,80,mg/dL,70,99,N,Routine,2025-08-07 09:33,2025-08-07 10:04,2025-08-07 13:27
LAB741209,ENC117449,PT13083,CREAT,Creatinine,0.97,mg/dL,0.6,1.3,N,Routine,2025-08-07 09:27,2025-08-07 09:56,2025-08-07 11:32
LAB741210,ENC117450,PT11430,LDL,LDL Cholesterol,152,mg/dL,0,99,H,Routine,2025-08-07 09:23,2025-08-07 09:30,2025-08-08 08:05
LAB741211,ENC117450,PT11430,TSH,Thyroid Stimulating Hormone,1.41,mIU/L,0.4,4,N,Routine,2025-08-07 09:34,2025-08-07 09:45,2025-08-07 21:38
LAB741212,ENC117452,PT10031,A1C,Hemoglobin A1c,5.2,%,4,5.6,N,Routine,2025-08-07 11:01,2025-08-07 11:12,2025-08-08 07:09
LAB741213,ENC117453,PT13553,GLU,Glucose,87,mg/dL,70,99,N,STAT,2025-08-07 12:38,2025-08-07 12:47,2025-08-07 13:14
LAB741214,ENC117453,PT13553,CREAT,Creatinine,0.87,mg/dL,0.6,1.3,N,Routine,2025-08-07 12:39,2025-08-07 13:10,2025-08-07 16:18
LAB741215,ENC117453,PT13553,WBC,White Blood Cell Count,4.9,K/uL,4.5,11,N,STAT,2025-08-07 13:01,2025-08-07 13:06,2025-08-07 13:45
LAB741216,ENC117454,PT12636,LDL,LDL Cholesterol,94,mg/dL,0,99,N,Routine,2025-08-07 12:24,2025-08-07 12:38,2025-08-08 05:33
LAB741217,ENC117458,PT13620,A1C,Hemoglobin A1c,9,%,4,5.6,H,Routine,2025-08-07 14:14,2025-08-07 14:32,2025-08-08 08:18
LAB741218,ENC117459,PT13780,LDL,LDL Cholesterol,158,mg/dL,0,99,H,Routine,2025-08-07 14:36,2025-08-07 14:44,2025-08-08 13:37
LAB741219,ENC117459,PT13780,TSH,Thyroid Stimulating Hormone,1.39,mIU/L,0.4,4,N,Routine,2025-08-07 14:22,2025-08-07 14:30,2025-08-08 20:43
LAB741220,ENC117461,PT12854,GLU,Glucose,100,mg/dL,70,99,H,Routine,2025-08-07 17:44,2025-08-07 18:04,2025-08-07 20:44
LAB741221,ENC117461,PT12854,CREAT,Creatinine,1.04,mg/dL,0.6,1.3,N,Routine,2025-08-07 17:46,2025-08-07 17:50,2025-08-07 19:33
LAB741222,ENC117461,PT12854,WBC,White Blood Cell Count,8.8,K/uL,4.5,11,N,STAT,2025-08-07 17:24,2025-08-07 17:59,2025-08-07 18:57
LAB741223,ENC117461,PT12854,HGB,Hemoglobin,14.8,g/dL,12,17.5,N,Routine,2025-08-07 18:03,2025-08-07 18:38,2025-08-08 04:11
LAB741224,ENC117461,PT12854,INR,Prothrombin Time INR,1.1,ratio,0.8,1.2,N,Routine,2025-08-07 17:33,2025-08-07 17:50,2025-08-07 21:21
LAB741225,ENC117465,PT12881,GLU,Glucose,124,mg/dL,70,99,H,STAT,2025-08-07 21:19,2025-08-07 21:45,2025-08-07 22:10
LAB741226,ENC117465,PT12881,CREAT,Creatinine,0.8,mg/dL,0.6,1.3,N,STAT,2025-08-07 21:28,2025-08-07 22:02,2025-08-07 22:59
LAB741227,ENC117465,PT12881,WBC,White Blood Cell Count,6.6,K/uL,4.5,11,N,Routine,2025-08-07 21:09,2025-08-07 21:28,2025-08-08 00:39
LAB741228,ENC117465,PT12881,HGB,Hemoglobin,14.8,g/dL,12,17.5,N,STAT,2025-08-07 21:38,2025-08-07 22:00,2025-08-07 23:03
LAB741229,ENC117465,PT12881,NA,Sodium,140,mmol/L,136,145,N,STAT,2025-08-07 21:57,2025-08-07 22:19,2025-08-07 23:21
LAB741230,ENC117465,PT12881,K,Potassium,4.6,mmol/L,3.5,5.1,N,STAT,2025-08-07 21:09,2025-08-07 21:44,2025-08-07 23:03
LAB741231,ENC117467,PT13452,GLU,Glucose,80,mg/dL,70,99,N,STAT,2025-08-07 23:09,2025-08-07 23:37,2025-08-08 00:52
LAB741232,ENC117467,PT13452,CREAT,Creatinine,1,mg/dL,0.6,1.3,N,STAT,2025-08-07 23:17,2025-08-07 23:22,2025-08-08 00:04
LAB741233,ENC117467,PT13452,WBC,White Blood Cell Count,20,K/uL,4.5,11,H,STAT,2025-08-07 23:27,2025-08-07 23:40,2025-08-08 00:01
LAB741234,ENC117467,PT13452,HGB,Hemoglobin,12.3,g/dL,12,17.5,N,STAT,2025-08-07 23:25,2025-08-07 23:42,2025-08-08 00:35
LAB741235,ENC117467,PT13452,BUN,Blood Urea Nitrogen,16,mg/dL,7,20,N,Routine,2025-08-07 23:57,2025-08-08 00:23,2025-08-08 05:55
LAB741236,ENC117467,PT13452,PLT,Platelet Count,251,K/uL,150,400,N,STAT,2025-08-07 23:50,2025-08-08 00:10,2025-08-08 00:50
LAB741237,ENC117468,PT11138,GLU,Glucose,126,mg/dL,70,99,H,STAT,2025-08-08 04:22,2025-08-08 04:29,2025-08-08 05:42
LAB741238,ENC117468,PT11138,CREAT,Creatinine,1.16,mg/dL,0.6,1.3,N,STAT,2025-08-08 04:36,2025-08-08 04:56,2025-08-08 05:40
LAB741239,ENC117468,PT11138,WBC,White Blood Cell Count,5.1,K/uL,4.5,11,N,Routine,2025-08-08 05:12,2025-08-08 05:42,2025-08-08 10:09
LAB741240,ENC117468,PT11138,HGB,Hemoglobin,11,g/dL,12,17.5,L,STAT,2025-08-08 04:26,2025-08-08 04:44,2025-08-08 05:59
LAB741241,ENC117472,PT13051,WBC,White Blood Cell Count,7.5,K/uL,4.5,11,N,Routine,2025-08-08 09:00,2025-08-08 09:23,2025-08-08 11:55
LAB741242,ENC117472,PT13051,HGB,Hemoglobin,15.7,g/dL,12,17.5,N,Routine,2025-08-08 08:38,2025-08-08 08:48,2025-08-08 13:11
LAB741243,ENC117472,PT13051,PLT,Platelet Count,177,K/uL,150,400,N,Routine,2025-08-08 08:37,2025-08-08 09:02,2025-08-08 13:23
LAB741244,ENC117476,PT13548,A1C,Hemoglobin A1c,5.9,%,4,5.6,H,Routine,2025-08-08 11:08,2025-08-08 11:42,2025-08-10 06:28
LAB741245,ENC117476,PT13548,GLU,Glucose,167,mg/dL,70,99,H,Routine,2025-08-08 11:06,2025-08-08 11:39,2025-08-08 13:49
LAB741246,ENC117476,PT13548,CREAT,Creatinine,1.27,mg/dL,0.6,1.3,N,Routine,2025-08-08 11:00,2025-08-08 11:24,2025-08-08 15:02
LAB741247,ENC117477,PT12703,GLU,Glucose,92,mg/dL,70,99,N,STAT,2025-08-08 13:40,2025-08-08 13:55,2025-08-08 14:28
LAB741248,ENC117477,PT12703,CREAT,Creatinine,2.72,mg/dL,0.6,1.3,H,STAT,2025-08-08 14:30,2025-08-08 14:40,2025-08-08 16:05
LAB741249,ENC117477,PT12703,WBC,White Blood Cell Count,5,K/uL,4.5,11,N,STAT,2025-08-08 14:35,2025-08-08 14:55,2025-08-08 15:25
LAB741250,ENC117477,PT12703,HGB,Hemoglobin,10.2,g/dL,12,17.5,L,Routine,2025-08-08 14:24,2025-08-08 14:47,2025-08-08 22:02
LAB741251,ENC117477,PT12703,NA,Sodium,133,mmol/L,136,145,L,STAT,2025-08-08 14:42,2025-08-08 14:46,2025-08-08 15:06
LAB741252,ENC117477,PT12703,K,Potassium,3.5,mmol/L,3.5,5.1,N,STAT,2025-08-08 14:36,2025-08-08 14:55,2025-08-08 15:49
LAB741253,ENC117479,PT10636,LDL,LDL Cholesterol,130,mg/dL,0,99,H,Routine,2025-08-08 11:39,2025-08-08 12:11,2025-08-09 06:43
LAB741254,ENC117481,PT13529,GLU,Glucose,198,mg/dL,70,99,H,Routine,2025-08-08 17:36,2025-08-08 18:08,2025-08-09 00:37
LAB741255,ENC117481,PT13529,CREAT,Creatinine,1.07,mg/dL,0.6,1.3,N,Routine,2025-08-08 17:28,2025-08-08 17:59,2025-08-08 20:00
LAB741256,ENC117481,PT13529,WBC,White Blood Cell Count,6.7,K/uL,4.5,11,N,STAT,2025-08-08 17:06,2025-08-08 17:19,2025-08-08 18:43
LAB741257,ENC117481,PT13529,HGB,Hemoglobin,13.7,g/dL,12,17.5,N,Routine,2025-08-08 17:47,2025-08-08 17:56,2025-08-08 22:04
LAB741258,ENC117482,PT12974,GLU,Glucose,111,mg/dL,70,99,H,STAT,2025-08-08 15:23,2025-08-08 15:53,2025-08-08 16:21
LAB741259,ENC117482,PT12974,CREAT,Creatinine,0.96,mg/dL,0.6,1.3,N,STAT,2025-08-08 15:20,2025-08-08 15:46,2025-08-08 16:11
LAB741260,ENC117482,PT12974,WBC,White Blood Cell Count,7.4,K/uL,4.5,11,N,STAT,2025-08-08 15:14,2025-08-08 15:22,2025-08-08 16:07
LAB741261,ENC117482,PT12974,HGB,Hemoglobin,14.1,g/dL,12,17.5,N,STAT,2025-08-08 15:49,2025-08-08 16:07,2025-08-08 16:41
LAB741262,ENC117482,PT12974,BUN,Blood Urea Nitrogen,16,mg/dL,7,20,N,STAT,2025-08-08 15:45,2025-08-08 16:08,2025-08-08 16:40
LAB741263,ENC117482,PT12974,PLT,Platelet Count,171,K/uL,150,400,N,STAT,2025-08-08 16:11,2025-08-08 16:27,2025-08-08 17:03
LAB741264,ENC117483,PT10204,A1C,Hemoglobin A1c,8.6,%,4,5.6,H,Routine,2025-08-08 13:18,2025-08-08 13:26,2025-08-09 06:53
LAB741265,ENC117483,PT10204,GLU,Glucose,92,mg/dL,70,99,N,Routine,2025-08-08 13:11,2025-08-08 13:41,2025-08-08 14:41
LAB741266,ENC117483,PT10204,CREAT,Creatinine,0.94,mg/dL,0.6,1.3,N,Routine,2025-08-08 13:23,2025-08-08 13:35,2025-08-08 15:25
LAB741267,ENC117485,PT12088,GLU,Glucose,121,mg/dL,70,99,H,Routine,2025-08-08 15:07,2025-08-08 15:35,2025-08-08 16:57
LAB741268,ENC117485,PT12088,CREAT,Creatinine,1.17,mg/dL,0.6,1.3,N,Routine,2025-08-08 14:50,2025-08-08 15:11,2025-08-08 17:16
LAB741269,ENC117485,PT12088,WBC,White Blood Cell Count,4.8,K/uL,4.5,11,N,Routine,2025-08-08 15:13,2025-08-08 15:47,2025-08-08 17:36
LAB741270,ENC117485,PT12088,HGB,Hemoglobin,14.9,g/dL,12,17.5,N,STAT,2025-08-08 15:29,2025-08-08 15:54,2025-08-08 16:46
LAB741271,ENC117487,PT12037,GLU,Glucose,120,mg/dL,70,99,H,Routine,2025-08-08 19:04,2025-08-08 19:36,2025-08-08 21:16
LAB741272,ENC117487,PT12037,CREAT,Creatinine,1.08,mg/dL,0.6,1.3,N,STAT,2025-08-08 18:49,2025-08-08 18:57,2025-08-08 19:56
LAB741273,ENC117487,PT12037,WBC,White Blood Cell Count,6.9,K/uL,4.5,11,N,Routine,2025-08-08 18:19,2025-08-08 18:48,2025-08-08 23:09
LAB741274,ENC117487,PT12037,HGB,Hemoglobin,16.1,g/dL,12,17.5,N,STAT,2025-08-08 19:04,2025-08-08 19:16,2025-08-08 19:50
LAB741275,ENC117487,PT12037,NA,Sodium,145,mmol/L,136,145,N,STAT,2025-08-08 18:26,2025-08-08 18:33,2025-08-08 19:38
LAB741276,ENC117487,PT12037,K,Potassium,4.3,mmol/L,3.5,5.1,N,STAT,2025-08-08 18:52,2025-08-08 19:15,2025-08-08 19:31
LAB741277,ENC117487,PT12037,BUN,Blood Urea Nitrogen,14,mg/dL,7,20,N,Routine,2025-08-08 18:51,2025-08-08 19:23,2025-08-08 22:14
LAB741278,ENC117487,PT12037,PLT,Platelet Count,206,K/uL,150,400,N,STAT,2025-08-08 18:48,2025-08-08 19:14,2025-08-08 19:38
LAB741279,ENC117489,PT12094,WBC,White Blood Cell Count,6.7,K/uL,4.5,11,N,Routine,2025-08-08 16:14,2025-08-08 16:24,2025-08-08 19:34
LAB741280,ENC117489,PT12094,HGB,Hemoglobin,16.3,g/dL,12,17.5,N,Routine,2025-08-08 16:14,2025-08-08 16:41,2025-08-08 18:04
LAB741281,ENC117489,PT12094,PLT,Platelet Count,250,K/uL,150,400,N,Routine,2025-08-08 16:05,2025-08-08 16:28,2025-08-08 19:54
LAB741282,ENC117490,PT13673,GLU,Glucose,188,mg/dL,70,99,H,STAT,2025-08-08 16:12,2025-08-08 16:35,2025-08-08 17:03
LAB741283,ENC117490,PT13673,CREAT,Creatinine,1.57,mg/dL,0.6,1.3,H,STAT,2025-08-08 16:58,2025-08-08 17:08,2025-08-08 17:56
LAB741284,ENC117490,PT13673,WBC,White Blood Cell Count,26.9,K/uL,4.5,11,H,STAT,2025-08-08 15:51,2025-08-08 16:13,2025-08-08 16:38
LAB741285,ENC117490,PT13673,HGB,Hemoglobin,9.2,g/dL,12,17.5,L,STAT,2025-08-08 16:49,2025-08-08 16:59,2025-08-08 17:58
LAB741286,ENC117490,PT13673,LACT,Lactate,4,mmol/L,0.5,2,H,STAT,2025-08-08 16:41,2025-08-08 16:53,2025-08-08 17:26
LAB741287,ENC117494,PT11293,GLU,Glucose,102,mg/dL,70,99,H,STAT,2025-08-08 22:02,2025-08-08 22:23,2025-08-08 23:45
LAB741288,ENC117494,PT11293,CREAT,Creatinine,0.65,mg/dL,0.6,1.3,N,Routine,2025-08-08 22:16,2025-08-08 22:28,2025-08-09 00:49
LAB741289,ENC117494,PT11293,WBC,White Blood Cell Count,14.7,K/uL,4.5,11,H,STAT,2025-08-08 22:12,2025-08-08 22:46,2025-08-08 23:14
LAB741290,ENC117494,PT11293,HGB,Hemoglobin,12.7,g/dL,12,17.5,N,STAT,2025-08-08 22:17,2025-08-08 22:24,2025-08-08 23:25
LAB741291,ENC117494,PT11293,NA,Sodium,141,mmol/L,136,145,N,Routine,2025-08-08 21:50,2025-08-08 22:10,2025-08-09 00:41
LAB741292,ENC117494,PT11293,K,Potassium,4.2,mmol/L,3.5,5.1,N,STAT,2025-08-08 21:48,2025-08-08 22:00,2025-08-08 22:33
LAB741293,ENC117495,PT13607,GLU,Glucose,93,mg/dL,70,99,N,Routine,2025-08-08 19:37,2025-08-08 19:44,2025-08-08 23:16
LAB741294,ENC117495,PT13607,CREAT,Creatinine,0.99,mg/dL,0.6,1.3,N,Routine,2025-08-08 19:38,2025-08-08 19:58,2025-08-08 21:53
LAB741295,ENC117495,PT13607,WBC,White Blood Cell Count,4.6,K/uL,4.5,11,N,STAT,2025-08-08 19:53,2025-08-08 20:20,2025-08-08 21:05
LAB741296,ENC117495,PT13607,HGB,Hemoglobin,13.1,g/dL,12,17.5,N,Routine,2025-08-08 19:19,2025-08-08 19:53,2025-08-08 22:03
LAB741297,ENC117496,PT10587,GLU,Glucose,82,mg/dL,70,99,N,Routine,2025-08-08 20:04,2025-08-08 20:24,2025-08-09 00:25
LAB741298,ENC117496,PT10587,CREAT,Creatinine,1.07,mg/dL,0.6,1.3,N,STAT,2025-08-08 20:08,2025-08-08 20:39,2025-08-08 21:50
LAB741299,ENC117496,PT10587,WBC,White Blood Cell Count,8.7,K/uL,4.5,11,N,Routine,2025-08-08 20:28,2025-08-08 20:41,2025-08-09 01:48
LAB741300,ENC117496,PT10587,HGB,Hemoglobin,13.3,g/dL,12,17.5,N,STAT,2025-08-08 19:48,2025-08-08 20:09,2025-08-08 21:05
LAB741301,ENC117497,PT11796,GLU,Glucose,168,mg/dL,70,99,H,Routine,2025-08-09 00:43,2025-08-09 01:00,2025-08-09 05:15
LAB741302,ENC117497,PT11796,CREAT,Creatinine,0.79,mg/dL,0.6,1.3,N,STAT,2025-08-09 00:16,2025-08-09 00:48,2025-08-09 01:31
LAB741303,ENC117497,PT11796,WBC,White Blood Cell Count,5.2,K/uL,4.5,11,N,Routine,2025-08-09 00:54,2025-08-09 01:17,2025-08-09 02:42
LAB741304,ENC117497,PT11796,HGB,Hemoglobin,13.4,g/dL,12,17.5,N,STAT,2025-08-08 23:52,2025-08-09 00:10,2025-08-09 00:58
LAB741305,ENC117498,PT10067,GLU,Glucose,114,mg/dL,70,99,H,STAT,2025-08-09 00:12,2025-08-09 00:21,2025-08-09 01:29
LAB741306,ENC117498,PT10067,CREAT,Creatinine,0.81,mg/dL,0.6,1.3,N,STAT,2025-08-08 23:59,2025-08-09 00:19,2025-08-09 00:47
LAB741307,ENC117498,PT10067,WBC,White Blood Cell Count,6.2,K/uL,4.5,11,N,STAT,2025-08-09 00:03,2025-08-09 00:32,2025-08-09 01:16
LAB741308,ENC117498,PT10067,HGB,Hemoglobin,12.9,g/dL,12,17.5,N,STAT,2025-08-08 23:58,2025-08-09 00:20,2025-08-09 00:46
LAB741309,ENC117499,PT12425,GLU,Glucose,98,mg/dL,70,99,N,STAT,2025-08-08 22:07,2025-08-08 22:20,2025-08-08 23:21
LAB741310,ENC117499,PT12425,CREAT,Creatinine,0.82,mg/dL,0.6,1.3,N,STAT,2025-08-08 21:37,2025-08-08 22:02,2025-08-08 22:51
LAB741311,ENC117499,PT12425,WBC,White Blood Cell Count,7.6,K/uL,4.5,11,N,STAT,2025-08-08 21:43,2025-08-08 21:47,2025-08-08 22:26
LAB741312,ENC117499,PT12425,HGB,Hemoglobin,13.5,g/dL,12,17.5,N,STAT,2025-08-08 21:28,2025-08-08 21:38,2025-08-08 22:23
LAB741313,ENC117500,PT13413,GLU,Glucose,82,mg/dL,70,99,N,STAT,2025-08-08 23:03,2025-08-08 23:35,2025-08-09 00:04
LAB741314,ENC117500,PT13413,CREAT,Creatinine,1.01,mg/dL,0.6,1.3,N,STAT,2025-08-08 22:07,2025-08-08 22:30,2025-08-08 23:13
LAB741315,ENC117500,PT13413,WBC,White Blood Cell Count,0.7,K/uL,4.5,11,LL,STAT,2025-08-08 22:14,2025-08-08 22:30,2025-08-08 22:44
LAB741316,ENC117500,PT13413,HGB,Hemoglobin,9.3,g/dL,12,17.5,L,STAT,2025-08-08 21:55,2025-08-08 22:16,2025-08-08 23:16
LAB741317,ENC117500,PT13413,BUN,Blood Urea Nitrogen,13,mg/dL,7,20,N,STAT,2025-08-08 22:32,2025-08-08 22:45,2025-08-08 23:09
LAB741318,ENC117500,PT13413,PLT,Platelet Count,59,K/uL,150,400,L,STAT,2025-08-08 22:06,2025-08-08 22:12,2025-08-08 22:56
LAB741319,ENC117501,PT11343,GLU,Glucose,95,mg/dL,70,99,N,STAT,2025-08-09 04:20,2025-08-09 04:26,2025-08-09 04:43
LAB741320,ENC117501,PT11343,CREAT,Creatinine,0.82,mg/dL,0.6,1.3,N,STAT,2025-08-09 04:40,2025-08-09 04:56,2025-08-09 06:10
LAB741321,ENC117501,PT11343,WBC,White Blood Cell Count,13.7,K/uL,4.5,11,H,Routine,2025-08-09 04:53,2025-08-09 05:28,2025-08-09 09:08
LAB741322,ENC117501,PT11343,HGB,Hemoglobin,9.5,g/dL,12,17.5,L,STAT,2025-08-09 04:26,2025-08-09 04:35,2025-08-09 05:02
LAB741323,ENC117502,PT10799,GLU,Glucose,104,mg/dL,70,99,H,Routine,2025-08-09 06:12,2025-08-09 06:38,2025-08-09 08:47
LAB741324,ENC117502,PT10799,CREAT,Creatinine,2.74,mg/dL,0.6,1.3,H,STAT,2025-08-09 07:09,2025-08-09 07:22,2025-08-09 08:01
LAB741325,ENC117502,PT10799,WBC,White Blood Cell Count,6.4,K/uL,4.5,11,N,Routine,2025-08-09 06:27,2025-08-09 06:33,2025-08-09 08:48
LAB741326,ENC117502,PT10799,HGB,Hemoglobin,11.9,g/dL,12,17.5,L,STAT,2025-08-09 06:42,2025-08-09 07:05,2025-08-09 08:05
LAB741327,ENC117503,PT10259,GLU,Glucose,52,mg/dL,70,99,L,STAT,2025-08-09 08:20,2025-08-09 08:32,2025-08-09 09:20
LAB741328,ENC117503,PT10259,CREAT,Creatinine,0.94,mg/dL,0.6,1.3,N,STAT,2025-08-09 07:24,2025-08-09 07:48,2025-08-09 08:25
LAB741329,ENC117504,PT12701,GLU,Glucose,103,mg/dL,70,99,H,STAT,2025-08-09 13:08,2025-08-09 13:40,2025-08-09 14:53
LAB741330,ENC117504,PT12701,CREAT,Creatinine,1.06,mg/dL,0.6,1.3,N,STAT,2025-08-09 13:39,2025-08-09 13:54,2025-08-09 14:39
LAB741331,ENC117504,PT12701,WBC,White Blood Cell Count,11.4,K/uL,4.5,11,H,STAT,2025-08-09 13:34,2025-08-09 13:52,2025-08-09 14:49
LAB741332,ENC117504,PT12701,HGB,Hemoglobin,12.5,g/dL,12,17.5,N,Routine,2025-08-09 13:03,2025-08-09 13:26,2025-08-09 15:11
LAB741333,ENC117505,PT13636,GLU,Glucose,125,mg/dL,70,99,H,STAT,2025-08-09 10:58,2025-08-09 11:24,2025-08-09 12:02
LAB741334,ENC117505,PT13636,CREAT,Creatinine,0.77,mg/dL,0.6,1.3,N,Routine,2025-08-09 10:33,2025-08-09 10:47,2025-08-09 14:16
LAB741335,ENC117506,PT10535,GLU,Glucose,110,mg/dL,70,99,H,Routine,2025-08-09 14:01,2025-08-09 14:14,2025-08-09 20:16
LAB741336,ENC117506,PT10535,CREAT,Creatinine,2.05,mg/dL,0.6,1.3,H,STAT,2025-08-09 14:20,2025-08-09 14:37,2025-08-09 15:50
LAB741337,ENC117506,PT10535,WBC,White Blood Cell Count,7,K/uL,4.5,11,N,STAT,2025-08-09 14:40,2025-08-09 14:52,2025-08-09 15:28
LAB741338,ENC117506,PT10535,HGB,Hemoglobin,11.5,g/dL,12,17.5,L,Routine,2025-08-09 15:05,2025-08-09 15:30,2025-08-09 21:41
LAB741339,ENC117506,PT10535,TROP,"Troponin I, High Sensitivity",319,ng/L,0,34,H,STAT,2025-08-09 14:53,2025-08-09 15:19,2025-08-09 15:53
LAB741340,ENC117507,PT12045,GLU,Glucose,117,mg/dL,70,99,H,STAT,2025-08-09 12:27,2025-08-09 12:47,2025-08-09 13:36
LAB741341,ENC117507,PT12045,CREAT,Creatinine,0.91,mg/dL,0.6,1.3,N,STAT,2025-08-09 11:22,2025-08-09 11:45,2025-08-09 12:07
LAB741342,ENC117507,PT12045,WBC,White Blood Cell Count,8.1,K/uL,4.5,11,N,STAT,2025-08-09 12:27,2025-08-09 12:39,2025-08-09 13:09
LAB741343,ENC117507,PT12045,HGB,Hemoglobin,14.2,g/dL,12,17.5,N,Routine,2025-08-09 11:56,2025-08-09 12:24,2025-08-09 16:28
LAB741344,ENC117508,PT10464,GLU,Glucose,110,mg/dL,70,99,H,STAT,2025-08-09 14:02,2025-08-09 14:07,2025-08-09 15:07
LAB741345,ENC117508,PT10464,CREAT,Creatinine,0.99,mg/dL,0.6,1.3,N,Routine,2025-08-09 14:02,2025-08-09 14:37,2025-08-09 17:21
LAB741346,ENC117508,PT10464,WBC,White Blood Cell Count,9.2,K/uL,4.5,11,N,STAT,2025-08-09 14:30,2025-08-09 14:37,2025-08-09 15:26
LAB741347,ENC117508,PT10464,HGB,Hemoglobin,8.4,g/dL,12,17.5,L,STAT,2025-08-09 13:38,2025-08-09 13:55,2025-08-09 14:17
LAB741348,ENC117508,PT10464,LACT,Lactate,1.7,mmol/L,0.5,2,N,STAT,2025-08-09 14:47,2025-08-09 15:20,2025-08-09 16:07
LAB741349,ENC117508,PT10464,INR,Prothrombin Time INR,1.1,ratio,0.8,1.2,N,STAT,2025-08-09 14:30,2025-08-09 15:03,2025-08-09 15:55
LAB741350,ENC117510,PT10450,GLU,Glucose,60,mg/dL,70,99,L,Routine,2025-08-09 15:27,2025-08-09 15:41,2025-08-09 18:27
LAB741351,ENC117510,PT10450,CREAT,Creatinine,1.23,mg/dL,0.6,1.3,N,STAT,2025-08-09 15:22,2025-08-09 15:38,2025-08-09 16:16
LAB741352,ENC117510,PT10450,WBC,White Blood Cell Count,7,K/uL,4.5,11,N,STAT,2025-08-09 15:43,2025-08-09 16:02,2025-08-09 16:59
LAB741353,ENC117510,PT10450,HGB,Hemoglobin,13,g/dL,12,17.5,N,STAT,2025-08-09 15:09,2025-08-09 15:29,2025-08-09 16:05
LAB741354,ENC117510,PT10450,NA,Sodium,141,mmol/L,136,145,N,STAT,2025-08-09 15:41,2025-08-09 15:46,2025-08-09 16:36
LAB741355,ENC117510,PT10450,K,Potassium,3.7,mmol/L,3.5,5.1,N,STAT,2025-08-09 15:44,2025-08-09 16:03,2025-08-09 16:55
LAB741356,ENC117514,PT11571,GLU,Glucose,130,mg/dL,70,99,H,Routine,2025-08-09 23:13,2025-08-09 23:38,2025-08-10 01:34
LAB741357,ENC117514,PT11571,CREAT,Creatinine,0.9,mg/dL,0.6,1.3,N,STAT,2025-08-09 23:04,2025-08-09 23:22,2025-08-09 23:53
LAB741358,ENC117514,PT11571,WBC,White Blood Cell Count,9.1,K/uL,4.5,11,N,Routine,2025-08-09 22:30,2025-08-09 22:43,2025-08-10 04:01
LAB741359,ENC117514,PT11571,HGB,Hemoglobin,11.9,g/dL,12,17.5,L,STAT,2025-08-09 23:04,2025-08-09 23:18,2025-08-10 00:14
LAB741360,ENC117514,PT11571,BUN,Blood Urea Nitrogen,10,mg/dL,7,20,N,STAT,2025-08-09 23:07,2025-08-09 23:25,2025-08-10 00:21
LAB741361,ENC117514,PT11571,PLT,Platelet Count,298,K/uL,150,400,N,Routine,2025-08-09 22:57,2025-08-09 23:32,2025-08-10 03:45
LAB741362,ENC117514,PT11571,LACT,Lactate,3.1,mmol/L,0.5,2,H,STAT,2025-08-09 23:17,2025-08-09 23:22,2025-08-10 00:24
LAB741363,ENC117515,PT13210,GLU,Glucose,117,mg/dL,70,99,H,STAT,2025-08-09 21:02,2025-08-09 21:30,2025-08-09 22:02
LAB741364,ENC117515,PT13210,CREAT,Creatinine,1,mg/dL,0.6,1.3,N,Routine,2025-08-09 21:17,2025-08-09 21:28,2025-08-09 22:27
LAB741365,ENC117515,PT13210,WBC,White Blood Cell Count,4.9,K/uL,4.5,11,N,STAT,2025-08-09 20:28,2025-08-09 20:47,2025-08-09 21:19
LAB741366,ENC117515,PT13210,HGB,Hemoglobin,9.9,g/dL,12,17.5,L,Routine,2025-08-09 20:39,2025-08-09 21:13,2025-08-10 00:06
LAB741367,ENC117515,PT13210,NA,Sodium,137,mmol/L,136,145,N,STAT,2025-08-09 21:01,2025-08-09 21:21,2025-08-09 22:45
LAB741368,ENC117515,PT13210,K,Potassium,5.3,mmol/L,3.5,5.1,H,STAT,2025-08-09 20:50,2025-08-09 21:25,2025-08-09 22:01
LAB741369,ENC117515,PT13210,INR,Prothrombin Time INR,1.1,ratio,0.8,1.2,N,STAT,2025-08-09 21:01,2025-08-09 21:29,2025-08-09 21:56
LAB741370,ENC117516,PT13709,GLU,Glucose,97,mg/dL,70,99,N,STAT,2025-08-09 23:41,2025-08-10 00:13,2025-08-10 01:07
LAB741371,ENC117516,PT13709,CREAT,Creatinine,1.12,mg/dL,0.6,1.3,N,STAT,2025-08-09 23:56,2025-08-10 00:05,2025-08-10 00:59
LAB741372,ENC117516,PT13709,WBC,White Blood Cell Count,10.3,K/uL,4.5,11,N,STAT,2025-08-09 23:39,2025-08-09 23:58,2025-08-10 00:51
LAB741373,ENC117516,PT13709,HGB,Hemoglobin,14,g/dL,12,17.5,N,STAT,2025-08-10 00:00,2025-08-10 00:10,2025-08-10 00:56
LAB741374,ENC117516,PT13709,NA,Sodium,143,mmol/L,136,145,N,STAT,2025-08-09 23:37,2025-08-10 00:03,2025-08-10 00:52
LAB741375,ENC117516,PT13709,K,Potassium,4.1,mmol/L,3.5,5.1,N,STAT,2025-08-09 23:45,2025-08-09 23:57,2025-08-10 00:30
LAB741376,ENC117518,PT11686,GLU,Glucose,208,mg/dL,70,99,H,Routine,2025-08-10 02:13,2025-08-10 02:19,2025-08-10 03:50
LAB741377,ENC117518,PT11686,CREAT,Creatinine,1.77,mg/dL,0.6,1.3,H,STAT,2025-08-10 02:48,2025-08-10 03:03,2025-08-10 03:53
LAB741378,ENC117518,PT11686,WBC,White Blood Cell Count,9.9,K/uL,4.5,11,N,STAT,2025-08-10 01:59,2025-08-10 02:16,2025-08-10 03:11
LAB741379,ENC117518,PT11686,HGB,Hemoglobin,14.6,g/dL,12,17.5,N,STAT,2025-08-10 02:19,2025-08-10 02:24,2025-08-10 03:07
LAB741380,ENC117518,PT11686,LACT,Lactate,1.5,mmol/L,0.5,2,N,STAT,2025-08-10 03:06,2025-08-10 03:37,2025-08-10 04:25
LAB741381,ENC117521,PT10641,A1C,Hemoglobin A1c,10.9,%,4,5.6,H,STAT,2025-08-10 09:55,2025-08-10 10:02,2025-08-10 10:52
LAB741382,ENC117522,PT13271,GLU,Glucose,132,mg/dL,70,99,H,Routine,2025-08-10 09:45,2025-08-10 10:00,2025-08-10 12:46
LAB741383,ENC117522,PT13271,CREAT,Creatinine,0.92,mg/dL,0.6,1.3,N,Routine,2025-08-10 10:33,2025-08-10 10:57,2025-08-10 13:31
LAB741384,ENC117523,PT13575,GLU,Glucose,119,mg/dL,70,99,H,STAT,2025-08-10 10:24,2025-08-10 10:36,2025-08-10 11:14
LAB741385,ENC117523,PT13575,CREAT,Creatinine,0.29,mg/dL,0.6,1.3,L,STAT,2025-08-10 11:08,2025-08-10 11:39,2025-08-10 12:08
LAB741386,ENC117523,PT13575,WBC,White Blood Cell Count,20.8,K/uL,4.5,11,H,STAT,2025-08-10 11:04,2025-08-10 11:30,2025-08-10 12:18
LAB741387,ENC117523,PT13575,HGB,Hemoglobin,12.2,g/dL,12,17.5,N,STAT,2025-08-10 11:13,2025-08-10 11:33,2025-08-10 12:35
LAB741388,ENC117524,PT13549,GLU,Glucose,121,mg/dL,70,99,H,STAT,2025-08-10 17:03,2025-08-10 17:31,2025-08-10 18:26
LAB741389,ENC117524,PT13549,CREAT,Creatinine,1.23,mg/dL,0.6,1.3,N,STAT,2025-08-10 17:29,2025-08-10 17:37,2025-08-10 18:26
LAB741390,ENC117524,PT13549,WBC,White Blood Cell Count,8,K/uL,4.5,11,N,Routine,2025-08-10 17:25,2025-08-10 17:29,2025-08-10 20:34
LAB741391,ENC117524,PT13549,HGB,Hemoglobin,10.7,g/dL,12,17.5,L,STAT,2025-08-10 16:38,2025-08-10 16:57,2025-08-10 17:40
LAB741392,ENC117527,PT10488,GLU,Glucose,110,mg/dL,70,99,H,STAT,2025-08-10 19:14,2025-08-10 19:21,2025-08-10 19:56
LAB741393,ENC117527,PT10488,CREAT,Creatinine,0.48,mg/dL,0.6,1.3,L,STAT,2025-08-10 19:39,2025-08-10 19:57,2025-08-10 20:34
LAB741394,ENC117527,PT10488,WBC,White Blood Cell Count,7.9,K/uL,4.5,11,N,STAT,2025-08-10 20:02,2025-08-10 20:15,2025-08-10 20:45
LAB741395,ENC117527,PT10488,HGB,Hemoglobin,16.6,g/dL,12,17.5,N,Routine,2025-08-10 19:12,2025-08-10 19:30,2025-08-11 01:44
LAB741396,ENC117527,PT10488,TROP,"Troponin I, High Sensitivity",10,ng/L,0,34,N,STAT,2025-08-10 18:58,2025-08-10 19:27,2025-08-10 20:21
LAB741397,ENC117529,PT12449,GLU,Glucose,95,mg/dL,70,99,N,STAT,2025-08-11 00:33,2025-08-11 01:08,2025-08-11 02:07
LAB741398,ENC117529,PT12449,CREAT,Creatinine,0.73,mg/dL,0.6,1.3,N,Routine,2025-08-11 00:22,2025-08-11 00:54,2025-08-11 03:03
LAB741399,ENC117529,PT12449,WBC,White Blood Cell Count,23.9,K/uL,4.5,11,H,STAT,2025-08-10 23:41,2025-08-11 00:02,2025-08-11 01:13
LAB741400,ENC117529,PT12449,HGB,Hemoglobin,14.6,g/dL,12,17.5,N,STAT,2025-08-10 23:31,2025-08-10 23:57,2025-08-11 00:20
LAB741401,ENC117529,PT12449,LACT,Lactate,4.6,mmol/L,0.5,2,HH,STAT,2025-08-11 00:36,2025-08-11 01:06,2025-08-11 01:41
LAB741402,ENC117530,PT13641,GLU,Glucose,136,mg/dL,70,99,H,Routine,2025-08-10 23:39,2025-08-11 00:12,2025-08-11 03:10
LAB741403,ENC117530,PT13641,CREAT,Creatinine,2.78,mg/dL,0.6,1.3,H,Routine,2025-08-10 23:23,2025-08-10 23:51,2025-08-11 01:22
LAB741404,ENC117530,PT13641,WBC,White Blood Cell Count,7.1,K/uL,4.5,11,N,STAT,2025-08-10 23:44,2025-08-11 00:14,2025-08-11 01:09
LAB741405,ENC117530,PT13641,HGB,Hemoglobin,10.2,g/dL,12,17.5,L,STAT,2025-08-10 23:41,2025-08-11 00:11,2025-08-11 01:30
LAB741406,ENC117530,PT13641,NA,Sodium,138,mmol/L,136,145,N,Routine,2025-08-10 23:44,2025-08-10 23:55,2025-08-11 06:25
LAB741407,ENC117530,PT13641,K,Potassium,3.8,mmol/L,3.5,5.1,N,STAT,2025-08-11 00:05,2025-08-11 00:36,2025-08-11 01:25
LAB741408,ENC117531,PT12774,GLU,Glucose,78,mg/dL,70,99,N,Routine,2025-08-11 00:48,2025-08-11 01:11,2025-08-11 03:36
LAB741409,ENC117531,PT12774,CREAT,Creatinine,0.84,mg/dL,0.6,1.3,N,Routine,2025-08-11 00:38,2025-08-11 00:53,2025-08-11 05:27
LAB741410,ENC117531,PT12774,WBC,White Blood Cell Count,4.8,K/uL,4.5,11,N,STAT,2025-08-11 01:35,2025-08-11 02:04,2025-08-11 02:55
LAB741411,ENC117531,PT12774,HGB,Hemoglobin,13.2,g/dL,12,17.5,N,Routine,2025-08-11 01:23,2025-08-11 01:35,2025-08-11 04:39
LAB741412,ENC117531,PT12774,NA,Sodium,137,mmol/L,136,145,N,STAT,2025-08-11 01:17,2025-08-11 01:21,2025-08-11 02:10
LAB741413,ENC117531,PT12774,K,Potassium,3.8,mmol/L,3.5,5.1,N,STAT,2025-08-11 01:26,2025-08-11 01:49,2025-08-11 02:19
LAB741414,ENC117532,PT10307,GLU,Glucose,66,mg/dL,70,99,L,Routine,2025-08-11 06:43,2025-08-11 06:47,2025-08-11 10:53
LAB741415,ENC117532,PT10307,CREAT,Creatinine,1.2,mg/dL,0.6,1.3,N,Routine,2025-08-11 06:55,2025-08-11 07:23,2025-08-11 08:34
LAB741416,ENC117532,PT10307,WBC,White Blood Cell Count,8.1,K/uL,4.5,11,N,Routine,2025-08-11 06:23,2025-08-11 06:49,2025-08-11 08:02
LAB741417,ENC117532,PT10307,HGB,Hemoglobin,13,g/dL,12,17.5,N,STAT,2025-08-11 05:54,2025-08-11 06:03,2025-08-11 07:13
LAB741418,ENC117532,PT10307,NA,Sodium,141,mmol/L,136,145,N,STAT,2025-08-11 05:58,2025-08-11 06:15,2025-08-11 06:59
LAB741419,ENC117532,PT10307,K,Potassium,5,mmol/L,3.5,5.1,N,STAT,2025-08-11 06:45,2025-08-11 06:50,2025-08-11 07:18
LAB741420,ENC117534,PT11489,A1C,Hemoglobin A1c,8.8,%,4,5.6,H,Routine,2025-08-11 08:39,2025-08-11 09:00,2025-08-11 15:46
LAB741421,ENC117535,PT11130,GLU,Glucose,285,mg/dL,70,99,H,STAT,2025-08-11 12:30,2025-08-11 12:44,2025-08-11 13:19
LAB741422,ENC117535,PT11130,CREAT,Creatinine,5.41,mg/dL,0.6,1.3,H,Routine,2025-08-11 13:36,2025-08-11 14:06,2025-08-11 15:47
LAB741423,ENC117535,PT11130,WBC,White Blood Cell Count,4,K/uL,4.5,11,L,STAT,2025-08-11 12:46,2025-08-11 13:14,2025-08-11 14:38
LAB741424,ENC117535,PT11130,HGB,Hemoglobin,12,g/dL,12,17.5,N,STAT,2025-08-11 13:36,2025-08-11 13:41,2025-08-11 14:22
LAB741425,ENC117535,PT11130,NA,Sodium,135,mmol/L,136,145,L,STAT,2025-08-11 13:23,2025-08-11 13:27,2025-08-11 14:16
LAB741426,ENC117535,PT11130,K,Potassium,4.3,mmol/L,3.5,5.1,N,STAT,2025-08-11 13:07,2025-08-11 13:11,2025-08-11 14:03
LAB741427,ENC117536,PT13059,GLU,Glucose,69,mg/dL,70,99,L,Routine,2025-08-11 09:17,2025-08-11 09:45,2025-08-11 13:04
LAB741428,ENC117536,PT13059,CREAT,Creatinine,0.74,mg/dL,0.6,1.3,N,STAT,2025-08-11 09:16,2025-08-11 09:39,2025-08-11 09:56
LAB741429,ENC117539,PT12028,GLU,Glucose,96,mg/dL,70,99,N,STAT,2025-08-11 14:46,2025-08-11 15:20,2025-08-11 16:09
LAB741430,ENC117539,PT12028,CREAT,Creatinine,0.98,mg/dL,0.6,1.3,N,STAT,2025-08-11 14:36,2025-08-11 14:42,2025-08-11 15:46
LAB741431,ENC117539,PT12028,WBC,White Blood Cell Count,9.5,K/uL,4.5,11,N,Routine,2025-08-11 14:13,2025-08-11 14:24,2025-08-11 16:22
LAB741432,ENC117539,PT12028,HGB,Hemoglobin,14.8,g/dL,12,17.5,N,Routine,2025-08-11 14:12,2025-08-11 14:39,2025-08-11 18:51
LAB741433,ENC117539,PT12028,NA,Sodium,142,mmol/L,136,145,N,Routine,2025-08-11 14:48,2025-08-11 15:01,2025-08-11 17:33
LAB741434,ENC117539,PT12028,K,Potassium,4.5,mmol/L,3.5,5.1,N,STAT,2025-08-11 14:02,2025-08-11 14:34,2025-08-11 15:41
LAB741435,ENC117539,PT12028,BUN,Blood Urea Nitrogen,14,mg/dL,7,20,N,STAT,2025-08-11 14:04,2025-08-11 14:16,2025-08-11 15:02
LAB741436,ENC117539,PT12028,PLT,Platelet Count,236,K/uL,150,400,N,STAT,2025-08-11 14:39,2025-08-11 14:56,2025-08-11 15:40
LAB741437,ENC117542,PT12000,GLU,Glucose,113,mg/dL,70,99,H,STAT,2025-08-11 11:02,2025-08-11 11:27,2025-08-11 11:54
LAB741438,ENC117542,PT12000,CREAT,Creatinine,1.21,mg/dL,0.6,1.3,N,STAT,2025-08-11 11:34,2025-08-11 11:43,2025-08-11 12:41
LAB741439,ENC117543,PT13494,A1C,Hemoglobin A1c,8.3,%,4,5.6,H,Routine,2025-08-11 11:03,2025-08-11 11:30,2025-08-12 17:22
LAB741440,ENC117544,PT10163,LDL,LDL Cholesterol,101,mg/dL,0,99,H,Routine,2025-08-11 12:45,2025-08-11 13:17,2025-08-12 02:03
LAB741441,ENC117545,PT13434,GLU,Glucose,163,mg/dL,70,99,H,STAT,2025-08-11 13:12,2025-08-11 13:26,2025-08-11 13:59
LAB741442,ENC117545,PT13434,CREAT,Creatinine,1.1,mg/dL,0.6,1.3,N,STAT,2025-08-11 13:45,2025-08-11 14:12,2025-08-11 15:19
LAB741443,ENC117545,PT13434,INR,Prothrombin Time INR,0.9,ratio,0.8,1.2,N,Routine,2025-08-11 13:20,2025-08-11 13:51,2025-08-11 17:41
LAB741444,ENC117549,PT11727,GLU,Glucose,92,mg/dL,70,99,N,STAT,2025-08-11 16:02,2025-08-11 16:07,2025-08-11 16:43
LAB741445,ENC117549,PT11727,CREAT,Creatinine,1.01,mg/dL,0.6,1.3,N,Routine,2025-08-11 15:35,2025-08-11 16:10,2025-08-11 20:11
LAB741446,ENC117549,PT11727,WBC,White Blood Cell Count,11.9,K/uL,4.5,11,H,STAT,2025-08-11 15:10,2025-08-11 15:19,2025-08-11 15:39
LAB741447,ENC117549,PT11727,HGB,Hemoglobin,15.3,g/dL,12,17.5,N,STAT,2025-08-11 16:05,2025-08-11 16:33,2025-08-11 17:09
LAB741448,ENC117550,PT10676,GLU,Glucose,91,mg/dL,70,99,N,STAT,2025-08-11 17:43,2025-08-11 17:56,2025-08-11 18:25
LAB741449,ENC117550,PT10676,CREAT,Creatinine,1.03,mg/dL,0.6,1.3,N,STAT,2025-08-11 17:15,2025-08-11 17:19,2025-08-11 18:40
LAB741450,ENC117550,PT10676,WBC,White Blood Cell Count,13.9,K/uL,4.5,11,H,STAT,2025-08-11 18:03,2025-08-11 18:35,2025-08-11 18:59
LAB741451,ENC117550,PT10676,HGB,Hemoglobin,12.5,g/dL,12,17.5,N,Routine,2025-08-11 17:05,2025-08-11 17:12,2025-08-11 19:32
LAB741452,ENC117551,PT11550,GLU,Glucose,137,mg/dL,70,99,H,STAT,2025-08-11 20:11,2025-08-11 20:34,2025-08-11 21:06
LAB741453,ENC117551,PT11550,CREAT,Creatinine,2.3,mg/dL,0.6,1.3,H,Routine,2025-08-11 19:58,2025-08-11 20:17,2025-08-11 22:14
LAB741454,ENC117551,PT11550,WBC,White Blood Cell Count,7.6,K/uL,4.5,11,N,Routine,2025-08-11 20:12,2025-08-11 20:18,2025-08-11 22:13
LAB741455,ENC117551,PT11550,HGB,Hemoglobin,11.1,g/dL,12,17.5,L,STAT,2025-08-11 20:20,2025-08-11 20:36,2025-08-11 21:27
LAB741456,ENC117552,PT10403,WBC,White Blood Cell Count,7.8,K/uL,4.5,11,N,Routine,2025-08-11 16:12,2025-08-11 16:32,2025-08-11 22:56
LAB741457,ENC117552,PT10403,HGB,Hemoglobin,12.7,g/dL,12,17.5,N,Routine,2025-08-11 16:03,2025-08-11 16:11,2025-08-11 17:43
LAB741458,ENC117552,PT10403,PLT,Platelet Count,293,K/uL,150,400,N,Routine,2025-08-11 16:09,2025-08-11 16:25,2025-08-11 17:53
LAB741459,ENC117553,PT13911,GLU,Glucose,83,mg/dL,70,99,N,STAT,2025-08-11 16:25,2025-08-11 16:50,2025-08-11 17:54
LAB741460,ENC117553,PT13911,CREAT,Creatinine,1.16,mg/dL,0.6,1.3,N,Routine,2025-08-11 16:20,2025-08-11 16:31,2025-08-11 18:44
LAB741461,ENC117553,PT13911,WBC,White Blood Cell Count,6.8,K/uL,4.5,11,N,STAT,2025-08-11 17:00,2025-08-11 17:23,2025-08-11 18:34
LAB741462,ENC117553,PT13911,HGB,Hemoglobin,13,g/dL,12,17.5,N,STAT,2025-08-11 16:52,2025-08-11 17:10,2025-08-11 17:45
LAB741463,ENC117553,PT13911,NA,Sodium,142,mmol/L,136,145,N,Routine,2025-08-11 17:03,2025-08-11 17:23,2025-08-11 18:51
LAB741464,ENC117553,PT13911,K,Potassium,4.8,mmol/L,3.5,5.1,N,STAT,2025-08-11 17:00,2025-08-11 17:13,2025-08-11 17:45
LAB741465,ENC117555,PT12725,GLU,Glucose,116,mg/dL,70,99,H,Routine,2025-08-11 20:37,2025-08-11 21:12,2025-08-12 01:18
LAB741466,ENC117555,PT12725,CREAT,Creatinine,1.1,mg/dL,0.6,1.3,N,Routine,2025-08-11 21:23,2025-08-11 21:54,2025-08-12 02:51
LAB741467,ENC117555,PT12725,WBC,White Blood Cell Count,6.3,K/uL,4.5,11,N,Routine,2025-08-11 21:12,2025-08-11 21:19,2025-08-11 23:01
LAB741468,ENC117555,PT12725,HGB,Hemoglobin,13.9,g/dL,12,17.5,N,STAT,2025-08-11 20:55,2025-08-11 21:25,2025-08-11 22:26
LAB741469,ENC117555,PT12725,NA,Sodium,140,mmol/L,136,145,N,STAT,2025-08-11 21:00,2025-08-11 21:31,2025-08-11 22:11
LAB741470,ENC117555,PT12725,K,Potassium,4.1,mmol/L,3.5,5.1,N,STAT,2025-08-11 20:48,2025-08-11 20:59,2025-08-11 21:37
LAB741471,ENC117555,PT12725,INR,Prothrombin Time INR,1.1,ratio,0.8,1.2,N,STAT,2025-08-11 21:01,2025-08-11 21:32,2025-08-11 21:59
LAB741472,ENC117556,PT13920,GLU,Glucose,119,mg/dL,70,99,H,Routine,2025-08-11 20:20,2025-08-11 20:51,2025-08-11 23:06
LAB741473,ENC117556,PT13920,CREAT,Creatinine,0.98,mg/dL,0.6,1.3,N,Routine,2025-08-11 21:11,2025-08-11 21:36,2025-08-12 02:20
LAB741474,ENC117556,PT13920,WBC,White Blood Cell Count,12,K/uL,4.5,11,H,STAT,2025-08-11 20:10,2025-08-11 20:43,2025-08-11 21:28
LAB741475,ENC117556,PT13920,HGB,Hemoglobin,16.2,g/dL,12,17.5,N,Routine,2025-08-11 20:33,2025-08-11 20:53,2025-08-11 22:13
LAB741476,ENC117556,PT13920,NA,Sodium,142,mmol/L,136,145,N,STAT,2025-08-11 20:52,2025-08-11 20:59,2025-08-11 21:23
LAB741477,ENC117556,PT13920,K,Potassium,3.7,mmol/L,3.5,5.1,N,STAT,2025-08-11 21:08,2025-08-11 21:29,2025-08-11 22:20
LAB741478,ENC117556,PT13920,BUN,Blood Urea Nitrogen,13,mg/dL,7,20,N,STAT,2025-08-11 20:27,2025-08-11 21:02,2025-08-11 21:39
LAB741479,ENC117556,PT13920,PLT,Platelet Count,309,K/uL,150,400,N,STAT,2025-08-11 20:24,2025-08-11 20:42,2025-08-11 21:17
LAB741480,ENC117559,PT13365,GLU,Glucose,102,mg/dL,70,99,H,STAT,2025-08-12 00:28,2025-08-12 00:45,2025-08-12 01:32
LAB741481,ENC117559,PT13365,CREAT,Creatinine,1.18,mg/dL,0.6,1.3,N,STAT,2025-08-12 00:43,2025-08-12 01:00,2025-08-12 01:38
LAB741482,ENC117559,PT13365,WBC,White Blood Cell Count,5.7,K/uL,4.5,11,N,STAT,2025-08-12 01:05,2025-08-12 01:28,2025-08-12 02:15
LAB741483,ENC117559,PT13365,HGB,Hemoglobin,14.7,g/dL,12,17.5,N,Routine,2025-08-12 01:15,2025-08-12 01:24,2025-08-12 03:58
LAB741484,ENC117559,PT13365,BUN,Blood Urea Nitrogen,13,mg/dL,7,20,N,Routine,2025-08-12 01:00,2025-08-12 01:09,2025-08-12 04:22
LAB741485,ENC117559,PT13365,PLT,Platelet Count,338,K/uL,150,400,N,STAT,2025-08-12 01:12,2025-08-12 01:23,2025-08-12 02:15
LAB741486,ENC117560,PT11303,GLU,Glucose,126,mg/dL,70,99,H,Routine,2025-08-12 02:32,2025-08-12 02:52,2025-08-12 03:42
LAB741487,ENC117560,PT11303,CREAT,Creatinine,1.04,mg/dL,0.6,1.3,N,STAT,2025-08-12 03:03,2025-08-12 03:24,2025-08-12 04:32
LAB741488,ENC117561,PT13302,GLU,Glucose,134,mg/dL,70,99,H,Routine,2025-08-12 03:23,2025-08-12 03:41,2025-08-12 05:49
LAB741489,ENC117561,PT13302,CREAT,Creatinine,1,mg/dL,0.6,1.3,N,STAT,2025-08-12 03:11,2025-08-12 03:32,2025-08-12 04:12
LAB741490,ENC117561,PT13302,WBC,White Blood Cell Count,6.7,K/uL,4.5,11,N,STAT,2025-08-12 02:53,2025-08-12 03:25,2025-08-12 04:10
LAB741491,ENC117561,PT13302,HGB,Hemoglobin,9.4,g/dL,12,17.5,L,STAT,2025-08-12 02:23,2025-08-12 02:42,2025-08-12 03:35
LAB741492,ENC117561,PT13302,NA,Sodium,142,mmol/L,136,145,N,STAT,2025-08-12 02:46,2025-08-12 03:07,2025-08-12 04:00
LAB741493,ENC117561,PT13302,K,Potassium,3.5,mmol/L,3.5,5.1,N,STAT,2025-08-12 02:21,2025-08-12 02:42,2025-08-12 04:00
LAB741494,ENC117562,PT10951,GLU,Glucose,101,mg/dL,70,99,H,STAT,2025-08-12 05:03,2025-08-12 05:28,2025-08-12 06:05
LAB741495,ENC117562,PT10951,CREAT,Creatinine,0.65,mg/dL,0.6,1.3,N,STAT,2025-08-12 05:30,2025-08-12 05:58,2025-08-12 07:33
LAB741496,ENC117562,PT10951,WBC,White Blood Cell Count,7.1,K/uL,4.5,11,N,Routine,2025-08-12 05:09,2025-08-12 05:43,2025-08-12 08:23
LAB741497,ENC117562,PT10951,HGB,Hemoglobin,14.8,g/dL,12,17.5,N,Routine,2025-08-12 05:13,2025-08-12 05:41,2025-08-12 07:38
LAB741498,ENC117563,PT12699,GLU,Glucose,115,mg/dL,70,99,H,STAT,2025-08-12 06:20,2025-08-12 06:33,2025-08-12 07:41
LAB741499,ENC117563,PT12699,CREAT,Creatinine,0.9,mg/dL,0.6,1.3,N,STAT,2025-08-12 06:45,2025-08-12 07:07,2025-08-12 08:15
LAB741500,ENC117563,PT12699,WBC,White Blood Cell Count,6.2,K/uL,4.5,11,N,STAT,2025-08-12 06:44,2025-08-12 06:55,2025-08-12 08:30
LAB741501,ENC117563,PT12699,HGB,Hemoglobin,14.4,g/dL,12,17.5,N,Routine,2025-08-12 06:18,2025-08-12 06:52,2025-08-12 08:56
LAB741502,ENC117564,PT13278,GLU,Glucose,131,mg/dL,70,99,H,STAT,2025-08-12 06:52,2025-08-12 06:57,2025-08-12 07:41
LAB741503,ENC117564,PT13278,CREAT,Creatinine,0.82,mg/dL,0.6,1.3,N,STAT,2025-08-12 06:44,2025-08-12 07:17,2025-08-12 07:55
LAB741504,ENC117564,PT13278,WBC,White Blood Cell Count,9.3,K/uL,4.5,11,N,Routine,2025-08-12 06:15,2025-08-12 06:41,2025-08-12 08:50
LAB741505,ENC117564,PT13278,HGB,Hemoglobin,15,g/dL,12,17.5,N,STAT,2025-08-12 07:06,2025-08-12 07:21,2025-08-12 08:26
LAB741506,ENC117565,PT10428,GLU,Glucose,126,mg/dL,70,99,H,Routine,2025-08-12 06:50,2025-08-12 07:02,2025-08-12 10:48
LAB741507,ENC117565,PT10428,CREAT,Creatinine,0.98,mg/dL,0.6,1.3,N,STAT,2025-08-12 07:14,2025-08-12 07:20,2025-08-12 07:55
LAB741508,ENC117565,PT10428,WBC,White Blood Cell Count,6.4,K/uL,4.5,11,N,STAT,2025-08-12 07:10,2025-08-12 07:14,2025-08-12 08:34
LAB741509,ENC117565,PT10428,HGB,Hemoglobin,15,g/dL,12,17.5,N,Routine,2025-08-12 06:37,2025-08-12 06:51,2025-08-12 07:51
LAB741510,ENC117565,PT10428,NA,Sodium,139,mmol/L,136,145,N,Routine,2025-08-12 06:38,2025-08-12 07:02,2025-08-12 09:05
LAB741511,ENC117565,PT10428,K,Potassium,3.7,mmol/L,3.5,5.1,N,STAT,2025-08-12 07:00,2025-08-12 07:15,2025-08-12 08:17
LAB741512,ENC117566,PT11828,GLU,Glucose,123,mg/dL,70,99,H,STAT,2025-08-12 10:14,2025-08-12 10:21,2025-08-12 10:47
LAB741513,ENC117566,PT11828,CREAT,Creatinine,0.95,mg/dL,0.6,1.3,N,STAT,2025-08-12 09:51,2025-08-12 10:04,2025-08-12 11:30
LAB741514,ENC117566,PT11828,WBC,White Blood Cell Count,7.8,K/uL,4.5,11,N,STAT,2025-08-12 10:17,2025-08-12 10:49,2025-08-12 11:45
LAB741515,ENC117566,PT11828,HGB,Hemoglobin,14.7,g/dL,12,17.5,N,STAT,2025-08-12 10:15,2025-08-12 10:31,2025-08-12 12:09
LAB741516,ENC117566,PT11828,NA,Sodium,142,mmol/L,136,145,N,Routine,2025-08-12 10:19,2025-08-12 10:28,2025-08-12 15:34
LAB741517,ENC117566,PT11828,K,Potassium,3.9,mmol/L,3.5,5.1,N,STAT,2025-08-12 10:19,2025-08-12 10:52,2025-08-12 11:24
LAB741518,ENC117567,PT10316,GLU,Glucose,93,mg/dL,70,99,N,STAT,2025-08-12 07:43,2025-08-12 08:03,2025-08-12 08:35
LAB741519,ENC117567,PT10316,CREAT,Creatinine,1.19,mg/dL,0.6,1.3,N,Routine,2025-08-12 07:15,2025-08-12 07:22,2025-08-12 09:20
LAB741520,ENC117567,PT10316,WBC,White Blood Cell Count,6.5,K/uL,4.5,11,N,STAT,2025-08-12 08:22,2025-08-12 08:27,2025-08-12 08:56
LAB741521,ENC117567,PT10316,HGB,Hemoglobin,14.2,g/dL,12,17.5,N,STAT,2025-08-12 07:45,2025-08-12 07:53,2025-08-12 08:36
LAB741522,ENC117567,PT10316,BUN,Blood Urea Nitrogen,11,mg/dL,7,20,N,Routine,2025-08-12 07:47,2025-08-12 08:16,2025-08-12 10:49
LAB741523,ENC117567,PT10316,PLT,Platelet Count,224,K/uL,150,400,N,Routine,2025-08-12 08:19,2025-08-12 08:23,2025-08-12 10:38
LAB741524,ENC117569,PT10625,LDL,LDL Cholesterol,77,mg/dL,0,99,N,Routine,2025-08-12 08:40,2025-08-12 08:44,2025-08-13 03:28
LAB741525,ENC117571,PT12670,GLU,Glucose,122,mg/dL,70,99,H,STAT,2025-08-12 11:02,2025-08-12 11:20,2025-08-12 11:51
LAB741526,ENC117571,PT12670,CREAT,Creatinine,0.84,mg/dL,0.6,1.3,N,Routine,2025-08-12 12:05,2025-08-12 12:38,2025-08-12 18:01
LAB741527,ENC117571,PT12670,WBC,White Blood Cell Count,13.5,K/uL,4.5,11,H,Routine,2025-08-12 11:25,2025-08-12 11:44,2025-08-12 14:45
LAB741528,ENC117571,PT12670,HGB,Hemoglobin,13.4,g/dL,12,17.5,N,STAT,2025-08-12 11:22,2025-08-12 11:57,2025-08-12 12:44
LAB741529,ENC117574,PT10195,WBC,White Blood Cell Count,7.5,K/uL,4.5,11,N,Routine,2025-08-12 10:56,2025-08-12 11:07,2025-08-12 19:04
LAB741530,ENC117574,PT10195,HGB,Hemoglobin,11.9,g/dL,12,17.5,L,Routine,2025-08-12 10:54,2025-08-12 11:05,2025-08-12 13:24
LAB741531,ENC117574,PT10195,PLT,Platelet Count,263,K/uL,150,400,N,Routine,2025-08-12 11:07,2025-08-12 11:38,2025-08-12 14:14
LAB741532,ENC117575,PT11983,A1C,Hemoglobin A1c,12.2,%,4,5.6,H,Routine,2025-08-12 11:09,2025-08-12 11:15,2025-08-13 01:11
LAB741533,ENC117576,PT11566,GLU,Glucose,99,mg/dL,70,99,N,Routine,2025-08-12 11:46,2025-08-12 12:07,2025-08-12 14:43
LAB741534,ENC117576,PT11566,CREAT,Creatinine,1.07,mg/dL,0.6,1.3,N,STAT,2025-08-12 12:14,2025-08-12 12:31,2025-08-12 13:20
LAB741535,ENC117576,PT11566,WBC,White Blood Cell Count,8.4,K/uL,4.5,11,N,STAT,2025-08-12 11:33,2025-08-12 11:42,2025-08-12 12:25
LAB741536,ENC117576,PT11566,HGB,Hemoglobin,14.1,g/dL,12,17.5,N,STAT,2025-08-12 11:58,2025-08-12 12:11,2025-08-12 13:31
LAB741537,ENC117576,PT11566,INR,Prothrombin Time INR,1,ratio,0.8,1.2,N,Routine,2025-08-12 11:38,2025-08-12 12:04,2025-08-12 14:53
LAB741538,ENC117578,PT13563,LDL,LDL Cholesterol,130,mg/dL,0,99,H,Routine,2025-08-12 12:15,2025-08-12 12:30,2025-08-13 00:13
LAB741539,ENC117578,PT13563,A1C,Hemoglobin A1c,5.6,%,4,5.6,N,Routine,2025-08-12 12:02,2025-08-12 12:29,2025-08-13 08:28
LAB741540,ENC117578,PT13563,TSH,Thyroid Stimulating Hormone,2.58,mIU/L,0.4,4,N,Routine,2025-08-12 11:55,2025-08-12 12:29,2025-08-13 02:33
LAB741541,ENC117579,PT12177,A1C,Hemoglobin A1c,8.3,%,4,5.6,H,Routine,2025-08-12 12:33,2025-08-12 12:38,2025-08-13 03:40
LAB741542,ENC117580,PT10965,GLU,Glucose,127,mg/dL,70,99,H,Routine,2025-08-12 15:51,2025-08-12 16:07,2025-08-12 18:33
LAB741543,ENC117580,PT10965,CREAT,Creatinine,2.2,mg/dL,0.6,1.3,H,STAT,2025-08-12 15:56,2025-08-12 16:09,2025-08-12 16:52
LAB741544,ENC117580,PT10965,WBC,White Blood Cell Count,8.9,K/uL,4.5,11,N,STAT,2025-08-12 15:37,2025-08-12 16:08,2025-08-12 16:58
LAB741545,ENC117580,PT10965,HGB,Hemoglobin,11.7,g/dL,12,17.5,L,STAT,2025-08-12 15:47,2025-08-12 16:11,2025-08-12 16:43
LAB741546,ENC117580,PT10965,NA,Sodium,125,mmol/L,136,145,L,Routine,2025-08-12 15:25,2025-08-12 15:56,2025-08-12 18:52
LAB741547,ENC117580,PT10965,K,Potassium,3.7,mmol/L,3.5,5.1,N,STAT,2025-08-12 16:16,2025-08-12 16:48,2025-08-12 17:48
LAB741548,ENC117583,PT13298,WBC,White Blood Cell Count,10.3,K/uL,4.5,11,N,Routine,2025-08-12 14:26,2025-08-12 15:00,2025-08-12 16:15
LAB741549,ENC117583,PT13298,HGB,Hemoglobin,11.2,g/dL,12,17.5,L,Routine,2025-08-12 14:12,2025-08-12 14:34,2025-08-12 17:15
LAB741550,ENC117583,PT13298,PLT,Platelet Count,257,K/uL,150,400,N,Routine,2025-08-12 14:14,2025-08-12 14:39,2025-08-12 18:14
LAB741551,ENC117584,PT10201,LDL,LDL Cholesterol,192,mg/dL,0,99,H,Routine,2025-08-12 14:41,2025-08-12 14:53,2025-08-13 02:45
LAB741552,ENC117586,PT11174,LDL,LDL Cholesterol,96,mg/dL,0,99,N,Routine,2025-08-12 15:51,2025-08-12 16:09,2025-08-13 10:44
LAB741553,ENC117589,PT10074,A1C,Hemoglobin A1c,5.5,%,4,5.6,N,Routine,2025-08-12 16:06,2025-08-12 16:16,2025-08-13 18:37
LAB741554,ENC117590,PT10033,LDL,LDL Cholesterol,135,mg/dL,0,99,H,Routine,2025-08-12 16:29,2025-08-12 16:46,2025-08-13 09:38
LAB741555,ENC117590,PT10033,TSH,Thyroid Stimulating Hormone,3.62,mIU/L,0.4,4,N,Routine,2025-08-12 16:06,2025-08-12 16:11,2025-08-13 04:22
LAB741556,ENC117591,PT12111,WBC,White Blood Cell Count,7.2,K/uL,4.5,11,N,Routine,2025-08-12 16:48,2025-08-12 17:11,2025-08-12 18:41
LAB741557,ENC117591,PT12111,HGB,Hemoglobin,15.7,g/dL,12,17.5,N,Routine,2025-08-12 16:35,2025-08-12 16:46,2025-08-12 20:52
LAB741558,ENC117591,PT12111,PLT,Platelet Count,248,K/uL,150,400,N,Routine,2025-08-12 17:00,2025-08-12 17:14,2025-08-12 18:46
LAB741559,ENC117592,PT10283,GLU,Glucose,106,mg/dL,70,99,H,Routine,2025-08-12 17:49,2025-08-12 18:11,2025-08-12 20:44
LAB741560,ENC117592,PT10283,CREAT,Creatinine,1.28,mg/dL,0.6,1.3,N,STAT,2025-08-12 17:39,2025-08-12 18:01,2025-08-12 18:25
LAB741561,ENC117592,PT10283,WBC,White Blood Cell Count,15,K/uL,4.5,11,H,STAT,2025-08-12 17:20,2025-08-12 17:30,2025-08-12 17:57
LAB741562,ENC117592,PT10283,HGB,Hemoglobin,12.8,g/dL,12,17.5,N,STAT,2025-08-12 17:30,2025-08-12 17:34,2025-08-12 18:17
LAB741563,ENC117593,PT12335,A1C,Hemoglobin A1c,7.9,%,4,5.6,H,STAT,2025-08-12 18:45,2025-08-12 19:02,2025-08-12 20:07
LAB741564,ENC117594,PT10409,GLU,Glucose,85,mg/dL,70,99,N,STAT,2025-08-12 19:04,2025-08-12 19:30,2025-08-12 21:30
LAB741565,ENC117594,PT10409,CREAT,Creatinine,1.23,mg/dL,0.6,1.3,N,STAT,2025-08-12 19:01,2025-08-12 19:32,2025-08-12 20:02
LAB741566,ENC117594,PT10409,WBC,White Blood Cell Count,12,K/uL,4.5,11,H,STAT,2025-08-12 20:10,2025-08-12 20:29,2025-08-12 20:59
LAB741567,ENC117594,PT10409,HGB,Hemoglobin,15.1,g/dL,12,17.5,N,Routine,2025-08-12 20:02,2025-08-12 20:36,2025-08-13 00:49
LAB741568,ENC117594,PT10409,INR,Prothrombin Time INR,3.3,ratio,0.8,1.2,H,Routine,2025-08-12 19:32,2025-08-12 19:47,2025-08-12 23:48
LAB741569,ENC117596,PT13228,GLU,Glucose,105,mg/dL,70,99,H,STAT,2025-08-12 21:07,2025-08-12 21:15,2025-08-12 21:47
LAB741570,ENC117596,PT13228,CREAT,Creatinine,0.46,mg/dL,0.6,1.3,L,Routine,2025-08-12 21:16,2025-08-12 21:31,2025-08-12 22:37
LAB741571,ENC117597,PT12617,GLU,Glucose,96,mg/dL,70,99,N,Routine,2025-08-13 01:36,2025-08-13 02:02,2025-08-13 03:44
LAB741572,ENC117597,PT12617,CREAT,Creatinine,0.77,mg/dL,0.6,1.3,N,STAT,2025-08-13 01:26,2025-08-13 01:47,2025-08-13 02:24
LAB741573,ENC117597,PT12617,WBC,White Blood Cell Count,6.7,K/uL,4.5,11,N,STAT,2025-08-13 02:32,2025-08-13 02:36,2025-08-13 03:41
LAB741574,ENC117597,PT12617,HGB,Hemoglobin,14,g/dL,12,17.5,N,Routine,2025-08-13 01:30,2025-08-13 01:55,2025-08-13 03:41
LAB741575,ENC117598,PT12021,GLU,Glucose,104,mg/dL,70,99,H,STAT,2025-08-13 05:09,2025-08-13 05:33,2025-08-13 06:36
LAB741576,ENC117598,PT12021,CREAT,Creatinine,0.26,mg/dL,0.6,1.3,L,STAT,2025-08-13 04:22,2025-08-13 04:45,2025-08-13 05:02
LAB741577,ENC117598,PT12021,WBC,White Blood Cell Count,14,K/uL,4.5,11,H,STAT,2025-08-13 04:43,2025-08-13 05:00,2025-08-13 05:41
LAB741578,ENC117598,PT12021,HGB,Hemoglobin,13.1,g/dL,12,17.5,N,STAT,2025-08-13 05:12,2025-08-13 05:47,2025-08-13 06:40
LAB741579,ENC117599,PT10554,GLU,Glucose,256,mg/dL,70,99,H,Routine,2025-08-13 09:28,2025-08-13 09:59,2025-08-13 12:13
LAB741580,ENC117599,PT10554,CREAT,Creatinine,0.79,mg/dL,0.6,1.3,N,STAT,2025-08-13 10:03,2025-08-13 10:23,2025-08-13 11:03
LAB741581,ENC117599,PT10554,WBC,White Blood Cell Count,5.6,K/uL,4.5,11,N,Routine,2025-08-13 09:52,2025-08-13 10:18,2025-08-13 18:00
LAB741582,ENC117599,PT10554,HGB,Hemoglobin,14.7,g/dL,12,17.5,N,STAT,2025-08-13 09:15,2025-08-13 09:33,2025-08-13 10:05
LAB741583,ENC117599,PT10554,TROP,"Troponin I, High Sensitivity",12,ng/L,0,34,N,STAT,2025-08-13 09:09,2025-08-13 09:15,2025-08-13 10:35
LAB741584,ENC117599,PT10554,BNP,B-Type Natriuretic Peptide,1202,pg/mL,0,100,H,STAT,2025-08-13 09:28,2025-08-13 10:01,2025-08-13 12:10
LAB741585,ENC117600,PT13253,WBC,White Blood Cell Count,7,K/uL,4.5,11,N,Routine,2025-08-13 08:42,2025-08-13 08:54,2025-08-13 13:02
LAB741586,ENC117600,PT13253,HGB,Hemoglobin,14.1,g/dL,12,17.5,N,Routine,2025-08-13 08:47,2025-08-13 08:59,2025-08-13 14:22
LAB741587,ENC117600,PT13253,PLT,Platelet Count,278,K/uL,150,400,N,Routine,2025-08-13 08:36,2025-08-13 08:52,2025-08-13 12:01
LAB741588,ENC117601,PT12735,A1C,Hemoglobin A1c,9.1,%,4,5.6,H,Routine,2025-08-13 08:57,2025-08-13 09:18,2025-08-14 05:50
LAB741589,ENC117601,PT12735,GLU,Glucose,238,mg/dL,70,99,H,Routine,2025-08-13 09:11,2025-08-13 09:42,2025-08-13 15:27
LAB741590,ENC117601,PT12735,CREAT,Creatinine,1.12,mg/dL,0.6,1.3,N,Routine,2025-08-13 09:10,2025-08-13 09:21,2025-08-13 15:52
LAB741591,ENC117602,PT11301,GLU,Glucose,113,mg/dL,70,99,H,Routine,2025-08-13 11:57,2025-08-13 12:23,2025-08-13 17:59
LAB741592,ENC117602,PT11301,CREAT,Creatinine,1.11,mg/dL,0.6,1.3,N,STAT,2025-08-13 12:04,2025-08-13 12:31,2025-08-13 14:15
LAB741593,ENC117602,PT11301,WBC,White Blood Cell Count,8,K/uL,4.5,11,N,Routine,2025-08-13 11:59,2025-08-13 12:24,2025-08-13 16:29
LAB741594,ENC117602,PT11301,HGB,Hemoglobin,16.2,g/dL,12,17.5,N,STAT,2025-08-13 11:37,2025-08-13 11:57,2025-08-13 12:36
LAB741595,ENC117602,PT11301,NA,Sodium,140,mmol/L,136,145,N,Routine,2025-08-13 12:25,2025-08-13 12:53,2025-08-13 16:36
LAB741596,ENC117602,PT11301,K,Potassium,4.6,mmol/L,3.5,5.1,N,STAT,2025-08-13 12:31,2025-08-13 12:54,2025-08-13 13:32
LAB741597,ENC117602,PT11301,TROP,"Troponin I, High Sensitivity",341,ng/L,0,34,H,STAT,2025-08-13 12:19,2025-08-13 12:41,2025-08-13 13:33
LAB741598,ENC117603,PT11030,GLU,Glucose,118,mg/dL,70,99,H,STAT,2025-08-13 13:57,2025-08-13 14:08,2025-08-13 15:06
LAB741599,ENC117603,PT11030,CREAT,Creatinine,1.32,mg/dL,0.6,1.3,H,STAT,2025-08-13 13:42,2025-08-13 14:12,2025-08-13 15:07
LAB741600,ENC117603,PT11030,WBC,White Blood Cell Count,15.1,K/uL,4.5,11,H,STAT,2025-08-13 13:36,2025-08-13 13:59,2025-08-13 14:26
LAB741601,ENC117603,PT11030,HGB,Hemoglobin,13.7,g/dL,12,17.5,N,Routine,2025-08-13 13:44,2025-08-13 14:18,2025-08-13 18:59
LAB741602,ENC117603,PT11030,BUN,Blood Urea Nitrogen,11,mg/dL,7,20,N,STAT,2025-08-13 13:39,2025-08-13 14:08,2025-08-13 14:27
LAB741603,ENC117603,PT11030,PLT,Platelet Count,256,K/uL,150,400,N,Routine,2025-08-13 14:35,2025-08-13 14:57,2025-08-14 00:35
LAB741604,ENC117604,PT13376,A1C,Hemoglobin A1c,9.9,%,4,5.6,H,Routine,2025-08-13 10:13,2025-08-13 10:42,2025-08-13 23:26
LAB741605,ENC117606,PT13234,LDL,LDL Cholesterol,172,mg/dL,0,99,H,Routine,2025-08-13 10:07,2025-08-13 10:16,2025-08-13 22:43
LAB741606,ENC117606,PT13234,A1C,Hemoglobin A1c,8.2,%,4,5.6,H,Routine,2025-08-13 10:08,2025-08-13 10:40,2025-08-14 07:56
LAB741607,ENC117608,PT13822,WBC,White Blood Cell Count,3,K/uL,4.5,11,L,Routine,2025-08-13 10:21,2025-08-13 10:40,2025-08-13 12:09
LAB741608,ENC117608,PT13822,HGB,Hemoglobin,15,g/dL,12,17.5,N,Routine,2025-08-13 10:14,2025-08-13 10:28,2025-08-13 13:22
LAB741609,ENC117608,PT13822,PLT,Platelet Count,192,K/uL,150,400,N,Routine,2025-08-13 10:28,2025-08-13 10:58,2025-08-13 13:32
LAB741610,ENC117609,PT11305,GLU,Glucose,214,mg/dL,70,99,H,STAT,2025-08-13 12:08,2025-08-13 12:22,2025-08-13 13:53
LAB741611,ENC117609,PT11305,CREAT,Creatinine,0.74,mg/dL,0.6,1.3,N,STAT,2025-08-13 12:52,2025-08-13 13:09,2025-08-13 13:29
LAB741612,ENC117609,PT11305,WBC,White Blood Cell Count,8.1,K/uL,4.5,11,N,STAT,2025-08-13 12:09,2025-08-13 12:41,2025-08-13 13:28
LAB741613,ENC117609,PT11305,HGB,Hemoglobin,14.7,g/dL,12,17.5,N,STAT,2025-08-13 11:55,2025-08-13 12:29,2025-08-13 13:30
LAB741614,ENC117611,PT13367,GLU,Glucose,139,mg/dL,70,99,H,Routine,2025-08-13 16:33,2025-08-13 16:39,2025-08-13 19:49
LAB741615,ENC117611,PT13367,CREAT,Creatinine,0.61,mg/dL,0.6,1.3,N,Routine,2025-08-13 16:01,2025-08-13 16:32,2025-08-13 17:55
LAB741616,ENC117611,PT13367,WBC,White Blood Cell Count,15.5,K/uL,4.5,11,H,Routine,2025-08-13 16:05,2025-08-13 16:33,2025-08-13 19:16
LAB741617,ENC117611,PT13367,HGB,Hemoglobin,13.3,g/dL,12,17.5,N,STAT,2025-08-13 16:14,2025-08-13 16:46,2025-08-13 18:15
LAB741618,ENC117613,PT13995,A1C,Hemoglobin A1c,12.3,%,4,5.6,H,Routine,2025-08-13 12:09,2025-08-13 12:43,2025-08-14 08:04
LAB741619,ENC117613,PT13995,GLU,Glucose,450,mg/dL,70,99,H,Routine,2025-08-13 11:52,2025-08-13 12:01,2025-08-13 14:46
LAB741620,ENC117613,PT13995,CREAT,Creatinine,1.03,mg/dL,0.6,1.3,N,Routine,2025-08-13 12:02,2025-08-13 12:28,2025-08-13 14:59
LAB741621,ENC117615,PT12262,GLU,Glucose,105,mg/dL,70,99,H,STAT,2025-08-13 15:08,2025-08-13 15:38,2025-08-13 16:28
LAB741622,ENC117615,PT12262,CREAT,Creatinine,0.71,mg/dL,0.6,1.3,N,STAT,2025-08-13 14:29,2025-08-13 14:57,2025-08-13 15:29
LAB741623,ENC117615,PT12262,WBC,White Blood Cell Count,13.3,K/uL,4.5,11,H,STAT,2025-08-13 15:02,2025-08-13 15:10,2025-08-13 15:54
LAB741624,ENC117615,PT12262,HGB,Hemoglobin,12.7,g/dL,12,17.5,N,Routine,2025-08-13 15:03,2025-08-13 15:17,2025-08-13 17:41
LAB741625,ENC117615,PT12262,NA,Sodium,140,mmol/L,136,145,N,Routine,2025-08-13 15:21,2025-08-13 15:47,2025-08-13 19:39
LAB741626,ENC117615,PT12262,K,Potassium,4.5,mmol/L,3.5,5.1,N,STAT,2025-08-13 14:59,2025-08-13 15:04,2025-08-13 15:55
LAB741627,ENC117616,PT13326,LDL,LDL Cholesterol,146,mg/dL,0,99,H,Routine,2025-08-13 12:42,2025-08-13 13:03,2025-08-14 01:51
LAB741628,ENC117618,PT10717,GLU,Glucose,108,mg/dL,70,99,H,Routine,2025-08-13 13:15,2025-08-13 13:47,2025-08-13 15:45
LAB741629,ENC117618,PT10717,CREAT,Creatinine,0.71,mg/dL,0.6,1.3,N,Routine,2025-08-13 13:16,2025-08-13 13:50,2025-08-13 15:36
LAB741630,ENC117618,PT10717,WBC,White Blood Cell Count,13,K/uL,4.5,11,H,Routine,2025-08-13 14:13,2025-08-13 14:33,2025-08-13 17:11
LAB741631,ENC117618,PT10717,HGB,Hemoglobin,14.8,g/dL,12,17.5,N,Routine,2025-08-13 13:45,2025-08-13 14:13,2025-08-13 17:49
LAB741632,ENC117621,PT11985,A1C,Hemoglobin A1c,10.1,%,4,5.6,H,Routine,2025-08-13 15:28,2025-08-13 16:01,2025-08-14 01:31
LAB741633,ENC117621,PT11985,GLU,Glucose,383,mg/dL,70,99,H,Routine,2025-08-13 15:45,2025-08-13 16:11,2025-08-13 18:33
LAB741634,ENC117621,PT11985,CREAT,Creatinine,0.58,mg/dL,0.6,1.3,L,Routine,2025-08-13 15:31,2025-08-13 15:39,2025-08-13 19:09
LAB741635,ENC117625,PT13968,GLU,Glucose,101,mg/dL,70,99,H,Routine,2025-08-13 19:02,2025-08-13 19:31,2025-08-13 21:48
LAB741636,ENC117625,PT13968,CREAT,Creatinine,0.93,mg/dL,0.6,1.3,N,STAT,2025-08-13 19:12,2025-08-13 19:17,2025-08-13 20:20
LAB741637,ENC117625,PT13968,WBC,White Blood Cell Count,11.3,K/uL,4.5,11,H,STAT,2025-08-13 19:11,2025-08-13 19:25,2025-08-13 20:13
LAB741638,ENC117625,PT13968,HGB,Hemoglobin,15.8,g/dL,12,17.5,N,STAT,2025-08-13 19:13,2025-08-13 19:43,2025-08-13 20:20
LAB741639,ENC117625,PT13968,NA,Sodium,136,mmol/L,136,145,N,Routine,2025-08-13 19:37,2025-08-13 20:08,2025-08-13 22:05
LAB741640,ENC117625,PT13968,K,Potassium,3.8,mmol/L,3.5,5.1,N,STAT,2025-08-13 19:02,2025-08-13 19:21,2025-08-13 19:52
LAB741641,ENC117625,PT13968,TROP,"Troponin I, High Sensitivity",253,ng/L,0,34,H,STAT,2025-08-13 19:33,2025-08-13 19:48,2025-08-13 21:08
LAB741642,ENC117626,PT10620,LDL,LDL Cholesterol,158,mg/dL,0,99,H,Routine,2025-08-13 16:27,2025-08-13 16:44,2025-08-14 14:55
LAB741643,ENC117626,PT10620,TSH,Thyroid Stimulating Hormone,1.08,mIU/L,0.4,4,N,Routine,2025-08-13 16:37,2025-08-13 17:05,2025-08-14 16:42
LAB741644,ENC117628,PT12322,GLU,Glucose,185,mg/dL,70,99,H,STAT,2025-08-13 22:29,2025-08-13 22:56,2025-08-13 23:40
LAB741645,ENC117628,PT12322,CREAT,Creatinine,1.03,mg/dL,0.6,1.3,N,Routine,2025-08-13 22:34,2025-08-13 22:43,2025-08-14 01:17
LAB741646,ENC117628,PT12322,WBC,White Blood Cell Count,6.9,K/uL,4.5,11,N,STAT,2025-08-13 22:50,2025-08-13 23:18,2025-08-14 00:08
LAB741647,ENC117628,PT12322,HGB,Hemoglobin,13.3,g/dL,12,17.5,N,STAT,2025-08-13 22:51,2025-08-13 23:17,2025-08-13 23:58
LAB741648,ENC117628,PT12322,NA,Sodium,141,mmol/L,136,145,N,Routine,2025-08-13 22:01,2025-08-13 22:34,2025-08-14 01:26
LAB741649,ENC117628,PT12322,K,Potassium,3.8,mmol/L,3.5,5.1,N,STAT,2025-08-13 21:55,2025-08-13 22:24,2025-08-13 23:07
LAB741650,ENC117628,PT12322,TROP,"Troponin I, High Sensitivity",9,ng/L,0,34,N,STAT,2025-08-13 22:31,2025-08-13 22:36,2025-08-13 23:06
LAB741651,ENC117629,PT13963,GLU,Glucose,99,mg/dL,70,99,N,Routine,2025-08-13 22:16,2025-08-13 22:22,2025-08-14 01:13
LAB741652,ENC117629,PT13963,CREAT,Creatinine,1.09,mg/dL,0.6,1.3,N,Routine,2025-08-13 22:29,2025-08-13 22:56,2025-08-14 01:59
LAB741653,ENC117629,PT13963,WBC,White Blood Cell Count,8.3,K/uL,4.5,11,N,STAT,2025-08-13 22:34,2025-08-13 22:43,2025-08-13 23:19
LAB741654,ENC117629,PT13963,HGB,Hemoglobin,13.9,g/dL,12,17.5,N,Routine,2025-08-13 22:20,2025-08-13 22:25,2025-08-13 23:41
LAB741655,ENC117629,PT13963,TROP,"Troponin I, High Sensitivity",12,ng/L,0,34,N,STAT,2025-08-13 21:39,2025-08-13 22:08,2025-08-13 23:31
LAB741656,ENC117629,PT13963,BNP,B-Type Natriuretic Peptide,2515,pg/mL,0,100,H,STAT,2025-08-13 22:32,2025-08-13 23:04,2025-08-14 00:43
LAB741657,ENC117631,PT12101,GLU,Glucose,123,mg/dL,70,99,H,Routine,2025-08-14 08:25,2025-08-14 08:37,2025-08-14 11:54
LAB741658,ENC117631,PT12101,CREAT,Creatinine,1.77,mg/dL,0.6,1.3,H,STAT,2025-08-14 09:14,2025-08-14 09:39,2025-08-14 10:59
LAB741659,ENC117631,PT12101,WBC,White Blood Cell Count,9.4,K/uL,4.5,11,N,Routine,2025-08-14 08:44,2025-08-14 08:55,2025-08-14 14:09
LAB741660,ENC117631,PT12101,HGB,Hemoglobin,14.6,g/dL,12,17.5,N,Routine,2025-08-14 08:40,2025-08-14 08:53,2025-08-14 12:57
LAB741661,ENC117631,PT12101,LACT,Lactate,2.5,mmol/L,0.5,2,H,STAT,2025-08-14 08:49,2025-08-14 08:55,2025-08-14 09:35
LAB741662,ENC117632,PT11469,GLU,Glucose,96,mg/dL,70,99,N,Routine,2025-08-14 07:17,2025-08-14 07:27,2025-08-14 09:12
LAB741663,ENC117632,PT11469,CREAT,Creatinine,1.01,mg/dL,0.6,1.3,N,Routine,2025-08-14 07:47,2025-08-14 08:01,2025-08-14 12:51
LAB741664,ENC117632,PT11469,WBC,White Blood Cell Count,7.6,K/uL,4.5,11,N,STAT,2025-08-14 07:19,2025-08-14 07:40,2025-08-14 08:25
LAB741665,ENC117632,PT11469,HGB,Hemoglobin,13.7,g/dL,12,17.5,N,STAT,2025-08-14 06:59,2025-08-14 07:05,2025-08-14 08:19
LAB741666,ENC117633,PT12048,GLU,Glucose,112,mg/dL,70,99,H,STAT,2025-08-14 12:20,2025-08-14 12:45,2025-08-14 13:34
LAB741667,ENC117633,PT12048,CREAT,Creatinine,0.7,mg/dL,0.6,1.3,N,STAT,2025-08-14 12:14,2025-08-14 12:38,2025-08-14 13:21
LAB741668,ENC117633,PT12048,WBC,White Blood Cell Count,16,K/uL,4.5,11,H,STAT,2025-08-14 12:15,2025-08-14 12:43,2025-08-14 13:44
LAB741669,ENC117633,PT12048,HGB,Hemoglobin,14.7,g/dL,12,17.5,N,STAT,2025-08-14 11:29,2025-08-14 11:45,2025-08-14 12:15
LAB741670,ENC117633,PT12048,NA,Sodium,141,mmol/L,136,145,N,STAT,2025-08-14 11:24,2025-08-14 11:47,2025-08-14 12:42
LAB741671,ENC117633,PT12048,K,Potassium,4.1,mmol/L,3.5,5.1,N,STAT,2025-08-14 11:30,2025-08-14 11:54,2025-08-14 13:12
LAB741672,ENC117634,PT11370,GLU,Glucose,130,mg/dL,70,99,H,STAT,2025-08-14 10:19,2025-08-14 10:35,2025-08-14 12:04
LAB741673,ENC117634,PT11370,CREAT,Creatinine,0.6,mg/dL,0.6,1.3,N,STAT,2025-08-14 10:14,2025-08-14 10:47,2025-08-14 12:15
LAB741674,ENC117634,PT11370,WBC,White Blood Cell Count,2.2,K/uL,4.5,11,L,STAT,2025-08-14 10:56,2025-08-14 11:20,2025-08-14 12:09
LAB741675,ENC117634,PT11370,HGB,Hemoglobin,6.8,g/dL,12,17.5,LL,Routine,2025-08-14 10:51,2025-08-14 11:04,2025-08-14 13:50
LAB741676,ENC117634,PT11370,LACT,Lactate,1.9,mmol/L,0.5,2,N,STAT,2025-08-14 10:09,2025-08-14 10:15,2025-08-14 10:48
LAB741677,ENC117634,PT11370,INR,Prothrombin Time INR,0.9,ratio,0.8,1.2,N,Routine,2025-08-14 10:29,2025-08-14 11:03,2025-08-14 14:51
LAB741678,ENC117635,PT11241,GLU,Glucose,75,mg/dL,70,99,N,STAT,2025-08-14 11:02,2025-08-14 11:26,2025-08-14 12:02
LAB741679,ENC117635,PT11241,CREAT,Creatinine,0.98,mg/dL,0.6,1.3,N,Routine,2025-08-14 11:03,2025-08-14 11:24,2025-08-14 14:54
LAB741680,ENC117635,PT11241,WBC,White Blood Cell Count,9.5,K/uL,4.5,11,N,Routine,2025-08-14 11:01,2025-08-14 11:24,2025-08-14 15:16
LAB741681,ENC117635,PT11241,HGB,Hemoglobin,12.7,g/dL,12,17.5,N,Routine,2025-08-14 11:02,2025-08-14 11:36,2025-08-14 14:17
LAB741682,ENC117636,PT10567,A1C,Hemoglobin A1c,9,%,4,5.6,H,Routine,2025-08-14 08:51,2025-08-14 09:19,2025-08-15 14:41
LAB741683,ENC117637,PT11831,LDL,LDL Cholesterol,145,mg/dL,0,99,H,Routine,2025-08-14 09:04,2025-08-14 09:15,2025-08-15 01:27
LAB741684,ENC117637,PT11831,A1C,Hemoglobin A1c,6.2,%,4,5.6,H,Routine,2025-08-14 09:06,2025-08-14 09:10,2025-08-15 05:18
LAB741685,ENC117638,PT10997,LDL,LDL Cholesterol,115,mg/dL,0,99,H,Routine,2025-08-14 09:29,2025-08-14 09:43,2025-08-14 20:58
LAB741686,ENC117639,PT11356,GLU,Glucose,265,mg/dL,70,99,H,Routine,2025-08-14 10:03,2025-08-14 10:12,2025-08-14 14:09
LAB741687,ENC117639,PT11356,CREAT,Creatinine,0.69,mg/dL,0.6,1.3,N,Routine,2025-08-14 11:06,2025-08-14 11:33,2025-08-14 14:13
LAB741688,ENC117639,PT11356,WBC,White Blood Cell Count,6.4,K/uL,4.5,11,N,Routine,2025-08-14 10:07,2025-08-14 10:38,2025-08-14 13:58
LAB741689,ENC117639,PT11356,HGB,Hemoglobin,15.5,g/dL,12,17.5,N,Routine,2025-08-14 10:31,2025-08-14 11:02,2025-08-14 13:52
LAB741690,ENC117641,PT10716,LDL,LDL Cholesterol,143,mg/dL,0,99,H,Routine,2025-08-14 11:19,2025-08-14 11:53,2025-08-15 04:58
LAB741691,ENC117642,PT12059,GLU,Glucose,108,mg/dL,70,99,H,Routine,2025-08-14 12:03,2025-08-14 12:19,2025-08-14 13:55
LAB741692,ENC117642,PT12059,CREAT,Creatinine,0.85,mg/dL,0.6,1.3,N,STAT,2025-08-14 12:24,2025-08-14 12:56,2025-08-14 13:41
LAB741693,ENC117642,PT12059,WBC,White Blood Cell Count,6.7,K/uL,4.5,11,N,STAT,2025-08-14 12:26,2025-08-14 12:51,2025-08-14 14:09
LAB741694,ENC117642,PT12059,TROP,"Troponin I, High Sensitivity",9,ng/L,0,34,N,STAT,2025-08-14 12:21,2025-08-14 12:36,2025-08-14 13:22
LAB741695,ENC117644,PT11773,LDL,LDL Cholesterol,135,mg/dL,0,99,H,Routine,2025-08-14 12:50,2025-08-14 12:59,2025-08-14 23:28
LAB741696,ENC117644,PT11773,A1C,Hemoglobin A1c,9.4,%,4,5.6,H,Routine,2025-08-14 12:37,2025-08-14 12:45,2025-08-15 15:03
LAB741697,ENC117645,PT11237,GLU,Glucose,255,mg/dL,70,99,H,Routine,2025-08-14 17:21,2025-08-14 17:30,2025-08-14 20:12
LAB741698,ENC117645,PT11237,CREAT,Creatinine,0.81,mg/dL,0.6,1.3,N,Routine,2025-08-14 18:11,2025-08-14 18:43,2025-08-14 21:14
LAB741699,ENC117645,PT11237,WBC,White Blood Cell Count,7.7,K/uL,4.5,11,N,STAT,2025-08-14 17:08,2025-08-14 17:25,2025-08-14 18:11
LAB741700,ENC117645,PT11237,HGB,Hemoglobin,15,g/dL,12,17.5,N,STAT,2025-08-14 17:47,2025-08-14 18:17,2025-08-14 19:01
LAB741701,ENC117645,PT11237,NA,Sodium,141,mmol/L,136,145,N,Routine,2025-08-14 17:08,2025-08-14 17:18,2025-08-14 21:25
LAB741702,ENC117645,PT11237,K,Potassium,4.1,mmol/L,3.5,5.1,N,STAT,2025-08-14 17:40,2025-08-14 17:45,2025-08-14 18:17
LAB741703,ENC117645,PT11237,INR,Prothrombin Time INR,1.2,ratio,0.8,1.2,N,STAT,2025-08-14 18:06,2025-08-14 18:40,2025-08-14 19:16
LAB741704,ENC117646,PT12043,LDL,LDL Cholesterol,201,mg/dL,0,99,H,Routine,2025-08-14 14:29,2025-08-14 14:45,2025-08-15 18:37
LAB741705,ENC117649,PT12818,GLU,Glucose,108,mg/dL,70,99,H,Routine,2025-08-14 18:39,2025-08-14 18:48,2025-08-14 19:57
LAB741706,ENC117649,PT12818,CREAT,Creatinine,0.98,mg/dL,0.6,1.3,N,Routine,2025-08-14 17:40,2025-08-14 18:15,2025-08-14 20:10
LAB741707,ENC117649,PT12818,WBC,White Blood Cell Count,7.1,K/uL,4.5,11,N,Routine,2025-08-14 18:32,2025-08-14 18:49,2025-08-14 20:29
LAB741708,ENC117649,PT12818,HGB,Hemoglobin,9.9,g/dL,12,17.5,L,Routine,2025-08-14 18:44,2025-08-14 18:53,2025-08-14 22:36
LAB741709,ENC117649,PT12818,NA,Sodium,140,mmol/L,136,145,N,STAT,2025-08-14 18:15,2025-08-14 18:20,2025-08-14 18:43
LAB741710,ENC117649,PT12818,K,Potassium,4.3,mmol/L,3.5,5.1,N,STAT,2025-08-14 18:13,2025-08-14 18:35,2025-08-14 19:23
LAB741711,ENC117649,PT12818,INR,Prothrombin Time INR,2.7,ratio,0.8,1.2,H,Routine,2025-08-14 18:19,2025-08-14 18:38,2025-08-14 22:11
LAB741712,ENC117650,PT13431,A1C,Hemoglobin A1c,6.7,%,4,5.6,H,Routine,2025-08-14 16:15,2025-08-14 16:37,2025-08-14 22:16
LAB741713,ENC117652,PT10067,GLU,Glucose,85,mg/dL,70,99,N,STAT,2025-08-14 21:21,2025-08-14 21:45,2025-08-14 23:12
LAB741714,ENC117652,PT10067,CREAT,Creatinine,0.94,mg/dL,0.6,1.3,N,Routine,2025-08-14 21:43,2025-08-14 22:03,2025-08-15 00:19
LAB741715,ENC117652,PT10067,WBC,White Blood Cell Count,7.2,K/uL,4.5,11,N,STAT,2025-08-14 21:20,2025-08-14 21:24,2025-08-14 22:06
LAB741716,ENC117652,PT10067,HGB,Hemoglobin,9.3,g/dL,12,17.5,L,Routine,2025-08-14 20:54,2025-08-14 21:22,2025-08-15 00:50
LAB741717,ENC117652,PT10067,INR,Prothrombin Time INR,1,ratio,0.8,1.2,N,STAT,2025-08-14 20:56,2025-08-14 21:17,2025-08-14 22:16
LAB741718,ENC117654,PT11138,GLU,Glucose,102,mg/dL,70,99,H,Routine,2025-08-14 22:50,2025-08-14 23:13,2025-08-15 00:41
LAB741719,ENC117654,PT11138,CREAT,Creatinine,1.1,mg/dL,0.6,1.3,N,Routine,2025-08-14 22:40,2025-08-14 22:58,2025-08-15 00:11
LAB741720,ENC117654,PT11138,WBC,White Blood Cell Count,4.6,K/uL,4.5,11,N,STAT,2025-08-14 22:30,2025-08-14 23:02,2025-08-14 23:42
LAB741721,ENC117654,PT11138,HGB,Hemoglobin,9.9,g/dL,12,17.5,L,STAT,2025-08-14 23:25,2025-08-14 23:56,2025-08-15 00:42
LAB741722,ENC117656,PT10355,GLU,Glucose,103,mg/dL,70,99,H,STAT,2025-08-14 18:56,2025-08-14 19:29,2025-08-14 20:03
LAB741723,ENC117656,PT10355,CREAT,Creatinine,0.99,mg/dL,0.6,1.3,N,STAT,2025-08-14 19:14,2025-08-14 19:32,2025-08-14 20:29
LAB741724,ENC117656,PT10355,WBC,White Blood Cell Count,6.9,K/uL,4.5,11,N,STAT,2025-08-14 18:49,2025-08-14 19:22,2025-08-14 19:58
LAB741725,ENC117656,PT10355,HGB,Hemoglobin,12.5,g/dL,12,17.5,N,STAT,2025-08-14 19:22,2025-08-14 19:32,2025-08-14 20:21
LAB741726,ENC117656,PT10355,NA,Sodium,141,mmol/L,136,145,N,Routine,2025-08-14 19:26,2025-08-14 19:44,2025-08-14 21:57
LAB741727,ENC117656,PT10355,K,Potassium,4.4,mmol/L,3.5,5.1,N,STAT,2025-08-14 18:50,2025-08-14 18:59,2025-08-14 19:55
LAB741728,ENC117657,PT13129,GLU,Glucose,121,mg/dL,70,99,H,STAT,2025-08-14 23:33,2025-08-14 23:42,2025-08-15 00:37
LAB741729,ENC117657,PT13129,CREAT,Creatinine,0.88,mg/dL,0.6,1.3,N,STAT,2025-08-14 22:58,2025-08-14 23:33,2025-08-15 00:25
LAB741730,ENC117657,PT13129,WBC,White Blood Cell Count,6.9,K/uL,4.5,11,N,STAT,2025-08-14 22:57,2025-08-14 23:07,2025-08-14 23:42
LAB741731,ENC117657,PT13129,HGB,Hemoglobin,13.8,g/dL,12,17.5,N,Routine,2025-08-14 23:45,2025-08-15 00:07,2025-08-15 02:26
LAB741732,ENC117657,PT13129,NA,Sodium,125,mmol/L,136,145,L,Routine,2025-08-14 23:37,2025-08-14 23:47,2025-08-15 08:06
LAB741733,ENC117657,PT13129,K,Potassium,4.4,mmol/L,3.5,5.1,N,STAT,2025-08-14 23:05,2025-08-14 23:29,2025-08-14 23:59
LAB741734,ENC117658,PT10020,GLU,Glucose,95,mg/dL,70,99,N,STAT,2025-08-14 22:08,2025-08-14 22:43,2025-08-14 23:48
LAB741735,ENC117658,PT10020,CREAT,Creatinine,0.72,mg/dL,0.6,1.3,N,STAT,2025-08-14 21:49,2025-08-14 22:19,2025-08-14 22:54
LAB741736,ENC117658,PT10020,WBC,White Blood Cell Count,1,K/uL,4.5,11,L,STAT,2025-08-14 21:27,2025-08-14 21:54,2025-08-14 23:08
LAB741737,ENC117658,PT10020,HGB,Hemoglobin,17.3,g/dL,12,17.5,N,STAT,2025-08-14 22:17,2025-08-14 22:27,2025-08-14 22:50
LAB741738,ENC117658,PT10020,NA,Sodium,140,mmol/L,136,145,N,STAT,2025-08-14 21:46,2025-08-14 21:58,2025-08-14 23:11
LAB741739,ENC117658,PT10020,K,Potassium,4.1,mmol/L,3.5,5.1,N,STAT,2025-08-14 22:12,2025-08-14 22:42,2025-08-14 23:13
LAB741740,ENC117660,PT10658,GLU,Glucose,104,mg/dL,70,99,H,Routine,2025-08-15 00:19,2025-08-15 00:41,2025-08-15 01:48
LAB741741,ENC117660,PT10658,CREAT,Creatinine,1.11,mg/dL,0.6,1.3,N,STAT,2025-08-15 00:05,2025-08-15 00:33,2025-08-15 00:55
LAB741742,ENC117660,PT10658,WBC,White Blood Cell Count,6.7,K/uL,4.5,11,N,STAT,2025-08-14 23:43,2025-08-14 23:48,2025-08-15 00:42
LAB741743,ENC117660,PT10658,HGB,Hemoglobin,10.4,g/dL,12,17.5,L,STAT,2025-08-15 00:06,2025-08-15 00:39,2025-08-15 01:35
LAB741744,ENC117660,PT10658,NA,Sodium,137,mmol/L,136,145,N,STAT,2025-08-15 00:23,2025-08-15 00:58,2025-08-15 01:54
LAB741745,ENC117660,PT10658,K,Potassium,4.3,mmol/L,3.5,5.1,N,STAT,2025-08-14 23:55,2025-08-15 00:12,2025-08-15 01:27
LAB741746,ENC117660,PT10658,LACT,Lactate,3.4,mmol/L,0.5,2,H,STAT,2025-08-15 00:28,2025-08-15 00:46,2025-08-15 01:31
LAB741747,ENC117660,PT10658,INR,Prothrombin Time INR,1,ratio,0.8,1.2,N,Routine,2025-08-15 00:10,2025-08-15 00:20,2025-08-15 05:02
LAB741748,ENC117662,PT11699,GLU,Glucose,81,mg/dL,70,99,N,Routine,2025-08-15 04:03,2025-08-15 04:23,2025-08-15 07:27
LAB741749,ENC117662,PT11699,CREAT,Creatinine,0.66,mg/dL,0.6,1.3,N,STAT,2025-08-15 04:39,2025-08-15 05:05,2025-08-15 05:55
LAB741750,ENC117662,PT11699,WBC,White Blood Cell Count,18.9,K/uL,4.5,11,H,Routine,2025-08-15 04:38,2025-08-15 05:08,2025-08-15 10:26
LAB741751,ENC117662,PT11699,HGB,Hemoglobin,14.2,g/dL,12,17.5,N,STAT,2025-08-15 04:28,2025-08-15 04:48,2025-08-15 05:53
LAB741752,ENC117664,PT12237,GLU,Glucose,121,mg/dL,70,99,H,STAT,2025-08-15 05:19,2025-08-15 05:51,2025-08-15 06:27
LAB741753,ENC117664,PT12237,CREAT,Creatinine,1.07,mg/dL,0.6,1.3,N,Routine,2025-08-15 05:12,2025-08-15 05:23,2025-08-15 07:05
LAB741754,ENC117664,PT12237,WBC,White Blood Cell Count,5.9,K/uL,4.5,11,N,Routine,2025-08-15 06:01,2025-08-15 06:17,2025-08-15 08:53
LAB741755,ENC117665,PT13938,GLU,Glucose,89,mg/dL,70,99,N,STAT,2025-08-15 09:19,2025-08-15 09:25,2025-08-15 10:05
LAB741756,ENC117665,PT13938,CREAT,Creatinine,0.86,mg/dL,0.6,1.3,N,STAT,2025-08-15 08:16,2025-08-15 08:24,2025-08-15 09:21
LAB741757,ENC117665,PT13938,WBC,White Blood Cell Count,8.5,K/uL,4.5,11,N,STAT,2025-08-15 08:23,2025-08-15 08:43,2025-08-15 08:59
LAB741758,ENC117665,PT13938,HGB,Hemoglobin,14.3,g/dL,12,17.5,N,Routine,2025-08-15 09:19,2025-08-15 09:41,2025-08-15 12:18
LAB741759,ENC117665,PT13938,LACT,Lactate,2.9,mmol/L,0.5,2,H,STAT,2025-08-15 08:18,2025-08-15 08:49,2025-08-15 09:36
LAB741760,ENC117666,PT11968,GLU,Glucose,99,mg/dL,70,99,N,STAT,2025-08-15 08:41,2025-08-15 09:12,2025-08-15 09:59
LAB741761,ENC117666,PT11968,CREAT,Creatinine,1,mg/dL,0.6,1.3,N,STAT,2025-08-15 08:42,2025-08-15 09:11,2025-08-15 10:05
LAB741762,ENC117667,PT12177,A1C,Hemoglobin A1c,7.3,%,4,5.6,H,Routine,2025-08-15 08:20,2025-08-15 08:29,2025-08-15 23:02
LAB741763,ENC117667,PT12177,GLU,Glucose,256,mg/dL,70,99,H,Routine,2025-08-15 08:24,2025-08-15 08:43,2025-08-15 11:37
LAB741764,ENC117667,PT12177,CREAT,Creatinine,0.97,mg/dL,0.6,1.3,N,Routine,2025-08-15 08:11,2025-08-15 08:45,2025-08-15 13:09
LAB741765,ENC117669,PT13793,LDL,LDL Cholesterol,97,mg/dL,0,99,N,Routine,2025-08-15 08:40,2025-08-15 09:01,2025-08-15 16:09
LAB741766,ENC117670,PT10429,GLU,Glucose,36,mg/dL,70,99,LL,Routine,2025-08-15 09:42,2025-08-15 10:17,2025-08-15 13:42
LAB741767,ENC117670,PT10429,CREAT,Creatinine,1.05,mg/dL,0.6,1.3,N,STAT,2025-08-15 10:06,2025-08-15 10:24,2025-08-15 11:05
LAB741768,ENC117670,PT10429,WBC,White Blood Cell Count,8.7,K/uL,4.5,11,N,Routine,2025-08-15 09:26,2025-08-15 09:50,2025-08-15 10:49
LAB741769,ENC117670,PT10429,HGB,Hemoglobin,13.4,g/dL,12,17.5,N,Routine,2025-08-15 09:41,2025-08-15 10:01,2025-08-15 13:43
LAB741770,ENC117670,PT10429,NA,Sodium,142,mmol/L,136,145,N,STAT,2025-08-15 10:06,2025-08-15 10:18,2025-08-15 10:40
LAB741771,ENC117670,PT10429,K,Potassium,3.8,mmol/L,3.5,5.1,N,STAT,2025-08-15 10:26,2025-08-15 10:33,2025-08-15 10:57
LAB741772,ENC117670,PT10429,TROP,"Troponin I, High Sensitivity",72,ng/L,0,34,H,STAT,2025-08-15 10:16,2025-08-15 10:29,2025-08-15 11:05
LAB741773,ENC117670,PT10429,BNP,B-Type Natriuretic Peptide,1915,pg/mL,0,100,H,STAT,2025-08-15 09:27,2025-08-15 09:35,2025-08-15 10:09
LAB741774,ENC117671,PT11901,GLU,Glucose,127,mg/dL,70,99,H,STAT,2025-08-15 10:56,2025-08-15 11:28,2025-08-15 12:43
LAB741775,ENC117671,PT11901,CREAT,Creatinine,0.75,mg/dL,0.6,1.3,N,Routine,2025-08-15 10:19,2025-08-15 10:35,2025-08-15 12:08
LAB741776,ENC117671,PT11901,WBC,White Blood Cell Count,16.1,K/uL,4.5,11,H,Routine,2025-08-15 10:56,2025-08-15 11:26,2025-08-15 19:16
LAB741777,ENC117673,PT13844,A1C,Hemoglobin A1c,10.2,%,4,5.6,H,Routine,2025-08-15 11:22,2025-08-15 11:29,2025-08-15 22:18
LAB741778,ENC117673,PT13844,GLU,Glucose,173,mg/dL,70,99,H,Routine,2025-08-15 11:05,2025-08-15 11:13,2025-08-15 15:58
LAB741779,ENC117673,PT13844,CREAT,Creatinine,2.55,mg/dL,0.6,1.3,H,Routine,2025-08-15 11:07,2025-08-15 11:25,2025-08-15 15:42
LAB741780,ENC117677,PT10607,GLU,Glucose,189,mg/dL,70,99,H,STAT,2025-08-15 14:16,2025-08-15 14:48,2025-08-15 15:21
LAB741781,ENC117677,PT10607,CREAT,Creatinine,2.72,mg/dL,0.6,1.3,H,Routine,2025-08-15 13:45,2025-08-15 14:20,2025-08-15 17:21
LAB741782,ENC117677,PT10607,WBC,White Blood Cell Count,14.1,K/uL,4.5,11,H,STAT,2025-08-15 14:35,2025-08-15 14:57,2025-08-15 15:27
LAB741783,ENC117677,PT10607,HGB,Hemoglobin,12.6,g/dL,12,17.5,N,STAT,2025-08-15 14:30,2025-08-15 14:56,2025-08-15 16:15
LAB741784,ENC117677,PT10607,NA,Sodium,135,mmol/L,136,145,L,STAT,2025-08-15 14:11,2025-08-15 14:34,2025-08-15 15:11
LAB741785,ENC117677,PT10607,K,Potassium,4.3,mmol/L,3.5,5.1,N,STAT,2025-08-15 13:34,2025-08-15 14:02,2025-08-15 14:51
LAB741786,ENC117677,PT10607,LACT,Lactate,5.1,mmol/L,0.5,2,HH,STAT,2025-08-15 14:12,2025-08-15 14:39,2025-08-15 15:11
LAB741787,ENC117681,PT10028,GLU,Glucose,95,mg/dL,70,99,N,STAT,2025-08-15 16:13,2025-08-15 16:43,2025-08-15 17:07
LAB741788,ENC117681,PT10028,CREAT,Creatinine,0.46,mg/dL,0.6,1.3,L,STAT,2025-08-15 16:42,2025-08-15 16:46,2025-08-15 17:12
LAB741789,ENC117681,PT10028,WBC,White Blood Cell Count,8.6,K/uL,4.5,11,N,STAT,2025-08-15 16:33,2025-08-15 16:45,2025-08-15 17:23
LAB741790,ENC117681,PT10028,HGB,Hemoglobin,16,g/dL,12,17.5,N,Routine,2025-08-15 16:43,2025-08-15 17:16,2025-08-15 21:32
LAB741791,ENC117682,PT10198,GLU,Glucose,99,mg/dL,70,99,N,STAT,2025-08-15 19:04,2025-08-15 19:28,2025-08-15 19:48
LAB741792,ENC117682,PT10198,CREAT,Creatinine,1.03,mg/dL,0.6,1.3,N,STAT,2025-08-15 19:36,2025-08-15 19:42,2025-08-15 20:48
LAB741793,ENC117682,PT10198,WBC,White Blood Cell Count,9,K/uL,4.5,11,N,STAT,2025-08-15 19:15,2025-08-15 19:33,2025-08-15 20:33
LAB741794,ENC117682,PT10198,HGB,Hemoglobin,12.9,g/dL,12,17.5,N,Routine,2025-08-15 19:45,2025-08-15 20:04,2025-08-15 21:54
LAB741795,ENC117683,PT10681,GLU,Glucose,87,mg/dL,70,99,N,STAT,2025-08-15 20:27,2025-08-15 20:38,2025-08-15 20:52
LAB741796,ENC117683,PT10681,CREAT,Creatinine,0.94,mg/dL,0.6,1.3,N,Routine,2025-08-15 20:24,2025-08-15 20:44,2025-08-15 23:18
LAB741797,ENC117683,PT10681,WBC,White Blood Cell Count,4.2,K/uL,4.5,11,L,STAT,2025-08-15 20:23,2025-08-15 20:39,2025-08-15 21:22
LAB741798,ENC117683,PT10681,HGB,Hemoglobin,16.1,g/dL,12,17.5,N,Routine,2025-08-15 20:17,2025-08-15 20:35,2025-08-15 23:48
LAB741799,ENC117683,PT10681,TROP,"Troponin I, High Sensitivity",92,ng/L,0,34,H,STAT,2025-08-15 20:50,2025-08-15 21:12,2025-08-15 22:22
LAB741800,ENC117683,PT10681,BNP,B-Type Natriuretic Peptide,490,pg/mL,0,100,H,STAT,2025-08-15 20:45,2025-08-15 21:18,2025-08-15 21:50
LAB741801,ENC117685,PT13021,GLU,Glucose,125,mg/dL,70,99,H,STAT,2025-08-15 21:27,2025-08-15 21:57,2025-08-15 22:40
LAB741802,ENC117685,PT13021,CREAT,Creatinine,0.95,mg/dL,0.6,1.3,N,STAT,2025-08-15 21:56,2025-08-15 22:14,2025-08-15 23:10
LAB741803,ENC117685,PT13021,WBC,White Blood Cell Count,6,K/uL,4.5,11,N,Routine,2025-08-15 21:33,2025-08-15 22:02,2025-08-15 23:29
LAB741804,ENC117685,PT13021,HGB,Hemoglobin,15,g/dL,12,17.5,N,STAT,2025-08-15 21:41,2025-08-15 22:02,2025-08-15 22:42
LAB741805,ENC117685,PT13021,LACT,Lactate,1.7,mmol/L,0.5,2,N,STAT,2025-08-15 22:01,2025-08-15 22:35,2025-08-15 22:51
LAB741806,ENC117686,PT13657,GLU,Glucose,93,mg/dL,70,99,N,STAT,2025-08-15 19:28,2025-08-15 19:43,2025-08-15 21:11
LAB741807,ENC117686,PT13657,CREAT,Creatinine,0.88,mg/dL,0.6,1.3,N,STAT,2025-08-15 19:38,2025-08-15 20:07,2025-08-15 20:49
LAB741808,ENC117686,PT13657,WBC,White Blood Cell Count,10.7,K/uL,4.5,11,N,STAT,2025-08-15 19:50,2025-08-15 20:19,2025-08-15 21:17
LAB741809,ENC117686,PT13657,HGB,Hemoglobin,12.3,g/dL,12,17.5,N,STAT,2025-08-15 19:14,2025-08-15 19:32,2025-08-15 19:51
LAB741810,ENC117689,PT13717,GLU,Glucose,98,mg/dL,70,99,N,Routine,2025-08-16 00:54,2025-08-16 01:22,2025-08-16 03:28
LAB741811,ENC117689,PT13717,CREAT,Creatinine,0.94,mg/dL,0.6,1.3,N,STAT,2025-08-16 00:58,2025-08-16 01:09,2025-08-16 01:51
LAB741812,ENC117689,PT13717,WBC,White Blood Cell Count,0.6,K/uL,4.5,11,LL,STAT,2025-08-16 01:15,2025-08-16 01:28,2025-08-16 01:58
LAB741813,ENC117689,PT13717,HGB,Hemoglobin,13.5,g/dL,12,17.5,N,Routine,2025-08-16 00:30,2025-08-16 00:43,2025-08-16 03:59
LAB741814,ENC117690,PT10092,GLU,Glucose,141,mg/dL,70,99,H,Routine,2025-08-16 01:51,2025-08-16 02:06,2025-08-16 08:47
LAB741815,ENC117690,PT10092,CREAT,Creatinine,1.22,mg/dL,0.6,1.3,N,STAT,2025-08-16 02:16,2025-08-16 02:24,2025-08-16 03:44
LAB741816,ENC117690,PT10092,WBC,White Blood Cell Count,7.5,K/uL,4.5,11,N,STAT,2025-08-16 02:18,2025-08-16 02:49,2025-08-16 03:50
LAB741817,ENC117690,PT10092,HGB,Hemoglobin,14.2,g/dL,12,17.5,N,STAT,2025-08-16 02:45,2025-08-16 03:02,2025-08-16 03:39
LAB741818,ENC117690,PT10092,INR,Prothrombin Time INR,0.9,ratio,0.8,1.2,N,Routine,2025-08-16 01:51,2025-08-16 02:16,2025-08-16 06:30
LAB741819,ENC117691,PT11017,GLU,Glucose,121,mg/dL,70,99,H,STAT,2025-08-16 08:27,2025-08-16 08:45,2025-08-16 09:20
LAB741820,ENC117691,PT11017,CREAT,Creatinine,1.27,mg/dL,0.6,1.3,N,STAT,2025-08-16 08:20,2025-08-16 08:44,2025-08-16 09:14
LAB741821,ENC117691,PT11017,WBC,White Blood Cell Count,7.8,K/uL,4.5,11,N,Routine,2025-08-16 08:05,2025-08-16 08:38,2025-08-16 10:10
LAB741822,ENC117691,PT11017,HGB,Hemoglobin,17.3,g/dL,12,17.5,N,Routine,2025-08-16 08:15,2025-08-16 08:34,2025-08-16 11:34
LAB741823,ENC117694,PT13139,A1C,Hemoglobin A1c,10.6,%,4,5.6,H,Routine,2025-08-16 12:25,2025-08-16 13:00,2025-08-17 21:11
LAB741824,ENC117695,PT13726,GLU,Glucose,256,mg/dL,70,99,H,STAT,2025-08-16 16:17,2025-08-16 16:49,2025-08-16 17:16
LAB741825,ENC117695,PT13726,CREAT,Creatinine,0.9,mg/dL,0.6,1.3,N,STAT,2025-08-16 15:55,2025-08-16 16:19,2025-08-16 17:17
LAB741826,ENC117695,PT13726,WBC,White Blood Cell Count,7.7,K/uL,4.5,11,N,STAT,2025-08-16 16:39,2025-08-16 16:58,2025-08-16 17:39
LAB741827,ENC117695,PT13726,HGB,Hemoglobin,12,g/dL,12,17.5,N,Routine,2025-08-16 15:37,2025-08-16 15:55,2025-08-16 17:25
LAB741828,ENC117695,PT13726,NA,Sodium,139,mmol/L,136,145,N,Routine,2025-08-16 15:42,2025-08-16 15:59,2025-08-16 18:34
LAB741829,ENC117695,PT13726,K,Potassium,3.6,mmol/L,3.5,5.1,N,STAT,2025-08-16 15:31,2025-08-16 15:58,2025-08-16 16:40
LAB741830,ENC117696,PT10507,GLU,Glucose,111,mg/dL,70,99,H,STAT,2025-08-16 12:32,2025-08-16 12:53,2025-08-16 13:19
LAB741831,ENC117696,PT10507,CREAT,Creatinine,0.77,mg/dL,0.6,1.3,N,STAT,2025-08-16 12:05,2025-08-16 12:17,2025-08-16 13:11
LAB741832,ENC117697,PT12043,GLU,Glucose,140,mg/dL,70,99,H,STAT,2025-08-16 16:09,2025-08-16 16:23,2025-08-16 17:08
LAB741833,ENC117697,PT12043,CREAT,Creatinine,0.93,mg/dL,0.6,1.3,N,STAT,2025-08-16 15:27,2025-08-16 15:42,2025-08-16 17:29
LAB741834,ENC117697,PT12043,WBC,White Blood Cell Count,6.8,K/uL,4.5,11,N,Routine,2025-08-16 15:59,2025-08-16 16:14,2025-08-16 21:14
LAB741835,ENC117697,PT12043,HGB,Hemoglobin,13.4,g/dL,12,17.5,N,STAT,2025-08-16 15:36,2025-08-16 15:40,2025-08-16 16:28
LAB741836,ENC117698,PT12098,GLU,Glucose,99,mg/dL,70,99,N,Routine,2025-08-16 14:00,2025-08-16 14:05,2025-08-16 18:18
LAB741837,ENC117698,PT12098,CREAT,Creatinine,0.94,mg/dL,0.6,1.3,N,STAT,2025-08-16 14:56,2025-08-16 15:24,2025-08-16 16:16
LAB741838,ENC117698,PT12098,WBC,White Blood Cell Count,8.4,K/uL,4.5,11,N,STAT,2025-08-16 14:54,2025-08-16 15:01,2025-08-16 16:10
LAB741839,ENC117698,PT12098,HGB,Hemoglobin,14.8,g/dL,12,17.5,N,STAT,2025-08-16 13:57,2025-08-16 14:25,2025-08-16 15:21
LAB741840,ENC117699,PT12440,GLU,Glucose,134,mg/dL,70,99,H,STAT,2025-08-16 18:27,2025-08-16 18:54,2025-08-16 19:18
LAB741841,ENC117699,PT12440,CREAT,Creatinine,0.63,mg/dL,0.6,1.3,N,STAT,2025-08-16 18:44,2025-08-16 19:15,2025-08-16 19:46
LAB741842,ENC117699,PT12440,WBC,White Blood Cell Count,15.8,K/uL,4.5,11,H,STAT,2025-08-16 18:23,2025-08-16 18:42,2025-08-16 19:10
LAB741843,ENC117699,PT12440,HGB,Hemoglobin,13.1,g/dL,12,17.5,N,Routine,2025-08-16 18:55,2025-08-16 19:28,2025-08-16 23:23
LAB741844,ENC117700,PT10674,GLU,Glucose,99,mg/dL,70,99,N,Routine,2025-08-16 17:32,2025-08-16 17:45,2025-08-16 20:08
LAB741845,ENC117700,PT10674,CREAT,Creatinine,1.2,mg/dL,0.6,1.3,N,STAT,2025-08-16 17:08,2025-08-16 17:24,2025-08-16 17:58
LAB741846,ENC117700,PT10674,WBC,White Blood Cell Count,5.9,K/uL,4.5,11,N,STAT,2025-08-16 17:11,2025-08-16 17:44,2025-08-16 18:47
LAB741847,ENC117700,PT10674,HGB,Hemoglobin,13.8,g/dL,12,17.5,N,Routine,2025-08-16 16:45,2025-08-16 17:10,2025-08-16 21:20
LAB741848,ENC117700,PT10674,TROP,"Troponin I, High Sensitivity",57,ng/L,0,34,H,STAT,2025-08-16 16:30,2025-08-16 16:55,2025-08-16 17:47
LAB741849,ENC117700,PT10674,BNP,B-Type Natriuretic Peptide,719,pg/mL,0,100,H,STAT,2025-08-16 17:24,2025-08-16 17:43,2025-08-16 18:48
LAB741850,ENC117702,PT10688,GLU,Glucose,87,mg/dL,70,99,N,Routine,2025-08-16 16:03,2025-08-16 16:13,2025-08-16 18:25
LAB741851,ENC117702,PT10688,CREAT,Creatinine,0.62,mg/dL,0.6,1.3,N,Routine,2025-08-16 16:13,2025-08-16 16:30,2025-08-16 21:14
LAB741852,ENC117702,PT10688,WBC,White Blood Cell Count,9.1,K/uL,4.5,11,N,Routine,2025-08-16 15:45,2025-08-16 16:10,2025-08-16 18:02
LAB741853,ENC117702,PT10688,HGB,Hemoglobin,12.6,g/dL,12,17.5,N,STAT,2025-08-16 15:31,2025-08-16 16:03,2025-08-16 16:32
LAB741854,ENC117703,PT12071,GLU,Glucose,103,mg/dL,70,99,H,STAT,2025-08-16 18:53,2025-08-16 19:20,2025-08-16 19:38
LAB741855,ENC117703,PT12071,CREAT,Creatinine,0.95,mg/dL,0.6,1.3,N,Routine,2025-08-16 18:33,2025-08-16 18:44,2025-08-16 22:16
LAB741856,ENC117703,PT12071,WBC,White Blood Cell Count,5.5,K/uL,4.5,11,N,STAT,2025-08-16 18:03,2025-08-16 18:08,2025-08-16 18:34
LAB741857,ENC117703,PT12071,HGB,Hemoglobin,12.4,g/dL,12,17.5,N,STAT,2025-08-16 17:58,2025-08-16 18:30,2025-08-16 19:36
LAB741858,ENC117703,PT12071,NA,Sodium,137,mmol/L,136,145,N,Routine,2025-08-16 18:15,2025-08-16 18:50,2025-08-16 20:41
LAB741859,ENC117703,PT12071,K,Potassium,4.3,mmol/L,3.5,5.1,N,STAT,2025-08-16 19:02,2025-08-16 19:06,2025-08-16 19:47
LAB741860,ENC117703,PT12071,TROP,"Troponin I, High Sensitivity",12,ng/L,0,34,N,STAT,2025-08-16 18:14,2025-08-16 18:48,2025-08-16 20:29
LAB741861,ENC117704,PT12863,GLU,Glucose,125,mg/dL,70,99,H,STAT,2025-08-16 22:25,2025-08-16 22:35,2025-08-16 23:01
LAB741862,ENC117704,PT12863,CREAT,Creatinine,0.59,mg/dL,0.6,1.3,L,Routine,2025-08-16 22:20,2025-08-16 22:47,2025-08-17 01:39
LAB741863,ENC117704,PT12863,WBC,White Blood Cell Count,16.5,K/uL,4.5,11,H,STAT,2025-08-16 22:41,2025-08-16 22:45,2025-08-16 23:18
LAB741864,ENC117704,PT12863,HGB,Hemoglobin,12.7,g/dL,12,17.5,N,STAT,2025-08-16 23:15,2025-08-16 23:42,2025-08-17 00:31
LAB741865,ENC117705,PT13387,GLU,Glucose,97,mg/dL,70,99,N,STAT,2025-08-16 23:05,2025-08-16 23:26,2025-08-17 00:02
LAB741866,ENC117705,PT13387,CREAT,Creatinine,2.04,mg/dL,0.6,1.3,H,Routine,2025-08-16 22:36,2025-08-16 23:06,2025-08-17 04:34
LAB741867,ENC117705,PT13387,WBC,White Blood Cell Count,7.9,K/uL,4.5,11,N,STAT,2025-08-16 22:09,2025-08-16 22:17,2025-08-16 23:13
LAB741868,ENC117705,PT13387,HGB,Hemoglobin,11.5,g/dL,12,17.5,L,STAT,2025-08-16 22:22,2025-08-16 22:32,2025-08-16 23:22
LAB741869,ENC117705,PT13387,TROP,"Troponin I, High Sensitivity",246,ng/L,0,34,H,STAT,2025-08-16 22:28,2025-08-16 22:37,2025-08-16 23:01
LAB741870,ENC117706,PT10534,GLU,Glucose,234,mg/dL,70,99,H,STAT,2025-08-16 20:52,2025-08-16 21:14,2025-08-16 22:03
LAB741871,ENC117706,PT10534,CREAT,Creatinine,0.93,mg/dL,0.6,1.3,N,Routine,2025-08-16 19:50,2025-08-16 19:54,2025-08-16 21:19
LAB741872,ENC117707,PT12649,TROP,"Troponin I, High Sensitivity",5,ng/L,0,34,N,STAT,2025-08-16 22:19,2025-08-16 22:31,2025-08-16 23:02
LAB741873,ENC117708,PT13910,GLU,Glucose,115,mg/dL,70,99,H,Routine,2025-08-16 22:21,2025-08-16 22:41,2025-08-16 23:27
LAB741874,ENC117708,PT13910,CREAT,Creatinine,1.38,mg/dL,0.6,1.3,H,STAT,2025-08-16 21:43,2025-08-16 22:05,2025-08-16 22:44
LAB741875,ENC117708,PT13910,WBC,White Blood Cell Count,8.3,K/uL,4.5,11,N,STAT,2025-08-16 21:53,2025-08-16 22:05,2025-08-16 22:38
LAB741876,ENC117710,PT10744,TROP,"Troponin I, High Sensitivity",7,ng/L,0,34,N,STAT,2025-08-16 23:21,2025-08-16 23:50,2025-08-17 01:17
LAB741877,ENC117711,PT12878,GLU,Glucose,103,mg/dL,70,99,H,Routine,2025-08-17 05:27,2025-08-17 05:35,2025-08-17 08:24
LAB741878,ENC117711,PT12878,CREAT,Creatinine,2.33,mg/dL,0.6,1.3,H,STAT,2025-08-17 05:26,2025-08-17 05:54,2025-08-17 06:28
LAB741879,ENC117711,PT12878,WBC,White Blood Cell Count,8.4,K/uL,4.5,11,N,STAT,2025-08-17 04:42,2025-08-17 05:12,2025-08-17 05:55
LAB741880,ENC117711,PT12878,HGB,Hemoglobin,12.1,g/dL,12,17.5,N,Routine,2025-08-17 04:21,2025-08-17 04:56,2025-08-17 09:01
LAB741881,ENC117711,PT12878,NA,Sodium,139,mmol/L,136,145,N,STAT,2025-08-17 04:58,2025-08-17 05:08,2025-08-17 05:48
LAB741882,ENC117711,PT12878,K,Potassium,4.8,mmol/L,3.5,5.1,N,STAT,2025-08-17 04:45,2025-08-17 04:52,2025-08-17 06:02
LAB741883,ENC117713,PT11368,GLU,Glucose,81,mg/dL,70,99,N,STAT,2025-08-17 04:37,2025-08-17 05:05,2025-08-17 06:02
LAB741884,ENC117713,PT11368,CREAT,Creatinine,2.28,mg/dL,0.6,1.3,H,Routine,2025-08-17 04:46,2025-08-17 05:20,2025-08-17 09:04
LAB741885,ENC117713,PT11368,WBC,White Blood Cell Count,8.8,K/uL,4.5,11,N,STAT,2025-08-17 05:32,2025-08-17 06:00,2025-08-17 06:28
LAB741886,ENC117713,PT11368,HGB,Hemoglobin,10.9,g/dL,12,17.5,L,Routine,2025-08-17 05:25,2025-08-17 05:57,2025-08-17 08:56
LAB741887,ENC117713,PT11368,LACT,Lactate,4.2,mmol/L,0.5,2,HH,STAT,2025-08-17 05:27,2025-08-17 05:45,2025-08-17 06:22
LAB741888,ENC117714,PT13397,GLU,Glucose,72,mg/dL,70,99,N,Routine,2025-08-17 08:57,2025-08-17 09:28,2025-08-17 11:00
LAB741889,ENC117714,PT13397,CREAT,Creatinine,1.81,mg/dL,0.6,1.3,H,STAT,2025-08-17 08:49,2025-08-17 09:08,2025-08-17 10:15
LAB741890,ENC117714,PT13397,WBC,White Blood Cell Count,18.9,K/uL,4.5,11,H,STAT,2025-08-17 07:59,2025-08-17 08:03,2025-08-17 08:32
LAB741891,ENC117714,PT13397,HGB,Hemoglobin,11.8,g/dL,12,17.5,L,STAT,2025-08-17 08:26,2025-08-17 08:42,2025-08-17 09:37
LAB741892,ENC117715,PT13706,GLU,Glucose,82,mg/dL,70,99,N,STAT,2025-08-17 10:00,2025-08-17 10:11,2025-08-17 10:50
LAB741893,ENC117715,PT13706,CREAT,Creatinine,0.81,mg/dL,0.6,1.3,N,STAT,2025-08-17 10:10,2025-08-17 10:20,2025-08-17 11:26
LAB741894,ENC117715,PT13706,TROP,"Troponin I, High Sensitivity",62,ng/L,0,34,H,STAT,2025-08-17 09:45,2025-08-17 10:17,2025-08-17 11:01
LAB741895,ENC117716,PT13256,GLU,Glucose,91,mg/dL,70,99,N,Routine,2025-08-17 10:13,2025-08-17 10:26,2025-08-17 13:39
LAB741896,ENC117716,PT13256,CREAT,Creatinine,1.36,mg/dL,0.6,1.3,H,STAT,2025-08-17 09:58,2025-08-17 10:14,2025-08-17 11:40
LAB741897,ENC117716,PT13256,WBC,White Blood Cell Count,10,K/uL,4.5,11,N,STAT,2025-08-17 10:04,2025-08-17 10:19,2025-08-17 10:50
LAB741898,ENC117717,PT12613,GLU,Glucose,113,mg/dL,70,99,H,Routine,2025-08-17 12:12,2025-08-17 12:46,2025-08-17 14:45
LAB741899,ENC117717,PT12613,CREAT,Creatinine,1.21,mg/dL,0.6,1.3,N,STAT,2025-08-17 11:52,2025-08-17 12:06,2025-08-17 12:41
LAB741900,ENC117717,PT12613,WBC,White Blood Cell Count,19.9,K/uL,4.5,11,H,STAT,2025-08-17 12:13,2025-08-17 12:23,2025-08-17 13:30
LAB741901,ENC117717,PT12613,HGB,Hemoglobin,13.2,g/dL,12,17.5,N,STAT,2025-08-17 12:49,2025-08-17 13:04,2025-08-17 13:32
LAB741902,ENC117717,PT12613,BUN,Blood Urea Nitrogen,12,mg/dL,7,20,N,STAT,2025-08-17 12:42,2025-08-17 13:16,2025-08-17 15:02
LAB741903,ENC117717,PT12613,PLT,Platelet Count,161,K/uL,150,400,N,Routine,2025-08-17 11:49,2025-08-17 12:17,2025-08-17 13:41
LAB741904,ENC117717,PT12613,LACT,Lactate,3.8,mmol/L,0.5,2,H,STAT,2025-08-17 12:33,2025-08-17 12:41,2025-08-17 13:09
LAB741905,ENC117718,PT11600,GLU,Glucose,95,mg/dL,70,99,N,STAT,2025-08-17 14:25,2025-08-17 14:30,2025-08-17 15:31
LAB741906,ENC117718,PT11600,CREAT,Creatinine,1.08,mg/dL,0.6,1.3,N,STAT,2025-08-17 14:19,2025-08-17 14:36,2025-08-17 15:18
LAB741907,ENC117718,PT11600,WBC,White Blood Cell Count,5.9,K/uL,4.5,11,N,STAT,2025-08-17 14:20,2025-08-17 14:35,2025-08-17 15:19
LAB741908,ENC117718,PT11600,HGB,Hemoglobin,10,g/dL,12,17.5,L,STAT,2025-08-17 14:40,2025-08-17 14:53,2025-08-17 16:16
LAB741909,ENC117719,PT10284,GLU,Glucose,173,mg/dL,70,99,H,Routine,2025-08-17 12:21,2025-08-17 12:27,2025-08-17 20:43
LAB741910,ENC117719,PT10284,CREAT,Creatinine,1.4,mg/dL,0.6,1.3,H,STAT,2025-08-17 11:49,2025-08-17 12:00,2025-08-17 12:28
LAB741911,ENC117719,PT10284,WBC,White Blood Cell Count,7.9,K/uL,4.5,11,N,Routine,2025-08-17 12:43,2025-08-17 13:02,2025-08-17 14:50
LAB741912,ENC117720,PT10895,GLU,Glucose,101,mg/dL,70,99,H,STAT,2025-08-17 15:52,2025-08-17 15:59,2025-08-17 16:20
LAB741913,ENC117720,PT10895,CREAT,Creatinine,1.13,mg/dL,0.6,1.3,N,STAT,2025-08-17 15:42,2025-08-17 16:13,2025-08-17 16:48
LAB741914,ENC117720,PT10895,WBC,White Blood Cell Count,19.9,K/uL,4.5,11,H,STAT,2025-08-17 15:38,2025-08-17 15:47,2025-08-17 16:30
LAB741915,ENC117720,PT10895,HGB,Hemoglobin,12.7,g/dL,12,17.5,N,Routine,2025-08-17 16:38,2025-08-17 17:11,2025-08-17 20:17
LAB741916,ENC117723,PT10965,GLU,Glucose,113,mg/dL,70,99,H,Routine,2025-08-18 01:15,2025-08-18 01:43,2025-08-18 03:44
LAB741917,ENC117723,PT10965,CREAT,Creatinine,2.13,mg/dL,0.6,1.3,H,Routine,2025-08-18 01:18,2025-08-18 01:42,2025-08-18 04:27
LAB741918,ENC117723,PT10965,WBC,White Blood Cell Count,8.3,K/uL,4.5,11,N,STAT,2025-08-18 01:00,2025-08-18 01:24,2025-08-18 02:01
LAB741919,ENC117723,PT10965,HGB,Hemoglobin,9.5,g/dL,12,17.5,L,STAT,2025-08-18 00:57,2025-08-18 01:12,2025-08-18 01:38
LAB741920,ENC117723,PT10965,NA,Sodium,125,mmol/L,136,145,L,STAT,2025-08-18 01:48,2025-08-18 02:21,2025-08-18 03:27
LAB741921,ENC117723,PT10965,K,Potassium,4.2,mmol/L,3.5,5.1,N,STAT,2025-08-18 01:57,2025-08-18 02:21,2025-08-18 03:13
LAB741922,ENC117724,PT12117,GLU,Glucose,129,mg/dL,70,99,H,STAT,2025-08-18 08:33,2025-08-18 08:48,2025-08-18 09:08
LAB741923,ENC117724,PT12117,CREAT,Creatinine,1.08,mg/dL,0.6,1.3,N,STAT,2025-08-18 08:31,2025-08-18 08:47,2025-08-18 09:36
LAB741924,ENC117724,PT12117,WBC,White Blood Cell Count,8.5,K/uL,4.5,11,N,Routine,2025-08-18 08:04,2025-08-18 08:16,2025-08-18 09:45
LAB741925,ENC117726,PT13767,WBC,White Blood Cell Count,4.8,K/uL,4.5,11,N,Routine,2025-08-18 09:15,2025-08-18 09:39,2025-08-18 11:35
LAB741926,ENC117726,PT13767,HGB,Hemoglobin,10.2,g/dL,12,17.5,L,Routine,2025-08-18 09:09,2025-08-18 09:28,2025-08-18 13:22
LAB741927,ENC117726,PT13767,PLT,Platelet Count,319,K/uL,150,400,N,Routine,2025-08-18 09:10,2025-08-18 09:28,2025-08-18 10:09
LAB741928,ENC117727,PT13458,GLU,Glucose,132,mg/dL,70,99,H,Routine,2025-08-18 10:34,2025-08-18 11:08,2025-08-18 15:20
LAB741929,ENC117727,PT13458,CREAT,Creatinine,0.62,mg/dL,0.6,1.3,N,Routine,2025-08-18 10:57,2025-08-18 11:01,2025-08-18 12:40
LAB741930,ENC117727,PT13458,WBC,White Blood Cell Count,6.7,K/uL,4.5,11,N,STAT,2025-08-18 10:52,2025-08-18 11:00,2025-08-18 11:29
LAB741931,ENC117727,PT13458,HGB,Hemoglobin,10.9,g/dL,12,17.5,L,STAT,2025-08-18 10:42,2025-08-18 10:52,2025-08-18 11:30
LAB741932,ENC117727,PT13458,BUN,Blood Urea Nitrogen,11,mg/dL,7,20,N,STAT,2025-08-18 10:39,2025-08-18 11:06,2025-08-18 11:54
LAB741933,ENC117727,PT13458,PLT,Platelet Count,174,K/uL,150,400,N,STAT,2025-08-18 10:25,2025-08-18 10:59,2025-08-18 11:49
LAB741934,ENC117727,PT13458,LACT,Lactate,2.4,mmol/L,0.5,2,H,STAT,2025-08-18 10:21,2025-08-18 10:27,2025-08-18 10:49
LAB741935,ENC117727,PT13458,INR,Prothrombin Time INR,1,ratio,0.8,1.2,N,STAT,2025-08-18 11:10,2025-08-18 11:45,2025-08-18 12:15
LAB741936,ENC117728,PT11549,WBC,White Blood Cell Count,7.3,K/uL,4.5,11,N,Routine,2025-08-18 11:36,2025-08-18 11:54,2025-08-18 18:19
LAB741937,ENC117728,PT11549,HGB,Hemoglobin,12.1,g/dL,12,17.5,N,Routine,2025-08-18 11:30,2025-08-18 12:02,2025-08-18 15:02
LAB741938,ENC117728,PT11549,PLT,Platelet Count,215,K/uL,150,400,N,Routine,2025-08-18 11:41,2025-08-18 12:08,2025-08-18 15:31
LAB741939,ENC117731,PT12928,GLU,Glucose,77,mg/dL,70,99,N,STAT,2025-08-18 17:02,2025-08-18 17:10,2025-08-18 17:49
LAB741940,ENC117731,PT12928,CREAT,Creatinine,1,mg/dL,0.6,1.3,N,STAT,2025-08-18 16:25,2025-08-18 16:36,2025-08-18 17:18
LAB741941,ENC117731,PT12928,WBC,White Blood Cell Count,7.3,K/uL,4.5,11,N,STAT,2025-08-18 17:15,2025-08-18 17:39,2025-08-18 18:41
LAB741942,ENC117731,PT12928,HGB,Hemoglobin,13.5,g/dL,12,17.5,N,STAT,2025-08-18 16:43,2025-08-18 17:00,2025-08-18 17:22
LAB741943,ENC117731,PT12928,NA,Sodium,141,mmol/L,136,145,N,STAT,2025-08-18 16:15,2025-08-18 16:45,2025-08-18 17:58
LAB741944,ENC117731,PT12928,K,Potassium,4.3,mmol/L,3.5,5.1,N,STAT,2025-08-18 16:29,2025-08-18 16:41,2025-08-18 17:25
LAB741945,ENC117731,PT12928,BUN,Blood Urea Nitrogen,13,mg/dL,7,20,N,Routine,2025-08-18 16:51,2025-08-18 17:09,2025-08-18 22:25
LAB741946,ENC117731,PT12928,PLT,Platelet Count,333,K/uL,150,400,N,STAT,2025-08-18 16:41,2025-08-18 16:54,2025-08-18 17:57
LAB741947,ENC117731,PT12928,INR,Prothrombin Time INR,2.8,ratio,0.8,1.2,H,Routine,2025-08-18 16:31,2025-08-18 17:01,2025-08-18 19:04
LAB741948,ENC117732,PT13073,A1C,Hemoglobin A1c,7.7,%,4,5.6,H,Routine,2025-08-18 13:26,2025-08-18 13:49,2025-08-19 12:11
LAB741949,ENC117732,PT13073,GLU,Glucose,111,mg/dL,70,99,H,Routine,2025-08-18 13:27,2025-08-18 13:49,2025-08-18 16:12
LAB741950,ENC117732,PT13073,CREAT,Creatinine,0.91,mg/dL,0.6,1.3,N,Routine,2025-08-18 13:38,2025-08-18 13:55,2025-08-18 17:54
LAB741951,ENC117734,PT12540,WBC,White Blood Cell Count,7.4,K/uL,4.5,11,N,Routine,2025-08-18 14:22,2025-08-18 14:56,2025-08-18 16:36
LAB741952,ENC117734,PT12540,HGB,Hemoglobin,14.9,g/dL,12,17.5,N,Routine,2025-08-18 14:07,2025-08-18 14:26,2025-08-18 16:50
LAB741953,ENC117734,PT12540,PLT,Platelet Count,276,K/uL,150,400,N,Routine,2025-08-18 14:18,2025-08-18 14:34,2025-08-18 16:34
LAB741954,ENC117735,PT12345,GLU,Glucose,315,mg/dL,70,99,H,STAT,2025-08-18 14:23,2025-08-18 14:51,2025-08-18 15:20
LAB741955,ENC117735,PT12345,CREAT,Creatinine,0.99,mg/dL,0.6,1.3,N,STAT,2025-08-18 15:01,2025-08-18 15:32,2025-08-18 16:18
LAB741956,ENC117735,PT12345,WBC,White Blood Cell Count,18.6,K/uL,4.5,11,H,Routine,2025-08-18 14:39,2025-08-18 15:08,2025-08-18 17:51
LAB741957,ENC117735,PT12345,HGB,Hemoglobin,10.3,g/dL,12,17.5,L,Routine,2025-08-18 15:09,2025-08-18 15:43,2025-08-18 17:58
LAB741958,ENC117736,PT11845,LDL,LDL Cholesterol,165,mg/dL,0,99,H,Routine,2025-08-18 14:58,2025-08-18 15:08,2025-08-19 03:15
LAB741959,ENC117738,PT12025,GLU,Glucose,101,mg/dL,70,99,H,STAT,2025-08-18 15:55,2025-08-18 16:10,2025-08-18 16:57
LAB741960,ENC117738,PT12025,CREAT,Creatinine,0.81,mg/dL,0.6,1.3,N,STAT,2025-08-18 15:39,2025-08-18 15:58,2025-08-18 16:28
LAB741961,ENC117738,PT12025,WBC,White Blood Cell Count,6.1,K/uL,4.5,11,N,STAT,2025-08-18 15:51,2025-08-18 16:02,2025-08-18 17:30
LAB741962,ENC117738,PT12025,HGB,Hemoglobin,13.3,g/dL,12,17.5,N,STAT,2025-08-18 15:54,2025-08-18 16:26,2025-08-18 16:50
LAB741963,ENC117739,PT13673,GLU,Glucose,117,mg/dL,70,99,H,STAT,2025-08-18 19:56,2025-08-18 20:20,2025-08-18 21:21
LAB741964,ENC117739,PT13673,CREAT,Creatinine,0.83,mg/dL,0.6,1.3,N,STAT,2025-08-18 20:26,2025-08-18 20:55,2025-08-18 21:38
LAB741965,ENC117739,PT13673,WBC,White Blood Cell Count,7.9,K/uL,4.5,11,N,Routine,2025-08-18 20:06,2025-08-18 20:13,2025-08-19 03:18
LAB741966,ENC117739,PT13673,HGB,Hemoglobin,9.1,g/dL,12,17.5,L,STAT,2025-08-18 20:44,2025-08-18 21:00,2025-08-18 21:39
LAB741967,ENC117739,PT13673,NA,Sodium,117,mmol/L,136,145,LL,STAT,2025-08-18 20:51,2025-08-18 21:17,2025-08-18 21:39
LAB741968,ENC117739,PT13673,K,Potassium,4,mmol/L,3.5,5.1,N,STAT,2025-08-18 20:15,2025-08-18 20:29,2025-08-18 21:18
LAB741969,ENC117740,PT11008,LDL,LDL Cholesterol,154,mg/dL,0,99,H,Routine,2025-08-18 16:17,2025-08-18 16:31,2025-08-19 08:21
LAB741970,ENC117740,PT11008,TSH,Thyroid Stimulating Hormone,2.89,mIU/L,0.4,4,N,Routine,2025-08-18 16:25,2025-08-18 17:00,2025-08-19 05:56
LAB741971,ENC117742,PT11830,GLU,Glucose,87,mg/dL,70,99,N,STAT,2025-08-18 17:06,2025-08-18 17:11,2025-08-18 18:56
LAB741972,ENC117742,PT11830,CREAT,Creatinine,0.51,mg/dL,0.6,1.3,L,STAT,2025-08-18 17:04,2025-08-18 17:26,2025-08-18 17:44
LAB741973,ENC117743,PT13139,GLU,Glucose,74,mg/dL,70,99,N,STAT,2025-08-18 18:02,2025-08-18 18:16,2025-08-18 19:08
LAB741974,ENC117743,PT13139,CREAT,Creatinine,1.03,mg/dL,0.6,1.3,N,Routine,2025-08-18 18:07,2025-08-18 18:23,2025-08-18 22:10
LAB741975,ENC117743,PT13139,WBC,White Blood Cell Count,8.7,K/uL,4.5,11,N,STAT,2025-08-18 17:47,2025-08-18 17:57,2025-08-18 18:30
LAB741976,ENC117743,PT13139,HGB,Hemoglobin,14.7,g/dL,12,17.5,N,Routine,2025-08-18 18:34,2025-08-18 19:08,2025-08-18 22:30
LAB741977,ENC117743,PT13139,NA,Sodium,136,mmol/L,136,145,N,Routine,2025-08-18 18:20,2025-08-18 18:36,2025-08-18 20:54
LAB741978,ENC117743,PT13139,K,Potassium,4.5,mmol/L,3.5,5.1,N,STAT,2025-08-18 18:20,2025-08-18 18:41,2025-08-18 19:17
LAB741979,ENC117744,PT12901,GLU,Glucose,108,mg/dL,70,99,H,STAT,2025-08-18 18:32,2025-08-18 18:50,2025-08-18 19:20
LAB741980,ENC117744,PT12901,CREAT,Creatinine,1,mg/dL,0.6,1.3,N,STAT,2025-08-18 19:32,2025-08-18 19:52,2025-08-18 20:24
LAB741981,ENC117745,PT13848,GLU,Glucose,119,mg/dL,70,99,H,STAT,2025-08-18 19:26,2025-08-18 19:46,2025-08-18 20:39
LAB741982,ENC117745,PT13848,CREAT,Creatinine,1.71,mg/dL,0.6,1.3,H,Routine,2025-08-18 19:06,2025-08-18 19:14,2025-08-18 21:10
LAB741983,ENC117745,PT13848,WBC,White Blood Cell Count,6.8,K/uL,4.5,11,N,Routine,2025-08-18 18:33,2025-08-18 18:53,2025-08-18 20:20
LAB741984,ENC117745,PT13848,HGB,Hemoglobin,13,g/dL,12,17.5,N,STAT,2025-08-18 18:39,2025-08-18 18:44,2025-08-18 20:05
LAB741985,ENC117745,PT13848,NA,Sodium,141,mmol/L,136,145,N,Routine,2025-08-18 18:37,2025-08-18 18:49,2025-08-18 22:31
LAB741986,ENC117745,PT13848,K,Potassium,5.5,mmol/L,3.5,5.1,H,STAT,2025-08-18 18:31,2025-08-18 19:06,2025-08-18 20:03
LAB741987,ENC117746,PT13262,GLU,Glucose,96,mg/dL,70,99,N,Routine,2025-08-18 22:35,2025-08-18 23:00,2025-08-19 02:15
LAB741988,ENC117746,PT13262,CREAT,Creatinine,1.98,mg/dL,0.6,1.3,H,STAT,2025-08-18 22:26,2025-08-18 22:51,2025-08-19 00:06
LAB741989,ENC117746,PT13262,WBC,White Blood Cell Count,5.6,K/uL,4.5,11,N,Routine,2025-08-18 21:40,2025-08-18 22:06,2025-08-19 00:33
LAB741990,ENC117746,PT13262,HGB,Hemoglobin,10.7,g/dL,12,17.5,L,STAT,2025-08-18 21:57,2025-08-18 22:18,2025-08-18 23:31
LAB741991,ENC117747,PT12470,GLU,Glucose,58,mg/dL,70,99,L,STAT,2025-08-18 23:10,2025-08-18 23:22,2025-08-18 23:57
LAB741992,ENC117747,PT12470,CREAT,Creatinine,0.97,mg/dL,0.6,1.3,N,Routine,2025-08-18 22:20,2025-08-18 22:30,2025-08-19 00:14
LAB741993,ENC117747,PT12470,WBC,White Blood Cell Count,9.5,K/uL,4.5,11,N,STAT,2025-08-18 23:23,2025-08-18 23:44,2025-08-19 00:21
LAB741994,ENC117747,PT12470,HGB,Hemoglobin,13.7,g/dL,12,17.5,N,STAT,2025-08-18 22:31,2025-08-18 22:51,2025-08-18 23:45
LAB741995,ENC117747,PT12470,NA,Sodium,133,mmol/L,136,145,L,Routine,2025-08-18 22:46,2025-08-18 23:07,2025-08-19 01:27
LAB741996,ENC117747,PT12470,K,Potassium,4,mmol/L,3.5,5.1,N,STAT,2025-08-18 22:22,2025-08-18 22:36,2025-08-19 00:11
LAB741997,ENC117749,PT12767,GLU,Glucose,84,mg/dL,70,99,N,STAT,2025-08-18 22:02,2025-08-18 22:19,2025-08-18 23:20
LAB741998,ENC117749,PT12767,CREAT,Creatinine,0.9,mg/dL,0.6,1.3,N,Routine,2025-08-18 22:14,2025-08-18 22:23,2025-08-19 05:08
LAB741999,ENC117749,PT12767,WBC,White Blood Cell Count,6.7,K/uL,4.5,11,N,Routine,2025-08-18 21:50,2025-08-18 22:05,2025-08-18 23:44
LAB742000,ENC117749,PT12767,HGB,Hemoglobin,13.2,g/dL,12,17.5,N,STAT,2025-08-18 22:48,2025-08-18 23:18,2025-08-19 00:23
LAB742001,ENC117751,PT13413,GLU,Glucose,106,mg/dL,70,99,H,STAT,2025-08-19 06:06,2025-08-19 06:25,2025-08-19 07:07
LAB742002,ENC117751,PT13413,CREAT,Creatinine,0.86,mg/dL,0.6,1.3,N,Routine,2025-08-19 06:06,2025-08-19 06:27,2025-08-19 15:56
LAB742003,ENC117753,PT11191,GLU,Glucose,199,mg/dL,70,99,H,STAT,2025-08-19 09:40,2025-08-19 09:45,2025-08-19 10:17
LAB742004,ENC117753,PT11191,CREAT,Creatinine,1,mg/dL,0.6,1.3,N,Routine,2025-08-19 08:46,2025-08-19 09:14,2025-08-19 15:43
LAB742005,ENC117753,PT11191,WBC,White Blood Cell Count,5.7,K/uL,4.5,11,N,Routine,2025-08-19 09:21,2025-08-19 09:45,2025-08-19 10:58
LAB742006,ENC117753,PT11191,TROP,"Troponin I, High Sensitivity",6,ng/L,0,34,N,STAT,2025-08-19 08:48,2025-08-19 08:55,2025-08-19 09:39
LAB742007,ENC117756,PT13282,GLU,Glucose,208,mg/dL,70,99,H,STAT,2025-08-19 15:04,2025-08-19 15:09,2025-08-19 15:56
LAB742008,ENC117756,PT13282,CREAT,Creatinine,3.26,mg/dL,0.6,1.3,H,Routine,2025-08-19 14:42,2025-08-19 15:08,2025-08-19 20:34
LAB742009,ENC117756,PT13282,WBC,White Blood Cell Count,8.2,K/uL,4.5,11,N,Routine,2025-08-19 14:55,2025-08-19 15:17,2025-08-19 17:44
LAB742010,ENC117756,PT13282,HGB,Hemoglobin,9.8,g/dL,12,17.5,L,STAT,2025-08-19 14:39,2025-08-19 14:48,2025-08-19 15:27
LAB742011,ENC117756,PT13282,NA,Sodium,138,mmol/L,136,145,N,Routine,2025-08-19 14:50,2025-08-19 15:17,2025-08-19 19:10
LAB742012,ENC117756,PT13282,K,Potassium,5.5,mmol/L,3.5,5.1,H,STAT,2025-08-19 14:49,2025-08-19 14:55,2025-08-19 15:36
LAB742013,ENC117757,PT13030,GLU,Glucose,95,mg/dL,70,99,N,STAT,2025-08-19 12:36,2025-08-19 12:47,2025-08-19 14:04
LAB742014,ENC117757,PT13030,CREAT,Creatinine,1.1,mg/dL,0.6,1.3,N,STAT,2025-08-19 12:22,2025-08-19 12:39,2025-08-19 13:22
LAB742015,ENC117757,PT13030,WBC,White Blood Cell Count,7.3,K/uL,4.5,11,N,STAT,2025-08-19 12:18,2025-08-19 12:46,2025-08-19 13:53
LAB742016,ENC117757,PT13030,HGB,Hemoglobin,14,g/dL,12,17.5,N,STAT,2025-08-19 12:32,2025-08-19 12:53,2025-08-19 13:23
LAB742017,ENC117757,PT13030,TROP,"Troponin I, High Sensitivity",1,ng/L,0,34,N,STAT,2025-08-19 12:03,2025-08-19 12:30,2025-08-19 13:02
LAB742018,ENC117762,PT13090,GLU,Glucose,157,mg/dL,70,99,H,STAT,2025-08-19 16:56,2025-08-19 17:08,2025-08-19 17:59
LAB742019,ENC117762,PT13090,CREAT,Creatinine,0.71,mg/dL,0.6,1.3,N,Routine,2025-08-19 17:02,2025-08-19 17:27,2025-08-19 22:06
LAB742020,ENC117762,PT13090,WBC,White Blood Cell Count,8.6,K/uL,4.5,11,N,STAT,2025-08-19 17:59,2025-08-19 18:23,2025-08-19 19:08
LAB742021,ENC117762,PT13090,HGB,Hemoglobin,14.9,g/dL,12,17.5,N,STAT,2025-08-19 17:34,2025-08-19 18:08,2025-08-19 18:49
LAB742022,ENC117762,PT13090,NA,Sodium,141,mmol/L,136,145,N,STAT,2025-08-19 16:55,2025-08-19 17:07,2025-08-19 18:27
LAB742023,ENC117762,PT13090,K,Potassium,3.5,mmol/L,3.5,5.1,N,STAT,2025-08-19 17:00,2025-08-19 17:21,2025-08-19 17:56
LAB742024,ENC117764,PT13993,GLU,Glucose,378,mg/dL,70,99,H,Routine,2025-08-19 14:25,2025-08-19 14:30,2025-08-19 15:42
LAB742025,ENC117764,PT13993,CREAT,Creatinine,1.2,mg/dL,0.6,1.3,N,Routine,2025-08-19 14:21,2025-08-19 14:48,2025-08-19 17:06
LAB742026,ENC117764,PT13993,WBC,White Blood Cell Count,4.4,K/uL,4.5,11,L,Routine,2025-08-19 14:53,2025-08-19 15:08,2025-08-19 17:59
LAB742027,ENC117764,PT13993,HGB,Hemoglobin,12.9,g/dL,12,17.5,N,STAT,2025-08-19 14:15,2025-08-19 14:20,2025-08-19 15:32
LAB742028,ENC117764,PT13993,NA,Sodium,141,mmol/L,136,145,N,STAT,2025-08-19 14:56,2025-08-19 15:01,2025-08-19 15:34
LAB742029,ENC117764,PT13993,K,Potassium,4.7,mmol/L,3.5,5.1,N,STAT,2025-08-19 15:05,2025-08-19 15:21,2025-08-19 16:00
LAB742030,ENC117764,PT13993,A1C,Hemoglobin A1c,11.3,%,4,5.6,H,Routine,2025-08-19 14:13,2025-08-19 14:45,2025-08-20 07:09
LAB742031,ENC117769,PT12259,GLU,Glucose,110,mg/dL,70,99,H,Routine,2025-08-19 22:14,2025-08-19 22:26,2025-08-20 01:11
LAB742032,ENC117769,PT12259,CREAT,Creatinine,1.06,mg/dL,0.6,1.3,N,Routine,2025-08-19 22:21,2025-08-19 22:39,2025-08-20 01:08
LAB742033,ENC117769,PT12259,WBC,White Blood Cell Count,7.6,K/uL,4.5,11,N,STAT,2025-08-19 21:32,2025-08-19 21:41,2025-08-19 22:48
LAB742034,ENC117769,PT12259,HGB,Hemoglobin,11.5,g/dL,12,17.5,L,Routine,2025-08-19 22:08,2025-08-19 22:29,2025-08-20 07:22
LAB742035,ENC117772,PT12912,GLU,Glucose,128,mg/dL,70,99,H,Routine,2025-08-20 00:30,2025-08-20 01:04,2025-08-20 02:40
LAB742036,ENC117772,PT12912,CREAT,Creatinine,0.94,mg/dL,0.6,1.3,N,STAT,2025-08-20 00:43,2025-08-20 00:56,2025-08-20 01:46
LAB742037,ENC117772,PT12912,WBC,White Blood Cell Count,9.9,K/uL,4.5,11,N,STAT,2025-08-20 00:39,2025-08-20 01:09,2025-08-20 02:05
LAB742038,ENC117772,PT12912,HGB,Hemoglobin,14.9,g/dL,12,17.5,N,Routine,2025-08-20 00:19,2025-08-20 00:46,2025-08-20 02:32
LAB742039,ENC117772,PT12912,NA,Sodium,137,mmol/L,136,145,N,Routine,2025-08-20 01:05,2025-08-20 01:15,2025-08-20 03:09
LAB742040,ENC117772,PT12912,K,Potassium,4.5,mmol/L,3.5,5.1,N,STAT,2025-08-20 01:09,2025-08-20 01:20,2025-08-20 01:48
LAB742041,ENC117772,PT12912,BUN,Blood Urea Nitrogen,5,mg/dL,7,20,L,Routine,2025-08-20 01:18,2025-08-20 01:33,2025-08-20 03:51
LAB742042,ENC117772,PT12912,PLT,Platelet Count,252,K/uL,150,400,N,STAT,2025-08-20 00:21,2025-08-20 00:32,2025-08-20 01:13
LAB742043,ENC117773,PT10738,GLU,Glucose,117,mg/dL,70,99,H,STAT,2025-08-20 00:34,2025-08-20 00:38,2025-08-20 01:24
LAB742044,ENC117773,PT10738,CREAT,Creatinine,0.77,mg/dL,0.6,1.3,N,Routine,2025-08-20 00:46,2025-08-20 01:04,2025-08-20 03:02
LAB742045,ENC117773,PT10738,WBC,White Blood Cell Count,5,K/uL,4.5,11,N,STAT,2025-08-20 00:35,2025-08-20 01:10,2025-08-20 02:19
LAB742046,ENC117773,PT10738,HGB,Hemoglobin,11.9,g/dL,12,17.5,L,Routine,2025-08-20 00:36,2025-08-20 00:53,2025-08-20 02:42
LAB742047,ENC117773,PT10738,TROP,"Troponin I, High Sensitivity",31,ng/L,0,34,N,STAT,2025-08-20 00:21,2025-08-20 00:27,2025-08-20 01:06
LAB742048,ENC117773,PT10738,BNP,B-Type Natriuretic Peptide,841,pg/mL,0,100,H,STAT,2025-08-20 00:49,2025-08-20 01:01,2025-08-20 01:29
LAB742049,ENC117774,PT11014,GLU,Glucose,136,mg/dL,70,99,H,STAT,2025-08-19 23:38,2025-08-20 00:04,2025-08-20 01:08
LAB742050,ENC117774,PT11014,CREAT,Creatinine,1.96,mg/dL,0.6,1.3,H,Routine,2025-08-20 00:37,2025-08-20 01:05,2025-08-20 03:26
LAB742051,ENC117774,PT11014,WBC,White Blood Cell Count,22.9,K/uL,4.5,11,H,STAT,2025-08-20 00:38,2025-08-20 00:42,2025-08-20 01:16
LAB742052,ENC117774,PT11014,HGB,Hemoglobin,12.8,g/dL,12,17.5,N,STAT,2025-08-20 00:02,2025-08-20 00:26,2025-08-20 01:04
LAB742053,ENC117774,PT11014,LACT,Lactate,1.3,mmol/L,0.5,2,N,STAT,2025-08-19 23:37,2025-08-19 23:48,2025-08-20 00:23
LAB742054,ENC117777,PT10743,GLU,Glucose,84,mg/dL,70,99,N,STAT,2025-08-19 23:07,2025-08-19 23:36,2025-08-20 00:37
LAB742055,ENC117777,PT10743,CREAT,Creatinine,1.37,mg/dL,0.6,1.3,H,STAT,2025-08-19 23:52,2025-08-20 00:20,2025-08-20 01:27
LAB742056,ENC117777,PT10743,WBC,White Blood Cell Count,5.5,K/uL,4.5,11,N,STAT,2025-08-19 23:14,2025-08-19 23:29,2025-08-19 23:53
LAB742057,ENC117777,PT10743,HGB,Hemoglobin,9.2,g/dL,12,17.5,L,STAT,2025-08-19 23:50,2025-08-20 00:20,2025-08-20 01:11
LAB742058,ENC117778,PT12722,GLU,Glucose,97,mg/dL,70,99,N,STAT,2025-08-19 23:16,2025-08-19 23:20,2025-08-20 00:32
LAB742059,ENC117778,PT12722,CREAT,Creatinine,0.68,mg/dL,0.6,1.3,N,STAT,2025-08-19 23:07,2025-08-19 23:24,2025-08-20 00:14
LAB742060,ENC117778,PT12722,WBC,White Blood Cell Count,7.8,K/uL,4.5,11,N,STAT,2025-08-19 23:13,2025-08-19 23:22,2025-08-19 23:45
LAB742061,ENC117778,PT12722,HGB,Hemoglobin,13,g/dL,12,17.5,N,Routine,2025-08-20 00:08,2025-08-20 00:32,2025-08-20 02:22
LAB742062,ENC117780,PT11252,GLU,Glucose,138,mg/dL,70,99,H,STAT,2025-08-20 05:14,2025-08-20 05:44,2025-08-20 06:13
LAB742063,ENC117780,PT11252,CREAT,Creatinine,0.97,mg/dL,0.6,1.3,N,STAT,2025-08-20 05:03,2025-08-20 05:19,2025-08-20 06:06
LAB742064,ENC117780,PT11252,WBC,White Blood Cell Count,9.3,K/uL,4.5,11,N,STAT,2025-08-20 04:17,2025-08-20 04:52,2025-08-20 05:53
LAB742065,ENC117780,PT11252,HGB,Hemoglobin,11,g/dL,12,17.5,L,Routine,2025-08-20 05:10,2025-08-20 05:43,2025-08-20 09:20
LAB742066,ENC117781,PT12473,GLU,Glucose,71,mg/dL,70,99,N,STAT,2025-08-20 02:46,2025-08-20 03:10,2025-08-20 03:34
LAB742067,ENC117781,PT12473,CREAT,Creatinine,1.11,mg/dL,0.6,1.3,N,Routine,2025-08-20 03:29,2025-08-20 03:58,2025-08-20 10:19
LAB742068,ENC117781,PT12473,WBC,White Blood Cell Count,9.9,K/uL,4.5,11,N,STAT,2025-08-20 03:20,2025-08-20 03:33,2025-08-20 04:21
LAB742069,ENC117781,PT12473,HGB,Hemoglobin,12.1,g/dL,12,17.5,N,STAT,2025-08-20 03:24,2025-08-20 03:42,2025-08-20 04:14
LAB742070,ENC117781,PT12473,NA,Sodium,136,mmol/L,136,145,N,Routine,2025-08-20 03:31,2025-08-20 03:35,2025-08-20 06:57
LAB742071,ENC117781,PT12473,K,Potassium,3.9,mmol/L,3.5,5.1,N,STAT,2025-08-20 03:38,2025-08-20 03:46,2025-08-20 04:27
LAB742072,ENC117783,PT13906,GLU,Glucose,80,mg/dL,70,99,N,STAT,2025-08-20 06:19,2025-08-20 06:27,2025-08-20 07:25
LAB742073,ENC117783,PT13906,CREAT,Creatinine,0.9,mg/dL,0.6,1.3,N,Routine,2025-08-20 06:18,2025-08-20 06:45,2025-08-20 11:13
LAB742074,ENC117783,PT13906,WBC,White Blood Cell Count,6.2,K/uL,4.5,11,N,STAT,2025-08-20 06:05,2025-08-20 06:35,2025-08-20 08:29
LAB742075,ENC117783,PT13906,HGB,Hemoglobin,15.6,g/dL,12,17.5,N,STAT,2025-08-20 05:55,2025-08-20 06:10,2025-08-20 06:56
LAB742076,ENC117784,PT11534,GLU,Glucose,81,mg/dL,70,99,N,STAT,2025-08-20 07:04,2025-08-20 07:14,2025-08-20 08:09
LAB742077,ENC117784,PT11534,CREAT,Creatinine,0.94,mg/dL,0.6,1.3,N,Routine,2025-08-20 07:37,2025-08-20 08:08,2025-08-20 09:05
LAB742078,ENC117784,PT11534,WBC,White Blood Cell Count,6.9,K/uL,4.5,11,N,Routine,2025-08-20 06:36,2025-08-20 06:52,2025-08-20 10:14
LAB742079,ENC117784,PT11534,HGB,Hemoglobin,13.3,g/dL,12,17.5,N,STAT,2025-08-20 06:31,2025-08-20 06:46,2025-08-20 07:49
LAB742080,ENC117786,PT13380,A1C,Hemoglobin A1c,12.6,%,4,5.6,H,Routine,2025-08-20 08:15,2025-08-20 08:42,2025-08-20 18:49
LAB742081,ENC117788,PT10472,GLU,Glucose,106,mg/dL,70,99,H,Routine,2025-08-20 13:31,2025-08-20 14:01,2025-08-20 16:33
LAB742082,ENC117788,PT10472,CREAT,Creatinine,0.82,mg/dL,0.6,1.3,N,Routine,2025-08-20 12:44,2025-08-20 13:06,2025-08-20 16:49
LAB742083,ENC117788,PT10472,WBC,White Blood Cell Count,6.2,K/uL,4.5,11,N,STAT,2025-08-20 12:49,2025-08-20 12:59,2025-08-20 13:25
LAB742084,ENC117788,PT10472,HGB,Hemoglobin,13.8,g/dL,12,17.5,N,Routine,2025-08-20 13:03,2025-08-20 13:24,2025-08-20 16:31
LAB742085,ENC117788,PT10472,BUN,Blood Urea Nitrogen,14,mg/dL,7,20,N,STAT,2025-08-20 13:37,2025-08-20 14:02,2025-08-20 14:39
LAB742086,ENC117788,PT10472,PLT,Platelet Count,231,K/uL,150,400,N,Routine,2025-08-20 13:41,2025-08-20 14:11,2025-08-20 17:44
LAB742087,ENC117788,PT10472,INR,Prothrombin Time INR,1.1,ratio,0.8,1.2,N,Routine,2025-08-20 13:07,2025-08-20 13:15,2025-08-20 14:05
LAB742088,ENC117789,PT10665,GLU,Glucose,100,mg/dL,70,99,H,STAT,2025-08-20 10:02,2025-08-20 10:36,2025-08-20 11:13
LAB742089,ENC117789,PT10665,CREAT,Creatinine,0.32,mg/dL,0.6,1.3,L,STAT,2025-08-20 09:55,2025-08-20 09:59,2025-08-20 10:28
LAB742090,ENC117789,PT10665,WBC,White Blood Cell Count,17.5,K/uL,4.5,11,H,STAT,2025-08-20 10:13,2025-08-20 10:45,2025-08-20 11:23
LAB742091,ENC117789,PT10665,HGB,Hemoglobin,13.2,g/dL,12,17.5,N,Routine,2025-08-20 09:57,2025-08-20 10:32,2025-08-20 12:49
LAB742092,ENC117789,PT10665,NA,Sodium,135,mmol/L,136,145,L,Routine,2025-08-20 10:22,2025-08-20 10:56,2025-08-20 12:50
LAB742093,ENC117789,PT10665,K,Potassium,3.5,mmol/L,3.5,5.1,N,STAT,2025-08-20 09:37,2025-08-20 09:42,2025-08-20 10:16
LAB742094,ENC117791,PT11220,GLU,Glucose,109,mg/dL,70,99,H,STAT,2025-08-20 13:17,2025-08-20 13:31,2025-08-20 14:19
LAB742095,ENC117791,PT11220,CREAT,Creatinine,1.15,mg/dL,0.6,1.3,N,STAT,2025-08-20 12:45,2025-08-20 13:05,2025-08-20 13:52
LAB742096,ENC117791,PT11220,WBC,White Blood Cell Count,5.9,K/uL,4.5,11,N,STAT,2025-08-20 12:45,2025-08-20 13:10,2025-08-20 13:45
LAB742097,ENC117791,PT11220,HGB,Hemoglobin,11.6,g/dL,12,17.5,L,Routine,2025-08-20 12:52,2025-08-20 13:27,2025-08-20 15:46
LAB742098,ENC117791,PT11220,TROP,"Troponin I, High Sensitivity",6,ng/L,0,34,N,STAT,2025-08-20 12:59,2025-08-20 13:03,2025-08-20 13:56
LAB742099,ENC117791,PT11220,BNP,B-Type Natriuretic Peptide,520,pg/mL,0,100,H,STAT,2025-08-20 12:30,2025-08-20 12:41,2025-08-20 13:15
LAB742100,ENC117792,PT10224,GLU,Glucose,91,mg/dL,70,99,N,Routine,2025-08-20 12:27,2025-08-20 12:58,2025-08-20 16:06
LAB742101,ENC117792,PT10224,CREAT,Creatinine,0.93,mg/dL,0.6,1.3,N,Routine,2025-08-20 11:48,2025-08-20 11:58,2025-08-20 12:58
LAB742102,ENC117792,PT10224,WBC,White Blood Cell Count,5.5,K/uL,4.5,11,N,STAT,2025-08-20 11:51,2025-08-20 12:19,2025-08-20 13:05
LAB742103,ENC117792,PT10224,HGB,Hemoglobin,13.6,g/dL,12,17.5,N,STAT,2025-08-20 12:19,2025-08-20 12:43,2025-08-20 13:49
LAB742104,ENC117795,PT11200,GLU,Glucose,95,mg/dL,70,99,N,STAT,2025-08-20 12:13,2025-08-20 12:20,2025-08-20 12:58
LAB742105,ENC117795,PT11200,CREAT,Creatinine,1.17,mg/dL,0.6,1.3,N,Routine,2025-08-20 12:29,2025-08-20 12:45,2025-08-20 14:07
LAB742106,ENC117795,PT11200,WBC,White Blood Cell Count,3.8,K/uL,4.5,11,L,Routine,2025-08-20 12:09,2025-08-20 12:42,2025-08-20 13:50
LAB742107,ENC117798,PT12300,LDL,LDL Cholesterol,153,mg/dL,0,99,H,Routine,2025-08-20 13:07,2025-08-20 13:12,2025-08-20 19:07
LAB742108,ENC117798,PT12300,A1C,Hemoglobin A1c,5.7,%,4,5.6,H,Routine,2025-08-20 13:03,2025-08-20 13:33,2025-08-21 01:17
LAB742109,ENC117798,PT12300,TSH,Thyroid Stimulating Hormone,0.39,mIU/L,0.4,4,L,Routine,2025-08-20 13:14,2025-08-20 13:26,2025-08-20 19:54
LAB742110,ENC117799,PT12994,GLU,Glucose,91,mg/dL,70,99,N,STAT,2025-08-20 15:42,2025-08-20 16:04,2025-08-20 16:48
LAB742111,ENC117799,PT12994,CREAT,Creatinine,1.15,mg/dL,0.6,1.3,N,STAT,2025-08-20 15:19,2025-08-20 15:33,2025-08-20 16:31
LAB742112,ENC117799,PT12994,WBC,White Blood Cell Count,8.6,K/uL,4.5,11,N,STAT,2025-08-20 14:51,2025-08-20 15:01,2025-08-20 15:40
LAB742113,ENC117799,PT12994,HGB,Hemoglobin,17.5,g/dL,12,17.5,N,Routine,2025-08-20 15:45,2025-08-20 15:52,2025-08-20 18:25
LAB742114,ENC117799,PT12994,NA,Sodium,140,mmol/L,136,145,N,STAT,2025-08-20 15:53,2025-08-20 16:13,2025-08-20 16:52
LAB742115,ENC117799,PT12994,K,Potassium,3.8,mmol/L,3.5,5.1,N,STAT,2025-08-20 15:22,2025-08-20 15:31,2025-08-20 16:25
LAB742116,ENC117801,PT11727,A1C,Hemoglobin A1c,5.2,%,4,5.6,N,Routine,2025-08-20 13:51,2025-08-20 14:00,2025-08-20 23:42
LAB742117,ENC117801,PT11727,GLU,Glucose,77,mg/dL,70,99,N,Routine,2025-08-20 13:59,2025-08-20 14:31,2025-08-20 18:17
LAB742118,ENC117801,PT11727,CREAT,Creatinine,0.5,mg/dL,0.6,1.3,L,Routine,2025-08-20 13:53,2025-08-20 14:02,2025-08-20 20:16
LAB742119,ENC117802,PT11739,LDL,LDL Cholesterol,153,mg/dL,0,99,H,Routine,2025-08-20 14:03,2025-08-20 14:14,2025-08-20 20:48
LAB742120,ENC117804,PT13375,A1C,Hemoglobin A1c,9.1,%,4,5.6,H,Routine,2025-08-20 14:48,2025-08-20 14:54,2025-08-21 09:22
LAB742121,ENC117807,PT13072,GLU,Glucose,157,mg/dL,70,99,H,STAT,2025-08-20 16:33,2025-08-20 17:03,2025-08-20 17:52
LAB742122,ENC117807,PT13072,CREAT,Creatinine,0.7,mg/dL,0.6,1.3,N,STAT,2025-08-20 16:18,2025-08-20 16:36,2025-08-20 18:11
LAB742123,ENC117810,PT13431,GLU,Glucose,302,mg/dL,70,99,H,Routine,2025-08-20 18:32,2025-08-20 18:44,2025-08-20 21:41
LAB742124,ENC117810,PT13431,CREAT,Creatinine,0.88,mg/dL,0.6,1.3,N,STAT,2025-08-20 18:04,2025-08-20 18:22,2025-08-20 18:43
LAB742125,ENC117810,PT13431,A1C,Hemoglobin A1c,7.8,%,4,5.6,H,STAT,2025-08-20 18:13,2025-08-20 18:30,2025-08-20 19:12
LAB742126,ENC117811,PT11951,GLU,Glucose,91,mg/dL,70,99,N,STAT,2025-08-20 21:28,2025-08-20 22:02,2025-08-20 23:24
LAB742127,ENC117811,PT11951,CREAT,Creatinine,0.89,mg/dL,0.6,1.3,N,STAT,2025-08-20 21:56,2025-08-20 22:18,2025-08-20 23:48
LAB742128,ENC117811,PT11951,WBC,White Blood Cell Count,9,K/uL,4.5,11,N,Routine,2025-08-20 21:31,2025-08-20 21:37,2025-08-21 03:08
LAB742129,ENC117811,PT11951,HGB,Hemoglobin,13.6,g/dL,12,17.5,N,STAT,2025-08-20 21:14,2025-08-20 21:30,2025-08-20 22:27
LAB742130,ENC117811,PT11951,TROP,"Troponin I, High Sensitivity",1,ng/L,0,34,N,STAT,2025-08-20 21:17,2025-08-20 21:37,2025-08-20 22:28
LAB742131,ENC117815,PT11447,GLU,Glucose,113,mg/dL,70,99,H,STAT,2025-08-21 05:37,2025-08-21 05:54,2025-08-21 06:42
LAB742132,ENC117815,PT11447,CREAT,Creatinine,0.79,mg/dL,0.6,1.3,N,STAT,2025-08-21 05:34,2025-08-21 05:55,2025-08-21 06:35
LAB742133,ENC117815,PT11447,WBC,White Blood Cell Count,9.4,K/uL,4.5,11,N,Routine,2025-08-21 04:47,2025-08-21 05:09,2025-08-21 07:05
LAB742134,ENC117815,PT11447,HGB,Hemoglobin,12.7,g/dL,12,17.5,N,Routine,2025-08-21 04:40,2025-08-21 05:04,2025-08-21 09:26
LAB742135,ENC117815,PT11447,NA,Sodium,136,mmol/L,136,145,N,STAT,2025-08-21 05:09,2025-08-21 05:14,2025-08-21 05:53
LAB742136,ENC117815,PT11447,K,Potassium,4.2,mmol/L,3.5,5.1,N,STAT,2025-08-21 04:58,2025-08-21 05:21,2025-08-21 06:21
LAB742137,ENC117816,PT12971,GLU,Glucose,119,mg/dL,70,99,H,Routine,2025-08-21 08:44,2025-08-21 08:49,2025-08-21 13:29
LAB742138,ENC117816,PT12971,CREAT,Creatinine,0.51,mg/dL,0.6,1.3,L,Routine,2025-08-21 08:01,2025-08-21 08:09,2025-08-21 11:43
LAB742139,ENC117816,PT12971,WBC,White Blood Cell Count,10.9,K/uL,4.5,11,N,STAT,2025-08-21 07:55,2025-08-21 08:01,2025-08-21 08:20
LAB742140,ENC117817,PT12200,WBC,White Blood Cell Count,7.2,K/uL,4.5,11,N,Routine,2025-08-21 08:20,2025-08-21 08:26,2025-08-21 12:08
LAB742141,ENC117817,PT12200,HGB,Hemoglobin,12.9,g/dL,12,17.5,N,Routine,2025-08-21 08:15,2025-08-21 08:46,2025-08-21 10:14
LAB742142,ENC117817,PT12200,PLT,Platelet Count,193,K/uL,150,400,N,Routine,2025-08-21 08:30,2025-08-21 08:59,2025-08-21 10:55
LAB742143,ENC117818,PT12574,GLU,Glucose,103,mg/dL,70,99,H,Routine,2025-08-21 11:32,2025-08-21 11:54,2025-08-21 13:58
LAB742144,ENC117818,PT12574,CREAT,Creatinine,1.49,mg/dL,0.6,1.3,H,STAT,2025-08-21 12:10,2025-08-21 12:23,2025-08-21 12:47
LAB742145,ENC117818,PT12574,WBC,White Blood Cell Count,8.4,K/uL,4.5,11,N,STAT,2025-08-21 12:07,2025-08-21 12:24,2025-08-21 13:46
LAB742146,ENC117818,PT12574,HGB,Hemoglobin,14.2,g/dL,12,17.5,N,STAT,2025-08-21 11:59,2025-08-21 12:21,2025-08-21 13:12
LAB742147,ENC117818,PT12574,NA,Sodium,140,mmol/L,136,145,N,STAT,2025-08-21 11:26,2025-08-21 11:37,2025-08-21 11:59
LAB742148,ENC117818,PT12574,K,Potassium,3.9,mmol/L,3.5,5.1,N,STAT,2025-08-21 11:45,2025-08-21 12:11,2025-08-21 14:15
LAB742149,ENC117818,PT12574,BUN,Blood Urea Nitrogen,23,mg/dL,7,20,H,STAT,2025-08-21 12:01,2025-08-21 12:15,2025-08-21 12:50
LAB742150,ENC117818,PT12574,PLT,Platelet Count,201,K/uL,150,400,N,STAT,2025-08-21 11:46,2025-08-21 11:58,2025-08-21 13:18
LAB742151,ENC117820,PT13248,GLU,Glucose,130,mg/dL,70,99,H,Routine,2025-08-21 10:25,2025-08-21 10:51,2025-08-21 15:06
LAB742152,ENC117820,PT13248,CREAT,Creatinine,1.23,mg/dL,0.6,1.3,N,STAT,2025-08-21 10:18,2025-08-21 10:26,2025-08-21 11:08
LAB742153,ENC117820,PT13248,WBC,White Blood Cell Count,9.8,K/uL,4.5,11,N,Routine,2025-08-21 11:06,2025-08-21 11:12,2025-08-21 18:25
LAB742154,ENC117821,PT10690,GLU,Glucose,97,mg/dL,70,99,N,Routine,2025-08-21 10:58,2025-08-21 11:15,2025-08-21 18:37
LAB742155,ENC117821,PT10690,CREAT,Creatinine,0.6,mg/dL,0.6,1.3,N,STAT,2025-08-21 10:31,2025-08-21 10:47,2025-08-21 11:11
LAB742156,ENC117821,PT10690,WBC,White Blood Cell Count,8.6,K/uL,4.5,11,N,STAT,2025-08-21 10:52,2025-08-21 11:22,2025-08-21 12:19
LAB742157,ENC117821,PT10690,HGB,Hemoglobin,13.3,g/dL,12,17.5,N,Routine,2025-08-21 11:06,2025-08-21 11:22,2025-08-21 15:09
LAB742158,ENC117822,PT11699,A1C,Hemoglobin A1c,11.1,%,4,5.6,H,Routine,2025-08-21 10:58,2025-08-21 11:06,2025-08-23 07:59
LAB742159,ENC117822,PT11699,GLU,Glucose,319,mg/dL,70,99,H,Routine,2025-08-21 10:56,2025-08-21 11:04,2025-08-21 14:34
LAB742160,ENC117822,PT11699,CREAT,Creatinine,1.19,mg/dL,0.6,1.3,N,Routine,2025-08-21 10:38,2025-08-21 10:50,2025-08-21 11:57
LAB742161,ENC117823,PT12455,WBC,White Blood Cell Count,5.1,K/uL,4.5,11,N,Routine,2025-08-21 10:41,2025-08-21 11:04,2025-08-21 14:20
LAB742162,ENC117823,PT12455,HGB,Hemoglobin,11.1,g/dL,12,17.5,L,Routine,2025-08-21 10:55,2025-08-21 11:13,2025-08-21 16:17
LAB742163,ENC117823,PT12455,PLT,Platelet Count,262,K/uL,150,400,N,Routine,2025-08-21 10:41,2025-08-21 10:49,2025-08-21 14:24
LAB742164,ENC117826,PT13869,A1C,Hemoglobin A1c,7.5,%,4,5.6,H,Routine,2025-08-21 14:00,2025-08-21 14:16,2025-08-23 06:46
LAB742165,ENC117827,PT13697,INR,Prothrombin Time INR,2.4,ratio,0.8,1.2,H,Routine,2025-08-21 14:14,2025-08-21 14:24,2025-08-21 16:00
LAB742166,ENC117830,PT12280,A1C,Hemoglobin A1c,7.4,%,4,5.6,H,Routine,2025-08-21 15:21,2025-08-21 15:38,2025-08-21 23:07
LAB742167,ENC117830,PT12280,GLU,Glucose,546,mg/dL,70,99,HH,Routine,2025-08-21 15:40,2025-08-21 16:08,2025-08-21 18:36
LAB742168,ENC117830,PT12280,CREAT,Creatinine,1.02,mg/dL,0.6,1.3,N,Routine,2025-08-21 15:44,2025-08-21 16:02,2025-08-21 19:28
LAB742169,ENC117831,PT13289,WBC,White Blood Cell Count,5.2,K/uL,4.5,11,N,Routine,2025-08-21 16:00,2025-08-21 16:27,2025-08-21 18:46
LAB742170,ENC117831,PT13289,HGB,Hemoglobin,13.7,g/dL,12,17.5,N,Routine,2025-08-21 15:47,2025-08-21 16:08,2025-08-21 18:15
LAB742171,ENC117831,PT13289,PLT,Platelet Count,296,K/uL,150,400,N,Routine,2025-08-21 15:38,2025-08-21 15:42,2025-08-21 17:43
LAB742172,ENC117832,PT13793,LDL,LDL Cholesterol,134,mg/dL,0,99,H,Routine,2025-08-21 16:03,2025-08-21 16:09,2025-08-23 04:59
LAB742173,ENC117833,PT10683,A1C,Hemoglobin A1c,9.3,%,4,5.6,H,Routine,2025-08-21 16:12,2025-08-21 16:26,2025-08-22 06:13
LAB742174,ENC117835,PT10978,GLU,Glucose,141,mg/dL,70,99,H,Routine,2025-08-21 16:44,2025-08-21 16:51,2025-08-21 19:30
LAB742175,ENC117835,PT10978,CREAT,Creatinine,0.91,mg/dL,0.6,1.3,N,STAT,2025-08-21 17:23,2025-08-21 17:41,2025-08-21 19:18
LAB742176,ENC117835,PT10978,WBC,White Blood Cell Count,7.8,K/uL,4.5,11,N,Routine,2025-08-21 17:40,2025-08-21 18:00,2025-08-21 21:19
LAB742177,ENC117835,PT10978,TROP,"Troponin I, High Sensitivity",2,ng/L,0,34,N,STAT,2025-08-21 17:09,2025-08-21 17:39,2025-08-21 18:39
LAB742178,ENC117836,PT11760,GLU,Glucose,123,mg/dL,70,99,H,STAT,2025-08-21 19:57,2025-08-21 20:01,2025-08-21 20:27
LAB742179,ENC117836,PT11760,CREAT,Creatinine,1.08,mg/dL,0.6,1.3,N,STAT,2025-08-21 19:51,2025-08-21 20:13,2025-08-21 21:21
LAB742180,ENC117836,PT11760,WBC,White Blood Cell Count,1.3,K/uL,4.5,11,L,Routine,2025-08-21 19:34,2025-08-21 19:45,2025-08-21 21:37
LAB742181,ENC117836,PT11760,HGB,Hemoglobin,12.4,g/dL,12,17.5,N,Routine,2025-08-21 19:43,2025-08-21 19:52,2025-08-21 23:25
LAB742182,ENC117838,PT11443,GLU,Glucose,102,mg/dL,70,99,H,STAT,2025-08-21 18:48,2025-08-21 19:13,2025-08-21 19:50
LAB742183,ENC117838,PT11443,CREAT,Creatinine,0.85,mg/dL,0.6,1.3,N,STAT,2025-08-21 18:36,2025-08-21 19:06,2025-08-21 19:52
LAB742184,ENC117838,PT11443,WBC,White Blood Cell Count,5.9,K/uL,4.5,11,N,Routine,2025-08-21 18:45,2025-08-21 19:07,2025-08-21 20:45
LAB742185,ENC117840,PT13332,GLU,Glucose,120,mg/dL,70,99,H,Routine,2025-08-21 18:33,2025-08-21 19:00,2025-08-21 22:49
LAB742186,ENC117840,PT13332,CREAT,Creatinine,0.86,mg/dL,0.6,1.3,N,STAT,2025-08-21 18:34,2025-08-21 18:46,2025-08-21 19:09
LAB742187,ENC117840,PT13332,WBC,White Blood Cell Count,4.2,K/uL,4.5,11,L,STAT,2025-08-21 18:42,2025-08-21 18:55,2025-08-21 20:08
LAB742188,ENC117840,PT13332,HGB,Hemoglobin,14.1,g/dL,12,17.5,N,STAT,2025-08-21 18:13,2025-08-21 18:22,2025-08-21 18:51
LAB742189,ENC117842,PT13199,GLU,Glucose,103,mg/dL,70,99,H,STAT,2025-08-22 00:24,2025-08-22 00:51,2025-08-22 01:52
LAB742190,ENC117842,PT13199,CREAT,Creatinine,0.82,mg/dL,0.6,1.3,N,STAT,2025-08-22 00:08,2025-08-22 00:19,2025-08-22 01:03
LAB742191,ENC117842,PT13199,WBC,White Blood Cell Count,6.5,K/uL,4.5,11,N,Routine,2025-08-22 00:25,2025-08-22 00:57,2025-08-22 05:25
LAB742192,ENC117842,PT13199,HGB,Hemoglobin,13.3,g/dL,12,17.5,N,Routine,2025-08-21 23:47,2025-08-22 00:10,2025-08-22 01:27
LAB742193,ENC117842,PT13199,NA,Sodium,137,mmol/L,136,145,N,STAT,2025-08-22 00:22,2025-08-22 00:37,2025-08-22 01:21
LAB742194,ENC117842,PT13199,K,Potassium,3.7,mmol/L,3.5,5.1,N,STAT,2025-08-21 23:39,2025-08-21 23:43,2025-08-22 00:39
LAB742195,ENC117843,PT12605,GLU,Glucose,127,mg/dL,70,99,H,STAT,2025-08-22 00:03,2025-08-22 00:11,2025-08-22 00:57
LAB742196,ENC117843,PT12605,CREAT,Creatinine,2.45,mg/dL,0.6,1.3,H,STAT,2025-08-22 00:15,2025-08-22 00:48,2025-08-22 01:24
LAB742197,ENC117843,PT12605,WBC,White Blood Cell Count,8.9,K/uL,4.5,11,N,Routine,2025-08-21 23:29,2025-08-21 23:41,2025-08-22 01:27
LAB742198,ENC117843,PT12605,HGB,Hemoglobin,11.3,g/dL,12,17.5,L,STAT,2025-08-22 00:07,2025-08-22 00:12,2025-08-22 00:52
LAB742199,ENC117843,PT12605,NA,Sodium,138,mmol/L,136,145,N,Routine,2025-08-21 23:38,2025-08-22 00:06,2025-08-22 02:21
LAB742200,ENC117843,PT12605,K,Potassium,5.3,mmol/L,3.5,5.1,H,STAT,2025-08-21 23:20,2025-08-21 23:29,2025-08-22 00:26
LAB742201,ENC117844,PT13144,GLU,Glucose,97,mg/dL,70,99,N,Routine,2025-08-21 21:50,2025-08-21 22:21,2025-08-22 00:04
LAB742202,ENC117844,PT13144,CREAT,Creatinine,0.76,mg/dL,0.6,1.3,N,STAT,2025-08-21 22:49,2025-08-21 23:06,2025-08-21 23:52
LAB742203,ENC117844,PT13144,WBC,White Blood Cell Count,9.4,K/uL,4.5,11,N,Routine,2025-08-21 22:02,2025-08-21 22:13,2025-08-22 00:29
LAB742204,ENC117844,PT13144,HGB,Hemoglobin,13.3,g/dL,12,17.5,N,Routine,2025-08-21 22:38,2025-08-21 23:12,2025-08-22 01:51
LAB742205,ENC117845,PT11941,GLU,Glucose,89,mg/dL,70,99,N,Routine,2025-08-21 22:08,2025-08-21 22:20,2025-08-21 23:51
LAB742206,ENC117845,PT11941,CREAT,Creatinine,0.85,mg/dL,0.6,1.3,N,Routine,2025-08-21 22:45,2025-08-21 23:09,2025-08-22 00:51
LAB742207,ENC117845,PT11941,WBC,White Blood Cell Count,12.4,K/uL,4.5,11,H,STAT,2025-08-21 22:35,2025-08-21 23:07,2025-08-21 23:55
LAB742208,ENC117846,PT11912,TROP,"Troponin I, High Sensitivity",5,ng/L,0,34,N,STAT,2025-08-21 23:39,2025-08-21 23:49,2025-08-22 00:41
LAB742209,ENC117847,PT12811,GLU,Glucose,116,mg/dL,70,99,H,Routine,2025-08-22 06:09,2025-08-22 06:34,2025-08-22 08:26
LAB742210,ENC117847,PT12811,CREAT,Creatinine,0.91,mg/dL,0.6,1.3,N,STAT,2025-08-22 06:16,2025-08-22 06:36,2025-08-22 07:04
LAB742211,ENC117847,PT12811,WBC,White Blood Cell Count,6.9,K/uL,4.5,11,N,Routine,2025-08-22 05:15,2025-08-22 05:23,2025-08-22 07:25
LAB742212,ENC117847,PT12811,HGB,Hemoglobin,16,g/dL,12,17.5,N,Routine,2025-08-22 05:13,2025-08-22 05:32,2025-08-22 07:23
LAB742213,ENC117847,PT12811,NA,Sodium,144,mmol/L,136,145,N,STAT,2025-08-22 05:14,2025-08-22 05:29,2025-08-22 06:45
LAB742214,ENC117847,PT12811,K,Potassium,4.4,mmol/L,3.5,5.1,N,STAT,2025-08-22 05:33,2025-08-22 05:43,2025-08-22 07:48
LAB742215,ENC117848,PT13407,GLU,Glucose,82,mg/dL,70,99,N,STAT,2025-08-22 08:38,2025-08-22 08:48,2025-08-22 09:32
LAB742216,ENC117848,PT13407,CREAT,Creatinine,2.54,mg/dL,0.6,1.3,H,Routine,2025-08-22 09:05,2025-08-22 09:10,2025-08-22 13:38
LAB742217,ENC117848,PT13407,WBC,White Blood Cell Count,9,K/uL,4.5,11,N,STAT,2025-08-22 08:22,2025-08-22 08:48,2025-08-22 09:10
LAB742218,ENC117848,PT13407,HGB,Hemoglobin,11.4,g/dL,12,17.5,L,Routine,2025-08-22 08:41,2025-08-22 08:54,2025-08-22 09:54
LAB742219,ENC117848,PT13407,INR,Prothrombin Time INR,1.1,ratio,0.8,1.2,N,STAT,2025-08-22 08:51,2025-08-22 08:57,2025-08-22 10:16
LAB742220,ENC117850,PT11155,A1C,Hemoglobin A1c,11.4,%,4,5.6,H,Routine,2025-08-22 09:30,2025-08-22 10:00,2025-08-22 18:55
LAB742221,ENC117850,PT11155,GLU,Glucose,304,mg/dL,70,99,H,Routine,2025-08-22 09:20,2025-08-22 09:43,2025-08-22 15:47
LAB742222,ENC117850,PT11155,CREAT,Creatinine,1.31,mg/dL,0.6,1.3,H,Routine,2025-08-22 09:05,2025-08-22 09:21,2025-08-22 11:58
LAB742223,ENC117852,PT10172,LDL,LDL Cholesterol,78,mg/dL,0,99,N,Routine,2025-08-22 09:45,2025-08-22 10:17,2025-08-23 06:35
LAB742224,ENC117852,PT10172,A1C,Hemoglobin A1c,6.1,%,4,5.6,H,Routine,2025-08-22 09:35,2025-08-22 10:03,2025-08-22 18:32
LAB742225,ENC117853,PT13555,LDL,LDL Cholesterol,158,mg/dL,0,99,H,Routine,2025-08-22 09:56,2025-08-22 10:22,2025-08-23 03:04
LAB742226,ENC117853,PT13555,A1C,Hemoglobin A1c,7.9,%,4,5.6,H,Routine,2025-08-22 09:50,2025-08-22 10:22,2025-08-23 07:48
LAB742227,ENC117855,PT12300,LDL,LDL Cholesterol,121,mg/dL,0,99,H,Routine,2025-08-22 10:05,2025-08-22 10:14,2025-08-23 01:08
LAB742228,ENC117855,PT12300,A1C,Hemoglobin A1c,5.2,%,4,5.6,N,Routine,2025-08-22 10:14,2025-08-22 10:18,2025-08-23 09:46
LAB742229,ENC117856,PT12963,GLU,Glucose,103,mg/dL,70,99,H,Routine,2025-08-22 10:09,2025-08-22 10:33,2025-08-22 13:30
LAB742230,ENC117856,PT12963,CREAT,Creatinine,0.9,mg/dL,0.6,1.3,N,STAT,2025-08-22 10:06,2025-08-22 10:36,2025-08-22 11:27
LAB742231,ENC117857,PT10116,LDL,LDL Cholesterol,128,mg/dL,0,99,H,Routine,2025-08-22 10:30,2025-08-22 10:36,2025-08-23 13:40
LAB742232,ENC117858,PT13763,LDL,LDL Cholesterol,97,mg/dL,0,99,N,Routine,2025-08-22 12:10,2025-08-22 12:14,2025-08-22 23:42
LAB742233,ENC117859,PT13561,GLU,Glucose,250,mg/dL,70,99,H,STAT,2025-08-22 12:39,2025-08-22 12:58,2025-08-22 13:27
LAB742234,ENC117859,PT13561,CREAT,Creatinine,0.86,mg/dL,0.6,1.3,N,Routine,2025-08-22 12:24,2025-08-22 12:59,2025-08-22 15:45
LAB742235,ENC117859,PT13561,WBC,White Blood Cell Count,8.6,K/uL,4.5,11,N,Routine,2025-08-22 13:15,2025-08-22 13:24,2025-08-22 15:34
LAB742236,ENC117860,PT11714,WBC,White Blood Cell Count,7.3,K/uL,4.5,11,N,Routine,2025-08-22 12:27,2025-08-22 12:55,2025-08-22 14:34
LAB742237,ENC117860,PT11714,HGB,Hemoglobin,13.8,g/dL,12,17.5,N,Routine,2025-08-22 12:28,2025-08-22 12:44,2025-08-22 14:59
LAB742238,ENC117860,PT11714,PLT,Platelet Count,284,K/uL,150,400,N,Routine,2025-08-22 12:39,2025-08-22 13:12,2025-08-22 14:25
LAB742239,ENC117861,PT13529,GLU,Glucose,176,mg/dL,70,99,H,Routine,2025-08-22 13:22,2025-08-22 13:47,2025-08-22 18:17
LAB742240,ENC117861,PT13529,CREAT,Creatinine,0.98,mg/dL,0.6,1.3,N,STAT,2025-08-22 13:18,2025-08-22 13:37,2025-08-22 14:11
LAB742241,ENC117861,PT13529,WBC,White Blood Cell Count,6.6,K/uL,4.5,11,N,Routine,2025-08-22 12:50,2025-08-22 12:58,2025-08-22 14:46
LAB742242,ENC117861,PT13529,TROP,"Troponin I, High Sensitivity",7,ng/L,0,34,N,STAT,2025-08-22 12:42,2025-08-22 12:51,2025-08-22 13:33
LAB742243,ENC117862,PT11678,GLU,Glucose,130,mg/dL,70,99,H,Routine,2025-08-22 15:47,2025-08-22 16:16,2025-08-22 18:04
LAB742244,ENC117862,PT11678,CREAT,Creatinine,1.99,mg/dL,0.6,1.3,H,Routine,2025-08-22 16:22,2025-08-22 16:46,2025-08-22 17:59
LAB742245,ENC117862,PT11678,WBC,White Blood Cell Count,7.3,K/uL,4.5,11,N,Routine,2025-08-22 16:19,2025-08-22 16:46,2025-08-22 22:49
LAB742246,ENC117862,PT11678,HGB,Hemoglobin,7.8,g/dL,12,17.5,L,STAT,2025-08-22 16:02,2025-08-22 16:07,2025-08-22 17:54
LAB742247,ENC117862,PT11678,LACT,Lactate,1.5,mmol/L,0.5,2,N,STAT,2025-08-22 15:57,2025-08-22 16:22,2025-08-22 17:09
LAB742248,ENC117864,PT13788,A1C,Hemoglobin A1c,8,%,4,5.6,H,Routine,2025-08-22 14:25,2025-08-22 14:59,2025-08-23 09:51
LAB742249,ENC117865,PT13802,LDL,LDL Cholesterol,106,mg/dL,0,99,H,Routine,2025-08-22 14:26,2025-08-22 14:42,2025-08-23 02:44
LAB742250,ENC117866,PT13545,GLU,Glucose,310,mg/dL,70,99,H,STAT,2025-08-22 14:55,2025-08-22 15:21,2025-08-22 16:45
LAB742251,ENC117866,PT13545,CREAT,Creatinine,1.08,mg/dL,0.6,1.3,N,STAT,2025-08-22 15:15,2025-08-22 15:25,2025-08-22 16:17
LAB742252,ENC117866,PT13545,WBC,White Blood Cell Count,9,K/uL,4.5,11,N,Routine,2025-08-22 15:08,2025-08-22 15:14,2025-08-22 18:06
LAB742253,ENC117866,PT13545,HGB,Hemoglobin,11.6,g/dL,12,17.5,L,Routine,2025-08-22 14:30,2025-08-22 14:34,2025-08-22 17:16
LAB742254,ENC117866,PT13545,TROP,"Troponin I, High Sensitivity",1,ng/L,0,34,N,STAT,2025-08-22 14:29,2025-08-22 14:46,2025-08-22 16:35
LAB742255,ENC117867,PT13581,GLU,Glucose,263,mg/dL,70,99,H,STAT,2025-08-22 19:15,2025-08-22 19:46,2025-08-22 20:49
LAB742256,ENC117867,PT13581,CREAT,Creatinine,0.65,mg/dL,0.6,1.3,N,STAT,2025-08-22 19:23,2025-08-22 19:32,2025-08-22 20:50
LAB742257,ENC117867,PT13581,WBC,White Blood Cell Count,7.4,K/uL,4.5,11,N,STAT,2025-08-22 20:13,2025-08-22 20:21,2025-08-22 21:21
LAB742258,ENC117867,PT13581,HGB,Hemoglobin,17.7,g/dL,12,17.5,H,Routine,2025-08-22 19:24,2025-08-22 19:48,2025-08-23 03:45
LAB742259,ENC117867,PT13581,NA,Sodium,140,mmol/L,136,145,N,Routine,2025-08-22 19:30,2025-08-22 19:44,2025-08-22 23:44
LAB742260,ENC117867,PT13581,K,Potassium,3.7,mmol/L,3.5,5.1,N,STAT,2025-08-22 19:45,2025-08-22 19:51,2025-08-22 20:18
LAB742261,ENC117868,PT12455,GLU,Glucose,128,mg/dL,70,99,H,STAT,2025-08-22 18:50,2025-08-22 19:14,2025-08-22 19:39
LAB742262,ENC117868,PT12455,CREAT,Creatinine,0.52,mg/dL,0.6,1.3,L,Routine,2025-08-22 18:32,2025-08-22 18:54,2025-08-22 20:38
LAB742263,ENC117868,PT12455,WBC,White Blood Cell Count,4.2,K/uL,4.5,11,L,Routine,2025-08-22 19:04,2025-08-22 19:19,2025-08-23 02:09
LAB742264,ENC117868,PT12455,HGB,Hemoglobin,12.5,g/dL,12,17.5,N,Routine,2025-08-22 18:23,2025-08-22 18:52,2025-08-22 20:41
LAB742265,ENC117868,PT12455,TROP,"Troponin I, High Sensitivity",5,ng/L,0,34,N,STAT,2025-08-22 18:22,2025-08-22 18:29,2025-08-22 18:50
LAB742266,ENC117868,PT12455,BNP,B-Type Natriuretic Peptide,3281,pg/mL,0,100,H,Routine,2025-08-22 18:27,2025-08-22 18:37,2025-08-22 21:51
LAB742267,ENC117869,PT12886,LDL,LDL Cholesterol,134,mg/dL,0,99,H,Routine,2025-08-22 14:51,2025-08-22 14:57,2025-08-23 08:52
LAB742268,ENC117870,PT11887,GLU,Glucose,111,mg/dL,70,99,H,Routine,2025-08-22 17:19,2025-08-22 17:41,2025-08-22 19:51
LAB742269,ENC117870,PT11887,CREAT,Creatinine,0.58,mg/dL,0.6,1.3,L,STAT,2025-08-22 16:48,2025-08-22 17:21,2025-08-22 18:03
LAB742270,ENC117870,PT11887,WBC,White Blood Cell Count,8.9,K/uL,4.5,11,N,Routine,2025-08-22 17:16,2025-08-22 17:22,2025-08-22 20:12
LAB742271,ENC117870,PT11887,HGB,Hemoglobin,12,g/dL,12,17.5,N,STAT,2025-08-22 16:37,2025-08-22 17:08,2025-08-22 17:52
LAB742272,ENC117873,PT12081,GLU,Glucose,84,mg/dL,70,99,N,STAT,2025-08-22 16:00,2025-08-22 16:32,2025-08-22 17:10
LAB742273,ENC117873,PT12081,CREAT,Creatinine,2.04,mg/dL,0.6,1.3,H,Routine,2025-08-22 15:45,2025-08-22 15:58,2025-08-22 19:37
LAB742274,ENC117873,PT12081,WBC,White Blood Cell Count,8.2,K/uL,4.5,11,N,Routine,2025-08-22 15:28,2025-08-22 15:40,2025-08-22 17:49
LAB742275,ENC117873,PT12081,HGB,Hemoglobin,6.9,g/dL,12,17.5,LL,STAT,2025-08-22 15:49,2025-08-22 16:10,2025-08-22 16:47
LAB742276,ENC117873,PT12081,INR,Prothrombin Time INR,1.2,ratio,0.8,1.2,N,STAT,2025-08-22 16:08,2025-08-22 16:26,2025-08-22 16:59
LAB742277,ENC117874,PT11219,LDL,LDL Cholesterol,137,mg/dL,0,99,H,Routine,2025-08-22 15:40,2025-08-22 15:51,2025-08-23 05:15
LAB742278,ENC117874,PT11219,A1C,Hemoglobin A1c,10.2,%,4,5.6,H,Routine,2025-08-22 15:55,2025-08-22 16:28,2025-08-23 16:35
LAB742279,ENC117875,PT13229,GLU,Glucose,77,mg/dL,70,99,N,STAT,2025-08-22 18:16,2025-08-22 18:20,2025-08-22 18:41
LAB742280,ENC117875,PT13229,CREAT,Creatinine,1.25,mg/dL,0.6,1.3,N,Routine,2025-08-22 17:10,2025-08-22 17:28,2025-08-22 20:02
LAB742281,ENC117877,PT12405,GLU,Glucose,166,mg/dL,70,99,H,STAT,2025-08-22 19:32,2025-08-22 19:59,2025-08-22 20:34
LAB742282,ENC117877,PT12405,CREAT,Creatinine,0.95,mg/dL,0.6,1.3,N,STAT,2025-08-22 19:16,2025-08-22 19:49,2025-08-22 20:42
LAB742283,ENC117877,PT12405,WBC,White Blood Cell Count,7.3,K/uL,4.5,11,N,STAT,2025-08-22 18:53,2025-08-22 19:10,2025-08-22 19:51
LAB742284,ENC117877,PT12405,TROP,"Troponin I, High Sensitivity",10,ng/L,0,34,N,STAT,2025-08-22 18:54,2025-08-22 19:01,2025-08-22 19:21
LAB742285,ENC117879,PT11194,GLU,Glucose,80,mg/dL,70,99,N,STAT,2025-08-22 22:51,2025-08-22 23:19,2025-08-22 23:53
LAB742286,ENC117879,PT11194,CREAT,Creatinine,1.18,mg/dL,0.6,1.3,N,Routine,2025-08-22 21:49,2025-08-22 22:16,2025-08-23 00:41
LAB742287,ENC117879,PT11194,WBC,White Blood Cell Count,7.8,K/uL,4.5,11,N,STAT,2025-08-22 21:54,2025-08-22 22:00,2025-08-22 23:52
LAB742288,ENC117880,PT12247,GLU,Glucose,100,mg/dL,70,99,H,STAT,2025-08-23 01:59,2025-08-23 02:04,2025-08-23 03:56
LAB742289,ENC117880,PT12247,CREAT,Creatinine,1.04,mg/dL,0.6,1.3,N,STAT,2025-08-23 02:22,2025-08-23 02:40,2025-08-23 03:18
LAB742290,ENC117880,PT12247,WBC,White Blood Cell Count,7.9,K/uL,4.5,11,N,STAT,2025-08-23 02:52,2025-08-23 03:24,2025-08-23 04:22
LAB742291,ENC117880,PT12247,HGB,Hemoglobin,15.8,g/dL,12,17.5,N,Routine,2025-08-23 02:17,2025-08-23 02:39,2025-08-23 07:55
LAB742292,ENC117880,PT12247,LACT,Lactate,3.5,mmol/L,0.5,2,H,STAT,2025-08-23 02:28,2025-08-23 02:36,2025-08-23 03:51
LAB742293,ENC117881,PT13333,GLU,Glucose,127,mg/dL,70,99,H,STAT,2025-08-23 01:40,2025-08-23 02:03,2025-08-23 03:03
LAB742294,ENC117881,PT13333,CREAT,Creatinine,0.95,mg/dL,0.6,1.3,N,Routine,2025-08-23 01:10,2025-08-23 01:34,2025-08-23 02:25
LAB742295,ENC117881,PT13333,WBC,White Blood Cell Count,24.4,K/uL,4.5,11,H,Routine,2025-08-23 01:14,2025-08-23 01:20,2025-08-23 03:52
LAB742296,ENC117881,PT13333,HGB,Hemoglobin,11.9,g/dL,12,17.5,L,Routine,2025-08-23 02:08,2025-08-23 02:14,2025-08-23 04:54
LAB742297,ENC117882,PT10211,GLU,Glucose,126,mg/dL,70,99,H,Routine,2025-08-23 06:10,2025-08-23 06:44,2025-08-23 13:33
LAB742298,ENC117882,PT10211,CREAT,Creatinine,0.97,mg/dL,0.6,1.3,N,STAT,2025-08-23 06:50,2025-08-23 07:23,2025-08-23 07:46
LAB742299,ENC117882,PT10211,WBC,White Blood Cell Count,7.6,K/uL,4.5,11,N,Routine,2025-08-23 06:10,2025-08-23 06:36,2025-08-23 08:39
LAB742300,ENC117882,PT10211,HGB,Hemoglobin,13.8,g/dL,12,17.5,N,STAT,2025-08-23 06:27,2025-08-23 06:55,2025-08-23 07:54
LAB742301,ENC117883,PT12139,GLU,Glucose,114,mg/dL,70,99,H,Routine,2025-08-23 10:16,2025-08-23 10:36,2025-08-23 11:51
LAB742302,ENC117883,PT12139,CREAT,Creatinine,0.78,mg/dL,0.6,1.3,N,Routine,2025-08-23 10:03,2025-08-23 10:12,2025-08-23 12:05
LAB742303,ENC117883,PT12139,WBC,White Blood Cell Count,4.1,K/uL,4.5,11,L,Routine,2025-08-23 09:17,2025-08-23 09:21,2025-08-23 17:11
LAB742304,ENC117883,PT12139,HGB,Hemoglobin,15.6,g/dL,12,17.5,N,STAT,2025-08-23 09:16,2025-08-23 09:36,2025-08-23 10:11
LAB742305,ENC117884,PT13116,GLU,Glucose,87,mg/dL,70,99,N,Routine,2025-08-23 07:59,2025-08-23 08:31,2025-08-23 11:55
LAB742306,ENC117884,PT13116,CREAT,Creatinine,0.72,mg/dL,0.6,1.3,N,Routine,2025-08-23 08:31,2025-08-23 08:41,2025-08-23 10:56
LAB742307,ENC117886,PT13762,GLU,Glucose,115,mg/dL,70,99,H,Routine,2025-08-23 10:18,2025-08-23 10:32,2025-08-23 13:31
LAB742308,ENC117886,PT13762,CREAT,Creatinine,1.31,mg/dL,0.6,1.3,H,STAT,2025-08-23 10:54,2025-08-23 11:25,2025-08-23 12:01
LAB742309,ENC117886,PT13762,WBC,White Blood Cell Count,13,K/uL,4.5,11,H,Routine,2025-08-23 11:08,2025-08-23 11:22,2025-08-23 14:28
LAB742310,ENC117886,PT13762,HGB,Hemoglobin,12.7,g/dL,12,17.5,N,Routine,2025-08-23 10:40,2025-08-23 11:01,2025-08-23 17:34
LAB742311,ENC117888,PT12507,GLU,Glucose,75,mg/dL,70,99,N,Routine,2025-08-23 17:52,2025-08-23 18:14,2025-08-23 22:13
LAB742312,ENC117888,PT12507,CREAT,Creatinine,0.53,mg/dL,0.6,1.3,L,Routine,2025-08-23 17:22,2025-08-23 17:32,2025-08-23 21:43
LAB742313,ENC117888,PT12507,WBC,White Blood Cell Count,8.8,K/uL,4.5,11,N,Routine,2025-08-23 17:33,2025-08-23 17:46,2025-08-23 18:26
LAB742314,ENC117888,PT12507,HGB,Hemoglobin,15.2,g/dL,12,17.5,N,STAT,2025-08-23 17:19,2025-08-23 17:30,2025-08-23 17:55
LAB742315,ENC117888,PT12507,INR,Prothrombin Time INR,1.2,ratio,0.8,1.2,N,STAT,2025-08-23 18:09,2025-08-23 18:35,2025-08-23 19:23
LAB742316,ENC117891,PT12855,GLU,Glucose,95,mg/dL,70,99,N,STAT,2025-08-23 20:08,2025-08-23 20:36,2025-08-23 21:32
LAB742317,ENC117891,PT12855,CREAT,Creatinine,1.18,mg/dL,0.6,1.3,N,Routine,2025-08-23 20:01,2025-08-23 20:05,2025-08-24 03:49
LAB742318,ENC117891,PT12855,WBC,White Blood Cell Count,8.6,K/uL,4.5,11,N,STAT,2025-08-23 20:08,2025-08-23 20:13,2025-08-23 20:49
LAB742319,ENC117891,PT12855,HGB,Hemoglobin,12.6,g/dL,12,17.5,N,Routine,2025-08-23 20:02,2025-08-23 20:34,2025-08-24 00:44
LAB742320,ENC117891,PT12855,TROP,"Troponin I, High Sensitivity",81,ng/L,0,34,H,STAT,2025-08-23 20:26,2025-08-23 20:40,2025-08-23 21:10
LAB742321,ENC117891,PT12855,BNP,B-Type Natriuretic Peptide,603,pg/mL,0,100,H,Routine,2025-08-23 19:50,2025-08-23 20:10,2025-08-24 00:44
LAB742322,ENC117892,PT12952,GLU,Glucose,96,mg/dL,70,99,N,STAT,2025-08-23 19:44,2025-08-23 20:13,2025-08-23 20:40
LAB742323,ENC117892,PT12952,CREAT,Creatinine,0.96,mg/dL,0.6,1.3,N,STAT,2025-08-23 19:50,2025-08-23 20:12,2025-08-23 21:01
LAB742324,ENC117892,PT12952,WBC,White Blood Cell Count,7.5,K/uL,4.5,11,N,STAT,2025-08-23 20:19,2025-08-23 20:33,2025-08-23 21:51
LAB742325,ENC117892,PT12952,HGB,Hemoglobin,17.3,g/dL,12,17.5,N,Routine,2025-08-23 20:00,2025-08-23 20:33,2025-08-23 22:41
LAB742326,ENC117893,PT11411,GLU,Glucose,119,mg/dL,70,99,H,Routine,2025-08-23 22:19,2025-08-23 22:41,2025-08-24 00:26
LAB742327,ENC117893,PT11411,CREAT,Creatinine,1,mg/dL,0.6,1.3,N,STAT,2025-08-23 22:35,2025-08-23 23:06,2025-08-23 23:50
LAB742328,ENC117893,PT11411,WBC,White Blood Cell Count,7.2,K/uL,4.5,11,N,STAT,2025-08-23 22:01,2025-08-23 22:05,2025-08-23 22:58
LAB742329,ENC117893,PT11411,HGB,Hemoglobin,14.6,g/dL,12,17.5,N,STAT,2025-08-23 21:28,2025-08-23 21:51,2025-08-23 22:19
LAB742330,ENC117893,PT11411,TROP,"Troponin I, High Sensitivity",543,ng/L,0,34,H,STAT,2025-08-23 21:50,2025-08-23 21:54,2025-08-23 23:29
LAB742331,ENC117894,PT12387,GLU,Glucose,97,mg/dL,70,99,N,Routine,2025-08-23 18:21,2025-08-23 18:49,2025-08-24 07:29
LAB742332,ENC117894,PT12387,CREAT,Creatinine,1.13,mg/dL,0.6,1.3,N,STAT,2025-08-23 18:38,2025-08-23 18:59,2025-08-23 19:29
LAB742333,ENC117895,PT10410,GLU,Glucose,99,mg/dL,70,99,N,STAT,2025-08-23 19:45,2025-08-23 20:03,2025-08-23 21:19
LAB742334,ENC117895,PT10410,CREAT,Creatinine,1.17,mg/dL,0.6,1.3,N,STAT,2025-08-23 19:51,2025-08-23 20:25,2025-08-23 20:46
LAB742335,ENC117895,PT10410,WBC,White Blood Cell Count,6.8,K/uL,4.5,11,N,Routine,2025-08-23 20:24,2025-08-23 20:55,2025-08-23 22:41
LAB742336,ENC117895,PT10410,HGB,Hemoglobin,12.8,g/dL,12,17.5,N,STAT,2025-08-23 19:59,2025-08-23 20:03,2025-08-23 20:29
LAB742337,ENC117895,PT10410,TROP,"Troponin I, High Sensitivity",39,ng/L,0,34,H,STAT,2025-08-23 20:19,2025-08-23 20:28,2025-08-23 21:12
LAB742338,ENC117896,PT12265,GLU,Glucose,81,mg/dL,70,99,N,STAT,2025-08-24 01:16,2025-08-24 01:24,2025-08-24 01:55
LAB742339,ENC117896,PT12265,CREAT,Creatinine,1.17,mg/dL,0.6,1.3,N,Routine,2025-08-24 01:51,2025-08-24 02:07,2025-08-24 08:02
LAB742340,ENC117896,PT12265,WBC,White Blood Cell Count,8.1,K/uL,4.5,11,N,Routine,2025-08-24 01:04,2025-08-24 01:32,2025-08-24 05:12
LAB742341,ENC117896,PT12265,HGB,Hemoglobin,14.4,g/dL,12,17.5,N,STAT,2025-08-24 01:50,2025-08-24 02:05,2025-08-24 03:40
LAB742342,ENC117896,PT12265,NA,Sodium,141,mmol/L,136,145,N,Routine,2025-08-24 01:24,2025-08-24 01:55,2025-08-24 05:10
LAB742343,ENC117896,PT12265,K,Potassium,3.6,mmol/L,3.5,5.1,N,STAT,2025-08-24 01:36,2025-08-24 01:55,2025-08-24 02:30
LAB742344,ENC117896,PT12265,BUN,Blood Urea Nitrogen,19,mg/dL,7,20,N,Routine,2025-08-24 01:45,2025-08-24 02:08,2025-08-24 04:20
LAB742345,ENC117896,PT12265,PLT,Platelet Count,277,K/uL,150,400,N,STAT,2025-08-24 01:36,2025-08-24 02:04,2025-08-24 02:49
LAB742346,ENC117897,PT12425,GLU,Glucose,89,mg/dL,70,99,N,STAT,2025-08-24 00:22,2025-08-24 00:54,2025-08-24 02:54
LAB742347,ENC117897,PT12425,CREAT,Creatinine,1.21,mg/dL,0.6,1.3,N,STAT,2025-08-24 01:16,2025-08-24 01:27,2025-08-24 02:24
LAB742348,ENC117897,PT12425,WBC,White Blood Cell Count,7.4,K/uL,4.5,11,N,Routine,2025-08-24 00:30,2025-08-24 01:05,2025-08-24 04:39
LAB742349,ENC117897,PT12425,HGB,Hemoglobin,13.9,g/dL,12,17.5,N,STAT,2025-08-24 01:19,2025-08-24 01:30,2025-08-24 02:18
LAB742350,ENC117899,PT11218,GLU,Glucose,112,mg/dL,70,99,H,Routine,2025-08-24 07:17,2025-08-24 07:36,2025-08-24 09:29
LAB742351,ENC117899,PT11218,CREAT,Creatinine,1.05,mg/dL,0.6,1.3,N,STAT,2025-08-24 07:23,2025-08-24 07:32,2025-08-24 08:24
LAB742352,ENC117899,PT11218,WBC,White Blood Cell Count,15.7,K/uL,4.5,11,H,STAT,2025-08-24 06:37,2025-08-24 07:04,2025-08-24 07:51
LAB742353,ENC117899,PT11218,HGB,Hemoglobin,15.7,g/dL,12,17.5,N,STAT,2025-08-24 06:41,2025-08-24 06:45,2025-08-24 07:20
LAB742354,ENC117901,PT13021,GLU,Glucose,112,mg/dL,70,99,H,STAT,2025-08-24 12:32,2025-08-24 12:39,2025-08-24 13:34
LAB742355,ENC117901,PT13021,CREAT,Creatinine,0.58,mg/dL,0.6,1.3,L,Routine,2025-08-24 11:30,2025-08-24 12:04,2025-08-24 15:07
LAB742356,ENC117902,PT12543,GLU,Glucose,101,mg/dL,70,99,H,Routine,2025-08-24 14:26,2025-08-24 14:42,2025-08-24 17:38
LAB742357,ENC117902,PT12543,CREAT,Creatinine,0.93,mg/dL,0.6,1.3,N,STAT,2025-08-24 15:00,2025-08-24 15:31,2025-08-24 16:02
LAB742358,ENC117902,PT12543,WBC,White Blood Cell Count,8.7,K/uL,4.5,11,N,STAT,2025-08-24 14:56,2025-08-24 15:11,2025-08-24 16:14
LAB742359,ENC117902,PT12543,HGB,Hemoglobin,13.5,g/dL,12,17.5,N,STAT,2025-08-24 14:45,2025-08-24 15:07,2025-08-24 16:04
LAB742360,ENC117902,PT12543,NA,Sodium,140,mmol/L,136,145,N,STAT,2025-08-24 14:20,2025-08-24 14:30,2025-08-24 14:59
LAB742361,ENC117902,PT12543,K,Potassium,4.1,mmol/L,3.5,5.1,N,STAT,2025-08-24 14:24,2025-08-24 14:46,2025-08-24 15:17
LAB742362,ENC117903,PT13756,GLU,Glucose,128,mg/dL,70,99,H,Routine,2025-08-24 17:23,2025-08-24 17:38,2025-08-24 19:49
LAB742363,ENC117903,PT13756,CREAT,Creatinine,0.62,mg/dL,0.6,1.3,N,Routine,2025-08-24 18:13,2025-08-24 18:17,2025-08-24 23:17
LAB742364,ENC117903,PT13756,WBC,White Blood Cell Count,6,K/uL,4.5,11,N,STAT,2025-08-24 18:20,2025-08-24 18:29,2025-08-24 19:15
LAB742365,ENC117903,PT13756,HGB,Hemoglobin,13.7,g/dL,12,17.5,N,STAT,2025-08-24 17:55,2025-08-24 18:22,2025-08-24 19:19
LAB742366,ENC117903,PT13756,INR,Prothrombin Time INR,1.1,ratio,0.8,1.2,N,STAT,2025-08-24 17:22,2025-08-24 17:49,2025-08-24 18:47
LAB742367,ENC117904,PT11105,GLU,Glucose,119,mg/dL,70,99,H,STAT,2025-08-24 14:24,2025-08-24 14:42,2025-08-24 15:42
LAB742368,ENC117904,PT11105,CREAT,Creatinine,0.9,mg/dL,0.6,1.3,N,STAT,2025-08-24 14:12,2025-08-24 14:18,2025-08-24 14:52
LAB742369,ENC117907,PT11010,GLU,Glucose,106,mg/dL,70,99,H,STAT,2025-08-24 23:15,2025-08-24 23:38,2025-08-25 00:37
LAB742370,ENC117907,PT11010,CREAT,Creatinine,0.5,mg/dL,0.6,1.3,L,STAT,2025-08-25 00:16,2025-08-25 00:21,2025-08-25 00:55
LAB742371,ENC117907,PT11010,WBC,White Blood Cell Count,8,K/uL,4.5,11,N,Routine,2025-08-24 23:28,2025-08-24 23:32,2025-08-25 03:09
LAB742372,ENC117907,PT11010,HGB,Hemoglobin,16.7,g/dL,12,17.5,N,STAT,2025-08-24 23:26,2025-08-24 23:48,2025-08-25 01:03
LAB742373,ENC117908,PT12158,GLU,Glucose,84,mg/dL,70,99,N,Routine,2025-08-24 20:56,2025-08-24 21:28,2025-08-25 01:24
LAB742374,ENC117908,PT12158,CREAT,Creatinine,0.92,mg/dL,0.6,1.3,N,Routine,2025-08-24 20:30,2025-08-24 20:46,2025-08-25 00:53
LAB742375,ENC117908,PT12158,WBC,White Blood Cell Count,5.7,K/uL,4.5,11,N,STAT,2025-08-24 21:15,2025-08-24 21:34,2025-08-24 22:06
LAB742376,ENC117908,PT12158,HGB,Hemoglobin,16.1,g/dL,12,17.5,N,STAT,2025-08-24 20:48,2025-08-24 21:13,2025-08-24 21:55
LAB742377,ENC117908,PT12158,LACT,Lactate,4.3,mmol/L,0.5,2,HH,STAT,2025-08-24 20:17,2025-08-24 20:23,2025-08-24 21:18
LAB742378,ENC117910,PT11854,GLU,Glucose,112,mg/dL,70,99,H,STAT,2025-08-25 04:55,2025-08-25 05:21,2025-08-25 05:57
LAB742379,ENC117910,PT11854,CREAT,Creatinine,1.5,mg/dL,0.6,1.3,H,STAT,2025-08-25 05:11,2025-08-25 05:22,2025-08-25 06:28
LAB742380,ENC117910,PT11854,WBC,White Blood Cell Count,7.8,K/uL,4.5,11,N,Routine,2025-08-25 05:32,2025-08-25 05:50,2025-08-25 09:40
LAB742381,ENC117910,PT11854,HGB,Hemoglobin,11.4,g/dL,12,17.5,L,STAT,2025-08-25 05:41,2025-08-25 06:04,2025-08-25 06:36
LAB742382,ENC117910,PT11854,NA,Sodium,139,mmol/L,136,145,N,STAT,2025-08-25 04:50,2025-08-25 05:05,2025-08-25 05:32
LAB742383,ENC117910,PT11854,K,Potassium,3.8,mmol/L,3.5,5.1,N,STAT,2025-08-25 05:50,2025-08-25 06:22,2025-08-25 06:56
LAB742384,ENC117912,PT13691,GLU,Glucose,88,mg/dL,70,99,N,Routine,2025-08-25 09:15,2025-08-25 09:20,2025-08-25 13:22
LAB742385,ENC117912,PT13691,CREAT,Creatinine,0.85,mg/dL,0.6,1.3,N,STAT,2025-08-25 08:45,2025-08-25 08:52,2025-08-25 09:11
LAB742386,ENC117912,PT13691,WBC,White Blood Cell Count,7.2,K/uL,4.5,11,N,Routine,2025-08-25 08:19,2025-08-25 08:44,2025-08-25 10:59
LAB742387,ENC117912,PT13691,HGB,Hemoglobin,13.7,g/dL,12,17.5,N,STAT,2025-08-25 09:20,2025-08-25 09:41,2025-08-25 10:14
LAB742388,ENC117913,PT12807,LDL,LDL Cholesterol,170,mg/dL,0,99,H,Routine,2025-08-25 08:22,2025-08-25 08:47,2025-08-26 17:14
LAB742389,ENC117914,PT10924,GLU,Glucose,106,mg/dL,70,99,H,STAT,2025-08-25 10:59,2025-08-25 11:14,2025-08-25 12:04
LAB742390,ENC117914,PT10924,CREAT,Creatinine,0.23,mg/dL,0.6,1.3,L,STAT,2025-08-25 10:52,2025-08-25 10:57,2025-08-25 11:44
LAB742391,ENC117914,PT10924,WBC,White Blood Cell Count,10,K/uL,4.5,11,N,Routine,2025-08-25 10:34,2025-08-25 10:51,2025-08-25 13:38
LAB742392,ENC117914,PT10924,HGB,Hemoglobin,16.3,g/dL,12,17.5,N,STAT,2025-08-25 11:31,2025-08-25 11:40,2025-08-25 12:10
LAB742393,ENC117914,PT10924,INR,Prothrombin Time INR,1,ratio,0.8,1.2,N,STAT,2025-08-25 10:56,2025-08-25 11:18,2025-08-25 12:49
LAB742394,ENC117916,PT12638,GLU,Glucose,122,mg/dL,70,99,H,STAT,2025-08-25 12:04,2025-08-25 12:32,2025-08-25 13:29
LAB742395,ENC117916,PT12638,CREAT,Creatinine,2.18,mg/dL,0.6,1.3,H,STAT,2025-08-25 12:37,2025-08-25 12:47,2025-08-25 14:04
LAB742396,ENC117916,PT12638,WBC,White Blood Cell Count,18.9,K/uL,4.5,11,H,STAT,2025-08-25 12:46,2025-08-25 13:01,2025-08-25 13:33
LAB742397,ENC117916,PT12638,HGB,Hemoglobin,14.2,g/dL,12,17.5,N,STAT,2025-08-25 12:50,2025-08-25 13:11,2025-08-25 13:53
LAB742398,ENC117916,PT12638,LACT,Lactate,4.5,mmol/L,0.5,2,HH,STAT,2025-08-25 12:42,2025-08-25 12:54,2025-08-25 13:18
LAB742399,ENC117919,PT11137,GLU,Glucose,109,mg/dL,70,99,H,Routine,2025-08-25 09:26,2025-08-25 09:48,2025-08-25 14:18
LAB742400,ENC117919,PT11137,CREAT,Creatinine,0.78,mg/dL,0.6,1.3,N,Routine,2025-08-25 09:46,2025-08-25 10:19,2025-08-25 16:55
LAB742401,ENC117919,PT11137,WBC,White Blood Cell Count,11.1,K/uL,4.5,11,H,STAT,2025-08-25 09:42,2025-08-25 10:10,2025-08-25 10:51
LAB742402,ENC117919,PT11137,HGB,Hemoglobin,15.1,g/dL,12,17.5,N,STAT,2025-08-25 09:27,2025-08-25 09:35,2025-08-25 10:09
LAB742403,ENC117920,PT13991,GLU,Glucose,104,mg/dL,70,99,H,STAT,2025-08-25 09:15,2025-08-25 09:46,2025-08-25 10:27
LAB742404,ENC117920,PT13991,CREAT,Creatinine,0.27,mg/dL,0.6,1.3,L,Routine,2025-08-25 09:22,2025-08-25 09:32,2025-08-25 13:59
LAB742405,ENC117923,PT10262,GLU,Glucose,100,mg/dL,70,99,H,STAT,2025-08-25 14:47,2025-08-25 15:04,2025-08-25 15:43
LAB742406,ENC117923,PT10262,CREAT,Creatinine,1.02,mg/dL,0.6,1.3,N,STAT,2025-08-25 15:19,2025-08-25 15:44,2025-08-25 16:53
LAB742407,ENC117923,PT10262,WBC,White Blood Cell Count,11.5,K/uL,4.5,11,H,STAT,2025-08-25 15:43,2025-08-25 16:14,2025-08-25 16:57
LAB742408,ENC117923,PT10262,HGB,Hemoglobin,16.1,g/dL,12,17.5,N,Routine,2025-08-25 15:29,2025-08-25 15:44,2025-08-25 17:39
LAB742409,ENC117926,PT10003,GLU,Glucose,119,mg/dL,70,99,H,STAT,2025-08-25 11:50,2025-08-25 12:03,2025-08-25 12:58
LAB742410,ENC117926,PT10003,CREAT,Creatinine,0.92,mg/dL,0.6,1.3,N,STAT,2025-08-25 11:03,2025-08-25 11:27,2025-08-25 12:17
LAB742411,ENC117926,PT10003,WBC,White Blood Cell Count,6.3,K/uL,4.5,11,N,Routine,2025-08-25 10:50,2025-08-25 11:16,2025-08-25 12:21
LAB742412,ENC117926,PT10003,HGB,Hemoglobin,14.2,g/dL,12,17.5,N,STAT,2025-08-25 10:41,2025-08-25 10:50,2025-08-25 11:31
LAB742413,ENC117927,PT10795,GLU,Glucose,80,mg/dL,70,99,N,Routine,2025-08-25 15:02,2025-08-25 15:36,2025-08-25 16:45
LAB742414,ENC117927,PT10795,CREAT,Creatinine,1.03,mg/dL,0.6,1.3,N,STAT,2025-08-25 14:30,2025-08-25 14:51,2025-08-25 15:43
LAB742415,ENC117927,PT10795,WBC,White Blood Cell Count,9.9,K/uL,4.5,11,N,Routine,2025-08-25 14:47,2025-08-25 14:54,2025-08-25 17:19
LAB742416,ENC117927,PT10795,HGB,Hemoglobin,15.9,g/dL,12,17.5,N,STAT,2025-08-25 14:34,2025-08-25 14:56,2025-08-25 15:52
LAB742417,ENC117929,PT11356,GLU,Glucose,210,mg/dL,70,99,H,Routine,2025-08-25 12:27,2025-08-25 12:49,2025-08-25 16:16
LAB742418,ENC117929,PT11356,CREAT,Creatinine,0.83,mg/dL,0.6,1.3,N,STAT,2025-08-25 12:27,2025-08-25 12:56,2025-08-25 14:05
LAB742419,ENC117930,PT10984,A1C,Hemoglobin A1c,11.5,%,4,5.6,H,Routine,2025-08-25 13:30,2025-08-25 13:57,2025-08-26 13:33
LAB742420,ENC117930,PT10984,GLU,Glucose,327,mg/dL,70,99,H,Routine,2025-08-25 13:24,2025-08-25 13:28,2025-08-25 16:06
LAB742421,ENC117930,PT10984,CREAT,Creatinine,1.38,mg/dL,0.6,1.3,H,Routine,2025-08-25 13:45,2025-08-25 14:19,2025-08-25 18:14
LAB742422,ENC117931,PT12554,A1C,Hemoglobin A1c,6.3,%,4,5.6,H,Routine,2025-08-25 13:51,2025-08-25 14:00,2025-08-26 14:31
LAB742423,ENC117931,PT12554,GLU,Glucose,218,mg/dL,70,99,H,Routine,2025-08-25 13:39,2025-08-25 13:59,2025-08-25 16:26
LAB742424,ENC117931,PT12554,CREAT,Creatinine,0.9,mg/dL,0.6,1.3,N,Routine,2025-08-25 13:50,2025-08-25 14:00,2025-08-25 15:41
LAB742425,ENC117932,PT11883,WBC,White Blood Cell Count,9.4,K/uL,4.5,11,N,Routine,2025-08-25 13:56,2025-08-25 14:20,2025-08-25 16:46
LAB742426,ENC117932,PT11883,HGB,Hemoglobin,12.6,g/dL,12,17.5,N,Routine,2025-08-25 13:46,2025-08-25 14:07,2025-08-25 18:16
LAB742427,ENC117932,PT11883,PLT,Platelet Count,302,K/uL,150,400,N,Routine,2025-08-25 13:36,2025-08-25 13:41,2025-08-25 20:46
LAB742428,ENC117938,PT12862,GLU,Glucose,94,mg/dL,70,99,N,Routine,2025-08-25 20:55,2025-08-25 21:15,2025-08-26 04:30
LAB742429,ENC117938,PT12862,CREAT,Creatinine,0.43,mg/dL,0.6,1.3,L,Routine,2025-08-25 20:34,2025-08-25 20:46,2025-08-26 00:39
LAB742430,ENC117938,PT12862,WBC,White Blood Cell Count,8.4,K/uL,4.5,11,N,Routine,2025-08-25 20:30,2025-08-25 21:04,2025-08-25 22:29
LAB742431,ENC117938,PT12862,HGB,Hemoglobin,14.2,g/dL,12,17.5,N,STAT,2025-08-25 20:54,2025-08-25 21:00,2025-08-25 21:49
LAB742432,ENC117938,PT12862,TROP,"Troponin I, High Sensitivity",31,ng/L,0,34,N,STAT,2025-08-25 21:23,2025-08-25 21:42,2025-08-25 22:35
LAB742433,ENC117938,PT12862,BNP,B-Type Natriuretic Peptide,423,pg/mL,0,100,H,STAT,2025-08-25 20:50,2025-08-25 21:16,2025-08-25 22:34
LAB742434,ENC117940,PT11204,GLU,Glucose,114,mg/dL,70,99,H,Routine,2025-08-25 16:05,2025-08-25 16:20,2025-08-25 17:56
LAB742435,ENC117940,PT11204,CREAT,Creatinine,2.25,mg/dL,0.6,1.3,H,STAT,2025-08-25 16:00,2025-08-25 16:12,2025-08-25 18:16
LAB742436,ENC117940,PT11204,WBC,White Blood Cell Count,20,K/uL,4.5,11,H,Routine,2025-08-25 16:38,2025-08-25 16:51,2025-08-25 19:00
LAB742437,ENC117940,PT11204,HGB,Hemoglobin,11.7,g/dL,12,17.5,L,Routine,2025-08-25 16:42,2025-08-25 17:01,2025-08-25 20:11
LAB742438,ENC117941,PT12571,GLU,Glucose,84,mg/dL,70,99,N,STAT,2025-08-25 23:00,2025-08-25 23:34,2025-08-26 00:09
LAB742439,ENC117941,PT12571,CREAT,Creatinine,0.9,mg/dL,0.6,1.3,N,STAT,2025-08-25 23:18,2025-08-25 23:26,2025-08-25 23:52
LAB742440,ENC117941,PT12571,WBC,White Blood Cell Count,5.5,K/uL,4.5,11,N,Routine,2025-08-25 23:27,2025-08-25 23:56,2025-08-26 02:07
LAB742441,ENC117941,PT12571,HGB,Hemoglobin,12.1,g/dL,12,17.5,N,Routine,2025-08-25 22:41,2025-08-25 23:02,2025-08-26 03:51
LAB742442,ENC117941,PT12571,NA,Sodium,144,mmol/L,136,145,N,STAT,2025-08-25 23:02,2025-08-25 23:34,2025-08-26 00:55
LAB742443,ENC117941,PT12571,K,Potassium,4.8,mmol/L,3.5,5.1,N,STAT,2025-08-25 23:30,2025-08-26 00:01,2025-08-26 00:57
LAB742444,ENC117941,PT12571,TROP,"Troponin I, High Sensitivity",2,ng/L,0,34,N,STAT,2025-08-25 22:48,2025-08-25 23:15,2025-08-25 23:45
LAB742445,ENC117942,PT13258,GLU,Glucose,87,mg/dL,70,99,N,Routine,2025-08-25 17:30,2025-08-25 17:37,2025-08-25 19:08
LAB742446,ENC117942,PT13258,CREAT,Creatinine,1.04,mg/dL,0.6,1.3,N,STAT,2025-08-25 17:13,2025-08-25 17:41,2025-08-25 18:50
LAB742447,ENC117942,PT13258,WBC,White Blood Cell Count,10.4,K/uL,4.5,11,N,Routine,2025-08-25 16:56,2025-08-25 17:23,2025-08-26 00:40
LAB742448,ENC117943,PT11159,GLU,Glucose,95,mg/dL,70,99,N,STAT,2025-08-25 17:37,2025-08-25 17:45,2025-08-25 18:28
LAB742449,ENC117943,PT11159,CREAT,Creatinine,0.69,mg/dL,0.6,1.3,N,Routine,2025-08-25 17:43,2025-08-25 17:50,2025-08-25 19:52
LAB742450,ENC117943,PT11159,WBC,White Blood Cell Count,6.7,K/uL,4.5,11,N,STAT,2025-08-25 17:17,2025-08-25 17:47,2025-08-25 18:33
LAB742451,ENC117943,PT11159,TROP,"Troponin I, High Sensitivity",1,ng/L,0,34,N,STAT,2025-08-25 17:52,2025-08-25 18:06,2025-08-25 18:55
LAB742452,ENC117945,PT12570,GLU,Glucose,93,mg/dL,70,99,N,STAT,2025-08-26 01:30,2025-08-26 02:00,2025-08-26 03:00
LAB742453,ENC117945,PT12570,CREAT,Creatinine,1.19,mg/dL,0.6,1.3,N,STAT,2025-08-26 01:37,2025-08-26 01:53,2025-08-26 02:33
LAB742454,ENC117945,PT12570,WBC,White Blood Cell Count,9.2,K/uL,4.5,11,N,Routine,2025-08-26 00:36,2025-08-26 01:02,2025-08-26 04:03
LAB742455,ENC117945,PT12570,HGB,Hemoglobin,14.7,g/dL,12,17.5,N,Routine,2025-08-26 00:38,2025-08-26 00:49,2025-08-26 03:16
LAB742456,ENC117945,PT12570,INR,Prothrombin Time INR,1,ratio,0.8,1.2,N,STAT,2025-08-26 01:36,2025-08-26 01:54,2025-08-26 02:33
LAB742457,ENC117947,PT11902,INR,Prothrombin Time INR,1,ratio,0.8,1.2,N,STAT,2025-08-25 23:46,2025-08-26 00:10,2025-08-26 01:05
LAB742458,ENC117950,PT13772,GLU,Glucose,87,mg/dL,70,99,N,Routine,2025-08-26 08:44,2025-08-26 08:55,2025-08-26 12:33
LAB742459,ENC117950,PT13772,CREAT,Creatinine,0.87,mg/dL,0.6,1.3,N,STAT,2025-08-26 08:23,2025-08-26 08:32,2025-08-26 09:17
LAB742460,ENC117950,PT13772,WBC,White Blood Cell Count,7.9,K/uL,4.5,11,N,STAT,2025-08-26 08:52,2025-08-26 09:02,2025-08-26 10:21
LAB742461,ENC117950,PT13772,HGB,Hemoglobin,13,g/dL,12,17.5,N,STAT,2025-08-26 08:54,2025-08-26 09:05,2025-08-26 10:04
LAB742462,ENC117950,PT13772,NA,Sodium,138,mmol/L,136,145,N,Routine,2025-08-26 08:09,2025-08-26 08:14,2025-08-26 14:04
LAB742463,ENC117950,PT13772,K,Potassium,4.1,mmol/L,3.5,5.1,N,STAT,2025-08-26 08:38,2025-08-26 09:10,2025-08-26 10:05
LAB742464,ENC117954,PT10968,GLU,Glucose,110,mg/dL,70,99,H,Routine,2025-08-26 14:06,2025-08-26 14:27,2025-08-26 17:51
LAB742465,ENC117954,PT10968,CREAT,Creatinine,0.92,mg/dL,0.6,1.3,N,Routine,2025-08-26 13:47,2025-08-26 14:09,2025-08-26 15:34
LAB742466,ENC117954,PT10968,WBC,White Blood Cell Count,9.1,K/uL,4.5,11,N,STAT,2025-08-26 14:12,2025-08-26 14:43,2025-08-26 15:24
LAB742467,ENC117954,PT10968,HGB,Hemoglobin,13.7,g/dL,12,17.5,N,STAT,2025-08-26 14:37,2025-08-26 15:01,2025-08-26 16:48
LAB742468,ENC117954,PT10968,LACT,Lactate,2.9,mmol/L,0.5,2,H,STAT,2025-08-26 14:09,2025-08-26 14:13,2025-08-26 14:42
LAB742469,ENC117955,PT13070,GLU,Glucose,92,mg/dL,70,99,N,Routine,2025-08-26 15:52,2025-08-26 16:00,2025-08-26 19:25
LAB742470,ENC117955,PT13070,CREAT,Creatinine,3.11,mg/dL,0.6,1.3,H,STAT,2025-08-26 15:47,2025-08-26 16:06,2025-08-26 17:43
LAB742471,ENC117955,PT13070,WBC,White Blood Cell Count,8.1,K/uL,4.5,11,N,STAT,2025-08-26 15:25,2025-08-26 15:35,2025-08-26 15:49
LAB742472,ENC117955,PT13070,HGB,Hemoglobin,9.1,g/dL,12,17.5,L,Routine,2025-08-26 15:27,2025-08-26 15:47,2025-08-26 17:05
LAB742473,ENC117955,PT13070,TROP,"Troponin I, High Sensitivity",161,ng/L,0,34,H,STAT,2025-08-26 15:55,2025-08-26 16:23,2025-08-26 16:55
LAB742474,ENC117956,PT10471,GLU,Glucose,104,mg/dL,70,99,H,Routine,2025-08-26 16:13,2025-08-26 16:48,2025-08-26 20:28
LAB742475,ENC117956,PT10471,CREAT,Creatinine,1.26,mg/dL,0.6,1.3,N,STAT,2025-08-26 15:45,2025-08-26 15:58,2025-08-26 16:32
LAB742476,ENC117956,PT10471,WBC,White Blood Cell Count,9.4,K/uL,4.5,11,N,STAT,2025-08-26 16:22,2025-08-26 16:44,2025-08-26 17:10
LAB742477,ENC117956,PT10471,HGB,Hemoglobin,13.9,g/dL,12,17.5,N,STAT,2025-08-26 15:57,2025-08-26 16:02,2025-08-26 16:54
LAB742478,ENC117956,PT10471,NA,Sodium,145,mmol/L,136,145,N,STAT,2025-08-26 16:10,2025-08-26 16:41,2025-08-26 17:13
LAB742479,ENC117956,PT10471,K,Potassium,4,mmol/L,3.5,5.1,N,STAT,2025-08-26 15:31,2025-08-26 15:58,2025-08-26 16:12
LAB742480,ENC117958,PT11518,LDL,LDL Cholesterol,123,mg/dL,0,99,H,Routine,2025-08-26 12:44,2025-08-26 13:00,2025-08-27 03:19
LAB742481,ENC117958,PT11518,A1C,Hemoglobin A1c,8.1,%,4,5.6,H,Routine,2025-08-26 12:43,2025-08-26 13:12,2025-08-27 00:17
LAB742482,ENC117958,PT11518,TSH,Thyroid Stimulating Hormone,1.69,mIU/L,0.4,4,N,Routine,2025-08-26 13:00,2025-08-26 13:19,2025-08-27 02:21
LAB742483,ENC117960,PT10868,A1C,Hemoglobin A1c,5.4,%,4,5.6,N,Routine,2025-08-26 13:36,2025-08-26 13:43,2025-08-27 03:54
LAB742484,ENC117961,PT13450,GLU,Glucose,93,mg/dL,70,99,N,STAT,2025-08-26 14:09,2025-08-26 14:20,2025-08-26 15:28
LAB742485,ENC117961,PT13450,CREAT,Creatinine,0.81,mg/dL,0.6,1.3,N,Routine,2025-08-26 14:18,2025-08-26 14:40,2025-08-26 16:45
LAB742486,ENC117961,PT13450,WBC,White Blood Cell Count,10,K/uL,4.5,11,N,Routine,2025-08-26 14:42,2025-08-26 14:54,2025-08-26 22:08
LAB742487,ENC117961,PT13450,HGB,Hemoglobin,13.6,g/dL,12,17.5,N,Routine,2025-08-26 13:58,2025-08-26 14:07,2025-08-26 15:12
LAB742488,ENC117962,PT13926,GLU,Glucose,110,mg/dL,70,99,H,STAT,2025-08-26 14:43,2025-08-26 14:51,2025-08-26 15:26
LAB742489,ENC117962,PT13926,CREAT,Creatinine,0.92,mg/dL,0.6,1.3,N,Routine,2025-08-26 14:01,2025-08-26 14:33,2025-08-26 16:06
LAB742490,ENC117962,PT13926,WBC,White Blood Cell Count,3.9,K/uL,4.5,11,L,STAT,2025-08-26 14:12,2025-08-26 14:42,2025-08-26 15:20
LAB742491,ENC117962,PT13926,HGB,Hemoglobin,15.4,g/dL,12,17.5,N,Routine,2025-08-26 14:11,2025-08-26 14:16,2025-08-26 17:35
LAB742492,ENC117964,PT13928,LDL,LDL Cholesterol,97,mg/dL,0,99,N,Routine,2025-08-26 14:57,2025-08-26 15:26,2025-08-27 03:14
LAB742493,ENC117966,PT12854,GLU,Glucose,128,mg/dL,70,99,H,STAT,2025-08-26 21:47,2025-08-26 22:07,2025-08-26 22:48
LAB742494,ENC117966,PT12854,CREAT,Creatinine,0.84,mg/dL,0.6,1.3,N,Routine,2025-08-26 21:48,2025-08-26 21:56,2025-08-26 23:37
LAB742495,ENC117966,PT12854,WBC,White Blood Cell Count,12.1,K/uL,4.5,11,H,Routine,2025-08-26 21:35,2025-08-26 21:52,2025-08-26 23:01
LAB742496,ENC117966,PT12854,HGB,Hemoglobin,13.9,g/dL,12,17.5,N,Routine,2025-08-26 22:00,2025-08-26 22:34,2025-08-27 00:22
LAB742497,ENC117967,PT10681,GLU,Glucose,175,mg/dL,70,99,H,Routine,2025-08-26 21:47,2025-08-26 22:05,2025-08-27 01:37
LAB742498,ENC117967,PT10681,CREAT,Creatinine,2.18,mg/dL,0.6,1.3,H,Routine,2025-08-26 21:51,2025-08-26 22:01,2025-08-27 03:30
LAB742499,ENC117967,PT10681,WBC,White Blood Cell Count,27.3,K/uL,4.5,11,H,STAT,2025-08-26 21:22,2025-08-26 21:44,2025-08-26 22:03
LAB742500,ENC117967,PT10681,HGB,Hemoglobin,15,g/dL,12,17.5,N,STAT,2025-08-26 21:04,2025-08-26 21:28,2025-08-26 22:09
LAB742501,ENC117967,PT10681,LACT,Lactate,3.1,mmol/L,0.5,2,H,STAT,2025-08-26 21:34,2025-08-26 22:09,2025-08-26 23:01
LAB742502,ENC117968,PT12878,GLU,Glucose,128,mg/dL,70,99,H,Routine,2025-08-26 21:20,2025-08-26 21:51,2025-08-26 22:51
LAB742503,ENC117968,PT12878,CREAT,Creatinine,3.48,mg/dL,0.6,1.3,H,Routine,2025-08-26 20:41,2025-08-26 20:54,2025-08-26 22:15
LAB742504,ENC117968,PT12878,WBC,White Blood Cell Count,2.5,K/uL,4.5,11,L,STAT,2025-08-26 20:23,2025-08-26 20:53,2025-08-26 21:58
LAB742505,ENC117968,PT12878,HGB,Hemoglobin,12.8,g/dL,12,17.5,N,Routine,2025-08-26 20:57,2025-08-26 21:02,2025-08-26 23:29
LAB742506,ENC117968,PT12878,NA,Sodium,138,mmol/L,136,145,N,Routine,2025-08-26 21:00,2025-08-26 21:31,2025-08-26 23:55
LAB742507,ENC117968,PT12878,K,Potassium,5.2,mmol/L,3.5,5.1,H,STAT,2025-08-26 21:03,2025-08-26 21:18,2025-08-26 22:16
LAB742508,ENC117970,PT10383,A1C,Hemoglobin A1c,9.6,%,4,5.6,H,STAT,2025-08-26 19:58,2025-08-26 20:33,2025-08-26 22:07
LAB742509,ENC117971,PT10185,GLU,Glucose,128,mg/dL,70,99,H,STAT,2025-08-27 01:21,2025-08-27 01:35,2025-08-27 02:13
LAB742510,ENC117971,PT10185,CREAT,Creatinine,0.83,mg/dL,0.6,1.3,N,STAT,2025-08-27 00:46,2025-08-27 01:03,2025-08-27 03:15
LAB742511,ENC117971,PT10185,WBC,White Blood Cell Count,7.2,K/uL,4.5,11,N,STAT,2025-08-27 01:27,2025-08-27 01:59,2025-08-27 02:34
LAB742512,ENC117971,PT10185,HGB,Hemoglobin,14.2,g/dL,12,17.5,N,Routine,2025-08-27 00:50,2025-08-27 01:16,2025-08-27 05:10
LAB742513,ENC117971,PT10185,INR,Prothrombin Time INR,0.9,ratio,0.8,1.2,N,STAT,2025-08-27 01:20,2025-08-27 01:26,2025-08-27 02:08
LAB742514,ENC117972,PT11777,GLU,Glucose,98,mg/dL,70,99,N,STAT,2025-08-26 21:47,2025-08-26 21:57,2025-08-26 22:26
LAB742515,ENC117972,PT11777,CREAT,Creatinine,0.53,mg/dL,0.6,1.3,L,Routine,2025-08-26 21:51,2025-08-26 22:17,2025-08-27 01:09
LAB742516,ENC117972,PT11777,WBC,White Blood Cell Count,9.7,K/uL,4.5,11,N,STAT,2025-08-26 21:53,2025-08-26 22:04,2025-08-26 22:28
LAB742517,ENC117972,PT11777,HGB,Hemoglobin,15.6,g/dL,12,17.5,N,Routine,2025-08-26 21:44,2025-08-26 21:54,2025-08-27 01:50
LAB742518,ENC117972,PT11777,TROP,"Troponin I, High Sensitivity",8,ng/L,0,34,N,STAT,2025-08-26 21:33,2025-08-26 21:42,2025-08-26 23:06
LAB742519,ENC117972,PT11777,BNP,B-Type Natriuretic Peptide,365,pg/mL,0,100,H,STAT,2025-08-26 22:22,2025-08-26 22:57,2025-08-26 23:29
LAB742520,ENC117973,PT10551,A1C,Hemoglobin A1c,10.9,%,4,5.6,H,Routine,2025-08-27 01:49,2025-08-27 02:21,2025-08-27 12:09
LAB742521,ENC117974,PT10756,GLU,Glucose,115,mg/dL,70,99,H,STAT,2025-08-27 03:55,2025-08-27 04:22,2025-08-27 05:11
LAB742522,ENC117974,PT10756,CREAT,Creatinine,0.99,mg/dL,0.6,1.3,N,Routine,2025-08-27 04:20,2025-08-27 04:26,2025-08-27 07:08
LAB742523,ENC117974,PT10756,WBC,White Blood Cell Count,7.5,K/uL,4.5,11,N,Routine,2025-08-27 04:31,2025-08-27 05:00,2025-08-27 11:18
LAB742524,ENC117974,PT10756,HGB,Hemoglobin,14.7,g/dL,12,17.5,N,Routine,2025-08-27 04:17,2025-08-27 04:46,2025-08-27 07:27
LAB742525,ENC117974,PT10756,NA,Sodium,128,mmol/L,136,145,L,STAT,2025-08-27 03:34,2025-08-27 04:00,2025-08-27 04:31
LAB742526,ENC117974,PT10756,K,Potassium,4.2,mmol/L,3.5,5.1,N,STAT,2025-08-27 04:27,2025-08-27 04:45,2025-08-27 05:23
LAB742527,ENC117975,PT11661,GLU,Glucose,127,mg/dL,70,99,H,STAT,2025-08-27 08:33,2025-08-27 08:49,2025-08-27 10:58
LAB742528,ENC117975,PT11661,CREAT,Creatinine,0.89,mg/dL,0.6,1.3,N,STAT,2025-08-27 08:39,2025-08-27 09:13,2025-08-27 09:43
LAB742529,ENC117975,PT11661,WBC,White Blood Cell Count,5.4,K/uL,4.5,11,N,STAT,2025-08-27 08:48,2025-08-27 09:01,2025-08-27 10:43
LAB742530,ENC117975,PT11661,HGB,Hemoglobin,11.9,g/dL,12,17.5,L,Routine,2025-08-27 09:17,2025-08-27 09:25,2025-08-27 12:04
LAB742531,ENC117976,PT10764,WBC,White Blood Cell Count,7.1,K/uL,4.5,11,N,Routine,2025-08-27 09:09,2025-08-27 09:13,2025-08-27 10:29
LAB742532,ENC117976,PT10764,HGB,Hemoglobin,14.5,g/dL,12,17.5,N,Routine,2025-08-27 09:22,2025-08-27 09:32,2025-08-27 16:57
LAB742533,ENC117976,PT10764,PLT,Platelet Count,311,K/uL,150,400,N,Routine,2025-08-27 09:20,2025-08-27 09:55,2025-08-27 12:34
LAB742534,ENC117977,PT12335,GLU,Glucose,81,mg/dL,70,99,N,STAT,2025-08-27 09:23,2025-08-27 09:56,2025-08-27 10:28
LAB742535,ENC117977,PT12335,CREAT,Creatinine,0.89,mg/dL,0.6,1.3,N,STAT,2025-08-27 10:19,2025-08-27 10:23,2025-08-27 12:24
LAB742536,ENC117977,PT12335,WBC,White Blood Cell Count,9.9,K/uL,4.5,11,N,Routine,2025-08-27 10:06,2025-08-27 10:36,2025-08-27 12:51
LAB742537,ENC117978,PT10466,GLU,Glucose,244,mg/dL,70,99,H,Routine,2025-08-27 10:27,2025-08-27 10:36,2025-08-27 14:15
LAB742538,ENC117978,PT10466,CREAT,Creatinine,6.11,mg/dL,0.6,1.3,H,STAT,2025-08-27 11:04,2025-08-27 11:37,2025-08-27 12:06
LAB742539,ENC117978,PT10466,WBC,White Blood Cell Count,7.8,K/uL,4.5,11,N,STAT,2025-08-27 10:34,2025-08-27 11:06,2025-08-27 11:33
LAB742540,ENC117978,PT10466,HGB,Hemoglobin,13.9,g/dL,12,17.5,N,Routine,2025-08-27 11:19,2025-08-27 11:23,2025-08-27 12:45
LAB742541,ENC117978,PT10466,NA,Sodium,137,mmol/L,136,145,N,Routine,2025-08-27 11:20,2025-08-27 11:26,2025-08-27 16:38
LAB742542,ENC117978,PT10466,K,Potassium,4.9,mmol/L,3.5,5.1,N,STAT,2025-08-27 10:40,2025-08-27 11:05,2025-08-27 11:57
LAB742543,ENC117978,PT10466,BUN,Blood Urea Nitrogen,12,mg/dL,7,20,N,STAT,2025-08-27 10:31,2025-08-27 10:56,2025-08-27 12:10
LAB742544,ENC117978,PT10466,PLT,Platelet Count,218,K/uL,150,400,N,STAT,2025-08-27 10:23,2025-08-27 10:31,2025-08-27 11:18
LAB742545,ENC117979,PT13758,LDL,LDL Cholesterol,207,mg/dL,0,99,H,Routine,2025-08-27 10:30,2025-08-27 10:46,2025-08-27 19:24
LAB742546,ENC117980,PT12426,WBC,White Blood Cell Count,6.6,K/uL,4.5,11,N,Routine,2025-08-27 11:21,2025-08-27 11:27,2025-08-27 14:39
LAB742547,ENC117980,PT12426,HGB,Hemoglobin,13.6,g/dL,12,17.5,N,Routine,2025-08-27 11:26,2025-08-27 11:52,2025-08-27 14:01
LAB742548,ENC117980,PT12426,PLT,Platelet Count,404,K/uL,150,400,H,Routine,2025-08-27 11:10,2025-08-27 11:28,2025-08-27 14:17
LAB742549,ENC117981,PT10282,WBC,White Blood Cell Count,5.5,K/uL,4.5,11,N,Routine,2025-08-27 11:46,2025-08-27 11:56,2025-08-27 15:07
LAB742550,ENC117981,PT10282,HGB,Hemoglobin,16.8,g/dL,12,17.5,N,Routine,2025-08-27 11:40,2025-08-27 11:56,2025-08-27 19:09
LAB742551,ENC117981,PT10282,PLT,Platelet Count,140,K/uL,150,400,L,Routine,2025-08-27 11:57,2025-08-27 12:17,2025-08-27 16:59
LAB742552,ENC117982,PT11253,GLU,Glucose,246,mg/dL,70,99,H,Routine,2025-08-27 15:59,2025-08-27 16:16,2025-08-27 17:06
LAB742553,ENC117982,PT11253,CREAT,Creatinine,1.02,mg/dL,0.6,1.3,N,Routine,2025-08-27 15:30,2025-08-27 15:53,2025-08-27 18:38
LAB742554,ENC117982,PT11253,WBC,White Blood Cell Count,8.2,K/uL,4.5,11,N,Routine,2025-08-27 15:30,2025-08-27 15:57,2025-08-27 18:50
LAB742555,ENC117982,PT11253,HGB,Hemoglobin,12.9,g/dL,12,17.5,N,Routine,2025-08-27 15:33,2025-08-27 15:40,2025-08-27 17:19
LAB742556,ENC117982,PT11253,NA,Sodium,140,mmol/L,136,145,N,STAT,2025-08-27 15:06,2025-08-27 15:40,2025-08-27 16:24
LAB742557,ENC117982,PT11253,K,Potassium,4.8,mmol/L,3.5,5.1,N,STAT,2025-08-27 15:38,2025-08-27 15:48,2025-08-27 16:58
LAB742558,ENC117982,PT11253,A1C,Hemoglobin A1c,12.9,%,4,5.6,H,STAT,2025-08-27 16:06,2025-08-27 16:30,2025-08-27 17:13
LAB742559,ENC117983,PT13226,GLU,Glucose,90,mg/dL,70,99,N,STAT,2025-08-27 16:59,2025-08-27 17:24,2025-08-27 18:01
LAB742560,ENC117983,PT13226,CREAT,Creatinine,0.8,mg/dL,0.6,1.3,N,STAT,2025-08-27 17:00,2025-08-27 17:13,2025-08-27 18:43
LAB742561,ENC117983,PT13226,WBC,White Blood Cell Count,7.1,K/uL,4.5,11,N,STAT,2025-08-27 17:05,2025-08-27 17:37,2025-08-27 18:18
LAB742562,ENC117983,PT13226,HGB,Hemoglobin,17.3,g/dL,12,17.5,N,STAT,2025-08-27 16:52,2025-08-27 16:58,2025-08-27 17:37
LAB742563,ENC117983,PT13226,TROP,"Troponin I, High Sensitivity",259,ng/L,0,34,H,STAT,2025-08-27 16:17,2025-08-27 16:47,2025-08-27 17:52
LAB742564,ENC117985,PT11208,WBC,White Blood Cell Count,6,K/uL,4.5,11,N,Routine,2025-08-27 13:58,2025-08-27 14:30,2025-08-27 17:57
LAB742565,ENC117985,PT11208,HGB,Hemoglobin,12.5,g/dL,12,17.5,N,Routine,2025-08-27 13:38,2025-08-27 14:04,2025-08-27 17:41
LAB742566,ENC117985,PT11208,PLT,Platelet Count,252,K/uL,150,400,N,Routine,2025-08-27 13:40,2025-08-27 13:49,2025-08-27 15:58
LAB742567,ENC117986,PT13506,GLU,Glucose,92,mg/dL,70,99,N,STAT,2025-08-27 13:54,2025-08-27 14:18,2025-08-27 14:59
LAB742568,ENC117986,PT13506,CREAT,Creatinine,0.73,mg/dL,0.6,1.3,N,STAT,2025-08-27 14:20,2025-08-27 14:24,2025-08-27 15:37
LAB742569,ENC117986,PT13506,WBC,White Blood Cell Count,8.3,K/uL,4.5,11,N,STAT,2025-08-27 14:13,2025-08-27 14:35,2025-08-27 15:12
LAB742570,ENC117986,PT13506,HGB,Hemoglobin,12.7,g/dL,12,17.5,N,STAT,2025-08-27 14:56,2025-08-27 15:30,2025-08-27 16:36
LAB742571,ENC117989,PT13928,LDL,LDL Cholesterol,88,mg/dL,0,99,N,Routine,2025-08-27 15:58,2025-08-27 16:13,2025-08-28 06:01
LAB742572,ENC117989,PT13928,A1C,Hemoglobin A1c,5.4,%,4,5.6,N,Routine,2025-08-27 15:47,2025-08-27 16:02,2025-08-29 06:37
LAB742573,ENC117989,PT13928,TSH,Thyroid Stimulating Hormone,1.73,mIU/L,0.4,4,N,Routine,2025-08-27 15:47,2025-08-27 16:22,2025-08-28 05:08
LAB742574,ENC117991,PT12072,GLU,Glucose,105,mg/dL,70,99,H,STAT,2025-08-27 19:27,2025-08-27 19:51,2025-08-27 20:30
LAB742575,ENC117991,PT12072,CREAT,Creatinine,1.25,mg/dL,0.6,1.3,N,Routine,2025-08-27 18:55,2025-08-27 19:18,2025-08-27 22:13
LAB742576,ENC117991,PT12072,WBC,White Blood Cell Count,4.3,K/uL,4.5,11,L,Routine,2025-08-27 18:45,2025-08-27 18:50,2025-08-27 21:29
LAB742577,ENC117991,PT12072,HGB,Hemoglobin,14,g/dL,12,17.5,N,Routine,2025-08-27 19:05,2025-08-27 19:25,2025-08-27 21:45
LAB742578,ENC117992,PT13273,GLU,Glucose,132,mg/dL,70,99,H,Routine,2025-08-27 20:11,2025-08-27 20:17,2025-08-27 21:30
LAB742579,ENC117992,PT13273,CREAT,Creatinine,0.97,mg/dL,0.6,1.3,N,STAT,2025-08-27 19:36,2025-08-27 19:46,2025-08-27 20:26
LAB742580,ENC117992,PT13273,WBC,White Blood Cell Count,6.1,K/uL,4.5,11,N,Routine,2025-08-27 19:02,2025-08-27 19:25,2025-08-27 22:28
LAB742581,ENC117992,PT13273,HGB,Hemoglobin,14.1,g/dL,12,17.5,N,Routine,2025-08-27 20:00,2025-08-27 20:22,2025-08-28 00:16
LAB742582,ENC117993,PT12697,GLU,Glucose,92,mg/dL,70,99,N,STAT,2025-08-27 23:40,2025-08-28 00:05,2025-08-28 01:29
LAB742583,ENC117993,PT12697,CREAT,Creatinine,0.67,mg/dL,0.6,1.3,N,STAT,2025-08-27 23:39,2025-08-28 00:03,2025-08-28 01:11
LAB742584,ENC117993,PT12697,WBC,White Blood Cell Count,14.6,K/uL,4.5,11,H,Routine,2025-08-27 23:50,2025-08-28 00:13,2025-08-28 01:31
LAB742585,ENC117993,PT12697,HGB,Hemoglobin,13.3,g/dL,12,17.5,N,STAT,2025-08-27 23:50,2025-08-27 23:57,2025-08-28 00:44
LAB742586,ENC117994,PT10588,GLU,Glucose,103,mg/dL,70,99,H,Routine,2025-08-28 04:14,2025-08-28 04:32,2025-08-28 08:31
LAB742587,ENC117994,PT10588,CREAT,Creatinine,1.48,mg/dL,0.6,1.3,H,STAT,2025-08-28 04:45,2025-08-28 05:20,2025-08-28 05:55
LAB742588,ENC117994,PT10588,WBC,White Blood Cell Count,9,K/uL,4.5,11,N,STAT,2025-08-28 04:39,2025-08-28 05:14,2025-08-28 05:57
LAB742589,ENC117994,PT10588,HGB,Hemoglobin,11.1,g/dL,12,17.5,L,STAT,2025-08-28 04:13,2025-08-28 04:23,2025-08-28 05:15
LAB742590,ENC117994,PT10588,TROP,"Troponin I, High Sensitivity",1834,ng/L,0,34,H,STAT,2025-08-28 04:37,2025-08-28 05:03,2025-08-28 05:37
LAB742591,ENC117996,PT10930,GLU,Glucose,117,mg/dL,70,99,H,STAT,2025-08-28 09:32,2025-08-28 09:44,2025-08-28 10:43
LAB742592,ENC117996,PT10930,CREAT,Creatinine,1.18,mg/dL,0.6,1.3,N,Routine,2025-08-28 09:29,2025-08-28 09:37,2025-08-28 12:03
LAB742593,ENC117996,PT10930,WBC,White Blood Cell Count,6.1,K/uL,4.5,11,N,STAT,2025-08-28 09:39,2025-08-28 10:02,2025-08-28 10:58
LAB742594,ENC117996,PT10930,HGB,Hemoglobin,14.8,g/dL,12,17.5,N,STAT,2025-08-28 09:04,2025-08-28 09:16,2025-08-28 09:42
LAB742595,ENC118000,PT13485,WBC,White Blood Cell Count,12.6,K/uL,4.5,11,H,Routine,2025-08-28 10:55,2025-08-28 11:28,2025-08-28 13:06
LAB742596,ENC118000,PT13485,HGB,Hemoglobin,17,g/dL,12,17.5,N,Routine,2025-08-28 11:00,2025-08-28 11:17,2025-08-28 13:39
LAB742597,ENC118000,PT13485,PLT,Platelet Count,179,K/uL,150,400,N,Routine,2025-08-28 10:38,2025-08-28 11:13,2025-08-28 13:04
LAB742598,ENC118002,PT11242,LDL,LDL Cholesterol,107,mg/dL,0,99,H,Routine,2025-08-28 11:09,2025-08-28 11:14,2025-08-29 05:23
LAB742599,ENC118002,PT11242,A1C,Hemoglobin A1c,8.5,%,4,5.6,H,Routine,2025-08-28 11:22,2025-08-28 11:42,2025-08-28 20:34
LAB742600,ENC118004,PT10328,A1C,Hemoglobin A1c,8.9,%,4,5.6,H,Routine,2025-08-28 12:27,2025-08-28 12:37,2025-08-28 22:29
LAB742601,ENC118004,PT10328,GLU,Glucose,207,mg/dL,70,99,H,Routine,2025-08-28 12:20,2025-08-28 12:55,2025-08-28 15:13
LAB742602,ENC118004,PT10328,CREAT,Creatinine,0.98,mg/dL,0.6,1.3,N,Routine,2025-08-28 12:27,2025-08-28 12:58,2025-08-28 17:07
LAB742603,ENC118007,PT11122,LDL,LDL Cholesterol,78,mg/dL,0,99,N,Routine,2025-08-28 13:28,2025-08-28 13:33,2025-08-28 20:33
LAB742604,ENC118007,PT11122,TSH,Thyroid Stimulating Hormone,1.32,mIU/L,0.4,4,N,Routine,2025-08-28 13:39,2025-08-28 13:45,2025-08-29 03:57
LAB742605,ENC118008,PT10597,GLU,Glucose,125,mg/dL,70,99,H,Routine,2025-08-28 14:39,2025-08-28 14:50,2025-08-28 18:03
LAB742606,ENC118008,PT10597,CREAT,Creatinine,0.79,mg/dL,0.6,1.3,N,STAT,2025-08-28 14:32,2025-08-28 14:50,2025-08-28 15:17
LAB742607,ENC118008,PT10597,WBC,White Blood Cell Count,8,K/uL,4.5,11,N,STAT,2025-08-28 14:46,2025-08-28 15:14,2025-08-28 16:02
LAB742608,ENC118008,PT10597,HGB,Hemoglobin,11.8,g/dL,12,17.5,L,Routine,2025-08-28 13:40,2025-08-28 13:55,2025-08-28 15:08
LAB742609,ENC118008,PT10597,NA,Sodium,141,mmol/L,136,145,N,Routine,2025-08-28 13:54,2025-08-28 14:21,2025-08-28 16:49
LAB742610,ENC118008,PT10597,K,Potassium,4,mmol/L,3.5,5.1,N,STAT,2025-08-28 13:58,2025-08-28 14:28,2025-08-28 16:29
LAB742611,ENC118013,PT11576,GLU,Glucose,98,mg/dL,70,99,N,STAT,2025-08-28 16:32,2025-08-28 16:55,2025-08-28 19:16
LAB742612,ENC118013,PT11576,CREAT,Creatinine,1.22,mg/dL,0.6,1.3,N,STAT,2025-08-28 16:12,2025-08-28 16:45,2025-08-28 17:12
LAB742613,ENC118014,PT12618,A1C,Hemoglobin A1c,10.6,%,4,5.6,H,Routine,2025-08-28 16:26,2025-08-28 17:00,2025-08-29 04:04
LAB742614,ENC118017,PT13325,GLU,Glucose,120,mg/dL,70,99,H,STAT,2025-08-28 21:56,2025-08-28 22:05,2025-08-28 23:00
LAB742615,ENC118017,PT13325,CREAT,Creatinine,1.99,mg/dL,0.6,1.3,H,STAT,2025-08-28 22:20,2025-08-28 22:28,2025-08-28 23:48
LAB742616,ENC118017,PT13325,WBC,White Blood Cell Count,7.3,K/uL,4.5,11,N,STAT,2025-08-28 22:22,2025-08-28 22:34,2025-08-28 23:24
LAB742617,ENC118017,PT13325,HGB,Hemoglobin,11.7,g/dL,12,17.5,L,Routine,2025-08-28 23:06,2025-08-28 23:25,2025-08-29 01:35
LAB742618,ENC118017,PT13325,NA,Sodium,126,mmol/L,136,145,L,Routine,2025-08-28 22:39,2025-08-28 23:08,2025-08-29 00:42
LAB742619,ENC118017,PT13325,K,Potassium,3.9,mmol/L,3.5,5.1,N,STAT,2025-08-28 21:56,2025-08-28 22:31,2025-08-28 23:39
LAB742620,ENC118018,PT13622,GLU,Glucose,115,mg/dL,70,99,H,Routine,2025-08-28 22:26,2025-08-28 22:48,2025-08-29 02:17
LAB742621,ENC118018,PT13622,CREAT,Creatinine,1.01,mg/dL,0.6,1.3,N,STAT,2025-08-28 22:49,2025-08-28 23:22,2025-08-29 00:44
LAB742622,ENC118018,PT13622,WBC,White Blood Cell Count,6.6,K/uL,4.5,11,N,Routine,2025-08-28 22:34,2025-08-28 22:51,2025-08-29 00:44
LAB742623,ENC118018,PT13622,HGB,Hemoglobin,13.9,g/dL,12,17.5,N,STAT,2025-08-28 23:00,2025-08-28 23:25,2025-08-29 00:30
LAB742624,ENC118020,PT13798,GLU,Glucose,72,mg/dL,70,99,N,Routine,2025-08-28 21:20,2025-08-28 21:39,2025-08-28 23:32
LAB742625,ENC118020,PT13798,CREAT,Creatinine,0.92,mg/dL,0.6,1.3,N,STAT,2025-08-28 20:23,2025-08-28 20:51,2025-08-28 21:31
LAB742626,ENC118020,PT13798,WBC,White Blood Cell Count,8.6,K/uL,4.5,11,N,STAT,2025-08-28 21:16,2025-08-28 21:26,2025-08-28 22:11
LAB742627,ENC118020,PT13798,HGB,Hemoglobin,13.5,g/dL,12,17.5,N,STAT,2025-08-28 20:57,2025-08-28 21:19,2025-08-28 22:05
LAB742628,ENC118021,PT12223,GLU,Glucose,78,mg/dL,70,99,N,STAT,2025-08-28 22:42,2025-08-28 22:49,2025-08-28 23:41
LAB742629,ENC118021,PT12223,CREAT,Creatinine,1.54,mg/dL,0.6,1.3,H,Routine,2025-08-28 22:06,2025-08-28 22:25,2025-08-29 00:34
LAB742630,ENC118021,PT12223,WBC,White Blood Cell Count,7.3,K/uL,4.5,11,N,Routine,2025-08-28 22:28,2025-08-28 22:46,2025-08-29 00:20
LAB742631,ENC118021,PT12223,HGB,Hemoglobin,13.1,g/dL,12,17.5,N,STAT,2025-08-28 22:52,2025-08-28 23:22,2025-08-29 00:09
LAB742632,ENC118021,PT12223,NA,Sodium,139,mmol/L,136,145,N,Routine,2025-08-28 21:48,2025-08-28 22:11,2025-08-29 00:23
LAB742633,ENC118021,PT12223,K,Potassium,5.8,mmol/L,3.5,5.1,H,STAT,2025-08-28 22:49,2025-08-28 23:24,2025-08-29 00:01
LAB742634,ENC118022,PT11254,GLU,Glucose,108,mg/dL,70,99,H,STAT,2025-08-28 22:21,2025-08-28 22:34,2025-08-28 23:13
LAB742635,ENC118022,PT11254,CREAT,Creatinine,0.87,mg/dL,0.6,1.3,N,Routine,2025-08-28 22:48,2025-08-28 22:58,2025-08-29 04:13
LAB742636,ENC118022,PT11254,WBC,White Blood Cell Count,7.1,K/uL,4.5,11,N,Routine,2025-08-28 23:03,2025-08-28 23:31,2025-08-29 01:30
LAB742637,ENC118024,PT12150,GLU,Glucose,97,mg/dL,70,99,N,STAT,2025-08-29 05:58,2025-08-29 06:18,2025-08-29 06:53
LAB742638,ENC118024,PT12150,CREAT,Creatinine,0.94,mg/dL,0.6,1.3,N,Routine,2025-08-29 04:59,2025-08-29 05:10,2025-08-29 07:49
LAB742639,ENC118024,PT12150,WBC,White Blood Cell Count,6.8,K/uL,4.5,11,N,STAT,2025-08-29 04:57,2025-08-29 05:15,2025-08-29 06:05
LAB742640,ENC118024,PT12150,HGB,Hemoglobin,15.1,g/dL,12,17.5,N,Routine,2025-08-29 05:34,2025-08-29 06:02,2025-08-29 09:07
LAB742641,ENC118025,PT10723,GLU,Glucose,107,mg/dL,70,99,H,Routine,2025-08-29 08:54,2025-08-29 09:01,2025-08-29 12:07
LAB742642,ENC118025,PT10723,CREAT,Creatinine,1.35,mg/dL,0.6,1.3,H,Routine,2025-08-29 10:02,2025-08-29 10:25,2025-08-29 13:57
LAB742643,ENC118026,PT13818,A1C,Hemoglobin A1c,12.2,%,4,5.6,H,Routine,2025-08-29 09:27,2025-08-29 09:32,2025-08-31 02:44
LAB742644,ENC118026,PT13818,GLU,Glucose,511,mg/dL,70,99,HH,Routine,2025-08-29 09:13,2025-08-29 09:24,2025-08-29 12:42
LAB742645,ENC118026,PT13818,CREAT,Creatinine,0.83,mg/dL,0.6,1.3,N,Routine,2025-08-29 09:11,2025-08-29 09:23,2025-08-29 12:18
LAB742646,ENC118027,PT13275,GLU,Glucose,81,mg/dL,70,99,N,STAT,2025-08-29 14:44,2025-08-29 14:48,2025-08-29 16:42
LAB742647,ENC118027,PT13275,CREAT,Creatinine,1.68,mg/dL,0.6,1.3,H,Routine,2025-08-29 14:29,2025-08-29 14:44,2025-08-29 18:12
LAB742648,ENC118027,PT13275,WBC,White Blood Cell Count,11.5,K/uL,4.5,11,H,STAT,2025-08-29 14:10,2025-08-29 14:25,2025-08-29 14:58
LAB742649,ENC118027,PT13275,HGB,Hemoglobin,15.2,g/dL,12,17.5,N,Routine,2025-08-29 14:09,2025-08-29 14:44,2025-08-29 18:29
LAB742650,ENC118027,PT13275,NA,Sodium,141,mmol/L,136,145,N,Routine,2025-08-29 14:48,2025-08-29 15:09,2025-08-29 18:01
LAB742651,ENC118027,PT13275,K,Potassium,4.1,mmol/L,3.5,5.1,N,STAT,2025-08-29 14:17,2025-08-29 14:49,2025-08-29 15:29
LAB742652,ENC118027,PT13275,LACT,Lactate,3.2,mmol/L,0.5,2,H,STAT,2025-08-29 14:01,2025-08-29 14:18,2025-08-29 14:54
LAB742653,ENC118028,PT11391,LDL,LDL Cholesterol,88,mg/dL,0,99,N,Routine,2025-08-29 11:00,2025-08-29 11:31,2025-08-29 17:03
LAB742654,ENC118029,PT13242,A1C,Hemoglobin A1c,8.9,%,4,5.6,H,Routine,2025-08-29 11:09,2025-08-29 11:41,2025-08-29 23:27
LAB742655,ENC118030,PT13874,A1C,Hemoglobin A1c,9.2,%,4,5.6,H,Routine,2025-08-29 11:56,2025-08-29 12:17,2025-08-30 01:00
LAB742656,ENC118034,PT10364,TROP,"Troponin I, High Sensitivity",4,ng/L,0,34,N,STAT,2025-08-29 12:39,2025-08-29 13:02,2025-08-29 13:50
LAB742657,ENC118035,PT10136,GLU,Glucose,109,mg/dL,70,99,H,STAT,2025-08-29 16:04,2025-08-29 16:13,2025-08-29 17:40
LAB742658,ENC118035,PT10136,CREAT,Creatinine,0.9,mg/dL,0.6,1.3,N,Routine,2025-08-29 16:16,2025-08-29 16:22,2025-08-29 22:39
LAB742659,ENC118035,PT10136,WBC,White Blood Cell Count,6.2,K/uL,4.5,11,N,STAT,2025-08-29 16:14,2025-08-29 16:44,2025-08-29 17:33
LAB742660,ENC118035,PT10136,HGB,Hemoglobin,13.3,g/dL,12,17.5,N,STAT,2025-08-29 16:29,2025-08-29 16:34,2025-08-29 17:05
LAB742661,ENC118040,PT10524,WBC,White Blood Cell Count,8.1,K/uL,4.5,11,N,Routine,2025-08-29 13:50,2025-08-29 14:22,2025-08-29 20:24
LAB742662,ENC118040,PT10524,HGB,Hemoglobin,13.7,g/dL,12,17.5,N,Routine,2025-08-29 13:58,2025-08-29 14:10,2025-08-29 16:11
LAB742663,ENC118040,PT10524,PLT,Platelet Count,243,K/uL,150,400,N,Routine,2025-08-29 13:37,2025-08-29 14:12,2025-08-29 16:42
LAB742664,ENC118042,PT13848,GLU,Glucose,106,mg/dL,70,99,H,Routine,2025-08-29 16:54,2025-08-29 17:10,2025-08-29 21:40
LAB742665,ENC118042,PT13848,CREAT,Creatinine,2.04,mg/dL,0.6,1.3,H,STAT,2025-08-29 17:39,2025-08-29 17:48,2025-08-29 18:46
LAB742666,ENC118042,PT13848,WBC,White Blood Cell Count,7.3,K/uL,4.5,11,N,STAT,2025-08-29 17:11,2025-08-29 17:35,2025-08-29 18:19
LAB742667,ENC118042,PT13848,HGB,Hemoglobin,13.1,g/dL,12,17.5,N,Routine,2025-08-29 17:00,2025-08-29 17:20,2025-08-29 23:07
LAB742668,ENC118042,PT13848,NA,Sodium,136,mmol/L,136,145,N,Routine,2025-08-29 17:15,2025-08-29 17:22,2025-08-29 18:56
LAB742669,ENC118042,PT13848,K,Potassium,6,mmol/L,3.5,5.1,H,STAT,2025-08-29 17:55,2025-08-29 18:27,2025-08-29 19:27
LAB742670,ENC118045,PT10913,A1C,Hemoglobin A1c,9.3,%,4,5.6,H,Routine,2025-08-29 15:43,2025-08-29 15:49,2025-08-30 14:31
LAB742671,ENC118046,PT13310,GLU,Glucose,117,mg/dL,70,99,H,STAT,2025-08-29 19:40,2025-08-29 20:03,2025-08-29 20:44
LAB742672,ENC118046,PT13310,CREAT,Creatinine,0.98,mg/dL,0.6,1.3,N,STAT,2025-08-29 20:04,2025-08-29 20:08,2025-08-29 20:30
LAB742673,ENC118046,PT13310,WBC,White Blood Cell Count,9.8,K/uL,4.5,11,N,STAT,2025-08-29 19:38,2025-08-29 19:59,2025-08-29 20:46
LAB742674,ENC118046,PT13310,HGB,Hemoglobin,13.6,g/dL,12,17.5,N,Routine,2025-08-29 20:12,2025-08-29 20:35,2025-08-30 05:02
LAB742675,ENC118048,PT10002,GLU,Glucose,125,mg/dL,70,99,H,STAT,2025-08-29 18:24,2025-08-29 18:47,2025-08-29 19:29
LAB742676,ENC118048,PT10002,CREAT,Creatinine,1.01,mg/dL,0.6,1.3,N,STAT,2025-08-29 18:28,2025-08-29 18:32,2025-08-29 19:43
LAB742677,ENC118048,PT10002,WBC,White Blood Cell Count,5.3,K/uL,4.5,11,N,STAT,2025-08-29 18:30,2025-08-29 18:54,2025-08-29 19:22
LAB742678,ENC118048,PT10002,HGB,Hemoglobin,12.1,g/dL,12,17.5,N,STAT,2025-08-29 18:35,2025-08-29 18:55,2025-08-29 19:39
LAB742679,ENC118048,PT10002,TROP,"Troponin I, High Sensitivity",70,ng/L,0,34,H,STAT,2025-08-29 18:55,2025-08-29 19:17,2025-08-29 20:31
LAB742680,ENC118048,PT10002,BNP,B-Type Natriuretic Peptide,1865,pg/mL,0,100,H,Routine,2025-08-29 18:42,2025-08-29 19:06,2025-08-29 23:15
LAB742681,ENC118050,PT13297,GLU,Glucose,147,mg/dL,70,99,H,STAT,2025-08-29 17:05,2025-08-29 17:14,2025-08-29 17:50
LAB742682,ENC118050,PT13297,CREAT,Creatinine,1.94,mg/dL,0.6,1.3,H,STAT,2025-08-29 16:44,2025-08-29 16:57,2025-08-29 17:39
LAB742683,ENC118050,PT13297,WBC,White Blood Cell Count,11.1,K/uL,4.5,11,H,STAT,2025-08-29 16:42,2025-08-29 17:04,2025-08-29 18:54
LAB742684,ENC118050,PT13297,HGB,Hemoglobin,13.6,g/dL,12,17.5,N,STAT,2025-08-29 17:31,2025-08-29 18:00,2025-08-29 18:36
LAB742685,ENC118050,PT13297,LACT,Lactate,1.8,mmol/L,0.5,2,N,STAT,2025-08-29 16:51,2025-08-29 17:24,2025-08-29 18:39
LAB742686,ENC118052,PT11404,GLU,Glucose,110,mg/dL,70,99,H,STAT,2025-08-29 22:59,2025-08-29 23:05,2025-08-30 00:10
LAB742687,ENC118052,PT11404,CREAT,Creatinine,0.99,mg/dL,0.6,1.3,N,STAT,2025-08-29 22:56,2025-08-29 23:05,2025-08-30 00:09
LAB742688,ENC118052,PT11404,WBC,White Blood Cell Count,3.8,K/uL,4.5,11,L,STAT,2025-08-29 23:55,2025-08-30 00:15,2025-08-30 01:07
LAB742689,ENC118052,PT11404,HGB,Hemoglobin,8.1,g/dL,12,17.5,L,STAT,2025-08-29 23:13,2025-08-29 23:26,2025-08-30 00:01
LAB742690,ENC118052,PT11404,INR,Prothrombin Time INR,1,ratio,0.8,1.2,N,STAT,2025-08-29 23:06,2025-08-29 23:23,2025-08-30 00:08
LAB742691,ENC118053,PT12007,GLU,Glucose,323,mg/dL,70,99,H,STAT,2025-08-30 08:45,2025-08-30 09:05,2025-08-30 09:57
LAB742692,ENC118053,PT12007,CREAT,Creatinine,0.83,mg/dL,0.6,1.3,N,STAT,2025-08-30 08:13,2025-08-30 08:27,2025-08-30 09:15
LAB742693,ENC118053,PT12007,WBC,White Blood Cell Count,6.8,K/uL,4.5,11,N,STAT,2025-08-30 08:51,2025-08-30 08:56,2025-08-30 09:30
LAB742694,ENC118053,PT12007,HGB,Hemoglobin,12.8,g/dL,12,17.5,N,Routine,2025-08-30 08:34,2025-08-30 09:08,2025-08-30 10:39
LAB742695,ENC118054,PT13472,GLU,Glucose,94,mg/dL,70,99,N,STAT,2025-08-30 09:43,2025-08-30 10:03,2025-08-30 11:21
LAB742696,ENC118054,PT13472,CREAT,Creatinine,0.29,mg/dL,0.6,1.3,L,Routine,2025-08-30 09:11,2025-08-30 09:15,2025-08-30 11:49
LAB742697,ENC118054,PT13472,WBC,White Blood Cell Count,7.2,K/uL,4.5,11,N,Routine,2025-08-30 10:05,2025-08-30 10:27,2025-08-30 16:00
LAB742698,ENC118055,PT11289,GLU,Glucose,102,mg/dL,70,99,H,STAT,2025-08-30 14:48,2025-08-30 14:54,2025-08-30 15:38
LAB742699,ENC118055,PT11289,CREAT,Creatinine,0.85,mg/dL,0.6,1.3,N,Routine,2025-08-30 15:32,2025-08-30 15:56,2025-08-30 19:09
LAB742700,ENC118055,PT11289,WBC,White Blood Cell Count,7,K/uL,4.5,11,N,STAT,2025-08-30 15:07,2025-08-30 15:40,2025-08-30 16:20
LAB742701,ENC118055,PT11289,HGB,Hemoglobin,13.5,g/dL,12,17.5,N,Routine,2025-08-30 15:27,2025-08-30 16:01,2025-08-30 17:41
LAB742702,ENC118055,PT11289,BUN,Blood Urea Nitrogen,14,mg/dL,7,20,N,STAT,2025-08-30 14:58,2025-08-30 15:05,2025-08-30 15:36
LAB742703,ENC118055,PT11289,PLT,Platelet Count,275,K/uL,150,400,N,STAT,2025-08-30 15:44,2025-08-30 16:04,2025-08-30 16:56
LAB742704,ENC118055,PT11289,TROP,"Troponin I, High Sensitivity",1260,ng/L,0,34,H,STAT,2025-08-30 15:30,2025-08-30 15:36,2025-08-30 16:32
LAB742705,ENC118056,PT12646,GLU,Glucose,117,mg/dL,70,99,H,STAT,2025-08-30 13:44,2025-08-30 14:11,2025-08-30 14:44
LAB742706,ENC118056,PT12646,CREAT,Creatinine,1.04,mg/dL,0.6,1.3,N,STAT,2025-08-30 13:10,2025-08-30 13:27,2025-08-30 14:44
LAB742707,ENC118061,PT12226,GLU,Glucose,108,mg/dL,70,99,H,Routine,2025-08-30 20:34,2025-08-30 21:06,2025-08-31 02:47
LAB742708,ENC118061,PT12226,CREAT,Creatinine,1.1,mg/dL,0.6,1.3,N,Routine,2025-08-30 20:25,2025-08-30 20:43,2025-08-31 01:32
LAB742709,ENC118061,PT12226,WBC,White Blood Cell Count,15.7,K/uL,4.5,11,H,Routine,2025-08-30 20:43,2025-08-30 21:05,2025-08-30 23:02
LAB742710,ENC118061,PT12226,HGB,Hemoglobin,12.2,g/dL,12,17.5,N,Routine,2025-08-30 20:17,2025-08-30 20:35,2025-08-31 01:07
LAB742711,ENC118062,PT11304,GLU,Glucose,108,mg/dL,70,99,H,Routine,2025-08-30 22:21,2025-08-30 22:39,2025-08-31 00:42
LAB742712,ENC118062,PT11304,CREAT,Creatinine,0.94,mg/dL,0.6,1.3,N,Routine,2025-08-30 22:44,2025-08-30 23:11,2025-08-31 00:39
LAB742713,ENC118062,PT11304,WBC,White Blood Cell Count,5.4,K/uL,4.5,11,N,Routine,2025-08-30 23:19,2025-08-30 23:54,2025-08-31 02:08
LAB742714,ENC118062,PT11304,HGB,Hemoglobin,13,g/dL,12,17.5,N,Routine,2025-08-30 22:12,2025-08-30 22:28,2025-08-31 03:19
LAB742715,ENC118063,PT10965,GLU,Glucose,91,mg/dL,70,99,N,STAT,2025-08-30 20:24,2025-08-30 20:55,2025-08-30 21:54
LAB742716,ENC118063,PT10965,CREAT,Creatinine,1.82,mg/dL,0.6,1.3,H,STAT,2025-08-30 20:23,2025-08-30 20:50,2025-08-30 22:06
LAB742717,ENC118063,PT10965,WBC,White Blood Cell Count,10.3,K/uL,4.5,11,N,STAT,2025-08-30 20:58,2025-08-30 21:09,2025-08-30 21:50
LAB742718,ENC118063,PT10965,HGB,Hemoglobin,9.4,g/dL,12,17.5,L,Routine,2025-08-30 21:04,2025-08-30 21:17,2025-08-31 00:54
LAB742719,ENC118063,PT10965,NA,Sodium,124,mmol/L,136,145,L,Routine,2025-08-30 20:35,2025-08-30 20:48,2025-08-31 02:34
LAB742720,ENC118063,PT10965,K,Potassium,4.5,mmol/L,3.5,5.1,N,STAT,2025-08-30 20:13,2025-08-30 20:23,2025-08-30 20:51
LAB742721,ENC118066,PT12461,GLU,Glucose,101,mg/dL,70,99,H,Routine,2025-08-30 23:29,2025-08-30 23:40,2025-08-31 01:24
LAB742722,ENC118066,PT12461,CREAT,Creatinine,0.83,mg/dL,0.6,1.3,N,STAT,2025-08-30 23:01,2025-08-30 23:19,2025-08-31 00:16
LAB742723,ENC118066,PT12461,WBC,White Blood Cell Count,7.5,K/uL,4.5,11,N,Routine,2025-08-30 23:22,2025-08-30 23:55,2025-08-31 01:45
LAB742724,ENC118066,PT12461,HGB,Hemoglobin,15.1,g/dL,12,17.5,N,STAT,2025-08-30 23:30,2025-08-30 23:49,2025-08-31 00:29
LAB742725,ENC118066,PT12461,NA,Sodium,144,mmol/L,136,145,N,STAT,2025-08-30 23:07,2025-08-30 23:41,2025-08-31 00:34
LAB742726,ENC118066,PT12461,K,Potassium,4.5,mmol/L,3.5,5.1,N,STAT,2025-08-30 23:53,2025-08-31 00:13,2025-08-31 00:44
LAB742727,ENC118068,PT13090,GLU,Glucose,258,mg/dL,70,99,H,Routine,2025-08-31 03:36,2025-08-31 03:45,2025-08-31 06:02
LAB742728,ENC118068,PT13090,CREAT,Creatinine,5.02,mg/dL,0.6,1.3,H,STAT,2025-08-31 03:42,2025-08-31 04:13,2025-08-31 05:09
LAB742729,ENC118068,PT13090,WBC,White Blood Cell Count,8.8,K/uL,4.5,11,N,STAT,2025-08-31 03:35,2025-08-31 04:10,2025-08-31 04:56
LAB742730,ENC118068,PT13090,HGB,Hemoglobin,14.8,g/dL,12,17.5,N,Routine,2025-08-31 03:30,2025-08-31 04:00,2025-08-31 05:22
LAB742731,ENC118068,PT13090,NA,Sodium,136,mmol/L,136,145,N,Routine,2025-08-31 04:27,2025-08-31 04:40,2025-08-31 07:03
LAB742732,ENC118068,PT13090,K,Potassium,5.6,mmol/L,3.5,5.1,H,STAT,2025-08-31 03:38,2025-08-31 04:07,2025-08-31 05:00
LAB742733,ENC118069,PT10399,GLU,Glucose,235,mg/dL,70,99,H,Routine,2025-08-31 05:32,2025-08-31 05:43,2025-08-31 08:02
LAB742734,ENC118069,PT10399,CREAT,Creatinine,0.59,mg/dL,0.6,1.3,L,STAT,2025-08-31 04:53,2025-08-31 05:03,2025-08-31 06:07
LAB742735,ENC118069,PT10399,WBC,White Blood Cell Count,7.9,K/uL,4.5,11,N,STAT,2025-08-31 04:38,2025-08-31 05:05,2025-08-31 06:08
LAB742736,ENC118069,PT10399,HGB,Hemoglobin,13.3,g/dL,12,17.5,N,Routine,2025-08-31 05:29,2025-08-31 05:37,2025-08-31 07:11
LAB742737,ENC118069,PT10399,NA,Sodium,140,mmol/L,136,145,N,STAT,2025-08-31 05:14,2025-08-31 05:32,2025-08-31 06:52
LAB742738,ENC118069,PT10399,K,Potassium,4.4,mmol/L,3.5,5.1,N,STAT,2025-08-31 05:15,2025-08-31 05:35,2025-08-31 06:34
LAB742739,ENC118070,PT12538,GLU,Glucose,241,mg/dL,70,99,H,Routine,2025-08-31 09:36,2025-08-31 09:47,2025-08-31 10:43
LAB742740,ENC118070,PT12538,CREAT,Creatinine,0.9,mg/dL,0.6,1.3,N,STAT,2025-08-31 09:05,2025-08-31 09:32,2025-08-31 10:15
LAB742741,ENC118070,PT12538,WBC,White Blood Cell Count,7,K/uL,4.5,11,N,STAT,2025-08-31 09:17,2025-08-31 09:38,2025-08-31 10:26
LAB742742,ENC118071,PT10096,GLU,Glucose,95,mg/dL,70,99,N,Routine,2025-08-31 12:45,2025-08-31 12:59,2025-08-31 20:27
LAB742743,ENC118071,PT10096,CREAT,Creatinine,1.03,mg/dL,0.6,1.3,N,STAT,2025-08-31 13:23,2025-08-31 13:40,2025-08-31 15:09
LAB742744,ENC118071,PT10096,WBC,White Blood Cell Count,0.4,K/uL,4.5,11,LL,Routine,2025-08-31 12:25,2025-08-31 12:37,2025-08-31 14:24
LAB742745,ENC118071,PT10096,HGB,Hemoglobin,9.8,g/dL,12,17.5,L,Routine,2025-08-31 13:00,2025-08-31 13:10,2025-08-31 16:49
LAB742746,ENC118072,PT12081,GLU,Glucose,96,mg/dL,70,99,N,STAT,2025-08-31 10:46,2025-08-31 10:54,2025-08-31 12:00
LAB742747,ENC118072,PT12081,CREAT,Creatinine,2.3,mg/dL,0.6,1.3,H,STAT,2025-08-31 10:11,2025-08-31 10:25,2025-08-31 11:03
LAB742748,ENC118072,PT12081,WBC,White Blood Cell Count,7,K/uL,4.5,11,N,STAT,2025-08-31 10:43,2025-08-31 10:54,2025-08-31 11:56
LAB742749,ENC118072,PT12081,HGB,Hemoglobin,11.6,g/dL,12,17.5,L,STAT,2025-08-31 09:48,2025-08-31 10:00,2025-08-31 10:28
LAB742750,ENC118073,PT11152,GLU,Glucose,105,mg/dL,70,99,H,STAT,2025-08-31 10:32,2025-08-31 10:40,2025-08-31 11:19
LAB742751,ENC118073,PT11152,CREAT,Creatinine,1.06,mg/dL,0.6,1.3,N,Routine,2025-08-31 10:52,2025-08-31 10:59,2025-08-31 14:05
LAB742752,ENC118073,PT11152,WBC,White Blood Cell Count,5.8,K/uL,4.5,11,N,STAT,2025-08-31 10:44,2025-08-31 11:03,2025-08-31 11:30
LAB742753,ENC118073,PT11152,HGB,Hemoglobin,14.9,g/dL,12,17.5,N,STAT,2025-08-31 10:58,2025-08-31 11:13,2025-08-31 12:11
LAB742754,ENC118074,PT12878,GLU,Glucose,138,mg/dL,70,99,H,STAT,2025-08-31 18:37,2025-08-31 18:41,2025-08-31 20:01
LAB742755,ENC118074,PT12878,CREAT,Creatinine,2.22,mg/dL,0.6,1.3,H,Routine,2025-08-31 19:30,2025-08-31 19:39,2025-09-01 01:38
LAB742756,ENC118074,PT12878,WBC,White Blood Cell Count,7.5,K/uL,4.5,11,N,STAT,2025-08-31 19:25,2025-08-31 19:46,2025-08-31 20:50
LAB742757,ENC118074,PT12878,HGB,Hemoglobin,9.8,g/dL,12,17.5,L,STAT,2025-08-31 18:41,2025-08-31 18:58,2025-08-31 19:34
LAB742758,ENC118074,PT12878,NA,Sodium,140,mmol/L,136,145,N,STAT,2025-08-31 19:06,2025-08-31 19:35,2025-08-31 20:25
LAB742759,ENC118074,PT12878,K,Potassium,5.2,mmol/L,3.5,5.1,H,STAT,2025-08-31 19:27,2025-08-31 19:54,2025-08-31 20:32
LAB742760,ENC118075,PT13148,GLU,Glucose,99,mg/dL,70,99,N,Routine,2025-08-31 17:17,2025-08-31 17:50,2025-08-31 22:04
LAB742761,ENC118075,PT13148,CREAT,Creatinine,0.72,mg/dL,0.6,1.3,N,STAT,2025-08-31 17:28,2025-08-31 18:00,2025-08-31 19:08
LAB742762,ENC118075,PT13148,WBC,White Blood Cell Count,7.2,K/uL,4.5,11,N,STAT,2025-08-31 18:02,2025-08-31 18:08,2025-08-31 18:57
LAB742763,ENC118075,PT13148,HGB,Hemoglobin,12.8,g/dL,12,17.5,N,STAT,2025-08-31 17:34,2025-08-31 18:09,2025-08-31 19:29
LAB742764,ENC118076,PT12961,GLU,Glucose,120,mg/dL,70,99,H,Routine,2025-08-31 18:24,2025-08-31 18:35,2025-08-31 23:27
LAB742765,ENC118076,PT12961,CREAT,Creatinine,1.08,mg/dL,0.6,1.3,N,STAT,2025-08-31 17:56,2025-08-31 18:09,2025-08-31 19:26
LAB742766,ENC118076,PT12961,WBC,White Blood Cell Count,9.7,K/uL,4.5,11,N,STAT,2025-08-31 17:32,2025-08-31 17:37,2025-08-31 18:14
LAB742767,ENC118076,PT12961,HGB,Hemoglobin,14.9,g/dL,12,17.5,N,STAT,2025-08-31 18:17,2025-08-31 18:51,2025-08-31 20:09
LAB742768,ENC118079,PT10943,GLU,Glucose,209,mg/dL,70,99,H,STAT,2025-08-31 19:44,2025-08-31 20:19,2025-08-31 20:43
LAB742769,ENC118079,PT10943,CREAT,Creatinine,1.24,mg/dL,0.6,1.3,N,STAT,2025-08-31 19:32,2025-08-31 19:57,2025-08-31 21:22
LAB742770,ENC118079,PT10943,WBC,White Blood Cell Count,9.7,K/uL,4.5,11,N,STAT,2025-08-31 19:24,2025-08-31 19:39,2025-08-31 20:32
LAB742771,ENC118079,PT10943,HGB,Hemoglobin,8.6,g/dL,12,17.5,L,STAT,2025-08-31 19:10,2025-08-31 19:44,2025-08-31 20:06
LAB742772,ENC118079,PT10943,LACT,Lactate,3.6,mmol/L,0.5,2,H,STAT,2025-08-31 20:09,2025-08-31 20:28,2025-08-31 21:18
LAB742773,ENC118080,PT11331,GLU,Glucose,123,mg/dL,70,99,H,Routine,2025-08-31 23:18,2025-08-31 23:29,2025-09-01 05:58
LAB742774,ENC118080,PT11331,CREAT,Creatinine,0.93,mg/dL,0.6,1.3,N,STAT,2025-08-31 22:41,2025-08-31 23:10,2025-08-31 23:48
LAB742775,ENC118080,PT11331,WBC,White Blood Cell Count,7.4,K/uL,4.5,11,N,STAT,2025-08-31 23:32,2025-08-31 23:37,2025-09-01 00:47
LAB742776,ENC118080,PT11331,HGB,Hemoglobin,15.6,g/dL,12,17.5,N,Routine,2025-08-31 23:20,2025-08-31 23:37,2025-09-01 04:01
LAB742777,ENC118080,PT11331,NA,Sodium,143,mmol/L,136,145,N,STAT,2025-08-31 22:45,2025-08-31 23:11,2025-08-31 23:43
LAB742778,ENC118080,PT11331,K,Potassium,4.2,mmol/L,3.5,5.1,N,STAT,2025-08-31 22:52,2025-08-31 23:01,2025-08-31 23:51
LAB742779,ENC118082,PT12919,GLU,Glucose,82,mg/dL,70,99,N,STAT,2025-08-31 22:24,2025-08-31 22:59,2025-08-31 23:54
LAB742780,ENC118082,PT12919,CREAT,Creatinine,2.08,mg/dL,0.6,1.3,H,Routine,2025-08-31 22:53,2025-08-31 23:03,2025-09-01 02:29
LAB742781,ENC118082,PT12919,WBC,White Blood Cell Count,9.6,K/uL,4.5,11,N,Routine,2025-08-31 22:11,2025-08-31 22:43,2025-09-01 00:58
LAB742782,ENC118082,PT12919,HGB,Hemoglobin,11.1,g/dL,12,17.5,L,Routine,2025-08-31 22:23,2025-08-31 22:39,2025-09-01 00:12
LAB742783,ENC118082,PT12919,BUN,Blood Urea Nitrogen,14,mg/dL,7,20,N,STAT,2025-08-31 23:13,2025-08-31 23:24,2025-09-01 00:05
LAB742784,ENC118082,PT12919,PLT,Platelet Count,249,K/uL,150,400,N,Routine,2025-08-31 22:32,2025-08-31 22:36,2025-09-01 02:47
LAB742785,ENC118082,PT12919,INR,Prothrombin Time INR,1,ratio,0.8,1.2,N,Routine,2025-08-31 22:08,2025-08-31 22:12,2025-09-01 00:54
LAB742786,ENC118084,PT11679,GLU,Glucose,110,mg/dL,70,99,H,Routine,2025-09-01 02:41,2025-09-01 02:59,2025-09-01 04:28
LAB742787,ENC118084,PT11679,CREAT,Creatinine,0.67,mg/dL,0.6,1.3,N,Routine,2025-09-01 02:13,2025-09-01 02:39,2025-09-01 05:37
LAB742788,ENC118085,PT12859,GLU,Glucose,133,mg/dL,70,99,H,Routine,2025-09-01 04:22,2025-09-01 04:29,2025-09-01 05:27
LAB742789,ENC118085,PT12859,CREAT,Creatinine,0.42,mg/dL,0.6,1.3,L,Routine,2025-09-01 04:06,2025-09-01 04:10,2025-09-01 06:24
LAB742790,ENC118085,PT12859,WBC,White Blood Cell Count,9.9,K/uL,4.5,11,N,Routine,2025-09-01 05:11,2025-09-01 05:35,2025-09-01 07:21
LAB742791,ENC118085,PT12859,HGB,Hemoglobin,14.4,g/dL,12,17.5,N,STAT,2025-09-01 04:12,2025-09-01 04:44,2025-09-01 06:51
LAB742792,ENC118087,PT10383,GLU,Glucose,215,mg/dL,70,99,H,STAT,2025-09-01 06:49,2025-09-01 07:06,2025-09-01 07:41
LAB742793,ENC118087,PT10383,CREAT,Creatinine,1.14,mg/dL,0.6,1.3,N,STAT,2025-09-01 06:29,2025-09-01 06:38,2025-09-01 07:26
LAB742794,ENC118087,PT10383,WBC,White Blood Cell Count,9.3,K/uL,4.5,11,N,STAT,2025-09-01 06:34,2025-09-01 07:01,2025-09-01 07:45
LAB742795,ENC118087,PT10383,HGB,Hemoglobin,12.6,g/dL,12,17.5,N,Routine,2025-09-01 06:44,2025-09-01 07:04,2025-09-01 12:14
LAB742796,ENC118087,PT10383,TROP,"Troponin I, High Sensitivity",0,ng/L,0,34,N,STAT,2025-09-01 07:06,2025-09-01 07:41,2025-09-01 08:28
LAB742797,ENC118087,PT10383,BNP,B-Type Natriuretic Peptide,625,pg/mL,0,100,H,Routine,2025-09-01 06:47,2025-09-01 06:54,2025-09-01 08:50
LAB742798,ENC118091,PT10811,WBC,White Blood Cell Count,9.5,K/uL,4.5,11,N,Routine,2025-09-01 09:10,2025-09-01 09:16,2025-09-01 12:26
LAB742799,ENC118091,PT10811,HGB,Hemoglobin,14.6,g/dL,12,17.5,N,Routine,2025-09-01 08:58,2025-09-01 09:05,2025-09-01 13:26
LAB742800,ENC118091,PT10811,PLT,Platelet Count,171,K/uL,150,400,N,Routine,2025-09-01 09:10,2025-09-01 09:36,2025-09-01 12:16
LAB742801,ENC118093,PT12958,GLU,Glucose,79,mg/dL,70,99,N,STAT,2025-09-01 14:36,2025-09-01 14:41,2025-09-01 15:32
LAB742802,ENC118093,PT12958,CREAT,Creatinine,1.23,mg/dL,0.6,1.3,N,Routine,2025-09-01 15:31,2025-09-01 15:38,2025-09-01 18:27
LAB742803,ENC118093,PT12958,WBC,White Blood Cell Count,4.4,K/uL,4.5,11,L,STAT,2025-09-01 15:21,2025-09-01 15:34,2025-09-01 16:22
LAB742804,ENC118093,PT12958,HGB,Hemoglobin,14.2,g/dL,12,17.5,N,Routine,2025-09-01 15:11,2025-09-01 15:18,2025-09-01 18:03
LAB742805,ENC118093,PT12958,INR,Prothrombin Time INR,1,ratio,0.8,1.2,N,STAT,2025-09-01 14:41,2025-09-01 15:00,2025-09-01 16:56
LAB742806,ENC118095,PT13170,GLU,Glucose,125,mg/dL,70,99,H,STAT,2025-09-01 10:25,2025-09-01 10:55,2025-09-01 11:31
LAB742807,ENC118095,PT13170,CREAT,Creatinine,1.25,mg/dL,0.6,1.3,N,Routine,2025-09-01 10:27,2025-09-01 10:40,2025-09-01 12:39
LAB742808,ENC118098,PT12570,GLU,Glucose,101,mg/dL,70,99,H,STAT,2025-09-01 11:05,2025-09-01 11:23,2025-09-01 12:17
LAB742809,ENC118098,PT12570,CREAT,Creatinine,0.95,mg/dL,0.6,1.3,N,Routine,2025-09-01 11:33,2025-09-01 11:51,2025-09-01 15:51
LAB742810,ENC118098,PT12570,WBC,White Blood Cell Count,7.1,K/uL,4.5,11,N,STAT,2025-09-01 11:19,2025-09-01 11:34,2025-09-01 12:14
LAB742811,ENC118098,PT12570,HGB,Hemoglobin,14,g/dL,12,17.5,N,Routine,2025-09-01 11:50,2025-09-01 12:14,2025-09-01 15:44
LAB742812,ENC118098,PT12570,INR,Prothrombin Time INR,2.5,ratio,0.8,1.2,H,STAT,2025-09-01 11:29,2025-09-01 11:40,2025-09-01 13:01
LAB742813,ENC118099,PT11614,A1C,Hemoglobin A1c,8.7,%,4,5.6,H,Routine,2025-09-01 11:12,2025-09-01 11:26,2025-09-01 17:33
LAB742814,ENC118102,PT13738,GLU,Glucose,80,mg/dL,70,99,N,STAT,2025-09-01 15:51,2025-09-01 16:22,2025-09-01 16:49
LAB742815,ENC118102,PT13738,CREAT,Creatinine,1.32,mg/dL,0.6,1.3,H,Routine,2025-09-01 15:37,2025-09-01 15:42,2025-09-01 19:40
LAB742816,ENC118102,PT13738,WBC,White Blood Cell Count,5.9,K/uL,4.5,11,N,Routine,2025-09-01 15:34,2025-09-01 15:40,2025-09-01 17:54
LAB742817,ENC118102,PT13738,HGB,Hemoglobin,13.6,g/dL,12,17.5,N,STAT,2025-09-01 14:57,2025-09-01 15:01,2025-09-01 15:41
LAB742818,ENC118102,PT13738,NA,Sodium,143,mmol/L,136,145,N,Routine,2025-09-01 16:00,2025-09-01 16:25,2025-09-01 17:55
LAB742819,ENC118102,PT13738,K,Potassium,4.8,mmol/L,3.5,5.1,N,STAT,2025-09-01 15:40,2025-09-01 15:44,2025-09-01 16:22
LAB742820,ENC118106,PT10116,LDL,LDL Cholesterol,112,mg/dL,0,99,H,Routine,2025-09-01 13:26,2025-09-01 13:58,2025-09-03 15:58
LAB742821,ENC118106,PT10116,A1C,Hemoglobin A1c,5.9,%,4,5.6,H,Routine,2025-09-01 13:34,2025-09-01 13:58,2025-09-01 19:41
LAB742822,ENC118108,PT13181,GLU,Glucose,101,mg/dL,70,99,H,STAT,2025-09-01 14:54,2025-09-01 15:03,2025-09-01 15:24
LAB742823,ENC118108,PT13181,CREAT,Creatinine,1.81,mg/dL,0.6,1.3,H,STAT,2025-09-01 14:39,2025-09-01 14:50,2025-09-01 15:11
LAB742824,ENC118108,PT13181,WBC,White Blood Cell Count,9.4,K/uL,4.5,11,N,Routine,2025-09-01 14:43,2025-09-01 15:10,2025-09-01 17:31
LAB742825,ENC118109,PT12509,GLU,Glucose,66,mg/dL,70,99,L,Routine,2025-09-01 19:07,2025-09-01 19:29,2025-09-01 22:30
LAB742826,ENC118109,PT12509,CREAT,Creatinine,0.96,mg/dL,0.6,1.3,N,Routine,2025-09-01 19:22,2025-09-01 19:56,2025-09-02 00:30
LAB742827,ENC118109,PT12509,WBC,White Blood Cell Count,10.2,K/uL,4.5,11,N,STAT,2025-09-01 18:43,2025-09-01 18:53,2025-09-01 19:29
LAB742828,ENC118109,PT12509,HGB,Hemoglobin,12.1,g/dL,12,17.5,N,Routine,2025-09-01 18:39,2025-09-01 18:56,2025-09-02 01:34
LAB742829,ENC118109,PT12509,NA,Sodium,139,mmol/L,136,145,N,STAT,2025-09-01 18:48,2025-09-01 19:07,2025-09-01 20:43
LAB742830,ENC118109,PT12509,K,Potassium,4.6,mmol/L,3.5,5.1,N,STAT,2025-09-01 18:49,2025-09-01 19:16,2025-09-01 19:31
LAB742831,ENC118113,PT13628,LDL,LDL Cholesterol,79,mg/dL,0,99,N,Routine,2025-09-01 16:20,2025-09-01 16:40,2025-09-02 02:42
LAB742832,ENC118115,PT13211,GLU,Glucose,183,mg/dL,70,99,H,STAT,2025-09-01 17:39,2025-09-01 17:52,2025-09-01 18:12
LAB742833,ENC118115,PT13211,CREAT,Creatinine,0.94,mg/dL,0.6,1.3,N,STAT,2025-09-01 18:12,2025-09-01 18:24,2025-09-01 19:32
LAB742834,ENC118115,PT13211,WBC,White Blood Cell Count,6.7,K/uL,4.5,11,N,Routine,2025-09-01 17:41,2025-09-01 17:59,2025-09-01 21:36
LAB742835,ENC118115,PT13211,HGB,Hemoglobin,12.4,g/dL,12,17.5,N,STAT,2025-09-01 18:03,2025-09-01 18:36,2025-09-01 19:23
LAB742836,ENC118116,PT12169,GLU,Glucose,75,mg/dL,70,99,N,STAT,2025-09-01 18:11,2025-09-01 18:44,2025-09-01 19:12
LAB742837,ENC118116,PT12169,CREAT,Creatinine,0.73,mg/dL,0.6,1.3,N,STAT,2025-09-01 18:29,2025-09-01 19:02,2025-09-01 19:47
LAB742838,ENC118116,PT12169,WBC,White Blood Cell Count,8.1,K/uL,4.5,11,N,Routine,2025-09-01 17:32,2025-09-01 17:39,2025-09-01 20:05
LAB742839,ENC118116,PT12169,HGB,Hemoglobin,14.9,g/dL,12,17.5,N,Routine,2025-09-01 18:32,2025-09-01 19:03,2025-09-01 22:14
LAB742840,ENC118117,PT13749,GLU,Glucose,101,mg/dL,70,99,H,STAT,2025-09-01 19:10,2025-09-01 19:39,2025-09-01 21:06
LAB742841,ENC118117,PT13749,CREAT,Creatinine,0.67,mg/dL,0.6,1.3,N,STAT,2025-09-01 19:02,2025-09-01 19:23,2025-09-01 21:06
LAB742842,ENC118117,PT13749,WBC,White Blood Cell Count,5.9,K/uL,4.5,11,N,Routine,2025-09-01 18:49,2025-09-01 19:14,2025-09-01 20:50
LAB742843,ENC118117,PT13749,TROP,"Troponin I, High Sensitivity",1,ng/L,0,34,N,STAT,2025-09-01 19:45,2025-09-01 20:02,2025-09-01 21:00
LAB742844,ENC118119,PT10886,GLU,Glucose,157,mg/dL,70,99,H,STAT,2025-09-01 19:44,2025-09-01 20:15,2025-09-01 21:41
LAB742845,ENC118119,PT10886,CREAT,Creatinine,1.39,mg/dL,0.6,1.3,H,STAT,2025-09-01 19:54,2025-09-01 20:10,2025-09-01 20:34
LAB742846,ENC118119,PT10886,WBC,White Blood Cell Count,8.3,K/uL,4.5,11,N,Routine,2025-09-01 19:02,2025-09-01 19:18,2025-09-01 21:45
LAB742847,ENC118121,PT12961,GLU,Glucose,111,mg/dL,70,99,H,Routine,2025-09-01 21:07,2025-09-01 21:34,2025-09-01 23:20
LAB742848,ENC118121,PT12961,CREAT,Creatinine,1.3,mg/dL,0.6,1.3,N,STAT,2025-09-01 21:28,2025-09-01 21:39,2025-09-01 22:32
LAB742849,ENC118123,PT13302,GLU,Glucose,110,mg/dL,70,99,H,STAT,2025-09-01 22:23,2025-09-01 22:28,2025-09-01 23:13
LAB742850,ENC118123,PT13302,CREAT,Creatinine,0.9,mg/dL,0.6,1.3,N,STAT,2025-09-01 21:41,2025-09-01 22:07,2025-09-01 23:16
LAB742851,ENC118123,PT13302,WBC,White Blood Cell Count,8,K/uL,4.5,11,N,Routine,2025-09-01 22:13,2025-09-01 22:17,2025-09-02 01:35
LAB742852,ENC118123,PT13302,HGB,Hemoglobin,9.7,g/dL,12,17.5,L,Routine,2025-09-01 21:42,2025-09-01 21:55,2025-09-02 01:34
LAB742853,ENC118124,PT10949,GLU,Glucose,121,mg/dL,70,99,H,STAT,2025-09-01 22:02,2025-09-01 22:30,2025-09-01 23:47
LAB742854,ENC118124,PT10949,CREAT,Creatinine,0.99,mg/dL,0.6,1.3,N,STAT,2025-09-01 21:54,2025-09-01 22:29,2025-09-01 23:36
LAB742855,ENC118125,PT10593,GLU,Glucose,80,mg/dL,70,99,N,STAT,2025-09-01 22:51,2025-09-01 23:00,2025-09-01 23:32
LAB742856,ENC118125,PT10593,CREAT,Creatinine,0.76,mg/dL,0.6,1.3,N,STAT,2025-09-01 23:02,2025-09-01 23:26,2025-09-02 00:12
LAB742857,ENC118126,PT13701,GLU,Glucose,132,mg/dL,70,99,H,STAT,2025-09-02 01:34,2025-09-02 01:52,2025-09-02 02:49
LAB742858,ENC118126,PT13701,CREAT,Creatinine,0.76,mg/dL,0.6,1.3,N,STAT,2025-09-02 02:02,2025-09-02 02:36,2025-09-02 03:34
LAB742859,ENC118126,PT13701,WBC,White Blood Cell Count,4.7,K/uL,4.5,11,N,STAT,2025-09-02 01:55,2025-09-02 02:17,2025-09-02 03:12
LAB742860,ENC118126,PT13701,HGB,Hemoglobin,16.2,g/dL,12,17.5,N,STAT,2025-09-02 01:01,2025-09-02 01:08,2025-09-02 02:03
LAB742861,ENC118126,PT13701,NA,Sodium,141,mmol/L,136,145,N,STAT,2025-09-02 01:54,2025-09-02 02:29,2025-09-02 02:56
LAB742862,ENC118126,PT13701,K,Potassium,4.3,mmol/L,3.5,5.1,N,STAT,2025-09-02 01:42,2025-09-02 01:59,2025-09-02 02:56
LAB742863,ENC118126,PT13701,TROP,"Troponin I, High Sensitivity",677,ng/L,0,34,H,STAT,2025-09-02 01:57,2025-09-02 02:14,2025-09-02 04:10
LAB742864,ENC118127,PT11261,GLU,Glucose,96,mg/dL,70,99,N,Routine,2025-09-02 00:35,2025-09-02 00:46,2025-09-02 04:42
LAB742865,ENC118127,PT11261,CREAT,Creatinine,0.72,mg/dL,0.6,1.3,N,STAT,2025-09-02 00:42,2025-09-02 01:11,2025-09-02 01:48
LAB742866,ENC118127,PT11261,WBC,White Blood Cell Count,6.2,K/uL,4.5,11,N,STAT,2025-09-02 00:44,2025-09-02 00:54,2025-09-02 01:42
LAB742867,ENC118127,PT11261,HGB,Hemoglobin,13.7,g/dL,12,17.5,N,Routine,2025-09-01 23:50,2025-09-01 23:55,2025-09-02 02:31
LAB742868,ENC118129,PT13473,GLU,Glucose,103,mg/dL,70,99,H,STAT,2025-09-02 02:44,2025-09-02 02:51,2025-09-02 03:56
LAB742869,ENC118129,PT13473,CREAT,Creatinine,0.69,mg/dL,0.6,1.3,N,Routine,2025-09-02 02:56,2025-09-02 03:26,2025-09-02 04:37
LAB742870,ENC118129,PT13473,WBC,White Blood Cell Count,9.2,K/uL,4.5,11,N,Routine,2025-09-02 02:51,2025-09-02 03:07,2025-09-02 05:31
LAB742871,ENC118129,PT13473,HGB,Hemoglobin,12,g/dL,12,17.5,N,STAT,2025-09-02 02:42,2025-09-02 02:57,2025-09-02 03:45
LAB742872,ENC118131,PT11288,GLU,Glucose,113,mg/dL,70,99,H,STAT,2025-09-02 06:59,2025-09-02 07:11,2025-09-02 08:09
LAB742873,ENC118131,PT11288,CREAT,Creatinine,1.4,mg/dL,0.6,1.3,H,Routine,2025-09-02 06:45,2025-09-02 06:52,2025-09-02 11:13
LAB742874,ENC118132,PT13581,GLU,Glucose,152,mg/dL,70,99,H,STAT,2025-09-02 11:01,2025-09-02 11:16,2025-09-02 12:00
LAB742875,ENC118132,PT13581,CREAT,Creatinine,0.87,mg/dL,0.6,1.3,N,Routine,2025-09-02 11:11,2025-09-02 11:19,2025-09-02 14:20
LAB742876,ENC118132,PT13581,WBC,White Blood Cell Count,8.6,K/uL,4.5,11,N,STAT,2025-09-02 11:20,2025-09-02 11:27,2025-09-02 12:06
LAB742877,ENC118132,PT13581,HGB,Hemoglobin,7.9,g/dL,12,17.5,L,Routine,2025-09-02 11:21,2025-09-02 11:27,2025-09-02 13:52
LAB742878,ENC118132,PT13581,LACT,Lactate,2.2,mmol/L,0.5,2,H,STAT,2025-09-02 11:37,2025-09-02 12:10,2025-09-02 13:13
LAB742879,ENC118132,PT13581,INR,Prothrombin Time INR,1.1,ratio,0.8,1.2,N,Routine,2025-09-02 11:18,2025-09-02 11:39,2025-09-02 16:17
LAB742880,ENC118133,PT12690,LDL,LDL Cholesterol,117,mg/dL,0,99,H,Routine,2025-09-02 09:14,2025-09-02 09:19,2025-09-02 17:32
LAB742881,ENC118137,PT13835,GLU,Glucose,86,mg/dL,70,99,N,STAT,2025-09-02 14:43,2025-09-02 14:49,2025-09-02 15:11
LAB742882,ENC118137,PT13835,CREAT,Creatinine,0.31,mg/dL,0.6,1.3,L,Routine,2025-09-02 14:55,2025-09-02 15:10,2025-09-02 18:09
LAB742883,ENC118137,PT13835,WBC,White Blood Cell Count,9.5,K/uL,4.5,11,N,STAT,2025-09-02 14:28,2025-09-02 15:02,2025-09-02 15:23
LAB742884,ENC118137,PT13835,HGB,Hemoglobin,14.5,g/dL,12,17.5,N,Routine,2025-09-02 14:43,2025-09-02 15:13,2025-09-02 16:06
LAB742885,ENC118140,PT10082,GLU,Glucose,67,mg/dL,70,99,L,STAT,2025-09-02 12:46,2025-09-02 13:20,2025-09-02 13:54
LAB742886,ENC118140,PT10082,CREAT,Creatinine,0.96,mg/dL,0.6,1.3,N,Routine,2025-09-02 12:55,2025-09-02 13:17,2025-09-02 18:53
LAB742887,ENC118142,PT11209,A1C,Hemoglobin A1c,4.6,%,4,5.6,N,Routine,2025-09-02 13:24,2025-09-02 13:51,2025-09-02 23:56
LAB742888,ENC118144,PT13935,GLU,Glucose,129,mg/dL,70,99,H,STAT,2025-09-02 14:20,2025-09-02 14:42,2025-09-02 16:29
LAB742889,ENC118144,PT13935,CREAT,Creatinine,0.85,mg/dL,0.6,1.3,N,STAT,2025-09-02 13:51,2025-09-02 13:55,2025-09-02 14:50
LAB742890,ENC118144,PT13935,WBC,White Blood Cell Count,7,K/uL,4.5,11,N,STAT,2025-09-02 14:14,2025-09-02 14:18,2025-09-02 14:58
LAB742891,ENC118144,PT13935,HGB,Hemoglobin,16.3,g/dL,12,17.5,N,STAT,2025-09-02 14:09,2025-09-02 14:34,2025-09-02 15:27
LAB742892,ENC118144,PT13935,BUN,Blood Urea Nitrogen,14,mg/dL,7,20,N,STAT,2025-09-02 14:38,2025-09-02 14:44,2025-09-02 15:24
LAB742893,ENC118144,PT13935,PLT,Platelet Count,217,K/uL,150,400,N,Routine,2025-09-02 14:32,2025-09-02 14:53,2025-09-02 19:48
LAB742894,ENC118144,PT13935,TROP,"Troponin I, High Sensitivity",134,ng/L,0,34,H,STAT,2025-09-02 13:52,2025-09-02 14:23,2025-09-02 14:44
LAB742895,ENC118146,PT10628,GLU,Glucose,90,mg/dL,70,99,N,STAT,2025-09-02 14:13,2025-09-02 14:17,2025-09-02 15:17
LAB742896,ENC118146,PT10628,CREAT,Creatinine,0.96,mg/dL,0.6,1.3,N,STAT,2025-09-02 15:16,2025-09-02 15:20,2025-09-02 15:57
LAB742897,ENC118146,PT10628,WBC,White Blood Cell Count,8,K/uL,4.5,11,N,STAT,2025-09-02 15:16,2025-09-02 15:39,2025-09-02 16:38
LAB742898,ENC118146,PT10628,HGB,Hemoglobin,14.2,g/dL,12,17.5,N,STAT,2025-09-02 14:39,2025-09-02 15:04,2025-09-02 15:45
LAB742899,ENC118146,PT10628,TROP,"Troponin I, High Sensitivity",3,ng/L,0,34,N,STAT,2025-09-02 14:06,2025-09-02 14:35,2025-09-02 15:14
LAB742900,ENC118147,PT10737,GLU,Glucose,101,mg/dL,70,99,H,Routine,2025-09-02 16:18,2025-09-02 16:48,2025-09-02 19:40
LAB742901,ENC118147,PT10737,CREAT,Creatinine,0.89,mg/dL,0.6,1.3,N,STAT,2025-09-02 16:18,2025-09-02 16:25,2025-09-02 17:32
LAB742902,ENC118147,PT10737,WBC,White Blood Cell Count,4.6,K/uL,4.5,11,N,STAT,2025-09-02 16:16,2025-09-02 16:33,2025-09-02 16:59
LAB742903,ENC118147,PT10737,HGB,Hemoglobin,12.3,g/dL,12,17.5,N,Routine,2025-09-02 15:21,2025-09-02 15:55,2025-09-02 18:11
LAB742904,ENC118147,PT10737,NA,Sodium,141,mmol/L,136,145,N,Routine,2025-09-02 15:53,2025-09-02 16:27,2025-09-02 18:31
LAB742905,ENC118147,PT10737,K,Potassium,4.1,mmol/L,3.5,5.1,N,STAT,2025-09-02 15:29,2025-09-02 16:01,2025-09-02 16:40
LAB742906,ENC118148,PT12712,GLU,Glucose,102,mg/dL,70,99,H,STAT,2025-09-02 16:17,2025-09-02 16:51,2025-09-02 17:37
LAB742907,ENC118148,PT12712,CREAT,Creatinine,0.73,mg/dL,0.6,1.3,N,STAT,2025-09-02 15:36,2025-09-02 15:45,2025-09-02 17:02
LAB742908,ENC118148,PT12712,WBC,White Blood Cell Count,9.7,K/uL,4.5,11,N,STAT,2025-09-02 16:27,2025-09-02 16:54,2025-09-02 17:43
LAB742909,ENC118148,PT12712,HGB,Hemoglobin,13.9,g/dL,12,17.5,N,STAT,2025-09-02 16:18,2025-09-02 16:24,2025-09-02 17:05
LAB742910,ENC118149,PT13325,LDL,LDL Cholesterol,163,mg/dL,0,99,H,Routine,2025-09-02 16:22,2025-09-02 16:46,2025-09-03 02:57
LAB742911,ENC118150,PT12595,GLU,Glucose,112,mg/dL,70,99,H,STAT,2025-09-02 16:57,2025-09-02 17:17,2025-09-02 17:36
LAB742912,ENC118150,PT12595,CREAT,Creatinine,1.26,mg/dL,0.6,1.3,N,STAT,2025-09-02 17:44,2025-09-02 18:07,2025-09-02 18:45
LAB742913,ENC118150,PT12595,TROP,"Troponin I, High Sensitivity",7,ng/L,0,34,N,STAT,2025-09-02 17:42,2025-09-02 18:14,2025-09-02 19:44
LAB742914,ENC118151,PT12963,GLU,Glucose,77,mg/dL,70,99,N,Routine,2025-09-02 17:23,2025-09-02 17:46,2025-09-02 20:03
LAB742915,ENC118151,PT12963,CREAT,Creatinine,0.88,mg/dL,0.6,1.3,N,Routine,2025-09-02 18:14,2025-09-02 18:34,2025-09-02 21:41
LAB742916,ENC118151,PT12963,WBC,White Blood Cell Count,4.5,K/uL,4.5,11,N,STAT,2025-09-02 17:25,2025-09-02 17:34,2025-09-02 18:37
LAB742917,ENC118152,PT12773,GLU,Glucose,149,mg/dL,70,99,H,Routine,2025-09-02 22:08,2025-09-02 22:23,2025-09-03 00:45
LAB742918,ENC118152,PT12773,CREAT,Creatinine,0.43,mg/dL,0.6,1.3,L,STAT,2025-09-02 21:12,2025-09-02 21:19,2025-09-02 21:52
LAB742919,ENC118154,PT10081,GLU,Glucose,77,mg/dL,70,99,N,STAT,2025-09-03 07:06,2025-09-03 07:41,2025-09-03 08:37
LAB742920,ENC118154,PT10081,CREAT,Creatinine,0.65,mg/dL,0.6,1.3,N,STAT,2025-09-03 06:07,2025-09-03 06:36,2025-09-03 07:06
LAB742921,ENC118154,PT10081,WBC,White Blood Cell Count,4.9,K/uL,4.5,11,N,STAT,2025-09-03 06:29,2025-09-03 06:51,2025-09-03 07:16
LAB742922,ENC118154,PT10081,HGB,Hemoglobin,15.5,g/dL,12,17.5,N,STAT,2025-09-03 06:44,2025-09-03 07:04,2025-09-03 07:58
LAB742923,ENC118156,PT12191,GLU,Glucose,100,mg/dL,70,99,H,STAT,2025-09-03 08:24,2025-09-03 08:33,2025-09-03 09:27
LAB742924,ENC118156,PT12191,CREAT,Creatinine,0.87,mg/dL,0.6,1.3,N,Routine,2025-09-03 08:45,2025-09-03 09:12,2025-09-03 12:02
LAB742925,ENC118157,PT12499,GLU,Glucose,99,mg/dL,70,99,N,STAT,2025-09-03 10:53,2025-09-03 11:04,2025-09-03 12:00
LAB742926,ENC118157,PT12499,CREAT,Creatinine,0.88,mg/dL,0.6,1.3,N,STAT,2025-09-03 10:52,2025-09-03 11:25,2025-09-03 12:38
LAB742927,ENC118157,PT12499,WBC,White Blood Cell Count,7,K/uL,4.5,11,N,STAT,2025-09-03 11:11,2025-09-03 11:40,2025-09-03 12:45
LAB742928,ENC118157,PT12499,HGB,Hemoglobin,13.7,g/dL,12,17.5,N,Routine,2025-09-03 11:44,2025-09-03 12:17,2025-09-03 15:29
LAB742929,ENC118157,PT12499,TROP,"Troponin I, High Sensitivity",76,ng/L,0,34,H,STAT,2025-09-03 11:01,2025-09-03 11:17,2025-09-03 11:48
LAB742930,ENC118157,PT12499,BNP,B-Type Natriuretic Peptide,1415,pg/mL,0,100,H,Routine,2025-09-03 11:28,2025-09-03 11:40,2025-09-03 13:29
LAB742931,ENC118158,PT13205,GLU,Glucose,104,mg/dL,70,99,H,Routine,2025-09-03 13:12,2025-09-03 13:19,2025-09-03 14:20
LAB742932,ENC118158,PT13205,CREAT,Creatinine,0.85,mg/dL,0.6,1.3,N,STAT,2025-09-03 12:33,2025-09-03 12:37,2025-09-03 13:07
LAB742933,ENC118158,PT13205,WBC,White Blood Cell Count,3.8,K/uL,4.5,11,L,STAT,2025-09-03 12:36,2025-09-03 13:11,2025-09-03 13:35
LAB742934,ENC118158,PT13205,HGB,Hemoglobin,15.3,g/dL,12,17.5,N,Routine,2025-09-03 13:30,2025-09-03 13:48,2025-09-03 15:28
LAB742935,ENC118158,PT13205,TROP,"Troponin I, High Sensitivity",822,ng/L,0,34,H,STAT,2025-09-03 12:52,2025-09-03 13:00,2025-09-03 13:56
LAB742936,ENC118161,PT12207,WBC,White Blood Cell Count,5.8,K/uL,4.5,11,N,Routine,2025-09-03 10:21,2025-09-03 10:28,2025-09-03 11:33
LAB742937,ENC118161,PT12207,HGB,Hemoglobin,13.2,g/dL,12,17.5,N,Routine,2025-09-03 10:35,2025-09-03 10:40,2025-09-03 15:52
LAB742938,ENC118161,PT12207,PLT,Platelet Count,279,K/uL,150,400,N,Routine,2025-09-03 10:43,2025-09-03 10:51,2025-09-03 12:54
LAB742939,ENC118162,PT12049,GLU,Glucose,168,mg/dL,70,99,H,STAT,2025-09-03 11:28,2025-09-03 11:50,2025-09-03 12:39
LAB742940,ENC118162,PT12049,CREAT,Creatinine,1.39,mg/dL,0.6,1.3,H,STAT,2025-09-03 12:25,2025-09-03 12:29,2025-09-03 13:20
LAB742941,ENC118162,PT12049,WBC,White Blood Cell Count,7,K/uL,4.5,11,N,STAT,2025-09-03 11:19,2025-09-03 11:46,2025-09-03 12:10
LAB742942,ENC118162,PT12049,HGB,Hemoglobin,10.8,g/dL,12,17.5,L,Routine,2025-09-03 11:23,2025-09-03 11:38,2025-09-03 14:52
LAB742943,ENC118162,PT12049,INR,Prothrombin Time INR,1,ratio,0.8,1.2,N,STAT,2025-09-03 11:27,2025-09-03 11:38,2025-09-03 12:29
LAB742944,ENC118163,PT10075,A1C,Hemoglobin A1c,8.1,%,4,5.6,H,Routine,2025-09-03 11:45,2025-09-03 12:07,2025-09-04 05:24
LAB742945,ENC118164,PT10431,GLU,Glucose,124,mg/dL,70,99,H,Routine,2025-09-03 12:40,2025-09-03 12:53,2025-09-03 17:40
LAB742946,ENC118164,PT10431,CREAT,Creatinine,1.25,mg/dL,0.6,1.3,N,Routine,2025-09-03 12:23,2025-09-03 12:39,2025-09-03 15:15
LAB742947,ENC118164,PT10431,WBC,White Blood Cell Count,6.3,K/uL,4.5,11,N,Routine,2025-09-03 12:49,2025-09-03 13:07,2025-09-03 21:16
LAB742948,ENC118164,PT10431,HGB,Hemoglobin,13,g/dL,12,17.5,N,Routine,2025-09-03 12:42,2025-09-03 12:51,2025-09-03 15:31
LAB742949,ENC118166,PT13392,TROP,"Troponin I, High Sensitivity",13,ng/L,0,34,N,STAT,2025-09-03 13:08,2025-09-03 13:18,2025-09-03 14:20
LAB742950,ENC118167,PT11908,A1C,Hemoglobin A1c,5.3,%,4,5.6,N,Routine,2025-09-03 12:34,2025-09-03 13:00,2025-09-04 04:23
LAB742951,ENC118167,PT11908,GLU,Glucose,131,mg/dL,70,99,H,Routine,2025-09-03 12:28,2025-09-03 12:50,2025-09-03 16:14
LAB742952,ENC118167,PT11908,CREAT,Creatinine,1.07,mg/dL,0.6,1.3,N,Routine,2025-09-03 12:25,2025-09-03 12:40,2025-09-03 17:05
LAB742953,ENC118168,PT12739,GLU,Glucose,97,mg/dL,70,99,N,STAT,2025-09-03 17:08,2025-09-03 17:37,2025-09-03 18:09
LAB742954,ENC118168,PT12739,CREAT,Creatinine,6.07,mg/dL,0.6,1.3,H,Routine,2025-09-03 17:26,2025-09-03 17:54,2025-09-03 21:03
LAB742955,ENC118168,PT12739,WBC,White Blood Cell Count,6.5,K/uL,4.5,11,N,STAT,2025-09-03 16:32,2025-09-03 16:56,2025-09-03 18:03
LAB742956,ENC118168,PT12739,HGB,Hemoglobin,14.9,g/dL,12,17.5,N,Routine,2025-09-03 17:01,2025-09-03 17:16,2025-09-03 19:01
LAB742957,ENC118168,PT12739,NA,Sodium,137,mmol/L,136,145,N,STAT,2025-09-03 16:30,2025-09-03 16:57,2025-09-03 17:47
LAB742958,ENC118168,PT12739,K,Potassium,4.9,mmol/L,3.5,5.1,N,STAT,2025-09-03 17:40,2025-09-03 17:52,2025-09-03 18:34
LAB742959,ENC118169,PT13155,GLU,Glucose,167,mg/dL,70,99,H,STAT,2025-09-03 16:48,2025-09-03 16:54,2025-09-03 18:42
LAB742960,ENC118169,PT13155,CREAT,Creatinine,1.9,mg/dL,0.6,1.3,H,STAT,2025-09-03 16:52,2025-09-03 17:08,2025-09-03 17:57
LAB742961,ENC118169,PT13155,WBC,White Blood Cell Count,15.4,K/uL,4.5,11,H,STAT,2025-09-03 16:25,2025-09-03 16:57,2025-09-03 17:32
LAB742962,ENC118169,PT13155,HGB,Hemoglobin,13,g/dL,12,17.5,N,Routine,2025-09-03 16:25,2025-09-03 16:33,2025-09-03 19:11
LAB742963,ENC118169,PT13155,LACT,Lactate,3.3,mmol/L,0.5,2,H,STAT,2025-09-03 16:23,2025-09-03 16:40,2025-09-03 16:59
LAB742964,ENC118170,PT10010,WBC,White Blood Cell Count,7.4,K/uL,4.5,11,N,Routine,2025-09-03 13:52,2025-09-03 14:07,2025-09-03 15:57
LAB742965,ENC118170,PT10010,HGB,Hemoglobin,12,g/dL,12,17.5,N,Routine,2025-09-03 13:50,2025-09-03 14:21,2025-09-03 18:15
LAB742966,ENC118170,PT10010,PLT,Platelet Count,226,K/uL,150,400,N,Routine,2025-09-03 13:50,2025-09-03 14:00,2025-09-03 16:38
LAB742967,ENC118173,PT13306,GLU,Glucose,104,mg/dL,70,99,H,Routine,2025-09-03 16:43,2025-09-03 17:16,2025-09-03 19:17
LAB742968,ENC118173,PT13306,CREAT,Creatinine,1.03,mg/dL,0.6,1.3,N,Routine,2025-09-03 16:14,2025-09-03 16:22,2025-09-03 19:51
LAB742969,ENC118173,PT13306,WBC,White Blood Cell Count,10.6,K/uL,4.5,11,N,Routine,2025-09-03 17:03,2025-09-03 17:11,2025-09-03 19:48
LAB742970,ENC118173,PT13306,HGB,Hemoglobin,15.7,g/dL,12,17.5,N,STAT,2025-09-03 16:21,2025-09-03 16:47,2025-09-03 17:39
LAB742971,ENC118174,PT11037,GLU,Glucose,90,mg/dL,70,99,N,Routine,2025-09-03 18:16,2025-09-03 18:34,2025-09-03 21:22
LAB742972,ENC118174,PT11037,CREAT,Creatinine,1.61,mg/dL,0.6,1.3,H,STAT,2025-09-03 18:05,2025-09-03 18:09,2025-09-03 18:36
LAB742973,ENC118174,PT11037,WBC,White Blood Cell Count,7,K/uL,4.5,11,N,STAT,2025-09-03 18:40,2025-09-03 19:06,2025-09-03 19:42
LAB742974,ENC118174,PT11037,HGB,Hemoglobin,10.8,g/dL,12,17.5,L,Routine,2025-09-03 18:20,2025-09-03 18:54,2025-09-03 21:48
LAB742975,ENC118174,PT11037,NA,Sodium,145,mmol/L,136,145,N,STAT,2025-09-03 18:40,2025-09-03 19:02,2025-09-03 19:28
LAB742976,ENC118174,PT11037,K,Potassium,4.2,mmol/L,3.5,5.1,N,STAT,2025-09-03 17:55,2025-09-03 18:10,2025-09-03 19:01
LAB742977,ENC118174,PT11037,INR,Prothrombin Time INR,1.1,ratio,0.8,1.2,N,STAT,2025-09-03 18:15,2025-09-03 18:33,2025-09-03 19:19
LAB742978,ENC118175,PT10560,GLU,Glucose,159,mg/dL,70,99,H,STAT,2025-09-03 18:30,2025-09-03 18:43,2025-09-03 19:25
LAB742979,ENC118175,PT10560,CREAT,Creatinine,0.77,mg/dL,0.6,1.3,N,STAT,2025-09-03 18:22,2025-09-03 18:56,2025-09-03 19:56
LAB742980,ENC118175,PT10560,WBC,White Blood Cell Count,11.8,K/uL,4.5,11,H,STAT,2025-09-03 19:08,2025-09-03 19:43,2025-09-03 20:12
LAB742981,ENC118175,PT10560,HGB,Hemoglobin,14.8,g/dL,12,17.5,N,STAT,2025-09-03 18:25,2025-09-03 18:58,2025-09-03 19:45
LAB742982,ENC118175,PT10560,NA,Sodium,138,mmol/L,136,145,N,STAT,2025-09-03 18:35,2025-09-03 18:54,2025-09-03 19:55
LAB742983,ENC118175,PT10560,K,Potassium,4.6,mmol/L,3.5,5.1,N,STAT,2025-09-03 19:19,2025-09-03 19:32,2025-09-03 21:09
LAB742984,ENC118176,PT12395,LDL,LDL Cholesterol,201,mg/dL,0,99,H,Routine,2025-09-03 15:26,2025-09-03 15:48,2025-09-04 08:56
LAB742985,ENC118176,PT12395,TSH,Thyroid Stimulating Hormone,1.77,mIU/L,0.4,4,N,Routine,2025-09-03 15:13,2025-09-03 15:18,2025-09-04 06:21
LAB742986,ENC118179,PT12615,WBC,White Blood Cell Count,7.9,K/uL,4.5,11,N,Routine,2025-09-03 15:39,2025-09-03 16:07,2025-09-03 18:10
LAB742987,ENC118179,PT12615,HGB,Hemoglobin,15.1,g/dL,12,17.5,N,Routine,2025-09-03 15:36,2025-09-03 16:07,2025-09-03 17:58
LAB742988,ENC118179,PT12615,PLT,Platelet Count,250,K/uL,150,400,N,Routine,2025-09-03 15:39,2025-09-03 15:47,2025-09-03 17:41
LAB742989,ENC118180,PT10294,GLU,Glucose,134,mg/dL,70,99,H,Routine,2025-09-03 17:16,2025-09-03 17:32,2025-09-03 19:18
LAB742990,ENC118180,PT10294,CREAT,Creatinine,0.34,mg/dL,0.6,1.3,L,STAT,2025-09-03 17:00,2025-09-03 17:12,2025-09-03 18:18
LAB742991,ENC118180,PT10294,WBC,White Blood Cell Count,7.5,K/uL,4.5,11,N,STAT,2025-09-03 16:53,2025-09-03 17:01,2025-09-03 17:51
LAB742992,ENC118181,PT12929,GLU,Glucose,107,mg/dL,70,99,H,STAT,2025-09-03 16:47,2025-09-03 17:01,2025-09-03 18:03
LAB742993,ENC118181,PT12929,CREAT,Creatinine,2.81,mg/dL,0.6,1.3,H,STAT,2025-09-03 16:50,2025-09-03 17:03,2025-09-03 17:31
LAB742994,ENC118181,PT12929,WBC,White Blood Cell Count,5.6,K/uL,4.5,11,N,STAT,2025-09-03 16:30,2025-09-03 16:55,2025-09-03 17:40
LAB742995,ENC118181,PT12929,HGB,Hemoglobin,16.5,g/dL,12,17.5,N,Routine,2025-09-03 16:44,2025-09-03 17:03,2025-09-03 22:35
LAB742996,ENC118181,PT12929,NA,Sodium,139,mmol/L,136,145,N,STAT,2025-09-03 17:17,2025-09-03 17:37,2025-09-03 18:07
LAB742997,ENC118181,PT12929,K,Potassium,4.4,mmol/L,3.5,5.1,N,STAT,2025-09-03 16:55,2025-09-03 17:17,2025-09-03 17:58
LAB742998,ENC118184,PT13055,GLU,Glucose,91,mg/dL,70,99,N,Routine,2025-09-03 21:56,2025-09-03 22:31,2025-09-04 02:22
LAB742999,ENC118184,PT13055,CREAT,Creatinine,0.79,mg/dL,0.6,1.3,N,Routine,2025-09-03 21:48,2025-09-03 22:20,2025-09-04 01:36
LAB743000,ENC118184,PT13055,WBC,White Blood Cell Count,4.8,K/uL,4.5,11,N,STAT,2025-09-03 21:58,2025-09-03 22:19,2025-09-03 23:01
LAB743001,ENC118184,PT13055,HGB,Hemoglobin,14.2,g/dL,12,17.5,N,STAT,2025-09-03 21:56,2025-09-03 22:00,2025-09-03 23:05
LAB743002,ENC118184,PT13055,BUN,Blood Urea Nitrogen,8,mg/dL,7,20,N,STAT,2025-09-03 22:19,2025-09-03 22:29,2025-09-03 23:25
LAB743003,ENC118184,PT13055,PLT,Platelet Count,193,K/uL,150,400,N,STAT,2025-09-03 22:22,2025-09-03 22:31,2025-09-03 23:13
LAB743004,ENC118186,PT13555,GLU,Glucose,201,mg/dL,70,99,H,STAT,2025-09-03 23:36,2025-09-04 00:05,2025-09-04 01:16
LAB743005,ENC118186,PT13555,CREAT,Creatinine,1.13,mg/dL,0.6,1.3,N,Routine,2025-09-03 23:58,2025-09-04 00:33,2025-09-04 04:20
LAB743006,ENC118186,PT13555,WBC,White Blood Cell Count,7.5,K/uL,4.5,11,N,STAT,2025-09-04 00:27,2025-09-04 00:34,2025-09-04 01:14
LAB743007,ENC118186,PT13555,HGB,Hemoglobin,10.2,g/dL,12,17.5,L,Routine,2025-09-03 23:29,2025-09-04 00:03,2025-09-04 03:03
LAB743008,ENC118186,PT13555,LACT,Lactate,2.1,mmol/L,0.5,2,H,STAT,2025-09-03 23:42,2025-09-03 23:58,2025-09-04 00:31
LAB743009,ENC118186,PT13555,INR,Prothrombin Time INR,1,ratio,0.8,1.2,N,STAT,2025-09-03 23:54,2025-09-04 00:15,2025-09-04 00:49
LAB743010,ENC118187,PT11728,GLU,Glucose,90,mg/dL,70,99,N,STAT,2025-09-03 21:46,2025-09-03 22:09,2025-09-03 22:57
LAB743011,ENC118187,PT11728,CREAT,Creatinine,0.86,mg/dL,0.6,1.3,N,STAT,2025-09-03 21:27,2025-09-03 21:57,2025-09-03 22:43
LAB743012,ENC118188,PT11678,GLU,Glucose,169,mg/dL,70,99,H,Routine,2025-09-04 04:26,2025-09-04 04:45,2025-09-04 06:11
LAB743013,ENC118188,PT11678,CREAT,Creatinine,4.55,mg/dL,0.6,1.3,H,Routine,2025-09-04 04:18,2025-09-04 04:22,2025-09-04 11:16
LAB743014,ENC118188,PT11678,WBC,White Blood Cell Count,5,K/uL,4.5,11,N,STAT,2025-09-04 04:28,2025-09-04 04:57,2025-09-04 05:24
LAB743015,ENC118188,PT11678,HGB,Hemoglobin,10.5,g/dL,12,17.5,L,Routine,2025-09-04 03:50,2025-09-04 03:58,2025-09-04 06:35
LAB743016,ENC118188,PT11678,NA,Sodium,141,mmol/L,136,145,N,Routine,2025-09-04 03:42,2025-09-04 04:03,2025-09-04 06:04
LAB743017,ENC118188,PT11678,K,Potassium,5.2,mmol/L,3.5,5.1,H,STAT,2025-09-04 04:31,2025-09-04 04:48,2025-09-04 05:25
LAB743018,ENC118189,PT12741,GLU,Glucose,109,mg/dL,70,99,H,STAT,2025-09-04 03:45,2025-09-04 04:01,2025-09-04 04:23
LAB743019,ENC118189,PT12741,CREAT,Creatinine,1.09,mg/dL,0.6,1.3,N,Routine,2025-09-04 04:04,2025-09-04 04:25,2025-09-04 08:22
LAB743020,ENC118189,PT12741,WBC,White Blood Cell Count,7.6,K/uL,4.5,11,N,STAT,2025-09-04 03:32,2025-09-04 04:07,2025-09-04 04:38
LAB743021,ENC118189,PT12741,HGB,Hemoglobin,13.5,g/dL,12,17.5,N,STAT,2025-09-04 03:30,2025-09-04 03:39,2025-09-04 04:39
LAB743022,ENC118189,PT12741,TROP,"Troponin I, High Sensitivity",4827,ng/L,0,34,H,STAT,2025-09-04 03:42,2025-09-04 04:14,2025-09-04 04:51
LAB743023,ENC118190,PT12164,GLU,Glucose,108,mg/dL,70,99,H,Routine,2025-09-04 04:23,2025-09-04 04:41,2025-09-04 12:35
LAB743024,ENC118190,PT12164,CREAT,Creatinine,0.98,mg/dL,0.6,1.3,N,STAT,2025-09-04 04:05,2025-09-04 04:28,2025-09-04 05:33
LAB743025,ENC118191,PT13856,GLU,Glucose,85,mg/dL,70,99,N,STAT,2025-09-04 07:53,2025-09-04 08:08,2025-09-04 09:03
LAB743026,ENC118191,PT13856,CREAT,Creatinine,0.79,mg/dL,0.6,1.3,N,Routine,2025-09-04 08:28,2025-09-04 08:41,2025-09-04 10:28
LAB743027,ENC118191,PT13856,WBC,White Blood Cell Count,13.3,K/uL,4.5,11,H,STAT,2025-09-04 08:27,2025-09-04 08:35,2025-09-04 09:20
LAB743028,ENC118191,PT13856,HGB,Hemoglobin,10.5,g/dL,12,17.5,L,STAT,2025-09-04 08:30,2025-09-04 08:59,2025-09-04 10:10
LAB743029,ENC118193,PT11753,GLU,Glucose,90,mg/dL,70,99,N,STAT,2025-09-04 11:05,2025-09-04 11:32,2025-09-04 12:07
LAB743030,ENC118193,PT11753,CREAT,Creatinine,0.79,mg/dL,0.6,1.3,N,Routine,2025-09-04 11:14,2025-09-04 11:40,2025-09-04 13:28
LAB743031,ENC118193,PT11753,WBC,White Blood Cell Count,6.6,K/uL,4.5,11,N,Routine,2025-09-04 11:01,2025-09-04 11:34,2025-09-04 17:46
LAB743032,ENC118193,PT11753,HGB,Hemoglobin,13.2,g/dL,12,17.5,N,STAT,2025-09-04 11:03,2025-09-04 11:36,2025-09-04 11:54
LAB743033,ENC118193,PT11753,NA,Sodium,140,mmol/L,136,145,N,STAT,2025-09-04 11:58,2025-09-04 12:02,2025-09-04 12:32
LAB743034,ENC118193,PT11753,K,Potassium,4.1,mmol/L,3.5,5.1,N,STAT,2025-09-04 11:57,2025-09-04 12:32,2025-09-04 13:07
LAB743035,ENC118193,PT11753,TROP,"Troponin I, High Sensitivity",10,ng/L,0,34,N,STAT,2025-09-04 11:08,2025-09-04 11:38,2025-09-04 13:07
LAB743036,ENC118193,PT11753,BNP,B-Type Natriuretic Peptide,460,pg/mL,0,100,H,STAT,2025-09-04 11:19,2025-09-04 11:30,2025-09-04 12:39
LAB743037,ENC118195,PT11719,WBC,White Blood Cell Count,9.8,K/uL,4.5,11,N,Routine,2025-09-04 09:02,2025-09-04 09:10,2025-09-04 12:13
LAB743038,ENC118195,PT11719,HGB,Hemoglobin,14.5,g/dL,12,17.5,N,Routine,2025-09-04 09:02,2025-09-04 09:23,2025-09-04 10:24
LAB743039,ENC118195,PT11719,PLT,Platelet Count,431,K/uL,150,400,H,Routine,2025-09-04 09:06,2025-09-04 09:10,2025-09-04 11:59
LAB743040,ENC118196,PT10284,LDL,LDL Cholesterol,186,mg/dL,0,99,H,Routine,2025-09-04 09:50,2025-09-04 10:02,2025-09-05 15:32
LAB743041,ENC118196,PT10284,A1C,Hemoglobin A1c,6.8,%,4,5.6,H,Routine,2025-09-04 09:53,2025-09-04 10:22,2025-09-05 12:04
LAB743042,ENC118197,PT10295,GLU,Glucose,169,mg/dL,70,99,H,Routine,2025-09-04 12:37,2025-09-04 13:07,2025-09-04 20:02
LAB743043,ENC118197,PT10295,CREAT,Creatinine,0.69,mg/dL,0.6,1.3,N,Routine,2025-09-04 12:20,2025-09-04 12:36,2025-09-04 16:22
LAB743044,ENC118197,PT10295,WBC,White Blood Cell Count,8.5,K/uL,4.5,11,N,STAT,2025-09-04 13:24,2025-09-04 13:34,2025-09-04 14:11
LAB743045,ENC118197,PT10295,HGB,Hemoglobin,13.2,g/dL,12,17.5,N,STAT,2025-09-04 12:52,2025-09-04 13:00,2025-09-04 13:44
LAB743046,ENC118197,PT10295,LACT,Lactate,2.6,mmol/L,0.5,2,H,STAT,2025-09-04 12:29,2025-09-04 12:59,2025-09-04 13:30
LAB743047,ENC118198,PT11977,GLU,Glucose,276,mg/dL,70,99,H,STAT,2025-09-04 15:02,2025-09-04 15:21,2025-09-04 16:03
LAB743048,ENC118198,PT11977,CREAT,Creatinine,0.9,mg/dL,0.6,1.3,N,Routine,2025-09-04 15:20,2025-09-04 15:32,2025-09-04 19:01
LAB743049,ENC118198,PT11977,WBC,White Blood Cell Count,8,K/uL,4.5,11,N,STAT,2025-09-04 15:18,2025-09-04 15:24,2025-09-04 16:14
LAB743050,ENC118198,PT11977,HGB,Hemoglobin,13.8,g/dL,12,17.5,N,Routine,2025-09-04 14:35,2025-09-04 14:56,2025-09-04 17:29
LAB743051,ENC118199,PT13276,GLU,Glucose,160,mg/dL,70,99,H,Routine,2025-09-04 11:16,2025-09-04 11:25,2025-09-04 14:10
LAB743052,ENC118199,PT13276,CREAT,Creatinine,0.5,mg/dL,0.6,1.3,L,STAT,2025-09-04 11:20,2025-09-04 11:32,2025-09-04 12:23
LAB743053,ENC118199,PT13276,WBC,White Blood Cell Count,23.3,K/uL,4.5,11,H,STAT,2025-09-04 10:56,2025-09-04 11:25,2025-09-04 11:50
LAB743054,ENC118199,PT13276,HGB,Hemoglobin,14.3,g/dL,12,17.5,N,STAT,2025-09-04 11:01,2025-09-04 11:35,2025-09-04 12:06
LAB743055,ENC118199,PT13276,LACT,Lactate,3.7,mmol/L,0.5,2,H,STAT,2025-09-04 11:53,2025-09-04 12:28,2025-09-04 13:05
LAB743056,ENC118200,PT10374,LDL,LDL Cholesterol,91,mg/dL,0,99,N,Routine,2025-09-04 11:10,2025-09-04 11:38,2025-09-04 20:32
LAB743057,ENC118201,PT12081,GLU,Glucose,85,mg/dL,70,99,N,STAT,2025-09-04 14:25,2025-09-04 14:46,2025-09-04 15:13
LAB743058,ENC118201,PT12081,CREAT,Creatinine,1.58,mg/dL,0.6,1.3,H,STAT,2025-09-04 14:59,2025-09-04 15:10,2025-09-04 16:01
LAB743059,ENC118201,PT12081,WBC,White Blood Cell Count,8.7,K/uL,4.5,11,N,Routine,2025-09-04 14:01,2025-09-04 14:18,2025-09-04 18:54
LAB743060,ENC118201,PT12081,HGB,Hemoglobin,11,g/dL,12,17.5,L,Routine,2025-09-04 14:29,2025-09-04 15:03,2025-09-04 17:08
LAB743061,ENC118201,PT12081,INR,Prothrombin Time INR,1,ratio,0.8,1.2,N,Routine,2025-09-04 13:57,2025-09-04 14:21,2025-09-04 17:14
LAB743062,ENC118202,PT13497,GLU,Glucose,91,mg/dL,70,99,N,STAT,2025-09-04 12:34,2025-09-04 12:46,2025-09-04 13:44
LAB743063,ENC118202,PT13497,CREAT,Creatinine,0.92,mg/dL,0.6,1.3,N,STAT,2025-09-04 12:19,2025-09-04 12:44,2025-09-04 14:04
LAB743064,ENC118202,PT13497,WBC,White Blood Cell Count,6.1,K/uL,4.5,11,N,Routine,2025-09-04 12:28,2025-09-04 12:44,2025-09-04 15:55
LAB743065,ENC118203,PT12424,GLU,Glucose,109,mg/dL,70,99,H,STAT,2025-09-04 14:46,2025-09-04 15:03,2025-09-04 16:05
LAB743066,ENC118203,PT12424,CREAT,Creatinine,0.36,mg/dL,0.6,1.3,L,Routine,2025-09-04 14:45,2025-09-04 14:53,2025-09-04 18:26
LAB743067,ENC118203,PT12424,WBC,White Blood Cell Count,16.2,K/uL,4.5,11,H,STAT,2025-09-04 14:25,2025-09-04 14:52,2025-09-04 15:38
LAB743068,ENC118203,PT12424,HGB,Hemoglobin,11.4,g/dL,12,17.5,L,STAT,2025-09-04 14:46,2025-09-04 14:54,2025-09-04 15:30
LAB743069,ENC118203,PT12424,NA,Sodium,142,mmol/L,136,145,N,Routine,2025-09-04 15:04,2025-09-04 15:12,2025-09-04 19:41
LAB743070,ENC118203,PT12424,K,Potassium,3.8,mmol/L,3.5,5.1,N,STAT,2025-09-04 14:11,2025-09-04 14:43,2025-09-04 15:31
LAB743071,ENC118205,PT13670,GLU,Glucose,57,mg/dL,70,99,L,Routine,2025-09-04 18:21,2025-09-04 18:46,2025-09-04 21:43
LAB743072,ENC118205,PT13670,CREAT,Creatinine,0.47,mg/dL,0.6,1.3,L,Routine,2025-09-04 18:33,2025-09-04 19:01,2025-09-04 21:10
LAB743073,ENC118205,PT13670,WBC,White Blood Cell Count,12.9,K/uL,4.5,11,H,Routine,2025-09-04 17:36,2025-09-04 17:50,2025-09-04 22:16
LAB743074,ENC118205,PT13670,HGB,Hemoglobin,16.3,g/dL,12,17.5,N,STAT,2025-09-04 17:58,2025-09-04 18:11,2025-09-04 19:08
LAB743075,ENC118207,PT13785,GLU,Glucose,113,mg/dL,70,99,H,STAT,2025-09-04 18:56,2025-09-04 19:09,2025-09-04 19:47
LAB743076,ENC118207,PT13785,CREAT,Creatinine,0.96,mg/dL,0.6,1.3,N,STAT,2025-09-04 18:34,2025-09-04 18:59,2025-09-04 20:19
LAB743077,ENC118207,PT13785,WBC,White Blood Cell Count,8.2,K/uL,4.5,11,N,STAT,2025-09-04 19:17,2025-09-04 19:48,2025-09-04 20:31
LAB743078,ENC118207,PT13785,HGB,Hemoglobin,16.7,g/dL,12,17.5,N,STAT,2025-09-04 19:09,2025-09-04 19:33,2025-09-04 20:24
LAB743079,ENC118207,PT13785,TROP,"Troponin I, High Sensitivity",69,ng/L,0,34,H,STAT,2025-09-04 19:09,2025-09-04 19:17,2025-09-04 20:46
LAB743080,ENC118207,PT13785,BNP,B-Type Natriuretic Peptide,1155,pg/mL,0,100,H,STAT,2025-09-04 18:52,2025-09-04 19:01,2025-09-04 20:06
LAB743081,ENC118212,PT10453,GLU,Glucose,107,mg/dL,70,99,H,Routine,2025-09-04 15:34,2025-09-04 15:50,2025-09-04 17:05
LAB743082,ENC118212,PT10453,CREAT,Creatinine,1.11,mg/dL,0.6,1.3,N,STAT,2025-09-04 16:27,2025-09-04 16:49,2025-09-04 17:13
LAB743083,ENC118212,PT10453,WBC,White Blood Cell Count,15.1,K/uL,4.5,11,H,Routine,2025-09-04 15:55,2025-09-04 16:24,2025-09-04 19:28
LAB743084,ENC118212,PT10453,HGB,Hemoglobin,12.9,g/dL,12,17.5,N,Routine,2025-09-04 16:22,2025-09-04 16:41,2025-09-04 19:55
LAB743085,ENC118212,PT10453,NA,Sodium,139,mmol/L,136,145,N,STAT,2025-09-04 16:23,2025-09-04 16:46,2025-09-04 18:05
LAB743086,ENC118212,PT10453,K,Potassium,4.1,mmol/L,3.5,5.1,N,STAT,2025-09-04 15:50,2025-09-04 15:59,2025-09-04 16:36
LAB743087,ENC118212,PT10453,BUN,Blood Urea Nitrogen,18,mg/dL,7,20,N,STAT,2025-09-04 15:58,2025-09-04 16:31,2025-09-04 16:55
LAB743088,ENC118212,PT10453,PLT,Platelet Count,220,K/uL,150,400,N,STAT,2025-09-04 16:00,2025-09-04 16:33,2025-09-04 17:31
LAB743089,ENC118214,PT11325,GLU,Glucose,104,mg/dL,70,99,H,STAT,2025-09-04 16:40,2025-09-04 16:46,2025-09-04 18:40
LAB743090,ENC118214,PT11325,CREAT,Creatinine,0.91,mg/dL,0.6,1.3,N,Routine,2025-09-04 16:41,2025-09-04 16:53,2025-09-04 18:02
LAB743091,ENC118217,PT10935,GLU,Glucose,76,mg/dL,70,99,N,Routine,2025-09-04 20:21,2025-09-04 20:29,2025-09-04 22:09
LAB743092,ENC118217,PT10935,CREAT,Creatinine,0.92,mg/dL,0.6,1.3,N,STAT,2025-09-04 20:37,2025-09-04 20:52,2025-09-04 21:39
LAB743093,ENC118217,PT10935,WBC,White Blood Cell Count,7.5,K/uL,4.5,11,N,Routine,2025-09-04 19:38,2025-09-04 19:45,2025-09-04 23:25
LAB743094,ENC118217,PT10935,HGB,Hemoglobin,12.9,g/dL,12,17.5,N,STAT,2025-09-04 20:33,2025-09-04 21:00,2025-09-04 22:04
LAB743095,ENC118218,PT12379,GLU,Glucose,131,mg/dL,70,99,H,STAT,2025-09-04 20:55,2025-09-04 21:00,2025-09-04 21:59
LAB743096,ENC118218,PT12379,CREAT,Creatinine,1.01,mg/dL,0.6,1.3,N,STAT,2025-09-04 20:45,2025-09-04 21:08,2025-09-04 22:17
LAB743097,ENC118219,PT10944,GLU,Glucose,84,mg/dL,70,99,N,STAT,2025-09-04 21:36,2025-09-04 22:03,2025-09-04 23:17
LAB743098,ENC118219,PT10944,CREAT,Creatinine,0.53,mg/dL,0.6,1.3,L,STAT,2025-09-04 21:50,2025-09-04 21:58,2025-09-04 22:44
LAB743099,ENC118220,PT10452,GLU,Glucose,140,mg/dL,70,99,H,Routine,2025-09-04 21:47,2025-09-04 22:04,2025-09-04 23:38
LAB743100,ENC118220,PT10452,CREAT,Creatinine,2.37,mg/dL,0.6,1.3,H,STAT,2025-09-04 22:04,2025-09-04 22:36,2025-09-04 23:00
LAB743101,ENC118221,PT13271,GLU,Glucose,86,mg/dL,70,99,N,STAT,2025-09-05 05:48,2025-09-05 06:18,2025-09-05 07:29
LAB743102,ENC118221,PT13271,CREAT,Creatinine,0.81,mg/dL,0.6,1.3,N,Routine,2025-09-05 05:19,2025-09-05 05:46,2025-09-05 08:47
LAB743103,ENC118221,PT13271,WBC,White Blood Cell Count,7.2,K/uL,4.5,11,N,STAT,2025-09-05 06:00,2025-09-05 06:32,2025-09-05 07:26
LAB743104,ENC118221,PT13271,INR,Prothrombin Time INR,1,ratio,0.8,1.2,N,STAT,2025-09-05 05:55,2025-09-05 05:59,2025-09-05 06:52
LAB743105,ENC118222,PT12585,LDL,LDL Cholesterol,179,mg/dL,0,99,H,Routine,2025-09-05 08:23,2025-09-05 08:52,2025-09-06 00:23
LAB743106,ENC118222,PT12585,A1C,Hemoglobin A1c,5.1,%,4,5.6,N,Routine,2025-09-05 08:26,2025-09-05 08:43,2025-09-05 12:42
LAB743107,ENC118223,PT10653,A1C,Hemoglobin A1c,6.2,%,4,5.6,H,Routine,2025-09-05 09:00,2025-09-05 09:09,2025-09-05 23:13
LAB743108,ENC118223,PT10653,GLU,Glucose,232,mg/dL,70,99,H,Routine,2025-09-05 08:39,2025-09-05 08:47,2025-09-05 09:42
LAB743109,ENC118223,PT10653,CREAT,Creatinine,0.98,mg/dL,0.6,1.3,N,Routine,2025-09-05 08:57,2025-09-05 09:09,2025-09-05 10:18
LAB743110,ENC118224,PT10547,WBC,White Blood Cell Count,8.7,K/uL,4.5,11,N,Routine,2025-09-05 09:27,2025-09-05 09:40,2025-09-05 13:00
LAB743111,ENC118224,PT10547,HGB,Hemoglobin,12.5,g/dL,12,17.5,N,Routine,2025-09-05 09:25,2025-09-05 09:37,2025-09-05 11:00
LAB743112,ENC118224,PT10547,PLT,Platelet Count,342,K/uL,150,400,N,Routine,2025-09-05 09:28,2025-09-05 09:48,2025-09-05 14:42
LAB743113,ENC118226,PT10195,LDL,LDL Cholesterol,181,mg/dL,0,99,H,Routine,2025-09-05 10:09,2025-09-05 10:16,2025-09-05 17:11
LAB743114,ENC118226,PT10195,A1C,Hemoglobin A1c,5.5,%,4,5.6,N,Routine,2025-09-05 10:08,2025-09-05 10:25,2025-09-05 20:27
LAB743115,ENC118227,PT13571,GLU,Glucose,85,mg/dL,70,99,N,STAT,2025-09-05 10:05,2025-09-05 10:30,2025-09-05 11:45
LAB743116,ENC118227,PT13571,CREAT,Creatinine,0.85,mg/dL,0.6,1.3,N,STAT,2025-09-05 10:08,2025-09-05 10:23,2025-09-05 11:02
LAB743117,ENC118227,PT13571,WBC,White Blood Cell Count,5.3,K/uL,4.5,11,N,Routine,2025-09-05 10:40,2025-09-05 10:44,2025-09-05 12:10
LAB743118,ENC118227,PT13571,HGB,Hemoglobin,15.7,g/dL,12,17.5,N,Routine,2025-09-05 10:35,2025-09-05 10:44,2025-09-05 12:52
LAB743119,ENC118229,PT13344,GLU,Glucose,27,mg/dL,70,99,LL,STAT,2025-09-05 11:04,2025-09-05 11:14,2025-09-05 11:52
LAB743120,ENC118229,PT13344,CREAT,Creatinine,1.12,mg/dL,0.6,1.3,N,Routine,2025-09-05 11:25,2025-09-05 12:00,2025-09-05 14:32
LAB743121,ENC118229,PT13344,WBC,White Blood Cell Count,8.2,K/uL,4.5,11,N,STAT,2025-09-05 10:53,2025-09-05 11:05,2025-09-05 11:48
LAB743122,ENC118234,PT11565,GLU,Glucose,103,mg/dL,70,99,H,Routine,2025-09-05 14:00,2025-09-05 14:11,2025-09-05 16:43
LAB743123,ENC118234,PT11565,CREAT,Creatinine,0.69,mg/dL,0.6,1.3,N,STAT,2025-09-05 14:57,2025-09-05 15:08,2025-09-05 15:53
LAB743124,ENC118234,PT11565,WBC,White Blood Cell Count,8.1,K/uL,4.5,11,N,Routine,2025-09-05 14:20,2025-09-05 14:24,2025-09-05 19:38
LAB743125,ENC118234,PT11565,HGB,Hemoglobin,12.5,g/dL,12,17.5,N,Routine,2025-09-05 14:01,2025-09-05 14:29,2025-09-05 18:24
LAB743126,ENC118235,PT10622,GLU,Glucose,93,mg/dL,70,99,N,Routine,2025-09-05 12:04,2025-09-05 12:11,2025-09-05 14:09
LAB743127,ENC118235,PT10622,CREAT,Creatinine,1.36,mg/dL,0.6,1.3,H,STAT,2025-09-05 12:52,2025-09-05 13:26,2025-09-05 14:23
LAB743128,ENC118235,PT10622,WBC,White Blood Cell Count,6.9,K/uL,4.5,11,N,STAT,2025-09-05 12:07,2025-09-05 12:18,2025-09-05 13:18
LAB743129,ENC118235,PT10622,HGB,Hemoglobin,12.8,g/dL,12,17.5,N,Routine,2025-09-05 13:09,2025-09-05 13:32,2025-09-05 16:32
LAB743130,ENC118235,PT10622,BUN,Blood Urea Nitrogen,14,mg/dL,7,20,N,Routine,2025-09-05 12:08,2025-09-05 12:14,2025-09-05 14:17
LAB743131,ENC118235,PT10622,PLT,Platelet Count,301,K/uL,150,400,N,STAT,2025-09-05 12:51,2025-09-05 13:03,2025-09-05 13:40
LAB743132,ENC118237,PT13610,GLU,Glucose,91,mg/dL,70,99,N,STAT,2025-09-05 12:52,2025-09-05 13:10,2025-09-05 14:48
LAB743133,ENC118237,PT13610,CREAT,Creatinine,0.93,mg/dL,0.6,1.3,N,STAT,2025-09-05 12:47,2025-09-05 13:16,2025-09-05 14:02
LAB743134,ENC118237,PT13610,WBC,White Blood Cell Count,7.5,K/uL,4.5,11,N,STAT,2025-09-05 12:55,2025-09-05 13:23,2025-09-05 13:40
LAB743135,ENC118237,PT13610,HGB,Hemoglobin,9,g/dL,12,17.5,L,STAT,2025-09-05 13:09,2025-09-05 13:24,2025-09-05 13:59
LAB743136,ENC118237,PT13610,LACT,Lactate,3,mmol/L,0.5,2,H,STAT,2025-09-05 12:38,2025-09-05 13:03,2025-09-05 13:36
LAB743137,ENC118237,PT13610,INR,Prothrombin Time INR,1,ratio,0.8,1.2,N,STAT,2025-09-05 12:47,2025-09-05 12:58,2025-09-05 13:53
LAB743138,ENC118239,PT10245,LDL,LDL Cholesterol,156,mg/dL,0,99,H,Routine,2025-09-05 13:06,2025-09-05 13:35,2025-09-05 17:44
LAB743139,ENC118242,PT12736,WBC,White Blood Cell Count,7.4,K/uL,4.5,11,N,Routine,2025-09-05 14:45,2025-09-05 15:07,2025-09-05 16:43
LAB743140,ENC118242,PT12736,HGB,Hemoglobin,15.8,g/dL,12,17.5,N,Routine,2025-09-05 14:46,2025-09-05 15:01,2025-09-05 17:38
LAB743141,ENC118242,PT12736,PLT,Platelet Count,264,K/uL,150,400,N,Routine,2025-09-05 14:43,2025-09-05 15:00,2025-09-05 19:00
LAB743142,ENC118243,PT12963,A1C,Hemoglobin A1c,9.1,%,4,5.6,H,Routine,2025-09-05 14:52,2025-09-05 14:56,2025-09-06 14:16
LAB743143,ENC118246,PT11916,GLU,Glucose,138,mg/dL,70,99,H,Routine,2025-09-05 18:03,2025-09-05 18:25,2025-09-05 23:16
LAB743144,ENC118246,PT11916,CREAT,Creatinine,1.07,mg/dL,0.6,1.3,N,STAT,2025-09-05 18:03,2025-09-05 18:08,2025-09-05 18:55
LAB743145,ENC118246,PT11916,WBC,White Blood Cell Count,18,K/uL,4.5,11,H,STAT,2025-09-05 17:47,2025-09-05 18:18,2025-09-05 19:21
LAB743146,ENC118247,PT13709,GLU,Glucose,104,mg/dL,70,99,H,Routine,2025-09-05 20:46,2025-09-05 21:04,2025-09-06 02:43
LAB743147,ENC118247,PT13709,CREAT,Creatinine,1,mg/dL,0.6,1.3,N,Routine,2025-09-05 21:30,2025-09-05 21:57,2025-09-06 00:31
LAB743148,ENC118247,PT13709,WBC,White Blood Cell Count,7.2,K/uL,4.5,11,N,STAT,2025-09-05 20:47,2025-09-05 20:59,2025-09-05 22:15
LAB743149,ENC118247,PT13709,HGB,Hemoglobin,14.3,g/dL,12,17.5,N,STAT,2025-09-05 20:40,2025-09-05 21:07,2025-09-05 22:17
LAB743150,ENC118248,PT13994,GLU,Glucose,82,mg/dL,70,99,N,STAT,2025-09-05 19:40,2025-09-05 20:07,2025-09-05 20:57
LAB743151,ENC118248,PT13994,CREAT,Creatinine,0.76,mg/dL,0.6,1.3,N,STAT,2025-09-05 19:18,2025-09-05 19:51,2025-09-05 21:26
LAB743152,ENC118248,PT13994,WBC,White Blood Cell Count,6.9,K/uL,4.5,11,N,Routine,2025-09-05 18:39,2025-09-05 19:09,2025-09-05 22:00
LAB743153,ENC118248,PT13994,HGB,Hemoglobin,6,g/dL,12,17.5,LL,STAT,2025-09-05 19:29,2025-09-05 19:40,2025-09-05 20:26
LAB743154,ENC118248,PT13994,BUN,Blood Urea Nitrogen,6,mg/dL,7,20,L,STAT,2025-09-05 18:46,2025-09-05 18:58,2025-09-05 20:05
LAB743155,ENC118248,PT13994,PLT,Platelet Count,269,K/uL,150,400,N,Routine,2025-09-05 18:54,2025-09-05 19:16,2025-09-05 23:09
LAB743156,ENC118248,PT13994,LACT,Lactate,2.4,mmol/L,0.5,2,H,STAT,2025-09-05 19:32,2025-09-05 20:01,2025-09-05 21:04
LAB743157,ENC118248,PT13994,INR,Prothrombin Time INR,1,ratio,0.8,1.2,N,STAT,2025-09-05 18:39,2025-09-05 19:05,2025-09-05 20:03
LAB743158,ENC118249,PT12270,GLU,Glucose,100,mg/dL,70,99,H,STAT,2025-09-05 22:16,2025-09-05 22:24,2025-09-05 23:08
LAB743159,ENC118249,PT12270,CREAT,Creatinine,0.96,mg/dL,0.6,1.3,N,Routine,2025-09-05 21:17,2025-09-05 21:42,2025-09-06 03:02
LAB743160,ENC118249,PT12270,WBC,White Blood Cell Count,10.8,K/uL,4.5,11,N,Routine,2025-09-05 21:25,2025-09-05 21:32,2025-09-05 23:14
LAB743161,ENC118249,PT12270,HGB,Hemoglobin,12.6,g/dL,12,17.5,N,STAT,2025-09-05 22:09,2025-09-05 22:44,2025-09-05 23:18
LAB743162,ENC118250,PT13664,GLU,Glucose,120,mg/dL,70,99,H,STAT,2025-09-05 20:41,2025-09-05 20:53,2025-09-05 21:34
LAB743163,ENC118250,PT13664,CREAT,Creatinine,0.73,mg/dL,0.6,1.3,N,Routine,2025-09-05 20:23,2025-09-05 20:44,2025-09-05 22:50
LAB743164,ENC118250,PT13664,WBC,White Blood Cell Count,9.5,K/uL,4.5,11,N,STAT,2025-09-05 20:22,2025-09-05 20:29,2025-09-05 21:42
LAB743165,ENC118250,PT13664,HGB,Hemoglobin,15.2,g/dL,12,17.5,N,STAT,2025-09-05 20:21,2025-09-05 20:41,2025-09-05 21:31
LAB743166,ENC118251,PT11713,GLU,Glucose,118,mg/dL,70,99,H,Routine,2025-09-05 23:42,2025-09-05 23:54,2025-09-06 02:30
LAB743167,ENC118251,PT11713,CREAT,Creatinine,0.83,mg/dL,0.6,1.3,N,STAT,2025-09-05 23:40,2025-09-05 23:48,2025-09-06 01:29
LAB743168,ENC118251,PT11713,WBC,White Blood Cell Count,6.5,K/uL,4.5,11,N,Routine,2025-09-05 23:48,2025-09-06 00:12,2025-09-06 02:06
LAB743169,ENC118251,PT11713,HGB,Hemoglobin,9.5,g/dL,12,17.5,L,STAT,2025-09-06 00:32,2025-09-06 00:42,2025-09-06 01:41
LAB743170,ENC118251,PT11713,NA,Sodium,128,mmol/L,136,145,L,STAT,2025-09-05 23:41,2025-09-06 00:03,2025-09-06 00:37
LAB743171,ENC118251,PT11713,K,Potassium,4.8,mmol/L,3.5,5.1,N,STAT,2025-09-06 00:21,2025-09-06 00:29,2025-09-06 02:40
LAB743172,ENC118252,PT13879,GLU,Glucose,247,mg/dL,70,99,H,STAT,2025-09-06 01:27,2025-09-06 01:45,2025-09-06 02:41
LAB743173,ENC118252,PT13879,CREAT,Creatinine,1.64,mg/dL,0.6,1.3,H,Routine,2025-09-06 01:48,2025-09-06 02:08,2025-09-06 04:48
LAB743174,ENC118252,PT13879,WBC,White Blood Cell Count,18.2,K/uL,4.5,11,H,Routine,2025-09-06 02:09,2025-09-06 02:13,2025-09-06 03:08
LAB743175,ENC118252,PT13879,HGB,Hemoglobin,12,g/dL,12,17.5,N,STAT,2025-09-06 01:43,2025-09-06 02:14,2025-09-06 02:47
LAB743176,ENC118252,PT13879,NA,Sodium,138,mmol/L,136,145,N,STAT,2025-09-06 01:10,2025-09-06 01:29,2025-09-06 02:10
LAB743177,ENC118252,PT13879,K,Potassium,4.6,mmol/L,3.5,5.1,N,STAT,2025-09-06 01:25,2025-09-06 01:47,2025-09-06 02:26
LAB743178,ENC118252,PT13879,BUN,Blood Urea Nitrogen,8,mg/dL,7,20,N,Routine,2025-09-06 01:10,2025-09-06 01:25,2025-09-06 04:00
LAB743179,ENC118252,PT13879,PLT,Platelet Count,313,K/uL,150,400,N,STAT,2025-09-06 01:32,2025-09-06 01:58,2025-09-06 02:37
LAB743180,ENC118252,PT13879,LACT,Lactate,3.8,mmol/L,0.5,2,H,STAT,2025-09-06 01:13,2025-09-06 01:25,2025-09-06 02:53
LAB743181,ENC118253,PT10101,GLU,Glucose,99,mg/dL,70,99,N,Routine,2025-09-06 02:41,2025-09-06 02:58,2025-09-06 04:26
LAB743182,ENC118253,PT10101,CREAT,Creatinine,1.31,mg/dL,0.6,1.3,H,Routine,2025-09-06 02:49,2025-09-06 02:54,2025-09-06 04:05
LAB743183,ENC118253,PT10101,WBC,White Blood Cell Count,7.9,K/uL,4.5,11,N,Routine,2025-09-06 02:49,2025-09-06 03:23,2025-09-06 08:46
LAB743184,ENC118253,PT10101,HGB,Hemoglobin,13.3,g/dL,12,17.5,N,Routine,2025-09-06 03:10,2025-09-06 03:34,2025-09-06 07:49
LAB743185,ENC118253,PT10101,NA,Sodium,140,mmol/L,136,145,N,Routine,2025-09-06 02:35,2025-09-06 03:02,2025-09-06 10:29
LAB743186,ENC118253,PT10101,K,Potassium,3.4,mmol/L,3.5,5.1,L,STAT,2025-09-06 02:08,2025-09-06 02:39,2025-09-06 03:20
LAB743187,ENC118254,PT13675,GLU,Glucose,122,mg/dL,70,99,H,STAT,2025-09-06 02:52,2025-09-06 03:02,2025-09-06 03:48
LAB743188,ENC118254,PT13675,CREAT,Creatinine,1.09,mg/dL,0.6,1.3,N,STAT,2025-09-06 02:35,2025-09-06 02:41,2025-09-06 04:14
LAB743189,ENC118254,PT13675,WBC,White Blood Cell Count,15.5,K/uL,4.5,11,H,Routine,2025-09-06 02:12,2025-09-06 02:47,2025-09-06 05:19
LAB743190,ENC118254,PT13675,HGB,Hemoglobin,15.9,g/dL,12,17.5,N,Routine,2025-09-06 02:52,2025-09-06 03:09,2025-09-06 09:55
LAB743191,ENC118255,PT11024,GLU,Glucose,97,mg/dL,70,99,N,STAT,2025-09-06 04:31,2025-09-06 04:45,2025-09-06 05:39
LAB743192,ENC118255,PT11024,CREAT,Creatinine,2.05,mg/dL,0.6,1.3,H,Routine,2025-09-06 04:18,2025-09-06 04:35,2025-09-06 09:45
LAB743193,ENC118255,PT11024,WBC,White Blood Cell Count,9,K/uL,4.5,11,N,STAT,2025-09-06 03:44,2025-09-06 03:50,2025-09-06 04:52
LAB743194,ENC118255,PT11024,HGB,Hemoglobin,10.7,g/dL,12,17.5,L,Routine,2025-09-06 04:24,2025-09-06 04:57,2025-09-06 06:47
LAB743195,ENC118256,PT10568,GLU,Glucose,65,mg/dL,70,99,L,Routine,2025-09-06 11:27,2025-09-06 11:48,2025-09-06 12:47
LAB743196,ENC118256,PT10568,CREAT,Creatinine,0.78,mg/dL,0.6,1.3,N,Routine,2025-09-06 11:03,2025-09-06 11:10,2025-09-06 17:10
LAB743197,ENC118256,PT10568,WBC,White Blood Cell Count,7.2,K/uL,4.5,11,N,Routine,2025-09-06 11:22,2025-09-06 11:30,2025-09-06 15:07
LAB743198,ENC118256,PT10568,TROP,"Troponin I, High Sensitivity",10,ng/L,0,34,N,STAT,2025-09-06 11:02,2025-09-06 11:32,2025-09-06 12:06
LAB743199,ENC118257,PT12715,GLU,Glucose,90,mg/dL,70,99,N,STAT,2025-09-06 12:43,2025-09-06 12:51,2025-09-06 13:52
LAB743200,ENC118257,PT12715,CREAT,Creatinine,0.82,mg/dL,0.6,1.3,N,STAT,2025-09-06 13:24,2025-09-06 13:32,2025-09-06 14:15
LAB743201,ENC118257,PT12715,WBC,White Blood Cell Count,5.8,K/uL,4.5,11,N,Routine,2025-09-06 13:15,2025-09-06 13:46,2025-09-06 17:47
LAB743202,ENC118258,PT12156,GLU,Glucose,101,mg/dL,70,99,H,Routine,2025-09-06 13:35,2025-09-06 13:55,2025-09-06 16:39
LAB743203,ENC118258,PT12156,CREAT,Creatinine,1.34,mg/dL,0.6,1.3,H,STAT,2025-09-06 13:48,2025-09-06 14:06,2025-09-06 15:01
LAB743204,ENC118258,PT12156,WBC,White Blood Cell Count,9.3,K/uL,4.5,11,N,Routine,2025-09-06 13:10,2025-09-06 13:41,2025-09-06 17:22
LAB743205,ENC118258,PT12156,HGB,Hemoglobin,11.2,g/dL,12,17.5,L,STAT,2025-09-06 13:35,2025-09-06 14:05,2025-09-06 15:03
LAB743206,ENC118258,PT12156,NA,Sodium,135,mmol/L,136,145,L,STAT,2025-09-06 13:57,2025-09-06 14:23,2025-09-06 15:14
LAB743207,ENC118258,PT12156,K,Potassium,4.1,mmol/L,3.5,5.1,N,STAT,2025-09-06 14:06,2025-09-06 14:21,2025-09-06 15:00
LAB743208,ENC118262,PT11520,GLU,Glucose,114,mg/dL,70,99,H,STAT,2025-09-06 21:03,2025-09-06 21:31,2025-09-06 22:28
LAB743209,ENC118262,PT11520,CREAT,Creatinine,1.16,mg/dL,0.6,1.3,N,STAT,2025-09-06 20:34,2025-09-06 20:54,2025-09-06 21:46
LAB743210,ENC118263,PT10192,GLU,Glucose,84,mg/dL,70,99,N,Routine,2025-09-07 01:06,2025-09-07 01:25,2025-09-07 05:08
LAB743211,ENC118263,PT10192,CREAT,Creatinine,0.92,mg/dL,0.6,1.3,N,STAT,2025-09-07 00:37,2025-09-07 01:07,2025-09-07 02:04
LAB743212,ENC118263,PT10192,WBC,White Blood Cell Count,5.6,K/uL,4.5,11,N,Routine,2025-09-07 01:13,2025-09-07 01:27,2025-09-07 04:31
LAB743213,ENC118263,PT10192,HGB,Hemoglobin,15.7,g/dL,12,17.5,N,STAT,2025-09-07 00:57,2025-09-07 01:26,2025-09-07 02:32
LAB743214,ENC118263,PT10192,LACT,Lactate,3.7,mmol/L,0.5,2,H,STAT,2025-09-07 00:55,2025-09-07 01:20,2025-09-07 02:09
LAB743215,ENC118264,PT13264,GLU,Glucose,124,mg/dL,70,99,H,STAT,2025-09-06 21:49,2025-09-06 22:00,2025-09-06 23:01
LAB743216,ENC118264,PT13264,CREAT,Creatinine,0.75,mg/dL,0.6,1.3,N,Routine,2025-09-06 21:53,2025-09-06 22:07,2025-09-07 02:44
LAB743217,ENC118264,PT13264,WBC,White Blood Cell Count,9.2,K/uL,4.5,11,N,Routine,2025-09-06 22:32,2025-09-06 22:55,2025-09-07 00:15
LAB743218,ENC118265,PT10328,GLU,Glucose,35,mg/dL,70,99,LL,STAT,2025-09-07 01:18,2025-09-07 01:26,2025-09-07 02:08
LAB743219,ENC118265,PT10328,CREAT,Creatinine,0.6,mg/dL,0.6,1.3,N,Routine,2025-09-07 02:06,2025-09-07 02:34,2025-09-07 03:58
LAB743220,ENC118265,PT10328,WBC,White Blood Cell Count,8.9,K/uL,4.5,11,N,STAT,2025-09-07 01:26,2025-09-07 01:46,2025-09-07 02:57
LAB743221,ENC118265,PT10328,HGB,Hemoglobin,13.5,g/dL,12,17.5,N,Routine,2025-09-07 01:11,2025-09-07 01:15,2025-09-07 02:41
LAB743222,ENC118265,PT10328,NA,Sodium,143,mmol/L,136,145,N,STAT,2025-09-07 01:03,2025-09-07 01:10,2025-09-07 02:11
LAB743223,ENC118265,PT10328,K,Potassium,4.6,mmol/L,3.5,5.1,N,STAT,2025-09-07 01:37,2025-09-07 01:51,2025-09-07 02:27
LAB743224,ENC118266,PT10219,GLU,Glucose,81,mg/dL,70,99,N,Routine,2025-09-07 01:00,2025-09-07 01:26,2025-09-07 03:02
LAB743225,ENC118266,PT10219,CREAT,Creatinine,1.08,mg/dL,0.6,1.3,N,STAT,2025-09-07 00:56,2025-09-07 01:03,2025-09-07 02:11
LAB743226,ENC118267,PT12167,GLU,Glucose,198,mg/dL,70,99,H,STAT,2025-09-07 03:27,2025-09-07 03:58,2025-09-07 04:31
LAB743227,ENC118267,PT12167,CREAT,Creatinine,1.21,mg/dL,0.6,1.3,N,STAT,2025-09-07 03:23,2025-09-07 03:30,2025-09-07 04:07
LAB743228,ENC118267,PT12167,WBC,White Blood Cell Count,10.6,K/uL,4.5,11,N,Routine,2025-09-07 03:10,2025-09-07 03:16,2025-09-07 06:57
LAB743229,ENC118270,PT12040,GLU,Glucose,107,mg/dL,70,99,H,STAT,2025-09-07 11:01,2025-09-07 11:08,2025-09-07 11:34
LAB743230,ENC118270,PT12040,CREAT,Creatinine,1.2,mg/dL,0.6,1.3,N,STAT,2025-09-07 11:20,2025-09-07 11:42,2025-09-07 11:57
LAB743231,ENC118270,PT12040,WBC,White Blood Cell Count,10.9,K/uL,4.5,11,N,Routine,2025-09-07 11:19,2025-09-07 11:47,2025-09-07 17:01
LAB743232,ENC118270,PT12040,HGB,Hemoglobin,12.5,g/dL,12,17.5,N,STAT,2025-09-07 11:36,2025-09-07 11:42,2025-09-07 12:18
LAB743233,ENC118273,PT11831,GLU,Glucose,110,mg/dL,70,99,H,Routine,2025-09-07 09:05,2025-09-07 09:39,2025-09-07 11:37
LAB743234,ENC118273,PT11831,CREAT,Creatinine,0.97,mg/dL,0.6,1.3,N,STAT,2025-09-07 09:09,2025-09-07 09:19,2025-09-07 09:42
LAB743235,ENC118273,PT11831,WBC,White Blood Cell Count,6.6,K/uL,4.5,11,N,STAT,2025-09-07 09:11,2025-09-07 09:31,2025-09-07 10:28
LAB743236,ENC118274,PT11093,GLU,Glucose,216,mg/dL,70,99,H,STAT,2025-09-07 13:13,2025-09-07 13:32,2025-09-07 14:10
LAB743237,ENC118274,PT11093,CREAT,Creatinine,0.73,mg/dL,0.6,1.3,N,STAT,2025-09-07 14:04,2025-09-07 14:19,2025-09-07 14:44
LAB743238,ENC118274,PT11093,WBC,White Blood Cell Count,8.1,K/uL,4.5,11,N,Routine,2025-09-07 13:59,2025-09-07 14:04,2025-09-07 15:53
LAB743239,ENC118274,PT11093,HGB,Hemoglobin,15.8,g/dL,12,17.5,N,STAT,2025-09-07 14:08,2025-09-07 14:43,2025-09-07 15:22
LAB743240,ENC118274,PT11093,INR,Prothrombin Time INR,1.1,ratio,0.8,1.2,N,STAT,2025-09-07 13:57,2025-09-07 14:27,2025-09-07 15:22
LAB743241,ENC118275,PT13451,GLU,Glucose,112,mg/dL,70,99,H,STAT,2025-09-07 12:22,2025-09-07 12:45,2025-09-07 13:33
LAB743242,ENC118275,PT13451,CREAT,Creatinine,1.13,mg/dL,0.6,1.3,N,STAT,2025-09-07 12:12,2025-09-07 12:44,2025-09-07 13:45
LAB743243,ENC118275,PT13451,WBC,White Blood Cell Count,18.8,K/uL,4.5,11,H,STAT,2025-09-07 11:22,2025-09-07 11:34,2025-09-07 11:55
LAB743244,ENC118275,PT13451,HGB,Hemoglobin,15.9,g/dL,12,17.5,N,STAT,2025-09-07 11:49,2025-09-07 12:16,2025-09-07 13:23
LAB743245,ENC118276,PT13853,GLU,Glucose,205,mg/dL,70,99,H,Routine,2025-09-07 12:17,2025-09-07 12:45,2025-09-07 15:52
LAB743246,ENC118276,PT13853,CREAT,Creatinine,0.95,mg/dL,0.6,1.3,N,STAT,2025-09-07 11:55,2025-09-07 12:08,2025-09-07 13:23
LAB743247,ENC118276,PT13853,WBC,White Blood Cell Count,9.5,K/uL,4.5,11,N,Routine,2025-09-07 11:39,2025-09-07 12:02,2025-09-07 15:41
LAB743248,ENC118277,PT11849,GLU,Glucose,81,mg/dL,70,99,N,STAT,2025-09-07 14:25,2025-09-07 14:58,2025-09-07 15:23
LAB743249,ENC118277,PT11849,CREAT,Creatinine,0.91,mg/dL,0.6,1.3,N,Routine,2025-09-07 14:14,2025-09-07 14:32,2025-09-07 19:03
LAB743250,ENC118277,PT11849,WBC,White Blood Cell Count,8.1,K/uL,4.5,11,N,STAT,2025-09-07 14:39,2025-09-07 14:49,2025-09-07 15:25
LAB743251,ENC118277,PT11849,HGB,Hemoglobin,10.9,g/dL,12,17.5,L,Routine,2025-09-07 14:18,2025-09-07 14:26,2025-09-07 17:59
LAB743252,ENC118277,PT11849,NA,Sodium,140,mmol/L,136,145,N,STAT,2025-09-07 14:45,2025-09-07 15:01,2025-09-07 15:26
LAB743253,ENC118277,PT11849,K,Potassium,4.4,mmol/L,3.5,5.1,N,STAT,2025-09-07 14:32,2025-09-07 14:37,2025-09-07 15:26
LAB743254,ENC118277,PT11849,INR,Prothrombin Time INR,1.1,ratio,0.8,1.2,N,STAT,2025-09-07 14:06,2025-09-07 14:32,2025-09-07 15:16
LAB743255,ENC118279,PT11986,GLU,Glucose,89,mg/dL,70,99,N,STAT,2025-09-07 19:03,2025-09-07 19:11,2025-09-07 20:45
LAB743256,ENC118279,PT11986,CREAT,Creatinine,1.01,mg/dL,0.6,1.3,N,Routine,2025-09-07 19:09,2025-09-07 19:15,2025-09-07 22:28
LAB743257,ENC118279,PT11986,WBC,White Blood Cell Count,9.6,K/uL,4.5,11,N,STAT,2025-09-07 19:08,2025-09-07 19:14,2025-09-07 19:59
LAB743258,ENC118279,PT11986,HGB,Hemoglobin,15.4,g/dL,12,17.5,N,STAT,2025-09-07 18:19,2025-09-07 18:31,2025-09-07 19:25
LAB743259,ENC118279,PT11986,NA,Sodium,136,mmol/L,136,145,N,STAT,2025-09-07 18:33,2025-09-07 18:52,2025-09-07 19:38
LAB743260,ENC118279,PT11986,K,Potassium,3.8,mmol/L,3.5,5.1,N,STAT,2025-09-07 18:36,2025-09-07 18:44,2025-09-07 19:30
LAB743261,ENC118279,PT11986,TROP,"Troponin I, High Sensitivity",32,ng/L,0,34,N,STAT,2025-09-07 18:26,2025-09-07 18:56,2025-09-07 19:47
LAB743262,ENC118279,PT11986,BNP,B-Type Natriuretic Peptide,817,pg/mL,0,100,H,STAT,2025-09-07 18:12,2025-09-07 18:39,2025-09-07 19:56
LAB743263,ENC118280,PT12947,GLU,Glucose,100,mg/dL,70,99,H,Routine,2025-09-07 18:54,2025-09-07 19:13,2025-09-08 00:21
LAB743264,ENC118280,PT12947,CREAT,Creatinine,1.12,mg/dL,0.6,1.3,N,STAT,2025-09-07 18:51,2025-09-07 19:20,2025-09-07 19:57
LAB743265,ENC118282,PT12886,GLU,Glucose,93,mg/dL,70,99,N,STAT,2025-09-07 23:33,2025-09-08 00:02,2025-09-08 00:50
LAB743266,ENC118282,PT12886,CREAT,Creatinine,1.05,mg/dL,0.6,1.3,N,STAT,2025-09-07 23:26,2025-09-07 23:43,2025-09-08 00:35
LAB743267,ENC118282,PT12886,WBC,White Blood Cell Count,16.8,K/uL,4.5,11,H,STAT,2025-09-07 22:48,2025-09-07 23:16,2025-09-07 23:42
LAB743268,ENC118282,PT12886,HGB,Hemoglobin,14.1,g/dL,12,17.5,N,Routine,2025-09-07 22:38,2025-09-07 22:47,2025-09-08 00:11
LAB743269,ENC118282,PT12886,BUN,Blood Urea Nitrogen,8,mg/dL,7,20,N,STAT,2025-09-07 22:41,2025-09-07 22:48,2025-09-07 23:55
LAB743270,ENC118282,PT12886,PLT,Platelet Count,221,K/uL,150,400,N,STAT,2025-09-07 22:55,2025-09-07 23:23,2025-09-08 00:35
LAB743271,ENC118283,PT11131,GLU,Glucose,80,mg/dL,70,99,N,STAT,2025-09-07 23:10,2025-09-07 23:41,2025-09-08 00:43
LAB743272,ENC118283,PT11131,CREAT,Creatinine,1.04,mg/dL,0.6,1.3,N,Routine,2025-09-07 22:56,2025-09-07 23:03,2025-09-08 03:27
LAB743273,ENC118283,PT11131,WBC,White Blood Cell Count,10.2,K/uL,4.5,11,N,STAT,2025-09-07 23:28,2025-09-07 23:46,2025-09-08 00:38
LAB743274,ENC118283,PT11131,HGB,Hemoglobin,10.6,g/dL,12,17.5,L,STAT,2025-09-08 00:02,2025-09-08 00:24,2025-09-08 01:12
LAB743275,ENC118283,PT11131,BUN,Blood Urea Nitrogen,17,mg/dL,7,20,N,STAT,2025-09-07 23:58,2025-09-08 00:11,2025-09-08 00:59
LAB743276,ENC118283,PT11131,PLT,Platelet Count,252,K/uL,150,400,N,STAT,2025-09-07 23:52,2025-09-07 23:56,2025-09-08 01:35
LAB743277,ENC118283,PT11131,LACT,Lactate,2.3,mmol/L,0.5,2,H,STAT,2025-09-07 23:49,2025-09-07 23:57,2025-09-08 00:34
LAB743278,ENC118283,PT11131,INR,Prothrombin Time INR,1,ratio,0.8,1.2,N,STAT,2025-09-07 23:20,2025-09-07 23:41,2025-09-08 00:25
LAB743279,ENC118284,PT11853,GLU,Glucose,118,mg/dL,70,99,H,STAT,2025-09-08 05:15,2025-09-08 05:29,2025-09-08 05:54
LAB743280,ENC118284,PT11853,CREAT,Creatinine,1.31,mg/dL,0.6,1.3,H,Routine,2025-09-08 04:38,2025-09-08 04:56,2025-09-08 06:56
LAB743281,ENC118284,PT11853,WBC,White Blood Cell Count,8.2,K/uL,4.5,11,N,STAT,2025-09-08 04:51,2025-09-08 05:21,2025-09-08 05:55
LAB743282,ENC118284,PT11853,HGB,Hemoglobin,17.2,g/dL,12,17.5,N,STAT,2025-09-08 04:32,2025-09-08 04:57,2025-09-08 05:32
LAB743283,ENC118284,PT11853,NA,Sodium,140,mmol/L,136,145,N,STAT,2025-09-08 05:30,2025-09-08 05:48,2025-09-08 06:44
LAB743284,ENC118284,PT11853,K,Potassium,4.7,mmol/L,3.5,5.1,N,STAT,2025-09-08 04:40,2025-09-08 04:44,2025-09-08 05:14
LAB743285,ENC118285,PT12854,GLU,Glucose,90,mg/dL,70,99,N,Routine,2025-09-08 05:04,2025-09-08 05:27,2025-09-08 07:17
LAB743286,ENC118285,PT12854,CREAT,Creatinine,0.83,mg/dL,0.6,1.3,N,STAT,2025-09-08 04:32,2025-09-08 05:04,2025-09-08 06:41
LAB743287,ENC118285,PT12854,WBC,White Blood Cell Count,7.9,K/uL,4.5,11,N,STAT,2025-09-08 04:23,2025-09-08 04:33,2025-09-08 05:29
LAB743288,ENC118285,PT12854,HGB,Hemoglobin,16,g/dL,12,17.5,N,STAT,2025-09-08 05:03,2025-09-08 05:29,2025-09-08 06:12
LAB743289,ENC118285,PT12854,TROP,"Troponin I, High Sensitivity",10,ng/L,0,34,N,STAT,2025-09-08 04:16,2025-09-08 04:47,2025-09-08 05:18
LAB743290,ENC118286,PT10491,GLU,Glucose,103,mg/dL,70,99,H,STAT,2025-09-08 10:28,2025-09-08 10:41,2025-09-08 11:21
LAB743291,ENC118286,PT10491,CREAT,Creatinine,3.4,mg/dL,0.6,1.3,H,STAT,2025-09-08 10:46,2025-09-08 11:04,2025-09-08 11:46
LAB743292,ENC118286,PT10491,WBC,White Blood Cell Count,6.5,K/uL,4.5,11,N,STAT,2025-09-08 11:13,2025-09-08 11:22,2025-09-08 11:55
LAB743293,ENC118286,PT10491,HGB,Hemoglobin,13,g/dL,12,17.5,N,STAT,2025-09-08 11:20,2025-09-08 11:36,2025-09-08 12:43
LAB743294,ENC118286,PT10491,NA,Sodium,136,mmol/L,136,145,N,Routine,2025-09-08 11:22,2025-09-08 11:30,2025-09-08 15:16
LAB743295,ENC118286,PT10491,K,Potassium,5.5,mmol/L,3.5,5.1,H,STAT,2025-09-08 10:47,2025-09-08 11:09,2025-09-08 11:57
LAB743296,ENC118286,PT10491,BUN,Blood Urea Nitrogen,15,mg/dL,7,20,N,Routine,2025-09-08 11:19,2025-09-08 11:26,2025-09-08 15:53
LAB743297,ENC118286,PT10491,PLT,Platelet Count,238,K/uL,150,400,N,STAT,2025-09-08 10:55,2025-09-08 11:19,2025-09-08 12:05
LAB743298,ENC118287,PT12801,GLU,Glucose,114,mg/dL,70,99,H,Routine,2025-09-08 07:18,2025-09-08 07:45,2025-09-08 12:25
LAB743299,ENC118287,PT12801,CREAT,Creatinine,0.94,mg/dL,0.6,1.3,N,STAT,2025-09-08 07:41,2025-09-08 08:05,2025-09-08 09:59
LAB743300,ENC118287,PT12801,WBC,White Blood Cell Count,6.7,K/uL,4.5,11,N,STAT,2025-09-08 07:47,2025-09-08 08:14,2025-09-08 09:01
LAB743301,ENC118287,PT12801,HGB,Hemoglobin,17,g/dL,12,17.5,N,Routine,2025-09-08 07:48,2025-09-08 08:08,2025-09-08 11:47
LAB743302,ENC118287,PT12801,TROP,"Troponin I, High Sensitivity",2259,ng/L,0,34,H,STAT,2025-09-08 08:05,2025-09-08 08:27,2025-09-08 09:00
LAB743303,ENC118288,PT10132,GLU,Glucose,99,mg/dL,70,99,N,STAT,2025-09-08 11:43,2025-09-08 12:14,2025-09-08 12:54
LAB743304,ENC118288,PT10132,CREAT,Creatinine,1.41,mg/dL,0.6,1.3,H,Routine,2025-09-08 11:28,2025-09-08 11:56,2025-09-08 16:42
LAB743305,ENC118288,PT10132,WBC,White Blood Cell Count,9.1,K/uL,4.5,11,N,Routine,2025-09-08 11:43,2025-09-08 12:11,2025-09-08 13:39
LAB743306,ENC118288,PT10132,HGB,Hemoglobin,16.3,g/dL,12,17.5,N,STAT,2025-09-08 12:19,2025-09-08 12:28,2025-09-08 12:58
LAB743307,ENC118288,PT10132,TROP,"Troponin I, High Sensitivity",10,ng/L,0,34,N,STAT,2025-09-08 12:25,2025-09-08 12:57,2025-09-08 13:43
LAB743308,ENC118288,PT10132,BNP,B-Type Natriuretic Peptide,520,pg/mL,0,100,H,Routine,2025-09-08 11:40,2025-09-08 11:46,2025-09-08 14:39
LAB743309,ENC118291,PT11292,A1C,Hemoglobin A1c,5.3,%,4,5.6,N,Routine,2025-09-08 08:35,2025-09-08 08:53,2025-09-08 21:52
LAB743310,ENC118291,PT11292,GLU,Glucose,256,mg/dL,70,99,H,Routine,2025-09-08 08:45,2025-09-08 09:04,2025-09-08 11:15
LAB743311,ENC118291,PT11292,CREAT,Creatinine,0.86,mg/dL,0.6,1.3,N,Routine,2025-09-08 08:45,2025-09-08 08:56,2025-09-08 10:46
LAB743312,ENC118295,PT11694,WBC,White Blood Cell Count,9.6,K/uL,4.5,11,N,Routine,2025-09-08 10:30,2025-09-08 10:36,2025-09-08 11:32
LAB743313,ENC118295,PT11694,HGB,Hemoglobin,13.1,g/dL,12,17.5,N,Routine,2025-09-08 10:44,2025-09-08 10:50,2025-09-08 14:34
LAB743314,ENC118295,PT11694,PLT,Platelet Count,270,K/uL,150,400,N,Routine,2025-09-08 10:37,2025-09-08 11:11,2025-09-08 13:00
LAB743315,ENC118296,PT11897,LDL,LDL Cholesterol,113,mg/dL,0,99,H,Routine,2025-09-08 11:07,2025-09-08 11:34,2025-09-08 23:48
LAB743316,ENC118296,PT11897,A1C,Hemoglobin A1c,8.9,%,4,5.6,H,Routine,2025-09-08 11:08,2025-09-08 11:35,2025-09-09 10:03
LAB743317,ENC118296,PT11897,TSH,Thyroid Stimulating Hormone,1.71,mIU/L,0.4,4,N,Routine,2025-09-08 10:57,2025-09-08 11:21,2025-09-09 01:30
LAB743318,ENC118297,PT10224,GLU,Glucose,134,mg/dL,70,99,H,Routine,2025-09-08 14:18,2025-09-08 14:33,2025-09-08 21:59
LAB743319,ENC118297,PT10224,CREAT,Creatinine,1.14,mg/dL,0.6,1.3,N,Routine,2025-09-08 14:27,2025-09-08 14:54,2025-09-08 16:34
LAB743320,ENC118297,PT10224,WBC,White Blood Cell Count,8.9,K/uL,4.5,11,N,STAT,2025-09-08 14:29,2025-09-08 14:48,2025-09-08 15:44
LAB743321,ENC118297,PT10224,HGB,Hemoglobin,11.9,g/dL,12,17.5,L,STAT,2025-09-08 14:48,2025-09-08 15:15,2025-09-08 16:02
LAB743322,ENC118297,PT10224,BUN,Blood Urea Nitrogen,12,mg/dL,7,20,N,Routine,2025-09-08 14:56,2025-09-08 15:22,2025-09-08 18:20
LAB743323,ENC118297,PT10224,PLT,Platelet Count,391,K/uL,150,400,N,STAT,2025-09-08 15:07,2025-09-08 15:15,2025-09-08 15:59
LAB743324,ENC118298,PT13996,LDL,LDL Cholesterol,139,mg/dL,0,99,H,Routine,2025-09-08 11:48,2025-09-08 12:06,2025-09-09 00:13
LAB743325,ENC118298,PT13996,A1C,Hemoglobin A1c,8.5,%,4,5.6,H,Routine,2025-09-08 11:58,2025-09-08 12:07,2025-09-09 01:33
LAB743326,ENC118298,PT13996,TSH,Thyroid Stimulating Hormone,0.85,mIU/L,0.4,4,N,Routine,2025-09-08 11:43,2025-09-08 12:00,2025-09-09 18:54
LAB743327,ENC118299,PT12945,GLU,Glucose,112,mg/dL,70,99,H,STAT,2025-09-08 14:27,2025-09-08 14:40,2025-09-08 15:53
LAB743328,ENC118299,PT12945,CREAT,Creatinine,0.81,mg/dL,0.6,1.3,N,STAT,2025-09-08 14:56,2025-09-08 15:16,2025-09-08 15:53
LAB743329,ENC118299,PT12945,WBC,White Blood Cell Count,14.8,K/uL,4.5,11,H,STAT,2025-09-08 14:36,2025-09-08 14:46,2025-09-08 15:42
LAB743330,ENC118299,PT12945,HGB,Hemoglobin,12.8,g/dL,12,17.5,N,Routine,2025-09-08 14:23,2025-09-08 14:52,2025-09-08 15:42
LAB743331,ENC118299,PT12945,NA,Sodium,135,mmol/L,136,145,L,STAT,2025-09-08 14:45,2025-09-08 14:51,2025-09-08 15:36
LAB743332,ENC118299,PT12945,K,Potassium,4.7,mmol/L,3.5,5.1,N,STAT,2025-09-08 14:34,2025-09-08 15:00,2025-09-08 15:27
LAB743333,ENC118300,PT13300,LDL,LDL Cholesterol,105,mg/dL,0,99,H,Routine,2025-09-08 13:00,2025-09-08 13:17,2025-09-09 11:34
LAB743334,ENC118300,PT13300,A1C,Hemoglobin A1c,5.8,%,4,5.6,H,Routine,2025-09-08 12:49,2025-09-08 13:18,2025-09-09 00:21
LAB743335,ENC118300,PT13300,TSH,Thyroid Stimulating Hormone,1.68,mIU/L,0.4,4,N,Routine,2025-09-08 12:41,2025-09-08 12:55,2025-09-09 01:52
LAB743336,ENC118301,PT12035,GLU,Glucose,77,mg/dL,70,99,N,Routine,2025-09-08 18:03,2025-09-08 18:31,2025-09-08 19:18
LAB743337,ENC118301,PT12035,CREAT,Creatinine,1.01,mg/dL,0.6,1.3,N,STAT,2025-09-08 17:57,2025-09-08 18:01,2025-09-08 19:11
LAB743338,ENC118301,PT12035,WBC,White Blood Cell Count,6.3,K/uL,4.5,11,N,Routine,2025-09-08 17:32,2025-09-08 17:40,2025-09-08 21:07
LAB743339,ENC118301,PT12035,HGB,Hemoglobin,10,g/dL,12,17.5,L,STAT,2025-09-08 18:02,2025-09-08 18:32,2025-09-08 19:22
LAB743340,ENC118301,PT12035,NA,Sodium,140,mmol/L,136,145,N,STAT,2025-09-08 18:02,2025-09-08 18:37,2025-09-08 19:14
LAB743341,ENC118301,PT12035,K,Potassium,4.5,mmol/L,3.5,5.1,N,STAT,2025-09-08 18:04,2025-09-08 18:32,2025-09-08 19:24
LAB743342,ENC118306,PT11128,GLU,Glucose,92,mg/dL,70,99,N,STAT,2025-09-08 16:08,2025-09-08 16:40,2025-09-08 17:01
LAB743343,ENC118306,PT11128,CREAT,Creatinine,0.82,mg/dL,0.6,1.3,N,STAT,2025-09-08 16:13,2025-09-08 16:37,2025-09-08 17:05
LAB743344,ENC118306,PT11128,WBC,White Blood Cell Count,5.2,K/uL,4.5,11,N,Routine,2025-09-08 15:57,2025-09-08 16:32,2025-09-08 22:41
LAB743345,ENC118312,PT13172,GLU,Glucose,113,mg/dL,70,99,H,STAT,2025-09-09 02:32,2025-09-09 02:47,2025-09-09 03:21
LAB743346,ENC118312,PT13172,CREAT,Creatinine,0.94,mg/dL,0.6,1.3,N,STAT,2025-09-09 02:41,2025-09-09 02:55,2025-09-09 03:48
LAB743347,ENC118312,PT13172,WBC,White Blood Cell Count,8,K/uL,4.5,11,N,STAT,2025-09-09 02:28,2025-09-09 02:56,2025-09-09 03:21
LAB743348,ENC118312,PT13172,HGB,Hemoglobin,11.9,g/dL,12,17.5,L,STAT,2025-09-09 02:02,2025-09-09 02:18,2025-09-09 02:47
LAB743349,ENC118312,PT13172,NA,Sodium,136,mmol/L,136,145,N,STAT,2025-09-09 02:32,2025-09-09 02:47,2025-09-09 03:49
LAB743350,ENC118312,PT13172,K,Potassium,4,mmol/L,3.5,5.1,N,STAT,2025-09-09 02:59,2025-09-09 03:27,2025-09-09 04:07
LAB743351,ENC118312,PT13172,BUN,Blood Urea Nitrogen,23,mg/dL,7,20,H,Routine,2025-09-09 03:05,2025-09-09 03:21,2025-09-09 05:30
LAB743352,ENC118312,PT13172,PLT,Platelet Count,280,K/uL,150,400,N,Routine,2025-09-09 01:58,2025-09-09 02:27,2025-09-09 04:13
LAB743353,ENC118315,PT12498,GLU,Glucose,124,mg/dL,70,99,H,Routine,2025-09-09 01:57,2025-09-09 02:04,2025-09-09 11:36
LAB743354,ENC118315,PT12498,CREAT,Creatinine,1.11,mg/dL,0.6,1.3,N,Routine,2025-09-09 01:53,2025-09-09 02:02,2025-09-09 07:07
LAB743355,ENC118315,PT12498,WBC,White Blood Cell Count,8.2,K/uL,4.5,11,N,Routine,2025-09-09 02:33,2025-09-09 02:57,2025-09-09 11:22
LAB743356,ENC118315,PT12498,HGB,Hemoglobin,14.9,g/dL,12,17.5,N,Routine,2025-09-09 01:47,2025-09-09 02:05,2025-09-09 04:22
LAB743357,ENC118315,PT12498,TROP,"Troponin I, High Sensitivity",8,ng/L,0,34,N,STAT,2025-09-09 02:40,2025-09-09 02:48,2025-09-09 03:09
LAB743358,ENC118316,PT13325,GLU,Glucose,114,mg/dL,70,99,H,STAT,2025-09-09 08:30,2025-09-09 09:05,2025-09-09 09:58
LAB743359,ENC118316,PT13325,CREAT,Creatinine,1.92,mg/dL,0.6,1.3,H,STAT,2025-09-09 08:29,2025-09-09 08:36,2025-09-09 09:51
LAB743360,ENC118316,PT13325,WBC,White Blood Cell Count,7,K/uL,4.5,11,N,STAT,2025-09-09 08:31,2025-09-09 08:58,2025-09-09 10:15
LAB743361,ENC118316,PT13325,HGB,Hemoglobin,7.4,g/dL,12,17.5,L,STAT,2025-09-09 08:58,2025-09-09 09:02,2025-09-09 09:59
LAB743362,ENC118316,PT13325,NA,Sodium,145,mmol/L,136,145,N,STAT,2025-09-09 09:11,2025-09-09 09:30,2025-09-09 10:30
LAB743363,ENC118316,PT13325,K,Potassium,4.2,mmol/L,3.5,5.1,N,STAT,2025-09-09 09:13,2025-09-09 09:26,2025-09-09 09:58
LAB743364,ENC118316,PT13325,LACT,Lactate,4.3,mmol/L,0.5,2,HH,STAT,2025-09-09 09:24,2025-09-09 09:40,2025-09-09 10:11
LAB743365,ENC118316,PT13325,INR,Prothrombin Time INR,1.1,ratio,0.8,1.2,N,STAT,2025-09-09 08:59,2025-09-09 09:03,2025-09-09 09:43
LAB743366,ENC118317,PT10199,WBC,White Blood Cell Count,8.4,K/uL,4.5,11,N,Routine,2025-09-09 08:06,2025-09-09 08:17,2025-09-09 10:46
LAB743367,ENC118317,PT10199,HGB,Hemoglobin,16.7,g/dL,12,17.5,N,Routine,2025-09-09 08:14,2025-09-09 08:46,2025-09-09 14:13
LAB743368,ENC118317,PT10199,PLT,Platelet Count,122,K/uL,150,400,L,Routine,2025-09-09 08:05,2025-09-09 08:18,2025-09-09 10:54
LAB743369,ENC118319,PT10721,LDL,LDL Cholesterol,142,mg/dL,0,99,H,Routine,2025-09-09 08:44,2025-09-09 09:07,2025-09-10 12:01
LAB743370,ENC118322,PT10202,LDL,LDL Cholesterol,109,mg/dL,0,99,H,Routine,2025-09-09 10:05,2025-09-09 10:37,2025-09-09 23:01
LAB743371,ENC118322,PT10202,TSH,Thyroid Stimulating Hormone,0.19,mIU/L,0.4,4,L,Routine,2025-09-09 10:30,2025-09-09 10:44,2025-09-10 00:13
LAB743372,ENC118323,PT10932,GLU,Glucose,114,mg/dL,70,99,H,Routine,2025-09-09 10:36,2025-09-09 10:53,2025-09-09 13:23
LAB743373,ENC118323,PT10932,CREAT,Creatinine,0.91,mg/dL,0.6,1.3,N,STAT,2025-09-09 10:13,2025-09-09 10:25,2025-09-09 11:16
LAB743374,ENC118323,PT10932,WBC,White Blood Cell Count,16.5,K/uL,4.5,11,H,STAT,2025-09-09 10:14,2025-09-09 10:47,2025-09-09 12:02
LAB743375,ENC118323,PT10932,HGB,Hemoglobin,13.9,g/dL,12,17.5,N,STAT,2025-09-09 11:12,2025-09-09 11:38,2025-09-09 12:44
LAB743376,ENC118324,PT10709,GLU,Glucose,113,mg/dL,70,99,H,STAT,2025-09-09 11:54,2025-09-09 12:12,2025-09-09 12:51
LAB743377,ENC118324,PT10709,CREAT,Creatinine,0.78,mg/dL,0.6,1.3,N,STAT,2025-09-09 11:59,2025-09-09 12:29,2025-09-09 13:15
LAB743378,ENC118324,PT10709,WBC,White Blood Cell Count,6.1,K/uL,4.5,11,N,Routine,2025-09-09 11:44,2025-09-09 12:14,2025-09-09 14:21
LAB743379,ENC118324,PT10709,HGB,Hemoglobin,15.2,g/dL,12,17.5,N,STAT,2025-09-09 11:44,2025-09-09 12:05,2025-09-09 12:38
LAB743380,ENC118324,PT10709,NA,Sodium,141,mmol/L,136,145,N,Routine,2025-09-09 11:53,2025-09-09 12:26,2025-09-09 14:08
LAB743381,ENC118324,PT10709,K,Potassium,4.1,mmol/L,3.5,5.1,N,STAT,2025-09-09 11:54,2025-09-09 12:26,2025-09-09 13:20
LAB743382,ENC118324,PT10709,BUN,Blood Urea Nitrogen,17,mg/dL,7,20,N,Routine,2025-09-09 12:03,2025-09-09 12:19,2025-09-09 15:05
LAB743383,ENC118324,PT10709,PLT,Platelet Count,253,K/uL,150,400,N,Routine,2025-09-09 11:30,2025-09-09 11:43,2025-09-09 13:47
LAB743384,ENC118325,PT13271,GLU,Glucose,113,mg/dL,70,99,H,Routine,2025-09-09 14:32,2025-09-09 14:42,2025-09-09 17:06
LAB743385,ENC118325,PT13271,CREAT,Creatinine,1.09,mg/dL,0.6,1.3,N,STAT,2025-09-09 14:41,2025-09-09 15:03,2025-09-09 15:44
LAB743386,ENC118325,PT13271,WBC,White Blood Cell Count,9.1,K/uL,4.5,11,N,STAT,2025-09-09 14:50,2025-09-09 15:00,2025-09-09 16:13
LAB743387,ENC118325,PT13271,HGB,Hemoglobin,15.5,g/dL,12,17.5,N,STAT,2025-09-09 14:36,2025-09-09 14:49,2025-09-09 15:39
LAB743388,ENC118325,PT13271,NA,Sodium,140,mmol/L,136,145,N,STAT,2025-09-09 14:27,2025-09-09 14:36,2025-09-09 15:09
LAB743389,ENC118325,PT13271,K,Potassium,4.5,mmol/L,3.5,5.1,N,STAT,2025-09-09 15:19,2025-09-09 15:34,2025-09-09 16:10
LAB743390,ENC118325,PT13271,TROP,"Troponin I, High Sensitivity",55,ng/L,0,34,H,STAT,2025-09-09 14:31,2025-09-09 14:42,2025-09-09 15:31
LAB743391,ENC118325,PT13271,BNP,B-Type Natriuretic Peptide,1430,pg/mL,0,100,H,STAT,2025-09-09 14:52,2025-09-09 14:59,2025-09-09 15:23
LAB743392,ENC118326,PT11500,GLU,Glucose,67,mg/dL,70,99,L,STAT,2025-09-09 11:40,2025-09-09 12:04,2025-09-09 12:24
LAB743393,ENC118326,PT11500,CREAT,Creatinine,0.8,mg/dL,0.6,1.3,N,STAT,2025-09-09 12:37,2025-09-09 12:49,2025-09-09 13:54
LAB743394,ENC118327,PT10749,WBC,White Blood Cell Count,4.7,K/uL,4.5,11,N,Routine,2025-09-09 12:43,2025-09-09 13:11,2025-09-09 15:14
LAB743395,ENC118327,PT10749,HGB,Hemoglobin,13.8,g/dL,12,17.5,N,Routine,2025-09-09 12:56,2025-09-09 13:30,2025-09-09 19:28
LAB743396,ENC118327,PT10749,PLT,Platelet Count,182,K/uL,150,400,N,Routine,2025-09-09 12:47,2025-09-09 12:52,2025-09-09 16:01
LAB743397,ENC118328,PT12757,GLU,Glucose,86,mg/dL,70,99,N,STAT,2025-09-09 13:28,2025-09-09 14:02,2025-09-09 14:57
LAB743398,ENC118328,PT12757,CREAT,Creatinine,0.89,mg/dL,0.6,1.3,N,Routine,2025-09-09 12:49,2025-09-09 13:03,2025-09-09 15:56
LAB743399,ENC118328,PT12757,WBC,White Blood Cell Count,9.4,K/uL,4.5,11,N,Routine,2025-09-09 13:15,2025-09-09 13:21,2025-09-09 16:34
LAB743400,ENC118328,PT12757,TROP,"Troponin I, High Sensitivity",2,ng/L,0,34,N,STAT,2025-09-09 13:41,2025-09-09 13:50,2025-09-09 15:24
LAB743401,ENC118329,PT11336,GLU,Glucose,121,mg/dL,70,99,H,Routine,2025-09-09 15:40,2025-09-09 16:09,2025-09-10 00:43
LAB743402,ENC118329,PT11336,CREAT,Creatinine,1.23,mg/dL,0.6,1.3,N,STAT,2025-09-09 15:48,2025-09-09 16:16,2025-09-09 17:39
LAB743403,ENC118329,PT11336,WBC,White Blood Cell Count,5.5,K/uL,4.5,11,N,STAT,2025-09-09 16:18,2025-09-09 16:43,2025-09-09 17:41
LAB743404,ENC118329,PT11336,HGB,Hemoglobin,14.6,g/dL,12,17.5,N,STAT,2025-09-09 16:23,2025-09-09 16:58,2025-09-09 18:40
LAB743405,ENC118329,PT11336,NA,Sodium,136,mmol/L,136,145,N,STAT,2025-09-09 15:38,2025-09-09 15:52,2025-09-09 16:25
LAB743406,ENC118329,PT11336,K,Potassium,4.5,mmol/L,3.5,5.1,N,STAT,2025-09-09 16:22,2025-09-09 16:35,2025-09-09 17:34
LAB743407,ENC118329,PT11336,TROP,"Troponin I, High Sensitivity",2,ng/L,0,34,N,STAT,2025-09-09 16:00,2025-09-09 16:04,2025-09-09 16:23
LAB743408,ENC118329,PT11336,BNP,B-Type Natriuretic Peptide,726,pg/mL,0,100,H,STAT,2025-09-09 15:51,2025-09-09 15:56,2025-09-09 16:26
LAB743409,ENC118330,PT10644,LDL,LDL Cholesterol,60,mg/dL,0,99,N,Routine,2025-09-09 14:25,2025-09-09 14:35,2025-09-10 02:59
LAB743410,ENC118330,PT10644,A1C,Hemoglobin A1c,9.1,%,4,5.6,H,Routine,2025-09-09 14:32,2025-09-09 14:50,2025-09-10 00:50
LAB743411,ENC118330,PT10644,TSH,Thyroid Stimulating Hormone,0.23,mIU/L,0.4,4,L,Routine,2025-09-09 14:21,2025-09-09 14:34,2025-09-10 22:00
LAB743412,ENC118331,PT13529,LDL,LDL Cholesterol,85,mg/dL,0,99,N,Routine,2025-09-09 14:41,2025-09-09 15:06,2025-09-09 19:40
LAB743413,ENC118331,PT13529,A1C,Hemoglobin A1c,7.9,%,4,5.6,H,Routine,2025-09-09 14:27,2025-09-09 14:47,2025-09-10 04:21
LAB743414,ENC118336,PT13549,TROP,"Troponin I, High Sensitivity",1,ng/L,0,34,N,STAT,2025-09-09 17:05,2025-09-09 17:12,2025-09-09 18:02
LAB743415,ENC118338,PT11605,GLU,Glucose,125,mg/dL,70,99,H,Routine,2025-09-09 22:54,2025-09-09 23:22,2025-09-10 02:59
LAB743416,ENC118338,PT11605,CREAT,Creatinine,0.91,mg/dL,0.6,1.3,N,Routine,2025-09-09 22:54,2025-09-09 23:03,2025-09-10 00:48
LAB743417,ENC118338,PT11605,WBC,White Blood Cell Count,5.3,K/uL,4.5,11,N,STAT,2025-09-09 23:06,2025-09-09 23:35,2025-09-10 00:11
LAB743418,ENC118338,PT11605,HGB,Hemoglobin,15.1,g/dL,12,17.5,N,STAT,2025-09-09 22:44,2025-09-09 23:08,2025-09-09 23:45
LAB743419,ENC118339,PT11069,GLU,Glucose,127,mg/dL,70,99,H,Routine,2025-09-09 22:31,2025-09-09 22:43,2025-09-10 02:53
LAB743420,ENC118339,PT11069,CREAT,Creatinine,0.81,mg/dL,0.6,1.3,N,STAT,2025-09-09 21:59,2025-09-09 22:14,2025-09-09 22:44
LAB743421,ENC118339,PT11069,WBC,White Blood Cell Count,7.2,K/uL,4.5,11,N,STAT,2025-09-09 21:59,2025-09-09 22:07,2025-09-09 23:07
LAB743422,ENC118339,PT11069,HGB,Hemoglobin,13.6,g/dL,12,17.5,N,Routine,2025-09-09 22:21,2025-09-09 22:43,2025-09-10 00:28
LAB743423,ENC118339,PT11069,TROP,"Troponin I, High Sensitivity",8,ng/L,0,34,N,STAT,2025-09-09 21:53,2025-09-09 22:19,2025-09-09 23:02
LAB743424,ENC118340,PT11816,GLU,Glucose,241,mg/dL,70,99,H,STAT,2025-09-09 23:02,2025-09-09 23:24,2025-09-10 00:01
LAB743425,ENC118340,PT11816,CREAT,Creatinine,2.21,mg/dL,0.6,1.3,H,STAT,2025-09-09 23:00,2025-09-09 23:13,2025-09-10 00:59
LAB743426,ENC118340,PT11816,WBC,White Blood Cell Count,24.6,K/uL,4.5,11,H,Routine,2025-09-09 23:32,2025-09-10 00:04,2025-09-10 03:05
LAB743427,ENC118340,PT11816,HGB,Hemoglobin,13.1,g/dL,12,17.5,N,STAT,2025-09-09 23:35,2025-09-10 00:07,2025-09-10 00:32
LAB743428,ENC118340,PT11816,LACT,Lactate,3.9,mmol/L,0.5,2,H,STAT,2025-09-09 22:48,2025-09-09 23:06,2025-09-10 00:05
LAB743429,ENC118342,PT13928,GLU,Glucose,91,mg/dL,70,99,N,STAT,2025-09-10 00:20,2025-09-10 00:32,2025-09-10 01:12
LAB743430,ENC118342,PT13928,CREAT,Creatinine,1.1,mg/dL,0.6,1.3,N,STAT,2025-09-09 23:45,2025-09-10 00:02,2025-09-10 00:57
LAB743431,ENC118342,PT13928,WBC,White Blood Cell Count,8,K/uL,4.5,11,N,STAT,2025-09-09 23:59,2025-09-10 00:06,2025-09-10 01:20
LAB743432,ENC118342,PT13928,HGB,Hemoglobin,16.5,g/dL,12,17.5,N,STAT,2025-09-10 00:24,2025-09-10 00:36,2025-09-10 01:01
LAB743433,ENC118346,PT12662,GLU,Glucose,106,mg/dL,70,99,H,STAT,2025-09-10 07:44,2025-09-10 07:51,2025-09-10 08:24
LAB743434,ENC118346,PT12662,CREAT,Creatinine,2.12,mg/dL,0.6,1.3,H,Routine,2025-09-10 08:32,2025-09-10 08:56,2025-09-10 10:18
LAB743435,ENC118346,PT12662,WBC,White Blood Cell Count,9.4,K/uL,4.5,11,N,Routine,2025-09-10 08:02,2025-09-10 08:14,2025-09-10 12:29
LAB743436,ENC118346,PT12662,HGB,Hemoglobin,12.4,g/dL,12,17.5,N,STAT,2025-09-10 07:44,2025-09-10 08:10,2025-09-10 09:13
LAB743437,ENC118346,PT12662,BUN,Blood Urea Nitrogen,17,mg/dL,7,20,N,Routine,2025-09-10 07:52,2025-09-10 08:00,2025-09-10 14:54
LAB743438,ENC118346,PT12662,PLT,Platelet Count,279,K/uL,150,400,N,Routine,2025-09-10 07:42,2025-09-10 07:55,2025-09-10 09:43
LAB743439,ENC118347,PT10859,GLU,Glucose,91,mg/dL,70,99,N,Routine,2025-09-10 07:18,2025-09-10 07:53,2025-09-10 10:17
LAB743440,ENC118347,PT10859,CREAT,Creatinine,2.6,mg/dL,0.6,1.3,H,Routine,2025-09-10 06:27,2025-09-10 07:00,2025-09-10 10:37
LAB743441,ENC118347,PT10859,WBC,White Blood Cell Count,10,K/uL,4.5,11,N,STAT,2025-09-10 06:59,2025-09-10 07:26,2025-09-10 08:17
LAB743442,ENC118347,PT10859,HGB,Hemoglobin,11.6,g/dL,12,17.5,L,STAT,2025-09-10 07:14,2025-09-10 07:23,2025-09-10 08:28
LAB743443,ENC118347,PT10859,TROP,"Troponin I, High Sensitivity",49,ng/L,0,34,H,STAT,2025-09-10 06:52,2025-09-10 06:56,2025-09-10 08:00
LAB743444,ENC118347,PT10859,BNP,B-Type Natriuretic Peptide,1654,pg/mL,0,100,H,Routine,2025-09-10 07:04,2025-09-10 07:29,2025-09-10 11:30
LAB743445,ENC118348,PT13144,GLU,Glucose,96,mg/dL,70,99,N,Routine,2025-09-10 07:30,2025-09-10 07:35,2025-09-10 10:30
LAB743446,ENC118348,PT13144,CREAT,Creatinine,0.87,mg/dL,0.6,1.3,N,Routine,2025-09-10 07:32,2025-09-10 08:00,2025-09-10 10:57
LAB743447,ENC118348,PT13144,WBC,White Blood Cell Count,20.4,K/uL,4.5,11,H,STAT,2025-09-10 07:37,2025-09-10 07:41,2025-09-10 08:08
LAB743448,ENC118348,PT13144,HGB,Hemoglobin,16.4,g/dL,12,17.5,N,Routine,2025-09-10 07:41,2025-09-10 07:45,2025-09-10 12:43
LAB743449,ENC118349,PT11803,A1C,Hemoglobin A1c,5.5,%,4,5.6,N,Routine,2025-09-10 08:07,2025-09-10 08:29,2025-09-11 00:54
LAB743450,ENC118350,PT12345,WBC,White Blood Cell Count,7.7,K/uL,4.5,11,N,Routine,2025-09-10 08:40,2025-09-10 08:47,2025-09-10 13:43
LAB743451,ENC118350,PT12345,HGB,Hemoglobin,9.5,g/dL,12,17.5,L,Routine,2025-09-10 08:40,2025-09-10 09:07,2025-09-10 13:38
LAB743452,ENC118350,PT12345,PLT,Platelet Count,195,K/uL,150,400,N,Routine,2025-09-10 08:42,2025-09-10 09:14,2025-09-10 11:09
LAB743453,ENC118356,PT11386,GLU,Glucose,96,mg/dL,70,99,N,STAT,2025-09-10 14:21,2025-09-10 14:50,2025-09-10 15:36
LAB743454,ENC118356,PT11386,CREAT,Creatinine,0.77,mg/dL,0.6,1.3,N,STAT,2025-09-10 15:14,2025-09-10 15:37,2025-09-10 16:27
LAB743455,ENC118356,PT11386,WBC,White Blood Cell Count,1.3,K/uL,4.5,11,L,STAT,2025-09-10 15:15,2025-09-10 15:27,2025-09-10 16:17
LAB743456,ENC118356,PT11386,HGB,Hemoglobin,14.2,g/dL,12,17.5,N,Routine,2025-09-10 15:02,2025-09-10 15:10,2025-09-10 16:11
LAB743457,ENC118357,PT10496,WBC,White Blood Cell Count,4.4,K/uL,4.5,11,L,Routine,2025-09-10 12:03,2025-09-10 12:30,2025-09-10 15:49
LAB743458,ENC118357,PT10496,HGB,Hemoglobin,11,g/dL,12,17.5,L,Routine,2025-09-10 11:51,2025-09-10 12:26,2025-09-10 15:20
LAB743459,ENC118357,PT10496,PLT,Platelet Count,238,K/uL,150,400,N,Routine,2025-09-10 12:10,2025-09-10 12:16,2025-09-10 14:39
LAB743460,ENC118358,PT13921,GLU,Glucose,97,mg/dL,70,99,N,STAT,2025-09-10 15:15,2025-09-10 15:26,2025-09-10 16:51
LAB743461,ENC118358,PT13921,CREAT,Creatinine,1.14,mg/dL,0.6,1.3,N,Routine,2025-09-10 15:52,2025-09-10 16:18,2025-09-10 21:01
LAB743462,ENC118358,PT13921,WBC,White Blood Cell Count,4.6,K/uL,4.5,11,N,STAT,2025-09-10 16:16,2025-09-10 16:22,2025-09-10 17:16
LAB743463,ENC118358,PT13921,HGB,Hemoglobin,14.3,g/dL,12,17.5,N,Routine,2025-09-10 15:59,2025-09-10 16:30,2025-09-10 18:16
LAB743464,ENC118364,PT12863,LDL,LDL Cholesterol,128,mg/dL,0,99,H,Routine,2025-09-10 14:05,2025-09-10 14:36,2025-09-11 07:36
LAB743465,ENC118364,PT12863,TSH,Thyroid Stimulating Hormone,0.71,mIU/L,0.4,4,N,Routine,2025-09-10 14:22,2025-09-10 14:31,2025-09-11 00:01
LAB743466,ENC118367,PT13966,GLU,Glucose,102,mg/dL,70,99,H,STAT,2025-09-10 16:34,2025-09-10 16:45,2025-09-10 18:11
LAB743467,ENC118367,PT13966,CREAT,Creatinine,0.96,mg/dL,0.6,1.3,N,STAT,2025-09-10 16:22,2025-09-10 16:46,2025-09-10 18:00
LAB743468,ENC118367,PT13966,WBC,White Blood Cell Count,7.4,K/uL,4.5,11,N,Routine,2025-09-10 16:38,2025-09-10 16:58,2025-09-10 20:30
LAB743469,ENC118368,PT11697,GLU,Glucose,73,mg/dL,70,99,N,STAT,2025-09-10 16:26,2025-09-10 16:31,2025-09-10 17:48
LAB743470,ENC118368,PT11697,CREAT,Creatinine,0.74,mg/dL,0.6,1.3,N,STAT,2025-09-10 16:21,2025-09-10 16:37,2025-09-10 18:24
LAB743471,ENC118368,PT11697,WBC,White Blood Cell Count,0.4,K/uL,4.5,11,LL,STAT,2025-09-10 17:19,2025-09-10 17:28,2025-09-10 18:30
LAB743472,ENC118368,PT11697,HGB,Hemoglobin,9.7,g/dL,12,17.5,L,Routine,2025-09-10 16:49,2025-09-10 17:10,2025-09-10 19:31
LAB743473,ENC118370,PT13843,GLU,Glucose,363,mg/dL,70,99,H,STAT,2025-09-10 19:36,2025-09-10 19:59,2025-09-10 21:01
LAB743474,ENC118370,PT13843,CREAT,Creatinine,1.12,mg/dL,0.6,1.3,N,STAT,2025-09-10 18:39,2025-09-10 19:13,2025-09-10 20:15
LAB743475,ENC118370,PT13843,A1C,Hemoglobin A1c,9.1,%,4,5.6,H,STAT,2025-09-10 18:48,2025-09-10 18:56,2025-09-10 19:12
LAB743476,ENC118372,PT12782,GLU,Glucose,81,mg/dL,70,99,N,Routine,2025-09-11 00:24,2025-09-11 00:40,2025-09-11 02:45
LAB743477,ENC118372,PT12782,CREAT,Creatinine,1.7,mg/dL,0.6,1.3,H,STAT,2025-09-10 23:52,2025-09-11 00:20,2025-09-11 01:48
LAB743478,ENC118372,PT12782,WBC,White Blood Cell Count,11,K/uL,4.5,11,N,Routine,2025-09-11 00:01,2025-09-11 00:21,2025-09-11 03:54
LAB743479,ENC118372,PT12782,HGB,Hemoglobin,10.2,g/dL,12,17.5,L,Routine,2025-09-11 00:29,2025-09-11 00:38,2025-09-11 01:50
LAB743480,ENC118373,PT12050,GLU,Glucose,114,mg/dL,70,99,H,Routine,2025-09-10 21:52,2025-09-10 22:04,2025-09-11 01:49
LAB743481,ENC118373,PT12050,CREAT,Creatinine,0.78,mg/dL,0.6,1.3,N,STAT,2025-09-10 22:35,2025-09-10 22:54,2025-09-10 23:52
LAB743482,ENC118374,PT11752,GLU,Glucose,287,mg/dL,70,99,H,STAT,2025-09-11 01:00,2025-09-11 01:06,2025-09-11 01:38
LAB743483,ENC118374,PT11752,CREAT,Creatinine,0.8,mg/dL,0.6,1.3,N,STAT,2025-09-11 01:13,2025-09-11 01:34,2025-09-11 03:03
LAB743484,ENC118374,PT11752,WBC,White Blood Cell Count,7.5,K/uL,4.5,11,N,Routine,2025-09-11 00:57,2025-09-11 01:06,2025-09-11 05:26
LAB743485,ENC118374,PT11752,HGB,Hemoglobin,13.9,g/dL,12,17.5,N,STAT,2025-09-11 01:23,2025-09-11 01:34,2025-09-11 02:45
LAB743486,ENC118374,PT11752,NA,Sodium,140,mmol/L,136,145,N,Routine,2025-09-11 01:09,2025-09-11 01:42,2025-09-11 04:58
LAB743487,ENC118374,PT11752,K,Potassium,3.9,mmol/L,3.5,5.1,N,STAT,2025-09-11 00:42,2025-09-11 00:58,2025-09-11 01:57
LAB743488,ENC118374,PT11752,A1C,Hemoglobin A1c,11.8,%,4,5.6,H,STAT,2025-09-11 01:14,2025-09-11 01:34,2025-09-11 02:19
LAB743489,ENC118376,PT10797,TROP,"Troponin I, High Sensitivity",5,ng/L,0,34,N,STAT,2025-09-11 03:47,2025-09-11 04:02,2025-09-11 04:45
LAB743490,ENC118377,PT12430,GLU,Glucose,196,mg/dL,70,99,H,STAT,2025-09-11 06:16,2025-09-11 06:31,2025-09-11 06:52
LAB743491,ENC118377,PT12430,CREAT,Creatinine,0.8,mg/dL,0.6,1.3,N,Routine,2025-09-11 06:18,2025-09-11 06:37,2025-09-11 09:37
LAB743492,ENC118377,PT12430,WBC,White Blood Cell Count,9.2,K/uL,4.5,11,N,STAT,2025-09-11 06:29,2025-09-11 06:52,2025-09-11 07:17
LAB743493,ENC118377,PT12430,HGB,Hemoglobin,12.9,g/dL,12,17.5,N,STAT,2025-09-11 06:09,2025-09-11 06:28,2025-09-11 07:18
LAB743494,ENC118377,PT12430,NA,Sodium,140,mmol/L,136,145,N,Routine,2025-09-11 05:47,2025-09-11 06:20,2025-09-11 11:39
LAB743495,ENC118377,PT12430,K,Potassium,3.8,mmol/L,3.5,5.1,N,STAT,2025-09-11 06:45,2025-09-11 07:01,2025-09-11 07:28
LAB743496,ENC118377,PT12430,BUN,Blood Urea Nitrogen,20,mg/dL,7,20,N,STAT,2025-09-11 06:18,2025-09-11 06:41,2025-09-11 07:22
LAB743497,ENC118377,PT12430,PLT,Platelet Count,202,K/uL,150,400,N,STAT,2025-09-11 05:50,2025-09-11 06:09,2025-09-11 06:55
LAB743498,ENC118378,PT10848,GLU,Glucose,130,mg/dL,70,99,H,STAT,2025-09-11 09:00,2025-09-11 09:23,2025-09-11 10:33
LAB743499,ENC118378,PT10848,CREAT,Creatinine,1.51,mg/dL,0.6,1.3,H,STAT,2025-09-11 08:32,2025-09-11 08:38,2025-09-11 10:15
LAB743500,ENC118378,PT10848,WBC,White Blood Cell Count,14.5,K/uL,4.5,11,H,Routine,2025-09-11 08:40,2025-09-11 08:52,2025-09-11 13:50
LAB743501,ENC118378,PT10848,HGB,Hemoglobin,14.8,g/dL,12,17.5,N,STAT,2025-09-11 08:34,2025-09-11 09:05,2025-09-11 09:57
LAB743502,ENC118378,PT10848,LACT,Lactate,2.1,mmol/L,0.5,2,H,STAT,2025-09-11 08:30,2025-09-11 09:03,2025-09-11 10:15
LAB743503,ENC118381,PT10354,LDL,LDL Cholesterol,160,mg/dL,0,99,H,Routine,2025-09-11 08:59,2025-09-11 09:27,2025-09-11 20:58
LAB743504,ENC118381,PT10354,TSH,Thyroid Stimulating Hormone,1.77,mIU/L,0.4,4,N,Routine,2025-09-11 09:13,2025-09-11 09:23,2025-09-11 23:36
LAB743505,ENC118385,PT11493,LDL,LDL Cholesterol,108,mg/dL,0,99,H,Routine,2025-09-11 11:15,2025-09-11 11:41,2025-09-13 13:41
LAB743506,ENC118385,PT11493,TSH,Thyroid Stimulating Hormone,3.63,mIU/L,0.4,4,N,Routine,2025-09-11 11:12,2025-09-11 11:34,2025-09-11 18:12
LAB743507,ENC118386,PT12911,A1C,Hemoglobin A1c,9.8,%,4,5.6,H,Routine,2025-09-11 11:18,2025-09-11 11:46,2025-09-12 14:06
LAB743508,ENC118386,PT12911,GLU,Glucose,350,mg/dL,70,99,H,Routine,2025-09-11 11:26,2025-09-11 11:43,2025-09-11 12:42
LAB743509,ENC118386,PT12911,CREAT,Creatinine,1.06,mg/dL,0.6,1.3,N,Routine,2025-09-11 11:28,2025-09-11 11:55,2025-09-11 16:46
LAB743510,ENC118387,PT11096,GLU,Glucose,90,mg/dL,70,99,N,STAT,2025-09-11 11:45,2025-09-11 12:12,2025-09-11 13:14
LAB743511,ENC118387,PT11096,CREAT,Creatinine,1.01,mg/dL,0.6,1.3,N,STAT,2025-09-11 12:14,2025-09-11 12:31,2025-09-11 13:05
LAB743512,ENC118387,PT11096,WBC,White Blood Cell Count,8,K/uL,4.5,11,N,STAT,2025-09-11 12:03,2025-09-11 12:15,2025-09-11 13:03
LAB743513,ENC118387,PT11096,HGB,Hemoglobin,15.4,g/dL,12,17.5,N,STAT,2025-09-11 12:17,2025-09-11 12:28,2025-09-11 13:30
LAB743514,ENC118387,PT11096,INR,Prothrombin Time INR,2.1,ratio,0.8,1.2,H,STAT,2025-09-11 11:49,2025-09-11 11:59,2025-09-11 12:29
LAB743515,ENC118389,PT13485,WBC,White Blood Cell Count,7.1,K/uL,4.5,11,N,Routine,2025-09-11 12:34,2025-09-11 12:58,2025-09-11 20:33
LAB743516,ENC118389,PT13485,HGB,Hemoglobin,14.1,g/dL,12,17.5,N,Routine,2025-09-11 12:39,2025-09-11 12:50,2025-09-11 14:13
LAB743517,ENC118389,PT13485,PLT,Platelet Count,249,K/uL,150,400,N,Routine,2025-09-11 12:31,2025-09-11 12:49,2025-09-11 15:37
LAB743518,ENC118390,PT11661,GLU,Glucose,129,mg/dL,70,99,H,STAT,2025-09-11 13:55,2025-09-11 14:00,2025-09-11 14:40
LAB743519,ENC118390,PT11661,CREAT,Creatinine,1.02,mg/dL,0.6,1.3,N,STAT,2025-09-11 13:24,2025-09-11 13:59,2025-09-11 14:32
LAB743520,ENC118390,PT11661,WBC,White Blood Cell Count,7.6,K/uL,4.5,11,N,STAT,2025-09-11 12:47,2025-09-11 12:57,2025-09-11 13:29
LAB743521,ENC118394,PT11488,GLU,Glucose,110,mg/dL,70,99,H,Routine,2025-09-11 13:57,2025-09-11 14:25,2025-09-11 16:13
LAB743522,ENC118394,PT11488,CREAT,Creatinine,1.1,mg/dL,0.6,1.3,N,STAT,2025-09-11 13:28,2025-09-11 13:54,2025-09-11 14:25
LAB743523,ENC118394,PT11488,WBC,White Blood Cell Count,6.9,K/uL,4.5,11,N,STAT,2025-09-11 14:13,2025-09-11 14:41,2025-09-11 15:03
LAB743524,ENC118399,PT11643,GLU,Glucose,284,mg/dL,70,99,H,STAT,2025-09-11 18:59,2025-09-11 19:03,2025-09-11 19:49
LAB743525,ENC118399,PT11643,CREAT,Creatinine,0.99,mg/dL,0.6,1.3,N,STAT,2025-09-11 19:00,2025-09-11 19:13,2025-09-11 20:47
LAB743526,ENC118399,PT11643,WBC,White Blood Cell Count,9.8,K/uL,4.5,11,N,STAT,2025-09-11 19:00,2025-09-11 19:20,2025-09-11 19:57
LAB743527,ENC118399,PT11643,HGB,Hemoglobin,13.9,g/dL,12,17.5,N,STAT,2025-09-11 18:23,2025-09-11 18:49,2025-09-11 19:33
LAB743528,ENC118399,PT11643,NA,Sodium,140,mmol/L,136,145,N,STAT,2025-09-11 18:27,2025-09-11 18:56,2025-09-11 19:30
LAB743529,ENC118399,PT11643,K,Potassium,4.1,mmol/L,3.5,5.1,N,STAT,2025-09-11 18:25,2025-09-11 18:58,2025-09-11 20:50
LAB743530,ENC118405,PT13915,GLU,Glucose,94,mg/dL,70,99,N,Routine,2025-09-11 22:13,2025-09-11 22:21,2025-09-12 09:09
LAB743531,ENC118405,PT13915,CREAT,Creatinine,1.3,mg/dL,0.6,1.3,N,STAT,2025-09-11 22:37,2025-09-11 23:10,2025-09-11 23:36
LAB743532,ENC118405,PT13915,WBC,White Blood Cell Count,7.2,K/uL,4.5,11,N,STAT,2025-09-11 21:44,2025-09-11 22:02,2025-09-11 22:46
LAB743533,ENC118405,PT13915,HGB,Hemoglobin,9.6,g/dL,12,17.5,L,STAT,2025-09-11 22:39,2025-09-11 22:49,2025-09-11 23:38
LAB743534,ENC118406,PT11500,GLU,Glucose,65,mg/dL,70,99,L,STAT,2025-09-11 18:08,2025-09-11 18:31,2025-09-11 19:11
LAB743535,ENC118406,PT11500,CREAT,Creatinine,0.62,mg/dL,0.6,1.3,N,STAT,2025-09-11 18:27,2025-09-11 18:54,2025-09-11 19:52
LAB743536,ENC118406,PT11500,WBC,White Blood Cell Count,14.8,K/uL,4.5,11,H,Routine,2025-09-11 18:02,2025-09-11 18:17,2025-09-11 21:03
LAB743537,ENC118406,PT11500,HGB,Hemoglobin,12.5,g/dL,12,17.5,N,Routine,2025-09-11 18:12,2025-09-11 18:38,2025-09-11 23:26
LAB743538,ENC118407,PT10726,GLU,Glucose,74,mg/dL,70,99,N,STAT,2025-09-11 21:02,2025-09-11 21:17,2025-09-11 22:11
LAB743539,ENC118407,PT10726,CREAT,Creatinine,0.68,mg/dL,0.6,1.3,N,STAT,2025-09-11 21:04,2025-09-11 21:17,2025-09-11 22:11
LAB743540,ENC118407,PT10726,WBC,White Blood Cell Count,7.6,K/uL,4.5,11,N,Routine,2025-09-11 21:30,2025-09-11 21:51,2025-09-12 00:34
LAB743541,ENC118407,PT10726,HGB,Hemoglobin,15,g/dL,12,17.5,N,STAT,2025-09-11 21:44,2025-09-11 22:06,2025-09-11 22:50
LAB743542,ENC118407,PT10726,TROP,"Troponin I, High Sensitivity",77,ng/L,0,34,H,STAT,2025-09-11 21:21,2025-09-11 21:56,2025-09-11 22:42
LAB743543,ENC118407,PT10726,BNP,B-Type Natriuretic Peptide,921,pg/mL,0,100,H,Routine,2025-09-11 21:00,2025-09-11 21:29,2025-09-12 00:53
LAB743544,ENC118408,PT10829,GLU,Glucose,132,mg/dL,70,99,H,Routine,2025-09-11 20:11,2025-09-11 20:23,2025-09-11 21:58
LAB743545,ENC118408,PT10829,CREAT,Creatinine,1.14,mg/dL,0.6,1.3,N,STAT,2025-09-11 19:12,2025-09-11 19:45,2025-09-11 20:19
LAB743546,ENC118408,PT10829,WBC,White Blood Cell Count,7.2,K/uL,4.5,11,N,Routine,2025-09-11 19:33,2025-09-11 19:39,2025-09-11 22:34
LAB743547,ENC118410,PT11314,GLU,Glucose,103,mg/dL,70,99,H,STAT,2025-09-11 22:28,2025-09-11 23:00,2025-09-12 00:26
LAB743548,ENC118410,PT11314,CREAT,Creatinine,0.95,mg/dL,0.6,1.3,N,Routine,2025-09-11 22:32,2025-09-11 22:36,2025-09-12 00:18
LAB743549,ENC118410,PT11314,WBC,White Blood Cell Count,2.4,K/uL,4.5,11,L,STAT,2025-09-11 22:24,2025-09-11 22:42,2025-09-11 23:56
LAB743550,ENC118410,PT11314,HGB,Hemoglobin,14.1,g/dL,12,17.5,N,Routine,2025-09-11 22:18,2025-09-11 22:33,2025-09-12 00:08
LAB743551,ENC118410,PT11314,TROP,"Troponin I, High Sensitivity",485,ng/L,0,34,H,STAT,2025-09-11 22:41,2025-09-11 23:08,2025-09-12 00:05
LAB743552,ENC118411,PT11873,GLU,Glucose,119,mg/dL,70,99,H,STAT,2025-09-11 20:57,2025-09-11 21:03,2025-09-11 21:56
LAB743553,ENC118411,PT11873,CREAT,Creatinine,0.87,mg/dL,0.6,1.3,N,Routine,2025-09-11 22:04,2025-09-11 22:29,2025-09-12 00:31
LAB743554,ENC118412,PT12639,GLU,Glucose,86,mg/dL,70,99,N,STAT,2025-09-11 23:08,2025-09-11 23:20,2025-09-11 23:54
LAB743555,ENC118412,PT12639,CREAT,Creatinine,1,mg/dL,0.6,1.3,N,STAT,2025-09-12 00:03,2025-09-12 00:13,2025-09-12 01:05
LAB743556,ENC118412,PT12639,WBC,White Blood Cell Count,9.9,K/uL,4.5,11,N,STAT,2025-09-11 22:55,2025-09-11 23:25,2025-09-12 00:05
LAB743557,ENC118412,PT12639,HGB,Hemoglobin,12.1,g/dL,12,17.5,N,STAT,2025-09-11 23:18,2025-09-11 23:47,2025-09-12 00:34
LAB743558,ENC118413,PT11562,TROP,"Troponin I, High Sensitivity",5,ng/L,0,34,N,STAT,2025-09-12 04:02,2025-09-12 04:16,2025-09-12 05:40
LAB743559,ENC118416,PT10055,WBC,White Blood Cell Count,7.4,K/uL,4.5,11,N,Routine,2025-09-12 10:20,2025-09-12 10:27,2025-09-12 12:02
LAB743560,ENC118416,PT10055,HGB,Hemoglobin,13.6,g/dL,12,17.5,N,Routine,2025-09-12 10:11,2025-09-12 10:44,2025-09-12 13:13
LAB743561,ENC118416,PT10055,PLT,Platelet Count,283,K/uL,150,400,N,Routine,2025-09-12 10:05,2025-09-12 10:17,2025-09-12 11:32
LAB743562,ENC118418,PT10718,GLU,Glucose,104,mg/dL,70,99,H,STAT,2025-09-12 12:13,2025-09-12 12:45,2025-09-12 13:25
LAB743563,ENC118418,PT10718,CREAT,Creatinine,0.74,mg/dL,0.6,1.3,N,STAT,2025-09-12 12:42,2025-09-12 12:53,2025-09-12 13:38
LAB743564,ENC118418,PT10718,WBC,White Blood Cell Count,7.2,K/uL,4.5,11,N,STAT,2025-09-12 12:14,2025-09-12 12:38,2025-09-12 13:56
LAB743565,ENC118418,PT10718,HGB,Hemoglobin,15.5,g/dL,12,17.5,N,STAT,2025-09-12 11:57,2025-09-12 12:26,2025-09-12 13:25
LAB743566,ENC118419,PT12240,GLU,Glucose,112,mg/dL,70,99,H,STAT,2025-09-12 12:11,2025-09-12 12:45,2025-09-12 13:21
LAB743567,ENC118419,PT12240,CREAT,Creatinine,1.34,mg/dL,0.6,1.3,H,STAT,2025-09-12 12:34,2025-09-12 12:59,2025-09-12 13:37
LAB743568,ENC118419,PT12240,WBC,White Blood Cell Count,6.9,K/uL,4.5,11,N,STAT,2025-09-12 12:16,2025-09-12 12:50,2025-09-12 13:55
LAB743569,ENC118419,PT12240,HGB,Hemoglobin,13,g/dL,12,17.5,N,STAT,2025-09-12 11:48,2025-09-12 11:52,2025-09-12 12:36
LAB743570,ENC118420,PT12718,LDL,LDL Cholesterol,83,mg/dL,0,99,N,Routine,2025-09-12 11:50,2025-09-12 12:09,2025-09-12 22:49
LAB743571,ENC118420,PT12718,TSH,Thyroid Stimulating Hormone,1.33,mIU/L,0.4,4,N,Routine,2025-09-12 11:57,2025-09-12 12:10,2025-09-13 14:07
LAB743572,ENC118421,PT13203,GLU,Glucose,95,mg/dL,70,99,N,STAT,2025-09-12 12:06,2025-09-12 12:19,2025-09-12 13:06
LAB743573,ENC118421,PT13203,CREAT,Creatinine,0.83,mg/dL,0.6,1.3,N,STAT,2025-09-12 11:53,2025-09-12 12:17,2025-09-12 12:40
LAB743574,ENC118424,PT10839,WBC,White Blood Cell Count,10.7,K/uL,4.5,11,N,Routine,2025-09-12 15:15,2025-09-12 15:43,2025-09-12 21:53
LAB743575,ENC118424,PT10839,HGB,Hemoglobin,13,g/dL,12,17.5,N,Routine,2025-09-12 14:54,2025-09-12 15:07,2025-09-12 17:26
LAB743576,ENC118424,PT10839,PLT,Platelet Count,261,K/uL,150,400,N,Routine,2025-09-12 14:51,2025-09-12 15:00,2025-09-12 18:39
LAB743577,ENC118425,PT13131,LDL,LDL Cholesterol,117,mg/dL,0,99,H,Routine,2025-09-12 16:12,2025-09-12 16:44,2025-09-13 23:32
LAB743578,ENC118425,PT13131,A1C,Hemoglobin A1c,9.3,%,4,5.6,H,Routine,2025-09-12 16:13,2025-09-12 16:48,2025-09-13 05:31
LAB743579,ENC118426,PT11882,GLU,Glucose,102,mg/dL,70,99,H,STAT,2025-09-12 18:36,2025-09-12 19:09,2025-09-12 20:48
LAB743580,ENC118426,PT11882,CREAT,Creatinine,2.75,mg/dL,0.6,1.3,H,Routine,2025-09-12 18:29,2025-09-12 18:59,2025-09-12 20:47
LAB743581,ENC118426,PT11882,WBC,White Blood Cell Count,9.2,K/uL,4.5,11,N,Routine,2025-09-12 18:03,2025-09-12 18:19,2025-09-12 21:42
LAB743582,ENC118426,PT11882,HGB,Hemoglobin,13.4,g/dL,12,17.5,N,STAT,2025-09-12 18:09,2025-09-12 18:40,2025-09-12 19:24
LAB743583,ENC118426,PT11882,NA,Sodium,141,mmol/L,136,145,N,STAT,2025-09-12 18:39,2025-09-12 18:50,2025-09-12 20:29
LAB743584,ENC118426,PT11882,K,Potassium,5.2,mmol/L,3.5,5.1,H,STAT,2025-09-12 17:52,2025-09-12 18:03,2025-09-12 19:02
LAB743585,ENC118428,PT10144,GLU,Glucose,126,mg/dL,70,99,H,STAT,2025-09-12 22:31,2025-09-12 22:58,2025-09-12 23:30
LAB743586,ENC118428,PT10144,CREAT,Creatinine,1.23,mg/dL,0.6,1.3,N,STAT,2025-09-12 22:23,2025-09-12 22:36,2025-09-12 23:32
LAB743587,ENC118428,PT10144,WBC,White Blood Cell Count,15.5,K/uL,4.5,11,H,Routine,2025-09-12 21:40,2025-09-12 22:02,2025-09-13 00:23
LAB743588,ENC118428,PT10144,HGB,Hemoglobin,12.8,g/dL,12,17.5,N,STAT,2025-09-12 21:57,2025-09-12 22:29,2025-09-12 23:36
LAB743589,ENC118428,PT10144,BUN,Blood Urea Nitrogen,12,mg/dL,7,20,N,Routine,2025-09-12 21:47,2025-09-12 22:00,2025-09-13 01:50
LAB743590,ENC118428,PT10144,PLT,Platelet Count,280,K/uL,150,400,N,STAT,2025-09-12 21:45,2025-09-12 22:20,2025-09-12 23:11
LAB743591,ENC118429,PT12958,GLU,Glucose,100,mg/dL,70,99,H,STAT,2025-09-12 23:31,2025-09-12 23:43,2025-09-13 00:48
LAB743592,ENC118429,PT12958,CREAT,Creatinine,0.73,mg/dL,0.6,1.3,N,STAT,2025-09-12 23:21,2025-09-12 23:33,2025-09-13 01:22
LAB743593,ENC118429,PT12958,WBC,White Blood Cell Count,8.2,K/uL,4.5,11,N,STAT,2025-09-12 23:20,2025-09-12 23:54,2025-09-13 00:51
LAB743594,ENC118429,PT12958,HGB,Hemoglobin,13.6,g/dL,12,17.5,N,STAT,2025-09-12 23:29,2025-09-12 23:37,2025-09-13 00:32
LAB743595,ENC118429,PT12958,NA,Sodium,138,mmol/L,136,145,N,STAT,2025-09-13 00:09,2025-09-13 00:28,2025-09-13 01:22
LAB743596,ENC118429,PT12958,K,Potassium,4.5,mmol/L,3.5,5.1,N,STAT,2025-09-13 00:07,2025-09-13 00:42,2025-09-13 01:21
LAB743597,ENC118429,PT12958,BUN,Blood Urea Nitrogen,11,mg/dL,7,20,N,STAT,2025-09-13 00:26,2025-09-13 00:42,2025-09-13 01:28
LAB743598,ENC118429,PT12958,PLT,Platelet Count,275,K/uL,150,400,N,Routine,2025-09-13 00:21,2025-09-13 00:36,2025-09-13 05:22
LAB743599,ENC118430,PT13087,A1C,Hemoglobin A1c,9.2,%,4,5.6,H,STAT,2025-09-12 19:25,2025-09-12 19:45,2025-09-12 20:32
LAB743600,ENC118431,PT11232,GLU,Glucose,134,mg/dL,70,99,H,STAT,2025-09-12 19:40,2025-09-12 19:54,2025-09-12 20:41
LAB743601,ENC118431,PT11232,CREAT,Creatinine,1.26,mg/dL,0.6,1.3,N,Routine,2025-09-12 19:44,2025-09-12 19:58,2025-09-12 23:07
LAB743602,ENC118431,PT11232,WBC,White Blood Cell Count,16,K/uL,4.5,11,H,Routine,2025-09-12 20:22,2025-09-12 20:55,2025-09-12 23:48
LAB743603,ENC118436,PT12623,GLU,Glucose,96,mg/dL,70,99,N,STAT,2025-09-13 03:54,2025-09-13 04:22,2025-09-13 05:03
LAB743604,ENC118436,PT12623,CREAT,Creatinine,0.84,mg/dL,0.6,1.3,N,Routine,2025-09-13 04:44,2025-09-13 04:58,2025-09-13 07:03
LAB743605,ENC118436,PT12623,WBC,White Blood Cell Count,19.2,K/uL,4.5,11,H,STAT,2025-09-13 04:45,2025-09-13 05:04,2025-09-13 05:38
LAB743606,ENC118436,PT12623,HGB,Hemoglobin,14,g/dL,12,17.5,N,Routine,2025-09-13 04:02,2025-09-13 04:14,2025-09-13 18:26
LAB743607,ENC118437,PT13736,GLU,Glucose,110,mg/dL,70,99,H,Routine,2025-09-13 00:12,2025-09-13 00:38,2025-09-13 03:36
LAB743608,ENC118437,PT13736,CREAT,Creatinine,0.97,mg/dL,0.6,1.3,N,Routine,2025-09-13 00:11,2025-09-13 00:37,2025-09-13 02:53
LAB743609,ENC118437,PT13736,WBC,White Blood Cell Count,8.1,K/uL,4.5,11,N,Routine,2025-09-13 00:35,2025-09-13 00:43,2025-09-13 03:25
LAB743610,ENC118437,PT13736,HGB,Hemoglobin,12.5,g/dL,12,17.5,N,Routine,2025-09-13 00:37,2025-09-13 00:48,2025-09-13 02:54
LAB743611,ENC118438,PT11646,GLU,Glucose,133,mg/dL,70,99,H,Routine,2025-09-13 04:51,2025-09-13 05:05,2025-09-13 06:56
LAB743612,ENC118438,PT11646,CREAT,Creatinine,1.1,mg/dL,0.6,1.3,N,STAT,2025-09-13 04:12,2025-09-13 04:21,2025-09-13 04:49
LAB743613,ENC118438,PT11646,WBC,White Blood Cell Count,6.3,K/uL,4.5,11,N,Routine,2025-09-13 04:26,2025-09-13 04:58,2025-09-13 06:43
LAB743614,ENC118438,PT11646,HGB,Hemoglobin,12.2,g/dL,12,17.5,N,Routine,2025-09-13 04:52,2025-09-13 05:10,2025-09-13 06:27
LAB743615,ENC118439,PT13798,GLU,Glucose,120,mg/dL,70,99,H,STAT,2025-09-13 16:08,2025-09-13 16:20,2025-09-13 16:48
LAB743616,ENC118439,PT13798,CREAT,Creatinine,0.81,mg/dL,0.6,1.3,N,STAT,2025-09-13 15:14,2025-09-13 15:27,2025-09-13 16:34
LAB743617,ENC118439,PT13798,WBC,White Blood Cell Count,6,K/uL,4.5,11,N,STAT,2025-09-13 15:15,2025-09-13 15:48,2025-09-13 17:06
LAB743618,ENC118439,PT13798,HGB,Hemoglobin,12.7,g/dL,12,17.5,N,STAT,2025-09-13 16:01,2025-09-13 16:19,2025-09-13 16:44
LAB743619,ENC118439,PT13798,NA,Sodium,142,mmol/L,136,145,N,STAT,2025-09-13 15:55,2025-09-13 16:04,2025-09-13 16:33
LAB743620,ENC118439,PT13798,K,Potassium,4.1,mmol/L,3.5,5.1,N,STAT,2025-09-13 15:28,2025-09-13 15:39,2025-09-13 16:50
LAB743621,ENC118440,PT11023,GLU,Glucose,117,mg/dL,70,99,H,STAT,2025-09-13 14:42,2025-09-13 15:12,2025-09-13 15:55
LAB743622,ENC118440,PT11023,CREAT,Creatinine,0.55,mg/dL,0.6,1.3,L,STAT,2025-09-13 14:54,2025-09-13 15:00,2025-09-13 15:54
LAB743623,ENC118440,PT11023,WBC,White Blood Cell Count,5.3,K/uL,4.5,11,N,STAT,2025-09-13 15:03,2025-09-13 15:36,2025-09-13 16:06
LAB743624,ENC118440,PT11023,HGB,Hemoglobin,15.3,g/dL,12,17.5,N,STAT,2025-09-13 14:28,2025-09-13 14:38,2025-09-13 16:08
LAB743625,ENC118440,PT11023,TROP,"Troponin I, High Sensitivity",51,ng/L,0,34,H,STAT,2025-09-13 14:29,2025-09-13 15:00,2025-09-13 15:39
LAB743626,ENC118440,PT11023,BNP,B-Type Natriuretic Peptide,6152,pg/mL,0,100,H,Routine,2025-09-13 15:02,2025-09-13 15:10,2025-09-13 18:03
LAB743627,ENC118441,PT13714,GLU,Glucose,110,mg/dL,70,99,H,STAT,2025-09-13 12:43,2025-09-13 12:56,2025-09-13 13:42
LAB743628,ENC118441,PT13714,CREAT,Creatinine,0.81,mg/dL,0.6,1.3,N,STAT,2025-09-13 13:09,2025-09-13 13:16,2025-09-13 13:51
LAB743629,ENC118441,PT13714,WBC,White Blood Cell Count,9.7,K/uL,4.5,11,N,STAT,2025-09-13 13:36,2025-09-13 13:44,2025-09-13 14:51
LAB743630,ENC118443,PT13290,GLU,Glucose,116,mg/dL,70,99,H,Routine,2025-09-13 15:58,2025-09-13 16:11,2025-09-13 19:07
LAB743631,ENC118443,PT13290,CREAT,Creatinine,2.8,mg/dL,0.6,1.3,H,STAT,2025-09-13 15:31,2025-09-13 15:45,2025-09-13 16:46
LAB743632,ENC118443,PT13290,WBC,White Blood Cell Count,11,K/uL,4.5,11,N,Routine,2025-09-13 15:36,2025-09-13 16:00,2025-09-13 17:05
LAB743633,ENC118443,PT13290,HGB,Hemoglobin,11,g/dL,12,17.5,L,Routine,2025-09-13 15:19,2025-09-13 15:37,2025-09-13 17:35
LAB743634,ENC118443,PT13290,NA,Sodium,139,mmol/L,136,145,N,STAT,2025-09-13 15:39,2025-09-13 15:56,2025-09-13 16:50
LAB743635,ENC118443,PT13290,K,Potassium,4.3,mmol/L,3.5,5.1,N,STAT,2025-09-13 15:55,2025-09-13 16:30,2025-09-13 17:23
LAB743636,ENC118444,PT10604,GLU,Glucose,293,mg/dL,70,99,H,STAT,2025-09-13 16:09,2025-09-13 16:28,2025-09-13 17:17
LAB743637,ENC118444,PT10604,CREAT,Creatinine,1.18,mg/dL,0.6,1.3,N,Routine,2025-09-13 16:03,2025-09-13 16:29,2025-09-13 23:40
LAB743638,ENC118445,PT13506,GLU,Glucose,88,mg/dL,70,99,N,STAT,2025-09-13 23:54,2025-09-13 23:58,2025-09-14 00:59
LAB743639,ENC118445,PT13506,CREAT,Creatinine,1.18,mg/dL,0.6,1.3,N,Routine,2025-09-13 23:39,2025-09-13 23:57,2025-09-14 03:03
LAB743640,ENC118445,PT13506,WBC,White Blood Cell Count,6.8,K/uL,4.5,11,N,Routine,2025-09-13 23:48,2025-09-13 23:55,2025-09-14 01:06
LAB743641,ENC118445,PT13506,HGB,Hemoglobin,13.9,g/dL,12,17.5,N,Routine,2025-09-13 23:27,2025-09-13 23:49,2025-09-14 03:07
LAB743642,ENC118445,PT13506,NA,Sodium,140,mmol/L,136,145,N,STAT,2025-09-13 23:10,2025-09-13 23:22,2025-09-13 23:51
LAB743643,ENC118445,PT13506,K,Potassium,4.5,mmol/L,3.5,5.1,N,STAT,2025-09-13 23:04,2025-09-13 23:19,2025-09-13 23:40
LAB743644,ENC118445,PT13506,BUN,Blood Urea Nitrogen,19,mg/dL,7,20,N,Routine,2025-09-13 23:01,2025-09-13 23:23,2025-09-14 02:43
LAB743645,ENC118445,PT13506,PLT,Platelet Count,192,K/uL,150,400,N,Routine,2025-09-14 00:06,2025-09-14 00:28,2025-09-14 04:46
LAB743646,ENC118446,PT13907,GLU,Glucose,84,mg/dL,70,99,N,STAT,2025-09-13 19:36,2025-09-13 20:08,2025-09-13 21:30
LAB743647,ENC118446,PT13907,CREAT,Creatinine,1.2,mg/dL,0.6,1.3,N,STAT,2025-09-13 20:04,2025-09-13 20:21,2025-09-13 21:15
LAB743648,ENC118446,PT13907,WBC,White Blood Cell Count,4.4,K/uL,4.5,11,L,STAT,2025-09-13 19:08,2025-09-13 19:19,2025-09-13 20:02
LAB743649,ENC118446,PT13907,HGB,Hemoglobin,13.5,g/dL,12,17.5,N,STAT,2025-09-13 19:43,2025-09-13 20:05,2025-09-13 21:11
LAB743650,ENC118447,PT10530,GLU,Glucose,115,mg/dL,70,99,H,STAT,2025-09-13 20:20,2025-09-13 20:36,2025-09-13 21:06
LAB743651,ENC118447,PT10530,CREAT,Creatinine,1.08,mg/dL,0.6,1.3,N,STAT,2025-09-13 20:44,2025-09-13 21:15,2025-09-13 21:44
LAB743652,ENC118447,PT10530,WBC,White Blood Cell Count,9.7,K/uL,4.5,11,N,Routine,2025-09-13 20:28,2025-09-13 20:32,2025-09-13 22:47
LAB743653,ENC118447,PT10530,HGB,Hemoglobin,12.4,g/dL,12,17.5,N,STAT,2025-09-13 20:56,2025-09-13 21:06,2025-09-13 22:01
LAB743654,ENC118447,PT10530,TROP,"Troponin I, High Sensitivity",8,ng/L,0,34,N,STAT,2025-09-13 20:50,2025-09-13 21:21,2025-09-13 22:05
LAB743655,ENC118447,PT10530,BNP,B-Type Natriuretic Peptide,663,pg/mL,0,100,H,STAT,2025-09-13 20:45,2025-09-13 21:09,2025-09-13 22:03
LAB743656,ENC118448,PT12868,GLU,Glucose,93,mg/dL,70,99,N,STAT,2025-09-13 23:31,2025-09-13 23:57,2025-09-14 00:31
LAB743657,ENC118448,PT12868,CREAT,Creatinine,0.2,mg/dL,0.6,1.3,L,STAT,2025-09-13 22:51,2025-09-13 23:11,2025-09-13 23:44
LAB743658,ENC118448,PT12868,WBC,White Blood Cell Count,7.5,K/uL,4.5,11,N,STAT,2025-09-13 22:50,2025-09-13 23:05,2025-09-13 23:38
LAB743659,ENC118448,PT12868,HGB,Hemoglobin,11.8,g/dL,12,17.5,L,STAT,2025-09-13 23:45,2025-09-13 23:58,2025-09-14 01:16
LAB743660,ENC118448,PT12868,NA,Sodium,141,mmol/L,136,145,N,STAT,2025-09-13 22:47,2025-09-13 23:10,2025-09-13 23:57
LAB743661,ENC118448,PT12868,K,Potassium,5.3,mmol/L,3.5,5.1,H,STAT,2025-09-13 23:06,2025-09-13 23:24,2025-09-13 23:58
LAB743662,ENC118449,PT13140,GLU,Glucose,119,mg/dL,70,99,H,Routine,2025-09-14 05:24,2025-09-14 05:30,2025-09-14 08:27
LAB743663,ENC118449,PT13140,CREAT,Creatinine,0.8,mg/dL,0.6,1.3,N,Routine,2025-09-14 05:48,2025-09-14 05:57,2025-09-14 07:42
LAB743664,ENC118449,PT13140,WBC,White Blood Cell Count,14.9,K/uL,4.5,11,H,STAT,2025-09-14 04:47,2025-09-14 05:17,2025-09-14 06:20
LAB743665,ENC118449,PT13140,HGB,Hemoglobin,15.8,g/dL,12,17.5,N,Routine,2025-09-14 05:39,2025-09-14 06:03,2025-09-14 07:44
LAB743666,ENC118449,PT13140,BUN,Blood Urea Nitrogen,9,mg/dL,7,20,N,Routine,2025-09-14 04:46,2025-09-14 05:11,2025-09-14 07:07
LAB743667,ENC118449,PT13140,PLT,Platelet Count,186,K/uL,150,400,N,Routine,2025-09-14 05:09,2025-09-14 05:43,2025-09-14 07:12
LAB743668,ENC118450,PT10912,GLU,Glucose,111,mg/dL,70,99,H,Routine,2025-09-14 05:27,2025-09-14 05:33,2025-09-14 09:24
LAB743669,ENC118450,PT10912,CREAT,Creatinine,0.89,mg/dL,0.6,1.3,N,Routine,2025-09-14 05:10,2025-09-14 05:35,2025-09-14 09:10
LAB743670,ENC118450,PT10912,WBC,White Blood Cell Count,12.7,K/uL,4.5,11,H,STAT,2025-09-14 05:53,2025-09-14 06:24,2025-09-14 07:15
LAB743671,ENC118451,PT10364,GLU,Glucose,88,mg/dL,70,99,N,Routine,2025-09-14 11:58,2025-09-14 12:08,2025-09-14 21:36
LAB743672,ENC118451,PT10364,CREAT,Creatinine,1.16,mg/dL,0.6,1.3,N,STAT,2025-09-14 11:27,2025-09-14 11:49,2025-09-14 12:36
LAB743673,ENC118451,PT10364,WBC,White Blood Cell Count,6.6,K/uL,4.5,11,N,STAT,2025-09-14 11:40,2025-09-14 11:47,2025-09-14 12:49
LAB743674,ENC118451,PT10364,HGB,Hemoglobin,11.2,g/dL,12,17.5,L,Routine,2025-09-14 11:05,2025-09-14 11:26,2025-09-14 12:43
LAB743675,ENC118453,PT10388,GLU,Glucose,90,mg/dL,70,99,N,STAT,2025-09-14 11:43,2025-09-14 12:02,2025-09-14 12:30
LAB743676,ENC118453,PT10388,CREAT,Creatinine,1.02,mg/dL,0.6,1.3,N,Routine,2025-09-14 11:12,2025-09-14 11:35,2025-09-14 14:34
LAB743677,ENC118453,PT10388,WBC,White Blood Cell Count,9.7,K/uL,4.5,11,N,STAT,2025-09-14 10:48,2025-09-14 10:53,2025-09-14 12:25
LAB743678,ENC118453,PT10388,HGB,Hemoglobin,12.6,g/dL,12,17.5,N,STAT,2025-09-14 10:41,2025-09-14 11:10,2025-09-14 12:16
LAB743679,ENC118454,PT13984,GLU,Glucose,68,mg/dL,70,99,L,Routine,2025-09-14 13:48,2025-09-14 14:17,2025-09-14 16:53
LAB743680,ENC118454,PT13984,CREAT,Creatinine,1.11,mg/dL,0.6,1.3,N,STAT,2025-09-14 13:52,2025-09-14 14:22,2025-09-14 14:59
LAB743681,ENC118454,PT13984,WBC,White Blood Cell Count,8.3,K/uL,4.5,11,N,STAT,2025-09-14 13:47,2025-09-14 13:55,2025-09-14 14:47
LAB743682,ENC118456,PT13473,GLU,Glucose,85,mg/dL,70,99,N,STAT,2025-09-14 18:10,2025-09-14 18:17,2025-09-14 18:46
LAB743683,ENC118456,PT13473,CREAT,Creatinine,0.59,mg/dL,0.6,1.3,L,STAT,2025-09-14 18:34,2025-09-14 19:04,2025-09-14 21:49
LAB743684,ENC118456,PT13473,WBC,White Blood Cell Count,10.7,K/uL,4.5,11,N,STAT,2025-09-14 18:12,2025-09-14 18:18,2025-09-14 18:51
LAB743685,ENC118456,PT13473,HGB,Hemoglobin,12.1,g/dL,12,17.5,N,STAT,2025-09-14 18:12,2025-09-14 18:41,2025-09-14 19:08
LAB743686,ENC118457,PT12594,GLU,Glucose,194,mg/dL,70,99,H,STAT,2025-09-14 18:10,2025-09-14 18:27,2025-09-14 18:49
LAB743687,ENC118457,PT12594,CREAT,Creatinine,1.39,mg/dL,0.6,1.3,H,STAT,2025-09-14 17:19,2025-09-14 17:32,2025-09-14 18:14
LAB743688,ENC118457,PT12594,WBC,White Blood Cell Count,8.8,K/uL,4.5,11,N,Routine,2025-09-14 17:45,2025-09-14 18:04,2025-09-14 19:50
LAB743689,ENC118457,PT12594,HGB,Hemoglobin,13.6,g/dL,12,17.5,N,STAT,2025-09-14 17:48,2025-09-14 18:17,2025-09-14 18:52
LAB743690,ENC118457,PT12594,INR,Prothrombin Time INR,1.3,ratio,0.8,1.2,H,STAT,2025-09-14 18:00,2025-09-14 18:28,2025-09-14 19:06
LAB743691,ENC118459,PT11003,GLU,Glucose,124,mg/dL,70,99,H,Routine,2025-09-14 20:07,2025-09-14 20:40,2025-09-15 02:51
LAB743692,ENC118459,PT11003,CREAT,Creatinine,0.39,mg/dL,0.6,1.3,L,Routine,2025-09-14 20:10,2025-09-14 20:31,2025-09-14 23:51
LAB743693,ENC118459,PT11003,WBC,White Blood Cell Count,6.9,K/uL,4.5,11,N,STAT,2025-09-14 19:54,2025-09-14 20:06,2025-09-14 21:16
LAB743694,ENC118461,PT13507,GLU,Glucose,99,mg/dL,70,99,N,STAT,2025-09-15 00:30,2025-09-15 00:52,2025-09-15 01:43
LAB743695,ENC118461,PT13507,CREAT,Creatinine,1.1,mg/dL,0.6,1.3,N,STAT,2025-09-15 00:46,2025-09-15 01:06,2025-09-15 02:31
LAB743696,ENC118461,PT13507,WBC,White Blood Cell Count,9.1,K/uL,4.5,11,N,STAT,2025-09-15 00:47,2025-09-15 00:54,2025-09-15 01:15
LAB743697,ENC118461,PT13507,HGB,Hemoglobin,12.6,g/dL,12,17.5,N,Routine,2025-09-14 23:56,2025-09-15 00:16,2025-09-15 02:08
LAB743698,ENC118463,PT11729,GLU,Glucose,135,mg/dL,70,99,H,STAT,2025-09-14 23:35,2025-09-15 00:07,2025-09-15 00:32
LAB743699,ENC118463,PT11729,CREAT,Creatinine,1.3,mg/dL,0.6,1.3,N,STAT,2025-09-14 23:11,2025-09-14 23:42,2025-09-15 01:01
LAB743700,ENC118465,PT12778,GLU,Glucose,87,mg/dL,70,99,N,Routine,2025-09-15 05:04,2025-09-15 05:39,2025-09-15 12:11
LAB743701,ENC118465,PT12778,CREAT,Creatinine,4.77,mg/dL,0.6,1.3,H,Routine,2025-09-15 05:26,2025-09-15 05:45,2025-09-15 07:02
LAB743702,ENC118465,PT12778,WBC,White Blood Cell Count,6.9,K/uL,4.5,11,N,Routine,2025-09-15 04:20,2025-09-15 04:51,2025-09-15 06:12
LAB743703,ENC118465,PT12778,HGB,Hemoglobin,15.9,g/dL,12,17.5,N,STAT,2025-09-15 04:30,2025-09-15 04:38,2025-09-15 05:03
LAB743704,ENC118465,PT12778,NA,Sodium,137,mmol/L,136,145,N,STAT,2025-09-15 05:25,2025-09-15 05:29,2025-09-15 06:11
LAB743705,ENC118465,PT12778,K,Potassium,4.7,mmol/L,3.5,5.1,N,STAT,2025-09-15 05:09,2025-09-15 05:16,2025-09-15 05:45
LAB743706,ENC118467,PT13942,GLU,Glucose,101,mg/dL,70,99,H,STAT,2025-09-15 11:46,2025-09-15 12:02,2025-09-15 12:30
LAB743707,ENC118467,PT13942,CREAT,Creatinine,1.09,mg/dL,0.6,1.3,N,Routine,2025-09-15 11:28,2025-09-15 11:42,2025-09-15 14:14
LAB743708,ENC118467,PT13942,WBC,White Blood Cell Count,6.7,K/uL,4.5,11,N,Routine,2025-09-15 11:31,2025-09-15 11:51,2025-09-15 13:13
LAB743709,ENC118467,PT13942,HGB,Hemoglobin,13.4,g/dL,12,17.5,N,STAT,2025-09-15 11:31,2025-09-15 11:52,2025-09-15 12:20
LAB743710,ENC118467,PT13942,TROP,"Troponin I, High Sensitivity",4,ng/L,0,34,N,STAT,2025-09-15 12:04,2025-09-15 12:20,2025-09-15 13:03
LAB743711,ENC118470,PT12988,WBC,White Blood Cell Count,8,K/uL,4.5,11,N,Routine,2025-09-15 08:47,2025-09-15 09:12,2025-09-15 10:28
LAB743712,ENC118470,PT12988,HGB,Hemoglobin,12.5,g/dL,12,17.5,N,Routine,2025-09-15 08:42,2025-09-15 08:46,2025-09-15 11:36
LAB743713,ENC118470,PT12988,PLT,Platelet Count,282,K/uL,150,400,N,Routine,2025-09-15 08:42,2025-09-15 09:07,2025-09-15 12:19
LAB743714,ENC118471,PT10588,GLU,Glucose,83,mg/dL,70,99,N,STAT,2025-09-15 09:57,2025-09-15 10:03,2025-09-15 10:28
LAB743715,ENC118471,PT10588,CREAT,Creatinine,2.79,mg/dL,0.6,1.3,H,STAT,2025-09-15 09:32,2025-09-15 09:39,2025-09-15 10:21
LAB743716,ENC118471,PT10588,WBC,White Blood Cell Count,6,K/uL,4.5,11,N,STAT,2025-09-15 10:00,2025-09-15 10:26,2025-09-15 11:00
LAB743717,ENC118471,PT10588,HGB,Hemoglobin,11.5,g/dL,12,17.5,L,STAT,2025-09-15 09:29,2025-09-15 09:38,2025-09-15 10:08
LAB743718,ENC118473,PT10719,LDL,LDL Cholesterol,108,mg/dL,0,99,H,Routine,2025-09-15 10:42,2025-09-15 11:00,2025-09-16 21:11
LAB743719,ENC118473,PT10719,A1C,Hemoglobin A1c,9.4,%,4,5.6,H,Routine,2025-09-15 10:39,2025-09-15 10:51,2025-09-16 01:38
LAB743720,ENC118474,PT12478,GLU,Glucose,117,mg/dL,70,99,H,Routine,2025-09-15 11:29,2025-09-15 11:45,2025-09-15 13:20
LAB743721,ENC118474,PT12478,CREAT,Creatinine,1.25,mg/dL,0.6,1.3,N,Routine,2025-09-15 11:07,2025-09-15 11:16,2025-09-15 17:08
LAB743722,ENC118474,PT12478,WBC,White Blood Cell Count,5.4,K/uL,4.5,11,N,STAT,2025-09-15 10:43,2025-09-15 11:17,2025-09-15 12:28
LAB743723,ENC118474,PT12478,HGB,Hemoglobin,11,g/dL,12,17.5,L,Routine,2025-09-15 11:22,2025-09-15 11:45,2025-09-15 16:27
LAB743724,ENC118475,PT12922,GLU,Glucose,100,mg/dL,70,99,H,STAT,2025-09-15 16:44,2025-09-15 16:53,2025-09-15 17:57
LAB743725,ENC118475,PT12922,CREAT,Creatinine,0.67,mg/dL,0.6,1.3,N,STAT,2025-09-15 16:18,2025-09-15 16:33,2025-09-15 17:13
LAB743726,ENC118475,PT12922,WBC,White Blood Cell Count,8.2,K/uL,4.5,11,N,Routine,2025-09-15 15:50,2025-09-15 16:19,2025-09-15 19:41
LAB743727,ENC118475,PT12922,HGB,Hemoglobin,13.5,g/dL,12,17.5,N,STAT,2025-09-15 15:46,2025-09-15 16:12,2025-09-15 16:44
LAB743728,ENC118475,PT12922,TROP,"Troponin I, High Sensitivity",39,ng/L,0,34,H,STAT,2025-09-15 15:51,2025-09-15 16:19,2025-09-15 16:58
LAB743729,ENC118475,PT12922,BNP,B-Type Natriuretic Peptide,264,pg/mL,0,100,H,STAT,2025-09-15 16:17,2025-09-15 16:36,2025-09-15 17:04
LAB743730,ENC118479,PT11228,GLU,Glucose,122,mg/dL,70,99,H,Routine,2025-09-15 15:43,2025-09-15 16:09,2025-09-15 16:59
LAB743731,ENC118479,PT11228,CREAT,Creatinine,1.08,mg/dL,0.6,1.3,N,STAT,2025-09-15 14:59,2025-09-15 15:14,2025-09-15 15:38
LAB743732,ENC118479,PT11228,WBC,White Blood Cell Count,8.6,K/uL,4.5,11,N,STAT,2025-09-15 15:16,2025-09-15 15:42,2025-09-15 16:19
LAB743733,ENC118479,PT11228,HGB,Hemoglobin,11.7,g/dL,12,17.5,L,STAT,2025-09-15 14:48,2025-09-15 15:10,2025-09-15 15:39
LAB743734,ENC118482,PT10373,A1C,Hemoglobin A1c,13.6,%,4,5.6,H,Routine,2025-09-15 15:52,2025-09-15 15:57,2025-09-16 16:39
LAB743735,ENC118483,PT11657,GLU,Glucose,104,mg/dL,70,99,H,STAT,2025-09-15 16:13,2025-09-15 16:47,2025-09-15 17:18
LAB743736,ENC118483,PT11657,CREAT,Creatinine,1.07,mg/dL,0.6,1.3,N,Routine,2025-09-15 16:46,2025-09-15 17:21,2025-09-15 19:58
LAB743737,ENC118483,PT11657,WBC,White Blood Cell Count,9.4,K/uL,4.5,11,N,STAT,2025-09-15 16:45,2025-09-15 16:51,2025-09-15 17:46
LAB743738,ENC118483,PT11657,HGB,Hemoglobin,15.4,g/dL,12,17.5,N,STAT,2025-09-15 16:02,2025-09-15 16:34,2025-09-15 17:20
LAB743739,ENC118483,PT11657,NA,Sodium,139,mmol/L,136,145,N,STAT,2025-09-15 16:26,2025-09-15 16:56,2025-09-15 17:15
LAB743740,ENC118483,PT11657,K,Potassium,3.7,mmol/L,3.5,5.1,N,STAT,2025-09-15 16:34,2025-09-15 16:50,2025-09-15 17:49
LAB743741,ENC118486,PT12465,GLU,Glucose,100,mg/dL,70,99,H,STAT,2025-09-15 17:05,2025-09-15 17:10,2025-09-15 17:28
LAB743742,ENC118486,PT12465,CREAT,Creatinine,0.32,mg/dL,0.6,1.3,L,STAT,2025-09-15 16:36,2025-09-15 16:55,2025-09-15 17:43
LAB743743,ENC118486,PT12465,WBC,White Blood Cell Count,6.8,K/uL,4.5,11,N,STAT,2025-09-15 16:15,2025-09-15 16:42,2025-09-15 17:14
LAB743744,ENC118488,PT11053,GLU,Glucose,106,mg/dL,70,99,H,STAT,2025-09-15 20:56,2025-09-15 21:08,2025-09-15 22:30
LAB743745,ENC118488,PT11053,CREAT,Creatinine,0.96,mg/dL,0.6,1.3,N,STAT,2025-09-15 21:18,2025-09-15 21:37,2025-09-15 22:11
LAB743746,ENC118488,PT11053,WBC,White Blood Cell Count,6.4,K/uL,4.5,11,N,STAT,2025-09-15 21:41,2025-09-15 22:10,2025-09-15 23:17
LAB743747,ENC118488,PT11053,HGB,Hemoglobin,13.3,g/dL,12,17.5,N,STAT,2025-09-15 21:43,2025-09-15 21:56,2025-09-15 22:42
LAB743748,ENC118490,PT12957,GLU,Glucose,327,mg/dL,70,99,H,STAT,2025-09-15 19:00,2025-09-15 19:08,2025-09-15 19:36
LAB743749,ENC118490,PT12957,CREAT,Creatinine,0.68,mg/dL,0.6,1.3,N,STAT,2025-09-15 19:09,2025-09-15 19:26,2025-09-15 20:30
LAB743750,ENC118490,PT12957,WBC,White Blood Cell Count,6.4,K/uL,4.5,11,N,STAT,2025-09-15 19:06,2025-09-15 19:36,2025-09-15 20:09
LAB743751,ENC118490,PT12957,HGB,Hemoglobin,16.6,g/dL,12,17.5,N,STAT,2025-09-15 19:30,2025-09-15 19:50,2025-09-15 20:36
LAB743752,ENC118491,PT13385,GLU,Glucose,100,mg/dL,70,99,H,STAT,2025-09-15 19:44,2025-09-15 20:15,2025-09-15 20:42
LAB743753,ENC118491,PT13385,CREAT,Creatinine,0.67,mg/dL,0.6,1.3,N,STAT,2025-09-15 18:46,2025-09-15 18:53,2025-09-15 19:43
LAB743754,ENC118492,PT11377,GLU,Glucose,97,mg/dL,70,99,N,STAT,2025-09-16 00:46,2025-09-16 01:13,2025-09-16 02:14
LAB743755,ENC118492,PT11377,CREAT,Creatinine,0.8,mg/dL,0.6,1.3,N,Routine,2025-09-16 01:09,2025-09-16 01:15,2025-09-16 07:50
LAB743756,ENC118492,PT11377,WBC,White Blood Cell Count,7.7,K/uL,4.5,11,N,STAT,2025-09-15 23:59,2025-09-16 00:05,2025-09-16 00:42
LAB743757,ENC118492,PT11377,HGB,Hemoglobin,13.4,g/dL,12,17.5,N,Routine,2025-09-16 00:12,2025-09-16 00:34,2025-09-16 02:01
LAB743758,ENC118493,PT12226,GLU,Glucose,87,mg/dL,70,99,N,STAT,2025-09-16 07:06,2025-09-16 07:17,2025-09-16 08:20
LAB743759,ENC118493,PT12226,CREAT,Creatinine,1.1,mg/dL,0.6,1.3,N,STAT,2025-09-16 06:41,2025-09-16 06:57,2025-09-16 08:21
LAB743760,ENC118493,PT12226,WBC,White Blood Cell Count,10,K/uL,4.5,11,N,STAT,2025-09-16 06:36,2025-09-16 06:46,2025-09-16 07:24
LAB743761,ENC118493,PT12226,HGB,Hemoglobin,15.3,g/dL,12,17.5,N,Routine,2025-09-16 07:15,2025-09-16 07:30,2025-09-16 11:15
LAB743762,ENC118494,PT13563,GLU,Glucose,95,mg/dL,70,99,N,STAT,2025-09-16 08:48,2025-09-16 09:22,2025-09-16 10:05
LAB743763,ENC118494,PT13563,CREAT,Creatinine,1.04,mg/dL,0.6,1.3,N,STAT,2025-09-16 08:24,2025-09-16 08:50,2025-09-16 09:40
LAB743764,ENC118496,PT10875,LDL,LDL Cholesterol,149,mg/dL,0,99,H,Routine,2025-09-16 08:51,2025-09-16 09:07,2025-09-17 01:38
LAB743765,ENC118497,PT12557,LDL,LDL Cholesterol,114,mg/dL,0,99,H,Routine,2025-09-16 08:43,2025-09-16 09:07,2025-09-17 03:32
LAB743766,ENC118499,PT13090,A1C,Hemoglobin A1c,11.7,%,4,5.6,H,Routine,2025-09-16 09:36,2025-09-16 09:51,2025-09-16 19:43
LAB743767,ENC118500,PT12750,GLU,Glucose,111,mg/dL,70,99,H,STAT,2025-09-16 10:45,2025-09-16 11:00,2025-09-16 11:54
LAB743768,ENC118500,PT12750,CREAT,Creatinine,1.04,mg/dL,0.6,1.3,N,STAT,2025-09-16 11:28,2025-09-16 11:56,2025-09-16 12:50
LAB743769,ENC118500,PT12750,WBC,White Blood Cell Count,11.2,K/uL,4.5,11,H,STAT,2025-09-16 11:36,2025-09-16 11:40,2025-09-16 12:55
LAB743770,ENC118500,PT12750,HGB,Hemoglobin,7,g/dL,12,17.5,L,STAT,2025-09-16 10:45,2025-09-16 10:59,2025-09-16 11:36
LAB743771,ENC118500,PT12750,LACT,Lactate,1.8,mmol/L,0.5,2,N,STAT,2025-09-16 11:28,2025-09-16 11:49,2025-09-16 12:52
LAB743772,ENC118500,PT12750,INR,Prothrombin Time INR,1.2,ratio,0.8,1.2,N,STAT,2025-09-16 11:02,2025-09-16 11:30,2025-09-16 12:31
LAB743773,ENC118501,PT12919,GLU,Glucose,99,mg/dL,70,99,N,STAT,2025-09-16 13:45,2025-09-16 14:19,2025-09-16 15:13
LAB743774,ENC118501,PT12919,CREAT,Creatinine,3.41,mg/dL,0.6,1.3,H,Routine,2025-09-16 13:26,2025-09-16 13:58,2025-09-16 17:13
LAB743775,ENC118501,PT12919,WBC,White Blood Cell Count,6.4,K/uL,4.5,11,N,STAT,2025-09-16 14:18,2025-09-16 14:28,2025-09-16 14:58
LAB743776,ENC118501,PT12919,HGB,Hemoglobin,10,g/dL,12,17.5,L,STAT,2025-09-16 14:05,2025-09-16 14:34,2025-09-16 15:24
LAB743777,ENC118501,PT12919,NA,Sodium,139,mmol/L,136,145,N,STAT,2025-09-16 13:26,2025-09-16 13:50,2025-09-16 15:01
LAB743778,ENC118501,PT12919,K,Potassium,5.2,mmol/L,3.5,5.1,H,STAT,2025-09-16 14:04,2025-09-16 14:31,2025-09-16 15:22
LAB743779,ENC118505,PT10959,A1C,Hemoglobin A1c,5.7,%,4,5.6,H,Routine,2025-09-16 12:08,2025-09-16 12:41,2025-09-17 04:05
LAB743780,ENC118505,PT10959,GLU,Glucose,101,mg/dL,70,99,H,Routine,2025-09-16 11:54,2025-09-16 12:03,2025-09-16 15:27
LAB743781,ENC118505,PT10959,CREAT,Creatinine,1.02,mg/dL,0.6,1.3,N,Routine,2025-09-16 12:13,2025-09-16 12:41,2025-09-16 13:55
LAB743782,ENC118507,PT10471,GLU,Glucose,99,mg/dL,70,99,N,STAT,2025-09-16 16:46,2025-09-16 16:52,2025-09-16 18:18
LAB743783,ENC118507,PT10471,CREAT,Creatinine,0.97,mg/dL,0.6,1.3,N,STAT,2025-09-16 17:02,2025-09-16 17:13,2025-09-16 17:48
LAB743784,ENC118507,PT10471,WBC,White Blood Cell Count,7.1,K/uL,4.5,11,N,STAT,2025-09-16 16:56,2025-09-16 17:28,2025-09-16 18:34
LAB743785,ENC118507,PT10471,HGB,Hemoglobin,14.8,g/dL,12,17.5,N,STAT,2025-09-16 17:02,2025-09-16 17:11,2025-09-16 17:45
LAB743786,ENC118507,PT10471,BUN,Blood Urea Nitrogen,15,mg/dL,7,20,N,STAT,2025-09-16 16:12,2025-09-16 16:20,2025-09-16 17:15
LAB743787,ENC118507,PT10471,PLT,Platelet Count,263,K/uL,150,400,N,STAT,2025-09-16 16:13,2025-09-16 16:22,2025-09-16 16:52
LAB743788,ENC118508,PT13792,LDL,LDL Cholesterol,170,mg/dL,0,99,H,Routine,2025-09-16 12:59,2025-09-16 13:29,2025-09-17 11:45
LAB743789,ENC118508,PT13792,A1C,Hemoglobin A1c,9.3,%,4,5.6,H,Routine,2025-09-16 13:02,2025-09-16 13:11,2025-09-17 01:42
LAB743790,ENC118510,PT13175,GLU,Glucose,92,mg/dL,70,99,N,STAT,2025-09-16 15:30,2025-09-16 15:51,2025-09-16 16:47
LAB743791,ENC118510,PT13175,CREAT,Creatinine,1.12,mg/dL,0.6,1.3,N,STAT,2025-09-16 14:37,2025-09-16 14:52,2025-09-16 15:19
LAB743792,ENC118510,PT13175,WBC,White Blood Cell Count,9.6,K/uL,4.5,11,N,STAT,2025-09-16 15:39,2025-09-16 15:50,2025-09-16 16:04
LAB743793,ENC118510,PT13175,HGB,Hemoglobin,14.3,g/dL,12,17.5,N,Routine,2025-09-16 15:23,2025-09-16 15:52,2025-09-16 23:30
LAB743794,ENC118510,PT13175,NA,Sodium,139,mmol/L,136,145,N,STAT,2025-09-16 14:52,2025-09-16 15:02,2025-09-16 17:32
LAB743795,ENC118510,PT13175,K,Potassium,4.4,mmol/L,3.5,5.1,N,STAT,2025-09-16 15:08,2025-09-16 15:41,2025-09-16 17:14
LAB743796,ENC118510,PT13175,BUN,Blood Urea Nitrogen,16,mg/dL,7,20,N,STAT,2025-09-16 14:32,2025-09-16 14:42,2025-09-16 15:13
LAB743797,ENC118510,PT13175,PLT,Platelet Count,244,K/uL,150,400,N,STAT,2025-09-16 15:24,2025-09-16 15:30,2025-09-16 16:20
LAB743798,ENC118512,PT12896,GLU,Glucose,118,mg/dL,70,99,H,STAT,2025-09-16 15:25,2025-09-16 15:45,2025-09-16 16:54
LAB743799,ENC118512,PT12896,CREAT,Creatinine,1.17,mg/dL,0.6,1.3,N,STAT,2025-09-16 15:28,2025-09-16 15:35,2025-09-16 16:14
LAB743800,ENC118512,PT12896,WBC,White Blood Cell Count,8.6,K/uL,4.5,11,N,Routine,2025-09-16 15:02,2025-09-16 15:08,2025-09-16 17:56
LAB743801,ENC118512,PT12896,HGB,Hemoglobin,11.2,g/dL,12,17.5,L,STAT,2025-09-16 14:42,2025-09-16 15:13,2025-09-16 15:51
LAB743802,ENC118513,PT12638,GLU,Glucose,99,mg/dL,70,99,N,STAT,2025-09-16 16:27,2025-09-16 17:01,2025-09-16 17:31
LAB743803,ENC118513,PT12638,CREAT,Creatinine,0.61,mg/dL,0.6,1.3,N,STAT,2025-09-16 15:41,2025-09-16 15:46,2025-09-16 17:06
LAB743804,ENC118513,PT12638,WBC,White Blood Cell Count,7.6,K/uL,4.5,11,N,Routine,2025-09-16 15:29,2025-09-16 15:51,2025-09-16 17:12
LAB743805,ENC118514,PT10673,GLU,Glucose,191,mg/dL,70,99,H,STAT,2025-09-16 19:43,2025-09-16 20:18,2025-09-16 21:08
LAB743806,ENC118514,PT10673,CREAT,Creatinine,1.17,mg/dL,0.6,1.3,N,STAT,2025-09-16 18:39,2025-09-16 18:59,2025-09-16 19:45
LAB743807,ENC118514,PT10673,WBC,White Blood Cell Count,8.8,K/uL,4.5,11,N,STAT,2025-09-16 19:06,2025-09-16 19:33,2025-09-16 20:27
LAB743808,ENC118514,PT10673,HGB,Hemoglobin,13.4,g/dL,12,17.5,N,STAT,2025-09-16 19:23,2025-09-16 19:47,2025-09-16 20:19
LAB743809,ENC118514,PT10673,INR,Prothrombin Time INR,1,ratio,0.8,1.2,N,Routine,2025-09-16 19:41,2025-09-16 20:16,2025-09-16 23:11
LAB743810,ENC118515,PT11500,GLU,Glucose,85,mg/dL,70,99,N,STAT,2025-09-16 17:16,2025-09-16 17:40,2025-09-16 18:29
LAB743811,ENC118515,PT11500,CREAT,Creatinine,1.45,mg/dL,0.6,1.3,H,STAT,2025-09-16 17:27,2025-09-16 17:44,2025-09-16 18:33
LAB743812,ENC118515,PT11500,WBC,White Blood Cell Count,8,K/uL,4.5,11,N,STAT,2025-09-16 17:43,2025-09-16 17:56,2025-09-16 18:39
LAB743813,ENC118515,PT11500,HGB,Hemoglobin,11.8,g/dL,12,17.5,L,STAT,2025-09-16 17:48,2025-09-16 18:00,2025-09-16 18:58
LAB743814,ENC118515,PT11500,NA,Sodium,138,mmol/L,136,145,N,Routine,2025-09-16 17:17,2025-09-16 17:34,2025-09-16 20:23
LAB743815,ENC118515,PT11500,K,Potassium,4.4,mmol/L,3.5,5.1,N,STAT,2025-09-16 17:43,2025-09-16 17:48,2025-09-16 18:25
LAB743816,ENC118516,PT11760,GLU,Glucose,93,mg/dL,70,99,N,STAT,2025-09-16 22:37,2025-09-16 23:03,2025-09-16 23:29
LAB743817,ENC118516,PT11760,CREAT,Creatinine,1.7,mg/dL,0.6,1.3,H,STAT,2025-09-16 22:34,2025-09-16 22:51,2025-09-16 23:36
LAB743818,ENC118516,PT11760,WBC,White Blood Cell Count,20,K/uL,4.5,11,H,STAT,2025-09-16 22:03,2025-09-16 22:11,2025-09-16 23:00
LAB743819,ENC118516,PT11760,HGB,Hemoglobin,13,g/dL,12,17.5,N,STAT,2025-09-16 21:42,2025-09-16 21:47,2025-09-16 22:29
LAB743820,ENC118516,PT11760,NA,Sodium,139,mmol/L,136,145,N,STAT,2025-09-16 21:54,2025-09-16 21:58,2025-09-16 22:46
LAB743821,ENC118516,PT11760,K,Potassium,3.9,mmol/L,3.5,5.1,N,STAT,2025-09-16 21:55,2025-09-16 22:04,2025-09-16 23:02
LAB743822,ENC118516,PT11760,LACT,Lactate,3,mmol/L,0.5,2,H,STAT,2025-09-16 22:20,2025-09-16 22:54,2025-09-16 23:51
LAB743823,ENC118517,PT10267,GLU,Glucose,100,mg/dL,70,99,H,Routine,2025-09-16 20:11,2025-09-16 20:26,2025-09-16 23:24
LAB743824,ENC118517,PT10267,CREAT,Creatinine,0.8,mg/dL,0.6,1.3,N,STAT,2025-09-16 20:15,2025-09-16 20:39,2025-09-16 21:46
LAB743825,ENC118517,PT10267,WBC,White Blood Cell Count,7.4,K/uL,4.5,11,N,Routine,2025-09-16 20:39,2025-09-16 21:00,2025-09-16 23:20
LAB743826,ENC118517,PT10267,HGB,Hemoglobin,14.7,g/dL,12,17.5,N,STAT,2025-09-16 20:51,2025-09-16 21:04,2025-09-16 21:43
LAB743827,ENC118518,PT12499,GLU,Glucose,163,mg/dL,70,99,H,STAT,2025-09-16 22:47,2025-09-16 22:55,2025-09-17 00:19
LAB743828,ENC118518,PT12499,CREAT,Creatinine,1.55,mg/dL,0.6,1.3,H,STAT,2025-09-16 22:27,2025-09-16 22:38,2025-09-16 23:45
LAB743829,ENC118518,PT12499,WBC,White Blood Cell Count,21.3,K/uL,4.5,11,H,Routine,2025-09-16 22:01,2025-09-16 22:28,2025-09-17 02:19
LAB743830,ENC118518,PT12499,HGB,Hemoglobin,14.4,g/dL,12,17.5,N,Routine,2025-09-16 22:41,2025-09-16 23:08,2025-09-17 01:10
LAB743831,ENC118518,PT12499,LACT,Lactate,2.4,mmol/L,0.5,2,H,STAT,2025-09-16 22:31,2025-09-16 23:01,2025-09-16 23:26
LAB743832,ENC118519,PT13417,GLU,Glucose,134,mg/dL,70,99,H,STAT,2025-09-16 22:36,2025-09-16 22:49,2025-09-16 23:49
LAB743833,ENC118519,PT13417,CREAT,Creatinine,0.92,mg/dL,0.6,1.3,N,Routine,2025-09-16 23:41,2025-09-16 23:47,2025-09-17 02:27
LAB743834,ENC118519,PT13417,WBC,White Blood Cell Count,9.6,K/uL,4.5,11,N,STAT,2025-09-16 22:52,2025-09-16 23:20,2025-09-17 00:18
LAB743835,ENC118519,PT13417,HGB,Hemoglobin,11.9,g/dL,12,17.5,L,Routine,2025-09-16 22:58,2025-09-16 23:30,2025-09-17 10:20
LAB743836,ENC118519,PT13417,TROP,"Troponin I, High Sensitivity",1805,ng/L,0,34,H,STAT,2025-09-16 23:22,2025-09-16 23:36,2025-09-17 00:25
LAB743837,ENC118520,PT11380,GLU,Glucose,103,mg/dL,70,99,H,STAT,2025-09-17 00:05,2025-09-17 00:09,2025-09-17 00:32
LAB743838,ENC118520,PT11380,CREAT,Creatinine,1.21,mg/dL,0.6,1.3,N,STAT,2025-09-16 23:21,2025-09-16 23:53,2025-09-17 00:33
LAB743839,ENC118520,PT11380,WBC,White Blood Cell Count,10.2,K/uL,4.5,11,N,Routine,2025-09-16 23:34,2025-09-16 23:58,2025-09-17 03:47
LAB743840,ENC118521,PT12023,GLU,Glucose,295,mg/dL,70,99,H,Routine,2025-09-17 01:54,2025-09-17 02:25,2025-09-17 05:47
LAB743841,ENC118521,PT12023,CREAT,Creatinine,1.4,mg/dL,0.6,1.3,H,STAT,2025-09-17 01:14,2025-09-17 01:49,2025-09-17 02:39
LAB743842,ENC118521,PT12023,WBC,White Blood Cell Count,9.5,K/uL,4.5,11,N,Routine,2025-09-17 01:01,2025-09-17 01:19,2025-09-17 05:52
LAB743843,ENC118521,PT12023,A1C,Hemoglobin A1c,10.2,%,4,5.6,H,STAT,2025-09-17 01:51,2025-09-17 02:12,2025-09-17 03:08
LAB743844,ENC118522,PT12209,GLU,Glucose,99,mg/dL,70,99,N,Routine,2025-09-17 07:02,2025-09-17 07:25,2025-09-17 10:48
LAB743845,ENC118522,PT12209,CREAT,Creatinine,1.14,mg/dL,0.6,1.3,N,STAT,2025-09-17 07:06,2025-09-17 07:12,2025-09-17 07:49
LAB743846,ENC118522,PT12209,WBC,White Blood Cell Count,8.6,K/uL,4.5,11,N,Routine,2025-09-17 07:44,2025-09-17 08:10,2025-09-17 11:10
LAB743847,ENC118522,PT12209,HGB,Hemoglobin,14.3,g/dL,12,17.5,N,STAT,2025-09-17 08:09,2025-09-17 08:39,2025-09-17 09:04
LAB743848,ENC118523,PT11696,GLU,Glucose,172,mg/dL,70,99,H,Routine,2025-09-17 08:07,2025-09-17 08:16,2025-09-17 11:27
LAB743849,ENC118523,PT11696,CREAT,Creatinine,1.22,mg/dL,0.6,1.3,N,STAT,2025-09-17 07:54,2025-09-17 08:14,2025-09-17 09:17
LAB743850,ENC118523,PT11696,WBC,White Blood Cell Count,13.3,K/uL,4.5,11,H,STAT,2025-09-17 07:44,2025-09-17 07:48,2025-09-17 08:32
LAB743851,ENC118523,PT11696,HGB,Hemoglobin,14.1,g/dL,12,17.5,N,Routine,2025-09-17 08:26,2025-09-17 08:54,2025-09-17 12:05
LAB743852,ENC118525,PT12188,LDL,LDL Cholesterol,94,mg/dL,0,99,N,Routine,2025-09-17 08:53,2025-09-17 09:14,2025-09-17 16:31
LAB743853,ENC118526,PT11624,GLU,Glucose,181,mg/dL,70,99,H,STAT,2025-09-17 09:30,2025-09-17 10:04,2025-09-17 11:07
LAB743854,ENC118526,PT11624,CREAT,Creatinine,0.83,mg/dL,0.6,1.3,N,STAT,2025-09-17 09:37,2025-09-17 09:58,2025-09-17 11:12
LAB743855,ENC118526,PT11624,WBC,White Blood Cell Count,10.3,K/uL,4.5,11,N,STAT,2025-09-17 10:17,2025-09-17 10:28,2025-09-17 11:41
LAB743856,ENC118527,PT10507,LDL,LDL Cholesterol,103,mg/dL,0,99,H,Routine,2025-09-17 09:28,2025-09-17 09:57,2025-09-18 04:48
LAB743857,ENC118527,PT10507,A1C,Hemoglobin A1c,5.3,%,4,5.6,N,Routine,2025-09-17 09:35,2025-09-17 09:59,2025-09-17 21:42
LAB743858,ENC118529,PT10775,GLU,Glucose,136,mg/dL,70,99,H,STAT,2025-09-17 13:52,2025-09-17 14:26,2025-09-17 16:16
LAB743859,ENC118529,PT10775,CREAT,Creatinine,0.72,mg/dL,0.6,1.3,N,STAT,2025-09-17 13:14,2025-09-17 13:43,2025-09-17 14:28
LAB743860,ENC118529,PT10775,WBC,White Blood Cell Count,7.4,K/uL,4.5,11,N,Routine,2025-09-17 14:22,2025-09-17 14:29,2025-09-17 15:51
LAB743861,ENC118529,PT10775,HGB,Hemoglobin,13.6,g/dL,12,17.5,N,Routine,2025-09-17 13:36,2025-09-17 14:03,2025-09-17 17:55
LAB743862,ENC118530,PT11488,LDL,LDL Cholesterol,156,mg/dL,0,99,H,Routine,2025-09-17 10:38,2025-09-17 10:49,2025-09-18 00:11
LAB743863,ENC118530,PT11488,A1C,Hemoglobin A1c,5.4,%,4,5.6,N,Routine,2025-09-17 10:27,2025-09-17 10:34,2025-09-17 19:02
LAB743864,ENC118534,PT11804,WBC,White Blood Cell Count,5,K/uL,4.5,11,N,Routine,2025-09-17 11:34,2025-09-17 11:40,2025-09-17 14:07
LAB743865,ENC118534,PT11804,HGB,Hemoglobin,12.3,g/dL,12,17.5,N,Routine,2025-09-17 11:37,2025-09-17 11:51,2025-09-17 19:10
LAB743866,ENC118534,PT11804,PLT,Platelet Count,294,K/uL,150,400,N,Routine,2025-09-17 11:23,2025-09-17 11:41,2025-09-17 12:40
LAB743867,ENC118535,PT10857,WBC,White Blood Cell Count,8.3,K/uL,4.5,11,N,Routine,2025-09-17 11:43,2025-09-17 11:53,2025-09-17 14:23
LAB743868,ENC118535,PT10857,HGB,Hemoglobin,12,g/dL,12,17.5,N,Routine,2025-09-17 11:25,2025-09-17 11:53,2025-09-17 19:51
LAB743869,ENC118535,PT10857,PLT,Platelet Count,299,K/uL,150,400,N,Routine,2025-09-17 11:22,2025-09-17 11:31,2025-09-17 15:41
LAB743870,ENC118538,PT13330,GLU,Glucose,161,mg/dL,70,99,H,Routine,2025-09-17 16:26,2025-09-17 16:41,2025-09-17 18:30
LAB743871,ENC118538,PT13330,CREAT,Creatinine,1,mg/dL,0.6,1.3,N,Routine,2025-09-17 16:25,2025-09-17 16:57,2025-09-17 19:17
LAB743872,ENC118538,PT13330,WBC,White Blood Cell Count,7.6,K/uL,4.5,11,N,Routine,2025-09-17 16:13,2025-09-17 16:36,2025-09-17 18:31
LAB743873,ENC118538,PT13330,HGB,Hemoglobin,14.4,g/dL,12,17.5,N,STAT,2025-09-17 16:01,2025-09-17 16:23,2025-09-17 17:21
LAB743874,ENC118538,PT13330,NA,Sodium,135,mmol/L,136,145,L,STAT,2025-09-17 16:22,2025-09-17 16:50,2025-09-17 17:12
LAB743875,ENC118538,PT13330,K,Potassium,3.6,mmol/L,3.5,5.1,N,STAT,2025-09-17 15:48,2025-09-17 16:19,2025-09-17 16:56
LAB743876,ENC118539,PT11619,GLU,Glucose,91,mg/dL,70,99,N,STAT,2025-09-17 16:42,2025-09-17 17:04,2025-09-17 17:41
LAB743877,ENC118539,PT11619,CREAT,Creatinine,1.04,mg/dL,0.6,1.3,N,Routine,2025-09-17 16:25,2025-09-17 16:46,2025-09-17 22:21
LAB743878,ENC118539,PT11619,WBC,White Blood Cell Count,8.1,K/uL,4.5,11,N,Routine,2025-09-17 16:43,2025-09-17 17:06,2025-09-17 19:49
LAB743879,ENC118539,PT11619,HGB,Hemoglobin,17.1,g/dL,12,17.5,N,STAT,2025-09-17 16:48,2025-09-17 16:57,2025-09-17 17:48
LAB743880,ENC118539,PT11619,NA,Sodium,142,mmol/L,136,145,N,STAT,2025-09-17 16:58,2025-09-17 17:26,2025-09-17 18:08
LAB743881,ENC118539,PT11619,K,Potassium,4,mmol/L,3.5,5.1,N,STAT,2025-09-17 16:50,2025-09-17 17:24,2025-09-17 18:14
LAB743882,ENC118539,PT11619,TROP,"Troponin I, High Sensitivity",13,ng/L,0,34,N,STAT,2025-09-17 16:58,2025-09-17 17:33,2025-09-17 18:09
LAB743883,ENC118543,PT10839,LDL,LDL Cholesterol,85,mg/dL,0,99,N,Routine,2025-09-17 14:36,2025-09-17 15:10,2025-09-17 21:15
LAB743884,ENC118543,PT10839,A1C,Hemoglobin A1c,5.6,%,4,5.6,N,Routine,2025-09-17 14:56,2025-09-17 15:26,2025-09-18 04:19
LAB743885,ENC118545,PT11467,LDL,LDL Cholesterol,110,mg/dL,0,99,H,Routine,2025-09-17 16:07,2025-09-17 16:29,2025-09-18 04:31
LAB743886,ENC118545,PT11467,A1C,Hemoglobin A1c,9.1,%,4,5.6,H,Routine,2025-09-17 16:06,2025-09-17 16:31,2025-09-18 05:28
LAB743887,ENC118546,PT13166,GLU,Glucose,103,mg/dL,70,99,H,STAT,2025-09-18 00:32,2025-09-18 00:41,2025-09-18 01:22
LAB743888,ENC118546,PT13166,CREAT,Creatinine,1.21,mg/dL,0.6,1.3,N,Routine,2025-09-18 00:04,2025-09-18 00:32,2025-09-18 02:59
LAB743889,ENC118546,PT13166,WBC,White Blood Cell Count,8.3,K/uL,4.5,11,N,STAT,2025-09-17 23:25,2025-09-17 23:36,2025-09-18 00:54
LAB743890,ENC118546,PT13166,HGB,Hemoglobin,11.5,g/dL,12,17.5,L,STAT,2025-09-18 00:35,2025-09-18 01:08,2025-09-18 01:33
LAB743891,ENC118547,PT12304,GLU,Glucose,99,mg/dL,70,99,N,STAT,2025-09-17 22:27,2025-09-17 22:58,2025-09-17 23:50
LAB743892,ENC118547,PT12304,CREAT,Creatinine,2.53,mg/dL,0.6,1.3,H,STAT,2025-09-17 23:12,2025-09-17 23:33,2025-09-18 00:14
LAB743893,ENC118547,PT12304,WBC,White Blood Cell Count,9.1,K/uL,4.5,11,N,STAT,2025-09-17 23:10,2025-09-17 23:40,2025-09-18 00:54
LAB743894,ENC118547,PT12304,HGB,Hemoglobin,11.5,g/dL,12,17.5,L,STAT,2025-09-17 22:58,2025-09-17 23:31,2025-09-18 00:07
LAB743895,ENC118549,PT12879,TROP,"Troponin I, High Sensitivity",58,ng/L,0,34,H,STAT,2025-09-17 19:59,2025-09-17 20:20,2025-09-17 21:50
LAB743896,ENC118551,PT13657,GLU,Glucose,95,mg/dL,70,99,N,STAT,2025-09-17 23:55,2025-09-18 00:04,2025-09-18 00:32
LAB743897,ENC118551,PT13657,CREAT,Creatinine,1.06,mg/dL,0.6,1.3,N,STAT,2025-09-17 23:49,2025-09-18 00:15,2025-09-18 00:43
LAB743898,ENC118551,PT13657,WBC,White Blood Cell Count,6.9,K/uL,4.5,11,N,STAT,2025-09-18 00:13,2025-09-18 00:42,2025-09-18 01:28
LAB743899,ENC118551,PT13657,HGB,Hemoglobin,14.6,g/dL,12,17.5,N,Routine,2025-09-18 00:06,2025-09-18 00:31,2025-09-18 05:37
LAB743900,ENC118552,PT11837,GLU,Glucose,120,mg/dL,70,99,H,Routine,2025-09-17 22:04,2025-09-17 22:38,2025-09-18 01:14
LAB743901,ENC118552,PT11837,CREAT,Creatinine,0.89,mg/dL,0.6,1.3,N,Routine,2025-09-17 21:04,2025-09-17 21:11,2025-09-18 01:05
LAB743902,ENC118552,PT11837,WBC,White Blood Cell Count,6.7,K/uL,4.5,11,N,Routine,2025-09-17 21:03,2025-09-17 21:28,2025-09-18 00:21
LAB743903,ENC118552,PT11837,HGB,Hemoglobin,14.6,g/dL,12,17.5,N,Routine,2025-09-17 21:32,2025-09-17 21:56,2025-09-18 00:09
LAB743904,ENC118553,PT12269,GLU,Glucose,114,mg/dL,70,99,H,STAT,2025-09-18 01:47,2025-09-18 02:00,2025-09-18 02:25
LAB743905,ENC118553,PT12269,CREAT,Creatinine,0.84,mg/dL,0.6,1.3,N,Routine,2025-09-18 02:35,2025-09-18 03:02,2025-09-18 07:31
LAB743906,ENC118553,PT12269,TROP,"Troponin I, High Sensitivity",6,ng/L,0,34,N,STAT,2025-09-18 02:03,2025-09-18 02:23,2025-09-18 03:00
LAB743907,ENC118555,PT13828,GLU,Glucose,105,mg/dL,70,99,H,Routine,2025-09-18 08:19,2025-09-18 08:50,2025-09-18 13:46
LAB743908,ENC118555,PT13828,CREAT,Creatinine,1.96,mg/dL,0.6,1.3,H,STAT,2025-09-18 07:17,2025-09-18 07:36,2025-09-18 08:14
LAB743909,ENC118555,PT13828,WBC,White Blood Cell Count,7.8,K/uL,4.5,11,N,Routine,2025-09-18 07:48,2025-09-18 08:00,2025-09-18 11:15
LAB743910,ENC118555,PT13828,HGB,Hemoglobin,10.9,g/dL,12,17.5,L,STAT,2025-09-18 07:16,2025-09-18 07:30,2025-09-18 07:59
LAB743911,ENC118557,PT11910,GLU,Glucose,78,mg/dL,70,99,N,STAT,2025-09-18 09:50,2025-09-18 10:13,2025-09-18 10:44
LAB743912,ENC118557,PT11910,CREAT,Creatinine,1.47,mg/dL,0.6,1.3,H,Routine,2025-09-18 10:09,2025-09-18 10:33,2025-09-18 11:44
LAB743913,ENC118557,PT11910,WBC,White Blood Cell Count,7.1,K/uL,4.5,11,N,STAT,2025-09-18 09:58,2025-09-18 10:14,2025-09-18 10:58
LAB743914,ENC118557,PT11910,HGB,Hemoglobin,15.3,g/dL,12,17.5,N,STAT,2025-09-18 10:39,2025-09-18 11:05,2025-09-18 12:01
LAB743915,ENC118557,PT11910,NA,Sodium,138,mmol/L,136,145,N,STAT,2025-09-18 10:52,2025-09-18 11:20,2025-09-18 12:14
LAB743916,ENC118557,PT11910,K,Potassium,4,mmol/L,3.5,5.1,N,STAT,2025-09-18 10:33,2025-09-18 10:53,2025-09-18 11:42
LAB743917,ENC118558,PT12410,LDL,LDL Cholesterol,173,mg/dL,0,99,H,Routine,2025-09-18 10:18,2025-09-18 10:26,2025-09-18 23:48
LAB743918,ENC118558,PT12410,A1C,Hemoglobin A1c,5.2,%,4,5.6,N,Routine,2025-09-18 10:15,2025-09-18 10:44,2025-09-18 23:28
LAB743919,ENC118561,PT11131,GLU,Glucose,117,mg/dL,70,99,H,STAT,2025-09-18 14:53,2025-09-18 15:25,2025-09-18 16:18
LAB743920,ENC118561,PT11131,CREAT,Creatinine,1.04,mg/dL,0.6,1.3,N,Routine,2025-09-18 14:47,2025-09-18 15:10,2025-09-18 16:26
LAB743921,ENC118561,PT11131,WBC,White Blood Cell Count,7.9,K/uL,4.5,11,N,STAT,2025-09-18 14:58,2025-09-18 15:16,2025-09-18 16:52
LAB743922,ENC118561,PT11131,HGB,Hemoglobin,12.2,g/dL,12,17.5,N,STAT,2025-09-18 15:02,2025-09-18 15:21,2025-09-18 15:49
LAB743923,ENC118561,PT11131,NA,Sodium,122,mmol/L,136,145,L,STAT,2025-09-18 15:26,2025-09-18 15:55,2025-09-18 16:54
LAB743924,ENC118561,PT11131,K,Potassium,3.8,mmol/L,3.5,5.1,N,STAT,2025-09-18 14:22,2025-09-18 14:54,2025-09-18 15:30
LAB743925,ENC118562,PT13097,LDL,LDL Cholesterol,100,mg/dL,0,99,H,Routine,2025-09-18 11:27,2025-09-18 11:54,2025-09-19 18:59
LAB743926,ENC118562,PT13097,A1C,Hemoglobin A1c,5.5,%,4,5.6,N,Routine,2025-09-18 11:33,2025-09-18 11:50,2025-09-20 12:24
LAB743927,ENC118563,PT11345,GLU,Glucose,98,mg/dL,70,99,N,STAT,2025-09-18 12:32,2025-09-18 12:53,2025-09-18 13:25
LAB743928,ENC118563,PT11345,CREAT,Creatinine,0.55,mg/dL,0.6,1.3,L,Routine,2025-09-18 13:32,2025-09-18 13:41,2025-09-18 15:47
LAB743929,ENC118563,PT11345,WBC,White Blood Cell Count,7.4,K/uL,4.5,11,N,STAT,2025-09-18 13:18,2025-09-18 13:29,2025-09-18 13:47
LAB743930,ENC118563,PT11345,HGB,Hemoglobin,14.8,g/dL,12,17.5,N,Routine,2025-09-18 12:38,2025-09-18 13:02,2025-09-18 14:41
LAB743931,ENC118564,PT10925,GLU,Glucose,95,mg/dL,70,99,N,STAT,2025-09-18 13:36,2025-09-18 13:51,2025-09-18 14:31
LAB743932,ENC118564,PT10925,CREAT,Creatinine,0.91,mg/dL,0.6,1.3,N,STAT,2025-09-18 13:40,2025-09-18 14:06,2025-09-18 14:33
LAB743933,ENC118564,PT10925,WBC,White Blood Cell Count,6.2,K/uL,4.5,11,N,STAT,2025-09-18 13:39,2025-09-18 13:49,2025-09-18 14:35
LAB743934,ENC118564,PT10925,HGB,Hemoglobin,15.3,g/dL,12,17.5,N,STAT,2025-09-18 13:00,2025-09-18 13:31,2025-09-18 14:22
LAB743935,ENC118568,PT13984,LDL,LDL Cholesterol,118,mg/dL,0,99,H,Routine,2025-09-18 14:25,2025-09-18 14:45,2025-09-19 08:33
LAB743936,ENC118568,PT13984,TSH,Thyroid Stimulating Hormone,2.09,mIU/L,0.4,4,N,Routine,2025-09-18 14:11,2025-09-18 14:30,2025-09-19 08:49
LAB743937,ENC118569,PT10769,GLU,Glucose,160,mg/dL,70,99,H,STAT,2025-09-18 17:55,2025-09-18 18:12,2025-09-18 19:12
LAB743938,ENC118569,PT10769,CREAT,Creatinine,1.42,mg/dL,0.6,1.3,H,STAT,2025-09-18 18:37,2025-09-18 19:05,2025-09-18 19:31
LAB743939,ENC118569,PT10769,WBC,White Blood Cell Count,4.8,K/uL,4.5,11,N,STAT,2025-09-18 19:01,2025-09-18 19:31,2025-09-18 20:13
LAB743940,ENC118569,PT10769,HGB,Hemoglobin,12.3,g/dL,12,17.5,N,STAT,2025-09-18 18:48,2025-09-18 19:23,2025-09-18 20:05
LAB743941,ENC118569,PT10769,INR,Prothrombin Time INR,1,ratio,0.8,1.2,N,STAT,2025-09-18 18:20,2025-09-18 18:25,2025-09-18 19:01
LAB743942,ENC118574,PT10119,LDL,LDL Cholesterol,164,mg/dL,0,99,H,Routine,2025-09-18 16:52,2025-09-18 17:21,2025-09-19 00:31
LAB743943,ENC118574,PT10119,A1C,Hemoglobin A1c,5.5,%,4,5.6,N,Routine,2025-09-18 16:35,2025-09-18 16:58,2025-09-19 05:11
LAB743944,ENC118575,PT10382,GLU,Glucose,73,mg/dL,70,99,N,STAT,2025-09-18 17:34,2025-09-18 17:44,2025-09-18 18:43
LAB743945,ENC118575,PT10382,CREAT,Creatinine,0.44,mg/dL,0.6,1.3,L,STAT,2025-09-18 17:03,2025-09-18 17:13,2025-09-18 18:43
LAB743946,ENC118575,PT10382,WBC,White Blood Cell Count,7.9,K/uL,4.5,11,N,Routine,2025-09-18 17:38,2025-09-18 18:08,2025-09-18 20:19
LAB743947,ENC118575,PT10382,HGB,Hemoglobin,14.3,g/dL,12,17.5,N,Routine,2025-09-18 18:09,2025-09-18 18:25,2025-09-18 20:12
LAB743948,ENC118577,PT12511,GLU,Glucose,71,mg/dL,70,99,N,STAT,2025-09-18 20:20,2025-09-18 20:47,2025-09-18 21:39
LAB743949,ENC118577,PT12511,CREAT,Creatinine,1.42,mg/dL,0.6,1.3,H,STAT,2025-09-18 20:02,2025-09-18 20:36,2025-09-18 23:18
LAB743950,ENC118577,PT12511,TROP,"Troponin I, High Sensitivity",47,ng/L,0,34,H,STAT,2025-09-18 20:00,2025-09-18 20:23,2025-09-18 21:22
LAB743951,ENC118578,PT11688,GLU,Glucose,69,mg/dL,70,99,L,STAT,2025-09-19 00:40,2025-09-19 00:58,2025-09-19 02:21
LAB743952,ENC118578,PT11688,CREAT,Creatinine,0.82,mg/dL,0.6,1.3,N,Routine,2025-09-19 00:07,2025-09-19 00:13,2025-09-19 02:02
LAB743953,ENC118578,PT11688,WBC,White Blood Cell Count,7.6,K/uL,4.5,11,N,Routine,2025-09-19 00:27,2025-09-19 00:45,2025-09-19 03:39
LAB743954,ENC118578,PT11688,HGB,Hemoglobin,13.6,g/dL,12,17.5,N,STAT,2025-09-19 00:41,2025-09-19 00:54,2025-09-19 01:35
LAB743955,ENC118578,PT11688,NA,Sodium,146,mmol/L,136,145,H,STAT,2025-09-19 00:49,2025-09-19 01:14,2025-09-19 02:06
LAB743956,ENC118578,PT11688,K,Potassium,4.5,mmol/L,3.5,5.1,N,STAT,2025-09-19 00:20,2025-09-19 00:52,2025-09-19 01:41
LAB743957,ENC118578,PT11688,BUN,Blood Urea Nitrogen,11,mg/dL,7,20,N,Routine,2025-09-18 23:59,2025-09-19 00:29,2025-09-19 03:11
LAB743958,ENC118578,PT11688,PLT,Platelet Count,242,K/uL,150,400,N,Routine,2025-09-19 00:53,2025-09-19 01:05,2025-09-19 05:16
LAB743959,ENC118578,PT11688,INR,Prothrombin Time INR,1.1,ratio,0.8,1.2,N,STAT,2025-09-19 00:51,2025-09-19 00:56,2025-09-19 01:45
LAB743960,ENC118579,PT11535,GLU,Glucose,80,mg/dL,70,99,N,STAT,2025-09-18 21:31,2025-09-18 21:49,2025-09-18 23:19
LAB743961,ENC118579,PT11535,CREAT,Creatinine,0.81,mg/dL,0.6,1.3,N,STAT,2025-09-18 21:13,2025-09-18 21:36,2025-09-18 22:10
LAB743962,ENC118580,PT11180,GLU,Glucose,90,mg/dL,70,99,N,STAT,2025-09-18 23:51,2025-09-19 00:24,2025-09-19 00:48
LAB743963,ENC118580,PT11180,CREAT,Creatinine,0.95,mg/dL,0.6,1.3,N,STAT,2025-09-19 00:07,2025-09-19 00:13,2025-09-19 00:57
LAB743964,ENC118581,PT10770,GLU,Glucose,108,mg/dL,70,99,H,STAT,2025-09-19 03:50,2025-09-19 04:07,2025-09-19 05:21
LAB743965,ENC118581,PT10770,CREAT,Creatinine,2.23,mg/dL,0.6,1.3,H,Routine,2025-09-19 03:53,2025-09-19 03:58,2025-09-19 05:13
LAB743966,ENC118581,PT10770,WBC,White Blood Cell Count,16.9,K/uL,4.5,11,H,Routine,2025-09-19 04:05,2025-09-19 04:35,2025-09-19 08:04
LAB743967,ENC118581,PT10770,HGB,Hemoglobin,14.7,g/dL,12,17.5,N,STAT,2025-09-19 03:29,2025-09-19 04:02,2025-09-19 05:10
LAB743968,ENC118581,PT10770,LACT,Lactate,7.9,mmol/L,0.5,2,HH,STAT,2025-09-19 03:57,2025-09-19 04:14,2025-09-19 04:37
LAB743969,ENC118582,PT13942,GLU,Glucose,102,mg/dL,70,99,H,STAT,2025-09-19 06:33,2025-09-19 07:08,2025-09-19 07:43
LAB743970,ENC118582,PT13942,CREAT,Creatinine,1.18,mg/dL,0.6,1.3,N,STAT,2025-09-19 06:54,2025-09-19 06:58,2025-09-19 07:47
LAB743971,ENC118582,PT13942,WBC,White Blood Cell Count,12.2,K/uL,4.5,11,H,STAT,2025-09-19 06:28,2025-09-19 06:48,2025-09-19 07:26
LAB743972,ENC118582,PT13942,HGB,Hemoglobin,13,g/dL,12,17.5,N,STAT,2025-09-19 06:30,2025-09-19 06:59,2025-09-19 08:06
LAB743973,ENC118584,PT10185,GLU,Glucose,97,mg/dL,70,99,N,Routine,2025-09-19 08:07,2025-09-19 08:16,2025-09-19 13:40
LAB743974,ENC118584,PT10185,CREAT,Creatinine,1.27,mg/dL,0.6,1.3,N,STAT,2025-09-19 08:15,2025-09-19 08:34,2025-09-19 09:02
LAB743975,ENC118584,PT10185,WBC,White Blood Cell Count,6,K/uL,4.5,11,N,Routine,2025-09-19 08:22,2025-09-19 08:41,2025-09-19 12:28
LAB743976,ENC118584,PT10185,HGB,Hemoglobin,15.7,g/dL,12,17.5,N,STAT,2025-09-19 08:07,2025-09-19 08:13,2025-09-19 08:57
LAB743977,ENC118584,PT10185,NA,Sodium,139,mmol/L,136,145,N,Routine,2025-09-19 08:35,2025-09-19 08:47,2025-09-19 11:54
LAB743978,ENC118584,PT10185,K,Potassium,4,mmol/L,3.5,5.1,N,STAT,2025-09-19 08:36,2025-09-19 08:46,2025-09-19 09:13
LAB743979,ENC118584,PT10185,INR,Prothrombin Time INR,1.1,ratio,0.8,1.2,N,Routine,2025-09-19 08:12,2025-09-19 08:21,2025-09-19 10:24
LAB743980,ENC118585,PT11664,GLU,Glucose,123,mg/dL,70,99,H,STAT,2025-09-19 10:02,2025-09-19 10:28,2025-09-19 10:55
LAB743981,ENC118585,PT11664,CREAT,Creatinine,0.86,mg/dL,0.6,1.3,N,STAT,2025-09-19 09:59,2025-09-19 10:11,2025-09-19 10:42
LAB743982,ENC118585,PT11664,WBC,White Blood Cell Count,4.7,K/uL,4.5,11,N,STAT,2025-09-19 10:11,2025-09-19 10:36,2025-09-19 11:22
LAB743983,ENC118585,PT11664,HGB,Hemoglobin,12.4,g/dL,12,17.5,N,Routine,2025-09-19 10:23,2025-09-19 10:27,2025-09-19 11:27
LAB743984,ENC118587,PT12042,GLU,Glucose,102,mg/dL,70,99,H,STAT,2025-09-19 12:23,2025-09-19 12:33,2025-09-19 14:30
LAB743985,ENC118587,PT12042,CREAT,Creatinine,0.98,mg/dL,0.6,1.3,N,STAT,2025-09-19 12:12,2025-09-19 12:35,2025-09-19 13:01
LAB743986,ENC118587,PT12042,WBC,White Blood Cell Count,14.7,K/uL,4.5,11,H,STAT,2025-09-19 12:06,2025-09-19 12:31,2025-09-19 12:56
LAB743987,ENC118587,PT12042,HGB,Hemoglobin,14.4,g/dL,12,17.5,N,Routine,2025-09-19 12:34,2025-09-19 12:57,2025-09-19 17:30
LAB743988,ENC118590,PT11661,GLU,Glucose,106,mg/dL,70,99,H,STAT,2025-09-19 11:02,2025-09-19 11:22,2025-09-19 12:09
LAB743989,ENC118590,PT11661,CREAT,Creatinine,0.65,mg/dL,0.6,1.3,N,Routine,2025-09-19 10:57,2025-09-19 11:27,2025-09-19 14:56
LAB743990,ENC118593,PT13065,GLU,Glucose,75,mg/dL,70,99,N,Routine,2025-09-19 13:39,2025-09-19 14:06,2025-09-19 21:18
LAB743991,ENC118593,PT13065,CREAT,Creatinine,0.5,mg/dL,0.6,1.3,L,STAT,2025-09-19 13:16,2025-09-19 13:31,2025-09-19 14:13
LAB743992,ENC118593,PT13065,WBC,White Blood Cell Count,12.1,K/uL,4.5,11,H,STAT,2025-09-19 13:22,2025-09-19 13:26,2025-09-19 14:02
LAB743993,ENC118594,PT13792,A1C,Hemoglobin A1c,12.8,%,4,5.6,H,Routine,2025-09-19 13:06,2025-09-19 13:14,2025-09-20 01:10
LAB743994,ENC118594,PT13792,GLU,Glucose,301,mg/dL,70,99,H,Routine,2025-09-19 13:21,2025-09-19 13:39,2025-09-19 15:41
LAB743995,ENC118594,PT13792,CREAT,Creatinine,0.76,mg/dL,0.6,1.3,N,Routine,2025-09-19 13:12,2025-09-19 13:30,2025-09-19 20:12
LAB743996,ENC118595,PT11072,GLU,Glucose,113,mg/dL,70,99,H,STAT,2025-09-19 18:29,2025-09-19 19:04,2025-09-19 19:50
LAB743997,ENC118595,PT11072,CREAT,Creatinine,1.3,mg/dL,0.6,1.3,N,Routine,2025-09-19 18:07,2025-09-19 18:23,2025-09-19 22:35
LAB743998,ENC118595,PT11072,WBC,White Blood Cell Count,6.7,K/uL,4.5,11,N,Routine,2025-09-19 18:13,2025-09-19 18:39,2025-09-19 21:14
LAB743999,ENC118595,PT11072,HGB,Hemoglobin,14.5,g/dL,12,17.5,N,Routine,2025-09-19 17:52,2025-09-19 18:27,2025-09-19 21:44
LAB744000,ENC118596,PT10337,LDL,LDL Cholesterol,185,mg/dL,0,99,H,Routine,2025-09-19 14:22,2025-09-19 14:40,2025-09-20 03:34
LAB744001,ENC118598,PT13259,GLU,Glucose,117,mg/dL,70,99,H,Routine,2025-09-19 15:15,2025-09-19 15:19,2025-09-19 16:24
LAB744002,ENC118598,PT13259,CREAT,Creatinine,1.09,mg/dL,0.6,1.3,N,Routine,2025-09-19 15:01,2025-09-19 15:27,2025-09-19 19:11
LAB744003,ENC118598,PT13259,WBC,White Blood Cell Count,6.2,K/uL,4.5,11,N,STAT,2025-09-19 15:27,2025-09-19 15:40,2025-09-19 16:32
LAB744004,ENC118598,PT13259,HGB,Hemoglobin,11,g/dL,12,17.5,L,Routine,2025-09-19 14:52,2025-09-19 14:57,2025-09-19 21:24
LAB744005,ENC118598,PT13259,BUN,Blood Urea Nitrogen,13,mg/dL,7,20,N,Routine,2025-09-19 14:46,2025-09-19 14:51,2025-09-19 18:15
LAB744006,ENC118598,PT13259,PLT,Platelet Count,300,K/uL,150,400,N,Routine,2025-09-19 14:29,2025-09-19 14:37,2025-09-19 16:43
LAB744007,ENC118600,PT12276,GLU,Glucose,134,mg/dL,70,99,H,STAT,2025-09-19 18:27,2025-09-19 18:50,2025-09-19 19:39
LAB744008,ENC118600,PT12276,CREAT,Creatinine,1.19,mg/dL,0.6,1.3,N,Routine,2025-09-19 19:24,2025-09-19 19:54,2025-09-19 21:44
LAB744009,ENC118600,PT12276,WBC,White Blood Cell Count,8.9,K/uL,4.5,11,N,Routine,2025-09-19 19:14,2025-09-19 19:26,2025-09-19 22:14
LAB744010,ENC118600,PT12276,HGB,Hemoglobin,13.3,g/dL,12,17.5,N,STAT,2025-09-19 19:29,2025-09-19 19:36,2025-09-19 20:12
LAB744011,ENC118600,PT12276,NA,Sodium,140,mmol/L,136,145,N,Routine,2025-09-19 19:06,2025-09-19 19:33,2025-09-19 22:50
LAB744012,ENC118600,PT12276,K,Potassium,4.4,mmol/L,3.5,5.1,N,STAT,2025-09-19 18:50,2025-09-19 19:17,2025-09-19 20:02
LAB744013,ENC118600,PT12276,TROP,"Troponin I, High Sensitivity",4,ng/L,0,34,N,STAT,2025-09-19 18:40,2025-09-19 19:14,2025-09-19 19:57
LAB744014,ENC118600,PT12276,BNP,B-Type Natriuretic Peptide,1199,pg/mL,0,100,H,Routine,2025-09-19 19:12,2025-09-19 19:34,2025-09-19 21:59
LAB744015,ENC118601,PT13502,GLU,Glucose,188,mg/dL,70,99,H,STAT,2025-09-19 15:44,2025-09-19 16:07,2025-09-19 16:39
LAB744016,ENC118601,PT13502,CREAT,Creatinine,0.95,mg/dL,0.6,1.3,N,STAT,2025-09-19 16:00,2025-09-19 16:28,2025-09-19 17:06
LAB744017,ENC118601,PT13502,WBC,White Blood Cell Count,6,K/uL,4.5,11,N,Routine,2025-09-19 15:52,2025-09-19 16:02,2025-09-19 19:58
LAB744018,ENC118601,PT13502,HGB,Hemoglobin,15.2,g/dL,12,17.5,N,STAT,2025-09-19 15:57,2025-09-19 16:08,2025-09-19 16:41
LAB744019,ENC118602,PT13802,GLU,Glucose,168,mg/dL,70,99,H,Routine,2025-09-19 17:53,2025-09-19 18:21,2025-09-19 20:08
LAB744020,ENC118602,PT13802,CREAT,Creatinine,1.93,mg/dL,0.6,1.3,H,Routine,2025-09-19 17:28,2025-09-19 17:47,2025-09-19 21:27
LAB744021,ENC118602,PT13802,WBC,White Blood Cell Count,10.9,K/uL,4.5,11,N,STAT,2025-09-19 18:06,2025-09-19 18:12,2025-09-19 19:08
LAB744022,ENC118602,PT13802,HGB,Hemoglobin,14.8,g/dL,12,17.5,N,STAT,2025-09-19 18:20,2025-09-19 18:47,2025-09-19 20:19
LAB744023,ENC118602,PT13802,LACT,Lactate,2.4,mmol/L,0.5,2,H,STAT,2025-09-19 17:12,2025-09-19 17:36,2025-09-19 18:08
LAB744024,ENC118603,PT13084,LDL,LDL Cholesterol,98,mg/dL,0,99,N,Routine,2025-09-19 16:31,2025-09-19 16:44,2025-09-20 16:57
LAB744025,ENC118603,PT13084,A1C,Hemoglobin A1c,7.3,%,4,5.6,H,Routine,2025-09-19 16:24,2025-09-19 16:38,2025-09-20 05:02
LAB744026,ENC118605,PT10033,GLU,Glucose,121,mg/dL,70,99,H,STAT,2025-09-19 20:42,2025-09-19 20:54,2025-09-19 21:22
LAB744027,ENC118605,PT10033,CREAT,Creatinine,1.39,mg/dL,0.6,1.3,H,STAT,2025-09-19 19:43,2025-09-19 19:57,2025-09-19 21:32
LAB744028,ENC118605,PT10033,WBC,White Blood Cell Count,7.7,K/uL,4.5,11,N,Routine,2025-09-19 20:41,2025-09-19 20:46,2025-09-19 22:33
LAB744029,ENC118605,PT10033,HGB,Hemoglobin,14.6,g/dL,12,17.5,N,Routine,2025-09-19 19:59,2025-09-19 20:32,2025-09-20 01:46
LAB744030,ENC118605,PT10033,TROP,"Troponin I, High Sensitivity",64,ng/L,0,34,H,STAT,2025-09-19 20:05,2025-09-19 20:35,2025-09-19 20:54
LAB744031,ENC118605,PT10033,BNP,B-Type Natriuretic Peptide,453,pg/mL,0,100,H,STAT,2025-09-19 20:13,2025-09-19 20:35,2025-09-19 21:30
LAB744032,ENC118606,PT10606,GLU,Glucose,91,mg/dL,70,99,N,Routine,2025-09-19 21:42,2025-09-19 22:12,2025-09-20 01:04
LAB744033,ENC118606,PT10606,CREAT,Creatinine,1,mg/dL,0.6,1.3,N,STAT,2025-09-19 21:03,2025-09-19 21:32,2025-09-19 22:13
LAB744034,ENC118607,PT10538,GLU,Glucose,96,mg/dL,70,99,N,STAT,2025-09-20 03:18,2025-09-20 03:31,2025-09-20 04:25
LAB744035,ENC118607,PT10538,CREAT,Creatinine,1,mg/dL,0.6,1.3,N,STAT,2025-09-20 03:54,2025-09-20 04:18,2025-09-20 05:18
LAB744036,ENC118607,PT10538,WBC,White Blood Cell Count,10.5,K/uL,4.5,11,N,STAT,2025-09-20 03:45,2025-09-20 04:12,2025-09-20 04:44
LAB744037,ENC118607,PT10538,HGB,Hemoglobin,16.4,g/dL,12,17.5,N,STAT,2025-09-20 03:04,2025-09-20 03:23,2025-09-20 04:29
LAB744038,ENC118608,PT10640,GLU,Glucose,115,mg/dL,70,99,H,STAT,2025-09-20 04:13,2025-09-20 04:27,2025-09-20 05:13
LAB744039,ENC118608,PT10640,CREAT,Creatinine,0.84,mg/dL,0.6,1.3,N,STAT,2025-09-20 03:37,2025-09-20 03:51,2025-09-20 04:34
LAB744040,ENC118608,PT10640,WBC,White Blood Cell Count,9.7,K/uL,4.5,11,N,Routine,2025-09-20 03:51,2025-09-20 04:00,2025-09-20 07:01
LAB744041,ENC118608,PT10640,HGB,Hemoglobin,13.4,g/dL,12,17.5,N,Routine,2025-09-20 04:06,2025-09-20 04:11,2025-09-20 07:24
LAB744042,ENC118608,PT10640,NA,Sodium,139,mmol/L,136,145,N,STAT,2025-09-20 04:02,2025-09-20 04:10,2025-09-20 05:18
LAB744043,ENC118608,PT10640,K,Potassium,3.3,mmol/L,3.5,5.1,L,STAT,2025-09-20 03:11,2025-09-20 03:31,2025-09-20 04:27
LAB744044,ENC118608,PT10640,BUN,Blood Urea Nitrogen,8,mg/dL,7,20,N,Routine,2025-09-20 03:16,2025-09-20 03:35,2025-09-20 05:09
LAB744045,ENC118608,PT10640,PLT,Platelet Count,251,K/uL,150,400,N,Routine,2025-09-20 03:26,2025-09-20 03:42,2025-09-20 06:41
LAB744046,ENC118609,PT11232,GLU,Glucose,288,mg/dL,70,99,H,STAT,2025-09-20 03:02,2025-09-20 03:17,2025-09-20 04:25
LAB744047,ENC118609,PT11232,CREAT,Creatinine,0.83,mg/dL,0.6,1.3,N,Routine,2025-09-20 02:57,2025-09-20 03:05,2025-09-20 07:20
LAB744048,ENC118609,PT11232,WBC,White Blood Cell Count,6.3,K/uL,4.5,11,N,STAT,2025-09-20 02:12,2025-09-20 02:30,2025-09-20 03:23
LAB744049,ENC118609,PT11232,HGB,Hemoglobin,9.6,g/dL,12,17.5,L,Routine,2025-09-20 03:06,2025-09-20 03:41,2025-09-20 09:32
LAB744050,ENC118609,PT11232,NA,Sodium,134,mmol/L,136,145,L,STAT,2025-09-20 02:29,2025-09-20 02:54,2025-09-20 03:39
LAB744051,ENC118609,PT11232,K,Potassium,4.6,mmol/L,3.5,5.1,N,STAT,2025-09-20 03:06,2025-09-20 03:16,2025-09-20 04:16
LAB744052,ENC118609,PT11232,LACT,Lactate,1.3,mmol/L,0.5,2,N,STAT,2025-09-20 02:51,2025-09-20 03:00,2025-09-20 03:39
LAB744053,ENC118609,PT11232,INR,Prothrombin Time INR,1.1,ratio,0.8,1.2,N,STAT,2025-09-20 02:34,2025-09-20 03:07,2025-09-20 03:55
LAB744054,ENC118610,PT13422,GLU,Glucose,88,mg/dL,70,99,N,Routine,2025-09-20 05:24,2025-09-20 05:35,2025-09-20 08:08
LAB744055,ENC118610,PT13422,CREAT,Creatinine,0.56,mg/dL,0.6,1.3,L,Routine,2025-09-20 06:30,2025-09-20 06:43,2025-09-20 14:00
LAB744056,ENC118610,PT13422,WBC,White Blood Cell Count,6.5,K/uL,4.5,11,N,Routine,2025-09-20 06:20,2025-09-20 06:37,2025-09-20 09:59
LAB744057,ENC118610,PT13422,HGB,Hemoglobin,13.6,g/dL,12,17.5,N,STAT,2025-09-20 06:33,2025-09-20 06:42,2025-09-20 07:35
LAB744058,ENC118611,PT10740,GLU,Glucose,93,mg/dL,70,99,N,STAT,2025-09-20 08:08,2025-09-20 08:38,2025-09-20 09:18
LAB744059,ENC118611,PT10740,CREAT,Creatinine,2.04,mg/dL,0.6,1.3,H,Routine,2025-09-20 07:54,2025-09-20 08:13,2025-09-20 16:44
LAB744060,ENC118611,PT10740,WBC,White Blood Cell Count,9.5,K/uL,4.5,11,N,STAT,2025-09-20 08:15,2025-09-20 08:43,2025-09-20 09:04
LAB744061,ENC118611,PT10740,HGB,Hemoglobin,9.1,g/dL,12,17.5,L,STAT,2025-09-20 07:42,2025-09-20 08:02,2025-09-20 09:02
LAB744062,ENC118611,PT10740,NA,Sodium,140,mmol/L,136,145,N,STAT,2025-09-20 08:14,2025-09-20 08:31,2025-09-20 09:10
LAB744063,ENC118611,PT10740,K,Potassium,4.5,mmol/L,3.5,5.1,N,STAT,2025-09-20 08:23,2025-09-20 08:28,2025-09-20 09:17
LAB744064,ENC118611,PT10740,INR,Prothrombin Time INR,1.2,ratio,0.8,1.2,N,STAT,2025-09-20 07:22,2025-09-20 07:35,2025-09-20 08:29
LAB744065,ENC118612,PT13392,GLU,Glucose,110,mg/dL,70,99,H,STAT,2025-09-20 12:49,2025-09-20 13:15,2025-09-20 14:05
LAB744066,ENC118612,PT13392,CREAT,Creatinine,1.1,mg/dL,0.6,1.3,N,STAT,2025-09-20 13:14,2025-09-20 13:36,2025-09-20 14:11
LAB744067,ENC118612,PT13392,WBC,White Blood Cell Count,7.7,K/uL,4.5,11,N,Routine,2025-09-20 13:35,2025-09-20 13:57,2025-09-20 16:12
LAB744068,ENC118612,PT13392,HGB,Hemoglobin,7.6,g/dL,12,17.5,L,Routine,2025-09-20 13:01,2025-09-20 13:27,2025-09-20 18:44
LAB744069,ENC118612,PT13392,INR,Prothrombin Time INR,0.9,ratio,0.8,1.2,N,STAT,2025-09-20 12:59,2025-09-20 13:18,2025-09-20 14:10
LAB744070,ENC118613,PT10644,GLU,Glucose,120,mg/dL,70,99,H,Routine,2025-09-20 09:52,2025-09-20 10:27,2025-09-20 11:54
LAB744071,ENC118613,PT10644,CREAT,Creatinine,1.21,mg/dL,0.6,1.3,N,STAT,2025-09-20 10:33,2025-09-20 11:02,2025-09-20 11:50
LAB744072,ENC118613,PT10644,WBC,White Blood Cell Count,5.1,K/uL,4.5,11,N,Routine,2025-09-20 10:49,2025-09-20 11:02,2025-09-20 13:28
LAB744073,ENC118613,PT10644,HGB,Hemoglobin,9.7,g/dL,12,17.5,L,STAT,2025-09-20 10:35,2025-09-20 10:58,2025-09-20 11:45
LAB744074,ENC118614,PT12311,GLU,Glucose,117,mg/dL,70,99,H,Routine,2025-09-20 10:38,2025-09-20 10:47,2025-09-20 16:55
LAB744075,ENC118614,PT12311,CREAT,Creatinine,0.99,mg/dL,0.6,1.3,N,STAT,2025-09-20 11:21,2025-09-20 11:37,2025-09-20 12:37
LAB744076,ENC118614,PT12311,WBC,White Blood Cell Count,9.9,K/uL,4.5,11,N,Routine,2025-09-20 10:47,2025-09-20 10:55,2025-09-20 16:15
LAB744077,ENC118615,PT11083,GLU,Glucose,105,mg/dL,70,99,H,STAT,2025-09-20 13:30,2025-09-20 13:58,2025-09-20 15:18
LAB744078,ENC118615,PT11083,CREAT,Creatinine,0.98,mg/dL,0.6,1.3,N,Routine,2025-09-20 12:56,2025-09-20 13:18,2025-09-20 14:44
LAB744079,ENC118616,PT12081,GLU,Glucose,102,mg/dL,70,99,H,STAT,2025-09-20 17:08,2025-09-20 17:22,2025-09-20 18:24
LAB744080,ENC118616,PT12081,CREAT,Creatinine,1.67,mg/dL,0.6,1.3,H,STAT,2025-09-20 16:24,2025-09-20 16:43,2025-09-20 17:39
LAB744081,ENC118616,PT12081,WBC,White Blood Cell Count,13,K/uL,4.5,11,H,STAT,2025-09-20 17:15,2025-09-20 17:50,2025-09-20 18:45
LAB744082,ENC118616,PT12081,HGB,Hemoglobin,9,g/dL,12,17.5,L,STAT,2025-09-20 17:02,2025-09-20 17:23,2025-09-20 18:17
LAB744083,ENC118617,PT13989,GLU,Glucose,122,mg/dL,70,99,H,Routine,2025-09-20 17:37,2025-09-20 17:42,2025-09-20 21:34
LAB744084,ENC118617,PT13989,CREAT,Creatinine,1.14,mg/dL,0.6,1.3,N,STAT,2025-09-20 18:34,2025-09-20 19:06,2025-09-20 19:29
LAB744085,ENC118617,PT13989,WBC,White Blood Cell Count,8.7,K/uL,4.5,11,N,STAT,2025-09-20 18:43,2025-09-20 19:04,2025-09-20 19:40
LAB744086,ENC118617,PT13989,HGB,Hemoglobin,14.5,g/dL,12,17.5,N,STAT,2025-09-20 17:43,2025-09-20 17:47,2025-09-20 18:31
LAB744087,ENC118617,PT13989,BUN,Blood Urea Nitrogen,20,mg/dL,7,20,N,Routine,2025-09-20 18:07,2025-09-20 18:26,2025-09-20 20:55
LAB744088,ENC118617,PT13989,PLT,Platelet Count,223,K/uL,150,400,N,Routine,2025-09-20 18:45,2025-09-20 19:19,2025-09-20 21:50
LAB744089,ENC118620,PT13972,GLU,Glucose,107,mg/dL,70,99,H,Routine,2025-09-20 17:32,2025-09-20 17:59,2025-09-20 21:18
LAB744090,ENC118620,PT13972,CREAT,Creatinine,1.04,mg/dL,0.6,1.3,N,STAT,2025-09-20 17:44,2025-09-20 18:19,2025-09-20 19:28
LAB744091,ENC118620,PT13972,WBC,White Blood Cell Count,16.7,K/uL,4.5,11,H,STAT,2025-09-20 16:58,2025-09-20 17:15,2025-09-20 18:07
LAB744092,ENC118620,PT13972,HGB,Hemoglobin,15.6,g/dL,12,17.5,N,STAT,2025-09-20 17:03,2025-09-20 17:35,2025-09-20 18:21
LAB744093,ENC118622,PT10611,GLU,Glucose,122,mg/dL,70,99,H,STAT,2025-09-20 23:12,2025-09-20 23:47,2025-09-21 00:59
LAB744094,ENC118622,PT10611,CREAT,Creatinine,0.66,mg/dL,0.6,1.3,N,Routine,2025-09-20 23:02,2025-09-20 23:31,2025-09-21 06:15
LAB744095,ENC118622,PT10611,WBC,White Blood Cell Count,19.3,K/uL,4.5,11,H,STAT,2025-09-20 22:48,2025-09-20 23:12,2025-09-20 23:59
LAB744096,ENC118622,PT10611,HGB,Hemoglobin,14.3,g/dL,12,17.5,N,STAT,2025-09-20 22:49,2025-09-20 23:06,2025-09-21 00:22
LAB744097,ENC118623,PT13413,GLU,Glucose,129,mg/dL,70,99,H,STAT,2025-09-20 23:28,2025-09-20 23:45,2025-09-21 00:54
LAB744098,ENC118623,PT13413,CREAT,Creatinine,0.91,mg/dL,0.6,1.3,N,Routine,2025-09-20 23:51,2025-09-21 00:17,2025-09-21 06:41
LAB744099,ENC118623,PT13413,WBC,White Blood Cell Count,7.2,K/uL,4.5,11,N,STAT,2025-09-20 22:53,2025-09-20 23:03,2025-09-21 00:10
LAB744100,ENC118623,PT13413,HGB,Hemoglobin,11.2,g/dL,12,17.5,L,Routine,2025-09-20 23:26,2025-09-20 23:30,2025-09-21 00:15
LAB744101,ENC118625,PT12384,GLU,Glucose,118,mg/dL,70,99,H,STAT,2025-09-21 00:48,2025-09-21 01:06,2025-09-21 01:53
LAB744102,ENC118625,PT12384,CREAT,Creatinine,0.76,mg/dL,0.6,1.3,N,STAT,2025-09-21 01:39,2025-09-21 02:06,2025-09-21 02:34
LAB744103,ENC118625,PT12384,WBC,White Blood Cell Count,10.1,K/uL,4.5,11,N,STAT,2025-09-21 01:06,2025-09-21 01:17,2025-09-21 01:56
LAB744104,ENC118625,PT12384,HGB,Hemoglobin,15.2,g/dL,12,17.5,N,Routine,2025-09-21 01:50,2025-09-21 02:17,2025-09-21 05:46
LAB744105,ENC118626,PT11891,GLU,Glucose,149,mg/dL,70,99,H,STAT,2025-09-20 22:21,2025-09-20 22:44,2025-09-20 23:24
LAB744106,ENC118626,PT11891,CREAT,Creatinine,0.93,mg/dL,0.6,1.3,N,STAT,2025-09-20 22:06,2025-09-20 22:35,2025-09-20 23:25
LAB744107,ENC118626,PT11891,WBC,White Blood Cell Count,6.8,K/uL,4.5,11,N,STAT,2025-09-20 21:52,2025-09-20 21:56,2025-09-20 23:04
LAB744108,ENC118626,PT11891,HGB,Hemoglobin,16.4,g/dL,12,17.5,N,STAT,2025-09-20 22:00,2025-09-20 22:26,2025-09-20 22:56
LAB744109,ENC118626,PT11891,INR,Prothrombin Time INR,1,ratio,0.8,1.2,N,STAT,2025-09-20 22:44,2025-09-20 23:05,2025-09-21 00:10
LAB744110,ENC118628,PT10866,TROP,"Troponin I, High Sensitivity",7,ng/L,0,34,N,STAT,2025-09-21 05:46,2025-09-21 06:16,2025-09-21 06:37
LAB744111,ENC118629,PT11725,GLU,Glucose,89,mg/dL,70,99,N,STAT,2025-09-21 11:00,2025-09-21 11:05,2025-09-21 11:52
LAB744112,ENC118629,PT11725,CREAT,Creatinine,0.76,mg/dL,0.6,1.3,N,Routine,2025-09-21 10:45,2025-09-21 11:07,2025-09-21 15:47
LAB744113,ENC118629,PT11725,WBC,White Blood Cell Count,8.9,K/uL,4.5,11,N,Routine,2025-09-21 09:55,2025-09-21 10:05,2025-09-21 13:09
LAB744114,ENC118629,PT11725,HGB,Hemoglobin,14,g/dL,12,17.5,N,STAT,2025-09-21 10:31,2025-09-21 11:04,2025-09-21 11:58
LAB744115,ENC118630,PT12543,GLU,Glucose,326,mg/dL,70,99,H,Routine,2025-09-21 11:50,2025-09-21 12:00,2025-09-21 15:16
LAB744116,ENC118630,PT12543,CREAT,Creatinine,0.52,mg/dL,0.6,1.3,L,STAT,2025-09-21 12:02,2025-09-21 12:34,2025-09-21 12:59
LAB744117,ENC118630,PT12543,WBC,White Blood Cell Count,5.2,K/uL,4.5,11,N,STAT,2025-09-21 11:01,2025-09-21 11:33,2025-09-21 12:33
LAB744118,ENC118630,PT12543,HGB,Hemoglobin,11.6,g/dL,12,17.5,L,Routine,2025-09-21 11:58,2025-09-21 12:07,2025-09-21 15:02
LAB744119,ENC118630,PT12543,NA,Sodium,139,mmol/L,136,145,N,Routine,2025-09-21 11:39,2025-09-21 12:08,2025-09-21 15:30
LAB744120,ENC118630,PT12543,K,Potassium,4.6,mmol/L,3.5,5.1,N,STAT,2025-09-21 11:38,2025-09-21 11:43,2025-09-21 12:47
LAB744121,ENC118630,PT12543,A1C,Hemoglobin A1c,9.3,%,4,5.6,H,STAT,2025-09-21 12:06,2025-09-21 12:15,2025-09-21 13:04
LAB744122,ENC118631,PT12139,GLU,Glucose,138,mg/dL,70,99,H,STAT,2025-09-21 14:25,2025-09-21 14:37,2025-09-21 15:32
LAB744123,ENC118631,PT12139,CREAT,Creatinine,1.16,mg/dL,0.6,1.3,N,Routine,2025-09-21 14:43,2025-09-21 15:11,2025-09-21 17:21
LAB744124,ENC118631,PT12139,WBC,White Blood Cell Count,10.4,K/uL,4.5,11,N,STAT,2025-09-21 14:46,2025-09-21 15:15,2025-09-21 15:47
LAB744125,ENC118631,PT12139,HGB,Hemoglobin,7.8,g/dL,12,17.5,L,STAT,2025-09-21 15:13,2025-09-21 15:27,2025-09-21 16:20
LAB744126,ENC118631,PT12139,LACT,Lactate,1.7,mmol/L,0.5,2,N,STAT,2025-09-21 15:04,2025-09-21 15:26,2025-09-21 16:07
LAB744127,ENC118631,PT12139,INR,Prothrombin Time INR,1.1,ratio,0.8,1.2,N,STAT,2025-09-21 15:04,2025-09-21 15:32,2025-09-21 16:13
LAB744128,ENC118632,PT11984,TROP,"Troponin I, High Sensitivity",3,ng/L,0,34,N,STAT,2025-09-21 15:11,2025-09-21 15:32,2025-09-21 16:01
LAB744129,ENC118633,PT10023,GLU,Glucose,103,mg/dL,70,99,H,Routine,2025-09-21 16:33,2025-09-21 16:41,2025-09-21 20:12
LAB744130,ENC118633,PT10023,CREAT,Creatinine,1.05,mg/dL,0.6,1.3,N,STAT,2025-09-21 16:36,2025-09-21 16:47,2025-09-21 17:53
LAB744131,ENC118633,PT10023,WBC,White Blood Cell Count,7,K/uL,4.5,11,N,STAT,2025-09-21 16:27,2025-09-21 16:58,2025-09-21 18:01
LAB744132,ENC118633,PT10023,HGB,Hemoglobin,12.8,g/dL,12,17.5,N,Routine,2025-09-21 16:37,2025-09-21 16:50,2025-09-21 18:46
LAB744133,ENC118634,PT11258,GLU,Glucose,109,mg/dL,70,99,H,Routine,2025-09-21 21:57,2025-09-21 22:15,2025-09-22 02:04
LAB744134,ENC118634,PT11258,CREAT,Creatinine,0.69,mg/dL,0.6,1.3,N,STAT,2025-09-21 21:27,2025-09-21 22:02,2025-09-21 23:10
LAB744135,ENC118634,PT11258,WBC,White Blood Cell Count,23.7,K/uL,4.5,11,H,STAT,2025-09-21 21:14,2025-09-21 21:48,2025-09-21 23:30
LAB744136,ENC118634,PT11258,HGB,Hemoglobin,13.9,g/dL,12,17.5,N,Routine,2025-09-21 21:33,2025-09-21 21:54,2025-09-22 00:34
LAB744137,ENC118634,PT11258,LACT,Lactate,3.9,mmol/L,0.5,2,H,STAT,2025-09-21 21:05,2025-09-21 21:22,2025-09-21 21:58
LAB744138,ENC118635,PT12304,GLU,Glucose,128,mg/dL,70,99,H,Routine,2025-09-21 18:50,2025-09-21 19:20,2025-09-21 20:36
LAB744139,ENC118635,PT12304,CREAT,Creatinine,2.66,mg/dL,0.6,1.3,H,Routine,2025-09-21 17:52,2025-09-21 18:19,2025-09-21 21:43
LAB744140,ENC118636,PT13748,GLU,Glucose,99,mg/dL,70,99,N,STAT,2025-09-21 19:54,2025-09-21 19:59,2025-09-21 20:43
LAB744141,ENC118636,PT13748,CREAT,Creatinine,3.29,mg/dL,0.6,1.3,H,STAT,2025-09-21 19:42,2025-09-21 20:09,2025-09-21 21:04
LAB744142,ENC118636,PT13748,WBC,White Blood Cell Count,4.4,K/uL,4.5,11,L,Routine,2025-09-21 19:14,2025-09-21 19:43,2025-09-21 21:59
LAB744143,ENC118636,PT13748,HGB,Hemoglobin,14.2,g/dL,12,17.5,N,Routine,2025-09-21 19:15,2025-09-21 19:19,2025-09-22 02:37
LAB744144,ENC118636,PT13748,NA,Sodium,140,mmol/L,136,145,N,STAT,2025-09-21 19:31,2025-09-21 19:58,2025-09-21 20:23
LAB744145,ENC118636,PT13748,K,Potassium,5.3,mmol/L,3.5,5.1,H,STAT,2025-09-21 19:40,2025-09-21 20:00,2025-09-21 20:46
LAB744146,ENC118637,PT10712,GLU,Glucose,67,mg/dL,70,99,L,Routine,2025-09-21 22:22,2025-09-21 22:53,2025-09-22 01:08
LAB744147,ENC118637,PT10712,CREAT,Creatinine,0.88,mg/dL,0.6,1.3,N,STAT,2025-09-21 22:12,2025-09-21 22:23,2025-09-21 23:20
LAB744148,ENC118637,PT10712,WBC,White Blood Cell Count,17.2,K/uL,4.5,11,H,STAT,2025-09-21 22:10,2025-09-21 22:39,2025-09-21 23:35
LAB744149,ENC118638,PT10608,GLU,Glucose,108,mg/dL,70,99,H,STAT,2025-09-22 03:48,2025-09-22 03:59,2025-09-22 04:49
LAB744150,ENC118638,PT10608,CREAT,Creatinine,0.6,mg/dL,0.6,1.3,N,STAT,2025-09-22 03:10,2025-09-22 03:38,2025-09-22 04:08
LAB744151,ENC118638,PT10608,WBC,White Blood Cell Count,9.3,K/uL,4.5,11,N,STAT,2025-09-22 03:12,2025-09-22 03:24,2025-09-22 03:46
LAB744152,ENC118638,PT10608,HGB,Hemoglobin,14.1,g/dL,12,17.5,N,STAT,2025-09-22 02:48,2025-09-22 03:17,2025-09-22 03:44
LAB744153,ENC118640,PT13339,GLU,Glucose,79,mg/dL,70,99,N,STAT,2025-09-22 08:36,2025-09-22 09:06,2025-09-22 10:13
LAB744154,ENC118640,PT13339,CREAT,Creatinine,0.87,mg/dL,0.6,1.3,N,Routine,2025-09-22 07:58,2025-09-22 08:24,2025-09-22 09:57
LAB744155,ENC118640,PT13339,WBC,White Blood Cell Count,7,K/uL,4.5,11,N,Routine,2025-09-22 08:02,2025-09-22 08:35,2025-09-22 13:54
LAB744156,ENC118640,PT13339,HGB,Hemoglobin,14.4,g/dL,12,17.5,N,Routine,2025-09-22 09:02,2025-09-22 09:33,2025-09-22 12:40
LAB744157,ENC118642,PT11706,GLU,Glucose,89,mg/dL,70,99,N,STAT,2025-09-22 08:54,2025-09-22 09:05,2025-09-22 09:40
LAB744158,ENC118642,PT11706,CREAT,Creatinine,0.98,mg/dL,0.6,1.3,N,Routine,2025-09-22 09:57,2025-09-22 10:22,2025-09-22 13:29
LAB744159,ENC118646,PT11030,GLU,Glucose,95,mg/dL,70,99,N,STAT,2025-09-22 09:29,2025-09-22 09:52,2025-09-22 10:59
LAB744160,ENC118646,PT11030,CREAT,Creatinine,0.91,mg/dL,0.6,1.3,N,STAT,2025-09-22 10:09,2025-09-22 10:24,2025-09-22 11:05
LAB744161,ENC118646,PT11030,WBC,White Blood Cell Count,11.5,K/uL,4.5,11,H,STAT,2025-09-22 10:15,2025-09-22 10:42,2025-09-22 11:52
LAB744162,ENC118646,PT11030,HGB,Hemoglobin,13.6,g/dL,12,17.5,N,STAT,2025-09-22 09:48,2025-09-22 09:58,2025-09-22 10:57
LAB744163,ENC118647,PT13148,GLU,Glucose,101,mg/dL,70,99,H,STAT,2025-09-22 13:28,2025-09-22 13:44,2025-09-22 14:42
LAB744164,ENC118647,PT13148,CREAT,Creatinine,0.83,mg/dL,0.6,1.3,N,STAT,2025-09-22 12:51,2025-09-22 13:10,2025-09-22 13:40
LAB744165,ENC118647,PT13148,WBC,White Blood Cell Count,13.4,K/uL,4.5,11,H,Routine,2025-09-22 13:50,2025-09-22 14:25,2025-09-22 17:34
LAB744166,ENC118647,PT13148,HGB,Hemoglobin,12.9,g/dL,12,17.5,N,STAT,2025-09-22 13:34,2025-09-22 13:40,2025-09-22 14:34
LAB744167,ENC118648,PT11934,A1C,Hemoglobin A1c,8.8,%,4,5.6,H,Routine,2025-09-22 10:08,2025-09-22 10:14,2025-09-22 20:29
LAB744168,ENC118648,PT11934,GLU,Glucose,135,mg/dL,70,99,H,Routine,2025-09-22 10:11,2025-09-22 10:44,2025-09-22 15:53
LAB744169,ENC118648,PT11934,CREAT,Creatinine,1.18,mg/dL,0.6,1.3,N,Routine,2025-09-22 10:09,2025-09-22 10:18,2025-09-22 11:44
LAB744170,ENC118649,PT10249,TROP,"Troponin I, High Sensitivity",7,ng/L,0,34,N,STAT,2025-09-22 10:38,2025-09-22 11:12,2025-09-22 12:59
LAB744171,ENC118650,PT11773,GLU,Glucose,202,mg/dL,70,99,H,STAT,2025-09-22 14:28,2025-09-22 14:53,2025-09-22 15:36
LAB744172,ENC118650,PT11773,CREAT,Creatinine,0.72,mg/dL,0.6,1.3,N,STAT,2025-09-22 14:56,2025-09-22 15:31,2025-09-22 16:45
LAB744173,ENC118650,PT11773,WBC,White Blood Cell Count,6.6,K/uL,4.5,11,N,STAT,2025-09-22 15:08,2025-09-22 15:14,2025-09-22 15:54
LAB744174,ENC118650,PT11773,HGB,Hemoglobin,10.4,g/dL,12,17.5,L,STAT,2025-09-22 14:41,2025-09-22 14:56,2025-09-22 15:24
LAB744175,ENC118650,PT11773,NA,Sodium,127,mmol/L,136,145,L,STAT,2025-09-22 15:15,2025-09-22 15:27,2025-09-22 16:15
LAB744176,ENC118650,PT11773,K,Potassium,4.5,mmol/L,3.5,5.1,N,STAT,2025-09-22 14:35,2025-09-22 14:45,2025-09-22 15:15
LAB744177,ENC118652,PT12740,GLU,Glucose,106,mg/dL,70,99,H,Routine,2025-09-22 11:38,2025-09-22 12:05,2025-09-22 13:53
LAB744178,ENC118652,PT12740,CREAT,Creatinine,1.08,mg/dL,0.6,1.3,N,Routine,2025-09-22 12:06,2025-09-22 12:24,2025-09-22 17:54
LAB744179,ENC118653,PT11622,A1C,Hemoglobin A1c,8.7,%,4,5.6,H,Routine,2025-09-22 11:55,2025-09-22 12:09,2025-09-23 03:24
LAB744180,ENC118656,PT10190,LDL,LDL Cholesterol,159,mg/dL,0,99,H,Routine,2025-09-22 12:00,2025-09-22 12:08,2025-09-23 01:01
LAB744181,ENC118656,PT10190,A1C,Hemoglobin A1c,5.9,%,4,5.6,H,Routine,2025-09-22 12:10,2025-09-22 12:21,2025-09-22 19:18
LAB744182,ENC118657,PT13571,GLU,Glucose,112,mg/dL,70,99,H,STAT,2025-09-22 16:21,2025-09-22 16:43,2025-09-22 18:01
LAB744183,ENC118657,PT13571,CREAT,Creatinine,0.99,mg/dL,0.6,1.3,N,Routine,2025-09-22 17:12,2025-09-22 17:46,2025-09-22 22:28
LAB744184,ENC118657,PT13571,WBC,White Blood Cell Count,7.7,K/uL,4.5,11,N,STAT,2025-09-22 16:56,2025-09-22 17:13,2025-09-22 17:57
LAB744185,ENC118657,PT13571,HGB,Hemoglobin,6.1,g/dL,12,17.5,LL,STAT,2025-09-22 17:13,2025-09-22 17:32,2025-09-22 18:28
LAB744186,ENC118657,PT13571,INR,Prothrombin Time INR,1.1,ratio,0.8,1.2,N,Routine,2025-09-22 16:11,2025-09-22 16:28,2025-09-22 18:34
LAB744187,ENC118658,PT11576,WBC,White Blood Cell Count,5.8,K/uL,4.5,11,N,Routine,2025-09-22 12:28,2025-09-22 12:47,2025-09-22 16:30
LAB744188,ENC118658,PT11576,HGB,Hemoglobin,14.6,g/dL,12,17.5,N,Routine,2025-09-22 12:21,2025-09-22 12:37,2025-09-22 18:26
LAB744189,ENC118658,PT11576,PLT,Platelet Count,237,K/uL,150,400,N,Routine,2025-09-22 12:30,2025-09-22 12:48,2025-09-22 14:28
LAB744190,ENC118660,PT10659,GLU,Glucose,125,mg/dL,70,99,H,STAT,2025-09-22 14:10,2025-09-22 14:21,2025-09-22 14:48
LAB744191,ENC118660,PT10659,CREAT,Creatinine,0.89,mg/dL,0.6,1.3,N,Routine,2025-09-22 14:11,2025-09-22 14:26,2025-09-22 15:55
LAB744192,ENC118660,PT10659,WBC,White Blood Cell Count,7,K/uL,4.5,11,N,Routine,2025-09-22 13:29,2025-09-22 13:48,2025-09-22 16:52
LAB744193,ENC118660,PT10659,HGB,Hemoglobin,13.2,g/dL,12,17.5,N,Routine,2025-09-22 13:50,2025-09-22 14:25,2025-09-22 17:39
LAB744194,ENC118664,PT11226,WBC,White Blood Cell Count,6.2,K/uL,4.5,11,N,Routine,2025-09-22 14:42,2025-09-22 15:07,2025-09-22 23:04
LAB744195,ENC118664,PT11226,HGB,Hemoglobin,12.4,g/dL,12,17.5,N,Routine,2025-09-22 14:21,2025-09-22 14:50,2025-09-22 17:06
LAB744196,ENC118664,PT11226,PLT,Platelet Count,289,K/uL,150,400,N,Routine,2025-09-22 14:35,2025-09-22 14:44,2025-09-22 18:50
LAB744197,ENC118667,PT13908,GLU,Glucose,95,mg/dL,70,99,N,STAT,2025-09-22 18:14,2025-09-22 18:44,2025-09-22 19:22
LAB744198,ENC118667,PT13908,CREAT,Creatinine,1,mg/dL,0.6,1.3,N,STAT,2025-09-22 17:58,2025-09-22 18:29,2025-09-22 19:02
LAB744199,ENC118667,PT13908,WBC,White Blood Cell Count,13.3,K/uL,4.5,11,H,Routine,2025-09-22 18:32,2025-09-22 18:39,2025-09-22 20:20
LAB744200,ENC118667,PT13908,HGB,Hemoglobin,14.2,g/dL,12,17.5,N,STAT,2025-09-22 18:34,2025-09-22 19:02,2025-09-22 20:16
LAB744201,ENC118667,PT13908,NA,Sodium,138,mmol/L,136,145,N,STAT,2025-09-22 19:00,2025-09-22 19:12,2025-09-22 19:50
LAB744202,ENC118667,PT13908,K,Potassium,4.5,mmol/L,3.5,5.1,N,STAT,2025-09-22 18:14,2025-09-22 18:35,2025-09-22 19:41
LAB744203,ENC118668,PT12320,GLU,Glucose,83,mg/dL,70,99,N,STAT,2025-09-22 18:25,2025-09-22 18:39,2025-09-22 19:51
LAB744204,ENC118668,PT12320,CREAT,Creatinine,0.71,mg/dL,0.6,1.3,N,STAT,2025-09-22 19:02,2025-09-22 19:28,2025-09-22 20:21
LAB744205,ENC118668,PT12320,WBC,White Blood Cell Count,8.1,K/uL,4.5,11,N,STAT,2025-09-22 18:56,2025-09-22 19:30,2025-09-22 20:02
LAB744206,ENC118668,PT12320,HGB,Hemoglobin,13.6,g/dL,12,17.5,N,STAT,2025-09-22 19:24,2025-09-22 19:46,2025-09-22 20:30
LAB744207,ENC118668,PT12320,NA,Sodium,119,mmol/L,136,145,LL,STAT,2025-09-22 19:00,2025-09-22 19:33,2025-09-22 20:44
LAB744208,ENC118668,PT12320,K,Potassium,4.3,mmol/L,3.5,5.1,N,STAT,2025-09-22 18:36,2025-09-22 18:45,2025-09-22 19:59
LAB744209,ENC118669,PT13636,WBC,White Blood Cell Count,6,K/uL,4.5,11,N,Routine,2025-09-22 16:43,2025-09-22 16:52,2025-09-22 19:50
LAB744210,ENC118669,PT13636,HGB,Hemoglobin,8.5,g/dL,12,17.5,L,Routine,2025-09-22 16:28,2025-09-22 16:39,2025-09-22 19:50
LAB744211,ENC118669,PT13636,PLT,Platelet Count,234,K/uL,150,400,N,Routine,2025-09-22 16:29,2025-09-22 16:53,2025-09-22 23:00
LAB744212,ENC118671,PT11537,GLU,Glucose,115,mg/dL,70,99,H,STAT,2025-09-22 20:59,2025-09-22 21:17,2025-09-22 21:48
LAB744213,ENC118671,PT11537,CREAT,Creatinine,0.57,mg/dL,0.6,1.3,L,Routine,2025-09-22 21:13,2025-09-22 21:26,2025-09-23 02:04
LAB744214,ENC118671,PT11537,WBC,White Blood Cell Count,15.7,K/uL,4.5,11,H,STAT,2025-09-22 20:40,2025-09-22 21:10,2025-09-22 21:37
LAB744215,ENC118671,PT11537,HGB,Hemoglobin,12,g/dL,12,17.5,N,STAT,2025-09-22 20:36,2025-09-22 21:08,2025-09-22 22:34
LAB744216,ENC118671,PT11537,BUN,Blood Urea Nitrogen,15,mg/dL,7,20,N,STAT,2025-09-22 20:28,2025-09-22 21:00,2025-09-22 21:28
LAB744217,ENC118671,PT11537,PLT,Platelet Count,195,K/uL,150,400,N,Routine,2025-09-22 21:16,2025-09-22 21:49,2025-09-22 23:56
LAB744218,ENC118672,PT13445,GLU,Glucose,84,mg/dL,70,99,N,STAT,2025-09-22 18:19,2025-09-22 18:42,2025-09-22 19:43
LAB744219,ENC118672,PT13445,CREAT,Creatinine,2.27,mg/dL,0.6,1.3,H,Routine,2025-09-22 17:47,2025-09-22 18:00,2025-09-22 20:30
LAB744220,ENC118673,PT12778,GLU,Glucose,87,mg/dL,70,99,N,STAT,2025-09-22 21:30,2025-09-22 21:50,2025-09-22 22:38
LAB744221,ENC118673,PT12778,CREAT,Creatinine,0.85,mg/dL,0.6,1.3,N,STAT,2025-09-22 21:51,2025-09-22 21:58,2025-09-22 22:42
LAB744222,ENC118673,PT12778,WBC,White Blood Cell Count,6.9,K/uL,4.5,11,N,Routine,2025-09-22 21:48,2025-09-22 22:09,2025-09-23 00:52
LAB744223,ENC118673,PT12778,HGB,Hemoglobin,14.1,g/dL,12,17.5,N,STAT,2025-09-22 21:52,2025-09-22 22:08,2025-09-22 23:21
LAB744224,ENC118673,PT12778,BUN,Blood Urea Nitrogen,17,mg/dL,7,20,N,Routine,2025-09-22 21:58,2025-09-22 22:05,2025-09-23 00:26
LAB744225,ENC118673,PT12778,PLT,Platelet Count,242,K/uL,150,400,N,Routine,2025-09-22 21:34,2025-09-22 21:43,2025-09-22 23:44
LAB744226,ENC118673,PT12778,TROP,"Troponin I, High Sensitivity",8,ng/L,0,34,N,STAT,2025-09-22 21:41,2025-09-22 22:00,2025-09-22 23:02
LAB744227,ENC118673,PT12778,BNP,B-Type Natriuretic Peptide,1714,pg/mL,0,100,H,STAT,2025-09-22 21:42,2025-09-22 22:13,2025-09-22 22:58
LAB744228,ENC118674,PT13551,GLU,Glucose,101,mg/dL,70,99,H,Routine,2025-09-22 19:13,2025-09-22 19:39,2025-09-23 01:42
LAB744229,ENC118674,PT13551,CREAT,Creatinine,1.08,mg/dL,0.6,1.3,N,STAT,2025-09-22 19:48,2025-09-22 20:03,2025-09-22 20:46
LAB744230,ENC118674,PT13551,WBC,White Blood Cell Count,8.8,K/uL,4.5,11,N,Routine,2025-09-22 19:53,2025-09-22 20:19,2025-09-22 21:45
LAB744231,ENC118674,PT13551,HGB,Hemoglobin,13.1,g/dL,12,17.5,N,STAT,2025-09-22 19:11,2025-09-22 19:43,2025-09-22 21:40
LAB744232,ENC118675,PT10966,GLU,Glucose,112,mg/dL,70,99,H,Routine,2025-09-22 21:58,2025-09-22 22:12,2025-09-23 00:16
LAB744233,ENC118675,PT10966,CREAT,Creatinine,1.24,mg/dL,0.6,1.3,N,Routine,2025-09-22 21:37,2025-09-22 21:58,2025-09-23 04:45
LAB744234,ENC118675,PT10966,WBC,White Blood Cell Count,18.4,K/uL,4.5,11,H,STAT,2025-09-22 22:17,2025-09-22 22:38,2025-09-22 23:27
LAB744235,ENC118675,PT10966,HGB,Hemoglobin,15.1,g/dL,12,17.5,N,STAT,2025-09-22 22:05,2025-09-22 22:29,2025-09-22 23:10
LAB744236,ENC118675,PT10966,LACT,Lactate,2.8,mmol/L,0.5,2,H,STAT,2025-09-22 22:18,2025-09-22 22:52,2025-09-22 23:21
LAB744237,ENC118676,PT10349,TROP,"Troponin I, High Sensitivity",3,ng/L,0,34,N,STAT,2025-09-22 20:21,2025-09-22 20:47,2025-09-22 21:21
LAB744238,ENC118684,PT11618,A1C,Hemoglobin A1c,9.4,%,4,5.6,H,Routine,2025-09-23 10:37,2025-09-23 10:56,2025-09-24 08:12
LAB744239,ENC118684,PT11618,GLU,Glucose,189,mg/dL,70,99,H,Routine,2025-09-23 10:53,2025-09-23 11:04,2025-09-23 13:30
LAB744240,ENC118684,PT11618,CREAT,Creatinine,1,mg/dL,0.6,1.3,N,Routine,2025-09-23 10:44,2025-09-23 11:17,2025-09-23 13:48
LAB744241,ENC118686,PT12378,GLU,Glucose,104,mg/dL,70,99,H,STAT,2025-09-23 10:54,2025-09-23 11:24,2025-09-23 12:00
LAB744242,ENC118686,PT12378,CREAT,Creatinine,0.95,mg/dL,0.6,1.3,N,Routine,2025-09-23 11:36,2025-09-23 11:58,2025-09-23 13:15
LAB744243,ENC118686,PT12378,WBC,White Blood Cell Count,13.2,K/uL,4.5,11,H,STAT,2025-09-23 11:50,2025-09-23 12:11,2025-09-23 12:56
LAB744244,ENC118686,PT12378,HGB,Hemoglobin,12.5,g/dL,12,17.5,N,Routine,2025-09-23 10:57,2025-09-23 11:11,2025-09-23 13:56
LAB744245,ENC118689,PT12874,LDL,LDL Cholesterol,117,mg/dL,0,99,H,Routine,2025-09-23 11:20,2025-09-23 11:55,2025-09-24 04:29
LAB744246,ENC118690,PT13684,GLU,Glucose,76,mg/dL,70,99,N,STAT,2025-09-23 12:26,2025-09-23 12:41,2025-09-23 13:30
LAB744247,ENC118690,PT13684,CREAT,Creatinine,1.01,mg/dL,0.6,1.3,N,STAT,2025-09-23 12:05,2025-09-23 12:10,2025-09-23 13:01
LAB744248,ENC118690,PT13684,WBC,White Blood Cell Count,9.1,K/uL,4.5,11,N,STAT,2025-09-23 12:36,2025-09-23 12:43,2025-09-23 13:31
LAB744249,ENC118690,PT13684,HGB,Hemoglobin,13.3,g/dL,12,17.5,N,STAT,2025-09-23 12:47,2025-09-23 13:18,2025-09-23 13:59
LAB744250,ENC118691,PT10219,GLU,Glucose,62,mg/dL,70,99,L,Routine,2025-09-23 14:20,2025-09-23 14:32,2025-09-23 16:12
LAB744251,ENC118691,PT10219,CREAT,Creatinine,1.04,mg/dL,0.6,1.3,N,STAT,2025-09-23 14:45,2025-09-23 14:52,2025-09-23 15:29
LAB744252,ENC118691,PT10219,WBC,White Blood Cell Count,13.4,K/uL,4.5,11,H,Routine,2025-09-23 14:11,2025-09-23 14:25,2025-09-23 16:49
LAB744253,ENC118691,PT10219,HGB,Hemoglobin,15,g/dL,12,17.5,N,STAT,2025-09-23 14:32,2025-09-23 14:51,2025-09-23 16:03
LAB744254,ENC118691,PT10219,NA,Sodium,140,mmol/L,136,145,N,STAT,2025-09-23 14:54,2025-09-23 15:26,2025-09-23 16:25
LAB744255,ENC118691,PT10219,K,Potassium,4,mmol/L,3.5,5.1,N,STAT,2025-09-23 15:12,2025-09-23 15:44,2025-09-23 16:27
LAB744256,ENC118691,PT10219,BUN,Blood Urea Nitrogen,7,mg/dL,7,20,N,Routine,2025-09-23 14:52,2025-09-23 15:25,2025-09-23 17:06
LAB744257,ENC118691,PT10219,PLT,Platelet Count,108,K/uL,150,400,L,STAT,2025-09-23 15:04,2025-09-23 15:10,2025-09-23 15:54
LAB744258,ENC118693,PT13767,WBC,White Blood Cell Count,8.6,K/uL,4.5,11,N,Routine,2025-09-23 14:01,2025-09-23 14:16,2025-09-23 15:28
LAB744259,ENC118693,PT13767,HGB,Hemoglobin,9.8,g/dL,12,17.5,L,Routine,2025-09-23 13:53,2025-09-23 14:11,2025-09-23 16:05
LAB744260,ENC118693,PT13767,PLT,Platelet Count,324,K/uL,150,400,N,Routine,2025-09-23 13:51,2025-09-23 14:26,2025-09-23 16:49
LAB744261,ENC118695,PT10458,GLU,Glucose,109,mg/dL,70,99,H,Routine,2025-09-23 15:13,2025-09-23 15:41,2025-09-23 19:02
LAB744262,ENC118695,PT10458,CREAT,Creatinine,0.63,mg/dL,0.6,1.3,N,Routine,2025-09-23 14:50,2025-09-23 15:19,2025-09-23 19:08
LAB744263,ENC118695,PT10458,WBC,White Blood Cell Count,7.1,K/uL,4.5,11,N,STAT,2025-09-23 15:39,2025-09-23 16:02,2025-09-23 17:04
LAB744264,ENC118695,PT10458,HGB,Hemoglobin,15,g/dL,12,17.5,N,STAT,2025-09-23 14:36,2025-09-23 14:54,2025-09-23 15:37
LAB744265,ENC118698,PT11036,GLU,Glucose,107,mg/dL,70,99,H,STAT,2025-09-23 19:10,2025-09-23 19:28,2025-09-23 19:53
LAB744266,ENC118698,PT11036,CREAT,Creatinine,1.12,mg/dL,0.6,1.3,N,STAT,2025-09-23 19:00,2025-09-23 19:25,2025-09-23 20:32
LAB744267,ENC118698,PT11036,WBC,White Blood Cell Count,5.3,K/uL,4.5,11,N,Routine,2025-09-23 19:36,2025-09-23 19:54,2025-09-23 22:59
LAB744268,ENC118698,PT11036,HGB,Hemoglobin,13.9,g/dL,12,17.5,N,Routine,2025-09-23 19:36,2025-09-23 20:11,2025-09-24 00:13
LAB744269,ENC118699,PT13392,WBC,White Blood Cell Count,6.3,K/uL,4.5,11,N,Routine,2025-09-23 15:52,2025-09-23 16:13,2025-09-23 18:38
LAB744270,ENC118699,PT13392,HGB,Hemoglobin,14,g/dL,12,17.5,N,Routine,2025-09-23 15:59,2025-09-23 16:15,2025-09-23 20:29
LAB744271,ENC118699,PT13392,PLT,Platelet Count,282,K/uL,150,400,N,Routine,2025-09-23 15:48,2025-09-23 15:54,2025-09-23 19:46
LAB744272,ENC118700,PT10593,GLU,Glucose,95,mg/dL,70,99,N,STAT,2025-09-23 17:41,2025-09-23 18:05,2025-09-23 19:05
LAB744273,ENC118700,PT10593,CREAT,Creatinine,1,mg/dL,0.6,1.3,N,STAT,2025-09-23 18:26,2025-09-23 18:54,2025-09-23 19:31
LAB744274,ENC118700,PT10593,WBC,White Blood Cell Count,7.2,K/uL,4.5,11,N,STAT,2025-09-23 18:22,2025-09-23 18:51,2025-09-23 19:49
LAB744275,ENC118700,PT10593,HGB,Hemoglobin,13.1,g/dL,12,17.5,N,STAT,2025-09-23 17:21,2025-09-23 17:36,2025-09-23 18:23
LAB744276,ENC118700,PT10593,INR,Prothrombin Time INR,1,ratio,0.8,1.2,N,STAT,2025-09-23 17:27,2025-09-23 18:02,2025-09-23 18:16
LAB744277,ENC118701,PT12059,GLU,Glucose,83,mg/dL,70,99,N,STAT,2025-09-23 21:36,2025-09-23 22:00,2025-09-23 22:29
LAB744278,ENC118701,PT12059,CREAT,Creatinine,1.04,mg/dL,0.6,1.3,N,STAT,2025-09-23 20:38,2025-09-23 20:43,2025-09-23 21:33
LAB744279,ENC118701,PT12059,WBC,White Blood Cell Count,7.3,K/uL,4.5,11,N,Routine,2025-09-23 20:51,2025-09-23 21:17,2025-09-23 23:14
LAB744280,ENC118701,PT12059,HGB,Hemoglobin,13.7,g/dL,12,17.5,N,Routine,2025-09-23 20:47,2025-09-23 21:02,2025-09-24 04:40
LAB744281,ENC118701,PT12059,NA,Sodium,139,mmol/L,136,145,N,STAT,2025-09-23 21:26,2025-09-23 21:38,2025-09-23 22:46
LAB744282,ENC118701,PT12059,K,Potassium,3.8,mmol/L,3.5,5.1,N,STAT,2025-09-23 20:36,2025-09-23 20:43,2025-09-23 21:33
LAB744283,ENC118702,PT10503,A1C,Hemoglobin A1c,9.2,%,4,5.6,H,Routine,2025-09-23 16:06,2025-09-23 16:13,2025-09-24 08:39
LAB744284,ENC118705,PT10769,GLU,Glucose,153,mg/dL,70,99,H,Routine,2025-09-23 18:08,2025-09-23 18:20,2025-09-23 21:20
LAB744285,ENC118705,PT10769,CREAT,Creatinine,1.02,mg/dL,0.6,1.3,N,Routine,2025-09-23 18:22,2025-09-23 18:45,2025-09-23 21:58
LAB744286,ENC118705,PT10769,WBC,White Blood Cell Count,11.7,K/uL,4.5,11,H,Routine,2025-09-23 17:23,2025-09-23 17:35,2025-09-23 21:07
LAB744287,ENC118706,PT13205,GLU,Glucose,87,mg/dL,70,99,N,STAT,2025-09-23 18:43,2025-09-23 18:55,2025-09-23 19:43
LAB744288,ENC118706,PT13205,CREAT,Creatinine,1.14,mg/dL,0.6,1.3,N,Routine,2025-09-23 18:02,2025-09-23 18:31,2025-09-23 23:37
LAB744289,ENC118706,PT13205,WBC,White Blood Cell Count,7.5,K/uL,4.5,11,N,Routine,2025-09-23 17:48,2025-09-23 18:18,2025-09-23 23:11
LAB744290,ENC118706,PT13205,HGB,Hemoglobin,14.2,g/dL,12,17.5,N,STAT,2025-09-23 17:59,2025-09-23 18:27,2025-09-23 19:11
LAB744291,ENC118707,PT11688,GLU,Glucose,131,mg/dL,70,99,H,STAT,2025-09-23 19:13,2025-09-23 19:39,2025-09-23 20:23
LAB744292,ENC118707,PT11688,CREAT,Creatinine,1.74,mg/dL,0.6,1.3,H,STAT,2025-09-23 19:22,2025-09-23 19:29,2025-09-23 20:23
LAB744293,ENC118707,PT11688,WBC,White Blood Cell Count,16.5,K/uL,4.5,11,H,STAT,2025-09-23 19:59,2025-09-23 20:21,2025-09-23 21:06
LAB744294,ENC118707,PT11688,HGB,Hemoglobin,11.1,g/dL,12,17.5,L,STAT,2025-09-23 18:53,2025-09-23 19:09,2025-09-23 19:53
LAB744295,ENC118708,PT10513,GLU,Glucose,152,mg/dL,70,99,H,STAT,2025-09-23 23:10,2025-09-23 23:21,2025-09-24 00:14
LAB744296,ENC118708,PT10513,CREAT,Creatinine,0.89,mg/dL,0.6,1.3,N,Routine,2025-09-23 23:47,2025-09-24 00:09,2025-09-24 02:34
LAB744297,ENC118708,PT10513,WBC,White Blood Cell Count,6.6,K/uL,4.5,11,N,STAT,2025-09-23 23:56,2025-09-24 00:12,2025-09-24 00:57
LAB744298,ENC118708,PT10513,HGB,Hemoglobin,14.6,g/dL,12,17.5,N,STAT,2025-09-23 23:53,2025-09-24 00:19,2025-09-24 01:02
LAB744299,ENC118709,PT12880,GLU,Glucose,126,mg/dL,70,99,H,Routine,2025-09-23 20:51,2025-09-23 20:58,2025-09-23 23:48
LAB744300,ENC118709,PT12880,CREAT,Creatinine,0.92,mg/dL,0.6,1.3,N,Routine,2025-09-23 20:44,2025-09-23 21:13,2025-09-23 23:28
LAB744301,ENC118710,PT12333,GLU,Glucose,88,mg/dL,70,99,N,STAT,2025-09-23 23:40,2025-09-24 00:06,2025-09-24 01:01
LAB744302,ENC118710,PT12333,CREAT,Creatinine,1.54,mg/dL,0.6,1.3,H,Routine,2025-09-23 23:18,2025-09-23 23:37,2025-09-24 02:45
LAB744303,ENC118710,PT12333,WBC,White Blood Cell Count,6.9,K/uL,4.5,11,N,Routine,2025-09-24 00:07,2025-09-24 00:35,2025-09-24 03:34
LAB744304,ENC118710,PT12333,HGB,Hemoglobin,4.4,g/dL,12,17.5,LL,STAT,2025-09-23 23:48,2025-09-24 00:22,2025-09-24 01:34
LAB744305,ENC118710,PT12333,NA,Sodium,140,mmol/L,136,145,N,STAT,2025-09-23 23:56,2025-09-24 00:11,2025-09-24 01:10
LAB744306,ENC118710,PT12333,K,Potassium,4.4,mmol/L,3.5,5.1,N,STAT,2025-09-24 00:09,2025-09-24 00:31,2025-09-24 01:00
LAB744307,ENC118710,PT12333,LACT,Lactate,3.5,mmol/L,0.5,2,H,STAT,2025-09-23 23:39,2025-09-23 23:46,2025-09-24 00:46
LAB744308,ENC118710,PT12333,INR,Prothrombin Time INR,1,ratio,0.8,1.2,N,Routine,2025-09-24 00:06,2025-09-24 00:25,2025-09-24 03:19
LAB744309,ENC118711,PT12906,GLU,Glucose,121,mg/dL,70,99,H,Routine,2025-09-23 22:48,2025-09-23 23:13,2025-09-24 01:41
LAB744310,ENC118711,PT12906,CREAT,Creatinine,1.13,mg/dL,0.6,1.3,N,STAT,2025-09-23 22:43,2025-09-23 22:48,2025-09-23 23:36
LAB744311,ENC118711,PT12906,WBC,White Blood Cell Count,2.9,K/uL,4.5,11,L,STAT,2025-09-23 22:49,2025-09-23 23:17,2025-09-24 00:13
LAB744312,ENC118711,PT12906,HGB,Hemoglobin,15.3,g/dL,12,17.5,N,STAT,2025-09-23 22:40,2025-09-23 23:07,2025-09-24 00:27
LAB744313,ENC118712,PT12578,GLU,Glucose,111,mg/dL,70,99,H,Routine,2025-09-23 21:33,2025-09-23 21:54,2025-09-24 02:00
LAB744314,ENC118712,PT12578,CREAT,Creatinine,2.28,mg/dL,0.6,1.3,H,Routine,2025-09-23 20:58,2025-09-23 21:24,2025-09-24 01:44
LAB744315,ENC118712,PT12578,WBC,White Blood Cell Count,6.4,K/uL,4.5,11,N,STAT,2025-09-23 21:51,2025-09-23 22:12,2025-09-23 23:19
LAB744316,ENC118712,PT12578,HGB,Hemoglobin,10.6,g/dL,12,17.5,L,Routine,2025-09-23 21:07,2025-09-23 21:24,2025-09-23 22:25
LAB744317,ENC118712,PT12578,NA,Sodium,142,mmol/L,136,145,N,STAT,2025-09-23 21:30,2025-09-23 21:56,2025-09-23 22:50
LAB744318,ENC118712,PT12578,K,Potassium,5.3,mmol/L,3.5,5.1,H,STAT,2025-09-23 21:39,2025-09-23 21:49,2025-09-23 22:54
LAB744319,ENC118713,PT11022,GLU,Glucose,148,mg/dL,70,99,H,Routine,2025-09-23 23:55,2025-09-24 00:13,2025-09-24 02:44
LAB744320,ENC118713,PT11022,CREAT,Creatinine,0.95,mg/dL,0.6,1.3,N,Routine,2025-09-24 00:29,2025-09-24 00:33,2025-09-24 04:35
LAB744321,ENC118713,PT11022,WBC,White Blood Cell Count,6.1,K/uL,4.5,11,N,Routine,2025-09-23 23:48,2025-09-24 00:13,2025-09-24 03:43
LAB744322,ENC118713,PT11022,HGB,Hemoglobin,14,g/dL,12,17.5,N,STAT,2025-09-24 00:49,2025-09-24 01:11,2025-09-24 02:03
LAB744323,ENC118714,PT11427,GLU,Glucose,84,mg/dL,70,99,N,STAT,2025-09-24 01:06,2025-09-24 01:18,2025-09-24 02:01
LAB744324,ENC118714,PT11427,CREAT,Creatinine,1.01,mg/dL,0.6,1.3,N,Routine,2025-09-24 00:34,2025-09-24 01:04,2025-09-24 05:23
LAB744325,ENC118714,PT11427,WBC,White Blood Cell Count,8.9,K/uL,4.5,11,N,Routine,2025-09-24 01:02,2025-09-24 01:18,2025-09-24 03:36
LAB744326,ENC118714,PT11427,HGB,Hemoglobin,11.3,g/dL,12,17.5,L,STAT,2025-09-24 00:18,2025-09-24 00:42,2025-09-24 02:06
LAB744327,ENC118714,PT11427,TROP,"Troponin I, High Sensitivity",11,ng/L,0,34,N,STAT,2025-09-24 00:44,2025-09-24 00:49,2025-09-24 01:11
LAB744328,ENC118715,PT13493,GLU,Glucose,105,mg/dL,70,99,H,Routine,2025-09-24 00:12,2025-09-24 00:35,2025-09-24 02:03
LAB744329,ENC118715,PT13493,CREAT,Creatinine,0.91,mg/dL,0.6,1.3,N,STAT,2025-09-24 00:32,2025-09-24 00:45,2025-09-24 03:27
LAB744330,ENC118715,PT13493,WBC,White Blood Cell Count,6,K/uL,4.5,11,N,STAT,2025-09-24 00:30,2025-09-24 00:38,2025-09-24 01:09
LAB744331,ENC118715,PT13493,HGB,Hemoglobin,14.1,g/dL,12,17.5,N,STAT,2025-09-24 01:04,2025-09-24 01:22,2025-09-24 02:05
LAB744332,ENC118715,PT13493,NA,Sodium,144,mmol/L,136,145,N,STAT,2025-09-24 00:13,2025-09-24 00:27,2025-09-24 00:54
LAB744333,ENC118715,PT13493,K,Potassium,3.7,mmol/L,3.5,5.1,N,STAT,2025-09-24 00:55,2025-09-24 01:11,2025-09-24 02:11
LAB744334,ENC118715,PT13493,TROP,"Troponin I, High Sensitivity",6,ng/L,0,34,N,STAT,2025-09-24 00:58,2025-09-24 01:28,2025-09-24 02:14
LAB744335,ENC118716,PT11421,GLU,Glucose,123,mg/dL,70,99,H,STAT,2025-09-23 23:26,2025-09-23 23:47,2025-09-24 00:15
LAB744336,ENC118716,PT11421,CREAT,Creatinine,0.96,mg/dL,0.6,1.3,N,STAT,2025-09-23 22:52,2025-09-23 23:19,2025-09-23 23:51
LAB744337,ENC118716,PT11421,WBC,White Blood Cell Count,17.1,K/uL,4.5,11,H,STAT,2025-09-23 23:17,2025-09-23 23:49,2025-09-24 01:03
LAB744338,ENC118720,PT11101,TROP,"Troponin I, High Sensitivity",5,ng/L,0,34,N,STAT,2025-09-24 09:29,2025-09-24 09:42,2025-09-24 10:12
LAB744339,ENC118721,PT12848,LDL,LDL Cholesterol,91,mg/dL,0,99,N,Routine,2025-09-24 09:46,2025-09-24 10:18,2025-09-25 14:13
LAB744340,ENC118721,PT12848,A1C,Hemoglobin A1c,5,%,4,5.6,N,Routine,2025-09-24 09:38,2025-09-24 09:45,2025-09-25 07:17
LAB744341,ENC118724,PT12507,A1C,Hemoglobin A1c,5.1,%,4,5.6,N,Routine,2025-09-24 11:05,2025-09-24 11:29,2025-09-24 18:41
LAB744342,ENC118727,PT10798,GLU,Glucose,112,mg/dL,70,99,H,STAT,2025-09-24 17:07,2025-09-24 17:21,2025-09-24 18:13
LAB744343,ENC118727,PT10798,CREAT,Creatinine,0.88,mg/dL,0.6,1.3,N,Routine,2025-09-24 16:43,2025-09-24 16:50,2025-09-24 19:56
LAB744344,ENC118727,PT10798,WBC,White Blood Cell Count,9.7,K/uL,4.5,11,N,Routine,2025-09-24 17:36,2025-09-24 17:40,2025-09-24 18:56
LAB744345,ENC118727,PT10798,HGB,Hemoglobin,12.1,g/dL,12,17.5,N,STAT,2025-09-24 17:22,2025-09-24 17:47,2025-09-24 19:17
LAB744346,ENC118727,PT10798,TROP,"Troponin I, High Sensitivity",13,ng/L,0,34,N,STAT,2025-09-24 16:46,2025-09-24 17:14,2025-09-24 18:10
LAB744347,ENC118729,PT11672,GLU,Glucose,201,mg/dL,70,99,H,Routine,2025-09-24 12:39,2025-09-24 12:50,2025-09-24 15:05
LAB744348,ENC118729,PT11672,CREAT,Creatinine,1.31,mg/dL,0.6,1.3,H,Routine,2025-09-24 13:17,2025-09-24 13:39,2025-09-24 17:14
LAB744349,ENC118729,PT11672,WBC,White Blood Cell Count,8,K/uL,4.5,11,N,STAT,2025-09-24 13:34,2025-09-24 13:39,2025-09-24 14:47
LAB744350,ENC118729,PT11672,HGB,Hemoglobin,14.9,g/dL,12,17.5,N,STAT,2025-09-24 12:56,2025-09-24 13:25,2025-09-24 13:48
LAB744351,ENC118729,PT11672,INR,Prothrombin Time INR,1.4,ratio,0.8,1.2,H,STAT,2025-09-24 13:42,2025-09-24 13:48,2025-09-24 14:37
LAB744352,ENC118730,PT12458,LDL,LDL Cholesterol,202,mg/dL,0,99,H,Routine,2025-09-24 13:07,2025-09-24 13:39,2025-09-24 21:59
LAB744353,ENC118730,PT12458,A1C,Hemoglobin A1c,5.4,%,4,5.6,N,Routine,2025-09-24 13:01,2025-09-24 13:06,2025-09-25 02:37
LAB744354,ENC118733,PT12197,A1C,Hemoglobin A1c,9.3,%,4,5.6,H,Routine,2025-09-24 14:42,2025-09-24 15:06,2025-09-25 10:12
LAB744355,ENC118735,PT13900,TROP,"Troponin I, High Sensitivity",5,ng/L,0,34,N,STAT,2025-09-24 15:12,2025-09-24 15:37,2025-09-24 16:06
LAB744356,ENC118737,PT12676,LDL,LDL Cholesterol,211,mg/dL,0,99,H,Routine,2025-09-24 15:37,2025-09-24 15:42,2025-09-25 09:14
LAB744357,ENC118738,PT12721,LDL,LDL Cholesterol,135,mg/dL,0,99,H,Routine,2025-09-24 16:12,2025-09-24 16:23,2025-09-25 07:52
LAB744358,ENC118744,PT10560,LDL,LDL Cholesterol,208,mg/dL,0,99,H,Routine,2025-09-25 10:10,2025-09-25 10:43,2025-09-26 05:12
LAB744359,ENC118744,PT10560,A1C,Hemoglobin A1c,9.9,%,4,5.6,H,Routine,2025-09-25 10:23,2025-09-25 10:52,2025-09-26 02:55
LAB744360,ENC118744,PT10560,TSH,Thyroid Stimulating Hormone,0.12,mIU/L,0.4,4,L,Routine,2025-09-25 10:08,2025-09-25 10:25,2025-09-25 15:53
LAB744361,ENC118745,PT13848,A1C,Hemoglobin A1c,9,%,4,5.6,H,Routine,2025-09-25 10:58,2025-09-25 11:06,2025-09-26 15:13
LAB744362,ENC118751,PT11388,GLU,Glucose,109,mg/dL,70,99,H,STAT,2025-09-25 13:49,2025-09-25 14:17,2025-09-25 16:15
LAB744363,ENC118751,PT11388,CREAT,Creatinine,0.65,mg/dL,0.6,1.3,N,STAT,2025-09-25 14:01,2025-09-25 14:08,2025-09-25 15:30
LAB744364,ENC118751,PT11388,WBC,White Blood Cell Count,5.4,K/uL,4.5,11,N,STAT,2025-09-25 13:46,2025-09-25 13:59,2025-09-25 14:35
LAB744365,ENC118751,PT11388,HGB,Hemoglobin,14.2,g/dL,12,17.5,N,Routine,2025-09-25 14:15,2025-09-25 14:49,2025-09-25 18:45
LAB744366,ENC118754,PT11989,GLU,Glucose,100,mg/dL,70,99,H,STAT,2025-09-25 15:11,2025-09-25 15:33,2025-09-25 16:39
LAB744367,ENC118754,PT11989,CREAT,Creatinine,0.9,mg/dL,0.6,1.3,N,STAT,2025-09-25 15:27,2025-09-25 15:47,2025-09-25 16:36
LAB744368,ENC118754,PT11989,WBC,White Blood Cell Count,8.2,K/uL,4.5,11,N,Routine,2025-09-25 14:43,2025-09-25 14:55,2025-09-25 20:09
LAB744369,ENC118754,PT11989,HGB,Hemoglobin,14.9,g/dL,12,17.5,N,STAT,2025-09-25 15:29,2025-09-25 15:45,2025-09-25 16:15
LAB744370,ENC118756,PT10527,WBC,White Blood Cell Count,7,K/uL,4.5,11,N,Routine,2025-09-25 16:10,2025-09-25 16:37,2025-09-25 19:01
LAB744371,ENC118756,PT10527,HGB,Hemoglobin,10.5,g/dL,12,17.5,L,Routine,2025-09-25 16:14,2025-09-25 16:46,2025-09-25 18:44
LAB744372,ENC118756,PT10527,PLT,Platelet Count,308,K/uL,150,400,N,Routine,2025-09-25 15:59,2025-09-25 16:14,2025-09-25 20:47
LAB744373,ENC118758,PT12355,GLU,Glucose,164,mg/dL,70,99,H,Routine,2025-09-25 21:31,2025-09-25 21:46,2025-09-26 00:54
LAB744374,ENC118758,PT12355,CREAT,Creatinine,1.81,mg/dL,0.6,1.3,H,STAT,2025-09-25 21:45,2025-09-25 22:19,2025-09-25 23:05
LAB744375,ENC118758,PT12355,WBC,White Blood Cell Count,13.4,K/uL,4.5,11,H,STAT,2025-09-25 21:33,2025-09-25 21:49,2025-09-25 22:48
LAB744376,ENC118758,PT12355,HGB,Hemoglobin,13.4,g/dL,12,17.5,N,Routine,2025-09-25 21:19,2025-09-25 21:33,2025-09-26 02:06
LAB744377,ENC118758,PT12355,BUN,Blood Urea Nitrogen,13,mg/dL,7,20,N,Routine,2025-09-25 21:49,2025-09-25 21:58,2025-09-26 00:02
LAB744378,ENC118758,PT12355,PLT,Platelet Count,235,K/uL,150,400,N,STAT,2025-09-25 22:04,2025-09-25 22:11,2025-09-25 23:15
LAB744379,ENC118758,PT12355,LACT,Lactate,3.4,mmol/L,0.5,2,H,STAT,2025-09-25 21:54,2025-09-25 22:18,2025-09-25 23:12
LAB744380,ENC118760,PT13435,GLU,Glucose,114,mg/dL,70,99,H,STAT,2025-09-25 22:33,2025-09-25 22:50,2025-09-25 23:41
LAB744381,ENC118760,PT13435,CREAT,Creatinine,0.91,mg/dL,0.6,1.3,N,Routine,2025-09-25 22:40,2025-09-25 23:09,2025-09-26 02:11
LAB744382,ENC118760,PT13435,WBC,White Blood Cell Count,7.9,K/uL,4.5,11,N,STAT,2025-09-25 22:42,2025-09-25 22:53,2025-09-26 00:04
LAB744383,ENC118761,PT13906,GLU,Glucose,118,mg/dL,70,99,H,STAT,2025-09-26 08:55,2025-09-26 09:20,2025-09-26 10:20
LAB744384,ENC118761,PT13906,CREAT,Creatinine,1.02,mg/dL,0.6,1.3,N,Routine,2025-09-26 08:57,2025-09-26 09:04,2025-09-26 10:09
LAB744385,ENC118761,PT13906,WBC,White Blood Cell Count,7.7,K/uL,4.5,11,N,STAT,2025-09-26 07:55,2025-09-26 08:22,2025-09-26 09:11
LAB744386,ENC118761,PT13906,HGB,Hemoglobin,14.7,g/dL,12,17.5,N,STAT,2025-09-26 07:55,2025-09-26 08:16,2025-09-26 08:50
LAB744387,ENC118761,PT13906,NA,Sodium,135,mmol/L,136,145,L,Routine,2025-09-26 08:30,2025-09-26 08:36,2025-09-26 10:50
LAB744388,ENC118761,PT13906,K,Potassium,3.9,mmol/L,3.5,5.1,N,STAT,2025-09-26 08:27,2025-09-26 08:37,2025-09-26 09:37
LAB744389,ENC118765,PT10971,GLU,Glucose,288,mg/dL,70,99,H,Routine,2025-09-26 10:15,2025-09-26 10:50,2025-09-26 19:46
LAB744390,ENC118765,PT10971,CREAT,Creatinine,1.15,mg/dL,0.6,1.3,N,STAT,2025-09-26 09:24,2025-09-26 09:43,2025-09-26 10:43
LAB744391,ENC118765,PT10971,WBC,White Blood Cell Count,8,K/uL,4.5,11,N,Routine,2025-09-26 10:04,2025-09-26 10:28,2025-09-26 11:57
LAB744392,ENC118766,PT10275,GLU,Glucose,120,mg/dL,70,99,H,STAT,2025-09-26 09:40,2025-09-26 09:54,2025-09-26 10:21
LAB744393,ENC118766,PT10275,CREAT,Creatinine,0.8,mg/dL,0.6,1.3,N,STAT,2025-09-26 10:19,2025-09-26 10:47,2025-09-26 11:09
LAB744394,ENC118766,PT10275,WBC,White Blood Cell Count,9.7,K/uL,4.5,11,N,STAT,2025-09-26 09:51,2025-09-26 10:04,2025-09-26 10:43
LAB744395,ENC118766,PT10275,HGB,Hemoglobin,8.9,g/dL,12,17.5,L,STAT,2025-09-26 09:32,2025-09-26 10:00,2025-09-26 10:32
LAB744396,ENC118766,PT10275,LACT,Lactate,1.5,mmol/L,0.5,2,N,STAT,2025-09-26 09:45,2025-09-26 10:13,2025-09-26 12:13
LAB744397,ENC118766,PT10275,INR,Prothrombin Time INR,1,ratio,0.8,1.2,N,STAT,2025-09-26 09:25,2025-09-26 09:39,2025-09-26 10:16
LAB744398,ENC118767,PT12015,WBC,White Blood Cell Count,6.9,K/uL,4.5,11,N,Routine,2025-09-26 10:27,2025-09-26 10:38,2025-09-26 15:47
LAB744399,ENC118767,PT12015,HGB,Hemoglobin,13.2,g/dL,12,17.5,N,Routine,2025-09-26 10:16,2025-09-26 10:27,2025-09-26 14:03
LAB744400,ENC118767,PT12015,PLT,Platelet Count,272,K/uL,150,400,N,Routine,2025-09-26 10:13,2025-09-26 10:48,2025-09-26 12:44
LAB744401,ENC118769,PT12196,GLU,Glucose,124,mg/dL,70,99,H,STAT,2025-09-26 10:55,2025-09-26 11:28,2025-09-26 13:09
LAB744402,ENC118769,PT12196,CREAT,Creatinine,1.07,mg/dL,0.6,1.3,N,STAT,2025-09-26 10:40,2025-09-26 11:01,2025-09-26 11:51
LAB744403,ENC118769,PT12196,WBC,White Blood Cell Count,7.2,K/uL,4.5,11,N,STAT,2025-09-26 11:23,2025-09-26 11:38,2025-09-26 12:28
LAB744404,ENC118770,PT12662,GLU,Glucose,95,mg/dL,70,99,N,Routine,2025-09-26 15:23,2025-09-26 15:51,2025-09-26 17:49
LAB744405,ENC118770,PT12662,CREAT,Creatinine,1.4,mg/dL,0.6,1.3,H,STAT,2025-09-26 15:30,2025-09-26 15:39,2025-09-26 16:26
LAB744406,ENC118770,PT12662,WBC,White Blood Cell Count,7.9,K/uL,4.5,11,N,STAT,2025-09-26 15:21,2025-09-26 15:40,2025-09-26 17:01
LAB744407,ENC118770,PT12662,HGB,Hemoglobin,11.7,g/dL,12,17.5,L,STAT,2025-09-26 15:01,2025-09-26 15:29,2025-09-26 16:27
LAB744408,ENC118770,PT12662,NA,Sodium,143,mmol/L,136,145,N,Routine,2025-09-26 15:41,2025-09-26 15:45,2025-09-26 17:07
LAB744409,ENC118770,PT12662,K,Potassium,4.5,mmol/L,3.5,5.1,N,STAT,2025-09-26 15:34,2025-09-26 16:03,2025-09-26 17:57
LAB744410,ENC118771,PT12745,GLU,Glucose,175,mg/dL,70,99,H,Routine,2025-09-26 12:13,2025-09-26 12:35,2025-09-26 21:24
LAB744411,ENC118771,PT12745,CREAT,Creatinine,0.92,mg/dL,0.6,1.3,N,STAT,2025-09-26 11:34,2025-09-26 11:41,2025-09-26 13:53
LAB744412,ENC118771,PT12745,WBC,White Blood Cell Count,6.5,K/uL,4.5,11,N,STAT,2025-09-26 11:44,2025-09-26 11:59,2025-09-26 13:16
LAB744413,ENC118771,PT12745,HGB,Hemoglobin,14.1,g/dL,12,17.5,N,STAT,2025-09-26 11:32,2025-09-26 11:53,2025-09-26 13:09
LAB744414,ENC118777,PT12896,LDL,LDL Cholesterol,124,mg/dL,0,99,H,Routine,2025-09-26 13:33,2025-09-26 13:50,2025-09-26 21:19
LAB744415,ENC118777,PT12896,A1C,Hemoglobin A1c,8.8,%,4,5.6,H,Routine,2025-09-26 13:31,2025-09-26 13:57,2025-09-26 23:24
LAB744416,ENC118777,PT12896,TSH,Thyroid Stimulating Hormone,2.43,mIU/L,0.4,4,N,Routine,2025-09-26 13:23,2025-09-26 13:42,2025-09-27 05:28
LAB744417,ENC118778,PT12240,GLU,Glucose,120,mg/dL,70,99,H,Routine,2025-09-26 13:44,2025-09-26 13:55,2025-09-26 18:39
LAB744418,ENC118778,PT12240,CREAT,Creatinine,1.16,mg/dL,0.6,1.3,N,STAT,2025-09-26 14:08,2025-09-26 14:22,2025-09-26 14:56
LAB744419,ENC118778,PT12240,WBC,White Blood Cell Count,5.7,K/uL,4.5,11,N,STAT,2025-09-26 13:56,2025-09-26 14:17,2025-09-26 14:58
LAB744420,ENC118779,PT11698,GLU,Glucose,76,mg/dL,70,99,N,STAT,2025-09-26 17:13,2025-09-26 17:21,2025-09-26 18:22
LAB744421,ENC118779,PT11698,CREAT,Creatinine,0.91,mg/dL,0.6,1.3,N,Routine,2025-09-26 17:05,2025-09-26 17:38,2025-09-26 20:19
LAB744422,ENC118779,PT11698,WBC,White Blood Cell Count,9.1,K/uL,4.5,11,N,Routine,2025-09-26 17:27,2025-09-26 17:31,2025-09-27 00:19
LAB744423,ENC118779,PT11698,HGB,Hemoglobin,9.3,g/dL,12,17.5,L,STAT,2025-09-26 16:24,2025-09-26 16:54,2025-09-26 18:15
LAB744424,ENC118779,PT11698,BUN,Blood Urea Nitrogen,17,mg/dL,7,20,N,STAT,2025-09-26 17:25,2025-09-26 17:51,2025-09-26 18:52
LAB744425,ENC118779,PT11698,PLT,Platelet Count,254,K/uL,150,400,N,STAT,2025-09-26 17:06,2025-09-26 17:39,2025-09-26 18:23
LAB744426,ENC118781,PT13094,A1C,Hemoglobin A1c,9,%,4,5.6,H,Routine,2025-09-26 14:44,2025-09-26 14:48,2025-09-27 11:33
LAB744427,ENC118782,PT12140,LDL,LDL Cholesterol,207,mg/dL,0,99,H,Routine,2025-09-26 14:52,2025-09-26 15:14,2025-09-27 02:53
LAB744428,ENC118782,PT12140,A1C,Hemoglobin A1c,5.7,%,4,5.6,H,Routine,2025-09-26 14:47,2025-09-26 14:51,2025-09-26 20:42
LAB744429,ENC118783,PT12740,GLU,Glucose,136,mg/dL,70,99,H,STAT,2025-09-26 18:37,2025-09-26 18:44,2025-09-26 19:30
LAB744430,ENC118783,PT12740,CREAT,Creatinine,1.32,mg/dL,0.6,1.3,H,STAT,2025-09-26 18:26,2025-09-26 18:52,2025-09-26 19:25
LAB744431,ENC118783,PT12740,WBC,White Blood Cell Count,6.2,K/uL,4.5,11,N,Routine,2025-09-26 18:16,2025-09-26 18:28,2025-09-26 22:04
LAB744432,ENC118783,PT12740,HGB,Hemoglobin,14,g/dL,12,17.5,N,STAT,2025-09-26 18:41,2025-09-26 19:16,2025-09-26 20:02
LAB744433,ENC118785,PT12222,GLU,Glucose,119,mg/dL,70,99,H,STAT,2025-09-26 19:55,2025-09-26 20:04,2025-09-26 20:47
LAB744434,ENC118785,PT12222,CREAT,Creatinine,1.01,mg/dL,0.6,1.3,N,STAT,2025-09-26 19:16,2025-09-26 19:35,2025-09-26 20:06
LAB744435,ENC118785,PT12222,WBC,White Blood Cell Count,6.6,K/uL,4.5,11,N,STAT,2025-09-26 18:54,2025-09-26 19:16,2025-09-26 19:55
LAB744436,ENC118785,PT12222,HGB,Hemoglobin,14.6,g/dL,12,17.5,N,STAT,2025-09-26 19:25,2025-09-26 19:35,2025-09-26 20:24
LAB744437,ENC118785,PT12222,NA,Sodium,142,mmol/L,136,145,N,Routine,2025-09-26 19:26,2025-09-26 19:59,2025-09-26 21:35
LAB744438,ENC118785,PT12222,K,Potassium,4.1,mmol/L,3.5,5.1,N,STAT,2025-09-26 19:38,2025-09-26 19:59,2025-09-26 22:06
LAB744439,ENC118786,PT10990,GLU,Glucose,114,mg/dL,70,99,H,STAT,2025-09-26 18:50,2025-09-26 19:21,2025-09-26 19:58
LAB744440,ENC118786,PT10990,CREAT,Creatinine,1.07,mg/dL,0.6,1.3,N,Routine,2025-09-26 18:53,2025-09-26 19:18,2025-09-26 22:53
LAB744441,ENC118786,PT10990,WBC,White Blood Cell Count,6.5,K/uL,4.5,11,N,STAT,2025-09-26 18:50,2025-09-26 19:24,2025-09-26 20:01
LAB744442,ENC118786,PT10990,HGB,Hemoglobin,12.4,g/dL,12,17.5,N,Routine,2025-09-26 18:05,2025-09-26 18:15,2025-09-26 19:39
LAB744443,ENC118788,PT12874,GLU,Glucose,115,mg/dL,70,99,H,STAT,2025-09-26 19:01,2025-09-26 19:35,2025-09-26 20:27
LAB744444,ENC118788,PT12874,CREAT,Creatinine,1.03,mg/dL,0.6,1.3,N,STAT,2025-09-26 19:34,2025-09-26 19:55,2025-09-26 20:40
LAB744445,ENC118788,PT12874,WBC,White Blood Cell Count,8.9,K/uL,4.5,11,N,STAT,2025-09-26 19:13,2025-09-26 19:33,2025-09-26 20:18
LAB744446,ENC118788,PT12874,HGB,Hemoglobin,13.9,g/dL,12,17.5,N,STAT,2025-09-26 19:34,2025-09-26 19:38,2025-09-26 20:59
LAB744447,ENC118789,PT12916,GLU,Glucose,99,mg/dL,70,99,N,STAT,2025-09-27 00:10,2025-09-27 00:17,2025-09-27 01:01
LAB744448,ENC118789,PT12916,CREAT,Creatinine,0.8,mg/dL,0.6,1.3,N,Routine,2025-09-27 00:55,2025-09-27 01:26,2025-09-27 03:53
LAB744449,ENC118789,PT12916,WBC,White Blood Cell Count,7.3,K/uL,4.5,11,N,Routine,2025-09-27 00:57,2025-09-27 01:09,2025-09-27 05:31
LAB744450,ENC118789,PT12916,HGB,Hemoglobin,16.8,g/dL,12,17.5,N,STAT,2025-09-27 00:16,2025-09-27 00:37,2025-09-27 01:19
LAB744451,ENC118791,PT11590,GLU,Glucose,107,mg/dL,70,99,H,STAT,2025-09-27 05:34,2025-09-27 05:45,2025-09-27 06:39
LAB744452,ENC118791,PT11590,CREAT,Creatinine,0.66,mg/dL,0.6,1.3,N,Routine,2025-09-27 05:17,2025-09-27 05:30,2025-09-27 08:26
LAB744453,ENC118791,PT11590,WBC,White Blood Cell Count,5.9,K/uL,4.5,11,N,Routine,2025-09-27 05:53,2025-09-27 06:25,2025-09-27 09:52
LAB744454,ENC118791,PT11590,HGB,Hemoglobin,13.6,g/dL,12,17.5,N,STAT,2025-09-27 05:51,2025-09-27 06:20,2025-09-27 06:52
LAB744455,ENC118791,PT11590,NA,Sodium,140,mmol/L,136,145,N,STAT,2025-09-27 05:50,2025-09-27 06:18,2025-09-27 07:22
LAB744456,ENC118791,PT11590,K,Potassium,4.1,mmol/L,3.5,5.1,N,STAT,2025-09-27 05:02,2025-09-27 05:20,2025-09-27 06:01
LAB744457,ENC118792,PT10530,GLU,Glucose,106,mg/dL,70,99,H,STAT,2025-09-27 09:36,2025-09-27 09:47,2025-09-27 10:32
LAB744458,ENC118792,PT10530,CREAT,Creatinine,1.03,mg/dL,0.6,1.3,N,STAT,2025-09-27 09:58,2025-09-27 10:17,2025-09-27 10:59
LAB744459,ENC118792,PT10530,WBC,White Blood Cell Count,8.1,K/uL,4.5,11,N,STAT,2025-09-27 09:17,2025-09-27 09:51,2025-09-27 10:42
LAB744460,ENC118792,PT10530,HGB,Hemoglobin,14.9,g/dL,12,17.5,N,Routine,2025-09-27 10:01,2025-09-27 10:17,2025-09-27 12:06
LAB744461,ENC118792,PT10530,TROP,"Troponin I, High Sensitivity",90,ng/L,0,34,H,STAT,2025-09-27 09:25,2025-09-27 09:47,2025-09-27 10:43
LAB744462,ENC118792,PT10530,BNP,B-Type Natriuretic Peptide,1316,pg/mL,0,100,H,STAT,2025-09-27 09:29,2025-09-27 09:48,2025-09-27 10:17
LAB744463,ENC118793,PT12536,GLU,Glucose,127,mg/dL,70,99,H,STAT,2025-09-27 09:19,2025-09-27 09:23,2025-09-27 10:07
LAB744464,ENC118793,PT12536,CREAT,Creatinine,0.92,mg/dL,0.6,1.3,N,Routine,2025-09-27 09:14,2025-09-27 09:27,2025-09-27 11:49
LAB744465,ENC118793,PT12536,WBC,White Blood Cell Count,5.9,K/uL,4.5,11,N,STAT,2025-09-27 09:08,2025-09-27 09:27,2025-09-27 10:29
LAB744466,ENC118793,PT12536,HGB,Hemoglobin,13.6,g/dL,12,17.5,N,STAT,2025-09-27 09:54,2025-09-27 10:27,2025-09-27 11:00
LAB744467,ENC118794,PT13669,GLU,Glucose,94,mg/dL,70,99,N,STAT,2025-09-27 09:32,2025-09-27 09:58,2025-09-27 10:36
LAB744468,ENC118794,PT13669,CREAT,Creatinine,0.74,mg/dL,0.6,1.3,N,STAT,2025-09-27 09:12,2025-09-27 09:26,2025-09-27 10:09
LAB744469,ENC118796,PT11614,GLU,Glucose,274,mg/dL,70,99,H,STAT,2025-09-27 14:11,2025-09-27 14:30,2025-09-27 16:34
LAB744470,ENC118796,PT11614,CREAT,Creatinine,0.77,mg/dL,0.6,1.3,N,Routine,2025-09-27 13:33,2025-09-27 13:39,2025-09-27 15:04
LAB744471,ENC118796,PT11614,WBC,White Blood Cell Count,9.3,K/uL,4.5,11,N,STAT,2025-09-27 13:52,2025-09-27 14:07,2025-09-27 15:04
LAB744472,ENC118796,PT11614,HGB,Hemoglobin,13.7,g/dL,12,17.5,N,Routine,2025-09-27 14:30,2025-09-27 14:52,2025-09-27 18:06
LAB744473,ENC118796,PT11614,NA,Sodium,140,mmol/L,136,145,N,Routine,2025-09-27 14:14,2025-09-27 14:46,2025-09-27 17:08
LAB744474,ENC118796,PT11614,K,Potassium,4.1,mmol/L,3.5,5.1,N,STAT,2025-09-27 14:10,2025-09-27 14:33,2025-09-27 15:52
LAB744475,ENC118796,PT11614,BUN,Blood Urea Nitrogen,3,mg/dL,7,20,L,STAT,2025-09-27 14:02,2025-09-27 14:11,2025-09-27 14:46
LAB744476,ENC118796,PT11614,PLT,Platelet Count,229,K/uL,150,400,N,STAT,2025-09-27 13:25,2025-09-27 13:54,2025-09-27 15:06
LAB744477,ENC118796,PT11614,A1C,Hemoglobin A1c,11.8,%,4,5.6,H,STAT,2025-09-27 14:09,2025-09-27 14:34,2025-09-27 15:31
LAB744478,ENC118797,PT12207,TROP,"Troponin I, High Sensitivity",4,ng/L,0,34,N,STAT,2025-09-27 11:31,2025-09-27 11:57,2025-09-27 14:26
LAB744479,ENC118797,PT12207,BNP,B-Type Natriuretic Peptide,1204,pg/mL,0,100,H,STAT,2025-09-27 11:32,2025-09-27 11:38,2025-09-27 12:14
LAB744480,ENC118798,PT11937,GLU,Glucose,92,mg/dL,70,99,N,Routine,2025-09-27 15:50,2025-09-27 16:14,2025-09-27 18:01
LAB744481,ENC118798,PT11937,CREAT,Creatinine,0.98,mg/dL,0.6,1.3,N,STAT,2025-09-27 15:24,2025-09-27 15:55,2025-09-27 16:09
LAB744482,ENC118798,PT11937,WBC,White Blood Cell Count,5.9,K/uL,4.5,11,N,STAT,2025-09-27 16:06,2025-09-27 16:24,2025-09-27 17:19
LAB744483,ENC118798,PT11937,HGB,Hemoglobin,16.5,g/dL,12,17.5,N,Routine,2025-09-27 16:29,2025-09-27 16:49,2025-09-27 19:30
LAB744484,ENC118798,PT11937,NA,Sodium,139,mmol/L,136,145,N,STAT,2025-09-27 16:26,2025-09-27 17:00,2025-09-27 17:27
LAB744485,ENC118798,PT11937,K,Potassium,4.1,mmol/L,3.5,5.1,N,STAT,2025-09-27 15:41,2025-09-27 15:50,2025-09-27 16:17
LAB744486,ENC118798,PT11937,BUN,Blood Urea Nitrogen,16,mg/dL,7,20,N,STAT,2025-09-27 15:50,2025-09-27 16:23,2025-09-27 17:11
LAB744487,ENC118798,PT11937,PLT,Platelet Count,281,K/uL,150,400,N,STAT,2025-09-27 16:25,2025-09-27 16:29,2025-09-27 17:01
LAB744488,ENC118800,PT12338,GLU,Glucose,104,mg/dL,70,99,H,STAT,2025-09-27 19:30,2025-09-27 19:45,2025-09-27 20:26
LAB744489,ENC118800,PT12338,CREAT,Creatinine,1.02,mg/dL,0.6,1.3,N,STAT,2025-09-27 20:09,2025-09-27 20:31,2025-09-27 21:17
LAB744490,ENC118800,PT12338,WBC,White Blood Cell Count,7.7,K/uL,4.5,11,N,STAT,2025-09-27 20:07,2025-09-27 20:18,2025-09-27 20:57
LAB744491,ENC118800,PT12338,HGB,Hemoglobin,12.8,g/dL,12,17.5,N,STAT,2025-09-27 20:07,2025-09-27 20:40,2025-09-27 21:16
LAB744492,ENC118800,PT12338,NA,Sodium,139,mmol/L,136,145,N,STAT,2025-09-27 19:57,2025-09-27 20:24,2025-09-27 20:59
LAB744493,ENC118800,PT12338,K,Potassium,4.1,mmol/L,3.5,5.1,N,STAT,2025-09-27 20:20,2025-09-27 20:31,2025-09-27 21:44
LAB744494,ENC118800,PT12338,LACT,Lactate,2.5,mmol/L,0.5,2,H,STAT,2025-09-27 19:59,2025-09-27 20:31,2025-09-27 21:16
LAB744495,ENC118801,PT11799,GLU,Glucose,102,mg/dL,70,99,H,Routine,2025-09-27 16:15,2025-09-27 16:49,2025-09-27 18:49
LAB744496,ENC118801,PT11799,CREAT,Creatinine,0.42,mg/dL,0.6,1.3,L,Routine,2025-09-27 16:34,2025-09-27 16:39,2025-09-27 21:03
LAB744497,ENC118802,PT11105,GLU,Glucose,120,mg/dL,70,99,H,STAT,2025-09-27 22:27,2025-09-27 22:43,2025-09-27 23:15
LAB744498,ENC118802,PT11105,CREAT,Creatinine,0.47,mg/dL,0.6,1.3,L,STAT,2025-09-27 22:49,2025-09-27 23:15,2025-09-27 23:54
LAB744499,ENC118802,PT11105,WBC,White Blood Cell Count,6.9,K/uL,4.5,11,N,Routine,2025-09-27 22:43,2025-09-27 22:48,2025-09-28 02:56
LAB744500,ENC118802,PT11105,HGB,Hemoglobin,13.3,g/dL,12,17.5,N,STAT,2025-09-27 22:46,2025-09-27 23:08,2025-09-27 23:40
LAB744501,ENC118802,PT11105,NA,Sodium,140,mmol/L,136,145,N,STAT,2025-09-27 22:22,2025-09-27 22:39,2025-09-27 23:13
LAB744502,ENC118802,PT11105,K,Potassium,4.1,mmol/L,3.5,5.1,N,STAT,2025-09-27 23:09,2025-09-27 23:29,2025-09-28 00:19
LAB744503,ENC118802,PT11105,BUN,Blood Urea Nitrogen,11,mg/dL,7,20,N,STAT,2025-09-27 23:04,2025-09-27 23:11,2025-09-28 00:07
LAB744504,ENC118802,PT11105,PLT,Platelet Count,339,K/uL,150,400,N,STAT,2025-09-27 22:10,2025-09-27 22:31,2025-09-27 23:08
LAB744505,ENC118803,PT11664,GLU,Glucose,105,mg/dL,70,99,H,STAT,2025-09-27 19:16,2025-09-27 19:35,2025-09-27 20:18
LAB744506,ENC118803,PT11664,CREAT,Creatinine,0.78,mg/dL,0.6,1.3,N,STAT,2025-09-27 19:16,2025-09-27 19:41,2025-09-27 20:45
LAB744507,ENC118803,PT11664,WBC,White Blood Cell Count,8.4,K/uL,4.5,11,N,Routine,2025-09-27 19:53,2025-09-27 20:14,2025-09-27 23:44
LAB744508,ENC118803,PT11664,HGB,Hemoglobin,12.6,g/dL,12,17.5,N,Routine,2025-09-27 19:21,2025-09-27 19:52,2025-09-27 23:37
LAB744509,ENC118803,PT11664,TROP,"Troponin I, High Sensitivity",5,ng/L,0,34,N,STAT,2025-09-27 19:25,2025-09-27 19:52,2025-09-27 20:25
LAB744510,ENC118805,PT12945,GLU,Glucose,86,mg/dL,70,99,N,STAT,2025-09-28 03:12,2025-09-28 03:27,2025-09-28 04:23
LAB744511,ENC118805,PT12945,CREAT,Creatinine,1.01,mg/dL,0.6,1.3,N,Routine,2025-09-28 03:44,2025-09-28 04:05,2025-09-28 19:05
LAB744512,ENC118805,PT12945,WBC,White Blood Cell Count,8.3,K/uL,4.5,11,N,STAT,2025-09-28 03:48,2025-09-28 03:59,2025-09-28 04:41
LAB744513,ENC118805,PT12945,HGB,Hemoglobin,13.7,g/dL,12,17.5,N,STAT,2025-09-28 03:18,2025-09-28 03:34,2025-09-28 04:49
LAB744514,ENC118805,PT12945,TROP,"Troponin I, High Sensitivity",63,ng/L,0,34,H,STAT,2025-09-28 03:07,2025-09-28 03:40,2025-09-28 04:21
LAB744515,ENC118805,PT12945,BNP,B-Type Natriuretic Peptide,618,pg/mL,0,100,H,STAT,2025-09-28 03:56,2025-09-28 04:15,2025-09-28 05:03
LAB744516,ENC118806,PT10975,GLU,Glucose,167,mg/dL,70,99,H,STAT,2025-09-28 02:20,2025-09-28 02:36,2025-09-28 03:21
LAB744517,ENC118806,PT10975,CREAT,Creatinine,0.85,mg/dL,0.6,1.3,N,STAT,2025-09-28 01:42,2025-09-28 01:49,2025-09-28 02:27
LAB744518,ENC118806,PT10975,WBC,White Blood Cell Count,5.9,K/uL,4.5,11,N,STAT,2025-09-28 02:28,2025-09-28 02:50,2025-09-28 03:12
LAB744519,ENC118806,PT10975,HGB,Hemoglobin,14.2,g/dL,12,17.5,N,Routine,2025-09-28 01:47,2025-09-28 02:09,2025-09-28 03:34
LAB744520,ENC118806,PT10975,TROP,"Troponin I, High Sensitivity",1273,ng/L,0,34,H,STAT,2025-09-28 01:46,2025-09-28 02:08,2025-09-28 02:45
LAB744521,ENC118807,PT10050,GLU,Glucose,81,mg/dL,70,99,N,STAT,2025-09-28 04:07,2025-09-28 04:16,2025-09-28 05:52
LAB744522,ENC118807,PT10050,CREAT,Creatinine,0.92,mg/dL,0.6,1.3,N,Routine,2025-09-28 03:59,2025-09-28 04:15,2025-09-28 08:09
LAB744523,ENC118807,PT10050,WBC,White Blood Cell Count,12.2,K/uL,4.5,11,H,STAT,2025-09-28 03:04,2025-09-28 03:27,2025-09-28 03:47
LAB744524,ENC118807,PT10050,HGB,Hemoglobin,16.3,g/dL,12,17.5,N,Routine,2025-09-28 04:03,2025-09-28 04:09,2025-09-28 10:33
LAB744525,ENC118808,PT10615,GLU,Glucose,91,mg/dL,70,99,N,STAT,2025-09-28 08:21,2025-09-28 08:53,2025-09-28 09:55
LAB744526,ENC118808,PT10615,CREAT,Creatinine,0.96,mg/dL,0.6,1.3,N,STAT,2025-09-28 07:40,2025-09-28 07:56,2025-09-28 08:41
LAB744527,ENC118808,PT10615,WBC,White Blood Cell Count,8.2,K/uL,4.5,11,N,Routine,2025-09-28 08:38,2025-09-28 09:08,2025-09-28 13:39
LAB744528,ENC118808,PT10615,HGB,Hemoglobin,13.3,g/dL,12,17.5,N,STAT,2025-09-28 08:06,2025-09-28 08:28,2025-09-28 09:28
LAB744529,ENC118808,PT10615,NA,Sodium,137,mmol/L,136,145,N,STAT,2025-09-28 08:33,2025-09-28 08:55,2025-09-28 09:21
LAB744530,ENC118808,PT10615,K,Potassium,4,mmol/L,3.5,5.1,N,STAT,2025-09-28 08:33,2025-09-28 08:45,2025-09-28 09:16
LAB744531,ENC118809,PT10726,GLU,Glucose,119,mg/dL,70,99,H,Routine,2025-09-28 07:56,2025-09-28 08:21,2025-09-28 12:24
LAB744532,ENC118809,PT10726,CREAT,Creatinine,0.98,mg/dL,0.6,1.3,N,STAT,2025-09-28 07:58,2025-09-28 08:23,2025-09-28 09:48
LAB744533,ENC118809,PT10726,WBC,White Blood Cell Count,8.6,K/uL,4.5,11,N,Routine,2025-09-28 07:02,2025-09-28 07:15,2025-09-28 08:59
LAB744534,ENC118809,PT10726,HGB,Hemoglobin,14.7,g/dL,12,17.5,N,STAT,2025-09-28 07:13,2025-09-28 07:35,2025-09-28 08:20
LAB744535,ENC118809,PT10726,NA,Sodium,140,mmol/L,136,145,N,Routine,2025-09-28 07:27,2025-09-28 07:36,2025-09-28 13:29
LAB744536,ENC118809,PT10726,K,Potassium,4.3,mmol/L,3.5,5.1,N,STAT,2025-09-28 07:31,2025-09-28 08:05,2025-09-28 08:56
LAB744537,ENC118810,PT12201,GLU,Glucose,111,mg/dL,70,99,H,STAT,2025-09-28 04:39,2025-09-28 04:57,2025-09-28 05:42
LAB744538,ENC118810,PT12201,CREAT,Creatinine,0.77,mg/dL,0.6,1.3,N,Routine,2025-09-28 05:23,2025-09-28 05:38,2025-09-28 11:50
LAB744539,ENC118810,PT12201,WBC,White Blood Cell Count,9.4,K/uL,4.5,11,N,Routine,2025-09-28 04:58,2025-09-28 05:23,2025-09-28 08:11
LAB744540,ENC118810,PT12201,HGB,Hemoglobin,13.4,g/dL,12,17.5,N,STAT,2025-09-28 04:50,2025-09-28 05:19,2025-09-28 05:53
LAB744541,ENC118811,PT12301,TROP,"Troponin I, High Sensitivity",4,ng/L,0,34,N,STAT,2025-09-28 05:13,2025-09-28 05:22,2025-09-28 06:00
LAB744542,ENC118811,PT12301,BNP,B-Type Natriuretic Peptide,1144,pg/mL,0,100,H,STAT,2025-09-28 06:05,2025-09-28 06:26,2025-09-28 07:03
LAB744543,ENC118812,PT10545,GLU,Glucose,98,mg/dL,70,99,N,Routine,2025-09-28 09:49,2025-09-28 10:00,2025-09-28 14:44
LAB744544,ENC118812,PT10545,CREAT,Creatinine,1.43,mg/dL,0.6,1.3,H,STAT,2025-09-28 09:45,2025-09-28 09:57,2025-09-28 10:37
LAB744545,ENC118812,PT10545,WBC,White Blood Cell Count,6.3,K/uL,4.5,11,N,Routine,2025-09-28 10:38,2025-09-28 10:55,2025-09-28 14:55
LAB744546,ENC118812,PT10545,HGB,Hemoglobin,13.2,g/dL,12,17.5,N,STAT,2025-09-28 10:31,2025-09-28 10:41,2025-09-28 11:31
LAB744547,ENC118813,PT11775,GLU,Glucose,96,mg/dL,70,99,N,Routine,2025-09-28 11:26,2025-09-28 11:59,2025-09-28 21:59
LAB744548,ENC118813,PT11775,CREAT,Creatinine,1.05,mg/dL,0.6,1.3,N,Routine,2025-09-28 10:45,2025-09-28 11:10,2025-09-28 14:18
LAB744549,ENC118813,PT11775,TROP,"Troponin I, High Sensitivity",42,ng/L,0,34,H,STAT,2025-09-28 10:42,2025-09-28 11:11,2025-09-28 11:44
LAB744550,ENC118813,PT11775,BNP,B-Type Natriuretic Peptide,1814,pg/mL,0,100,H,Routine,2025-09-28 10:49,2025-09-28 11:00,2025-09-28 14:31
LAB744551,ENC118814,PT13465,TROP,"Troponin I, High Sensitivity",11,ng/L,0,34,N,STAT,2025-09-28 11:48,2025-09-28 12:21,2025-09-28 13:18
LAB744552,ENC118816,PT11589,GLU,Glucose,152,mg/dL,70,99,H,STAT,2025-09-28 12:04,2025-09-28 12:11,2025-09-28 12:53
LAB744553,ENC118816,PT11589,CREAT,Creatinine,1.01,mg/dL,0.6,1.3,N,STAT,2025-09-28 11:37,2025-09-28 11:53,2025-09-28 12:56
LAB744554,ENC118816,PT11589,WBC,White Blood Cell Count,13.1,K/uL,4.5,11,H,Routine,2025-09-28 11:55,2025-09-28 12:10,2025-09-28 15:39
LAB744555,ENC118816,PT11589,HGB,Hemoglobin,11,g/dL,12,17.5,L,STAT,2025-09-28 12:29,2025-09-28 12:56,2025-09-28 13:50
LAB744556,ENC118816,PT11589,LACT,Lactate,1.8,mmol/L,0.5,2,N,STAT,2025-09-28 12:02,2025-09-28 12:08,2025-09-28 13:05
LAB744557,ENC118818,PT11849,GLU,Glucose,64,mg/dL,70,99,L,STAT,2025-09-28 13:13,2025-09-28 13:33,2025-09-28 14:29
LAB744558,ENC118818,PT11849,CREAT,Creatinine,0.65,mg/dL,0.6,1.3,N,STAT,2025-09-28 12:23,2025-09-28 12:37,2025-09-28 13:23
LAB744559,ENC118818,PT11849,WBC,White Blood Cell Count,16.4,K/uL,4.5,11,H,STAT,2025-09-28 12:23,2025-09-28 12:39,2025-09-28 14:34
LAB744560,ENC118818,PT11849,HGB,Hemoglobin,14.1,g/dL,12,17.5,N,STAT,2025-09-28 12:38,2025-09-28 12:46,2025-09-28 13:14
LAB744561,ENC118818,PT11849,NA,Sodium,139,mmol/L,136,145,N,STAT,2025-09-28 12:07,2025-09-28 12:41,2025-09-28 13:19
LAB744562,ENC118818,PT11849,K,Potassium,4.4,mmol/L,3.5,5.1,N,STAT,2025-09-28 12:51,2025-09-28 13:19,2025-09-28 14:04
LAB744563,ENC118820,PT12999,GLU,Glucose,105,mg/dL,70,99,H,STAT,2025-09-28 17:59,2025-09-28 18:15,2025-09-28 19:27
LAB744564,ENC118820,PT12999,CREAT,Creatinine,0.75,mg/dL,0.6,1.3,N,STAT,2025-09-28 18:26,2025-09-28 18:59,2025-09-28 19:48
LAB744565,ENC118820,PT12999,WBC,White Blood Cell Count,6.3,K/uL,4.5,11,N,Routine,2025-09-28 18:23,2025-09-28 18:40,2025-09-28 19:53
LAB744566,ENC118820,PT12999,HGB,Hemoglobin,13.6,g/dL,12,17.5,N,STAT,2025-09-28 18:23,2025-09-28 18:30,2025-09-28 18:44
LAB744567,ENC118820,PT12999,TROP,"Troponin I, High Sensitivity",8,ng/L,0,34,N,STAT,2025-09-28 19:04,2025-09-28 19:11,2025-09-28 20:03
LAB744568,ENC118821,PT11308,GLU,Glucose,156,mg/dL,70,99,H,STAT,2025-09-28 23:37,2025-09-28 23:54,2025-09-29 01:04
LAB744569,ENC118821,PT11308,CREAT,Creatinine,0.9,mg/dL,0.6,1.3,N,STAT,2025-09-28 23:09,2025-09-28 23:28,2025-09-29 00:05
LAB744570,ENC118821,PT11308,WBC,White Blood Cell Count,8.5,K/uL,4.5,11,N,Routine,2025-09-28 23:35,2025-09-28 23:56,2025-09-29 03:16
LAB744571,ENC118821,PT11308,HGB,Hemoglobin,13.7,g/dL,12,17.5,N,Routine,2025-09-28 23:25,2025-09-28 23:44,2025-09-29 01:20
LAB744572,ENC118823,PT12802,GLU,Glucose,68,mg/dL,70,99,L,Routine,2025-09-28 21:17,2025-09-28 21:24,2025-09-29 01:41
LAB744573,ENC118823,PT12802,CREAT,Creatinine,1.07,mg/dL,0.6,1.3,N,STAT,2025-09-28 21:58,2025-09-28 22:04,2025-09-28 23:05
LAB744574,ENC118823,PT12802,WBC,White Blood Cell Count,8.7,K/uL,4.5,11,N,Routine,2025-09-28 21:24,2025-09-28 21:50,2025-09-29 00:13
LAB744575,ENC118823,PT12802,HGB,Hemoglobin,10.4,g/dL,12,17.5,L,STAT,2025-09-28 21:17,2025-09-28 21:22,2025-09-28 22:07
LAB744576,ENC118823,PT12802,NA,Sodium,140,mmol/L,136,145,N,STAT,2025-09-28 22:01,2025-09-28 22:34,2025-09-28 23:20
LAB744577,ENC118823,PT12802,K,Potassium,3.5,mmol/L,3.5,5.1,N,STAT,2025-09-28 22:05,2025-09-28 22:35,2025-09-28 23:21
LAB744578,ENC118824,PT13148,GLU,Glucose,114,mg/dL,70,99,H,STAT,2025-09-28 21:39,2025-09-28 22:02,2025-09-28 22:26
LAB744579,ENC118824,PT13148,CREAT,Creatinine,1.15,mg/dL,0.6,1.3,N,Routine,2025-09-28 21:26,2025-09-28 21:50,2025-09-29 01:33
LAB744580,ENC118824,PT13148,WBC,White Blood Cell Count,5.3,K/uL,4.5,11,N,Routine,2025-09-28 22:05,2025-09-28 22:27,2025-09-29 00:47
LAB744581,ENC118824,PT13148,HGB,Hemoglobin,12.3,g/dL,12,17.5,N,STAT,2025-09-28 21:36,2025-09-28 21:44,2025-09-28 22:33
LAB744582,ENC118824,PT13148,BUN,Blood Urea Nitrogen,16,mg/dL,7,20,N,Routine,2025-09-28 22:01,2025-09-28 22:06,2025-09-29 00:14
LAB744583,ENC118824,PT13148,PLT,Platelet Count,266,K/uL,150,400,N,Routine,2025-09-28 21:52,2025-09-28 22:01,2025-09-29 00:31
LAB744584,ENC118826,PT12064,GLU,Glucose,115,mg/dL,70,99,H,STAT,2025-09-29 07:47,2025-09-29 07:57,2025-09-29 08:23
LAB744585,ENC118826,PT12064,CREAT,Creatinine,1.13,mg/dL,0.6,1.3,N,STAT,2025-09-29 07:34,2025-09-29 07:56,2025-09-29 08:49
LAB744586,ENC118826,PT12064,WBC,White Blood Cell Count,13.6,K/uL,4.5,11,H,STAT,2025-09-29 07:49,2025-09-29 08:02,2025-09-29 08:50
LAB744587,ENC118826,PT12064,HGB,Hemoglobin,14.3,g/dL,12,17.5,N,Routine,2025-09-29 06:56,2025-09-29 07:16,2025-09-29 09:57
LAB744588,ENC118830,PT10043,GLU,Glucose,78,mg/dL,70,99,N,STAT,2025-09-29 13:06,2025-09-29 13:32,2025-09-29 13:56
LAB744589,ENC118830,PT10043,CREAT,Creatinine,1.12,mg/dL,0.6,1.3,N,Routine,2025-09-29 12:42,2025-09-29 13:02,2025-09-29 14:56
LAB744590,ENC118830,PT10043,WBC,White Blood Cell Count,8.3,K/uL,4.5,11,N,STAT,2025-09-29 12:49,2025-09-29 13:22,2025-09-29 14:06
LAB744591,ENC118830,PT10043,HGB,Hemoglobin,16,g/dL,12,17.5,N,STAT,2025-09-29 12:39,2025-09-29 13:06,2025-09-29 14:09
LAB744592,ENC118832,PT10885,GLU,Glucose,82,mg/dL,70,99,N,STAT,2025-09-29 10:05,2025-09-29 10:15,2025-09-29 11:12
LAB744593,ENC118832,PT10885,CREAT,Creatinine,0.67,mg/dL,0.6,1.3,N,Routine,2025-09-29 10:18,2025-09-29 10:40,2025-09-29 15:16
LAB744594,ENC118832,PT10885,WBC,White Blood Cell Count,14.8,K/uL,4.5,11,H,STAT,2025-09-29 09:57,2025-09-29 10:27,2025-09-29 11:21
LAB744595,ENC118836,PT12688,GLU,Glucose,110,mg/dL,70,99,H,STAT,2025-09-29 12:24,2025-09-29 12:33,2025-09-29 12:51
LAB744596,ENC118836,PT12688,CREAT,Creatinine,0.81,mg/dL,0.6,1.3,N,STAT,2025-09-29 12:33,2025-09-29 12:50,2025-09-29 13:16
LAB744597,ENC118836,PT12688,WBC,White Blood Cell Count,6.6,K/uL,4.5,11,N,STAT,2025-09-29 12:04,2025-09-29 12:21,2025-09-29 13:18
LAB744598,ENC118836,PT12688,HGB,Hemoglobin,15.2,g/dL,12,17.5,N,STAT,2025-09-29 12:33,2025-09-29 13:01,2025-09-29 13:51
LAB744599,ENC118838,PT12493,A1C,Hemoglobin A1c,7.5,%,4,5.6,H,Routine,2025-09-29 12:39,2025-09-29 12:48,2025-09-30 04:34
LAB744600,ENC118838,PT12493,GLU,Glucose,514,mg/dL,70,99,HH,Routine,2025-09-29 12:43,2025-09-29 13:01,2025-09-29 14:27
LAB744601,ENC118838,PT12493,CREAT,Creatinine,0.89,mg/dL,0.6,1.3,N,Routine,2025-09-29 12:44,2025-09-29 12:59,2025-09-29 15:47
LAB744602,ENC118840,PT10149,LDL,LDL Cholesterol,105,mg/dL,0,99,H,Routine,2025-09-29 12:57,2025-09-29 13:28,2025-10-01 06:34
LAB744603,ENC118840,PT10149,TSH,Thyroid Stimulating Hormone,2.79,mIU/L,0.4,4,N,Routine,2025-09-29 12:56,2025-09-29 13:29,2025-09-30 04:41
LAB744604,ENC118841,PT13945,GLU,Glucose,109,mg/dL,70,99,H,Routine,2025-09-29 13:34,2025-09-29 13:39,2025-09-29 15:37
LAB744605,ENC118841,PT13945,CREAT,Creatinine,0.71,mg/dL,0.6,1.3,N,Routine,2025-09-29 13:44,2025-09-29 13:55,2025-09-29 15:29
LAB744606,ENC118841,PT13945,WBC,White Blood Cell Count,8.5,K/uL,4.5,11,N,STAT,2025-09-29 13:35,2025-09-29 14:06,2025-09-29 14:51
LAB744607,ENC118841,PT13945,TROP,"Troponin I, High Sensitivity",1,ng/L,0,34,N,STAT,2025-09-29 13:08,2025-09-29 13:37,2025-09-29 14:19
LAB744608,ENC118843,PT10823,LDL,LDL Cholesterol,119,mg/dL,0,99,H,Routine,2025-09-29 13:28,2025-09-29 13:32,2025-09-30 02:19
LAB744609,ENC118843,PT10823,A1C,Hemoglobin A1c,5.1,%,4,5.6,N,Routine,2025-09-29 13:36,2025-09-29 13:48,2025-09-30 05:52
LAB744610,ENC118848,PT10662,GLU,Glucose,97,mg/dL,70,99,N,STAT,2025-09-29 22:05,2025-09-29 22:37,2025-09-29 23:26
LAB744611,ENC118848,PT10662,CREAT,Creatinine,1.12,mg/dL,0.6,1.3,N,Routine,2025-09-29 21:39,2025-09-29 21:47,2025-09-29 23:09
LAB744612,ENC118848,PT10662,WBC,White Blood Cell Count,7.3,K/uL,4.5,11,N,STAT,2025-09-29 21:37,2025-09-29 22:00,2025-09-29 22:52
LAB744613,ENC118848,PT10662,HGB,Hemoglobin,11.8,g/dL,12,17.5,L,STAT,2025-09-29 22:26,2025-09-29 23:01,2025-09-30 00:23
LAB744614,ENC118848,PT10662,INR,Prothrombin Time INR,3.6,ratio,0.8,1.2,H,STAT,2025-09-29 21:27,2025-09-29 21:46,2025-09-29 22:28
LAB744615,ENC118849,PT11530,GLU,Glucose,103,mg/dL,70,99,H,STAT,2025-09-29 21:34,2025-09-29 22:01,2025-09-29 22:24
LAB744616,ENC118849,PT11530,CREAT,Creatinine,0.96,mg/dL,0.6,1.3,N,Routine,2025-09-29 21:56,2025-09-29 22:07,2025-09-29 22:48
LAB744617,ENC118849,PT11530,WBC,White Blood Cell Count,6.6,K/uL,4.5,11,N,Routine,2025-09-29 21:57,2025-09-29 22:03,2025-09-30 00:53
LAB744618,ENC118849,PT11530,HGB,Hemoglobin,12.6,g/dL,12,17.5,N,Routine,2025-09-29 21:58,2025-09-29 22:16,2025-09-30 02:31
LAB744619,ENC118851,PT10249,GLU,Glucose,120,mg/dL,70,99,H,STAT,2025-09-30 02:27,2025-09-30 02:36,2025-09-30 03:21
LAB744620,ENC118851,PT10249,CREAT,Creatinine,0.79,mg/dL,0.6,1.3,N,STAT,2025-09-30 02:49,2025-09-30 02:55,2025-09-30 03:36
LAB744621,ENC118851,PT10249,WBC,White Blood Cell Count,16.1,K/uL,4.5,11,H,Routine,2025-09-30 02:17,2025-09-30 02:28,2025-09-30 04:44
LAB744622,ENC118851,PT10249,HGB,Hemoglobin,15.6,g/dL,12,17.5,N,Routine,2025-09-30 02:18,2025-09-30 02:22,2025-09-30 03:28
LAB744623,ENC118853,PT12917,GLU,Glucose,102,mg/dL,70,99,H,STAT,2025-09-30 03:38,2025-09-30 04:06,2025-09-30 04:52
LAB744624,ENC118853,PT12917,CREAT,Creatinine,1.17,mg/dL,0.6,1.3,N,STAT,2025-09-30 03:54,2025-09-30 04:14,2025-09-30 04:47
LAB744625,ENC118853,PT12917,WBC,White Blood Cell Count,11.6,K/uL,4.5,11,H,STAT,2025-09-30 04:23,2025-09-30 04:39,2025-09-30 05:02
LAB744626,ENC118853,PT12917,HGB,Hemoglobin,12.3,g/dL,12,17.5,N,Routine,2025-09-30 04:07,2025-09-30 04:31,2025-09-30 09:18
LAB744627,ENC118855,PT10044,GLU,Glucose,134,mg/dL,70,99,H,STAT,2025-09-30 05:10,2025-09-30 05:34,2025-09-30 06:31
LAB744628,ENC118855,PT10044,CREAT,Creatinine,0.68,mg/dL,0.6,1.3,N,STAT,2025-09-30 04:36,2025-09-30 05:07,2025-09-30 06:17
LAB744629,ENC118855,PT10044,WBC,White Blood Cell Count,5.2,K/uL,4.5,11,N,STAT,2025-09-30 05:04,2025-09-30 05:20,2025-09-30 05:49
LAB744630,ENC118855,PT10044,HGB,Hemoglobin,14.5,g/dL,12,17.5,N,STAT,2025-09-30 04:36,2025-09-30 04:49,2025-09-30 05:27
LAB744631,ENC118858,PT10452,LDL,LDL Cholesterol,176,mg/dL,0,99,H,Routine,2025-09-30 10:16,2025-09-30 10:49,2025-10-01 15:20
LAB744632,ENC118858,PT10452,A1C,Hemoglobin A1c,10.6,%,4,5.6,H,Routine,2025-09-30 10:17,2025-09-30 10:29,2025-09-30 20:29
LAB744633,ENC118859,PT13759,GLU,Glucose,102,mg/dL,70,99,H,STAT,2025-09-30 11:08,2025-09-30 11:42,2025-09-30 12:27
LAB744634,ENC118859,PT13759,CREAT,Creatinine,1.06,mg/dL,0.6,1.3,N,STAT,2025-09-30 11:14,2025-09-30 11:26,2025-09-30 12:17
LAB744635,ENC118859,PT13759,WBC,White Blood Cell Count,7.9,K/uL,4.5,11,N,STAT,2025-09-30 11:41,2025-09-30 12:03,2025-09-30 12:42
LAB744636,ENC118860,PT10851,LDL,LDL Cholesterol,199,mg/dL,0,99,H,Routine,2025-09-30 12:00,2025-09-30 12:35,2025-09-30 20:01
LAB744637,ENC118860,PT10851,TSH,Thyroid Stimulating Hormone,1.6,mIU/L,0.4,4,N,Routine,2025-09-30 11:51,2025-09-30 12:26,2025-09-30 20:00
LAB744638,ENC118861,PT12137,A1C,Hemoglobin A1c,10,%,4,5.6,H,Routine,2025-09-30 12:27,2025-09-30 12:49,2025-09-30 22:17
LAB744639,ENC118863,PT10727,GLU,Glucose,94,mg/dL,70,99,N,Routine,2025-09-30 15:23,2025-09-30 15:52,2025-09-30 20:20
LAB744640,ENC118863,PT10727,CREAT,Creatinine,0.89,mg/dL,0.6,1.3,N,Routine,2025-09-30 15:58,2025-09-30 16:29,2025-09-30 20:37
LAB744641,ENC118863,PT10727,WBC,White Blood Cell Count,6.1,K/uL,4.5,11,N,Routine,2025-09-30 15:42,2025-09-30 16:15,2025-09-30 18:13
LAB744642,ENC118863,PT10727,HGB,Hemoglobin,12.1,g/dL,12,17.5,N,STAT,2025-09-30 15:50,2025-09-30 15:58,2025-09-30 16:31
LAB744643,ENC118868,PT11672,A1C,Hemoglobin A1c,9.5,%,4,5.6,H,Routine,2025-09-30 14:08,2025-09-30 14:17,2025-10-01 05:32
LAB744644,ENC118869,PT10346,A1C,Hemoglobin A1c,5.5,%,4,5.6,N,Routine,2025-09-30 14:33,2025-09-30 15:07,2025-10-01 00:47
LAB744645,ENC118869,PT10346,GLU,Glucose,111,mg/dL,70,99,H,Routine,2025-09-30 14:36,2025-09-30 14:58,2025-09-30 20:10
LAB744646,ENC118869,PT10346,CREAT,Creatinine,1.2,mg/dL,0.6,1.3,N,Routine,2025-09-30 14:37,2025-09-30 15:06,2025-09-30 19:04
LAB744647,ENC118870,PT12843,A1C,Hemoglobin A1c,4.8,%,4,5.6,N,Routine,2025-09-30 14:52,2025-09-30 15:16,2025-10-01 09:18
LAB744648,ENC118870,PT12843,GLU,Glucose,101,mg/dL,70,99,H,Routine,2025-09-30 14:58,2025-09-30 15:25,2025-09-30 17:16
LAB744649,ENC118870,PT12843,CREAT,Creatinine,0.91,mg/dL,0.6,1.3,N,Routine,2025-09-30 14:56,2025-09-30 15:30,2025-09-30 17:56
LAB744650,ENC118873,PT13063,LDL,LDL Cholesterol,140,mg/dL,0,99,H,Routine,2025-09-30 16:10,2025-09-30 16:36,2025-10-01 04:07
LAB744651,ENC118873,PT13063,A1C,Hemoglobin A1c,6.9,%,4,5.6,H,Routine,2025-09-30 15:51,2025-09-30 16:07,2025-10-01 03:18
LAB744652,ENC118873,PT13063,TSH,Thyroid Stimulating Hormone,2.45,mIU/L,0.4,4,N,Routine,2025-09-30 16:10,2025-09-30 16:19,2025-10-01 07:08
LAB744653,ENC118876,PT11529,GLU,Glucose,157,mg/dL,70,99,H,STAT,2025-09-30 18:45,2025-09-30 19:16,2025-09-30 20:06
LAB744654,ENC118876,PT11529,CREAT,Creatinine,0.96,mg/dL,0.6,1.3,N,Routine,2025-09-30 18:47,2025-09-30 19:21,2025-09-30 22:14
LAB744655,ENC118876,PT11529,WBC,White Blood Cell Count,7.6,K/uL,4.5,11,N,Routine,2025-09-30 19:02,2025-09-30 19:14,2025-09-30 20:07
LAB744656,ENC118876,PT11529,HGB,Hemoglobin,14.6,g/dL,12,17.5,N,STAT,2025-09-30 18:50,2025-09-30 18:57,2025-09-30 19:24
LAB744657,ENC118877,PT12038,GLU,Glucose,112,mg/dL,70,99,H,Routine,2025-09-30 22:10,2025-09-30 22:33,2025-10-01 01:06
LAB744658,ENC118877,PT12038,CREAT,Creatinine,0.78,mg/dL,0.6,1.3,N,STAT,2025-09-30 22:09,2025-09-30 22:42,2025-09-30 23:51
LAB744659,ENC118877,PT12038,WBC,White Blood Cell Count,17.9,K/uL,4.5,11,H,Routine,2025-09-30 21:12,2025-09-30 21:42,2025-10-01 00:23
LAB744660,ENC118877,PT12038,HGB,Hemoglobin,15,g/dL,12,17.5,N,STAT,2025-09-30 21:58,2025-09-30 22:27,2025-09-30 22:58
LAB744661,ENC118878,PT11298,GLU,Glucose,95,mg/dL,70,99,N,STAT,2025-09-30 20:05,2025-09-30 20:37,2025-09-30 21:50
LAB744662,ENC118878,PT11298,CREAT,Creatinine,1.19,mg/dL,0.6,1.3,N,Routine,2025-09-30 19:23,2025-09-30 19:47,2025-09-30 23:06
LAB744663,ENC118878,PT11298,WBC,White Blood Cell Count,5.3,K/uL,4.5,11,N,STAT,2025-09-30 19:20,2025-09-30 19:28,2025-09-30 20:07
LAB744664,ENC118880,PT10124,GLU,Glucose,93,mg/dL,70,99,N,Routine,2025-09-30 20:00,2025-09-30 20:06,2025-09-30 22:26
LAB744665,ENC118880,PT10124,CREAT,Creatinine,0.49,mg/dL,0.6,1.3,L,Routine,2025-09-30 20:31,2025-09-30 20:37,2025-10-01 03:36
LAB744666,ENC118880,PT10124,WBC,White Blood Cell Count,9.6,K/uL,4.5,11,N,STAT,2025-09-30 20:03,2025-09-30 20:20,2025-09-30 21:13
LAB744667,ENC118883,PT10998,GLU,Glucose,110,mg/dL,70,99,H,Routine,2025-09-30 23:25,2025-09-30 23:40,2025-10-01 01:37
LAB744668,ENC118883,PT10998,CREAT,Creatinine,0.93,mg/dL,0.6,1.3,N,STAT,2025-09-30 22:47,2025-09-30 22:51,2025-09-30 23:31
LAB744669,ENC118883,PT10998,WBC,White Blood Cell Count,3.6,K/uL,4.5,11,L,STAT,2025-09-30 22:38,2025-09-30 22:55,2025-09-30 23:44
LAB744670,ENC118883,PT10998,HGB,Hemoglobin,13.5,g/dL,12,17.5,N,STAT,2025-09-30 22:48,2025-09-30 23:08,2025-09-30 23:50
LAB744671,ENC118884,PT11570,GLU,Glucose,170,mg/dL,70,99,H,STAT,2025-10-01 00:20,2025-10-01 00:34,2025-10-01 01:18
LAB744672,ENC118884,PT11570,CREAT,Creatinine,0.95,mg/dL,0.6,1.3,N,STAT,2025-10-01 00:45,2025-10-01 01:00,2025-10-01 01:59
LAB744673,ENC118884,PT11570,WBC,White Blood Cell Count,9.1,K/uL,4.5,11,N,STAT,2025-10-01 00:51,2025-10-01 01:07,2025-10-01 01:45
LAB744674,ENC118884,PT11570,HGB,Hemoglobin,13.9,g/dL,12,17.5,N,Routine,2025-09-30 23:59,2025-10-01 00:31,2025-10-01 01:47
LAB744675,ENC118884,PT11570,NA,Sodium,123,mmol/L,136,145,L,STAT,2025-10-01 00:39,2025-10-01 01:05,2025-10-01 01:40
LAB744676,ENC118884,PT11570,K,Potassium,4.4,mmol/L,3.5,5.1,N,STAT,2025-10-01 00:39,2025-10-01 00:44,2025-10-01 02:20
LAB744677,ENC118885,PT12215,GLU,Glucose,131,mg/dL,70,99,H,STAT,2025-10-01 00:51,2025-10-01 01:01,2025-10-01 01:41
LAB744678,ENC118885,PT12215,CREAT,Creatinine,0.7,mg/dL,0.6,1.3,N,STAT,2025-10-01 00:34,2025-10-01 01:01,2025-10-01 02:34
LAB744679,ENC118885,PT12215,WBC,White Blood Cell Count,18.7,K/uL,4.5,11,H,Routine,2025-10-01 00:10,2025-10-01 00:42,2025-10-01 03:50
LAB744680,ENC118885,PT12215,HGB,Hemoglobin,13.7,g/dL,12,17.5,N,STAT,2025-10-01 00:18,2025-10-01 00:41,2025-10-01 01:25
LAB744681,ENC118886,PT13577,GLU,Glucose,124,mg/dL,70,99,H,STAT,2025-10-01 07:24,2025-10-01 07:54,2025-10-01 08:29
LAB744682,ENC118886,PT13577,CREAT,Creatinine,0.75,mg/dL,0.6,1.3,N,STAT,2025-10-01 07:02,2025-10-01 07:09,2025-10-01 08:09
LAB744683,ENC118886,PT13577,WBC,White Blood Cell Count,6.3,K/uL,4.5,11,N,STAT,2025-10-01 07:14,2025-10-01 07:21,2025-10-01 07:53
LAB744684,ENC118886,PT13577,HGB,Hemoglobin,13.4,g/dL,12,17.5,N,Routine,2025-10-01 07:41,2025-10-01 07:46,2025-10-01 11:27
LAB744685,ENC118887,PT10426,GLU,Glucose,97,mg/dL,70,99,N,STAT,2025-10-01 06:53,2025-10-01 07:25,2025-10-01 08:19
LAB744686,ENC118887,PT10426,CREAT,Creatinine,0.65,mg/dL,0.6,1.3,N,STAT,2025-10-01 06:54,2025-10-01 07:04,2025-10-01 07:40
LAB744687,ENC118887,PT10426,WBC,White Blood Cell Count,5.2,K/uL,4.5,11,N,STAT,2025-10-01 07:04,2025-10-01 07:20,2025-10-01 07:48
LAB744688,ENC118887,PT10426,HGB,Hemoglobin,13,g/dL,12,17.5,N,STAT,2025-10-01 06:39,2025-10-01 06:51,2025-10-01 08:05
LAB744689,ENC118887,PT10426,NA,Sodium,139,mmol/L,136,145,N,Routine,2025-10-01 07:20,2025-10-01 07:36,2025-10-01 09:50
LAB744690,ENC118887,PT10426,K,Potassium,4.1,mmol/L,3.5,5.1,N,STAT,2025-10-01 07:01,2025-10-01 07:23,2025-10-01 08:09
LAB744691,ENC118887,PT10426,BUN,Blood Urea Nitrogen,17,mg/dL,7,20,N,STAT,2025-10-01 06:36,2025-10-01 06:55,2025-10-01 07:33
LAB744692,ENC118887,PT10426,PLT,Platelet Count,296,K/uL,150,400,N,Routine,2025-10-01 06:42,2025-10-01 06:59,2025-10-01 11:22
LAB744693,ENC118890,PT10943,GLU,Glucose,107,mg/dL,70,99,H,STAT,2025-10-01 12:56,2025-10-01 13:15,2025-10-01 13:42
LAB744694,ENC118890,PT10943,CREAT,Creatinine,1.11,mg/dL,0.6,1.3,N,Routine,2025-10-01 12:51,2025-10-01 13:17,2025-10-01 15:26
LAB744695,ENC118890,PT10943,WBC,White Blood Cell Count,7.5,K/uL,4.5,11,N,STAT,2025-10-01 13:47,2025-10-01 14:00,2025-10-01 14:39
LAB744696,ENC118890,PT10943,HGB,Hemoglobin,11.6,g/dL,12,17.5,L,STAT,2025-10-01 13:25,2025-10-01 13:54,2025-10-01 14:49
LAB744697,ENC118890,PT10943,NA,Sodium,139,mmol/L,136,145,N,STAT,2025-10-01 13:41,2025-10-01 14:03,2025-10-01 15:06
LAB744698,ENC118890,PT10943,K,Potassium,3.8,mmol/L,3.5,5.1,N,STAT,2025-10-01 13:34,2025-10-01 13:46,2025-10-01 14:25
LAB744699,ENC118891,PT10673,LDL,LDL Cholesterol,81,mg/dL,0,99,N,Routine,2025-10-01 10:07,2025-10-01 10:21,2025-10-02 15:23
LAB744700,ENC118891,PT10673,A1C,Hemoglobin A1c,8.1,%,4,5.6,H,Routine,2025-10-01 10:20,2025-10-01 10:31,2025-10-01 22:16
LAB744701,ENC118892,PT13981,GLU,Glucose,122,mg/dL,70,99,H,STAT,2025-10-01 10:32,2025-10-01 11:07,2025-10-01 11:52
LAB744702,ENC118892,PT13981,CREAT,Creatinine,0.99,mg/dL,0.6,1.3,N,Routine,2025-10-01 11:04,2025-10-01 11:25,2025-10-01 12:53
LAB744703,ENC118894,PT11117,GLU,Glucose,90,mg/dL,70,99,N,Routine,2025-10-01 15:32,2025-10-01 15:46,2025-10-01 18:34
LAB744704,ENC118894,PT11117,CREAT,Creatinine,0.9,mg/dL,0.6,1.3,N,Routine,2025-10-01 15:11,2025-10-01 15:15,2025-10-01 16:22
LAB744705,ENC118894,PT11117,WBC,White Blood Cell Count,5.9,K/uL,4.5,11,N,STAT,2025-10-01 14:54,2025-10-01 15:00,2025-10-01 16:09
LAB744706,ENC118894,PT11117,HGB,Hemoglobin,13.6,g/dL,12,17.5,N,Routine,2025-10-01 15:12,2025-10-01 15:31,2025-10-01 19:19
LAB744707,ENC118897,PT11541,GLU,Glucose,105,mg/dL,70,99,H,STAT,2025-10-01 12:47,2025-10-01 12:55,2025-10-01 13:33
LAB744708,ENC118897,PT11541,CREAT,Creatinine,0.87,mg/dL,0.6,1.3,N,STAT,2025-10-01 12:10,2025-10-01 12:42,2025-10-01 13:31
LAB744709,ENC118897,PT11541,WBC,White Blood Cell Count,6.3,K/uL,4.5,11,N,STAT,2025-10-01 12:37,2025-10-01 13:09,2025-10-01 13:31
LAB744710,ENC118897,PT11541,HGB,Hemoglobin,13.4,g/dL,12,17.5,N,Routine,2025-10-01 11:46,2025-10-01 12:01,2025-10-01 13:58
LAB744711,ENC118897,PT11541,NA,Sodium,142,mmol/L,136,145,N,Routine,2025-10-01 12:23,2025-10-01 12:53,2025-10-01 15:00
LAB744712,ENC118897,PT11541,K,Potassium,4.8,mmol/L,3.5,5.1,N,STAT,2025-10-01 11:44,2025-10-01 11:49,2025-10-01 12:28
LAB744713,ENC118897,PT11541,TROP,"Troponin I, High Sensitivity",39,ng/L,0,34,H,STAT,2025-10-01 12:11,2025-10-01 12:42,2025-10-01 13:20
LAB744714,ENC118897,PT11541,BNP,B-Type Natriuretic Peptide,708,pg/mL,0,100,H,STAT,2025-10-01 12:51,2025-10-01 13:19,2025-10-01 14:05
LAB744715,ENC118899,PT11169,GLU,Glucose,114,mg/dL,70,99,H,Routine,2025-10-01 13:04,2025-10-01 13:21,2025-10-01 14:55
LAB744716,ENC118899,PT11169,CREAT,Creatinine,0.52,mg/dL,0.6,1.3,L,STAT,2025-10-01 12:31,2025-10-01 12:35,2025-10-01 14:03
LAB744717,ENC118899,PT11169,WBC,White Blood Cell Count,10.4,K/uL,4.5,11,N,STAT,2025-10-01 12:12,2025-10-01 12:47,2025-10-01 13:53
LAB744718,ENC118899,PT11169,HGB,Hemoglobin,11,g/dL,12,17.5,L,STAT,2025-10-01 12:58,2025-10-01 13:27,2025-10-01 14:23
LAB744719,ENC118905,PT13094,WBC,White Blood Cell Count,7.1,K/uL,4.5,11,N,Routine,2025-10-01 14:45,2025-10-01 15:11,2025-10-01 17:38
LAB744720,ENC118905,PT13094,HGB,Hemoglobin,13.5,g/dL,12,17.5,N,Routine,2025-10-01 14:31,2025-10-01 14:44,2025-10-01 17:35
LAB744721,ENC118905,PT13094,PLT,Platelet Count,274,K/uL,150,400,N,Routine,2025-10-01 14:38,2025-10-01 15:07,2025-10-01 18:32
LAB744722,ENC118906,PT12469,GLU,Glucose,210,mg/dL,70,99,H,STAT,2025-10-01 14:53,2025-10-01 14:57,2025-10-01 15:43
LAB744723,ENC118906,PT12469,CREAT,Creatinine,1.18,mg/dL,0.6,1.3,N,Routine,2025-10-01 14:53,2025-10-01 15:22,2025-10-01 16:43
LAB744724,ENC118906,PT12469,TROP,"Troponin I, High Sensitivity",48,ng/L,0,34,H,STAT,2025-10-01 15:25,2025-10-01 15:57,2025-10-01 16:41
LAB744725,ENC118906,PT12469,BNP,B-Type Natriuretic Peptide,1222,pg/mL,0,100,H,Routine,2025-10-01 15:17,2025-10-01 15:48,2025-10-01 19:33
LAB744726,ENC118907,PT13578,WBC,White Blood Cell Count,9.3,K/uL,4.5,11,N,Routine,2025-10-01 14:40,2025-10-01 15:04,2025-10-01 16:29
LAB744727,ENC118907,PT13578,HGB,Hemoglobin,15.2,g/dL,12,17.5,N,Routine,2025-10-01 14:52,2025-10-01 15:18,2025-10-01 16:35
LAB744728,ENC118907,PT13578,PLT,Platelet Count,199,K/uL,150,400,N,Routine,2025-10-01 14:40,2025-10-01 15:10,2025-10-01 17:05
LAB744729,ENC118908,PT11786,GLU,Glucose,96,mg/dL,70,99,N,STAT,2025-10-01 15:23,2025-10-01 15:43,2025-10-01 16:43
LAB744730,ENC118908,PT11786,CREAT,Creatinine,2.87,mg/dL,0.6,1.3,H,Routine,2025-10-01 15:24,2025-10-01 15:31,2025-10-01 18:21
LAB744731,ENC118908,PT11786,WBC,White Blood Cell Count,9.3,K/uL,4.5,11,N,Routine,2025-10-01 16:03,2025-10-01 16:27,2025-10-02 01:56
LAB744732,ENC118908,PT11786,HGB,Hemoglobin,11.4,g/dL,12,17.5,L,STAT,2025-10-01 15:05,2025-10-01 15:33,2025-10-01 16:40
LAB744733,ENC118908,PT11786,NA,Sodium,139,mmol/L,136,145,N,Routine,2025-10-01 16:06,2025-10-01 16:29,2025-10-01 19:37
LAB744734,ENC118908,PT11786,K,Potassium,6.2,mmol/L,3.5,5.1,H,STAT,2025-10-01 15:19,2025-10-01 15:45,2025-10-01 16:29
LAB744735,ENC118911,PT12979,A1C,Hemoglobin A1c,12.4,%,4,5.6,H,Routine,2025-10-01 16:16,2025-10-01 16:41,2025-10-01 23:16
LAB744736,ENC118911,PT12979,GLU,Glucose,271,mg/dL,70,99,H,Routine,2025-10-01 16:30,2025-10-01 17:03,2025-10-01 21:24
LAB744737,ENC118911,PT12979,CREAT,Creatinine,0.77,mg/dL,0.6,1.3,N,Routine,2025-10-01 16:16,2025-10-01 16:26,2025-10-01 21:04
LAB744738,ENC118912,PT10335,GLU,Glucose,134,mg/dL,70,99,H,Routine,2025-10-01 19:46,2025-10-01 20:10,2025-10-01 23:22
LAB744739,ENC118912,PT10335,CREAT,Creatinine,0.55,mg/dL,0.6,1.3,L,Routine,2025-10-01 19:43,2025-10-01 20:01,2025-10-02 00:25
LAB744740,ENC118912,PT10335,WBC,White Blood Cell Count,9.7,K/uL,4.5,11,N,STAT,2025-10-01 19:56,2025-10-01 20:21,2025-10-01 21:24
LAB744741,ENC118912,PT10335,HGB,Hemoglobin,11.7,g/dL,12,17.5,L,STAT,2025-10-01 20:24,2025-10-01 20:38,2025-10-01 21:10
LAB744742,ENC118912,PT10335,NA,Sodium,140,mmol/L,136,145,N,STAT,2025-10-01 20:26,2025-10-01 21:01,2025-10-01 22:03
LAB744743,ENC118912,PT10335,K,Potassium,4.3,mmol/L,3.5,5.1,N,STAT,2025-10-01 20:28,2025-10-01 20:44,2025-10-01 22:07
LAB744744,ENC118912,PT10335,BUN,Blood Urea Nitrogen,11,mg/dL,7,20,N,STAT,2025-10-01 19:30,2025-10-01 20:03,2025-10-01 21:08
LAB744745,ENC118912,PT10335,PLT,Platelet Count,282,K/uL,150,400,N,STAT,2025-10-01 20:08,2025-10-01 20:25,2025-10-01 21:24
LAB744746,ENC118912,PT10335,TROP,"Troponin I, High Sensitivity",5,ng/L,0,34,N,STAT,2025-10-01 19:25,2025-10-01 19:50,2025-10-01 21:01
LAB744747,ENC118913,PT13233,GLU,Glucose,93,mg/dL,70,99,N,Routine,2025-10-01 18:47,2025-10-01 19:11,2025-10-01 19:57
LAB744748,ENC118913,PT13233,CREAT,Creatinine,0.91,mg/dL,0.6,1.3,N,Routine,2025-10-01 19:07,2025-10-01 19:19,2025-10-02 00:50
LAB744749,ENC118913,PT13233,WBC,White Blood Cell Count,5.6,K/uL,4.5,11,N,STAT,2025-10-01 19:11,2025-10-01 19:19,2025-10-01 20:19
LAB744750,ENC118913,PT13233,HGB,Hemoglobin,16.1,g/dL,12,17.5,N,Routine,2025-10-01 19:12,2025-10-01 19:29,2025-10-01 20:51
LAB744751,ENC118914,PT11053,GLU,Glucose,101,mg/dL,70,99,H,Routine,2025-10-01 21:38,2025-10-01 21:59,2025-10-02 00:02
LAB744752,ENC118914,PT11053,CREAT,Creatinine,1.25,mg/dL,0.6,1.3,N,STAT,2025-10-01 22:22,2025-10-01 22:36,2025-10-01 23:31
LAB744753,ENC118914,PT11053,WBC,White Blood Cell Count,8.8,K/uL,4.5,11,N,STAT,2025-10-01 22:27,2025-10-01 22:54,2025-10-01 23:56
LAB744754,ENC118914,PT11053,HGB,Hemoglobin,15.1,g/dL,12,17.5,N,STAT,2025-10-01 22:15,2025-10-01 22:37,2025-10-02 00:48
LAB744755,ENC118915,PT10196,GLU,Glucose,120,mg/dL,70,99,H,Routine,2025-10-02 00:40,2025-10-02 01:03,2025-10-02 03:57
LAB744756,ENC118915,PT10196,CREAT,Creatinine,0.91,mg/dL,0.6,1.3,N,STAT,2025-10-02 00:38,2025-10-02 00:50,2025-10-02 02:20
LAB744757,ENC118915,PT10196,WBC,White Blood Cell Count,9,K/uL,4.5,11,N,STAT,2025-10-02 00:19,2025-10-02 00:24,2025-10-02 01:19
LAB744758,ENC118915,PT10196,HGB,Hemoglobin,10.8,g/dL,12,17.5,L,STAT,2025-10-01 23:31,2025-10-02 00:01,2025-10-02 01:25
LAB744759,ENC118916,PT12184,GLU,Glucose,134,mg/dL,70,99,H,Routine,2025-10-02 01:06,2025-10-02 01:11,2025-10-02 02:31
LAB744760,ENC118916,PT12184,CREAT,Creatinine,1.23,mg/dL,0.6,1.3,N,STAT,2025-10-02 01:35,2025-10-02 01:42,2025-10-02 02:14
LAB744761,ENC118916,PT12184,WBC,White Blood Cell Count,8.7,K/uL,4.5,11,N,STAT,2025-10-02 02:02,2025-10-02 02:13,2025-10-02 02:51
LAB744762,ENC118916,PT12184,HGB,Hemoglobin,16.4,g/dL,12,17.5,N,STAT,2025-10-02 01:36,2025-10-02 01:47,2025-10-02 02:16
LAB744763,ENC118916,PT12184,TROP,"Troponin I, High Sensitivity",11,ng/L,0,34,N,STAT,2025-10-02 01:05,2025-10-02 01:11,2025-10-02 01:36
LAB744764,ENC118917,PT10870,GLU,Glucose,59,mg/dL,70,99,L,STAT,2025-10-02 07:51,2025-10-02 08:05,2025-10-02 08:45
LAB744765,ENC118917,PT10870,CREAT,Creatinine,0.9,mg/dL,0.6,1.3,N,Routine,2025-10-02 07:09,2025-10-02 07:13,2025-10-02 12:31
LAB744766,ENC118917,PT10870,WBC,White Blood Cell Count,7.8,K/uL,4.5,11,N,STAT,2025-10-02 08:07,2025-10-02 08:23,2025-10-02 08:53
LAB744767,ENC118917,PT10870,HGB,Hemoglobin,14.3,g/dL,12,17.5,N,Routine,2025-10-02 07:34,2025-10-02 08:01,2025-10-02 12:32
LAB744768,ENC118917,PT10870,NA,Sodium,138,mmol/L,136,145,N,STAT,2025-10-02 07:59,2025-10-02 08:28,2025-10-02 09:02
LAB744769,ENC118917,PT10870,K,Potassium,3.7,mmol/L,3.5,5.1,N,STAT,2025-10-02 08:04,2025-10-02 08:14,2025-10-02 08:54
LAB744770,ENC118918,PT13150,GLU,Glucose,115,mg/dL,70,99,H,Routine,2025-10-02 11:17,2025-10-02 11:29,2025-10-02 12:35
LAB744771,ENC118918,PT13150,CREAT,Creatinine,0.81,mg/dL,0.6,1.3,N,Routine,2025-10-02 11:47,2025-10-02 11:57,2025-10-02 17:57
LAB744772,ENC118918,PT13150,WBC,White Blood Cell Count,6.3,K/uL,4.5,11,N,Routine,2025-10-02 11:21,2025-10-02 11:34,2025-10-02 15:45
LAB744773,ENC118918,PT13150,HGB,Hemoglobin,13.4,g/dL,12,17.5,N,STAT,2025-10-02 10:54,2025-10-02 11:24,2025-10-02 13:41
LAB744774,ENC118919,PT12916,GLU,Glucose,94,mg/dL,70,99,N,STAT,2025-10-02 11:11,2025-10-02 11:42,2025-10-02 12:20
LAB744775,ENC118919,PT12916,CREAT,Creatinine,0.97,mg/dL,0.6,1.3,N,STAT,2025-10-02 10:55,2025-10-02 11:24,2025-10-02 12:10
LAB744776,ENC118919,PT12916,WBC,White Blood Cell Count,8.5,K/uL,4.5,11,N,Routine,2025-10-02 11:16,2025-10-02 11:32,2025-10-02 13:29
LAB744777,ENC118919,PT12916,HGB,Hemoglobin,15.4,g/dL,12,17.5,N,STAT,2025-10-02 11:48,2025-10-02 12:23,2025-10-02 12:58
LAB744778,ENC118922,PT13841,GLU,Glucose,419,mg/dL,70,99,H,STAT,2025-10-02 09:10,2025-10-02 09:23,2025-10-02 10:20
LAB744779,ENC118922,PT13841,CREAT,Creatinine,0.61,mg/dL,0.6,1.3,N,Routine,2025-10-02 08:41,2025-10-02 09:16,2025-10-02 11:30
LAB744780,ENC118922,PT13841,WBC,White Blood Cell Count,6.1,K/uL,4.5,11,N,Routine,2025-10-02 08:54,2025-10-02 09:01,2025-10-02 15:11
LAB744781,ENC118922,PT13841,HGB,Hemoglobin,12.5,g/dL,12,17.5,N,STAT,2025-10-02 08:46,2025-10-02 08:56,2025-10-02 09:54
LAB744782,ENC118922,PT13841,A1C,Hemoglobin A1c,11.4,%,4,5.6,H,STAT,2025-10-02 09:32,2025-10-02 09:44,2025-10-02 10:35
LAB744783,ENC118924,PT11412,A1C,Hemoglobin A1c,8.2,%,4,5.6,H,Routine,2025-10-02 09:50,2025-10-02 10:10,2025-10-02 21:41
LAB744784,ENC118924,PT11412,GLU,Glucose,356,mg/dL,70,99,H,Routine,2025-10-02 09:54,2025-10-02 10:15,2025-10-02 14:58
LAB744785,ENC118924,PT11412,CREAT,Creatinine,0.8,mg/dL,0.6,1.3,N,Routine,2025-10-02 10:03,2025-10-02 10:18,2025-10-02 12:47
LAB744786,ENC118928,PT11941,GLU,Glucose,71,mg/dL,70,99,N,STAT,2025-10-02 11:41,2025-10-02 12:14,2025-10-02 12:59
LAB744787,ENC118928,PT11941,CREAT,Creatinine,1.15,mg/dL,0.6,1.3,N,STAT,2025-10-02 11:31,2025-10-02 11:35,2025-10-02 12:24
LAB744788,ENC118928,PT11941,WBC,White Blood Cell Count,9.1,K/uL,4.5,11,N,STAT,2025-10-02 12:02,2025-10-02 12:15,2025-10-02 12:54
LAB744789,ENC118930,PT12376,LDL,LDL Cholesterol,129,mg/dL,0,99,H,Routine,2025-10-02 12:15,2025-10-02 12:32,2025-10-03 16:19
LAB744790,ENC118934,PT13493,GLU,Glucose,90,mg/dL,70,99,N,STAT,2025-10-02 18:36,2025-10-02 18:46,2025-10-02 19:51
LAB744791,ENC118934,PT13493,CREAT,Creatinine,2.66,mg/dL,0.6,1.3,H,Routine,2025-10-02 19:27,2025-10-02 19:53,2025-10-03 00:27
LAB744792,ENC118934,PT13493,WBC,White Blood Cell Count,6.7,K/uL,4.5,11,N,STAT,2025-10-02 18:54,2025-10-02 19:09,2025-10-02 19:56
LAB744793,ENC118934,PT13493,HGB,Hemoglobin,12.7,g/dL,12,17.5,N,STAT,2025-10-02 19:24,2025-10-02 19:47,2025-10-02 21:36
LAB744794,ENC118934,PT13493,NA,Sodium,143,mmol/L,136,145,N,STAT,2025-10-02 18:28,2025-10-02 18:49,2025-10-02 19:49
LAB744795,ENC118934,PT13493,K,Potassium,6.6,mmol/L,3.5,5.1,HH,STAT,2025-10-02 18:35,2025-10-02 18:50,2025-10-02 19:10
LAB744796,ENC118937,PT11255,LDL,LDL Cholesterol,171,mg/dL,0,99,H,Routine,2025-10-02 13:49,2025-10-02 13:59,2025-10-03 00:02
LAB744797,ENC118937,PT11255,A1C,Hemoglobin A1c,5.9,%,4,5.6,H,Routine,2025-10-02 13:47,2025-10-02 14:22,2025-10-03 03:38
LAB744798,ENC118938,PT10762,GLU,Glucose,113,mg/dL,70,99,H,Routine,2025-10-02 14:43,2025-10-02 15:11,2025-10-02 16:58
LAB744799,ENC118938,PT10762,CREAT,Creatinine,0.84,mg/dL,0.6,1.3,N,STAT,2025-10-02 13:43,2025-10-02 13:56,2025-10-02 14:55
LAB744800,ENC118938,PT10762,WBC,White Blood Cell Count,7.1,K/uL,4.5,11,N,STAT,2025-10-02 13:43,2025-10-02 14:02,2025-10-02 15:09
LAB744801,ENC118941,PT11222,INR,Prothrombin Time INR,1.1,ratio,0.8,1.2,N,Routine,2025-10-02 15:43,2025-10-02 16:13,2025-10-02 18:50
LAB744802,ENC118942,PT10901,LDL,LDL Cholesterol,198,mg/dL,0,99,H,Routine,2025-10-02 15:42,2025-10-02 15:52,2025-10-03 18:54
LAB744803,ENC118942,PT10901,A1C,Hemoglobin A1c,9,%,4,5.6,H,Routine,2025-10-02 15:53,2025-10-02 16:10,2025-10-03 06:39
LAB744804,ENC118943,PT11012,GLU,Glucose,112,mg/dL,70,99,H,STAT,2025-10-02 21:24,2025-10-02 21:43,2025-10-02 22:33
LAB744805,ENC118943,PT11012,CREAT,Creatinine,0.9,mg/dL,0.6,1.3,N,STAT,2025-10-02 20:35,2025-10-02 20:54,2025-10-02 22:33
LAB744806,ENC118943,PT11012,WBC,White Blood Cell Count,11.2,K/uL,4.5,11,H,STAT,2025-10-02 20:31,2025-10-02 20:35,2025-10-02 21:05
LAB744807,ENC118943,PT11012,HGB,Hemoglobin,14.8,g/dL,12,17.5,N,STAT,2025-10-02 20:44,2025-10-02 21:01,2025-10-02 22:00
LAB744808,ENC118944,PT10742,GLU,Glucose,140,mg/dL,70,99,H,STAT,2025-10-02 20:30,2025-10-02 20:38,2025-10-02 21:18
LAB744809,ENC118944,PT10742,CREAT,Creatinine,2.1,mg/dL,0.6,1.3,H,STAT,2025-10-02 20:53,2025-10-02 21:17,2025-10-02 22:16
LAB744810,ENC118944,PT10742,WBC,White Blood Cell Count,12.8,K/uL,4.5,11,H,Routine,2025-10-02 21:00,2025-10-02 21:16,2025-10-02 22:53
LAB744811,ENC118944,PT10742,HGB,Hemoglobin,11.8,g/dL,12,17.5,L,STAT,2025-10-02 20:34,2025-10-02 20:41,2025-10-02 21:20
LAB744812,ENC118945,PT10171,GLU,Glucose,118,mg/dL,70,99,H,Routine,2025-10-02 18:58,2025-10-02 19:21,2025-10-02 21:57
LAB744813,ENC118945,PT10171,CREAT,Creatinine,1.11,mg/dL,0.6,1.3,N,Routine,2025-10-02 18:57,2025-10-02 19:14,2025-10-03 00:01
LAB744814,ENC118945,PT10171,WBC,White Blood Cell Count,9.8,K/uL,4.5,11,N,STAT,2025-10-02 20:05,2025-10-02 20:33,2025-10-02 22:06
LAB744815,ENC118946,PT11672,GLU,Glucose,112,mg/dL,70,99,H,Routine,2025-10-02 20:47,2025-10-02 21:20,2025-10-03 01:04
LAB744816,ENC118946,PT11672,CREAT,Creatinine,0.89,mg/dL,0.6,1.3,N,Routine,2025-10-02 20:48,2025-10-02 21:15,2025-10-03 01:40
LAB744817,ENC118946,PT11672,WBC,White Blood Cell Count,11.3,K/uL,4.5,11,H,STAT,2025-10-02 21:12,2025-10-02 21:38,2025-10-02 23:24
LAB744818,ENC118946,PT11672,HGB,Hemoglobin,15.6,g/dL,12,17.5,N,Routine,2025-10-02 20:47,2025-10-02 21:20,2025-10-02 23:31
LAB744819,ENC118947,PT11462,GLU,Glucose,102,mg/dL,70,99,H,Routine,2025-10-02 22:05,2025-10-02 22:09,2025-10-03 04:24
LAB744820,ENC118947,PT11462,CREAT,Creatinine,1.18,mg/dL,0.6,1.3,N,STAT,2025-10-02 22:10,2025-10-02 22:33,2025-10-02 23:20
LAB744821,ENC118947,PT11462,WBC,White Blood Cell Count,5.2,K/uL,4.5,11,N,STAT,2025-10-02 21:37,2025-10-02 22:06,2025-10-02 22:44
LAB744822,ENC118947,PT11462,HGB,Hemoglobin,13.4,g/dL,12,17.5,N,Routine,2025-10-02 21:41,2025-10-02 22:16,2025-10-03 02:25
LAB744823,ENC118948,PT13418,GLU,Glucose,90,mg/dL,70,99,N,STAT,2025-10-02 21:38,2025-10-02 21:58,2025-10-02 22:54
LAB744824,ENC118948,PT13418,CREAT,Creatinine,0.98,mg/dL,0.6,1.3,N,STAT,2025-10-02 21:34,2025-10-02 22:03,2025-10-02 22:34
LAB744825,ENC118948,PT13418,WBC,White Blood Cell Count,14.5,K/uL,4.5,11,H,STAT,2025-10-02 22:24,2025-10-02 22:40,2025-10-02 23:04
LAB744826,ENC118948,PT13418,HGB,Hemoglobin,14.2,g/dL,12,17.5,N,Routine,2025-10-02 21:33,2025-10-02 21:48,2025-10-03 00:55
LAB744827,ENC118949,PT10699,GLU,Glucose,171,mg/dL,70,99,H,STAT,2025-10-03 03:51,2025-10-03 04:26,2025-10-03 05:14
LAB744828,ENC118949,PT10699,CREAT,Creatinine,1.89,mg/dL,0.6,1.3,H,STAT,2025-10-03 03:31,2025-10-03 03:45,2025-10-03 04:15
LAB744829,ENC118949,PT10699,WBC,White Blood Cell Count,8.2,K/uL,4.5,11,N,Routine,2025-10-03 03:49,2025-10-03 04:02,2025-10-03 06:39
LAB744830,ENC118949,PT10699,HGB,Hemoglobin,11.6,g/dL,12,17.5,L,STAT,2025-10-03 02:54,2025-10-03 03:25,2025-10-03 04:21
LAB744831,ENC118949,PT10699,TROP,"Troponin I, High Sensitivity",42,ng/L,0,34,H,STAT,2025-10-03 03:34,2025-10-03 03:46,2025-10-03 04:17
LAB744832,ENC118949,PT10699,BNP,B-Type Natriuretic Peptide,871,pg/mL,0,100,H,Routine,2025-10-03 03:49,2025-10-03 04:20,2025-10-03 06:57
LAB744833,ENC118950,PT11965,GLU,Glucose,122,mg/dL,70,99,H,Routine,2025-10-03 03:15,2025-10-03 03:35,2025-10-03 09:16
LAB744834,ENC118950,PT11965,CREAT,Creatinine,0.52,mg/dL,0.6,1.3,L,STAT,2025-10-03 03:12,2025-10-03 03:24,2025-10-03 03:49
LAB744835,ENC118952,PT13682,GLU,Glucose,110,mg/dL,70,99,H,STAT,2025-10-03 05:54,2025-10-03 06:26,2025-10-03 07:04
LAB744836,ENC118952,PT13682,CREAT,Creatinine,0.98,mg/dL,0.6,1.3,N,Routine,2025-10-03 05:52,2025-10-03 06:13,2025-10-03 09:05
LAB744837,ENC118952,PT13682,WBC,White Blood Cell Count,7.9,K/uL,4.5,11,N,STAT,2025-10-03 06:16,2025-10-03 06:21,2025-10-03 07:05
LAB744838,ENC118952,PT13682,HGB,Hemoglobin,14.4,g/dL,12,17.5,N,STAT,2025-10-03 05:12,2025-10-03 05:34,2025-10-03 05:48
LAB744839,ENC118953,PT12986,GLU,Glucose,108,mg/dL,70,99,H,STAT,2025-10-03 10:01,2025-10-03 10:16,2025-10-03 10:41
LAB744840,ENC118953,PT12986,CREAT,Creatinine,0.81,mg/dL,0.6,1.3,N,STAT,2025-10-03 10:05,2025-10-03 10:18,2025-10-03 10:46
LAB744841,ENC118953,PT12986,WBC,White Blood Cell Count,5.3,K/uL,4.5,11,N,STAT,2025-10-03 09:56,2025-10-03 10:25,2025-10-03 11:03
LAB744842,ENC118953,PT12986,HGB,Hemoglobin,14.3,g/dL,12,17.5,N,STAT,2025-10-03 09:28,2025-10-03 09:44,2025-10-03 10:46
LAB744843,ENC118953,PT12986,TROP,"Troponin I, High Sensitivity",81,ng/L,0,34,H,STAT,2025-10-03 09:05,2025-10-03 09:23,2025-10-03 10:20
LAB744844,ENC118953,PT12986,BNP,B-Type Natriuretic Peptide,728,pg/mL,0,100,H,STAT,2025-10-03 09:05,2025-10-03 09:09,2025-10-03 10:55
LAB744845,ENC118954,PT12910,GLU,Glucose,93,mg/dL,70,99,N,Routine,2025-10-03 12:15,2025-10-03 12:43,2025-10-03 15:53
LAB744846,ENC118954,PT12910,CREAT,Creatinine,2.59,mg/dL,0.6,1.3,H,STAT,2025-10-03 12:05,2025-10-03 12:32,2025-10-03 13:11
LAB744847,ENC118954,PT12910,WBC,White Blood Cell Count,6.5,K/uL,4.5,11,N,STAT,2025-10-03 12:13,2025-10-03 12:39,2025-10-03 13:10
LAB744848,ENC118954,PT12910,HGB,Hemoglobin,13.8,g/dL,12,17.5,N,Routine,2025-10-03 11:38,2025-10-03 11:52,2025-10-03 17:23
LAB744849,ENC118954,PT12910,NA,Sodium,141,mmol/L,136,145,N,STAT,2025-10-03 12:40,2025-10-03 13:09,2025-10-03 14:23
LAB744850,ENC118954,PT12910,K,Potassium,5.4,mmol/L,3.5,5.1,H,STAT,2025-10-03 11:36,2025-10-03 12:05,2025-10-03 12:43
LAB744851,ENC118957,PT11095,GLU,Glucose,95,mg/dL,70,99,N,STAT,2025-10-03 12:00,2025-10-03 12:05,2025-10-03 13:16
LAB744852,ENC118957,PT11095,CREAT,Creatinine,1.01,mg/dL,0.6,1.3,N,Routine,2025-10-03 10:57,2025-10-03 11:10,2025-10-03 13:10
LAB744853,ENC118957,PT11095,WBC,White Blood Cell Count,6.1,K/uL,4.5,11,N,STAT,2025-10-03 10:54,2025-10-03 10:59,2025-10-03 12:02
LAB744854,ENC118957,PT11095,HGB,Hemoglobin,15.6,g/dL,12,17.5,N,STAT,2025-10-03 11:23,2025-10-03 11:36,2025-10-03 12:05
LAB744855,ENC118957,PT11095,TROP,"Troponin I, High Sensitivity",66,ng/L,0,34,H,STAT,2025-10-03 11:30,2025-10-03 11:53,2025-10-03 12:30
LAB744856,ENC118962,PT13672,GLU,Glucose,100,mg/dL,70,99,H,STAT,2025-10-03 12:23,2025-10-03 12:45,2025-10-03 13:23
LAB744857,ENC118962,PT13672,CREAT,Creatinine,0.83,mg/dL,0.6,1.3,N,STAT,2025-10-03 12:02,2025-10-03 12:32,2025-10-03 12:59
LAB744858,ENC118962,PT13672,WBC,White Blood Cell Count,8.5,K/uL,4.5,11,N,STAT,2025-10-03 12:05,2025-10-03 12:12,2025-10-03 13:04
LAB744859,ENC118962,PT13672,TROP,"Troponin I, High Sensitivity",5,ng/L,0,34,N,STAT,2025-10-03 13:02,2025-10-03 13:21,2025-10-03 13:55
LAB744860,ENC118964,PT10620,GLU,Glucose,116,mg/dL,70,99,H,Routine,2025-10-03 16:02,2025-10-03 16:29,2025-10-03 19:27
LAB744861,ENC118964,PT10620,CREAT,Creatinine,1.22,mg/dL,0.6,1.3,N,STAT,2025-10-03 15:23,2025-10-03 15:58,2025-10-03 16:36
LAB744862,ENC118964,PT10620,WBC,White Blood Cell Count,4.9,K/uL,4.5,11,N,STAT,2025-10-03 15:23,2025-10-03 15:29,2025-10-03 16:06
LAB744863,ENC118964,PT10620,HGB,Hemoglobin,15.2,g/dL,12,17.5,N,Routine,2025-10-03 16:13,2025-10-03 16:46,2025-10-03 18:55
LAB744864,ENC118965,PT12438,GLU,Glucose,102,mg/dL,70,99,H,Routine,2025-10-03 13:29,2025-10-03 13:55,2025-10-03 17:08
LAB744865,ENC118965,PT12438,CREAT,Creatinine,0.95,mg/dL,0.6,1.3,N,STAT,2025-10-03 13:31,2025-10-03 13:54,2025-10-03 14:51
LAB744866,ENC118967,PT13411,GLU,Glucose,109,mg/dL,70,99,H,STAT,2025-10-03 14:18,2025-10-03 14:47,2025-10-03 15:09
LAB744867,ENC118967,PT13411,CREAT,Creatinine,1.17,mg/dL,0.6,1.3,N,Routine,2025-10-03 14:10,2025-10-03 14:29,2025-10-03 15:41
LAB744868,ENC118969,PT13107,GLU,Glucose,131,mg/dL,70,99,H,STAT,2025-10-03 18:31,2025-10-03 18:58,2025-10-03 20:54
LAB744869,ENC118969,PT13107,CREAT,Creatinine,1.05,mg/dL,0.6,1.3,N,Routine,2025-10-03 18:44,2025-10-03 19:00,2025-10-03 21:58
LAB744870,ENC118969,PT13107,WBC,White Blood Cell Count,4.1,K/uL,4.5,11,L,STAT,2025-10-03 18:13,2025-10-03 18:18,2025-10-03 19:05
LAB744871,ENC118969,PT13107,HGB,Hemoglobin,16.1,g/dL,12,17.5,N,STAT,2025-10-03 18:13,2025-10-03 18:27,2025-10-03 19:19
LAB744872,ENC118970,PT10878,LDL,LDL Cholesterol,107,mg/dL,0,99,H,Routine,2025-10-03 14:54,2025-10-03 15:08,2025-10-04 01:26
LAB744873,ENC118970,PT10878,A1C,Hemoglobin A1c,6.4,%,4,5.6,H,Routine,2025-10-03 14:35,2025-10-03 15:01,2025-10-04 10:27
LAB744874,ENC118970,PT10878,TSH,Thyroid Stimulating Hormone,7.33,mIU/L,0.4,4,H,Routine,2025-10-03 14:43,2025-10-03 14:55,2025-10-04 19:41
LAB744875,ENC118971,PT10919,TROP,"Troponin I, High Sensitivity",7,ng/L,0,34,N,STAT,2025-10-03 15:24,2025-10-03 15:34,2025-10-03 16:51
LAB744876,ENC118975,PT10543,GLU,Glucose,178,mg/dL,70,99,H,STAT,2025-10-03 19:42,2025-10-03 20:01,2025-10-03 20:15
LAB744877,ENC118975,PT10543,CREAT,Creatinine,0.9,mg/dL,0.6,1.3,N,Routine,2025-10-03 18:46,2025-10-03 19:05,2025-10-03 22:42
LAB744878,ENC118975,PT10543,WBC,White Blood Cell Count,14.6,K/uL,4.5,11,H,Routine,2025-10-03 18:55,2025-10-03 19:05,2025-10-03 22:44
LAB744879,ENC118975,PT10543,HGB,Hemoglobin,13.6,g/dL,12,17.5,N,Routine,2025-10-03 18:43,2025-10-03 18:53,2025-10-03 21:12
LAB744880,ENC118976,PT11300,GLU,Glucose,122,mg/dL,70,99,H,STAT,2025-10-03 18:17,2025-10-03 18:30,2025-10-03 19:08
LAB744881,ENC118976,PT11300,CREAT,Creatinine,0.67,mg/dL,0.6,1.3,N,Routine,2025-10-03 18:06,2025-10-03 18:37,2025-10-03 22:16
LAB744882,ENC118976,PT11300,WBC,White Blood Cell Count,10.3,K/uL,4.5,11,N,Routine,2025-10-03 18:21,2025-10-03 18:32,2025-10-03 19:36
LAB744883,ENC118976,PT11300,HGB,Hemoglobin,15.2,g/dL,12,17.5,N,STAT,2025-10-03 17:48,2025-10-03 18:11,2025-10-03 18:57
LAB744884,ENC118976,PT11300,BUN,Blood Urea Nitrogen,15,mg/dL,7,20,N,STAT,2025-10-03 18:26,2025-10-03 18:55,2025-10-03 19:43
LAB744885,ENC118976,PT11300,PLT,Platelet Count,205,K/uL,150,400,N,STAT,2025-10-03 18:04,2025-10-03 18:31,2025-10-03 19:23
LAB744886,ENC118977,PT12494,GLU,Glucose,173,mg/dL,70,99,H,STAT,2025-10-03 19:42,2025-10-03 19:53,2025-10-03 20:19
LAB744887,ENC118977,PT12494,CREAT,Creatinine,1.33,mg/dL,0.6,1.3,H,STAT,2025-10-03 20:31,2025-10-03 21:06,2025-10-03 21:52
LAB744888,ENC118977,PT12494,WBC,White Blood Cell Count,6.4,K/uL,4.5,11,N,Routine,2025-10-03 20:45,2025-10-03 21:05,2025-10-03 22:50
LAB744889,ENC118977,PT12494,HGB,Hemoglobin,13.4,g/dL,12,17.5,N,Routine,2025-10-03 19:42,2025-10-03 20:06,2025-10-03 23:06
LAB744890,ENC118977,PT12494,NA,Sodium,143,mmol/L,136,145,N,Routine,2025-10-03 19:39,2025-10-03 20:12,2025-10-04 00:59
LAB744891,ENC118977,PT12494,K,Potassium,4.5,mmol/L,3.5,5.1,N,STAT,2025-10-03 20:20,2025-10-03 20:24,2025-10-03 20:53
LAB744892,ENC118978,PT11464,GLU,Glucose,111,mg/dL,70,99,H,STAT,2025-10-04 01:29,2025-10-04 01:52,2025-10-04 02:35
LAB744893,ENC118978,PT11464,CREAT,Creatinine,1.08,mg/dL,0.6,1.3,N,STAT,2025-10-04 01:49,2025-10-04 02:03,2025-10-04 03:08
LAB744894,ENC118978,PT11464,WBC,White Blood Cell Count,7,K/uL,4.5,11,N,Routine,2025-10-04 01:53,2025-10-04 01:59,2025-10-04 04:43
LAB744895,ENC118978,PT11464,HGB,Hemoglobin,12.6,g/dL,12,17.5,N,STAT,2025-10-04 02:13,2025-10-04 02:20,2025-10-04 03:53
LAB744896,ENC118980,PT13745,GLU,Glucose,105,mg/dL,70,99,H,Routine,2025-10-04 00:21,2025-10-04 00:35,2025-10-04 01:28
LAB744897,ENC118980,PT13745,CREAT,Creatinine,1.06,mg/dL,0.6,1.3,N,STAT,2025-10-04 00:01,2025-10-04 00:29,2025-10-04 01:16
LAB744898,ENC118981,PT11258,GLU,Glucose,172,mg/dL,70,99,H,STAT,2025-10-04 04:33,2025-10-04 04:51,2025-10-04 06:28
LAB744899,ENC118981,PT11258,CREAT,Creatinine,2.04,mg/dL,0.6,1.3,H,Routine,2025-10-04 04:09,2025-10-04 04:31,2025-10-04 05:50
LAB744900,ENC118981,PT11258,WBC,White Blood Cell Count,10.2,K/uL,4.5,11,N,STAT,2025-10-04 04:18,2025-10-04 04:36,2025-10-04 05:14
LAB744901,ENC118981,PT11258,HGB,Hemoglobin,13.1,g/dL,12,17.5,N,Routine,2025-10-04 03:55,2025-10-04 04:25,2025-10-04 07:41
LAB744902,ENC118981,PT11258,LACT,Lactate,3.5,mmol/L,0.5,2,H,STAT,2025-10-04 04:39,2025-10-04 05:14,2025-10-04 05:42
LAB744903,ENC118982,PT11882,GLU,Glucose,49,mg/dL,70,99,L,STAT,2025-10-04 07:08,2025-10-04 07:31,2025-10-04 08:12
LAB744904,ENC118982,PT11882,CREAT,Creatinine,1.86,mg/dL,0.6,1.3,H,STAT,2025-10-04 07:44,2025-10-04 07:48,2025-10-04 08:24
LAB744905,ENC118982,PT11882,WBC,White Blood Cell Count,7.7,K/uL,4.5,11,N,STAT,2025-10-04 07:14,2025-10-04 07:31,2025-10-04 07:50
LAB744906,ENC118982,PT11882,HGB,Hemoglobin,8.6,g/dL,12,17.5,L,Routine,2025-10-04 06:47,2025-10-04 06:55,2025-10-04 09:38
LAB744907,ENC118982,PT11882,NA,Sodium,137,mmol/L,136,145,N,STAT,2025-10-04 06:48,2025-10-04 06:52,2025-10-04 07:41
LAB744908,ENC118982,PT11882,K,Potassium,4.4,mmol/L,3.5,5.1,N,STAT,2025-10-04 06:42,2025-10-04 06:56,2025-10-04 07:21
LAB744909,ENC118982,PT11882,INR,Prothrombin Time INR,1.1,ratio,0.8,1.2,N,STAT,2025-10-04 06:47,2025-10-04 07:19,2025-10-04 07:50
LAB744910,ENC118984,PT12941,GLU,Glucose,113,mg/dL,70,99,H,Routine,2025-10-04 05:35,2025-10-04 05:42,2025-10-04 10:30
LAB744911,ENC118984,PT12941,CREAT,Creatinine,0.65,mg/dL,0.6,1.3,N,STAT,2025-10-04 05:38,2025-10-04 06:01,2025-10-04 06:41
LAB744912,ENC118984,PT12941,WBC,White Blood Cell Count,7.6,K/uL,4.5,11,N,Routine,2025-10-04 05:57,2025-10-04 06:11,2025-10-04 07:55
LAB744913,ENC118984,PT12941,HGB,Hemoglobin,13,g/dL,12,17.5,N,Routine,2025-10-04 06:00,2025-10-04 06:27,2025-10-04 10:06
LAB744914,ENC118986,PT13400,TROP,"Troponin I, High Sensitivity",9,ng/L,0,34,N,STAT,2025-10-04 09:46,2025-10-04 10:05,2025-10-04 10:49
LAB744915,ENC118987,PT12485,GLU,Glucose,99,mg/dL,70,99,N,STAT,2025-10-04 10:56,2025-10-04 11:28,2025-10-04 12:45
LAB744916,ENC118987,PT12485,CREAT,Creatinine,0.71,mg/dL,0.6,1.3,N,STAT,2025-10-04 10:22,2025-10-04 10:27,2025-10-04 11:32
LAB744917,ENC118987,PT12485,WBC,White Blood Cell Count,6,K/uL,4.5,11,N,STAT,2025-10-04 10:11,2025-10-04 10:46,2025-10-04 11:10
LAB744918,ENC118988,PT11883,GLU,Glucose,306,mg/dL,70,99,H,STAT,2025-10-04 15:53,2025-10-04 16:15,2025-10-04 16:57
LAB744919,ENC118988,PT11883,CREAT,Creatinine,0.79,mg/dL,0.6,1.3,N,Routine,2025-10-04 15:40,2025-10-04 16:14,2025-10-04 17:25
LAB744920,ENC118988,PT11883,WBC,White Blood Cell Count,5.1,K/uL,4.5,11,N,STAT,2025-10-04 16:14,2025-10-04 16:39,2025-10-04 17:13
LAB744921,ENC118988,PT11883,HGB,Hemoglobin,12.3,g/dL,12,17.5,N,STAT,2025-10-04 15:31,2025-10-04 15:40,2025-10-04 16:21
LAB744922,ENC118988,PT11883,NA,Sodium,136,mmol/L,136,145,N,Routine,2025-10-04 16:08,2025-10-04 16:23,2025-10-04 19:20
LAB744923,ENC118988,PT11883,K,Potassium,4.7,mmol/L,3.5,5.1,N,STAT,2025-10-04 16:21,2025-10-04 16:36,2025-10-04 17:42
LAB744924,ENC118988,PT11883,A1C,Hemoglobin A1c,12.4,%,4,5.6,H,STAT,2025-10-04 16:21,2025-10-04 16:54,2025-10-04 17:37
LAB744925,ENC118990,PT13507,GLU,Glucose,97,mg/dL,70,99,N,Routine,2025-10-04 19:34,2025-10-04 19:56,2025-10-04 21:15
LAB744926,ENC118990,PT13507,CREAT,Creatinine,1.15,mg/dL,0.6,1.3,N,Routine,2025-10-04 20:27,2025-10-04 20:56,2025-10-05 03:48
LAB744927,ENC118990,PT13507,WBC,White Blood Cell Count,7.8,K/uL,4.5,11,N,STAT,2025-10-04 20:00,2025-10-04 20:35,2025-10-04 21:58
LAB744928,ENC118990,PT13507,HGB,Hemoglobin,15.6,g/dL,12,17.5,N,STAT,2025-10-04 19:33,2025-10-04 20:07,2025-10-04 20:35
LAB744929,ENC118990,PT13507,TROP,"Troponin I, High Sensitivity",1,ng/L,0,34,N,STAT,2025-10-04 20:28,2025-10-04 20:54,2025-10-04 21:32
LAB744930,ENC118991,PT10119,GLU,Glucose,120,mg/dL,70,99,H,Routine,2025-10-04 20:34,2025-10-04 20:55,2025-10-05 00:56
LAB744931,ENC118991,PT10119,CREAT,Creatinine,0.76,mg/dL,0.6,1.3,N,Routine,2025-10-04 20:14,2025-10-04 20:43,2025-10-05 00:26
LAB744932,ENC118991,PT10119,WBC,White Blood Cell Count,6.3,K/uL,4.5,11,N,Routine,2025-10-04 20:03,2025-10-04 20:29,2025-10-04 22:55
LAB744933,ENC118991,PT10119,HGB,Hemoglobin,13.5,g/dL,12,17.5,N,STAT,2025-10-04 19:51,2025-10-04 20:17,2025-10-04 20:50
LAB744934,ENC118991,PT10119,NA,Sodium,140,mmol/L,136,145,N,STAT,2025-10-04 20:10,2025-10-04 20:36,2025-10-04 21:47
LAB744935,ENC118991,PT10119,K,Potassium,4,mmol/L,3.5,5.1,N,STAT,2025-10-04 19:31,2025-10-04 20:05,2025-10-04 21:09
LAB744936,ENC118991,PT10119,INR,Prothrombin Time INR,0.9,ratio,0.8,1.2,N,STAT,2025-10-04 19:43,2025-10-04 20:12,2025-10-04 20:53
LAB744937,ENC118992,PT11209,GLU,Glucose,167,mg/dL,70,99,H,STAT,2025-10-04 21:06,2025-10-04 21:11,2025-10-04 21:55
LAB744938,ENC118992,PT11209,CREAT,Creatinine,0.99,mg/dL,0.6,1.3,N,Routine,2025-10-04 20:15,2025-10-04 20:36,2025-10-04 22:51
LAB744939,ENC118992,PT11209,WBC,White Blood Cell Count,8.6,K/uL,4.5,11,N,Routine,2025-10-04 20:59,2025-10-04 21:06,2025-10-05 00:38
LAB744940,ENC118992,PT11209,HGB,Hemoglobin,14.4,g/dL,12,17.5,N,STAT,2025-10-04 21:12,2025-10-04 21:27,2025-10-04 22:04
LAB744941,ENC118992,PT11209,NA,Sodium,140,mmol/L,136,145,N,STAT,2025-10-04 21:17,2025-10-04 21:33,2025-10-04 22:08
LAB744942,ENC118992,PT11209,K,Potassium,4.9,mmol/L,3.5,5.1,N,STAT,2025-10-04 20:22,2025-10-04 20:33,2025-10-04 21:20
LAB744943,ENC118994,PT12389,GLU,Glucose,106,mg/dL,70,99,H,STAT,2025-10-04 18:38,2025-10-04 18:49,2025-10-04 19:18
LAB744944,ENC118994,PT12389,CREAT,Creatinine,1.3,mg/dL,0.6,1.3,N,STAT,2025-10-04 18:19,2025-10-04 18:52,2025-10-04 20:00
LAB744945,ENC118994,PT12389,WBC,White Blood Cell Count,4.8,K/uL,4.5,11,N,STAT,2025-10-04 18:27,2025-10-04 18:32,2025-10-04 19:11
LAB744946,ENC118994,PT12389,HGB,Hemoglobin,15.5,g/dL,12,17.5,N,Routine,2025-10-04 18:04,2025-10-04 18:19,2025-10-04 19:51
LAB744947,ENC118994,PT12389,TROP,"Troponin I, High Sensitivity",2,ng/L,0,34,N,STAT,2025-10-04 18:11,2025-10-04 18:23,2025-10-04 19:11
LAB744948,ENC118995,PT12608,GLU,Glucose,228,mg/dL,70,99,H,Routine,2025-10-05 00:09,2025-10-05 00:34,2025-10-05 02:44
LAB744949,ENC118995,PT12608,CREAT,Creatinine,0.92,mg/dL,0.6,1.3,N,STAT,2025-10-05 00:08,2025-10-05 00:18,2025-10-05 01:21
LAB744950,ENC118995,PT12608,WBC,White Blood Cell Count,12.1,K/uL,4.5,11,H,Routine,2025-10-04 23:43,2025-10-05 00:03,2025-10-05 02:16
LAB744951,ENC118995,PT12608,HGB,Hemoglobin,16.1,g/dL,12,17.5,N,STAT,2025-10-05 00:09,2025-10-05 00:44,2025-10-05 01:41
LAB744952,ENC118996,PT11789,A1C,Hemoglobin A1c,12.5,%,4,5.6,H,STAT,2025-10-04 18:59,2025-10-04 19:31,2025-10-04 20:07
LAB744953,ENC118997,PT11550,GLU,Glucose,91,mg/dL,70,99,N,STAT,2025-10-04 19:59,2025-10-04 20:27,2025-10-04 21:12
LAB744954,ENC118997,PT11550,CREAT,Creatinine,0.23,mg/dL,0.6,1.3,L,Routine,2025-10-04 19:32,2025-10-04 19:43,2025-10-04 22:55
LAB744955,ENC118997,PT11550,WBC,White Blood Cell Count,7.6,K/uL,4.5,11,N,Routine,2025-10-04 19:22,2025-10-04 19:41,2025-10-04 23:44
LAB744956,ENC118997,PT11550,HGB,Hemoglobin,11.8,g/dL,12,17.5,L,STAT,2025-10-04 20:12,2025-10-04 20:40,2025-10-04 21:56
LAB744957,ENC118998,PT13988,GLU,Glucose,80,mg/dL,70,99,N,STAT,2025-10-05 00:27,2025-10-05 00:38,2025-10-05 01:27
LAB744958,ENC118998,PT13988,CREAT,Creatinine,1.06,mg/dL,0.6,1.3,N,STAT,2025-10-04 23:34,2025-10-05 00:03,2025-10-05 00:49
LAB744959,ENC118998,PT13988,WBC,White Blood Cell Count,7.5,K/uL,4.5,11,N,Routine,2025-10-04 23:44,2025-10-04 23:52,2025-10-05 02:59
LAB744960,ENC118998,PT13988,HGB,Hemoglobin,14.9,g/dL,12,17.5,N,STAT,2025-10-04 23:30,2025-10-05 00:04,2025-10-05 01:25
LAB744961,ENC119000,PT10511,GLU,Glucose,237,mg/dL,70,99,H,STAT,2025-10-04 23:10,2025-10-04 23:43,2025-10-05 00:18
LAB744962,ENC119000,PT10511,CREAT,Creatinine,0.84,mg/dL,0.6,1.3,N,STAT,2025-10-04 22:35,2025-10-04 23:00,2025-10-04 23:51
LAB744963,ENC119000,PT10511,WBC,White Blood Cell Count,5.5,K/uL,4.5,11,N,STAT,2025-10-04 23:38,2025-10-05 00:00,2025-10-05 00:52
LAB744964,ENC119000,PT10511,HGB,Hemoglobin,12.1,g/dL,12,17.5,N,STAT,2025-10-04 22:31,2025-10-04 22:35,2025-10-04 23:09
LAB744965,ENC119002,PT10478,GLU,Glucose,65,mg/dL,70,99,L,STAT,2025-10-05 11:40,2025-10-05 11:51,2025-10-05 13:02
LAB744966,ENC119002,PT10478,CREAT,Creatinine,0.56,mg/dL,0.6,1.3,L,STAT,2025-10-05 12:09,2025-10-05 12:44,2025-10-05 14:07
LAB744967,ENC119002,PT10478,WBC,White Blood Cell Count,5.2,K/uL,4.5,11,N,Routine,2025-10-05 12:22,2025-10-05 12:33,2025-10-05 14:29
LAB744968,ENC119002,PT10478,HGB,Hemoglobin,14.2,g/dL,12,17.5,N,Routine,2025-10-05 11:32,2025-10-05 11:44,2025-10-05 14:06
LAB744969,ENC119002,PT10478,NA,Sodium,139,mmol/L,136,145,N,Routine,2025-10-05 12:15,2025-10-05 12:21,2025-10-05 15:01
LAB744970,ENC119002,PT10478,K,Potassium,4.3,mmol/L,3.5,5.1,N,STAT,2025-10-05 11:49,2025-10-05 12:24,2025-10-05 13:00
LAB744971,ENC119002,PT10478,BUN,Blood Urea Nitrogen,22,mg/dL,7,20,H,STAT,2025-10-05 11:54,2025-10-05 12:28,2025-10-05 13:06
LAB744972,ENC119002,PT10478,PLT,Platelet Count,159,K/uL,150,400,N,STAT,2025-10-05 12:32,2025-10-05 12:44,2025-10-05 13:42
LAB744973,ENC119006,PT12676,GLU,Glucose,108,mg/dL,70,99,H,Routine,2025-10-05 18:12,2025-10-05 18:20,2025-10-05 21:42
LAB744974,ENC119006,PT12676,CREAT,Creatinine,1.29,mg/dL,0.6,1.3,N,STAT,2025-10-05 17:56,2025-10-05 18:20,2025-10-05 20:00
LAB744975,ENC119006,PT12676,WBC,White Blood Cell Count,18.5,K/uL,4.5,11,H,STAT,2025-10-05 17:55,2025-10-05 18:03,2025-10-05 18:51
LAB744976,ENC119006,PT12676,HGB,Hemoglobin,13.7,g/dL,12,17.5,N,STAT,2025-10-05 17:51,2025-10-05 18:24,2025-10-05 19:40
LAB744977,ENC119007,PT13191,GLU,Glucose,87,mg/dL,70,99,N,STAT,2025-10-05 20:20,2025-10-05 20:24,2025-10-05 21:27
LAB744978,ENC119007,PT13191,CREAT,Creatinine,0.74,mg/dL,0.6,1.3,N,STAT,2025-10-05 19:54,2025-10-05 20:19,2025-10-05 20:52
LAB744979,ENC119007,PT13191,WBC,White Blood Cell Count,7.8,K/uL,4.5,11,N,STAT,2025-10-05 20:06,2025-10-05 20:39,2025-10-05 21:31
LAB744980,ENC119007,PT13191,HGB,Hemoglobin,15.3,g/dL,12,17.5,N,STAT,2025-10-05 19:53,2025-10-05 20:26,2025-10-05 21:17
LAB744981,ENC119008,PT12996,GLU,Glucose,95,mg/dL,70,99,N,STAT,2025-10-05 16:00,2025-10-05 16:31,2025-10-05 17:28
LAB744982,ENC119008,PT12996,CREAT,Creatinine,0.7,mg/dL,0.6,1.3,N,STAT,2025-10-05 16:28,2025-10-05 16:33,2025-10-05 17:18
LAB744983,ENC119008,PT12996,WBC,White Blood Cell Count,15.3,K/uL,4.5,11,H,STAT,2025-10-05 16:25,2025-10-05 16:48,2025-10-05 17:21
LAB744984,ENC119012,PT12360,GLU,Glucose,231,mg/dL,70,99,H,STAT,2025-10-05 18:42,2025-10-05 19:10,2025-10-05 20:09
LAB744985,ENC119012,PT12360,CREAT,Creatinine,1.41,mg/dL,0.6,1.3,H,Routine,2025-10-05 18:18,2025-10-05 18:41,2025-10-05 21:25
LAB744986,ENC119012,PT12360,WBC,White Blood Cell Count,8.3,K/uL,4.5,11,N,STAT,2025-10-05 19:17,2025-10-05 19:51,2025-10-05 20:50
LAB744987,ENC119012,PT12360,HGB,Hemoglobin,15.9,g/dL,12,17.5,N,STAT,2025-10-05 19:15,2025-10-05 19:24,2025-10-05 20:27
LAB744988,ENC119013,PT11373,GLU,Glucose,106,mg/dL,70,99,H,STAT,2025-10-05 18:46,2025-10-05 19:12,2025-10-05 20:13
LAB744989,ENC119013,PT11373,CREAT,Creatinine,0.61,mg/dL,0.6,1.3,N,Routine,2025-10-05 18:36,2025-10-05 18:45,2025-10-05 21:23
LAB744990,ENC119014,PT10998,GLU,Glucose,89,mg/dL,70,99,N,STAT,2025-10-05 21:35,2025-10-05 21:55,2025-10-05 22:34
LAB744991,ENC119014,PT10998,CREAT,Creatinine,1.14,mg/dL,0.6,1.3,N,Routine,2025-10-05 21:15,2025-10-05 21:40,2025-10-05 23:42
LAB744992,ENC119014,PT10998,WBC,White Blood Cell Count,9.7,K/uL,4.5,11,N,Routine,2025-10-05 21:19,2025-10-05 21:46,2025-10-06 00:53
LAB744993,ENC119014,PT10998,HGB,Hemoglobin,12.6,g/dL,12,17.5,N,STAT,2025-10-05 21:20,2025-10-05 21:38,2025-10-05 22:43
LAB744994,ENC119015,PT11760,GLU,Glucose,64,mg/dL,70,99,L,Routine,2025-10-05 19:58,2025-10-05 20:10,2025-10-05 22:53
LAB744995,ENC119015,PT11760,CREAT,Creatinine,1.3,mg/dL,0.6,1.3,N,Routine,2025-10-05 19:55,2025-10-05 20:24,2025-10-06 02:38
LAB744996,ENC119015,PT11760,WBC,White Blood Cell Count,19.2,K/uL,4.5,11,H,STAT,2025-10-05 19:56,2025-10-05 20:23,2025-10-05 21:15
LAB744997,ENC119015,PT11760,HGB,Hemoglobin,14.2,g/dL,12,17.5,N,STAT,2025-10-05 19:43,2025-10-05 20:04,2025-10-05 21:33
LAB744998,ENC119015,PT11760,NA,Sodium,145,mmol/L,136,145,N,Routine,2025-10-05 20:07,2025-10-05 20:39,2025-10-05 23:45
LAB744999,ENC119015,PT11760,K,Potassium,3.8,mmol/L,3.5,5.1,N,STAT,2025-10-05 20:02,2025-10-05 20:37,2025-10-05 21:20
LAB745000,ENC119015,PT11760,LACT,Lactate,3.9,mmol/L,0.5,2,H,STAT,2025-10-05 19:30,2025-10-05 20:04,2025-10-05 20:46
LAB745001,ENC119017,PT10741,GLU,Glucose,109,mg/dL,70,99,H,STAT,2025-10-06 06:14,2025-10-06 06:30,2025-10-06 07:44
LAB745002,ENC119017,PT10741,CREAT,Creatinine,0.98,mg/dL,0.6,1.3,N,STAT,2025-10-06 06:23,2025-10-06 06:49,2025-10-06 07:52
LAB745003,ENC119017,PT10741,WBC,White Blood Cell Count,5.7,K/uL,4.5,11,N,Routine,2025-10-06 06:59,2025-10-06 07:22,2025-10-06 09:39
LAB745004,ENC119017,PT10741,HGB,Hemoglobin,11.7,g/dL,12,17.5,L,Routine,2025-10-06 06:34,2025-10-06 06:58,2025-10-06 10:46
LAB745005,ENC119017,PT10741,NA,Sodium,140,mmol/L,136,145,N,Routine,2025-10-06 06:20,2025-10-06 06:49,2025-10-06 09:17
LAB745006,ENC119017,PT10741,K,Potassium,3.9,mmol/L,3.5,5.1,N,STAT,2025-10-06 06:09,2025-10-06 06:24,2025-10-06 07:00
LAB745007,ENC119017,PT10741,LACT,Lactate,4.9,mmol/L,0.5,2,HH,STAT,2025-10-06 06:36,2025-10-06 06:42,2025-10-06 07:31
LAB745008,ENC119018,PT11105,GLU,Glucose,82,mg/dL,70,99,N,STAT,2025-10-06 08:54,2025-10-06 09:16,2025-10-06 09:51
LAB745009,ENC119018,PT11105,CREAT,Creatinine,0.84,mg/dL,0.6,1.3,N,STAT,2025-10-06 09:46,2025-10-06 09:55,2025-10-06 10:40
LAB745010,ENC119018,PT11105,WBC,White Blood Cell Count,5.9,K/uL,4.5,11,N,STAT,2025-10-06 09:38,2025-10-06 09:51,2025-10-06 10:25
LAB745011,ENC119018,PT11105,HGB,Hemoglobin,13.8,g/dL,12,17.5,N,STAT,2025-10-06 09:00,2025-10-06 09:06,2025-10-06 10:03
LAB745012,ENC119019,PT11282,GLU,Glucose,101,mg/dL,70,99,H,Routine,2025-10-06 06:29,2025-10-06 06:42,2025-10-06 08:13
LAB745013,ENC119019,PT11282,CREAT,Creatinine,0.81,mg/dL,0.6,1.3,N,Routine,2025-10-06 06:51,2025-10-06 07:09,2025-10-06 12:31
LAB745014,ENC119019,PT11282,WBC,White Blood Cell Count,9.1,K/uL,4.5,11,N,STAT,2025-10-06 07:21,2025-10-06 07:41,2025-10-06 08:09
LAB745015,ENC119019,PT11282,HGB,Hemoglobin,13.4,g/dL,12,17.5,N,STAT,2025-10-06 07:19,2025-10-06 07:29,2025-10-06 08:39
LAB745016,ENC119019,PT11282,TROP,"Troponin I, High Sensitivity",57,ng/L,0,34,H,STAT,2025-10-06 06:48,2025-10-06 06:55,2025-10-06 07:42
LAB745017,ENC119019,PT11282,BNP,B-Type Natriuretic Peptide,293,pg/mL,0,100,H,STAT,2025-10-06 07:17,2025-10-06 07:48,2025-10-06 09:15
LAB745018,ENC119021,PT10606,GLU,Glucose,119,mg/dL,70,99,H,Routine,2025-10-06 11:37,2025-10-06 12:05,2025-10-06 16:02
LAB745019,ENC119021,PT10606,CREAT,Creatinine,0.87,mg/dL,0.6,1.3,N,STAT,2025-10-06 12:34,2025-10-06 12:53,2025-10-06 13:25
LAB745020,ENC119021,PT10606,WBC,White Blood Cell Count,3.5,K/uL,4.5,11,L,STAT,2025-10-06 12:31,2025-10-06 12:36,2025-10-06 13:15
LAB745021,ENC119021,PT10606,HGB,Hemoglobin,13,g/dL,12,17.5,N,STAT,2025-10-06 12:25,2025-10-06 12:59,2025-10-06 13:44
LAB745022,ENC119022,PT10423,GLU,Glucose,148,mg/dL,70,99,H,Routine,2025-10-06 13:15,2025-10-06 13:25,2025-10-06 15:51
LAB745023,ENC119022,PT10423,CREAT,Creatinine,0.4,mg/dL,0.6,1.3,L,Routine,2025-10-06 13:56,2025-10-06 14:09,2025-10-06 16:20
LAB745024,ENC119022,PT10423,WBC,White Blood Cell Count,5.5,K/uL,4.5,11,N,STAT,2025-10-06 14:09,2025-10-06 14:25,2025-10-06 15:00
LAB745025,ENC119022,PT10423,HGB,Hemoglobin,13.2,g/dL,12,17.5,N,STAT,2025-10-06 13:50,2025-10-06 13:59,2025-10-06 14:44
LAB745026,ENC119022,PT10423,BUN,Blood Urea Nitrogen,12,mg/dL,7,20,N,STAT,2025-10-06 13:56,2025-10-06 14:18,2025-10-06 14:56
LAB745027,ENC119022,PT10423,PLT,Platelet Count,282,K/uL,150,400,N,STAT,2025-10-06 13:55,2025-10-06 14:29,2025-10-06 15:04
LAB745028,ENC119022,PT10423,INR,Prothrombin Time INR,1,ratio,0.8,1.2,N,Routine,2025-10-06 14:23,2025-10-06 14:57,2025-10-06 19:22
LAB745029,ENC119024,PT13111,GLU,Glucose,103,mg/dL,70,99,H,STAT,2025-10-06 13:30,2025-10-06 13:52,2025-10-06 14:41
LAB745030,ENC119024,PT13111,CREAT,Creatinine,0.85,mg/dL,0.6,1.3,N,Routine,2025-10-06 13:50,2025-10-06 14:19,2025-10-06 18:06
LAB745031,ENC119024,PT13111,WBC,White Blood Cell Count,8,K/uL,4.5,11,N,STAT,2025-10-06 14:04,2025-10-06 14:29,2025-10-06 15:13
LAB745032,ENC119024,PT13111,HGB,Hemoglobin,15.3,g/dL,12,17.5,N,STAT,2025-10-06 14:38,2025-10-06 14:44,2025-10-06 15:08
LAB745033,ENC119024,PT13111,INR,Prothrombin Time INR,1.1,ratio,0.8,1.2,N,Routine,2025-10-06 14:25,2025-10-06 14:47,2025-10-06 17:35
LAB745034,ENC119026,PT12328,A1C,Hemoglobin A1c,10.2,%,4,5.6,H,Routine,2025-10-06 11:07,2025-10-06 11:13,2025-10-06 22:09
LAB745035,ENC119026,PT12328,GLU,Glucose,287,mg/dL,70,99,H,Routine,2025-10-06 10:55,2025-10-06 11:27,2025-10-06 13:59
LAB745036,ENC119026,PT12328,CREAT,Creatinine,0.98,mg/dL,0.6,1.3,N,Routine,2025-10-06 10:50,2025-10-06 10:56,2025-10-06 13:40
LAB745037,ENC119030,PT10854,GLU,Glucose,142,mg/dL,70,99,H,STAT,2025-10-06 13:09,2025-10-06 13:32,2025-10-06 14:01
LAB745038,ENC119030,PT10854,CREAT,Creatinine,0.98,mg/dL,0.6,1.3,N,STAT,2025-10-06 12:18,2025-10-06 12:23,2025-10-06 13:05
LAB745039,ENC119030,PT10854,WBC,White Blood Cell Count,5.7,K/uL,4.5,11,N,STAT,2025-10-06 12:20,2025-10-06 12:48,2025-10-06 13:19
LAB745040,ENC119031,PT13187,A1C,Hemoglobin A1c,8.4,%,4,5.6,H,Routine,2025-10-06 12:31,2025-10-06 12:44,2025-10-06 22:13
LAB745041,ENC119034,PT10654,GLU,Glucose,72,mg/dL,70,99,N,Routine,2025-10-06 17:30,2025-10-06 17:50,2025-10-06 22:50
LAB745042,ENC119034,PT10654,CREAT,Creatinine,1.02,mg/dL,0.6,1.3,N,Routine,2025-10-06 17:10,2025-10-06 17:30,2025-10-06 19:51
LAB745043,ENC119034,PT10654,WBC,White Blood Cell Count,6.3,K/uL,4.5,11,N,Routine,2025-10-06 17:24,2025-10-06 17:39,2025-10-06 20:53
LAB745044,ENC119034,PT10654,HGB,Hemoglobin,12.6,g/dL,12,17.5,N,STAT,2025-10-06 17:42,2025-10-06 18:02,2025-10-06 18:44
LAB745045,ENC119034,PT10654,NA,Sodium,136,mmol/L,136,145,N,Routine,2025-10-06 17:55,2025-10-06 18:20,2025-10-06 21:45
LAB745046,ENC119034,PT10654,K,Potassium,4.1,mmol/L,3.5,5.1,N,STAT,2025-10-06 18:20,2025-10-06 18:32,2025-10-06 19:07
LAB745047,ENC119034,PT10654,BUN,Blood Urea Nitrogen,10,mg/dL,7,20,N,STAT,2025-10-06 17:14,2025-10-06 17:23,2025-10-06 18:29
LAB745048,ENC119034,PT10654,PLT,Platelet Count,254,K/uL,150,400,N,Routine,2025-10-06 17:23,2025-10-06 17:46,2025-10-06 21:11
LAB745049,ENC119035,PT11143,GLU,Glucose,116,mg/dL,70,99,H,Routine,2025-10-06 15:06,2025-10-06 15:31,2025-10-06 19:22
LAB745050,ENC119035,PT11143,CREAT,Creatinine,0.95,mg/dL,0.6,1.3,N,STAT,2025-10-06 15:15,2025-10-06 15:46,2025-10-06 16:48
LAB745051,ENC119035,PT11143,WBC,White Blood Cell Count,5.9,K/uL,4.5,11,N,STAT,2025-10-06 15:57,2025-10-06 16:25,2025-10-06 16:51
LAB745052,ENC119035,PT11143,HGB,Hemoglobin,16.2,g/dL,12,17.5,N,STAT,2025-10-06 15:04,2025-10-06 15:37,2025-10-06 16:23
LAB745053,ENC119035,PT11143,NA,Sodium,139,mmol/L,136,145,N,STAT,2025-10-06 15:24,2025-10-06 15:49,2025-10-06 17:07
LAB745054,ENC119035,PT11143,K,Potassium,4,mmol/L,3.5,5.1,N,STAT,2025-10-06 15:22,2025-10-06 15:35,2025-10-06 16:28
LAB745055,ENC119037,PT11334,LDL,LDL Cholesterol,147,mg/dL,0,99,H,Routine,2025-10-06 14:37,2025-10-06 14:51,2025-10-07 10:37
LAB745056,ENC119037,PT11334,A1C,Hemoglobin A1c,5.7,%,4,5.6,H,Routine,2025-10-06 14:30,2025-10-06 15:01,2025-10-07 03:36
LAB745057,ENC119042,PT11782,GLU,Glucose,114,mg/dL,70,99,H,STAT,2025-10-06 20:05,2025-10-06 20:31,2025-10-06 21:22
LAB745058,ENC119042,PT11782,CREAT,Creatinine,0.9,mg/dL,0.6,1.3,N,Routine,2025-10-06 20:16,2025-10-06 20:32,2025-10-07 03:11
LAB745059,ENC119042,PT11782,WBC,White Blood Cell Count,8.7,K/uL,4.5,11,N,Routine,2025-10-06 20:58,2025-10-06 21:03,2025-10-07 01:39
LAB745060,ENC119042,PT11782,HGB,Hemoglobin,15.2,g/dL,12,17.5,N,STAT,2025-10-06 20:55,2025-10-06 21:01,2025-10-06 21:32
LAB745061,ENC119042,PT11782,TROP,"Troponin I, High Sensitivity",403,ng/L,0,34,H,STAT,2025-10-06 20:35,2025-10-06 20:40,2025-10-06 21:04
LAB745062,ENC119043,PT11891,GLU,Glucose,74,mg/dL,70,99,N,STAT,2025-10-06 19:44,2025-10-06 20:03,2025-10-06 20:45
LAB745063,ENC119043,PT11891,CREAT,Creatinine,2.87,mg/dL,0.6,1.3,H,STAT,2025-10-06 20:16,2025-10-06 20:40,2025-10-06 21:45
LAB745064,ENC119043,PT11891,WBC,White Blood Cell Count,6.9,K/uL,4.5,11,N,STAT,2025-10-06 19:37,2025-10-06 19:58,2025-10-06 20:53
LAB745065,ENC119043,PT11891,HGB,Hemoglobin,15.5,g/dL,12,17.5,N,STAT,2025-10-06 20:18,2025-10-06 20:52,2025-10-06 21:44
LAB745066,ENC119043,PT11891,NA,Sodium,139,mmol/L,136,145,N,STAT,2025-10-06 20:38,2025-10-06 21:11,2025-10-06 21:49
LAB745067,ENC119043,PT11891,K,Potassium,6.8,mmol/L,3.5,5.1,HH,STAT,2025-10-06 20:23,2025-10-06 20:37,2025-10-06 21:17
LAB745068,ENC119045,PT11486,LDL,LDL Cholesterol,111,mg/dL,0,99,H,Routine,2025-10-06 16:04,2025-10-06 16:32,2025-10-07 10:50
LAB745069,ENC119047,PT11102,GLU,Glucose,119,mg/dL,70,99,H,Routine,2025-10-06 17:33,2025-10-06 17:50,2025-10-06 21:10
LAB745070,ENC119047,PT11102,CREAT,Creatinine,1.25,mg/dL,0.6,1.3,N,Routine,2025-10-06 16:56,2025-10-06 17:22,2025-10-06 19:49
LAB745071,ENC119048,PT11694,GLU,Glucose,120,mg/dL,70,99,H,Routine,2025-10-06 17:35,2025-10-06 17:41,2025-10-06 19:59
LAB745072,ENC119048,PT11694,CREAT,Creatinine,1.77,mg/dL,0.6,1.3,H,Routine,2025-10-06 17:14,2025-10-06 17:31,2025-10-06 19:21
LAB745073,ENC119048,PT11694,WBC,White Blood Cell Count,8.3,K/uL,4.5,11,N,Routine,2025-10-06 17:51,2025-10-06 18:11,2025-10-06 22:24
LAB745074,ENC119048,PT11694,HGB,Hemoglobin,10.9,g/dL,12,17.5,L,STAT,2025-10-06 17:48,2025-10-06 18:16,2025-10-06 18:59
LAB745075,ENC119048,PT11694,TROP,"Troponin I, High Sensitivity",240,ng/L,0,34,H,STAT,2025-10-06 18:21,2025-10-06 18:53,2025-10-06 19:30
LAB745076,ENC119049,PT13904,GLU,Glucose,110,mg/dL,70,99,H,Routine,2025-10-06 21:48,2025-10-06 22:13,2025-10-07 00:28
LAB745077,ENC119049,PT13904,CREAT,Creatinine,0.82,mg/dL,0.6,1.3,N,STAT,2025-10-06 22:05,2025-10-06 22:34,2025-10-06 23:01
LAB745078,ENC119049,PT13904,WBC,White Blood Cell Count,10.3,K/uL,4.5,11,N,Routine,2025-10-06 22:02,2025-10-06 22:07,2025-10-07 02:46
LAB745079,ENC119049,PT13904,HGB,Hemoglobin,16,g/dL,12,17.5,N,STAT,2025-10-06 22:16,2025-10-06 22:46,2025-10-07 00:20
LAB745080,ENC119049,PT13904,NA,Sodium,139,mmol/L,136,145,N,STAT,2025-10-06 21:36,2025-10-06 21:42,2025-10-06 22:47
LAB745081,ENC119049,PT13904,K,Potassium,3.7,mmol/L,3.5,5.1,N,STAT,2025-10-06 21:46,2025-10-06 21:54,2025-10-06 23:35
LAB745082,ENC119049,PT13904,BUN,Blood Urea Nitrogen,17,mg/dL,7,20,N,STAT,2025-10-06 22:16,2025-10-06 22:38,2025-10-06 23:26
LAB745083,ENC119049,PT13904,PLT,Platelet Count,216,K/uL,150,400,N,STAT,2025-10-06 22:06,2025-10-06 22:32,2025-10-06 23:25
LAB745084,ENC119050,PT10978,GLU,Glucose,101,mg/dL,70,99,H,STAT,2025-10-06 18:27,2025-10-06 18:56,2025-10-06 19:30
LAB745085,ENC119050,PT10978,CREAT,Creatinine,1.17,mg/dL,0.6,1.3,N,Routine,2025-10-06 18:38,2025-10-06 19:04,2025-10-06 20:40
LAB745086,ENC119050,PT10978,WBC,White Blood Cell Count,9.9,K/uL,4.5,11,N,STAT,2025-10-06 18:30,2025-10-06 18:54,2025-10-06 19:36
LAB745087,ENC119051,PT13657,TROP,"Troponin I, High Sensitivity",0,ng/L,0,34,N,STAT,2025-10-06 19:01,2025-10-06 19:32,2025-10-06 20:03
LAB745088,ENC119052,PT10587,GLU,Glucose,106,mg/dL,70,99,H,Routine,2025-10-06 19:30,2025-10-06 19:48,2025-10-06 23:40
LAB745089,ENC119052,PT10587,CREAT,Creatinine,1.01,mg/dL,0.6,1.3,N,STAT,2025-10-06 19:58,2025-10-06 20:05,2025-10-06 20:34
LAB745090,ENC119052,PT10587,WBC,White Blood Cell Count,7,K/uL,4.5,11,N,STAT,2025-10-06 19:28,2025-10-06 19:51,2025-10-06 20:59
LAB745091,ENC119052,PT10587,HGB,Hemoglobin,14.3,g/dL,12,17.5,N,Routine,2025-10-06 19:16,2025-10-06 19:20,2025-10-06 21:11
LAB745092,ENC119052,PT10587,INR,Prothrombin Time INR,1,ratio,0.8,1.2,N,STAT,2025-10-06 20:20,2025-10-06 20:42,2025-10-06 21:26
LAB745093,ENC119053,PT10307,GLU,Glucose,83,mg/dL,70,99,N,STAT,2025-10-06 22:23,2025-10-06 22:46,2025-10-06 23:25
LAB745094,ENC119053,PT10307,CREAT,Creatinine,0.89,mg/dL,0.6,1.3,N,Routine,2025-10-06 22:04,2025-10-06 22:17,2025-10-07 01:32
LAB745095,ENC119061,PT12761,WBC,White Blood Cell Count,8.2,K/uL,4.5,11,N,Routine,2025-10-07 09:06,2025-10-07 09:16,2025-10-07 10:29
LAB745096,ENC119061,PT12761,HGB,Hemoglobin,12,g/dL,12,17.5,N,Routine,2025-10-07 09:16,2025-10-07 09:21,2025-10-07 12:40
LAB745097,ENC119061,PT12761,PLT,Platelet Count,303,K/uL,150,400,N,Routine,2025-10-07 09:11,2025-10-07 09:33,2025-10-07 11:36
LAB745098,ENC119067,PT12533,LDL,LDL Cholesterol,125,mg/dL,0,99,H,Routine,2025-10-07 12:20,2025-10-07 12:53,2025-10-08 19:34
LAB745099,ENC119067,PT12533,A1C,Hemoglobin A1c,9.3,%,4,5.6,H,Routine,2025-10-07 12:10,2025-10-07 12:21,2025-10-07 22:42
LAB745100,ENC119068,PT10043,GLU,Glucose,125,mg/dL,70,99,H,STAT,2025-10-07 13:35,2025-10-07 13:39,2025-10-07 14:10
LAB745101,ENC119068,PT10043,CREAT,Creatinine,0.83,mg/dL,0.6,1.3,N,Routine,2025-10-07 12:34,2025-10-07 12:58,2025-10-07 14:05
LAB745102,ENC119068,PT10043,WBC,White Blood Cell Count,3.5,K/uL,4.5,11,L,STAT,2025-10-07 12:32,2025-10-07 13:01,2025-10-07 14:13
LAB745103,ENC119068,PT10043,HGB,Hemoglobin,12.3,g/dL,12,17.5,N,Routine,2025-10-07 13:14,2025-10-07 13:18,2025-10-07 17:49
LAB745104,ENC119070,PT13249,INR,Prothrombin Time INR,0.9,ratio,0.8,1.2,N,Routine,2025-10-07 14:04,2025-10-07 14:34,2025-10-07 19:08
LAB745105,ENC119072,PT12041,GLU,Glucose,241,mg/dL,70,99,H,STAT,2025-10-07 19:15,2025-10-07 19:21,2025-10-07 20:05
LAB745106,ENC119072,PT12041,CREAT,Creatinine,0.8,mg/dL,0.6,1.3,N,STAT,2025-10-07 19:17,2025-10-07 19:43,2025-10-07 20:16
LAB745107,ENC119072,PT12041,WBC,White Blood Cell Count,8,K/uL,4.5,11,N,STAT,2025-10-07 18:56,2025-10-07 19:30,2025-10-07 20:24
LAB745108,ENC119072,PT12041,HGB,Hemoglobin,14.2,g/dL,12,17.5,N,STAT,2025-10-07 19:10,2025-10-07 19:41,2025-10-07 20:22
LAB745109,ENC119072,PT12041,NA,Sodium,137,mmol/L,136,145,N,STAT,2025-10-07 19:15,2025-10-07 19:19,2025-10-07 19:45
LAB745110,ENC119072,PT12041,K,Potassium,4.2,mmol/L,3.5,5.1,N,STAT,2025-10-07 18:39,2025-10-07 19:02,2025-10-07 19:39
LAB745111,ENC119072,PT12041,A1C,Hemoglobin A1c,7.7,%,4,5.6,H,Routine,2025-10-07 19:22,2025-10-07 19:55,2025-10-08 09:18
LAB745112,ENC119073,PT10799,GLU,Glucose,109,mg/dL,70,99,H,STAT,2025-10-07 16:01,2025-10-07 16:14,2025-10-07 16:53
LAB745113,ENC119073,PT10799,CREAT,Creatinine,0.7,mg/dL,0.6,1.3,N,STAT,2025-10-07 15:32,2025-10-07 15:57,2025-10-07 16:50
LAB745114,ENC119073,PT10799,WBC,White Blood Cell Count,10.9,K/uL,4.5,11,N,STAT,2025-10-07 16:01,2025-10-07 16:33,2025-10-07 16:59
LAB745115,ENC119073,PT10799,HGB,Hemoglobin,10.8,g/dL,12,17.5,L,STAT,2025-10-07 15:34,2025-10-07 16:08,2025-10-07 16:35
LAB745116,ENC119074,PT10429,GLU,Glucose,171,mg/dL,70,99,H,Routine,2025-10-07 19:29,2025-10-07 20:02,2025-10-07 21:06
LAB745117,ENC119074,PT10429,CREAT,Creatinine,0.76,mg/dL,0.6,1.3,N,STAT,2025-10-07 20:01,2025-10-07 20:07,2025-10-07 20:33
LAB745118,ENC119074,PT10429,WBC,White Blood Cell Count,9.1,K/uL,4.5,11,N,STAT,2025-10-07 19:25,2025-10-07 19:37,2025-10-07 20:21
LAB745119,ENC119074,PT10429,HGB,Hemoglobin,13.2,g/dL,12,17.5,N,Routine,2025-10-07 19:38,2025-10-07 19:47,2025-10-07 21:34
LAB745120,ENC119079,PT10126,GLU,Glucose,95,mg/dL,70,99,N,STAT,2025-10-07 17:01,2025-10-07 17:17,2025-10-07 18:20
LAB745121,ENC119079,PT10126,CREAT,Creatinine,1.09,mg/dL,0.6,1.3,N,STAT,2025-10-07 17:06,2025-10-07 17:12,2025-10-07 18:49
LAB745122,ENC119079,PT10126,WBC,White Blood Cell Count,6.3,K/uL,4.5,11,N,STAT,2025-10-07 17:51,2025-10-07 18:14,2025-10-07 19:02
LAB745123,ENC119080,PT11562,GLU,Glucose,118,mg/dL,70,99,H,STAT,2025-10-07 21:06,2025-10-07 21:32,2025-10-07 22:14
LAB745124,ENC119080,PT11562,CREAT,Creatinine,0.6,mg/dL,0.6,1.3,N,Routine,2025-10-07 21:32,2025-10-07 21:50,2025-10-08 00:28
LAB745125,ENC119080,PT11562,WBC,White Blood Cell Count,8.2,K/uL,4.5,11,N,Routine,2025-10-07 21:28,2025-10-07 21:34,2025-10-08 03:31
LAB745126,ENC119080,PT11562,HGB,Hemoglobin,15.2,g/dL,12,17.5,N,STAT,2025-10-07 21:44,2025-10-07 21:50,2025-10-07 22:24
LAB745127,ENC119081,PT13039,GLU,Glucose,112,mg/dL,70,99,H,STAT,2025-10-08 01:09,2025-10-08 01:14,2025-10-08 01:56
LAB745128,ENC119081,PT13039,CREAT,Creatinine,0.89,mg/dL,0.6,1.3,N,Routine,2025-10-08 01:41,2025-10-08 02:14,2025-10-08 05:12
LAB745129,ENC119081,PT13039,WBC,White Blood Cell Count,7.2,K/uL,4.5,11,N,STAT,2025-10-08 01:34,2025-10-08 01:55,2025-10-08 02:31
LAB745130,ENC119081,PT13039,HGB,Hemoglobin,13,g/dL,12,17.5,N,Routine,2025-10-08 01:52,2025-10-08 02:17,2025-10-08 04:58
LAB745131,ENC119081,PT13039,NA,Sodium,139,mmol/L,136,145,N,STAT,2025-10-08 02:16,2025-10-08 02:28,2025-10-08 03:02
LAB745132,ENC119081,PT13039,K,Potassium,4.9,mmol/L,3.5,5.1,N,STAT,2025-10-08 01:43,2025-10-08 02:10,2025-10-08 03:01
LAB745133,ENC119081,PT13039,BUN,Blood Urea Nitrogen,16,mg/dL,7,20,N,STAT,2025-10-08 01:46,2025-10-08 02:06,2025-10-08 02:39
LAB745134,ENC119081,PT13039,PLT,Platelet Count,273,K/uL,150,400,N,STAT,2025-10-08 01:27,2025-10-08 01:35,2025-10-08 02:24
LAB745135,ENC119082,PT11342,GLU,Glucose,92,mg/dL,70,99,N,Routine,2025-10-08 02:04,2025-10-08 02:13,2025-10-08 04:07
LAB745136,ENC119082,PT11342,CREAT,Creatinine,1.06,mg/dL,0.6,1.3,N,Routine,2025-10-08 01:30,2025-10-08 01:40,2025-10-08 05:44
LAB745137,ENC119082,PT11342,WBC,White Blood Cell Count,11.9,K/uL,4.5,11,H,STAT,2025-10-08 01:17,2025-10-08 01:28,2025-10-08 02:50
LAB745138,ENC119082,PT11342,HGB,Hemoglobin,13.2,g/dL,12,17.5,N,STAT,2025-10-08 02:12,2025-10-08 02:31,2025-10-08 04:48
LAB745139,ENC119084,PT11101,GLU,Glucose,199,mg/dL,70,99,H,STAT,2025-10-08 07:00,2025-10-08 07:11,2025-10-08 07:51
LAB745140,ENC119084,PT11101,CREAT,Creatinine,1.04,mg/dL,0.6,1.3,N,Routine,2025-10-08 06:23,2025-10-08 06:47,2025-10-08 10:01
LAB745141,ENC119084,PT11101,WBC,White Blood Cell Count,6.9,K/uL,4.5,11,N,Routine,2025-10-08 06:57,2025-10-08 07:11,2025-10-08 11:20
LAB745142,ENC119084,PT11101,HGB,Hemoglobin,14.8,g/dL,12,17.5,N,STAT,2025-10-08 06:32,2025-10-08 06:48,2025-10-08 07:42
LAB745143,ENC119086,PT10517,GLU,Glucose,89,mg/dL,70,99,N,STAT,2025-10-08 07:38,2025-10-08 07:49,2025-10-08 08:44
LAB745144,ENC119086,PT10517,CREAT,Creatinine,1.23,mg/dL,0.6,1.3,N,STAT,2025-10-08 06:47,2025-10-08 06:58,2025-10-08 07:52
LAB745145,ENC119086,PT10517,WBC,White Blood Cell Count,4,K/uL,4.5,11,L,STAT,2025-10-08 06:59,2025-10-08 07:10,2025-10-08 08:01
LAB745146,ENC119086,PT10517,HGB,Hemoglobin,14.4,g/dL,12,17.5,N,Routine,2025-10-08 07:15,2025-10-08 07:25,2025-10-08 09:35
LAB745147,ENC119086,PT10517,NA,Sodium,141,mmol/L,136,145,N,STAT,2025-10-08 06:39,2025-10-08 06:59,2025-10-08 07:44
LAB745148,ENC119086,PT10517,K,Potassium,4.5,mmol/L,3.5,5.1,N,STAT,2025-10-08 07:31,2025-10-08 07:44,2025-10-08 08:16
LAB745149,ENC119087,PT12867,GLU,Glucose,176,mg/dL,70,99,H,Routine,2025-10-08 10:40,2025-10-08 11:10,2025-10-08 13:31
LAB745150,ENC119087,PT12867,CREAT,Creatinine,1.05,mg/dL,0.6,1.3,N,STAT,2025-10-08 09:34,2025-10-08 09:53,2025-10-08 10:58
LAB745151,ENC119087,PT12867,WBC,White Blood Cell Count,9.6,K/uL,4.5,11,N,STAT,2025-10-08 09:35,2025-10-08 10:06,2025-10-08 10:51
LAB745152,ENC119087,PT12867,HGB,Hemoglobin,15.2,g/dL,12,17.5,N,STAT,2025-10-08 09:32,2025-10-08 10:02,2025-10-08 11:46
LAB745153,ENC119087,PT12867,NA,Sodium,137,mmol/L,136,145,N,Routine,2025-10-08 09:59,2025-10-08 10:15,2025-10-08 14:56
LAB745154,ENC119087,PT12867,K,Potassium,3.6,mmol/L,3.5,5.1,N,STAT,2025-10-08 10:08,2025-10-08 10:17,2025-10-08 11:04
LAB745155,ENC119087,PT12867,A1C,Hemoglobin A1c,11.4,%,4,5.6,H,Routine,2025-10-08 10:35,2025-10-08 11:10,2025-10-08 20:36
LAB745156,ENC119088,PT12173,GLU,Glucose,130,mg/dL,70,99,H,STAT,2025-10-08 08:20,2025-10-08 08:34,2025-10-08 09:04
LAB745157,ENC119088,PT12173,CREAT,Creatinine,1.22,mg/dL,0.6,1.3,N,Routine,2025-10-08 08:15,2025-10-08 08:35,2025-10-08 10:33
LAB745158,ENC119088,PT12173,WBC,White Blood Cell Count,7.5,K/uL,4.5,11,N,STAT,2025-10-08 08:22,2025-10-08 08:56,2025-10-08 09:54
LAB745159,ENC119088,PT12173,HGB,Hemoglobin,14.3,g/dL,12,17.5,N,STAT,2025-10-08 07:53,2025-10-08 08:22,2025-10-08 09:19
LAB745160,ENC119088,PT12173,NA,Sodium,138,mmol/L,136,145,N,STAT,2025-10-08 07:19,2025-10-08 07:40,2025-10-08 08:43
LAB745161,ENC119088,PT12173,K,Potassium,4.3,mmol/L,3.5,5.1,N,STAT,2025-10-08 08:18,2025-10-08 08:41,2025-10-08 09:18
LAB745162,ENC119089,PT12033,GLU,Glucose,95,mg/dL,70,99,N,STAT,2025-10-08 13:21,2025-10-08 13:35,2025-10-08 14:45
LAB745163,ENC119089,PT12033,CREAT,Creatinine,1.81,mg/dL,0.6,1.3,H,Routine,2025-10-08 13:01,2025-10-08 13:18,2025-10-08 14:57
LAB745164,ENC119089,PT12033,WBC,White Blood Cell Count,8.1,K/uL,4.5,11,N,STAT,2025-10-08 12:45,2025-10-08 13:07,2025-10-08 14:01
LAB745165,ENC119089,PT12033,HGB,Hemoglobin,10.2,g/dL,12,17.5,L,Routine,2025-10-08 12:26,2025-10-08 12:39,2025-10-08 14:49
LAB745166,ENC119092,PT10194,GLU,Glucose,119,mg/dL,70,99,H,Routine,2025-10-08 08:59,2025-10-08 09:20,2025-10-08 12:03
LAB745167,ENC119092,PT10194,CREAT,Creatinine,1.22,mg/dL,0.6,1.3,N,STAT,2025-10-08 09:15,2025-10-08 09:43,2025-10-08 10:20
LAB745168,ENC119092,PT10194,WBC,White Blood Cell Count,8.6,K/uL,4.5,11,N,Routine,2025-10-08 09:15,2025-10-08 09:36,2025-10-08 14:17
LAB745169,ENC119092,PT10194,HGB,Hemoglobin,14,g/dL,12,17.5,N,STAT,2025-10-08 08:57,2025-10-08 09:12,2025-10-08 10:06
LAB745170,ENC119092,PT10194,NA,Sodium,139,mmol/L,136,145,N,STAT,2025-10-08 09:03,2025-10-08 09:36,2025-10-08 11:23
LAB745171,ENC119092,PT10194,K,Potassium,3.9,mmol/L,3.5,5.1,N,STAT,2025-10-08 09:25,2025-10-08 09:38,2025-10-08 09:59
LAB745172,ENC119092,PT10194,BUN,Blood Urea Nitrogen,23,mg/dL,7,20,H,STAT,2025-10-08 09:44,2025-10-08 10:12,2025-10-08 11:03
LAB745173,ENC119092,PT10194,PLT,Platelet Count,348,K/uL,150,400,N,STAT,2025-10-08 09:31,2025-10-08 09:41,2025-10-08 10:13
LAB745174,ENC119095,PT11435,TROP,"Troponin I, High Sensitivity",2,ng/L,0,34,N,STAT,2025-10-08 10:18,2025-10-08 10:23,2025-10-08 11:24
LAB745175,ENC119096,PT13417,GLU,Glucose,108,mg/dL,70,99,H,STAT,2025-10-08 11:35,2025-10-08 11:52,2025-10-08 12:31
LAB745176,ENC119096,PT13417,CREAT,Creatinine,0.57,mg/dL,0.6,1.3,L,Routine,2025-10-08 11:29,2025-10-08 11:49,2025-10-08 15:31
LAB745177,ENC119097,PT13246,WBC,White Blood Cell Count,8.3,K/uL,4.5,11,N,Routine,2025-10-08 11:20,2025-10-08 11:42,2025-10-08 14:22
LAB745178,ENC119097,PT13246,HGB,Hemoglobin,14.4,g/dL,12,17.5,N,Routine,2025-10-08 11:09,2025-10-08 11:19,2025-10-08 13:32
LAB745179,ENC119097,PT13246,PLT,Platelet Count,285,K/uL,150,400,N,Routine,2025-10-08 11:22,2025-10-08 11:49,2025-10-08 12:29
LAB745180,ENC119098,PT13465,LDL,LDL Cholesterol,123,mg/dL,0,99,H,Routine,2025-10-08 11:50,2025-10-08 11:58,2025-10-08 19:07
LAB745181,ENC119101,PT11674,LDL,LDL Cholesterol,154,mg/dL,0,99,H,Routine,2025-10-08 12:30,2025-10-08 12:44,2025-10-08 22:23
LAB745182,ENC119101,PT11674,A1C,Hemoglobin A1c,5.3,%,4,5.6,N,Routine,2025-10-08 12:38,2025-10-08 13:01,2025-10-08 22:42
LAB745183,ENC119102,PT13340,GLU,Glucose,115,mg/dL,70,99,H,STAT,2025-10-08 13:16,2025-10-08 13:40,2025-10-08 14:08
LAB745184,ENC119102,PT13340,CREAT,Creatinine,0.67,mg/dL,0.6,1.3,N,STAT,2025-10-08 13:35,2025-10-08 14:10,2025-10-08 15:12
LAB745185,ENC119102,PT13340,WBC,White Blood Cell Count,7.2,K/uL,4.5,11,N,STAT,2025-10-08 13:04,2025-10-08 13:20,2025-10-08 13:51
LAB745186,ENC119102,PT13340,HGB,Hemoglobin,12.3,g/dL,12,17.5,N,STAT,2025-10-08 13:04,2025-10-08 13:13,2025-10-08 13:38
LAB745187,ENC119102,PT13340,NA,Sodium,140,mmol/L,136,145,N,STAT,2025-10-08 13:08,2025-10-08 13:34,2025-10-08 14:40
LAB745188,ENC119102,PT13340,K,Potassium,4.3,mmol/L,3.5,5.1,N,STAT,2025-10-08 13:40,2025-10-08 13:45,2025-10-08 14:37
LAB745189,ENC119102,PT13340,LACT,Lactate,2.3,mmol/L,0.5,2,H,STAT,2025-10-08 13:36,2025-10-08 14:10,2025-10-08 14:58
LAB745190,ENC119103,PT13484,GLU,Glucose,226,mg/dL,70,99,H,STAT,2025-10-08 16:14,2025-10-08 16:27,2025-10-08 17:29
LAB745191,ENC119103,PT13484,CREAT,Creatinine,0.8,mg/dL,0.6,1.3,N,Routine,2025-10-08 15:43,2025-10-08 15:49,2025-10-08 17:11
LAB745192,ENC119103,PT13484,WBC,White Blood Cell Count,6,K/uL,4.5,11,N,Routine,2025-10-08 16:24,2025-10-08 16:47,2025-10-08 20:18
LAB745193,ENC119103,PT13484,HGB,Hemoglobin,13.3,g/dL,12,17.5,N,STAT,2025-10-08 16:18,2025-10-08 16:22,2025-10-08 17:09
LAB745194,ENC119103,PT13484,NA,Sodium,140,mmol/L,136,145,N,STAT,2025-10-08 16:17,2025-10-08 16:44,2025-10-08 17:49
LAB745195,ENC119103,PT13484,K,Potassium,4.7,mmol/L,3.5,5.1,N,STAT,2025-10-08 15:57,2025-10-08 16:11,2025-10-08 16:46
LAB745196,ENC119103,PT13484,A1C,Hemoglobin A1c,9.9,%,4,5.6,H,STAT,2025-10-08 15:39,2025-10-08 16:00,2025-10-08 16:52
LAB745197,ENC119105,PT10837,WBC,White Blood Cell Count,7.3,K/uL,4.5,11,N,Routine,2025-10-08 14:07,2025-10-08 14:40,2025-10-08 18:38
LAB745198,ENC119105,PT10837,HGB,Hemoglobin,13.7,g/dL,12,17.5,N,Routine,2025-10-08 14:12,2025-10-08 14:31,2025-10-08 17:46
LAB745199,ENC119105,PT10837,PLT,Platelet Count,265,K/uL,150,400,N,Routine,2025-10-08 14:11,2025-10-08 14:21,2025-10-08 16:15
LAB745200,ENC119106,PT13597,LDL,LDL Cholesterol,173,mg/dL,0,99,H,Routine,2025-10-08 14:25,2025-10-08 14:38,2025-10-09 07:54
LAB745201,ENC119106,PT13597,TSH,Thyroid Stimulating Hormone,2.03,mIU/L,0.4,4,N,Routine,2025-10-08 14:24,2025-10-08 14:36,2025-10-09 00:44
LAB745202,ENC119109,PT12557,GLU,Glucose,123,mg/dL,70,99,H,STAT,2025-10-08 18:46,2025-10-08 19:07,2025-10-08 19:46
LAB745203,ENC119109,PT12557,CREAT,Creatinine,0.77,mg/dL,0.6,1.3,N,STAT,2025-10-08 18:44,2025-10-08 19:15,2025-10-08 19:49
LAB745204,ENC119109,PT12557,WBC,White Blood Cell Count,8.1,K/uL,4.5,11,N,STAT,2025-10-08 18:40,2025-10-08 18:59,2025-10-08 19:38
LAB745205,ENC119109,PT12557,HGB,Hemoglobin,14.9,g/dL,12,17.5,N,STAT,2025-10-08 18:59,2025-10-08 19:27,2025-10-08 20:21
LAB745206,ENC119109,PT12557,BUN,Blood Urea Nitrogen,15,mg/dL,7,20,N,STAT,2025-10-08 18:43,2025-10-08 19:15,2025-10-08 20:03
LAB745207,ENC119109,PT12557,PLT,Platelet Count,206,K/uL,150,400,N,Routine,2025-10-08 18:19,2025-10-08 18:47,2025-10-08 21:09
LAB745208,ENC119110,PT10406,GLU,Glucose,108,mg/dL,70,99,H,STAT,2025-10-08 16:25,2025-10-08 16:50,2025-10-08 17:24
LAB745209,ENC119110,PT10406,CREAT,Creatinine,1.06,mg/dL,0.6,1.3,N,Routine,2025-10-08 15:36,2025-10-08 15:43,2025-10-08 17:21
LAB745210,ENC119113,PT11939,GLU,Glucose,82,mg/dL,70,99,N,Routine,2025-10-08 20:14,2025-10-08 20:27,2025-10-08 22:17
LAB745211,ENC119113,PT11939,CREAT,Creatinine,1.26,mg/dL,0.6,1.3,N,Routine,2025-10-08 20:43,2025-10-08 21:03,2025-10-08 23:00
LAB745212,ENC119113,PT11939,WBC,White Blood Cell Count,6.8,K/uL,4.5,11,N,Routine,2025-10-08 20:30,2025-10-08 21:01,2025-10-08 23:53
LAB745213,ENC119113,PT11939,HGB,Hemoglobin,14.2,g/dL,12,17.5,N,Routine,2025-10-08 21:19,2025-10-08 21:48,2025-10-09 01:18
LAB745214,ENC119114,PT11681,GLU,Glucose,83,mg/dL,70,99,N,STAT,2025-10-08 16:51,2025-10-08 17:01,2025-10-08 17:31
LAB745215,ENC119114,PT11681,CREAT,Creatinine,1.26,mg/dL,0.6,1.3,N,Routine,2025-10-08 16:42,2025-10-08 17:02,2025-10-08 21:19
LAB745216,ENC119114,PT11681,WBC,White Blood Cell Count,7,K/uL,4.5,11,N,Routine,2025-10-08 16:09,2025-10-08 16:32,2025-10-08 18:19
LAB745217,ENC119116,PT13085,GLU,Glucose,161,mg/dL,70,99,H,STAT,2025-10-08 18:06,2025-10-08 18:11,2025-10-08 18:37
LAB745218,ENC119116,PT13085,CREAT,Creatinine,0.79,mg/dL,0.6,1.3,N,Routine,2025-10-08 18:30,2025-10-08 18:35,2025-10-09 01:18
LAB745219,ENC119116,PT13085,WBC,White Blood Cell Count,9.3,K/uL,4.5,11,N,Routine,2025-10-08 18:43,2025-10-08 19:04,2025-10-08 21:50
LAB745220,ENC119116,PT13085,HGB,Hemoglobin,13.7,g/dL,12,17.5,N,Routine,2025-10-08 17:47,2025-10-08 18:10,2025-10-08 21:38
LAB745221,ENC119117,PT13908,GLU,Glucose,312,mg/dL,70,99,H,STAT,2025-10-08 21:06,2025-10-08 21:22,2025-10-08 21:53
LAB745222,ENC119117,PT13908,CREAT,Creatinine,1.06,mg/dL,0.6,1.3,N,Routine,2025-10-08 20:37,2025-10-08 20:43,2025-10-08 22:16
LAB745223,ENC119117,PT13908,WBC,White Blood Cell Count,5.3,K/uL,4.5,11,N,STAT,2025-10-08 20:51,2025-10-08 21:00,2025-10-08 21:50
LAB745224,ENC119117,PT13908,HGB,Hemoglobin,14.7,g/dL,12,17.5,N,Routine,2025-10-08 21:22,2025-10-08 21:46,2025-10-08 23:59
LAB745225,ENC119117,PT13908,NA,Sodium,141,mmol/L,136,145,N,STAT,2025-10-08 21:07,2025-10-08 21:27,2025-10-08 22:12
LAB745226,ENC119117,PT13908,K,Potassium,4.8,mmol/L,3.5,5.1,N,STAT,2025-10-08 21:33,2025-10-08 21:53,2025-10-08 22:31
LAB745227,ENC119117,PT13908,A1C,Hemoglobin A1c,9.5,%,4,5.6,H,Routine,2025-10-08 20:51,2025-10-08 20:55,2025-10-09 22:45
LAB745228,ENC119118,PT12650,GLU,Glucose,101,mg/dL,70,99,H,STAT,2025-10-08 17:54,2025-10-08 18:17,2025-10-08 18:51
LAB745229,ENC119118,PT12650,CREAT,Creatinine,1.6,mg/dL,0.6,1.3,H,STAT,2025-10-08 17:57,2025-10-08 18:15,2025-10-08 19:13
LAB745230,ENC119118,PT12650,WBC,White Blood Cell Count,3.4,K/uL,4.5,11,L,STAT,2025-10-08 18:34,2025-10-08 18:41,2025-10-08 19:56
LAB745231,ENC119119,PT10843,GLU,Glucose,84,mg/dL,70,99,N,Routine,2025-10-09 00:15,2025-10-09 00:28,2025-10-09 03:33
LAB745232,ENC119119,PT10843,CREAT,Creatinine,0.82,mg/dL,0.6,1.3,N,Routine,2025-10-09 00:18,2025-10-09 00:49,2025-10-09 02:54
LAB745233,ENC119119,PT10843,WBC,White Blood Cell Count,12.2,K/uL,4.5,11,H,Routine,2025-10-09 00:24,2025-10-09 00:53,2025-10-09 04:57
LAB745234,ENC119119,PT10843,HGB,Hemoglobin,13.5,g/dL,12,17.5,N,Routine,2025-10-09 00:17,2025-10-09 00:33,2025-10-09 02:13
LAB745235,ENC119120,PT10148,GLU,Glucose,111,mg/dL,70,99,H,Routine,2025-10-08 23:48,2025-10-09 00:14,2025-10-09 01:44
LAB745236,ENC119120,PT10148,CREAT,Creatinine,1.64,mg/dL,0.6,1.3,H,STAT,2025-10-08 23:35,2025-10-08 23:57,2025-10-09 00:47
LAB745237,ENC119120,PT10148,WBC,White Blood Cell Count,3.2,K/uL,4.5,11,L,Routine,2025-10-08 23:41,2025-10-09 00:01,2025-10-09 04:36
LAB745238,ENC119120,PT10148,HGB,Hemoglobin,14,g/dL,12,17.5,N,Routine,2025-10-08 23:31,2025-10-08 23:44,2025-10-09 01:26
LAB745239,ENC119120,PT10148,LACT,Lactate,2.3,mmol/L,0.5,2,H,STAT,2025-10-09 00:19,2025-10-09 00:33,2025-10-09 01:29
LAB745240,ENC119121,PT13001,GLU,Glucose,71,mg/dL,70,99,N,Routine,2025-10-08 21:34,2025-10-08 21:55,2025-10-08 23:30
LAB745241,ENC119121,PT13001,CREAT,Creatinine,0.74,mg/dL,0.6,1.3,N,STAT,2025-10-08 21:49,2025-10-08 22:18,2025-10-08 23:17
LAB745242,ENC119121,PT13001,WBC,White Blood Cell Count,7.3,K/uL,4.5,11,N,STAT,2025-10-08 21:28,2025-10-08 21:39,2025-10-08 22:40
LAB745243,ENC119121,PT13001,HGB,Hemoglobin,9.1,g/dL,12,17.5,L,STAT,2025-10-08 22:30,2025-10-08 22:34,2025-10-08 23:12
LAB745244,ENC119121,PT13001,NA,Sodium,137,mmol/L,136,145,N,STAT,2025-10-08 22:22,2025-10-08 22:28,2025-10-08 23:24
LAB745245,ENC119121,PT13001,K,Potassium,4.5,mmol/L,3.5,5.1,N,STAT,2025-10-08 21:32,2025-10-08 21:47,2025-10-08 22:32
LAB745246,ENC119121,PT13001,LACT,Lactate,1.9,mmol/L,0.5,2,N,STAT,2025-10-08 22:24,2025-10-08 22:50,2025-10-08 23:26
LAB745247,ENC119121,PT13001,INR,Prothrombin Time INR,1,ratio,0.8,1.2,N,Routine,2025-10-08 22:11,2025-10-08 22:35,2025-10-09 00:39
LAB745248,ENC119123,PT13191,GLU,Glucose,124,mg/dL,70,99,H,Routine,2025-10-09 01:29,2025-10-09 01:53,2025-10-09 06:35
LAB745249,ENC119123,PT13191,CREAT,Creatinine,2.02,mg/dL,0.6,1.3,H,STAT,2025-10-09 01:37,2025-10-09 01:43,2025-10-09 02:10
LAB745250,ENC119123,PT13191,WBC,White Blood Cell Count,18.1,K/uL,4.5,11,H,Routine,2025-10-09 02:06,2025-10-09 02:27,2025-10-09 04:27
LAB745251,ENC119123,PT13191,HGB,Hemoglobin,14.8,g/dL,12,17.5,N,STAT,2025-10-09 01:10,2025-10-09 01:17,2025-10-09 02:04
LAB745252,ENC119123,PT13191,LACT,Lactate,2.7,mmol/L,0.5,2,H,STAT,2025-10-09 01:12,2025-10-09 01:34,2025-10-09 02:13
LAB745253,ENC119124,PT11598,GLU,Glucose,106,mg/dL,70,99,H,Routine,2025-10-09 02:49,2025-10-09 02:57,2025-10-09 08:39
LAB745254,ENC119124,PT11598,CREAT,Creatinine,1.03,mg/dL,0.6,1.3,N,STAT,2025-10-09 03:08,2025-10-09 03:28,2025-10-09 04:55
LAB745255,ENC119124,PT11598,WBC,White Blood Cell Count,8.4,K/uL,4.5,11,N,STAT,2025-10-09 02:53,2025-10-09 03:01,2025-10-09 04:16
LAB745256,ENC119124,PT11598,HGB,Hemoglobin,15.6,g/dL,12,17.5,N,STAT,2025-10-09 02:42,2025-10-09 02:59,2025-10-09 03:20
LAB745257,ENC119124,PT11598,TROP,"Troponin I, High Sensitivity",4,ng/L,0,34,N,STAT,2025-10-09 03:06,2025-10-09 03:36,2025-10-09 04:13
LAB745258,ENC119125,PT12687,GLU,Glucose,108,mg/dL,70,99,H,STAT,2025-10-09 05:32,2025-10-09 05:49,2025-10-09 06:39
LAB745259,ENC119125,PT12687,CREAT,Creatinine,2.17,mg/dL,0.6,1.3,H,STAT,2025-10-09 06:20,2025-10-09 06:47,2025-10-09 07:40
LAB745260,ENC119125,PT12687,WBC,White Blood Cell Count,4.7,K/uL,4.5,11,N,STAT,2025-10-09 05:50,2025-10-09 06:03,2025-10-09 06:50
LAB745261,ENC119125,PT12687,HGB,Hemoglobin,12.1,g/dL,12,17.5,N,STAT,2025-10-09 06:04,2025-10-09 06:35,2025-10-09 07:13
LAB745262,ENC119125,PT12687,TROP,"Troponin I, High Sensitivity",89,ng/L,0,34,H,STAT,2025-10-09 05:58,2025-10-09 06:32,2025-10-09 07:03
LAB745263,ENC119125,PT12687,BNP,B-Type Natriuretic Peptide,1804,pg/mL,0,100,H,Routine,2025-10-09 05:49,2025-10-09 06:11,2025-10-09 08:32
LAB745264,ENC119127,PT12365,GLU,Glucose,107,mg/dL,70,99,H,Routine,2025-10-09 07:03,2025-10-09 07:07,2025-10-09 09:18
LAB745265,ENC119127,PT12365,CREAT,Creatinine,1.02,mg/dL,0.6,1.3,N,STAT,2025-10-09 06:44,2025-10-09 07:04,2025-10-09 08:32
LAB745266,ENC119128,PT10634,GLU,Glucose,113,mg/dL,70,99,H,STAT,2025-10-09 07:48,2025-10-09 08:12,2025-10-09 09:42
LAB745267,ENC119128,PT10634,CREAT,Creatinine,1.63,mg/dL,0.6,1.3,H,STAT,2025-10-09 07:56,2025-10-09 08:25,2025-10-09 09:18
LAB745268,ENC119128,PT10634,WBC,White Blood Cell Count,9.5,K/uL,4.5,11,N,Routine,2025-10-09 07:57,2025-10-09 08:17,2025-10-09 12:08
LAB745269,ENC119128,PT10634,HGB,Hemoglobin,11.3,g/dL,12,17.5,L,STAT,2025-10-09 08:05,2025-10-09 08:32,2025-10-09 09:26
LAB745270,ENC119128,PT10634,NA,Sodium,141,mmol/L,136,145,N,STAT,2025-10-09 08:21,2025-10-09 08:56,2025-10-09 09:47
LAB745271,ENC119128,PT10634,K,Potassium,3.9,mmol/L,3.5,5.1,N,STAT,2025-10-09 07:26,2025-10-09 07:41,2025-10-09 09:16
LAB745272,ENC119131,PT11700,A1C,Hemoglobin A1c,5.5,%,4,5.6,N,Routine,2025-10-09 08:24,2025-10-09 08:37,2025-10-11 08:18
LAB745273,ENC119134,PT12025,LDL,LDL Cholesterol,146,mg/dL,0,99,H,Routine,2025-10-09 08:56,2025-10-09 09:03,2025-10-10 06:17
LAB745274,ENC119139,PT10420,WBC,White Blood Cell Count,5.3,K/uL,4.5,11,N,Routine,2025-10-09 12:46,2025-10-09 13:16,2025-10-09 15:35
LAB745275,ENC119139,PT10420,HGB,Hemoglobin,13.7,g/dL,12,17.5,N,Routine,2025-10-09 12:50,2025-10-09 12:56,2025-10-09 16:48
LAB745276,ENC119139,PT10420,PLT,Platelet Count,213,K/uL,150,400,N,Routine,2025-10-09 12:48,2025-10-09 12:52,2025-10-09 14:20
LAB745277,ENC119140,PT13907,GLU,Glucose,152,mg/dL,70,99,H,Routine,2025-10-09 18:06,2025-10-09 18:12,2025-10-09 20:50
LAB745278,ENC119140,PT13907,CREAT,Creatinine,1.75,mg/dL,0.6,1.3,H,STAT,2025-10-09 18:08,2025-10-09 18:19,2025-10-09 19:00
LAB745279,ENC119140,PT13907,WBC,White Blood Cell Count,15.7,K/uL,4.5,11,H,STAT,2025-10-09 18:06,2025-10-09 18:17,2025-10-09 19:18
LAB745280,ENC119140,PT13907,HGB,Hemoglobin,12.6,g/dL,12,17.5,N,STAT,2025-10-09 17:11,2025-10-09 17:33,2025-10-09 18:30
LAB745281,ENC119140,PT13907,LACT,Lactate,4.9,mmol/L,0.5,2,HH,STAT,2025-10-09 17:40,2025-10-09 17:47,2025-10-09 18:20
LAB745282,ENC119143,PT13366,GLU,Glucose,110,mg/dL,70,99,H,STAT,2025-10-09 15:17,2025-10-09 15:34,2025-10-09 17:06
LAB745283,ENC119143,PT13366,CREAT,Creatinine,0.88,mg/dL,0.6,1.3,N,STAT,2025-10-09 15:34,2025-10-09 15:48,2025-10-09 16:26
LAB745284,ENC119143,PT13366,INR,Prothrombin Time INR,1,ratio,0.8,1.2,N,Routine,2025-10-09 16:02,2025-10-09 16:19,2025-10-09 20:16
LAB745285,ENC119145,PT11192,TROP,"Troponin I, High Sensitivity",11,ng/L,0,34,N,STAT,2025-10-09 15:57,2025-10-09 16:05,2025-10-09 16:33
LAB745286,ENC119146,PT11260,WBC,White Blood Cell Count,7.2,K/uL,4.5,11,N,Routine,2025-10-09 15:28,2025-10-09 15:38,2025-10-09 18:28
LAB745287,ENC119146,PT11260,HGB,Hemoglobin,13.5,g/dL,12,17.5,N,Routine,2025-10-09 15:44,2025-10-09 16:14,2025-10-09 18:33
LAB745288,ENC119146,PT11260,PLT,Platelet Count,223,K/uL,150,400,N,Routine,2025-10-09 15:33,2025-10-09 15:38,2025-10-09 20:51
LAB745289,ENC119147,PT10791,GLU,Glucose,103,mg/dL,70,99,H,Routine,2025-10-09 16:45,2025-10-09 16:57,2025-10-09 19:49
LAB745290,ENC119147,PT10791,CREAT,Creatinine,1.08,mg/dL,0.6,1.3,N,STAT,2025-10-09 16:32,2025-10-09 16:38,2025-10-09 17:07
LAB745291,ENC119147,PT10791,WBC,White Blood Cell Count,8.4,K/uL,4.5,11,N,STAT,2025-10-09 15:44,2025-10-09 16:12,2025-10-09 16:49
LAB745292,ENC119147,PT10791,HGB,Hemoglobin,11.4,g/dL,12,17.5,L,Routine,2025-10-09 16:32,2025-10-09 16:38,2025-10-09 17:30
LAB745293,ENC119151,PT11130,GLU,Glucose,242,mg/dL,70,99,H,Routine,2025-10-10 03:44,2025-10-10 04:05,2025-10-10 06:29
LAB745294,ENC119151,PT11130,CREAT,Creatinine,0.58,mg/dL,0.6,1.3,L,STAT,2025-10-10 03:47,2025-10-10 04:16,2025-10-10 04:56
LAB745295,ENC119151,PT11130,WBC,White Blood Cell Count,7.1,K/uL,4.5,11,N,STAT,2025-10-10 03:53,2025-10-10 04:18,2025-10-10 05:20
LAB745296,ENC119151,PT11130,HGB,Hemoglobin,12.5,g/dL,12,17.5,N,STAT,2025-10-10 03:49,2025-10-10 04:15,2025-10-10 05:08
LAB745297,ENC119151,PT11130,BUN,Blood Urea Nitrogen,10,mg/dL,7,20,N,STAT,2025-10-10 03:24,2025-10-10 03:44,2025-10-10 04:11
LAB745298,ENC119151,PT11130,PLT,Platelet Count,196,K/uL,150,400,N,Routine,2025-10-10 03:52,2025-10-10 04:13,2025-10-10 12:23
LAB745299,ENC119155,PT12601,GLU,Glucose,123,mg/dL,70,99,H,STAT,2025-10-10 12:56,2025-10-10 13:11,2025-10-10 14:23
LAB745300,ENC119155,PT12601,CREAT,Creatinine,0.76,mg/dL,0.6,1.3,N,STAT,2025-10-10 12:50,2025-10-10 13:03,2025-10-10 13:27
LAB745301,ENC119155,PT12601,WBC,White Blood Cell Count,9.4,K/uL,4.5,11,N,STAT,2025-10-10 12:55,2025-10-10 13:04,2025-10-10 13:49
LAB745302,ENC119155,PT12601,HGB,Hemoglobin,11.3,g/dL,12,17.5,L,STAT,2025-10-10 12:24,2025-10-10 12:59,2025-10-10 13:51
LAB745303,ENC119156,PT10755,GLU,Glucose,121,mg/dL,70,99,H,STAT,2025-10-10 10:33,2025-10-10 10:49,2025-10-10 11:18
LAB745304,ENC119156,PT10755,CREAT,Creatinine,1.21,mg/dL,0.6,1.3,N,STAT,2025-10-10 11:03,2025-10-10 11:35,2025-10-10 11:59
LAB745305,ENC119156,PT10755,WBC,White Blood Cell Count,6.5,K/uL,4.5,11,N,STAT,2025-10-10 11:35,2025-10-10 11:50,2025-10-10 12:19
LAB745306,ENC119156,PT10755,HGB,Hemoglobin,14,g/dL,12,17.5,N,STAT,2025-10-10 11:10,2025-10-10 11:34,2025-10-10 12:32
LAB745307,ENC119157,PT11188,A1C,Hemoglobin A1c,12.1,%,4,5.6,H,Routine,2025-10-10 11:09,2025-10-10 11:44,2025-10-10 19:37
LAB745308,ENC119157,PT11188,GLU,Glucose,364,mg/dL,70,99,H,Routine,2025-10-10 11:13,2025-10-10 11:30,2025-10-10 13:01
LAB745309,ENC119157,PT11188,CREAT,Creatinine,0.95,mg/dL,0.6,1.3,N,Routine,2025-10-10 11:05,2025-10-10 11:29,2025-10-10 12:30
LAB745310,ENC119160,PT11783,LDL,LDL Cholesterol,162,mg/dL,0,99,H,Routine,2025-10-10 12:30,2025-10-10 12:56,2025-10-10 23:05
LAB745311,ENC119163,PT11984,LDL,LDL Cholesterol,138,mg/dL,0,99,H,Routine,2025-10-10 13:08,2025-10-10 13:13,2025-10-11 01:47
LAB745312,ENC119163,PT11984,A1C,Hemoglobin A1c,9.5,%,4,5.6,H,Routine,2025-10-10 13:10,2025-10-10 13:41,2025-10-11 03:38
LAB745313,ENC119166,PT11991,GLU,Glucose,160,mg/dL,70,99,H,STAT,2025-10-10 17:40,2025-10-10 17:55,2025-10-10 18:40
LAB745314,ENC119166,PT11991,CREAT,Creatinine,0.87,mg/dL,0.6,1.3,N,Routine,2025-10-10 17:11,2025-10-10 17:22,2025-10-10 18:02
LAB745315,ENC119166,PT11991,WBC,White Blood Cell Count,16.2,K/uL,4.5,11,H,STAT,2025-10-10 18:04,2025-10-10 18:32,2025-10-10 19:23
LAB745316,ENC119166,PT11991,HGB,Hemoglobin,15.3,g/dL,12,17.5,N,Routine,2025-10-10 17:18,2025-10-10 17:39,2025-10-10 19:45
LAB745317,ENC119168,PT12495,GLU,Glucose,106,mg/dL,70,99,H,STAT,2025-10-10 18:20,2025-10-10 18:37,2025-10-10 19:32
LAB745318,ENC119168,PT12495,CREAT,Creatinine,0.73,mg/dL,0.6,1.3,N,STAT,2025-10-10 17:42,2025-10-10 17:47,2025-10-10 19:45
LAB745319,ENC119168,PT12495,WBC,White Blood Cell Count,11.5,K/uL,4.5,11,H,STAT,2025-10-10 18:00,2025-10-10 18:25,2025-10-10 20:55
LAB745320,ENC119168,PT12495,HGB,Hemoglobin,13,g/dL,12,17.5,N,STAT,2025-10-10 18:05,2025-10-10 18:11,2025-10-10 19:03
LAB745321,ENC119168,PT12495,NA,Sodium,136,mmol/L,136,145,N,Routine,2025-10-10 18:32,2025-10-10 19:05,2025-10-10 20:48
LAB745322,ENC119168,PT12495,K,Potassium,3.9,mmol/L,3.5,5.1,N,STAT,2025-10-10 18:32,2025-10-10 18:45,2025-10-10 19:10
LAB745323,ENC119169,PT13892,GLU,Glucose,93,mg/dL,70,99,N,Routine,2025-10-10 19:28,2025-10-10 19:46,2025-10-10 22:28
LAB745324,ENC119169,PT13892,CREAT,Creatinine,0.69,mg/dL,0.6,1.3,N,STAT,2025-10-10 19:07,2025-10-10 19:19,2025-10-10 20:00
LAB745325,ENC119169,PT13892,WBC,White Blood Cell Count,13,K/uL,4.5,11,H,STAT,2025-10-10 18:31,2025-10-10 18:48,2025-10-10 19:36
LAB745326,ENC119169,PT13892,HGB,Hemoglobin,13.2,g/dL,12,17.5,N,STAT,2025-10-10 19:36,2025-10-10 19:49,2025-10-10 20:38
LAB745327,ENC119170,PT10675,GLU,Glucose,101,mg/dL,70,99,H,Routine,2025-10-10 17:15,2025-10-10 17:27,2025-10-10 19:06
LAB745328,ENC119170,PT10675,CREAT,Creatinine,0.94,mg/dL,0.6,1.3,N,Routine,2025-10-10 17:11,2025-10-10 17:19,2025-10-10 19:19
LAB745329,ENC119172,PT12718,GLU,Glucose,151,mg/dL,70,99,H,STAT,2025-10-10 19:35,2025-10-10 19:42,2025-10-10 20:25
LAB745330,ENC119172,PT12718,CREAT,Creatinine,1.09,mg/dL,0.6,1.3,N,STAT,2025-10-10 19:09,2025-10-10 19:20,2025-10-10 19:53
LAB745331,ENC119172,PT12718,WBC,White Blood Cell Count,25,K/uL,4.5,11,H,STAT,2025-10-10 19:23,2025-10-10 19:30,2025-10-10 20:21
LAB745332,ENC119172,PT12718,HGB,Hemoglobin,10.9,g/dL,12,17.5,L,Routine,2025-10-10 19:18,2025-10-10 19:38,2025-10-10 21:26
LAB745333,ENC119172,PT12718,BUN,Blood Urea Nitrogen,17,mg/dL,7,20,N,Routine,2025-10-10 19:01,2025-10-10 19:23,2025-10-10 21:58
LAB745334,ENC119172,PT12718,PLT,Platelet Count,313,K/uL,150,400,N,STAT,2025-10-10 18:49,2025-10-10 19:10,2025-10-10 20:04
LAB745335,ENC119172,PT12718,LACT,Lactate,3.3,mmol/L,0.5,2,H,STAT,2025-10-10 19:37,2025-10-10 20:11,2025-10-10 20:53
LAB745336,ENC119173,PT13821,GLU,Glucose,162,mg/dL,70,99,H,STAT,2025-10-10 21:26,2025-10-10 21:55,2025-10-10 22:34
LAB745337,ENC119173,PT13821,CREAT,Creatinine,0.87,mg/dL,0.6,1.3,N,STAT,2025-10-10 20:51,2025-10-10 21:17,2025-10-10 22:01
LAB745338,ENC119173,PT13821,WBC,White Blood Cell Count,5.6,K/uL,4.5,11,N,STAT,2025-10-10 20:50,2025-10-10 21:01,2025-10-10 21:40
LAB745339,ENC119173,PT13821,HGB,Hemoglobin,13,g/dL,12,17.5,N,Routine,2025-10-10 20:35,2025-10-10 20:48,2025-10-10 23:21
LAB745340,ENC119173,PT13821,NA,Sodium,142,mmol/L,136,145,N,STAT,2025-10-10 21:22,2025-10-10 21:47,2025-10-10 22:54
LAB745341,ENC119173,PT13821,K,Potassium,4,mmol/L,3.5,5.1,N,STAT,2025-10-10 21:07,2025-10-10 21:24,2025-10-10 22:36
LAB745342,ENC119173,PT13821,INR,Prothrombin Time INR,1.1,ratio,0.8,1.2,N,Routine,2025-10-10 21:41,2025-10-10 22:15,2025-10-11 00:39
LAB745343,ENC119174,PT10075,GLU,Glucose,450,mg/dL,70,99,H,Routine,2025-10-10 19:54,2025-10-10 20:15,2025-10-11 00:15
LAB745344,ENC119174,PT10075,CREAT,Creatinine,1.22,mg/dL,0.6,1.3,N,STAT,2025-10-10 19:48,2025-10-10 20:17,2025-10-10 21:51
LAB745345,ENC119174,PT10075,WBC,White Blood Cell Count,6.9,K/uL,4.5,11,N,STAT,2025-10-10 19:07,2025-10-10 19:34,2025-10-10 20:22
LAB745346,ENC119174,PT10075,HGB,Hemoglobin,13,g/dL,12,17.5,N,Routine,2025-10-10 19:40,2025-10-10 19:51,2025-10-10 21:33
LAB745347,ENC119174,PT10075,NA,Sodium,137,mmol/L,136,145,N,STAT,2025-10-10 19:41,2025-10-10 19:54,2025-10-10 20:45
LAB745348,ENC119174,PT10075,K,Potassium,4.7,mmol/L,3.5,5.1,N,STAT,2025-10-10 19:31,2025-10-10 19:45,2025-10-10 20:28
LAB745349,ENC119174,PT10075,A1C,Hemoglobin A1c,11.3,%,4,5.6,H,STAT,2025-10-10 19:36,2025-10-10 19:47,2025-10-10 20:35
LAB745350,ENC119175,PT11776,GLU,Glucose,137,mg/dL,70,99,H,STAT,2025-10-10 18:35,2025-10-10 19:00,2025-10-10 19:31
LAB745351,ENC119175,PT11776,CREAT,Creatinine,0.58,mg/dL,0.6,1.3,L,Routine,2025-10-10 18:40,2025-10-10 18:59,2025-10-10 20:32
LAB745352,ENC119175,PT11776,WBC,White Blood Cell Count,10.5,K/uL,4.5,11,N,Routine,2025-10-10 18:53,2025-10-10 18:57,2025-10-10 21:38
LAB745353,ENC119175,PT11776,HGB,Hemoglobin,11.3,g/dL,12,17.5,L,STAT,2025-10-10 18:54,2025-10-10 18:58,2025-10-10 19:35
LAB745354,ENC119177,PT12595,GLU,Glucose,129,mg/dL,70,99,H,STAT,2025-10-10 23:13,2025-10-10 23:20,2025-10-10 23:58
LAB745355,ENC119177,PT12595,CREAT,Creatinine,0.87,mg/dL,0.6,1.3,N,Routine,2025-10-10 22:44,2025-10-10 22:57,2025-10-11 01:02
LAB745356,ENC119177,PT12595,WBC,White Blood Cell Count,5.6,K/uL,4.5,11,N,Routine,2025-10-10 22:36,2025-10-10 23:04,2025-10-11 03:57
LAB745357,ENC119177,PT12595,HGB,Hemoglobin,10.3,g/dL,12,17.5,L,Routine,2025-10-10 22:36,2025-10-10 22:57,2025-10-11 00:54
LAB745358,ENC119178,PT11462,GLU,Glucose,123,mg/dL,70,99,H,STAT,2025-10-10 20:59,2025-10-10 21:05,2025-10-10 21:52
LAB745359,ENC119178,PT11462,CREAT,Creatinine,1,mg/dL,0.6,1.3,N,STAT,2025-10-10 21:51,2025-10-10 22:13,2025-10-10 22:40
LAB745360,ENC119178,PT11462,WBC,White Blood Cell Count,5.9,K/uL,4.5,11,N,Routine,2025-10-10 21:51,2025-10-10 22:16,2025-10-11 01:43
LAB745361,ENC119178,PT11462,TROP,"Troponin I, High Sensitivity",6,ng/L,0,34,N,STAT,2025-10-10 21:36,2025-10-10 21:41,2025-10-10 22:30
LAB745362,ENC119179,PT11891,GLU,Glucose,101,mg/dL,70,99,H,STAT,2025-10-10 21:44,2025-10-10 21:55,2025-10-10 22:21
LAB745363,ENC119179,PT11891,CREAT,Creatinine,3.78,mg/dL,0.6,1.3,H,STAT,2025-10-10 22:06,2025-10-10 22:24,2025-10-10 22:50
LAB745364,ENC119179,PT11891,WBC,White Blood Cell Count,7.8,K/uL,4.5,11,N,Routine,2025-10-10 21:18,2025-10-10 21:25,2025-10-10 23:49
LAB745365,ENC119179,PT11891,HGB,Hemoglobin,15.5,g/dL,12,17.5,N,Routine,2025-10-10 21:17,2025-10-10 21:50,2025-10-10 23:57
LAB745366,ENC119179,PT11891,NA,Sodium,134,mmol/L,136,145,L,STAT,2025-10-10 21:44,2025-10-10 21:48,2025-10-10 22:36
LAB745367,ENC119179,PT11891,K,Potassium,5.9,mmol/L,3.5,5.1,H,STAT,2025-10-10 21:15,2025-10-10 21:32,2025-10-10 22:22
LAB745368,ENC119180,PT11302,GLU,Glucose,113,mg/dL,70,99,H,Routine,2025-10-10 23:36,2025-10-10 23:52,2025-10-11 03:33
LAB745369,ENC119180,PT11302,CREAT,Creatinine,1.1,mg/dL,0.6,1.3,N,STAT,2025-10-11 00:26,2025-10-11 00:32,2025-10-11 00:55
LAB745370,ENC119180,PT11302,WBC,White Blood Cell Count,7.3,K/uL,4.5,11,N,Routine,2025-10-10 23:33,2025-10-11 00:00,2025-10-11 03:41
LAB745371,ENC119180,PT11302,HGB,Hemoglobin,13.6,g/dL,12,17.5,N,STAT,2025-10-11 00:20,2025-10-11 00:26,2025-10-11 01:24
LAB745372,ENC119180,PT11302,NA,Sodium,136,mmol/L,136,145,N,Routine,2025-10-10 23:30,2025-10-11 00:04,2025-10-11 01:23
LAB745373,ENC119180,PT11302,K,Potassium,4,mmol/L,3.5,5.1,N,STAT,2025-10-10 23:51,2025-10-11 00:03,2025-10-11 00:36
LAB745374,ENC119183,PT13836,GLU,Glucose,90,mg/dL,70,99,N,STAT,2025-10-11 02:39,2025-10-11 03:12,2025-10-11 04:06
LAB745375,ENC119183,PT13836,CREAT,Creatinine,0.96,mg/dL,0.6,1.3,N,STAT,2025-10-11 02:23,2025-10-11 02:31,2025-10-11 03:37
LAB745376,ENC119183,PT13836,WBC,White Blood Cell Count,8.3,K/uL,4.5,11,N,STAT,2025-10-11 01:52,2025-10-11 02:23,2025-10-11 02:52
LAB745377,ENC119183,PT13836,HGB,Hemoglobin,14.2,g/dL,12,17.5,N,STAT,2025-10-11 01:33,2025-10-11 02:02,2025-10-11 02:31
LAB745378,ENC119184,PT10905,GLU,Glucose,118,mg/dL,70,99,H,STAT,2025-10-11 10:52,2025-10-11 11:20,2025-10-11 12:00
LAB745379,ENC119184,PT10905,CREAT,Creatinine,1.1,mg/dL,0.6,1.3,N,Routine,2025-10-11 11:03,2025-10-11 11:30,2025-10-11 14:39
LAB745380,ENC119184,PT10905,WBC,White Blood Cell Count,8,K/uL,4.5,11,N,Routine,2025-10-11 10:24,2025-10-11 10:58,2025-10-11 14:46
LAB745381,ENC119184,PT10905,HGB,Hemoglobin,7.8,g/dL,12,17.5,L,STAT,2025-10-11 11:13,2025-10-11 11:37,2025-10-11 11:59
LAB745382,ENC119184,PT10905,INR,Prothrombin Time INR,1,ratio,0.8,1.2,N,STAT,2025-10-11 10:53,2025-10-11 11:15,2025-10-11 11:39
LAB745383,ENC119185,PT11824,GLU,Glucose,78,mg/dL,70,99,N,STAT,2025-10-11 09:09,2025-10-11 09:28,2025-10-11 10:31
LAB745384,ENC119185,PT11824,CREAT,Creatinine,1.14,mg/dL,0.6,1.3,N,Routine,2025-10-11 08:41,2025-10-11 09:08,2025-10-11 12:39
LAB745385,ENC119185,PT11824,WBC,White Blood Cell Count,7.1,K/uL,4.5,11,N,STAT,2025-10-11 09:06,2025-10-11 09:23,2025-10-11 10:00
LAB745386,ENC119185,PT11824,HGB,Hemoglobin,14,g/dL,12,17.5,N,Routine,2025-10-11 08:38,2025-10-11 09:01,2025-10-11 10:14
LAB745387,ENC119187,PT12216,GLU,Glucose,87,mg/dL,70,99,N,STAT,2025-10-11 12:55,2025-10-11 13:12,2025-10-11 14:28
LAB745388,ENC119187,PT12216,CREAT,Creatinine,0.84,mg/dL,0.6,1.3,N,STAT,2025-10-11 12:18,2025-10-11 12:30,2025-10-11 13:08
LAB745389,ENC119187,PT12216,WBC,White Blood Cell Count,14.9,K/uL,4.5,11,H,STAT,2025-10-11 12:23,2025-10-11 12:40,2025-10-11 13:24
LAB745390,ENC119187,PT12216,HGB,Hemoglobin,12.8,g/dL,12,17.5,N,STAT,2025-10-11 12:40,2025-10-11 12:44,2025-10-11 14:30
LAB745391,ENC119189,PT10834,GLU,Glucose,125,mg/dL,70,99,H,STAT,2025-10-11 13:45,2025-10-11 14:01,2025-10-11 14:27
LAB745392,ENC119189,PT10834,CREAT,Creatinine,0.98,mg/dL,0.6,1.3,N,Routine,2025-10-11 14:18,2025-10-11 14:45,2025-10-11 21:28
LAB745393,ENC119189,PT10834,TROP,"Troponin I, High Sensitivity",43,ng/L,0,34,H,STAT,2025-10-11 13:16,2025-10-11 13:40,2025-10-11 14:23
LAB745394,ENC119190,PT11876,GLU,Glucose,89,mg/dL,70,99,N,Routine,2025-10-11 14:05,2025-10-11 14:23,2025-10-11 17:13
LAB745395,ENC119190,PT11876,CREAT,Creatinine,0.51,mg/dL,0.6,1.3,L,STAT,2025-10-11 13:41,2025-10-11 13:59,2025-10-11 14:48
LAB745396,ENC119190,PT11876,WBC,White Blood Cell Count,11.3,K/uL,4.5,11,H,Routine,2025-10-11 13:52,2025-10-11 14:01,2025-10-11 19:18
LAB745397,ENC119190,PT11876,HGB,Hemoglobin,14.1,g/dL,12,17.5,N,STAT,2025-10-11 13:51,2025-10-11 14:04,2025-10-11 14:42
LAB745398,ENC119191,PT11348,GLU,Glucose,92,mg/dL,70,99,N,STAT,2025-10-11 14:02,2025-10-11 14:25,2025-10-11 15:14
LAB745399,ENC119191,PT11348,CREAT,Creatinine,0.54,mg/dL,0.6,1.3,L,STAT,2025-10-11 13:53,2025-10-11 14:04,2025-10-11 15:07
LAB745400,ENC119191,PT11348,WBC,White Blood Cell Count,4,K/uL,4.5,11,L,STAT,2025-10-11 14:01,2025-10-11 14:30,2025-10-11 15:33
LAB745401,ENC119192,PT13200,GLU,Glucose,103,mg/dL,70,99,H,Routine,2025-10-11 14:09,2025-10-11 14:29,2025-10-11 16:12
LAB745402,ENC119192,PT13200,CREAT,Creatinine,0.97,mg/dL,0.6,1.3,N,Routine,2025-10-11 14:12,2025-10-11 14:32,2025-10-11 20:19
LAB745403,ENC119192,PT13200,WBC,White Blood Cell Count,8.9,K/uL,4.5,11,N,Routine,2025-10-11 13:42,2025-10-11 13:48,2025-10-11 19:37
LAB745404,ENC119193,PT11448,GLU,Glucose,122,mg/dL,70,99,H,STAT,2025-10-11 14:38,2025-10-11 15:09,2025-10-11 15:34
LAB745405,ENC119193,PT11448,CREAT,Creatinine,1.08,mg/dL,0.6,1.3,N,STAT,2025-10-11 14:46,2025-10-11 15:04,2025-10-11 15:55
LAB745406,ENC119193,PT11448,WBC,White Blood Cell Count,8.2,K/uL,4.5,11,N,STAT,2025-10-11 13:43,2025-10-11 14:05,2025-10-11 14:38
LAB745407,ENC119193,PT11448,HGB,Hemoglobin,12.4,g/dL,12,17.5,N,STAT,2025-10-11 13:49,2025-10-11 14:21,2025-10-11 14:55
LAB745408,ENC119194,PT12606,GLU,Glucose,97,mg/dL,70,99,N,STAT,2025-10-11 14:59,2025-10-11 15:11,2025-10-11 16:04
LAB745409,ENC119194,PT12606,CREAT,Creatinine,0.67,mg/dL,0.6,1.3,N,STAT,2025-10-11 14:57,2025-10-11 15:01,2025-10-11 16:19
LAB745410,ENC119194,PT12606,WBC,White Blood Cell Count,6.6,K/uL,4.5,11,N,STAT,2025-10-11 15:33,2025-10-11 15:48,2025-10-11 16:17
LAB745411,ENC119194,PT12606,HGB,Hemoglobin,9.8,g/dL,12,17.5,L,Routine,2025-10-11 15:19,2025-10-11 15:37,2025-10-11 18:49
LAB745412,ENC119194,PT12606,NA,Sodium,138,mmol/L,136,145,N,Routine,2025-10-11 15:43,2025-10-11 16:18,2025-10-11 19:03
LAB745413,ENC119194,PT12606,K,Potassium,4.1,mmol/L,3.5,5.1,N,STAT,2025-10-11 15:01,2025-10-11 15:15,2025-10-11 16:47
LAB745414,ENC119195,PT10703,GLU,Glucose,117,mg/dL,70,99,H,STAT,2025-10-11 20:53,2025-10-11 21:17,2025-10-11 22:12
LAB745415,ENC119195,PT10703,CREAT,Creatinine,0.99,mg/dL,0.6,1.3,N,Routine,2025-10-11 20:46,2025-10-11 21:13,2025-10-11 22:36
LAB745416,ENC119195,PT10703,WBC,White Blood Cell Count,9.1,K/uL,4.5,11,N,STAT,2025-10-11 20:44,2025-10-11 21:04,2025-10-11 21:47
LAB745417,ENC119195,PT10703,HGB,Hemoglobin,15.5,g/dL,12,17.5,N,STAT,2025-10-11 20:33,2025-10-11 20:43,2025-10-11 21:17
LAB745418,ENC119195,PT10703,NA,Sodium,141,mmol/L,136,145,N,STAT,2025-10-11 20:05,2025-10-11 20:36,2025-10-11 21:45
LAB745419,ENC119195,PT10703,K,Potassium,4.5,mmol/L,3.5,5.1,N,STAT,2025-10-11 20:43,2025-10-11 20:59,2025-10-11 21:27
LAB745420,ENC119195,PT10703,INR,Prothrombin Time INR,1,ratio,0.8,1.2,N,STAT,2025-10-11 20:35,2025-10-11 20:59,2025-10-11 22:00
LAB745421,ENC119198,PT11553,GLU,Glucose,91,mg/dL,70,99,N,Routine,2025-10-11 22:32,2025-10-11 22:50,2025-10-12 01:17
LAB745422,ENC119198,PT11553,CREAT,Creatinine,1.09,mg/dL,0.6,1.3,N,STAT,2025-10-11 22:32,2025-10-11 22:51,2025-10-11 23:52
LAB745423,ENC119198,PT11553,WBC,White Blood Cell Count,7.6,K/uL,4.5,11,N,Routine,2025-10-11 22:14,2025-10-11 22:44,2025-10-12 01:00
LAB745424,ENC119198,PT11553,HGB,Hemoglobin,15.7,g/dL,12,17.5,N,Routine,2025-10-11 22:29,2025-10-11 22:50,2025-10-12 03:02
LAB745425,ENC119198,PT11553,NA,Sodium,144,mmol/L,136,145,N,STAT,2025-10-11 23:02,2025-10-11 23:23,2025-10-11 23:56
LAB745426,ENC119198,PT11553,K,Potassium,4.2,mmol/L,3.5,5.1,N,STAT,2025-10-11 22:51,2025-10-11 23:07,2025-10-11 23:41
LAB745427,ENC119198,PT11553,TROP,"Troponin I, High Sensitivity",7,ng/L,0,34,N,STAT,2025-10-11 22:05,2025-10-11 22:09,2025-10-11 23:21
LAB745428,ENC119199,PT13942,GLU,Glucose,96,mg/dL,70,99,N,STAT,2025-10-11 21:05,2025-10-11 21:16,2025-10-11 22:33
LAB745429,ENC119199,PT13942,CREAT,Creatinine,1.12,mg/dL,0.6,1.3,N,Routine,2025-10-11 21:25,2025-10-11 21:32,2025-10-11 23:40
LAB745430,ENC119199,PT13942,WBC,White Blood Cell Count,17.2,K/uL,4.5,11,H,Routine,2025-10-11 20:57,2025-10-11 21:11,2025-10-11 22:42
LAB745431,ENC119199,PT13942,HGB,Hemoglobin,14.2,g/dL,12,17.5,N,Routine,2025-10-11 21:25,2025-10-11 21:47,2025-10-12 00:57
LAB745432,ENC119200,PT12458,GLU,Glucose,81,mg/dL,70,99,N,Routine,2025-10-12 00:55,2025-10-12 01:26,2025-10-12 04:53
LAB745433,ENC119200,PT12458,CREAT,Creatinine,0.99,mg/dL,0.6,1.3,N,STAT,2025-10-12 01:08,2025-10-12 01:22,2025-10-12 01:52
LAB745434,ENC119200,PT12458,WBC,White Blood Cell Count,6.3,K/uL,4.5,11,N,STAT,2025-10-12 01:18,2025-10-12 01:46,2025-10-12 02:14
LAB745435,ENC119200,PT12458,HGB,Hemoglobin,14.2,g/dL,12,17.5,N,Routine,2025-10-12 00:30,2025-10-12 00:44,2025-10-12 03:34
LAB745436,ENC119200,PT12458,INR,Prothrombin Time INR,1,ratio,0.8,1.2,N,Routine,2025-10-12 00:37,2025-10-12 00:54,2025-10-12 02:42
LAB745437,ENC119201,PT13760,GLU,Glucose,131,mg/dL,70,99,H,Routine,2025-10-12 03:21,2025-10-12 03:55,2025-10-12 05:39
LAB745438,ENC119201,PT13760,CREAT,Creatinine,2.18,mg/dL,0.6,1.3,H,STAT,2025-10-12 03:48,2025-10-12 04:08,2025-10-12 05:01
LAB745439,ENC119201,PT13760,WBC,White Blood Cell Count,7.1,K/uL,4.5,11,N,STAT,2025-10-12 04:14,2025-10-12 04:37,2025-10-12 05:39
LAB745440,ENC119201,PT13760,HGB,Hemoglobin,11.2,g/dL,12,17.5,L,STAT,2025-10-12 03:13,2025-10-12 03:37,2025-10-12 04:42
LAB745441,ENC119201,PT13760,TROP,"Troponin I, High Sensitivity",235,ng/L,0,34,H,STAT,2025-10-12 04:04,2025-10-12 04:29,2025-10-12 05:28
LAB745442,ENC119202,PT13475,GLU,Glucose,119,mg/dL,70,99,H,Routine,2025-10-12 07:57,2025-10-12 08:21,2025-10-12 11:08
LAB745443,ENC119202,PT13475,CREAT,Creatinine,0.45,mg/dL,0.6,1.3,L,STAT,2025-10-12 08:48,2025-10-12 09:11,2025-10-12 09:55
LAB745444,ENC119202,PT13475,WBC,White Blood Cell Count,12.5,K/uL,4.5,11,H,STAT,2025-10-12 08:01,2025-10-12 08:26,2025-10-12 09:22
LAB745445,ENC119202,PT13475,HGB,Hemoglobin,11.9,g/dL,12,17.5,L,Routine,2025-10-12 08:19,2025-10-12 08:23,2025-10-12 16:33
LAB745446,ENC119205,PT11963,GLU,Glucose,141,mg/dL,70,99,H,STAT,2025-10-12 15:41,2025-10-12 16:04,2025-10-12 16:20
LAB745447,ENC119205,PT11963,CREAT,Creatinine,1.67,mg/dL,0.6,1.3,H,STAT,2025-10-12 14:46,2025-10-12 14:58,2025-10-12 15:45
LAB745448,ENC119205,PT11963,WBC,White Blood Cell Count,11.8,K/uL,4.5,11,H,STAT,2025-10-12 14:44,2025-10-12 15:12,2025-10-12 16:05
LAB745449,ENC119205,PT11963,HGB,Hemoglobin,10.8,g/dL,12,17.5,L,STAT,2025-10-12 14:40,2025-10-12 15:14,2025-10-12 16:26
LAB745450,ENC119205,PT11963,NA,Sodium,138,mmol/L,136,145,N,STAT,2025-10-12 15:16,2025-10-12 15:43,2025-10-12 16:20
LAB745451,ENC119205,PT11963,K,Potassium,4.9,mmol/L,3.5,5.1,N,STAT,2025-10-12 14:58,2025-10-12 15:07,2025-10-12 15:49
LAB745452,ENC119205,PT11963,LACT,Lactate,1.4,mmol/L,0.5,2,N,STAT,2025-10-12 15:25,2025-10-12 15:29,2025-10-12 16:16
LAB745453,ENC119206,PT13437,GLU,Glucose,82,mg/dL,70,99,N,Routine,2025-10-12 16:04,2025-10-12 16:31,2025-10-12 22:19
LAB745454,ENC119206,PT13437,CREAT,Creatinine,0.83,mg/dL,0.6,1.3,N,STAT,2025-10-12 16:10,2025-10-12 16:19,2025-10-12 17:28
LAB745455,ENC119206,PT13437,WBC,White Blood Cell Count,11.4,K/uL,4.5,11,H,Routine,2025-10-12 15:34,2025-10-12 16:02,2025-10-12 18:12
LAB745456,ENC119206,PT13437,HGB,Hemoglobin,15.5,g/dL,12,17.5,N,STAT,2025-10-12 15:55,2025-10-12 16:05,2025-10-12 16:45
LAB745457,ENC119206,PT13437,BUN,Blood Urea Nitrogen,16,mg/dL,7,20,N,Routine,2025-10-12 15:35,2025-10-12 16:10,2025-10-12 18:15
LAB745458,ENC119206,PT13437,PLT,Platelet Count,130,K/uL,150,400,L,STAT,2025-10-12 15:17,2025-10-12 15:51,2025-10-12 16:33
LAB745459,ENC119207,PT12470,GLU,Glucose,102,mg/dL,70,99,H,Routine,2025-10-12 17:50,2025-10-12 18:06,2025-10-12 20:35
LAB745460,ENC119207,PT12470,CREAT,Creatinine,1.19,mg/dL,0.6,1.3,N,STAT,2025-10-12 18:23,2025-10-12 18:27,2025-10-12 19:12
LAB745461,ENC119207,PT12470,WBC,White Blood Cell Count,7.5,K/uL,4.5,11,N,Routine,2025-10-12 17:31,2025-10-12 17:43,2025-10-12 18:53
LAB745462,ENC119207,PT12470,HGB,Hemoglobin,10.7,g/dL,12,17.5,L,STAT,2025-10-12 18:02,2025-10-12 18:26,2025-10-12 19:17
LAB745463,ENC119208,PT12214,GLU,Glucose,64,mg/dL,70,99,L,STAT,2025-10-12 13:36,2025-10-12 14:02,2025-10-12 14:30
LAB745464,ENC119208,PT12214,CREAT,Creatinine,0.91,mg/dL,0.6,1.3,N,STAT,2025-10-12 14:11,2025-10-12 14:32,2025-10-12 14:52
LAB745465,ENC119208,PT12214,WBC,White Blood Cell Count,7.3,K/uL,4.5,11,N,Routine,2025-10-12 14:11,2025-10-12 14:25,2025-10-12 17:24
LAB745466,ENC119209,PT10375,GLU,Glucose,148,mg/dL,70,99,H,Routine,2025-10-12 18:29,2025-10-12 18:38,2025-10-12 22:59
LAB745467,ENC119209,PT10375,CREAT,Creatinine,2.02,mg/dL,0.6,1.3,H,STAT,2025-10-12 18:26,2025-10-12 18:33,2025-10-12 19:04
LAB745468,ENC119209,PT10375,WBC,White Blood Cell Count,9.8,K/uL,4.5,11,N,STAT,2025-10-12 19:11,2025-10-12 19:30,2025-10-12 20:47
LAB745469,ENC119209,PT10375,HGB,Hemoglobin,12.4,g/dL,12,17.5,N,STAT,2025-10-12 19:12,2025-10-12 19:17,2025-10-12 20:12
LAB745470,ENC119209,PT10375,INR,Prothrombin Time INR,1,ratio,0.8,1.2,N,Routine,2025-10-12 19:19,2025-10-12 19:33,2025-10-12 21:04
LAB745471,ENC119210,PT12408,GLU,Glucose,104,mg/dL,70,99,H,Routine,2025-10-12 16:07,2025-10-12 16:25,2025-10-12 19:00
LAB745472,ENC119210,PT12408,CREAT,Creatinine,1.09,mg/dL,0.6,1.3,N,STAT,2025-10-12 15:33,2025-10-12 15:56,2025-10-12 16:23
LAB745473,ENC119211,PT13646,GLU,Glucose,307,mg/dL,70,99,H,STAT,2025-10-12 18:47,2025-10-12 19:20,2025-10-12 20:09
LAB745474,ENC119211,PT13646,CREAT,Creatinine,0.86,mg/dL,0.6,1.3,N,STAT,2025-10-12 18:54,2025-10-12 19:05,2025-10-12 19:57
LAB745475,ENC119211,PT13646,A1C,Hemoglobin A1c,9.8,%,4,5.6,H,Routine,2025-10-12 19:01,2025-10-12 19:31,2025-10-13 05:11
LAB745476,ENC119212,PT12259,GLU,Glucose,110,mg/dL,70,99,H,STAT,2025-10-12 20:32,2025-10-12 20:45,2025-10-12 21:35
LAB745477,ENC119212,PT12259,CREAT,Creatinine,0.99,mg/dL,0.6,1.3,N,STAT,2025-10-12 19:33,2025-10-12 19:51,2025-10-12 20:22
LAB745478,ENC119212,PT12259,WBC,White Blood Cell Count,9.4,K/uL,4.5,11,N,Routine,2025-10-12 20:24,2025-10-12 20:47,2025-10-12 22:59
LAB745479,ENC119212,PT12259,HGB,Hemoglobin,15,g/dL,12,17.5,N,STAT,2025-10-12 19:43,2025-10-12 20:12,2025-10-12 20:44
LAB745480,ENC119214,PT13671,GLU,Glucose,167,mg/dL,70,99,H,STAT,2025-10-13 05:45,2025-10-13 06:01,2025-10-13 06:50
LAB745481,ENC119214,PT13671,CREAT,Creatinine,0.85,mg/dL,0.6,1.3,N,Routine,2025-10-13 05:58,2025-10-13 06:30,2025-10-13 08:00
LAB745482,ENC119214,PT13671,WBC,White Blood Cell Count,12.9,K/uL,4.5,11,H,Routine,2025-10-13 06:10,2025-10-13 06:40,2025-10-13 08:12
LAB745483,ENC119214,PT13671,HGB,Hemoglobin,14.9,g/dL,12,17.5,N,STAT,2025-10-13 05:41,2025-10-13 05:51,2025-10-13 07:11
LAB745484,ENC119215,PT11288,GLU,Glucose,110,mg/dL,70,99,H,Routine,2025-10-13 06:09,2025-10-13 06:25,2025-10-13 07:44
LAB745485,ENC119215,PT11288,CREAT,Creatinine,1.1,mg/dL,0.6,1.3,N,STAT,2025-10-13 05:58,2025-10-13 06:19,2025-10-13 07:21
LAB745486,ENC119215,PT11288,WBC,White Blood Cell Count,5.1,K/uL,4.5,11,N,Routine,2025-10-13 05:22,2025-10-13 05:28,2025-10-13 11:26
LAB745487,ENC119215,PT11288,HGB,Hemoglobin,13.9,g/dL,12,17.5,N,STAT,2025-10-13 05:44,2025-10-13 05:56,2025-10-13 06:40
LAB745488,ENC119216,PT10582,GLU,Glucose,110,mg/dL,70,99,H,STAT,2025-10-13 07:27,2025-10-13 07:58,2025-10-13 08:48
LAB745489,ENC119216,PT10582,CREAT,Creatinine,0.89,mg/dL,0.6,1.3,N,STAT,2025-10-13 07:51,2025-10-13 08:17,2025-10-13 08:54
LAB745490,ENC119216,PT10582,WBC,White Blood Cell Count,10.7,K/uL,4.5,11,N,Routine,2025-10-13 08:02,2025-10-13 08:32,2025-10-13 09:27
LAB745491,ENC119216,PT10582,HGB,Hemoglobin,13,g/dL,12,17.5,N,Routine,2025-10-13 07:50,2025-10-13 08:11,2025-10-13 12:43
LAB745492,ENC119216,PT10582,NA,Sodium,141,mmol/L,136,145,N,STAT,2025-10-13 07:35,2025-10-13 08:01,2025-10-13 08:44
LAB745493,ENC119216,PT10582,K,Potassium,4.1,mmol/L,3.5,5.1,N,STAT,2025-10-13 08:14,2025-10-13 08:37,2025-10-13 09:19
LAB745494,ENC119217,PT11671,GLU,Glucose,95,mg/dL,70,99,N,STAT,2025-10-13 04:24,2025-10-13 04:50,2025-10-13 05:32
LAB745495,ENC119217,PT11671,CREAT,Creatinine,0.49,mg/dL,0.6,1.3,L,STAT,2025-10-13 05:15,2025-10-13 05:28,2025-10-13 06:06
LAB745496,ENC119217,PT11671,WBC,White Blood Cell Count,6.8,K/uL,4.5,11,N,STAT,2025-10-13 04:26,2025-10-13 04:44,2025-10-13 06:14
LAB745497,ENC119217,PT11671,HGB,Hemoglobin,12.6,g/dL,12,17.5,N,Routine,2025-10-13 05:29,2025-10-13 05:42,2025-10-13 10:24
LAB745498,ENC119217,PT11671,BUN,Blood Urea Nitrogen,14,mg/dL,7,20,N,STAT,2025-10-13 04:19,2025-10-13 04:25,2025-10-13 05:18
LAB745499,ENC119217,PT11671,PLT,Platelet Count,269,K/uL,150,400,N,STAT,2025-10-13 04:57,2025-10-13 05:03,2025-10-13 05:52
LAB745500,ENC119218,PT12594,GLU,Glucose,243,mg/dL,70,99,H,STAT,2025-10-13 09:15,2025-10-13 09:22,2025-10-13 10:45
LAB745501,ENC119218,PT12594,CREAT,Creatinine,0.59,mg/dL,0.6,1.3,L,STAT,2025-10-13 09:38,2025-10-13 09:50,2025-10-13 10:52
LAB745502,ENC119218,PT12594,WBC,White Blood Cell Count,6.6,K/uL,4.5,11,N,Routine,2025-10-13 09:38,2025-10-13 09:52,2025-10-13 13:18
LAB745503,ENC119218,PT12594,HGB,Hemoglobin,10.5,g/dL,12,17.5,L,Routine,2025-10-13 09:28,2025-10-13 09:39,2025-10-13 15:20
LAB745504,ENC119221,PT11985,LDL,LDL Cholesterol,175,mg/dL,0,99,H,Routine,2025-10-13 08:26,2025-10-13 08:40,2025-10-14 01:15
LAB745505,ENC119223,PT13878,LDL,LDL Cholesterol,99,mg/dL,0,99,N,Routine,2025-10-13 10:40,2025-10-13 10:52,2025-10-14 00:12
LAB745506,ENC119224,PT13980,LDL,LDL Cholesterol,103,mg/dL,0,99,H,Routine,2025-10-13 11:00,2025-10-13 11:16,2025-10-13 21:48
LAB745507,ENC119224,PT13980,A1C,Hemoglobin A1c,5.6,%,4,5.6,N,Routine,2025-10-13 10:55,2025-10-13 11:03,2025-10-14 02:43
LAB745508,ENC119226,PT12552,LDL,LDL Cholesterol,81,mg/dL,0,99,N,Routine,2025-10-13 12:07,2025-10-13 12:13,2025-10-13 20:32
LAB745509,ENC119226,PT12552,A1C,Hemoglobin A1c,5.7,%,4,5.6,H,Routine,2025-10-13 12:02,2025-10-13 12:20,2025-10-13 20:52
LAB745510,ENC119228,PT11601,GLU,Glucose,107,mg/dL,70,99,H,Routine,2025-10-13 15:18,2025-10-13 15:33,2025-10-13 20:32
LAB745511,ENC119228,PT11601,CREAT,Creatinine,0.77,mg/dL,0.6,1.3,N,Routine,2025-10-13 15:38,2025-10-13 15:54,2025-10-13 21:15
LAB745512,ENC119228,PT11601,WBC,White Blood Cell Count,7.2,K/uL,4.5,11,N,STAT,2025-10-13 15:15,2025-10-13 15:42,2025-10-13 16:03
LAB745513,ENC119228,PT11601,HGB,Hemoglobin,12.9,g/dL,12,17.5,N,Routine,2025-10-13 15:22,2025-10-13 15:53,2025-10-13 18:15
LAB745514,ENC119228,PT11601,LACT,Lactate,3,mmol/L,0.5,2,H,STAT,2025-10-13 15:54,2025-10-13 16:25,2025-10-13 17:55
LAB745515,ENC119229,PT13936,GLU,Glucose,152,mg/dL,70,99,H,STAT,2025-10-13 17:23,2025-10-13 17:43,2025-10-13 19:13
LAB745516,ENC119229,PT13936,CREAT,Creatinine,2.83,mg/dL,0.6,1.3,H,Routine,2025-10-13 16:37,2025-10-13 16:50,2025-10-14 01:19
LAB745517,ENC119229,PT13936,WBC,White Blood Cell Count,9.6,K/uL,4.5,11,N,STAT,2025-10-13 17:10,2025-10-13 17:33,2025-10-13 18:16
LAB745518,ENC119229,PT13936,HGB,Hemoglobin,13.8,g/dL,12,17.5,N,Routine,2025-10-13 17:07,2025-10-13 17:16,2025-10-13 22:47
LAB745519,ENC119229,PT13936,BUN,Blood Urea Nitrogen,13,mg/dL,7,20,N,Routine,2025-10-13 17:08,2025-10-13 17:28,2025-10-13 20:44
LAB745520,ENC119229,PT13936,PLT,Platelet Count,173,K/uL,150,400,N,STAT,2025-10-13 16:25,2025-10-13 16:47,2025-10-13 17:26
LAB745521,ENC119234,PT10674,LDL,LDL Cholesterol,90,mg/dL,0,99,N,Routine,2025-10-13 14:38,2025-10-13 14:46,2025-10-13 21:21
LAB745522,ENC119235,PT13304,WBC,White Blood Cell Count,6.3,K/uL,4.5,11,N,Routine,2025-10-13 15:03,2025-10-13 15:38,2025-10-13 17:02
LAB745523,ENC119235,PT13304,HGB,Hemoglobin,14.2,g/dL,12,17.5,N,Routine,2025-10-13 15:12,2025-10-13 15:31,2025-10-13 16:48
LAB745524,ENC119235,PT13304,PLT,Platelet Count,100,K/uL,150,400,L,Routine,2025-10-13 14:56,2025-10-13 15:30,2025-10-13 21:16
LAB745525,ENC119236,PT12543,GLU,Glucose,129,mg/dL,70,99,H,Routine,2025-10-13 18:53,2025-10-13 19:04,2025-10-13 23:02
LAB745526,ENC119236,PT12543,CREAT,Creatinine,0.89,mg/dL,0.6,1.3,N,STAT,2025-10-13 18:51,2025-10-13 19:02,2025-10-13 19:40
LAB745527,ENC119236,PT12543,WBC,White Blood Cell Count,6.4,K/uL,4.5,11,N,STAT,2025-10-13 18:56,2025-10-13 19:11,2025-10-13 19:45
LAB745528,ENC119236,PT12543,HGB,Hemoglobin,10.9,g/dL,12,17.5,L,STAT,2025-10-13 18:30,2025-10-13 18:42,2025-10-13 19:11
LAB745529,ENC119239,PT10386,GLU,Glucose,108,mg/dL,70,99,H,STAT,2025-10-13 17:15,2025-10-13 17:44,2025-10-13 18:14
LAB745530,ENC119239,PT10386,CREAT,Creatinine,0.51,mg/dL,0.6,1.3,L,Routine,2025-10-13 17:15,2025-10-13 17:28,2025-10-13 19:50
LAB745531,ENC119239,PT10386,WBC,White Blood Cell Count,11.3,K/uL,4.5,11,H,STAT,2025-10-13 17:33,2025-10-13 17:58,2025-10-13 18:41
LAB745532,ENC119242,PT13142,GLU,Glucose,336,mg/dL,70,99,H,Routine,2025-10-13 18:21,2025-10-13 18:52,2025-10-13 21:22
LAB745533,ENC119242,PT13142,CREAT,Creatinine,2.59,mg/dL,0.6,1.3,H,STAT,2025-10-13 18:01,2025-10-13 18:32,2025-10-13 19:09
LAB745534,ENC119242,PT13142,WBC,White Blood Cell Count,8.9,K/uL,4.5,11,N,STAT,2025-10-13 17:57,2025-10-13 18:05,2025-10-13 18:43
LAB745535,ENC119242,PT13142,A1C,Hemoglobin A1c,11.1,%,4,5.6,H,Routine,2025-10-13 18:37,2025-10-13 19:11,2025-10-14 01:25
LAB745536,ENC119243,PT10545,GLU,Glucose,122,mg/dL,70,99,H,STAT,2025-10-13 18:30,2025-10-13 18:45,2025-10-13 19:17
LAB745537,ENC119243,PT10545,CREAT,Creatinine,4.04,mg/dL,0.6,1.3,H,STAT,2025-10-13 18:43,2025-10-13 19:01,2025-10-13 19:29
LAB745538,ENC119243,PT10545,WBC,White Blood Cell Count,7.2,K/uL,4.5,11,N,Routine,2025-10-13 18:27,2025-10-13 18:46,2025-10-13 20:42
LAB745539,ENC119243,PT10545,HGB,Hemoglobin,13.6,g/dL,12,17.5,N,STAT,2025-10-13 19:07,2025-10-13 19:36,2025-10-13 20:08
LAB745540,ENC119243,PT10545,NA,Sodium,140,mmol/L,136,145,N,Routine,2025-10-13 19:10,2025-10-13 19:21,2025-10-13 20:55
LAB745541,ENC119243,PT10545,K,Potassium,5.3,mmol/L,3.5,5.1,H,STAT,2025-10-13 19:11,2025-10-13 19:37,2025-10-13 20:59
LAB745542,ENC119244,PT10172,A1C,Hemoglobin A1c,12.1,%,4,5.6,H,STAT,2025-10-13 18:57,2025-10-13 19:20,2025-10-13 19:52
LAB745543,ENC119245,PT11298,GLU,Glucose,104,mg/dL,70,99,H,STAT,2025-10-13 21:31,2025-10-13 21:38,2025-10-13 22:08
LAB745544,ENC119245,PT11298,CREAT,Creatinine,0.71,mg/dL,0.6,1.3,N,Routine,2025-10-13 22:18,2025-10-13 22:39,2025-10-14 02:08
LAB745545,ENC119245,PT11298,WBC,White Blood Cell Count,6.2,K/uL,4.5,11,N,STAT,2025-10-13 21:43,2025-10-13 22:06,2025-10-13 22:48
LAB745546,ENC119245,PT11298,HGB,Hemoglobin,13.6,g/dL,12,17.5,N,STAT,2025-10-13 21:37,2025-10-13 22:12,2025-10-13 22:52
LAB745547,ENC119245,PT11298,TROP,"Troponin I, High Sensitivity",6,ng/L,0,34,N,STAT,2025-10-13 21:48,2025-10-13 21:57,2025-10-13 23:37
LAB745548,ENC119245,PT11298,BNP,B-Type Natriuretic Peptide,793,pg/mL,0,100,H,STAT,2025-10-13 22:27,2025-10-13 22:52,2025-10-13 23:47
LAB745549,ENC119248,PT11395,GLU,Glucose,102,mg/dL,70,99,H,Routine,2025-10-14 02:29,2025-10-14 02:35,2025-10-14 04:11
LAB745550,ENC119248,PT11395,CREAT,Creatinine,0.85,mg/dL,0.6,1.3,N,Routine,2025-10-14 02:37,2025-10-14 02:46,2025-10-14 04:21
LAB745551,ENC119248,PT11395,WBC,White Blood Cell Count,13.6,K/uL,4.5,11,H,STAT,2025-10-14 02:26,2025-10-14 03:00,2025-10-14 04:14
LAB745552,ENC119248,PT11395,HGB,Hemoglobin,14.2,g/dL,12,17.5,N,Routine,2025-10-14 01:56,2025-10-14 02:15,2025-10-14 04:47
LAB745553,ENC119248,PT11395,NA,Sodium,141,mmol/L,136,145,N,STAT,2025-10-14 02:42,2025-10-14 02:52,2025-10-14 03:17
LAB745554,ENC119248,PT11395,K,Potassium,4.4,mmol/L,3.5,5.1,N,STAT,2025-10-14 02:16,2025-10-14 02:29,2025-10-14 03:09
LAB745555,ENC119249,PT10429,GLU,Glucose,260,mg/dL,70,99,H,STAT,2025-10-14 02:36,2025-10-14 02:48,2025-10-14 03:30
LAB745556,ENC119249,PT10429,CREAT,Creatinine,0.72,mg/dL,0.6,1.3,N,Routine,2025-10-14 02:56,2025-10-14 03:13,2025-10-14 08:31
LAB745557,ENC119249,PT10429,WBC,White Blood Cell Count,8.3,K/uL,4.5,11,N,STAT,2025-10-14 02:27,2025-10-14 03:01,2025-10-14 04:06
LAB745558,ENC119249,PT10429,HGB,Hemoglobin,13.6,g/dL,12,17.5,N,STAT,2025-10-14 02:41,2025-10-14 03:01,2025-10-14 03:39
LAB745559,ENC119249,PT10429,NA,Sodium,144,mmol/L,136,145,N,STAT,2025-10-14 03:03,2025-10-14 03:33,2025-10-14 04:15
LAB745560,ENC119249,PT10429,K,Potassium,3.8,mmol/L,3.5,5.1,N,STAT,2025-10-14 02:51,2025-10-14 03:26,2025-10-14 04:20
LAB745561,ENC119250,PT12244,GLU,Glucose,147,mg/dL,70,99,H,STAT,2025-10-14 01:45,2025-10-14 01:52,2025-10-14 02:20
LAB745562,ENC119250,PT12244,CREAT,Creatinine,1.06,mg/dL,0.6,1.3,N,Routine,2025-10-14 01:58,2025-10-14 02:04,2025-10-14 05:04
LAB745563,ENC119250,PT12244,WBC,White Blood Cell Count,9.3,K/uL,4.5,11,N,Routine,2025-10-14 01:12,2025-10-14 01:25,2025-10-14 05:06
LAB745564,ENC119250,PT12244,HGB,Hemoglobin,15.5,g/dL,12,17.5,N,Routine,2025-10-14 02:10,2025-10-14 02:16,2025-10-14 05:38
LAB745565,ENC119250,PT12244,TROP,"Troponin I, High Sensitivity",7,ng/L,0,34,N,STAT,2025-10-14 01:29,2025-10-14 01:51,2025-10-14 03:17
LAB745566,ENC119251,PT10818,GLU,Glucose,107,mg/dL,70,99,H,STAT,2025-10-14 00:35,2025-10-14 00:41,2025-10-14 01:26
LAB745567,ENC119251,PT10818,CREAT,Creatinine,2.42,mg/dL,0.6,1.3,H,Routine,2025-10-14 00:58,2025-10-14 01:18,2025-10-14 02:56
LAB745568,ENC119251,PT10818,WBC,White Blood Cell Count,5.4,K/uL,4.5,11,N,STAT,2025-10-14 01:13,2025-10-14 01:24,2025-10-14 02:13
LAB745569,ENC119251,PT10818,HGB,Hemoglobin,11,g/dL,12,17.5,L,STAT,2025-10-14 00:59,2025-10-14 01:33,2025-10-14 02:08
LAB745570,ENC119251,PT10818,TROP,"Troponin I, High Sensitivity",276,ng/L,0,34,H,STAT,2025-10-14 00:27,2025-10-14 00:32,2025-10-14 01:07
LAB745571,ENC119253,PT11146,GLU,Glucose,103,mg/dL,70,99,H,STAT,2025-10-14 06:39,2025-10-14 06:58,2025-10-14 08:08
LAB745572,ENC119253,PT11146,CREAT,Creatinine,1.14,mg/dL,0.6,1.3,N,Routine,2025-10-14 06:27,2025-10-14 06:48,2025-10-14 08:30
LAB745573,ENC119253,PT11146,WBC,White Blood Cell Count,17.9,K/uL,4.5,11,H,STAT,2025-10-14 07:13,2025-10-14 07:39,2025-10-14 08:18
LAB745574,ENC119255,PT12650,GLU,Glucose,76,mg/dL,70,99,N,STAT,2025-10-14 10:08,2025-10-14 10:13,2025-10-14 10:53
LAB745575,ENC119255,PT12650,CREAT,Creatinine,3.07,mg/dL,0.6,1.3,H,STAT,2025-10-14 09:02,2025-10-14 09:24,2025-10-14 10:23
LAB745576,ENC119256,PT11552,LDL,LDL Cholesterol,120,mg/dL,0,99,H,Routine,2025-10-14 09:39,2025-10-14 09:57,2025-10-14 23:08
LAB745577,ENC119259,PT10600,GLU,Glucose,89,mg/dL,70,99,N,STAT,2025-10-14 14:22,2025-10-14 14:33,2025-10-14 16:06
LAB745578,ENC119259,PT10600,CREAT,Creatinine,0.46,mg/dL,0.6,1.3,L,STAT,2025-10-14 14:04,2025-10-14 14:20,2025-10-14 14:45
LAB745579,ENC119259,PT10600,WBC,White Blood Cell Count,7.2,K/uL,4.5,11,N,STAT,2025-10-14 14:12,2025-10-14 14:31,2025-10-14 15:26
LAB745580,ENC119259,PT10600,HGB,Hemoglobin,14.8,g/dL,12,17.5,N,STAT,2025-10-14 14:12,2025-10-14 14:45,2025-10-14 15:12
LAB745581,ENC119267,PT11913,LDL,LDL Cholesterol,79,mg/dL,0,99,N,Routine,2025-10-14 12:23,2025-10-14 12:41,2025-10-15 00:37
LAB745582,ENC119267,PT11913,TSH,Thyroid Stimulating Hormone,2.89,mIU/L,0.4,4,N,Routine,2025-10-14 12:39,2025-10-14 12:59,2025-10-15 05:14
LAB745583,ENC119268,PT11362,LDL,LDL Cholesterol,84,mg/dL,0,99,N,Routine,2025-10-14 12:40,2025-10-14 13:03,2025-10-15 03:33
LAB745584,ENC119271,PT12367,GLU,Glucose,120,mg/dL,70,99,H,STAT,2025-10-14 13:41,2025-10-14 14:13,2025-10-14 14:51
LAB745585,ENC119271,PT12367,CREAT,Creatinine,1.09,mg/dL,0.6,1.3,N,STAT,2025-10-14 13:51,2025-10-14 14:11,2025-10-14 15:17
LAB745586,ENC119271,PT12367,WBC,White Blood Cell Count,4,K/uL,4.5,11,L,STAT,2025-10-14 13:45,2025-10-14 13:55,2025-10-14 14:31
LAB745587,ENC119271,PT12367,HGB,Hemoglobin,12.9,g/dL,12,17.5,N,Routine,2025-10-14 13:42,2025-10-14 14:12,2025-10-14 19:03
LAB745588,ENC119272,PT12075,GLU,Glucose,116,mg/dL,70,99,H,STAT,2025-10-14 14:15,2025-10-14 14:46,2025-10-14 15:12
LAB745589,ENC119272,PT12075,CREAT,Creatinine,1.13,mg/dL,0.6,1.3,N,STAT,2025-10-14 14:16,2025-10-14 14:42,2025-10-14 15:21
LAB745590,ENC119274,PT10628,GLU,Glucose,112,mg/dL,70,99,H,Routine,2025-10-14 18:26,2025-10-14 18:33,2025-10-15 00:43
LAB745591,ENC119274,PT10628,CREAT,Creatinine,0.73,mg/dL,0.6,1.3,N,STAT,2025-10-14 18:35,2025-10-14 19:01,2025-10-14 19:30
LAB745592,ENC119274,PT10628,WBC,White Blood Cell Count,11,K/uL,4.5,11,N,Routine,2025-10-14 18:24,2025-10-14 18:46,2025-10-14 21:09
LAB745593,ENC119274,PT10628,HGB,Hemoglobin,12.6,g/dL,12,17.5,N,STAT,2025-10-14 17:39,2025-10-14 18:04,2025-10-14 19:00
LAB745594,ENC119278,PT10544,GLU,Glucose,80,mg/dL,70,99,N,STAT,2025-10-14 16:07,2025-10-14 16:33,2025-10-14 17:23
LAB745595,ENC119278,PT10544,CREAT,Creatinine,0.97,mg/dL,0.6,1.3,N,STAT,2025-10-14 16:33,2025-10-14 16:37,2025-10-14 17:29
LAB745596,ENC119279,PT11534,LDL,LDL Cholesterol,138,mg/dL,0,99,H,Routine,2025-10-14 16:14,2025-10-14 16:21,2025-10-15 07:42
LAB745597,ENC119280,PT10721,WBC,White Blood Cell Count,7.7,K/uL,4.5,11,N,Routine,2025-10-14 16:42,2025-10-14 17:00,2025-10-14 20:17
LAB745598,ENC119280,PT10721,HGB,Hemoglobin,11.9,g/dL,12,17.5,L,Routine,2025-10-14 16:50,2025-10-14 16:54,2025-10-14 21:16
LAB745599,ENC119280,PT10721,PLT,Platelet Count,216,K/uL,150,400,N,Routine,2025-10-14 16:35,2025-10-14 16:50,2025-10-14 19:44
LAB745600,ENC119281,PT10686,GLU,Glucose,99,mg/dL,70,99,N,STAT,2025-10-14 17:32,2025-10-14 18:07,2025-10-14 18:38
LAB745601,ENC119281,PT10686,CREAT,Creatinine,0.94,mg/dL,0.6,1.3,N,STAT,2025-10-14 17:18,2025-10-14 17:34,2025-10-14 18:48
LAB745602,ENC119281,PT10686,WBC,White Blood Cell Count,5.1,K/uL,4.5,11,N,Routine,2025-10-14 16:50,2025-10-14 16:55,2025-10-14 18:51
LAB745603,ENC119281,PT10686,HGB,Hemoglobin,14.9,g/dL,12,17.5,N,Routine,2025-10-14 16:55,2025-10-14 17:13,2025-10-14 23:37
LAB745604,ENC119283,PT10906,GLU,Glucose,165,mg/dL,70,99,H,Routine,2025-10-14 22:14,2025-10-14 22:42,2025-10-15 00:29
LAB745605,ENC119283,PT10906,CREAT,Creatinine,1.03,mg/dL,0.6,1.3,N,Routine,2025-10-14 22:46,2025-10-14 22:50,2025-10-14 23:56
LAB745606,ENC119283,PT10906,WBC,White Blood Cell Count,8.6,K/uL,4.5,11,N,STAT,2025-10-14 22:48,2025-10-14 23:01,2025-10-15 00:01
LAB745607,ENC119283,PT10906,HGB,Hemoglobin,13.4,g/dL,12,17.5,N,STAT,2025-10-14 22:18,2025-10-14 22:33,2025-10-14 23:48
LAB745608,ENC119283,PT10906,NA,Sodium,142,mmol/L,136,145,N,STAT,2025-10-14 22:18,2025-10-14 22:22,2025-10-14 23:15
LAB745609,ENC119283,PT10906,K,Potassium,3.6,mmol/L,3.5,5.1,N,STAT,2025-10-14 22:23,2025-10-14 22:46,2025-10-14 23:30
LAB745610,ENC119284,PT12209,GLU,Glucose,237,mg/dL,70,99,H,STAT,2025-10-14 19:42,2025-10-14 19:53,2025-10-14 20:37
LAB745611,ENC119284,PT12209,CREAT,Creatinine,0.8,mg/dL,0.6,1.3,N,Routine,2025-10-14 20:34,2025-10-14 21:05,2025-10-15 02:01
LAB745612,ENC119284,PT12209,WBC,White Blood Cell Count,5.9,K/uL,4.5,11,N,Routine,2025-10-14 20:24,2025-10-14 20:57,2025-10-15 00:09
LAB745613,ENC119284,PT12209,HGB,Hemoglobin,14.6,g/dL,12,17.5,N,Routine,2025-10-14 20:19,2025-10-14 20:43,2025-10-14 23:32
LAB745614,ENC119284,PT12209,A1C,Hemoglobin A1c,8.9,%,4,5.6,H,STAT,2025-10-14 19:48,2025-10-14 20:18,2025-10-14 21:30
LAB745615,ENC119285,PT12210,GLU,Glucose,113,mg/dL,70,99,H,STAT,2025-10-14 23:45,2025-10-14 23:55,2025-10-15 01:03
LAB745616,ENC119285,PT12210,CREAT,Creatinine,1.34,mg/dL,0.6,1.3,H,STAT,2025-10-14 23:49,2025-10-15 00:12,2025-10-15 01:40
LAB745617,ENC119285,PT12210,WBC,White Blood Cell Count,13.2,K/uL,4.5,11,H,Routine,2025-10-15 00:00,2025-10-15 00:26,2025-10-15 03:52
LAB745618,ENC119285,PT12210,HGB,Hemoglobin,12.2,g/dL,12,17.5,N,Routine,2025-10-15 00:23,2025-10-15 00:47,2025-10-15 03:18
LAB745619,ENC119285,PT12210,LACT,Lactate,4.6,mmol/L,0.5,2,HH,STAT,2025-10-15 00:23,2025-10-15 00:50,2025-10-15 01:28
LAB745620,ENC119286,PT10679,GLU,Glucose,190,mg/dL,70,99,H,STAT,2025-10-14 20:54,2025-10-14 21:24,2025-10-14 22:25
LAB745621,ENC119286,PT10679,CREAT,Creatinine,1.17,mg/dL,0.6,1.3,N,STAT,2025-10-14 21:05,2025-10-14 21:33,2025-10-14 22:57
LAB745622,ENC119286,PT10679,WBC,White Blood Cell Count,10.6,K/uL,4.5,11,N,STAT,2025-10-14 21:10,2025-10-14 21:35,2025-10-14 22:00
LAB745623,ENC119286,PT10679,HGB,Hemoglobin,13,g/dL,12,17.5,N,Routine,2025-10-14 21:44,2025-10-14 22:03,2025-10-15 01:14
LAB745624,ENC119286,PT10679,A1C,Hemoglobin A1c,9,%,4,5.6,H,STAT,2025-10-14 21:17,2025-10-14 21:23,2025-10-14 22:28
LAB745625,ENC119287,PT12070,GLU,Glucose,111,mg/dL,70,99,H,STAT,2025-10-15 01:31,2025-10-15 01:45,2025-10-15 02:31
LAB745626,ENC119287,PT12070,CREAT,Creatinine,1.21,mg/dL,0.6,1.3,N,STAT,2025-10-15 01:17,2025-10-15 01:39,2025-10-15 02:32
LAB745627,ENC119287,PT12070,WBC,White Blood Cell Count,5.9,K/uL,4.5,11,N,STAT,2025-10-15 01:35,2025-10-15 01:53,2025-10-15 02:26
LAB745628,ENC119287,PT12070,HGB,Hemoglobin,8.3,g/dL,12,17.5,L,Routine,2025-10-15 00:54,2025-10-15 01:10,2025-10-15 02:03
LAB745629,ENC119287,PT12070,LACT,Lactate,2,mmol/L,0.5,2,N,STAT,2025-10-15 01:47,2025-10-15 02:13,2025-10-15 03:06
LAB745630,ENC119287,PT12070,INR,Prothrombin Time INR,1,ratio,0.8,1.2,N,Routine,2025-10-15 00:50,2025-10-15 01:09,2025-10-15 07:43
LAB745631,ENC119288,PT11510,TROP,"Troponin I, High Sensitivity",52,ng/L,0,34,H,STAT,2025-10-14 22:01,2025-10-14 22:33,2025-10-14 23:43
LAB745632,ENC119289,PT12272,GLU,Glucose,136,mg/dL,70,99,H,STAT,2025-10-14 23:42,2025-10-15 00:01,2025-10-15 00:59
LAB745633,ENC119289,PT12272,CREAT,Creatinine,0.91,mg/dL,0.6,1.3,N,Routine,2025-10-14 23:20,2025-10-14 23:30,2025-10-15 08:09
LAB745634,ENC119289,PT12272,WBC,White Blood Cell Count,16.4,K/uL,4.5,11,H,STAT,2025-10-14 22:59,2025-10-14 23:04,2025-10-14 23:54
LAB745635,ENC119289,PT12272,HGB,Hemoglobin,14,g/dL,12,17.5,N,STAT,2025-10-14 23:14,2025-10-14 23:38,2025-10-15 00:20
LAB745636,ENC119289,PT12272,LACT,Lactate,1.4,mmol/L,0.5,2,N,STAT,2025-10-15 00:06,2025-10-15 00:41,2025-10-15 01:30
LAB745637,ENC119290,PT10646,GLU,Glucose,125,mg/dL,70,99,H,Routine,2025-10-15 04:05,2025-10-15 04:30,2025-10-15 08:20
LAB745638,ENC119290,PT10646,CREAT,Creatinine,0.98,mg/dL,0.6,1.3,N,STAT,2025-10-15 03:55,2025-10-15 04:16,2025-10-15 05:07
LAB745639,ENC119290,PT10646,WBC,White Blood Cell Count,6.8,K/uL,4.5,11,N,STAT,2025-10-15 04:27,2025-10-15 04:54,2025-10-15 05:51
LAB745640,ENC119290,PT10646,HGB,Hemoglobin,14.1,g/dL,12,17.5,N,Routine,2025-10-15 04:31,2025-10-15 04:58,2025-10-15 06:45
LAB745641,ENC119290,PT10646,TROP,"Troponin I, High Sensitivity",6,ng/L,0,34,N,STAT,2025-10-15 03:52,2025-10-15 04:13,2025-10-15 05:32
LAB745642,ENC119294,PT11219,A1C,Hemoglobin A1c,6.1,%,4,5.6,H,Routine,2025-10-15 08:50,2025-10-15 09:18,2025-10-16 11:51
LAB745643,ENC119295,PT10605,LDL,LDL Cholesterol,130,mg/dL,0,99,H,Routine,2025-10-15 09:08,2025-10-15 09:21,2025-10-16 13:37
LAB745644,ENC119296,PT11926,LDL,LDL Cholesterol,100,mg/dL,0,99,H,Routine,2025-10-15 09:57,2025-10-15 10:18,2025-10-15 18:48
LAB745645,ENC119296,PT11926,A1C,Hemoglobin A1c,5.8,%,4,5.6,H,Routine,2025-10-15 09:38,2025-10-15 09:56,2025-10-16 01:06
LAB745646,ENC119299,PT11183,LDL,LDL Cholesterol,124,mg/dL,0,99,H,Routine,2025-10-15 11:00,2025-10-15 11:33,2025-10-15 16:27
LAB745647,ENC119300,PT10625,GLU,Glucose,106,mg/dL,70,99,H,STAT,2025-10-15 13:47,2025-10-15 13:58,2025-10-15 14:31
LAB745648,ENC119300,PT10625,CREAT,Creatinine,1.1,mg/dL,0.6,1.3,N,STAT,2025-10-15 13:54,2025-10-15 14:09,2025-10-15 14:52
LAB745649,ENC119300,PT10625,WBC,White Blood Cell Count,5.5,K/uL,4.5,11,N,STAT,2025-10-15 14:06,2025-10-15 14:28,2025-10-15 15:31
LAB745650,ENC119300,PT10625,HGB,Hemoglobin,12.8,g/dL,12,17.5,N,STAT,2025-10-15 13:38,2025-10-15 14:05,2025-10-15 14:33
LAB745651,ENC119301,PT10113,GLU,Glucose,118,mg/dL,70,99,H,Routine,2025-10-15 15:55,2025-10-15 16:03,2025-10-15 18:17
LAB745652,ENC119301,PT10113,CREAT,Creatinine,0.84,mg/dL,0.6,1.3,N,STAT,2025-10-15 15:28,2025-10-15 15:32,2025-10-15 16:15
LAB745653,ENC119301,PT10113,WBC,White Blood Cell Count,7.5,K/uL,4.5,11,N,STAT,2025-10-15 15:53,2025-10-15 16:04,2025-10-15 17:29
LAB745654,ENC119301,PT10113,HGB,Hemoglobin,12.7,g/dL,12,17.5,N,Routine,2025-10-15 15:32,2025-10-15 15:57,2025-10-15 18:20
LAB745655,ENC119301,PT10113,INR,Prothrombin Time INR,1,ratio,0.8,1.2,N,Routine,2025-10-15 16:21,2025-10-15 16:38,2025-10-15 19:34
LAB745656,ENC119308,PT11496,WBC,White Blood Cell Count,4.5,K/uL,4.5,11,N,Routine,2025-10-15 14:38,2025-10-15 15:07,2025-10-15 17:05
LAB745657,ENC119308,PT11496,HGB,Hemoglobin,16.2,g/dL,12,17.5,N,Routine,2025-10-15 14:39,2025-10-15 14:56,2025-10-15 16:53
LAB745658,ENC119308,PT11496,PLT,Platelet Count,229,K/uL,150,400,N,Routine,2025-10-15 14:57,2025-10-15 15:29,2025-10-15 19:39
LAB745659,ENC119309,PT10966,GLU,Glucose,120,mg/dL,70,99,H,STAT,2025-10-15 18:57,2025-10-15 19:15,2025-10-15 20:25
LAB745660,ENC119309,PT10966,CREAT,Creatinine,0.92,mg/dL,0.6,1.3,N,STAT,2025-10-15 19:17,2025-10-15 19:23,2025-10-15 20:18
LAB745661,ENC119309,PT10966,WBC,White Blood Cell Count,7.9,K/uL,4.5,11,N,STAT,2025-10-15 19:35,2025-10-15 20:05,2025-10-15 21:00
LAB745662,ENC119309,PT10966,HGB,Hemoglobin,14.9,g/dL,12,17.5,N,STAT,2025-10-15 19:25,2025-10-15 19:55,2025-10-15 20:23
LAB745663,ENC119309,PT10966,NA,Sodium,140,mmol/L,136,145,N,Routine,2025-10-15 19:50,2025-10-15 19:56,2025-10-15 23:58
LAB745664,ENC119309,PT10966,K,Potassium,3.3,mmol/L,3.5,5.1,L,STAT,2025-10-15 19:19,2025-10-15 19:27,2025-10-15 20:28
LAB745665,ENC119311,PT11156,A1C,Hemoglobin A1c,5.2,%,4,5.6,N,Routine,2025-10-15 16:10,2025-10-15 16:24,2025-10-17 06:39
LAB745666,ENC119313,PT13403,LDL,LDL Cholesterol,159,mg/dL,0,99,H,Routine,2025-10-15 16:47,2025-10-15 16:56,2025-10-16 13:36
LAB745667,ENC119313,PT13403,TSH,Thyroid Stimulating Hormone,2.83,mIU/L,0.4,4,N,Routine,2025-10-15 16:38,2025-10-15 16:56,2025-10-16 10:15
LAB745668,ENC119314,PT13554,GLU,Glucose,84,mg/dL,70,99,N,STAT,2025-10-15 18:37,2025-10-15 18:46,2025-10-15 19:32
LAB745669,ENC119314,PT13554,CREAT,Creatinine,0.46,mg/dL,0.6,1.3,L,Routine,2025-10-15 18:48,2025-10-15 19:16,2025-10-15 23:49
LAB745670,ENC119315,PT11270,GLU,Glucose,81,mg/dL,70,99,N,STAT,2025-10-15 20:15,2025-10-15 20:19,2025-10-15 21:09
LAB745671,ENC119315,PT11270,CREAT,Creatinine,2.52,mg/dL,0.6,1.3,H,STAT,2025-10-15 19:33,2025-10-15 19:46,2025-10-15 20:43
LAB745672,ENC119315,PT11270,WBC,White Blood Cell Count,7.9,K/uL,4.5,11,N,STAT,2025-10-15 20:16,2025-10-15 20:40,2025-10-15 22:28
LAB745673,ENC119315,PT11270,HGB,Hemoglobin,11.1,g/dL,12,17.5,L,STAT,2025-10-15 20:18,2025-10-15 20:31,2025-10-15 21:00
LAB745674,ENC119315,PT11270,NA,Sodium,142,mmol/L,136,145,N,STAT,2025-10-15 19:35,2025-10-15 20:02,2025-10-15 20:45
LAB745675,ENC119315,PT11270,K,Potassium,4.6,mmol/L,3.5,5.1,N,STAT,2025-10-15 20:36,2025-10-15 20:44,2025-10-15 23:30
LAB745676,ENC119315,PT11270,BUN,Blood Urea Nitrogen,22,mg/dL,7,20,H,STAT,2025-10-15 20:09,2025-10-15 20:43,2025-10-15 21:26
LAB745677,ENC119315,PT11270,PLT,Platelet Count,152,K/uL,150,400,N,Routine,2025-10-15 20:01,2025-10-15 20:19,2025-10-16 00:06
LAB745678,ENC119315,PT11270,INR,Prothrombin Time INR,2.6,ratio,0.8,1.2,H,Routine,2025-10-15 19:28,2025-10-15 20:00,2025-10-16 01:13
LAB745679,ENC119317,PT11802,GLU,Glucose,112,mg/dL,70,99,H,Routine,2025-10-16 02:30,2025-10-16 02:51,2025-10-16 06:43
LAB745680,ENC119317,PT11802,CREAT,Creatinine,1.43,mg/dL,0.6,1.3,H,STAT,2025-10-16 03:18,2025-10-16 03:32,2025-10-16 04:13
LAB745681,ENC119317,PT11802,WBC,White Blood Cell Count,5.5,K/uL,4.5,11,N,Routine,2025-10-16 02:31,2025-10-16 02:41,2025-10-16 04:35
LAB745682,ENC119317,PT11802,HGB,Hemoglobin,10.3,g/dL,12,17.5,L,Routine,2025-10-16 02:33,2025-10-16 03:03,2025-10-16 06:07
LAB745683,ENC119318,PT10458,GLU,Glucose,121,mg/dL,70,99,H,Routine,2025-10-16 04:31,2025-10-16 04:43,2025-10-16 07:44
LAB745684,ENC119318,PT10458,CREAT,Creatinine,0.8,mg/dL,0.6,1.3,N,STAT,2025-10-16 04:43,2025-10-16 05:15,2025-10-16 06:13
LAB745685,ENC119318,PT10458,WBC,White Blood Cell Count,4.9,K/uL,4.5,11,N,STAT,2025-10-16 04:14,2025-10-16 04:33,2025-10-16 05:04
LAB745686,ENC119318,PT10458,HGB,Hemoglobin,11.5,g/dL,12,17.5,L,STAT,2025-10-16 03:53,2025-10-16 04:03,2025-10-16 05:09
LAB745687,ENC119318,PT10458,NA,Sodium,143,mmol/L,136,145,N,STAT,2025-10-16 03:43,2025-10-16 04:18,2025-10-16 04:55
LAB745688,ENC119318,PT10458,K,Potassium,4.3,mmol/L,3.5,5.1,N,STAT,2025-10-16 03:46,2025-10-16 04:13,2025-10-16 05:05
LAB745689,ENC119320,PT13582,GLU,Glucose,91,mg/dL,70,99,N,STAT,2025-10-16 06:59,2025-10-16 07:14,2025-10-16 07:55
LAB745690,ENC119320,PT13582,CREAT,Creatinine,1.02,mg/dL,0.6,1.3,N,Routine,2025-10-16 07:16,2025-10-16 07:48,2025-10-16 09:56
LAB745691,ENC119321,PT13923,A1C,Hemoglobin A1c,9.6,%,4,5.6,H,Routine,2025-10-16 08:19,2025-10-16 08:48,2025-10-16 18:24
LAB745692,ENC119321,PT13923,GLU,Glucose,151,mg/dL,70,99,H,Routine,2025-10-16 08:09,2025-10-16 08:35,2025-10-16 12:17
LAB745693,ENC119321,PT13923,CREAT,Creatinine,0.95,mg/dL,0.6,1.3,N,Routine,2025-10-16 08:23,2025-10-16 08:46,2025-10-16 09:58
LAB745694,ENC119322,PT12020,GLU,Glucose,90,mg/dL,70,99,N,STAT,2025-10-16 08:56,2025-10-16 09:22,2025-10-16 10:08
LAB745695,ENC119322,PT12020,CREAT,Creatinine,0.59,mg/dL,0.6,1.3,L,STAT,2025-10-16 09:07,2025-10-16 09:14,2025-10-16 09:47
LAB745696,ENC119322,PT12020,WBC,White Blood Cell Count,8.3,K/uL,4.5,11,N,STAT,2025-10-16 08:27,2025-10-16 08:43,2025-10-16 09:12
LAB745697,ENC119322,PT12020,HGB,Hemoglobin,14.2,g/dL,12,17.5,N,STAT,2025-10-16 08:27,2025-10-16 08:47,2025-10-16 09:49
LAB745698,ENC119325,PT11065,A1C,Hemoglobin A1c,5.1,%,4,5.6,N,Routine,2025-10-16 11:13,2025-10-16 11:28,2025-10-17 07:49
LAB745699,ENC119327,PT11042,GLU,Glucose,95,mg/dL,70,99,N,STAT,2025-10-16 16:08,2025-10-16 16:16,2025-10-16 19:32
LAB745700,ENC119327,PT11042,CREAT,Creatinine,0.69,mg/dL,0.6,1.3,N,Routine,2025-10-16 16:10,2025-10-16 16:33,2025-10-16 22:51
LAB745701,ENC119327,PT11042,WBC,White Blood Cell Count,6.9,K/uL,4.5,11,N,STAT,2025-10-16 15:20,2025-10-16 15:53,2025-10-16 16:56
LAB745702,ENC119327,PT11042,HGB,Hemoglobin,16.9,g/dL,12,17.5,N,Routine,2025-10-16 15:13,2025-10-16 15:19,2025-10-16 20:52
LAB745703,ENC119329,PT10420,GLU,Glucose,202,mg/dL,70,99,H,Routine,2025-10-16 12:48,2025-10-16 12:57,2025-10-16 16:27
LAB745704,ENC119329,PT10420,CREAT,Creatinine,0.97,mg/dL,0.6,1.3,N,STAT,2025-10-16 12:32,2025-10-16 12:40,2025-10-16 13:08
LAB745705,ENC119331,PT12625,GLU,Glucose,78,mg/dL,70,99,N,STAT,2025-10-16 12:19,2025-10-16 12:26,2025-10-16 13:32
LAB745706,ENC119331,PT12625,CREAT,Creatinine,1.04,mg/dL,0.6,1.3,N,STAT,2025-10-16 13:22,2025-10-16 13:26,2025-10-16 13:57
LAB745707,ENC119331,PT12625,WBC,White Blood Cell Count,2.3,K/uL,4.5,11,L,STAT,2025-10-16 12:44,2025-10-16 13:03,2025-10-16 13:42
LAB745708,ENC119331,PT12625,HGB,Hemoglobin,9.1,g/dL,12,17.5,L,Routine,2025-10-16 13:10,2025-10-16 13:18,2025-10-16 14:31
LAB745709,ENC119332,PT13022,A1C,Hemoglobin A1c,5.7,%,4,5.6,H,Routine,2025-10-16 12:47,2025-10-16 13:10,2025-10-17 01:29
LAB745710,ENC119335,PT13107,GLU,Glucose,85,mg/dL,70,99,N,Routine,2025-10-16 18:30,2025-10-16 18:43,2025-10-16 20:22
LAB745711,ENC119335,PT13107,CREAT,Creatinine,0.93,mg/dL,0.6,1.3,N,STAT,2025-10-16 18:30,2025-10-16 19:04,2025-10-16 19:31
LAB745712,ENC119335,PT13107,WBC,White Blood Cell Count,6.4,K/uL,4.5,11,N,STAT,2025-10-16 18:32,2025-10-16 18:59,2025-10-16 20:34
LAB745713,ENC119335,PT13107,HGB,Hemoglobin,13.7,g/dL,12,17.5,N,Routine,2025-10-16 18:01,2025-10-16 18:29,2025-10-16 23:15
LAB745714,ENC119335,PT13107,NA,Sodium,142,mmol/L,136,145,N,STAT,2025-10-16 19:02,2025-10-16 19:14,2025-10-16 19:46
LAB745715,ENC119335,PT13107,K,Potassium,4.4,mmol/L,3.5,5.1,N,STAT,2025-10-16 18:34,2025-10-16 19:08,2025-10-16 19:45
LAB745716,ENC119336,PT11933,WBC,White Blood Cell Count,8.6,K/uL,4.5,11,N,Routine,2025-10-16 13:55,2025-10-16 14:06,2025-10-16 20:30
LAB745717,ENC119336,PT11933,HGB,Hemoglobin,13.8,g/dL,12,17.5,N,Routine,2025-10-16 13:42,2025-10-16 13:54,2025-10-16 17:29
LAB745718,ENC119336,PT11933,PLT,Platelet Count,290,K/uL,150,400,N,Routine,2025-10-16 13:39,2025-10-16 13:55,2025-10-16 15:29
LAB745719,ENC119337,PT13832,GLU,Glucose,100,mg/dL,70,99,H,Routine,2025-10-16 18:33,2025-10-16 19:03,2025-10-16 20:35
LAB745720,ENC119337,PT13832,CREAT,Creatinine,3.22,mg/dL,0.6,1.3,H,STAT,2025-10-16 17:46,2025-10-16 18:02,2025-10-16 18:54
LAB745721,ENC119337,PT13832,WBC,White Blood Cell Count,8.6,K/uL,4.5,11,N,Routine,2025-10-16 18:02,2025-10-16 18:33,2025-10-16 20:40
LAB745722,ENC119337,PT13832,HGB,Hemoglobin,11.5,g/dL,12,17.5,L,Routine,2025-10-16 18:03,2025-10-16 18:35,2025-10-16 22:49
LAB745723,ENC119337,PT13832,NA,Sodium,141,mmol/L,136,145,N,STAT,2025-10-16 18:43,2025-10-16 18:49,2025-10-16 19:31
LAB745724,ENC119337,PT13832,K,Potassium,6.2,mmol/L,3.5,5.1,H,STAT,2025-10-16 18:28,2025-10-16 18:50,2025-10-16 19:35
LAB745725,ENC119337,PT13832,BUN,Blood Urea Nitrogen,19,mg/dL,7,20,N,Routine,2025-10-16 18:00,2025-10-16 18:20,2025-10-16 22:09
LAB745726,ENC119337,PT13832,PLT,Platelet Count,185,K/uL,150,400,N,STAT,2025-10-16 18:26,2025-10-16 18:58,2025-10-16 19:33
LAB745727,ENC119338,PT13958,GLU,Glucose,110,mg/dL,70,99,H,Routine,2025-10-16 18:41,2025-10-16 19:15,2025-10-16 20:54
LAB745728,ENC119338,PT13958,CREAT,Creatinine,0.57,mg/dL,0.6,1.3,L,STAT,2025-10-16 18:48,2025-10-16 19:18,2025-10-16 20:13
LAB745729,ENC119338,PT13958,WBC,White Blood Cell Count,7.7,K/uL,4.5,11,N,STAT,2025-10-16 18:33,2025-10-16 19:01,2025-10-16 19:37
LAB745730,ENC119338,PT13958,HGB,Hemoglobin,15.2,g/dL,12,17.5,N,Routine,2025-10-16 18:20,2025-10-16 18:38,2025-10-16 23:51
LAB745731,ENC119338,PT13958,NA,Sodium,138,mmol/L,136,145,N,STAT,2025-10-16 18:32,2025-10-16 18:58,2025-10-16 19:44
LAB745732,ENC119338,PT13958,K,Potassium,4.6,mmol/L,3.5,5.1,N,STAT,2025-10-16 18:05,2025-10-16 18:11,2025-10-16 18:57
LAB745733,ENC119338,PT13958,TROP,"Troponin I, High Sensitivity",596,ng/L,0,34,H,STAT,2025-10-16 18:10,2025-10-16 18:43,2025-10-16 19:35
LAB745734,ENC119339,PT11515,LDL,LDL Cholesterol,63,mg/dL,0,99,N,Routine,2025-10-16 15:05,2025-10-16 15:21,2025-10-17 02:30
LAB745735,ENC119339,PT11515,A1C,Hemoglobin A1c,5.4,%,4,5.6,N,Routine,2025-10-16 15:07,2025-10-16 15:41,2025-10-17 07:26
LAB745736,ENC119339,PT11515,TSH,Thyroid Stimulating Hormone,4,mIU/L,0.4,4,N,Routine,2025-10-16 15:10,2025-10-16 15:34,2025-10-17 01:11
LAB745737,ENC119342,PT13565,GLU,Glucose,124,mg/dL,70,99,H,STAT,2025-10-16 16:39,2025-10-16 16:50,2025-10-16 17:33
LAB745738,ENC119342,PT13565,CREAT,Creatinine,0.51,mg/dL,0.6,1.3,L,STAT,2025-10-16 17:30,2025-10-16 17:52,2025-10-16 18:11
LAB745739,ENC119344,PT13634,GLU,Glucose,98,mg/dL,70,99,N,STAT,2025-10-16 18:09,2025-10-16 18:17,2025-10-16 19:04
LAB745740,ENC119344,PT13634,CREAT,Creatinine,0.49,mg/dL,0.6,1.3,L,STAT,2025-10-16 17:21,2025-10-16 17:33,2025-10-16 18:40
LAB745741,ENC119344,PT13634,WBC,White Blood Cell Count,7.2,K/uL,4.5,11,N,STAT,2025-10-16 17:27,2025-10-16 18:02,2025-10-16 19:16
LAB745742,ENC119346,PT10597,GLU,Glucose,109,mg/dL,70,99,H,STAT,2025-10-16 19:13,2025-10-16 19:30,2025-10-16 20:16
LAB745743,ENC119346,PT10597,CREAT,Creatinine,0.94,mg/dL,0.6,1.3,N,Routine,2025-10-16 19:49,2025-10-16 20:22,2025-10-16 21:53
LAB745744,ENC119346,PT10597,WBC,White Blood Cell Count,9.1,K/uL,4.5,11,N,STAT,2025-10-16 19:39,2025-10-16 19:43,2025-10-16 20:26
LAB745745,ENC119346,PT10597,HGB,Hemoglobin,12.2,g/dL,12,17.5,N,STAT,2025-10-16 19:23,2025-10-16 19:58,2025-10-16 20:26
LAB745746,ENC119346,PT10597,TROP,"Troponin I, High Sensitivity",2,ng/L,0,34,N,STAT,2025-10-16 19:55,2025-10-16 20:06,2025-10-16 20:55
LAB745747,ENC119346,PT10597,BNP,B-Type Natriuretic Peptide,2428,pg/mL,0,100,H,Routine,2025-10-16 19:15,2025-10-16 19:29,2025-10-16 22:28
LAB745748,ENC119349,PT13242,GLU,Glucose,181,mg/dL,70,99,H,Routine,2025-10-16 23:48,2025-10-17 00:16,2025-10-17 01:40
LAB745749,ENC119349,PT13242,CREAT,Creatinine,1.09,mg/dL,0.6,1.3,N,Routine,2025-10-16 23:51,2025-10-17 00:17,2025-10-17 03:25
LAB745750,ENC119349,PT13242,WBC,White Blood Cell Count,3.9,K/uL,4.5,11,L,STAT,2025-10-16 23:28,2025-10-16 23:43,2025-10-17 01:00
LAB745751,ENC119349,PT13242,HGB,Hemoglobin,15.3,g/dL,12,17.5,N,STAT,2025-10-16 23:29,2025-10-16 23:40,2025-10-17 00:29
LAB745752,ENC119349,PT13242,NA,Sodium,136,mmol/L,136,145,N,Routine,2025-10-16 23:51,2025-10-17 00:12,2025-10-17 02:46
LAB745753,ENC119349,PT13242,K,Potassium,4,mmol/L,3.5,5.1,N,STAT,2025-10-17 00:05,2025-10-17 00:33,2025-10-17 00:57
LAB745754,ENC119349,PT13242,BUN,Blood Urea Nitrogen,14,mg/dL,7,20,N,STAT,2025-10-16 23:25,2025-10-16 23:57,2025-10-17 00:40
LAB745755,ENC119349,PT13242,PLT,Platelet Count,226,K/uL,150,400,N,STAT,2025-10-17 00:18,2025-10-17 00:27,2025-10-17 01:19
LAB745756,ENC119350,PT13414,GLU,Glucose,110,mg/dL,70,99,H,STAT,2025-10-17 02:15,2025-10-17 02:48,2025-10-17 03:38
LAB745757,ENC119350,PT13414,CREAT,Creatinine,0.45,mg/dL,0.6,1.3,L,STAT,2025-10-17 01:38,2025-10-17 01:52,2025-10-17 02:50
LAB745758,ENC119350,PT13414,WBC,White Blood Cell Count,16.2,K/uL,4.5,11,H,Routine,2025-10-17 01:27,2025-10-17 01:36,2025-10-17 07:43
LAB745759,ENC119350,PT13414,HGB,Hemoglobin,14.7,g/dL,12,17.5,N,Routine,2025-10-17 02:03,2025-10-17 02:21,2025-10-17 03:20
LAB745760,ENC119350,PT13414,NA,Sodium,142,mmol/L,136,145,N,Routine,2025-10-17 02:05,2025-10-17 02:21,2025-10-17 05:18
LAB745761,ENC119350,PT13414,K,Potassium,4,mmol/L,3.5,5.1,N,STAT,2025-10-17 01:18,2025-10-17 01:49,2025-10-17 03:05
LAB745762,ENC119350,PT13414,BUN,Blood Urea Nitrogen,7,mg/dL,7,20,N,STAT,2025-10-17 02:16,2025-10-17 02:40,2025-10-17 03:15
LAB745763,ENC119350,PT13414,PLT,Platelet Count,186,K/uL,150,400,N,STAT,2025-10-17 02:14,2025-10-17 02:36,2025-10-17 03:21
LAB745764,ENC119351,PT12460,GLU,Glucose,261,mg/dL,70,99,H,Routine,2025-10-17 02:06,2025-10-17 02:32,2025-10-17 05:30
LAB745765,ENC119351,PT12460,CREAT,Creatinine,1.34,mg/dL,0.6,1.3,H,STAT,2025-10-17 02:27,2025-10-17 02:54,2025-10-17 03:12
LAB745766,ENC119351,PT12460,WBC,White Blood Cell Count,22.5,K/uL,4.5,11,H,Routine,2025-10-17 01:39,2025-10-17 01:59,2025-10-17 03:16
LAB745767,ENC119351,PT12460,HGB,Hemoglobin,14.1,g/dL,12,17.5,N,STAT,2025-10-17 01:41,2025-10-17 02:08,2025-10-17 02:36
LAB745768,ENC119351,PT12460,LACT,Lactate,2.5,mmol/L,0.5,2,H,STAT,2025-10-17 01:33,2025-10-17 01:40,2025-10-17 02:45
LAB745769,ENC119353,PT12432,GLU,Glucose,111,mg/dL,70,99,H,STAT,2025-10-17 05:56,2025-10-17 06:10,2025-10-17 06:51
LAB745770,ENC119353,PT12432,CREAT,Creatinine,1.32,mg/dL,0.6,1.3,H,STAT,2025-10-17 06:34,2025-10-17 06:58,2025-10-17 07:25
LAB745771,ENC119355,PT11215,GLU,Glucose,125,mg/dL,70,99,H,STAT,2025-10-17 07:28,2025-10-17 08:00,2025-10-17 09:21
LAB745772,ENC119355,PT11215,CREAT,Creatinine,0.95,mg/dL,0.6,1.3,N,Routine,2025-10-17 08:03,2025-10-17 08:29,2025-10-17 12:35
LAB745773,ENC119355,PT11215,WBC,White Blood Cell Count,6.1,K/uL,4.5,11,N,STAT,2025-10-17 07:49,2025-10-17 08:01,2025-10-17 09:12
LAB745774,ENC119355,PT11215,HGB,Hemoglobin,13.6,g/dL,12,17.5,N,STAT,2025-10-17 08:18,2025-10-17 08:39,2025-10-17 09:38
LAB745775,ENC119356,PT11674,GLU,Glucose,107,mg/dL,70,99,H,Routine,2025-10-17 11:55,2025-10-17 12:01,2025-10-17 15:18
LAB745776,ENC119356,PT11674,CREAT,Creatinine,0.91,mg/dL,0.6,1.3,N,Routine,2025-10-17 12:09,2025-10-17 12:29,2025-10-17 18:54
LAB745777,ENC119356,PT11674,WBC,White Blood Cell Count,17.1,K/uL,4.5,11,H,STAT,2025-10-17 11:43,2025-10-17 11:53,2025-10-17 13:23
LAB745778,ENC119356,PT11674,HGB,Hemoglobin,12.5,g/dL,12,17.5,N,STAT,2025-10-17 12:22,2025-10-17 12:28,2025-10-17 13:17
LAB745779,ENC119358,PT10131,A1C,Hemoglobin A1c,8.2,%,4,5.6,H,Routine,2025-10-17 09:18,2025-10-17 09:29,2025-10-18 06:32
LAB745780,ENC119360,PT13185,A1C,Hemoglobin A1c,7.6,%,4,5.6,H,Routine,2025-10-17 10:08,2025-10-17 10:12,2025-10-17 18:33
LAB745781,ENC119360,PT13185,GLU,Glucose,163,mg/dL,70,99,H,Routine,2025-10-17 10:19,2025-10-17 10:37,2025-10-17 15:13
LAB745782,ENC119360,PT13185,CREAT,Creatinine,1.03,mg/dL,0.6,1.3,N,Routine,2025-10-17 10:06,2025-10-17 10:41,2025-10-17 12:25
LAB745783,ENC119362,PT11371,GLU,Glucose,120,mg/dL,70,99,H,STAT,2025-10-17 11:43,2025-10-17 12:14,2025-10-17 12:54
LAB745784,ENC119362,PT11371,CREAT,Creatinine,1.57,mg/dL,0.6,1.3,H,Routine,2025-10-17 11:09,2025-10-17 11:15,2025-10-17 15:45
LAB745785,ENC119362,PT11371,WBC,White Blood Cell Count,6.4,K/uL,4.5,11,N,Routine,2025-10-17 11:09,2025-10-17 11:15,2025-10-17 14:33
LAB745786,ENC119362,PT11371,HGB,Hemoglobin,8.9,g/dL,12,17.5,L,STAT,2025-10-17 11:13,2025-10-17 11:26,2025-10-17 12:00
LAB745787,ENC119362,PT11371,TROP,"Troponin I, High Sensitivity",40,ng/L,0,34,H,STAT,2025-10-17 11:58,2025-10-17 12:30,2025-10-17 13:08
LAB745788,ENC119362,PT11371,BNP,B-Type Natriuretic Peptide,362,pg/mL,0,100,H,Routine,2025-10-17 11:09,2025-10-17 11:41,2025-10-17 13:19
LAB745789,ENC119363,PT12699,LDL,LDL Cholesterol,134,mg/dL,0,99,H,Routine,2025-10-17 11:53,2025-10-17 12:19,2025-10-18 01:50
LAB745790,ENC119363,PT12699,A1C,Hemoglobin A1c,4.8,%,4,5.6,N,Routine,2025-10-17 11:59,2025-10-17 12:24,2025-10-18 02:42
LAB745791,ENC119365,PT11721,A1C,Hemoglobin A1c,9.4,%,4,5.6,H,Routine,2025-10-17 12:26,2025-10-17 13:00,2025-10-18 09:23
LAB745792,ENC119366,PT13164,LDL,LDL Cholesterol,100,mg/dL,0,99,H,Routine,2025-10-17 12:51,2025-10-17 13:08,2025-10-18 00:36
LAB745793,ENC119367,PT12321,A1C,Hemoglobin A1c,5.3,%,4,5.6,N,Routine,2025-10-17 13:04,2025-10-17 13:08,2025-10-18 06:59
LAB745794,ENC119368,PT10900,A1C,Hemoglobin A1c,5,%,4,5.6,N,Routine,2025-10-17 12:54,2025-10-17 13:04,2025-10-17 21:23
LAB745795,ENC119368,PT10900,GLU,Glucose,129,mg/dL,70,99,H,Routine,2025-10-17 13:06,2025-10-17 13:26,2025-10-17 22:21
LAB745796,ENC119368,PT10900,CREAT,Creatinine,1.07,mg/dL,0.6,1.3,N,Routine,2025-10-17 13:06,2025-10-17 13:32,2025-10-17 15:34
LAB745797,ENC119369,PT11738,GLU,Glucose,225,mg/dL,70,99,H,STAT,2025-10-17 13:58,2025-10-17 14:33,2025-10-17 14:59
LAB745798,ENC119369,PT11738,CREAT,Creatinine,0.78,mg/dL,0.6,1.3,N,STAT,2025-10-17 13:51,2025-10-17 14:03,2025-10-17 14:24
LAB745799,ENC119369,PT11738,WBC,White Blood Cell Count,9.3,K/uL,4.5,11,N,STAT,2025-10-17 13:56,2025-10-17 14:18,2025-10-17 15:01
LAB745800,ENC119369,PT11738,HGB,Hemoglobin,16.4,g/dL,12,17.5,N,STAT,2025-10-17 12:53,2025-10-17 13:28,2025-10-17 13:59
LAB745801,ENC119371,PT12244,GLU,Glucose,303,mg/dL,70,99,H,STAT,2025-10-17 13:49,2025-10-17 14:11,2025-10-17 14:40
LAB745802,ENC119371,PT12244,CREAT,Creatinine,1.21,mg/dL,0.6,1.3,N,STAT,2025-10-17 14:46,2025-10-17 15:19,2025-10-17 16:09
LAB745803,ENC119373,PT11145,GLU,Glucose,118,mg/dL,70,99,H,STAT,2025-10-17 14:09,2025-10-17 14:33,2025-10-17 15:10
LAB745804,ENC119373,PT11145,CREAT,Creatinine,1.12,mg/dL,0.6,1.3,N,Routine,2025-10-17 14:53,2025-10-17 15:04,2025-10-17 19:12
LAB745805,ENC119374,PT11749,WBC,White Blood Cell Count,8.4,K/uL,4.5,11,N,Routine,2025-10-17 14:39,2025-10-17 14:50,2025-10-17 17:50
LAB745806,ENC119374,PT11749,HGB,Hemoglobin,10.2,g/dL,12,17.5,L,Routine,2025-10-17 14:39,2025-10-17 14:54,2025-10-17 18:35
LAB745807,ENC119374,PT11749,PLT,Platelet Count,329,K/uL,150,400,N,Routine,2025-10-17 14:50,2025-10-17 15:01,2025-10-17 20:09
LAB745808,ENC119375,PT11101,GLU,Glucose,215,mg/dL,70,99,H,STAT,2025-10-17 16:49,2025-10-17 17:10,2025-10-17 18:09
LAB745809,ENC119375,PT11101,CREAT,Creatinine,0.94,mg/dL,0.6,1.3,N,Routine,2025-10-17 16:00,2025-10-17 16:07,2025-10-17 19:24
LAB745810,ENC119375,PT11101,WBC,White Blood Cell Count,4.7,K/uL,4.5,11,N,Routine,2025-10-17 16:41,2025-10-17 17:08,2025-10-17 19:20
LAB745811,ENC119375,PT11101,HGB,Hemoglobin,16,g/dL,12,17.5,N,Routine,2025-10-17 16:21,2025-10-17 16:29,2025-10-17 18:07
LAB745812,ENC119378,PT10450,LDL,LDL Cholesterol,114,mg/dL,0,99,H,Routine,2025-10-17 15:29,2025-10-17 15:33,2025-10-17 23:07
LAB745813,ENC119378,PT10450,A1C,Hemoglobin A1c,5.3,%,4,5.6,N,Routine,2025-10-17 15:29,2025-10-17 15:42,2025-10-18 16:04
LAB745814,ENC119378,PT10450,TSH,Thyroid Stimulating Hormone,1.67,mIU/L,0.4,4,N,Routine,2025-10-17 15:35,2025-10-17 15:43,2025-10-18 04:31
LAB745815,ENC119379,PT13324,GLU,Glucose,132,mg/dL,70,99,H,STAT,2025-10-17 20:18,2025-10-17 20:24,2025-10-17 21:18
LAB745816,ENC119379,PT13324,CREAT,Creatinine,1.11,mg/dL,0.6,1.3,N,Routine,2025-10-17 20:11,2025-10-17 20:15,2025-10-18 01:22
LAB745817,ENC119379,PT13324,WBC,White Blood Cell Count,8.2,K/uL,4.5,11,N,STAT,2025-10-17 21:08,2025-10-17 21:25,2025-10-17 22:19
LAB745818,ENC119379,PT13324,HGB,Hemoglobin,12.3,g/dL,12,17.5,N,STAT,2025-10-17 20:41,2025-10-17 20:59,2025-10-17 21:47
LAB745819,ENC119379,PT13324,NA,Sodium,136,mmol/L,136,145,N,STAT,2025-10-17 20:32,2025-10-17 20:55,2025-10-17 22:10
LAB745820,ENC119379,PT13324,K,Potassium,4.2,mmol/L,3.5,5.1,N,STAT,2025-10-17 20:48,2025-10-17 21:12,2025-10-17 21:53
LAB745821,ENC119379,PT13324,BUN,Blood Urea Nitrogen,9,mg/dL,7,20,N,STAT,2025-10-17 20:09,2025-10-17 20:43,2025-10-17 21:47
LAB745822,ENC119379,PT13324,PLT,Platelet Count,339,K/uL,150,400,N,STAT,2025-10-17 20:57,2025-10-17 21:16,2025-10-17 22:17
LAB745823,ENC119379,PT13324,INR,Prothrombin Time INR,0.9,ratio,0.8,1.2,N,STAT,2025-10-17 20:45,2025-10-17 21:02,2025-10-17 21:38
LAB745824,ENC119380,PT10891,GLU,Glucose,124,mg/dL,70,99,H,Routine,2025-10-17 22:28,2025-10-17 23:01,2025-10-18 02:00
LAB745825,ENC119380,PT10891,CREAT,Creatinine,1.27,mg/dL,0.6,1.3,N,STAT,2025-10-17 22:49,2025-10-17 23:15,2025-10-17 23:39
LAB745826,ENC119380,PT10891,WBC,White Blood Cell Count,8.1,K/uL,4.5,11,N,STAT,2025-10-17 23:07,2025-10-17 23:17,2025-10-18 00:16
LAB745827,ENC119380,PT10891,HGB,Hemoglobin,13,g/dL,12,17.5,N,STAT,2025-10-17 22:25,2025-10-17 22:47,2025-10-18 00:33
LAB745828,ENC119380,PT10891,BUN,Blood Urea Nitrogen,8,mg/dL,7,20,N,Routine,2025-10-17 23:05,2025-10-17 23:35,2025-10-18 04:44
LAB745829,ENC119380,PT10891,PLT,Platelet Count,242,K/uL,150,400,N,STAT,2025-10-17 22:01,2025-10-17 22:29,2025-10-17 23:04
LAB745830,ENC119382,PT10011,GLU,Glucose,69,mg/dL,70,99,L,Routine,2025-10-18 00:25,2025-10-18 00:47,2025-10-18 05:30
LAB745831,ENC119382,PT10011,CREAT,Creatinine,1.93,mg/dL,0.6,1.3,H,STAT,2025-10-18 00:47,2025-10-18 00:55,2025-10-18 01:33
LAB745832,ENC119382,PT10011,WBC,White Blood Cell Count,7.7,K/uL,4.5,11,N,Routine,2025-10-18 01:19,2025-10-18 01:24,2025-10-18 04:39
LAB745833,ENC119382,PT10011,HGB,Hemoglobin,11.1,g/dL,12,17.5,L,Routine,2025-10-18 01:01,2025-10-18 01:26,2025-10-18 07:33
LAB745834,ENC119383,PT10521,GLU,Glucose,101,mg/dL,70,99,H,STAT,2025-10-17 22:25,2025-10-17 22:44,2025-10-17 23:19
LAB745835,ENC119383,PT10521,CREAT,Creatinine,0.75,mg/dL,0.6,1.3,N,Routine,2025-10-17 22:40,2025-10-17 22:46,2025-10-18 00:39
LAB745836,ENC119383,PT10521,WBC,White Blood Cell Count,6,K/uL,4.5,11,N,STAT,2025-10-17 22:45,2025-10-17 23:15,2025-10-17 23:38
LAB745837,ENC119383,PT10521,HGB,Hemoglobin,12.8,g/dL,12,17.5,N,STAT,2025-10-17 22:39,2025-10-17 22:55,2025-10-17 23:38
LAB745838,ENC119383,PT10521,TROP,"Troponin I, High Sensitivity",5,ng/L,0,34,N,STAT,2025-10-17 22:46,2025-10-17 22:54,2025-10-17 23:42
LAB745839,ENC119384,PT12649,GLU,Glucose,103,mg/dL,70,99,H,Routine,2025-10-17 22:44,2025-10-17 22:49,2025-10-18 05:33
LAB745840,ENC119384,PT12649,CREAT,Creatinine,1.03,mg/dL,0.6,1.3,N,STAT,2025-10-17 22:10,2025-10-17 22:34,2025-10-17 23:57
LAB745841,ENC119384,PT12649,WBC,White Blood Cell Count,6.2,K/uL,4.5,11,N,STAT,2025-10-17 23:02,2025-10-17 23:13,2025-10-18 00:03
LAB745842,ENC119385,PT10533,GLU,Glucose,126,mg/dL,70,99,H,Routine,2025-10-18 02:22,2025-10-18 02:41,2025-10-18 03:51
LAB745843,ENC119385,PT10533,CREAT,Creatinine,1.07,mg/dL,0.6,1.3,N,STAT,2025-10-18 02:22,2025-10-18 02:56,2025-10-18 03:42
LAB745844,ENC119385,PT10533,WBC,White Blood Cell Count,10.1,K/uL,4.5,11,N,Routine,2025-10-18 02:43,2025-10-18 03:12,2025-10-18 06:26
LAB745845,ENC119385,PT10533,HGB,Hemoglobin,15.1,g/dL,12,17.5,N,STAT,2025-10-18 03:26,2025-10-18 03:33,2025-10-18 04:30
LAB745846,ENC119385,PT10533,INR,Prothrombin Time INR,1.1,ratio,0.8,1.2,N,STAT,2025-10-18 03:18,2025-10-18 03:30,2025-10-18 04:02
LAB745847,ENC119386,PT12221,GLU,Glucose,406,mg/dL,70,99,H,Routine,2025-10-18 02:12,2025-10-18 02:47,2025-10-18 05:54
LAB745848,ENC119386,PT12221,CREAT,Creatinine,1.04,mg/dL,0.6,1.3,N,STAT,2025-10-18 02:05,2025-10-18 02:17,2025-10-18 03:02
LAB745849,ENC119386,PT12221,WBC,White Blood Cell Count,5.2,K/uL,4.5,11,N,STAT,2025-10-18 02:37,2025-10-18 03:04,2025-10-18 04:15
LAB745850,ENC119386,PT12221,HGB,Hemoglobin,12.8,g/dL,12,17.5,N,Routine,2025-10-18 02:00,2025-10-18 02:19,2025-10-18 05:43
LAB745851,ENC119386,PT12221,NA,Sodium,138,mmol/L,136,145,N,Routine,2025-10-18 03:08,2025-10-18 03:36,2025-10-18 06:20
LAB745852,ENC119386,PT12221,K,Potassium,4.3,mmol/L,3.5,5.1,N,STAT,2025-10-18 02:39,2025-10-18 02:52,2025-10-18 03:35
LAB745853,ENC119386,PT12221,BUN,Blood Urea Nitrogen,15,mg/dL,7,20,N,STAT,2025-10-18 02:51,2025-10-18 02:55,2025-10-18 04:14
LAB745854,ENC119386,PT12221,PLT,Platelet Count,350,K/uL,150,400,N,STAT,2025-10-18 02:11,2025-10-18 02:24,2025-10-18 03:38
LAB745855,ENC119386,PT12221,A1C,Hemoglobin A1c,12,%,4,5.6,H,STAT,2025-10-18 02:44,2025-10-18 03:05,2025-10-18 03:30
LAB745856,ENC119387,PT11112,GLU,Glucose,120,mg/dL,70,99,H,Routine,2025-10-18 00:27,2025-10-18 00:50,2025-10-18 09:03
LAB745857,ENC119387,PT11112,CREAT,Creatinine,1.02,mg/dL,0.6,1.3,N,STAT,2025-10-17 23:28,2025-10-18 00:03,2025-10-18 01:13
LAB745858,ENC119387,PT11112,WBC,White Blood Cell Count,5.8,K/uL,4.5,11,N,STAT,2025-10-17 23:46,2025-10-18 00:11,2025-10-18 01:05
LAB745859,ENC119388,PT11105,GLU,Glucose,88,mg/dL,70,99,N,STAT,2025-10-18 03:12,2025-10-18 03:45,2025-10-18 04:37
LAB745860,ENC119388,PT11105,CREAT,Creatinine,0.76,mg/dL,0.6,1.3,N,Routine,2025-10-18 03:07,2025-10-18 03:37,2025-10-18 04:52
LAB745861,ENC119388,PT11105,WBC,White Blood Cell Count,7.8,K/uL,4.5,11,N,STAT,2025-10-18 03:07,2025-10-18 03:27,2025-10-18 04:04
LAB745862,ENC119388,PT11105,HGB,Hemoglobin,13.4,g/dL,12,17.5,N,STAT,2025-10-18 03:41,2025-10-18 04:06,2025-10-18 05:40
LAB745863,ENC119388,PT11105,TROP,"Troponin I, High Sensitivity",974,ng/L,0,34,H,STAT,2025-10-18 03:03,2025-10-18 03:22,2025-10-18 04:21
LAB745864,ENC119389,PT10559,GLU,Glucose,115,mg/dL,70,99,H,STAT,2025-10-18 05:18,2025-10-18 05:24,2025-10-18 06:13
LAB745865,ENC119389,PT10559,CREAT,Creatinine,1.48,mg/dL,0.6,1.3,H,STAT,2025-10-18 05:20,2025-10-18 05:47,2025-10-18 06:38
LAB745866,ENC119389,PT10559,WBC,White Blood Cell Count,21,K/uL,4.5,11,H,STAT,2025-10-18 05:13,2025-10-18 05:31,2025-10-18 05:56
LAB745867,ENC119389,PT10559,HGB,Hemoglobin,14.2,g/dL,12,17.5,N,STAT,2025-10-18 04:17,2025-10-18 04:37,2025-10-18 05:49
LAB745868,ENC119389,PT10559,LACT,Lactate,5.3,mmol/L,0.5,2,HH,STAT,2025-10-18 04:50,2025-10-18 05:09,2025-10-18 06:26
LAB745869,ENC119390,PT11315,GLU,Glucose,78,mg/dL,70,99,N,STAT,2025-10-18 02:38,2025-10-18 02:55,2025-10-18 03:26
LAB745870,ENC119390,PT11315,CREAT,Creatinine,0.75,mg/dL,0.6,1.3,N,Routine,2025-10-18 03:10,2025-10-18 03:41,2025-10-18 04:38
LAB745871,ENC119390,PT11315,WBC,White Blood Cell Count,7.8,K/uL,4.5,11,N,STAT,2025-10-18 03:05,2025-10-18 03:09,2025-10-18 03:41
LAB745872,ENC119390,PT11315,HGB,Hemoglobin,13.1,g/dL,12,17.5,N,STAT,2025-10-18 03:20,2025-10-18 03:38,2025-10-18 04:40
LAB745873,ENC119391,PT11670,GLU,Glucose,117,mg/dL,70,99,H,Routine,2025-10-18 03:48,2025-10-18 04:01,2025-10-18 06:43
LAB745874,ENC119391,PT11670,CREAT,Creatinine,0.96,mg/dL,0.6,1.3,N,STAT,2025-10-18 03:24,2025-10-18 03:43,2025-10-18 04:07
LAB745875,ENC119391,PT11670,WBC,White Blood Cell Count,6.6,K/uL,4.5,11,N,Routine,2025-10-18 03:19,2025-10-18 03:44,2025-10-18 06:12
LAB745876,ENC119391,PT11670,HGB,Hemoglobin,14.9,g/dL,12,17.5,N,STAT,2025-10-18 03:44,2025-10-18 03:53,2025-10-18 04:27
LAB745877,ENC119392,PT13957,GLU,Glucose,136,mg/dL,70,99,H,STAT,2025-10-18 07:38,2025-10-18 07:49,2025-10-18 08:32
LAB745878,ENC119392,PT13957,CREAT,Creatinine,1.44,mg/dL,0.6,1.3,H,STAT,2025-10-18 07:23,2025-10-18 07:41,2025-10-18 09:20
LAB745879,ENC119392,PT13957,WBC,White Blood Cell Count,2.1,K/uL,4.5,11,L,Routine,2025-10-18 07:11,2025-10-18 07:23,2025-10-18 09:57
LAB745880,ENC119392,PT13957,HGB,Hemoglobin,15.4,g/dL,12,17.5,N,Routine,2025-10-18 07:01,2025-10-18 07:18,2025-10-18 11:20
LAB745881,ENC119392,PT13957,LACT,Lactate,2,mmol/L,0.5,2,N,STAT,2025-10-18 07:19,2025-10-18 07:27,2025-10-18 08:31
LAB745882,ENC119397,PT10035,GLU,Glucose,152,mg/dL,70,99,H,STAT,2025-10-18 17:18,2025-10-18 17:50,2025-10-18 18:32
LAB745883,ENC119397,PT10035,CREAT,Creatinine,1.01,mg/dL,0.6,1.3,N,STAT,2025-10-18 17:17,2025-10-18 17:25,2025-10-18 17:49
LAB745884,ENC119397,PT10035,WBC,White Blood Cell Count,11.8,K/uL,4.5,11,H,STAT,2025-10-18 17:43,2025-10-18 17:51,2025-10-18 18:49
LAB745885,ENC119397,PT10035,HGB,Hemoglobin,11.9,g/dL,12,17.5,L,STAT,2025-10-18 17:06,2025-10-18 17:23,2025-10-18 18:07
LAB745886,ENC119398,PT13555,GLU,Glucose,230,mg/dL,70,99,H,STAT,2025-10-18 21:00,2025-10-18 21:16,2025-10-18 22:21
LAB745887,ENC119398,PT13555,CREAT,Creatinine,1.23,mg/dL,0.6,1.3,N,Routine,2025-10-18 20:59,2025-10-18 21:14,2025-10-19 00:08
LAB745888,ENC119398,PT13555,WBC,White Blood Cell Count,7.4,K/uL,4.5,11,N,STAT,2025-10-18 20:44,2025-10-18 20:50,2025-10-18 22:05
LAB745889,ENC119398,PT13555,HGB,Hemoglobin,12.7,g/dL,12,17.5,N,STAT,2025-10-18 20:39,2025-10-18 21:08,2025-10-18 21:34
LAB745890,ENC119398,PT13555,NA,Sodium,135,mmol/L,136,145,L,STAT,2025-10-18 20:23,2025-10-18 20:51,2025-10-18 21:43
LAB745891,ENC119398,PT13555,K,Potassium,4.4,mmol/L,3.5,5.1,N,STAT,2025-10-18 20:22,2025-10-18 20:37,2025-10-18 21:37
LAB745892,ENC119399,PT10476,GLU,Glucose,169,mg/dL,70,99,H,STAT,2025-10-18 23:34,2025-10-19 00:04,2025-10-19 01:52
LAB745893,ENC119399,PT10476,CREAT,Creatinine,0.99,mg/dL,0.6,1.3,N,STAT,2025-10-18 23:25,2025-10-18 23:34,2025-10-19 00:20
LAB745894,ENC119399,PT10476,WBC,White Blood Cell Count,15.3,K/uL,4.5,11,H,Routine,2025-10-18 23:39,2025-10-18 23:52,2025-10-19 04:09
LAB745895,ENC119399,PT10476,HGB,Hemoglobin,10.8,g/dL,12,17.5,L,STAT,2025-10-18 23:36,2025-10-19 00:04,2025-10-19 00:50
LAB745896,ENC119401,PT10099,GLU,Glucose,104,mg/dL,70,99,H,STAT,2025-10-19 04:18,2025-10-19 04:27,2025-10-19 05:15
LAB745897,ENC119401,PT10099,CREAT,Creatinine,1.03,mg/dL,0.6,1.3,N,Routine,2025-10-19 04:42,2025-10-19 05:10,2025-10-19 08:21
LAB745898,ENC119401,PT10099,WBC,White Blood Cell Count,7.7,K/uL,4.5,11,N,STAT,2025-10-19 04:08,2025-10-19 04:24,2025-10-19 05:11
LAB745899,ENC119401,PT10099,HGB,Hemoglobin,13.8,g/dL,12,17.5,N,STAT,2025-10-19 04:38,2025-10-19 04:49,2025-10-19 06:25
LAB745900,ENC119402,PT11991,GLU,Glucose,188,mg/dL,70,99,H,STAT,2025-10-19 07:26,2025-10-19 07:38,2025-10-19 08:45
LAB745901,ENC119402,PT11991,CREAT,Creatinine,1.07,mg/dL,0.6,1.3,N,STAT,2025-10-19 07:17,2025-10-19 07:32,2025-10-19 08:22
LAB745902,ENC119402,PT11991,WBC,White Blood Cell Count,6.6,K/uL,4.5,11,N,STAT,2025-10-19 07:31,2025-10-19 07:52,2025-10-19 08:27
LAB745903,ENC119402,PT11991,HGB,Hemoglobin,14.7,g/dL,12,17.5,N,Routine,2025-10-19 07:18,2025-10-19 07:42,2025-10-19 09:21
LAB745904,ENC119403,PT10568,GLU,Glucose,110,mg/dL,70,99,H,Routine,2025-10-19 09:10,2025-10-19 09:30,2025-10-19 11:14
LAB745905,ENC119403,PT10568,CREAT,Creatinine,0.91,mg/dL,0.6,1.3,N,STAT,2025-10-19 09:21,2025-10-19 09:48,2025-10-19 10:35
LAB745906,ENC119403,PT10568,WBC,White Blood Cell Count,7,K/uL,4.5,11,N,Routine,2025-10-19 09:45,2025-10-19 10:20,2025-10-19 13:07
LAB745907,ENC119403,PT10568,HGB,Hemoglobin,17,g/dL,12,17.5,N,STAT,2025-10-19 09:17,2025-10-19 09:47,2025-10-19 10:13
LAB745908,ENC119403,PT10568,NA,Sodium,139,mmol/L,136,145,N,Routine,2025-10-19 10:00,2025-10-19 10:19,2025-10-19 14:41
LAB745909,ENC119403,PT10568,K,Potassium,3.8,mmol/L,3.5,5.1,N,STAT,2025-10-19 10:01,2025-10-19 10:10,2025-10-19 11:32
LAB745910,ENC119403,PT10568,BUN,Blood Urea Nitrogen,18,mg/dL,7,20,N,STAT,2025-10-19 10:07,2025-10-19 10:15,2025-10-19 10:51
LAB745911,ENC119403,PT10568,PLT,Platelet Count,236,K/uL,150,400,N,Routine,2025-10-19 09:59,2025-10-19 10:27,2025-10-19 13:01
LAB745912,ENC119403,PT10568,TROP,"Troponin I, High Sensitivity",415,ng/L,0,34,H,STAT,2025-10-19 09:23,2025-10-19 09:27,2025-10-19 10:12
LAB745913,ENC119404,PT13915,GLU,Glucose,118,mg/dL,70,99,H,Routine,2025-10-19 08:01,2025-10-19 08:31,2025-10-19 11:50
LAB745914,ENC119404,PT13915,CREAT,Creatinine,0.75,mg/dL,0.6,1.3,N,STAT,2025-10-19 08:23,2025-10-19 08:48,2025-10-19 09:34
LAB745915,ENC119404,PT13915,WBC,White Blood Cell Count,6.3,K/uL,4.5,11,N,STAT,2025-10-19 07:55,2025-10-19 08:12,2025-10-19 10:18
LAB745916,ENC119404,PT13915,HGB,Hemoglobin,12.6,g/dL,12,17.5,N,Routine,2025-10-19 07:39,2025-10-19 08:00,2025-10-19 10:32
LAB745917,ENC119405,PT13482,GLU,Glucose,100,mg/dL,70,99,H,STAT,2025-10-19 09:48,2025-10-19 10:17,2025-10-19 11:11
LAB745918,ENC119405,PT13482,CREAT,Creatinine,1.14,mg/dL,0.6,1.3,N,STAT,2025-10-19 10:04,2025-10-19 10:20,2025-10-19 10:49
LAB745919,ENC119405,PT13482,WBC,White Blood Cell Count,9.2,K/uL,4.5,11,N,Routine,2025-10-19 10:20,2025-10-19 10:36,2025-10-19 12:36
LAB745920,ENC119405,PT13482,HGB,Hemoglobin,9.6,g/dL,12,17.5,L,Routine,2025-10-19 09:55,2025-10-19 10:26,2025-10-19 13:16
LAB745921,ENC119405,PT13482,INR,Prothrombin Time INR,1,ratio,0.8,1.2,N,Routine,2025-10-19 10:11,2025-10-19 10:43,2025-10-19 14:08
LAB745922,ENC119406,PT10686,GLU,Glucose,109,mg/dL,70,99,H,Routine,2025-10-19 12:59,2025-10-19 13:31,2025-10-19 14:42
LAB745923,ENC119406,PT10686,CREAT,Creatinine,0.84,mg/dL,0.6,1.3,N,Routine,2025-10-19 13:01,2025-10-19 13:36,2025-10-19 15:43
LAB745924,ENC119406,PT10686,WBC,White Blood Cell Count,9.4,K/uL,4.5,11,N,Routine,2025-10-19 13:10,2025-10-19 13:28,2025-10-19 15:03
LAB745925,ENC119406,PT10686,HGB,Hemoglobin,13.8,g/dL,12,17.5,N,Routine,2025-10-19 12:55,2025-10-19 13:01,2025-10-19 15:06
LAB745926,ENC119406,PT10686,BUN,Blood Urea Nitrogen,15,mg/dL,7,20,N,Routine,2025-10-19 12:54,2025-10-19 13:22,2025-10-19 18:35
LAB745927,ENC119406,PT10686,PLT,Platelet Count,245,K/uL,150,400,N,STAT,2025-10-19 12:51,2025-10-19 13:26,2025-10-19 14:37
LAB745928,ENC119409,PT10461,GLU,Glucose,94,mg/dL,70,99,N,STAT,2025-10-19 17:54,2025-10-19 18:21,2025-10-19 19:31
LAB745929,ENC119409,PT10461,CREAT,Creatinine,0.99,mg/dL,0.6,1.3,N,STAT,2025-10-19 18:50,2025-10-19 19:11,2025-10-19 19:45
LAB745930,ENC119410,PT12401,GLU,Glucose,179,mg/dL,70,99,H,STAT,2025-10-20 00:45,2025-10-20 01:06,2025-10-20 02:01
LAB745931,ENC119410,PT12401,CREAT,Creatinine,1.02,mg/dL,0.6,1.3,N,STAT,2025-10-20 01:01,2025-10-20 01:23,2025-10-20 02:16
LAB745932,ENC119410,PT12401,WBC,White Blood Cell Count,7.7,K/uL,4.5,11,N,STAT,2025-10-20 01:24,2025-10-20 01:45,2025-10-20 02:52
LAB745933,ENC119410,PT12401,HGB,Hemoglobin,13.4,g/dL,12,17.5,N,STAT,2025-10-20 00:25,2025-10-20 00:54,2025-10-20 01:47
LAB745934,ENC119410,PT12401,NA,Sodium,139,mmol/L,136,145,N,Routine,2025-10-20 01:15,2025-10-20 01:34,2025-10-20 03:03
LAB745935,ENC119410,PT12401,K,Potassium,4.6,mmol/L,3.5,5.1,N,STAT,2025-10-20 00:41,2025-10-20 00:54,2025-10-20 01:54
LAB745936,ENC119411,PT11683,GLU,Glucose,136,mg/dL,70,99,H,STAT,2025-10-20 01:29,2025-10-20 01:33,2025-10-20 02:10
LAB745937,ENC119411,PT11683,CREAT,Creatinine,0.79,mg/dL,0.6,1.3,N,Routine,2025-10-20 00:47,2025-10-20 01:00,2025-10-20 05:17
LAB745938,ENC119411,PT11683,WBC,White Blood Cell Count,6.2,K/uL,4.5,11,N,Routine,2025-10-20 01:04,2025-10-20 01:33,2025-10-20 09:42
LAB745939,ENC119411,PT11683,HGB,Hemoglobin,15.9,g/dL,12,17.5,N,STAT,2025-10-20 01:12,2025-10-20 01:44,2025-10-20 03:03
LAB745940,ENC119411,PT11683,NA,Sodium,142,mmol/L,136,145,N,Routine,2025-10-20 01:25,2025-10-20 01:46,2025-10-20 03:54
LAB745941,ENC119411,PT11683,K,Potassium,3.8,mmol/L,3.5,5.1,N,STAT,2025-10-20 00:40,2025-10-20 00:49,2025-10-20 01:25
LAB745942,ENC119412,PT12219,GLU,Glucose,87,mg/dL,70,99,N,STAT,2025-10-19 21:37,2025-10-19 22:09,2025-10-19 23:12
LAB745943,ENC119412,PT12219,CREAT,Creatinine,0.89,mg/dL,0.6,1.3,N,Routine,2025-10-19 21:13,2025-10-19 21:48,2025-10-20 02:17
LAB745944,ENC119412,PT12219,WBC,White Blood Cell Count,4.5,K/uL,4.5,11,N,Routine,2025-10-19 21:40,2025-10-19 22:09,2025-10-20 01:40
LAB745945,ENC119412,PT12219,HGB,Hemoglobin,15.9,g/dL,12,17.5,N,Routine,2025-10-19 20:42,2025-10-19 20:58,2025-10-20 01:24
LAB745946,ENC119416,PT12615,GLU,Glucose,112,mg/dL,70,99,H,Routine,2025-10-20 03:46,2025-10-20 03:52,2025-10-20 05:25
LAB745947,ENC119416,PT12615,CREAT,Creatinine,0.91,mg/dL,0.6,1.3,N,Routine,2025-10-20 03:04,2025-10-20 03:33,2025-10-20 05:57
LAB745948,ENC119416,PT12615,WBC,White Blood Cell Count,6.1,K/uL,4.5,11,N,Routine,2025-10-20 03:04,2025-10-20 03:10,2025-10-20 07:55
LAB745949,ENC119416,PT12615,HGB,Hemoglobin,15.1,g/dL,12,17.5,N,STAT,2025-10-20 03:36,2025-10-20 03:41,2025-10-20 04:51
LAB745950,ENC119418,PT10285,GLU,Glucose,76,mg/dL,70,99,N,STAT,2025-10-20 07:32,2025-10-20 07:53,2025-10-20 08:36
LAB745951,ENC119418,PT10285,CREAT,Creatinine,1.98,mg/dL,0.6,1.3,H,STAT,2025-10-20 06:40,2025-10-20 06:57,2025-10-20 08:24
LAB745952,ENC119418,PT10285,WBC,White Blood Cell Count,9.1,K/uL,4.5,11,N,Routine,2025-10-20 07:10,2025-10-20 07:14,2025-10-20 09:36
LAB745953,ENC119418,PT10285,HGB,Hemoglobin,10.3,g/dL,12,17.5,L,STAT,2025-10-20 07:03,2025-10-20 07:30,2025-10-20 08:10
LAB745954,ENC119418,PT10285,TROP,"Troponin I, High Sensitivity",3,ng/L,0,34,N,STAT,2025-10-20 07:29,2025-10-20 07:58,2025-10-20 08:27
LAB745955,ENC119419,PT12138,GLU,Glucose,220,mg/dL,70,99,H,STAT,2025-10-20 07:35,2025-10-20 07:50,2025-10-20 08:34
LAB745956,ENC119419,PT12138,CREAT,Creatinine,1,mg/dL,0.6,1.3,N,STAT,2025-10-20 07:15,2025-10-20 07:40,2025-10-20 08:17
LAB745957,ENC119419,PT12138,WBC,White Blood Cell Count,6.5,K/uL,4.5,11,N,Routine,2025-10-20 08:08,2025-10-20 08:24,2025-10-20 10:50
LAB745958,ENC119419,PT12138,HGB,Hemoglobin,16.7,g/dL,12,17.5,N,STAT,2025-10-20 07:41,2025-10-20 08:13,2025-10-20 09:03
LAB745959,ENC119419,PT12138,NA,Sodium,140,mmol/L,136,145,N,STAT,2025-10-20 07:57,2025-10-20 08:21,2025-10-20 08:55
LAB745960,ENC119419,PT12138,K,Potassium,3.6,mmol/L,3.5,5.1,N,STAT,2025-10-20 07:11,2025-10-20 07:42,2025-10-20 08:10
LAB745961,ENC119419,PT12138,A1C,Hemoglobin A1c,8.6,%,4,5.6,H,STAT,2025-10-20 07:31,2025-10-20 07:45,2025-10-20 08:28
LAB745962,ENC119420,PT10366,GLU,Glucose,233,mg/dL,70,99,H,Routine,2025-10-20 08:49,2025-10-20 09:19,2025-10-20 10:53
LAB745963,ENC119420,PT10366,CREAT,Creatinine,0.89,mg/dL,0.6,1.3,N,Routine,2025-10-20 08:56,2025-10-20 09:14,2025-10-20 10:57
LAB745964,ENC119420,PT10366,WBC,White Blood Cell Count,9.9,K/uL,4.5,11,N,STAT,2025-10-20 08:57,2025-10-20 09:23,2025-10-20 10:00
LAB745965,ENC119420,PT10366,HGB,Hemoglobin,15.6,g/dL,12,17.5,N,STAT,2025-10-20 08:49,2025-10-20 09:15,2025-10-20 09:49
LAB745966,ENC119420,PT10366,NA,Sodium,137,mmol/L,136,145,N,STAT,2025-10-20 09:17,2025-10-20 09:31,2025-10-20 10:15
LAB745967,ENC119420,PT10366,K,Potassium,4.2,mmol/L,3.5,5.1,N,STAT,2025-10-20 08:33,2025-10-20 08:58,2025-10-20 09:28
LAB745968,ENC119420,PT10366,A1C,Hemoglobin A1c,10.8,%,4,5.6,H,Routine,2025-10-20 08:52,2025-10-20 09:17,2025-10-20 18:06
LAB745969,ENC119421,PT13200,GLU,Glucose,165,mg/dL,70,99,H,STAT,2025-10-20 12:49,2025-10-20 12:56,2025-10-20 13:11
LAB745970,ENC119421,PT13200,CREAT,Creatinine,2.24,mg/dL,0.6,1.3,H,Routine,2025-10-20 12:47,2025-10-20 13:07,2025-10-20 15:01
LAB745971,ENC119421,PT13200,WBC,White Blood Cell Count,3.7,K/uL,4.5,11,L,STAT,2025-10-20 13:00,2025-10-20 13:33,2025-10-20 14:34
LAB745972,ENC119421,PT13200,HGB,Hemoglobin,12.1,g/dL,12,17.5,N,Routine,2025-10-20 12:25,2025-10-20 12:54,2025-10-20 16:43
LAB745973,ENC119421,PT13200,LACT,Lactate,2.3,mmol/L,0.5,2,H,STAT,2025-10-20 12:51,2025-10-20 13:03,2025-10-20 13:35
LAB745974,ENC119423,PT10869,GLU,Glucose,109,mg/dL,70,99,H,STAT,2025-10-20 13:13,2025-10-20 13:33,2025-10-20 14:27
LAB745975,ENC119423,PT10869,CREAT,Creatinine,1.13,mg/dL,0.6,1.3,N,Routine,2025-10-20 14:04,2025-10-20 14:34,2025-10-20 16:56
LAB745976,ENC119423,PT10869,WBC,White Blood Cell Count,9.5,K/uL,4.5,11,N,Routine,2025-10-20 14:15,2025-10-20 14:25,2025-10-20 16:56
LAB745977,ENC119423,PT10869,HGB,Hemoglobin,12,g/dL,12,17.5,N,STAT,2025-10-20 13:59,2025-10-20 14:24,2025-10-20 15:15
LAB745978,ENC119424,PT13092,GLU,Glucose,141,mg/dL,70,99,H,Routine,2025-10-20 14:15,2025-10-20 14:25,2025-10-20 15:59
LAB745979,ENC119424,PT13092,CREAT,Creatinine,5.03,mg/dL,0.6,1.3,H,Routine,2025-10-20 13:51,2025-10-20 14:01,2025-10-20 15:38
LAB745980,ENC119424,PT13092,WBC,White Blood Cell Count,8,K/uL,4.5,11,N,Routine,2025-10-20 13:58,2025-10-20 14:20,2025-10-20 19:34
LAB745981,ENC119424,PT13092,HGB,Hemoglobin,13.1,g/dL,12,17.5,N,Routine,2025-10-20 13:40,2025-10-20 14:15,2025-10-20 17:05
LAB745982,ENC119424,PT13092,NA,Sodium,141,mmol/L,136,145,N,Routine,2025-10-20 14:19,2025-10-20 14:35,2025-10-20 20:15
LAB745983,ENC119424,PT13092,K,Potassium,4.9,mmol/L,3.5,5.1,N,STAT,2025-10-20 13:22,2025-10-20 13:42,2025-10-20 14:55
LAB745984,ENC119425,PT13625,A1C,Hemoglobin A1c,10.9,%,4,5.6,H,Routine,2025-10-20 10:24,2025-10-20 10:46,2025-10-21 00:10
LAB745985,ENC119427,PT10288,LDL,LDL Cholesterol,144,mg/dL,0,99,H,Routine,2025-10-20 11:17,2025-10-20 11:52,2025-10-21 09:14
LAB745986,ENC119427,PT10288,A1C,Hemoglobin A1c,5.4,%,4,5.6,N,Routine,2025-10-20 11:15,2025-10-20 11:48,2025-10-20 20:57
LAB745987,ENC119428,PT12537,GLU,Glucose,293,mg/dL,70,99,H,STAT,2025-10-20 11:17,2025-10-20 11:33,2025-10-20 12:01
LAB745988,ENC119428,PT12537,CREAT,Creatinine,0.83,mg/dL,0.6,1.3,N,STAT,2025-10-20 11:14,2025-10-20 11:34,2025-10-20 12:08
LAB745989,ENC119428,PT12537,WBC,White Blood Cell Count,6.7,K/uL,4.5,11,N,Routine,2025-10-20 11:59,2025-10-20 12:24,2025-10-20 16:22
LAB745990,ENC119428,PT12537,HGB,Hemoglobin,15.6,g/dL,12,17.5,N,Routine,2025-10-20 12:05,2025-10-20 12:16,2025-10-20 14:15
LAB745991,ENC119428,PT12537,NA,Sodium,133,mmol/L,136,145,L,STAT,2025-10-20 11:15,2025-10-20 11:27,2025-10-20 13:19
LAB745992,ENC119428,PT12537,K,Potassium,4.7,mmol/L,3.5,5.1,N,STAT,2025-10-20 11:47,2025-10-20 12:09,2025-10-20 12:57
LAB745993,ENC119431,PT10861,GLU,Glucose,262,mg/dL,70,99,H,Routine,2025-10-20 13:33,2025-10-20 13:43,2025-10-20 17:38
LAB745994,ENC119431,PT10861,CREAT,Creatinine,0.72,mg/dL,0.6,1.3,N,STAT,2025-10-20 12:53,2025-10-20 13:05,2025-10-20 13:39
LAB745995,ENC119431,PT10861,WBC,White Blood Cell Count,8.5,K/uL,4.5,11,N,Routine,2025-10-20 12:53,2025-10-20 13:11,2025-10-20 14:21
LAB745996,ENC119431,PT10861,HGB,Hemoglobin,13.5,g/dL,12,17.5,N,STAT,2025-10-20 13:36,2025-10-20 13:52,2025-10-20 14:40
LAB745997,ENC119432,PT12140,WBC,White Blood Cell Count,6.1,K/uL,4.5,11,N,Routine,2025-10-20 13:27,2025-10-20 13:37,2025-10-20 15:30
LAB745998,ENC119432,PT12140,HGB,Hemoglobin,13.1,g/dL,12,17.5,N,Routine,2025-10-20 13:12,2025-10-20 13:42,2025-10-20 18:08
LAB745999,ENC119432,PT12140,PLT,Platelet Count,222,K/uL,150,400,N,Routine,2025-10-20 13:14,2025-10-20 13:34,2025-10-20 17:56
LAB746000,ENC119433,PT12600,GLU,Glucose,196,mg/dL,70,99,H,STAT,2025-10-20 13:48,2025-10-20 13:57,2025-10-20 15:41
LAB746001,ENC119433,PT12600,CREAT,Creatinine,3.38,mg/dL,0.6,1.3,H,Routine,2025-10-20 13:19,2025-10-20 13:24,2025-10-20 15:02
LAB746002,ENC119433,PT12600,WBC,White Blood Cell Count,8.2,K/uL,4.5,11,N,STAT,2025-10-20 13:47,2025-10-20 14:17,2025-10-20 15:16
LAB746003,ENC119433,PT12600,HGB,Hemoglobin,13.9,g/dL,12,17.5,N,Routine,2025-10-20 14:14,2025-10-20 14:40,2025-10-20 19:52
LAB746004,ENC119433,PT12600,NA,Sodium,138,mmol/L,136,145,N,STAT,2025-10-20 14:22,2025-10-20 14:57,2025-10-20 16:06
LAB746005,ENC119433,PT12600,K,Potassium,6,mmol/L,3.5,5.1,H,STAT,2025-10-20 14:21,2025-10-20 14:30,2025-10-20 15:11
LAB746006,ENC119434,PT11285,GLU,Glucose,113,mg/dL,70,99,H,Routine,2025-10-20 16:32,2025-10-20 16:38,2025-10-20 20:50
LAB746007,ENC119434,PT11285,CREAT,Creatinine,0.46,mg/dL,0.6,1.3,L,STAT,2025-10-20 17:15,2025-10-20 17:44,2025-10-20 18:30
LAB746008,ENC119434,PT11285,WBC,White Blood Cell Count,5.5,K/uL,4.5,11,N,Routine,2025-10-20 17:10,2025-10-20 17:25,2025-10-20 21:31
LAB746009,ENC119434,PT11285,HGB,Hemoglobin,10.3,g/dL,12,17.5,L,STAT,2025-10-20 17:15,2025-10-20 17:24,2025-10-20 18:21
LAB746010,ENC119434,PT11285,TROP,"Troponin I, High Sensitivity",15,ng/L,0,34,N,STAT,2025-10-20 17:26,2025-10-20 17:34,2025-10-20 18:18
LAB746011,ENC119435,PT11987,GLU,Glucose,108,mg/dL,70,99,H,Routine,2025-10-20 16:08,2025-10-20 16:34,2025-10-20 19:21
LAB746012,ENC119435,PT11987,CREAT,Creatinine,1.24,mg/dL,0.6,1.3,N,Routine,2025-10-20 17:10,2025-10-20 17:21,2025-10-20 21:06
LAB746013,ENC119435,PT11987,WBC,White Blood Cell Count,4.8,K/uL,4.5,11,N,Routine,2025-10-20 16:34,2025-10-20 17:01,2025-10-20 20:37
LAB746014,ENC119435,PT11987,HGB,Hemoglobin,14.7,g/dL,12,17.5,N,STAT,2025-10-20 16:42,2025-10-20 17:12,2025-10-20 18:03
LAB746015,ENC119435,PT11987,NA,Sodium,139,mmol/L,136,145,N,Routine,2025-10-20 16:56,2025-10-20 17:14,2025-10-20 20:14
LAB746016,ENC119435,PT11987,K,Potassium,4.4,mmol/L,3.5,5.1,N,STAT,2025-10-20 17:06,2025-10-20 17:16,2025-10-20 18:19
LAB746017,ENC119435,PT11987,TROP,"Troponin I, High Sensitivity",3,ng/L,0,34,N,STAT,2025-10-20 16:55,2025-10-20 17:00,2025-10-20 17:29
LAB746018,ENC119439,PT10367,GLU,Glucose,116,mg/dL,70,99,H,STAT,2025-10-20 18:48,2025-10-20 18:59,2025-10-20 20:03
LAB746019,ENC119439,PT10367,CREAT,Creatinine,1.38,mg/dL,0.6,1.3,H,STAT,2025-10-20 18:28,2025-10-20 18:47,2025-10-20 19:17
LAB746020,ENC119439,PT10367,WBC,White Blood Cell Count,8,K/uL,4.5,11,N,STAT,2025-10-20 18:37,2025-10-20 18:49,2025-10-20 19:43
LAB746021,ENC119439,PT10367,HGB,Hemoglobin,12.3,g/dL,12,17.5,N,STAT,2025-10-20 18:46,2025-10-20 18:57,2025-10-20 19:26
LAB746022,ENC119440,PT13561,LDL,LDL Cholesterol,112,mg/dL,0,99,H,Routine,2025-10-20 15:23,2025-10-20 15:49,2025-10-21 02:37
LAB746023,ENC119440,PT13561,A1C,Hemoglobin A1c,7.2,%,4,5.6,H,Routine,2025-10-20 15:31,2025-10-20 15:44,2025-10-21 08:08
LAB746024,ENC119441,PT11749,WBC,White Blood Cell Count,9,K/uL,4.5,11,N,Routine,2025-10-20 15:29,2025-10-20 15:41,2025-10-20 20:23
LAB746025,ENC119441,PT11749,HGB,Hemoglobin,11.1,g/dL,12,17.5,L,Routine,2025-10-20 15:23,2025-10-20 15:50,2025-10-20 18:13
LAB746026,ENC119441,PT11749,PLT,Platelet Count,313,K/uL,150,400,N,Routine,2025-10-20 15:22,2025-10-20 15:50,2025-10-20 18:02
LAB746027,ENC119444,PT12578,GLU,Glucose,171,mg/dL,70,99,H,STAT,2025-10-20 18:01,2025-10-20 18:23,2025-10-20 19:00
LAB746028,ENC119444,PT12578,CREAT,Creatinine,1.35,mg/dL,0.6,1.3,H,Routine,2025-10-20 17:40,2025-10-20 18:02,2025-10-20 22:11
LAB746029,ENC119444,PT12578,WBC,White Blood Cell Count,18.6,K/uL,4.5,11,H,STAT,2025-10-20 17:44,2025-10-20 17:59,2025-10-20 20:02
LAB746030,ENC119444,PT12578,HGB,Hemoglobin,12.5,g/dL,12,17.5,N,Routine,2025-10-20 18:23,2025-10-20 18:57,2025-10-21 03:18
LAB746031,ENC119444,PT12578,LACT,Lactate,1.5,mmol/L,0.5,2,N,STAT,2025-10-20 18:25,2025-10-20 18:34,2025-10-20 19:49
LAB746032,ENC119445,PT13123,GLU,Glucose,112,mg/dL,70,99,H,Routine,2025-10-20 18:08,2025-10-20 18:35,2025-10-20 23:51
LAB746033,ENC119445,PT13123,CREAT,Creatinine,0.82,mg/dL,0.6,1.3,N,STAT,2025-10-20 18:59,2025-10-20 19:17,2025-10-20 19:38
LAB746034,ENC119445,PT13123,WBC,White Blood Cell Count,9,K/uL,4.5,11,N,Routine,2025-10-20 18:09,2025-10-20 18:17,2025-10-20 19:12
LAB746035,ENC119445,PT13123,HGB,Hemoglobin,9.4,g/dL,12,17.5,L,STAT,2025-10-20 18:54,2025-10-20 19:19,2025-10-20 20:08
LAB746036,ENC119446,PT10063,GLU,Glucose,194,mg/dL,70,99,H,STAT,2025-10-20 19:29,2025-10-20 19:33,2025-10-20 19:59
LAB746037,ENC119446,PT10063,CREAT,Creatinine,1.12,mg/dL,0.6,1.3,N,STAT,2025-10-20 18:31,2025-10-20 18:41,2025-10-20 19:18
LAB746038,ENC119446,PT10063,WBC,White Blood Cell Count,8.3,K/uL,4.5,11,N,Routine,2025-10-20 19:19,2025-10-20 19:45,2025-10-20 21:32
LAB746039,ENC119446,PT10063,HGB,Hemoglobin,13.1,g/dL,12,17.5,N,Routine,2025-10-20 18:22,2025-10-20 18:28,2025-10-20 21:57
LAB746040,ENC119446,PT10063,NA,Sodium,140,mmol/L,136,145,N,STAT,2025-10-20 18:51,2025-10-20 19:03,2025-10-20 19:43
LAB746041,ENC119446,PT10063,K,Potassium,3.5,mmol/L,3.5,5.1,N,STAT,2025-10-20 18:51,2025-10-20 19:23,2025-10-20 19:43
LAB746042,ENC119447,PT11632,GLU,Glucose,194,mg/dL,70,99,H,STAT,2025-10-20 19:45,2025-10-20 19:59,2025-10-20 20:47
LAB746043,ENC119447,PT11632,CREAT,Creatinine,1.19,mg/dL,0.6,1.3,N,Routine,2025-10-20 19:53,2025-10-20 20:06,2025-10-20 22:45
LAB746044,ENC119447,PT11632,WBC,White Blood Cell Count,10,K/uL,4.5,11,N,Routine,2025-10-20 19:33,2025-10-20 20:05,2025-10-20 23:42
LAB746045,ENC119447,PT11632,HGB,Hemoglobin,12.5,g/dL,12,17.5,N,STAT,2025-10-20 19:08,2025-10-20 19:29,2025-10-20 21:03
LAB746046,ENC119448,PT12816,GLU,Glucose,118,mg/dL,70,99,H,STAT,2025-10-20 20:25,2025-10-20 20:38,2025-10-20 21:25
LAB746047,ENC119448,PT12816,CREAT,Creatinine,0.95,mg/dL,0.6,1.3,N,STAT,2025-10-20 20:53,2025-10-20 21:01,2025-10-20 21:30
LAB746048,ENC119449,PT10095,GLU,Glucose,84,mg/dL,70,99,N,STAT,2025-10-21 03:14,2025-10-21 03:30,2025-10-21 04:38
LAB746049,ENC119449,PT10095,CREAT,Creatinine,1.14,mg/dL,0.6,1.3,N,STAT,2025-10-21 03:16,2025-10-21 03:20,2025-10-21 04:14
LAB746050,ENC119449,PT10095,WBC,White Blood Cell Count,10.2,K/uL,4.5,11,N,STAT,2025-10-21 03:17,2025-10-21 03:43,2025-10-21 04:31
LAB746051,ENC119449,PT10095,HGB,Hemoglobin,8.6,g/dL,12,17.5,L,STAT,2025-10-21 02:59,2025-10-21 03:07,2025-10-21 03:24
LAB746052,ENC119449,PT10095,LACT,Lactate,2.9,mmol/L,0.5,2,H,STAT,2025-10-21 03:26,2025-10-21 03:47,2025-10-21 04:37
LAB746053,ENC119449,PT10095,INR,Prothrombin Time INR,1,ratio,0.8,1.2,N,Routine,2025-10-21 03:40,2025-10-21 04:05,2025-10-21 06:03
LAB746054,ENC119451,PT11541,GLU,Glucose,103,mg/dL,70,99,H,STAT,2025-10-21 01:00,2025-10-21 01:11,2025-10-21 01:54
LAB746055,ENC119451,PT11541,CREAT,Creatinine,0.72,mg/dL,0.6,1.3,N,Routine,2025-10-21 00:18,2025-10-21 00:36,2025-10-21 02:16
LAB746056,ENC119451,PT11541,WBC,White Blood Cell Count,7.8,K/uL,4.5,11,N,Routine,2025-10-21 00:47,2025-10-21 00:52,2025-10-21 03:45
LAB746057,ENC119451,PT11541,HGB,Hemoglobin,13.6,g/dL,12,17.5,N,STAT,2025-10-21 00:49,2025-10-21 00:57,2025-10-21 01:16
LAB746058,ENC119451,PT11541,TROP,"Troponin I, High Sensitivity",7,ng/L,0,34,N,STAT,2025-10-21 01:14,2025-10-21 01:25,2025-10-21 01:55
LAB746059,ENC119451,PT11541,BNP,B-Type Natriuretic Peptide,1046,pg/mL,0,100,H,STAT,2025-10-21 00:52,2025-10-21 01:08,2025-10-21 02:05
LAB746060,ENC119452,PT12096,GLU,Glucose,119,mg/dL,70,99,H,Routine,2025-10-21 00:26,2025-10-21 00:43,2025-10-21 02:29
LAB746061,ENC119452,PT12096,CREAT,Creatinine,1,mg/dL,0.6,1.3,N,Routine,2025-10-21 01:28,2025-10-21 01:32,2025-10-21 03:59
LAB746062,ENC119454,PT12864,A1C,Hemoglobin A1c,8.3,%,4,5.6,H,Routine,2025-10-21 08:28,2025-10-21 09:00,2025-10-21 13:38
LAB746063,ENC119454,PT12864,GLU,Glucose,435,mg/dL,70,99,H,Routine,2025-10-21 08:06,2025-10-21 08:34,2025-10-21 10:29
LAB746064,ENC119454,PT12864,CREAT,Creatinine,1.16,mg/dL,0.6,1.3,N,Routine,2025-10-21 08:25,2025-10-21 08:37,2025-10-21 12:01
LAB746065,ENC119456,PT13845,GLU,Glucose,106,mg/dL,70,99,H,STAT,2025-10-21 12:18,2025-10-21 12:38,2025-10-21 13:58
LAB746066,ENC119456,PT13845,CREAT,Creatinine,0.84,mg/dL,0.6,1.3,N,STAT,2025-10-21 12:56,2025-10-21 13:23,2025-10-21 13:51
LAB746067,ENC119456,PT13845,WBC,White Blood Cell Count,15.8,K/uL,4.5,11,H,STAT,2025-10-21 12:39,2025-10-21 12:58,2025-10-21 13:22
LAB746068,ENC119456,PT13845,HGB,Hemoglobin,15.4,g/dL,12,17.5,N,STAT,2025-10-21 13:10,2025-10-21 13:17,2025-10-21 13:41
LAB746069,ENC119458,PT10821,WBC,White Blood Cell Count,8.8,K/uL,4.5,11,N,Routine,2025-10-21 09:13,2025-10-21 09:36,2025-10-21 22:31
LAB746070,ENC119458,PT10821,HGB,Hemoglobin,11.3,g/dL,12,17.5,L,Routine,2025-10-21 09:14,2025-10-21 09:38,2025-10-21 10:36
LAB746071,ENC119458,PT10821,PLT,Platelet Count,231,K/uL,150,400,N,Routine,2025-10-21 09:18,2025-10-21 09:41,2025-10-21 12:14
LAB746072,ENC119459,PT13006,GLU,Glucose,129,mg/dL,70,99,H,STAT,2025-10-21 13:40,2025-10-21 14:15,2025-10-21 15:24
LAB746073,ENC119459,PT13006,CREAT,Creatinine,0.81,mg/dL,0.6,1.3,N,STAT,2025-10-21 13:29,2025-10-21 13:38,2025-10-21 14:20
LAB746074,ENC119459,PT13006,WBC,White Blood Cell Count,6.2,K/uL,4.5,11,N,Routine,2025-10-21 13:46,2025-10-21 14:03,2025-10-21 17:41
LAB746075,ENC119459,PT13006,HGB,Hemoglobin,6,g/dL,12,17.5,LL,STAT,2025-10-21 14:19,2025-10-21 14:39,2025-10-21 15:28
LAB746076,ENC119459,PT13006,INR,Prothrombin Time INR,1.1,ratio,0.8,1.2,N,Routine,2025-10-21 14:16,2025-10-21 14:23,2025-10-21 16:29
LAB746077,ENC119460,PT12112,LDL,LDL Cholesterol,109,mg/dL,0,99,H,Routine,2025-10-21 09:47,2025-10-21 10:06,2025-10-22 00:27
LAB746078,ENC119460,PT12112,A1C,Hemoglobin A1c,5.5,%,4,5.6,N,Routine,2025-10-21 09:50,2025-10-21 09:56,2025-10-22 00:56
LAB746079,ENC119461,PT12869,GLU,Glucose,110,mg/dL,70,99,H,STAT,2025-10-21 10:07,2025-10-21 10:13,2025-10-21 10:52
LAB746080,ENC119461,PT12869,CREAT,Creatinine,1.01,mg/dL,0.6,1.3,N,STAT,2025-10-21 10:08,2025-10-21 10:18,2025-10-21 11:51
LAB746081,ENC119461,PT12869,WBC,White Blood Cell Count,7.2,K/uL,4.5,11,N,Routine,2025-10-21 10:41,2025-10-21 11:10,2025-10-21 14:55
LAB746082,ENC119461,PT12869,HGB,Hemoglobin,14.9,g/dL,12,17.5,N,STAT,2025-10-21 10:49,2025-10-21 10:58,2025-10-21 12:08
LAB746083,ENC119464,PT12534,GLU,Glucose,115,mg/dL,70,99,H,STAT,2025-10-21 11:41,2025-10-21 11:57,2025-10-21 12:39
LAB746084,ENC119464,PT12534,CREAT,Creatinine,1.23,mg/dL,0.6,1.3,N,STAT,2025-10-21 11:00,2025-10-21 11:22,2025-10-21 11:47
LAB746085,ENC119465,PT11897,A1C,Hemoglobin A1c,6.3,%,4,5.6,H,Routine,2025-10-21 11:13,2025-10-21 11:28,2025-10-22 05:26
LAB746086,ENC119467,PT11628,GLU,Glucose,173,mg/dL,70,99,H,STAT,2025-10-21 14:03,2025-10-21 14:35,2025-10-21 15:29
LAB746087,ENC119467,PT11628,CREAT,Creatinine,0.8,mg/dL,0.6,1.3,N,STAT,2025-10-21 14:36,2025-10-21 15:00,2025-10-21 15:22
LAB746088,ENC119467,PT11628,WBC,White Blood Cell Count,5.5,K/uL,4.5,11,N,STAT,2025-10-21 13:56,2025-10-21 14:04,2025-10-21 14:44
LAB746089,ENC119467,PT11628,HGB,Hemoglobin,10.8,g/dL,12,17.5,L,STAT,2025-10-21 14:58,2025-10-21 15:25,2025-10-21 16:22
LAB746090,ENC119467,PT11628,TROP,"Troponin I, High Sensitivity",68,ng/L,0,34,H,STAT,2025-10-21 13:58,2025-10-21 14:05,2025-10-21 14:39
LAB746091,ENC119467,PT11628,BNP,B-Type Natriuretic Peptide,510,pg/mL,0,100,H,Routine,2025-10-21 14:23,2025-10-21 14:53,2025-10-21 18:46
LAB746092,ENC119469,PT12566,A1C,Hemoglobin A1c,13.6,%,4,5.6,H,Routine,2025-10-21 12:32,2025-10-21 13:04,2025-10-22 03:46
LAB746093,ENC119469,PT12566,GLU,Glucose,473,mg/dL,70,99,H,Routine,2025-10-21 12:45,2025-10-21 12:55,2025-10-21 20:29
LAB746094,ENC119469,PT12566,CREAT,Creatinine,1.11,mg/dL,0.6,1.3,N,Routine,2025-10-21 12:45,2025-10-21 13:03,2025-10-21 14:28
LAB746095,ENC119473,PT12968,WBC,White Blood Cell Count,7,K/uL,4.5,11,N,Routine,2025-10-21 15:34,2025-10-21 15:42,2025-10-21 17:10
LAB746096,ENC119473,PT12968,HGB,Hemoglobin,11.5,g/dL,12,17.5,L,Routine,2025-10-21 15:37,2025-10-21 16:02,2025-10-21 17:54
LAB746097,ENC119473,PT12968,PLT,Platelet Count,223,K/uL,150,400,N,Routine,2025-10-21 15:37,2025-10-21 15:51,2025-10-21 17:43
LAB746098,ENC119475,PT12283,GLU,Glucose,121,mg/dL,70,99,H,STAT,2025-10-21 17:26,2025-10-21 17:54,2025-10-21 18:48
LAB746099,ENC119475,PT12283,CREAT,Creatinine,2.34,mg/dL,0.6,1.3,H,STAT,2025-10-21 18:20,2025-10-21 18:55,2025-10-21 20:01
LAB746100,ENC119475,PT12283,WBC,White Blood Cell Count,1,K/uL,4.5,11,L,STAT,2025-10-21 18:10,2025-10-21 18:18,2025-10-21 19:02
LAB746101,ENC119475,PT12283,HGB,Hemoglobin,11.3,g/dL,12,17.5,L,STAT,2025-10-21 17:59,2025-10-21 18:12,2025-10-21 19:17
LAB746102,ENC119475,PT12283,NA,Sodium,139,mmol/L,136,145,N,STAT,2025-10-21 17:20,2025-10-21 17:30,2025-10-21 18:12
LAB746103,ENC119475,PT12283,K,Potassium,4,mmol/L,3.5,5.1,N,STAT,2025-10-21 17:45,2025-10-21 17:56,2025-10-21 18:25
LAB746104,ENC119476,PT12905,A1C,Hemoglobin A1c,11,%,4,5.6,H,Routine,2025-10-21 16:24,2025-10-21 16:50,2025-10-22 00:19
LAB746105,ENC119477,PT13664,GLU,Glucose,355,mg/dL,70,99,H,STAT,2025-10-21 20:48,2025-10-21 21:00,2025-10-21 21:39
LAB746106,ENC119477,PT13664,CREAT,Creatinine,0.91,mg/dL,0.6,1.3,N,STAT,2025-10-21 20:33,2025-10-21 20:37,2025-10-21 21:36
LAB746107,ENC119477,PT13664,WBC,White Blood Cell Count,10.5,K/uL,4.5,11,N,STAT,2025-10-21 20:47,2025-10-21 21:01,2025-10-21 21:37
LAB746108,ENC119477,PT13664,HGB,Hemoglobin,14.8,g/dL,12,17.5,N,STAT,2025-10-21 21:08,2025-10-21 21:37,2025-10-21 22:31
LAB746109,ENC119477,PT13664,NA,Sodium,136,mmol/L,136,145,N,Routine,2025-10-21 20:46,2025-10-21 21:14,2025-10-22 00:03
LAB746110,ENC119477,PT13664,K,Potassium,4.5,mmol/L,3.5,5.1,N,STAT,2025-10-21 20:27,2025-10-21 20:47,2025-10-21 21:17
LAB746111,ENC119477,PT13664,A1C,Hemoglobin A1c,11.4,%,4,5.6,H,STAT,2025-10-21 20:39,2025-10-21 20:58,2025-10-21 21:38
LAB746112,ENC119479,PT11219,GLU,Glucose,219,mg/dL,70,99,H,STAT,2025-10-22 03:08,2025-10-22 03:42,2025-10-22 04:37
LAB746113,ENC119479,PT11219,CREAT,Creatinine,1.19,mg/dL,0.6,1.3,N,STAT,2025-10-22 02:23,2025-10-22 02:47,2025-10-22 04:35
LAB746114,ENC119479,PT11219,WBC,White Blood Cell Count,19.6,K/uL,4.5,11,H,STAT,2025-10-22 03:11,2025-10-22 03:44,2025-10-22 04:48
LAB746115,ENC119479,PT11219,HGB,Hemoglobin,15.4,g/dL,12,17.5,N,Routine,2025-10-22 02:28,2025-10-22 02:40,2025-10-22 04:28
LAB746116,ENC119480,PT12552,GLU,Glucose,106,mg/dL,70,99,H,Routine,2025-10-22 03:01,2025-10-22 03:08,2025-10-22 04:34
LAB746117,ENC119480,PT12552,CREAT,Creatinine,0.97,mg/dL,0.6,1.3,N,Routine,2025-10-22 03:05,2025-10-22 03:26,2025-10-22 05:09
LAB746118,ENC119480,PT12552,WBC,White Blood Cell Count,9.2,K/uL,4.5,11,N,Routine,2025-10-22 02:11,2025-10-22 02:39,2025-10-22 05:43
LAB746119,ENC119480,PT12552,HGB,Hemoglobin,14.2,g/dL,12,17.5,N,STAT,2025-10-22 03:00,2025-10-22 03:05,2025-10-22 03:56
LAB746120,ENC119480,PT12552,LACT,Lactate,2.4,mmol/L,0.5,2,H,STAT,2025-10-22 02:05,2025-10-22 02:15,2025-10-22 03:24
LAB746121,ENC119481,PT10059,GLU,Glucose,118,mg/dL,70,99,H,Routine,2025-10-22 04:50,2025-10-22 05:16,2025-10-22 07:02
LAB746122,ENC119481,PT10059,CREAT,Creatinine,0.98,mg/dL,0.6,1.3,N,STAT,2025-10-22 05:20,2025-10-22 05:30,2025-10-22 06:06
LAB746123,ENC119481,PT10059,WBC,White Blood Cell Count,5.6,K/uL,4.5,11,N,STAT,2025-10-22 05:24,2025-10-22 05:32,2025-10-22 05:59
LAB746124,ENC119481,PT10059,HGB,Hemoglobin,12.9,g/dL,12,17.5,N,STAT,2025-10-22 04:27,2025-10-22 04:32,2025-10-22 05:49
LAB746125,ENC119481,PT10059,NA,Sodium,137,mmol/L,136,145,N,STAT,2025-10-22 05:11,2025-10-22 05:43,2025-10-22 07:54
LAB746126,ENC119481,PT10059,K,Potassium,4.5,mmol/L,3.5,5.1,N,STAT,2025-10-22 04:49,2025-10-22 05:10,2025-10-22 06:48
LAB746127,ENC119482,PT12429,GLU,Glucose,98,mg/dL,70,99,N,STAT,2025-10-22 02:18,2025-10-22 02:36,2025-10-22 03:09
LAB746128,ENC119482,PT12429,CREAT,Creatinine,0.97,mg/dL,0.6,1.3,N,Routine,2025-10-22 03:28,2025-10-22 03:58,2025-10-22 05:36
LAB746129,ENC119483,PT10496,GLU,Glucose,95,mg/dL,70,99,N,STAT,2025-10-22 08:39,2025-10-22 08:52,2025-10-22 09:39
LAB746130,ENC119483,PT10496,CREAT,Creatinine,0.82,mg/dL,0.6,1.3,N,STAT,2025-10-22 08:07,2025-10-22 08:29,2025-10-22 09:13
LAB746131,ENC119483,PT10496,WBC,White Blood Cell Count,5.3,K/uL,4.5,11,N,STAT,2025-10-22 09:00,2025-10-22 09:25,2025-10-22 10:10
LAB746132,ENC119483,PT10496,HGB,Hemoglobin,10.3,g/dL,12,17.5,L,STAT,2025-10-22 09:01,2025-10-22 09:07,2025-10-22 10:17
LAB746133,ENC119488,PT11892,GLU,Glucose,171,mg/dL,70,99,H,STAT,2025-10-22 13:38,2025-10-22 13:48,2025-10-22 14:02
LAB746134,ENC119488,PT11892,CREAT,Creatinine,1.32,mg/dL,0.6,1.3,H,Routine,2025-10-22 13:28,2025-10-22 13:47,2025-10-22 17:22
LAB746135,ENC119488,PT11892,WBC,White Blood Cell Count,2.6,K/uL,4.5,11,L,STAT,2025-10-22 14:09,2025-10-22 14:21,2025-10-22 15:13
LAB746136,ENC119488,PT11892,HGB,Hemoglobin,15.8,g/dL,12,17.5,N,STAT,2025-10-22 13:35,2025-10-22 14:09,2025-10-22 15:28
LAB746137,ENC119488,PT11892,NA,Sodium,141,mmol/L,136,145,N,STAT,2025-10-22 13:12,2025-10-22 13:30,2025-10-22 14:03
LAB746138,ENC119488,PT11892,K,Potassium,4.5,mmol/L,3.5,5.1,N,STAT,2025-10-22 13:37,2025-10-22 14:10,2025-10-22 14:45
LAB746139,ENC119488,PT11892,LACT,Lactate,2.2,mmol/L,0.5,2,H,STAT,2025-10-22 14:06,2025-10-22 14:38,2025-10-22 15:11
LAB746140,ENC119489,PT11448,GLU,Glucose,89,mg/dL,70,99,N,STAT,2025-10-22 11:32,2025-10-22 11:47,2025-10-22 12:48
LAB746141,ENC119489,PT11448,CREAT,Creatinine,1.1,mg/dL,0.6,1.3,N,STAT,2025-10-22 11:10,2025-10-22 11:29,2025-10-22 12:14
LAB746142,ENC119494,PT12919,GLU,Glucose,135,mg/dL,70,99,H,Routine,2025-10-22 11:45,2025-10-22 12:18,2025-10-22 14:07
LAB746143,ENC119494,PT12919,CREAT,Creatinine,1.29,mg/dL,0.6,1.3,N,STAT,2025-10-22 12:03,2025-10-22 12:08,2025-10-22 13:52
LAB746144,ENC119494,PT12919,WBC,White Blood Cell Count,8.2,K/uL,4.5,11,N,Routine,2025-10-22 12:04,2025-10-22 12:17,2025-10-22 15:56
LAB746145,ENC119494,PT12919,HGB,Hemoglobin,11.7,g/dL,12,17.5,L,Routine,2025-10-22 11:44,2025-10-22 12:17,2025-10-22 14:45
LAB746146,ENC119494,PT12919,TROP,"Troponin I, High Sensitivity",86,ng/L,0,34,H,STAT,2025-10-22 11:48,2025-10-22 11:55,2025-10-22 12:29
LAB746147,ENC119494,PT12919,BNP,B-Type Natriuretic Peptide,500,pg/mL,0,100,H,Routine,2025-10-22 11:35,2025-10-22 11:58,2025-10-22 13:17
LAB746148,ENC119495,PT13722,A1C,Hemoglobin A1c,11.8,%,4,5.6,H,Routine,2025-10-22 11:40,2025-10-22 11:50,2025-10-22 18:26
LAB746149,ENC119498,PT11205,LDL,LDL Cholesterol,95,mg/dL,0,99,N,Routine,2025-10-22 12:22,2025-10-22 12:29,2025-10-22 20:48
LAB746150,ENC119498,PT11205,A1C,Hemoglobin A1c,6.1,%,4,5.6,H,Routine,2025-10-22 12:32,2025-10-22 13:06,2025-10-23 05:39
LAB746151,ENC119500,PT10625,GLU,Glucose,140,mg/dL,70,99,H,STAT,2025-10-22 18:31,2025-10-22 18:38,2025-10-22 19:30
LAB746152,ENC119500,PT10625,CREAT,Creatinine,0.94,mg/dL,0.6,1.3,N,Routine,2025-10-22 17:55,2025-10-22 18:18,2025-10-22 21:10
LAB746153,ENC119500,PT10625,WBC,White Blood Cell Count,7.7,K/uL,4.5,11,N,Routine,2025-10-22 18:26,2025-10-22 18:43,2025-10-22 21:56
LAB746154,ENC119500,PT10625,HGB,Hemoglobin,8.4,g/dL,12,17.5,L,Routine,2025-10-22 17:52,2025-10-22 18:27,2025-10-22 21:50
LAB746155,ENC119500,PT10625,LACT,Lactate,1.3,mmol/L,0.5,2,N,STAT,2025-10-22 17:54,2025-10-22 18:02,2025-10-22 19:31
LAB746156,ENC119500,PT10625,INR,Prothrombin Time INR,1,ratio,0.8,1.2,N,STAT,2025-10-22 17:55,2025-10-22 17:59,2025-10-22 18:24
LAB746157,ENC119501,PT11210,GLU,Glucose,102,mg/dL,70,99,H,STAT,2025-10-22 13:30,2025-10-22 14:00,2025-10-22 14:41
LAB746158,ENC119501,PT11210,CREAT,Creatinine,0.76,mg/dL,0.6,1.3,N,STAT,2025-10-22 13:57,2025-10-22 14:10,2025-10-22 15:07
LAB746159,ENC119501,PT11210,WBC,White Blood Cell Count,4.9,K/uL,4.5,11,N,Routine,2025-10-22 13:37,2025-10-22 14:06,2025-10-22 15:01
LAB746160,ENC119501,PT11210,HGB,Hemoglobin,14.7,g/dL,12,17.5,N,STAT,2025-10-22 13:07,2025-10-22 13:36,2025-10-22 15:42
LAB746161,ENC119501,PT11210,NA,Sodium,141,mmol/L,136,145,N,Routine,2025-10-22 13:55,2025-10-22 14:15,2025-10-22 16:55
LAB746162,ENC119501,PT11210,K,Potassium,4.2,mmol/L,3.5,5.1,N,STAT,2025-10-22 13:26,2025-10-22 13:56,2025-10-22 14:36
LAB746163,ENC119501,PT11210,TROP,"Troponin I, High Sensitivity",5,ng/L,0,34,N,STAT,2025-10-22 13:27,2025-10-22 13:48,2025-10-22 14:20
LAB746164,ENC119502,PT10132,GLU,Glucose,373,mg/dL,70,99,H,STAT,2025-10-22 18:24,2025-10-22 18:37,2025-10-22 20:03
LAB746165,ENC119502,PT10132,CREAT,Creatinine,0.94,mg/dL,0.6,1.3,N,STAT,2025-10-22 17:56,2025-10-22 18:14,2025-10-22 19:30
LAB746166,ENC119502,PT10132,WBC,White Blood Cell Count,6.8,K/uL,4.5,11,N,STAT,2025-10-22 18:15,2025-10-22 18:23,2025-10-22 18:54
LAB746167,ENC119502,PT10132,HGB,Hemoglobin,14.3,g/dL,12,17.5,N,STAT,2025-10-22 18:09,2025-10-22 18:22,2025-10-22 19:14
LAB746168,ENC119502,PT10132,NA,Sodium,136,mmol/L,136,145,N,STAT,2025-10-22 18:02,2025-10-22 18:17,2025-10-22 19:19
LAB746169,ENC119502,PT10132,K,Potassium,3.6,mmol/L,3.5,5.1,N,STAT,2025-10-22 18:25,2025-10-22 18:49,2025-10-22 19:22
LAB746170,ENC119502,PT10132,A1C,Hemoglobin A1c,10.6,%,4,5.6,H,STAT,2025-10-22 17:43,2025-10-22 17:56,2025-10-22 18:48
LAB746171,ENC119504,PT12741,WBC,White Blood Cell Count,7.4,K/uL,4.5,11,N,Routine,2025-10-22 14:15,2025-10-22 14:35,2025-10-22 19:23
LAB746172,ENC119504,PT12741,HGB,Hemoglobin,15,g/dL,12,17.5,N,Routine,2025-10-22 14:08,2025-10-22 14:17,2025-10-22 17:23
LAB746173,ENC119504,PT12741,PLT,Platelet Count,178,K/uL,150,400,N,Routine,2025-10-22 14:19,2025-10-22 14:39,2025-10-22 16:37
LAB746174,ENC119506,PT11712,GLU,Glucose,120,mg/dL,70,99,H,STAT,2025-10-22 15:08,2025-10-22 15:41,2025-10-22 16:03
LAB746175,ENC119506,PT11712,CREAT,Creatinine,0.89,mg/dL,0.6,1.3,N,Routine,2025-10-22 15:10,2025-10-22 15:43,2025-10-22 19:08
LAB746176,ENC119506,PT11712,WBC,White Blood Cell Count,7.7,K/uL,4.5,11,N,STAT,2025-10-22 14:27,2025-10-22 14:44,2025-10-22 15:10
LAB746177,ENC119506,PT11712,HGB,Hemoglobin,12.5,g/dL,12,17.5,N,Routine,2025-10-22 15:07,2025-10-22 15:33,2025-10-22 17:36
LAB746178,ENC119507,PT10971,A1C,Hemoglobin A1c,7.5,%,4,5.6,H,Routine,2025-10-22 15:07,2025-10-22 15:22,2025-10-22 23:21
LAB746179,ENC119507,PT10971,GLU,Glucose,100,mg/dL,70,99,H,Routine,2025-10-22 14:54,2025-10-22 15:24,2025-10-22 18:41
LAB746180,ENC119507,PT10971,CREAT,Creatinine,1.04,mg/dL,0.6,1.3,N,Routine,2025-10-22 14:56,2025-10-22 15:01,2025-10-22 19:13
LAB746181,ENC119509,PT13694,GLU,Glucose,124,mg/dL,70,99,H,Routine,2025-10-22 20:57,2025-10-22 21:18,2025-10-22 23:26
LAB746182,ENC119509,PT13694,CREAT,Creatinine,1.18,mg/dL,0.6,1.3,N,STAT,2025-10-22 21:28,2025-10-22 21:36,2025-10-22 22:35
LAB746183,ENC119509,PT13694,WBC,White Blood Cell Count,7.5,K/uL,4.5,11,N,STAT,2025-10-22 21:16,2025-10-22 21:25,2025-10-22 22:26
LAB746184,ENC119509,PT13694,HGB,Hemoglobin,16.1,g/dL,12,17.5,N,STAT,2025-10-22 20:40,2025-10-22 21:10,2025-10-22 21:51
LAB746185,ENC119509,PT13694,NA,Sodium,140,mmol/L,136,145,N,Routine,2025-10-22 20:58,2025-10-22 21:22,2025-10-22 23:18
LAB746186,ENC119509,PT13694,K,Potassium,4.4,mmol/L,3.5,5.1,N,STAT,2025-10-22 21:14,2025-10-22 21:47,2025-10-22 22:06
LAB746187,ENC119509,PT13694,TROP,"Troponin I, High Sensitivity",1,ng/L,0,34,N,STAT,2025-10-22 20:22,2025-10-22 20:32,2025-10-22 21:01
LAB746188,ENC119509,PT13694,BNP,B-Type Natriuretic Peptide,642,pg/mL,0,100,H,STAT,2025-10-22 20:56,2025-10-22 21:17,2025-10-22 22:57
LAB746189,ENC119510,PT10450,GLU,Glucose,103,mg/dL,70,99,H,STAT,2025-10-22 17:01,2025-10-22 17:06,2025-10-22 18:16
LAB746190,ENC119510,PT10450,CREAT,Creatinine,0.94,mg/dL,0.6,1.3,N,STAT,2025-10-22 16:38,2025-10-22 16:55,2025-10-22 17:39
LAB746191,ENC119510,PT10450,WBC,White Blood Cell Count,6.7,K/uL,4.5,11,N,STAT,2025-10-22 16:47,2025-10-22 17:22,2025-10-22 17:56
LAB746192,ENC119510,PT10450,HGB,Hemoglobin,12,g/dL,12,17.5,N,Routine,2025-10-22 16:35,2025-10-22 16:55,2025-10-22 20:01
LAB746193,ENC119510,PT10450,NA,Sodium,142,mmol/L,136,145,N,Routine,2025-10-22 16:43,2025-10-22 16:47,2025-10-22 21:49
LAB746194,ENC119510,PT10450,K,Potassium,3.6,mmol/L,3.5,5.1,N,STAT,2025-10-22 17:24,2025-10-22 17:40,2025-10-22 18:25
LAB746195,ENC119510,PT10450,BUN,Blood Urea Nitrogen,21,mg/dL,7,20,H,STAT,2025-10-22 16:33,2025-10-22 16:52,2025-10-22 18:20
LAB746196,ENC119510,PT10450,PLT,Platelet Count,246,K/uL,150,400,N,STAT,2025-10-22 17:34,2025-10-22 17:44,2025-10-22 18:42
LAB746197,ENC119512,PT13591,GLU,Glucose,109,mg/dL,70,99,H,Routine,2025-10-22 21:30,2025-10-22 21:38,2025-10-23 00:10
LAB746198,ENC119512,PT13591,CREAT,Creatinine,1.2,mg/dL,0.6,1.3,N,STAT,2025-10-22 21:44,2025-10-22 22:13,2025-10-22 23:08
LAB746199,ENC119512,PT13591,WBC,White Blood Cell Count,13,K/uL,4.5,11,H,Routine,2025-10-22 21:50,2025-10-22 22:15,2025-10-23 00:52
LAB746200,ENC119512,PT13591,HGB,Hemoglobin,13.8,g/dL,12,17.5,N,Routine,2025-10-22 22:21,2025-10-22 22:37,2025-10-23 01:00
LAB746201,ENC119512,PT13591,BUN,Blood Urea Nitrogen,15,mg/dL,7,20,N,Routine,2025-10-22 21:39,2025-10-22 21:43,2025-10-23 01:05
LAB746202,ENC119512,PT13591,PLT,Platelet Count,229,K/uL,150,400,N,STAT,2025-10-22 21:46,2025-10-22 22:20,2025-10-22 23:08
LAB746203,ENC119514,PT11834,GLU,Glucose,81,mg/dL,70,99,N,Routine,2025-10-23 00:05,2025-10-23 00:28,2025-10-23 02:29
LAB746204,ENC119514,PT11834,CREAT,Creatinine,0.93,mg/dL,0.6,1.3,N,Routine,2025-10-22 23:45,2025-10-23 00:19,2025-10-23 01:57
LAB746205,ENC119514,PT11834,WBC,White Blood Cell Count,5.8,K/uL,4.5,11,N,STAT,2025-10-23 00:22,2025-10-23 00:52,2025-10-23 01:37
LAB746206,ENC119514,PT11834,HGB,Hemoglobin,13.1,g/dL,12,17.5,N,STAT,2025-10-23 00:24,2025-10-23 00:48,2025-10-23 01:37
LAB746207,ENC119514,PT11834,NA,Sodium,143,mmol/L,136,145,N,STAT,2025-10-22 23:16,2025-10-22 23:32,2025-10-23 00:28
LAB746208,ENC119514,PT11834,K,Potassium,3.9,mmol/L,3.5,5.1,N,STAT,2025-10-22 23:27,2025-10-22 23:57,2025-10-23 00:35
LAB746209,ENC119514,PT11834,LACT,Lactate,2,mmol/L,0.5,2,N,STAT,2025-10-23 00:02,2025-10-23 00:16,2025-10-23 01:10
LAB746210,ENC119515,PT10834,GLU,Glucose,89,mg/dL,70,99,N,Routine,2025-10-22 22:44,2025-10-22 23:03,2025-10-23 03:53
LAB746211,ENC119515,PT10834,CREAT,Creatinine,1.07,mg/dL,0.6,1.3,N,STAT,2025-10-22 23:35,2025-10-23 00:09,2025-10-23 00:42
LAB746212,ENC119516,PT13516,GLU,Glucose,268,mg/dL,70,99,H,STAT,2025-10-23 02:20,2025-10-23 02:40,2025-10-23 03:05
LAB746213,ENC119516,PT13516,CREAT,Creatinine,0.97,mg/dL,0.6,1.3,N,STAT,2025-10-23 02:27,2025-10-23 02:52,2025-10-23 03:32
LAB746214,ENC119516,PT13516,WBC,White Blood Cell Count,7.5,K/uL,4.5,11,N,STAT,2025-10-23 02:55,2025-10-23 03:17,2025-10-23 03:52
LAB746215,ENC119516,PT13516,HGB,Hemoglobin,12.5,g/dL,12,17.5,N,STAT,2025-10-23 02:15,2025-10-23 02:26,2025-10-23 03:59
LAB746216,ENC119517,PT11265,TROP,"Troponin I, High Sensitivity",6,ng/L,0,34,N,STAT,2025-10-23 01:30,2025-10-23 01:35,2025-10-23 02:35
LAB746217,ENC119518,PT13907,GLU,Glucose,245,mg/dL,70,99,H,STAT,2025-10-23 07:31,2025-10-23 08:04,2025-10-23 09:24
LAB746218,ENC119518,PT13907,CREAT,Creatinine,2.2,mg/dL,0.6,1.3,H,STAT,2025-10-23 07:29,2025-10-23 07:48,2025-10-23 08:45
LAB746219,ENC119518,PT13907,WBC,White Blood Cell Count,19.1,K/uL,4.5,11,H,Routine,2025-10-23 07:52,2025-10-23 08:13,2025-10-23 14:26
LAB746220,ENC119518,PT13907,HGB,Hemoglobin,14.7,g/dL,12,17.5,N,STAT,2025-10-23 08:13,2025-10-23 08:25,2025-10-23 08:56
LAB746221,ENC119518,PT13907,BUN,Blood Urea Nitrogen,13,mg/dL,7,20,N,STAT,2025-10-23 07:18,2025-10-23 07:39,2025-10-23 08:19
LAB746222,ENC119518,PT13907,PLT,Platelet Count,198,K/uL,150,400,N,STAT,2025-10-23 07:07,2025-10-23 07:32,2025-10-23 08:35
LAB746223,ENC119518,PT13907,LACT,Lactate,2.9,mmol/L,0.5,2,H,STAT,2025-10-23 07:16,2025-10-23 07:44,2025-10-23 08:47
LAB746224,ENC119520,PT10932,WBC,White Blood Cell Count,4.7,K/uL,4.5,11,N,Routine,2025-10-23 09:25,2025-10-23 09:41,2025-10-23 11:33
LAB746225,ENC119520,PT10932,HGB,Hemoglobin,15.2,g/dL,12,17.5,N,Routine,2025-10-23 09:27,2025-10-23 10:02,2025-10-23 10:56
LAB746226,ENC119520,PT10932,PLT,Platelet Count,259,K/uL,150,400,N,Routine,2025-10-23 09:36,2025-10-23 09:53,2025-10-23 12:39
LAB746227,ENC119521,PT10025,GLU,Glucose,81,mg/dL,70,99,N,STAT,2025-10-23 10:22,2025-10-23 10:27,2025-10-23 11:10
LAB746228,ENC119521,PT10025,CREAT,Creatinine,0.84,mg/dL,0.6,1.3,N,Routine,2025-10-23 09:38,2025-10-23 09:50,2025-10-23 13:14
LAB746229,ENC119521,PT10025,WBC,White Blood Cell Count,7.2,K/uL,4.5,11,N,STAT,2025-10-23 10:21,2025-10-23 10:34,2025-10-23 11:42
LAB746230,ENC119521,PT10025,HGB,Hemoglobin,12,g/dL,12,17.5,N,Routine,2025-10-23 10:00,2025-10-23 10:32,2025-10-23 12:26
LAB746231,ENC119521,PT10025,NA,Sodium,139,mmol/L,136,145,N,Routine,2025-10-23 10:12,2025-10-23 10:24,2025-10-23 13:38
LAB746232,ENC119521,PT10025,K,Potassium,3.7,mmol/L,3.5,5.1,N,STAT,2025-10-23 10:08,2025-10-23 10:28,2025-10-23 11:04
LAB746233,ENC119522,PT11105,GLU,Glucose,77,mg/dL,70,99,N,STAT,2025-10-23 14:04,2025-10-23 14:12,2025-10-23 14:53
LAB746234,ENC119522,PT11105,CREAT,Creatinine,1.03,mg/dL,0.6,1.3,N,STAT,2025-10-23 13:19,2025-10-23 13:31,2025-10-23 14:01
LAB746235,ENC119522,PT11105,WBC,White Blood Cell Count,9,K/uL,4.5,11,N,STAT,2025-10-23 14:10,2025-10-23 14:19,2025-10-23 15:42
LAB746236,ENC119522,PT11105,HGB,Hemoglobin,14.5,g/dL,12,17.5,N,STAT,2025-10-23 14:07,2025-10-23 14:14,2025-10-23 15:04
LAB746237,ENC119524,PT13323,LDL,LDL Cholesterol,110,mg/dL,0,99,H,Routine,2025-10-23 10:16,2025-10-23 10:31,2025-10-23 18:50
LAB746238,ENC119525,PT13360,GLU,Glucose,101,mg/dL,70,99,H,Routine,2025-10-23 11:08,2025-10-23 11:29,2025-10-23 14:45
LAB746239,ENC119525,PT13360,CREAT,Creatinine,0.9,mg/dL,0.6,1.3,N,STAT,2025-10-23 10:31,2025-10-23 10:58,2025-10-23 11:50
LAB746240,ENC119525,PT13360,WBC,White Blood Cell Count,6.4,K/uL,4.5,11,N,STAT,2025-10-23 10:19,2025-10-23 10:50,2025-10-23 11:21
LAB746241,ENC119525,PT13360,TROP,"Troponin I, High Sensitivity",8,ng/L,0,34,N,STAT,2025-10-23 11:15,2025-10-23 11:25,2025-10-23 12:21
LAB746242,ENC119526,PT10057,GLU,Glucose,110,mg/dL,70,99,H,STAT,2025-10-23 12:44,2025-10-23 12:48,2025-10-23 14:21
LAB746243,ENC119526,PT10057,CREAT,Creatinine,0.54,mg/dL,0.6,1.3,L,Routine,2025-10-23 12:34,2025-10-23 13:01,2025-10-23 14:47
LAB746244,ENC119526,PT10057,WBC,White Blood Cell Count,20.5,K/uL,4.5,11,H,STAT,2025-10-23 12:19,2025-10-23 12:24,2025-10-23 13:31
LAB746245,ENC119526,PT10057,HGB,Hemoglobin,14.3,g/dL,12,17.5,N,STAT,2025-10-23 12:49,2025-10-23 13:01,2025-10-23 14:10
LAB746246,ENC119527,PT10545,A1C,Hemoglobin A1c,5.9,%,4,5.6,H,Routine,2025-10-23 11:14,2025-10-23 11:28,2025-10-24 11:05
LAB746247,ENC119534,PT12864,INR,Prothrombin Time INR,2.9,ratio,0.8,1.2,H,Routine,2025-10-23 13:41,2025-10-23 13:51,2025-10-23 16:34
LAB746248,ENC119535,PT11779,GLU,Glucose,91,mg/dL,70,99,N,STAT,2025-10-23 17:43,2025-10-23 18:04,2025-10-23 18:47
LAB746249,ENC119535,PT11779,CREAT,Creatinine,0.55,mg/dL,0.6,1.3,L,STAT,2025-10-23 18:10,2025-10-23 18:15,2025-10-23 18:46
LAB746250,ENC119535,PT11779,WBC,White Blood Cell Count,10.4,K/uL,4.5,11,N,Routine,2025-10-23 17:30,2025-10-23 17:57,2025-10-23 22:49
LAB746251,ENC119535,PT11779,HGB,Hemoglobin,13.8,g/dL,12,17.5,N,STAT,2025-10-23 17:58,2025-10-23 18:18,2025-10-23 19:04
LAB746252,ENC119535,PT11779,NA,Sodium,138,mmol/L,136,145,N,Routine,2025-10-23 18:27,2025-10-23 19:00,2025-10-23 23:19
LAB746253,ENC119535,PT11779,K,Potassium,4.2,mmol/L,3.5,5.1,N,STAT,2025-10-23 18:27,2025-10-23 18:44,2025-10-23 19:18
LAB746254,ENC119537,PT11101,GLU,Glucose,294,mg/dL,70,99,H,Routine,2025-10-23 18:12,2025-10-23 18:21,2025-10-23 22:58
LAB746255,ENC119537,PT11101,CREAT,Creatinine,0.8,mg/dL,0.6,1.3,N,STAT,2025-10-23 18:15,2025-10-23 18:20,2025-10-23 20:04
LAB746256,ENC119537,PT11101,WBC,White Blood Cell Count,6.6,K/uL,4.5,11,N,STAT,2025-10-23 18:01,2025-10-23 18:26,2025-10-23 19:12
LAB746257,ENC119537,PT11101,HGB,Hemoglobin,14.1,g/dL,12,17.5,N,STAT,2025-10-23 18:14,2025-10-23 18:25,2025-10-23 19:21
LAB746258,ENC119537,PT11101,NA,Sodium,138,mmol/L,136,145,N,Routine,2025-10-23 18:04,2025-10-23 18:38,2025-10-23 21:44
LAB746259,ENC119537,PT11101,K,Potassium,4.3,mmol/L,3.5,5.1,N,STAT,2025-10-23 17:40,2025-10-23 18:10,2025-10-23 18:36
LAB746260,ENC119537,PT11101,A1C,Hemoglobin A1c,10.3,%,4,5.6,H,Routine,2025-10-23 18:36,2025-10-23 18:41,2025-10-24 21:59
LAB746261,ENC119539,PT13629,GLU,Glucose,246,mg/dL,70,99,H,Routine,2025-10-23 17:38,2025-10-23 18:13,2025-10-23 19:45
LAB746262,ENC119539,PT13629,CREAT,Creatinine,0.84,mg/dL,0.6,1.3,N,STAT,2025-10-23 17:45,2025-10-23 18:15,2025-10-23 19:21
LAB746263,ENC119539,PT13629,WBC,White Blood Cell Count,9,K/uL,4.5,11,N,STAT,2025-10-23 18:07,2025-10-23 18:15,2025-10-23 19:30
LAB746264,ENC119539,PT13629,HGB,Hemoglobin,7.1,g/dL,12,17.5,L,STAT,2025-10-23 18:27,2025-10-23 18:33,2025-10-23 19:06
LAB746265,ENC119540,PT11038,A1C,Hemoglobin A1c,8.5,%,4,5.6,H,Routine,2025-10-23 15:18,2025-10-23 15:37,2025-10-23 21:00
LAB746266,ENC119543,PT11554,WBC,White Blood Cell Count,8.1,K/uL,4.5,11,N,Routine,2025-10-23 15:52,2025-10-23 16:25,2025-10-23 19:04
LAB746267,ENC119543,PT11554,HGB,Hemoglobin,14.5,g/dL,12,17.5,N,Routine,2025-10-23 16:08,2025-10-23 16:12,2025-10-23 21:18
LAB746268,ENC119543,PT11554,PLT,Platelet Count,218,K/uL,150,400,N,Routine,2025-10-23 16:04,2025-10-23 16:33,2025-10-23 18:40
LAB746269,ENC119548,PT10370,GLU,Glucose,120,mg/dL,70,99,H,STAT,2025-10-23 19:40,2025-10-23 20:08,2025-10-23 20:50
LAB746270,ENC119548,PT10370,CREAT,Creatinine,0.67,mg/dL,0.6,1.3,N,STAT,2025-10-23 20:36,2025-10-23 21:07,2025-10-23 21:35
LAB746271,ENC119548,PT10370,WBC,White Blood Cell Count,8.9,K/uL,4.5,11,N,STAT,2025-10-23 20:09,2025-10-23 20:25,2025-10-23 21:05
LAB746272,ENC119548,PT10370,HGB,Hemoglobin,14.2,g/dL,12,17.5,N,Routine,2025-10-23 20:33,2025-10-23 20:42,2025-10-24 01:30
LAB746273,ENC119548,PT10370,TROP,"Troponin I, High Sensitivity",3,ng/L,0,34,N,STAT,2025-10-23 19:41,2025-10-23 20:14,2025-10-23 20:59
LAB746274,ENC119549,PT12272,GLU,Glucose,103,mg/dL,70,99,H,STAT,2025-10-23 23:35,2025-10-24 00:10,2025-10-24 01:05
LAB746275,ENC119549,PT12272,CREAT,Creatinine,0.94,mg/dL,0.6,1.3,N,Routine,2025-10-23 23:27,2025-10-23 23:41,2025-10-24 02:30
LAB746276,ENC119549,PT12272,WBC,White Blood Cell Count,7.5,K/uL,4.5,11,N,STAT,2025-10-23 23:44,2025-10-23 23:56,2025-10-24 00:27
LAB746277,ENC119549,PT12272,HGB,Hemoglobin,7.7,g/dL,12,17.5,L,Routine,2025-10-23 23:44,2025-10-24 00:06,2025-10-24 05:39
LAB746278,ENC119549,PT12272,NA,Sodium,137,mmol/L,136,145,N,STAT,2025-10-23 23:30,2025-10-23 23:57,2025-10-24 00:34
LAB746279,ENC119549,PT12272,K,Potassium,4.1,mmol/L,3.5,5.1,N,STAT,2025-10-23 23:05,2025-10-23 23:14,2025-10-24 00:06
LAB746280,ENC119549,PT12272,INR,Prothrombin Time INR,1,ratio,0.8,1.2,N,Routine,2025-10-23 23:06,2025-10-23 23:27,2025-10-24 02:20
LAB746281,ENC119550,PT10968,GLU,Glucose,89,mg/dL,70,99,N,STAT,2025-10-23 20:31,2025-10-23 20:37,2025-10-23 21:13
LAB746282,ENC119550,PT10968,CREAT,Creatinine,1,mg/dL,0.6,1.3,N,Routine,2025-10-23 20:43,2025-10-23 20:57,2025-10-24 00:50
LAB746283,ENC119550,PT10968,WBC,White Blood Cell Count,11.7,K/uL,4.5,11,H,Routine,2025-10-23 20:14,2025-10-23 20:38,2025-10-24 00:19
LAB746284,ENC119550,PT10968,HGB,Hemoglobin,11.9,g/dL,12,17.5,L,Routine,2025-10-23 20:27,2025-10-23 20:36,2025-10-24 03:20
LAB746285,ENC119552,PT12718,GLU,Glucose,122,mg/dL,70,99,H,Routine,2025-10-23 23:44,2025-10-23 23:54,2025-10-24 01:17
LAB746286,ENC119552,PT12718,CREAT,Creatinine,0.98,mg/dL,0.6,1.3,N,Routine,2025-10-24 00:27,2025-10-24 00:41,2025-10-24 02:31
LAB746287,ENC119552,PT12718,WBC,White Blood Cell Count,9.2,K/uL,4.5,11,N,STAT,2025-10-24 00:30,2025-10-24 01:02,2025-10-24 01:50
LAB746288,ENC119552,PT12718,HGB,Hemoglobin,8.9,g/dL,12,17.5,L,Routine,2025-10-23 23:55,2025-10-24 00:07,2025-10-24 02:56
LAB746289,ENC119553,PT11836,GLU,Glucose,89,mg/dL,70,99,N,STAT,2025-10-23 23:04,2025-10-23 23:14,2025-10-23 23:54
LAB746290,ENC119553,PT11836,CREAT,Creatinine,0.47,mg/dL,0.6,1.3,L,STAT,2025-10-23 23:00,2025-10-23 23:04,2025-10-23 23:41
LAB746291,ENC119553,PT11836,WBC,White Blood Cell Count,6.2,K/uL,4.5,11,N,STAT,2025-10-23 23:15,2025-10-23 23:34,2025-10-24 00:04
LAB746292,ENC119553,PT11836,HGB,Hemoglobin,12.1,g/dL,12,17.5,N,STAT,2025-10-23 23:53,2025-10-24 00:21,2025-10-24 00:49
LAB746293,ENC119555,PT12527,GLU,Glucose,124,mg/dL,70,99,H,STAT,2025-10-24 00:16,2025-10-24 00:45,2025-10-24 01:31
LAB746294,ENC119555,PT12527,CREAT,Creatinine,1.17,mg/dL,0.6,1.3,N,STAT,2025-10-23 23:52,2025-10-23 23:57,2025-10-24 00:36
LAB746295,ENC119555,PT12527,WBC,White Blood Cell Count,7.2,K/uL,4.5,11,N,STAT,2025-10-24 00:03,2025-10-24 00:18,2025-10-24 01:53
LAB746296,ENC119559,PT11257,WBC,White Blood Cell Count,7.6,K/uL,4.5,11,N,Routine,2025-10-24 10:03,2025-10-24 10:12,2025-10-24 11:08
LAB746297,ENC119559,PT11257,HGB,Hemoglobin,14.4,g/dL,12,17.5,N,Routine,2025-10-24 09:51,2025-10-24 10:10,2025-10-24 11:29
LAB746298,ENC119559,PT11257,PLT,Platelet Count,281,K/uL,150,400,N,Routine,2025-10-24 10:15,2025-10-24 10:27,2025-10-24 11:45
LAB746299,ENC119562,PT12380,GLU,Glucose,85,mg/dL,70,99,N,Routine,2025-10-24 12:17,2025-10-24 12:28,2025-10-24 16:08
LAB746300,ENC119562,PT12380,CREAT,Creatinine,1.01,mg/dL,0.6,1.3,N,Routine,2025-10-24 11:51,2025-10-24 12:01,2025-10-24 14:32
LAB746301,ENC119562,PT12380,WBC,White Blood Cell Count,6.7,K/uL,4.5,11,N,STAT,2025-10-24 12:00,2025-10-24 12:21,2025-10-24 13:21
LAB746302,ENC119564,PT12677,GLU,Glucose,95,mg/dL,70,99,N,Routine,2025-10-24 13:25,2025-10-24 13:32,2025-10-24 15:49
LAB746303,ENC119564,PT12677,CREAT,Creatinine,0.76,mg/dL,0.6,1.3,N,Routine,2025-10-24 14:10,2025-10-24 14:15,2025-10-24 17:32
LAB746304,ENC119564,PT12677,WBC,White Blood Cell Count,8.1,K/uL,4.5,11,N,STAT,2025-10-24 14:08,2025-10-24 14:23,2025-10-24 15:50
LAB746305,ENC119564,PT12677,HGB,Hemoglobin,15.9,g/dL,12,17.5,N,STAT,2025-10-24 13:58,2025-10-24 14:19,2025-10-24 15:16
LAB746306,ENC119564,PT12677,BUN,Blood Urea Nitrogen,12,mg/dL,7,20,N,STAT,2025-10-24 13:55,2025-10-24 14:30,2025-10-24 14:53
LAB746307,ENC119564,PT12677,PLT,Platelet Count,218,K/uL,150,400,N,STAT,2025-10-24 13:10,2025-10-24 13:24,2025-10-24 14:11
LAB746308,ENC119564,PT12677,INR,Prothrombin Time INR,1.2,ratio,0.8,1.2,N,STAT,2025-10-24 13:35,2025-10-24 13:55,2025-10-24 15:40
LAB746309,ENC119566,PT13779,GLU,Glucose,89,mg/dL,70,99,N,STAT,2025-10-24 16:22,2025-10-24 16:49,2025-10-24 17:16
LAB746310,ENC119566,PT13779,CREAT,Creatinine,0.46,mg/dL,0.6,1.3,L,Routine,2025-10-24 16:45,2025-10-24 17:15,2025-10-24 22:23
LAB746311,ENC119566,PT13779,WBC,White Blood Cell Count,8.8,K/uL,4.5,11,N,Routine,2025-10-24 15:39,2025-10-24 16:11,2025-10-24 18:35
LAB746312,ENC119566,PT13779,HGB,Hemoglobin,13.7,g/dL,12,17.5,N,Routine,2025-10-24 15:46,2025-10-24 15:54,2025-10-24 18:26
LAB746313,ENC119566,PT13779,NA,Sodium,138,mmol/L,136,145,N,Routine,2025-10-24 16:40,2025-10-24 16:52,2025-10-24 19:13
LAB746314,ENC119566,PT13779,K,Potassium,4.3,mmol/L,3.5,5.1,N,STAT,2025-10-24 16:29,2025-10-24 16:53,2025-10-24 17:43
LAB746315,ENC119569,PT12731,LDL,LDL Cholesterol,127,mg/dL,0,99,H,Routine,2025-10-24 13:29,2025-10-24 13:45,2025-10-25 08:22
LAB746316,ENC119569,PT12731,A1C,Hemoglobin A1c,8.6,%,4,5.6,H,Routine,2025-10-24 13:30,2025-10-24 13:54,2025-10-26 04:25
LAB746317,ENC119570,PT10713,GLU,Glucose,146,mg/dL,70,99,H,Routine,2025-10-24 16:21,2025-10-24 16:25,2025-10-24 18:01
LAB746318,ENC119570,PT10713,CREAT,Creatinine,1.06,mg/dL,0.6,1.3,N,STAT,2025-10-24 16:58,2025-10-24 17:20,2025-10-24 18:10
LAB746319,ENC119570,PT10713,WBC,White Blood Cell Count,9.8,K/uL,4.5,11,N,STAT,2025-10-24 16:26,2025-10-24 16:31,2025-10-24 17:14
LAB746320,ENC119570,PT10713,HGB,Hemoglobin,14.1,g/dL,12,17.5,N,STAT,2025-10-24 15:50,2025-10-24 15:55,2025-10-24 16:25
LAB746321,ENC119570,PT10713,TROP,"Troponin I, High Sensitivity",19,ng/L,0,34,N,STAT,2025-10-24 15:54,2025-10-24 16:03,2025-10-24 16:32
LAB746322,ENC119574,PT10674,GLU,Glucose,134,mg/dL,70,99,H,STAT,2025-10-24 16:57,2025-10-24 17:04,2025-10-24 17:38
LAB746323,ENC119574,PT10674,CREAT,Creatinine,1.43,mg/dL,0.6,1.3,H,STAT,2025-10-24 17:13,2025-10-24 17:34,2025-10-24 18:19
LAB746324,ENC119574,PT10674,WBC,White Blood Cell Count,8.3,K/uL,4.5,11,N,Routine,2025-10-24 16:43,2025-10-24 17:08,2025-10-24 18:46
LAB746325,ENC119574,PT10674,HGB,Hemoglobin,13.3,g/dL,12,17.5,N,Routine,2025-10-24 17:35,2025-10-24 18:06,2025-10-24 22:17
LAB746326,ENC119574,PT10674,BUN,Blood Urea Nitrogen,12,mg/dL,7,20,N,STAT,2025-10-24 17:19,2025-10-24 17:32,2025-10-24 19:33
LAB746327,ENC119574,PT10674,PLT,Platelet Count,288,K/uL,150,400,N,STAT,2025-10-24 16:48,2025-10-24 17:02,2025-10-24 17:35
LAB746328,ENC119574,PT10674,LACT,Lactate,3.5,mmol/L,0.5,2,H,STAT,2025-10-24 16:49,2025-10-24 17:13,2025-10-24 17:42
LAB746329,ENC119575,PT10191,GLU,Glucose,137,mg/dL,70,99,H,STAT,2025-10-24 19:19,2025-10-24 19:39,2025-10-24 20:10
LAB746330,ENC119575,PT10191,CREAT,Creatinine,0.72,mg/dL,0.6,1.3,N,Routine,2025-10-24 18:24,2025-10-24 18:46,2025-10-24 20:08
LAB746331,ENC119575,PT10191,WBC,White Blood Cell Count,8.1,K/uL,4.5,11,N,Routine,2025-10-24 18:55,2025-10-24 19:24,2025-10-24 23:08
LAB746332,ENC119575,PT10191,HGB,Hemoglobin,14.1,g/dL,12,17.5,N,STAT,2025-10-24 19:28,2025-10-24 19:50,2025-10-24 20:51
LAB746333,ENC119575,PT10191,BUN,Blood Urea Nitrogen,9,mg/dL,7,20,N,Routine,2025-10-24 18:28,2025-10-24 18:44,2025-10-24 21:38
LAB746334,ENC119575,PT10191,PLT,Platelet Count,163,K/uL,150,400,N,STAT,2025-10-24 18:45,2025-10-24 18:58,2025-10-24 20:24
LAB746335,ENC119578,PT10751,GLU,Glucose,95,mg/dL,70,99,N,STAT,2025-10-24 16:18,2025-10-24 16:45,2025-10-24 17:27
LAB746336,ENC119578,PT10751,CREAT,Creatinine,1.07,mg/dL,0.6,1.3,N,STAT,2025-10-24 16:12,2025-10-24 16:27,2025-10-24 17:00
LAB746337,ENC119578,PT10751,WBC,White Blood Cell Count,11.8,K/uL,4.5,11,H,STAT,2025-10-24 16:42,2025-10-24 16:58,2025-10-24 17:42
LAB746338,ENC119578,PT10751,HGB,Hemoglobin,13.8,g/dL,12,17.5,N,STAT,2025-10-24 16:47,2025-10-24 16:57,2025-10-24 17:48
LAB746339,ENC119580,PT10327,GLU,Glucose,96,mg/dL,70,99,N,Routine,2025-10-24 17:58,2025-10-24 18:09,2025-10-25 02:24
LAB746340,ENC119580,PT10327,CREAT,Creatinine,1.15,mg/dL,0.6,1.3,N,STAT,2025-10-24 18:35,2025-10-24 18:56,2025-10-24 19:30
LAB746341,ENC119580,PT10327,WBC,White Blood Cell Count,7.3,K/uL,4.5,11,N,Routine,2025-10-24 18:25,2025-10-24 18:46,2025-10-24 23:01
LAB746342,ENC119580,PT10327,HGB,Hemoglobin,12.1,g/dL,12,17.5,N,Routine,2025-10-24 17:57,2025-10-24 18:24,2025-10-24 21:51
LAB746343,ENC119580,PT10327,NA,Sodium,143,mmol/L,136,145,N,STAT,2025-10-24 18:13,2025-10-24 18:22,2025-10-24 18:44
LAB746344,ENC119580,PT10327,K,Potassium,4.1,mmol/L,3.5,5.1,N,STAT,2025-10-24 18:12,2025-10-24 18:26,2025-10-24 18:55
LAB746345,ENC119581,PT11645,GLU,Glucose,83,mg/dL,70,99,N,Routine,2025-10-24 18:15,2025-10-24 18:19,2025-10-24 21:53
LAB746346,ENC119581,PT11645,CREAT,Creatinine,1.05,mg/dL,0.6,1.3,N,STAT,2025-10-24 18:05,2025-10-24 18:37,2025-10-24 19:34
LAB746347,ENC119581,PT11645,WBC,White Blood Cell Count,0.7,K/uL,4.5,11,LL,STAT,2025-10-24 18:35,2025-10-24 18:56,2025-10-24 19:23
LAB746348,ENC119581,PT11645,HGB,Hemoglobin,16.3,g/dL,12,17.5,N,STAT,2025-10-24 18:10,2025-10-24 18:38,2025-10-24 19:30
LAB746349,ENC119582,PT12218,GLU,Glucose,83,mg/dL,70,99,N,Routine,2025-10-24 21:02,2025-10-24 21:13,2025-10-25 00:24
LAB746350,ENC119582,PT12218,CREAT,Creatinine,0.97,mg/dL,0.6,1.3,N,STAT,2025-10-24 21:16,2025-10-24 21:35,2025-10-24 22:17
LAB746351,ENC119582,PT12218,WBC,White Blood Cell Count,7.3,K/uL,4.5,11,N,Routine,2025-10-24 21:15,2025-10-24 21:28,2025-10-24 23:12
LAB746352,ENC119582,PT12218,HGB,Hemoglobin,12.1,g/dL,12,17.5,N,STAT,2025-10-24 20:48,2025-10-24 21:06,2025-10-24 22:19
LAB746353,ENC119583,PT10135,GLU,Glucose,181,mg/dL,70,99,H,Routine,2025-10-24 19:45,2025-10-24 19:56,2025-10-25 00:34
LAB746354,ENC119583,PT10135,CREAT,Creatinine,1.01,mg/dL,0.6,1.3,N,STAT,2025-10-24 20:17,2025-10-24 20:35,2025-10-24 21:23
LAB746355,ENC119583,PT10135,WBC,White Blood Cell Count,6.8,K/uL,4.5,11,N,STAT,2025-10-24 20:28,2025-10-24 20:42,2025-10-24 21:17
LAB746356,ENC119583,PT10135,HGB,Hemoglobin,11.2,g/dL,12,17.5,L,STAT,2025-10-24 19:59,2025-10-24 20:33,2025-10-24 21:28
LAB746357,ENC119583,PT10135,NA,Sodium,122,mmol/L,136,145,L,Routine,2025-10-24 20:27,2025-10-24 20:52,2025-10-25 00:13
LAB746358,ENC119583,PT10135,K,Potassium,4.3,mmol/L,3.5,5.1,N,STAT,2025-10-24 19:42,2025-10-24 20:03,2025-10-24 20:54
LAB746359,ENC119584,PT11214,GLU,Glucose,107,mg/dL,70,99,H,STAT,2025-10-24 21:25,2025-10-24 22:00,2025-10-24 23:23
LAB746360,ENC119584,PT11214,CREAT,Creatinine,1.13,mg/dL,0.6,1.3,N,Routine,2025-10-24 21:23,2025-10-24 21:58,2025-10-25 02:42
LAB746361,ENC119584,PT11214,WBC,White Blood Cell Count,7.2,K/uL,4.5,11,N,STAT,2025-10-24 21:59,2025-10-24 22:33,2025-10-24 23:01
LAB746362,ENC119584,PT11214,HGB,Hemoglobin,14,g/dL,12,17.5,N,STAT,2025-10-24 22:00,2025-10-24 22:08,2025-10-24 23:09
LAB746363,ENC119584,PT11214,NA,Sodium,140,mmol/L,136,145,N,Routine,2025-10-24 21:08,2025-10-24 21:41,2025-10-25 00:42
LAB746364,ENC119584,PT11214,K,Potassium,4,mmol/L,3.5,5.1,N,STAT,2025-10-24 22:04,2025-10-24 22:38,2025-10-24 23:28
LAB746365,ENC119584,PT11214,BUN,Blood Urea Nitrogen,12,mg/dL,7,20,N,Routine,2025-10-24 21:34,2025-10-24 21:57,2025-10-25 01:28
LAB746366,ENC119584,PT11214,PLT,Platelet Count,304,K/uL,150,400,N,STAT,2025-10-24 21:31,2025-10-24 21:51,2025-10-24 22:54
LAB746367,ENC119585,PT12280,GLU,Glucose,110,mg/dL,70,99,H,Routine,2025-10-24 23:32,2025-10-25 00:04,2025-10-25 06:20
LAB746368,ENC119585,PT12280,CREAT,Creatinine,1.23,mg/dL,0.6,1.3,N,STAT,2025-10-24 23:28,2025-10-25 00:00,2025-10-25 01:05
LAB746369,ENC119585,PT12280,WBC,White Blood Cell Count,9.1,K/uL,4.5,11,N,STAT,2025-10-24 23:03,2025-10-24 23:11,2025-10-24 23:45
LAB746370,ENC119585,PT12280,HGB,Hemoglobin,14.1,g/dL,12,17.5,N,STAT,2025-10-24 22:41,2025-10-24 23:01,2025-10-25 00:06
LAB746371,ENC119586,PT12822,GLU,Glucose,140,mg/dL,70,99,H,STAT,2025-10-25 00:31,2025-10-25 00:44,2025-10-25 01:22
LAB746372,ENC119586,PT12822,CREAT,Creatinine,0.71,mg/dL,0.6,1.3,N,Routine,2025-10-24 23:42,2025-10-24 23:52,2025-10-25 03:36
LAB746373,ENC119586,PT12822,WBC,White Blood Cell Count,3.5,K/uL,4.5,11,L,Routine,2025-10-24 23:44,2025-10-25 00:03,2025-10-25 02:02
LAB746374,ENC119586,PT12822,HGB,Hemoglobin,14.4,g/dL,12,17.5,N,Routine,2025-10-25 00:27,2025-10-25 00:52,2025-10-25 05:02
LAB746375,ENC119587,PT12980,GLU,Glucose,100,mg/dL,70,99,H,Routine,2025-10-25 16:00,2025-10-25 16:24,2025-10-25 18:09
LAB746376,ENC119587,PT12980,CREAT,Creatinine,0.72,mg/dL,0.6,1.3,N,STAT,2025-10-25 16:10,2025-10-25 16:37,2025-10-25 17:08
LAB746377,ENC119587,PT12980,WBC,White Blood Cell Count,6.9,K/uL,4.5,11,N,Routine,2025-10-25 16:21,2025-10-25 16:27,2025-10-25 19:17
LAB746378,ENC119587,PT12980,HGB,Hemoglobin,14.5,g/dL,12,17.5,N,STAT,2025-10-25 15:42,2025-10-25 16:10,2025-10-25 17:35
LAB746379,ENC119587,PT12980,BUN,Blood Urea Nitrogen,16,mg/dL,7,20,N,STAT,2025-10-25 16:20,2025-10-25 16:52,2025-10-25 17:23
LAB746380,ENC119587,PT12980,PLT,Platelet Count,182,K/uL,150,400,N,Routine,2025-10-25 15:26,2025-10-25 15:30,2025-10-25 18:20
LAB746381,ENC119587,PT12980,TROP,"Troponin I, High Sensitivity",867,ng/L,0,34,H,STAT,2025-10-25 16:23,2025-10-25 16:52,2025-10-25 19:07
LAB746382,ENC119589,PT11539,GLU,Glucose,104,mg/dL,70,99,H,Routine,2025-10-25 16:38,2025-10-25 16:46,2025-10-25 20:20
LAB746383,ENC119589,PT11539,CREAT,Creatinine,1.5,mg/dL,0.6,1.3,H,STAT,2025-10-25 16:24,2025-10-25 16:42,2025-10-25 18:17
LAB746384,ENC119589,PT11539,WBC,White Blood Cell Count,7.6,K/uL,4.5,11,N,Routine,2025-10-25 17:07,2025-10-25 17:29,2025-10-25 18:26
LAB746385,ENC119589,PT11539,HGB,Hemoglobin,14,g/dL,12,17.5,N,Routine,2025-10-25 17:10,2025-10-25 17:32,2025-10-25 20:13
LAB746386,ENC119589,PT11539,TROP,"Troponin I, High Sensitivity",87,ng/L,0,34,H,STAT,2025-10-25 16:32,2025-10-25 16:55,2025-10-25 17:35
LAB746387,ENC119589,PT11539,BNP,B-Type Natriuretic Peptide,898,pg/mL,0,100,H,STAT,2025-10-25 16:16,2025-10-25 16:28,2025-10-25 17:00
LAB746388,ENC119590,PT11146,GLU,Glucose,116,mg/dL,70,99,H,STAT,2025-10-25 16:36,2025-10-25 16:48,2025-10-25 17:59
LAB746389,ENC119590,PT11146,CREAT,Creatinine,1.2,mg/dL,0.6,1.3,N,Routine,2025-10-25 16:56,2025-10-25 17:09,2025-10-25 18:50
LAB746390,ENC119590,PT11146,WBC,White Blood Cell Count,24.9,K/uL,4.5,11,H,Routine,2025-10-25 16:35,2025-10-25 16:54,2025-10-25 20:31
LAB746391,ENC119590,PT11146,HGB,Hemoglobin,13.7,g/dL,12,17.5,N,STAT,2025-10-25 16:18,2025-10-25 16:23,2025-10-25 17:15
LAB746392,ENC119590,PT11146,LACT,Lactate,1.2,mmol/L,0.5,2,N,STAT,2025-10-25 16:49,2025-10-25 17:18,2025-10-25 19:00
LAB746393,ENC119592,PT10717,GLU,Glucose,74,mg/dL,70,99,N,STAT,2025-10-25 21:31,2025-10-25 21:57,2025-10-25 22:30
LAB746394,ENC119592,PT10717,CREAT,Creatinine,0.66,mg/dL,0.6,1.3,N,Routine,2025-10-25 21:31,2025-10-25 22:00,2025-10-25 23:58
LAB746395,ENC119592,PT10717,WBC,White Blood Cell Count,7.1,K/uL,4.5,11,N,Routine,2025-10-25 21:16,2025-10-25 21:29,2025-10-26 02:44
LAB746396,ENC119592,PT10717,HGB,Hemoglobin,12.5,g/dL,12,17.5,N,STAT,2025-10-25 21:11,2025-10-25 21:33,2025-10-25 21:57
LAB746397,ENC119592,PT10717,NA,Sodium,137,mmol/L,136,145,N,Routine,2025-10-25 21:31,2025-10-25 21:38,2025-10-26 01:30
LAB746398,ENC119592,PT10717,K,Potassium,4.4,mmol/L,3.5,5.1,N,STAT,2025-10-25 20:43,2025-10-25 20:51,2025-10-25 21:24
LAB746399,ENC119592,PT10717,TROP,"Troponin I, High Sensitivity",2,ng/L,0,34,N,STAT,2025-10-25 21:21,2025-10-25 21:43,2025-10-25 22:15
LAB746400,ENC119592,PT10717,BNP,B-Type Natriuretic Peptide,1418,pg/mL,0,100,H,STAT,2025-10-25 21:20,2025-10-25 21:25,2025-10-25 22:00
LAB746401,ENC119595,PT10874,GLU,Glucose,109,mg/dL,70,99,H,STAT,2025-10-25 21:59,2025-10-25 22:10,2025-10-25 23:37
LAB746402,ENC119595,PT10874,CREAT,Creatinine,0.96,mg/dL,0.6,1.3,N,STAT,2025-10-25 21:59,2025-10-25 22:28,2025-10-25 23:09
LAB746403,ENC119595,PT10874,WBC,White Blood Cell Count,8,K/uL,4.5,11,N,STAT,2025-10-25 22:33,2025-10-25 22:40,2025-10-25 23:16
LAB746404,ENC119595,PT10874,HGB,Hemoglobin,12.1,g/dL,12,17.5,N,STAT,2025-10-25 22:22,2025-10-25 22:54,2025-10-26 00:32
LAB746405,ENC119595,PT10874,BUN,Blood Urea Nitrogen,14,mg/dL,7,20,N,STAT,2025-10-25 22:21,2025-10-25 22:46,2025-10-25 23:45
LAB746406,ENC119595,PT10874,PLT,Platelet Count,227,K/uL,150,400,N,Routine,2025-10-25 22:32,2025-10-25 23:05,2025-10-26 01:47
LAB746407,ENC119595,PT10874,LACT,Lactate,2.9,mmol/L,0.5,2,H,STAT,2025-10-25 22:06,2025-10-25 22:10,2025-10-25 23:31
LAB746408,ENC119596,PT11261,GLU,Glucose,78,mg/dL,70,99,N,Routine,2025-10-26 00:44,2025-10-26 01:06,2025-10-26 03:45
LAB746409,ENC119596,PT11261,CREAT,Creatinine,0.76,mg/dL,0.6,1.3,N,STAT,2025-10-26 00:44,2025-10-26 00:59,2025-10-26 01:46
LAB746410,ENC119596,PT11261,WBC,White Blood Cell Count,7.3,K/uL,4.5,11,N,Routine,2025-10-26 00:37,2025-10-26 01:05,2025-10-26 04:47
LAB746411,ENC119596,PT11261,HGB,Hemoglobin,14.2,g/dL,12,17.5,N,STAT,2025-10-26 00:56,2025-10-26 01:26,2025-10-26 02:08
LAB746412,ENC119597,PT13143,GLU,Glucose,127,mg/dL,70,99,H,STAT,2025-10-26 02:03,2025-10-26 02:37,2025-10-26 03:47
LAB746413,ENC119597,PT13143,CREAT,Creatinine,2.66,mg/dL,0.6,1.3,H,STAT,2025-10-26 01:11,2025-10-26 01:35,2025-10-26 02:42
LAB746414,ENC119597,PT13143,WBC,White Blood Cell Count,8,K/uL,4.5,11,N,Routine,2025-10-26 02:07,2025-10-26 02:41,2025-10-26 07:47
LAB746415,ENC119598,PT12143,GLU,Glucose,75,mg/dL,70,99,N,Routine,2025-10-26 01:55,2025-10-26 02:26,2025-10-26 06:33
LAB746416,ENC119598,PT12143,CREAT,Creatinine,0.94,mg/dL,0.6,1.3,N,Routine,2025-10-26 01:30,2025-10-26 01:44,2025-10-26 05:26
LAB746417,ENC119598,PT12143,WBC,White Blood Cell Count,7.7,K/uL,4.5,11,N,Routine,2025-10-26 02:34,2025-10-26 02:38,2025-10-26 03:23
LAB746418,ENC119599,PT10514,GLU,Glucose,129,mg/dL,70,99,H,Routine,2025-10-26 02:30,2025-10-26 02:37,2025-10-26 09:28
LAB746419,ENC119599,PT10514,CREAT,Creatinine,1.27,mg/dL,0.6,1.3,N,STAT,2025-10-26 02:25,2025-10-26 02:33,2025-10-26 03:14
LAB746420,ENC119600,PT11656,GLU,Glucose,112,mg/dL,70,99,H,Routine,2025-10-26 12:17,2025-10-26 12:42,2025-10-26 15:03
LAB746421,ENC119600,PT11656,CREAT,Creatinine,0.78,mg/dL,0.6,1.3,N,Routine,2025-10-26 12:31,2025-10-26 12:56,2025-10-26 16:12
LAB746422,ENC119600,PT11656,WBC,White Blood Cell Count,5.8,K/uL,4.5,11,N,Routine,2025-10-26 12:32,2025-10-26 12:40,2025-10-26 15:11
LAB746423,ENC119600,PT11656,HGB,Hemoglobin,15.5,g/dL,12,17.5,N,STAT,2025-10-26 12:17,2025-10-26 12:36,2025-10-26 13:33
LAB746424,ENC119600,PT11656,TROP,"Troponin I, High Sensitivity",9,ng/L,0,34,N,STAT,2025-10-26 11:27,2025-10-26 11:31,2025-10-26 11:58
LAB746425,ENC119600,PT11656,BNP,B-Type Natriuretic Peptide,578,pg/mL,0,100,H,Routine,2025-10-26 11:44,2025-10-26 12:10,2025-10-26 15:04
LAB746426,ENC119601,PT10095,GLU,Glucose,87,mg/dL,70,99,N,STAT,2025-10-26 17:24,2025-10-26 17:32,2025-10-26 17:56
LAB746427,ENC119601,PT10095,CREAT,Creatinine,0.81,mg/dL,0.6,1.3,N,STAT,2025-10-26 18:15,2025-10-26 18:20,2025-10-26 18:54
LAB746428,ENC119601,PT10095,WBC,White Blood Cell Count,7.2,K/uL,4.5,11,N,Routine,2025-10-26 18:32,2025-10-26 18:36,2025-10-26 22:48
LAB746429,ENC119601,PT10095,HGB,Hemoglobin,9.1,g/dL,12,17.5,L,STAT,2025-10-26 17:52,2025-10-26 18:20,2025-10-26 19:23
LAB746430,ENC119601,PT10095,NA,Sodium,137,mmol/L,136,145,N,STAT,2025-10-26 18:25,2025-10-26 18:30,2025-10-26 19:22
LAB746431,ENC119601,PT10095,K,Potassium,4.4,mmol/L,3.5,5.1,N,STAT,2025-10-26 18:01,2025-10-26 18:27,2025-10-26 19:19
LAB746432,ENC119601,PT10095,LACT,Lactate,2.9,mmol/L,0.5,2,H,STAT,2025-10-26 17:29,2025-10-26 17:47,2025-10-26 18:28
LAB746433,ENC119601,PT10095,INR,Prothrombin Time INR,0.9,ratio,0.8,1.2,N,STAT,2025-10-26 17:31,2025-10-26 18:01,2025-10-26 19:01
LAB746434,ENC119603,PT12502,GLU,Glucose,98,mg/dL,70,99,N,Routine,2025-10-26 18:16,2025-10-26 18:24,2025-10-26 20:43
LAB746435,ENC119603,PT12502,CREAT,Creatinine,1.96,mg/dL,0.6,1.3,H,Routine,2025-10-26 18:56,2025-10-26 19:30,2025-10-26 22:46
LAB746436,ENC119603,PT12502,WBC,White Blood Cell Count,3.8,K/uL,4.5,11,L,Routine,2025-10-26 18:21,2025-10-26 18:53,2025-10-26 20:23
LAB746437,ENC119603,PT12502,HGB,Hemoglobin,10.5,g/dL,12,17.5,L,Routine,2025-10-26 17:55,2025-10-26 18:09,2025-10-26 20:34
LAB746438,ENC119603,PT12502,BUN,Blood Urea Nitrogen,15,mg/dL,7,20,N,STAT,2025-10-26 18:18,2025-10-26 18:45,2025-10-26 19:11
LAB746439,ENC119603,PT12502,PLT,Platelet Count,239,K/uL,150,400,N,Routine,2025-10-26 18:54,2025-10-26 19:06,2025-10-26 20:57
LAB746440,ENC119603,PT12502,INR,Prothrombin Time INR,1,ratio,0.8,1.2,N,Routine,2025-10-26 17:59,2025-10-26 18:05,2025-10-26 21:32
LAB746441,ENC119606,PT11794,GLU,Glucose,121,mg/dL,70,99,H,STAT,2025-10-26 19:44,2025-10-26 20:18,2025-10-26 21:22
LAB746442,ENC119606,PT11794,CREAT,Creatinine,0.74,mg/dL,0.6,1.3,N,STAT,2025-10-26 19:28,2025-10-26 19:46,2025-10-26 21:08
LAB746443,ENC119606,PT11794,WBC,White Blood Cell Count,7.6,K/uL,4.5,11,N,STAT,2025-10-26 19:54,2025-10-26 20:14,2025-10-26 21:20
LAB746444,ENC119606,PT11794,HGB,Hemoglobin,14.8,g/dL,12,17.5,N,STAT,2025-10-26 18:54,2025-10-26 19:09,2025-10-26 20:18
LAB746445,ENC119606,PT11794,BUN,Blood Urea Nitrogen,10,mg/dL,7,20,N,Routine,2025-10-26 19:47,2025-10-26 19:58,2025-10-26 23:57
LAB746446,ENC119606,PT11794,PLT,Platelet Count,234,K/uL,150,400,N,Routine,2025-10-26 18:57,2025-10-26 19:20,2025-10-26 21:06
LAB746447,ENC119606,PT11794,INR,Prothrombin Time INR,1.2,ratio,0.8,1.2,N,Routine,2025-10-26 19:13,2025-10-26 19:37,2025-10-26 21:04
LAB746448,ENC119607,PT10442,GLU,Glucose,90,mg/dL,70,99,N,STAT,2025-10-26 16:11,2025-10-26 16:41,2025-10-26 17:15
LAB746449,ENC119607,PT10442,CREAT,Creatinine,0.89,mg/dL,0.6,1.3,N,STAT,2025-10-26 16:09,2025-10-26 16:23,2025-10-26 17:39
LAB746450,ENC119607,PT10442,WBC,White Blood Cell Count,5.2,K/uL,4.5,11,N,STAT,2025-10-26 16:51,2025-10-26 17:20,2025-10-26 18:17
LAB746451,ENC119607,PT10442,INR,Prothrombin Time INR,1.1,ratio,0.8,1.2,N,STAT,2025-10-26 16:40,2025-10-26 17:06,2025-10-26 17:28
LAB746452,ENC119608,PT12973,GLU,Glucose,112,mg/dL,70,99,H,STAT,2025-10-26 21:31,2025-10-26 21:40,2025-10-26 22:25
LAB746453,ENC119608,PT12973,CREAT,Creatinine,1.27,mg/dL,0.6,1.3,N,STAT,2025-10-26 21:52,2025-10-26 22:23,2025-10-26 23:33
LAB746454,ENC119608,PT12973,WBC,White Blood Cell Count,5.4,K/uL,4.5,11,N,Routine,2025-10-26 22:12,2025-10-26 22:28,2025-10-26 23:58
LAB746455,ENC119608,PT12973,HGB,Hemoglobin,15.7,g/dL,12,17.5,N,Routine,2025-10-26 21:28,2025-10-26 21:35,2025-10-27 01:07
LAB746456,ENC119608,PT12973,NA,Sodium,135,mmol/L,136,145,L,STAT,2025-10-26 22:12,2025-10-26 22:22,2025-10-26 22:46
LAB746457,ENC119608,PT12973,K,Potassium,4.6,mmol/L,3.5,5.1,N,STAT,2025-10-26 21:27,2025-10-26 21:53,2025-10-26 22:47
LAB746458,ENC119610,PT12717,GLU,Glucose,90,mg/dL,70,99,N,STAT,2025-10-26 20:22,2025-10-26 20:47,2025-10-26 21:28
LAB746459,ENC119610,PT12717,CREAT,Creatinine,1.07,mg/dL,0.6,1.3,N,STAT,2025-10-26 19:55,2025-10-26 20:04,2025-10-26 21:20
LAB746460,ENC119610,PT12717,WBC,White Blood Cell Count,6.9,K/uL,4.5,11,N,Routine,2025-10-26 21:04,2025-10-26 21:08,2025-10-27 02:32
LAB746461,ENC119610,PT12717,HGB,Hemoglobin,12.8,g/dL,12,17.5,N,Routine,2025-10-26 20:44,2025-10-26 20:52,2025-10-27 02:10
LAB746462,ENC119612,PT12090,GLU,Glucose,99,mg/dL,70,99,N,STAT,2025-10-26 23:16,2025-10-26 23:23,2025-10-26 23:47
LAB746463,ENC119612,PT12090,CREAT,Creatinine,0.77,mg/dL,0.6,1.3,N,Routine,2025-10-26 23:34,2025-10-27 00:08,2025-10-27 02:40
LAB746464,ENC119612,PT12090,WBC,White Blood Cell Count,7.3,K/uL,4.5,11,N,STAT,2025-10-26 22:26,2025-10-26 22:30,2025-10-26 22:49
LAB746465,ENC119612,PT12090,HGB,Hemoglobin,14.7,g/dL,12,17.5,N,Routine,2025-10-26 23:02,2025-10-26 23:16,2025-10-27 02:17
LAB746466,ENC119613,PT11289,GLU,Glucose,103,mg/dL,70,99,H,STAT,2025-10-27 02:52,2025-10-27 03:08,2025-10-27 03:51
LAB746467,ENC119613,PT11289,CREAT,Creatinine,1.29,mg/dL,0.6,1.3,N,STAT,2025-10-27 02:02,2025-10-27 02:19,2025-10-27 02:57
LAB746468,ENC119613,PT11289,WBC,White Blood Cell Count,7.3,K/uL,4.5,11,N,STAT,2025-10-27 02:44,2025-10-27 02:58,2025-10-27 04:05
LAB746469,ENC119613,PT11289,HGB,Hemoglobin,13.1,g/dL,12,17.5,N,STAT,2025-10-27 02:48,2025-10-27 03:18,2025-10-27 03:56
LAB746470,ENC119613,PT11289,NA,Sodium,140,mmol/L,136,145,N,STAT,2025-10-27 02:24,2025-10-27 02:28,2025-10-27 03:00
LAB746471,ENC119613,PT11289,K,Potassium,3.9,mmol/L,3.5,5.1,N,STAT,2025-10-27 02:05,2025-10-27 02:32,2025-10-27 03:21
LAB746472,ENC119613,PT11289,INR,Prothrombin Time INR,1,ratio,0.8,1.2,N,STAT,2025-10-27 02:04,2025-10-27 02:28,2025-10-27 03:01
LAB746473,ENC119614,PT13614,GLU,Glucose,102,mg/dL,70,99,H,Routine,2025-10-27 03:24,2025-10-27 03:34,2025-10-27 07:03
LAB746474,ENC119614,PT13614,CREAT,Creatinine,0.9,mg/dL,0.6,1.3,N,STAT,2025-10-27 03:18,2025-10-27 03:22,2025-10-27 04:46
LAB746475,ENC119614,PT13614,WBC,White Blood Cell Count,6.9,K/uL,4.5,11,N,Routine,2025-10-27 03:49,2025-10-27 04:19,2025-10-27 11:26
LAB746476,ENC119614,PT13614,HGB,Hemoglobin,10.4,g/dL,12,17.5,L,Routine,2025-10-27 02:56,2025-10-27 03:10,2025-10-27 05:02
LAB746477,ENC119615,PT13978,GLU,Glucose,181,mg/dL,70,99,H,Routine,2025-10-27 02:24,2025-10-27 02:35,2025-10-27 04:38
LAB746478,ENC119615,PT13978,CREAT,Creatinine,1.18,mg/dL,0.6,1.3,N,STAT,2025-10-27 02:37,2025-10-27 03:08,2025-10-27 03:48
LAB746479,ENC119615,PT13978,WBC,White Blood Cell Count,8.5,K/uL,4.5,11,N,STAT,2025-10-27 02:08,2025-10-27 02:33,2025-10-27 02:56
LAB746480,ENC119615,PT13978,HGB,Hemoglobin,14,g/dL,12,17.5,N,Routine,2025-10-27 02:00,2025-10-27 02:09,2025-10-27 05:28
LAB746481,ENC119616,PT12891,GLU,Glucose,464,mg/dL,70,99,H,Routine,2025-10-27 00:28,2025-10-27 00:34,2025-10-27 03:29
LAB746482,ENC119616,PT12891,CREAT,Creatinine,0.91,mg/dL,0.6,1.3,N,STAT,2025-10-26 23:25,2025-10-26 23:44,2025-10-27 00:23
LAB746483,ENC119616,PT12891,WBC,White Blood Cell Count,5.6,K/uL,4.5,11,N,STAT,2025-10-26 23:50,2025-10-27 00:04,2025-10-27 01:15
LAB746484,ENC119616,PT12891,HGB,Hemoglobin,14.1,g/dL,12,17.5,N,STAT,2025-10-27 00:23,2025-10-27 00:39,2025-10-27 01:34
LAB746485,ENC119616,PT12891,A1C,Hemoglobin A1c,8.4,%,4,5.6,H,Routine,2025-10-27 00:22,2025-10-27 00:46,2025-10-27 16:04
LAB746486,ENC119618,PT11996,GLU,Glucose,145,mg/dL,70,99,H,STAT,2025-10-27 08:09,2025-10-27 08:31,2025-10-27 09:16
LAB746487,ENC119618,PT11996,CREAT,Creatinine,1.24,mg/dL,0.6,1.3,N,STAT,2025-10-27 07:13,2025-10-27 07:30,2025-10-27 08:09
LAB746488,ENC119618,PT11996,WBC,White Blood Cell Count,8,K/uL,4.5,11,N,STAT,2025-10-27 07:59,2025-10-27 08:16,2025-10-27 08:47
LAB746489,ENC119618,PT11996,HGB,Hemoglobin,13.1,g/dL,12,17.5,N,STAT,2025-10-27 08:07,2025-10-27 08:32,2025-10-27 09:04
LAB746490,ENC119620,PT13936,GLU,Glucose,175,mg/dL,70,99,H,Routine,2025-10-27 11:24,2025-10-27 11:47,2025-10-27 14:08
LAB746491,ENC119620,PT13936,CREAT,Creatinine,1.4,mg/dL,0.6,1.3,H,STAT,2025-10-27 11:56,2025-10-27 12:27,2025-10-27 14:06
LAB746492,ENC119620,PT13936,WBC,White Blood Cell Count,9.7,K/uL,4.5,11,N,STAT,2025-10-27 11:54,2025-10-27 12:16,2025-10-27 12:50
LAB746493,ENC119620,PT13936,HGB,Hemoglobin,12.7,g/dL,12,17.5,N,Routine,2025-10-27 11:27,2025-10-27 11:59,2025-10-27 14:44
LAB746494,ENC119621,PT12351,LDL,LDL Cholesterol,145,mg/dL,0,99,H,Routine,2025-10-27 08:55,2025-10-27 09:15,2025-10-28 00:31
LAB746495,ENC119622,PT11069,A1C,Hemoglobin A1c,5.2,%,4,5.6,N,Routine,2025-10-27 09:14,2025-10-27 09:32,2025-10-28 08:06
LAB746496,ENC119623,PT13821,GLU,Glucose,374,mg/dL,70,99,H,STAT,2025-10-27 13:17,2025-10-27 13:35,2025-10-27 14:08
LAB746497,ENC119623,PT13821,CREAT,Creatinine,1.13,mg/dL,0.6,1.3,N,Routine,2025-10-27 13:47,2025-10-27 13:58,2025-10-27 16:41
LAB746498,ENC119623,PT13821,WBC,White Blood Cell Count,9.4,K/uL,4.5,11,N,Routine,2025-10-27 13:26,2025-10-27 13:36,2025-10-27 17:14
LAB746499,ENC119623,PT13821,HGB,Hemoglobin,13.6,g/dL,12,17.5,N,STAT,2025-10-27 13:20,2025-10-27 13:36,2025-10-27 14:15
LAB746500,ENC119623,PT13821,NA,Sodium,139,mmol/L,136,145,N,STAT,2025-10-27 13:12,2025-10-27 13:22,2025-10-27 13:58
LAB746501,ENC119623,PT13821,K,Potassium,4.7,mmol/L,3.5,5.1,N,STAT,2025-10-27 13:15,2025-10-27 13:34,2025-10-27 14:21
LAB746502,ENC119623,PT13821,BUN,Blood Urea Nitrogen,11,mg/dL,7,20,N,STAT,2025-10-27 13:13,2025-10-27 13:23,2025-10-27 14:56
LAB746503,ENC119623,PT13821,PLT,Platelet Count,302,K/uL,150,400,N,Routine,2025-10-27 13:58,2025-10-27 14:31,2025-10-27 15:41
LAB746504,ENC119623,PT13821,A1C,Hemoglobin A1c,9.7,%,4,5.6,H,Routine,2025-10-27 13:10,2025-10-27 13:25,2025-10-27 21:31
LAB746505,ENC119624,PT13948,LDL,LDL Cholesterol,128,mg/dL,0,99,H,Routine,2025-10-27 10:00,2025-10-27 10:10,2025-10-28 13:52
LAB746506,ENC119625,PT11187,GLU,Glucose,89,mg/dL,70,99,N,STAT,2025-10-27 10:43,2025-10-27 10:58,2025-10-27 11:52
LAB746507,ENC119625,PT11187,CREAT,Creatinine,0.86,mg/dL,0.6,1.3,N,STAT,2025-10-27 10:26,2025-10-27 10:30,2025-10-27 11:22
LAB746508,ENC119625,PT11187,WBC,White Blood Cell Count,6.2,K/uL,4.5,11,N,STAT,2025-10-27 10:37,2025-10-27 10:44,2025-10-27 11:10
LAB746509,ENC119626,PT11258,GLU,Glucose,138,mg/dL,70,99,H,STAT,2025-10-27 13:25,2025-10-27 13:32,2025-10-27 14:13
LAB746510,ENC119626,PT11258,CREAT,Creatinine,0.65,mg/dL,0.6,1.3,N,STAT,2025-10-27 13:31,2025-10-27 13:46,2025-10-27 14:51
LAB746511,ENC119626,PT11258,WBC,White Blood Cell Count,8.5,K/uL,4.5,11,N,STAT,2025-10-27 13:04,2025-10-27 13:18,2025-10-27 13:54
LAB746512,ENC119626,PT11258,HGB,Hemoglobin,8.1,g/dL,12,17.5,L,STAT,2025-10-27 13:36,2025-10-27 13:52,2025-10-27 14:23
LAB746513,ENC119626,PT11258,INR,Prothrombin Time INR,0.9,ratio,0.8,1.2,N,STAT,2025-10-27 14:08,2025-10-27 14:41,2025-10-27 15:14
LAB746514,ENC119627,PT12484,A1C,Hemoglobin A1c,7.9,%,4,5.6,H,Routine,2025-10-27 10:53,2025-10-27 11:19,2025-10-28 13:12
LAB746515,ENC119628,PT13481,GLU,Glucose,184,mg/dL,70,99,H,STAT,2025-10-27 14:14,2025-10-27 14:26,2025-10-27 15:11
LAB746516,ENC119628,PT13481,CREAT,Creatinine,1.71,mg/dL,0.6,1.3,H,Routine,2025-10-27 13:49,2025-10-27 14:01,2025-10-27 15:22
LAB746517,ENC119628,PT13481,WBC,White Blood Cell Count,17.1,K/uL,4.5,11,H,STAT,2025-10-27 13:19,2025-10-27 13:46,2025-10-27 14:17
LAB746518,ENC119628,PT13481,HGB,Hemoglobin,13.1,g/dL,12,17.5,N,STAT,2025-10-27 13:26,2025-10-27 13:39,2025-10-27 14:24
LAB746519,ENC119628,PT13481,LACT,Lactate,2.1,mmol/L,0.5,2,H,STAT,2025-10-27 14:17,2025-10-27 14:29,2025-10-27 15:09
LAB746520,ENC119629,PT11425,GLU,Glucose,67,mg/dL,70,99,L,STAT,2025-10-27 11:51,2025-10-27 12:06,2025-10-27 12:52
LAB746521,ENC119629,PT11425,CREAT,Creatinine,0.91,mg/dL,0.6,1.3,N,STAT,2025-10-27 11:45,2025-10-27 12:10,2025-10-27 12:40
LAB746522,ENC119632,PT10550,GLU,Glucose,325,mg/dL,70,99,H,STAT,2025-10-27 12:12,2025-10-27 12:47,2025-10-27 13:43
LAB746523,ENC119632,PT10550,CREAT,Creatinine,1.05,mg/dL,0.6,1.3,N,STAT,2025-10-27 12:22,2025-10-27 12:27,2025-10-27 13:22
LAB746524,ENC119632,PT10550,WBC,White Blood Cell Count,8.8,K/uL,4.5,11,N,Routine,2025-10-27 12:43,2025-10-27 13:00,2025-10-27 15:43
LAB746525,ENC119632,PT10550,HGB,Hemoglobin,15,g/dL,12,17.5,N,Routine,2025-10-27 12:38,2025-10-27 13:13,2025-10-27 16:38
LAB746526,ENC119632,PT10550,A1C,Hemoglobin A1c,10.8,%,4,5.6,H,STAT,2025-10-27 13:10,2025-10-27 13:37,2025-10-27 14:55
LAB746527,ENC119633,PT11316,TROP,"Troponin I, High Sensitivity",2,ng/L,0,34,N,STAT,2025-10-27 13:49,2025-10-27 14:07,2025-10-27 14:52
LAB746528,ENC119640,PT10058,GLU,Glucose,73,mg/dL,70,99,N,STAT,2025-10-27 20:05,2025-10-27 20:38,2025-10-27 21:29
LAB746529,ENC119640,PT10058,CREAT,Creatinine,0.99,mg/dL,0.6,1.3,N,STAT,2025-10-27 20:00,2025-10-27 20:34,2025-10-27 21:28
LAB746530,ENC119640,PT10058,WBC,White Blood Cell Count,7,K/uL,4.5,11,N,Routine,2025-10-27 20:12,2025-10-27 20:34,2025-10-28 00:51
LAB746531,ENC119640,PT10058,HGB,Hemoglobin,12.4,g/dL,12,17.5,N,Routine,2025-10-27 19:36,2025-10-27 20:07,2025-10-27 22:20
LAB746532,ENC119642,PT13264,GLU,Glucose,204,mg/dL,70,99,H,STAT,2025-10-27 21:59,2025-10-27 22:19,2025-10-27 23:50
LAB746533,ENC119642,PT13264,CREAT,Creatinine,1.24,mg/dL,0.6,1.3,N,STAT,2025-10-27 21:48,2025-10-27 22:13,2025-10-27 23:12
LAB746534,ENC119642,PT13264,WBC,White Blood Cell Count,8.7,K/uL,4.5,11,N,Routine,2025-10-27 22:11,2025-10-27 22:42,2025-10-28 02:44
LAB746535,ENC119642,PT13264,HGB,Hemoglobin,13.8,g/dL,12,17.5,N,STAT,2025-10-27 22:10,2025-10-27 22:44,2025-10-27 23:52
LAB746536,ENC119645,PT12670,GLU,Glucose,118,mg/dL,70,99,H,STAT,2025-10-28 01:12,2025-10-28 01:24,2025-10-28 02:19
LAB746537,ENC119645,PT12670,CREAT,Creatinine,1.15,mg/dL,0.6,1.3,N,STAT,2025-10-28 01:51,2025-10-28 02:25,2025-10-28 03:23
LAB746538,ENC119645,PT12670,WBC,White Blood Cell Count,6.9,K/uL,4.5,11,N,STAT,2025-10-28 01:11,2025-10-28 01:35,2025-10-28 02:38
LAB746539,ENC119645,PT12670,HGB,Hemoglobin,13.4,g/dL,12,17.5,N,Routine,2025-10-28 01:07,2025-10-28 01:40,2025-10-28 07:12
LAB746540,ENC119645,PT12670,NA,Sodium,138,mmol/L,136,145,N,STAT,2025-10-28 01:37,2025-10-28 02:03,2025-10-28 02:50
LAB746541,ENC119645,PT12670,K,Potassium,4.9,mmol/L,3.5,5.1,N,STAT,2025-10-28 01:03,2025-10-28 01:31,2025-10-28 02:37
LAB746542,ENC119646,PT13681,GLU,Glucose,118,mg/dL,70,99,H,STAT,2025-10-28 04:43,2025-10-28 05:18,2025-10-28 05:57
LAB746543,ENC119646,PT13681,CREAT,Creatinine,1,mg/dL,0.6,1.3,N,Routine,2025-10-28 04:01,2025-10-28 04:09,2025-10-28 11:37
LAB746544,ENC119646,PT13681,WBC,White Blood Cell Count,6.8,K/uL,4.5,11,N,Routine,2025-10-28 04:24,2025-10-28 04:45,2025-10-28 07:00
LAB746545,ENC119647,PT12811,GLU,Glucose,133,mg/dL,70,99,H,Routine,2025-10-28 07:40,2025-10-28 07:52,2025-10-28 09:27
LAB746546,ENC119647,PT12811,CREAT,Creatinine,0.67,mg/dL,0.6,1.3,N,STAT,2025-10-28 07:21,2025-10-28 07:44,2025-10-28 08:46
LAB746547,ENC119647,PT12811,WBC,White Blood Cell Count,6.9,K/uL,4.5,11,N,Routine,2025-10-28 06:54,2025-10-28 07:25,2025-10-28 09:54
LAB746548,ENC119647,PT12811,HGB,Hemoglobin,12.9,g/dL,12,17.5,N,Routine,2025-10-28 06:59,2025-10-28 07:22,2025-10-28 10:20
LAB746549,ENC119647,PT12811,NA,Sodium,136,mmol/L,136,145,N,STAT,2025-10-28 07:15,2025-10-28 07:27,2025-10-28 07:49
LAB746550,ENC119647,PT12811,K,Potassium,4,mmol/L,3.5,5.1,N,STAT,2025-10-28 07:32,2025-10-28 07:47,2025-10-28 08:23
LAB746551,ENC119648,PT10857,GLU,Glucose,112,mg/dL,70,99,H,STAT,2025-10-28 10:59,2025-10-28 11:05,2025-10-28 11:48
LAB746552,ENC119648,PT10857,CREAT,Creatinine,0.88,mg/dL,0.6,1.3,N,STAT,2025-10-28 11:05,2025-10-28 11:35,2025-10-28 12:08
LAB746553,ENC119648,PT10857,WBC,White Blood Cell Count,8.3,K/uL,4.5,11,N,STAT,2025-10-28 11:15,2025-10-28 11:27,2025-10-28 12:42
LAB746554,ENC119648,PT10857,HGB,Hemoglobin,12.9,g/dL,12,17.5,N,STAT,2025-10-28 11:01,2025-10-28 11:21,2025-10-28 11:56
LAB746555,ENC119649,PT13198,GLU,Glucose,106,mg/dL,70,99,H,Routine,2025-10-28 09:13,2025-10-28 09:32,2025-10-28 12:03
LAB746556,ENC119649,PT13198,CREAT,Creatinine,1.05,mg/dL,0.6,1.3,N,STAT,2025-10-28 09:26,2025-10-28 09:58,2025-10-28 10:24
LAB746557,ENC119649,PT13198,WBC,White Blood Cell Count,9.7,K/uL,4.5,11,N,STAT,2025-10-28 08:54,2025-10-28 09:08,2025-10-28 09:51
LAB746558,ENC119649,PT13198,HGB,Hemoglobin,12.2,g/dL,12,17.5,N,STAT,2025-10-28 09:30,2025-10-28 09:58,2025-10-28 10:30
LAB746559,ENC119652,PT13588,GLU,Glucose,129,mg/dL,70,99,H,Routine,2025-10-28 13:08,2025-10-28 13:32,2025-10-28 16:44
LAB746560,ENC119652,PT13588,CREAT,Creatinine,1.52,mg/dL,0.6,1.3,H,STAT,2025-10-28 13:00,2025-10-28 13:30,2025-10-28 14:08
LAB746561,ENC119652,PT13588,WBC,White Blood Cell Count,16.8,K/uL,4.5,11,H,Routine,2025-10-28 13:14,2025-10-28 13:27,2025-10-28 17:29
LAB746562,ENC119652,PT13588,HGB,Hemoglobin,10.5,g/dL,12,17.5,L,STAT,2025-10-28 13:01,2025-10-28 13:21,2025-10-28 14:05
LAB746563,ENC119653,PT13789,GLU,Glucose,86,mg/dL,70,99,N,STAT,2025-10-28 10:37,2025-10-28 11:11,2025-10-28 11:59
LAB746564,ENC119653,PT13789,CREAT,Creatinine,0.36,mg/dL,0.6,1.3,L,STAT,2025-10-28 10:58,2025-10-28 11:10,2025-10-28 12:18
LAB746565,ENC119654,PT11222,GLU,Glucose,94,mg/dL,70,99,N,STAT,2025-10-28 14:37,2025-10-28 14:55,2025-10-28 15:34
LAB746566,ENC119654,PT11222,CREAT,Creatinine,1.22,mg/dL,0.6,1.3,N,Routine,2025-10-28 14:50,2025-10-28 14:55,2025-10-28 16:57
LAB746567,ENC119654,PT11222,WBC,White Blood Cell Count,4.6,K/uL,4.5,11,N,STAT,2025-10-28 15:00,2025-10-28 15:20,2025-10-28 16:13
LAB746568,ENC119654,PT11222,HGB,Hemoglobin,12.3,g/dL,12,17.5,N,STAT,2025-10-28 15:17,2025-10-28 15:27,2025-10-28 16:53
LAB746569,ENC119654,PT11222,NA,Sodium,139,mmol/L,136,145,N,STAT,2025-10-28 14:35,2025-10-28 14:55,2025-10-28 16:13
LAB746570,ENC119654,PT11222,K,Potassium,4.3,mmol/L,3.5,5.1,N,STAT,2025-10-28 14:46,2025-10-28 15:21,2025-10-28 16:38
LAB746571,ENC119654,PT11222,INR,Prothrombin Time INR,1,ratio,0.8,1.2,N,Routine,2025-10-28 15:21,2025-10-28 15:41,2025-10-28 17:35
LAB746572,ENC119656,PT10685,LDL,LDL Cholesterol,133,mg/dL,0,99,H,Routine,2025-10-28 10:48,2025-10-28 11:08,2025-10-28 20:48
LAB746573,ENC119656,PT10685,TSH,Thyroid Stimulating Hormone,2.35,mIU/L,0.4,4,N,Routine,2025-10-28 11:00,2025-10-28 11:29,2025-10-29 00:22
LAB746574,ENC119657,PT13732,A1C,Hemoglobin A1c,11.8,%,4,5.6,H,Routine,2025-10-28 11:22,2025-10-28 11:50,2025-10-29 05:10
LAB746575,ENC119658,PT12341,A1C,Hemoglobin A1c,7.8,%,4,5.6,H,Routine,2025-10-28 11:28,2025-10-28 11:57,2025-10-30 13:13
LAB746576,ENC119658,PT12341,GLU,Glucose,222,mg/dL,70,99,H,Routine,2025-10-28 11:30,2025-10-28 12:02,2025-10-28 18:40
LAB746577,ENC119658,PT12341,CREAT,Creatinine,1.12,mg/dL,0.6,1.3,N,Routine,2025-10-28 11:22,2025-10-28 11:46,2025-10-28 15:11
LAB746578,ENC119660,PT11458,GLU,Glucose,84,mg/dL,70,99,N,STAT,2025-10-28 17:51,2025-10-28 18:12,2025-10-28 18:32
LAB746579,ENC119660,PT11458,CREAT,Creatinine,1.05,mg/dL,0.6,1.3,N,Routine,2025-10-28 16:43,2025-10-28 16:57,2025-10-28 18:49
LAB746580,ENC119660,PT11458,WBC,White Blood Cell Count,7.7,K/uL,4.5,11,N,STAT,2025-10-28 17:15,2025-10-28 17:40,2025-10-28 18:07
LAB746581,ENC119660,PT11458,HGB,Hemoglobin,14,g/dL,12,17.5,N,STAT,2025-10-28 16:50,2025-10-28 17:03,2025-10-28 17:33
LAB746582,ENC119660,PT11458,NA,Sodium,140,mmol/L,136,145,N,STAT,2025-10-28 16:51,2025-10-28 17:23,2025-10-28 17:59
LAB746583,ENC119660,PT11458,K,Potassium,3.6,mmol/L,3.5,5.1,N,STAT,2025-10-28 17:00,2025-10-28 17:28,2025-10-28 18:33
LAB746584,ENC119660,PT11458,TROP,"Troponin I, High Sensitivity",14,ng/L,0,34,N,STAT,2025-10-28 16:51,2025-10-28 17:18,2025-10-28 17:45
LAB746585,ENC119660,PT11458,BNP,B-Type Natriuretic Peptide,545,pg/mL,0,100,H,STAT,2025-10-28 16:43,2025-10-28 16:49,2025-10-28 17:23
LAB746586,ENC119661,PT13395,GLU,Glucose,90,mg/dL,70,99,N,Routine,2025-10-28 15:02,2025-10-28 15:10,2025-10-28 20:51
LAB746587,ENC119661,PT13395,CREAT,Creatinine,2.15,mg/dL,0.6,1.3,H,STAT,2025-10-28 15:08,2025-10-28 15:43,2025-10-28 16:34
LAB746588,ENC119661,PT13395,WBC,White Blood Cell Count,8,K/uL,4.5,11,N,STAT,2025-10-28 14:30,2025-10-28 14:53,2025-10-28 15:34
LAB746589,ENC119661,PT13395,HGB,Hemoglobin,11.1,g/dL,12,17.5,L,STAT,2025-10-28 14:13,2025-10-28 14:38,2025-10-28 15:09
LAB746590,ENC119661,PT13395,BUN,Blood Urea Nitrogen,7,mg/dL,7,20,N,STAT,2025-10-28 14:06,2025-10-28 14:30,2025-10-28 15:05
LAB746591,ENC119661,PT13395,PLT,Platelet Count,224,K/uL,150,400,N,Routine,2025-10-28 14:39,2025-10-28 15:09,2025-10-28 20:59
LAB746592,ENC119662,PT13468,A1C,Hemoglobin A1c,5.3,%,4,5.6,N,Routine,2025-10-28 11:57,2025-10-28 12:13,2025-10-28 22:37
LAB746593,ENC119662,PT13468,GLU,Glucose,112,mg/dL,70,99,H,Routine,2025-10-28 12:02,2025-10-28 12:34,2025-10-28 15:04
LAB746594,ENC119662,PT13468,CREAT,Creatinine,0.91,mg/dL,0.6,1.3,N,Routine,2025-10-28 12:07,2025-10-28 12:39,2025-10-28 23:23
LAB746595,ENC119666,PT13478,GLU,Glucose,135,mg/dL,70,99,H,STAT,2025-10-28 16:06,2025-10-28 16:25,2025-10-28 17:56
LAB746596,ENC119666,PT13478,CREAT,Creatinine,1.29,mg/dL,0.6,1.3,N,Routine,2025-10-28 16:30,2025-10-28 17:02,2025-10-28 23:17
LAB746597,ENC119666,PT13478,WBC,White Blood Cell Count,16.6,K/uL,4.5,11,H,STAT,2025-10-28 16:02,2025-10-28 16:14,2025-10-28 16:42
LAB746598,ENC119666,PT13478,HGB,Hemoglobin,13.3,g/dL,12,17.5,N,Routine,2025-10-28 16:58,2025-10-28 17:07,2025-10-28 18:48
LAB746599,ENC119667,PT13886,A1C,Hemoglobin A1c,7.3,%,4,5.6,H,Routine,2025-10-28 13:37,2025-10-28 13:57,2025-10-29 01:31
LAB746600,ENC119667,PT13886,GLU,Glucose,204,mg/dL,70,99,H,Routine,2025-10-28 13:49,2025-10-28 14:05,2025-10-28 16:56
LAB746601,ENC119667,PT13886,CREAT,Creatinine,1,mg/dL,0.6,1.3,N,Routine,2025-10-28 13:43,2025-10-28 14:07,2025-10-28 15:40
LAB746602,ENC119669,PT10242,GLU,Glucose,84,mg/dL,70,99,N,STAT,2025-10-28 16:34,2025-10-28 16:59,2025-10-28 18:03
LAB746603,ENC119669,PT10242,CREAT,Creatinine,0.7,mg/dL,0.6,1.3,N,Routine,2025-10-28 16:27,2025-10-28 16:44,2025-10-28 19:33
LAB746604,ENC119669,PT10242,WBC,White Blood Cell Count,7.7,K/uL,4.5,11,N,STAT,2025-10-28 16:00,2025-10-28 16:27,2025-10-28 16:58
LAB746605,ENC119669,PT10242,HGB,Hemoglobin,14.9,g/dL,12,17.5,N,STAT,2025-10-28 16:08,2025-10-28 16:20,2025-10-28 16:45
LAB746606,ENC119672,PT12696,A1C,Hemoglobin A1c,5.2,%,4,5.6,N,Routine,2025-10-28 14:32,2025-10-28 15:02,2025-10-29 00:12
LAB746607,ENC119673,PT12312,A1C,Hemoglobin A1c,10.9,%,4,5.6,H,Routine,2025-10-28 16:00,2025-10-28 16:19,2025-10-29 03:34
LAB746608,ENC119676,PT13184,GLU,Glucose,99,mg/dL,70,99,N,Routine,2025-10-28 17:01,2025-10-28 17:34,2025-10-28 21:26
LAB746609,ENC119676,PT13184,CREAT,Creatinine,1.08,mg/dL,0.6,1.3,N,STAT,2025-10-28 17:26,2025-10-28 17:38,2025-10-28 18:52
LAB746610,ENC119676,PT13184,WBC,White Blood Cell Count,9.8,K/uL,4.5,11,N,Routine,2025-10-28 16:57,2025-10-28 17:24,2025-10-28 18:54
LAB746611,ENC119677,PT12300,GLU,Glucose,130,mg/dL,70,99,H,STAT,2025-10-29 00:27,2025-10-29 00:55,2025-10-29 01:19
LAB746612,ENC119677,PT12300,CREAT,Creatinine,0.63,mg/dL,0.6,1.3,N,STAT,2025-10-29 00:30,2025-10-29 01:04,2025-10-29 01:59
LAB746613,ENC119677,PT12300,WBC,White Blood Cell Count,6.8,K/uL,4.5,11,N,Routine,2025-10-29 00:38,2025-10-29 00:55,2025-10-29 03:51
LAB746614,ENC119677,PT12300,HGB,Hemoglobin,15.6,g/dL,12,17.5,N,Routine,2025-10-29 00:10,2025-10-29 00:44,2025-10-29 02:08
LAB746615,ENC119677,PT12300,NA,Sodium,134,mmol/L,136,145,L,Routine,2025-10-29 00:31,2025-10-29 00:39,2025-10-29 07:10
LAB746616,ENC119677,PT12300,K,Potassium,4.5,mmol/L,3.5,5.1,N,STAT,2025-10-29 00:07,2025-10-29 00:30,2025-10-29 01:25
LAB746617,ENC119680,PT12339,GLU,Glucose,135,mg/dL,70,99,H,Routine,2025-10-28 20:39,2025-10-28 20:48,2025-10-28 23:16
LAB746618,ENC119680,PT12339,CREAT,Creatinine,1.07,mg/dL,0.6,1.3,N,STAT,2025-10-28 21:02,2025-10-28 21:23,2025-10-28 22:19
LAB746619,ENC119680,PT12339,WBC,White Blood Cell Count,5.8,K/uL,4.5,11,N,STAT,2025-10-28 21:41,2025-10-28 21:46,2025-10-28 22:47
LAB746620,ENC119680,PT12339,HGB,Hemoglobin,12.8,g/dL,12,17.5,N,STAT,2025-10-28 21:23,2025-10-28 21:48,2025-10-28 22:22
LAB746621,ENC119680,PT12339,BUN,Blood Urea Nitrogen,19,mg/dL,7,20,N,STAT,2025-10-28 21:06,2025-10-28 21:23,2025-10-28 22:19
LAB746622,ENC119680,PT12339,PLT,Platelet Count,230,K/uL,150,400,N,STAT,2025-10-28 21:13,2025-10-28 21:48,2025-10-28 22:32
LAB746623,ENC119680,PT12339,TROP,"Troponin I, High Sensitivity",3,ng/L,0,34,N,STAT,2025-10-28 20:56,2025-10-28 21:30,2025-10-28 22:37
LAB746624,ENC119680,PT12339,BNP,B-Type Natriuretic Peptide,535,pg/mL,0,100,H,STAT,2025-10-28 21:34,2025-10-28 21:40,2025-10-28 22:21
LAB746625,ENC119681,PT13506,GLU,Glucose,93,mg/dL,70,99,N,Routine,2025-10-28 20:53,2025-10-28 21:00,2025-10-29 00:46
LAB746626,ENC119681,PT13506,CREAT,Creatinine,0.86,mg/dL,0.6,1.3,N,STAT,2025-10-28 21:54,2025-10-28 22:11,2025-10-28 23:17
LAB746627,ENC119681,PT13506,WBC,White Blood Cell Count,7.9,K/uL,4.5,11,N,STAT,2025-10-28 21:25,2025-10-28 21:36,2025-10-28 22:19
LAB746628,ENC119681,PT13506,HGB,Hemoglobin,15.8,g/dL,12,17.5,N,Routine,2025-10-28 21:46,2025-10-28 21:59,2025-10-29 02:16
LAB746629,ENC119681,PT13506,BUN,Blood Urea Nitrogen,16,mg/dL,7,20,N,Routine,2025-10-28 21:35,2025-10-28 22:05,2025-10-29 02:42
LAB746630,ENC119681,PT13506,PLT,Platelet Count,350,K/uL,150,400,N,STAT,2025-10-28 21:18,2025-10-28 21:30,2025-10-28 23:21
LAB746631,ENC119683,PT10495,GLU,Glucose,85,mg/dL,70,99,N,STAT,2025-10-28 21:54,2025-10-28 22:05,2025-10-28 23:12
LAB746632,ENC119683,PT10495,CREAT,Creatinine,6.45,mg/dL,0.6,1.3,H,STAT,2025-10-28 21:05,2025-10-28 21:37,2025-10-28 22:18
LAB746633,ENC119683,PT10495,WBC,White Blood Cell Count,7.7,K/uL,4.5,11,N,Routine,2025-10-28 20:56,2025-10-28 21:04,2025-10-29 01:14
LAB746634,ENC119683,PT10495,HGB,Hemoglobin,12.8,g/dL,12,17.5,N,Routine,2025-10-28 21:30,2025-10-28 21:51,2025-10-28 23:38
LAB746635,ENC119683,PT10495,NA,Sodium,140,mmol/L,136,145,N,STAT,2025-10-28 21:03,2025-10-28 21:30,2025-10-28 22:20
LAB746636,ENC119683,PT10495,K,Potassium,5.3,mmol/L,3.5,5.1,H,STAT,2025-10-28 21:36,2025-10-28 21:41,2025-10-28 22:16
LAB746637,ENC119684,PT10258,GLU,Glucose,191,mg/dL,70,99,H,STAT,2025-10-28 23:01,2025-10-28 23:10,2025-10-28 23:46
LAB746638,ENC119684,PT10258,CREAT,Creatinine,1.04,mg/dL,0.6,1.3,N,Routine,2025-10-28 22:47,2025-10-28 23:12,2025-10-29 00:40
LAB746639,ENC119684,PT10258,WBC,White Blood Cell Count,4.4,K/uL,4.5,11,L,Routine,2025-10-28 22:49,2025-10-28 23:17,2025-10-29 01:00
LAB746640,ENC119684,PT10258,HGB,Hemoglobin,15,g/dL,12,17.5,N,STAT,2025-10-28 23:12,2025-10-28 23:19,2025-10-29 00:21
LAB746641,ENC119684,PT10258,INR,Prothrombin Time INR,1,ratio,0.8,1.2,N,Routine,2025-10-28 22:42,2025-10-28 22:49,2025-10-29 02:11
LAB746642,ENC119685,PT12524,GLU,Glucose,203,mg/dL,70,99,H,STAT,2025-10-28 23:12,2025-10-28 23:28,2025-10-29 00:23
LAB746643,ENC119685,PT12524,CREAT,Creatinine,0.93,mg/dL,0.6,1.3,N,STAT,2025-10-28 23:10,2025-10-28 23:30,2025-10-29 00:18
LAB746644,ENC119685,PT12524,WBC,White Blood Cell Count,5.7,K/uL,4.5,11,N,STAT,2025-10-28 22:48,2025-10-28 23:16,2025-10-28 23:47
LAB746645,ENC119685,PT12524,HGB,Hemoglobin,7.7,g/dL,12,17.5,L,Routine,2025-10-28 23:14,2025-10-28 23:36,2025-10-29 02:09
LAB746646,ENC119685,PT12524,INR,Prothrombin Time INR,0.9,ratio,0.8,1.2,N,STAT,2025-10-28 23:12,2025-10-28 23:17,2025-10-29 00:01
LAB746647,ENC119687,PT11105,GLU,Glucose,122,mg/dL,70,99,H,STAT,2025-10-28 21:35,2025-10-28 22:07,2025-10-29 00:21
LAB746648,ENC119687,PT11105,CREAT,Creatinine,0.82,mg/dL,0.6,1.3,N,Routine,2025-10-28 21:35,2025-10-28 22:09,2025-10-29 03:31
LAB746649,ENC119687,PT11105,WBC,White Blood Cell Count,9,K/uL,4.5,11,N,Routine,2025-10-28 21:48,2025-10-28 22:02,2025-10-29 00:33
LAB746650,ENC119687,PT11105,HGB,Hemoglobin,14.5,g/dL,12,17.5,N,Routine,2025-10-28 21:31,2025-10-28 21:49,2025-10-29 01:08
LAB746651,ENC119688,PT11902,GLU,Glucose,116,mg/dL,70,99,H,STAT,2025-10-29 01:04,2025-10-29 01:09,2025-10-29 02:14
LAB746652,ENC119688,PT11902,CREAT,Creatinine,1.73,mg/dL,0.6,1.3,H,Routine,2025-10-29 01:40,2025-10-29 01:59,2025-10-29 03:23
LAB746653,ENC119688,PT11902,WBC,White Blood Cell Count,5.5,K/uL,4.5,11,N,Routine,2025-10-29 01:19,2025-10-29 01:32,2025-10-29 09:35
LAB746654,ENC119688,PT11902,HGB,Hemoglobin,12,g/dL,12,17.5,N,STAT,2025-10-29 01:32,2025-10-29 01:42,2025-10-29 03:15
LAB746655,ENC119688,PT11902,NA,Sodium,142,mmol/L,136,145,N,STAT,2025-10-29 00:57,2025-10-29 01:10,2025-10-29 02:34
LAB746656,ENC119688,PT11902,K,Potassium,4.6,mmol/L,3.5,5.1,N,STAT,2025-10-29 01:06,2025-10-29 01:40,2025-10-29 02:14
LAB746657,ENC119689,PT13671,GLU,Glucose,194,mg/dL,70,99,H,STAT,2025-10-29 01:26,2025-10-29 01:47,2025-10-29 02:27
LAB746658,ENC119689,PT13671,CREAT,Creatinine,0.68,mg/dL,0.6,1.3,N,STAT,2025-10-29 01:46,2025-10-29 02:10,2025-10-29 02:46
LAB746659,ENC119689,PT13671,WBC,White Blood Cell Count,7,K/uL,4.5,11,N,Routine,2025-10-29 00:51,2025-10-29 00:58,2025-10-29 01:49
LAB746660,ENC119689,PT13671,HGB,Hemoglobin,13.8,g/dL,12,17.5,N,Routine,2025-10-29 00:48,2025-10-29 00:57,2025-10-29 03:02
LAB746661,ENC119689,PT13671,NA,Sodium,141,mmol/L,136,145,N,Routine,2025-10-29 01:17,2025-10-29 01:34,2025-10-29 03:52
LAB746662,ENC119689,PT13671,K,Potassium,4.2,mmol/L,3.5,5.1,N,STAT,2025-10-29 01:16,2025-10-29 01:49,2025-10-29 02:28
LAB746663,ENC119691,PT10320,GLU,Glucose,174,mg/dL,70,99,H,Routine,2025-10-29 05:01,2025-10-29 05:11,2025-10-29 06:40
LAB746664,ENC119691,PT10320,CREAT,Creatinine,0.9,mg/dL,0.6,1.3,N,STAT,2025-10-29 06:01,2025-10-29 06:05,2025-10-29 06:35
LAB746665,ENC119691,PT10320,WBC,White Blood Cell Count,7.3,K/uL,4.5,11,N,STAT,2025-10-29 05:53,2025-10-29 06:07,2025-10-29 06:53
LAB746666,ENC119691,PT10320,HGB,Hemoglobin,13.6,g/dL,12,17.5,N,STAT,2025-10-29 05:47,2025-10-29 05:53,2025-10-29 06:28
LAB746667,ENC119691,PT10320,INR,Prothrombin Time INR,1.1,ratio,0.8,1.2,N,STAT,2025-10-29 04:58,2025-10-29 05:18,2025-10-29 06:08
LAB746668,ENC119692,PT13019,GLU,Glucose,87,mg/dL,70,99,N,Routine,2025-10-29 03:25,2025-10-29 03:36,2025-10-29 05:15
LAB746669,ENC119692,PT13019,CREAT,Creatinine,0.86,mg/dL,0.6,1.3,N,STAT,2025-10-29 03:46,2025-10-29 03:56,2025-10-29 04:46
LAB746670,ENC119693,PT12335,GLU,Glucose,219,mg/dL,70,99,H,Routine,2025-10-29 06:09,2025-10-29 06:29,2025-10-29 15:16
LAB746671,ENC119693,PT12335,CREAT,Creatinine,1.29,mg/dL,0.6,1.3,N,STAT,2025-10-29 05:23,2025-10-29 05:48,2025-10-29 06:21
LAB746672,ENC119693,PT12335,WBC,White Blood Cell Count,7.3,K/uL,4.5,11,N,STAT,2025-10-29 05:41,2025-10-29 06:14,2025-10-29 07:09
LAB746673,ENC119693,PT12335,HGB,Hemoglobin,12.5,g/dL,12,17.5,N,Routine,2025-10-29 06:07,2025-10-29 06:35,2025-10-29 11:00
LAB746674,ENC119693,PT12335,NA,Sodium,141,mmol/L,136,145,N,Routine,2025-10-29 06:11,2025-10-29 06:28,2025-10-29 07:44
LAB746675,ENC119693,PT12335,K,Potassium,4.3,mmol/L,3.5,5.1,N,STAT,2025-10-29 05:23,2025-10-29 05:49,2025-10-29 06:38
LAB746676,ENC119694,PT10783,GLU,Glucose,86,mg/dL,70,99,N,STAT,2025-10-29 09:17,2025-10-29 09:45,2025-10-29 10:16
LAB746677,ENC119694,PT10783,CREAT,Creatinine,3.26,mg/dL,0.6,1.3,H,STAT,2025-10-29 09:02,2025-10-29 09:19,2025-10-29 10:06
LAB746678,ENC119694,PT10783,WBC,White Blood Cell Count,7.6,K/uL,4.5,11,N,STAT,2025-10-29 08:36,2025-10-29 08:43,2025-10-29 10:04
LAB746679,ENC119694,PT10783,HGB,Hemoglobin,11.2,g/dL,12,17.5,L,Routine,2025-10-29 09:16,2025-10-29 09:44,2025-10-29 12:50
LAB746680,ENC119694,PT10783,NA,Sodium,138,mmol/L,136,145,N,Routine,2025-10-29 08:34,2025-10-29 09:08,2025-10-29 09:48
LAB746681,ENC119694,PT10783,K,Potassium,5.8,mmol/L,3.5,5.1,H,STAT,2025-10-29 08:19,2025-10-29 08:29,2025-10-29 09:13
LAB746682,ENC119694,PT10783,BUN,Blood Urea Nitrogen,9,mg/dL,7,20,N,STAT,2025-10-29 08:31,2025-10-29 08:42,2025-10-29 09:16
LAB746683,ENC119694,PT10783,PLT,Platelet Count,253,K/uL,150,400,N,Routine,2025-10-29 08:33,2025-10-29 08:40,2025-10-29 10:37
LAB746684,ENC119695,PT11377,GLU,Glucose,74,mg/dL,70,99,N,STAT,2025-10-29 08:02,2025-10-29 08:14,2025-10-29 08:46
LAB746685,ENC119695,PT11377,CREAT,Creatinine,0.94,mg/dL,0.6,1.3,N,STAT,2025-10-29 08:10,2025-10-29 08:14,2025-10-29 09:31
LAB746686,ENC119695,PT11377,WBC,White Blood Cell Count,4.3,K/uL,4.5,11,L,STAT,2025-10-29 07:08,2025-10-29 07:14,2025-10-29 07:41
LAB746687,ENC119695,PT11377,HGB,Hemoglobin,13.2,g/dL,12,17.5,N,STAT,2025-10-29 07:15,2025-10-29 07:33,2025-10-29 08:10
LAB746688,ENC119695,PT11377,NA,Sodium,138,mmol/L,136,145,N,STAT,2025-10-29 07:10,2025-10-29 07:38,2025-10-29 08:20
LAB746689,ENC119695,PT11377,K,Potassium,4.2,mmol/L,3.5,5.1,N,STAT,2025-10-29 07:10,2025-10-29 07:30,2025-10-29 08:07
LAB746690,ENC119697,PT13059,A1C,Hemoglobin A1c,8.4,%,4,5.6,H,Routine,2025-10-29 08:50,2025-10-29 09:11,2025-10-29 15:28
LAB746691,ENC119697,PT13059,GLU,Glucose,301,mg/dL,70,99,H,Routine,2025-10-29 08:41,2025-10-29 09:11,2025-10-29 13:08
LAB746692,ENC119697,PT13059,CREAT,Creatinine,1.14,mg/dL,0.6,1.3,N,Routine,2025-10-29 08:50,2025-10-29 09:07,2025-10-29 11:13
LAB746693,ENC119698,PT12858,LDL,LDL Cholesterol,154,mg/dL,0,99,H,Routine,2025-10-29 08:59,2025-10-29 09:31,2025-10-29 23:28
LAB746694,ENC119698,PT12858,A1C,Hemoglobin A1c,5.4,%,4,5.6,N,Routine,2025-10-29 08:57,2025-10-29 09:21,2025-10-29 18:38
LAB746695,ENC119699,PT13263,LDL,LDL Cholesterol,78,mg/dL,0,99,N,Routine,2025-10-29 10:21,2025-10-29 10:33,2025-10-31 12:33
LAB746696,ENC119701,PT13127,GLU,Glucose,84,mg/dL,70,99,N,STAT,2025-10-29 15:34,2025-10-29 15:38,2025-10-29 15:58
LAB746697,ENC119701,PT13127,CREAT,Creatinine,0.92,mg/dL,0.6,1.3,N,STAT,2025-10-29 15:19,2025-10-29 15:43,2025-10-29 16:11
LAB746698,ENC119701,PT13127,WBC,White Blood Cell Count,5.4,K/uL,4.5,11,N,STAT,2025-10-29 14:43,2025-10-29 15:00,2025-10-29 15:48
LAB746699,ENC119701,PT13127,HGB,Hemoglobin,14.1,g/dL,12,17.5,N,STAT,2025-10-29 15:40,2025-10-29 15:51,2025-10-29 17:09
LAB746700,ENC119703,PT10025,GLU,Glucose,122,mg/dL,70,99,H,STAT,2025-10-29 15:17,2025-10-29 15:23,2025-10-29 15:55
LAB746701,ENC119703,PT10025,CREAT,Creatinine,1.15,mg/dL,0.6,1.3,N,STAT,2025-10-29 14:55,2025-10-29 15:18,2025-10-29 16:23
LAB746702,ENC119703,PT10025,WBC,White Blood Cell Count,10.7,K/uL,4.5,11,N,Routine,2025-10-29 15:20,2025-10-29 15:25,2025-10-29 17:53
LAB746703,ENC119703,PT10025,HGB,Hemoglobin,14,g/dL,12,17.5,N,STAT,2025-10-29 15:48,2025-10-29 16:01,2025-10-29 16:51
LAB746704,ENC119704,PT10132,GLU,Glucose,85,mg/dL,70,99,N,STAT,2025-10-29 16:02,2025-10-29 16:28,2025-10-29 17:06
LAB746705,ENC119704,PT10132,CREAT,Creatinine,0.54,mg/dL,0.6,1.3,L,STAT,2025-10-29 15:45,2025-10-29 16:04,2025-10-29 17:37
LAB746706,ENC119704,PT10132,WBC,White Blood Cell Count,6.7,K/uL,4.5,11,N,STAT,2025-10-29 16:26,2025-10-29 16:39,2025-10-29 17:08
LAB746707,ENC119704,PT10132,HGB,Hemoglobin,13.7,g/dL,12,17.5,N,Routine,2025-10-29 16:45,2025-10-29 17:18,2025-10-29 18:27
LAB746708,ENC119705,PT12026,GLU,Glucose,167,mg/dL,70,99,H,STAT,2025-10-29 16:23,2025-10-29 16:42,2025-10-29 17:25
LAB746709,ENC119705,PT12026,CREAT,Creatinine,1.26,mg/dL,0.6,1.3,N,Routine,2025-10-29 16:16,2025-10-29 16:49,2025-10-29 19:41
LAB746710,ENC119705,PT12026,WBC,White Blood Cell Count,24.9,K/uL,4.5,11,H,STAT,2025-10-29 15:53,2025-10-29 16:03,2025-10-29 16:51
LAB746711,ENC119705,PT12026,HGB,Hemoglobin,12.3,g/dL,12,17.5,N,STAT,2025-10-29 16:06,2025-10-29 16:32,2025-10-29 17:22
LAB746712,ENC119705,PT12026,LACT,Lactate,5.8,mmol/L,0.5,2,HH,STAT,2025-10-29 16:30,2025-10-29 16:48,2025-10-29 17:31
LAB746713,ENC119707,PT13616,LDL,LDL Cholesterol,113,mg/dL,0,99,H,Routine,2025-10-29 13:00,2025-10-29 13:18,2025-10-30 07:59
LAB746714,ENC119708,PT12275,GLU,Glucose,87,mg/dL,70,99,N,STAT,2025-10-29 17:12,2025-10-29 17:42,2025-10-29 18:34
LAB746715,ENC119708,PT12275,CREAT,Creatinine,1.37,mg/dL,0.6,1.3,H,STAT,2025-10-29 16:58,2025-10-29 17:15,2025-10-29 18:16
LAB746716,ENC119708,PT12275,WBC,White Blood Cell Count,6.7,K/uL,4.5,11,N,Routine,2025-10-29 16:40,2025-10-29 16:52,2025-10-29 20:20
LAB746717,ENC119708,PT12275,HGB,Hemoglobin,13.9,g/dL,12,17.5,N,Routine,2025-10-29 17:06,2025-10-29 17:29,2025-10-29 19:55
LAB746718,ENC119708,PT12275,NA,Sodium,138,mmol/L,136,145,N,STAT,2025-10-29 17:20,2025-10-29 17:24,2025-10-29 18:15
LAB746719,ENC119708,PT12275,K,Potassium,3.9,mmol/L,3.5,5.1,N,STAT,2025-10-29 16:33,2025-10-29 17:06,2025-10-29 17:48
LAB746720,ENC119708,PT12275,TROP,"Troponin I, High Sensitivity",38,ng/L,0,34,H,STAT,2025-10-29 16:39,2025-10-29 17:08,2025-10-29 17:23
LAB746721,ENC119711,PT13386,GLU,Glucose,214,mg/dL,70,99,H,Routine,2025-10-29 18:12,2025-10-29 18:37,2025-10-29 22:54
LAB746722,ENC119711,PT13386,CREAT,Creatinine,0.59,mg/dL,0.6,1.3,L,STAT,2025-10-29 18:00,2025-10-29 18:31,2025-10-29 19:55
LAB746723,ENC119711,PT13386,WBC,White Blood Cell Count,5.2,K/uL,4.5,11,N,STAT,2025-10-29 17:54,2025-10-29 18:25,2025-10-29 19:19
LAB746724,ENC119711,PT13386,HGB,Hemoglobin,11.8,g/dL,12,17.5,L,STAT,2025-10-29 17:48,2025-10-29 18:09,2025-10-29 19:09
LAB746725,ENC119711,PT13386,NA,Sodium,141,mmol/L,136,145,N,STAT,2025-10-29 18:45,2025-10-29 19:16,2025-10-29 20:17
LAB746726,ENC119711,PT13386,K,Potassium,4.1,mmol/L,3.5,5.1,N,STAT,2025-10-29 18:49,2025-10-29 19:17,2025-10-29 20:09
LAB746727,ENC119711,PT13386,INR,Prothrombin Time INR,1,ratio,0.8,1.2,N,STAT,2025-10-29 18:44,2025-10-29 19:03,2025-10-29 19:28
LAB746728,ENC119712,PT10717,LDL,LDL Cholesterol,159,mg/dL,0,99,H,Routine,2025-10-29 16:37,2025-10-29 16:52,2025-10-30 01:26
LAB746729,ENC119716,PT12366,GLU,Glucose,132,mg/dL,70,99,H,Routine,2025-10-29 18:38,2025-10-29 18:57,2025-10-29 22:10
LAB746730,ENC119716,PT12366,CREAT,Creatinine,1.12,mg/dL,0.6,1.3,N,Routine,2025-10-29 18:15,2025-10-29 18:38,2025-10-29 22:30
LAB746731,ENC119716,PT12366,WBC,White Blood Cell Count,18.5,K/uL,4.5,11,H,STAT,2025-10-29 17:45,2025-10-29 18:07,2025-10-29 19:50
LAB746732,ENC119716,PT12366,HGB,Hemoglobin,14.5,g/dL,12,17.5,N,Routine,2025-10-29 17:44,2025-10-29 18:07,2025-10-29 21:01
LAB746733,ENC119717,PT12440,GLU,Glucose,115,mg/dL,70,99,H,STAT,2025-10-29 18:23,2025-10-29 18:35,2025-10-29 19:28
LAB746734,ENC119717,PT12440,CREAT,Creatinine,1.05,mg/dL,0.6,1.3,N,Routine,2025-10-29 17:59,2025-10-29 18:07,2025-10-30 00:00
LAB746735,ENC119718,PT12732,GLU,Glucose,102,mg/dL,70,99,H,Routine,2025-10-29 23:08,2025-10-29 23:28,2025-10-30 02:05
LAB746736,ENC119718,PT12732,CREAT,Creatinine,1.4,mg/dL,0.6,1.3,H,Routine,2025-10-29 23:15,2025-10-29 23:48,2025-10-30 01:14
LAB746737,ENC119718,PT12732,WBC,White Blood Cell Count,6.7,K/uL,4.5,11,N,Routine,2025-10-29 22:26,2025-10-29 22:59,2025-10-30 04:03
LAB746738,ENC119718,PT12732,HGB,Hemoglobin,13.7,g/dL,12,17.5,N,Routine,2025-10-29 22:29,2025-10-29 22:45,2025-10-29 23:58
LAB746739,ENC119718,PT12732,INR,Prothrombin Time INR,1,ratio,0.8,1.2,N,STAT,2025-10-29 22:31,2025-10-29 22:38,2025-10-29 23:00
LAB746740,ENC119720,PT12139,GLU,Glucose,108,mg/dL,70,99,H,STAT,2025-10-29 21:56,2025-10-29 22:23,2025-10-29 23:06
LAB746741,ENC119720,PT12139,CREAT,Creatinine,0.76,mg/dL,0.6,1.3,N,STAT,2025-10-29 21:34,2025-10-29 21:45,2025-10-29 23:09
LAB746742,ENC119720,PT12139,WBC,White Blood Cell Count,20.9,K/uL,4.5,11,H,STAT,2025-10-29 21:37,2025-10-29 22:11,2025-10-29 23:14
LAB746743,ENC119720,PT12139,HGB,Hemoglobin,12.5,g/dL,12,17.5,N,STAT,2025-10-29 21:42,2025-10-29 21:59,2025-10-29 22:48
LAB746744,ENC119721,PT13239,GLU,Glucose,94,mg/dL,70,99,N,Routine,2025-10-29 19:02,2025-10-29 19:09,2025-10-29 22:05
LAB746745,ENC119721,PT13239,CREAT,Creatinine,0.7,mg/dL,0.6,1.3,N,Routine,2025-10-29 19:34,2025-10-29 19:45,2025-10-29 21:58
LAB746746,ENC119721,PT13239,WBC,White Blood Cell Count,5.8,K/uL,4.5,11,N,STAT,2025-10-29 19:26,2025-10-29 19:48,2025-10-29 20:24
LAB746747,ENC119721,PT13239,TROP,"Troponin I, High Sensitivity",4,ng/L,0,34,N,STAT,2025-10-29 19:01,2025-10-29 19:33,2025-10-29 20:18
LAB746748,ENC119722,PT13838,GLU,Glucose,256,mg/dL,70,99,H,STAT,2025-10-29 22:01,2025-10-29 22:23,2025-10-29 22:57
LAB746749,ENC119722,PT13838,CREAT,Creatinine,0.89,mg/dL,0.6,1.3,N,STAT,2025-10-29 21:44,2025-10-29 22:02,2025-10-29 23:08
LAB746750,ENC119722,PT13838,WBC,White Blood Cell Count,7.9,K/uL,4.5,11,N,Routine,2025-10-29 22:12,2025-10-29 22:35,2025-10-30 00:27
LAB746751,ENC119724,PT12436,GLU,Glucose,96,mg/dL,70,99,N,STAT,2025-10-30 01:01,2025-10-30 01:07,2025-10-30 01:30
LAB746752,ENC119724,PT12436,CREAT,Creatinine,1.35,mg/dL,0.6,1.3,H,STAT,2025-10-30 01:09,2025-10-30 01:13,2025-10-30 02:50
LAB746753,ENC119724,PT12436,WBC,White Blood Cell Count,4.3,K/uL,4.5,11,L,STAT,2025-10-30 00:47,2025-10-30 01:04,2025-10-30 01:18
LAB746754,ENC119725,PT10230,LDL,LDL Cholesterol,113,mg/dL,0,99,H,Routine,2025-10-30 08:29,2025-10-30 08:39,2025-11-01 10:25
LAB746755,ENC119725,PT10230,A1C,Hemoglobin A1c,6.9,%,4,5.6,H,Routine,2025-10-30 08:07,2025-10-30 08:26,2025-10-30 20:04
LAB746756,ENC119728,PT13555,GLU,Glucose,258,mg/dL,70,99,H,Routine,2025-10-30 13:41,2025-10-30 14:13,2025-10-30 17:07
LAB746757,ENC119728,PT13555,CREAT,Creatinine,0.98,mg/dL,0.6,1.3,N,STAT,2025-10-30 12:54,2025-10-30 13:01,2025-10-30 14:00
LAB746758,ENC119728,PT13555,WBC,White Blood Cell Count,7.2,K/uL,4.5,11,N,Routine,2025-10-30 12:57,2025-10-30 13:03,2025-10-30 15:34
LAB746759,ENC119728,PT13555,HGB,Hemoglobin,11.9,g/dL,12,17.5,L,STAT,2025-10-30 13:38,2025-10-30 13:44,2025-10-30 15:22
LAB746760,ENC119728,PT13555,NA,Sodium,145,mmol/L,136,145,N,STAT,2025-10-30 13:27,2025-10-30 13:34,2025-10-30 14:36
LAB746761,ENC119728,PT13555,K,Potassium,4.1,mmol/L,3.5,5.1,N,STAT,2025-10-30 13:24,2025-10-30 13:45,2025-10-30 14:32
LAB746762,ENC119729,PT13616,GLU,Glucose,111,mg/dL,70,99,H,STAT,2025-10-30 13:51,2025-10-30 14:21,2025-10-30 14:56
LAB746763,ENC119729,PT13616,CREAT,Creatinine,0.96,mg/dL,0.6,1.3,N,STAT,2025-10-30 12:59,2025-10-30 13:03,2025-10-30 13:30
LAB746764,ENC119729,PT13616,WBC,White Blood Cell Count,10,K/uL,4.5,11,N,STAT,2025-10-30 13:54,2025-10-30 14:11,2025-10-30 15:20
LAB746765,ENC119729,PT13616,HGB,Hemoglobin,13.5,g/dL,12,17.5,N,STAT,2025-10-30 13:25,2025-10-30 13:51,2025-10-30 14:59
LAB746766,ENC119729,PT13616,NA,Sodium,138,mmol/L,136,145,N,STAT,2025-10-30 12:59,2025-10-30 13:04,2025-10-30 13:22
LAB746767,ENC119729,PT13616,K,Potassium,3.7,mmol/L,3.5,5.1,N,STAT,2025-10-30 13:06,2025-10-30 13:38,2025-10-30 14:36
LAB746768,ENC119730,PT10758,LDL,LDL Cholesterol,152,mg/dL,0,99,H,Routine,2025-10-30 09:40,2025-10-30 09:49,2025-10-31 21:32
LAB746769,ENC119730,PT10758,A1C,Hemoglobin A1c,5.6,%,4,5.6,N,Routine,2025-10-30 09:47,2025-10-30 10:21,2025-10-30 17:32
LAB746770,ENC119731,PT10615,GLU,Glucose,97,mg/dL,70,99,N,STAT,2025-10-30 10:17,2025-10-30 10:46,2025-10-30 11:15
LAB746771,ENC119731,PT10615,CREAT,Creatinine,1.44,mg/dL,0.6,1.3,H,Routine,2025-10-30 10:48,2025-10-30 11:20,2025-10-30 13:04
LAB746772,ENC119733,PT10023,GLU,Glucose,95,mg/dL,70,99,N,Routine,2025-10-30 10:17,2025-10-30 10:34,2025-10-30 12:31
LAB746773,ENC119733,PT10023,CREAT,Creatinine,1.07,mg/dL,0.6,1.3,N,STAT,2025-10-30 10:59,2025-10-30 11:30,2025-10-30 12:35
LAB746774,ENC119733,PT10023,WBC,White Blood Cell Count,7.3,K/uL,4.5,11,N,Routine,2025-10-30 10:38,2025-10-30 11:08,2025-10-30 13:22
LAB746775,ENC119733,PT10023,HGB,Hemoglobin,15.6,g/dL,12,17.5,N,STAT,2025-10-30 11:10,2025-10-30 11:25,2025-10-30 12:02
LAB746776,ENC119736,PT10941,GLU,Glucose,282,mg/dL,70,99,H,Routine,2025-10-30 11:47,2025-10-30 12:13,2025-10-30 17:24
LAB746777,ENC119736,PT10941,CREAT,Creatinine,1.04,mg/dL,0.6,1.3,N,STAT,2025-10-30 12:02,2025-10-30 12:12,2025-10-30 12:55
LAB746778,ENC119736,PT10941,WBC,White Blood Cell Count,9.2,K/uL,4.5,11,N,STAT,2025-10-30 12:05,2025-10-30 12:16,2025-10-30 13:02
LAB746779,ENC119737,PT12702,LDL,LDL Cholesterol,170,mg/dL,0,99,H,Routine,2025-10-30 12:04,2025-10-30 12:31,2025-10-30 23:03
LAB746780,ENC119737,PT12702,A1C,Hemoglobin A1c,5.1,%,4,5.6,N,Routine,2025-10-30 12:03,2025-10-30 12:19,2025-10-31 07:14
LAB746781,ENC119739,PT11018,GLU,Glucose,118,mg/dL,70,99,H,STAT,2025-10-30 15:54,2025-10-30 16:17,2025-10-30 16:46
LAB746782,ENC119739,PT11018,CREAT,Creatinine,0.46,mg/dL,0.6,1.3,L,Routine,2025-10-30 16:18,2025-10-30 16:41,2025-10-30 17:42
LAB746783,ENC119739,PT11018,WBC,White Blood Cell Count,8,K/uL,4.5,11,N,STAT,2025-10-30 15:30,2025-10-30 15:35,2025-10-30 16:24
LAB746784,ENC119739,PT11018,HGB,Hemoglobin,14.2,g/dL,12,17.5,N,Routine,2025-10-30 15:16,2025-10-30 15:34,2025-10-30 20:15
LAB746785,ENC119741,PT12514,GLU,Glucose,101,mg/dL,70,99,H,Routine,2025-10-30 13:11,2025-10-30 13:17,2025-10-30 18:09
LAB746786,ENC119741,PT12514,CREAT,Creatinine,0.5,mg/dL,0.6,1.3,L,STAT,2025-10-30 13:17,2025-10-30 13:32,2025-10-30 14:27
LAB746787,ENC119741,PT12514,WBC,White Blood Cell Count,8.3,K/uL,4.5,11,N,STAT,2025-10-30 13:00,2025-10-30 13:06,2025-10-30 14:10
LAB746788,ENC119747,PT10922,GLU,Glucose,106,mg/dL,70,99,H,STAT,2025-10-30 18:34,2025-10-30 19:00,2025-10-30 20:07
LAB746789,ENC119747,PT10922,CREAT,Creatinine,0.84,mg/dL,0.6,1.3,N,STAT,2025-10-30 19:01,2025-10-30 19:11,2025-10-30 20:02
LAB746790,ENC119747,PT10922,WBC,White Blood Cell Count,10.8,K/uL,4.5,11,N,STAT,2025-10-30 18:17,2025-10-30 18:35,2025-10-30 19:03
LAB746791,ENC119747,PT10922,HGB,Hemoglobin,16.7,g/dL,12,17.5,N,STAT,2025-10-30 18:19,2025-10-30 18:44,2025-10-30 20:02
LAB746792,ENC119749,PT10953,GLU,Glucose,90,mg/dL,70,99,N,STAT,2025-10-30 18:19,2025-10-30 18:38,2025-10-30 19:26
LAB746793,ENC119749,PT10953,CREAT,Creatinine,1.14,mg/dL,0.6,1.3,N,STAT,2025-10-30 18:10,2025-10-30 18:19,2025-10-30 19:12
LAB746794,ENC119749,PT10953,WBC,White Blood Cell Count,7.2,K/uL,4.5,11,N,STAT,2025-10-30 17:57,2025-10-30 18:17,2025-10-30 18:48
LAB746795,ENC119749,PT10953,HGB,Hemoglobin,12,g/dL,12,17.5,N,Routine,2025-10-30 18:20,2025-10-30 18:30,2025-10-30 21:31
LAB746796,ENC119751,PT12633,GLU,Glucose,104,mg/dL,70,99,H,Routine,2025-10-30 15:52,2025-10-30 16:17,2025-10-30 18:38
LAB746797,ENC119751,PT12633,CREAT,Creatinine,1.04,mg/dL,0.6,1.3,N,Routine,2025-10-30 15:36,2025-10-30 16:10,2025-10-30 22:02
LAB746798,ENC119751,PT12633,WBC,White Blood Cell Count,6.7,K/uL,4.5,11,N,Routine,2025-10-30 16:30,2025-10-30 16:41,2025-10-30 19:43
LAB746799,ENC119751,PT12633,HGB,Hemoglobin,13.8,g/dL,12,17.5,N,STAT,2025-10-30 15:42,2025-10-30 15:55,2025-10-30 16:30
LAB746800,ENC119751,PT12633,NA,Sodium,140,mmol/L,136,145,N,STAT,2025-10-30 15:48,2025-10-30 16:05,2025-10-30 16:56
LAB746801,ENC119751,PT12633,K,Potassium,4.2,mmol/L,3.5,5.1,N,STAT,2025-10-30 15:42,2025-10-30 16:02,2025-10-30 16:32
LAB746802,ENC119752,PT10652,GLU,Glucose,90,mg/dL,70,99,N,Routine,2025-10-30 16:43,2025-10-30 16:58,2025-10-30 20:33
LAB746803,ENC119752,PT10652,CREAT,Creatinine,0.53,mg/dL,0.6,1.3,L,Routine,2025-10-30 16:11,2025-10-30 16:29,2025-10-30 23:57
LAB746804,ENC119752,PT10652,WBC,White Blood Cell Count,7.8,K/uL,4.5,11,N,Routine,2025-10-30 16:42,2025-10-30 17:03,2025-10-30 22:26
LAB746805,ENC119752,PT10652,HGB,Hemoglobin,13.9,g/dL,12,17.5,N,STAT,2025-10-30 16:44,2025-10-30 16:54,2025-10-30 17:42
LAB746806,ENC119753,PT13310,GLU,Glucose,103,mg/dL,70,99,H,STAT,2025-10-30 16:26,2025-10-30 17:01,2025-10-30 17:44
LAB746807,ENC119753,PT13310,CREAT,Creatinine,1,mg/dL,0.6,1.3,N,STAT,2025-10-30 16:56,2025-10-30 17:00,2025-10-30 17:36
LAB746808,ENC119753,PT13310,WBC,White Blood Cell Count,7.4,K/uL,4.5,11,N,STAT,2025-10-30 17:06,2025-10-30 17:11,2025-10-30 17:57
LAB746809,ENC119754,PT10670,GLU,Glucose,160,mg/dL,70,99,H,STAT,2025-10-30 16:58,2025-10-30 17:05,2025-10-30 18:16
LAB746810,ENC119754,PT10670,CREAT,Creatinine,1.39,mg/dL,0.6,1.3,H,STAT,2025-10-30 17:09,2025-10-30 17:31,2025-10-30 18:31
LAB746811,ENC119754,PT10670,WBC,White Blood Cell Count,7.6,K/uL,4.5,11,N,STAT,2025-10-30 16:43,2025-10-30 16:57,2025-10-30 17:47
LAB746812,ENC119754,PT10670,HGB,Hemoglobin,11.3,g/dL,12,17.5,L,STAT,2025-10-30 16:29,2025-10-30 16:55,2025-10-30 18:48
LAB746813,ENC119755,PT10403,INR,Prothrombin Time INR,2.2,ratio,0.8,1.2,H,Routine,2025-10-30 16:27,2025-10-30 16:52,2025-10-30 21:13
LAB746814,ENC119757,PT11123,GLU,Glucose,126,mg/dL,70,99,H,Routine,2025-10-30 17:52,2025-10-30 18:10,2025-10-30 21:08
LAB746815,ENC119757,PT11123,CREAT,Creatinine,0.57,mg/dL,0.6,1.3,L,STAT,2025-10-30 18:18,2025-10-30 18:33,2025-10-30 19:42
LAB746816,ENC119757,PT11123,WBC,White Blood Cell Count,7.7,K/uL,4.5,11,N,Routine,2025-10-30 17:46,2025-10-30 18:13,2025-10-30 21:00
LAB746817,ENC119757,PT11123,HGB,Hemoglobin,13.6,g/dL,12,17.5,N,STAT,2025-10-30 18:13,2025-10-30 18:17,2025-10-30 19:11
LAB746818,ENC119759,PT13534,GLU,Glucose,181,mg/dL,70,99,H,Routine,2025-10-31 02:15,2025-10-31 02:38,2025-10-31 11:11
LAB746819,ENC119759,PT13534,CREAT,Creatinine,1.37,mg/dL,0.6,1.3,H,Routine,2025-10-31 01:33,2025-10-31 01:47,2025-10-31 06:05
LAB746820,ENC119759,PT13534,WBC,White Blood Cell Count,17.6,K/uL,4.5,11,H,STAT,2025-10-31 02:26,2025-10-31 02:52,2025-10-31 03:26
LAB746821,ENC119759,PT13534,HGB,Hemoglobin,14.8,g/dL,12,17.5,N,Routine,2025-10-31 02:29,2025-10-31 03:02,2025-10-31 06:54
LAB746822,ENC119759,PT13534,LACT,Lactate,1.6,mmol/L,0.5,2,N,STAT,2025-10-31 01:20,2025-10-31 01:31,2025-10-31 02:33
LAB746823,ENC119760,PT10807,GLU,Glucose,129,mg/dL,70,99,H,STAT,2025-10-31 02:54,2025-10-31 03:14,2025-10-31 04:15
LAB746824,ENC119760,PT10807,CREAT,Creatinine,0.98,mg/dL,0.6,1.3,N,STAT,2025-10-31 03:17,2025-10-31 03:52,2025-10-31 04:34
LAB746825,ENC119760,PT10807,WBC,White Blood Cell Count,10.7,K/uL,4.5,11,N,Routine,2025-10-31 03:40,2025-10-31 04:12,2025-10-31 05:35
LAB746826,ENC119760,PT10807,HGB,Hemoglobin,14.4,g/dL,12,17.5,N,STAT,2025-10-31 03:05,2025-10-31 03:28,2025-10-31 04:19
LAB746827,ENC119761,PT10436,GLU,Glucose,107,mg/dL,70,99,H,STAT,2025-10-31 03:57,2025-10-31 04:26,2025-10-31 05:10
LAB746828,ENC119761,PT10436,CREAT,Creatinine,1.08,mg/dL,0.6,1.3,N,STAT,2025-10-31 03:18,2025-10-31 03:22,2025-10-31 04:04
LAB746829,ENC119762,PT13859,GLU,Glucose,126,mg/dL,70,99,H,STAT,2025-10-31 09:57,2025-10-31 10:06,2025-10-31 11:16
LAB746830,ENC119762,PT13859,CREAT,Creatinine,0.96,mg/dL,0.6,1.3,N,STAT,2025-10-31 09:12,2025-10-31 09:20,2025-10-31 10:08
LAB746831,ENC119762,PT13859,WBC,White Blood Cell Count,9.5,K/uL,4.5,11,N,STAT,2025-10-31 09:14,2025-10-31 09:31,2025-10-31 10:31
LAB746832,ENC119762,PT13859,HGB,Hemoglobin,13.3,g/dL,12,17.5,N,STAT,2025-10-31 09:53,2025-10-31 10:23,2025-10-31 11:20
LAB746833,ENC119762,PT13859,TROP,"Troponin I, High Sensitivity",8286,ng/L,0,34,H,STAT,2025-10-31 08:54,2025-10-31 09:24,2025-10-31 10:13
LAB746834,ENC119763,PT13648,GLU,Glucose,181,mg/dL,70,99,H,STAT,2025-10-31 06:36,2025-10-31 07:01,2025-10-31 08:33
LAB746835,ENC119763,PT13648,CREAT,Creatinine,1.16,mg/dL,0.6,1.3,N,STAT,2025-10-31 07:01,2025-10-31 07:12,2025-10-31 07:50
LAB746836,ENC119763,PT13648,WBC,White Blood Cell Count,6.2,K/uL,4.5,11,N,STAT,2025-10-31 06:51,2025-10-31 07:18,2025-10-31 07:46
LAB746837,ENC119763,PT13648,HGB,Hemoglobin,12.1,g/dL,12,17.5,N,STAT,2025-10-31 06:22,2025-10-31 06:39,2025-10-31 07:14
LAB746838,ENC119764,PT12266,GLU,Glucose,76,mg/dL,70,99,N,STAT,2025-10-31 11:47,2025-10-31 12:09,2025-10-31 12:39
LAB746839,ENC119764,PT12266,CREAT,Creatinine,0.94,mg/dL,0.6,1.3,N,STAT,2025-10-31 11:21,2025-10-31 11:43,2025-10-31 13:03
LAB746840,ENC119764,PT12266,WBC,White Blood Cell Count,8,K/uL,4.5,11,N,Routine,2025-10-31 12:06,2025-10-31 12:21,2025-10-31 15:58
LAB746841,ENC119764,PT12266,HGB,Hemoglobin,13.6,g/dL,12,17.5,N,STAT,2025-10-31 11:12,2025-10-31 11:23,2025-10-31 11:50
LAB746842,ENC119767,PT10801,GLU,Glucose,110,mg/dL,70,99,H,Routine,2025-10-31 09:07,2025-10-31 09:21,2025-10-31 12:39
LAB746843,ENC119767,PT10801,CREAT,Creatinine,0.9,mg/dL,0.6,1.3,N,Routine,2025-10-31 09:29,2025-10-31 09:39,2025-10-31 11:16
LAB746844,ENC119767,PT10801,WBC,White Blood Cell Count,11.5,K/uL,4.5,11,H,STAT,2025-10-31 08:55,2025-10-31 09:00,2025-10-31 09:30
LAB746845,ENC119772,PT12444,GLU,Glucose,117,mg/dL,70,99,H,STAT,2025-10-31 11:07,2025-10-31 11:18,2025-10-31 11:38
LAB746846,ENC119772,PT12444,CREAT,Creatinine,0.91,mg/dL,0.6,1.3,N,STAT,2025-10-31 10:46,2025-10-31 10:54,2025-10-31 11:39
LAB746847,ENC119772,PT12444,WBC,White Blood Cell Count,6.4,K/uL,4.5,11,N,Routine,2025-10-31 11:12,2025-10-31 11:44,2025-10-31 15:49
LAB746848,ENC119772,PT12444,HGB,Hemoglobin,11.9,g/dL,12,17.5,L,Routine,2025-10-31 11:12,2025-10-31 11:25,2025-10-31 13:21
LAB746849,ENC119777,PT12845,LDL,LDL Cholesterol,108,mg/dL,0,99,H,Routine,2025-10-31 12:29,2025-10-31 12:47,2025-10-31 20:49
LAB746850,ENC119777,PT12845,A1C,Hemoglobin A1c,5.4,%,4,5.6,N,Routine,2025-10-31 12:07,2025-10-31 12:24,2025-10-31 18:40
LAB746851,ENC119778,PT10055,GLU,Glucose,122,mg/dL,70,99,H,Routine,2025-10-31 13:16,2025-10-31 13:39,2025-10-31 14:19
LAB746852,ENC119778,PT10055,CREAT,Creatinine,1.13,mg/dL,0.6,1.3,N,Routine,2025-10-31 12:52,2025-10-31 13:24,2025-10-31 15:08
LAB746853,ENC119778,PT10055,WBC,White Blood Cell Count,6.4,K/uL,4.5,11,N,Routine,2025-10-31 12:57,2025-10-31 13:28,2025-10-31 17:36
LAB746854,ENC119778,PT10055,HGB,Hemoglobin,12.5,g/dL,12,17.5,N,STAT,2025-10-31 12:53,2025-10-31 13:13,2025-10-31 13:46
LAB746855,ENC119778,PT10055,NA,Sodium,137,mmol/L,136,145,N,STAT,2025-10-31 13:15,2025-10-31 13:34,2025-10-31 14:29
LAB746856,ENC119778,PT10055,K,Potassium,4.5,mmol/L,3.5,5.1,N,STAT,2025-10-31 13:14,2025-10-31 13:35,2025-10-31 14:37
LAB746857,ENC119779,PT10260,LDL,LDL Cholesterol,87,mg/dL,0,99,N,Routine,2025-10-31 12:41,2025-10-31 12:59,2025-11-01 14:00
LAB746858,ENC119779,PT10260,A1C,Hemoglobin A1c,5.7,%,4,5.6,H,Routine,2025-10-31 12:35,2025-10-31 13:04,2025-11-01 06:44
LAB746859,ENC119780,PT11832,A1C,Hemoglobin A1c,10.1,%,4,5.6,H,Routine,2025-10-31 12:42,2025-10-31 13:06,2025-10-31 22:35
LAB746860,ENC119780,PT11832,GLU,Glucose,208,mg/dL,70,99,H,Routine,2025-10-31 12:54,2025-10-31 13:00,2025-10-31 15:59
LAB746861,ENC119780,PT11832,CREAT,Creatinine,0.73,mg/dL,0.6,1.3,N,Routine,2025-10-31 12:48,2025-10-31 12:52,2025-10-31 17:04
LAB746862,ENC119781,PT10007,GLU,Glucose,101,mg/dL,70,99,H,Routine,2025-10-31 13:31,2025-10-31 13:42,2025-10-31 17:45
LAB746863,ENC119781,PT10007,CREAT,Creatinine,0.92,mg/dL,0.6,1.3,N,STAT,2025-10-31 13:19,2025-10-31 13:53,2025-10-31 14:26
LAB746864,ENC119781,PT10007,WBC,White Blood Cell Count,8.8,K/uL,4.5,11,N,STAT,2025-10-31 13:40,2025-10-31 13:49,2025-10-31 14:25
LAB746865,ENC119782,PT11785,GLU,Glucose,108,mg/dL,70,99,H,Routine,2025-10-31 14:15,2025-10-31 14:47,2025-10-31 17:56
LAB746866,ENC119782,PT11785,CREAT,Creatinine,1.2,mg/dL,0.6,1.3,N,STAT,2025-10-31 14:07,2025-10-31 14:37,2025-10-31 14:58
LAB746867,ENC119782,PT11785,WBC,White Blood Cell Count,5.2,K/uL,4.5,11,N,STAT,2025-10-31 14:02,2025-10-31 14:23,2025-10-31 15:05
LAB746868,ENC119782,PT11785,HGB,Hemoglobin,11.2,g/dL,12,17.5,L,Routine,2025-10-31 13:32,2025-10-31 13:47,2025-10-31 15:46
LAB746869,ENC119782,PT11785,TROP,"Troponin I, High Sensitivity",8,ng/L,0,34,N,STAT,2025-10-31 14:28,2025-10-31 14:42,2025-10-31 15:08
LAB746870,ENC119783,PT13782,GLU,Glucose,102,mg/dL,70,99,H,STAT,2025-10-31 18:15,2025-10-31 18:50,2025-10-31 19:14
LAB746871,ENC119783,PT13782,CREAT,Creatinine,1.34,mg/dL,0.6,1.3,H,Routine,2025-10-31 18:50,2025-10-31 19:16,2025-10-31 22:40
LAB746872,ENC119783,PT13782,WBC,White Blood Cell Count,8.3,K/uL,4.5,11,N,Routine,2025-10-31 17:59,2025-10-31 18:16,2025-10-31 20:16
LAB746873,ENC119783,PT13782,HGB,Hemoglobin,8.1,g/dL,12,17.5,L,STAT,2025-10-31 18:35,2025-10-31 18:42,2025-10-31 19:25
LAB746874,ENC119783,PT13782,NA,Sodium,135,mmol/L,136,145,L,Routine,2025-10-31 18:18,2025-10-31 18:39,2025-10-31 21:28
LAB746875,ENC119783,PT13782,K,Potassium,4.2,mmol/L,3.5,5.1,N,STAT,2025-10-31 18:51,2025-10-31 19:26,2025-10-31 20:39
LAB746876,ENC119783,PT13782,INR,Prothrombin Time INR,1,ratio,0.8,1.2,N,STAT,2025-10-31 18:03,2025-10-31 18:14,2025-10-31 18:44
LAB746877,ENC119785,PT10718,GLU,Glucose,187,mg/dL,70,99,H,STAT,2025-10-31 18:24,2025-10-31 18:55,2025-10-31 19:20
LAB746878,ENC119785,PT10718,CREAT,Creatinine,1.47,mg/dL,0.6,1.3,H,STAT,2025-10-31 17:57,2025-10-31 18:16,2025-10-31 18:43
LAB746879,ENC119785,PT10718,WBC,White Blood Cell Count,21.4,K/uL,4.5,11,H,STAT,2025-10-31 17:51,2025-10-31 18:06,2025-10-31 19:11
LAB746880,ENC119785,PT10718,HGB,Hemoglobin,15.6,g/dL,12,17.5,N,STAT,2025-10-31 17:31,2025-10-31 17:53,2025-10-31 18:50
LAB746881,ENC119785,PT10718,LACT,Lactate,2.1,mmol/L,0.5,2,H,STAT,2025-10-31 17:42,2025-10-31 18:04,2025-10-31 18:53
LAB746882,ENC119786,PT10540,GLU,Glucose,75,mg/dL,70,99,N,Routine,2025-10-31 15:06,2025-10-31 15:37,2025-10-31 17:25
LAB746883,ENC119786,PT10540,CREAT,Creatinine,0.94,mg/dL,0.6,1.3,N,STAT,2025-10-31 15:35,2025-10-31 16:00,2025-10-31 17:38
LAB746884,ENC119786,PT10540,WBC,White Blood Cell Count,4.7,K/uL,4.5,11,N,STAT,2025-10-31 15:32,2025-10-31 15:38,2025-10-31 16:37
LAB746885,ENC119786,PT10540,HGB,Hemoglobin,10.5,g/dL,12,17.5,L,STAT,2025-10-31 14:26,2025-10-31 14:35,2025-10-31 15:16
LAB746886,ENC119786,PT10540,NA,Sodium,144,mmol/L,136,145,N,STAT,2025-10-31 15:22,2025-10-31 15:52,2025-10-31 16:39
LAB746887,ENC119786,PT10540,K,Potassium,4.9,mmol/L,3.5,5.1,N,STAT,2025-10-31 15:18,2025-10-31 15:49,2025-10-31 16:32
LAB746888,ENC119788,PT12243,LDL,LDL Cholesterol,161,mg/dL,0,99,H,Routine,2025-10-31 14:37,2025-10-31 14:57,2025-11-01 05:02
LAB746889,ENC119788,PT12243,TSH,Thyroid Stimulating Hormone,1.86,mIU/L,0.4,4,N,Routine,2025-10-31 14:51,2025-10-31 15:18,2025-11-01 05:59
LAB746890,ENC119790,PT10369,GLU,Glucose,195,mg/dL,70,99,H,Routine,2025-10-31 19:42,2025-10-31 20:12,2025-10-31 23:51
LAB746891,ENC119790,PT10369,CREAT,Creatinine,0.77,mg/dL,0.6,1.3,N,STAT,2025-10-31 20:09,2025-10-31 20:39,2025-10-31 21:12
LAB746892,ENC119790,PT10369,WBC,White Blood Cell Count,5.9,K/uL,4.5,11,N,STAT,2025-10-31 19:21,2025-10-31 19:42,2025-10-31 20:28
LAB746893,ENC119790,PT10369,HGB,Hemoglobin,15.1,g/dL,12,17.5,N,STAT,2025-10-31 20:11,2025-10-31 20:28,2025-10-31 21:07
LAB746894,ENC119791,PT10383,A1C,Hemoglobin A1c,9.4,%,4,5.6,H,Routine,2025-10-31 15:57,2025-10-31 16:18,2025-11-01 07:14
LAB746895,ENC119791,PT10383,GLU,Glucose,122,mg/dL,70,99,H,Routine,2025-10-31 15:48,2025-10-31 16:09,2025-10-31 19:21
LAB746896,ENC119791,PT10383,CREAT,Creatinine,0.91,mg/dL,0.6,1.3,N,Routine,2025-10-31 15:52,2025-10-31 16:06,2025-10-31 22:41
LAB746897,ENC119792,PT10648,GLU,Glucose,101,mg/dL,70,99,H,STAT,2025-10-31 16:19,2025-10-31 16:53,2025-10-31 17:29
LAB746898,ENC119792,PT10648,CREAT,Creatinine,1.34,mg/dL,0.6,1.3,H,STAT,2025-10-31 16:37,2025-10-31 17:10,2025-10-31 17:42
LAB746899,ENC119792,PT10648,WBC,White Blood Cell Count,8,K/uL,4.5,11,N,Routine,2025-10-31 16:45,2025-10-31 17:02,2025-10-31 21:46
LAB746900,ENC119792,PT10648,HGB,Hemoglobin,12.7,g/dL,12,17.5,N,Routine,2025-10-31 16:06,2025-10-31 16:35,2025-10-31 18:03
LAB746901,ENC119793,PT10329,GLU,Glucose,105,mg/dL,70,99,H,STAT,2025-10-31 22:02,2025-10-31 22:33,2025-10-31 23:06
LAB746902,ENC119793,PT10329,CREAT,Creatinine,1.11,mg/dL,0.6,1.3,N,Routine,2025-10-31 22:08,2025-10-31 22:19,2025-11-01 00:33
LAB746903,ENC119793,PT10329,WBC,White Blood Cell Count,10.1,K/uL,4.5,11,N,STAT,2025-10-31 21:44,2025-10-31 22:15,2025-10-31 22:43
LAB746904,ENC119793,PT10329,HGB,Hemoglobin,13.1,g/dL,12,17.5,N,STAT,2025-10-31 22:23,2025-10-31 22:53,2025-10-31 23:42
LAB746905,ENC119797,PT12573,GLU,Glucose,130,mg/dL,70,99,H,Routine,2025-10-31 22:36,2025-10-31 23:11,2025-11-01 02:48
LAB746906,ENC119797,PT12573,CREAT,Creatinine,0.6,mg/dL,0.6,1.3,N,STAT,2025-10-31 23:02,2025-10-31 23:25,2025-10-31 23:42
LAB746907,ENC119797,PT12573,WBC,White Blood Cell Count,5.5,K/uL,4.5,11,N,STAT,2025-10-31 22:47,2025-10-31 23:16,2025-11-01 00:17
LAB746908,ENC119797,PT12573,HGB,Hemoglobin,12.1,g/dL,12,17.5,N,Routine,2025-10-31 23:13,2025-10-31 23:34,2025-11-01 02:57
LAB746909,ENC119797,PT12573,NA,Sodium,140,mmol/L,136,145,N,STAT,2025-10-31 22:40,2025-10-31 23:13,2025-11-01 00:04
LAB746910,ENC119797,PT12573,K,Potassium,4.1,mmol/L,3.5,5.1,N,STAT,2025-10-31 22:26,2025-10-31 22:40,2025-10-31 23:16
LAB746911,ENC119797,PT12573,TROP,"Troponin I, High Sensitivity",71,ng/L,0,34,H,STAT,2025-10-31 22:27,2025-10-31 22:38,2025-10-31 23:18
LAB746912,ENC119797,PT12573,BNP,B-Type Natriuretic Peptide,547,pg/mL,0,100,H,STAT,2025-10-31 22:55,2025-10-31 23:13,2025-10-31 23:56
LAB746913,ENC119798,PT10809,GLU,Glucose,98,mg/dL,70,99,N,STAT,2025-10-31 19:56,2025-10-31 20:14,2025-10-31 21:19
LAB746914,ENC119798,PT10809,CREAT,Creatinine,1.21,mg/dL,0.6,1.3,N,Routine,2025-10-31 18:56,2025-10-31 19:00,2025-10-31 22:40
LAB746915,ENC119798,PT10809,WBC,White Blood Cell Count,6.4,K/uL,4.5,11,N,STAT,2025-10-31 19:09,2025-10-31 19:13,2025-10-31 20:30
LAB746916,ENC119798,PT10809,HGB,Hemoglobin,15,g/dL,12,17.5,N,Routine,2025-10-31 19:59,2025-10-31 20:26,2025-11-01 02:36
LAB746917,ENC119799,PT11701,GLU,Glucose,81,mg/dL,70,99,N,Routine,2025-10-31 19:42,2025-10-31 20:17,2025-11-01 00:31
LAB746918,ENC119799,PT11701,CREAT,Creatinine,1.31,mg/dL,0.6,1.3,H,STAT,2025-10-31 19:15,2025-10-31 19:33,2025-10-31 20:15
LAB746919,ENC119799,PT11701,WBC,White Blood Cell Count,5.7,K/uL,4.5,11,N,Routine,2025-10-31 19:42,2025-10-31 20:15,2025-10-31 23:01
LAB746920,ENC119800,PT12272,GLU,Glucose,98,mg/dL,70,99,N,Routine,2025-10-31 19:55,2025-10-31 20:04,2025-10-31 23:32
LAB746921,ENC119800,PT12272,CREAT,Creatinine,1.04,mg/dL,0.6,1.3,N,Routine,2025-10-31 20:15,2025-10-31 20:21,2025-11-01 01:49
LAB746922,ENC119801,PT11261,GLU,Glucose,87,mg/dL,70,99,N,STAT,2025-10-31 22:36,2025-10-31 23:07,2025-10-31 23:30
LAB746923,ENC119801,PT11261,CREAT,Creatinine,1.29,mg/dL,0.6,1.3,N,STAT,2025-10-31 22:25,2025-10-31 22:58,2025-10-31 23:29
LAB746924,ENC119801,PT11261,WBC,White Blood Cell Count,7,K/uL,4.5,11,N,STAT,2025-10-31 22:40,2025-10-31 22:46,2025-10-31 23:30
LAB746925,ENC119801,PT11261,HGB,Hemoglobin,8.1,g/dL,12,17.5,L,STAT,2025-10-31 23:03,2025-10-31 23:28,2025-11-01 00:20
LAB746926,ENC119801,PT11261,INR,Prothrombin Time INR,1,ratio,0.8,1.2,N,Routine,2025-10-31 22:12,2025-10-31 22:25,2025-11-01 00:17
LAB746927,ENC119802,PT12669,GLU,Glucose,96,mg/dL,70,99,N,STAT,2025-10-31 21:29,2025-10-31 21:56,2025-10-31 22:44
LAB746928,ENC119802,PT12669,CREAT,Creatinine,0.65,mg/dL,0.6,1.3,N,Routine,2025-10-31 21:20,2025-10-31 21:52,2025-11-01 01:32
LAB746929,ENC119804,PT12860,GLU,Glucose,183,mg/dL,70,99,H,Routine,2025-11-01 00:22,2025-11-01 00:50,2025-11-01 01:59
LAB746930,ENC119804,PT12860,CREAT,Creatinine,0.99,mg/dL,0.6,1.3,N,STAT,2025-11-01 00:18,2025-11-01 00:36,2025-11-01 01:11
LAB746931,ENC119804,PT12860,WBC,White Blood Cell Count,5.9,K/uL,4.5,11,N,STAT,2025-11-01 00:21,2025-11-01 00:26,2025-11-01 01:15
LAB746932,ENC119804,PT12860,HGB,Hemoglobin,13.4,g/dL,12,17.5,N,STAT,2025-10-31 23:59,2025-11-01 00:14,2025-11-01 01:15
LAB746933,ENC119805,PT12535,GLU,Glucose,225,mg/dL,70,99,H,STAT,2025-11-01 04:44,2025-11-01 04:58,2025-11-01 06:04
LAB746934,ENC119805,PT12535,CREAT,Creatinine,0.8,mg/dL,0.6,1.3,N,Routine,2025-11-01 04:41,2025-11-01 05:15,2025-11-01 10:09
LAB746935,ENC119805,PT12535,WBC,White Blood Cell Count,4.2,K/uL,4.5,11,L,STAT,2025-11-01 04:40,2025-11-01 05:13,2025-11-01 06:19
LAB746936,ENC119805,PT12535,HGB,Hemoglobin,16.7,g/dL,12,17.5,N,STAT,2025-11-01 05:06,2025-11-01 05:28,2025-11-01 06:05
LAB746937,ENC119805,PT12535,NA,Sodium,144,mmol/L,136,145,N,Routine,2025-11-01 05:23,2025-11-01 05:54,2025-11-01 10:02
LAB746938,ENC119805,PT12535,K,Potassium,4.4,mmol/L,3.5,5.1,N,STAT,2025-11-01 04:52,2025-11-01 05:06,2025-11-01 07:16
LAB746939,ENC119806,PT10005,GLU,Glucose,110,mg/dL,70,99,H,STAT,2025-11-01 07:36,2025-11-01 07:48,2025-11-01 08:15
LAB746940,ENC119806,PT10005,CREAT,Creatinine,0.7,mg/dL,0.6,1.3,N,STAT,2025-11-01 07:42,2025-11-01 08:11,2025-11-01 08:52
LAB746941,ENC119806,PT10005,WBC,White Blood Cell Count,10.9,K/uL,4.5,11,N,Routine,2025-11-01 07:15,2025-11-01 07:42,2025-11-01 11:39
LAB746942,ENC119806,PT10005,HGB,Hemoglobin,13.4,g/dL,12,17.5,N,Routine,2025-11-01 07:21,2025-11-01 07:49,2025-11-01 12:58
LAB746943,ENC119807,PT10140,GLU,Glucose,91,mg/dL,70,99,N,STAT,2025-11-01 07:14,2025-11-01 07:40,2025-11-01 08:08
LAB746944,ENC119807,PT10140,CREAT,Creatinine,0.66,mg/dL,0.6,1.3,N,STAT,2025-11-01 06:49,2025-11-01 07:05,2025-11-01 08:00
LAB746945,ENC119809,PT10517,GLU,Glucose,98,mg/dL,70,99,N,STAT,2025-11-01 15:09,2025-11-01 15:38,2025-11-01 16:19
LAB746946,ENC119809,PT10517,CREAT,Creatinine,2.48,mg/dL,0.6,1.3,H,Routine,2025-11-01 14:40,2025-11-01 15:03,2025-11-01 17:15
LAB746947,ENC119809,PT10517,WBC,White Blood Cell Count,9.2,K/uL,4.5,11,N,STAT,2025-11-01 15:14,2025-11-01 15:29,2025-11-01 16:28
LAB746948,ENC119809,PT10517,HGB,Hemoglobin,12.1,g/dL,12,17.5,N,Routine,2025-11-01 15:14,2025-11-01 15:31,2025-11-01 17:44
LAB746949,ENC119809,PT10517,NA,Sodium,142,mmol/L,136,145,N,Routine,2025-11-01 14:33,2025-11-01 14:45,2025-11-01 17:05
LAB746950,ENC119809,PT10517,K,Potassium,6.1,mmol/L,3.5,5.1,H,STAT,2025-11-01 15:18,2025-11-01 15:37,2025-11-01 16:17
LAB746951,ENC119810,PT13692,GLU,Glucose,69,mg/dL,70,99,L,STAT,2025-11-01 13:03,2025-11-01 13:12,2025-11-01 14:04
LAB746952,ENC119810,PT13692,CREAT,Creatinine,0.74,mg/dL,0.6,1.3,N,Routine,2025-11-01 13:01,2025-11-01 13:25,2025-11-01 16:45
LAB746953,ENC119810,PT13692,WBC,White Blood Cell Count,10.5,K/uL,4.5,11,N,STAT,2025-11-01 12:49,2025-11-01 13:12,2025-11-01 13:56
LAB746954,ENC119810,PT13692,HGB,Hemoglobin,11.5,g/dL,12,17.5,L,STAT,2025-11-01 13:15,2025-11-01 13:20,2025-11-01 14:22
LAB746955,ENC119810,PT13692,TROP,"Troponin I, High Sensitivity",17,ng/L,0,34,N,STAT,2025-11-01 13:00,2025-11-01 13:22,2025-11-01 13:41
LAB746956,ENC119810,PT13692,BNP,B-Type Natriuretic Peptide,360,pg/mL,0,100,H,Routine,2025-11-01 13:04,2025-11-01 13:16,2025-11-01 16:58
LAB746957,ENC119812,PT10749,GLU,Glucose,131,mg/dL,70,99,H,Routine,2025-11-01 17:43,2025-11-01 18:13,2025-11-01 23:53
LAB746958,ENC119812,PT10749,CREAT,Creatinine,0.92,mg/dL,0.6,1.3,N,Routine,2025-11-01 17:17,2025-11-01 17:42,2025-11-01 19:48
LAB746959,ENC119812,PT10749,WBC,White Blood Cell Count,6.5,K/uL,4.5,11,N,STAT,2025-11-01 16:57,2025-11-01 17:20,2025-11-01 17:59
LAB746960,ENC119812,PT10749,HGB,Hemoglobin,14.3,g/dL,12,17.5,N,Routine,2025-11-01 17:40,2025-11-01 17:50,2025-11-01 20:16
LAB746961,ENC119817,PT13963,GLU,Glucose,110,mg/dL,70,99,H,STAT,2025-11-02 05:54,2025-11-02 06:10,2025-11-02 06:39
LAB746962,ENC119817,PT13963,CREAT,Creatinine,0.91,mg/dL,0.6,1.3,N,STAT,2025-11-02 05:45,2025-11-02 05:57,2025-11-02 06:31
LAB746963,ENC119818,PT12067,GLU,Glucose,124,mg/dL,70,99,H,STAT,2025-11-02 09:43,2025-11-02 09:52,2025-11-02 10:19
LAB746964,ENC119818,PT12067,CREAT,Creatinine,0.96,mg/dL,0.6,1.3,N,Routine,2025-11-02 09:54,2025-11-02 10:10,2025-11-02 13:44
LAB746965,ENC119818,PT12067,WBC,White Blood Cell Count,8.8,K/uL,4.5,11,N,STAT,2025-11-02 10:14,2025-11-02 10:18,2025-11-02 11:32
LAB746966,ENC119818,PT12067,HGB,Hemoglobin,17.6,g/dL,12,17.5,H,STAT,2025-11-02 09:29,2025-11-02 09:42,2025-11-02 10:48
LAB746967,ENC119818,PT12067,TROP,"Troponin I, High Sensitivity",6,ng/L,0,34,N,STAT,2025-11-02 09:04,2025-11-02 09:12,2025-11-02 10:29
LAB746968,ENC119819,PT11328,GLU,Glucose,61,mg/dL,70,99,L,STAT,2025-11-02 10:44,2025-11-02 10:55,2025-11-02 12:20
LAB746969,ENC119819,PT11328,CREAT,Creatinine,0.89,mg/dL,0.6,1.3,N,Routine,2025-11-02 10:08,2025-11-02 10:14,2025-11-02 12:07
LAB746970,ENC119819,PT11328,WBC,White Blood Cell Count,10.6,K/uL,4.5,11,N,Routine,2025-11-02 10:15,2025-11-02 10:50,2025-11-02 13:02
LAB746971,ENC119821,PT12170,GLU,Glucose,103,mg/dL,70,99,H,Routine,2025-11-02 16:07,2025-11-02 16:18,2025-11-02 18:32
LAB746972,ENC119821,PT12170,CREAT,Creatinine,0.66,mg/dL,0.6,1.3,N,STAT,2025-11-02 16:26,2025-11-02 16:48,2025-11-02 17:27
LAB746973,ENC119821,PT12170,WBC,White Blood Cell Count,9.2,K/uL,4.5,11,N,STAT,2025-11-02 16:47,2025-11-02 17:05,2025-11-02 18:20
LAB746974,ENC119821,PT12170,HGB,Hemoglobin,13.4,g/dL,12,17.5,N,STAT,2025-11-02 16:53,2025-11-02 17:19,2025-11-02 17:52
LAB746975,ENC119821,PT12170,NA,Sodium,143,mmol/L,136,145,N,STAT,2025-11-02 16:44,2025-11-02 17:12,2025-11-02 17:41
LAB746976,ENC119821,PT12170,K,Potassium,3.9,mmol/L,3.5,5.1,N,STAT,2025-11-02 16:45,2025-11-02 16:54,2025-11-02 17:25
LAB746977,ENC119822,PT13940,GLU,Glucose,81,mg/dL,70,99,N,STAT,2025-11-02 17:50,2025-11-02 18:04,2025-11-02 18:43
LAB746978,ENC119822,PT13940,CREAT,Creatinine,1.25,mg/dL,0.6,1.3,N,Routine,2025-11-02 17:29,2025-11-02 17:43,2025-11-02 20:07
LAB746979,ENC119822,PT13940,WBC,White Blood Cell Count,7.6,K/uL,4.5,11,N,STAT,2025-11-02 17:45,2025-11-02 17:53,2025-11-02 18:22
LAB746980,ENC119822,PT13940,HGB,Hemoglobin,13.3,g/dL,12,17.5,N,STAT,2025-11-02 17:48,2025-11-02 18:01,2025-11-02 18:42
LAB746981,ENC119822,PT13940,NA,Sodium,141,mmol/L,136,145,N,Routine,2025-11-02 17:52,2025-11-02 18:25,2025-11-02 22:29
LAB746982,ENC119822,PT13940,K,Potassium,4.7,mmol/L,3.5,5.1,N,STAT,2025-11-02 17:48,2025-11-02 18:12,2025-11-02 19:05
LAB746983,ENC119823,PT12896,GLU,Glucose,90,mg/dL,70,99,N,Routine,2025-11-02 17:54,2025-11-02 18:04,2025-11-02 22:36
LAB746984,ENC119823,PT12896,CREAT,Creatinine,1.26,mg/dL,0.6,1.3,N,STAT,2025-11-02 17:26,2025-11-02 17:36,2025-11-02 18:41
LAB746985,ENC119823,PT12896,WBC,White Blood Cell Count,14.8,K/uL,4.5,11,H,Routine,2025-11-02 18:03,2025-11-02 18:32,2025-11-02 20:50
LAB746986,ENC119823,PT12896,HGB,Hemoglobin,12,g/dL,12,17.5,N,STAT,2025-11-02 17:38,2025-11-02 17:47,2025-11-02 18:16
LAB746987,ENC119824,PT13092,GLU,Glucose,110,mg/dL,70,99,H,Routine,2025-11-02 16:54,2025-11-02 17:28,2025-11-02 18:57
LAB746988,ENC119824,PT13092,CREAT,Creatinine,1.83,mg/dL,0.6,1.3,H,Routine,2025-11-02 16:30,2025-11-02 16:55,2025-11-02 18:46
LAB746989,ENC119824,PT13092,WBC,White Blood Cell Count,14.6,K/uL,4.5,11,H,STAT,2025-11-02 17:13,2025-11-02 17:47,2025-11-02 18:48
LAB746990,ENC119824,PT13092,HGB,Hemoglobin,11.9,g/dL,12,17.5,L,STAT,2025-11-02 16:46,2025-11-02 17:21,2025-11-02 18:04
LAB746991,ENC119824,PT13092,NA,Sodium,138,mmol/L,136,145,N,Routine,2025-11-02 16:54,2025-11-02 17:19,2025-11-02 22:58
LAB746992,ENC119824,PT13092,K,Potassium,3.4,mmol/L,3.5,5.1,L,STAT,2025-11-02 17:07,2025-11-02 17:38,2025-11-02 18:23
LAB746993,ENC119824,PT13092,LACT,Lactate,1.9,mmol/L,0.5,2,N,STAT,2025-11-02 16:53,2025-11-02 16:59,2025-11-02 18:13
LAB746994,ENC119825,PT12406,GLU,Glucose,124,mg/dL,70,99,H,STAT,2025-11-02 15:30,2025-11-02 15:44,2025-11-02 16:23
LAB746995,ENC119825,PT12406,CREAT,Creatinine,0.82,mg/dL,0.6,1.3,N,STAT,2025-11-02 15:40,2025-11-02 16:04,2025-11-02 17:01
LAB746996,ENC119827,PT12749,GLU,Glucose,77,mg/dL,70,99,N,STAT,2025-11-03 00:39,2025-11-03 00:51,2025-11-03 01:16
LAB746997,ENC119827,PT12749,CREAT,Creatinine,0.79,mg/dL,0.6,1.3,N,STAT,2025-11-03 00:53,2025-11-03 01:22,2025-11-03 02:15
LAB746998,ENC119827,PT12749,WBC,White Blood Cell Count,23.6,K/uL,4.5,11,H,STAT,2025-11-03 00:23,2025-11-03 00:49,2025-11-03 01:50
LAB746999,ENC119827,PT12749,HGB,Hemoglobin,13.4,g/dL,12,17.5,N,STAT,2025-11-03 00:31,2025-11-03 00:57,2025-11-03 01:30
LAB747000,ENC119827,PT12749,NA,Sodium,137,mmol/L,136,145,N,STAT,2025-11-03 00:31,2025-11-03 00:40,2025-11-03 01:48
LAB747001,ENC119827,PT12749,K,Potassium,4.3,mmol/L,3.5,5.1,N,STAT,2025-11-03 00:02,2025-11-03 00:26,2025-11-03 00:52
LAB747002,ENC119829,PT10937,GLU,Glucose,80,mg/dL,70,99,N,STAT,2025-11-03 02:24,2025-11-03 02:36,2025-11-03 03:27
LAB747003,ENC119829,PT10937,CREAT,Creatinine,1.1,mg/dL,0.6,1.3,N,Routine,2025-11-03 02:12,2025-11-03 02:28,2025-11-03 05:20
LAB747004,ENC119829,PT10937,WBC,White Blood Cell Count,6.8,K/uL,4.5,11,N,STAT,2025-11-03 02:44,2025-11-03 03:12,2025-11-03 04:15
LAB747005,ENC119829,PT10937,HGB,Hemoglobin,11.6,g/dL,12,17.5,L,STAT,2025-11-03 02:36,2025-11-03 02:56,2025-11-03 04:10
LAB747006,ENC119829,PT10937,INR,Prothrombin Time INR,1,ratio,0.8,1.2,N,STAT,2025-11-03 02:35,2025-11-03 02:59,2025-11-03 03:48
LAB747007,ENC119831,PT12177,GLU,Glucose,276,mg/dL,70,99,H,STAT,2025-11-03 04:21,2025-11-03 04:42,2025-11-03 06:53
LAB747008,ENC119831,PT12177,CREAT,Creatinine,0.97,mg/dL,0.6,1.3,N,STAT,2025-11-03 03:25,2025-11-03 03:41,2025-11-03 04:13
LAB747009,ENC119831,PT12177,WBC,White Blood Cell Count,9.8,K/uL,4.5,11,N,Routine,2025-11-03 03:41,2025-11-03 03:51,2025-11-03 05:51
LAB747010,ENC119831,PT12177,HGB,Hemoglobin,14.1,g/dL,12,17.5,N,STAT,2025-11-03 03:42,2025-11-03 03:48,2025-11-03 04:33
LAB747011,ENC119832,PT11350,INR,Prothrombin Time INR,1,ratio,0.8,1.2,N,Routine,2025-11-03 02:41,2025-11-03 02:51,2025-11-03 05:48
LAB747012,ENC119833,PT13995,GLU,Glucose,164,mg/dL,70,99,H,Routine,2025-11-03 07:21,2025-11-03 07:45,2025-11-03 10:15
LAB747013,ENC119833,PT13995,CREAT,Creatinine,3.85,mg/dL,0.6,1.3,H,STAT,2025-11-03 07:11,2025-11-03 07:43,2025-11-03 08:33
LAB747014,ENC119833,PT13995,WBC,White Blood Cell Count,7.1,K/uL,4.5,11,N,Routine,2025-11-03 08:11,2025-11-03 08:15,2025-11-03 10:15
LAB747015,ENC119833,PT13995,HGB,Hemoglobin,12.5,g/dL,12,17.5,N,STAT,2025-11-03 07:34,2025-11-03 07:47,2025-11-03 08:34
LAB747016,ENC119833,PT13995,NA,Sodium,141,mmol/L,136,145,N,STAT,2025-11-03 07:46,2025-11-03 08:04,2025-11-03 08:28
LAB747017,ENC119833,PT13995,K,Potassium,4.8,mmol/L,3.5,5.1,N,STAT,2025-11-03 08:03,2025-11-03 08:28,2025-11-03 09:18
LAB747018,ENC119834,PT10549,GLU,Glucose,179,mg/dL,70,99,H,STAT,2025-11-03 07:57,2025-11-03 08:13,2025-11-03 08:45
LAB747019,ENC119834,PT10549,CREAT,Creatinine,1,mg/dL,0.6,1.3,N,STAT,2025-11-03 07:54,2025-11-03 07:58,2025-11-03 09:08
LAB747020,ENC119834,PT10549,WBC,White Blood Cell Count,6.7,K/uL,4.5,11,N,Routine,2025-11-03 08:07,2025-11-03 08:15,2025-11-03 12:48
LAB747021,ENC119834,PT10549,HGB,Hemoglobin,14,g/dL,12,17.5,N,STAT,2025-11-03 08:01,2025-11-03 08:30,2025-11-03 09:13
LAB747022,ENC119834,PT10549,INR,Prothrombin Time INR,1.1,ratio,0.8,1.2,N,STAT,2025-11-03 07:16,2025-11-03 07:43,2025-11-03 08:26
LAB747023,ENC119835,PT11076,GLU,Glucose,99,mg/dL,70,99,N,STAT,2025-11-03 07:07,2025-11-03 07:31,2025-11-03 08:22
LAB747024,ENC119835,PT11076,CREAT,Creatinine,1.06,mg/dL,0.6,1.3,N,STAT,2025-11-03 06:53,2025-11-03 07:12,2025-11-03 08:35
LAB747025,ENC119835,PT11076,WBC,White Blood Cell Count,7.2,K/uL,4.5,11,N,Routine,2025-11-03 06:57,2025-11-03 07:21,2025-11-03 10:43
LAB747026,ENC119835,PT11076,HGB,Hemoglobin,12,g/dL,12,17.5,N,Routine,2025-11-03 07:14,2025-11-03 07:36,2025-11-03 08:46
LAB747027,ENC119835,PT11076,BUN,Blood Urea Nitrogen,11,mg/dL,7,20,N,Routine,2025-11-03 06:37,2025-11-03 06:53,2025-11-03 08:59
LAB747028,ENC119835,PT11076,PLT,Platelet Count,268,K/uL,150,400,N,Routine,2025-11-03 06:34,2025-11-03 06:40,2025-11-03 07:49
LAB747029,ENC119836,PT13677,GLU,Glucose,103,mg/dL,70,99,H,STAT,2025-11-03 10:01,2025-11-03 10:26,2025-11-03 11:54
LAB747030,ENC119836,PT13677,CREAT,Creatinine,1.07,mg/dL,0.6,1.3,N,STAT,2025-11-03 10:39,2025-11-03 10:50,2025-11-03 11:34
LAB747031,ENC119836,PT13677,WBC,White Blood Cell Count,9.3,K/uL,4.5,11,N,STAT,2025-11-03 09:58,2025-11-03 10:16,2025-11-03 11:12
LAB747032,ENC119836,PT13677,HGB,Hemoglobin,7.7,g/dL,12,17.5,L,STAT,2025-11-03 10:11,2025-11-03 10:44,2025-11-03 11:10
LAB747033,ENC119836,PT13677,BUN,Blood Urea Nitrogen,11,mg/dL,7,20,N,STAT,2025-11-03 10:41,2025-11-03 11:01,2025-11-03 11:55
LAB747034,ENC119836,PT13677,PLT,Platelet Count,298,K/uL,150,400,N,Routine,2025-11-03 10:27,2025-11-03 10:45,2025-11-03 13:42
LAB747035,ENC119836,PT13677,LACT,Lactate,3.5,mmol/L,0.5,2,H,STAT,2025-11-03 10:21,2025-11-03 10:34,2025-11-03 11:08
LAB747036,ENC119836,PT13677,INR,Prothrombin Time INR,1,ratio,0.8,1.2,N,STAT,2025-11-03 09:38,2025-11-03 09:55,2025-11-03 10:29
LAB747037,ENC119839,PT11666,GLU,Glucose,102,mg/dL,70,99,H,Routine,2025-11-03 13:20,2025-11-03 13:33,2025-11-03 16:54
LAB747038,ENC119839,PT11666,CREAT,Creatinine,1.04,mg/dL,0.6,1.3,N,STAT,2025-11-03 14:03,2025-11-03 14:08,2025-11-03 14:39
LAB747039,ENC119839,PT11666,WBC,White Blood Cell Count,8.5,K/uL,4.5,11,N,Routine,2025-11-03 13:30,2025-11-03 14:02,2025-11-03 16:21
LAB747040,ENC119839,PT11666,HGB,Hemoglobin,12.1,g/dL,12,17.5,N,STAT,2025-11-03 13:20,2025-11-03 13:34,2025-11-03 15:01
LAB747041,ENC119845,PT12938,GLU,Glucose,241,mg/dL,70,99,H,Routine,2025-11-03 11:03,2025-11-03 11:29,2025-11-03 14:11
LAB747042,ENC119845,PT12938,CREAT,Creatinine,0.96,mg/dL,0.6,1.3,N,STAT,2025-11-03 10:53,2025-11-03 11:12,2025-11-03 11:55
LAB747043,ENC119845,PT12938,A1C,Hemoglobin A1c,5.4,%,4,5.6,N,STAT,2025-11-03 10:11,2025-11-03 10:29,2025-11-03 11:41
LAB747044,ENC119847,PT11016,LDL,LDL Cholesterol,85,mg/dL,0,99,N,Routine,2025-11-03 11:12,2025-11-03 11:22,2025-11-04 07:09
LAB747045,ENC119849,PT11592,GLU,Glucose,107,mg/dL,70,99,H,STAT,2025-11-03 14:45,2025-11-03 14:57,2025-11-03 15:28
LAB747046,ENC119849,PT11592,CREAT,Creatinine,0.83,mg/dL,0.6,1.3,N,Routine,2025-11-03 15:04,2025-11-03 15:23,2025-11-03 17:48
LAB747047,ENC119849,PT11592,WBC,White Blood Cell Count,6.8,K/uL,4.5,11,N,STAT,2025-11-03 15:07,2025-11-03 15:11,2025-11-03 16:20
LAB747048,ENC119849,PT11592,HGB,Hemoglobin,14,g/dL,12,17.5,N,Routine,2025-11-03 14:29,2025-11-03 14:34,2025-11-03 15:59
LAB747049,ENC119849,PT11592,TROP,"Troponin I, High Sensitivity",8,ng/L,0,34,N,STAT,2025-11-03 15:25,2025-11-03 15:54,2025-11-03 17:29
LAB747050,ENC119851,PT10651,WBC,White Blood Cell Count,9.3,K/uL,4.5,11,N,Routine,2025-11-03 11:22,2025-11-03 11:43,2025-11-03 15:58
LAB747051,ENC119851,PT10651,HGB,Hemoglobin,16.4,g/dL,12,17.5,N,Routine,2025-11-03 11:39,2025-11-03 11:52,2025-11-03 14:14
LAB747052,ENC119851,PT10651,PLT,Platelet Count,241,K/uL,150,400,N,Routine,2025-11-03 11:29,2025-11-03 11:45,2025-11-03 14:51
LAB747053,ENC119852,PT10029,WBC,White Blood Cell Count,8.1,K/uL,4.5,11,N,Routine,2025-11-03 12:39,2025-11-03 12:48,2025-11-03 19:01
LAB747054,ENC119852,PT10029,HGB,Hemoglobin,15.9,g/dL,12,17.5,N,Routine,2025-11-03 12:23,2025-11-03 12:42,2025-11-03 13:34
LAB747055,ENC119852,PT10029,PLT,Platelet Count,225,K/uL,150,400,N,Routine,2025-11-03 12:30,2025-11-03 13:02,2025-11-03 16:18
LAB747056,ENC119853,PT11146,GLU,Glucose,116,mg/dL,70,99,H,STAT,2025-11-03 16:15,2025-11-03 16:32,2025-11-03 18:00
LAB747057,ENC119853,PT11146,CREAT,Creatinine,1.48,mg/dL,0.6,1.3,H,STAT,2025-11-03 16:46,2025-11-03 17:00,2025-11-03 17:50
LAB747058,ENC119853,PT11146,WBC,White Blood Cell Count,14.8,K/uL,4.5,11,H,Routine,2025-11-03 16:50,2025-11-03 17:02,2025-11-03 19:33
LAB747059,ENC119853,PT11146,HGB,Hemoglobin,15.1,g/dL,12,17.5,N,Routine,2025-11-03 16:49,2025-11-03 17:05,2025-11-03 20:32
LAB747060,ENC119853,PT11146,LACT,Lactate,2.3,mmol/L,0.5,2,H,STAT,2025-11-03 16:30,2025-11-03 16:55,2025-11-03 17:17
LAB747061,ENC119857,PT11647,A1C,Hemoglobin A1c,4.5,%,4,5.6,N,Routine,2025-11-03 14:26,2025-11-03 14:34,2025-11-04 04:09
LAB747062,ENC119857,PT11647,GLU,Glucose,142,mg/dL,70,99,H,Routine,2025-11-03 14:26,2025-11-03 14:40,2025-11-03 19:08
LAB747063,ENC119857,PT11647,CREAT,Creatinine,0.92,mg/dL,0.6,1.3,N,Routine,2025-11-03 14:25,2025-11-03 14:44,2025-11-03 19:03
LAB747064,ENC119861,PT12621,GLU,Glucose,126,mg/dL,70,99,H,STAT,2025-11-03 18:24,2025-11-03 18:52,2025-11-03 20:07
LAB747065,ENC119861,PT12621,CREAT,Creatinine,0.62,mg/dL,0.6,1.3,N,Routine,2025-11-03 18:48,2025-11-03 18:53,2025-11-03 20:14
LAB747066,ENC119861,PT12621,WBC,White Blood Cell Count,6,K/uL,4.5,11,N,STAT,2025-11-03 19:00,2025-11-03 19:24,2025-11-03 20:55
LAB747067,ENC119861,PT12621,HGB,Hemoglobin,13.1,g/dL,12,17.5,N,Routine,2025-11-03 18:10,2025-11-03 18:28,2025-11-03 20:39
LAB747068,ENC119862,PT10285,GLU,Glucose,115,mg/dL,70,99,H,STAT,2025-11-03 20:42,2025-11-03 20:53,2025-11-03 21:58
LAB747069,ENC119862,PT10285,CREAT,Creatinine,3.27,mg/dL,0.6,1.3,H,STAT,2025-11-03 20:22,2025-11-03 20:32,2025-11-03 21:12
LAB747070,ENC119862,PT10285,WBC,White Blood Cell Count,6.3,K/uL,4.5,11,N,STAT,2025-11-03 20:20,2025-11-03 20:47,2025-11-03 21:39
LAB747071,ENC119862,PT10285,HGB,Hemoglobin,11.1,g/dL,12,17.5,L,STAT,2025-11-03 20:42,2025-11-03 20:58,2025-11-03 21:24
LAB747072,ENC119862,PT10285,NA,Sodium,135,mmol/L,136,145,L,STAT,2025-11-03 20:27,2025-11-03 20:55,2025-11-03 21:42
LAB747073,ENC119862,PT10285,K,Potassium,4.5,mmol/L,3.5,5.1,N,STAT,2025-11-03 19:42,2025-11-03 19:50,2025-11-03 21:13
LAB747074,ENC119863,PT12419,GLU,Glucose,94,mg/dL,70,99,N,STAT,2025-11-03 18:15,2025-11-03 18:21,2025-11-03 19:45
LAB747075,ENC119863,PT12419,CREAT,Creatinine,1.12,mg/dL,0.6,1.3,N,STAT,2025-11-03 19:07,2025-11-03 19:12,2025-11-03 20:15
LAB747076,ENC119863,PT12419,WBC,White Blood Cell Count,16.5,K/uL,4.5,11,H,STAT,2025-11-03 18:59,2025-11-03 19:19,2025-11-03 20:04
LAB747077,ENC119863,PT12419,HGB,Hemoglobin,15.1,g/dL,12,17.5,N,STAT,2025-11-03 19:13,2025-11-03 19:18,2025-11-03 19:57
LAB747078,ENC119864,PT10761,WBC,White Blood Cell Count,6,K/uL,4.5,11,N,Routine,2025-11-03 16:28,2025-11-03 16:48,2025-11-03 19:00
LAB747079,ENC119864,PT10761,HGB,Hemoglobin,11.7,g/dL,12,17.5,L,Routine,2025-11-03 16:26,2025-11-03 16:48,2025-11-03 19:20
LAB747080,ENC119864,PT10761,PLT,Platelet Count,294,K/uL,150,400,N,Routine,2025-11-03 16:19,2025-11-03 16:30,2025-11-03 18:12
LAB747081,ENC119868,PT12735,GLU,Glucose,237,mg/dL,70,99,H,STAT,2025-11-03 20:46,2025-11-03 21:21,2025-11-03 21:54
LAB747082,ENC119868,PT12735,CREAT,Creatinine,0.92,mg/dL,0.6,1.3,N,Routine,2025-11-03 21:02,2025-11-03 21:32,2025-11-04 01:39
LAB747083,ENC119868,PT12735,WBC,White Blood Cell Count,4.5,K/uL,4.5,11,N,STAT,2025-11-03 21:04,2025-11-03 21:32,2025-11-03 22:20
LAB747084,ENC119868,PT12735,HGB,Hemoglobin,11.9,g/dL,12,17.5,L,STAT,2025-11-03 21:30,2025-11-03 21:48,2025-11-03 22:49
LAB747085,ENC119868,PT12735,NA,Sodium,142,mmol/L,136,145,N,STAT,2025-11-03 21:10,2025-11-03 21:27,2025-11-03 22:39
LAB747086,ENC119868,PT12735,K,Potassium,3.9,mmol/L,3.5,5.1,N,STAT,2025-11-03 21:11,2025-11-03 21:34,2025-11-03 22:36
LAB747087,ENC119871,PT13993,GLU,Glucose,259,mg/dL,70,99,H,Routine,2025-11-03 22:20,2025-11-03 22:47,2025-11-04 05:25
LAB747088,ENC119871,PT13993,CREAT,Creatinine,1.11,mg/dL,0.6,1.3,N,Routine,2025-11-03 22:29,2025-11-03 22:38,2025-11-04 02:04
LAB747089,ENC119871,PT13993,WBC,White Blood Cell Count,8.1,K/uL,4.5,11,N,Routine,2025-11-03 22:09,2025-11-03 22:42,2025-11-03 23:22
LAB747090,ENC119873,PT12929,GLU,Glucose,102,mg/dL,70,99,H,STAT,2025-11-04 02:26,2025-11-04 02:30,2025-11-04 03:00
LAB747091,ENC119873,PT12929,CREAT,Creatinine,0.72,mg/dL,0.6,1.3,N,STAT,2025-11-04 02:50,2025-11-04 02:54,2025-11-04 03:46
LAB747092,ENC119874,PT10495,GLU,Glucose,78,mg/dL,70,99,N,STAT,2025-11-04 04:39,2025-11-04 05:03,2025-11-04 05:52
LAB747093,ENC119874,PT10495,CREAT,Creatinine,1.5,mg/dL,0.6,1.3,H,STAT,2025-11-04 04:16,2025-11-04 04:33,2025-11-04 05:05
LAB747094,ENC119874,PT10495,WBC,White Blood Cell Count,14.3,K/uL,4.5,11,H,Routine,2025-11-04 05:09,2025-11-04 05:32,2025-11-04 10:11
LAB747095,ENC119874,PT10495,HGB,Hemoglobin,12.1,g/dL,12,17.5,N,Routine,2025-11-04 04:31,2025-11-04 05:02,2025-11-04 08:07
LAB747096,ENC119874,PT10495,BUN,Blood Urea Nitrogen,18,mg/dL,7,20,N,Routine,2025-11-04 05:14,2025-11-04 05:47,2025-11-04 07:50
LAB747097,ENC119874,PT10495,PLT,Platelet Count,241,K/uL,150,400,N,STAT,2025-11-04 05:04,2025-11-04 05:23,2025-11-04 06:19
LAB747098,ENC119875,PT13087,GLU,Glucose,206,mg/dL,70,99,H,STAT,2025-11-04 07:19,2025-11-04 07:50,2025-11-04 08:56
LAB747099,ENC119875,PT13087,CREAT,Creatinine,1.09,mg/dL,0.6,1.3,N,Routine,2025-11-04 07:50,2025-11-04 08:22,2025-11-04 09:51
LAB747100,ENC119875,PT13087,WBC,White Blood Cell Count,6.9,K/uL,4.5,11,N,STAT,2025-11-04 07:59,2025-11-04 08:27,2025-11-04 09:39
LAB747101,ENC119875,PT13087,HGB,Hemoglobin,12.1,g/dL,12,17.5,N,STAT,2025-11-04 07:11,2025-11-04 07:41,2025-11-04 08:11
LAB747102,ENC119876,PT11503,TROP,"Troponin I, High Sensitivity",5,ng/L,0,34,N,STAT,2025-11-04 07:55,2025-11-04 08:16,2025-11-04 09:06
LAB747103,ENC119878,PT10364,GLU,Glucose,177,mg/dL,70,99,H,STAT,2025-11-04 08:46,2025-11-04 08:55,2025-11-04 09:36
LAB747104,ENC119878,PT10364,CREAT,Creatinine,0.92,mg/dL,0.6,1.3,N,Routine,2025-11-04 08:40,2025-11-04 09:00,2025-11-04 13:13
LAB747105,ENC119878,PT10364,WBC,White Blood Cell Count,11.5,K/uL,4.5,11,H,Routine,2025-11-04 08:37,2025-11-04 09:11,2025-11-04 10:25
LAB747106,ENC119878,PT10364,HGB,Hemoglobin,11.5,g/dL,12,17.5,L,Routine,2025-11-04 09:10,2025-11-04 09:36,2025-11-04 13:32
LAB747107,ENC119880,PT10430,WBC,White Blood Cell Count,6.9,K/uL,4.5,11,N,Routine,2025-11-04 09:08,2025-11-04 09:33,2025-11-04 11:56
LAB747108,ENC119880,PT10430,HGB,Hemoglobin,16.8,g/dL,12,17.5,N,Routine,2025-11-04 09:14,2025-11-04 09:37,2025-11-04 12:23
LAB747109,ENC119880,PT10430,PLT,Platelet Count,217,K/uL,150,400,N,Routine,2025-11-04 08:58,2025-11-04 09:16,2025-11-04 12:17
LAB747110,ENC119881,PT11624,A1C,Hemoglobin A1c,10.4,%,4,5.6,H,Routine,2025-11-04 09:10,2025-11-04 09:16,2025-11-05 12:08
LAB747111,ENC119881,PT11624,GLU,Glucose,322,mg/dL,70,99,H,Routine,2025-11-04 09:10,2025-11-04 09:36,2025-11-04 14:03
LAB747112,ENC119881,PT11624,CREAT,Creatinine,1.02,mg/dL,0.6,1.3,N,Routine,2025-11-04 09:11,2025-11-04 09:32,2025-11-04 11:13
LAB747113,ENC119882,PT12888,A1C,Hemoglobin A1c,10.3,%,4,5.6,H,Routine,2025-11-04 09:55,2025-11-04 10:29,2025-11-04 19:33
LAB747114,ENC119882,PT12888,GLU,Glucose,278,mg/dL,70,99,H,Routine,2025-11-04 09:48,2025-11-04 10:17,2025-11-04 11:25
LAB747115,ENC119882,PT12888,CREAT,Creatinine,1.12,mg/dL,0.6,1.3,N,Routine,2025-11-04 09:38,2025-11-04 10:06,2025-11-04 11:59
LAB747116,ENC119883,PT13476,A1C,Hemoglobin A1c,8.9,%,4,5.6,H,Routine,2025-11-04 10:21,2025-11-04 10:56,2025-11-04 17:29
LAB747117,ENC119885,PT10075,A1C,Hemoglobin A1c,6.7,%,4,5.6,H,Routine,2025-11-04 11:01,2025-11-04 11:09,2025-11-04 21:12
LAB747118,ENC119885,PT10075,GLU,Glucose,149,mg/dL,70,99,H,Routine,2025-11-04 10:57,2025-11-04 11:06,2025-11-04 13:08
LAB747119,ENC119885,PT10075,CREAT,Creatinine,0.81,mg/dL,0.6,1.3,N,Routine,2025-11-04 10:55,2025-11-04 11:07,2025-11-04 13:51
LAB747120,ENC119886,PT13016,GLU,Glucose,139,mg/dL,70,99,H,Routine,2025-11-04 11:26,2025-11-04 11:38,2025-11-04 14:52
LAB747121,ENC119886,PT13016,CREAT,Creatinine,0.91,mg/dL,0.6,1.3,N,Routine,2025-11-04 12:04,2025-11-04 12:34,2025-11-04 14:19
LAB747122,ENC119886,PT13016,WBC,White Blood Cell Count,10,K/uL,4.5,11,N,Routine,2025-11-04 11:30,2025-11-04 11:56,2025-11-04 15:10
LAB747123,ENC119886,PT13016,HGB,Hemoglobin,14.2,g/dL,12,17.5,N,STAT,2025-11-04 11:32,2025-11-04 11:51,2025-11-04 12:12
LAB747124,ENC119889,PT13097,GLU,Glucose,93,mg/dL,70,99,N,Routine,2025-11-04 16:11,2025-11-04 16:21,2025-11-04 20:58
LAB747125,ENC119889,PT13097,CREAT,Creatinine,1.05,mg/dL,0.6,1.3,N,STAT,2025-11-04 16:33,2025-11-04 16:49,2025-11-04 17:20
LAB747126,ENC119889,PT13097,WBC,White Blood Cell Count,8.4,K/uL,4.5,11,N,Routine,2025-11-04 15:34,2025-11-04 16:03,2025-11-04 18:27
LAB747127,ENC119889,PT13097,HGB,Hemoglobin,9.9,g/dL,12,17.5,L,Routine,2025-11-04 16:35,2025-11-04 17:02,2025-11-04 20:17
LAB747128,ENC119890,PT10808,GLU,Glucose,109,mg/dL,70,99,H,STAT,2025-11-04 12:55,2025-11-04 13:03,2025-11-04 14:08
LAB747129,ENC119890,PT10808,CREAT,Creatinine,1.02,mg/dL,0.6,1.3,N,STAT,2025-11-04 13:16,2025-11-04 13:25,2025-11-04 14:26
LAB747130,ENC119891,PT13189,A1C,Hemoglobin A1c,9.5,%,4,5.6,H,Routine,2025-11-04 12:22,2025-11-04 12:42,2025-11-05 01:02
LAB747131,ENC119891,PT13189,GLU,Glucose,226,mg/dL,70,99,H,Routine,2025-11-04 12:22,2025-11-04 12:32,2025-11-04 15:27
LAB747132,ENC119891,PT13189,CREAT,Creatinine,0.79,mg/dL,0.6,1.3,N,Routine,2025-11-04 12:22,2025-11-04 12:46,2025-11-04 14:54
LAB747133,ENC119896,PT10978,GLU,Glucose,125,mg/dL,70,99,H,STAT,2025-11-04 14:14,2025-11-04 14:37,2025-11-04 15:21
LAB747134,ENC119896,PT10978,CREAT,Creatinine,0.96,mg/dL,0.6,1.3,N,STAT,2025-11-04 13:23,2025-11-04 13:35,2025-11-04 13:58
LAB747135,ENC119896,PT10978,WBC,White Blood Cell Count,14,K/uL,4.5,11,H,Routine,2025-11-04 13:22,2025-11-04 13:49,2025-11-04 16:51
LAB747136,ENC119896,PT10978,HGB,Hemoglobin,12.5,g/dL,12,17.5,N,STAT,2025-11-04 13:55,2025-11-04 14:25,2025-11-04 14:49
LAB747137,ENC119898,PT13890,GLU,Glucose,112,mg/dL,70,99,H,STAT,2025-11-04 13:56,2025-11-04 14:26,2025-11-04 15:01
LAB747138,ENC119898,PT13890,CREAT,Creatinine,1.01,mg/dL,0.6,1.3,N,Routine,2025-11-04 14:06,2025-11-04 14:24,2025-11-04 17:51
LAB747139,ENC119898,PT13890,WBC,White Blood Cell Count,6.2,K/uL,4.5,11,N,Routine,2025-11-04 14:15,2025-11-04 14:37,2025-11-04 17:05
LAB747140,ENC119900,PT13190,GLU,Glucose,83,mg/dL,70,99,N,Routine,2025-11-04 18:18,2025-11-04 18:38,2025-11-04 19:54
LAB747141,ENC119900,PT13190,CREAT,Creatinine,0.81,mg/dL,0.6,1.3,N,STAT,2025-11-04 18:33,2025-11-04 18:51,2025-11-04 19:41
LAB747142,ENC119900,PT13190,WBC,White Blood Cell Count,5.9,K/uL,4.5,11,N,STAT,2025-11-04 18:42,2025-11-04 18:49,2025-11-04 19:19
LAB747143,ENC119900,PT13190,HGB,Hemoglobin,12,g/dL,12,17.5,N,STAT,2025-11-04 18:24,2025-11-04 18:47,2025-11-04 19:27
LAB747144,ENC119901,PT13153,GLU,Glucose,125,mg/dL,70,99,H,Routine,2025-11-04 20:02,2025-11-04 20:36,2025-11-05 00:13
LAB747145,ENC119901,PT13153,CREAT,Creatinine,1.17,mg/dL,0.6,1.3,N,STAT,2025-11-04 19:32,2025-11-04 19:49,2025-11-04 21:35
LAB747146,ENC119901,PT13153,WBC,White Blood Cell Count,8.6,K/uL,4.5,11,N,STAT,2025-11-04 19:58,2025-11-04 20:16,2025-11-04 20:38
LAB747147,ENC119901,PT13153,HGB,Hemoglobin,13.3,g/dL,12,17.5,N,STAT,2025-11-04 19:50,2025-11-04 20:23,2025-11-04 21:14
LAB747148,ENC119903,PT11834,GLU,Glucose,137,mg/dL,70,99,H,STAT,2025-11-04 15:46,2025-11-04 16:16,2025-11-04 17:00
LAB747149,ENC119903,PT11834,CREAT,Creatinine,2.16,mg/dL,0.6,1.3,H,Routine,2025-11-04 16:27,2025-11-04 16:37,2025-11-04 19:13
LAB747150,ENC119903,PT11834,WBC,White Blood Cell Count,3,K/uL,4.5,11,L,STAT,2025-11-04 15:44,2025-11-04 16:12,2025-11-04 16:43
LAB747151,ENC119903,PT11834,HGB,Hemoglobin,16.7,g/dL,12,17.5,N,STAT,2025-11-04 16:03,2025-11-04 16:11,2025-11-04 17:00
LAB747152,ENC119903,PT11834,BUN,Blood Urea Nitrogen,16,mg/dL,7,20,N,STAT,2025-11-04 15:39,2025-11-04 15:55,2025-11-04 17:50
LAB747153,ENC119903,PT11834,PLT,Platelet Count,295,K/uL,150,400,N,STAT,2025-11-04 16:19,2025-11-04 16:23,2025-11-04 16:54
LAB747154,ENC119903,PT11834,LACT,Lactate,5.6,mmol/L,0.5,2,HH,STAT,2025-11-04 16:20,2025-11-04 16:32,2025-11-04 17:31
LAB747155,ENC119904,PT12390,A1C,Hemoglobin A1c,7,%,4,5.6,H,Routine,2025-11-04 15:50,2025-11-04 15:59,2025-11-05 06:15
LAB747156,ENC119904,PT12390,GLU,Glucose,85,mg/dL,70,99,N,Routine,2025-11-04 15:40,2025-11-04 16:07,2025-11-04 17:25
LAB747157,ENC119904,PT12390,CREAT,Creatinine,0.86,mg/dL,0.6,1.3,N,Routine,2025-11-04 15:44,2025-11-04 16:19,2025-11-04 18:46
LAB747158,ENC119909,PT12237,GLU,Glucose,114,mg/dL,70,99,H,STAT,2025-11-04 22:31,2025-11-04 22:41,2025-11-04 23:41
LAB747159,ENC119909,PT12237,CREAT,Creatinine,0.78,mg/dL,0.6,1.3,N,Routine,2025-11-04 22:01,2025-11-04 22:15,2025-11-05 00:49
LAB747160,ENC119909,PT12237,WBC,White Blood Cell Count,5.9,K/uL,4.5,11,N,Routine,2025-11-04 22:27,2025-11-04 22:41,2025-11-05 00:35
LAB747161,ENC119909,PT12237,HGB,Hemoglobin,10.7,g/dL,12,17.5,L,STAT,2025-11-04 22:23,2025-11-04 22:33,2025-11-04 23:10
LAB747162,ENC119909,PT12237,TROP,"Troponin I, High Sensitivity",6,ng/L,0,34,N,STAT,2025-11-04 21:50,2025-11-04 22:04,2025-11-04 22:34
LAB747163,ENC119911,PT11864,GLU,Glucose,76,mg/dL,70,99,N,STAT,2025-11-04 22:14,2025-11-04 22:25,2025-11-04 23:11
LAB747164,ENC119911,PT11864,CREAT,Creatinine,1.06,mg/dL,0.6,1.3,N,STAT,2025-11-04 21:56,2025-11-04 22:13,2025-11-04 23:03
LAB747165,ENC119911,PT11864,WBC,White Blood Cell Count,7,K/uL,4.5,11,N,STAT,2025-11-04 22:29,2025-11-04 22:53,2025-11-04 23:31
LAB747166,ENC119911,PT11864,TROP,"Troponin I, High Sensitivity",3,ng/L,0,34,N,STAT,2025-11-04 22:04,2025-11-04 22:12,2025-11-04 22:49
LAB747167,ENC119912,PT12898,GLU,Glucose,114,mg/dL,70,99,H,Routine,2025-11-05 02:03,2025-11-05 02:25,2025-11-05 07:10
LAB747168,ENC119912,PT12898,CREAT,Creatinine,0.93,mg/dL,0.6,1.3,N,Routine,2025-11-05 02:20,2025-11-05 02:34,2025-11-05 05:09
LAB747169,ENC119912,PT12898,WBC,White Blood Cell Count,7,K/uL,4.5,11,N,STAT,2025-11-05 02:13,2025-11-05 02:33,2025-11-05 03:34
LAB747170,ENC119912,PT12898,HGB,Hemoglobin,12.9,g/dL,12,17.5,N,STAT,2025-11-05 02:01,2025-11-05 02:21,2025-11-05 03:09
LAB747171,ENC119914,PT10642,GLU,Glucose,103,mg/dL,70,99,H,STAT,2025-11-05 05:24,2025-11-05 05:36,2025-11-05 06:03
LAB747172,ENC119914,PT10642,CREAT,Creatinine,0.7,mg/dL,0.6,1.3,N,STAT,2025-11-05 05:30,2025-11-05 05:45,2025-11-05 06:41
LAB747173,ENC119914,PT10642,WBC,White Blood Cell Count,12.8,K/uL,4.5,11,H,STAT,2025-11-05 05:50,2025-11-05 06:16,2025-11-05 06:43
LAB747174,ENC119914,PT10642,HGB,Hemoglobin,11.1,g/dL,12,17.5,L,Routine,2025-11-05 05:19,2025-11-05 05:41,2025-11-05 08:05
LAB747175,ENC119915,PT12481,GLU,Glucose,111,mg/dL,70,99,H,STAT,2025-11-05 04:02,2025-11-05 04:33,2025-11-05 06:00
LAB747176,ENC119915,PT12481,CREAT,Creatinine,0.9,mg/dL,0.6,1.3,N,Routine,2025-11-05 03:37,2025-11-05 04:00,2025-11-05 08:50
LAB747177,ENC119915,PT12481,WBC,White Blood Cell Count,9.1,K/uL,4.5,11,N,STAT,2025-11-05 03:08,2025-11-05 03:15,2025-11-05 04:22
LAB747178,ENC119915,PT12481,HGB,Hemoglobin,13.9,g/dL,12,17.5,N,STAT,2025-11-05 03:27,2025-11-05 03:47,2025-11-05 04:45
LAB747179,ENC119916,PT12473,GLU,Glucose,134,mg/dL,70,99,H,STAT,2025-11-05 05:17,2025-11-05 05:25,2025-11-05 05:55
LAB747180,ENC119916,PT12473,CREAT,Creatinine,0.92,mg/dL,0.6,1.3,N,STAT,2025-11-05 04:29,2025-11-05 04:58,2025-11-05 05:49
LAB747181,ENC119916,PT12473,WBC,White Blood Cell Count,8.5,K/uL,4.5,11,N,STAT,2025-11-05 05:22,2025-11-05 05:53,2025-11-05 06:53
LAB747182,ENC119916,PT12473,HGB,Hemoglobin,11.5,g/dL,12,17.5,L,Routine,2025-11-05 05:12,2025-11-05 05:39,2025-11-05 10:07
LAB747183,ENC119917,PT12986,GLU,Glucose,62,mg/dL,70,99,L,STAT,2025-11-05 07:14,2025-11-05 07:44,2025-11-05 08:12
LAB747184,ENC119917,PT12986,CREAT,Creatinine,0.89,mg/dL,0.6,1.3,N,STAT,2025-11-05 06:25,2025-11-05 06:33,2025-11-05 07:03
LAB747185,ENC119917,PT12986,TROP,"Troponin I, High Sensitivity",2,ng/L,0,34,N,STAT,2025-11-05 06:35,2025-11-05 06:58,2025-11-05 08:49
LAB747186,ENC119917,PT12986,BNP,B-Type Natriuretic Peptide,757,pg/mL,0,100,H,Routine,2025-11-05 06:30,2025-11-05 07:02,2025-11-05 13:29
LAB747187,ENC119919,PT11963,GLU,Glucose,100,mg/dL,70,99,H,STAT,2025-11-05 12:13,2025-11-05 12:24,2025-11-05 13:02
LAB747188,ENC119919,PT11963,CREAT,Creatinine,2.41,mg/dL,0.6,1.3,H,Routine,2025-11-05 12:20,2025-11-05 12:54,2025-11-05 19:04
LAB747189,ENC119919,PT11963,WBC,White Blood Cell Count,6.7,K/uL,4.5,11,N,Routine,2025-11-05 12:49,2025-11-05 13:07,2025-11-05 15:36
LAB747190,ENC119919,PT11963,HGB,Hemoglobin,6.3,g/dL,12,17.5,LL,STAT,2025-11-05 11:57,2025-11-05 12:01,2025-11-05 12:39
LAB747191,ENC119919,PT11963,NA,Sodium,142,mmol/L,136,145,N,STAT,2025-11-05 11:58,2025-11-05 12:11,2025-11-05 13:19
LAB747192,ENC119919,PT11963,K,Potassium,4,mmol/L,3.5,5.1,N,STAT,2025-11-05 12:34,2025-11-05 12:44,2025-11-05 13:10
LAB747193,ENC119919,PT11963,INR,Prothrombin Time INR,1,ratio,0.8,1.2,N,STAT,2025-11-05 11:58,2025-11-05 12:10,2025-11-05 12:37
LAB747194,ENC119920,PT10223,GLU,Glucose,144,mg/dL,70,99,H,Routine,2025-11-05 09:00,2025-11-05 09:20,2025-11-05 12:42
LAB747195,ENC119920,PT10223,CREAT,Creatinine,1.54,mg/dL,0.6,1.3,H,Routine,2025-11-05 08:53,2025-11-05 09:14,2025-11-05 10:49
LAB747196,ENC119920,PT10223,WBC,White Blood Cell Count,16.3,K/uL,4.5,11,H,STAT,2025-11-05 09:00,2025-11-05 09:24,2025-11-05 10:05
LAB747197,ENC119920,PT10223,HGB,Hemoglobin,15.5,g/dL,12,17.5,N,Routine,2025-11-05 09:07,2025-11-05 09:22,2025-11-05 12:40
LAB747198,ENC119920,PT10223,LACT,Lactate,1.9,mmol/L,0.5,2,N,STAT,2025-11-05 09:34,2025-11-05 10:05,2025-11-05 10:41
LAB747199,ENC119926,PT13586,GLU,Glucose,116,mg/dL,70,99,H,Routine,2025-11-05 13:51,2025-11-05 14:11,2025-11-05 16:24
LAB747200,ENC119926,PT13586,CREAT,Creatinine,2.14,mg/dL,0.6,1.3,H,STAT,2025-11-05 14:10,2025-11-05 14:31,2025-11-05 17:00
LAB747201,ENC119926,PT13586,WBC,White Blood Cell Count,8.2,K/uL,4.5,11,N,STAT,2025-11-05 14:29,2025-11-05 14:48,2025-11-05 15:24
LAB747202,ENC119926,PT13586,HGB,Hemoglobin,8.8,g/dL,12,17.5,L,STAT,2025-11-05 14:43,2025-11-05 15:12,2025-11-05 15:41
LAB747203,ENC119927,PT10866,GLU,Glucose,106,mg/dL,70,99,H,STAT,2025-11-05 10:40,2025-11-05 11:12,2025-11-05 11:32
LAB747204,ENC119927,PT10866,CREAT,Creatinine,0.89,mg/dL,0.6,1.3,N,Routine,2025-11-05 10:28,2025-11-05 10:46,2025-11-05 18:33
LAB747205,ENC119927,PT10866,WBC,White Blood Cell Count,11.3,K/uL,4.5,11,H,STAT,2025-11-05 10:35,2025-11-05 10:54,2025-11-05 11:18
LAB747206,ENC119927,PT10866,TROP,"Troponin I, High Sensitivity",4,ng/L,0,34,N,STAT,2025-11-05 10:26,2025-11-05 10:50,2025-11-05 11:15
LAB747207,ENC119928,PT10961,GLU,Glucose,153,mg/dL,70,99,H,STAT,2025-11-05 10:50,2025-11-05 11:22,2025-11-05 11:45
LAB747208,ENC119928,PT10961,CREAT,Creatinine,0.46,mg/dL,0.6,1.3,L,Routine,2025-11-05 11:39,2025-11-05 12:13,2025-11-05 14:18
LAB747209,ENC119928,PT10961,WBC,White Blood Cell Count,7.3,K/uL,4.5,11,N,Routine,2025-11-05 11:38,2025-11-05 12:12,2025-11-05 16:38
LAB747210,ENC119929,PT12852,GLU,Glucose,95,mg/dL,70,99,N,Routine,2025-11-05 12:06,2025-11-05 12:20,2025-11-05 14:01
LAB747211,ENC119929,PT12852,CREAT,Creatinine,0.97,mg/dL,0.6,1.3,N,Routine,2025-11-05 11:22,2025-11-05 11:40,2025-11-05 14:23
LAB747212,ENC119929,PT12852,WBC,White Blood Cell Count,10.8,K/uL,4.5,11,N,STAT,2025-11-05 12:02,2025-11-05 12:21,2025-11-05 13:13
LAB747213,ENC119929,PT12852,HGB,Hemoglobin,12.6,g/dL,12,17.5,N,Routine,2025-11-05 12:02,2025-11-05 12:17,2025-11-05 13:33
LAB747214,ENC119931,PT12607,WBC,White Blood Cell Count,9.9,K/uL,4.5,11,N,Routine,2025-11-05 12:37,2025-11-05 12:51,2025-11-05 18:29
LAB747215,ENC119931,PT12607,HGB,Hemoglobin,15.2,g/dL,12,17.5,N,Routine,2025-11-05 12:41,2025-11-05 12:46,2025-11-05 18:50
LAB747216,ENC119931,PT12607,PLT,Platelet Count,287,K/uL,150,400,N,Routine,2025-11-05 12:38,2025-11-05 13:03,2025-11-05 18:20
LAB747217,ENC119934,PT10096,WBC,White Blood Cell Count,3.7,K/uL,4.5,11,L,Routine,2025-11-05 12:59,2025-11-05 13:34,2025-11-05 16:53
LAB747218,ENC119934,PT10096,HGB,Hemoglobin,10.4,g/dL,12,17.5,L,Routine,2025-11-05 13:06,2025-11-05 13:10,2025-11-05 15:32
LAB747219,ENC119934,PT10096,PLT,Platelet Count,235,K/uL,150,400,N,Routine,2025-11-05 13:04,2025-11-05 13:30,2025-11-05 18:44
LAB747220,ENC119935,PT12199,GLU,Glucose,102,mg/dL,70,99,H,STAT,2025-11-05 16:39,2025-11-05 17:02,2025-11-05 18:18
LAB747221,ENC119935,PT12199,CREAT,Creatinine,1.24,mg/dL,0.6,1.3,N,STAT,2025-11-05 16:22,2025-11-05 16:30,2025-11-05 17:04
LAB747222,ENC119935,PT12199,WBC,White Blood Cell Count,4.4,K/uL,4.5,11,L,STAT,2025-11-05 16:59,2025-11-05 17:14,2025-11-05 17:56
LAB747223,ENC119935,PT12199,HGB,Hemoglobin,14.3,g/dL,12,17.5,N,STAT,2025-11-05 16:40,2025-11-05 17:05,2025-11-05 17:51
LAB747224,ENC119938,PT11055,GLU,Glucose,91,mg/dL,70,99,N,STAT,2025-11-05 13:51,2025-11-05 13:57,2025-11-05 14:39
LAB747225,ENC119938,PT11055,CREAT,Creatinine,2.98,mg/dL,0.6,1.3,H,Routine,2025-11-05 13:34,2025-11-05 13:44,2025-11-05 16:01
LAB747226,ENC119938,PT11055,WBC,White Blood Cell Count,18.7,K/uL,4.5,11,H,Routine,2025-11-05 14:23,2025-11-05 14:47,2025-11-05 17:22
LAB747227,ENC119938,PT11055,HGB,Hemoglobin,10.7,g/dL,12,17.5,L,Routine,2025-11-05 13:36,2025-11-05 14:07,2025-11-05 16:16
LAB747228,ENC119939,PT11289,LDL,LDL Cholesterol,123,mg/dL,0,99,H,Routine,2025-11-05 14:00,2025-11-05 14:28,2025-11-06 06:25
LAB747229,ENC119941,PT11314,LDL,LDL Cholesterol,155,mg/dL,0,99,H,Routine,2025-11-05 14:23,2025-11-05 14:41,2025-11-06 08:27
LAB747230,ENC119941,PT11314,TSH,Thyroid Stimulating Hormone,1.32,mIU/L,0.4,4,N,Routine,2025-11-05 14:19,2025-11-05 14:48,2025-11-06 13:39
LAB747231,ENC119942,PT11143,LDL,LDL Cholesterol,145,mg/dL,0,99,H,Routine,2025-11-05 14:19,2025-11-05 14:36,2025-11-06 01:29
LAB747232,ENC119942,PT11143,TSH,Thyroid Stimulating Hormone,1.54,mIU/L,0.4,4,N,Routine,2025-11-05 14:25,2025-11-05 14:29,2025-11-06 06:54
LAB747233,ENC119943,PT12726,LDL,LDL Cholesterol,134,mg/dL,0,99,H,Routine,2025-11-05 15:09,2025-11-05 15:15,2025-11-06 01:38
LAB747234,ENC119943,PT12726,A1C,Hemoglobin A1c,7.7,%,4,5.6,H,Routine,2025-11-05 15:10,2025-11-05 15:33,2025-11-07 00:31
LAB747235,ENC119943,PT12726,TSH,Thyroid Stimulating Hormone,0.94,mIU/L,0.4,4,N,Routine,2025-11-05 15:05,2025-11-05 15:40,2025-11-06 01:59
LAB747236,ENC119944,PT10786,GLU,Glucose,139,mg/dL,70,99,H,STAT,2025-11-05 15:50,2025-11-05 16:02,2025-11-05 17:18
LAB747237,ENC119944,PT10786,CREAT,Creatinine,0.74,mg/dL,0.6,1.3,N,Routine,2025-11-05 15:39,2025-11-05 15:54,2025-11-05 18:27
LAB747238,ENC119945,PT13123,GLU,Glucose,66,mg/dL,70,99,L,STAT,2025-11-05 16:19,2025-11-05 16:24,2025-11-05 17:18
LAB747239,ENC119945,PT13123,CREAT,Creatinine,1,mg/dL,0.6,1.3,N,Routine,2025-11-05 15:24,2025-11-05 15:49,2025-11-05 18:52
LAB747240,ENC119945,PT13123,WBC,White Blood Cell Count,8.1,K/uL,4.5,11,N,STAT,2025-11-05 15:33,2025-11-05 15:49,2025-11-05 16:20
LAB747241,ENC119945,PT13123,HGB,Hemoglobin,10.2,g/dL,12,17.5,L,STAT,2025-11-05 15:31,2025-11-05 16:06,2025-11-05 17:21
LAB747242,ENC119945,PT13123,NA,Sodium,143,mmol/L,136,145,N,Routine,2025-11-05 15:50,2025-11-05 16:07,2025-11-05 20:36
LAB747243,ENC119945,PT13123,K,Potassium,4.4,mmol/L,3.5,5.1,N,STAT,2025-11-05 15:23,2025-11-05 15:29,2025-11-05 16:17
LAB747244,ENC119949,PT13041,WBC,White Blood Cell Count,12.7,K/uL,4.5,11,H,Routine,2025-11-05 15:50,2025-11-05 16:00,2025-11-05 17:30
LAB747245,ENC119949,PT13041,HGB,Hemoglobin,14.1,g/dL,12,17.5,N,Routine,2025-11-05 15:55,2025-11-05 16:22,2025-11-05 18:57
LAB747246,ENC119949,PT13041,PLT,Platelet Count,376,K/uL,150,400,N,Routine,2025-11-05 15:36,2025-11-05 15:54,2025-11-05 19:34
LAB747247,ENC119950,PT12865,WBC,White Blood Cell Count,8.7,K/uL,4.5,11,N,Routine,2025-11-05 16:25,2025-11-05 16:49,2025-11-05 19:20
LAB747248,ENC119950,PT12865,HGB,Hemoglobin,15.1,g/dL,12,17.5,N,Routine,2025-11-05 16:23,2025-11-05 16:49,2025-11-05 21:51
LAB747249,ENC119950,PT12865,PLT,Platelet Count,197,K/uL,150,400,N,Routine,2025-11-05 16:11,2025-11-05 16:26,2025-11-05 20:19
LAB747250,ENC119951,PT11008,GLU,Glucose,112,mg/dL,70,99,H,STAT,2025-11-05 16:22,2025-11-05 16:50,2025-11-05 17:21
LAB747251,ENC119951,PT11008,CREAT,Creatinine,1.04,mg/dL,0.6,1.3,N,Routine,2025-11-05 16:48,2025-11-05 16:52,2025-11-05 18:46
LAB747252,ENC119951,PT11008,WBC,White Blood Cell Count,7.5,K/uL,4.5,11,N,Routine,2025-11-05 16:54,2025-11-05 17:08,2025-11-05 19:00
LAB747253,ENC119951,PT11008,HGB,Hemoglobin,14,g/dL,12,17.5,N,STAT,2025-11-05 16:37,2025-11-05 16:54,2025-11-05 17:51
LAB747254,ENC119951,PT11008,NA,Sodium,137,mmol/L,136,145,N,STAT,2025-11-05 16:15,2025-11-05 16:31,2025-11-05 17:13
LAB747255,ENC119951,PT11008,K,Potassium,4.5,mmol/L,3.5,5.1,N,STAT,2025-11-05 16:28,2025-11-05 16:56,2025-11-05 17:53
LAB747256,ENC119953,PT13156,GLU,Glucose,101,mg/dL,70,99,H,Routine,2025-11-05 18:59,2025-11-05 19:25,2025-11-05 22:12
LAB747257,ENC119953,PT13156,CREAT,Creatinine,1.19,mg/dL,0.6,1.3,N,STAT,2025-11-05 18:46,2025-11-05 18:58,2025-11-05 19:53
LAB747258,ENC119953,PT13156,WBC,White Blood Cell Count,8.9,K/uL,4.5,11,N,STAT,2025-11-05 18:37,2025-11-05 18:45,2025-11-05 19:21
LAB747259,ENC119953,PT13156,HGB,Hemoglobin,12.9,g/dL,12,17.5,N,STAT,2025-11-05 18:36,2025-11-05 18:50,2025-11-05 19:57
LAB747260,ENC119953,PT13156,NA,Sodium,140,mmol/L,136,145,N,STAT,2025-11-05 18:51,2025-11-05 19:13,2025-11-05 20:54
LAB747261,ENC119953,PT13156,K,Potassium,4.1,mmol/L,3.5,5.1,N,STAT,2025-11-05 19:05,2025-11-05 19:28,2025-11-05 20:02
LAB747262,ENC119955,PT13694,GLU,Glucose,103,mg/dL,70,99,H,STAT,2025-11-05 23:30,2025-11-05 23:39,2025-11-06 00:08
LAB747263,ENC119955,PT13694,CREAT,Creatinine,1.34,mg/dL,0.6,1.3,H,Routine,2025-11-05 23:18,2025-11-05 23:46,2025-11-06 07:56
LAB747264,ENC119955,PT13694,WBC,White Blood Cell Count,9,K/uL,4.5,11,N,STAT,2025-11-05 22:46,2025-11-05 22:57,2025-11-05 23:58
LAB747265,ENC119955,PT13694,HGB,Hemoglobin,14.7,g/dL,12,17.5,N,STAT,2025-11-05 23:08,2025-11-05 23:32,2025-11-06 00:07
LAB747266,ENC119955,PT13694,NA,Sodium,139,mmol/L,136,145,N,STAT,2025-11-05 22:55,2025-11-05 23:16,2025-11-05 23:57
LAB747267,ENC119955,PT13694,K,Potassium,4.4,mmol/L,3.5,5.1,N,STAT,2025-11-05 22:50,2025-11-05 23:03,2025-11-05 23:56
LAB747268,ENC119955,PT13694,TROP,"Troponin I, High Sensitivity",60,ng/L,0,34,H,STAT,2025-11-05 23:12,2025-11-05 23:19,2025-11-05 23:46
LAB747269,ENC119955,PT13694,BNP,B-Type Natriuretic Peptide,1374,pg/mL,0,100,H,STAT,2025-11-05 22:56,2025-11-05 23:20,2025-11-05 23:47
LAB747270,ENC119956,PT10912,GLU,Glucose,139,mg/dL,70,99,H,STAT,2025-11-05 23:26,2025-11-05 23:55,2025-11-06 00:39
LAB747271,ENC119956,PT10912,CREAT,Creatinine,1.28,mg/dL,0.6,1.3,N,Routine,2025-11-05 22:54,2025-11-05 22:58,2025-11-06 02:11
LAB747272,ENC119956,PT10912,WBC,White Blood Cell Count,7.5,K/uL,4.5,11,N,STAT,2025-11-05 23:05,2025-11-05 23:39,2025-11-06 00:21
LAB747273,ENC119956,PT10912,HGB,Hemoglobin,14.7,g/dL,12,17.5,N,STAT,2025-11-05 23:39,2025-11-06 00:08,2025-11-06 00:41
LAB747274,ENC119956,PT10912,LACT,Lactate,2.2,mmol/L,0.5,2,H,STAT,2025-11-05 22:59,2025-11-05 23:19,2025-11-05 23:45
LAB747275,ENC119957,PT10331,GLU,Glucose,106,mg/dL,70,99,H,Routine,2025-11-05 22:24,2025-11-05 22:51,2025-11-06 07:03
LAB747276,ENC119957,PT10331,CREAT,Creatinine,1.11,mg/dL,0.6,1.3,N,Routine,2025-11-05 23:20,2025-11-05 23:35,2025-11-06 01:57
LAB747277,ENC119957,PT10331,WBC,White Blood Cell Count,8,K/uL,4.5,11,N,STAT,2025-11-05 22:48,2025-11-05 23:15,2025-11-05 23:51
LAB747278,ENC119957,PT10331,HGB,Hemoglobin,15.6,g/dL,12,17.5,N,STAT,2025-11-05 23:04,2025-11-05 23:13,2025-11-05 23:47
LAB747279,ENC119958,PT10397,GLU,Glucose,141,mg/dL,70,99,H,STAT,2025-11-05 21:09,2025-11-05 21:21,2025-11-05 22:13
LAB747280,ENC119958,PT10397,CREAT,Creatinine,1.01,mg/dL,0.6,1.3,N,STAT,2025-11-05 21:53,2025-11-05 22:04,2025-11-05 22:24
LAB747281,ENC119958,PT10397,WBC,White Blood Cell Count,7.3,K/uL,4.5,11,N,Routine,2025-11-05 21:49,2025-11-05 22:24,2025-11-06 00:52
LAB747282,ENC119958,PT10397,HGB,Hemoglobin,13.3,g/dL,12,17.5,N,Routine,2025-11-05 21:56,2025-11-05 22:03,2025-11-06 02:29
LAB747283,ENC119959,PT11381,GLU,Glucose,356,mg/dL,70,99,H,Routine,2025-11-05 21:31,2025-11-05 21:36,2025-11-06 01:36
LAB747284,ENC119959,PT11381,CREAT,Creatinine,0.95,mg/dL,0.6,1.3,N,STAT,2025-11-05 22:04,2025-11-05 22:25,2025-11-05 23:21
LAB747285,ENC119959,PT11381,WBC,White Blood Cell Count,6.4,K/uL,4.5,11,N,STAT,2025-11-05 21:25,2025-11-05 21:38,2025-11-05 22:32
LAB747286,ENC119959,PT11381,HGB,Hemoglobin,10.4,g/dL,12,17.5,L,STAT,2025-11-05 21:24,2025-11-05 21:50,2025-11-05 23:03
LAB747287,ENC119959,PT11381,A1C,Hemoglobin A1c,10.5,%,4,5.6,H,Routine,2025-11-05 22:25,2025-11-05 22:30,2025-11-06 17:49
LAB747288,ENC119968,PT10956,GLU,Glucose,219,mg/dL,70,99,H,STAT,2025-11-06 13:38,2025-11-06 13:57,2025-11-06 14:40
LAB747289,ENC119968,PT10956,CREAT,Creatinine,0.94,mg/dL,0.6,1.3,N,STAT,2025-11-06 13:29,2025-11-06 13:39,2025-11-06 14:21
LAB747290,ENC119968,PT10956,WBC,White Blood Cell Count,8,K/uL,4.5,11,N,Routine,2025-11-06 13:42,2025-11-06 13:54,2025-11-06 15:28
LAB747291,ENC119968,PT10956,HGB,Hemoglobin,12.4,g/dL,12,17.5,N,STAT,2025-11-06 13:57,2025-11-06 14:10,2025-11-06 14:36
LAB747292,ENC119971,PT12919,GLU,Glucose,126,mg/dL,70,99,H,Routine,2025-11-06 13:58,2025-11-06 14:13,2025-11-06 18:58
LAB747293,ENC119971,PT12919,CREAT,Creatinine,1.78,mg/dL,0.6,1.3,H,STAT,2025-11-06 14:57,2025-11-06 15:32,2025-11-06 15:59
LAB747294,ENC119971,PT12919,WBC,White Blood Cell Count,8.2,K/uL,4.5,11,N,Routine,2025-11-06 14:08,2025-11-06 14:18,2025-11-06 18:49
LAB747295,ENC119971,PT12919,HGB,Hemoglobin,11,g/dL,12,17.5,L,STAT,2025-11-06 14:49,2025-11-06 15:19,2025-11-06 15:57
LAB747296,ENC119971,PT12919,NA,Sodium,137,mmol/L,136,145,N,STAT,2025-11-06 14:41,2025-11-06 15:06,2025-11-06 15:41
LAB747297,ENC119971,PT12919,K,Potassium,4.5,mmol/L,3.5,5.1,N,STAT,2025-11-06 14:46,2025-11-06 14:55,2025-11-06 15:47
LAB747298,ENC119971,PT12919,TROP,"Troponin I, High Sensitivity",66,ng/L,0,34,H,STAT,2025-11-06 14:01,2025-11-06 14:22,2025-11-06 14:58
LAB747299,ENC119971,PT12919,BNP,B-Type Natriuretic Peptide,1663,pg/mL,0,100,H,Routine,2025-11-06 14:43,2025-11-06 14:51,2025-11-06 19:53
LAB747300,ENC119972,PT13582,GLU,Glucose,133,mg/dL,70,99,H,Routine,2025-11-06 14:07,2025-11-06 14:36,2025-11-06 16:30
LAB747301,ENC119972,PT13582,CREAT,Creatinine,1.22,mg/dL,0.6,1.3,N,STAT,2025-11-06 14:57,2025-11-06 15:10,2025-11-06 15:53
LAB747302,ENC119972,PT13582,WBC,White Blood Cell Count,8.8,K/uL,4.5,11,N,STAT,2025-11-06 14:54,2025-11-06 15:24,2025-11-06 16:13
LAB747303,ENC119972,PT13582,HGB,Hemoglobin,15.4,g/dL,12,17.5,N,STAT,2025-11-06 15:03,2025-11-06 15:34,2025-11-06 16:15
LAB747304,ENC119973,PT11456,GLU,Glucose,83,mg/dL,70,99,N,STAT,2025-11-06 15:37,2025-11-06 15:50,2025-11-06 16:08
LAB747305,ENC119973,PT11456,CREAT,Creatinine,0.82,mg/dL,0.6,1.3,N,STAT,2025-11-06 16:11,2025-11-06 16:24,2025-11-06 18:14
LAB747306,ENC119973,PT11456,WBC,White Blood Cell Count,8.8,K/uL,4.5,11,N,STAT,2025-11-06 16:43,2025-11-06 16:48,2025-11-06 17:20
LAB747307,ENC119973,PT11456,HGB,Hemoglobin,15.6,g/dL,12,17.5,N,Routine,2025-11-06 16:24,2025-11-06 16:41,2025-11-06 21:21
LAB747308,ENC119973,PT11456,BUN,Blood Urea Nitrogen,16,mg/dL,7,20,N,Routine,2025-11-06 16:39,2025-11-06 16:45,2025-11-06 19:52
LAB747309,ENC119973,PT11456,PLT,Platelet Count,183,K/uL,150,400,N,STAT,2025-11-06 15:48,2025-11-06 16:09,2025-11-06 16:55
LAB747310,ENC119974,PT11527,GLU,Glucose,76,mg/dL,70,99,N,Routine,2025-11-06 15:08,2025-11-06 15:37,2025-11-06 22:18
LAB747311,ENC119974,PT11527,CREAT,Creatinine,1.13,mg/dL,0.6,1.3,N,STAT,2025-11-06 14:55,2025-11-06 15:15,2025-11-06 16:03
LAB747312,ENC119974,PT11527,WBC,White Blood Cell Count,17.9,K/uL,4.5,11,H,Routine,2025-11-06 14:58,2025-11-06 15:05,2025-11-06 17:10
LAB747313,ENC119974,PT11527,HGB,Hemoglobin,14.4,g/dL,12,17.5,N,STAT,2025-11-06 15:18,2025-11-06 15:34,2025-11-06 16:21
LAB747314,ENC119978,PT12425,GLU,Glucose,103,mg/dL,70,99,H,STAT,2025-11-06 16:30,2025-11-06 16:51,2025-11-06 17:24
LAB747315,ENC119978,PT12425,CREAT,Creatinine,0.84,mg/dL,0.6,1.3,N,STAT,2025-11-06 16:10,2025-11-06 16:26,2025-11-06 17:02
LAB747316,ENC119978,PT12425,WBC,White Blood Cell Count,8.4,K/uL,4.5,11,N,STAT,2025-11-06 16:51,2025-11-06 17:15,2025-11-06 17:53
LAB747317,ENC119978,PT12425,HGB,Hemoglobin,13.1,g/dL,12,17.5,N,STAT,2025-11-06 16:19,2025-11-06 16:46,2025-11-06 17:19
LAB747318,ENC119980,PT11606,GLU,Glucose,86,mg/dL,70,99,N,Routine,2025-11-06 15:47,2025-11-06 16:06,2025-11-06 19:19
LAB747319,ENC119980,PT11606,CREAT,Creatinine,0.75,mg/dL,0.6,1.3,N,Routine,2025-11-06 15:30,2025-11-06 15:38,2025-11-06 21:57
LAB747320,ENC119980,PT11606,WBC,White Blood Cell Count,5.8,K/uL,4.5,11,N,STAT,2025-11-06 15:34,2025-11-06 16:03,2025-11-06 17:47
LAB747321,ENC119980,PT11606,HGB,Hemoglobin,15,g/dL,12,17.5,N,STAT,2025-11-06 15:57,2025-11-06 16:12,2025-11-06 17:59
LAB747322,ENC119980,PT11606,NA,Sodium,143,mmol/L,136,145,N,STAT,2025-11-06 16:13,2025-11-06 16:47,2025-11-06 17:28
LAB747323,ENC119980,PT11606,K,Potassium,4.2,mmol/L,3.5,5.1,N,STAT,2025-11-06 16:21,2025-11-06 16:28,2025-11-06 17:02
LAB747324,ENC119980,PT11606,TROP,"Troponin I, High Sensitivity",463,ng/L,0,34,H,STAT,2025-11-06 15:20,2025-11-06 15:47,2025-11-06 17:11
LAB747325,ENC119982,PT10554,GLU,Glucose,156,mg/dL,70,99,H,STAT,2025-11-06 16:18,2025-11-06 16:29,2025-11-06 16:56
LAB747326,ENC119982,PT10554,CREAT,Creatinine,1.22,mg/dL,0.6,1.3,N,STAT,2025-11-06 16:34,2025-11-06 17:06,2025-11-06 17:57
LAB747327,ENC119982,PT10554,WBC,White Blood Cell Count,10,K/uL,4.5,11,N,Routine,2025-11-06 16:01,2025-11-06 16:17,2025-11-06 20:05
LAB747328,ENC119982,PT10554,HGB,Hemoglobin,15,g/dL,12,17.5,N,STAT,2025-11-06 15:48,2025-11-06 15:59,2025-11-06 17:16
LAB747329,ENC119985,PT13654,GLU,Glucose,103,mg/dL,70,99,H,STAT,2025-11-06 22:16,2025-11-06 22:33,2025-11-06 23:29
LAB747330,ENC119985,PT13654,CREAT,Creatinine,0.9,mg/dL,0.6,1.3,N,STAT,2025-11-06 22:21,2025-11-06 22:50,2025-11-06 23:25
LAB747331,ENC119985,PT13654,WBC,White Blood Cell Count,13.7,K/uL,4.5,11,H,STAT,2025-11-06 22:03,2025-11-06 22:31,2025-11-06 23:24
LAB747332,ENC119985,PT13654,HGB,Hemoglobin,14.6,g/dL,12,17.5,N,STAT,2025-11-06 22:19,2025-11-06 22:54,2025-11-06 23:51
LAB747333,ENC119985,PT13654,NA,Sodium,142,mmol/L,136,145,N,STAT,2025-11-06 22:48,2025-11-06 22:59,2025-11-06 23:34
LAB747334,ENC119985,PT13654,K,Potassium,3.9,mmol/L,3.5,5.1,N,STAT,2025-11-06 22:00,2025-11-06 22:08,2025-11-06 23:38
LAB747335,ENC119987,PT10621,GLU,Glucose,96,mg/dL,70,99,N,STAT,2025-11-07 00:08,2025-11-07 00:26,2025-11-07 01:27
LAB747336,ENC119987,PT10621,CREAT,Creatinine,0.92,mg/dL,0.6,1.3,N,STAT,2025-11-06 23:44,2025-11-07 00:06,2025-11-07 00:49
LAB747337,ENC119987,PT10621,WBC,White Blood Cell Count,6.5,K/uL,4.5,11,N,STAT,2025-11-06 23:24,2025-11-06 23:28,2025-11-07 00:03
LAB747338,ENC119987,PT10621,HGB,Hemoglobin,15.6,g/dL,12,17.5,N,STAT,2025-11-07 00:09,2025-11-07 00:32,2025-11-07 01:09
LAB747339,ENC119989,PT11956,GLU,Glucose,109,mg/dL,70,99,H,Routine,2025-11-07 00:19,2025-11-07 00:44,2025-11-07 03:40
LAB747340,ENC119989,PT11956,CREAT,Creatinine,0.46,mg/dL,0.6,1.3,L,Routine,2025-11-07 00:42,2025-11-07 01:12,2025-11-07 03:52
LAB747341,ENC119989,PT11956,WBC,White Blood Cell Count,5.4,K/uL,4.5,11,N,STAT,2025-11-07 00:15,2025-11-07 00:22,2025-11-07 00:56
LAB747342,ENC119989,PT11956,HGB,Hemoglobin,13.2,g/dL,12,17.5,N,STAT,2025-11-07 00:13,2025-11-07 00:32,2025-11-07 01:19
LAB747343,ENC119989,PT11956,NA,Sodium,141,mmol/L,136,145,N,STAT,2025-11-07 00:50,2025-11-07 01:19,2025-11-07 02:26
LAB747344,ENC119989,PT11956,K,Potassium,3.8,mmol/L,3.5,5.1,N,STAT,2025-11-07 00:46,2025-11-07 00:57,2025-11-07 01:32
LAB747345,ENC119989,PT11956,TROP,"Troponin I, High Sensitivity",3,ng/L,0,34,N,STAT,2025-11-07 00:53,2025-11-07 01:06,2025-11-07 01:52
LAB747346,ENC119990,PT11423,GLU,Glucose,95,mg/dL,70,99,N,STAT,2025-11-07 02:19,2025-11-07 02:39,2025-11-07 03:30
LAB747347,ENC119990,PT11423,CREAT,Creatinine,1.06,mg/dL,0.6,1.3,N,STAT,2025-11-07 01:54,2025-11-07 02:18,2025-11-07 03:04
LAB747348,ENC119990,PT11423,WBC,White Blood Cell Count,8.4,K/uL,4.5,11,N,STAT,2025-11-07 01:35,2025-11-07 01:51,2025-11-07 02:37
LAB747349,ENC119990,PT11423,HGB,Hemoglobin,13.1,g/dL,12,17.5,N,STAT,2025-11-07 01:23,2025-11-07 01:56,2025-11-07 02:22
LAB747350,ENC119990,PT11423,TROP,"Troponin I, High Sensitivity",5,ng/L,0,34,N,STAT,2025-11-07 01:24,2025-11-07 01:36,2025-11-07 02:04
LAB747351,ENC119991,PT13267,GLU,Glucose,143,mg/dL,70,99,H,STAT,2025-11-07 00:16,2025-11-07 00:43,2025-11-07 01:29
LAB747352,ENC119991,PT13267,CREAT,Creatinine,1.14,mg/dL,0.6,1.3,N,Routine,2025-11-07 00:58,2025-11-07 01:04,2025-11-07 04:47
LAB747353,ENC119991,PT13267,WBC,White Blood Cell Count,4.1,K/uL,4.5,11,L,STAT,2025-11-07 00:42,2025-11-07 01:01,2025-11-07 02:02
LAB747354,ENC119991,PT13267,HGB,Hemoglobin,14.3,g/dL,12,17.5,N,Routine,2025-11-07 00:55,2025-11-07 01:20,2025-11-07 06:39
LAB747355,ENC119992,PT11809,GLU,Glucose,115,mg/dL,70,99,H,STAT,2025-11-07 05:46,2025-11-07 05:50,2025-11-07 06:35
LAB747356,ENC119992,PT11809,CREAT,Creatinine,0.29,mg/dL,0.6,1.3,L,STAT,2025-11-07 06:22,2025-11-07 06:47,2025-11-07 07:58
LAB747357,ENC119992,PT11809,WBC,White Blood Cell Count,5.5,K/uL,4.5,11,N,Routine,2025-11-07 06:30,2025-11-07 06:47,2025-11-07 08:04
LAB747358,ENC119994,PT10446,GLU,Glucose,86,mg/dL,70,99,N,STAT,2025-11-07 14:46,2025-11-07 14:58,2025-11-07 15:39
LAB747359,ENC119994,PT10446,CREAT,Creatinine,0.71,mg/dL,0.6,1.3,N,STAT,2025-11-07 13:58,2025-11-07 14:14,2025-11-07 14:45
LAB747360,ENC119994,PT10446,WBC,White Blood Cell Count,0.7,K/uL,4.5,11,LL,STAT,2025-11-07 13:39,2025-11-07 13:55,2025-11-07 15:11
LAB747361,ENC119994,PT10446,HGB,Hemoglobin,12.5,g/dL,12,17.5,N,STAT,2025-11-07 14:47,2025-11-07 15:13,2025-11-07 15:43
LAB747362,ENC119995,PT12531,GLU,Glucose,146,mg/dL,70,99,H,STAT,2025-11-07 12:21,2025-11-07 12:46,2025-11-07 13:35
LAB747363,ENC119995,PT12531,CREAT,Creatinine,0.66,mg/dL,0.6,1.3,N,Routine,2025-11-07 12:59,2025-11-07 13:31,2025-11-07 16:51
LAB747364,ENC119995,PT12531,WBC,White Blood Cell Count,7.6,K/uL,4.5,11,N,STAT,2025-11-07 13:13,2025-11-07 13:43,2025-11-07 14:40
LAB747365,ENC119995,PT12531,HGB,Hemoglobin,14.4,g/dL,12,17.5,N,STAT,2025-11-07 12:34,2025-11-07 12:41,2025-11-07 14:03
LAB747366,ENC119999,PT13547,GLU,Glucose,72,mg/dL,70,99,N,Routine,2025-11-07 13:17,2025-11-07 13:45,2025-11-07 15:53
LAB747367,ENC119999,PT13547,CREAT,Creatinine,1.08,mg/dL,0.6,1.3,N,Routine,2025-11-07 12:52,2025-11-07 13:25,2025-11-07 17:39
LAB747368,ENC119999,PT13547,WBC,White Blood Cell Count,9.1,K/uL,4.5,11,N,STAT,2025-11-07 12:52,2025-11-07 13:22,2025-11-07 14:11
LAB747369,ENC120001,PT11085,GLU,Glucose,430,mg/dL,70,99,H,STAT,2025-11-07 19:31,2025-11-07 19:40,2025-11-07 20:28
LAB747370,ENC120001,PT11085,CREAT,Creatinine,0.91,mg/dL,0.6,1.3,N,STAT,2025-11-07 19:10,2025-11-07 19:14,2025-11-07 19:43
LAB747371,ENC120001,PT11085,WBC,White Blood Cell Count,9.2,K/uL,4.5,11,N,STAT,2025-11-07 18:57,2025-11-07 19:25,2025-11-07 21:03
LAB747372,ENC120001,PT11085,HGB,Hemoglobin,12.6,g/dL,12,17.5,N,STAT,2025-11-07 18:45,2025-11-07 19:03,2025-11-07 19:53
LAB747373,ENC120001,PT11085,NA,Sodium,140,mmol/L,136,145,N,Routine,2025-11-07 19:44,2025-11-07 19:56,2025-11-08 00:48
LAB747374,ENC120001,PT11085,K,Potassium,4.4,mmol/L,3.5,5.1,N,STAT,2025-11-07 19:42,2025-11-07 19:47,2025-11-07 21:20
LAB747375,ENC120001,PT11085,A1C,Hemoglobin A1c,11.3,%,4,5.6,H,Routine,2025-11-07 18:38,2025-11-07 18:51,2025-11-08 20:45
LAB747376,ENC120003,PT12408,GLU,Glucose,116,mg/dL,70,99,H,STAT,2025-11-07 18:54,2025-11-07 19:16,2025-11-07 20:09
LAB747377,ENC120003,PT12408,CREAT,Creatinine,0.7,mg/dL,0.6,1.3,N,Routine,2025-11-07 19:06,2025-11-07 19:10,2025-11-07 23:36
LAB747378,ENC120003,PT12408,WBC,White Blood Cell Count,5.2,K/uL,4.5,11,N,Routine,2025-11-07 18:26,2025-11-07 18:51,2025-11-07 20:48
LAB747379,ENC120003,PT12408,HGB,Hemoglobin,14.4,g/dL,12,17.5,N,STAT,2025-11-07 18:33,2025-11-07 18:37,2025-11-07 19:38
LAB747380,ENC120003,PT12408,TROP,"Troponin I, High Sensitivity",11,ng/L,0,34,N,STAT,2025-11-07 18:24,2025-11-07 18:33,2025-11-07 19:08
LAB747381,ENC120004,PT10662,GLU,Glucose,68,mg/dL,70,99,L,STAT,2025-11-07 19:40,2025-11-07 19:49,2025-11-07 20:24
LAB747382,ENC120004,PT10662,CREAT,Creatinine,1.09,mg/dL,0.6,1.3,N,Routine,2025-11-07 20:02,2025-11-07 20:19,2025-11-07 21:54
LAB747383,ENC120004,PT10662,WBC,White Blood Cell Count,11.7,K/uL,4.5,11,H,Routine,2025-11-07 19:56,2025-11-07 20:24,2025-11-08 00:24
LAB747384,ENC120004,PT10662,HGB,Hemoglobin,14.2,g/dL,12,17.5,N,STAT,2025-11-07 19:32,2025-11-07 19:53,2025-11-07 21:02
LAB747385,ENC120005,PT11643,GLU,Glucose,169,mg/dL,70,99,H,STAT,2025-11-07 20:17,2025-11-07 20:40,2025-11-07 21:14
LAB747386,ENC120005,PT11643,CREAT,Creatinine,1.14,mg/dL,0.6,1.3,N,Routine,2025-11-07 19:58,2025-11-07 20:26,2025-11-08 02:58
LAB747387,ENC120005,PT11643,WBC,White Blood Cell Count,7,K/uL,4.5,11,N,STAT,2025-11-07 20:43,2025-11-07 21:06,2025-11-07 21:23
LAB747388,ENC120005,PT11643,HGB,Hemoglobin,11.8,g/dL,12,17.5,L,STAT,2025-11-07 19:41,2025-11-07 19:46,2025-11-07 20:18
LAB747389,ENC120006,PT11135,LDL,LDL Cholesterol,124,mg/dL,0,99,H,Routine,2025-11-07 16:39,2025-11-07 16:58,2025-11-08 13:39
LAB747390,ENC120006,PT11135,A1C,Hemoglobin A1c,5.5,%,4,5.6,N,Routine,2025-11-07 16:39,2025-11-07 17:13,2025-11-08 07:28
LAB747391,ENC120007,PT11616,GLU,Glucose,117,mg/dL,70,99,H,STAT,2025-11-07 20:45,2025-11-07 21:20,2025-11-07 21:44
LAB747392,ENC120007,PT11616,CREAT,Creatinine,2.43,mg/dL,0.6,1.3,H,Routine,2025-11-07 20:46,2025-11-07 21:04,2025-11-07 23:55
LAB747393,ENC120007,PT11616,WBC,White Blood Cell Count,6.5,K/uL,4.5,11,N,STAT,2025-11-07 19:56,2025-11-07 20:23,2025-11-07 21:07
LAB747394,ENC120007,PT11616,HGB,Hemoglobin,9.8,g/dL,12,17.5,L,STAT,2025-11-07 20:46,2025-11-07 21:16,2025-11-07 21:58
LAB747395,ENC120007,PT11616,NA,Sodium,142,mmol/L,136,145,N,STAT,2025-11-07 20:16,2025-11-07 20:30,2025-11-07 21:16
LAB747396,ENC120007,PT11616,K,Potassium,4.1,mmol/L,3.5,5.1,N,STAT,2025-11-07 20:44,2025-11-07 21:02,2025-11-07 21:31
LAB747397,ENC120008,PT12389,GLU,Glucose,100,mg/dL,70,99,H,Routine,2025-11-07 22:08,2025-11-07 22:12,2025-11-07 23:45
LAB747398,ENC120008,PT12389,CREAT,Creatinine,0.93,mg/dL,0.6,1.3,N,Routine,2025-11-07 22:56,2025-11-07 23:29,2025-11-08 03:41
LAB747399,ENC120008,PT12389,WBC,White Blood Cell Count,8.1,K/uL,4.5,11,N,STAT,2025-11-07 21:51,2025-11-07 22:22,2025-11-07 23:29
LAB747400,ENC120008,PT12389,HGB,Hemoglobin,14.5,g/dL,12,17.5,N,STAT,2025-11-07 22:57,2025-11-07 23:04,2025-11-07 23:53
LAB747401,ENC120008,PT12389,NA,Sodium,134,mmol/L,136,145,L,STAT,2025-11-07 22:44,2025-11-07 23:19,2025-11-07 23:59
LAB747402,ENC120008,PT12389,K,Potassium,4,mmol/L,3.5,5.1,N,STAT,2025-11-07 22:32,2025-11-07 22:42,2025-11-07 23:15
LAB747403,ENC120008,PT12389,TROP,"Troponin I, High Sensitivity",4,ng/L,0,34,N,STAT,2025-11-07 22:25,2025-11-07 22:29,2025-11-07 23:40
LAB747404,ENC120008,PT12389,BNP,B-Type Natriuretic Peptide,2046,pg/mL,0,100,H,STAT,2025-11-07 22:09,2025-11-07 22:34,2025-11-07 23:00
LAB747405,ENC120009,PT12060,GLU,Glucose,133,mg/dL,70,99,H,Routine,2025-11-07 21:12,2025-11-07 21:18,2025-11-07 23:24
LAB747406,ENC120009,PT12060,CREAT,Creatinine,0.83,mg/dL,0.6,1.3,N,STAT,2025-11-07 20:57,2025-11-07 21:10,2025-11-07 22:42
LAB747407,ENC120009,PT12060,WBC,White Blood Cell Count,11.8,K/uL,4.5,11,H,STAT,2025-11-07 20:20,2025-11-07 20:28,2025-11-07 21:13
LAB747408,ENC120009,PT12060,HGB,Hemoglobin,14.2,g/dL,12,17.5,N,STAT,2025-11-07 20:09,2025-11-07 20:15,2025-11-07 21:13
LAB747409,ENC120011,PT12220,GLU,Glucose,154,mg/dL,70,99,H,Routine,2025-11-08 01:29,2025-11-08 02:03,2025-11-08 05:49
LAB747410,ENC120011,PT12220,CREAT,Creatinine,0.97,mg/dL,0.6,1.3,N,Routine,2025-11-08 01:23,2025-11-08 01:56,2025-11-08 03:04
LAB747411,ENC120011,PT12220,WBC,White Blood Cell Count,6.7,K/uL,4.5,11,N,STAT,2025-11-08 01:16,2025-11-08 01:49,2025-11-08 02:42
LAB747412,ENC120011,PT12220,HGB,Hemoglobin,12.8,g/dL,12,17.5,N,STAT,2025-11-08 00:56,2025-11-08 01:04,2025-11-08 01:54
LAB747413,ENC120011,PT12220,NA,Sodium,138,mmol/L,136,145,N,STAT,2025-11-08 01:47,2025-11-08 01:58,2025-11-08 02:52
LAB747414,ENC120011,PT12220,K,Potassium,4.1,mmol/L,3.5,5.1,N,STAT,2025-11-08 01:58,2025-11-08 02:29,2025-11-08 02:54
LAB747415,ENC120012,PT12488,GLU,Glucose,184,mg/dL,70,99,H,Routine,2025-11-07 23:37,2025-11-07 23:52,2025-11-08 01:18
LAB747416,ENC120012,PT12488,CREAT,Creatinine,1.48,mg/dL,0.6,1.3,H,STAT,2025-11-07 23:40,2025-11-07 23:46,2025-11-08 00:42
LAB747417,ENC120012,PT12488,WBC,White Blood Cell Count,12.4,K/uL,4.5,11,H,Routine,2025-11-07 23:19,2025-11-07 23:54,2025-11-08 06:49
LAB747418,ENC120012,PT12488,HGB,Hemoglobin,14.4,g/dL,12,17.5,N,Routine,2025-11-08 00:09,2025-11-08 00:20,2025-11-08 02:22
LAB747419,ENC120012,PT12488,LACT,Lactate,5.1,mmol/L,0.5,2,HH,STAT,2025-11-07 23:52,2025-11-08 00:07,2025-11-08 00:56
LAB747420,ENC120013,PT12911,GLU,Glucose,146,mg/dL,70,99,H,Routine,2025-11-08 01:15,2025-11-08 01:39,2025-11-08 05:32
LAB747421,ENC120013,PT12911,CREAT,Creatinine,1,mg/dL,0.6,1.3,N,STAT,2025-11-08 01:20,2025-11-08 01:55,2025-11-08 02:47
LAB747422,ENC120013,PT12911,WBC,White Blood Cell Count,4.6,K/uL,4.5,11,N,STAT,2025-11-08 01:41,2025-11-08 02:03,2025-11-08 02:34
LAB747423,ENC120013,PT12911,HGB,Hemoglobin,13.8,g/dL,12,17.5,N,STAT,2025-11-08 01:24,2025-11-08 01:49,2025-11-08 02:40
LAB747424,ENC120013,PT12911,NA,Sodium,136,mmol/L,136,145,N,STAT,2025-11-08 01:08,2025-11-08 01:24,2025-11-08 02:21
LAB747425,ENC120013,PT12911,K,Potassium,3.7,mmol/L,3.5,5.1,N,STAT,2025-11-08 01:46,2025-11-08 02:20,2025-11-08 02:55
LAB747426,ENC120014,PT10620,GLU,Glucose,105,mg/dL,70,99,H,STAT,2025-11-08 05:25,2025-11-08 05:52,2025-11-08 06:26
LAB747427,ENC120014,PT10620,CREAT,Creatinine,0.98,mg/dL,0.6,1.3,N,Routine,2025-11-08 06:09,2025-11-08 06:39,2025-11-08 08:49
LAB747428,ENC120014,PT10620,WBC,White Blood Cell Count,6.6,K/uL,4.5,11,N,STAT,2025-11-08 05:41,2025-11-08 05:52,2025-11-08 06:51
LAB747429,ENC120014,PT10620,HGB,Hemoglobin,14.8,g/dL,12,17.5,N,Routine,2025-11-08 05:48,2025-11-08 06:18,2025-11-08 10:16
LAB747430,ENC120014,PT10620,NA,Sodium,139,mmol/L,136,145,N,STAT,2025-11-08 06:00,2025-11-08 06:05,2025-11-08 07:05
LAB747431,ENC120014,PT10620,K,Potassium,4.3,mmol/L,3.5,5.1,N,STAT,2025-11-08 05:24,2025-11-08 05:44,2025-11-08 06:25
LAB747432,ENC120015,PT13770,GLU,Glucose,141,mg/dL,70,99,H,Routine,2025-11-08 07:16,2025-11-08 07:44,2025-11-08 09:35
LAB747433,ENC120015,PT13770,CREAT,Creatinine,1.18,mg/dL,0.6,1.3,N,STAT,2025-11-08 07:20,2025-11-08 07:43,2025-11-08 08:55
LAB747434,ENC120015,PT13770,WBC,White Blood Cell Count,9.6,K/uL,4.5,11,N,Routine,2025-11-08 07:05,2025-11-08 07:36,2025-11-08 11:54
LAB747435,ENC120015,PT13770,HGB,Hemoglobin,7.3,g/dL,12,17.5,L,Routine,2025-11-08 07:13,2025-11-08 07:48,2025-11-08 10:58
LAB747436,ENC120015,PT13770,LACT,Lactate,3.3,mmol/L,0.5,2,H,STAT,2025-11-08 08:11,2025-11-08 08:30,2025-11-08 09:46
LAB747437,ENC120015,PT13770,INR,Prothrombin Time INR,1,ratio,0.8,1.2,N,Routine,2025-11-08 07:21,2025-11-08 07:38,2025-11-08 09:47
LAB747438,ENC120018,PT12181,GLU,Glucose,126,mg/dL,70,99,H,STAT,2025-11-08 08:42,2025-11-08 09:00,2025-11-08 10:05
LAB747439,ENC120018,PT12181,CREAT,Creatinine,0.72,mg/dL,0.6,1.3,N,Routine,2025-11-08 09:45,2025-11-08 10:10,2025-11-08 13:42
LAB747440,ENC120020,PT13487,GLU,Glucose,91,mg/dL,70,99,N,Routine,2025-11-08 14:52,2025-11-08 15:00,2025-11-08 16:39
LAB747441,ENC120020,PT13487,CREAT,Creatinine,0.47,mg/dL,0.6,1.3,L,STAT,2025-11-08 14:07,2025-11-08 14:29,2025-11-08 15:28
LAB747442,ENC120020,PT13487,WBC,White Blood Cell Count,3.8,K/uL,4.5,11,L,STAT,2025-11-08 14:00,2025-11-08 14:09,2025-11-08 14:53
LAB747443,ENC120020,PT13487,HGB,Hemoglobin,16.2,g/dL,12,17.5,N,STAT,2025-11-08 14:19,2025-11-08 14:34,2025-11-08 14:54
LAB747444,ENC120020,PT13487,BUN,Blood Urea Nitrogen,14,mg/dL,7,20,N,STAT,2025-11-08 13:58,2025-11-08 14:02,2025-11-08 14:55
LAB747445,ENC120020,PT13487,PLT,Platelet Count,276,K/uL,150,400,N,Routine,2025-11-08 14:12,2025-11-08 14:16,2025-11-08 16:13
LAB747446,ENC120022,PT11749,GLU,Glucose,71,mg/dL,70,99,N,Routine,2025-11-08 15:41,2025-11-08 15:52,2025-11-08 17:12
LAB747447,ENC120022,PT11749,CREAT,Creatinine,1.09,mg/dL,0.6,1.3,N,STAT,2025-11-08 15:24,2025-11-08 15:36,2025-11-08 16:42
LAB747448,ENC120022,PT11749,WBC,White Blood Cell Count,7,K/uL,4.5,11,N,Routine,2025-11-08 15:24,2025-11-08 15:51,2025-11-08 19:35
LAB747449,ENC120022,PT11749,HGB,Hemoglobin,12,g/dL,12,17.5,N,STAT,2025-11-08 15:40,2025-11-08 15:47,2025-11-08 16:21
LAB747450,ENC120024,PT13904,GLU,Glucose,65,mg/dL,70,99,L,Routine,2025-11-08 18:01,2025-11-08 18:19,2025-11-08 22:47
LAB747451,ENC120024,PT13904,CREAT,Creatinine,1.05,mg/dL,0.6,1.3,N,Routine,2025-11-08 18:31,2025-11-08 18:39,2025-11-08 20:13
LAB747452,ENC120024,PT13904,WBC,White Blood Cell Count,6.8,K/uL,4.5,11,N,Routine,2025-11-08 18:11,2025-11-08 18:28,2025-11-08 20:24
LAB747453,ENC120024,PT13904,HGB,Hemoglobin,13.5,g/dL,12,17.5,N,STAT,2025-11-08 17:52,2025-11-08 18:06,2025-11-08 18:41
LAB747454,ENC120027,PT10214,GLU,Glucose,114,mg/dL,70,99,H,Routine,2025-11-08 17:21,2025-11-08 17:51,2025-11-08 20:19
LAB747455,ENC120027,PT10214,CREAT,Creatinine,0.78,mg/dL,0.6,1.3,N,STAT,2025-11-08 17:03,2025-11-08 17:18,2025-11-08 18:58
LAB747456,ENC120027,PT10214,WBC,White Blood Cell Count,9.5,K/uL,4.5,11,N,STAT,2025-11-08 16:47,2025-11-08 17:20,2025-11-08 17:57
LAB747457,ENC120027,PT10214,HGB,Hemoglobin,12.5,g/dL,12,17.5,N,STAT,2025-11-08 17:13,2025-11-08 17:24,2025-11-08 18:18
LAB747458,ENC120027,PT10214,NA,Sodium,139,mmol/L,136,145,N,Routine,2025-11-08 17:06,2025-11-08 17:14,2025-11-08 18:18
LAB747459,ENC120027,PT10214,K,Potassium,4.1,mmol/L,3.5,5.1,N,STAT,2025-11-08 17:11,2025-11-08 17:25,2025-11-08 18:43
LAB747460,ENC120027,PT10214,BUN,Blood Urea Nitrogen,8,mg/dL,7,20,N,Routine,2025-11-08 17:38,2025-11-08 17:46,2025-11-08 18:57
LAB747461,ENC120027,PT10214,PLT,Platelet Count,338,K/uL,150,400,N,Routine,2025-11-08 16:49,2025-11-08 16:54,2025-11-08 20:06
LAB747462,ENC120028,PT10517,GLU,Glucose,163,mg/dL,70,99,H,STAT,2025-11-08 20:53,2025-11-08 21:23,2025-11-08 22:23
LAB747463,ENC120028,PT10517,CREAT,Creatinine,1.11,mg/dL,0.6,1.3,N,STAT,2025-11-08 20:10,2025-11-08 20:43,2025-11-08 21:41
LAB747464,ENC120028,PT10517,WBC,White Blood Cell Count,6.8,K/uL,4.5,11,N,Routine,2025-11-08 20:31,2025-11-08 20:42,2025-11-09 00:16
LAB747465,ENC120028,PT10517,HGB,Hemoglobin,13.4,g/dL,12,17.5,N,STAT,2025-11-08 21:14,2025-11-08 21:46,2025-11-08 22:10
LAB747466,ENC120028,PT10517,NA,Sodium,139,mmol/L,136,145,N,STAT,2025-11-08 20:55,2025-11-08 21:28,2025-11-08 22:05
LAB747467,ENC120028,PT10517,K,Potassium,3.8,mmol/L,3.5,5.1,N,STAT,2025-11-08 20:41,2025-11-08 21:12,2025-11-08 22:13
LAB747468,ENC120029,PT10448,GLU,Glucose,124,mg/dL,70,99,H,STAT,2025-11-08 17:17,2025-11-08 17:25,2025-11-08 18:30
LAB747469,ENC120029,PT10448,CREAT,Creatinine,1.17,mg/dL,0.6,1.3,N,STAT,2025-11-08 17:29,2025-11-08 17:43,2025-11-08 18:17
LAB747470,ENC120030,PT13891,GLU,Glucose,87,mg/dL,70,99,N,Routine,2025-11-08 18:15,2025-11-08 18:30,2025-11-08 21:21
LAB747471,ENC120030,PT13891,CREAT,Creatinine,1.03,mg/dL,0.6,1.3,N,STAT,2025-11-08 17:37,2025-11-08 17:50,2025-11-08 18:34
LAB747472,ENC120030,PT13891,WBC,White Blood Cell Count,0.4,K/uL,4.5,11,LL,STAT,2025-11-08 18:17,2025-11-08 18:51,2025-11-08 20:04
LAB747473,ENC120030,PT13891,HGB,Hemoglobin,14.6,g/dL,12,17.5,N,STAT,2025-11-08 18:34,2025-11-08 19:07,2025-11-08 19:58
LAB747474,ENC120031,PT10372,TROP,"Troponin I, High Sensitivity",7,ng/L,0,34,N,STAT,2025-11-08 19:53,2025-11-08 19:58,2025-11-08 21:01
LAB747475,ENC120032,PT13548,GLU,Glucose,125,mg/dL,70,99,H,Routine,2025-11-09 00:12,2025-11-09 00:43,2025-11-09 02:07
LAB747476,ENC120032,PT13548,CREAT,Creatinine,0.89,mg/dL,0.6,1.3,N,STAT,2025-11-08 23:28,2025-11-08 23:51,2025-11-09 00:39
LAB747477,ENC120032,PT13548,WBC,White Blood Cell Count,9.4,K/uL,4.5,11,N,Routine,2025-11-08 23:56,2025-11-09 00:30,2025-11-09 07:24
LAB747478,ENC120032,PT13548,HGB,Hemoglobin,13.2,g/dL,12,17.5,N,STAT,2025-11-09 00:31,2025-11-09 00:57,2025-11-09 01:46
LAB747479,ENC120032,PT13548,TROP,"Troponin I, High Sensitivity",77,ng/L,0,34,H,STAT,2025-11-08 23:53,2025-11-08 23:57,2025-11-09 00:56
LAB747480,ENC120032,PT13548,BNP,B-Type Natriuretic Peptide,1042,pg/mL,0,100,H,Routine,2025-11-09 00:27,2025-11-09 00:40,2025-11-09 01:39
LAB747481,ENC120033,PT11370,GLU,Glucose,152,mg/dL,70,99,H,Routine,2025-11-08 23:12,2025-11-08 23:41,2025-11-09 01:11
LAB747482,ENC120033,PT11370,CREAT,Creatinine,0.81,mg/dL,0.6,1.3,N,STAT,2025-11-08 23:51,2025-11-09 00:14,2025-11-09 01:01
LAB747483,ENC120033,PT11370,WBC,White Blood Cell Count,9.6,K/uL,4.5,11,N,STAT,2025-11-09 00:06,2025-11-09 00:18,2025-11-09 00:59
LAB747484,ENC120033,PT11370,HGB,Hemoglobin,11.4,g/dL,12,17.5,L,STAT,2025-11-09 00:08,2025-11-09 00:22,2025-11-09 01:04
LAB747485,ENC120033,PT11370,NA,Sodium,141,mmol/L,136,145,N,Routine,2025-11-08 23:47,2025-11-09 00:04,2025-11-09 01:40
LAB747486,ENC120033,PT11370,K,Potassium,3.9,mmol/L,3.5,5.1,N,STAT,2025-11-09 00:02,2025-11-09 00:29,2025-11-09 02:19
LAB747487,ENC120034,PT10891,GLU,Glucose,161,mg/dL,70,99,H,STAT,2025-11-09 01:16,2025-11-09 01:45,2025-11-09 02:22
LAB747488,ENC120034,PT10891,CREAT,Creatinine,1.53,mg/dL,0.6,1.3,H,STAT,2025-11-09 01:32,2025-11-09 01:59,2025-11-09 02:41
LAB747489,ENC120034,PT10891,WBC,White Blood Cell Count,15.1,K/uL,4.5,11,H,Routine,2025-11-09 00:50,2025-11-09 00:57,2025-11-09 04:52
LAB747490,ENC120034,PT10891,HGB,Hemoglobin,10.6,g/dL,12,17.5,L,Routine,2025-11-09 01:31,2025-11-09 01:57,2025-11-09 02:50
LAB747491,ENC120034,PT10891,LACT,Lactate,3,mmol/L,0.5,2,H,STAT,2025-11-09 01:15,2025-11-09 01:50,2025-11-09 03:09
LAB747492,ENC120035,PT13162,GLU,Glucose,120,mg/dL,70,99,H,Routine,2025-11-09 02:37,2025-11-09 02:50,2025-11-09 04:24
LAB747493,ENC120035,PT13162,CREAT,Creatinine,0.89,mg/dL,0.6,1.3,N,STAT,2025-11-09 01:57,2025-11-09 02:13,2025-11-09 02:51
LAB747494,ENC120035,PT13162,WBC,White Blood Cell Count,8.5,K/uL,4.5,11,N,STAT,2025-11-09 02:02,2025-11-09 02:37,2025-11-09 03:02
LAB747495,ENC120035,PT13162,HGB,Hemoglobin,14.7,g/dL,12,17.5,N,STAT,2025-11-09 02:24,2025-11-09 02:40,2025-11-09 03:28
LAB747496,ENC120035,PT13162,INR,Prothrombin Time INR,1,ratio,0.8,1.2,N,Routine,2025-11-09 02:06,2025-11-09 02:39,2025-11-09 05:17
LAB747497,ENC120036,PT13110,GLU,Glucose,105,mg/dL,70,99,H,STAT,2025-11-09 00:29,2025-11-09 00:39,2025-11-09 01:43
LAB747498,ENC120036,PT13110,CREAT,Creatinine,0.99,mg/dL,0.6,1.3,N,STAT,2025-11-09 00:37,2025-11-09 00:45,2025-11-09 01:49
LAB747499,ENC120036,PT13110,INR,Prothrombin Time INR,0.9,ratio,0.8,1.2,N,STAT,2025-11-09 00:51,2025-11-09 01:26,2025-11-09 02:40
LAB747500,ENC120037,PT13220,GLU,Glucose,97,mg/dL,70,99,N,STAT,2025-11-09 00:59,2025-11-09 01:34,2025-11-09 02:20
LAB747501,ENC120037,PT13220,CREAT,Creatinine,1.04,mg/dL,0.6,1.3,N,STAT,2025-11-09 01:00,2025-11-09 01:07,2025-11-09 01:50
LAB747502,ENC120037,PT13220,WBC,White Blood Cell Count,5.7,K/uL,4.5,11,N,STAT,2025-11-09 01:48,2025-11-09 02:19,2025-11-09 03:13
LAB747503,ENC120038,PT11902,GLU,Glucose,99,mg/dL,70,99,N,Routine,2025-11-09 06:23,2025-11-09 06:48,2025-11-09 12:40
LAB747504,ENC120038,PT11902,CREAT,Creatinine,2.4,mg/dL,0.6,1.3,H,Routine,2025-11-09 06:20,2025-11-09 06:26,2025-11-09 08:40
LAB747505,ENC120039,PT13789,GLU,Glucose,116,mg/dL,70,99,H,STAT,2025-11-09 10:43,2025-11-09 11:00,2025-11-09 12:01
LAB747506,ENC120039,PT13789,CREAT,Creatinine,1.27,mg/dL,0.6,1.3,N,Routine,2025-11-09 10:33,2025-11-09 11:01,2025-11-09 14:31
LAB747507,ENC120039,PT13789,WBC,White Blood Cell Count,7.7,K/uL,4.5,11,N,STAT,2025-11-09 10:36,2025-11-09 11:10,2025-11-09 13:25
LAB747508,ENC120039,PT13789,HGB,Hemoglobin,12.6,g/dL,12,17.5,N,STAT,2025-11-09 11:25,2025-11-09 11:41,2025-11-09 12:16
LAB747509,ENC120039,PT13789,NA,Sodium,138,mmol/L,136,145,N,STAT,2025-11-09 10:57,2025-11-09 11:31,2025-11-09 12:17
LAB747510,ENC120039,PT13789,K,Potassium,4.2,mmol/L,3.5,5.1,N,STAT,2025-11-09 11:35,2025-11-09 12:01,2025-11-09 12:48
LAB747511,ENC120041,PT11661,GLU,Glucose,135,mg/dL,70,99,H,STAT,2025-11-09 10:38,2025-11-09 10:56,2025-11-09 11:31
LAB747512,ENC120041,PT11661,CREAT,Creatinine,1,mg/dL,0.6,1.3,N,STAT,2025-11-09 11:12,2025-11-09 11:28,2025-11-09 11:59
LAB747513,ENC120041,PT11661,WBC,White Blood Cell Count,7,K/uL,4.5,11,N,STAT,2025-11-09 11:19,2025-11-09 11:47,2025-11-09 13:28
LAB747514,ENC120041,PT11661,HGB,Hemoglobin,13.1,g/dL,12,17.5,N,Routine,2025-11-09 11:30,2025-11-09 11:58,2025-11-09 14:36
LAB747515,ENC120042,PT13092,GLU,Glucose,99,mg/dL,70,99,N,STAT,2025-11-09 11:14,2025-11-09 11:26,2025-11-09 12:22
LAB747516,ENC120042,PT13092,CREAT,Creatinine,1.2,mg/dL,0.6,1.3,N,Routine,2025-11-09 10:26,2025-11-09 10:57,2025-11-09 14:10
LAB747517,ENC120042,PT13092,WBC,White Blood Cell Count,8.2,K/uL,4.5,11,N,STAT,2025-11-09 10:43,2025-11-09 11:03,2025-11-09 11:41
LAB747518,ENC120042,PT13092,HGB,Hemoglobin,12.4,g/dL,12,17.5,N,Routine,2025-11-09 11:34,2025-11-09 11:56,2025-11-09 15:34
LAB747519,ENC120042,PT13092,BUN,Blood Urea Nitrogen,9,mg/dL,7,20,N,STAT,2025-11-09 11:20,2025-11-09 11:54,2025-11-09 12:43
LAB747520,ENC120042,PT13092,PLT,Platelet Count,145,K/uL,150,400,L,STAT,2025-11-09 10:57,2025-11-09 11:02,2025-11-09 11:50
LAB747521,ENC120042,PT13092,TROP,"Troponin I, High Sensitivity",35,ng/L,0,34,H,STAT,2025-11-09 10:48,2025-11-09 11:23,2025-11-09 12:27
LAB747522,ENC120042,PT13092,BNP,B-Type Natriuretic Peptide,1493,pg/mL,0,100,H,STAT,2025-11-09 10:52,2025-11-09 11:15,2025-11-09 11:50
LAB747523,ENC120043,PT12741,GLU,Glucose,128,mg/dL,70,99,H,STAT,2025-11-09 11:53,2025-11-09 12:09,2025-11-09 12:31
LAB747524,ENC120043,PT12741,CREAT,Creatinine,1.12,mg/dL,0.6,1.3,N,STAT,2025-11-09 11:15,2025-11-09 11:40,2025-11-09 12:12
LAB747525,ENC120044,PT11344,GLU,Glucose,114,mg/dL,70,99,H,STAT,2025-11-09 11:56,2025-11-09 12:29,2025-11-09 12:59
LAB747526,ENC120044,PT11344,CREAT,Creatinine,0.43,mg/dL,0.6,1.3,L,Routine,2025-11-09 11:41,2025-11-09 12:06,2025-11-09 16:00
LAB747527,ENC120044,PT11344,WBC,White Blood Cell Count,7.9,K/uL,4.5,11,N,Routine,2025-11-09 11:03,2025-11-09 11:21,2025-11-09 14:39
LAB747528,ENC120044,PT11344,HGB,Hemoglobin,15.6,g/dL,12,17.5,N,Routine,2025-11-09 11:22,2025-11-09 11:34,2025-11-09 14:00
LAB747529,ENC120044,PT11344,BUN,Blood Urea Nitrogen,12,mg/dL,7,20,N,Routine,2025-11-09 11:46,2025-11-09 11:55,2025-11-09 13:45
LAB747530,ENC120044,PT11344,PLT,Platelet Count,273,K/uL,150,400,N,Routine,2025-11-09 11:51,2025-11-09 11:56,2025-11-09 15:21
LAB747531,ENC120045,PT11760,GLU,Glucose,82,mg/dL,70,99,N,STAT,2025-11-09 11:49,2025-11-09 12:06,2025-11-09 12:32
LAB747532,ENC120045,PT11760,CREAT,Creatinine,0.98,mg/dL,0.6,1.3,N,STAT,2025-11-09 12:06,2025-11-09 12:27,2025-11-09 12:59
LAB747533,ENC120045,PT11760,WBC,White Blood Cell Count,14.2,K/uL,4.5,11,H,Routine,2025-11-09 11:30,2025-11-09 11:45,2025-11-09 12:53
LAB747534,ENC120045,PT11760,HGB,Hemoglobin,14.3,g/dL,12,17.5,N,Routine,2025-11-09 11:36,2025-11-09 12:05,2025-11-09 16:01
LAB747535,ENC120047,PT11470,GLU,Glucose,107,mg/dL,70,99,H,Routine,2025-11-09 13:56,2025-11-09 14:15,2025-11-09 18:03
LAB747536,ENC120047,PT11470,CREAT,Creatinine,1.15,mg/dL,0.6,1.3,N,STAT,2025-11-09 14:34,2025-11-09 15:01,2025-11-09 15:59
LAB747537,ENC120049,PT11966,GLU,Glucose,105,mg/dL,70,99,H,STAT,2025-11-09 17:08,2025-11-09 17:39,2025-11-09 19:32
LAB747538,ENC120049,PT11966,CREAT,Creatinine,2,mg/dL,0.6,1.3,H,STAT,2025-11-09 17:12,2025-11-09 17:42,2025-11-09 18:40
LAB747539,ENC120049,PT11966,WBC,White Blood Cell Count,20.6,K/uL,4.5,11,H,Routine,2025-11-09 16:56,2025-11-09 17:30,2025-11-09 20:29
LAB747540,ENC120049,PT11966,HGB,Hemoglobin,14.3,g/dL,12,17.5,N,Routine,2025-11-09 17:16,2025-11-09 17:37,2025-11-09 21:16
LAB747541,ENC120049,PT11966,LACT,Lactate,2.5,mmol/L,0.5,2,H,STAT,2025-11-09 16:43,2025-11-09 17:18,2025-11-09 18:11
LAB747542,ENC120050,PT11898,GLU,Glucose,80,mg/dL,70,99,N,STAT,2025-11-09 18:29,2025-11-09 19:03,2025-11-09 19:28
LAB747543,ENC120050,PT11898,CREAT,Creatinine,0.34,mg/dL,0.6,1.3,L,Routine,2025-11-09 19:01,2025-11-09 19:16,2025-11-10 00:59
LAB747544,ENC120050,PT11898,WBC,White Blood Cell Count,4.3,K/uL,4.5,11,L,STAT,2025-11-09 18:41,2025-11-09 18:45,2025-11-09 19:22
LAB747545,ENC120050,PT11898,HGB,Hemoglobin,9.5,g/dL,12,17.5,L,STAT,2025-11-09 18:57,2025-11-09 19:22,2025-11-09 20:29
LAB747546,ENC120051,PT13968,GLU,Glucose,104,mg/dL,70,99,H,STAT,2025-11-09 18:39,2025-11-09 18:58,2025-11-09 19:27
LAB747547,ENC120051,PT13968,CREAT,Creatinine,1.03,mg/dL,0.6,1.3,N,Routine,2025-11-09 18:47,2025-11-09 19:20,2025-11-10 01:27
LAB747548,ENC120051,PT13968,WBC,White Blood Cell Count,16.2,K/uL,4.5,11,H,STAT,2025-11-09 19:18,2025-11-09 19:32,2025-11-09 19:55
LAB747549,ENC120051,PT13968,HGB,Hemoglobin,12.8,g/dL,12,17.5,N,Routine,2025-11-09 18:48,2025-11-09 19:14,2025-11-09 22:21
LAB747550,ENC120051,PT13968,BUN,Blood Urea Nitrogen,8,mg/dL,7,20,N,Routine,2025-11-09 18:33,2025-11-09 18:46,2025-11-09 20:16
LAB747551,ENC120051,PT13968,PLT,Platelet Count,304,K/uL,150,400,N,STAT,2025-11-09 19:13,2025-11-09 19:23,2025-11-09 21:22
LAB747552,ENC120052,PT13677,GLU,Glucose,102,mg/dL,70,99,H,STAT,2025-11-09 22:29,2025-11-09 23:04,2025-11-09 23:23
LAB747553,ENC120052,PT13677,CREAT,Creatinine,0.88,mg/dL,0.6,1.3,N,Routine,2025-11-09 23:05,2025-11-09 23:36,2025-11-10 03:17
LAB747554,ENC120052,PT13677,WBC,White Blood Cell Count,23,K/uL,4.5,11,H,STAT,2025-11-09 22:39,2025-11-09 23:13,2025-11-09 23:54
LAB747555,ENC120052,PT13677,HGB,Hemoglobin,13.1,g/dL,12,17.5,N,STAT,2025-11-09 22:33,2025-11-09 22:39,2025-11-09 23:02
LAB747556,ENC120053,PT11776,GLU,Glucose,252,mg/dL,70,99,H,STAT,2025-11-09 21:19,2025-11-09 21:24,2025-11-09 21:59
LAB747557,ENC120053,PT11776,CREAT,Creatinine,0.84,mg/dL,0.6,1.3,N,STAT,2025-11-09 20:44,2025-11-09 21:12,2025-11-09 21:43
LAB747558,ENC120053,PT11776,WBC,White Blood Cell Count,6.5,K/uL,4.5,11,N,Routine,2025-11-09 21:12,2025-11-09 21:43,2025-11-09 23:30
LAB747559,ENC120053,PT11776,HGB,Hemoglobin,11.2,g/dL,12,17.5,L,STAT,2025-11-09 21:31,2025-11-09 21:46,2025-11-09 22:23
LAB747560,ENC120053,PT11776,NA,Sodium,139,mmol/L,136,145,N,Routine,2025-11-09 21:20,2025-11-09 21:36,2025-11-10 01:37
LAB747561,ENC120053,PT11776,K,Potassium,4.9,mmol/L,3.5,5.1,N,STAT,2025-11-09 21:27,2025-11-09 21:38,2025-11-09 22:56
LAB747562,ENC120053,PT11776,A1C,Hemoglobin A1c,12.4,%,4,5.6,H,Routine,2025-11-09 21:15,2025-11-09 21:32,2025-11-10 05:29
LAB747563,ENC120054,PT11240,GLU,Glucose,126,mg/dL,70,99,H,STAT,2025-11-09 23:08,2025-11-09 23:38,2025-11-10 00:35
LAB747564,ENC120054,PT11240,CREAT,Creatinine,0.65,mg/dL,0.6,1.3,N,STAT,2025-11-09 23:24,2025-11-09 23:57,2025-11-10 01:08
LAB747565,ENC120054,PT11240,WBC,White Blood Cell Count,5.3,K/uL,4.5,11,N,STAT,2025-11-10 00:08,2025-11-10 00:16,2025-11-10 00:47
LAB747566,ENC120054,PT11240,HGB,Hemoglobin,12.4,g/dL,12,17.5,N,STAT,2025-11-10 00:07,2025-11-10 00:17,2025-11-10 01:09
LAB747567,ENC120054,PT11240,NA,Sodium,140,mmol/L,136,145,N,STAT,2025-11-09 23:14,2025-11-09 23:20,2025-11-10 00:23
LAB747568,ENC120054,PT11240,K,Potassium,4.3,mmol/L,3.5,5.1,N,STAT,2025-11-09 23:15,2025-11-09 23:36,2025-11-10 00:35
LAB747569,ENC120055,PT11788,GLU,Glucose,265,mg/dL,70,99,H,STAT,2025-11-10 06:53,2025-11-10 07:26,2025-11-10 07:55
LAB747570,ENC120055,PT11788,CREAT,Creatinine,1.18,mg/dL,0.6,1.3,N,Routine,2025-11-10 06:21,2025-11-10 06:26,2025-11-10 08:18
LAB747571,ENC120055,PT11788,WBC,White Blood Cell Count,2.1,K/uL,4.5,11,L,Routine,2025-11-10 07:12,2025-11-10 07:39,2025-11-10 10:52
LAB747572,ENC120055,PT11788,HGB,Hemoglobin,11.5,g/dL,12,17.5,L,STAT,2025-11-10 07:09,2025-11-10 07:33,2025-11-10 07:50
LAB747573,ENC120055,PT11788,BUN,Blood Urea Nitrogen,10,mg/dL,7,20,N,Routine,2025-11-10 06:19,2025-11-10 06:24,2025-11-10 08:44
LAB747574,ENC120055,PT11788,PLT,Platelet Count,295,K/uL,150,400,N,STAT,2025-11-10 06:57,2025-11-10 07:12,2025-11-10 07:52
LAB747575,ENC120056,PT13161,GLU,Glucose,180,mg/dL,70,99,H,STAT,2025-11-10 10:53,2025-11-10 11:14,2025-11-10 11:54
LAB747576,ENC120056,PT13161,CREAT,Creatinine,2.58,mg/dL,0.6,1.3,H,Routine,2025-11-10 11:14,2025-11-10 11:28,2025-11-10 13:43
LAB747577,ENC120056,PT13161,WBC,White Blood Cell Count,3.1,K/uL,4.5,11,L,STAT,2025-11-10 10:49,2025-11-10 11:06,2025-11-10 12:36
LAB747578,ENC120056,PT13161,HGB,Hemoglobin,15.2,g/dL,12,17.5,N,STAT,2025-11-10 11:09,2025-11-10 11:24,2025-11-10 12:04
LAB747579,ENC120056,PT13161,LACT,Lactate,3.3,mmol/L,0.5,2,H,STAT,2025-11-10 11:13,2025-11-10 11:45,2025-11-10 12:33
LAB747580,ENC120057,PT10615,GLU,Glucose,111,mg/dL,70,99,H,STAT,2025-11-10 09:17,2025-11-10 09:31,2025-11-10 10:19
LAB747581,ENC120057,PT10615,CREAT,Creatinine,0.83,mg/dL,0.6,1.3,N,STAT,2025-11-10 08:13,2025-11-10 08:26,2025-11-10 10:11
LAB747582,ENC120057,PT10615,WBC,White Blood Cell Count,7.5,K/uL,4.5,11,N,STAT,2025-11-10 08:32,2025-11-10 08:37,2025-11-10 09:07
LAB747583,ENC120057,PT10615,HGB,Hemoglobin,15.4,g/dL,12,17.5,N,Routine,2025-11-10 08:17,2025-11-10 08:41,2025-11-10 10:19
LAB747584,ENC120059,PT13413,GLU,Glucose,108,mg/dL,70,99,H,STAT,2025-11-10 10:16,2025-11-10 10:46,2025-11-10 11:06
LAB747585,ENC120059,PT13413,CREAT,Creatinine,1.13,mg/dL,0.6,1.3,N,Routine,2025-11-10 10:36,2025-11-10 10:54,2025-11-10 12:34
LAB747586,ENC120059,PT13413,WBC,White Blood Cell Count,4.5,K/uL,4.5,11,N,STAT,2025-11-10 10:36,2025-11-10 10:42,2025-11-10 11:31
LAB747587,ENC120059,PT13413,HGB,Hemoglobin,11.1,g/dL,12,17.5,L,STAT,2025-11-10 10:01,2025-11-10 10:32,2025-11-10 11:21
LAB747588,ENC120060,PT10204,GLU,Glucose,91,mg/dL,70,99,N,STAT,2025-11-10 11:06,2025-11-10 11:25,2025-11-10 12:00
LAB747589,ENC120060,PT10204,CREAT,Creatinine,1.58,mg/dL,0.6,1.3,H,Routine,2025-11-10 11:01,2025-11-10 11:27,2025-11-10 13:33
LAB747590,ENC120060,PT10204,WBC,White Blood Cell Count,8.8,K/uL,4.5,11,N,STAT,2025-11-10 10:53,2025-11-10 11:23,2025-11-10 12:19
LAB747591,ENC120060,PT10204,HGB,Hemoglobin,15.2,g/dL,12,17.5,N,STAT,2025-11-10 10:14,2025-11-10 10:18,2025-11-10 11:03
LAB747592,ENC120062,PT12209,A1C,Hemoglobin A1c,6.4,%,4,5.6,H,Routine,2025-11-10 11:11,2025-11-10 11:46,2025-11-11 07:01
LAB747593,ENC120064,PT12519,GLU,Glucose,123,mg/dL,70,99,H,STAT,2025-11-10 15:12,2025-11-10 15:42,2025-11-10 16:23
LAB747594,ENC120064,PT12519,CREAT,Creatinine,3.02,mg/dL,0.6,1.3,H,STAT,2025-11-10 15:11,2025-11-10 15:18,2025-11-10 15:58
LAB747595,ENC120064,PT12519,WBC,White Blood Cell Count,8,K/uL,4.5,11,N,STAT,2025-11-10 14:48,2025-11-10 15:14,2025-11-10 16:13
LAB747596,ENC120064,PT12519,HGB,Hemoglobin,12.3,g/dL,12,17.5,N,Routine,2025-11-10 15:10,2025-11-10 15:26,2025-11-10 16:26
LAB747597,ENC120064,PT12519,NA,Sodium,141,mmol/L,136,145,N,Routine,2025-11-10 15:18,2025-11-10 15:29,2025-11-10 18:55
LAB747598,ENC120064,PT12519,K,Potassium,5.8,mmol/L,3.5,5.1,H,STAT,2025-11-10 14:43,2025-11-10 15:03,2025-11-10 16:11
LAB747599,ENC120066,PT10173,A1C,Hemoglobin A1c,11.1,%,4,5.6,H,Routine,2025-11-10 12:41,2025-11-10 13:05,2025-11-10 20:49
LAB747600,ENC120068,PT12755,LDL,LDL Cholesterol,94,mg/dL,0,99,N,Routine,2025-11-10 12:35,2025-11-10 12:49,2025-11-11 17:50
LAB747601,ENC120069,PT13193,GLU,Glucose,159,mg/dL,70,99,H,Routine,2025-11-10 13:31,2025-11-10 13:47,2025-11-10 16:25
LAB747602,ENC120069,PT13193,CREAT,Creatinine,1.08,mg/dL,0.6,1.3,N,STAT,2025-11-10 12:59,2025-11-10 13:31,2025-11-10 14:20
LAB747603,ENC120069,PT13193,WBC,White Blood Cell Count,8.6,K/uL,4.5,11,N,Routine,2025-11-10 12:58,2025-11-10 13:19,2025-11-10 18:02
LAB747604,ENC120069,PT13193,HGB,Hemoglobin,11.8,g/dL,12,17.5,L,Routine,2025-11-10 12:49,2025-11-10 13:03,2025-11-10 16:19
LAB747605,ENC120069,PT13193,TROP,"Troponin I, High Sensitivity",2,ng/L,0,34,N,STAT,2025-11-10 13:23,2025-11-10 13:32,2025-11-10 14:05
LAB747606,ENC120069,PT13193,BNP,B-Type Natriuretic Peptide,3201,pg/mL,0,100,H,STAT,2025-11-10 12:39,2025-11-10 12:49,2025-11-10 13:42
LAB747607,ENC120071,PT11981,GLU,Glucose,159,mg/dL,70,99,H,Routine,2025-11-10 17:05,2025-11-10 17:24,2025-11-10 18:39
LAB747608,ENC120071,PT11981,CREAT,Creatinine,1.18,mg/dL,0.6,1.3,N,STAT,2025-11-10 17:56,2025-11-10 18:19,2025-11-10 19:04
LAB747609,ENC120071,PT11981,WBC,White Blood Cell Count,18,K/uL,4.5,11,H,Routine,2025-11-10 16:56,2025-11-10 17:22,2025-11-11 03:19
LAB747610,ENC120071,PT11981,HGB,Hemoglobin,14.2,g/dL,12,17.5,N,STAT,2025-11-10 17:44,2025-11-10 17:59,2025-11-10 18:46
LAB747611,ENC120071,PT11981,BUN,Blood Urea Nitrogen,13,mg/dL,7,20,N,Routine,2025-11-10 17:40,2025-11-10 18:01,2025-11-10 20:10
LAB747612,ENC120071,PT11981,PLT,Platelet Count,192,K/uL,150,400,N,STAT,2025-11-10 17:11,2025-11-10 17:17,2025-11-10 17:46
LAB747613,ENC120071,PT11981,LACT,Lactate,6,mmol/L,0.5,2,HH,STAT,2025-11-10 17:49,2025-11-10 18:08,2025-11-10 18:49
LAB747614,ENC120072,PT13681,GLU,Glucose,111,mg/dL,70,99,H,STAT,2025-11-10 17:17,2025-11-10 17:22,2025-11-10 17:57
LAB747615,ENC120072,PT13681,CREAT,Creatinine,1.08,mg/dL,0.6,1.3,N,STAT,2025-11-10 17:18,2025-11-10 17:44,2025-11-10 19:05
LAB747616,ENC120072,PT13681,WBC,White Blood Cell Count,8.6,K/uL,4.5,11,N,STAT,2025-11-10 16:37,2025-11-10 17:10,2025-11-10 17:52
LAB747617,ENC120072,PT13681,HGB,Hemoglobin,13,g/dL,12,17.5,N,STAT,2025-11-10 16:43,2025-11-10 17:15,2025-11-10 18:53
LAB747618,ENC120072,PT13681,BUN,Blood Urea Nitrogen,12,mg/dL,7,20,N,STAT,2025-11-10 16:53,2025-11-10 17:24,2025-11-10 18:25
LAB747619,ENC120072,PT13681,PLT,Platelet Count,162,K/uL,150,400,N,Routine,2025-11-10 16:11,2025-11-10 16:23,2025-11-10 17:42
LAB747620,ENC120074,PT10790,GLU,Glucose,97,mg/dL,70,99,N,Routine,2025-11-10 15:59,2025-11-10 16:20,2025-11-10 20:51
LAB747621,ENC120074,PT10790,CREAT,Creatinine,0.36,mg/dL,0.6,1.3,L,STAT,2025-11-10 16:58,2025-11-10 17:14,2025-11-10 18:19
LAB747622,ENC120074,PT10790,WBC,White Blood Cell Count,21.8,K/uL,4.5,11,H,STAT,2025-11-10 16:21,2025-11-10 16:50,2025-11-10 18:46
LAB747623,ENC120074,PT10790,HGB,Hemoglobin,12.3,g/dL,12,17.5,N,STAT,2025-11-10 16:40,2025-11-10 16:49,2025-11-10 17:22
LAB747624,ENC120075,PT10734,GLU,Glucose,84,mg/dL,70,99,N,STAT,2025-11-10 14:32,2025-11-10 15:05,2025-11-10 15:45
LAB747625,ENC120075,PT10734,CREAT,Creatinine,0.96,mg/dL,0.6,1.3,N,Routine,2025-11-10 14:05,2025-11-10 14:14,2025-11-10 17:00
LAB747626,ENC120075,PT10734,WBC,White Blood Cell Count,12.1,K/uL,4.5,11,H,STAT,2025-11-10 14:30,2025-11-10 14:58,2025-11-10 15:29
LAB747627,ENC120075,PT10734,HGB,Hemoglobin,15.7,g/dL,12,17.5,N,Routine,2025-11-10 13:44,2025-11-10 13:58,2025-11-10 15:55
LAB747628,ENC120075,PT10734,NA,Sodium,138,mmol/L,136,145,N,Routine,2025-11-10 14:02,2025-11-10 14:33,2025-11-10 18:50
LAB747629,ENC120075,PT10734,K,Potassium,3.8,mmol/L,3.5,5.1,N,STAT,2025-11-10 14:15,2025-11-10 14:21,2025-11-10 15:06
LAB747630,ENC120077,PT13601,GLU,Glucose,141,mg/dL,70,99,H,STAT,2025-11-10 14:02,2025-11-10 14:26,2025-11-10 15:07
LAB747631,ENC120077,PT13601,CREAT,Creatinine,1.41,mg/dL,0.6,1.3,H,Routine,2025-11-10 14:33,2025-11-10 14:41,2025-11-10 17:01
LAB747632,ENC120078,PT10969,GLU,Glucose,111,mg/dL,70,99,H,STAT,2025-11-10 15:03,2025-11-10 15:14,2025-11-10 16:18
LAB747633,ENC120078,PT10969,CREAT,Creatinine,1.75,mg/dL,0.6,1.3,H,Routine,2025-11-10 14:36,2025-11-10 15:06,2025-11-10 17:56
LAB747634,ENC120078,PT10969,WBC,White Blood Cell Count,5.2,K/uL,4.5,11,N,Routine,2025-11-10 14:57,2025-11-10 15:25,2025-11-10 19:04
LAB747635,ENC120078,PT10969,HGB,Hemoglobin,11.2,g/dL,12,17.5,L,Routine,2025-11-10 14:31,2025-11-10 14:53,2025-11-10 16:46
LAB747636,ENC120078,PT10969,TROP,"Troponin I, High Sensitivity",55,ng/L,0,34,H,STAT,2025-11-10 14:00,2025-11-10 14:28,2025-11-10 15:21
LAB747637,ENC120078,PT10969,BNP,B-Type Natriuretic Peptide,1432,pg/mL,0,100,H,STAT,2025-11-10 14:50,2025-11-10 14:56,2025-11-10 15:22
LAB747638,ENC120079,PT11435,TROP,"Troponin I, High Sensitivity",3,ng/L,0,34,N,STAT,2025-11-10 14:29,2025-11-10 15:01,2025-11-10 17:02
LAB747639,ENC120081,PT10460,LDL,LDL Cholesterol,155,mg/dL,0,99,H,Routine,2025-11-10 14:54,2025-11-10 15:23,2025-11-11 12:12
LAB747640,ENC120081,PT10460,TSH,Thyroid Stimulating Hormone,0.11,mIU/L,0.4,4,L,Routine,2025-11-10 14:59,2025-11-10 15:32,2025-11-11 16:41
LAB747641,ENC120082,PT10536,GLU,Glucose,105,mg/dL,70,99,H,STAT,2025-11-10 14:53,2025-11-10 15:20,2025-11-10 16:15
LAB747642,ENC120082,PT10536,CREAT,Creatinine,1,mg/dL,0.6,1.3,N,Routine,2025-11-10 15:43,2025-11-10 16:16,2025-11-10 17:12
LAB747643,ENC120082,PT10536,WBC,White Blood Cell Count,5.8,K/uL,4.5,11,N,Routine,2025-11-10 14:51,2025-11-10 15:01,2025-11-10 18:08
LAB747644,ENC120082,PT10536,HGB,Hemoglobin,16.6,g/dL,12,17.5,N,Routine,2025-11-10 15:21,2025-11-10 15:27,2025-11-10 17:29
LAB747645,ENC120082,PT10536,TROP,"Troponin I, High Sensitivity",8,ng/L,0,34,N,STAT,2025-11-10 15:04,2025-11-10 15:27,2025-11-10 16:05
LAB747646,ENC120084,PT12198,LDL,LDL Cholesterol,122,mg/dL,0,99,H,Routine,2025-11-10 15:10,2025-11-10 15:45,2025-11-11 05:00
LAB747647,ENC120084,PT12198,A1C,Hemoglobin A1c,6,%,4,5.6,H,Routine,2025-11-10 15:20,2025-11-10 15:47,2025-11-11 04:34
LAB747648,ENC120085,PT10769,LDL,LDL Cholesterol,100,mg/dL,0,99,H,Routine,2025-11-10 15:57,2025-11-10 16:21,2025-11-12 01:19
LAB747649,ENC120085,PT10769,A1C,Hemoglobin A1c,9.3,%,4,5.6,H,Routine,2025-11-10 15:52,2025-11-10 15:58,2025-11-11 11:58
LAB747650,ENC120087,PT13090,WBC,White Blood Cell Count,6.3,K/uL,4.5,11,N,Routine,2025-11-10 16:15,2025-11-10 16:46,2025-11-10 18:38
LAB747651,ENC120087,PT13090,HGB,Hemoglobin,15.4,g/dL,12,17.5,N,Routine,2025-11-10 16:14,2025-11-10 16:49,2025-11-10 19:29
LAB747652,ENC120087,PT13090,PLT,Platelet Count,292,K/uL,150,400,N,Routine,2025-11-10 16:03,2025-11-10 16:16,2025-11-10 19:11
LAB747653,ENC120088,PT10288,GLU,Glucose,125,mg/dL,70,99,H,Routine,2025-11-10 16:33,2025-11-10 17:00,2025-11-10 21:18
LAB747654,ENC120088,PT10288,CREAT,Creatinine,1.03,mg/dL,0.6,1.3,N,STAT,2025-11-10 16:39,2025-11-10 17:00,2025-11-10 17:50
LAB747655,ENC120088,PT10288,WBC,White Blood Cell Count,18,K/uL,4.5,11,H,Routine,2025-11-10 17:10,2025-11-10 17:19,2025-11-10 19:52
LAB747656,ENC120088,PT10288,HGB,Hemoglobin,12.9,g/dL,12,17.5,N,Routine,2025-11-10 16:21,2025-11-10 16:51,2025-11-10 18:44
LAB747657,ENC120089,PT12401,GLU,Glucose,182,mg/dL,70,99,H,STAT,2025-11-10 19:21,2025-11-10 19:34,2025-11-10 20:36
LAB747658,ENC120089,PT12401,CREAT,Creatinine,0.78,mg/dL,0.6,1.3,N,STAT,2025-11-10 20:05,2025-11-10 20:33,2025-11-10 20:47
LAB747659,ENC120089,PT12401,WBC,White Blood Cell Count,7.3,K/uL,4.5,11,N,Routine,2025-11-10 19:49,2025-11-10 20:03,2025-11-10 22:37
LAB747660,ENC120089,PT12401,HGB,Hemoglobin,14.3,g/dL,12,17.5,N,Routine,2025-11-10 18:59,2025-11-10 19:33,2025-11-10 22:16
LAB747661,ENC120089,PT12401,TROP,"Troponin I, High Sensitivity",8,ng/L,0,34,N,STAT,2025-11-10 19:58,2025-11-10 20:33,2025-11-10 21:21
LAB747662,ENC120092,PT13529,GLU,Glucose,216,mg/dL,70,99,H,Routine,2025-11-10 18:35,2025-11-10 18:58,2025-11-10 23:27
LAB747663,ENC120092,PT13529,CREAT,Creatinine,0.78,mg/dL,0.6,1.3,N,STAT,2025-11-10 18:28,2025-11-10 18:59,2025-11-10 20:08
LAB747664,ENC120092,PT13529,WBC,White Blood Cell Count,7.7,K/uL,4.5,11,N,STAT,2025-11-10 18:06,2025-11-10 18:28,2025-11-10 19:52
LAB747665,ENC120092,PT13529,HGB,Hemoglobin,13.6,g/dL,12,17.5,N,STAT,2025-11-10 18:15,2025-11-10 18:29,2025-11-10 19:54
LAB747666,ENC120092,PT13529,TROP,"Troponin I, High Sensitivity",4,ng/L,0,34,N,STAT,2025-11-10 18:21,2025-11-10 18:30,2025-11-10 19:21
LAB747667,ENC120094,PT11408,GLU,Glucose,100,mg/dL,70,99,H,Routine,2025-11-10 19:04,2025-11-10 19:26,2025-11-10 21:52
LAB747668,ENC120094,PT11408,CREAT,Creatinine,0.52,mg/dL,0.6,1.3,L,STAT,2025-11-10 18:22,2025-11-10 18:51,2025-11-10 19:36
LAB747669,ENC120096,PT10715,GLU,Glucose,113,mg/dL,70,99,H,Routine,2025-11-11 01:00,2025-11-11 01:08,2025-11-11 02:32
LAB747670,ENC120096,PT10715,CREAT,Creatinine,0.79,mg/dL,0.6,1.3,N,STAT,2025-11-11 01:02,2025-11-11 01:08,2025-11-11 02:00
LAB747671,ENC120096,PT10715,WBC,White Blood Cell Count,7.9,K/uL,4.5,11,N,STAT,2025-11-11 00:12,2025-11-11 00:22,2025-11-11 00:36
LAB747672,ENC120096,PT10715,HGB,Hemoglobin,14.1,g/dL,12,17.5,N,STAT,2025-11-11 00:37,2025-11-11 00:51,2025-11-11 01:30
LAB747673,ENC120096,PT10715,NA,Sodium,138,mmol/L,136,145,N,STAT,2025-11-11 00:47,2025-11-11 01:08,2025-11-11 01:41
LAB747674,ENC120096,PT10715,K,Potassium,4.6,mmol/L,3.5,5.1,N,STAT,2025-11-11 00:18,2025-11-11 00:42,2025-11-11 02:01
LAB747675,ENC120097,PT10807,GLU,Glucose,241,mg/dL,70,99,H,STAT,2025-11-11 00:23,2025-11-11 00:47,2025-11-11 02:04
LAB747676,ENC120097,PT10807,CREAT,Creatinine,1.23,mg/dL,0.6,1.3,N,Routine,2025-11-10 23:53,2025-11-11 00:01,2025-11-11 02:03
LAB747677,ENC120097,PT10807,WBC,White Blood Cell Count,7.9,K/uL,4.5,11,N,STAT,2025-11-11 00:20,2025-11-11 00:38,2025-11-11 01:18
LAB747678,ENC120098,PT12535,GLU,Glucose,236,mg/dL,70,99,H,Routine,2025-11-11 00:31,2025-11-11 00:36,2025-11-11 04:45
LAB747679,ENC120098,PT12535,CREAT,Creatinine,1.19,mg/dL,0.6,1.3,N,STAT,2025-11-11 00:05,2025-11-11 00:36,2025-11-11 01:13
LAB747680,ENC120098,PT12535,WBC,White Blood Cell Count,7.1,K/uL,4.5,11,N,Routine,2025-11-11 00:55,2025-11-11 01:28,2025-11-11 04:46
LAB747681,ENC120098,PT12535,HGB,Hemoglobin,15.1,g/dL,12,17.5,N,STAT,2025-11-11 00:49,2025-11-11 01:04,2025-11-11 03:22
LAB747682,ENC120100,PT11412,GLU,Glucose,88,mg/dL,70,99,N,Routine,2025-11-11 03:37,2025-11-11 03:48,2025-11-11 06:16
LAB747683,ENC120100,PT11412,CREAT,Creatinine,0.98,mg/dL,0.6,1.3,N,Routine,2025-11-11 03:48,2025-11-11 03:53,2025-11-11 05:41
LAB747684,ENC120100,PT11412,WBC,White Blood Cell Count,7.6,K/uL,4.5,11,N,Routine,2025-11-11 03:44,2025-11-11 04:18,2025-11-11 05:42
LAB747685,ENC120100,PT11412,HGB,Hemoglobin,12.9,g/dL,12,17.5,N,Routine,2025-11-11 04:10,2025-11-11 04:20,2025-11-11 08:53
LAB747686,ENC120100,PT11412,NA,Sodium,143,mmol/L,136,145,N,STAT,2025-11-11 04:28,2025-11-11 04:42,2025-11-11 05:21
LAB747687,ENC120100,PT11412,K,Potassium,4.4,mmol/L,3.5,5.1,N,STAT,2025-11-11 04:14,2025-11-11 04:37,2025-11-11 05:14
LAB747688,ENC120100,PT11412,BUN,Blood Urea Nitrogen,14,mg/dL,7,20,N,STAT,2025-11-11 04:28,2025-11-11 04:51,2025-11-11 05:53
LAB747689,ENC120100,PT11412,PLT,Platelet Count,224,K/uL,150,400,N,Routine,2025-11-11 04:29,2025-11-11 04:44,2025-11-11 09:18
LAB747690,ENC120100,PT11412,TROP,"Troponin I, High Sensitivity",42,ng/L,0,34,H,STAT,2025-11-11 03:47,2025-11-11 04:07,2025-11-11 04:44
LAB747691,ENC120100,PT11412,BNP,B-Type Natriuretic Peptide,1026,pg/mL,0,100,H,STAT,2025-11-11 04:02,2025-11-11 04:09,2025-11-11 05:15
LAB747692,ENC120101,PT10622,GLU,Glucose,102,mg/dL,70,99,H,STAT,2025-11-11 02:08,2025-11-11 02:30,2025-11-11 03:23
LAB747693,ENC120101,PT10622,CREAT,Creatinine,0.9,mg/dL,0.6,1.3,N,STAT,2025-11-11 02:45,2025-11-11 03:00,2025-11-11 03:39
LAB747694,ENC120101,PT10622,WBC,White Blood Cell Count,7.6,K/uL,4.5,11,N,STAT,2025-11-11 01:52,2025-11-11 02:12,2025-11-11 03:17
LAB747695,ENC120101,PT10622,HGB,Hemoglobin,13.2,g/dL,12,17.5,N,STAT,2025-11-11 02:43,2025-11-11 03:13,2025-11-11 03:57
LAB747696,ENC120103,PT10444,GLU,Glucose,269,mg/dL,70,99,H,STAT,2025-11-11 06:46,2025-11-11 07:18,2025-11-11 07:55
LAB747697,ENC120103,PT10444,CREAT,Creatinine,0.2,mg/dL,0.6,1.3,L,STAT,2025-11-11 07:34,2025-11-11 07:44,2025-11-11 08:43
LAB747698,ENC120103,PT10444,WBC,White Blood Cell Count,7.3,K/uL,4.5,11,N,Routine,2025-11-11 07:23,2025-11-11 07:36,2025-11-11 11:53
LAB747699,ENC120103,PT10444,HGB,Hemoglobin,10.5,g/dL,12,17.5,L,STAT,2025-11-11 07:32,2025-11-11 07:49,2025-11-11 08:17
LAB747700,ENC120104,PT13400,INR,Prothrombin Time INR,1.1,ratio,0.8,1.2,N,Routine,2025-11-11 08:25,2025-11-11 08:58,2025-11-11 12:23
LAB747701,ENC120107,PT12477,GLU,Glucose,85,mg/dL,70,99,N,STAT,2025-11-11 10:39,2025-11-11 11:10,2025-11-11 11:36
LAB747702,ENC120107,PT12477,CREAT,Creatinine,0.85,mg/dL,0.6,1.3,N,Routine,2025-11-11 11:08,2025-11-11 11:14,2025-11-11 11:59
LAB747703,ENC120108,PT12206,GLU,Glucose,131,mg/dL,70,99,H,STAT,2025-11-11 14:09,2025-11-11 14:29,2025-11-11 15:17
LAB747704,ENC120108,PT12206,CREAT,Creatinine,2.23,mg/dL,0.6,1.3,H,STAT,2025-11-11 14:15,2025-11-11 14:39,2025-11-11 16:03
LAB747705,ENC120108,PT12206,WBC,White Blood Cell Count,10.5,K/uL,4.5,11,N,Routine,2025-11-11 14:57,2025-11-11 15:13,2025-11-11 18:34
LAB747706,ENC120108,PT12206,HGB,Hemoglobin,13.6,g/dL,12,17.5,N,STAT,2025-11-11 14:42,2025-11-11 15:12,2025-11-11 16:11
LAB747707,ENC120108,PT12206,NA,Sodium,146,mmol/L,136,145,H,STAT,2025-11-11 14:38,2025-11-11 15:07,2025-11-11 15:35
LAB747708,ENC120108,PT12206,K,Potassium,3.9,mmol/L,3.5,5.1,N,STAT,2025-11-11 14:07,2025-11-11 14:39,2025-11-11 15:23
LAB747709,ENC120108,PT12206,LACT,Lactate,0.9,mmol/L,0.5,2,N,STAT,2025-11-11 14:06,2025-11-11 14:19,2025-11-11 15:55
LAB747710,ENC120111,PT12841,GLU,Glucose,180,mg/dL,70,99,H,STAT,2025-11-11 12:11,2025-11-11 12:22,2025-11-11 12:50
LAB747711,ENC120111,PT12841,CREAT,Creatinine,0.7,mg/dL,0.6,1.3,N,STAT,2025-11-11 11:13,2025-11-11 11:39,2025-11-11 12:39
LAB747712,ENC120114,PT10452,GLU,Glucose,167,mg/dL,70,99,H,Routine,2025-11-11 12:33,2025-11-11 12:51,2025-11-11 15:09
LAB747713,ENC120114,PT10452,CREAT,Creatinine,2.41,mg/dL,0.6,1.3,H,Routine,2025-11-11 11:59,2025-11-11 12:09,2025-11-11 13:39
LAB747714,ENC120114,PT10452,WBC,White Blood Cell Count,11.6,K/uL,4.5,11,H,Routine,2025-11-11 11:38,2025-11-11 12:08,2025-11-11 15:17
LAB747715,ENC120114,PT10452,HGB,Hemoglobin,11.7,g/dL,12,17.5,L,STAT,2025-11-11 12:11,2025-11-11 12:31,2025-11-11 13:00
LAB747716,ENC120114,PT10452,LACT,Lactate,2,mmol/L,0.5,2,N,STAT,2025-11-11 12:06,2025-11-11 12:20,2025-11-11 13:33
LAB747717,ENC120117,PT10421,LDL,LDL Cholesterol,197,mg/dL,0,99,H,Routine,2025-11-11 12:12,2025-11-11 12:32,2025-11-12 02:41
LAB747718,ENC120121,PT11722,GLU,Glucose,83,mg/dL,70,99,N,Routine,2025-11-11 16:29,2025-11-11 16:36,2025-11-11 17:48
LAB747719,ENC120121,PT11722,CREAT,Creatinine,1.04,mg/dL,0.6,1.3,N,Routine,2025-11-11 16:50,2025-11-11 17:08,2025-11-11 19:18
LAB747720,ENC120121,PT11722,WBC,White Blood Cell Count,8,K/uL,4.5,11,N,STAT,2025-11-11 16:53,2025-11-11 17:10,2025-11-11 17:42
LAB747721,ENC120121,PT11722,HGB,Hemoglobin,14,g/dL,12,17.5,N,Routine,2025-11-11 17:27,2025-11-11 17:52,2025-11-11 19:31
LAB747722,ENC120128,PT12907,LDL,LDL Cholesterol,137,mg/dL,0,99,H,Routine,2025-11-11 15:36,2025-11-11 15:56,2025-11-12 08:33
LAB747723,ENC120128,PT12907,A1C,Hemoglobin A1c,5.5,%,4,5.6,N,Routine,2025-11-11 15:59,2025-11-11 16:14,2025-11-12 05:15
LAB747724,ENC120130,PT13690,GLU,Glucose,104,mg/dL,70,99,H,Routine,2025-11-11 16:51,2025-11-11 17:21,2025-11-11 18:42
LAB747725,ENC120130,PT13690,CREAT,Creatinine,0.51,mg/dL,0.6,1.3,L,Routine,2025-11-11 16:38,2025-11-11 16:48,2025-11-11 19:59
LAB747726,ENC120130,PT13690,WBC,White Blood Cell Count,11.6,K/uL,4.5,11,H,STAT,2025-11-11 16:32,2025-11-11 16:58,2025-11-11 17:54
LAB747727,ENC120130,PT13690,HGB,Hemoglobin,14.1,g/dL,12,17.5,N,Routine,2025-11-11 16:50,2025-11-11 17:20,2025-11-11 23:34
LAB747728,ENC120131,PT10196,WBC,White Blood Cell Count,7,K/uL,4.5,11,N,Routine,2025-11-11 16:34,2025-11-11 16:50,2025-11-11 21:22
LAB747729,ENC120131,PT10196,HGB,Hemoglobin,9.3,g/dL,12,17.5,L,Routine,2025-11-11 16:29,2025-11-11 17:01,2025-11-11 20:38
LAB747730,ENC120131,PT10196,PLT,Platelet Count,305,K/uL,150,400,N,Routine,2025-11-11 16:31,2025-11-11 16:45,2025-11-11 18:27
LAB747731,ENC120132,PT11381,A1C,Hemoglobin A1c,5.3,%,4,5.6,N,Routine,2025-11-11 16:49,2025-11-11 17:09,2025-11-12 05:43
LAB747732,ENC120133,PT10157,GLU,Glucose,130,mg/dL,70,99,H,STAT,2025-11-11 17:37,2025-11-11 17:55,2025-11-11 19:00
LAB747733,ENC120133,PT10157,CREAT,Creatinine,0.52,mg/dL,0.6,1.3,L,Routine,2025-11-11 17:04,2025-11-11 17:33,2025-11-11 19:19
LAB747734,ENC120133,PT10157,WBC,White Blood Cell Count,5.7,K/uL,4.5,11,N,STAT,2025-11-11 17:28,2025-11-11 17:53,2025-11-11 18:38
LAB747735,ENC120133,PT10157,HGB,Hemoglobin,16.5,g/dL,12,17.5,N,STAT,2025-11-11 17:33,2025-11-11 17:50,2025-11-11 18:55
LAB747736,ENC120134,PT11958,GLU,Glucose,119,mg/dL,70,99,H,STAT,2025-11-11 17:11,2025-11-11 17:41,2025-11-11 18:44
LAB747737,ENC120134,PT11958,CREAT,Creatinine,0.83,mg/dL,0.6,1.3,N,Routine,2025-11-11 17:19,2025-11-11 17:29,2025-11-11 19:43
LAB747738,ENC120134,PT11958,WBC,White Blood Cell Count,3.8,K/uL,4.5,11,L,Routine,2025-11-11 17:50,2025-11-11 18:13,2025-11-11 19:52
LAB747739,ENC120134,PT11958,HGB,Hemoglobin,16.2,g/dL,12,17.5,N,STAT,2025-11-11 16:48,2025-11-11 16:56,2025-11-11 17:59
LAB747740,ENC120134,PT11958,BUN,Blood Urea Nitrogen,20,mg/dL,7,20,N,STAT,2025-11-11 16:56,2025-11-11 17:18,2025-11-11 17:54
LAB747741,ENC120134,PT11958,PLT,Platelet Count,262,K/uL,150,400,N,STAT,2025-11-11 17:01,2025-11-11 17:36,2025-11-11 18:33
LAB747742,ENC120134,PT11958,TROP,"Troponin I, High Sensitivity",8,ng/L,0,34,N,STAT,2025-11-11 17:22,2025-11-11 17:56,2025-11-11 18:59
LAB747743,ENC120134,PT11958,BNP,B-Type Natriuretic Peptide,401,pg/mL,0,100,H,Routine,2025-11-11 17:14,2025-11-11 17:41,2025-11-11 20:05
LAB747744,ENC120137,PT12357,GLU,Glucose,92,mg/dL,70,99,N,STAT,2025-11-11 21:03,2025-11-11 21:11,2025-11-11 21:44
LAB747745,ENC120137,PT12357,CREAT,Creatinine,0.91,mg/dL,0.6,1.3,N,STAT,2025-11-11 21:43,2025-11-11 22:03,2025-11-11 22:42
LAB747746,ENC120137,PT12357,WBC,White Blood Cell Count,17.2,K/uL,4.5,11,H,STAT,2025-11-11 22:07,2025-11-11 22:28,2025-11-11 23:50
LAB747747,ENC120137,PT12357,HGB,Hemoglobin,13.7,g/dL,12,17.5,N,Routine,2025-11-11 21:09,2025-11-11 21:21,2025-11-11 22:31
LAB747748,ENC120138,PT13862,GLU,Glucose,136,mg/dL,70,99,H,STAT,2025-11-12 01:55,2025-11-12 02:14,2025-11-12 02:45
LAB747749,ENC120138,PT13862,CREAT,Creatinine,1.19,mg/dL,0.6,1.3,N,STAT,2025-11-12 01:56,2025-11-12 02:23,2025-11-12 02:43
LAB747750,ENC120139,PT10112,GLU,Glucose,97,mg/dL,70,99,N,Routine,2025-11-12 05:09,2025-11-12 05:37,2025-11-12 10:16
LAB747751,ENC120139,PT10112,CREAT,Creatinine,1.22,mg/dL,0.6,1.3,N,Routine,2025-11-12 06:16,2025-11-12 06:21,2025-11-12 09:28
LAB747752,ENC120139,PT10112,WBC,White Blood Cell Count,13,K/uL,4.5,11,H,STAT,2025-11-12 05:59,2025-11-12 06:13,2025-11-12 07:01
LAB747753,ENC120139,PT10112,HGB,Hemoglobin,14.8,g/dL,12,17.5,N,Routine,2025-11-12 05:27,2025-11-12 05:36,2025-11-12 09:02
LAB747754,ENC120142,PT13990,GLU,Glucose,92,mg/dL,70,99,N,STAT,2025-11-12 04:57,2025-11-12 05:13,2025-11-12 05:56
LAB747755,ENC120142,PT13990,CREAT,Creatinine,0.95,mg/dL,0.6,1.3,N,STAT,2025-11-12 04:47,2025-11-12 05:21,2025-11-12 07:06
LAB747756,ENC120142,PT13990,WBC,White Blood Cell Count,8.7,K/uL,4.5,11,N,STAT,2025-11-12 05:37,2025-11-12 05:46,2025-11-12 06:32
LAB747757,ENC120142,PT13990,HGB,Hemoglobin,11.2,g/dL,12,17.5,L,Routine,2025-11-12 04:42,2025-11-12 05:09,2025-11-12 07:16
LAB747758,ENC120143,PT13505,GLU,Glucose,114,mg/dL,70,99,H,STAT,2025-11-12 11:11,2025-11-12 11:31,2025-11-12 12:20
LAB747759,ENC120143,PT13505,CREAT,Creatinine,1.24,mg/dL,0.6,1.3,N,STAT,2025-11-12 11:03,2025-11-12 11:07,2025-11-12 11:52
LAB747760,ENC120143,PT13505,WBC,White Blood Cell Count,15.9,K/uL,4.5,11,H,STAT,2025-11-12 11:21,2025-11-12 11:43,2025-11-12 12:37
LAB747761,ENC120143,PT13505,HGB,Hemoglobin,14.9,g/dL,12,17.5,N,STAT,2025-11-12 11:19,2025-11-12 11:49,2025-11-12 12:24
LAB747762,ENC120149,PT13669,A1C,Hemoglobin A1c,5.3,%,4,5.6,N,Routine,2025-11-12 11:15,2025-11-12 11:34,2025-11-13 11:19
LAB747763,ENC120149,PT13669,GLU,Glucose,103,mg/dL,70,99,H,Routine,2025-11-12 11:02,2025-11-12 11:07,2025-11-12 13:08
LAB747764,ENC120149,PT13669,CREAT,Creatinine,1.1,mg/dL,0.6,1.3,N,Routine,2025-11-12 10:54,2025-11-12 10:58,2025-11-12 13:13
LAB747765,ENC120151,PT10307,GLU,Glucose,124,mg/dL,70,99,H,STAT,2025-11-12 12:31,2025-11-12 12:39,2025-11-12 13:10
LAB747766,ENC120151,PT10307,CREAT,Creatinine,1.05,mg/dL,0.6,1.3,N,STAT,2025-11-12 11:26,2025-11-12 11:58,2025-11-12 12:46
LAB747767,ENC120154,PT11188,GLU,Glucose,167,mg/dL,70,99,H,STAT,2025-11-12 13:18,2025-11-12 13:35,2025-11-12 14:09
LAB747768,ENC120154,PT11188,CREAT,Creatinine,0.86,mg/dL,0.6,1.3,N,STAT,2025-11-12 13:21,2025-11-12 13:38,2025-11-12 14:14
LAB747769,ENC120154,PT11188,WBC,White Blood Cell Count,9,K/uL,4.5,11,N,Routine,2025-11-12 13:09,2025-11-12 13:25,2025-11-12 15:17
LAB747770,ENC120154,PT11188,HGB,Hemoglobin,12.7,g/dL,12,17.5,N,STAT,2025-11-12 14:00,2025-11-12 14:08,2025-11-12 14:35
LAB747771,ENC120161,PT12994,LDL,LDL Cholesterol,138,mg/dL,0,99,H,Routine,2025-11-12 15:06,2025-11-12 15:17,2025-11-13 07:17
LAB747772,ENC120161,PT12994,TSH,Thyroid Stimulating Hormone,0.18,mIU/L,0.4,4,L,Routine,2025-11-12 15:24,2025-11-12 15:53,2025-11-13 10:46
LAB747773,ENC120162,PT13440,GLU,Glucose,224,mg/dL,70,99,H,Routine,2025-11-12 15:23,2025-11-12 15:51,2025-11-12 17:32
LAB747774,ENC120162,PT13440,CREAT,Creatinine,0.92,mg/dL,0.6,1.3,N,STAT,2025-11-12 16:20,2025-11-12 16:43,2025-11-12 17:23
LAB747775,ENC120162,PT13440,WBC,White Blood Cell Count,7,K/uL,4.5,11,N,Routine,2025-11-12 15:43,2025-11-12 16:07,2025-11-12 20:43
LAB747776,ENC120162,PT13440,HGB,Hemoglobin,12.8,g/dL,12,17.5,N,STAT,2025-11-12 15:25,2025-11-12 15:30,2025-11-12 16:07
LAB747777,ENC120164,PT11954,GLU,Glucose,141,mg/dL,70,99,H,Routine,2025-11-12 16:49,2025-11-12 17:09,2025-11-12 19:54
LAB747778,ENC120164,PT11954,CREAT,Creatinine,0.86,mg/dL,0.6,1.3,N,STAT,2025-11-12 16:40,2025-11-12 17:14,2025-11-12 17:42
LAB747779,ENC120166,PT13398,GLU,Glucose,167,mg/dL,70,99,H,STAT,2025-11-12 17:34,2025-11-12 18:07,2025-11-12 18:35
LAB747780,ENC120166,PT13398,CREAT,Creatinine,1,mg/dL,0.6,1.3,N,Routine,2025-11-12 17:33,2025-11-12 17:58,2025-11-12 21:25
LAB747781,ENC120166,PT13398,WBC,White Blood Cell Count,5.4,K/uL,4.5,11,N,STAT,2025-11-12 17:26,2025-11-12 17:45,2025-11-12 19:06
LAB747782,ENC120166,PT13398,TROP,"Troponin I, High Sensitivity",38,ng/L,0,34,H,STAT,2025-11-12 17:55,2025-11-12 18:27,2025-11-12 20:13
LAB747783,ENC120166,PT13398,BNP,B-Type Natriuretic Peptide,1164,pg/mL,0,100,H,STAT,2025-11-12 17:34,2025-11-12 17:54,2025-11-12 19:10
LAB747784,ENC120167,PT13482,GLU,Glucose,103,mg/dL,70,99,H,Routine,2025-11-12 22:29,2025-11-12 23:00,2025-11-13 01:07
LAB747785,ENC120167,PT13482,CREAT,Creatinine,1.04,mg/dL,0.6,1.3,N,STAT,2025-11-12 22:19,2025-11-12 22:36,2025-11-12 23:19
LAB747786,ENC120167,PT13482,WBC,White Blood Cell Count,18.7,K/uL,4.5,11,H,STAT,2025-11-12 22:49,2025-11-12 23:04,2025-11-13 00:14
LAB747787,ENC120167,PT13482,HGB,Hemoglobin,14.1,g/dL,12,17.5,N,STAT,2025-11-12 22:04,2025-11-12 22:30,2025-11-12 23:24
LAB747788,ENC120170,PT12166,GLU,Glucose,140,mg/dL,70,99,H,STAT,2025-11-13 01:39,2025-11-13 01:47,2025-11-13 03:10
LAB747789,ENC120170,PT12166,CREAT,Creatinine,0.85,mg/dL,0.6,1.3,N,STAT,2025-11-13 00:43,2025-11-13 00:52,2025-11-13 01:10
LAB747790,ENC120170,PT12166,WBC,White Blood Cell Count,9.5,K/uL,4.5,11,N,STAT,2025-11-13 01:18,2025-11-13 01:39,2025-11-13 02:02
LAB747791,ENC120170,PT12166,HGB,Hemoglobin,8.9,g/dL,12,17.5,L,STAT,2025-11-13 01:05,2025-11-13 01:25,2025-11-13 02:02
LAB747792,ENC120170,PT12166,INR,Prothrombin Time INR,1,ratio,0.8,1.2,N,Routine,2025-11-13 01:01,2025-11-13 01:13,2025-11-13 03:13
LAB747793,ENC120172,PT13636,GLU,Glucose,85,mg/dL,70,99,N,STAT,2025-11-12 23:29,2025-11-12 23:44,2025-11-13 00:42
LAB747794,ENC120172,PT13636,CREAT,Creatinine,1.44,mg/dL,0.6,1.3,H,Routine,2025-11-12 23:15,2025-11-12 23:38,2025-11-13 03:35
LAB747795,ENC120172,PT13636,WBC,White Blood Cell Count,6.6,K/uL,4.5,11,N,STAT,2025-11-12 23:31,2025-11-12 23:55,2025-11-13 01:33
LAB747796,ENC120172,PT13636,HGB,Hemoglobin,9.7,g/dL,12,17.5,L,STAT,2025-11-12 23:18,2025-11-12 23:42,2025-11-13 02:14
LAB747797,ENC120172,PT13636,NA,Sodium,140,mmol/L,136,145,N,STAT,2025-11-12 23:43,2025-11-12 23:56,2025-11-13 01:02
LAB747798,ENC120172,PT13636,K,Potassium,4.2,mmol/L,3.5,5.1,N,STAT,2025-11-12 23:37,2025-11-13 00:06,2025-11-13 00:30
LAB747799,ENC120172,PT13636,BUN,Blood Urea Nitrogen,8,mg/dL,7,20,N,Routine,2025-11-12 23:06,2025-11-12 23:26,2025-11-13 03:47
LAB747800,ENC120172,PT13636,PLT,Platelet Count,272,K/uL,150,400,N,Routine,2025-11-12 23:46,2025-11-12 23:55,2025-11-13 04:00
LAB747801,ENC120174,PT13092,GLU,Glucose,222,mg/dL,70,99,H,Routine,2025-11-13 09:06,2025-11-13 09:17,2025-11-13 10:56
LAB747802,ENC120174,PT13092,CREAT,Creatinine,1.45,mg/dL,0.6,1.3,H,STAT,2025-11-13 08:11,2025-11-13 08:28,2025-11-13 09:23
LAB747803,ENC120174,PT13092,WBC,White Blood Cell Count,13.2,K/uL,4.5,11,H,STAT,2025-11-13 08:25,2025-11-13 08:35,2025-11-13 09:12
LAB747804,ENC120174,PT13092,HGB,Hemoglobin,12.7,g/dL,12,17.5,N,Routine,2025-11-13 09:08,2025-11-13 09:25,2025-11-13 11:34
LAB747805,ENC120174,PT13092,NA,Sodium,138,mmol/L,136,145,N,Routine,2025-11-13 08:19,2025-11-13 08:24,2025-11-13 10:01
LAB747806,ENC120174,PT13092,K,Potassium,4.4,mmol/L,3.5,5.1,N,STAT,2025-11-13 08:31,2025-11-13 08:43,2025-11-13 09:34
LAB747807,ENC120174,PT13092,LACT,Lactate,2.8,mmol/L,0.5,2,H,STAT,2025-11-13 08:56,2025-11-13 09:30,2025-11-13 09:59
LAB747808,ENC120175,PT10148,GLU,Glucose,86,mg/dL,70,99,N,Routine,2025-11-13 08:26,2025-11-13 08:45,2025-11-13 11:13
LAB747809,ENC120175,PT10148,CREAT,Creatinine,0.9,mg/dL,0.6,1.3,N,STAT,2025-11-13 09:11,2025-11-13 09:39,2025-11-13 10:22
LAB747810,ENC120175,PT10148,WBC,White Blood Cell Count,13.2,K/uL,4.5,11,H,STAT,2025-11-13 08:39,2025-11-13 09:05,2025-11-13 10:12
LAB747811,ENC120175,PT10148,HGB,Hemoglobin,14.2,g/dL,12,17.5,N,STAT,2025-11-13 08:43,2025-11-13 09:17,2025-11-13 10:08
LAB747812,ENC120176,PT13096,GLU,Glucose,118,mg/dL,70,99,H,STAT,2025-11-13 11:00,2025-11-13 11:28,2025-11-13 12:00
LAB747813,ENC120176,PT13096,CREAT,Creatinine,1,mg/dL,0.6,1.3,N,STAT,2025-11-13 11:15,2025-11-13 11:49,2025-11-13 12:29
LAB747814,ENC120176,PT13096,WBC,White Blood Cell Count,7,K/uL,4.5,11,N,Routine,2025-11-13 10:22,2025-11-13 10:56,2025-11-13 15:10
LAB747815,ENC120176,PT13096,HGB,Hemoglobin,13.1,g/dL,12,17.5,N,STAT,2025-11-13 11:25,2025-11-13 12:00,2025-11-13 12:47
LAB747816,ENC120177,PT12765,GLU,Glucose,108,mg/dL,70,99,H,STAT,2025-11-13 12:20,2025-11-13 12:40,2025-11-13 13:22
LAB747817,ENC120177,PT12765,CREAT,Creatinine,0.96,mg/dL,0.6,1.3,N,STAT,2025-11-13 13:04,2025-11-13 13:10,2025-11-13 13:47
LAB747818,ENC120177,PT12765,WBC,White Blood Cell Count,8.2,K/uL,4.5,11,N,Routine,2025-11-13 13:23,2025-11-13 13:52,2025-11-13 14:49
LAB747819,ENC120177,PT12765,HGB,Hemoglobin,10.8,g/dL,12,17.5,L,STAT,2025-11-13 13:24,2025-11-13 13:49,2025-11-13 14:42
LAB747820,ENC120177,PT12765,NA,Sodium,138,mmol/L,136,145,N,STAT,2025-11-13 13:24,2025-11-13 13:36,2025-11-13 14:15
LAB747821,ENC120177,PT12765,K,Potassium,4,mmol/L,3.5,5.1,N,STAT,2025-11-13 12:48,2025-11-13 13:22,2025-11-13 14:40
LAB747822,ENC120177,PT12765,BUN,Blood Urea Nitrogen,7,mg/dL,7,20,N,STAT,2025-11-13 13:16,2025-11-13 13:49,2025-11-13 14:42
LAB747823,ENC120177,PT12765,PLT,Platelet Count,312,K/uL,150,400,N,STAT,2025-11-13 12:42,2025-11-13 13:17,2025-11-13 13:56
LAB747824,ENC120177,PT12765,TROP,"Troponin I, High Sensitivity",2914,ng/L,0,34,H,STAT,2025-11-13 12:38,2025-11-13 12:43,2025-11-13 14:11
LAB747825,ENC120178,PT13246,GLU,Glucose,86,mg/dL,70,99,N,Routine,2025-11-13 10:24,2025-11-13 10:35,2025-11-13 13:18
LAB747826,ENC120178,PT13246,CREAT,Creatinine,1.08,mg/dL,0.6,1.3,N,Routine,2025-11-13 10:38,2025-11-13 10:50,2025-11-13 13:37
LAB747827,ENC120178,PT13246,WBC,White Blood Cell Count,8.1,K/uL,4.5,11,N,STAT,2025-11-13 10:24,2025-11-13 10:47,2025-11-13 11:10
LAB747828,ENC120179,PT12299,GLU,Glucose,122,mg/dL,70,99,H,Routine,2025-11-13 13:17,2025-11-13 13:48,2025-11-14 01:58
LAB747829,ENC120179,PT12299,CREAT,Creatinine,1.05,mg/dL,0.6,1.3,N,STAT,2025-11-13 13:27,2025-11-13 13:45,2025-11-13 14:23
LAB747830,ENC120179,PT12299,WBC,White Blood Cell Count,6.5,K/uL,4.5,11,N,STAT,2025-11-13 12:55,2025-11-13 13:09,2025-11-13 13:44
LAB747831,ENC120179,PT12299,HGB,Hemoglobin,13.4,g/dL,12,17.5,N,STAT,2025-11-13 12:58,2025-11-13 13:17,2025-11-13 14:11
LAB747832,ENC120179,PT12299,NA,Sodium,143,mmol/L,136,145,N,STAT,2025-11-13 12:45,2025-11-13 12:53,2025-11-13 13:59
LAB747833,ENC120179,PT12299,K,Potassium,4.6,mmol/L,3.5,5.1,N,STAT,2025-11-13 13:28,2025-11-13 13:53,2025-11-13 14:30
LAB747834,ENC120180,PT13541,GLU,Glucose,84,mg/dL,70,99,N,STAT,2025-11-13 12:43,2025-11-13 12:53,2025-11-13 13:21
LAB747835,ENC120180,PT13541,CREAT,Creatinine,1.34,mg/dL,0.6,1.3,H,Routine,2025-11-13 12:18,2025-11-13 12:49,2025-11-13 15:51
LAB747836,ENC120180,PT13541,WBC,White Blood Cell Count,10,K/uL,4.5,11,N,STAT,2025-11-13 12:27,2025-11-13 12:56,2025-11-13 14:26
LAB747837,ENC120180,PT13541,HGB,Hemoglobin,17.1,g/dL,12,17.5,N,Routine,2025-11-13 13:09,2025-11-13 13:27,2025-11-13 15:54
LAB747838,ENC120181,PT13078,GLU,Glucose,85,mg/dL,70,99,N,Routine,2025-11-13 15:06,2025-11-13 15:11,2025-11-13 21:39
LAB747839,ENC120181,PT13078,CREAT,Creatinine,1.26,mg/dL,0.6,1.3,N,STAT,2025-11-13 14:18,2025-11-13 14:23,2025-11-13 15:38
LAB747840,ENC120181,PT13078,WBC,White Blood Cell Count,7.3,K/uL,4.5,11,N,Routine,2025-11-13 14:37,2025-11-13 14:45,2025-11-13 16:50
LAB747841,ENC120181,PT13078,HGB,Hemoglobin,12.7,g/dL,12,17.5,N,STAT,2025-11-13 14:22,2025-11-13 14:30,2025-11-13 15:08
LAB747842,ENC120182,PT12843,A1C,Hemoglobin A1c,5,%,4,5.6,N,Routine,2025-11-13 10:38,2025-11-13 11:09,2025-11-14 00:31
LAB747843,ENC120182,PT12843,GLU,Glucose,100,mg/dL,70,99,H,Routine,2025-11-13 10:43,2025-11-13 10:51,2025-11-13 18:47
LAB747844,ENC120182,PT12843,CREAT,Creatinine,1.08,mg/dL,0.6,1.3,N,Routine,2025-11-13 10:48,2025-11-13 10:57,2025-11-13 16:04
LAB747845,ENC120183,PT12896,GLU,Glucose,134,mg/dL,70,99,H,Routine,2025-11-13 10:41,2025-11-13 11:15,2025-11-13 13:12
LAB747846,ENC120183,PT12896,CREAT,Creatinine,1.31,mg/dL,0.6,1.3,H,STAT,2025-11-13 11:03,2025-11-13 11:33,2025-11-13 12:02
LAB747847,ENC120183,PT12896,WBC,White Blood Cell Count,12.8,K/uL,4.5,11,H,Routine,2025-11-13 11:36,2025-11-13 11:49,2025-11-13 17:22
LAB747848,ENC120183,PT12896,HGB,Hemoglobin,14.2,g/dL,12,17.5,N,STAT,2025-11-13 10:36,2025-11-13 11:08,2025-11-13 12:01
LAB747849,ENC120184,PT10204,A1C,Hemoglobin A1c,10.2,%,4,5.6,H,Routine,2025-11-13 11:07,2025-11-13 11:20,2025-11-14 05:04
LAB747850,ENC120187,PT12832,GLU,Glucose,93,mg/dL,70,99,N,Routine,2025-11-13 12:17,2025-11-13 12:31,2025-11-13 15:02
LAB747851,ENC120187,PT12832,CREAT,Creatinine,2.04,mg/dL,0.6,1.3,H,Routine,2025-11-13 11:50,2025-11-13 12:04,2025-11-13 15:42
LAB747852,ENC120187,PT12832,WBC,White Blood Cell Count,6.4,K/uL,4.5,11,N,STAT,2025-11-13 12:32,2025-11-13 12:46,2025-11-13 14:22
LAB747853,ENC120187,PT12832,HGB,Hemoglobin,10.5,g/dL,12,17.5,L,STAT,2025-11-13 11:26,2025-11-13 11:40,2025-11-13 12:39
LAB747854,ENC120188,PT11435,A1C,Hemoglobin A1c,5.2,%,4,5.6,N,Routine,2025-11-13 12:14,2025-11-13 12:40,2025-11-13 21:39
LAB747855,ENC120189,PT13874,GLU,Glucose,216,mg/dL,70,99,H,Routine,2025-11-13 13:04,2025-11-13 13:34,2025-11-13 14:41
LAB747856,ENC120189,PT13874,CREAT,Creatinine,1.97,mg/dL,0.6,1.3,H,Routine,2025-11-13 13:08,2025-11-13 13:42,2025-11-13 17:00
LAB747857,ENC120189,PT13874,WBC,White Blood Cell Count,10.1,K/uL,4.5,11,N,STAT,2025-11-13 12:35,2025-11-13 12:42,2025-11-13 13:08
LAB747858,ENC120197,PT10155,GLU,Glucose,92,mg/dL,70,99,N,STAT,2025-11-13 18:19,2025-11-13 18:41,2025-11-13 19:44
LAB747859,ENC120197,PT10155,CREAT,Creatinine,1.42,mg/dL,0.6,1.3,H,Routine,2025-11-13 18:24,2025-11-13 18:45,2025-11-14 01:15
LAB747860,ENC120197,PT10155,WBC,White Blood Cell Count,12.8,K/uL,4.5,11,H,STAT,2025-11-13 19:01,2025-11-13 19:16,2025-11-13 20:15
LAB747861,ENC120197,PT10155,HGB,Hemoglobin,16,g/dL,12,17.5,N,Routine,2025-11-13 19:11,2025-11-13 19:39,2025-11-13 22:45
LAB747862,ENC120197,PT10155,NA,Sodium,138,mmol/L,136,145,N,Routine,2025-11-13 18:22,2025-11-13 18:55,2025-11-13 20:42
LAB747863,ENC120197,PT10155,K,Potassium,4,mmol/L,3.5,5.1,N,STAT,2025-11-13 18:34,2025-11-13 18:55,2025-11-13 19:22
LAB747864,ENC120198,PT11606,GLU,Glucose,107,mg/dL,70,99,H,STAT,2025-11-13 17:47,2025-11-13 18:02,2025-11-13 18:50
LAB747865,ENC120198,PT11606,CREAT,Creatinine,3.54,mg/dL,0.6,1.3,H,STAT,2025-11-13 17:44,2025-11-13 18:08,2025-11-13 18:43
LAB747866,ENC120198,PT11606,WBC,White Blood Cell Count,5.3,K/uL,4.5,11,N,Routine,2025-11-13 17:57,2025-11-13 18:26,2025-11-13 21:10
LAB747867,ENC120198,PT11606,HGB,Hemoglobin,14.6,g/dL,12,17.5,N,Routine,2025-11-13 18:13,2025-11-13 18:44,2025-11-13 22:06
LAB747868,ENC120198,PT11606,NA,Sodium,139,mmol/L,136,145,N,STAT,2025-11-13 17:54,2025-11-13 18:12,2025-11-13 18:55
LAB747869,ENC120198,PT11606,K,Potassium,5.5,mmol/L,3.5,5.1,H,STAT,2025-11-13 18:23,2025-11-13 18:44,2025-11-13 20:13
LAB747870,ENC120198,PT11606,BUN,Blood Urea Nitrogen,16,mg/dL,7,20,N,STAT,2025-11-13 17:55,2025-11-13 18:11,2025-11-13 18:33
LAB747871,ENC120198,PT11606,PLT,Platelet Count,272,K/uL,150,400,N,STAT,2025-11-13 18:01,2025-11-13 18:12,2025-11-13 18:43
LAB747872,ENC120199,PT12889,WBC,White Blood Cell Count,8.4,K/uL,4.5,11,N,Routine,2025-11-13 15:45,2025-11-13 16:16,2025-11-13 23:03
LAB747873,ENC120199,PT12889,HGB,Hemoglobin,12.6,g/dL,12,17.5,N,Routine,2025-11-13 15:37,2025-11-13 16:12,2025-11-13 17:19
LAB747874,ENC120199,PT12889,PLT,Platelet Count,226,K/uL,150,400,N,Routine,2025-11-13 15:41,2025-11-13 16:07,2025-11-13 20:51
LAB747875,ENC120200,PT10383,GLU,Glucose,142,mg/dL,70,99,H,Routine,2025-11-13 16:23,2025-11-13 16:38,2025-11-13 19:56
LAB747876,ENC120200,PT10383,CREAT,Creatinine,1.03,mg/dL,0.6,1.3,N,STAT,2025-11-13 16:18,2025-11-13 16:49,2025-11-13 17:30
LAB747877,ENC120200,PT10383,WBC,White Blood Cell Count,10.6,K/uL,4.5,11,N,STAT,2025-11-13 16:01,2025-11-13 16:19,2025-11-13 17:08
LAB747878,ENC120203,PT12992,GLU,Glucose,100,mg/dL,70,99,H,Routine,2025-11-13 19:47,2025-11-13 20:16,2025-11-14 00:51
LAB747879,ENC120203,PT12992,CREAT,Creatinine,0.8,mg/dL,0.6,1.3,N,STAT,2025-11-13 20:05,2025-11-13 20:11,2025-11-13 21:10
LAB747880,ENC120203,PT12992,WBC,White Blood Cell Count,15.8,K/uL,4.5,11,H,STAT,2025-11-13 20:20,2025-11-13 20:51,2025-11-13 21:41
LAB747881,ENC120203,PT12992,HGB,Hemoglobin,17,g/dL,12,17.5,N,STAT,2025-11-13 19:48,2025-11-13 19:55,2025-11-13 20:40
LAB747882,ENC120203,PT12992,BUN,Blood Urea Nitrogen,12,mg/dL,7,20,N,STAT,2025-11-13 20:15,2025-11-13 20:45,2025-11-13 22:00
LAB747883,ENC120203,PT12992,PLT,Platelet Count,310,K/uL,150,400,N,STAT,2025-11-13 19:29,2025-11-13 19:56,2025-11-13 21:06
LAB747884,ENC120205,PT12305,LDL,LDL Cholesterol,157,mg/dL,0,99,H,Routine,2025-11-13 16:39,2025-11-13 17:12,2025-11-14 07:57
LAB747885,ENC120205,PT12305,A1C,Hemoglobin A1c,7.4,%,4,5.6,H,Routine,2025-11-13 16:50,2025-11-13 17:07,2025-11-13 23:49
LAB747886,ENC120206,PT11091,GLU,Glucose,70,mg/dL,70,99,N,STAT,2025-11-13 17:06,2025-11-13 17:36,2025-11-13 18:25
LAB747887,ENC120206,PT11091,CREAT,Creatinine,3.39,mg/dL,0.6,1.3,H,STAT,2025-11-13 17:50,2025-11-13 18:24,2025-11-13 19:02
LAB747888,ENC120206,PT11091,WBC,White Blood Cell Count,10,K/uL,4.5,11,N,Routine,2025-11-13 18:02,2025-11-13 18:14,2025-11-13 22:16
LAB747889,ENC120206,PT11091,HGB,Hemoglobin,11.4,g/dL,12,17.5,L,Routine,2025-11-13 17:09,2025-11-13 17:23,2025-11-13 22:10
LAB747890,ENC120206,PT11091,NA,Sodium,139,mmol/L,136,145,N,Routine,2025-11-13 17:42,2025-11-13 18:14,2025-11-13 20:41
LAB747891,ENC120206,PT11091,K,Potassium,5.6,mmol/L,3.5,5.1,H,STAT,2025-11-13 17:22,2025-11-13 17:39,2025-11-13 18:40
LAB747892,ENC120207,PT13770,GLU,Glucose,101,mg/dL,70,99,H,STAT,2025-11-13 18:05,2025-11-13 18:27,2025-11-13 19:08
LAB747893,ENC120207,PT13770,CREAT,Creatinine,1.19,mg/dL,0.6,1.3,N,STAT,2025-11-13 17:23,2025-11-13 17:55,2025-11-13 18:35
LAB747894,ENC120207,PT13770,WBC,White Blood Cell Count,5.9,K/uL,4.5,11,N,STAT,2025-11-13 17:54,2025-11-13 18:23,2025-11-13 19:10
LAB747895,ENC120207,PT13770,HGB,Hemoglobin,9.4,g/dL,12,17.5,L,Routine,2025-11-13 17:10,2025-11-13 17:18,2025-11-13 23:11
LAB747896,ENC120207,PT13770,LACT,Lactate,2.6,mmol/L,0.5,2,H,STAT,2025-11-13 17:46,2025-11-13 18:15,2025-11-13 19:40
LAB747897,ENC120207,PT13770,INR,Prothrombin Time INR,1,ratio,0.8,1.2,N,Routine,2025-11-13 17:39,2025-11-13 17:50,2025-11-13 22:13
LAB747898,ENC120208,PT13211,TROP,"Troponin I, High Sensitivity",12,ng/L,0,34,N,STAT,2025-11-13 19:05,2025-11-13 19:23,2025-11-13 19:51
LAB747899,ENC120209,PT13008,GLU,Glucose,99,mg/dL,70,99,N,STAT,2025-11-14 00:30,2025-11-14 00:49,2025-11-14 01:31
LAB747900,ENC120209,PT13008,CREAT,Creatinine,0.73,mg/dL,0.6,1.3,N,Routine,2025-11-14 00:16,2025-11-14 00:42,2025-11-14 08:10
LAB747901,ENC120209,PT13008,WBC,White Blood Cell Count,8.3,K/uL,4.5,11,N,STAT,2025-11-14 00:02,2025-11-14 00:28,2025-11-14 01:02
LAB747902,ENC120209,PT13008,HGB,Hemoglobin,14,g/dL,12,17.5,N,STAT,2025-11-14 00:02,2025-11-14 00:32,2025-11-14 01:02
LAB747903,ENC120209,PT13008,NA,Sodium,139,mmol/L,136,145,N,STAT,2025-11-14 00:01,2025-11-14 00:08,2025-11-14 00:55
LAB747904,ENC120209,PT13008,K,Potassium,3.4,mmol/L,3.5,5.1,L,STAT,2025-11-13 23:27,2025-11-13 23:31,2025-11-14 00:54
LAB747905,ENC120211,PT11888,GLU,Glucose,76,mg/dL,70,99,N,STAT,2025-11-13 22:40,2025-11-13 23:11,2025-11-13 23:50
LAB747906,ENC120211,PT11888,CREAT,Creatinine,0.97,mg/dL,0.6,1.3,N,STAT,2025-11-13 23:37,2025-11-14 00:01,2025-11-14 00:59
LAB747907,ENC120211,PT11888,WBC,White Blood Cell Count,13.2,K/uL,4.5,11,H,STAT,2025-11-13 22:58,2025-11-13 23:21,2025-11-13 23:43
LAB747908,ENC120211,PT11888,HGB,Hemoglobin,13.5,g/dL,12,17.5,N,STAT,2025-11-13 22:48,2025-11-13 23:16,2025-11-13 23:49
LAB747909,ENC120212,PT12161,GLU,Glucose,109,mg/dL,70,99,H,STAT,2025-11-14 03:13,2025-11-14 03:30,2025-11-14 04:06
LAB747910,ENC120212,PT12161,CREAT,Creatinine,0.98,mg/dL,0.6,1.3,N,Routine,2025-11-14 03:44,2025-11-14 04:05,2025-11-14 12:36
LAB747911,ENC120212,PT12161,WBC,White Blood Cell Count,6.2,K/uL,4.5,11,N,Routine,2025-11-14 04:08,2025-11-14 04:32,2025-11-14 06:47
LAB747912,ENC120212,PT12161,HGB,Hemoglobin,14.7,g/dL,12,17.5,N,Routine,2025-11-14 03:09,2025-11-14 03:20,2025-11-14 06:18
LAB747913,ENC120212,PT12161,NA,Sodium,143,mmol/L,136,145,N,STAT,2025-11-14 04:07,2025-11-14 04:41,2025-11-14 05:11
LAB747914,ENC120212,PT12161,K,Potassium,4.2,mmol/L,3.5,5.1,N,STAT,2025-11-14 03:19,2025-11-14 03:39,2025-11-14 04:10
LAB747915,ENC120212,PT12161,TROP,"Troponin I, High Sensitivity",141,ng/L,0,34,H,STAT,2025-11-14 03:58,2025-11-14 04:13,2025-11-14 05:43
LAB747916,ENC120213,PT12120,GLU,Glucose,92,mg/dL,70,99,N,Routine,2025-11-14 08:02,2025-11-14 08:12,2025-11-14 11:35
LAB747917,ENC120213,PT12120,CREAT,Creatinine,0.85,mg/dL,0.6,1.3,N,STAT,2025-11-14 07:30,2025-11-14 07:37,2025-11-14 08:30
LAB747918,ENC120213,PT12120,WBC,White Blood Cell Count,7.2,K/uL,4.5,11,N,Routine,2025-11-14 07:22,2025-11-14 07:37,2025-11-14 11:38
LAB747919,ENC120213,PT12120,HGB,Hemoglobin,13.5,g/dL,12,17.5,N,STAT,2025-11-14 07:46,2025-11-14 08:15,2025-11-14 09:01
LAB747920,ENC120214,PT12140,GLU,Glucose,101,mg/dL,70,99,H,STAT,2025-11-14 08:23,2025-11-14 08:53,2025-11-14 09:54
LAB747921,ENC120214,PT12140,CREAT,Creatinine,1.27,mg/dL,0.6,1.3,N,Routine,2025-11-14 08:53,2025-11-14 09:08,2025-11-14 10:51
LAB747922,ENC120214,PT12140,WBC,White Blood Cell Count,8.7,K/uL,4.5,11,N,STAT,2025-11-14 08:26,2025-11-14 08:44,2025-11-14 09:12
LAB747923,ENC120214,PT12140,HGB,Hemoglobin,14.3,g/dL,12,17.5,N,STAT,2025-11-14 08:02,2025-11-14 08:36,2025-11-14 09:05
LAB747924,ENC120214,PT12140,BUN,Blood Urea Nitrogen,11,mg/dL,7,20,N,STAT,2025-11-14 08:03,2025-11-14 08:10,2025-11-14 08:57
LAB747925,ENC120214,PT12140,PLT,Platelet Count,301,K/uL,150,400,N,STAT,2025-11-14 08:12,2025-11-14 08:30,2025-11-14 09:28
LAB747926,ENC120216,PT10765,LDL,LDL Cholesterol,163,mg/dL,0,99,H,Routine,2025-11-14 09:59,2025-11-14 10:16,2025-11-14 20:01
LAB747927,ENC120218,PT12190,GLU,Glucose,74,mg/dL,70,99,N,Routine,2025-11-14 11:29,2025-11-14 11:38,2025-11-14 13:40
LAB747928,ENC120218,PT12190,CREAT,Creatinine,1.28,mg/dL,0.6,1.3,N,Routine,2025-11-14 11:46,2025-11-14 11:53,2025-11-14 14:58
LAB747929,ENC120218,PT12190,WBC,White Blood Cell Count,9.5,K/uL,4.5,11,N,STAT,2025-11-14 11:35,2025-11-14 11:43,2025-11-14 12:21
LAB747930,ENC120220,PT13877,LDL,LDL Cholesterol,157,mg/dL,0,99,H,Routine,2025-11-14 13:15,2025-11-14 13:29,2025-11-15 09:21
LAB747931,ENC120220,PT13877,A1C,Hemoglobin A1c,6.6,%,4,5.6,H,Routine,2025-11-14 13:10,2025-11-14 13:30,2025-11-15 05:43
LAB747932,ENC120221,PT12803,WBC,White Blood Cell Count,9,K/uL,4.5,11,N,Routine,2025-11-14 12:54,2025-11-14 13:25,2025-11-14 14:50
LAB747933,ENC120221,PT12803,HGB,Hemoglobin,9.2,g/dL,12,17.5,L,Routine,2025-11-14 13:09,2025-11-14 13:44,2025-11-14 15:33
LAB747934,ENC120221,PT12803,PLT,Platelet Count,282,K/uL,150,400,N,Routine,2025-11-14 13:10,2025-11-14 13:25,2025-11-14 15:40
LAB747935,ENC120224,PT13076,LDL,LDL Cholesterol,131,mg/dL,0,99,H,Routine,2025-11-14 14:54,2025-11-14 15:07,2025-11-15 21:34
LAB747936,ENC120224,PT13076,A1C,Hemoglobin A1c,5.3,%,4,5.6,N,Routine,2025-11-14 15:14,2025-11-14 15:20,2025-11-15 12:07
LAB747937,ENC120227,PT10805,LDL,LDL Cholesterol,114,mg/dL,0,99,H,Routine,2025-11-14 16:53,2025-11-14 17:24,2025-11-16 01:36
LAB747938,ENC120230,PT12643,WBC,White Blood Cell Count,7,K/uL,4.5,11,N,Routine,2025-11-14 16:55,2025-11-14 17:29,2025-11-14 21:22
LAB747939,ENC120230,PT12643,HGB,Hemoglobin,9.5,g/dL,12,17.5,L,Routine,2025-11-14 16:42,2025-11-14 17:04,2025-11-15 01:19
LAB747940,ENC120230,PT12643,PLT,Platelet Count,285,K/uL,150,400,N,Routine,2025-11-14 16:35,2025-11-14 16:54,2025-11-14 19:22
LAB747941,ENC120231,PT10922,GLU,Glucose,120,mg/dL,70,99,H,STAT,2025-11-14 17:41,2025-11-14 17:47,2025-11-14 18:22
LAB747942,ENC120231,PT10922,CREAT,Creatinine,1,mg/dL,0.6,1.3,N,STAT,2025-11-14 17:33,2025-11-14 18:03,2025-11-14 19:36
LAB747943,ENC120231,PT10922,WBC,White Blood Cell Count,5.1,K/uL,4.5,11,N,Routine,2025-11-14 17:13,2025-11-14 17:24,2025-11-14 19:14
LAB747944,ENC120231,PT10922,HGB,Hemoglobin,13.4,g/dL,12,17.5,N,STAT,2025-11-14 17:33,2025-11-14 17:48,2025-11-14 19:14
LAB747945,ENC120232,PT12818,GLU,Glucose,75,mg/dL,70,99,N,STAT,2025-11-14 21:41,2025-11-14 21:46,2025-11-14 23:17
LAB747946,ENC120232,PT12818,CREAT,Creatinine,1.22,mg/dL,0.6,1.3,N,STAT,2025-11-14 20:43,2025-11-14 21:06,2025-11-14 21:51
LAB747947,ENC120232,PT12818,WBC,White Blood Cell Count,9,K/uL,4.5,11,N,STAT,2025-11-14 20:43,2025-11-14 21:05,2025-11-14 21:41
LAB747948,ENC120232,PT12818,HGB,Hemoglobin,10.2,g/dL,12,17.5,L,STAT,2025-11-14 20:46,2025-11-14 21:01,2025-11-14 21:55
LAB747949,ENC120232,PT12818,NA,Sodium,138,mmol/L,136,145,N,Routine,2025-11-14 21:27,2025-11-14 21:51,2025-11-14 23:30
LAB747950,ENC120232,PT12818,K,Potassium,4.3,mmol/L,3.5,5.1,N,STAT,2025-11-14 21:38,2025-11-14 22:10,2025-11-14 22:39
LAB747951,ENC120232,PT12818,INR,Prothrombin Time INR,1.1,ratio,0.8,1.2,N,STAT,2025-11-14 21:51,2025-11-14 22:02,2025-11-14 22:42
LAB747952,ENC120233,PT10915,GLU,Glucose,74,mg/dL,70,99,N,Routine,2025-11-14 23:53,2025-11-15 00:08,2025-11-15 03:34
LAB747953,ENC120233,PT10915,CREAT,Creatinine,1.4,mg/dL,0.6,1.3,H,STAT,2025-11-14 23:32,2025-11-15 00:02,2025-11-15 00:42
LAB747954,ENC120233,PT10915,WBC,White Blood Cell Count,7.3,K/uL,4.5,11,N,STAT,2025-11-14 23:54,2025-11-15 00:20,2025-11-15 00:49
LAB747955,ENC120233,PT10915,HGB,Hemoglobin,13.3,g/dL,12,17.5,N,STAT,2025-11-14 23:30,2025-11-14 23:49,2025-11-15 00:26
LAB747956,ENC120233,PT10915,NA,Sodium,140,mmol/L,136,145,N,Routine,2025-11-14 23:38,2025-11-14 23:48,2025-11-15 07:32
LAB747957,ENC120233,PT10915,K,Potassium,4.5,mmol/L,3.5,5.1,N,STAT,2025-11-14 23:14,2025-11-14 23:41,2025-11-15 00:10
LAB747958,ENC120233,PT10915,BUN,Blood Urea Nitrogen,11,mg/dL,7,20,N,STAT,2025-11-14 23:14,2025-11-14 23:25,2025-11-15 00:49
LAB747959,ENC120233,PT10915,PLT,Platelet Count,238,K/uL,150,400,N,STAT,2025-11-14 23:04,2025-11-14 23:20,2025-11-14 23:40
LAB747960,ENC120233,PT10915,TROP,"Troponin I, High Sensitivity",93,ng/L,0,34,H,STAT,2025-11-14 23:59,2025-11-15 00:20,2025-11-15 01:12
LAB747961,ENC120233,PT10915,BNP,B-Type Natriuretic Peptide,1221,pg/mL,0,100,H,Routine,2025-11-14 23:24,2025-11-14 23:57,2025-11-15 02:23
LAB747962,ENC120234,PT12391,GLU,Glucose,89,mg/dL,70,99,N,STAT,2025-11-14 20:16,2025-11-14 20:45,2025-11-14 21:11
LAB747963,ENC120234,PT12391,CREAT,Creatinine,0.57,mg/dL,0.6,1.3,L,Routine,2025-11-14 20:27,2025-11-14 20:56,2025-11-14 23:08
LAB747964,ENC120234,PT12391,WBC,White Blood Cell Count,6.7,K/uL,4.5,11,N,STAT,2025-11-14 19:37,2025-11-14 20:07,2025-11-14 20:53
LAB747965,ENC120234,PT12391,HGB,Hemoglobin,14.8,g/dL,12,17.5,N,STAT,2025-11-14 19:49,2025-11-14 20:09,2025-11-14 20:44
LAB747966,ENC120234,PT12391,NA,Sodium,138,mmol/L,136,145,N,STAT,2025-11-14 19:50,2025-11-14 20:06,2025-11-14 20:48
LAB747967,ENC120234,PT12391,K,Potassium,4.3,mmol/L,3.5,5.1,N,STAT,2025-11-14 20:35,2025-11-14 20:47,2025-11-14 21:22
LAB747968,ENC120235,PT12532,GLU,Glucose,88,mg/dL,70,99,N,STAT,2025-11-15 00:23,2025-11-15 00:27,2025-11-15 01:25
LAB747969,ENC120235,PT12532,CREAT,Creatinine,0.64,mg/dL,0.6,1.3,N,Routine,2025-11-15 00:58,2025-11-15 01:15,2025-11-15 04:16
LAB747970,ENC120235,PT12532,WBC,White Blood Cell Count,5.7,K/uL,4.5,11,N,Routine,2025-11-15 00:54,2025-11-15 01:00,2025-11-15 05:30
LAB747971,ENC120235,PT12532,HGB,Hemoglobin,15,g/dL,12,17.5,N,STAT,2025-11-15 00:51,2025-11-15 01:01,2025-11-15 01:43
LAB747972,ENC120236,PT10161,GLU,Glucose,122,mg/dL,70,99,H,STAT,2025-11-14 22:44,2025-11-14 23:05,2025-11-14 23:55
LAB747973,ENC120236,PT10161,CREAT,Creatinine,0.32,mg/dL,0.6,1.3,L,STAT,2025-11-14 22:24,2025-11-14 22:42,2025-11-14 23:30
LAB747974,ENC120236,PT10161,WBC,White Blood Cell Count,6.8,K/uL,4.5,11,N,STAT,2025-11-14 22:07,2025-11-14 22:32,2025-11-14 23:19
LAB747975,ENC120237,PT13425,GLU,Glucose,85,mg/dL,70,99,N,Routine,2025-11-14 23:07,2025-11-14 23:13,2025-11-15 00:43
LAB747976,ENC120237,PT13425,CREAT,Creatinine,1.2,mg/dL,0.6,1.3,N,STAT,2025-11-14 22:26,2025-11-14 22:40,2025-11-14 23:39
LAB747977,ENC120238,PT10044,GLU,Glucose,114,mg/dL,70,99,H,STAT,2025-11-15 03:56,2025-11-15 04:02,2025-11-15 06:36
LAB747978,ENC120238,PT10044,CREAT,Creatinine,0.96,mg/dL,0.6,1.3,N,STAT,2025-11-15 03:34,2025-11-15 04:09,2025-11-15 04:57
LAB747979,ENC120241,PT11605,GLU,Glucose,109,mg/dL,70,99,H,STAT,2025-11-15 08:13,2025-11-15 08:25,2025-11-15 08:52
LAB747980,ENC120241,PT11605,CREAT,Creatinine,1.15,mg/dL,0.6,1.3,N,STAT,2025-11-15 08:46,2025-11-15 09:06,2025-11-15 10:09
LAB747981,ENC120241,PT11605,WBC,White Blood Cell Count,6.2,K/uL,4.5,11,N,STAT,2025-11-15 08:44,2025-11-15 09:19,2025-11-15 10:15
LAB747982,ENC120241,PT11605,HGB,Hemoglobin,15.4,g/dL,12,17.5,N,STAT,2025-11-15 09:03,2025-11-15 09:10,2025-11-15 10:20
LAB747983,ENC120242,PT13803,GLU,Glucose,128,mg/dL,70,99,H,STAT,2025-11-15 09:55,2025-11-15 10:24,2025-11-15 10:46
LAB747984,ENC120242,PT13803,CREAT,Creatinine,1.02,mg/dL,0.6,1.3,N,STAT,2025-11-15 09:43,2025-11-15 09:59,2025-11-15 10:33
LAB747985,ENC120242,PT13803,WBC,White Blood Cell Count,7.7,K/uL,4.5,11,N,Routine,2025-11-15 09:04,2025-11-15 09:37,2025-11-15 11:05
LAB747986,ENC120243,PT13314,GLU,Glucose,101,mg/dL,70,99,H,STAT,2025-11-15 10:53,2025-11-15 11:17,2025-11-15 12:33
LAB747987,ENC120243,PT13314,CREAT,Creatinine,1.1,mg/dL,0.6,1.3,N,STAT,2025-11-15 11:08,2025-11-15 11:33,2025-11-15 12:24
LAB747988,ENC120243,PT13314,WBC,White Blood Cell Count,7.1,K/uL,4.5,11,N,Routine,2025-11-15 10:49,2025-11-15 10:57,2025-11-15 17:07
LAB747989,ENC120243,PT13314,HGB,Hemoglobin,12.7,g/dL,12,17.5,N,STAT,2025-11-15 11:04,2025-11-15 11:31,2025-11-15 12:33
LAB747990,ENC120246,PT13487,GLU,Glucose,95,mg/dL,70,99,N,STAT,2025-11-15 17:29,2025-11-15 17:56,2025-11-15 18:46
LAB747991,ENC120246,PT13487,CREAT,Creatinine,0.4,mg/dL,0.6,1.3,L,Routine,2025-11-15 17:03,2025-11-15 17:21,2025-11-15 18:12
LAB747992,ENC120246,PT13487,WBC,White Blood Cell Count,7,K/uL,4.5,11,N,Routine,2025-11-15 16:50,2025-11-15 16:59,2025-11-15 18:36
LAB747993,ENC120246,PT13487,HGB,Hemoglobin,13.9,g/dL,12,17.5,N,Routine,2025-11-15 17:24,2025-11-15 17:34,2025-11-15 19:12
LAB747994,ENC120247,PT10267,GLU,Glucose,105,mg/dL,70,99,H,STAT,2025-11-15 13:30,2025-11-15 13:36,2025-11-15 14:20
LAB747995,ENC120247,PT10267,CREAT,Creatinine,1,mg/dL,0.6,1.3,N,Routine,2025-11-15 13:00,2025-11-15 13:13,2025-11-15 16:11
LAB747996,ENC120247,PT10267,WBC,White Blood Cell Count,10.9,K/uL,4.5,11,N,Routine,2025-11-15 13:18,2025-11-15 13:48,2025-11-15 17:17
LAB747997,ENC120248,PT13373,GLU,Glucose,96,mg/dL,70,99,N,STAT,2025-11-15 12:47,2025-11-15 13:20,2025-11-15 13:57
LAB747998,ENC120248,PT13373,CREAT,Creatinine,1.2,mg/dL,0.6,1.3,N,STAT,2025-11-15 13:37,2025-11-15 13:58,2025-11-15 14:32
LAB747999,ENC120248,PT13373,WBC,White Blood Cell Count,7.4,K/uL,4.5,11,N,STAT,2025-11-15 12:42,2025-11-15 13:05,2025-11-15 14:01
LAB748000,ENC120248,PT13373,HGB,Hemoglobin,15,g/dL,12,17.5,N,Routine,2025-11-15 12:44,2025-11-15 13:00,2025-11-15 17:10
LAB748001,ENC120248,PT13373,NA,Sodium,138,mmol/L,136,145,N,STAT,2025-11-15 13:25,2025-11-15 13:59,2025-11-15 15:17
LAB748002,ENC120248,PT13373,K,Potassium,3.9,mmol/L,3.5,5.1,N,STAT,2025-11-15 13:48,2025-11-15 13:53,2025-11-15 14:51
LAB748003,ENC120250,PT12428,GLU,Glucose,95,mg/dL,70,99,N,STAT,2025-11-15 21:10,2025-11-15 21:36,2025-11-15 21:55
LAB748004,ENC120250,PT12428,CREAT,Creatinine,0.62,mg/dL,0.6,1.3,N,Routine,2025-11-15 20:21,2025-11-15 20:36,2025-11-15 22:11
LAB748005,ENC120250,PT12428,WBC,White Blood Cell Count,10,K/uL,4.5,11,N,STAT,2025-11-15 20:42,2025-11-15 20:48,2025-11-15 21:46
LAB748006,ENC120250,PT12428,HGB,Hemoglobin,13.4,g/dL,12,17.5,N,Routine,2025-11-15 20:20,2025-11-15 20:33,2025-11-15 22:47
LAB748007,ENC120251,PT12312,GLU,Glucose,172,mg/dL,70,99,H,STAT,2025-11-15 21:57,2025-11-15 22:04,2025-11-15 23:10
LAB748008,ENC120251,PT12312,CREAT,Creatinine,0.91,mg/dL,0.6,1.3,N,Routine,2025-11-15 22:04,2025-11-15 22:13,2025-11-16 01:10
LAB748009,ENC120251,PT12312,WBC,White Blood Cell Count,0.3,K/uL,4.5,11,LL,STAT,2025-11-15 21:37,2025-11-15 21:53,2025-11-15 22:37
LAB748010,ENC120251,PT12312,HGB,Hemoglobin,10.7,g/dL,12,17.5,L,STAT,2025-11-15 21:59,2025-11-15 22:19,2025-11-15 22:48
LAB748011,ENC120252,PT13677,GLU,Glucose,83,mg/dL,70,99,N,STAT,2025-11-15 17:50,2025-11-15 17:55,2025-11-15 18:55
LAB748012,ENC120252,PT13677,CREAT,Creatinine,0.98,mg/dL,0.6,1.3,N,Routine,2025-11-15 18:45,2025-11-15 19:14,2025-11-15 21:39
LAB748013,ENC120252,PT13677,WBC,White Blood Cell Count,4.5,K/uL,4.5,11,N,STAT,2025-11-15 18:56,2025-11-15 19:19,2025-11-15 19:34
LAB748014,ENC120252,PT13677,HGB,Hemoglobin,13.2,g/dL,12,17.5,N,STAT,2025-11-15 17:49,2025-11-15 17:57,2025-11-15 18:31
LAB748015,ENC120252,PT13677,NA,Sodium,130,mmol/L,136,145,L,Routine,2025-11-15 18:21,2025-11-15 18:53,2025-11-15 22:15
LAB748016,ENC120252,PT13677,K,Potassium,4.1,mmol/L,3.5,5.1,N,STAT,2025-11-15 17:55,2025-11-15 18:28,2025-11-15 19:06
LAB748017,ENC120253,PT11347,GLU,Glucose,111,mg/dL,70,99,H,Routine,2025-11-15 21:07,2025-11-15 21:39,2025-11-15 23:53
LAB748018,ENC120253,PT11347,CREAT,Creatinine,0.54,mg/dL,0.6,1.3,L,Routine,2025-11-15 21:40,2025-11-15 21:56,2025-11-16 01:03
LAB748019,ENC120253,PT11347,WBC,White Blood Cell Count,15.8,K/uL,4.5,11,H,STAT,2025-11-15 21:40,2025-11-15 21:47,2025-11-15 22:59
LAB748020,ENC120253,PT11347,HGB,Hemoglobin,14.8,g/dL,12,17.5,N,Routine,2025-11-15 21:44,2025-11-15 21:53,2025-11-16 03:14
LAB748021,ENC120256,PT12007,GLU,Glucose,216,mg/dL,70,99,H,STAT,2025-11-15 23:45,2025-11-15 23:51,2025-11-16 00:21
LAB748022,ENC120256,PT12007,CREAT,Creatinine,0.93,mg/dL,0.6,1.3,N,STAT,2025-11-15 22:51,2025-11-15 23:05,2025-11-16 00:18
LAB748023,ENC120256,PT12007,WBC,White Blood Cell Count,5.9,K/uL,4.5,11,N,STAT,2025-11-15 23:37,2025-11-16 00:10,2025-11-16 01:56
LAB748024,ENC120256,PT12007,HGB,Hemoglobin,13.2,g/dL,12,17.5,N,STAT,2025-11-15 23:42,2025-11-16 00:17,2025-11-16 00:48
LAB748025,ENC120256,PT12007,TROP,"Troponin I, High Sensitivity",7,ng/L,0,34,N,STAT,2025-11-15 22:45,2025-11-15 23:07,2025-11-15 23:36
LAB748026,ENC120258,PT12735,GLU,Glucose,143,mg/dL,70,99,H,STAT,2025-11-16 00:16,2025-11-16 00:35,2025-11-16 01:38
LAB748027,ENC120258,PT12735,CREAT,Creatinine,0.8,mg/dL,0.6,1.3,N,Routine,2025-11-16 00:49,2025-11-16 01:20,2025-11-16 03:17
LAB748028,ENC120258,PT12735,TROP,"Troponin I, High Sensitivity",5,ng/L,0,34,N,STAT,2025-11-16 00:33,2025-11-16 01:02,2025-11-16 01:33
LAB748029,ENC120259,PT12851,GLU,Glucose,88,mg/dL,70,99,N,STAT,2025-11-16 09:29,2025-11-16 09:46,2025-11-16 11:24
LAB748030,ENC120259,PT12851,CREAT,Creatinine,1.14,mg/dL,0.6,1.3,N,Routine,2025-11-16 09:04,2025-11-16 09:36,2025-11-16 11:22
LAB748031,ENC120259,PT12851,WBC,White Blood Cell Count,10.3,K/uL,4.5,11,N,STAT,2025-11-16 09:16,2025-11-16 09:45,2025-11-16 10:46
LAB748032,ENC120259,PT12851,HGB,Hemoglobin,13.5,g/dL,12,17.5,N,Routine,2025-11-16 09:43,2025-11-16 09:59,2025-11-16 11:05
LAB748033,ENC120262,PT12020,GLU,Glucose,103,mg/dL,70,99,H,STAT,2025-11-16 08:21,2025-11-16 08:28,2025-11-16 09:11
LAB748034,ENC120262,PT12020,CREAT,Creatinine,0.44,mg/dL,0.6,1.3,L,Routine,2025-11-16 08:50,2025-11-16 09:06,2025-11-16 14:33
LAB748035,ENC120265,PT11656,GLU,Glucose,88,mg/dL,70,99,N,Routine,2025-11-16 16:02,2025-11-16 16:17,2025-11-16 21:23
LAB748036,ENC120265,PT11656,CREAT,Creatinine,1.03,mg/dL,0.6,1.3,N,STAT,2025-11-16 15:48,2025-11-16 16:02,2025-11-16 16:29
LAB748037,ENC120265,PT11656,WBC,White Blood Cell Count,5.3,K/uL,4.5,11,N,STAT,2025-11-16 15:35,2025-11-16 16:04,2025-11-16 16:48
LAB748038,ENC120265,PT11656,HGB,Hemoglobin,15.3,g/dL,12,17.5,N,Routine,2025-11-16 16:29,2025-11-16 16:53,2025-11-16 21:22
LAB748039,ENC120265,PT11656,NA,Sodium,122,mmol/L,136,145,L,STAT,2025-11-16 16:27,2025-11-16 16:45,2025-11-16 17:01
LAB748040,ENC120265,PT11656,K,Potassium,4.2,mmol/L,3.5,5.1,N,STAT,2025-11-16 15:57,2025-11-16 16:26,2025-11-16 17:12
LAB748041,ENC120266,PT13673,GLU,Glucose,103,mg/dL,70,99,H,STAT,2025-11-16 16:16,2025-11-16 16:38,2025-11-16 17:36
LAB748042,ENC120266,PT13673,CREAT,Creatinine,1.09,mg/dL,0.6,1.3,N,Routine,2025-11-16 16:13,2025-11-16 16:43,2025-11-16 20:06
LAB748043,ENC120266,PT13673,WBC,White Blood Cell Count,6.6,K/uL,4.5,11,N,STAT,2025-11-16 15:56,2025-11-16 16:10,2025-11-16 16:56
LAB748044,ENC120266,PT13673,HGB,Hemoglobin,10.2,g/dL,12,17.5,L,STAT,2025-11-16 15:56,2025-11-16 16:30,2025-11-16 17:35
LAB748045,ENC120267,PT10725,GLU,Glucose,95,mg/dL,70,99,N,STAT,2025-11-16 16:46,2025-11-16 16:59,2025-11-16 17:35
LAB748046,ENC120267,PT10725,CREAT,Creatinine,0.32,mg/dL,0.6,1.3,L,STAT,2025-11-16 17:01,2025-11-16 17:07,2025-11-16 18:00
LAB748047,ENC120267,PT10725,WBC,White Blood Cell Count,5.3,K/uL,4.5,11,N,STAT,2025-11-16 17:32,2025-11-16 18:07,2025-11-16 19:34
LAB748048,ENC120267,PT10725,HGB,Hemoglobin,12.9,g/dL,12,17.5,N,Routine,2025-11-16 17:21,2025-11-16 17:33,2025-11-16 20:10
LAB748049,ENC120268,PT10275,GLU,Glucose,106,mg/dL,70,99,H,STAT,2025-11-16 17:42,2025-11-16 18:05,2025-11-16 18:41
LAB748050,ENC120268,PT10275,CREAT,Creatinine,0.95,mg/dL,0.6,1.3,N,Routine,2025-11-16 17:09,2025-11-16 17:14,2025-11-17 00:07
LAB748051,ENC120268,PT10275,WBC,White Blood Cell Count,13.5,K/uL,4.5,11,H,STAT,2025-11-16 16:53,2025-11-16 17:06,2025-11-16 18:12
LAB748052,ENC120268,PT10275,HGB,Hemoglobin,12.6,g/dL,12,17.5,N,STAT,2025-11-16 17:28,2025-11-16 17:37,2025-11-16 18:24
LAB748053,ENC120271,PT11870,GLU,Glucose,96,mg/dL,70,99,N,STAT,2025-11-16 21:39,2025-11-16 22:14,2025-11-16 22:40
LAB748054,ENC120271,PT11870,CREAT,Creatinine,0.76,mg/dL,0.6,1.3,N,Routine,2025-11-16 20:49,2025-11-16 21:22,2025-11-17 00:48
LAB748055,ENC120271,PT11870,WBC,White Blood Cell Count,10.5,K/uL,4.5,11,N,Routine,2025-11-16 20:44,2025-11-16 20:57,2025-11-17 01:22
LAB748056,ENC120271,PT11870,HGB,Hemoglobin,13.2,g/dL,12,17.5,N,STAT,2025-11-16 21:12,2025-11-16 21:45,2025-11-16 22:57
LAB748057,ENC120273,PT11261,GLU,Glucose,116,mg/dL,70,99,H,Routine,2025-11-16 20:50,2025-11-16 21:07,2025-11-16 23:23
LAB748058,ENC120273,PT11261,CREAT,Creatinine,0.48,mg/dL,0.6,1.3,L,STAT,2025-11-16 20:10,2025-11-16 20:43,2025-11-16 21:18
LAB748059,ENC120273,PT11261,WBC,White Blood Cell Count,6.3,K/uL,4.5,11,N,STAT,2025-11-16 20:27,2025-11-16 20:46,2025-11-16 21:30
LAB748060,ENC120273,PT11261,HGB,Hemoglobin,13.5,g/dL,12,17.5,N,STAT,2025-11-16 20:14,2025-11-16 20:21,2025-11-16 20:51
LAB748061,ENC120273,PT11261,BUN,Blood Urea Nitrogen,13,mg/dL,7,20,N,STAT,2025-11-16 20:13,2025-11-16 20:40,2025-11-16 21:12
LAB748062,ENC120273,PT11261,PLT,Platelet Count,291,K/uL,150,400,N,STAT,2025-11-16 20:19,2025-11-16 20:46,2025-11-16 21:33
LAB748063,ENC120274,PT11262,GLU,Glucose,196,mg/dL,70,99,H,STAT,2025-11-16 19:43,2025-11-16 20:12,2025-11-16 21:16
LAB748064,ENC120274,PT11262,CREAT,Creatinine,0.77,mg/dL,0.6,1.3,N,STAT,2025-11-16 19:48,2025-11-16 19:52,2025-11-16 20:58
LAB748065,ENC120274,PT11262,WBC,White Blood Cell Count,14.8,K/uL,4.5,11,H,STAT,2025-11-16 20:00,2025-11-16 20:34,2025-11-16 21:21
LAB748066,ENC120275,PT11089,GLU,Glucose,93,mg/dL,70,99,N,STAT,2025-11-16 20:00,2025-11-16 20:13,2025-11-16 21:16
LAB748067,ENC120275,PT11089,CREAT,Creatinine,0.89,mg/dL,0.6,1.3,N,Routine,2025-11-16 20:08,2025-11-16 20:15,2025-11-16 23:13
LAB748068,ENC120275,PT11089,WBC,White Blood Cell Count,7.8,K/uL,4.5,11,N,STAT,2025-11-16 20:05,2025-11-16 20:40,2025-11-16 22:01
LAB748069,ENC120275,PT11089,HGB,Hemoglobin,16.3,g/dL,12,17.5,N,STAT,2025-11-16 19:23,2025-11-16 19:58,2025-11-16 21:48
LAB748070,ENC120275,PT11089,NA,Sodium,141,mmol/L,136,145,N,Routine,2025-11-16 20:07,2025-11-16 20:16,2025-11-16 21:36
LAB748071,ENC120275,PT11089,K,Potassium,3.9,mmol/L,3.5,5.1,N,STAT,2025-11-16 19:21,2025-11-16 19:47,2025-11-16 20:18
LAB748072,ENC120276,PT12296,GLU,Glucose,113,mg/dL,70,99,H,STAT,2025-11-16 22:29,2025-11-16 23:03,2025-11-16 23:53
LAB748073,ENC120276,PT12296,CREAT,Creatinine,1.05,mg/dL,0.6,1.3,N,STAT,2025-11-16 22:08,2025-11-16 22:22,2025-11-16 23:10
LAB748074,ENC120276,PT12296,WBC,White Blood Cell Count,9.9,K/uL,4.5,11,N,STAT,2025-11-16 21:43,2025-11-16 21:53,2025-11-16 22:21
LAB748075,ENC120276,PT12296,HGB,Hemoglobin,13.2,g/dL,12,17.5,N,STAT,2025-11-16 22:17,2025-11-16 22:38,2025-11-16 23:11
LAB748076,ENC120277,PT11926,GLU,Glucose,106,mg/dL,70,99,H,Routine,2025-11-17 01:26,2025-11-17 01:36,2025-11-17 06:18
LAB748077,ENC120277,PT11926,CREAT,Creatinine,0.86,mg/dL,0.6,1.3,N,Routine,2025-11-17 00:55,2025-11-17 01:26,2025-11-17 04:39
LAB748078,ENC120277,PT11926,WBC,White Blood Cell Count,6.7,K/uL,4.5,11,N,STAT,2025-11-17 01:25,2025-11-17 01:52,2025-11-17 02:40
LAB748079,ENC120277,PT11926,HGB,Hemoglobin,12.9,g/dL,12,17.5,N,STAT,2025-11-17 01:51,2025-11-17 01:55,2025-11-17 02:43
LAB748080,ENC120280,PT11405,GLU,Glucose,110,mg/dL,70,99,H,STAT,2025-11-17 05:02,2025-11-17 05:31,2025-11-17 06:56
LAB748081,ENC120280,PT11405,CREAT,Creatinine,0.89,mg/dL,0.6,1.3,N,STAT,2025-11-17 05:15,2025-11-17 05:21,2025-11-17 06:25
LAB748082,ENC120280,PT11405,WBC,White Blood Cell Count,7.6,K/uL,4.5,11,N,STAT,2025-11-17 05:15,2025-11-17 05:30,2025-11-17 06:36
LAB748083,ENC120280,PT11405,HGB,Hemoglobin,10.4,g/dL,12,17.5,L,STAT,2025-11-17 05:08,2025-11-17 05:41,2025-11-17 06:53
LAB748084,ENC120280,PT11405,NA,Sodium,136,mmol/L,136,145,N,Routine,2025-11-17 05:08,2025-11-17 05:39,2025-11-17 07:17
LAB748085,ENC120280,PT11405,K,Potassium,3.5,mmol/L,3.5,5.1,N,STAT,2025-11-17 05:25,2025-11-17 05:33,2025-11-17 06:18
LAB748086,ENC120281,PT12484,GLU,Glucose,309,mg/dL,70,99,H,STAT,2025-11-17 02:33,2025-11-17 03:01,2025-11-17 03:45
LAB748087,ENC120281,PT12484,CREAT,Creatinine,0.74,mg/dL,0.6,1.3,N,Routine,2025-11-17 02:34,2025-11-17 02:52,2025-11-17 07:44
LAB748088,ENC120281,PT12484,TROP,"Troponin I, High Sensitivity",8,ng/L,0,34,N,STAT,2025-11-17 02:49,2025-11-17 03:06,2025-11-17 03:53
LAB748089,ENC120283,PT13274,GLU,Glucose,105,mg/dL,70,99,H,STAT,2025-11-17 05:53,2025-11-17 05:59,2025-11-17 06:42
LAB748090,ENC120283,PT13274,CREAT,Creatinine,0.99,mg/dL,0.6,1.3,N,STAT,2025-11-17 05:53,2025-11-17 06:11,2025-11-17 06:42
LAB748091,ENC120283,PT13274,WBC,White Blood Cell Count,6.7,K/uL,4.5,11,N,STAT,2025-11-17 05:46,2025-11-17 06:03,2025-11-17 06:52
LAB748092,ENC120284,PT12939,GLU,Glucose,92,mg/dL,70,99,N,Routine,2025-11-17 07:00,2025-11-17 07:18,2025-11-17 10:40
LAB748093,ENC120284,PT12939,CREAT,Creatinine,1.18,mg/dL,0.6,1.3,N,Routine,2025-11-17 06:49,2025-11-17 07:08,2025-11-17 11:45
LAB748094,ENC120285,PT12179,GLU,Glucose,109,mg/dL,70,99,H,Routine,2025-11-17 07:40,2025-11-17 08:07,2025-11-17 14:30
LAB748095,ENC120285,PT12179,CREAT,Creatinine,1.09,mg/dL,0.6,1.3,N,STAT,2025-11-17 07:50,2025-11-17 08:25,2025-11-17 08:57
LAB748096,ENC120285,PT12179,WBC,White Blood Cell Count,10.2,K/uL,4.5,11,N,STAT,2025-11-17 07:27,2025-11-17 07:51,2025-11-17 08:26
LAB748097,ENC120285,PT12179,HGB,Hemoglobin,13.2,g/dL,12,17.5,N,STAT,2025-11-17 07:34,2025-11-17 07:52,2025-11-17 08:54
LAB748098,ENC120285,PT12179,BUN,Blood Urea Nitrogen,10,mg/dL,7,20,N,STAT,2025-11-17 07:20,2025-11-17 07:47,2025-11-17 08:44
LAB748099,ENC120285,PT12179,PLT,Platelet Count,260,K/uL,150,400,N,Routine,2025-11-17 07:00,2025-11-17 07:05,2025-11-17 09:22
LAB748100,ENC120288,PT11024,A1C,Hemoglobin A1c,5,%,4,5.6,N,Routine,2025-11-17 08:13,2025-11-17 08:32,2025-11-17 18:57
LAB748101,ENC120288,PT11024,GLU,Glucose,63,mg/dL,70,99,L,Routine,2025-11-17 08:21,2025-11-17 08:36,2025-11-17 11:11
LAB748102,ENC120288,PT11024,CREAT,Creatinine,2.23,mg/dL,0.6,1.3,H,Routine,2025-11-17 08:28,2025-11-17 08:52,2025-11-17 13:37
LAB748103,ENC120290,PT10952,GLU,Glucose,110,mg/dL,70,99,H,STAT,2025-11-17 09:51,2025-11-17 10:08,2025-11-17 11:34
LAB748104,ENC120290,PT10952,CREAT,Creatinine,1.33,mg/dL,0.6,1.3,H,STAT,2025-11-17 09:00,2025-11-17 09:26,2025-11-17 10:11
LAB748105,ENC120290,PT10952,WBC,White Blood Cell Count,12.4,K/uL,4.5,11,H,STAT,2025-11-17 09:29,2025-11-17 09:35,2025-11-17 10:05
LAB748106,ENC120290,PT10952,HGB,Hemoglobin,15.7,g/dL,12,17.5,N,STAT,2025-11-17 09:03,2025-11-17 09:25,2025-11-17 10:08
LAB748107,ENC120292,PT12327,A1C,Hemoglobin A1c,9.2,%,4,5.6,H,Routine,2025-11-17 09:21,2025-11-17 09:27,2025-11-17 18:24
LAB748108,ENC120294,PT12924,GLU,Glucose,135,mg/dL,70,99,H,STAT,2025-11-17 14:57,2025-11-17 15:17,2025-11-17 15:39
LAB748109,ENC120294,PT12924,CREAT,Creatinine,0.83,mg/dL,0.6,1.3,N,STAT,2025-11-17 14:06,2025-11-17 14:20,2025-11-17 14:46
LAB748110,ENC120294,PT12924,WBC,White Blood Cell Count,7.9,K/uL,4.5,11,N,Routine,2025-11-17 14:57,2025-11-17 15:15,2025-11-17 17:37
LAB748111,ENC120294,PT12924,HGB,Hemoglobin,15,g/dL,12,17.5,N,Routine,2025-11-17 14:13,2025-11-17 14:24,2025-11-17 18:09
LAB748112,ENC120294,PT12924,LACT,Lactate,2.2,mmol/L,0.5,2,H,STAT,2025-11-17 14:24,2025-11-17 14:32,2025-11-17 15:16
LAB748113,ENC120296,PT11106,WBC,White Blood Cell Count,7.1,K/uL,4.5,11,N,Routine,2025-11-17 10:12,2025-11-17 10:16,2025-11-17 12:16
LAB748114,ENC120296,PT11106,HGB,Hemoglobin,13.3,g/dL,12,17.5,N,Routine,2025-11-17 10:23,2025-11-17 10:51,2025-11-17 12:51
LAB748115,ENC120296,PT11106,PLT,Platelet Count,199,K/uL,150,400,N,Routine,2025-11-17 10:21,2025-11-17 10:25,2025-11-17 13:21
LAB748116,ENC120297,PT13219,A1C,Hemoglobin A1c,9.1,%,4,5.6,H,Routine,2025-11-17 10:42,2025-11-17 10:54,2025-11-18 01:57
LAB748117,ENC120299,PT12968,WBC,White Blood Cell Count,7.4,K/uL,4.5,11,N,Routine,2025-11-17 10:44,2025-11-17 10:52,2025-11-17 14:15
LAB748118,ENC120299,PT12968,HGB,Hemoglobin,10.4,g/dL,12,17.5,L,Routine,2025-11-17 10:37,2025-11-17 10:55,2025-11-17 14:47
LAB748119,ENC120299,PT12968,PLT,Platelet Count,332,K/uL,150,400,N,Routine,2025-11-17 10:21,2025-11-17 10:41,2025-11-17 12:50
LAB748120,ENC120302,PT11600,GLU,Glucose,104,mg/dL,70,99,H,STAT,2025-11-17 16:14,2025-11-17 16:38,2025-11-17 17:18
LAB748121,ENC120302,PT11600,CREAT,Creatinine,1.21,mg/dL,0.6,1.3,N,STAT,2025-11-17 16:11,2025-11-17 16:38,2025-11-17 17:14
LAB748122,ENC120302,PT11600,WBC,White Blood Cell Count,11.3,K/uL,4.5,11,H,STAT,2025-11-17 15:56,2025-11-17 16:31,2025-11-17 17:40
LAB748123,ENC120302,PT11600,HGB,Hemoglobin,8.7,g/dL,12,17.5,L,STAT,2025-11-17 16:03,2025-11-17 16:33,2025-11-17 17:08
LAB748124,ENC120303,PT11875,GLU,Glucose,76,mg/dL,70,99,N,STAT,2025-11-17 11:38,2025-11-17 11:51,2025-11-17 12:16
LAB748125,ENC120303,PT11875,CREAT,Creatinine,0.74,mg/dL,0.6,1.3,N,Routine,2025-11-17 11:09,2025-11-17 11:26,2025-11-17 13:15
LAB748126,ENC120304,PT11003,GLU,Glucose,84,mg/dL,70,99,N,STAT,2025-11-17 12:07,2025-11-17 12:26,2025-11-17 14:00
LAB748127,ENC120304,PT11003,CREAT,Creatinine,0.55,mg/dL,0.6,1.3,L,STAT,2025-11-17 13:08,2025-11-17 13:33,2025-11-17 15:18
LAB748128,ENC120304,PT11003,WBC,White Blood Cell Count,19.6,K/uL,4.5,11,H,STAT,2025-11-17 12:46,2025-11-17 12:51,2025-11-17 13:31
LAB748129,ENC120304,PT11003,HGB,Hemoglobin,12.1,g/dL,12,17.5,N,STAT,2025-11-17 12:20,2025-11-17 12:45,2025-11-17 13:36
LAB748130,ENC120308,PT10074,TROP,"Troponin I, High Sensitivity",9,ng/L,0,34,N,STAT,2025-11-17 14:03,2025-11-17 14:28,2025-11-17 15:46
LAB748131,ENC120309,PT13734,GLU,Glucose,253,mg/dL,70,99,H,STAT,2025-11-17 19:25,2025-11-17 19:57,2025-11-17 20:41
LAB748132,ENC120309,PT13734,CREAT,Creatinine,0.96,mg/dL,0.6,1.3,N,STAT,2025-11-17 20:27,2025-11-17 20:47,2025-11-17 21:27
LAB748133,ENC120309,PT13734,WBC,White Blood Cell Count,16.5,K/uL,4.5,11,H,STAT,2025-11-17 20:00,2025-11-17 20:24,2025-11-17 21:31
LAB748134,ENC120309,PT13734,HGB,Hemoglobin,14.8,g/dL,12,17.5,N,STAT,2025-11-17 19:25,2025-11-17 19:43,2025-11-17 20:50
LAB748135,ENC120312,PT10537,GLU,Glucose,95,mg/dL,70,99,N,Routine,2025-11-17 19:38,2025-11-17 19:48,2025-11-17 22:09
LAB748136,ENC120312,PT10537,CREAT,Creatinine,1.13,mg/dL,0.6,1.3,N,Routine,2025-11-17 20:36,2025-11-17 20:59,2025-11-18 00:10
LAB748137,ENC120312,PT10537,WBC,White Blood Cell Count,5.9,K/uL,4.5,11,N,STAT,2025-11-17 19:30,2025-11-17 19:45,2025-11-17 20:23
LAB748138,ENC120312,PT10537,HGB,Hemoglobin,16.8,g/dL,12,17.5,N,STAT,2025-11-17 20:19,2025-11-17 20:26,2025-11-17 21:15
LAB748139,ENC120312,PT10537,NA,Sodium,142,mmol/L,136,145,N,Routine,2025-11-17 20:05,2025-11-17 20:40,2025-11-18 00:44
LAB748140,ENC120312,PT10537,K,Potassium,4.4,mmol/L,3.5,5.1,N,STAT,2025-11-17 20:36,2025-11-17 20:50,2025-11-17 21:42
LAB748141,ENC120314,PT12531,LDL,LDL Cholesterol,204,mg/dL,0,99,H,Routine,2025-11-17 16:07,2025-11-17 16:30,2025-11-18 05:26
LAB748142,ENC120314,PT12531,A1C,Hemoglobin A1c,6.8,%,4,5.6,H,Routine,2025-11-17 16:13,2025-11-17 16:43,2025-11-18 13:41
LAB748143,ENC120314,PT12531,TSH,Thyroid Stimulating Hormone,1.14,mIU/L,0.4,4,N,Routine,2025-11-17 16:15,2025-11-17 16:21,2025-11-18 01:10
LAB748144,ENC120316,PT13874,GLU,Glucose,220,mg/dL,70,99,H,STAT,2025-11-17 23:02,2025-11-17 23:28,2025-11-18 00:06
LAB748145,ENC120316,PT13874,CREAT,Creatinine,2.4,mg/dL,0.6,1.3,H,STAT,2025-11-17 22:54,2025-11-17 23:22,2025-11-18 00:40
LAB748146,ENC120316,PT13874,WBC,White Blood Cell Count,6,K/uL,4.5,11,N,STAT,2025-11-17 22:40,2025-11-17 23:13,2025-11-17 23:53
LAB748147,ENC120316,PT13874,HGB,Hemoglobin,11.7,g/dL,12,17.5,L,STAT,2025-11-17 23:33,2025-11-18 00:02,2025-11-18 00:42
LAB748148,ENC120317,PT11316,GLU,Glucose,100,mg/dL,70,99,H,STAT,2025-11-17 21:53,2025-11-17 21:58,2025-11-17 22:38
LAB748149,ENC120317,PT11316,CREAT,Creatinine,1.13,mg/dL,0.6,1.3,N,STAT,2025-11-17 21:11,2025-11-17 21:30,2025-11-17 21:57
LAB748150,ENC120317,PT11316,WBC,White Blood Cell Count,5.7,K/uL,4.5,11,N,STAT,2025-11-17 21:26,2025-11-17 21:58,2025-11-17 22:42
LAB748151,ENC120317,PT11316,TROP,"Troponin I, High Sensitivity",15,ng/L,0,34,N,STAT,2025-11-17 21:01,2025-11-17 21:24,2025-11-17 22:38
LAB748152,ENC120318,PT13560,GLU,Glucose,129,mg/dL,70,99,H,STAT,2025-11-17 22:47,2025-11-17 23:05,2025-11-17 23:59
LAB748153,ENC120318,PT13560,CREAT,Creatinine,0.96,mg/dL,0.6,1.3,N,STAT,2025-11-17 22:28,2025-11-17 22:50,2025-11-17 23:41
LAB748154,ENC120318,PT13560,WBC,White Blood Cell Count,5.5,K/uL,4.5,11,N,STAT,2025-11-17 23:22,2025-11-17 23:29,2025-11-18 00:00
LAB748155,ENC120318,PT13560,HGB,Hemoglobin,14.5,g/dL,12,17.5,N,STAT,2025-11-17 22:43,2025-11-17 23:07,2025-11-17 23:37
LAB748156,ENC120318,PT13560,TROP,"Troponin I, High Sensitivity",37,ng/L,0,34,H,STAT,2025-11-17 22:47,2025-11-17 22:52,2025-11-18 00:04
LAB748157,ENC120318,PT13560,BNP,B-Type Natriuretic Peptide,674,pg/mL,0,100,H,STAT,2025-11-17 23:27,2025-11-17 23:49,2025-11-18 00:27
LAB748158,ENC120322,PT12744,GLU,Glucose,101,mg/dL,70,99,H,Routine,2025-11-18 01:16,2025-11-18 01:47,2025-11-18 07:10
LAB748159,ENC120322,PT12744,CREAT,Creatinine,0.86,mg/dL,0.6,1.3,N,Routine,2025-11-18 02:02,2025-11-18 02:24,2025-11-18 04:45
LAB748160,ENC120323,PT11273,GLU,Glucose,102,mg/dL,70,99,H,STAT,2025-11-18 11:53,2025-11-18 11:58,2025-11-18 13:00
LAB748161,ENC120323,PT11273,CREAT,Creatinine,0.96,mg/dL,0.6,1.3,N,STAT,2025-11-18 11:44,2025-11-18 12:00,2025-11-18 12:30
LAB748162,ENC120323,PT11273,WBC,White Blood Cell Count,14.9,K/uL,4.5,11,H,STAT,2025-11-18 11:53,2025-11-18 11:57,2025-11-18 12:18
LAB748163,ENC120323,PT11273,HGB,Hemoglobin,15.2,g/dL,12,17.5,N,Routine,2025-11-18 11:06,2025-11-18 11:24,2025-11-18 12:59
LAB748164,ENC120323,PT11273,NA,Sodium,138,mmol/L,136,145,N,STAT,2025-11-18 11:12,2025-11-18 11:31,2025-11-18 13:04
LAB748165,ENC120323,PT11273,K,Potassium,4.2,mmol/L,3.5,5.1,N,STAT,2025-11-18 10:53,2025-11-18 11:16,2025-11-18 12:15
LAB748166,ENC120324,PT12494,GLU,Glucose,153,mg/dL,70,99,H,STAT,2025-11-18 08:17,2025-11-18 08:51,2025-11-18 09:59
LAB748167,ENC120324,PT12494,CREAT,Creatinine,0.88,mg/dL,0.6,1.3,N,STAT,2025-11-18 08:40,2025-11-18 09:01,2025-11-18 09:59
LAB748168,ENC120324,PT12494,WBC,White Blood Cell Count,7.6,K/uL,4.5,11,N,Routine,2025-11-18 08:37,2025-11-18 08:49,2025-11-18 13:10
LAB748169,ENC120324,PT12494,HGB,Hemoglobin,13.8,g/dL,12,17.5,N,STAT,2025-11-18 08:25,2025-11-18 08:53,2025-11-18 09:28
LAB748170,ENC120326,PT13741,LDL,LDL Cholesterol,50,mg/dL,0,99,N,Routine,2025-11-18 08:53,2025-11-18 09:22,2025-11-18 21:16
LAB748171,ENC120326,PT13741,A1C,Hemoglobin A1c,5.7,%,4,5.6,H,Routine,2025-11-18 08:39,2025-11-18 09:05,2025-11-19 00:48
LAB748172,ENC120328,PT13350,GLU,Glucose,125,mg/dL,70,99,H,STAT,2025-11-18 10:01,2025-11-18 10:25,2025-11-18 11:07
LAB748173,ENC120328,PT13350,CREAT,Creatinine,0.56,mg/dL,0.6,1.3,L,STAT,2025-11-18 09:06,2025-11-18 09:28,2025-11-18 10:45
LAB748174,ENC120328,PT13350,WBC,White Blood Cell Count,7.4,K/uL,4.5,11,N,STAT,2025-11-18 09:27,2025-11-18 09:52,2025-11-18 10:38
LAB748175,ENC120328,PT13350,HGB,Hemoglobin,13.4,g/dL,12,17.5,N,STAT,2025-11-18 09:55,2025-11-18 10:00,2025-11-18 10:40
LAB748176,ENC120328,PT13350,LACT,Lactate,0.8,mmol/L,0.5,2,N,STAT,2025-11-18 09:02,2025-11-18 09:30,2025-11-18 10:20
LAB748177,ENC120333,PT10035,GLU,Glucose,112,mg/dL,70,99,H,STAT,2025-11-18 10:27,2025-11-18 10:56,2025-11-18 12:00
LAB748178,ENC120333,PT10035,CREAT,Creatinine,0.92,mg/dL,0.6,1.3,N,Routine,2025-11-18 10:55,2025-11-18 11:14,2025-11-18 12:40
LAB748179,ENC120333,PT10035,WBC,White Blood Cell Count,7.4,K/uL,4.5,11,N,STAT,2025-11-18 11:02,2025-11-18 11:31,2025-11-18 13:33
LAB748180,ENC120334,PT13948,GLU,Glucose,144,mg/dL,70,99,H,STAT,2025-11-18 11:42,2025-11-18 12:15,2025-11-18 13:17
LAB748181,ENC120334,PT13948,CREAT,Creatinine,0.91,mg/dL,0.6,1.3,N,Routine,2025-11-18 11:35,2025-11-18 11:54,2025-11-18 13:58
LAB748182,ENC120340,PT11673,GLU,Glucose,147,mg/dL,70,99,H,STAT,2025-11-18 15:32,2025-11-18 16:03,2025-11-18 16:30
LAB748183,ENC120340,PT11673,CREAT,Creatinine,1.26,mg/dL,0.6,1.3,N,STAT,2025-11-18 15:11,2025-11-18 15:41,2025-11-18 16:49
LAB748184,ENC120340,PT11673,WBC,White Blood Cell Count,19.9,K/uL,4.5,11,H,STAT,2025-11-18 15:54,2025-11-18 16:18,2025-11-18 17:02
LAB748185,ENC120340,PT11673,HGB,Hemoglobin,14.2,g/dL,12,17.5,N,STAT,2025-11-18 16:11,2025-11-18 16:22,2025-11-18 17:26
LAB748186,ENC120340,PT11673,LACT,Lactate,3.4,mmol/L,0.5,2,H,STAT,2025-11-18 15:06,2025-11-18 15:28,2025-11-18 17:21
LAB748187,ENC120341,PT13456,LDL,LDL Cholesterol,159,mg/dL,0,99,H,Routine,2025-11-18 13:58,2025-11-18 14:29,2025-11-19 03:56
LAB748188,ENC120344,PT13857,GLU,Glucose,89,mg/dL,70,99,N,STAT,2025-11-18 14:12,2025-11-18 14:16,2025-11-18 15:09
LAB748189,ENC120344,PT13857,CREAT,Creatinine,0.84,mg/dL,0.6,1.3,N,Routine,2025-11-18 14:31,2025-11-18 14:38,2025-11-18 18:40
LAB748190,ENC120344,PT13857,WBC,White Blood Cell Count,9.3,K/uL,4.5,11,N,Routine,2025-11-18 15:10,2025-11-18 15:44,2025-11-18 18:34
LAB748191,ENC120344,PT13857,HGB,Hemoglobin,14.7,g/dL,12,17.5,N,STAT,2025-11-18 14:40,2025-11-18 15:08,2025-11-18 15:42
LAB748192,ENC120346,PT13303,LDL,LDL Cholesterol,59,mg/dL,0,99,N,Routine,2025-11-18 15:19,2025-11-18 15:41,2025-11-19 15:06
LAB748193,ENC120346,PT13303,A1C,Hemoglobin A1c,6.8,%,4,5.6,H,Routine,2025-11-18 15:15,2025-11-18 15:32,2025-11-19 15:52
LAB748194,ENC120346,PT13303,TSH,Thyroid Stimulating Hormone,2.87,mIU/L,0.4,4,N,Routine,2025-11-18 15:29,2025-11-18 15:52,2025-11-19 10:37
LAB748195,ENC120348,PT10243,GLU,Glucose,159,mg/dL,70,99,H,STAT,2025-11-18 15:28,2025-11-18 15:46,2025-11-18 16:33
LAB748196,ENC120348,PT10243,CREAT,Creatinine,0.87,mg/dL,0.6,1.3,N,STAT,2025-11-18 15:11,2025-11-18 15:44,2025-11-18 16:29
LAB748197,ENC120348,PT10243,WBC,White Blood Cell Count,9.9,K/uL,4.5,11,N,STAT,2025-11-18 15:18,2025-11-18 15:22,2025-11-18 16:00
LAB748198,ENC120348,PT10243,HGB,Hemoglobin,14.8,g/dL,12,17.5,N,STAT,2025-11-18 15:13,2025-11-18 15:19,2025-11-18 15:43
LAB748199,ENC120350,PT10177,GLU,Glucose,103,mg/dL,70,99,H,STAT,2025-11-18 16:05,2025-11-18 16:11,2025-11-18 16:53
LAB748200,ENC120350,PT10177,CREAT,Creatinine,1.09,mg/dL,0.6,1.3,N,Routine,2025-11-18 15:28,2025-11-18 15:33,2025-11-18 16:44
LAB748201,ENC120352,PT10802,GLU,Glucose,102,mg/dL,70,99,H,STAT,2025-11-18 18:56,2025-11-18 19:28,2025-11-18 19:57
LAB748202,ENC120352,PT10802,CREAT,Creatinine,0.72,mg/dL,0.6,1.3,N,Routine,2025-11-18 19:44,2025-11-18 19:52,2025-11-18 21:47
LAB748203,ENC120352,PT10802,WBC,White Blood Cell Count,8.3,K/uL,4.5,11,N,Routine,2025-11-18 19:12,2025-11-18 19:22,2025-11-18 21:44
LAB748204,ENC120352,PT10802,HGB,Hemoglobin,12.5,g/dL,12,17.5,N,STAT,2025-11-18 18:44,2025-11-18 18:49,2025-11-18 19:16
LAB748205,ENC120352,PT10802,TROP,"Troponin I, High Sensitivity",52,ng/L,0,34,H,STAT,2025-11-18 18:44,2025-11-18 18:50,2025-11-18 19:15
LAB748206,ENC120352,PT10802,BNP,B-Type Natriuretic Peptide,549,pg/mL,0,100,H,STAT,2025-11-18 19:46,2025-11-18 20:16,2025-11-18 21:43
LAB748207,ENC120353,PT11531,A1C,Hemoglobin A1c,5.4,%,4,5.6,N,Routine,2025-11-18 16:07,2025-11-18 16:40,2025-11-18 20:55
LAB748208,ENC120354,PT12993,A1C,Hemoglobin A1c,7.1,%,4,5.6,H,Routine,2025-11-18 16:24,2025-11-18 16:50,2025-11-19 11:35
LAB748209,ENC120355,PT13880,GLU,Glucose,212,mg/dL,70,99,H,Routine,2025-11-18 20:41,2025-11-18 21:15,2025-11-18 23:53
LAB748210,ENC120355,PT13880,CREAT,Creatinine,1.09,mg/dL,0.6,1.3,N,STAT,2025-11-18 20:24,2025-11-18 20:30,2025-11-18 21:21
LAB748211,ENC120355,PT13880,WBC,White Blood Cell Count,22.5,K/uL,4.5,11,H,Routine,2025-11-18 20:33,2025-11-18 21:05,2025-11-19 01:33
LAB748212,ENC120355,PT13880,HGB,Hemoglobin,16.6,g/dL,12,17.5,N,STAT,2025-11-18 20:58,2025-11-18 21:17,2025-11-18 21:37
LAB748213,ENC120356,PT10669,GLU,Glucose,217,mg/dL,70,99,H,STAT,2025-11-18 16:40,2025-11-18 16:53,2025-11-18 17:33
LAB748214,ENC120356,PT10669,CREAT,Creatinine,0.57,mg/dL,0.6,1.3,L,STAT,2025-11-18 17:38,2025-11-18 17:57,2025-11-18 18:17
LAB748215,ENC120356,PT10669,WBC,White Blood Cell Count,5.2,K/uL,4.5,11,N,Routine,2025-11-18 17:34,2025-11-18 17:39,2025-11-18 21:50
LAB748216,ENC120356,PT10669,HGB,Hemoglobin,8.2,g/dL,12,17.5,L,STAT,2025-11-18 17:10,2025-11-18 17:45,2025-11-18 18:18
LAB748217,ENC120356,PT10669,LACT,Lactate,3,mmol/L,0.5,2,H,STAT,2025-11-18 17:23,2025-11-18 17:36,2025-11-18 18:29
LAB748218,ENC120356,PT10669,INR,Prothrombin Time INR,1.1,ratio,0.8,1.2,N,STAT,2025-11-18 17:37,2025-11-18 18:09,2025-11-18 20:01
LAB748219,ENC120358,PT10805,GLU,Glucose,121,mg/dL,70,99,H,STAT,2025-11-18 21:30,2025-11-18 21:52,2025-11-18 22:52
LAB748220,ENC120358,PT10805,CREAT,Creatinine,0.98,mg/dL,0.6,1.3,N,STAT,2025-11-18 20:29,2025-11-18 20:46,2025-11-18 21:45
LAB748221,ENC120358,PT10805,WBC,White Blood Cell Count,9.6,K/uL,4.5,11,N,Routine,2025-11-18 20:36,2025-11-18 20:54,2025-11-18 23:24
LAB748222,ENC120358,PT10805,HGB,Hemoglobin,11.7,g/dL,12,17.5,L,STAT,2025-11-18 20:35,2025-11-18 20:56,2025-11-18 21:51
LAB748223,ENC120358,PT10805,NA,Sodium,139,mmol/L,136,145,N,Routine,2025-11-18 20:45,2025-11-18 21:11,2025-11-19 01:07
LAB748224,ENC120358,PT10805,K,Potassium,4.1,mmol/L,3.5,5.1,N,STAT,2025-11-18 20:28,2025-11-18 20:54,2025-11-18 21:37
LAB748225,ENC120358,PT10805,INR,Prothrombin Time INR,1.1,ratio,0.8,1.2,N,STAT,2025-11-18 20:47,2025-11-18 20:52,2025-11-18 21:39
LAB748226,ENC120359,PT13916,GLU,Glucose,64,mg/dL,70,99,L,STAT,2025-11-18 17:50,2025-11-18 18:14,2025-11-18 18:47
LAB748227,ENC120359,PT13916,CREAT,Creatinine,0.75,mg/dL,0.6,1.3,N,STAT,2025-11-18 17:45,2025-11-18 18:04,2025-11-18 19:01
LAB748228,ENC120359,PT13916,WBC,White Blood Cell Count,7.6,K/uL,4.5,11,N,STAT,2025-11-18 17:25,2025-11-18 17:38,2025-11-18 18:22
LAB748229,ENC120359,PT13916,HGB,Hemoglobin,12.5,g/dL,12,17.5,N,STAT,2025-11-18 17:30,2025-11-18 17:47,2025-11-18 18:31
LAB748230,ENC120359,PT13916,NA,Sodium,141,mmol/L,136,145,N,STAT,2025-11-18 17:35,2025-11-18 17:43,2025-11-18 18:51
LAB748231,ENC120359,PT13916,K,Potassium,4.1,mmol/L,3.5,5.1,N,STAT,2025-11-18 18:05,2025-11-18 18:21,2025-11-18 18:49
LAB748232,ENC120361,PT13068,GLU,Glucose,115,mg/dL,70,99,H,STAT,2025-11-18 20:45,2025-11-18 20:54,2025-11-18 21:56
LAB748233,ENC120361,PT13068,CREAT,Creatinine,1.44,mg/dL,0.6,1.3,H,STAT,2025-11-18 20:46,2025-11-18 20:51,2025-11-18 22:02
LAB748234,ENC120361,PT13068,WBC,White Blood Cell Count,15.1,K/uL,4.5,11,H,STAT,2025-11-18 21:06,2025-11-18 21:17,2025-11-18 21:53
LAB748235,ENC120361,PT13068,HGB,Hemoglobin,11.5,g/dL,12,17.5,L,STAT,2025-11-18 20:39,2025-11-18 21:07,2025-11-18 22:12
LAB748236,ENC120361,PT13068,LACT,Lactate,2.6,mmol/L,0.5,2,H,STAT,2025-11-18 20:35,2025-11-18 20:55,2025-11-18 21:49
LAB748237,ENC120363,PT11642,GLU,Glucose,152,mg/dL,70,99,H,Routine,2025-11-18 22:25,2025-11-18 22:41,2025-11-19 06:18
LAB748238,ENC120363,PT11642,CREAT,Creatinine,0.89,mg/dL,0.6,1.3,N,STAT,2025-11-18 22:11,2025-11-18 22:46,2025-11-18 23:14
LAB748239,ENC120363,PT11642,WBC,White Blood Cell Count,4.1,K/uL,4.5,11,L,STAT,2025-11-18 22:59,2025-11-18 23:32,2025-11-19 01:05
LAB748240,ENC120363,PT11642,HGB,Hemoglobin,11.2,g/dL,12,17.5,L,Routine,2025-11-18 22:46,2025-11-18 22:53,2025-11-19 02:52
LAB748241,ENC120363,PT11642,LACT,Lactate,3.3,mmol/L,0.5,2,H,STAT,2025-11-18 22:28,2025-11-18 22:34,2025-11-18 23:22
LAB748242,ENC120364,PT10879,GLU,Glucose,146,mg/dL,70,99,H,STAT,2025-11-18 21:09,2025-11-18 21:36,2025-11-18 22:10
LAB748243,ENC120364,PT10879,CREAT,Creatinine,0.87,mg/dL,0.6,1.3,N,STAT,2025-11-18 20:33,2025-11-18 20:49,2025-11-18 23:13
LAB748244,ENC120364,PT10879,WBC,White Blood Cell Count,9.2,K/uL,4.5,11,N,STAT,2025-11-18 21:32,2025-11-18 21:57,2025-11-18 23:21
LAB748245,ENC120365,PT13190,GLU,Glucose,84,mg/dL,70,99,N,STAT,2025-11-19 02:33,2025-11-19 02:48,2025-11-19 03:38
LAB748246,ENC120365,PT13190,CREAT,Creatinine,1.23,mg/dL,0.6,1.3,N,STAT,2025-11-19 02:20,2025-11-19 02:35,2025-11-19 03:15
LAB748247,ENC120365,PT13190,WBC,White Blood Cell Count,7.2,K/uL,4.5,11,N,STAT,2025-11-19 02:32,2025-11-19 02:41,2025-11-19 04:22
LAB748248,ENC120365,PT13190,HGB,Hemoglobin,11.5,g/dL,12,17.5,L,STAT,2025-11-19 02:58,2025-11-19 03:25,2025-11-19 04:07
LAB748249,ENC120366,PT10367,GLU,Glucose,65,mg/dL,70,99,L,STAT,2025-11-19 05:49,2025-11-19 06:21,2025-11-19 07:30
LAB748250,ENC120366,PT10367,CREAT,Creatinine,1.26,mg/dL,0.6,1.3,N,Routine,2025-11-19 05:22,2025-11-19 05:38,2025-11-19 07:59
LAB748251,ENC120366,PT10367,WBC,White Blood Cell Count,8.7,K/uL,4.5,11,N,STAT,2025-11-19 05:18,2025-11-19 05:43,2025-11-19 06:11
LAB748252,ENC120366,PT10367,HGB,Hemoglobin,15.5,g/dL,12,17.5,N,STAT,2025-11-19 05:11,2025-11-19 05:46,2025-11-19 06:09
LAB748253,ENC120366,PT10367,NA,Sodium,133,mmol/L,136,145,L,STAT,2025-11-19 05:34,2025-11-19 05:49,2025-11-19 06:33
LAB748254,ENC120366,PT10367,K,Potassium,4.6,mmol/L,3.5,5.1,N,STAT,2025-11-19 05:49,2025-11-19 06:12,2025-11-19 07:48
LAB748255,ENC120367,PT10597,GLU,Glucose,118,mg/dL,70,99,H,STAT,2025-11-19 08:59,2025-11-19 09:13,2025-11-19 09:36
LAB748256,ENC120367,PT10597,CREAT,Creatinine,0.65,mg/dL,0.6,1.3,N,STAT,2025-11-19 09:50,2025-11-19 10:06,2025-11-19 10:41
LAB748257,ENC120367,PT10597,WBC,White Blood Cell Count,7.4,K/uL,4.5,11,N,Routine,2025-11-19 08:53,2025-11-19 09:15,2025-11-19 15:56
LAB748258,ENC120367,PT10597,HGB,Hemoglobin,11.9,g/dL,12,17.5,L,STAT,2025-11-19 09:51,2025-11-19 10:11,2025-11-19 10:59
LAB748259,ENC120367,PT10597,TROP,"Troponin I, High Sensitivity",11,ng/L,0,34,N,STAT,2025-11-19 09:26,2025-11-19 09:49,2025-11-19 10:23
LAB748260,ENC120367,PT10597,BNP,B-Type Natriuretic Peptide,2107,pg/mL,0,100,H,STAT,2025-11-19 09:40,2025-11-19 09:53,2025-11-19 11:13
LAB748261,ENC120370,PT12197,GLU,Glucose,210,mg/dL,70,99,H,STAT,2025-11-19 09:55,2025-11-19 10:23,2025-11-19 11:22
LAB748262,ENC120370,PT12197,CREAT,Creatinine,1.1,mg/dL,0.6,1.3,N,Routine,2025-11-19 09:55,2025-11-19 10:04,2025-11-19 11:40
LAB748263,ENC120370,PT12197,WBC,White Blood Cell Count,14.2,K/uL,4.5,11,H,STAT,2025-11-19 10:40,2025-11-19 11:05,2025-11-19 12:11
LAB748264,ENC120370,PT12197,HGB,Hemoglobin,13.4,g/dL,12,17.5,N,Routine,2025-11-19 10:34,2025-11-19 10:52,2025-11-19 15:59
LAB748265,ENC120371,PT12719,GLU,Glucose,129,mg/dL,70,99,H,STAT,2025-11-19 13:04,2025-11-19 13:18,2025-11-19 14:01
LAB748266,ENC120371,PT12719,CREAT,Creatinine,1.67,mg/dL,0.6,1.3,H,Routine,2025-11-19 12:17,2025-11-19 12:22,2025-11-19 16:06
LAB748267,ENC120371,PT12719,WBC,White Blood Cell Count,1.9,K/uL,4.5,11,L,STAT,2025-11-19 12:53,2025-11-19 13:04,2025-11-19 13:26
LAB748268,ENC120371,PT12719,HGB,Hemoglobin,15.2,g/dL,12,17.5,N,Routine,2025-11-19 12:52,2025-11-19 13:08,2025-11-19 14:24
LAB748269,ENC120371,PT12719,LACT,Lactate,5.6,mmol/L,0.5,2,HH,STAT,2025-11-19 12:21,2025-11-19 12:28,2025-11-19 13:05
LAB748270,ENC120372,PT13720,GLU,Glucose,78,mg/dL,70,99,N,STAT,2025-11-19 12:26,2025-11-19 12:36,2025-11-19 13:26
LAB748271,ENC120372,PT13720,CREAT,Creatinine,0.91,mg/dL,0.6,1.3,N,Routine,2025-11-19 12:17,2025-11-19 12:33,2025-11-19 17:37
LAB748272,ENC120372,PT13720,WBC,White Blood Cell Count,3.2,K/uL,4.5,11,L,STAT,2025-11-19 12:35,2025-11-19 13:04,2025-11-19 14:19
LAB748273,ENC120372,PT13720,HGB,Hemoglobin,16.5,g/dL,12,17.5,N,STAT,2025-11-19 13:08,2025-11-19 13:25,2025-11-19 14:07
LAB748274,ENC120372,PT13720,TROP,"Troponin I, High Sensitivity",11,ng/L,0,34,N,STAT,2025-11-19 13:18,2025-11-19 13:46,2025-11-19 15:50
LAB748275,ENC120372,PT13720,BNP,B-Type Natriuretic Peptide,975,pg/mL,0,100,H,STAT,2025-11-19 12:59,2025-11-19 13:14,2025-11-19 13:45
LAB748276,ENC120373,PT12741,WBC,White Blood Cell Count,4.2,K/uL,4.5,11,L,Routine,2025-11-19 09:25,2025-11-19 09:41,2025-11-19 11:09
LAB748277,ENC120373,PT12741,HGB,Hemoglobin,16.2,g/dL,12,17.5,N,Routine,2025-11-19 09:12,2025-11-19 09:30,2025-11-19 11:55
LAB748278,ENC120373,PT12741,PLT,Platelet Count,207,K/uL,150,400,N,Routine,2025-11-19 09:12,2025-11-19 09:34,2025-11-19 12:41
LAB748279,ENC120375,PT10242,GLU,Glucose,93,mg/dL,70,99,N,Routine,2025-11-19 11:27,2025-11-19 11:53,2025-11-19 15:10
LAB748280,ENC120375,PT10242,CREAT,Creatinine,0.98,mg/dL,0.6,1.3,N,Routine,2025-11-19 10:42,2025-11-19 11:12,2025-11-19 16:58
LAB748281,ENC120375,PT10242,WBC,White Blood Cell Count,7,K/uL,4.5,11,N,STAT,2025-11-19 11:21,2025-11-19 11:32,2025-11-19 12:11
LAB748282,ENC120376,PT11274,GLU,Glucose,150,mg/dL,70,99,H,STAT,2025-11-19 11:21,2025-11-19 11:56,2025-11-19 12:16
LAB748283,ENC120376,PT11274,CREAT,Creatinine,0.81,mg/dL,0.6,1.3,N,STAT,2025-11-19 11:56,2025-11-19 12:12,2025-11-19 13:21
LAB748284,ENC120380,PT12642,GLU,Glucose,118,mg/dL,70,99,H,STAT,2025-11-19 16:32,2025-11-19 17:01,2025-11-19 18:14
LAB748285,ENC120380,PT12642,CREAT,Creatinine,0.8,mg/dL,0.6,1.3,N,STAT,2025-11-19 15:46,2025-11-19 16:02,2025-11-19 16:25
LAB748286,ENC120380,PT12642,WBC,White Blood Cell Count,7.2,K/uL,4.5,11,N,Routine,2025-11-19 16:05,2025-11-19 16:27,2025-11-19 22:59
LAB748287,ENC120380,PT12642,HGB,Hemoglobin,16.8,g/dL,12,17.5,N,Routine,2025-11-19 16:22,2025-11-19 16:53,2025-11-19 20:29
LAB748288,ENC120380,PT12642,BUN,Blood Urea Nitrogen,11,mg/dL,7,20,N,STAT,2025-11-19 16:17,2025-11-19 16:46,2025-11-19 18:11
LAB748289,ENC120380,PT12642,PLT,Platelet Count,329,K/uL,150,400,N,STAT,2025-11-19 15:54,2025-11-19 16:22,2025-11-19 17:24
LAB748290,ENC120385,PT12156,WBC,White Blood Cell Count,6.2,K/uL,4.5,11,N,Routine,2025-11-19 14:05,2025-11-19 14:12,2025-11-19 15:58
LAB748291,ENC120385,PT12156,HGB,Hemoglobin,11.2,g/dL,12,17.5,L,Routine,2025-11-19 14:01,2025-11-19 14:15,2025-11-19 15:38
LAB748292,ENC120385,PT12156,PLT,Platelet Count,259,K/uL,150,400,N,Routine,2025-11-19 14:05,2025-11-19 14:25,2025-11-19 22:11
LAB748293,ENC120386,PT11408,GLU,Glucose,104,mg/dL,70,99,H,STAT,2025-11-19 17:16,2025-11-19 17:21,2025-11-19 18:09
LAB748294,ENC120386,PT11408,CREAT,Creatinine,0.35,mg/dL,0.6,1.3,L,STAT,2025-11-19 17:16,2025-11-19 17:32,2025-11-19 18:32
LAB748295,ENC120386,PT11408,WBC,White Blood Cell Count,9.6,K/uL,4.5,11,N,STAT,2025-11-19 16:12,2025-11-19 16:31,2025-11-19 18:19
LAB748296,ENC120386,PT11408,HGB,Hemoglobin,14.4,g/dL,12,17.5,N,Routine,2025-11-19 16:41,2025-11-19 17:16,2025-11-19 20:23
LAB748297,ENC120387,PT13848,GLU,Glucose,106,mg/dL,70,99,H,STAT,2025-11-19 19:33,2025-11-19 19:55,2025-11-19 20:44
LAB748298,ENC120387,PT13848,CREAT,Creatinine,0.98,mg/dL,0.6,1.3,N,STAT,2025-11-19 19:49,2025-11-19 20:10,2025-11-19 22:05
LAB748299,ENC120387,PT13848,WBC,White Blood Cell Count,7.6,K/uL,4.5,11,N,STAT,2025-11-19 19:08,2025-11-19 19:24,2025-11-19 20:09
LAB748300,ENC120387,PT13848,HGB,Hemoglobin,15.1,g/dL,12,17.5,N,STAT,2025-11-19 19:07,2025-11-19 19:40,2025-11-19 20:48
LAB748301,ENC120389,PT13273,GLU,Glucose,174,mg/dL,70,99,H,Routine,2025-11-19 14:42,2025-11-19 15:11,2025-11-19 20:05
LAB748302,ENC120389,PT13273,CREAT,Creatinine,0.82,mg/dL,0.6,1.3,N,Routine,2025-11-19 15:01,2025-11-19 15:21,2025-11-19 17:10
LAB748303,ENC120389,PT13273,WBC,White Blood Cell Count,6.2,K/uL,4.5,11,N,STAT,2025-11-19 15:16,2025-11-19 15:35,2025-11-19 15:58
LAB748304,ENC120391,PT11882,GLU,Glucose,99,mg/dL,70,99,N,STAT,2025-11-19 15:14,2025-11-19 15:37,2025-11-19 16:32
LAB748305,ENC120391,PT11882,CREAT,Creatinine,2.88,mg/dL,0.6,1.3,H,STAT,2025-11-19 15:45,2025-11-19 16:00,2025-11-19 16:46
LAB748306,ENC120391,PT11882,WBC,White Blood Cell Count,6.4,K/uL,4.5,11,N,STAT,2025-11-19 15:21,2025-11-19 15:40,2025-11-19 16:56
LAB748307,ENC120392,PT11781,GLU,Glucose,135,mg/dL,70,99,H,Routine,2025-11-19 16:10,2025-11-19 16:24,2025-11-19 20:56
LAB748308,ENC120392,PT11781,CREAT,Creatinine,0.85,mg/dL,0.6,1.3,N,Routine,2025-11-19 15:52,2025-11-19 16:04,2025-11-19 18:05
LAB748309,ENC120392,PT11781,WBC,White Blood Cell Count,8.1,K/uL,4.5,11,N,STAT,2025-11-19 16:07,2025-11-19 16:23,2025-11-19 16:49
LAB748310,ENC120392,PT11781,HGB,Hemoglobin,14.9,g/dL,12,17.5,N,STAT,2025-11-19 16:36,2025-11-19 17:07,2025-11-19 17:58
LAB748311,ENC120395,PT13378,GLU,Glucose,80,mg/dL,70,99,N,STAT,2025-11-19 19:16,2025-11-19 19:33,2025-11-19 20:16
LAB748312,ENC120395,PT13378,CREAT,Creatinine,1,mg/dL,0.6,1.3,N,STAT,2025-11-19 18:50,2025-11-19 19:24,2025-11-19 20:12
LAB748313,ENC120395,PT13378,WBC,White Blood Cell Count,8,K/uL,4.5,11,N,STAT,2025-11-19 18:21,2025-11-19 18:33,2025-11-19 19:12
LAB748314,ENC120395,PT13378,HGB,Hemoglobin,12.8,g/dL,12,17.5,N,STAT,2025-11-19 18:45,2025-11-19 18:51,2025-11-19 20:48
LAB748315,ENC120395,PT13378,BUN,Blood Urea Nitrogen,17,mg/dL,7,20,N,STAT,2025-11-19 18:59,2025-11-19 19:30,2025-11-19 20:45
LAB748316,ENC120395,PT13378,PLT,Platelet Count,225,K/uL,150,400,N,Routine,2025-11-19 18:50,2025-11-19 19:07,2025-11-20 00:21
LAB748317,ENC120397,PT10510,GLU,Glucose,107,mg/dL,70,99,H,STAT,2025-11-19 21:48,2025-11-19 22:23,2025-11-19 22:47
LAB748318,ENC120397,PT10510,CREAT,Creatinine,1,mg/dL,0.6,1.3,N,Routine,2025-11-19 21:46,2025-11-19 22:01,2025-11-19 22:48
LAB748319,ENC120397,PT10510,WBC,White Blood Cell Count,19,K/uL,4.5,11,H,Routine,2025-11-19 22:28,2025-11-19 22:44,2025-11-20 03:11
LAB748320,ENC120397,PT10510,HGB,Hemoglobin,15.7,g/dL,12,17.5,N,Routine,2025-11-19 22:03,2025-11-19 22:37,2025-11-20 00:58
LAB748321,ENC120399,PT11186,GLU,Glucose,239,mg/dL,70,99,H,STAT,2025-11-19 21:18,2025-11-19 21:40,2025-11-19 22:23
LAB748322,ENC120399,PT11186,CREAT,Creatinine,0.59,mg/dL,0.6,1.3,L,STAT,2025-11-19 21:46,2025-11-19 22:08,2025-11-19 22:52
LAB748323,ENC120399,PT11186,WBC,White Blood Cell Count,9.8,K/uL,4.5,11,N,STAT,2025-11-19 21:54,2025-11-19 22:21,2025-11-19 22:51
LAB748324,ENC120399,PT11186,HGB,Hemoglobin,11.6,g/dL,12,17.5,L,Routine,2025-11-19 21:41,2025-11-19 22:07,2025-11-20 03:03
LAB748325,ENC120400,PT13915,GLU,Glucose,103,mg/dL,70,99,H,STAT,2025-11-20 02:34,2025-11-20 02:47,2025-11-20 04:07
LAB748326,ENC120400,PT13915,CREAT,Creatinine,0.69,mg/dL,0.6,1.3,N,STAT,2025-11-20 02:37,2025-11-20 03:01,2025-11-20 03:29
LAB748327,ENC120400,PT13915,WBC,White Blood Cell Count,8.5,K/uL,4.5,11,N,STAT,2025-11-20 02:26,2025-11-20 02:34,2025-11-20 03:24
LAB748328,ENC120400,PT13915,HGB,Hemoglobin,12.3,g/dL,12,17.5,N,STAT,2025-11-20 03:00,2025-11-20 03:10,2025-11-20 03:57
LAB748329,ENC120401,PT13380,GLU,Glucose,102,mg/dL,70,99,H,Routine,2025-11-20 04:30,2025-11-20 04:47,2025-11-20 05:57
LAB748330,ENC120401,PT13380,CREAT,Creatinine,0.93,mg/dL,0.6,1.3,N,STAT,2025-11-20 04:20,2025-11-20 04:46,2025-11-20 05:17
LAB748331,ENC120401,PT13380,WBC,White Blood Cell Count,6.9,K/uL,4.5,11,N,STAT,2025-11-20 04:00,2025-11-20 04:08,2025-11-20 04:40
LAB748332,ENC120401,PT13380,HGB,Hemoglobin,8.4,g/dL,12,17.5,L,STAT,2025-11-20 04:15,2025-11-20 04:34,2025-11-20 05:35
LAB748333,ENC120401,PT13380,NA,Sodium,140,mmol/L,136,145,N,Routine,2025-11-20 04:45,2025-11-20 05:00,2025-11-20 06:42
LAB748334,ENC120401,PT13380,K,Potassium,4.4,mmol/L,3.5,5.1,N,STAT,2025-11-20 03:52,2025-11-20 04:14,2025-11-20 04:49
LAB748335,ENC120401,PT13380,LACT,Lactate,2.7,mmol/L,0.5,2,H,STAT,2025-11-20 03:46,2025-11-20 03:57,2025-11-20 05:04
LAB748336,ENC120401,PT13380,INR,Prothrombin Time INR,1,ratio,0.8,1.2,N,STAT,2025-11-20 04:18,2025-11-20 04:25,2025-11-20 05:19
LAB748337,ENC120403,PT12633,GLU,Glucose,94,mg/dL,70,99,N,STAT,2025-11-20 01:52,2025-11-20 02:25,2025-11-20 02:47
LAB748338,ENC120403,PT12633,CREAT,Creatinine,0.83,mg/dL,0.6,1.3,N,Routine,2025-11-20 01:42,2025-11-20 02:06,2025-11-20 06:50
LAB748339,ENC120403,PT12633,WBC,White Blood Cell Count,9.8,K/uL,4.5,11,N,STAT,2025-11-20 01:05,2025-11-20 01:23,2025-11-20 02:02
LAB748340,ENC120403,PT12633,HGB,Hemoglobin,11.7,g/dL,12,17.5,L,STAT,2025-11-20 01:51,2025-11-20 02:22,2025-11-20 02:56
LAB748341,ENC120406,PT11048,GLU,Glucose,101,mg/dL,70,99,H,STAT,2025-11-20 06:48,2025-11-20 06:52,2025-11-20 07:59
LAB748342,ENC120406,PT11048,CREAT,Creatinine,1.13,mg/dL,0.6,1.3,N,STAT,2025-11-20 07:36,2025-11-20 07:40,2025-11-20 08:27
LAB748343,ENC120406,PT11048,WBC,White Blood Cell Count,5,K/uL,4.5,11,N,Routine,2025-11-20 06:54,2025-11-20 07:00,2025-11-20 10:46
LAB748344,ENC120406,PT11048,HGB,Hemoglobin,13.2,g/dL,12,17.5,N,STAT,2025-11-20 06:54,2025-11-20 07:29,2025-11-20 08:26
LAB748345,ENC120407,PT10252,GLU,Glucose,110,mg/dL,70,99,H,STAT,2025-11-20 12:16,2025-11-20 12:48,2025-11-20 13:51
LAB748346,ENC120407,PT10252,CREAT,Creatinine,0.82,mg/dL,0.6,1.3,N,STAT,2025-11-20 12:32,2025-11-20 12:43,2025-11-20 14:01
LAB748347,ENC120407,PT10252,WBC,White Blood Cell Count,19.5,K/uL,4.5,11,H,STAT,2025-11-20 12:11,2025-11-20 12:36,2025-11-20 13:06
LAB748348,ENC120407,PT10252,HGB,Hemoglobin,13.6,g/dL,12,17.5,N,Routine,2025-11-20 12:03,2025-11-20 12:37,2025-11-20 15:15
LAB748349,ENC120407,PT10252,NA,Sodium,139,mmol/L,136,145,N,Routine,2025-11-20 12:31,2025-11-20 12:38,2025-11-20 16:21
LAB748350,ENC120407,PT10252,K,Potassium,3.7,mmol/L,3.5,5.1,N,STAT,2025-11-20 12:10,2025-11-20 12:37,2025-11-20 13:08
LAB748351,ENC120411,PT11542,LDL,LDL Cholesterol,129,mg/dL,0,99,H,Routine,2025-11-20 10:22,2025-11-20 10:50,2025-11-20 22:02
LAB748352,ENC120414,PT13699,LDL,LDL Cholesterol,158,mg/dL,0,99,H,Routine,2025-11-20 10:17,2025-11-20 10:51,2025-11-21 08:40
LAB748353,ENC120418,PT13804,GLU,Glucose,138,mg/dL,70,99,H,Routine,2025-11-20 12:56,2025-11-20 13:19,2025-11-20 19:21
LAB748354,ENC120418,PT13804,CREAT,Creatinine,0.72,mg/dL,0.6,1.3,N,STAT,2025-11-20 12:43,2025-11-20 13:18,2025-11-20 13:57
LAB748355,ENC120418,PT13804,WBC,White Blood Cell Count,6,K/uL,4.5,11,N,Routine,2025-11-20 13:47,2025-11-20 14:22,2025-11-20 15:47
LAB748356,ENC120418,PT13804,HGB,Hemoglobin,12,g/dL,12,17.5,N,Routine,2025-11-20 13:50,2025-11-20 14:15,2025-11-20 17:39
LAB748357,ENC120420,PT10340,GLU,Glucose,101,mg/dL,70,99,H,STAT,2025-11-20 10:57,2025-11-20 11:30,2025-11-20 12:04
LAB748358,ENC120420,PT10340,CREAT,Creatinine,1.26,mg/dL,0.6,1.3,N,STAT,2025-11-20 10:59,2025-11-20 11:19,2025-11-20 12:22
LAB748359,ENC120420,PT10340,WBC,White Blood Cell Count,8.3,K/uL,4.5,11,N,STAT,2025-11-20 11:03,2025-11-20 11:22,2025-11-20 12:16
LAB748360,ENC120420,PT10340,HGB,Hemoglobin,15,g/dL,12,17.5,N,Routine,2025-11-20 11:03,2025-11-20 11:32,2025-11-20 14:43
LAB748361,ENC120421,PT11561,GLU,Glucose,194,mg/dL,70,99,H,Routine,2025-11-20 12:05,2025-11-20 12:38,2025-11-20 14:01
LAB748362,ENC120421,PT11561,CREAT,Creatinine,1.09,mg/dL,0.6,1.3,N,STAT,2025-11-20 12:12,2025-11-20 12:25,2025-11-20 13:40
LAB748363,ENC120421,PT11561,WBC,White Blood Cell Count,11.6,K/uL,4.5,11,H,Routine,2025-11-20 11:20,2025-11-20 11:47,2025-11-20 14:40
LAB748364,ENC120421,PT11561,HGB,Hemoglobin,12.3,g/dL,12,17.5,N,STAT,2025-11-20 11:27,2025-11-20 11:48,2025-11-20 12:25
LAB748365,ENC120421,PT11561,TROP,"Troponin I, High Sensitivity",4,ng/L,0,34,N,STAT,2025-11-20 11:58,2025-11-20 12:02,2025-11-20 12:40
LAB748366,ENC120422,PT13823,GLU,Glucose,93,mg/dL,70,99,N,Routine,2025-11-20 15:43,2025-11-20 16:06,2025-11-20 17:40
LAB748367,ENC120422,PT13823,CREAT,Creatinine,1,mg/dL,0.6,1.3,N,Routine,2025-11-20 16:44,2025-11-20 17:04,2025-11-20 20:02
LAB748368,ENC120422,PT13823,WBC,White Blood Cell Count,5,K/uL,4.5,11,N,Routine,2025-11-20 15:45,2025-11-20 16:10,2025-11-20 22:53
LAB748369,ENC120422,PT13823,HGB,Hemoglobin,14.1,g/dL,12,17.5,N,STAT,2025-11-20 16:20,2025-11-20 16:51,2025-11-20 17:37
LAB748370,ENC120422,PT13823,NA,Sodium,137,mmol/L,136,145,N,STAT,2025-11-20 15:53,2025-11-20 16:06,2025-11-20 17:00
LAB748371,ENC120422,PT13823,K,Potassium,3.7,mmol/L,3.5,5.1,N,STAT,2025-11-20 16:04,2025-11-20 16:21,2025-11-20 17:26
LAB748372,ENC120422,PT13823,INR,Prothrombin Time INR,1,ratio,0.8,1.2,N,Routine,2025-11-20 15:48,2025-11-20 16:14,2025-11-20 20:15
LAB748373,ENC120423,PT11947,LDL,LDL Cholesterol,119,mg/dL,0,99,H,Routine,2025-11-20 11:56,2025-11-20 12:00,2025-11-20 19:20
LAB748374,ENC120424,PT10640,GLU,Glucose,118,mg/dL,70,99,H,STAT,2025-11-20 15:07,2025-11-20 15:28,2025-11-20 15:55
LAB748375,ENC120424,PT10640,CREAT,Creatinine,1.05,mg/dL,0.6,1.3,N,Routine,2025-11-20 14:54,2025-11-20 15:03,2025-11-20 17:39
LAB748376,ENC120424,PT10640,WBC,White Blood Cell Count,17.8,K/uL,4.5,11,H,STAT,2025-11-20 14:44,2025-11-20 15:19,2025-11-20 15:56
LAB748377,ENC120424,PT10640,HGB,Hemoglobin,14.2,g/dL,12,17.5,N,STAT,2025-11-20 15:09,2025-11-20 15:38,2025-11-20 16:25
LAB748378,ENC120425,PT12602,GLU,Glucose,109,mg/dL,70,99,H,STAT,2025-11-20 13:07,2025-11-20 13:29,2025-11-20 14:31
LAB748379,ENC120425,PT12602,CREAT,Creatinine,1.04,mg/dL,0.6,1.3,N,STAT,2025-11-20 13:44,2025-11-20 13:50,2025-11-20 14:26
LAB748380,ENC120425,PT12602,WBC,White Blood Cell Count,9.3,K/uL,4.5,11,N,STAT,2025-11-20 13:48,2025-11-20 14:02,2025-11-20 15:13
LAB748381,ENC120426,PT10133,GLU,Glucose,85,mg/dL,70,99,N,STAT,2025-11-20 13:46,2025-11-20 14:15,2025-11-20 15:19
LAB748382,ENC120426,PT10133,CREAT,Creatinine,0.84,mg/dL,0.6,1.3,N,Routine,2025-11-20 13:21,2025-11-20 13:36,2025-11-20 16:24
LAB748383,ENC120426,PT10133,WBC,White Blood Cell Count,7.9,K/uL,4.5,11,N,STAT,2025-11-20 13:46,2025-11-20 13:53,2025-11-20 14:54
LAB748384,ENC120426,PT10133,HGB,Hemoglobin,11.5,g/dL,12,17.5,L,Routine,2025-11-20 13:08,2025-11-20 13:18,2025-11-20 18:33
LAB748385,ENC120429,PT13386,LDL,LDL Cholesterol,127,mg/dL,0,99,H,Routine,2025-11-20 13:21,2025-11-20 13:41,2025-11-21 17:50
LAB748386,ENC120429,PT13386,A1C,Hemoglobin A1c,8,%,4,5.6,H,Routine,2025-11-20 13:22,2025-11-20 13:27,2025-11-21 05:43
LAB748387,ENC120430,PT12324,GLU,Glucose,110,mg/dL,70,99,H,Routine,2025-11-20 17:38,2025-11-20 17:50,2025-11-20 19:17
LAB748388,ENC120430,PT12324,CREAT,Creatinine,0.83,mg/dL,0.6,1.3,N,Routine,2025-11-20 17:08,2025-11-20 17:36,2025-11-20 19:21
LAB748389,ENC120430,PT12324,WBC,White Blood Cell Count,9.4,K/uL,4.5,11,N,Routine,2025-11-20 17:00,2025-11-20 17:12,2025-11-20 22:17
LAB748390,ENC120430,PT12324,HGB,Hemoglobin,12.6,g/dL,12,17.5,N,Routine,2025-11-20 17:02,2025-11-20 17:06,2025-11-20 22:50
LAB748391,ENC120431,PT11519,GLU,Glucose,92,mg/dL,70,99,N,STAT,2025-11-20 14:15,2025-11-20 14:38,2025-11-20 15:16
LAB748392,ENC120431,PT11519,CREAT,Creatinine,1,mg/dL,0.6,1.3,N,STAT,2025-11-20 14:15,2025-11-20 14:19,2025-11-20 15:35
LAB748393,ENC120431,PT11519,WBC,White Blood Cell Count,15.8,K/uL,4.5,11,H,STAT,2025-11-20 14:53,2025-11-20 15:12,2025-11-20 15:55
LAB748394,ENC120431,PT11519,HGB,Hemoglobin,15.4,g/dL,12,17.5,N,STAT,2025-11-20 14:34,2025-11-20 15:07,2025-11-20 16:22
LAB748395,ENC120433,PT10601,A1C,Hemoglobin A1c,8,%,4,5.6,H,Routine,2025-11-20 15:35,2025-11-20 16:01,2025-11-21 02:05
LAB748396,ENC120433,PT10601,GLU,Glucose,195,mg/dL,70,99,H,Routine,2025-11-20 15:46,2025-11-20 16:00,2025-11-20 21:41
LAB748397,ENC120433,PT10601,CREAT,Creatinine,1.1,mg/dL,0.6,1.3,N,Routine,2025-11-20 15:47,2025-11-20 16:02,2025-11-21 01:15
LAB748398,ENC120435,PT13637,GLU,Glucose,94,mg/dL,70,99,N,Routine,2025-11-20 16:57,2025-11-20 17:07,2025-11-20 21:30
LAB748399,ENC120435,PT13637,CREAT,Creatinine,0.85,mg/dL,0.6,1.3,N,STAT,2025-11-20 16:52,2025-11-20 17:07,2025-11-20 17:40
LAB748400,ENC120435,PT13637,WBC,White Blood Cell Count,4.4,K/uL,4.5,11,L,STAT,2025-11-20 16:58,2025-11-20 17:05,2025-11-20 18:01
LAB748401,ENC120435,PT13637,HGB,Hemoglobin,12.8,g/dL,12,17.5,N,STAT,2025-11-20 16:26,2025-11-20 16:34,2025-11-20 17:00
LAB748402,ENC120437,PT10436,GLU,Glucose,76,mg/dL,70,99,N,Routine,2025-11-20 16:56,2025-11-20 17:07,2025-11-20 18:58
LAB748403,ENC120437,PT10436,CREAT,Creatinine,1.16,mg/dL,0.6,1.3,N,STAT,2025-11-20 17:19,2025-11-20 17:46,2025-11-20 18:33
LAB748404,ENC120437,PT10436,WBC,White Blood Cell Count,11,K/uL,4.5,11,N,STAT,2025-11-20 16:28,2025-11-20 16:51,2025-11-20 17:41
LAB748405,ENC120438,PT10153,GLU,Glucose,166,mg/dL,70,99,H,Routine,2025-11-20 17:12,2025-11-20 17:32,2025-11-20 20:49
LAB748406,ENC120438,PT10153,CREAT,Creatinine,0.93,mg/dL,0.6,1.3,N,STAT,2025-11-20 16:35,2025-11-20 16:48,2025-11-20 17:34
LAB748407,ENC120438,PT10153,WBC,White Blood Cell Count,7.7,K/uL,4.5,11,N,STAT,2025-11-20 17:28,2025-11-20 17:45,2025-11-20 19:21
LAB748408,ENC120438,PT10153,HGB,Hemoglobin,12.4,g/dL,12,17.5,N,STAT,2025-11-20 17:25,2025-11-20 17:45,2025-11-20 19:04
LAB748409,ENC120438,PT10153,NA,Sodium,138,mmol/L,136,145,N,STAT,2025-11-20 16:58,2025-11-20 17:16,2025-11-20 17:39
LAB748410,ENC120438,PT10153,K,Potassium,3.8,mmol/L,3.5,5.1,N,STAT,2025-11-20 17:02,2025-11-20 17:25,2025-11-20 18:28
LAB748411,ENC120438,PT10153,A1C,Hemoglobin A1c,12.1,%,4,5.6,H,STAT,2025-11-20 16:50,2025-11-20 17:24,2025-11-20 18:44
LAB748412,ENC120439,PT11832,A1C,Hemoglobin A1c,11,%,4,5.6,H,Routine,2025-11-20 16:55,2025-11-20 17:03,2025-11-21 01:47
LAB748413,ENC120441,PT11713,GLU,Glucose,115,mg/dL,70,99,H,STAT,2025-11-20 19:02,2025-11-20 19:23,2025-11-20 20:26
LAB748414,ENC120441,PT11713,CREAT,Creatinine,1.11,mg/dL,0.6,1.3,N,Routine,2025-11-20 18:39,2025-11-20 18:47,2025-11-20 20:14
LAB748415,ENC120442,PT11834,GLU,Glucose,113,mg/dL,70,99,H,Routine,2025-11-21 01:58,2025-11-21 02:06,2025-11-21 06:10
LAB748416,ENC120442,PT11834,CREAT,Creatinine,1.43,mg/dL,0.6,1.3,H,Routine,2025-11-21 01:21,2025-11-21 01:32,2025-11-21 03:34
LAB748417,ENC120442,PT11834,WBC,White Blood Cell Count,15.7,K/uL,4.5,11,H,STAT,2025-11-21 01:56,2025-11-21 02:10,2025-11-21 03:00
LAB748418,ENC120442,PT11834,HGB,Hemoglobin,16.8,g/dL,12,17.5,N,STAT,2025-11-21 01:48,2025-11-21 02:11,2025-11-21 02:44
LAB748419,ENC120442,PT11834,NA,Sodium,144,mmol/L,136,145,N,STAT,2025-11-21 01:28,2025-11-21 01:41,2025-11-21 02:05
LAB748420,ENC120442,PT11834,K,Potassium,3.9,mmol/L,3.5,5.1,N,STAT,2025-11-21 01:44,2025-11-21 02:16,2025-11-21 03:09
LAB748421,ENC120442,PT11834,LACT,Lactate,2.1,mmol/L,0.5,2,H,STAT,2025-11-21 01:25,2025-11-21 01:52,2025-11-21 02:30
LAB748422,ENC120443,PT12929,GLU,Glucose,121,mg/dL,70,99,H,STAT,2025-11-21 02:54,2025-11-21 03:16,2025-11-21 04:46
LAB748423,ENC120443,PT12929,CREAT,Creatinine,0.93,mg/dL,0.6,1.3,N,STAT,2025-11-21 02:46,2025-11-21 03:00,2025-11-21 03:39
LAB748424,ENC120443,PT12929,WBC,White Blood Cell Count,8,K/uL,4.5,11,N,Routine,2025-11-21 03:23,2025-11-21 03:53,2025-11-21 06:49
LAB748425,ENC120445,PT10710,GLU,Glucose,111,mg/dL,70,99,H,STAT,2025-11-21 08:09,2025-11-21 08:22,2025-11-21 09:09
LAB748426,ENC120445,PT10710,CREAT,Creatinine,0.62,mg/dL,0.6,1.3,N,STAT,2025-11-21 07:37,2025-11-21 08:09,2025-11-21 09:02
LAB748427,ENC120445,PT10710,WBC,White Blood Cell Count,10,K/uL,4.5,11,N,Routine,2025-11-21 07:47,2025-11-21 07:52,2025-11-21 11:11
LAB748428,ENC120445,PT10710,HGB,Hemoglobin,15.2,g/dL,12,17.5,N,Routine,2025-11-21 07:43,2025-11-21 08:01,2025-11-21 11:52
LAB748429,ENC120448,PT13439,LDL,LDL Cholesterol,127,mg/dL,0,99,H,Routine,2025-11-21 08:55,2025-11-21 09:19,2025-11-22 03:08
LAB748430,ENC120448,PT13439,TSH,Thyroid Stimulating Hormone,1.16,mIU/L,0.4,4,N,Routine,2025-11-21 08:52,2025-11-21 08:57,2025-11-21 19:01
LAB748431,ENC120450,PT11055,GLU,Glucose,118,mg/dL,70,99,H,STAT,2025-11-21 09:12,2025-11-21 09:31,2025-11-21 10:02
LAB748432,ENC120450,PT11055,CREAT,Creatinine,2.74,mg/dL,0.6,1.3,H,STAT,2025-11-21 08:43,2025-11-21 09:18,2025-11-21 10:39
LAB748433,ENC120450,PT11055,WBC,White Blood Cell Count,9.2,K/uL,4.5,11,N,Routine,2025-11-21 09:05,2025-11-21 09:36,2025-11-21 12:42
LAB748434,ENC120450,PT11055,HGB,Hemoglobin,11.2,g/dL,12,17.5,L,STAT,2025-11-21 09:17,2025-11-21 09:42,2025-11-21 10:49
LAB748435,ENC120450,PT11055,TROP,"Troponin I, High Sensitivity",487,ng/L,0,34,H,STAT,2025-11-21 09:07,2025-11-21 09:11,2025-11-21 10:07
LAB748436,ENC120453,PT12859,GLU,Glucose,77,mg/dL,70,99,N,STAT,2025-11-21 10:18,2025-11-21 10:26,2025-11-21 10:47
LAB748437,ENC120453,PT12859,CREAT,Creatinine,0.48,mg/dL,0.6,1.3,L,STAT,2025-11-21 10:16,2025-11-21 10:44,2025-11-21 11:45
LAB748438,ENC120453,PT12859,WBC,White Blood Cell Count,8.9,K/uL,4.5,11,N,STAT,2025-11-21 10:15,2025-11-21 10:21,2025-11-21 12:12
LAB748439,ENC120453,PT12859,HGB,Hemoglobin,13.6,g/dL,12,17.5,N,STAT,2025-11-21 10:51,2025-11-21 11:01,2025-11-21 11:58
LAB748440,ENC120454,PT11723,WBC,White Blood Cell Count,8.6,K/uL,4.5,11,N,Routine,2025-11-21 10:46,2025-11-21 11:03,2025-11-21 12:25
LAB748441,ENC120454,PT11723,HGB,Hemoglobin,13.7,g/dL,12,17.5,N,Routine,2025-11-21 10:36,2025-11-21 10:53,2025-11-21 16:03
LAB748442,ENC120454,PT11723,PLT,Platelet Count,213,K/uL,150,400,N,Routine,2025-11-21 10:40,2025-11-21 10:53,2025-11-21 13:26
LAB748443,ENC120455,PT13890,LDL,LDL Cholesterol,71,mg/dL,0,99,N,Routine,2025-11-21 11:05,2025-11-21 11:27,2025-11-22 07:16
LAB748444,ENC120455,PT13890,A1C,Hemoglobin A1c,5.6,%,4,5.6,N,Routine,2025-11-21 11:13,2025-11-21 11:43,2025-11-21 18:43
LAB748445,ENC120462,PT11300,LDL,LDL Cholesterol,162,mg/dL,0,99,H,Routine,2025-11-21 13:50,2025-11-21 14:05,2025-11-21 20:47
LAB748446,ENC120463,PT13193,GLU,Glucose,211,mg/dL,70,99,H,STAT,2025-11-21 16:54,2025-11-21 17:16,2025-11-21 18:50
LAB748447,ENC120463,PT13193,CREAT,Creatinine,1.2,mg/dL,0.6,1.3,N,STAT,2025-11-21 17:01,2025-11-21 17:09,2025-11-21 17:38
LAB748448,ENC120463,PT13193,WBC,White Blood Cell Count,8.8,K/uL,4.5,11,N,STAT,2025-11-21 17:30,2025-11-21 18:03,2025-11-21 19:15
LAB748449,ENC120463,PT13193,HGB,Hemoglobin,15.2,g/dL,12,17.5,N,STAT,2025-11-21 17:52,2025-11-21 18:18,2025-11-21 19:17
LAB748450,ENC120463,PT13193,TROP,"Troponin I, High Sensitivity",71,ng/L,0,34,H,STAT,2025-11-21 17:02,2025-11-21 17:29,2025-11-21 18:09
LAB748451,ENC120463,PT13193,BNP,B-Type Natriuretic Peptide,1039,pg/mL,0,100,H,STAT,2025-11-21 17:40,2025-11-21 18:11,2025-11-21 19:25
LAB748452,ENC120464,PT13531,GLU,Glucose,297,mg/dL,70,99,H,STAT,2025-11-21 18:55,2025-11-21 19:03,2025-11-21 19:40
LAB748453,ENC120464,PT13531,CREAT,Creatinine,0.77,mg/dL,0.6,1.3,N,Routine,2025-11-21 18:49,2025-11-21 19:06,2025-11-21 23:30
LAB748454,ENC120464,PT13531,WBC,White Blood Cell Count,5.8,K/uL,4.5,11,N,Routine,2025-11-21 18:28,2025-11-21 18:33,2025-11-21 23:10
LAB748455,ENC120464,PT13531,HGB,Hemoglobin,15.7,g/dL,12,17.5,N,Routine,2025-11-21 19:08,2025-11-21 19:27,2025-11-21 22:27
LAB748456,ENC120467,PT11697,WBC,White Blood Cell Count,9.2,K/uL,4.5,11,N,Routine,2025-11-21 14:52,2025-11-21 14:59,2025-11-21 17:25
LAB748457,ENC120467,PT11697,HGB,Hemoglobin,12,g/dL,12,17.5,N,Routine,2025-11-21 15:14,2025-11-21 15:31,2025-11-21 17:54
LAB748458,ENC120467,PT11697,PLT,Platelet Count,357,K/uL,150,400,N,Routine,2025-11-21 14:51,2025-11-21 15:25,2025-11-21 19:04
LAB748459,ENC120470,PT11584,GLU,Glucose,103,mg/dL,70,99,H,STAT,2025-11-21 16:29,2025-11-21 16:42,2025-11-21 17:09
LAB748460,ENC120470,PT11584,CREAT,Creatinine,1.17,mg/dL,0.6,1.3,N,Routine,2025-11-21 16:57,2025-11-21 17:10,2025-11-21 19:03
LAB748461,ENC120470,PT11584,WBC,White Blood Cell Count,12.8,K/uL,4.5,11,H,Routine,2025-11-21 16:25,2025-11-21 16:37,2025-11-21 18:26
LAB748462,ENC120472,PT11188,GLU,Glucose,192,mg/dL,70,99,H,STAT,2025-11-21 19:04,2025-11-21 19:17,2025-11-21 20:28
LAB748463,ENC120472,PT11188,CREAT,Creatinine,0.7,mg/dL,0.6,1.3,N,Routine,2025-11-21 18:44,2025-11-21 18:50,2025-11-21 20:17
LAB748464,ENC120472,PT11188,WBC,White Blood Cell Count,4.2,K/uL,4.5,11,L,STAT,2025-11-21 18:28,2025-11-21 18:57,2025-11-21 19:27
LAB748465,ENC120472,PT11188,HGB,Hemoglobin,16.3,g/dL,12,17.5,N,STAT,2025-11-21 18:20,2025-11-21 18:26,2025-11-21 19:39
LAB748466,ENC120474,PT13628,GLU,Glucose,111,mg/dL,70,99,H,STAT,2025-11-21 20:14,2025-11-21 20:41,2025-11-21 21:07
LAB748467,ENC120474,PT13628,CREAT,Creatinine,0.78,mg/dL,0.6,1.3,N,STAT,2025-11-21 20:15,2025-11-21 20:29,2025-11-21 20:47
LAB748468,ENC120474,PT13628,WBC,White Blood Cell Count,9.3,K/uL,4.5,11,N,STAT,2025-11-21 19:43,2025-11-21 19:57,2025-11-21 21:34
LAB748469,ENC120475,PT12396,GLU,Glucose,89,mg/dL,70,99,N,STAT,2025-11-22 02:41,2025-11-22 03:13,2025-11-22 03:52
LAB748470,ENC120475,PT12396,CREAT,Creatinine,0.48,mg/dL,0.6,1.3,L,STAT,2025-11-22 02:32,2025-11-22 02:52,2025-11-22 03:50
LAB748471,ENC120475,PT12396,WBC,White Blood Cell Count,6.8,K/uL,4.5,11,N,Routine,2025-11-22 02:28,2025-11-22 02:51,2025-11-22 04:39
LAB748472,ENC120475,PT12396,HGB,Hemoglobin,12.7,g/dL,12,17.5,N,STAT,2025-11-22 02:24,2025-11-22 02:37,2025-11-22 03:47
LAB748473,ENC120476,PT12433,GLU,Glucose,82,mg/dL,70,99,N,STAT,2025-11-22 01:50,2025-11-22 02:00,2025-11-22 02:55
LAB748474,ENC120476,PT12433,CREAT,Creatinine,1.01,mg/dL,0.6,1.3,N,Routine,2025-11-22 01:56,2025-11-22 02:30,2025-11-22 05:33
LAB748475,ENC120476,PT12433,WBC,White Blood Cell Count,20.2,K/uL,4.5,11,H,STAT,2025-11-22 02:46,2025-11-22 03:13,2025-11-22 05:22
LAB748476,ENC120476,PT12433,HGB,Hemoglobin,13.8,g/dL,12,17.5,N,STAT,2025-11-22 02:42,2025-11-22 02:49,2025-11-22 03:33
LAB748477,ENC120476,PT12433,NA,Sodium,140,mmol/L,136,145,N,STAT,2025-11-22 02:27,2025-11-22 02:54,2025-11-22 03:30
LAB748478,ENC120476,PT12433,K,Potassium,4.2,mmol/L,3.5,5.1,N,STAT,2025-11-22 02:13,2025-11-22 02:42,2025-11-22 03:44
LAB748479,ENC120478,PT12670,GLU,Glucose,83,mg/dL,70,99,N,STAT,2025-11-22 02:39,2025-11-22 02:47,2025-11-22 03:19
LAB748480,ENC120478,PT12670,CREAT,Creatinine,1.46,mg/dL,0.6,1.3,H,STAT,2025-11-22 02:31,2025-11-22 02:47,2025-11-22 03:36
LAB748481,ENC120478,PT12670,WBC,White Blood Cell Count,5.2,K/uL,4.5,11,N,Routine,2025-11-22 02:23,2025-11-22 02:27,2025-11-22 04:13
LAB748482,ENC120478,PT12670,HGB,Hemoglobin,14,g/dL,12,17.5,N,Routine,2025-11-22 02:26,2025-11-22 02:56,2025-11-22 09:26
LAB748483,ENC120479,PT12946,GLU,Glucose,102,mg/dL,70,99,H,Routine,2025-11-22 03:55,2025-11-22 04:10,2025-11-22 07:52
LAB748484,ENC120479,PT12946,CREAT,Creatinine,0.98,mg/dL,0.6,1.3,N,STAT,2025-11-22 04:39,2025-11-22 05:08,2025-11-22 05:42
LAB748485,ENC120479,PT12946,WBC,White Blood Cell Count,10.2,K/uL,4.5,11,N,Routine,2025-11-22 04:15,2025-11-22 04:40,2025-11-22 06:41
LAB748486,ENC120480,PT10555,GLU,Glucose,73,mg/dL,70,99,N,STAT,2025-11-22 05:55,2025-11-22 06:08,2025-11-22 06:56
LAB748487,ENC120480,PT10555,CREAT,Creatinine,1.06,mg/dL,0.6,1.3,N,STAT,2025-11-22 05:53,2025-11-22 06:23,2025-11-22 07:12
LAB748488,ENC120480,PT10555,WBC,White Blood Cell Count,6.8,K/uL,4.5,11,N,STAT,2025-11-22 06:17,2025-11-22 06:37,2025-11-22 07:04
LAB748489,ENC120480,PT10555,HGB,Hemoglobin,15.2,g/dL,12,17.5,N,Routine,2025-11-22 06:24,2025-11-22 06:55,2025-11-22 14:36
LAB748490,ENC120480,PT10555,NA,Sodium,141,mmol/L,136,145,N,Routine,2025-11-22 06:28,2025-11-22 07:01,2025-11-22 10:18
LAB748491,ENC120480,PT10555,K,Potassium,4.7,mmol/L,3.5,5.1,N,STAT,2025-11-22 06:07,2025-11-22 06:40,2025-11-22 07:00
LAB748492,ENC120480,PT10555,TROP,"Troponin I, High Sensitivity",5,ng/L,0,34,N,STAT,2025-11-22 05:54,2025-11-22 06:12,2025-11-22 06:49
LAB748493,ENC120480,PT10555,BNP,B-Type Natriuretic Peptide,544,pg/mL,0,100,H,STAT,2025-11-22 06:46,2025-11-22 07:11,2025-11-22 08:08
LAB748494,ENC120481,PT13311,GLU,Glucose,161,mg/dL,70,99,H,STAT,2025-11-22 07:51,2025-11-22 08:20,2025-11-22 09:11
LAB748495,ENC120481,PT13311,CREAT,Creatinine,0.88,mg/dL,0.6,1.3,N,STAT,2025-11-22 08:06,2025-11-22 08:24,2025-11-22 09:00
LAB748496,ENC120481,PT13311,WBC,White Blood Cell Count,8.3,K/uL,4.5,11,N,STAT,2025-11-22 08:49,2025-11-22 09:23,2025-11-22 10:00
LAB748497,ENC120481,PT13311,HGB,Hemoglobin,12.8,g/dL,12,17.5,N,Routine,2025-11-22 08:20,2025-11-22 08:46,2025-11-22 12:15
LAB748498,ENC120481,PT13311,NA,Sodium,137,mmol/L,136,145,N,STAT,2025-11-22 08:53,2025-11-22 09:15,2025-11-22 09:45
LAB748499,ENC120481,PT13311,K,Potassium,3.8,mmol/L,3.5,5.1,N,STAT,2025-11-22 07:48,2025-11-22 08:08,2025-11-22 08:51
LAB748500,ENC120482,PT11598,GLU,Glucose,100,mg/dL,70,99,H,STAT,2025-11-22 09:14,2025-11-22 09:29,2025-11-22 10:40
LAB748501,ENC120482,PT11598,CREAT,Creatinine,1.04,mg/dL,0.6,1.3,N,STAT,2025-11-22 09:03,2025-11-22 09:37,2025-11-22 10:25
LAB748502,ENC120482,PT11598,WBC,White Blood Cell Count,6.3,K/uL,4.5,11,N,STAT,2025-11-22 08:56,2025-11-22 09:05,2025-11-22 11:19
LAB748503,ENC120482,PT11598,HGB,Hemoglobin,15.4,g/dL,12,17.5,N,Routine,2025-11-22 09:10,2025-11-22 09:43,2025-11-22 15:07
LAB748504,ENC120482,PT11598,TROP,"Troponin I, High Sensitivity",64,ng/L,0,34,H,STAT,2025-11-22 08:38,2025-11-22 08:56,2025-11-22 09:58
LAB748505,ENC120484,PT11849,GLU,Glucose,102,mg/dL,70,99,H,Routine,2025-11-22 13:35,2025-11-22 14:05,2025-11-22 15:47
LAB748506,ENC120484,PT11849,CREAT,Creatinine,0.65,mg/dL,0.6,1.3,N,STAT,2025-11-22 13:56,2025-11-22 14:26,2025-11-22 15:42
LAB748507,ENC120484,PT11849,WBC,White Blood Cell Count,6.4,K/uL,4.5,11,N,STAT,2025-11-22 13:39,2025-11-22 14:13,2025-11-22 15:11
LAB748508,ENC120485,PT11293,GLU,Glucose,108,mg/dL,70,99,H,STAT,2025-11-22 16:01,2025-11-22 16:32,2025-11-22 18:02
LAB748509,ENC120485,PT11293,CREAT,Creatinine,0.8,mg/dL,0.6,1.3,N,Routine,2025-11-22 16:05,2025-11-22 16:26,2025-11-22 20:13
LAB748510,ENC120486,PT10866,GLU,Glucose,92,mg/dL,70,99,N,STAT,2025-11-22 23:37,2025-11-22 23:45,2025-11-23 00:23
LAB748511,ENC120486,PT10866,CREAT,Creatinine,1.12,mg/dL,0.6,1.3,N,STAT,2025-11-22 22:59,2025-11-22 23:32,2025-11-23 00:22
LAB748512,ENC120486,PT10866,WBC,White Blood Cell Count,7.6,K/uL,4.5,11,N,Routine,2025-11-22 23:31,2025-11-22 23:42,2025-11-23 02:10
LAB748513,ENC120486,PT10866,HGB,Hemoglobin,12.5,g/dL,12,17.5,N,STAT,2025-11-22 23:33,2025-11-22 23:57,2025-11-23 00:51
LAB748514,ENC120486,PT10866,BUN,Blood Urea Nitrogen,20,mg/dL,7,20,N,STAT,2025-11-22 22:51,2025-11-22 23:21,2025-11-23 00:40
LAB748515,ENC120486,PT10866,PLT,Platelet Count,227,K/uL,150,400,N,STAT,2025-11-22 23:27,2025-11-22 23:41,2025-11-23 00:42
LAB748516,ENC120487,PT13051,GLU,Glucose,95,mg/dL,70,99,N,STAT,2025-11-22 18:39,2025-11-22 19:03,2025-11-22 19:47
LAB748517,ENC120487,PT13051,CREAT,Creatinine,0.93,mg/dL,0.6,1.3,N,Routine,2025-11-22 18:50,2025-11-22 18:58,2025-11-22 23:09
LAB748518,ENC120487,PT13051,WBC,White Blood Cell Count,8.3,K/uL,4.5,11,N,STAT,2025-11-22 19:20,2025-11-22 19:37,2025-11-22 20:08
LAB748519,ENC120487,PT13051,HGB,Hemoglobin,12.7,g/dL,12,17.5,N,Routine,2025-11-22 19:24,2025-11-22 19:46,2025-11-22 22:16
LAB748520,ENC120488,PT11486,GLU,Glucose,124,mg/dL,70,99,H,Routine,2025-11-22 19:38,2025-11-22 19:48,2025-11-22 22:15
LAB748521,ENC120488,PT11486,CREAT,Creatinine,1.38,mg/dL,0.6,1.3,H,STAT,2025-11-22 19:18,2025-11-22 19:40,2025-11-22 20:36
LAB748522,ENC120488,PT11486,WBC,White Blood Cell Count,11,K/uL,4.5,11,N,Routine,2025-11-22 19:53,2025-11-22 20:26,2025-11-23 01:09
LAB748523,ENC120488,PT11486,HGB,Hemoglobin,13.1,g/dL,12,17.5,N,Routine,2025-11-22 20:00,2025-11-22 20:22,2025-11-22 21:52
LAB748524,ENC120490,PT13755,GLU,Glucose,100,mg/dL,70,99,H,Routine,2025-11-22 23:59,2025-11-23 00:13,2025-11-23 04:02
LAB748525,ENC120490,PT13755,CREAT,Creatinine,2.29,mg/dL,0.6,1.3,H,STAT,2025-11-22 22:53,2025-11-22 23:05,2025-11-22 23:43
LAB748526,ENC120490,PT13755,WBC,White Blood Cell Count,9.1,K/uL,4.5,11,N,STAT,2025-11-22 22:56,2025-11-22 23:26,2025-11-23 00:14
LAB748527,ENC120490,PT13755,HGB,Hemoglobin,10.2,g/dL,12,17.5,L,Routine,2025-11-22 23:49,2025-11-22 23:57,2025-11-23 03:29
LAB748528,ENC120491,PT10538,TROP,"Troponin I, High Sensitivity",5,ng/L,0,34,N,STAT,2025-11-22 22:16,2025-11-22 22:21,2025-11-22 23:22
LAB748529,ENC120492,PT13767,GLU,Glucose,154,mg/dL,70,99,H,Routine,2025-11-23 00:38,2025-11-23 01:08,2025-11-23 02:27
LAB748530,ENC120492,PT13767,CREAT,Creatinine,1.98,mg/dL,0.6,1.3,H,STAT,2025-11-23 00:11,2025-11-23 00:27,2025-11-23 01:21
LAB748531,ENC120492,PT13767,WBC,White Blood Cell Count,11,K/uL,4.5,11,N,STAT,2025-11-23 00:36,2025-11-23 01:07,2025-11-23 02:07
LAB748532,ENC120492,PT13767,HGB,Hemoglobin,11,g/dL,12,17.5,L,Routine,2025-11-23 00:04,2025-11-23 00:38,2025-11-23 03:20
LAB748533,ENC120492,PT13767,NA,Sodium,140,mmol/L,136,145,N,Routine,2025-11-23 00:08,2025-11-23 00:21,2025-11-23 02:09
LAB748534,ENC120492,PT13767,K,Potassium,4.9,mmol/L,3.5,5.1,N,STAT,2025-11-23 00:16,2025-11-23 00:27,2025-11-23 01:32
LAB748535,ENC120495,PT12935,GLU,Glucose,74,mg/dL,70,99,N,Routine,2025-11-23 15:26,2025-11-23 15:38,2025-11-23 20:40
LAB748536,ENC120495,PT12935,CREAT,Creatinine,1.01,mg/dL,0.6,1.3,N,STAT,2025-11-23 15:25,2025-11-23 15:33,2025-11-23 16:23
LAB748537,ENC120495,PT12935,WBC,White Blood Cell Count,5.7,K/uL,4.5,11,N,STAT,2025-11-23 15:10,2025-11-23 15:42,2025-11-23 16:06
LAB748538,ENC120495,PT12935,HGB,Hemoglobin,15.1,g/dL,12,17.5,N,STAT,2025-11-23 15:34,2025-11-23 15:38,2025-11-23 16:20
LAB748539,ENC120495,PT12935,BUN,Blood Urea Nitrogen,8,mg/dL,7,20,N,STAT,2025-11-23 14:55,2025-11-23 15:04,2025-11-23 15:38
LAB748540,ENC120495,PT12935,PLT,Platelet Count,230,K/uL,150,400,N,STAT,2025-11-23 14:45,2025-11-23 15:18,2025-11-23 16:28
LAB748541,ENC120495,PT12935,TROP,"Troponin I, High Sensitivity",753,ng/L,0,34,H,STAT,2025-11-23 15:02,2025-11-23 15:12,2025-11-23 16:58
LAB748542,ENC120496,PT11727,GLU,Glucose,77,mg/dL,70,99,N,STAT,2025-11-23 12:34,2025-11-23 12:39,2025-11-23 13:32
LAB748543,ENC120496,PT11727,CREAT,Creatinine,0.84,mg/dL,0.6,1.3,N,STAT,2025-11-23 13:08,2025-11-23 13:25,2025-11-23 14:32
LAB748544,ENC120496,PT11727,WBC,White Blood Cell Count,8.4,K/uL,4.5,11,N,STAT,2025-11-23 12:28,2025-11-23 12:59,2025-11-23 14:21
LAB748545,ENC120496,PT11727,HGB,Hemoglobin,14.4,g/dL,12,17.5,N,Routine,2025-11-23 12:03,2025-11-23 12:31,2025-11-23 16:49
LAB748546,ENC120496,PT11727,BUN,Blood Urea Nitrogen,12,mg/dL,7,20,N,Routine,2025-11-23 13:08,2025-11-23 13:41,2025-11-23 18:13
LAB748547,ENC120496,PT11727,PLT,Platelet Count,252,K/uL,150,400,N,STAT,2025-11-23 12:48,2025-11-23 13:05,2025-11-23 14:03
LAB748548,ENC120496,PT11727,INR,Prothrombin Time INR,1.2,ratio,0.8,1.2,N,Routine,2025-11-23 12:41,2025-11-23 13:11,2025-11-23 15:04
LAB748549,ENC120498,PT13554,GLU,Glucose,95,mg/dL,70,99,N,STAT,2025-11-23 12:17,2025-11-23 12:22,2025-11-23 12:50
LAB748550,ENC120498,PT13554,CREAT,Creatinine,0.43,mg/dL,0.6,1.3,L,STAT,2025-11-23 13:23,2025-11-23 13:47,2025-11-23 14:29
LAB748551,ENC120498,PT13554,WBC,White Blood Cell Count,7.8,K/uL,4.5,11,N,Routine,2025-11-23 13:12,2025-11-23 13:41,2025-11-23 14:35
LAB748552,ENC120498,PT13554,HGB,Hemoglobin,12.6,g/dL,12,17.5,N,Routine,2025-11-23 12:25,2025-11-23 12:39,2025-11-23 19:01
LAB748553,ENC120498,PT13554,BUN,Blood Urea Nitrogen,18,mg/dL,7,20,N,STAT,2025-11-23 12:40,2025-11-23 13:15,2025-11-23 13:37
LAB748554,ENC120498,PT13554,PLT,Platelet Count,253,K/uL,150,400,N,Routine,2025-11-23 12:33,2025-11-23 12:38,2025-11-23 15:53
LAB748555,ENC120499,PT10386,GLU,Glucose,108,mg/dL,70,99,H,Routine,2025-11-23 15:55,2025-11-23 16:03,2025-11-23 20:41
LAB748556,ENC120499,PT10386,CREAT,Creatinine,0.42,mg/dL,0.6,1.3,L,Routine,2025-11-23 15:43,2025-11-23 16:02,2025-11-23 18:50
LAB748557,ENC120499,PT10386,WBC,White Blood Cell Count,8,K/uL,4.5,11,N,Routine,2025-11-23 16:34,2025-11-23 17:06,2025-11-23 22:07
LAB748558,ENC120499,PT10386,HGB,Hemoglobin,12.9,g/dL,12,17.5,N,STAT,2025-11-23 15:34,2025-11-23 15:46,2025-11-23 16:19
LAB748559,ENC120501,PT11534,GLU,Glucose,69,mg/dL,70,99,L,Routine,2025-11-23 16:16,2025-11-23 16:22,2025-11-23 18:56
LAB748560,ENC120501,PT11534,CREAT,Creatinine,0.74,mg/dL,0.6,1.3,N,STAT,2025-11-23 15:48,2025-11-23 16:13,2025-11-23 17:17
LAB748561,ENC120501,PT11534,WBC,White Blood Cell Count,8,K/uL,4.5,11,N,STAT,2025-11-23 16:41,2025-11-23 16:52,2025-11-23 17:54
LAB748562,ENC120502,PT11741,GLU,Glucose,95,mg/dL,70,99,N,STAT,2025-11-23 15:54,2025-11-23 16:14,2025-11-23 17:14
LAB748563,ENC120502,PT11741,CREAT,Creatinine,0.77,mg/dL,0.6,1.3,N,Routine,2025-11-23 16:48,2025-11-23 17:03,2025-11-23 22:52
LAB748564,ENC120502,PT11741,TROP,"Troponin I, High Sensitivity",8,ng/L,0,34,N,STAT,2025-11-23 16:02,2025-11-23 16:08,2025-11-23 16:33
LAB748565,ENC120503,PT10290,GLU,Glucose,93,mg/dL,70,99,N,Routine,2025-11-23 19:38,2025-11-23 20:07,2025-11-23 23:36
LAB748566,ENC120503,PT10290,CREAT,Creatinine,0.96,mg/dL,0.6,1.3,N,STAT,2025-11-23 20:08,2025-11-23 20:30,2025-11-23 21:37
LAB748567,ENC120503,PT10290,WBC,White Blood Cell Count,4.8,K/uL,4.5,11,N,STAT,2025-11-23 19:26,2025-11-23 19:45,2025-11-23 20:36
LAB748568,ENC120503,PT10290,HGB,Hemoglobin,15,g/dL,12,17.5,N,STAT,2025-11-23 19:45,2025-11-23 20:09,2025-11-23 20:56
LAB748569,ENC120503,PT10290,TROP,"Troponin I, High Sensitivity",6,ng/L,0,34,N,STAT,2025-11-23 19:14,2025-11-23 19:36,2025-11-23 19:58
LAB748570,ENC120503,PT10290,BNP,B-Type Natriuretic Peptide,1763,pg/mL,0,100,H,STAT,2025-11-23 20:01,2025-11-23 20:26,2025-11-23 21:09
LAB748571,ENC120504,PT12764,GLU,Glucose,104,mg/dL,70,99,H,STAT,2025-11-23 16:16,2025-11-23 16:40,2025-11-23 17:19
LAB748572,ENC120504,PT12764,CREAT,Creatinine,0.96,mg/dL,0.6,1.3,N,STAT,2025-11-23 16:33,2025-11-23 16:52,2025-11-23 18:20
LAB748573,ENC120504,PT12764,WBC,White Blood Cell Count,17.5,K/uL,4.5,11,H,STAT,2025-11-23 17:04,2025-11-23 17:32,2025-11-23 18:48
LAB748574,ENC120504,PT12764,HGB,Hemoglobin,15.2,g/dL,12,17.5,N,STAT,2025-11-23 16:25,2025-11-23 16:29,2025-11-23 16:54
LAB748575,ENC120504,PT12764,NA,Sodium,136,mmol/L,136,145,N,STAT,2025-11-23 16:49,2025-11-23 17:12,2025-11-23 17:51
LAB748576,ENC120504,PT12764,K,Potassium,3.6,mmol/L,3.5,5.1,N,STAT,2025-11-23 16:17,2025-11-23 16:29,2025-11-23 17:39
LAB748577,ENC120504,PT12764,BUN,Blood Urea Nitrogen,11,mg/dL,7,20,N,STAT,2025-11-23 16:48,2025-11-23 17:01,2025-11-23 17:54
LAB748578,ENC120504,PT12764,PLT,Platelet Count,116,K/uL,150,400,L,STAT,2025-11-23 16:40,2025-11-23 17:04,2025-11-23 17:47
LAB748579,ENC120505,PT12717,GLU,Glucose,103,mg/dL,70,99,H,Routine,2025-11-23 18:13,2025-11-23 18:20,2025-11-23 19:29
LAB748580,ENC120505,PT12717,CREAT,Creatinine,1.09,mg/dL,0.6,1.3,N,STAT,2025-11-23 18:23,2025-11-23 18:56,2025-11-23 19:45
LAB748581,ENC120505,PT12717,WBC,White Blood Cell Count,6.3,K/uL,4.5,11,N,STAT,2025-11-23 18:43,2025-11-23 18:53,2025-11-23 19:44
LAB748582,ENC120505,PT12717,HGB,Hemoglobin,12.6,g/dL,12,17.5,N,Routine,2025-11-23 18:47,2025-11-23 19:02,2025-11-23 20:49
LAB748583,ENC120505,PT12717,BUN,Blood Urea Nitrogen,15,mg/dL,7,20,N,STAT,2025-11-23 18:51,2025-11-23 18:59,2025-11-23 19:39
LAB748584,ENC120505,PT12717,PLT,Platelet Count,215,K/uL,150,400,N,STAT,2025-11-23 18:14,2025-11-23 18:36,2025-11-23 19:25
LAB748585,ENC120506,PT13490,GLU,Glucose,108,mg/dL,70,99,H,STAT,2025-11-23 16:57,2025-11-23 17:10,2025-11-23 17:27
LAB748586,ENC120506,PT13490,CREAT,Creatinine,0.92,mg/dL,0.6,1.3,N,Routine,2025-11-23 17:21,2025-11-23 17:55,2025-11-23 19:27
LAB748587,ENC120507,PT13648,GLU,Glucose,118,mg/dL,70,99,H,STAT,2025-11-23 18:19,2025-11-23 18:31,2025-11-23 19:33
LAB748588,ENC120507,PT13648,CREAT,Creatinine,0.67,mg/dL,0.6,1.3,N,Routine,2025-11-23 17:28,2025-11-23 17:42,2025-11-23 20:20
LAB748589,ENC120507,PT13648,WBC,White Blood Cell Count,18.8,K/uL,4.5,11,H,STAT,2025-11-23 17:21,2025-11-23 17:40,2025-11-23 18:25
LAB748590,ENC120507,PT13648,HGB,Hemoglobin,13.5,g/dL,12,17.5,N,STAT,2025-11-23 18:26,2025-11-23 18:59,2025-11-23 19:56
LAB748591,ENC120508,PT13217,GLU,Glucose,97,mg/dL,70,99,N,STAT,2025-11-23 22:38,2025-11-23 22:59,2025-11-23 23:42
LAB748592,ENC120508,PT13217,CREAT,Creatinine,0.95,mg/dL,0.6,1.3,N,Routine,2025-11-23 22:25,2025-11-23 22:36,2025-11-24 01:19
LAB748593,ENC120508,PT13217,WBC,White Blood Cell Count,11.9,K/uL,4.5,11,H,STAT,2025-11-23 21:46,2025-11-23 22:04,2025-11-23 23:04
LAB748594,ENC120508,PT13217,HGB,Hemoglobin,13.7,g/dL,12,17.5,N,STAT,2025-11-23 22:38,2025-11-23 22:55,2025-11-23 23:35
LAB748595,ENC120508,PT13217,NA,Sodium,142,mmol/L,136,145,N,STAT,2025-11-23 21:55,2025-11-23 22:29,2025-11-23 23:24
LAB748596,ENC120508,PT13217,K,Potassium,4.4,mmol/L,3.5,5.1,N,STAT,2025-11-23 22:12,2025-11-23 22:27,2025-11-23 23:00
LAB748597,ENC120509,PT12774,GLU,Glucose,90,mg/dL,70,99,N,STAT,2025-11-23 17:56,2025-11-23 18:04,2025-11-23 19:30
LAB748598,ENC120509,PT12774,CREAT,Creatinine,0.92,mg/dL,0.6,1.3,N,Routine,2025-11-23 18:23,2025-11-23 18:52,2025-11-23 22:45
LAB748599,ENC120509,PT12774,WBC,White Blood Cell Count,9.4,K/uL,4.5,11,N,STAT,2025-11-23 18:26,2025-11-23 19:00,2025-11-23 19:39
LAB748600,ENC120509,PT12774,HGB,Hemoglobin,14.9,g/dL,12,17.5,N,STAT,2025-11-23 18:33,2025-11-23 19:05,2025-11-23 20:11
LAB748601,ENC120510,PT10080,GLU,Glucose,105,mg/dL,70,99,H,Routine,2025-11-24 00:14,2025-11-24 00:30,2025-11-24 03:07
LAB748602,ENC120510,PT10080,CREAT,Creatinine,1.06,mg/dL,0.6,1.3,N,Routine,2025-11-24 00:42,2025-11-24 01:10,2025-11-24 05:49
LAB748603,ENC120510,PT10080,WBC,White Blood Cell Count,16.8,K/uL,4.5,11,H,Routine,2025-11-23 23:53,2025-11-24 00:25,2025-11-24 04:05
LAB748604,ENC120510,PT10080,HGB,Hemoglobin,15.3,g/dL,12,17.5,N,STAT,2025-11-24 00:21,2025-11-24 00:29,2025-11-24 01:11
LAB748605,ENC120510,PT10080,NA,Sodium,140,mmol/L,136,145,N,Routine,2025-11-24 00:40,2025-11-24 00:54,2025-11-24 02:58
LAB748606,ENC120510,PT10080,K,Potassium,4.1,mmol/L,3.5,5.1,N,STAT,2025-11-24 00:29,2025-11-24 01:04,2025-11-24 01:45
LAB748607,ENC120511,PT10605,GLU,Glucose,116,mg/dL,70,99,H,STAT,2025-11-23 21:48,2025-11-23 22:11,2025-11-23 22:55
LAB748608,ENC120511,PT10605,CREAT,Creatinine,0.8,mg/dL,0.6,1.3,N,STAT,2025-11-23 21:57,2025-11-23 22:28,2025-11-23 23:22
LAB748609,ENC120511,PT10605,WBC,White Blood Cell Count,5.7,K/uL,4.5,11,N,STAT,2025-11-23 21:50,2025-11-23 22:17,2025-11-23 23:24
LAB748610,ENC120512,PT11965,GLU,Glucose,124,mg/dL,70,99,H,Routine,2025-11-23 23:18,2025-11-23 23:41,2025-11-24 02:33
LAB748611,ENC120512,PT11965,CREAT,Creatinine,0.41,mg/dL,0.6,1.3,L,STAT,2025-11-23 23:21,2025-11-23 23:53,2025-11-24 00:52
LAB748612,ENC120512,PT11965,WBC,White Blood Cell Count,9.1,K/uL,4.5,11,N,STAT,2025-11-23 23:17,2025-11-23 23:41,2025-11-24 00:30
LAB748613,ENC120512,PT11965,HGB,Hemoglobin,12.4,g/dL,12,17.5,N,STAT,2025-11-23 23:43,2025-11-23 23:52,2025-11-24 00:22
LAB748614,ENC120515,PT11390,GLU,Glucose,50,mg/dL,70,99,L,STAT,2025-11-24 05:01,2025-11-24 05:11,2025-11-24 05:42
LAB748615,ENC120515,PT11390,CREAT,Creatinine,1.18,mg/dL,0.6,1.3,N,STAT,2025-11-24 04:58,2025-11-24 05:30,2025-11-24 06:09
LAB748616,ENC120515,PT11390,WBC,White Blood Cell Count,9.6,K/uL,4.5,11,N,STAT,2025-11-24 04:20,2025-11-24 04:43,2025-11-24 05:22
LAB748617,ENC120515,PT11390,HGB,Hemoglobin,12.2,g/dL,12,17.5,N,STAT,2025-11-24 04:30,2025-11-24 05:00,2025-11-24 05:30
LAB748618,ENC120515,PT11390,BUN,Blood Urea Nitrogen,13,mg/dL,7,20,N,STAT,2025-11-24 04:15,2025-11-24 04:41,2025-11-24 04:55
LAB748619,ENC120515,PT11390,PLT,Platelet Count,246,K/uL,150,400,N,Routine,2025-11-24 03:57,2025-11-24 04:18,2025-11-24 06:31
LAB748620,ENC120516,PT13586,GLU,Glucose,109,mg/dL,70,99,H,Routine,2025-11-24 02:17,2025-11-24 02:43,2025-11-24 04:26
LAB748621,ENC120516,PT13586,CREAT,Creatinine,1.8,mg/dL,0.6,1.3,H,STAT,2025-11-24 01:59,2025-11-24 02:08,2025-11-24 02:55
LAB748622,ENC120516,PT13586,WBC,White Blood Cell Count,8.2,K/uL,4.5,11,N,STAT,2025-11-24 02:34,2025-11-24 02:52,2025-11-24 03:17
LAB748623,ENC120516,PT13586,HGB,Hemoglobin,13.2,g/dL,12,17.5,N,STAT,2025-11-24 02:37,2025-11-24 02:45,2025-11-24 03:06
LAB748624,ENC120516,PT13586,NA,Sodium,137,mmol/L,136,145,N,STAT,2025-11-24 02:47,2025-11-24 03:22,2025-11-24 04:05
LAB748625,ENC120516,PT13586,K,Potassium,4.2,mmol/L,3.5,5.1,N,STAT,2025-11-24 02:29,2025-11-24 02:38,2025-11-24 04:14
LAB748626,ENC120517,PT10613,GLU,Glucose,68,mg/dL,70,99,L,STAT,2025-11-24 03:44,2025-11-24 03:49,2025-11-24 04:33
LAB748627,ENC120517,PT10613,CREAT,Creatinine,0.63,mg/dL,0.6,1.3,N,Routine,2025-11-24 04:09,2025-11-24 04:15,2025-11-24 05:45
LAB748628,ENC120517,PT10613,WBC,White Blood Cell Count,5.7,K/uL,4.5,11,N,STAT,2025-11-24 03:31,2025-11-24 04:05,2025-11-24 05:08
LAB748629,ENC120519,PT11305,GLU,Glucose,251,mg/dL,70,99,H,STAT,2025-11-24 05:12,2025-11-24 05:43,2025-11-24 06:51
LAB748630,ENC120519,PT11305,CREAT,Creatinine,0.77,mg/dL,0.6,1.3,N,STAT,2025-11-24 05:48,2025-11-24 06:21,2025-11-24 07:01
LAB748631,ENC120519,PT11305,WBC,White Blood Cell Count,5.1,K/uL,4.5,11,N,Routine,2025-11-24 05:26,2025-11-24 05:56,2025-11-24 07:15
LAB748632,ENC120519,PT11305,HGB,Hemoglobin,12.3,g/dL,12,17.5,N,STAT,2025-11-24 05:13,2025-11-24 05:24,2025-11-24 06:21
LAB748633,ENC120520,PT10434,GLU,Glucose,114,mg/dL,70,99,H,Routine,2025-11-24 09:40,2025-11-24 10:03,2025-11-24 12:34
LAB748634,ENC120520,PT10434,CREAT,Creatinine,0.62,mg/dL,0.6,1.3,N,STAT,2025-11-24 09:46,2025-11-24 10:20,2025-11-24 11:15
LAB748635,ENC120520,PT10434,WBC,White Blood Cell Count,9.2,K/uL,4.5,11,N,STAT,2025-11-24 09:49,2025-11-24 10:20,2025-11-24 11:13
LAB748636,ENC120520,PT10434,HGB,Hemoglobin,14.3,g/dL,12,17.5,N,Routine,2025-11-24 09:12,2025-11-24 09:23,2025-11-24 11:58
LAB748637,ENC120520,PT10434,LACT,Lactate,2.2,mmol/L,0.5,2,H,STAT,2025-11-24 08:41,2025-11-24 09:13,2025-11-24 09:46
LAB748638,ENC120525,PT13499,GLU,Glucose,121,mg/dL,70,99,H,Routine,2025-11-24 13:52,2025-11-24 14:02,2025-11-24 16:40
LAB748639,ENC120525,PT13499,CREAT,Creatinine,0.86,mg/dL,0.6,1.3,N,STAT,2025-11-24 14:03,2025-11-24 14:16,2025-11-24 15:04
LAB748640,ENC120525,PT13499,WBC,White Blood Cell Count,8,K/uL,4.5,11,N,STAT,2025-11-24 14:01,2025-11-24 14:32,2025-11-24 15:01
LAB748641,ENC120525,PT13499,HGB,Hemoglobin,15.2,g/dL,12,17.5,N,STAT,2025-11-24 13:56,2025-11-24 14:19,2025-11-24 14:45
LAB748642,ENC120525,PT13499,TROP,"Troponin I, High Sensitivity",998,ng/L,0,34,H,STAT,2025-11-24 13:36,2025-11-24 13:43,2025-11-24 14:48
LAB748643,ENC120526,PT12997,A1C,Hemoglobin A1c,5.2,%,4,5.6,N,Routine,2025-11-24 11:11,2025-11-24 11:29,2025-11-25 04:58
LAB748644,ENC120526,PT12997,GLU,Glucose,107,mg/dL,70,99,H,Routine,2025-11-24 10:55,2025-11-24 11:23,2025-11-24 13:03
LAB748645,ENC120526,PT12997,CREAT,Creatinine,1.36,mg/dL,0.6,1.3,H,Routine,2025-11-24 10:51,2025-11-24 11:02,2025-11-24 12:46
LAB748646,ENC120532,PT11070,A1C,Hemoglobin A1c,10.1,%,4,5.6,H,Routine,2025-11-24 12:08,2025-11-24 12:27,2025-11-24 19:07
LAB748647,ENC120533,PT10738,A1C,Hemoglobin A1c,12,%,4,5.6,H,Routine,2025-11-24 12:24,2025-11-24 12:50,2025-11-25 00:24
LAB748648,ENC120533,PT10738,GLU,Glucose,363,mg/dL,70,99,H,Routine,2025-11-24 12:41,2025-11-24 13:06,2025-11-24 17:24
LAB748649,ENC120533,PT10738,CREAT,Creatinine,0.59,mg/dL,0.6,1.3,L,Routine,2025-11-24 12:32,2025-11-24 12:58,2025-11-24 14:58
LAB748650,ENC120534,PT10387,GLU,Glucose,184,mg/dL,70,99,H,Routine,2025-11-24 16:35,2025-11-24 17:02,2025-11-24 18:07
LAB748651,ENC120534,PT10387,CREAT,Creatinine,1.8,mg/dL,0.6,1.3,H,STAT,2025-11-24 17:27,2025-11-24 17:53,2025-11-24 19:08
LAB748652,ENC120534,PT10387,WBC,White Blood Cell Count,16.1,K/uL,4.5,11,H,Routine,2025-11-24 16:36,2025-11-24 17:09,2025-11-24 19:40
LAB748653,ENC120534,PT10387,HGB,Hemoglobin,11.2,g/dL,12,17.5,L,Routine,2025-11-24 17:04,2025-11-24 17:36,2025-11-24 20:11
LAB748654,ENC120534,PT10387,LACT,Lactate,3.8,mmol/L,0.5,2,H,STAT,2025-11-24 17:03,2025-11-24 17:26,2025-11-24 18:08
LAB748655,ENC120535,PT13009,GLU,Glucose,120,mg/dL,70,99,H,Routine,2025-11-24 14:54,2025-11-24 15:02,2025-11-24 17:19
LAB748656,ENC120535,PT13009,CREAT,Creatinine,0.9,mg/dL,0.6,1.3,N,STAT,2025-11-24 14:37,2025-11-24 14:59,2025-11-24 16:05
LAB748657,ENC120535,PT13009,WBC,White Blood Cell Count,15.6,K/uL,4.5,11,H,STAT,2025-11-24 14:39,2025-11-24 14:47,2025-11-24 16:01
LAB748658,ENC120535,PT13009,HGB,Hemoglobin,13.4,g/dL,12,17.5,N,STAT,2025-11-24 14:35,2025-11-24 15:10,2025-11-24 15:49
LAB748659,ENC120535,PT13009,NA,Sodium,139,mmol/L,136,145,N,STAT,2025-11-24 14:46,2025-11-24 15:04,2025-11-24 15:39
LAB748660,ENC120535,PT13009,K,Potassium,4.3,mmol/L,3.5,5.1,N,STAT,2025-11-24 14:22,2025-11-24 14:53,2025-11-24 15:22
LAB748661,ENC120537,PT12285,GLU,Glucose,83,mg/dL,70,99,N,STAT,2025-11-24 17:47,2025-11-24 18:06,2025-11-24 19:52
LAB748662,ENC120537,PT12285,CREAT,Creatinine,0.53,mg/dL,0.6,1.3,L,STAT,2025-11-24 17:35,2025-11-24 17:47,2025-11-24 18:21
LAB748663,ENC120537,PT12285,WBC,White Blood Cell Count,7.6,K/uL,4.5,11,N,STAT,2025-11-24 17:04,2025-11-24 17:35,2025-11-24 18:08
LAB748664,ENC120537,PT12285,HGB,Hemoglobin,12.4,g/dL,12,17.5,N,Routine,2025-11-24 17:46,2025-11-24 18:14,2025-11-24 20:33
LAB748665,ENC120539,PT10861,LDL,LDL Cholesterol,166,mg/dL,0,99,H,Routine,2025-11-24 14:52,2025-11-24 14:56,2025-11-25 23:13
LAB748666,ENC120539,PT10861,A1C,Hemoglobin A1c,7,%,4,5.6,H,Routine,2025-11-24 14:35,2025-11-24 14:44,2025-11-25 16:34
LAB748667,ENC120541,PT11061,GLU,Glucose,109,mg/dL,70,99,H,STAT,2025-11-24 16:39,2025-11-24 17:01,2025-11-24 18:39
LAB748668,ENC120541,PT11061,CREAT,Creatinine,1.27,mg/dL,0.6,1.3,N,STAT,2025-11-24 15:49,2025-11-24 15:56,2025-11-24 16:59
LAB748669,ENC120542,PT10104,WBC,White Blood Cell Count,7.5,K/uL,4.5,11,N,Routine,2025-11-24 15:50,2025-11-24 16:20,2025-11-24 19:04
LAB748670,ENC120542,PT10104,HGB,Hemoglobin,15.7,g/dL,12,17.5,N,Routine,2025-11-24 16:15,2025-11-24 16:31,2025-11-24 19:46
LAB748671,ENC120542,PT10104,PLT,Platelet Count,245,K/uL,150,400,N,Routine,2025-11-24 15:52,2025-11-24 16:17,2025-11-24 19:01
LAB748672,ENC120549,PT13517,GLU,Glucose,218,mg/dL,70,99,H,STAT,2025-11-24 17:15,2025-11-24 17:33,2025-11-24 17:58
LAB748673,ENC120549,PT13517,CREAT,Creatinine,0.9,mg/dL,0.6,1.3,N,Routine,2025-11-24 17:12,2025-11-24 17:24,2025-11-24 19:15
LAB748674,ENC120549,PT13517,WBC,White Blood Cell Count,8.2,K/uL,4.5,11,N,STAT,2025-11-24 17:44,2025-11-24 18:13,2025-11-24 18:46
LAB748675,ENC120551,PT10097,GLU,Glucose,127,mg/dL,70,99,H,STAT,2025-11-24 19:00,2025-11-24 19:21,2025-11-24 20:52
LAB748676,ENC120551,PT10097,CREAT,Creatinine,0.95,mg/dL,0.6,1.3,N,Routine,2025-11-24 18:43,2025-11-24 19:11,2025-11-25 00:30
LAB748677,ENC120551,PT10097,WBC,White Blood Cell Count,8.8,K/uL,4.5,11,N,STAT,2025-11-24 18:41,2025-11-24 19:07,2025-11-24 20:02
LAB748678,ENC120551,PT10097,HGB,Hemoglobin,12.8,g/dL,12,17.5,N,Routine,2025-11-24 18:29,2025-11-24 18:41,2025-11-24 20:59
LAB748679,ENC120552,PT11483,GLU,Glucose,110,mg/dL,70,99,H,STAT,2025-11-24 18:55,2025-11-24 19:04,2025-11-24 20:50
LAB748680,ENC120552,PT11483,CREAT,Creatinine,0.59,mg/dL,0.6,1.3,L,STAT,2025-11-24 19:00,2025-11-24 19:31,2025-11-24 20:18
LAB748681,ENC120552,PT11483,WBC,White Blood Cell Count,9.7,K/uL,4.5,11,N,STAT,2025-11-24 19:26,2025-11-24 19:46,2025-11-24 20:12
LAB748682,ENC120552,PT11483,HGB,Hemoglobin,14.7,g/dL,12,17.5,N,Routine,2025-11-24 19:33,2025-11-24 19:49,2025-11-24 22:10
LAB748683,ENC120553,PT10219,GLU,Glucose,115,mg/dL,70,99,H,Routine,2025-11-24 19:08,2025-11-24 19:13,2025-11-24 22:00
LAB748684,ENC120553,PT10219,CREAT,Creatinine,1.06,mg/dL,0.6,1.3,N,STAT,2025-11-24 19:02,2025-11-24 19:21,2025-11-24 19:53
LAB748685,ENC120553,PT10219,WBC,White Blood Cell Count,7.6,K/uL,4.5,11,N,STAT,2025-11-24 18:51,2025-11-24 19:08,2025-11-24 19:42
LAB748686,ENC120553,PT10219,HGB,Hemoglobin,13.7,g/dL,12,17.5,N,Routine,2025-11-24 19:57,2025-11-24 20:01,2025-11-25 01:55
LAB748687,ENC120553,PT10219,BUN,Blood Urea Nitrogen,12,mg/dL,7,20,N,Routine,2025-11-24 19:12,2025-11-24 19:35,2025-11-24 23:01
LAB748688,ENC120553,PT10219,PLT,Platelet Count,251,K/uL,150,400,N,Routine,2025-11-24 19:20,2025-11-24 19:33,2025-11-24 20:35
LAB748689,ENC120553,PT10219,INR,Prothrombin Time INR,1,ratio,0.8,1.2,N,Routine,2025-11-24 19:40,2025-11-24 20:10,2025-11-25 00:43
LAB748690,ENC120555,PT10943,GLU,Glucose,42,mg/dL,70,99,L,STAT,2025-11-25 08:06,2025-11-25 08:27,2025-11-25 09:34
LAB748691,ENC120555,PT10943,CREAT,Creatinine,0.68,mg/dL,0.6,1.3,N,Routine,2025-11-25 07:34,2025-11-25 08:00,2025-11-25 12:16
LAB748692,ENC120555,PT10943,WBC,White Blood Cell Count,11.9,K/uL,4.5,11,H,STAT,2025-11-25 08:37,2025-11-25 08:46,2025-11-25 09:20
LAB748693,ENC120555,PT10943,HGB,Hemoglobin,10.6,g/dL,12,17.5,L,Routine,2025-11-25 08:29,2025-11-25 08:50,2025-11-25 15:49
LAB748694,ENC120556,PT12051,GLU,Glucose,73,mg/dL,70,99,N,STAT,2025-11-25 11:23,2025-11-25 11:49,2025-11-25 12:34
LAB748695,ENC120556,PT12051,CREAT,Creatinine,1.67,mg/dL,0.6,1.3,H,STAT,2025-11-25 11:05,2025-11-25 11:35,2025-11-25 12:14
LAB748696,ENC120556,PT12051,WBC,White Blood Cell Count,14.1,K/uL,4.5,11,H,Routine,2025-11-25 11:00,2025-11-25 11:21,2025-11-25 15:00
LAB748697,ENC120556,PT12051,HGB,Hemoglobin,11.9,g/dL,12,17.5,L,Routine,2025-11-25 11:06,2025-11-25 11:25,2025-11-25 13:32
LAB748698,ENC120557,PT12105,GLU,Glucose,110,mg/dL,70,99,H,STAT,2025-11-25 08:55,2025-11-25 09:19,2025-11-25 09:57
LAB748699,ENC120557,PT12105,CREAT,Creatinine,1.12,mg/dL,0.6,1.3,N,STAT,2025-11-25 09:37,2025-11-25 09:59,2025-11-25 10:34
LAB748700,ENC120557,PT12105,WBC,White Blood Cell Count,7.7,K/uL,4.5,11,N,Routine,2025-11-25 09:27,2025-11-25 09:51,2025-11-25 12:28
LAB748701,ENC120558,PT10235,GLU,Glucose,103,mg/dL,70,99,H,STAT,2025-11-25 11:34,2025-11-25 11:52,2025-11-25 12:35
LAB748702,ENC120558,PT10235,CREAT,Creatinine,0.79,mg/dL,0.6,1.3,N,STAT,2025-11-25 12:28,2025-11-25 12:47,2025-11-25 13:24
LAB748703,ENC120558,PT10235,WBC,White Blood Cell Count,5.7,K/uL,4.5,11,N,STAT,2025-11-25 11:49,2025-11-25 12:20,2025-11-25 14:27
LAB748704,ENC120558,PT10235,HGB,Hemoglobin,13.6,g/dL,12,17.5,N,STAT,2025-11-25 12:27,2025-11-25 12:51,2025-11-25 13:16
LAB748705,ENC120558,PT10235,BUN,Blood Urea Nitrogen,13,mg/dL,7,20,N,STAT,2025-11-25 12:19,2025-11-25 12:40,2025-11-25 13:21
LAB748706,ENC120558,PT10235,PLT,Platelet Count,345,K/uL,150,400,N,Routine,2025-11-25 11:56,2025-11-25 12:11,2025-11-25 15:26
LAB748707,ENC120560,PT11645,LDL,LDL Cholesterol,68,mg/dL,0,99,N,Routine,2025-11-25 09:11,2025-11-25 09:46,2025-11-26 04:33
LAB748708,ENC120560,PT11645,TSH,Thyroid Stimulating Hormone,1.31,mIU/L,0.4,4,N,Routine,2025-11-25 09:17,2025-11-25 09:52,2025-11-26 00:11
LAB748709,ENC120561,PT10476,A1C,Hemoglobin A1c,7.7,%,4,5.6,H,Routine,2025-11-25 09:45,2025-11-25 10:09,2025-11-26 05:21
LAB748710,ENC120561,PT10476,GLU,Glucose,225,mg/dL,70,99,H,Routine,2025-11-25 09:23,2025-11-25 09:51,2025-11-25 13:44
LAB748711,ENC120561,PT10476,CREAT,Creatinine,0.87,mg/dL,0.6,1.3,N,Routine,2025-11-25 09:33,2025-11-25 10:07,2025-11-25 12:21
LAB748712,ENC120564,PT10597,GLU,Glucose,94,mg/dL,70,99,N,Routine,2025-11-25 13:09,2025-11-25 13:35,2025-11-25 15:52
LAB748713,ENC120564,PT10597,CREAT,Creatinine,1.19,mg/dL,0.6,1.3,N,STAT,2025-11-25 12:52,2025-11-25 13:07,2025-11-25 13:32
LAB748714,ENC120564,PT10597,WBC,White Blood Cell Count,8,K/uL,4.5,11,N,STAT,2025-11-25 12:32,2025-11-25 12:57,2025-11-25 14:10
LAB748715,ENC120564,PT10597,HGB,Hemoglobin,13.7,g/dL,12,17.5,N,STAT,2025-11-25 13:10,2025-11-25 13:22,2025-11-25 14:27
LAB748716,ENC120564,PT10597,NA,Sodium,140,mmol/L,136,145,N,STAT,2025-11-25 12:18,2025-11-25 12:53,2025-11-25 13:11
LAB748717,ENC120564,PT10597,K,Potassium,3.9,mmol/L,3.5,5.1,N,STAT,2025-11-25 12:56,2025-11-25 13:18,2025-11-25 13:48
LAB748718,ENC120564,PT10597,TROP,"Troponin I, High Sensitivity",88,ng/L,0,34,H,STAT,2025-11-25 13:03,2025-11-25 13:16,2025-11-25 13:49
LAB748719,ENC120564,PT10597,BNP,B-Type Natriuretic Peptide,783,pg/mL,0,100,H,Routine,2025-11-25 13:05,2025-11-25 13:20,2025-11-25 20:02
LAB748720,ENC120566,PT13452,GLU,Glucose,84,mg/dL,70,99,N,STAT,2025-11-25 11:38,2025-11-25 12:13,2025-11-25 12:46
LAB748721,ENC120566,PT13452,CREAT,Creatinine,0.54,mg/dL,0.6,1.3,L,Routine,2025-11-25 11:07,2025-11-25 11:29,2025-11-25 14:05
LAB748722,ENC120566,PT13452,WBC,White Blood Cell Count,7.1,K/uL,4.5,11,N,STAT,2025-11-25 10:50,2025-11-25 10:58,2025-11-25 11:32
LAB748723,ENC120570,PT11197,LDL,LDL Cholesterol,79,mg/dL,0,99,N,Routine,2025-11-25 11:50,2025-11-25 12:11,2025-11-26 09:28
LAB748724,ENC120570,PT11197,A1C,Hemoglobin A1c,5.7,%,4,5.6,H,Routine,2025-11-25 11:54,2025-11-25 12:10,2025-11-26 01:41
LAB748725,ENC120571,PT12749,GLU,Glucose,74,mg/dL,70,99,N,STAT,2025-11-25 13:54,2025-11-25 14:26,2025-11-25 15:36
LAB748726,ENC120571,PT12749,CREAT,Creatinine,0.65,mg/dL,0.6,1.3,N,Routine,2025-11-25 14:31,2025-11-25 14:40,2025-11-25 15:29
LAB748727,ENC120571,PT12749,WBC,White Blood Cell Count,6,K/uL,4.5,11,N,STAT,2025-11-25 13:43,2025-11-25 13:58,2025-11-25 15:42
LAB748728,ENC120571,PT12749,HGB,Hemoglobin,13.2,g/dL,12,17.5,N,STAT,2025-11-25 14:23,2025-11-25 14:48,2025-11-25 15:24
LAB748729,ENC120571,PT12749,NA,Sodium,138,mmol/L,136,145,N,STAT,2025-11-25 14:07,2025-11-25 14:23,2025-11-25 15:00
LAB748730,ENC120571,PT12749,K,Potassium,3.9,mmol/L,3.5,5.1,N,STAT,2025-11-25 13:46,2025-11-25 14:03,2025-11-25 15:56
LAB748731,ENC120571,PT12749,TROP,"Troponin I, High Sensitivity",273,ng/L,0,34,H,STAT,2025-11-25 14:44,2025-11-25 15:18,2025-11-25 15:45
LAB748732,ENC120572,PT10065,GLU,Glucose,132,mg/dL,70,99,H,STAT,2025-11-25 13:06,2025-11-25 13:16,2025-11-25 14:13
LAB748733,ENC120572,PT10065,CREAT,Creatinine,0.85,mg/dL,0.6,1.3,N,STAT,2025-11-25 13:59,2025-11-25 14:03,2025-11-25 14:40
LAB748734,ENC120573,PT12198,GLU,Glucose,222,mg/dL,70,99,H,STAT,2025-11-25 17:02,2025-11-25 17:27,2025-11-25 18:35
LAB748735,ENC120573,PT12198,CREAT,Creatinine,0.52,mg/dL,0.6,1.3,L,STAT,2025-11-25 17:10,2025-11-25 17:30,2025-11-25 18:29
LAB748736,ENC120573,PT12198,WBC,White Blood Cell Count,4.8,K/uL,4.5,11,N,STAT,2025-11-25 17:18,2025-11-25 17:34,2025-11-25 18:40
LAB748737,ENC120573,PT12198,HGB,Hemoglobin,14,g/dL,12,17.5,N,STAT,2025-11-25 16:43,2025-11-25 17:05,2025-11-25 17:43
LAB748738,ENC120574,PT11832,TROP,"Troponin I, High Sensitivity",6,ng/L,0,34,N,STAT,2025-11-25 13:54,2025-11-25 14:00,2025-11-25 14:55
LAB748739,ENC120578,PT10970,LDL,LDL Cholesterol,178,mg/dL,0,99,H,Routine,2025-11-25 13:53,2025-11-25 14:15,2025-11-25 20:45
LAB748740,ENC120578,PT10970,A1C,Hemoglobin A1c,5.5,%,4,5.6,N,Routine,2025-11-25 13:46,2025-11-25 13:53,2025-11-25 20:51
LAB748741,ENC120581,PT11800,LDL,LDL Cholesterol,141,mg/dL,0,99,H,Routine,2025-11-25 15:45,2025-11-25 16:03,2025-11-26 03:13
LAB748742,ENC120581,PT11800,A1C,Hemoglobin A1c,9.4,%,4,5.6,H,Routine,2025-11-25 15:38,2025-11-25 16:05,2025-11-26 13:49
LAB748743,ENC120584,PT10364,GLU,Glucose,183,mg/dL,70,99,H,Routine,2025-11-25 21:35,2025-11-25 22:10,2025-11-26 01:20
LAB748744,ENC120584,PT10364,CREAT,Creatinine,0.88,mg/dL,0.6,1.3,N,STAT,2025-11-25 21:25,2025-11-25 21:45,2025-11-25 22:22
LAB748745,ENC120584,PT10364,WBC,White Blood Cell Count,4.8,K/uL,4.5,11,N,STAT,2025-11-25 21:11,2025-11-25 21:29,2025-11-25 22:10
LAB748746,ENC120584,PT10364,HGB,Hemoglobin,12.6,g/dL,12,17.5,N,Routine,2025-11-25 20:38,2025-11-25 20:42,2025-11-25 22:59
LAB748747,ENC120584,PT10364,NA,Sodium,140,mmol/L,136,145,N,Routine,2025-11-25 21:10,2025-11-25 21:20,2025-11-26 01:23
LAB748748,ENC120584,PT10364,K,Potassium,4,mmol/L,3.5,5.1,N,STAT,2025-11-25 21:31,2025-11-25 21:50,2025-11-25 22:46
LAB748749,ENC120585,PT12827,GLU,Glucose,76,mg/dL,70,99,N,STAT,2025-11-25 19:58,2025-11-25 20:10,2025-11-25 20:30
LAB748750,ENC120585,PT12827,CREAT,Creatinine,0.94,mg/dL,0.6,1.3,N,Routine,2025-11-25 19:26,2025-11-25 19:43,2025-11-25 23:28
LAB748751,ENC120585,PT12827,WBC,White Blood Cell Count,9.6,K/uL,4.5,11,N,Routine,2025-11-25 19:36,2025-11-25 20:03,2025-11-25 23:40
LAB748752,ENC120585,PT12827,HGB,Hemoglobin,12.2,g/dL,12,17.5,N,STAT,2025-11-25 19:24,2025-11-25 19:44,2025-11-25 21:04
LAB748753,ENC120585,PT12827,TROP,"Troponin I, High Sensitivity",42,ng/L,0,34,H,STAT,2025-11-25 20:22,2025-11-25 20:40,2025-11-25 21:11
LAB748754,ENC120585,PT12827,BNP,B-Type Natriuretic Peptide,1693,pg/mL,0,100,H,STAT,2025-11-25 20:05,2025-11-25 20:28,2025-11-25 21:29
LAB748755,ENC120586,PT13195,GLU,Glucose,108,mg/dL,70,99,H,STAT,2025-11-25 20:35,2025-11-25 20:59,2025-11-25 22:09
LAB748756,ENC120586,PT13195,CREAT,Creatinine,0.46,mg/dL,0.6,1.3,L,STAT,2025-11-25 19:42,2025-11-25 20:06,2025-11-25 21:08
LAB748757,ENC120586,PT13195,WBC,White Blood Cell Count,6.7,K/uL,4.5,11,N,STAT,2025-11-25 20:43,2025-11-25 21:06,2025-11-25 22:07
LAB748758,ENC120587,PT12631,GLU,Glucose,117,mg/dL,70,99,H,Routine,2025-11-25 20:52,2025-11-25 21:14,2025-11-26 02:49
LAB748759,ENC120587,PT12631,CREAT,Creatinine,1.48,mg/dL,0.6,1.3,H,STAT,2025-11-25 20:08,2025-11-25 20:30,2025-11-25 21:17
LAB748760,ENC120587,PT12631,WBC,White Blood Cell Count,3.1,K/uL,4.5,11,L,STAT,2025-11-25 20:10,2025-11-25 20:25,2025-11-25 21:06
LAB748761,ENC120587,PT12631,HGB,Hemoglobin,13.1,g/dL,12,17.5,N,STAT,2025-11-25 19:54,2025-11-25 20:22,2025-11-25 20:49
LAB748762,ENC120587,PT12631,LACT,Lactate,2.9,mmol/L,0.5,2,H,STAT,2025-11-25 20:07,2025-11-25 20:28,2025-11-25 21:36
LAB748763,ENC120588,PT12191,GLU,Glucose,99,mg/dL,70,99,N,Routine,2025-11-26 01:15,2025-11-26 01:22,2025-11-26 02:45
LAB748764,ENC120588,PT12191,CREAT,Creatinine,1.38,mg/dL,0.6,1.3,H,Routine,2025-11-26 00:57,2025-11-26 01:21,2025-11-26 05:45
LAB748765,ENC120588,PT12191,WBC,White Blood Cell Count,5.4,K/uL,4.5,11,N,STAT,2025-11-26 01:05,2025-11-26 01:32,2025-11-26 01:47
LAB748766,ENC120588,PT12191,HGB,Hemoglobin,15.1,g/dL,12,17.5,N,STAT,2025-11-26 01:22,2025-11-26 01:53,2025-11-26 02:34
LAB748767,ENC120588,PT12191,LACT,Lactate,1.5,mmol/L,0.5,2,N,STAT,2025-11-26 01:40,2025-11-26 01:59,2025-11-26 02:18
LAB748768,ENC120589,PT12541,GLU,Glucose,122,mg/dL,70,99,H,Routine,2025-11-26 04:35,2025-11-26 05:10,2025-11-26 07:04
LAB748769,ENC120589,PT12541,CREAT,Creatinine,0.55,mg/dL,0.6,1.3,L,STAT,2025-11-26 04:02,2025-11-26 04:06,2025-11-26 04:20
LAB748770,ENC120589,PT12541,WBC,White Blood Cell Count,9.5,K/uL,4.5,11,N,STAT,2025-11-26 04:14,2025-11-26 04:42,2025-11-26 05:13
LAB748771,ENC120589,PT12541,HGB,Hemoglobin,13.4,g/dL,12,17.5,N,STAT,2025-11-26 04:18,2025-11-26 04:40,2025-11-26 05:21
LAB748772,ENC120589,PT12541,TROP,"Troponin I, High Sensitivity",41,ng/L,0,34,H,STAT,2025-11-26 05:02,2025-11-26 05:18,2025-11-26 06:05
LAB748773,ENC120589,PT12541,BNP,B-Type Natriuretic Peptide,857,pg/mL,0,100,H,STAT,2025-11-26 04:03,2025-11-26 04:27,2025-11-26 04:58
LAB748774,ENC120591,PT11820,A1C,Hemoglobin A1c,6.3,%,4,5.6,H,Routine,2025-11-26 08:50,2025-11-26 08:58,2025-11-26 22:45
LAB748775,ENC120595,PT12866,GLU,Glucose,99,mg/dL,70,99,N,STAT,2025-11-26 11:19,2025-11-26 11:36,2025-11-26 12:30
LAB748776,ENC120595,PT12866,CREAT,Creatinine,0.96,mg/dL,0.6,1.3,N,STAT,2025-11-26 11:16,2025-11-26 11:48,2025-11-26 12:42
LAB748777,ENC120602,PT11633,GLU,Glucose,104,mg/dL,70,99,H,Routine,2025-11-26 18:20,2025-11-26 18:30,2025-11-26 20:54
LAB748778,ENC120602,PT11633,CREAT,Creatinine,1.02,mg/dL,0.6,1.3,N,STAT,2025-11-26 18:04,2025-11-26 18:36,2025-11-26 19:56
LAB748779,ENC120602,PT11633,WBC,White Blood Cell Count,13.3,K/uL,4.5,11,H,Routine,2025-11-26 18:20,2025-11-26 18:50,2025-11-26 21:22
LAB748780,ENC120602,PT11633,HGB,Hemoglobin,15.3,g/dL,12,17.5,N,STAT,2025-11-26 18:11,2025-11-26 18:30,2025-11-26 19:30
LAB748781,ENC120602,PT11633,NA,Sodium,140,mmol/L,136,145,N,STAT,2025-11-26 19:02,2025-11-26 19:19,2025-11-26 20:10
LAB748782,ENC120602,PT11633,K,Potassium,4,mmol/L,3.5,5.1,N,STAT,2025-11-26 18:59,2025-11-26 19:20,2025-11-26 20:15
LAB748783,ENC120603,PT10959,GLU,Glucose,100,mg/dL,70,99,H,STAT,2025-11-26 15:15,2025-11-26 15:20,2025-11-26 16:10
LAB748784,ENC120603,PT10959,CREAT,Creatinine,1.21,mg/dL,0.6,1.3,N,STAT,2025-11-26 14:33,2025-11-26 14:42,2025-11-26 15:29
LAB748785,ENC120604,PT10601,GLU,Glucose,79,mg/dL,70,99,N,Routine,2025-11-26 19:10,2025-11-26 19:18,2025-11-26 21:44
LAB748786,ENC120604,PT10601,CREAT,Creatinine,1.08,mg/dL,0.6,1.3,N,STAT,2025-11-26 19:02,2025-11-26 19:29,2025-11-26 20:25
LAB748787,ENC120604,PT10601,WBC,White Blood Cell Count,10.4,K/uL,4.5,11,N,STAT,2025-11-26 19:23,2025-11-26 19:43,2025-11-26 20:12
LAB748788,ENC120604,PT10601,HGB,Hemoglobin,13.4,g/dL,12,17.5,N,Routine,2025-11-26 18:58,2025-11-26 19:12,2025-11-26 21:22
LAB748789,ENC120607,PT12441,GLU,Glucose,104,mg/dL,70,99,H,STAT,2025-11-26 19:59,2025-11-26 20:29,2025-11-26 20:51
LAB748790,ENC120607,PT12441,CREAT,Creatinine,0.83,mg/dL,0.6,1.3,N,STAT,2025-11-26 19:44,2025-11-26 20:08,2025-11-26 21:21
LAB748791,ENC120607,PT12441,WBC,White Blood Cell Count,6.9,K/uL,4.5,11,N,STAT,2025-11-26 19:58,2025-11-26 20:30,2025-11-26 21:37
LAB748792,ENC120607,PT12441,HGB,Hemoglobin,16.7,g/dL,12,17.5,N,STAT,2025-11-26 19:30,2025-11-26 20:00,2025-11-26 21:55
LAB748793,ENC120609,PT13788,GLU,Glucose,189,mg/dL,70,99,H,STAT,2025-11-26 17:26,2025-11-26 17:48,2025-11-26 18:43
LAB748794,ENC120609,PT13788,CREAT,Creatinine,2.9,mg/dL,0.6,1.3,H,Routine,2025-11-26 18:10,2025-11-26 18:30,2025-11-26 22:04
LAB748795,ENC120609,PT13788,WBC,White Blood Cell Count,8,K/uL,4.5,11,N,STAT,2025-11-26 17:58,2025-11-26 18:02,2025-11-26 18:16
LAB748796,ENC120609,PT13788,HGB,Hemoglobin,10.4,g/dL,12,17.5,L,STAT,2025-11-26 17:43,2025-11-26 17:54,2025-11-26 18:52
LAB748797,ENC120609,PT13788,INR,Prothrombin Time INR,1.1,ratio,0.8,1.2,N,STAT,2025-11-26 18:02,2025-11-26 18:25,2025-11-26 18:49
LAB748798,ENC120610,PT11794,GLU,Glucose,100,mg/dL,70,99,H,Routine,2025-11-27 00:20,2025-11-27 00:51,2025-11-27 04:11
LAB748799,ENC120610,PT11794,CREAT,Creatinine,0.87,mg/dL,0.6,1.3,N,STAT,2025-11-27 00:12,2025-11-27 00:16,2025-11-27 01:04
LAB748800,ENC120610,PT11794,WBC,White Blood Cell Count,11.4,K/uL,4.5,11,H,STAT,2025-11-27 00:09,2025-11-27 00:36,2025-11-27 01:00
LAB748801,ENC120610,PT11794,HGB,Hemoglobin,14.3,g/dL,12,17.5,N,STAT,2025-11-27 00:58,2025-11-27 01:02,2025-11-27 02:00
LAB748802,ENC120612,PT10865,GLU,Glucose,104,mg/dL,70,99,H,Routine,2025-11-27 03:53,2025-11-27 04:15,2025-11-27 06:24
LAB748803,ENC120612,PT10865,CREAT,Creatinine,1,mg/dL,0.6,1.3,N,STAT,2025-11-27 04:40,2025-11-27 05:15,2025-11-27 06:07
LAB748804,ENC120612,PT10865,WBC,White Blood Cell Count,7.8,K/uL,4.5,11,N,Routine,2025-11-27 03:36,2025-11-27 04:04,2025-11-27 06:04
LAB748805,ENC120612,PT10865,HGB,Hemoglobin,8.1,g/dL,12,17.5,L,STAT,2025-11-27 04:18,2025-11-27 04:30,2025-11-27 05:15
LAB748806,ENC120613,PT13122,GLU,Glucose,91,mg/dL,70,99,N,STAT,2025-11-27 06:39,2025-11-27 07:06,2025-11-27 08:40
LAB748807,ENC120613,PT13122,CREAT,Creatinine,0.52,mg/dL,0.6,1.3,L,STAT,2025-11-27 06:48,2025-11-27 07:18,2025-11-27 07:50
LAB748808,ENC120613,PT13122,WBC,White Blood Cell Count,11.6,K/uL,4.5,11,H,Routine,2025-11-27 07:14,2025-11-27 07:45,2025-11-27 09:38
LAB748809,ENC120613,PT13122,HGB,Hemoglobin,12.8,g/dL,12,17.5,N,Routine,2025-11-27 07:01,2025-11-27 07:35,2025-11-27 11:06
LAB748810,ENC120614,PT11582,GLU,Glucose,105,mg/dL,70,99,H,STAT,2025-11-27 08:08,2025-11-27 08:26,2025-11-27 09:13
LAB748811,ENC120614,PT11582,CREAT,Creatinine,1.06,mg/dL,0.6,1.3,N,STAT,2025-11-27 07:53,2025-11-27 08:05,2025-11-27 08:43
LAB748812,ENC120614,PT11582,WBC,White Blood Cell Count,6.9,K/uL,4.5,11,N,STAT,2025-11-27 08:07,2025-11-27 08:11,2025-11-27 08:55
LAB748813,ENC120614,PT11582,HGB,Hemoglobin,15.9,g/dL,12,17.5,N,STAT,2025-11-27 08:17,2025-11-27 08:22,2025-11-27 09:06
LAB748814,ENC120614,PT11582,BUN,Blood Urea Nitrogen,17,mg/dL,7,20,N,STAT,2025-11-27 07:46,2025-11-27 07:50,2025-11-27 09:43
LAB748815,ENC120614,PT11582,PLT,Platelet Count,263,K/uL,150,400,N,Routine,2025-11-27 07:34,2025-11-27 07:42,2025-11-27 11:05
LAB748816,ENC120615,PT13278,GLU,Glucose,81,mg/dL,70,99,N,Routine,2025-11-27 11:09,2025-11-27 11:41,2025-11-27 13:56
LAB748817,ENC120615,PT13278,CREAT,Creatinine,0.55,mg/dL,0.6,1.3,L,STAT,2025-11-27 11:47,2025-11-27 12:07,2025-11-27 12:36
LAB748818,ENC120615,PT13278,WBC,White Blood Cell Count,10.3,K/uL,4.5,11,N,STAT,2025-11-27 11:04,2025-11-27 11:19,2025-11-27 12:31
LAB748819,ENC120615,PT13278,HGB,Hemoglobin,13.1,g/dL,12,17.5,N,STAT,2025-11-27 11:22,2025-11-27 11:53,2025-11-27 12:49
LAB748820,ENC120615,PT13278,TROP,"Troponin I, High Sensitivity",4,ng/L,0,34,N,STAT,2025-11-27 11:08,2025-11-27 11:21,2025-11-27 12:04
LAB748821,ENC120618,PT13853,A1C,Hemoglobin A1c,7.1,%,4,5.6,H,Routine,2025-11-27 09:31,2025-11-27 09:37,2025-11-27 18:56
LAB748822,ENC120618,PT13853,GLU,Glucose,217,mg/dL,70,99,H,Routine,2025-11-27 09:45,2025-11-27 10:10,2025-11-27 13:18
LAB748823,ENC120618,PT13853,CREAT,Creatinine,0.86,mg/dL,0.6,1.3,N,Routine,2025-11-27 09:25,2025-11-27 09:55,2025-11-27 13:29
LAB748824,ENC120620,PT11601,WBC,White Blood Cell Count,6.6,K/uL,4.5,11,N,Routine,2025-11-27 10:15,2025-11-27 10:49,2025-11-27 13:49
LAB748825,ENC120620,PT11601,HGB,Hemoglobin,12.9,g/dL,12,17.5,N,Routine,2025-11-27 10:13,2025-11-27 10:25,2025-11-27 13:41
LAB748826,ENC120620,PT11601,PLT,Platelet Count,344,K/uL,150,400,N,Routine,2025-11-27 10:11,2025-11-27 10:24,2025-11-27 14:04
LAB748827,ENC120627,PT11598,WBC,White Blood Cell Count,10.3,K/uL,4.5,11,N,Routine,2025-11-27 13:13,2025-11-27 13:48,2025-11-27 18:27
LAB748828,ENC120627,PT11598,HGB,Hemoglobin,14.5,g/dL,12,17.5,N,Routine,2025-11-27 13:09,2025-11-27 13:42,2025-11-27 15:46
LAB748829,ENC120627,PT11598,PLT,Platelet Count,179,K/uL,150,400,N,Routine,2025-11-27 13:22,2025-11-27 13:45,2025-11-27 19:29
LAB748830,ENC120628,PT11641,A1C,Hemoglobin A1c,5.8,%,4,5.6,H,Routine,2025-11-27 13:56,2025-11-27 14:29,2025-11-28 04:43
LAB748831,ENC120630,PT12180,GLU,Glucose,114,mg/dL,70,99,H,Routine,2025-11-27 14:22,2025-11-27 14:29,2025-11-27 16:41
LAB748832,ENC120630,PT12180,CREAT,Creatinine,1.09,mg/dL,0.6,1.3,N,Routine,2025-11-27 14:15,2025-11-27 14:50,2025-11-27 16:46
LAB748833,ENC120630,PT12180,WBC,White Blood Cell Count,8.1,K/uL,4.5,11,N,Routine,2025-11-27 14:00,2025-11-27 14:34,2025-11-27 16:29
LAB748834,ENC120631,PT12893,GLU,Glucose,120,mg/dL,70,99,H,Routine,2025-11-27 14:30,2025-11-27 15:03,2025-11-27 16:13
LAB748835,ENC120631,PT12893,CREAT,Creatinine,1.08,mg/dL,0.6,1.3,N,STAT,2025-11-27 14:54,2025-11-27 15:00,2025-11-27 15:26
LAB748836,ENC120634,PT11562,GLU,Glucose,90,mg/dL,70,99,N,Routine,2025-11-27 19:26,2025-11-27 19:57,2025-11-28 00:50
LAB748837,ENC120634,PT11562,CREAT,Creatinine,0.85,mg/dL,0.6,1.3,N,STAT,2025-11-27 19:53,2025-11-27 20:26,2025-11-27 22:06
LAB748838,ENC120634,PT11562,WBC,White Blood Cell Count,14.7,K/uL,4.5,11,H,STAT,2025-11-27 19:37,2025-11-27 19:50,2025-11-27 20:53
LAB748839,ENC120634,PT11562,HGB,Hemoglobin,13.6,g/dL,12,17.5,N,Routine,2025-11-27 20:24,2025-11-27 20:40,2025-11-27 21:51
LAB748840,ENC120635,PT10010,GLU,Glucose,142,mg/dL,70,99,H,STAT,2025-11-27 16:09,2025-11-27 16:30,2025-11-27 17:23
LAB748841,ENC120635,PT10010,CREAT,Creatinine,0.76,mg/dL,0.6,1.3,N,STAT,2025-11-27 15:44,2025-11-27 16:19,2025-11-27 16:51
LAB748842,ENC120635,PT10010,WBC,White Blood Cell Count,8.2,K/uL,4.5,11,N,STAT,2025-11-27 16:47,2025-11-27 17:16,2025-11-27 17:42
LAB748843,ENC120636,PT10713,GLU,Glucose,127,mg/dL,70,99,H,STAT,2025-11-27 20:26,2025-11-27 20:41,2025-11-27 21:01
LAB748844,ENC120636,PT10713,CREAT,Creatinine,0.73,mg/dL,0.6,1.3,N,STAT,2025-11-27 20:42,2025-11-27 21:03,2025-11-27 21:45
LAB748845,ENC120636,PT10713,WBC,White Blood Cell Count,4.3,K/uL,4.5,11,L,Routine,2025-11-27 20:39,2025-11-27 20:58,2025-11-28 00:14
LAB748846,ENC120636,PT10713,HGB,Hemoglobin,12.7,g/dL,12,17.5,N,STAT,2025-11-27 20:09,2025-11-27 20:40,2025-11-27 21:24
LAB748847,ENC120638,PT11109,GLU,Glucose,134,mg/dL,70,99,H,Routine,2025-11-27 18:14,2025-11-27 18:37,2025-11-27 21:35
LAB748848,ENC120638,PT11109,CREAT,Creatinine,1.41,mg/dL,0.6,1.3,H,Routine,2025-11-27 18:05,2025-11-27 18:19,2025-11-27 23:11
LAB748849,ENC120639,PT12789,GLU,Glucose,144,mg/dL,70,99,H,Routine,2025-11-27 18:52,2025-11-27 19:02,2025-11-27 20:45
LAB748850,ENC120639,PT12789,CREAT,Creatinine,1.42,mg/dL,0.6,1.3,H,STAT,2025-11-27 18:41,2025-11-27 19:08,2025-11-27 20:12
LAB748851,ENC120639,PT12789,WBC,White Blood Cell Count,15.7,K/uL,4.5,11,H,STAT,2025-11-27 18:31,2025-11-27 18:42,2025-11-27 19:42
LAB748852,ENC120639,PT12789,HGB,Hemoglobin,14.8,g/dL,12,17.5,N,STAT,2025-11-27 18:55,2025-11-27 19:00,2025-11-27 20:44
LAB748853,ENC120639,PT12789,LACT,Lactate,1.9,mmol/L,0.5,2,N,STAT,2025-11-27 18:34,2025-11-27 18:41,2025-11-27 20:33
LAB748854,ENC120640,PT12086,GLU,Glucose,85,mg/dL,70,99,N,Routine,2025-11-27 23:58,2025-11-28 00:20,2025-11-28 02:08
LAB748855,ENC120640,PT12086,CREAT,Creatinine,2.52,mg/dL,0.6,1.3,H,Routine,2025-11-27 23:12,2025-11-27 23:22,2025-11-28 01:05
LAB748856,ENC120640,PT12086,WBC,White Blood Cell Count,20.7,K/uL,4.5,11,H,STAT,2025-11-27 22:58,2025-11-27 23:02,2025-11-27 23:36
LAB748857,ENC120640,PT12086,HGB,Hemoglobin,9.9,g/dL,12,17.5,L,Routine,2025-11-27 23:55,2025-11-28 00:19,2025-11-28 03:22
LAB748858,ENC120643,PT10153,GLU,Glucose,99,mg/dL,70,99,N,STAT,2025-11-27 23:41,2025-11-27 23:50,2025-11-28 00:33
LAB748859,ENC120643,PT10153,CREAT,Creatinine,0.77,mg/dL,0.6,1.3,N,STAT,2025-11-27 23:20,2025-11-27 23:50,2025-11-28 00:54
LAB748860,ENC120643,PT10153,WBC,White Blood Cell Count,15.2,K/uL,4.5,11,H,STAT,2025-11-27 23:18,2025-11-27 23:24,2025-11-28 00:22
LAB748861,ENC120643,PT10153,HGB,Hemoglobin,13.4,g/dL,12,17.5,N,Routine,2025-11-27 23:30,2025-11-27 23:50,2025-11-28 03:36
LAB748862,ENC120643,PT10153,NA,Sodium,139,mmol/L,136,145,N,STAT,2025-11-27 23:22,2025-11-27 23:35,2025-11-28 00:26
LAB748863,ENC120643,PT10153,K,Potassium,3.9,mmol/L,3.5,5.1,N,STAT,2025-11-27 23:13,2025-11-27 23:32,2025-11-28 00:04
LAB748864,ENC120645,PT13726,GLU,Glucose,129,mg/dL,70,99,H,STAT,2025-11-28 02:13,2025-11-28 02:26,2025-11-28 03:04
LAB748865,ENC120645,PT13726,CREAT,Creatinine,0.53,mg/dL,0.6,1.3,L,STAT,2025-11-28 02:15,2025-11-28 02:31,2025-11-28 02:59
LAB748866,ENC120645,PT13726,WBC,White Blood Cell Count,7.5,K/uL,4.5,11,N,Routine,2025-11-28 01:28,2025-11-28 01:40,2025-11-28 05:54
LAB748867,ENC120645,PT13726,HGB,Hemoglobin,12.8,g/dL,12,17.5,N,STAT,2025-11-28 02:03,2025-11-28 02:32,2025-11-28 03:34
LAB748868,ENC120645,PT13726,NA,Sodium,140,mmol/L,136,145,N,STAT,2025-11-28 02:04,2025-11-28 02:23,2025-11-28 03:10
LAB748869,ENC120645,PT13726,K,Potassium,4.1,mmol/L,3.5,5.1,N,STAT,2025-11-28 02:17,2025-11-28 02:22,2025-11-28 03:41
LAB748870,ENC120645,PT13726,A1C,Hemoglobin A1c,10.1,%,4,5.6,H,STAT,2025-11-28 01:21,2025-11-28 01:32,2025-11-28 02:21
LAB748871,ENC120646,PT13954,GLU,Glucose,142,mg/dL,70,99,H,Routine,2025-11-28 00:46,2025-11-28 01:14,2025-11-28 03:19
LAB748872,ENC120646,PT13954,CREAT,Creatinine,0.8,mg/dL,0.6,1.3,N,STAT,2025-11-28 00:50,2025-11-28 01:23,2025-11-28 01:55
LAB748873,ENC120646,PT13954,WBC,White Blood Cell Count,8.4,K/uL,4.5,11,N,Routine,2025-11-28 00:48,2025-11-28 01:03,2025-11-28 06:24
LAB748874,ENC120646,PT13954,HGB,Hemoglobin,13.9,g/dL,12,17.5,N,STAT,2025-11-28 01:30,2025-11-28 01:45,2025-11-28 03:11
LAB748875,ENC120646,PT13954,NA,Sodium,141,mmol/L,136,145,N,STAT,2025-11-28 00:41,2025-11-28 00:53,2025-11-28 03:01
LAB748876,ENC120646,PT13954,K,Potassium,4.5,mmol/L,3.5,5.1,N,STAT,2025-11-28 00:48,2025-11-28 01:14,2025-11-28 02:35
LAB748877,ENC120646,PT13954,TROP,"Troponin I, High Sensitivity",10,ng/L,0,34,N,STAT,2025-11-28 00:48,2025-11-28 01:05,2025-11-28 02:14
LAB748878,ENC120647,PT11464,GLU,Glucose,97,mg/dL,70,99,N,STAT,2025-11-27 23:13,2025-11-27 23:18,2025-11-27 23:44
LAB748879,ENC120647,PT11464,CREAT,Creatinine,1.23,mg/dL,0.6,1.3,N,STAT,2025-11-27 23:13,2025-11-27 23:29,2025-11-28 00:40
LAB748880,ENC120647,PT11464,WBC,White Blood Cell Count,5.1,K/uL,4.5,11,N,STAT,2025-11-27 22:31,2025-11-27 22:55,2025-11-28 00:06
LAB748881,ENC120648,PT12624,GLU,Glucose,127,mg/dL,70,99,H,STAT,2025-11-27 23:23,2025-11-27 23:27,2025-11-28 00:02
LAB748882,ENC120648,PT12624,CREAT,Creatinine,1.32,mg/dL,0.6,1.3,H,STAT,2025-11-27 23:15,2025-11-27 23:22,2025-11-27 23:54
LAB748883,ENC120648,PT12624,WBC,White Blood Cell Count,8.9,K/uL,4.5,11,N,Routine,2025-11-27 22:26,2025-11-27 22:55,2025-11-28 04:42
LAB748884,ENC120648,PT12624,HGB,Hemoglobin,15.3,g/dL,12,17.5,N,Routine,2025-11-27 23:10,2025-11-27 23:34,2025-11-28 02:16
LAB748885,ENC120648,PT12624,NA,Sodium,142,mmol/L,136,145,N,STAT,2025-11-27 22:53,2025-11-27 23:26,2025-11-28 00:07
LAB748886,ENC120648,PT12624,K,Potassium,4.6,mmol/L,3.5,5.1,N,STAT,2025-11-27 22:44,2025-11-27 23:09,2025-11-28 00:18
LAB748887,ENC120651,PT10856,GLU,Glucose,130,mg/dL,70,99,H,STAT,2025-11-28 06:28,2025-11-28 06:39,2025-11-28 07:08
LAB748888,ENC120651,PT10856,CREAT,Creatinine,0.85,mg/dL,0.6,1.3,N,STAT,2025-11-28 06:35,2025-11-28 06:47,2025-11-28 07:46
LAB748889,ENC120651,PT10856,WBC,White Blood Cell Count,8.1,K/uL,4.5,11,N,Routine,2025-11-28 07:03,2025-11-28 07:15,2025-11-28 10:58
LAB748890,ENC120651,PT10856,HGB,Hemoglobin,15,g/dL,12,17.5,N,STAT,2025-11-28 07:03,2025-11-28 07:29,2025-11-28 08:05
LAB748891,ENC120651,PT10856,NA,Sodium,135,mmol/L,136,145,L,Routine,2025-11-28 06:26,2025-11-28 06:32,2025-11-28 10:04
LAB748892,ENC120651,PT10856,K,Potassium,4,mmol/L,3.5,5.1,N,STAT,2025-11-28 06:26,2025-11-28 06:33,2025-11-28 07:43
LAB748893,ENC120651,PT10856,LACT,Lactate,2,mmol/L,0.5,2,N,STAT,2025-11-28 07:11,2025-11-28 07:23,2025-11-28 08:03
LAB748894,ENC120652,PT12127,GLU,Glucose,130,mg/dL,70,99,H,STAT,2025-11-28 09:32,2025-11-28 09:56,2025-11-28 10:47
LAB748895,ENC120652,PT12127,CREAT,Creatinine,0.96,mg/dL,0.6,1.3,N,STAT,2025-11-28 08:46,2025-11-28 09:08,2025-11-28 10:19
LAB748896,ENC120652,PT12127,WBC,White Blood Cell Count,9,K/uL,4.5,11,N,Routine,2025-11-28 09:25,2025-11-28 09:38,2025-11-28 13:14
LAB748897,ENC120652,PT12127,HGB,Hemoglobin,13.9,g/dL,12,17.5,N,STAT,2025-11-28 09:12,2025-11-28 09:47,2025-11-28 10:20
LAB748898,ENC120653,PT10652,GLU,Glucose,110,mg/dL,70,99,H,STAT,2025-11-28 07:53,2025-11-28 08:13,2025-11-28 09:22
LAB748899,ENC120653,PT10652,CREAT,Creatinine,0.42,mg/dL,0.6,1.3,L,Routine,2025-11-28 07:45,2025-11-28 07:52,2025-11-28 10:10
LAB748900,ENC120653,PT10652,WBC,White Blood Cell Count,8.9,K/uL,4.5,11,N,STAT,2025-11-28 07:25,2025-11-28 07:35,2025-11-28 08:15
LAB748901,ENC120653,PT10652,HGB,Hemoglobin,12.5,g/dL,12,17.5,N,Routine,2025-11-28 07:29,2025-11-28 08:03,2025-11-28 11:11
LAB748902,ENC120654,PT12012,GLU,Glucose,53,mg/dL,70,99,L,STAT,2025-11-28 07:59,2025-11-28 08:18,2025-11-28 09:20
LAB748903,ENC120654,PT12012,CREAT,Creatinine,0.89,mg/dL,0.6,1.3,N,Routine,2025-11-28 08:47,2025-11-28 09:11,2025-11-28 10:59
LAB748904,ENC120654,PT12012,WBC,White Blood Cell Count,7.5,K/uL,4.5,11,N,Routine,2025-11-28 08:47,2025-11-28 09:15,2025-11-28 13:26
LAB748905,ENC120654,PT12012,HGB,Hemoglobin,14.9,g/dL,12,17.5,N,STAT,2025-11-28 08:21,2025-11-28 08:54,2025-11-28 09:25
LAB748906,ENC120654,PT12012,NA,Sodium,139,mmol/L,136,145,N,Routine,2025-11-28 07:52,2025-11-28 07:58,2025-11-28 12:48
LAB748907,ENC120654,PT12012,K,Potassium,4.5,mmol/L,3.5,5.1,N,STAT,2025-11-28 07:51,2025-11-28 07:55,2025-11-28 08:48
LAB748908,ENC120655,PT11859,LDL,LDL Cholesterol,137,mg/dL,0,99,H,Routine,2025-11-28 08:36,2025-11-28 08:47,2025-11-30 00:44
LAB748909,ENC120656,PT13116,GLU,Glucose,100,mg/dL,70,99,H,Routine,2025-11-28 08:39,2025-11-28 09:07,2025-11-28 10:49
LAB748910,ENC120656,PT13116,CREAT,Creatinine,0.9,mg/dL,0.6,1.3,N,Routine,2025-11-28 09:34,2025-11-28 09:59,2025-11-28 13:09
LAB748911,ENC120656,PT13116,WBC,White Blood Cell Count,7.4,K/uL,4.5,11,N,STAT,2025-11-28 08:56,2025-11-28 09:19,2025-11-28 09:58
LAB748912,ENC120656,PT13116,HGB,Hemoglobin,10.4,g/dL,12,17.5,L,Routine,2025-11-28 08:36,2025-11-28 08:40,2025-11-28 15:47
LAB748913,ENC120656,PT13116,NA,Sodium,124,mmol/L,136,145,L,STAT,2025-11-28 08:53,2025-11-28 09:13,2025-11-28 10:07
LAB748914,ENC120656,PT13116,K,Potassium,3.8,mmol/L,3.5,5.1,N,STAT,2025-11-28 08:36,2025-11-28 09:05,2025-11-28 09:27
LAB748915,ENC120659,PT11302,A1C,Hemoglobin A1c,9.8,%,4,5.6,H,Routine,2025-11-28 09:52,2025-11-28 10:04,2025-11-29 20:10
LAB748916,ENC120659,PT11302,GLU,Glucose,307,mg/dL,70,99,H,Routine,2025-11-28 10:02,2025-11-28 10:10,2025-11-28 16:00
LAB748917,ENC120659,PT11302,CREAT,Creatinine,0.46,mg/dL,0.6,1.3,L,Routine,2025-11-28 10:02,2025-11-28 10:26,2025-11-28 14:56
LAB748918,ENC120661,PT12888,WBC,White Blood Cell Count,10.3,K/uL,4.5,11,N,Routine,2025-11-28 09:54,2025-11-28 10:19,2025-11-28 13:03
LAB748919,ENC120661,PT12888,HGB,Hemoglobin,14.6,g/dL,12,17.5,N,Routine,2025-11-28 10:10,2025-11-28 10:17,2025-11-28 16:18
LAB748920,ENC120661,PT12888,PLT,Platelet Count,211,K/uL,150,400,N,Routine,2025-11-28 10:06,2025-11-28 10:40,2025-11-28 16:06
LAB748921,ENC120667,PT12399,GLU,Glucose,133,mg/dL,70,99,H,STAT,2025-11-28 15:48,2025-11-28 16:13,2025-11-28 17:16
LAB748922,ENC120667,PT12399,CREAT,Creatinine,1.38,mg/dL,0.6,1.3,H,Routine,2025-11-28 16:14,2025-11-28 16:28,2025-11-28 18:03
LAB748923,ENC120667,PT12399,WBC,White Blood Cell Count,7.5,K/uL,4.5,11,N,STAT,2025-11-28 16:09,2025-11-28 16:29,2025-11-28 17:06
LAB748924,ENC120667,PT12399,HGB,Hemoglobin,15,g/dL,12,17.5,N,STAT,2025-11-28 15:53,2025-11-28 16:17,2025-11-28 16:49
LAB748925,ENC120667,PT12399,TROP,"Troponin I, High Sensitivity",8,ng/L,0,34,N,STAT,2025-11-28 15:33,2025-11-28 15:49,2025-11-28 16:22
LAB748926,ENC120667,PT12399,BNP,B-Type Natriuretic Peptide,972,pg/mL,0,100,H,STAT,2025-11-28 15:54,2025-11-28 15:59,2025-11-28 16:46
LAB748927,ENC120670,PT13778,GLU,Glucose,112,mg/dL,70,99,H,Routine,2025-11-28 13:40,2025-11-28 14:13,2025-11-28 15:04
LAB748928,ENC120670,PT13778,CREAT,Creatinine,0.71,mg/dL,0.6,1.3,N,Routine,2025-11-28 13:25,2025-11-28 13:34,2025-11-28 17:00
LAB748929,ENC120670,PT13778,WBC,White Blood Cell Count,8.6,K/uL,4.5,11,N,Routine,2025-11-28 13:32,2025-11-28 13:55,2025-11-28 15:58
LAB748930,ENC120670,PT13778,HGB,Hemoglobin,15.5,g/dL,12,17.5,N,STAT,2025-11-28 14:18,2025-11-28 14:31,2025-11-28 15:23
LAB748931,ENC120670,PT13778,BUN,Blood Urea Nitrogen,14,mg/dL,7,20,N,Routine,2025-11-28 13:51,2025-11-28 14:23,2025-11-28 17:05
LAB748932,ENC120670,PT13778,PLT,Platelet Count,306,K/uL,150,400,N,STAT,2025-11-28 14:02,2025-11-28 14:29,2025-11-28 16:18
LAB748933,ENC120671,PT12194,LDL,LDL Cholesterol,199,mg/dL,0,99,H,Routine,2025-11-28 13:23,2025-11-28 13:37,2025-11-28 22:48
LAB748934,ENC120672,PT10455,GLU,Glucose,93,mg/dL,70,99,N,Routine,2025-11-28 17:06,2025-11-28 17:29,2025-11-28 19:45
LAB748935,ENC120672,PT10455,CREAT,Creatinine,0.78,mg/dL,0.6,1.3,N,STAT,2025-11-28 16:20,2025-11-28 16:35,2025-11-28 17:34
LAB748936,ENC120672,PT10455,WBC,White Blood Cell Count,11.4,K/uL,4.5,11,H,STAT,2025-11-28 16:28,2025-11-28 16:43,2025-11-28 17:23
LAB748937,ENC120672,PT10455,HGB,Hemoglobin,13.7,g/dL,12,17.5,N,STAT,2025-11-28 17:20,2025-11-28 17:24,2025-11-28 17:53
LAB748938,ENC120672,PT10455,NA,Sodium,139,mmol/L,136,145,N,Routine,2025-11-28 16:53,2025-11-28 17:13,2025-11-28 19:47
LAB748939,ENC120672,PT10455,K,Potassium,4.7,mmol/L,3.5,5.1,N,STAT,2025-11-28 16:48,2025-11-28 17:09,2025-11-28 17:49
LAB748940,ENC120672,PT10455,BUN,Blood Urea Nitrogen,14,mg/dL,7,20,N,STAT,2025-11-28 17:27,2025-11-28 17:41,2025-11-28 18:38
LAB748941,ENC120672,PT10455,PLT,Platelet Count,300,K/uL,150,400,N,STAT,2025-11-28 16:46,2025-11-28 17:09,2025-11-28 17:40
LAB748942,ENC120673,PT10764,GLU,Glucose,95,mg/dL,70,99,N,STAT,2025-11-28 14:06,2025-11-28 14:38,2025-11-28 15:24
LAB748943,ENC120673,PT10764,CREAT,Creatinine,1.15,mg/dL,0.6,1.3,N,Routine,2025-11-28 14:01,2025-11-28 14:22,2025-11-28 16:11
LAB748944,ENC120673,PT10764,WBC,White Blood Cell Count,6.3,K/uL,4.5,11,N,STAT,2025-11-28 14:02,2025-11-28 14:30,2025-11-28 15:48
LAB748945,ENC120673,PT10764,HGB,Hemoglobin,12.9,g/dL,12,17.5,N,Routine,2025-11-28 14:56,2025-11-28 15:26,2025-11-28 17:59
LAB748946,ENC120675,PT11307,GLU,Glucose,92,mg/dL,70,99,N,STAT,2025-11-28 16:10,2025-11-28 16:34,2025-11-28 17:30
LAB748947,ENC120675,PT11307,CREAT,Creatinine,1,mg/dL,0.6,1.3,N,STAT,2025-11-28 15:37,2025-11-28 15:52,2025-11-28 16:34
LAB748948,ENC120675,PT11307,WBC,White Blood Cell Count,6.7,K/uL,4.5,11,N,STAT,2025-11-28 15:46,2025-11-28 15:58,2025-11-28 16:34
LAB748949,ENC120675,PT11307,HGB,Hemoglobin,13.5,g/dL,12,17.5,N,Routine,2025-11-28 16:17,2025-11-28 16:31,2025-11-28 19:25
LAB748950,ENC120678,PT13817,LDL,LDL Cholesterol,126,mg/dL,0,99,H,Routine,2025-11-28 15:43,2025-11-28 15:47,2025-11-29 17:17
LAB748951,ENC120681,PT13548,GLU,Glucose,66,mg/dL,70,99,L,STAT,2025-11-28 21:43,2025-11-28 21:49,2025-11-28 22:39
LAB748952,ENC120681,PT13548,CREAT,Creatinine,1.03,mg/dL,0.6,1.3,N,Routine,2025-11-28 20:59,2025-11-28 21:34,2025-11-29 01:23
LAB748953,ENC120681,PT13548,WBC,White Blood Cell Count,10,K/uL,4.5,11,N,STAT,2025-11-28 21:12,2025-11-28 21:44,2025-11-28 22:30
LAB748954,ENC120681,PT13548,HGB,Hemoglobin,15,g/dL,12,17.5,N,Routine,2025-11-28 21:45,2025-11-28 22:11,2025-11-29 05:57
LAB748955,ENC120682,PT12972,GLU,Glucose,92,mg/dL,70,99,N,STAT,2025-11-28 19:50,2025-11-28 20:08,2025-11-28 20:57
LAB748956,ENC120682,PT12972,CREAT,Creatinine,1.21,mg/dL,0.6,1.3,N,STAT,2025-11-28 19:53,2025-11-28 20:06,2025-11-28 20:40
LAB748957,ENC120682,PT12972,WBC,White Blood Cell Count,12.7,K/uL,4.5,11,H,Routine,2025-11-28 20:23,2025-11-28 20:31,2025-11-29 01:47
LAB748958,ENC120682,PT12972,HGB,Hemoglobin,11.8,g/dL,12,17.5,L,Routine,2025-11-28 20:35,2025-11-28 20:43,2025-11-28 23:54
LAB748959,ENC120683,PT11952,GLU,Glucose,94,mg/dL,70,99,N,Routine,2025-11-28 18:30,2025-11-28 18:43,2025-11-28 23:05
LAB748960,ENC120683,PT11952,CREAT,Creatinine,1.28,mg/dL,0.6,1.3,N,STAT,2025-11-28 18:31,2025-11-28 18:37,2025-11-28 20:06
LAB748961,ENC120683,PT11952,WBC,White Blood Cell Count,7.1,K/uL,4.5,11,N,STAT,2025-11-28 18:39,2025-11-28 19:02,2025-11-28 19:56
LAB748962,ENC120683,PT11952,HGB,Hemoglobin,12.4,g/dL,12,17.5,N,Routine,2025-11-28 19:31,2025-11-28 19:42,2025-11-28 21:13
LAB748963,ENC120683,PT11952,NA,Sodium,144,mmol/L,136,145,N,STAT,2025-11-28 18:51,2025-11-28 19:10,2025-11-28 19:51
LAB748964,ENC120683,PT11952,K,Potassium,4.3,mmol/L,3.5,5.1,N,STAT,2025-11-28 18:54,2025-11-28 19:04,2025-11-28 20:14
LAB748965,ENC120683,PT11952,BUN,Blood Urea Nitrogen,16,mg/dL,7,20,N,STAT,2025-11-28 19:26,2025-11-28 19:49,2025-11-28 20:55
LAB748966,ENC120683,PT11952,PLT,Platelet Count,290,K/uL,150,400,N,STAT,2025-11-28 18:22,2025-11-28 18:29,2025-11-28 19:17
LAB748967,ENC120684,PT11228,GLU,Glucose,101,mg/dL,70,99,H,STAT,2025-11-28 18:20,2025-11-28 18:50,2025-11-28 19:17
LAB748968,ENC120684,PT11228,CREAT,Creatinine,1.06,mg/dL,0.6,1.3,N,Routine,2025-11-28 18:22,2025-11-28 18:31,2025-11-29 01:07
LAB748969,ENC120684,PT11228,WBC,White Blood Cell Count,7.1,K/uL,4.5,11,N,STAT,2025-11-28 17:28,2025-11-28 17:49,2025-11-28 18:52
LAB748970,ENC120684,PT11228,HGB,Hemoglobin,13,g/dL,12,17.5,N,STAT,2025-11-28 17:28,2025-11-28 17:38,2025-11-28 18:11
LAB748971,ENC120685,PT12601,GLU,Glucose,97,mg/dL,70,99,N,STAT,2025-11-28 21:33,2025-11-28 21:39,2025-11-28 23:16
LAB748972,ENC120685,PT12601,CREAT,Creatinine,1.21,mg/dL,0.6,1.3,N,Routine,2025-11-28 21:51,2025-11-28 22:07,2025-11-29 02:00
LAB748973,ENC120685,PT12601,WBC,White Blood Cell Count,8.5,K/uL,4.5,11,N,STAT,2025-11-28 21:24,2025-11-28 21:30,2025-11-28 22:11
LAB748974,ENC120685,PT12601,HGB,Hemoglobin,14.6,g/dL,12,17.5,N,Routine,2025-11-28 21:07,2025-11-28 21:16,2025-11-28 23:36
LAB748975,ENC120685,PT12601,NA,Sodium,142,mmol/L,136,145,N,Routine,2025-11-28 21:28,2025-11-28 21:37,2025-11-29 00:23
LAB748976,ENC120685,PT12601,K,Potassium,3.9,mmol/L,3.5,5.1,N,STAT,2025-11-28 21:11,2025-11-28 21:32,2025-11-28 22:05
LAB748977,ENC120685,PT12601,BUN,Blood Urea Nitrogen,13,mg/dL,7,20,N,Routine,2025-11-28 22:06,2025-11-28 22:16,2025-11-29 00:03
LAB748978,ENC120685,PT12601,PLT,Platelet Count,229,K/uL,150,400,N,STAT,2025-11-28 21:39,2025-11-28 21:53,2025-11-28 22:40
LAB748979,ENC120686,PT10955,GLU,Glucose,120,mg/dL,70,99,H,STAT,2025-11-28 21:52,2025-11-28 22:21,2025-11-28 23:10
LAB748980,ENC120686,PT10955,CREAT,Creatinine,1.24,mg/dL,0.6,1.3,N,STAT,2025-11-28 22:11,2025-11-28 22:16,2025-11-28 23:16
LAB748981,ENC120686,PT10955,WBC,White Blood Cell Count,8.6,K/uL,4.5,11,N,STAT,2025-11-28 22:29,2025-11-28 22:49,2025-11-28 23:17
LAB748982,ENC120686,PT10955,HGB,Hemoglobin,14.6,g/dL,12,17.5,N,STAT,2025-11-28 21:44,2025-11-28 21:52,2025-11-28 22:38
LAB748983,ENC120688,PT11344,GLU,Glucose,110,mg/dL,70,99,H,STAT,2025-11-28 23:20,2025-11-28 23:47,2025-11-29 00:20
LAB748984,ENC120688,PT11344,CREAT,Creatinine,0.78,mg/dL,0.6,1.3,N,STAT,2025-11-28 23:14,2025-11-28 23:24,2025-11-29 00:10
LAB748985,ENC120688,PT11344,WBC,White Blood Cell Count,8,K/uL,4.5,11,N,Routine,2025-11-29 00:04,2025-11-29 00:21,2025-11-29 05:03
LAB748986,ENC120688,PT11344,HGB,Hemoglobin,14.4,g/dL,12,17.5,N,STAT,2025-11-28 23:08,2025-11-28 23:35,2025-11-29 00:04
LAB748987,ENC120689,PT12695,GLU,Glucose,114,mg/dL,70,99,H,STAT,2025-11-28 20:41,2025-11-28 20:45,2025-11-28 21:30
LAB748988,ENC120689,PT12695,CREAT,Creatinine,0.9,mg/dL,0.6,1.3,N,STAT,2025-11-28 20:15,2025-11-28 20:33,2025-11-28 21:19
LAB748989,ENC120689,PT12695,WBC,White Blood Cell Count,11,K/uL,4.5,11,N,Routine,2025-11-28 20:21,2025-11-28 20:51,2025-11-29 00:03
LAB748990,ENC120691,PT12432,GLU,Glucose,84,mg/dL,70,99,N,STAT,2025-11-29 01:17,2025-11-29 01:49,2025-11-29 02:27
LAB748991,ENC120691,PT12432,CREAT,Creatinine,0.7,mg/dL,0.6,1.3,N,STAT,2025-11-29 01:47,2025-11-29 02:03,2025-11-29 03:03
LAB748992,ENC120691,PT12432,WBC,White Blood Cell Count,6.8,K/uL,4.5,11,N,Routine,2025-11-29 02:18,2025-11-29 02:40,2025-11-29 04:22
LAB748993,ENC120691,PT12432,HGB,Hemoglobin,13,g/dL,12,17.5,N,STAT,2025-11-29 01:49,2025-11-29 02:05,2025-11-29 02:41
LAB748994,ENC120692,PT12034,GLU,Glucose,121,mg/dL,70,99,H,STAT,2025-11-29 07:47,2025-11-29 08:03,2025-11-29 08:44
LAB748995,ENC120692,PT12034,CREAT,Creatinine,1.88,mg/dL,0.6,1.3,H,STAT,2025-11-29 07:40,2025-11-29 07:51,2025-11-29 08:10
LAB748996,ENC120692,PT12034,WBC,White Blood Cell Count,9.4,K/uL,4.5,11,N,STAT,2025-11-29 07:59,2025-11-29 08:26,2025-11-29 09:14
LAB748997,ENC120692,PT12034,HGB,Hemoglobin,8.9,g/dL,12,17.5,L,STAT,2025-11-29 08:19,2025-11-29 08:52,2025-11-29 09:17
LAB748998,ENC120692,PT12034,INR,Prothrombin Time INR,1,ratio,0.8,1.2,N,STAT,2025-11-29 08:21,2025-11-29 08:43,2025-11-29 10:06
LAB748999,ENC120694,PT10915,GLU,Glucose,187,mg/dL,70,99,H,Routine,2025-11-29 13:41,2025-11-29 14:16,2025-11-29 15:18
LAB749000,ENC120694,PT10915,CREAT,Creatinine,1.08,mg/dL,0.6,1.3,N,Routine,2025-11-29 13:42,2025-11-29 13:49,2025-11-29 15:51
LAB749001,ENC120694,PT10915,WBC,White Blood Cell Count,4.1,K/uL,4.5,11,L,STAT,2025-11-29 13:20,2025-11-29 13:51,2025-11-29 14:35
LAB749002,ENC120694,PT10915,HGB,Hemoglobin,13.3,g/dL,12,17.5,N,Routine,2025-11-29 13:37,2025-11-29 13:52,2025-11-29 15:47
LAB749003,ENC120694,PT10915,NA,Sodium,139,mmol/L,136,145,N,STAT,2025-11-29 13:53,2025-11-29 14:09,2025-11-29 15:12
LAB749004,ENC120694,PT10915,K,Potassium,4,mmol/L,3.5,5.1,N,STAT,2025-11-29 13:21,2025-11-29 13:35,2025-11-29 14:13
LAB749005,ENC120694,PT10915,TROP,"Troponin I, High Sensitivity",92,ng/L,0,34,H,STAT,2025-11-29 13:53,2025-11-29 14:23,2025-11-29 15:23
LAB749006,ENC120694,PT10915,BNP,B-Type Natriuretic Peptide,1242,pg/mL,0,100,H,STAT,2025-11-29 13:57,2025-11-29 14:06,2025-11-29 14:44
LAB749007,ENC120695,PT13350,GLU,Glucose,93,mg/dL,70,99,N,STAT,2025-11-29 13:02,2025-11-29 13:06,2025-11-29 13:45
LAB749008,ENC120695,PT13350,CREAT,Creatinine,0.91,mg/dL,0.6,1.3,N,STAT,2025-11-29 13:53,2025-11-29 14:21,2025-11-29 14:58
LAB749009,ENC120695,PT13350,WBC,White Blood Cell Count,7.1,K/uL,4.5,11,N,STAT,2025-11-29 13:45,2025-11-29 14:10,2025-11-29 14:31
LAB749010,ENC120695,PT13350,HGB,Hemoglobin,12.9,g/dL,12,17.5,N,STAT,2025-11-29 13:18,2025-11-29 13:31,2025-11-29 14:21
LAB749011,ENC120695,PT13350,BUN,Blood Urea Nitrogen,15,mg/dL,7,20,N,Routine,2025-11-29 13:13,2025-11-29 13:46,2025-11-29 17:48
LAB749012,ENC120695,PT13350,PLT,Platelet Count,165,K/uL,150,400,N,Routine,2025-11-29 13:38,2025-11-29 13:52,2025-11-29 16:12
LAB749013,ENC120695,PT13350,TROP,"Troponin I, High Sensitivity",72,ng/L,0,34,H,STAT,2025-11-29 14:02,2025-11-29 14:11,2025-11-29 14:38
LAB749014,ENC120695,PT13350,BNP,B-Type Natriuretic Peptide,358,pg/mL,0,100,H,STAT,2025-11-29 13:07,2025-11-29 13:40,2025-11-29 15:10
LAB749015,ENC120696,PT13498,GLU,Glucose,115,mg/dL,70,99,H,Routine,2025-11-29 10:52,2025-11-29 11:22,2025-11-29 16:15
LAB749016,ENC120696,PT13498,CREAT,Creatinine,1.02,mg/dL,0.6,1.3,N,STAT,2025-11-29 10:33,2025-11-29 10:45,2025-11-29 11:20
LAB749017,ENC120696,PT13498,WBC,White Blood Cell Count,8.2,K/uL,4.5,11,N,Routine,2025-11-29 11:17,2025-11-29 11:47,2025-11-29 14:37
LAB749018,ENC120696,PT13498,TROP,"Troponin I, High Sensitivity",6,ng/L,0,34,N,STAT,2025-11-29 11:12,2025-11-29 11:16,2025-11-29 12:22
LAB749019,ENC120697,PT12237,GLU,Glucose,121,mg/dL,70,99,H,STAT,2025-11-29 11:19,2025-11-29 11:51,2025-11-29 12:21
LAB749020,ENC120697,PT12237,CREAT,Creatinine,4.09,mg/dL,0.6,1.3,H,STAT,2025-11-29 10:54,2025-11-29 11:05,2025-11-29 12:22
LAB749021,ENC120697,PT12237,WBC,White Blood Cell Count,7.5,K/uL,4.5,11,N,STAT,2025-11-29 10:42,2025-11-29 10:48,2025-11-29 11:21
LAB749022,ENC120697,PT12237,HGB,Hemoglobin,10.9,g/dL,12,17.5,L,STAT,2025-11-29 11:10,2025-11-29 11:25,2025-11-29 12:29
LAB749023,ENC120697,PT12237,NA,Sodium,141,mmol/L,136,145,N,Routine,2025-11-29 11:11,2025-11-29 11:46,2025-11-29 15:17
LAB749024,ENC120697,PT12237,K,Potassium,5.8,mmol/L,3.5,5.1,H,STAT,2025-11-29 10:57,2025-11-29 11:07,2025-11-29 12:01
LAB749025,ENC120699,PT13226,GLU,Glucose,127,mg/dL,70,99,H,Routine,2025-11-29 14:07,2025-11-29 14:39,2025-11-29 18:41
LAB749026,ENC120699,PT13226,CREAT,Creatinine,0.86,mg/dL,0.6,1.3,N,Routine,2025-11-29 14:07,2025-11-29 14:12,2025-11-29 18:25
LAB749027,ENC120699,PT13226,WBC,White Blood Cell Count,6.9,K/uL,4.5,11,N,Routine,2025-11-29 14:31,2025-11-29 14:37,2025-11-29 18:57
LAB749028,ENC120699,PT13226,HGB,Hemoglobin,15.6,g/dL,12,17.5,N,STAT,2025-11-29 14:08,2025-11-29 14:26,2025-11-29 15:14
LAB749029,ENC120699,PT13226,NA,Sodium,141,mmol/L,136,145,N,Routine,2025-11-29 14:16,2025-11-29 14:20,2025-11-29 15:19
LAB749030,ENC120699,PT13226,K,Potassium,3.7,mmol/L,3.5,5.1,N,STAT,2025-11-29 14:02,2025-11-29 14:22,2025-11-29 15:05
LAB749031,ENC120700,PT10601,GLU,Glucose,233,mg/dL,70,99,H,STAT,2025-11-29 11:35,2025-11-29 11:53,2025-11-29 12:50
LAB749032,ENC120700,PT10601,CREAT,Creatinine,0.69,mg/dL,0.6,1.3,N,Routine,2025-11-29 11:42,2025-11-29 11:56,2025-11-29 16:14
LAB749033,ENC120700,PT10601,WBC,White Blood Cell Count,6.5,K/uL,4.5,11,N,STAT,2025-11-29 11:12,2025-11-29 11:22,2025-11-29 12:17
LAB749034,ENC120700,PT10601,HGB,Hemoglobin,13.2,g/dL,12,17.5,N,STAT,2025-11-29 12:02,2025-11-29 12:07,2025-11-29 13:43
LAB749035,ENC120700,PT10601,NA,Sodium,140,mmol/L,136,145,N,STAT,2025-11-29 11:12,2025-11-29 11:45,2025-11-29 12:35
LAB749036,ENC120700,PT10601,K,Potassium,4.1,mmol/L,3.5,5.1,N,STAT,2025-11-29 11:54,2025-11-29 12:24,2025-11-29 13:17
LAB749037,ENC120701,PT10270,GLU,Glucose,75,mg/dL,70,99,N,STAT,2025-11-29 18:39,2025-11-29 19:05,2025-11-29 19:46
LAB749038,ENC120701,PT10270,CREAT,Creatinine,1.15,mg/dL,0.6,1.3,N,STAT,2025-11-29 17:30,2025-11-29 17:48,2025-11-29 18:36
LAB749039,ENC120701,PT10270,WBC,White Blood Cell Count,7.6,K/uL,4.5,11,N,Routine,2025-11-29 17:31,2025-11-29 18:02,2025-11-30 00:50
LAB749040,ENC120701,PT10270,HGB,Hemoglobin,6.1,g/dL,12,17.5,LL,STAT,2025-11-29 18:19,2025-11-29 18:46,2025-11-29 19:37
LAB749041,ENC120701,PT10270,INR,Prothrombin Time INR,1.1,ratio,0.8,1.2,N,STAT,2025-11-29 17:47,2025-11-29 18:04,2025-11-29 18:47
LAB749042,ENC120702,PT10567,GLU,Glucose,186,mg/dL,70,99,H,STAT,2025-11-29 17:45,2025-11-29 18:15,2025-11-29 19:04
LAB749043,ENC120702,PT10567,CREAT,Creatinine,0.94,mg/dL,0.6,1.3,N,Routine,2025-11-29 17:17,2025-11-29 17:48,2025-11-29 22:15
LAB749044,ENC120703,PT13869,GLU,Glucose,224,mg/dL,70,99,H,Routine,2025-11-29 18:17,2025-11-29 18:47,2025-11-29 20:54
LAB749045,ENC120703,PT13869,CREAT,Creatinine,1.29,mg/dL,0.6,1.3,N,STAT,2025-11-29 17:36,2025-11-29 17:59,2025-11-29 18:33
LAB749046,ENC120703,PT13869,WBC,White Blood Cell Count,6.2,K/uL,4.5,11,N,STAT,2025-11-29 18:40,2025-11-29 18:46,2025-11-29 19:57
LAB749047,ENC120703,PT13869,HGB,Hemoglobin,16.7,g/dL,12,17.5,N,STAT,2025-11-29 18:05,2025-11-29 18:37,2025-11-29 19:49
LAB749048,ENC120704,PT12093,GLU,Glucose,167,mg/dL,70,99,H,Routine,2025-11-29 18:12,2025-11-29 18:43,2025-11-29 21:10
LAB749049,ENC120704,PT12093,CREAT,Creatinine,0.87,mg/dL,0.6,1.3,N,STAT,2025-11-29 18:26,2025-11-29 18:31,2025-11-29 19:42
LAB749050,ENC120705,PT12345,GLU,Glucose,168,mg/dL,70,99,H,STAT,2025-11-29 19:30,2025-11-29 19:48,2025-11-29 20:28
LAB749051,ENC120705,PT12345,CREAT,Creatinine,1.44,mg/dL,0.6,1.3,H,STAT,2025-11-29 19:08,2025-11-29 19:40,2025-11-29 20:24
LAB749052,ENC120707,PT11096,GLU,Glucose,102,mg/dL,70,99,H,STAT,2025-11-29 20:34,2025-11-29 20:49,2025-11-29 21:25
LAB749053,ENC120707,PT11096,CREAT,Creatinine,0.78,mg/dL,0.6,1.3,N,STAT,2025-11-29 19:52,2025-11-29 20:22,2025-11-29 21:12
LAB749054,ENC120707,PT11096,WBC,White Blood Cell Count,5.3,K/uL,4.5,11,N,STAT,2025-11-29 20:24,2025-11-29 20:42,2025-11-29 21:29
LAB749055,ENC120707,PT11096,HGB,Hemoglobin,14.5,g/dL,12,17.5,N,STAT,2025-11-29 20:27,2025-11-29 20:36,2025-11-29 21:34
LAB749056,ENC120707,PT11096,INR,Prothrombin Time INR,1.9,ratio,0.8,1.2,H,STAT,2025-11-29 19:49,2025-11-29 20:05,2025-11-29 21:01
LAB749057,ENC120709,PT13070,GLU,Glucose,93,mg/dL,70,99,N,STAT,2025-11-30 02:59,2025-11-30 03:04,2025-11-30 03:48
LAB749058,ENC120709,PT13070,CREAT,Creatinine,3.05,mg/dL,0.6,1.3,H,STAT,2025-11-30 02:36,2025-11-30 02:52,2025-11-30 03:22
LAB749059,ENC120709,PT13070,WBC,White Blood Cell Count,7.7,K/uL,4.5,11,N,Routine,2025-11-30 02:32,2025-11-30 03:00,2025-11-30 05:46
LAB749060,ENC120709,PT13070,HGB,Hemoglobin,10.8,g/dL,12,17.5,L,Routine,2025-11-30 02:55,2025-11-30 03:01,2025-11-30 08:56
LAB749061,ENC120709,PT13070,NA,Sodium,144,mmol/L,136,145,N,STAT,2025-11-30 02:46,2025-11-30 03:12,2025-11-30 03:51
LAB749062,ENC120709,PT13070,K,Potassium,4.6,mmol/L,3.5,5.1,N,STAT,2025-11-30 01:56,2025-11-30 02:25,2025-11-30 03:25
LAB749063,ENC120710,PT11844,GLU,Glucose,196,mg/dL,70,99,H,Routine,2025-11-30 04:51,2025-11-30 05:24,2025-11-30 08:05
LAB749064,ENC120710,PT11844,CREAT,Creatinine,0.85,mg/dL,0.6,1.3,N,STAT,2025-11-30 04:07,2025-11-30 04:21,2025-11-30 05:05
LAB749065,ENC120710,PT11844,WBC,White Blood Cell Count,8,K/uL,4.5,11,N,STAT,2025-11-30 04:04,2025-11-30 04:31,2025-11-30 05:52
LAB749066,ENC120710,PT11844,HGB,Hemoglobin,13.4,g/dL,12,17.5,N,Routine,2025-11-30 04:59,2025-11-30 05:30,2025-11-30 08:57
LAB749067,ENC120711,PT12563,GLU,Glucose,83,mg/dL,70,99,N,Routine,2025-11-30 07:44,2025-11-30 08:16,2025-11-30 12:14
LAB749068,ENC120711,PT12563,CREAT,Creatinine,0.87,mg/dL,0.6,1.3,N,Routine,2025-11-30 07:57,2025-11-30 08:21,2025-11-30 09:45
LAB749069,ENC120711,PT12563,WBC,White Blood Cell Count,15.5,K/uL,4.5,11,H,STAT,2025-11-30 07:42,2025-11-30 08:07,2025-11-30 08:39
LAB749070,ENC120711,PT12563,HGB,Hemoglobin,15.2,g/dL,12,17.5,N,STAT,2025-11-30 08:06,2025-11-30 08:41,2025-11-30 09:06
LAB749071,ENC120711,PT12563,NA,Sodium,136,mmol/L,136,145,N,Routine,2025-11-30 07:10,2025-11-30 07:38,2025-11-30 09:35
LAB749072,ENC120711,PT12563,K,Potassium,4.5,mmol/L,3.5,5.1,N,STAT,2025-11-30 07:12,2025-11-30 07:38,2025-11-30 08:36
LAB749073,ENC120712,PT10764,GLU,Glucose,98,mg/dL,70,99,N,STAT,2025-11-30 11:52,2025-11-30 12:03,2025-11-30 12:56
LAB749074,ENC120712,PT10764,CREAT,Creatinine,1.05,mg/dL,0.6,1.3,N,Routine,2025-11-30 11:03,2025-11-30 11:37,2025-11-30 15:38
LAB749075,ENC120712,PT10764,WBC,White Blood Cell Count,7.5,K/uL,4.5,11,N,STAT,2025-11-30 10:53,2025-11-30 11:28,2025-11-30 13:43
LAB749076,ENC120712,PT10764,HGB,Hemoglobin,11.6,g/dL,12,17.5,L,STAT,2025-11-30 11:42,2025-11-30 11:47,2025-11-30 12:54
LAB749077,ENC120714,PT13673,GLU,Glucose,124,mg/dL,70,99,H,Routine,2025-11-30 12:39,2025-11-30 12:52,2025-11-30 15:14
LAB749078,ENC120714,PT13673,CREAT,Creatinine,0.35,mg/dL,0.6,1.3,L,STAT,2025-11-30 13:09,2025-11-30 13:43,2025-11-30 14:23
LAB749079,ENC120714,PT13673,WBC,White Blood Cell Count,5.4,K/uL,4.5,11,N,STAT,2025-11-30 12:57,2025-11-30 13:07,2025-11-30 13:28
LAB749080,ENC120714,PT13673,HGB,Hemoglobin,9.5,g/dL,12,17.5,L,STAT,2025-11-30 13:02,2025-11-30 13:22,2025-11-30 13:55
LAB749081,ENC120715,PT13702,GLU,Glucose,82,mg/dL,70,99,N,STAT,2025-11-30 12:48,2025-11-30 13:03,2025-11-30 13:21
LAB749082,ENC120715,PT13702,CREAT,Creatinine,1.22,mg/dL,0.6,1.3,N,STAT,2025-11-30 12:56,2025-11-30 13:27,2025-11-30 14:20
LAB749083,ENC120718,PT12409,GLU,Glucose,111,mg/dL,70,99,H,Routine,2025-11-30 14:48,2025-11-30 15:02,2025-11-30 17:03
LAB749084,ENC120718,PT12409,CREAT,Creatinine,0.88,mg/dL,0.6,1.3,N,Routine,2025-11-30 15:15,2025-11-30 15:48,2025-11-30 19:41
LAB749085,ENC120718,PT12409,WBC,White Blood Cell Count,8.8,K/uL,4.5,11,N,STAT,2025-11-30 15:36,2025-11-30 15:59,2025-11-30 17:08
LAB749086,ENC120719,PT10890,GLU,Glucose,131,mg/dL,70,99,H,Routine,2025-11-30 15:11,2025-11-30 15:21,2025-11-30 17:04
LAB749087,ENC120719,PT10890,CREAT,Creatinine,0.92,mg/dL,0.6,1.3,N,Routine,2025-11-30 15:41,2025-11-30 16:07,2025-11-30 19:40
LAB749088,ENC120719,PT10890,WBC,White Blood Cell Count,1.1,K/uL,4.5,11,L,STAT,2025-11-30 15:02,2025-11-30 15:24,2025-11-30 16:24
LAB749089,ENC120719,PT10890,HGB,Hemoglobin,13.1,g/dL,12,17.5,N,STAT,2025-11-30 15:46,2025-11-30 16:03,2025-11-30 16:52
LAB749090,ENC120719,PT10890,NA,Sodium,139,mmol/L,136,145,N,STAT,2025-11-30 15:28,2025-11-30 16:03,2025-11-30 16:29
LAB749091,ENC120719,PT10890,K,Potassium,3.7,mmol/L,3.5,5.1,N,STAT,2025-11-30 14:46,2025-11-30 15:12,2025-11-30 15:56
LAB749092,ENC120720,PT11311,GLU,Glucose,202,mg/dL,70,99,H,Routine,2025-11-30 17:30,2025-11-30 18:05,2025-11-30 20:14
LAB749093,ENC120720,PT11311,CREAT,Creatinine,0.54,mg/dL,0.6,1.3,L,STAT,2025-11-30 17:45,2025-11-30 17:54,2025-11-30 19:02
LAB749094,ENC120720,PT11311,WBC,White Blood Cell Count,9.2,K/uL,4.5,11,N,STAT,2025-11-30 18:08,2025-11-30 18:13,2025-11-30 18:34
LAB749095,ENC120720,PT11311,HGB,Hemoglobin,12.1,g/dL,12,17.5,N,STAT,2025-11-30 17:32,2025-11-30 18:01,2025-11-30 19:00
LAB749096,ENC120721,PT11361,GLU,Glucose,94,mg/dL,70,99,N,STAT,2025-11-30 16:13,2025-11-30 16:28,2025-11-30 17:27
LAB749097,ENC120721,PT11361,CREAT,Creatinine,1.46,mg/dL,0.6,1.3,H,STAT,2025-11-30 16:30,2025-11-30 17:00,2025-11-30 18:07
LAB749098,ENC120721,PT11361,WBC,White Blood Cell Count,8.1,K/uL,4.5,11,N,STAT,2025-11-30 16:34,2025-11-30 16:54,2025-11-30 17:36
LAB749099,ENC120721,PT11361,HGB,Hemoglobin,9.8,g/dL,12,17.5,L,STAT,2025-11-30 16:08,2025-11-30 16:17,2025-11-30 17:41
LAB749100,ENC120723,PT12928,GLU,Glucose,126,mg/dL,70,99,H,STAT,2025-11-30 17:35,2025-11-30 17:55,2025-11-30 18:47
LAB749101,ENC120723,PT12928,CREAT,Creatinine,1,mg/dL,0.6,1.3,N,STAT,2025-11-30 18:20,2025-11-30 18:33,2025-11-30 19:22
LAB749102,ENC120723,PT12928,WBC,White Blood Cell Count,6.2,K/uL,4.5,11,N,Routine,2025-11-30 17:42,2025-11-30 18:00,2025-12-01 00:02
LAB749103,ENC120723,PT12928,TROP,"Troponin I, High Sensitivity",9,ng/L,0,34,N,STAT,2025-11-30 17:43,2025-11-30 18:08,2025-11-30 18:58
LAB749104,ENC120725,PT13519,GLU,Glucose,111,mg/dL,70,99,H,STAT,2025-11-30 20:20,2025-11-30 20:28,2025-11-30 20:50
LAB749105,ENC120725,PT13519,CREAT,Creatinine,0.9,mg/dL,0.6,1.3,N,STAT,2025-11-30 20:40,2025-11-30 20:59,2025-11-30 21:47
LAB749106,ENC120725,PT13519,WBC,White Blood Cell Count,7.8,K/uL,4.5,11,N,STAT,2025-11-30 19:54,2025-11-30 20:06,2025-11-30 20:59
LAB749107,ENC120725,PT13519,HGB,Hemoglobin,14.9,g/dL,12,17.5,N,STAT,2025-11-30 20:09,2025-11-30 20:26,2025-11-30 20:57
LAB749108,ENC120726,PT10080,GLU,Glucose,97,mg/dL,70,99,N,Routine,2025-11-30 21:43,2025-11-30 22:07,2025-12-01 00:38
LAB749109,ENC120726,PT10080,CREAT,Creatinine,1.16,mg/dL,0.6,1.3,N,STAT,2025-11-30 21:48,2025-11-30 21:59,2025-11-30 22:36
LAB749110,ENC120726,PT10080,WBC,White Blood Cell Count,25.7,K/uL,4.5,11,H,STAT,2025-11-30 22:01,2025-11-30 22:31,2025-11-30 23:17
LAB749111,ENC120726,PT10080,HGB,Hemoglobin,13.7,g/dL,12,17.5,N,STAT,2025-11-30 22:23,2025-11-30 22:38,2025-11-30 23:16
LAB749112,ENC120727,PT12417,GLU,Glucose,198,mg/dL,70,99,H,STAT,2025-11-30 18:52,2025-11-30 19:01,2025-11-30 19:59
LAB749113,ENC120727,PT12417,CREAT,Creatinine,0.73,mg/dL,0.6,1.3,N,Routine,2025-11-30 19:50,2025-11-30 20:19,2025-11-30 23:23
LAB749114,ENC120727,PT12417,WBC,White Blood Cell Count,26.5,K/uL,4.5,11,H,STAT,2025-11-30 19:49,2025-11-30 20:02,2025-11-30 21:17
LAB749115,ENC120727,PT12417,HGB,Hemoglobin,12,g/dL,12,17.5,N,Routine,2025-11-30 19:01,2025-11-30 19:14,2025-11-30 23:22
LAB749116,ENC120727,PT12417,LACT,Lactate,5.9,mmol/L,0.5,2,HH,STAT,2025-11-30 19:46,2025-11-30 20:18,2025-11-30 21:12
LAB749117,ENC120728,PT12502,GLU,Glucose,84,mg/dL,70,99,N,Routine,2025-11-30 19:33,2025-11-30 19:54,2025-12-01 00:06
LAB749118,ENC120728,PT12502,CREAT,Creatinine,3.43,mg/dL,0.6,1.3,H,STAT,2025-11-30 19:53,2025-11-30 20:16,2025-11-30 21:13
LAB749119,ENC120728,PT12502,WBC,White Blood Cell Count,7.8,K/uL,4.5,11,N,STAT,2025-11-30 19:46,2025-11-30 20:02,2025-11-30 20:49
LAB749120,ENC120728,PT12502,HGB,Hemoglobin,11.1,g/dL,12,17.5,L,STAT,2025-11-30 19:47,2025-11-30 19:52,2025-11-30 20:27
LAB749121,ENC120728,PT12502,NA,Sodium,138,mmol/L,136,145,N,Routine,2025-11-30 19:41,2025-11-30 19:53,2025-11-30 23:36
LAB749122,ENC120728,PT12502,K,Potassium,5.8,mmol/L,3.5,5.1,H,STAT,2025-11-30 20:27,2025-11-30 20:32,2025-11-30 20:56
LAB749123,ENC120729,PT13166,GLU,Glucose,79,mg/dL,70,99,N,STAT,2025-11-30 20:12,2025-11-30 20:37,2025-11-30 21:11
LAB749124,ENC120729,PT13166,CREAT,Creatinine,0.81,mg/dL,0.6,1.3,N,STAT,2025-11-30 19:28,2025-11-30 19:34,2025-11-30 20:34
LAB749125,ENC120729,PT13166,WBC,White Blood Cell Count,18.9,K/uL,4.5,11,H,Routine,2025-11-30 19:59,2025-11-30 20:13,2025-11-30 23:53
LAB749126,ENC120729,PT13166,HGB,Hemoglobin,12,g/dL,12,17.5,N,STAT,2025-11-30 20:30,2025-11-30 20:42,2025-11-30 21:10
LAB749127,ENC120730,PT13010,GLU,Glucose,80,mg/dL,70,99,N,Routine,2025-11-30 21:18,2025-11-30 21:35,2025-11-30 22:51
LAB749128,ENC120730,PT13010,CREAT,Creatinine,0.58,mg/dL,0.6,1.3,L,STAT,2025-11-30 21:08,2025-11-30 21:14,2025-11-30 22:07
LAB749129,ENC120732,PT12857,GLU,Glucose,132,mg/dL,70,99,H,STAT,2025-12-01 06:06,2025-12-01 06:41,2025-12-01 07:20
LAB749130,ENC120732,PT12857,CREAT,Creatinine,0.99,mg/dL,0.6,1.3,N,Routine,2025-12-01 06:14,2025-12-01 06:43,2025-12-01 08:29
LAB749131,ENC120732,PT12857,WBC,White Blood Cell Count,10.6,K/uL,4.5,11,N,Routine,2025-12-01 06:07,2025-12-01 06:42,2025-12-01 14:05
LAB749132,ENC120732,PT12857,HGB,Hemoglobin,15.2,g/dL,12,17.5,N,Routine,2025-12-01 06:12,2025-12-01 06:42,2025-12-01 08:24
LAB749133,ENC120732,PT12857,TROP,"Troponin I, High Sensitivity",67,ng/L,0,34,H,STAT,2025-12-01 06:25,2025-12-01 06:49,2025-12-01 07:32
LAB749134,ENC120732,PT12857,BNP,B-Type Natriuretic Peptide,1203,pg/mL,0,100,H,STAT,2025-12-01 06:17,2025-12-01 06:22,2025-12-01 07:25
LAB749135,ENC120733,PT13060,GLU,Glucose,114,mg/dL,70,99,H,STAT,2025-12-01 07:39,2025-12-01 07:50,2025-12-01 08:49
LAB749136,ENC120733,PT13060,CREAT,Creatinine,1.34,mg/dL,0.6,1.3,H,STAT,2025-12-01 07:21,2025-12-01 07:53,2025-12-01 08:19
LAB749137,ENC120733,PT13060,WBC,White Blood Cell Count,9.4,K/uL,4.5,11,N,STAT,2025-12-01 07:23,2025-12-01 07:56,2025-12-01 08:46
LAB749138,ENC120733,PT13060,HGB,Hemoglobin,12.4,g/dL,12,17.5,N,Routine,2025-12-01 07:31,2025-12-01 07:42,2025-12-01 08:50
LAB749139,ENC120734,PT10001,GLU,Glucose,59,mg/dL,70,99,L,STAT,2025-12-01 07:56,2025-12-01 08:08,2025-12-01 09:10
LAB749140,ENC120734,PT10001,CREAT,Creatinine,0.88,mg/dL,0.6,1.3,N,STAT,2025-12-01 07:36,2025-12-01 07:54,2025-12-01 08:37
LAB749141,ENC120734,PT10001,WBC,White Blood Cell Count,16.4,K/uL,4.5,11,H,STAT,2025-12-01 07:57,2025-12-01 08:30,2025-12-01 09:03
LAB749142,ENC120734,PT10001,HGB,Hemoglobin,15.7,g/dL,12,17.5,N,Routine,2025-12-01 08:16,2025-12-01 08:27,2025-12-01 13:27
LAB749143,ENC120736,PT14000,GLU,Glucose,89,mg/dL,70,99,N,STAT,2025-12-01 09:08,2025-12-01 09:21,2025-12-01 10:09
LAB749144,ENC120736,PT14000,CREAT,Creatinine,0.97,mg/dL,0.6,1.3,N,STAT,2025-12-01 08:32,2025-12-01 08:50,2025-12-01 09:19
LAB749145,ENC120737,PT12685,LDL,LDL Cholesterol,154,mg/dL,0,99,H,Routine,2025-12-01 08:38,2025-12-01 08:58,2025-12-02 01:06
LAB749146,ENC120737,PT12685,A1C,Hemoglobin A1c,5.8,%,4,5.6,H,Routine,2025-12-01 08:53,2025-12-01 09:10,2025-12-01 20:26
LAB749147,ENC120739,PT13765,GLU,Glucose,80,mg/dL,70,99,N,Routine,2025-12-01 09:41,2025-12-01 10:09,2025-12-01 13:35
LAB749148,ENC120739,PT13765,CREAT,Creatinine,0.95,mg/dL,0.6,1.3,N,STAT,2025-12-01 09:06,2025-12-01 09:39,2025-12-01 10:21
LAB749149,ENC120739,PT13765,WBC,White Blood Cell Count,7.7,K/uL,4.5,11,N,STAT,2025-12-01 09:48,2025-12-01 10:19,2025-12-01 10:44
LAB749150,ENC120739,PT13765,HGB,Hemoglobin,12.4,g/dL,12,17.5,N,STAT,2025-12-01 09:31,2025-12-01 09:55,2025-12-01 11:14
LAB749151,ENC120740,PT12844,GLU,Glucose,132,mg/dL,70,99,H,STAT,2025-12-01 12:33,2025-12-01 12:40,2025-12-01 13:20
LAB749152,ENC120740,PT12844,CREAT,Creatinine,0.58,mg/dL,0.6,1.3,L,Routine,2025-12-01 11:51,2025-12-01 12:05,2025-12-01 15:27
LAB749153,ENC120740,PT12844,WBC,White Blood Cell Count,11,K/uL,4.5,11,N,Routine,2025-12-01 12:20,2025-12-01 12:51,2025-12-01 20:41
LAB749154,ENC120740,PT12844,HGB,Hemoglobin,13.2,g/dL,12,17.5,N,STAT,2025-12-01 11:34,2025-12-01 12:04,2025-12-01 12:47
LAB749155,ENC120741,PT12833,LDL,LDL Cholesterol,172,mg/dL,0,99,H,Routine,2025-12-01 09:24,2025-12-01 09:38,2025-12-02 10:25
LAB749156,ENC120742,PT12472,GLU,Glucose,118,mg/dL,70,99,H,STAT,2025-12-01 09:43,2025-12-01 09:52,2025-12-01 10:40
LAB749157,ENC120742,PT12472,CREAT,Creatinine,0.86,mg/dL,0.6,1.3,N,Routine,2025-12-01 10:23,2025-12-01 10:55,2025-12-01 12:49
LAB749158,ENC120742,PT12472,WBC,White Blood Cell Count,10.1,K/uL,4.5,11,N,STAT,2025-12-01 10:19,2025-12-01 10:37,2025-12-01 11:43
LAB749159,ENC120742,PT12472,HGB,Hemoglobin,13.3,g/dL,12,17.5,N,Routine,2025-12-01 10:25,2025-12-01 10:31,2025-12-01 13:06
LAB749160,ENC120742,PT12472,INR,Prothrombin Time INR,1.2,ratio,0.8,1.2,N,STAT,2025-12-01 10:26,2025-12-01 10:38,2025-12-01 11:59
LAB749161,ENC120747,PT10433,GLU,Glucose,125,mg/dL,70,99,H,Routine,2025-12-01 11:25,2025-12-01 11:49,2025-12-01 13:31
LAB749162,ENC120747,PT10433,CREAT,Creatinine,1.22,mg/dL,0.6,1.3,N,Routine,2025-12-01 11:22,2025-12-01 11:51,2025-12-01 13:38
LAB749163,ENC120747,PT10433,WBC,White Blood Cell Count,6.3,K/uL,4.5,11,N,Routine,2025-12-01 11:18,2025-12-01 11:36,2025-12-01 20:54
LAB749164,ENC120747,PT10433,HGB,Hemoglobin,13.3,g/dL,12,17.5,N,STAT,2025-12-01 11:07,2025-12-01 11:37,2025-12-01 12:26
LAB749165,ENC120747,PT10433,TROP,"Troponin I, High Sensitivity",4,ng/L,0,34,N,STAT,2025-12-01 11:24,2025-12-01 11:40,2025-12-01 12:35
LAB749166,ENC120749,PT10619,GLU,Glucose,158,mg/dL,70,99,H,STAT,2025-12-01 15:03,2025-12-01 15:17,2025-12-01 15:56
LAB749167,ENC120749,PT10619,CREAT,Creatinine,2.41,mg/dL,0.6,1.3,H,Routine,2025-12-01 14:40,2025-12-01 14:44,2025-12-01 17:00
LAB749168,ENC120749,PT10619,WBC,White Blood Cell Count,20.2,K/uL,4.5,11,H,STAT,2025-12-01 14:42,2025-12-01 14:53,2025-12-01 15:37
LAB749169,ENC120749,PT10619,HGB,Hemoglobin,12.5,g/dL,12,17.5,N,STAT,2025-12-01 15:26,2025-12-01 15:45,2025-12-01 16:05
LAB749170,ENC120749,PT10619,NA,Sodium,142,mmol/L,136,145,N,Routine,2025-12-01 15:47,2025-12-01 16:09,2025-12-01 16:51
LAB749171,ENC120749,PT10619,K,Potassium,3.8,mmol/L,3.5,5.1,N,STAT,2025-12-01 15:16,2025-12-01 15:36,2025-12-01 17:05
LAB749172,ENC120749,PT10619,LACT,Lactate,4.2,mmol/L,0.5,2,HH,STAT,2025-12-01 15:18,2025-12-01 15:44,2025-12-01 16:09
LAB749173,ENC120751,PT12989,GLU,Glucose,149,mg/dL,70,99,H,STAT,2025-12-01 14:54,2025-12-01 15:18,2025-12-01 16:12
LAB749174,ENC120751,PT12989,CREAT,Creatinine,1.19,mg/dL,0.6,1.3,N,Routine,2025-12-01 15:14,2025-12-01 15:43,2025-12-01 18:15
LAB749175,ENC120751,PT12989,WBC,White Blood Cell Count,7.1,K/uL,4.5,11,N,STAT,2025-12-01 15:17,2025-12-01 15:34,2025-12-01 16:14
LAB749176,ENC120751,PT12989,HGB,Hemoglobin,11.9,g/dL,12,17.5,L,STAT,2025-12-01 15:03,2025-12-01 15:35,2025-12-01 16:29
LAB749177,ENC120751,PT12989,NA,Sodium,138,mmol/L,136,145,N,STAT,2025-12-01 14:37,2025-12-01 14:58,2025-12-01 16:05
LAB749178,ENC120751,PT12989,K,Potassium,4.6,mmol/L,3.5,5.1,N,STAT,2025-12-01 14:53,2025-12-01 14:58,2025-12-01 16:01
LAB749179,ENC120754,PT11828,GLU,Glucose,129,mg/dL,70,99,H,STAT,2025-12-01 13:29,2025-12-01 13:38,2025-12-01 14:08
LAB749180,ENC120754,PT11828,CREAT,Creatinine,0.64,mg/dL,0.6,1.3,N,Routine,2025-12-01 13:36,2025-12-01 14:09,2025-12-01 18:12
LAB749181,ENC120754,PT11828,WBC,White Blood Cell Count,10,K/uL,4.5,11,N,STAT,2025-12-01 13:37,2025-12-01 13:49,2025-12-01 14:47
LAB749182,ENC120754,PT11828,TROP,"Troponin I, High Sensitivity",10,ng/L,0,34,N,STAT,2025-12-01 13:42,2025-12-01 14:06,2025-12-01 14:53
LAB749183,ENC120757,PT10373,LDL,LDL Cholesterol,119,mg/dL,0,99,H,Routine,2025-12-01 14:15,2025-12-01 14:42,2025-12-01 23:01
LAB749184,ENC120757,PT10373,A1C,Hemoglobin A1c,5.3,%,4,5.6,N,Routine,2025-12-01 14:15,2025-12-01 14:44,2025-12-02 04:27
LAB749185,ENC120759,PT10120,GLU,Glucose,88,mg/dL,70,99,N,Routine,2025-12-01 14:57,2025-12-01 15:15,2025-12-01 18:05
LAB749186,ENC120759,PT10120,CREAT,Creatinine,1.09,mg/dL,0.6,1.3,N,STAT,2025-12-01 14:59,2025-12-01 15:05,2025-12-01 15:37
LAB749187,ENC120759,PT10120,WBC,White Blood Cell Count,7.6,K/uL,4.5,11,N,STAT,2025-12-01 15:08,2025-12-01 15:29,2025-12-01 16:19
LAB749188,ENC120759,PT10120,HGB,Hemoglobin,14.1,g/dL,12,17.5,N,Routine,2025-12-01 14:36,2025-12-01 15:00,2025-12-01 16:42
LAB749189,ENC120759,PT10120,BUN,Blood Urea Nitrogen,18,mg/dL,7,20,N,STAT,2025-12-01 15:07,2025-12-01 15:16,2025-12-01 15:56
LAB749190,ENC120759,PT10120,PLT,Platelet Count,256,K/uL,150,400,N,STAT,2025-12-01 15:08,2025-12-01 15:38,2025-12-01 16:06
LAB749191,ENC120762,PT12966,LDL,LDL Cholesterol,142,mg/dL,0,99,H,Routine,2025-12-01 15:24,2025-12-01 15:37,2025-12-02 07:53
LAB749192,ENC120762,PT12966,A1C,Hemoglobin A1c,5.6,%,4,5.6,N,Routine,2025-12-01 15:27,2025-12-01 15:37,2025-12-02 01:00
LAB749193,ENC120768,PT13123,WBC,White Blood Cell Count,7.5,K/uL,4.5,11,N,Routine,2025-12-01 16:38,2025-12-01 17:00,2025-12-01 23:12
LAB749194,ENC120768,PT13123,HGB,Hemoglobin,9.1,g/dL,12,17.5,L,Routine,2025-12-01 16:31,2025-12-01 16:56,2025-12-02 01:16
LAB749195,ENC120768,PT13123,PLT,Platelet Count,292,K/uL,150,400,N,Routine,2025-12-01 16:42,2025-12-01 17:17,2025-12-01 18:49
LAB749196,ENC120769,PT11293,GLU,Glucose,53,mg/dL,70,99,L,Routine,2025-12-01 21:18,2025-12-01 21:52,2025-12-02 00:20
LAB749197,ENC120769,PT11293,CREAT,Creatinine,1.04,mg/dL,0.6,1.3,N,Routine,2025-12-01 21:00,2025-12-01 21:16,2025-12-01 23:03
LAB749198,ENC120769,PT11293,WBC,White Blood Cell Count,10.6,K/uL,4.5,11,N,Routine,2025-12-01 20:40,2025-12-01 21:10,2025-12-02 01:00
LAB749199,ENC120769,PT11293,HGB,Hemoglobin,13.4,g/dL,12,17.5,N,STAT,2025-12-01 20:23,2025-12-01 20:51,2025-12-01 21:22
LAB749200,ENC120770,PT11616,GLU,Glucose,86,mg/dL,70,99,N,STAT,2025-12-01 17:01,2025-12-01 17:27,2025-12-01 17:59
LAB749201,ENC120770,PT11616,CREAT,Creatinine,2.11,mg/dL,0.6,1.3,H,Routine,2025-12-01 16:58,2025-12-01 17:07,2025-12-01 18:25
LAB749202,ENC120770,PT11616,WBC,White Blood Cell Count,8.5,K/uL,4.5,11,N,STAT,2025-12-01 16:51,2025-12-01 17:22,2025-12-01 18:03
LAB749203,ENC120770,PT11616,HGB,Hemoglobin,10.2,g/dL,12,17.5,L,STAT,2025-12-01 17:49,2025-12-01 18:18,2025-12-01 18:55
LAB749204,ENC120773,PT10261,GLU,Glucose,98,mg/dL,70,99,N,Routine,2025-12-01 19:03,2025-12-01 19:20,2025-12-01 22:13
LAB749205,ENC120773,PT10261,CREAT,Creatinine,0.44,mg/dL,0.6,1.3,L,STAT,2025-12-01 18:42,2025-12-01 18:48,2025-12-01 19:21
LAB749206,ENC120773,PT10261,WBC,White Blood Cell Count,9.7,K/uL,4.5,11,N,STAT,2025-12-01 19:20,2025-12-01 19:39,2025-12-01 20:25
LAB749207,ENC120773,PT10261,HGB,Hemoglobin,15.3,g/dL,12,17.5,N,STAT,2025-12-01 19:35,2025-12-01 19:42,2025-12-01 20:06
LAB749208,ENC120773,PT10261,NA,Sodium,138,mmol/L,136,145,N,STAT,2025-12-01 19:27,2025-12-01 19:59,2025-12-01 21:33
LAB749209,ENC120773,PT10261,K,Potassium,5,mmol/L,3.5,5.1,N,STAT,2025-12-01 18:35,2025-12-01 19:09,2025-12-01 19:44
LAB749210,ENC120775,PT13714,GLU,Glucose,137,mg/dL,70,99,H,STAT,2025-12-01 20:53,2025-12-01 21:20,2025-12-01 21:59
LAB749211,ENC120775,PT13714,CREAT,Creatinine,1.51,mg/dL,0.6,1.3,H,Routine,2025-12-01 20:32,2025-12-01 21:06,2025-12-01 23:07
LAB749212,ENC120775,PT13714,WBC,White Blood Cell Count,7,K/uL,4.5,11,N,STAT,2025-12-01 20:33,2025-12-01 20:47,2025-12-01 21:36
LAB749213,ENC120775,PT13714,HGB,Hemoglobin,13,g/dL,12,17.5,N,Routine,2025-12-01 20:39,2025-12-01 21:08,2025-12-01 21:48
LAB749214,ENC120776,PT11247,GLU,Glucose,121,mg/dL,70,99,H,STAT,2025-12-02 01:49,2025-12-02 02:02,2025-12-02 02:34
LAB749215,ENC120776,PT11247,CREAT,Creatinine,0.49,mg/dL,0.6,1.3,L,Routine,2025-12-02 01:07,2025-12-02 01:23,2025-12-02 04:26
LAB749216,ENC120776,PT11247,WBC,White Blood Cell Count,21.2,K/uL,4.5,11,H,STAT,2025-12-02 01:28,2025-12-02 01:59,2025-12-02 02:52
LAB749217,ENC120776,PT11247,HGB,Hemoglobin,14.7,g/dL,12,17.5,N,Routine,2025-12-02 01:33,2025-12-02 02:05,2025-12-02 05:01
LAB749218,ENC120779,PT11186,GLU,Glucose,217,mg/dL,70,99,H,STAT,2025-12-02 01:37,2025-12-02 02:08,2025-12-02 02:45
LAB749219,ENC120779,PT11186,CREAT,Creatinine,0.94,mg/dL,0.6,1.3,N,Routine,2025-12-02 01:33,2025-12-02 01:42,2025-12-02 04:24
LAB749220,ENC120779,PT11186,WBC,White Blood Cell Count,7.4,K/uL,4.5,11,N,STAT,2025-12-02 00:50,2025-12-02 00:54,2025-12-02 02:19
LAB749221,ENC120779,PT11186,HGB,Hemoglobin,13,g/dL,12,17.5,N,Routine,2025-12-02 01:41,2025-12-02 01:50,2025-12-02 05:31
LAB749222,ENC120779,PT11186,INR,Prothrombin Time INR,1.1,ratio,0.8,1.2,N,Routine,2025-12-02 00:53,2025-12-02 01:25,2025-12-02 03:44
LAB749223,ENC120780,PT12121,GLU,Glucose,87,mg/dL,70,99,N,STAT,2025-12-02 08:23,2025-12-02 08:42,2025-12-02 09:13
LAB749224,ENC120780,PT12121,CREAT,Creatinine,1.09,mg/dL,0.6,1.3,N,STAT,2025-12-02 08:26,2025-12-02 08:59,2025-12-02 09:55
LAB749225,ENC120780,PT12121,WBC,White Blood Cell Count,18.2,K/uL,4.5,11,H,STAT,2025-12-02 07:56,2025-12-02 08:17,2025-12-02 08:50
LAB749226,ENC120780,PT12121,HGB,Hemoglobin,13.6,g/dL,12,17.5,N,STAT,2025-12-02 08:10,2025-12-02 08:35,2025-12-02 09:04
LAB749227,ENC120781,PT13294,GLU,Glucose,106,mg/dL,70,99,H,Routine,2025-12-02 06:01,2025-12-02 06:13,2025-12-02 08:28
LAB749228,ENC120781,PT13294,CREAT,Creatinine,1.46,mg/dL,0.6,1.3,H,STAT,2025-12-02 05:41,2025-12-02 06:14,2025-12-02 06:50
LAB749229,ENC120781,PT13294,WBC,White Blood Cell Count,9.5,K/uL,4.5,11,N,STAT,2025-12-02 06:31,2025-12-02 06:46,2025-12-02 07:29
LAB749230,ENC120782,PT13493,GLU,Glucose,113,mg/dL,70,99,H,STAT,2025-12-02 06:17,2025-12-02 06:40,2025-12-02 07:34
LAB749231,ENC120782,PT13493,CREAT,Creatinine,0.86,mg/dL,0.6,1.3,N,STAT,2025-12-02 06:00,2025-12-02 06:33,2025-12-02 06:57
LAB749232,ENC120782,PT13493,WBC,White Blood Cell Count,8.6,K/uL,4.5,11,N,Routine,2025-12-02 07:03,2025-12-02 07:33,2025-12-02 10:33
LAB749233,ENC120782,PT13493,HGB,Hemoglobin,11.3,g/dL,12,17.5,L,Routine,2025-12-02 06:14,2025-12-02 06:21,2025-12-02 11:23
LAB749234,ENC120783,PT13311,GLU,Glucose,134,mg/dL,70,99,H,Routine,2025-12-02 08:17,2025-12-02 08:52,2025-12-02 09:50
LAB749235,ENC120783,PT13311,CREAT,Creatinine,1.07,mg/dL,0.6,1.3,N,STAT,2025-12-02 07:57,2025-12-02 08:01,2025-12-02 08:41
LAB749236,ENC120783,PT13311,WBC,White Blood Cell Count,6.2,K/uL,4.5,11,N,STAT,2025-12-02 08:56,2025-12-02 09:13,2025-12-02 09:52
LAB749237,ENC120783,PT13311,HGB,Hemoglobin,14.2,g/dL,12,17.5,N,Routine,2025-12-02 08:56,2025-12-02 09:13,2025-12-02 11:03
LAB749238,ENC120783,PT13311,NA,Sodium,140,mmol/L,136,145,N,Routine,2025-12-02 07:57,2025-12-02 08:17,2025-12-02 11:23
LAB749239,ENC120783,PT13311,K,Potassium,4,mmol/L,3.5,5.1,N,STAT,2025-12-02 08:07,2025-12-02 08:23,2025-12-02 09:17
LAB749240,ENC120785,PT10969,GLU,Glucose,93,mg/dL,70,99,N,Routine,2025-12-02 11:53,2025-12-02 12:20,2025-12-02 15:16
LAB749241,ENC120785,PT10969,CREAT,Creatinine,3.38,mg/dL,0.6,1.3,H,Routine,2025-12-02 11:18,2025-12-02 11:26,2025-12-02 15:42
LAB749242,ENC120785,PT10969,WBC,White Blood Cell Count,7.8,K/uL,4.5,11,N,STAT,2025-12-02 11:05,2025-12-02 11:23,2025-12-02 11:43
LAB749243,ENC120785,PT10969,HGB,Hemoglobin,10.5,g/dL,12,17.5,L,STAT,2025-12-02 11:36,2025-12-02 11:43,2025-12-02 12:19
LAB749244,ENC120785,PT10969,NA,Sodium,136,mmol/L,136,145,N,Routine,2025-12-02 11:58,2025-12-02 12:17,2025-12-02 16:01
LAB749245,ENC120785,PT10969,K,Potassium,5.3,mmol/L,3.5,5.1,H,STAT,2025-12-02 11:04,2025-12-02 11:14,2025-12-02 12:03
LAB749246,ENC120787,PT13189,A1C,Hemoglobin A1c,6.2,%,4,5.6,H,Routine,2025-12-02 08:39,2025-12-02 08:47,2025-12-02 20:00
LAB749247,ENC120787,PT13189,GLU,Glucose,151,mg/dL,70,99,H,Routine,2025-12-02 08:37,2025-12-02 09:05,2025-12-02 11:58
LAB749248,ENC120787,PT13189,CREAT,Creatinine,0.7,mg/dL,0.6,1.3,N,Routine,2025-12-02 08:53,2025-12-02 09:28,2025-12-02 17:15
LAB749249,ENC120789,PT10435,WBC,White Blood Cell Count,8.5,K/uL,4.5,11,N,Routine,2025-12-02 09:57,2025-12-02 10:01,2025-12-02 13:33
LAB749250,ENC120789,PT10435,HGB,Hemoglobin,14.5,g/dL,12,17.5,N,Routine,2025-12-02 09:47,2025-12-02 10:01,2025-12-02 15:15
LAB749251,ENC120789,PT10435,PLT,Platelet Count,341,K/uL,150,400,N,Routine,2025-12-02 09:53,2025-12-02 10:11,2025-12-02 11:48
LAB749252,ENC120790,PT12553,GLU,Glucose,115,mg/dL,70,99,H,STAT,2025-12-02 14:26,2025-12-02 14:33,2025-12-02 15:22
LAB749253,ENC120790,PT12553,CREAT,Creatinine,2.47,mg/dL,0.6,1.3,H,Routine,2025-12-02 14:29,2025-12-02 14:50,2025-12-02 17:04
LAB749254,ENC120790,PT12553,WBC,White Blood Cell Count,5.6,K/uL,4.5,11,N,STAT,2025-12-02 14:32,2025-12-02 14:58,2025-12-02 15:47
LAB749255,ENC120790,PT12553,HGB,Hemoglobin,10.7,g/dL,12,17.5,L,STAT,2025-12-02 14:52,2025-12-02 15:22,2025-12-02 18:57
LAB749256,ENC120790,PT12553,TROP,"Troponin I, High Sensitivity",4,ng/L,0,34,N,STAT,2025-12-02 14:49,2025-12-02 15:04,2025-12-02 16:03
LAB749257,ENC120793,PT10982,GLU,Glucose,144,mg/dL,70,99,H,Routine,2025-12-02 14:12,2025-12-02 14:44,2025-12-02 20:16
LAB749258,ENC120793,PT10982,CREAT,Creatinine,0.89,mg/dL,0.6,1.3,N,STAT,2025-12-02 13:26,2025-12-02 13:54,2025-12-02 14:49
LAB749259,ENC120793,PT10982,WBC,White Blood Cell Count,7.8,K/uL,4.5,11,N,Routine,2025-12-02 13:57,2025-12-02 14:30,2025-12-02 16:51
LAB749260,ENC120793,PT10982,HGB,Hemoglobin,13.3,g/dL,12,17.5,N,STAT,2025-12-02 13:41,2025-12-02 14:04,2025-12-02 14:58
LAB749261,ENC120793,PT10982,INR,Prothrombin Time INR,1.1,ratio,0.8,1.2,N,Routine,2025-12-02 14:05,2025-12-02 14:13,2025-12-02 15:45
LAB749262,ENC120798,PT10243,GLU,Glucose,389,mg/dL,70,99,H,Routine,2025-12-02 15:53,2025-12-02 16:04,2025-12-02 19:09
LAB749263,ENC120798,PT10243,CREAT,Creatinine,1.23,mg/dL,0.6,1.3,N,STAT,2025-12-02 15:38,2025-12-02 16:10,2025-12-02 17:11
LAB749264,ENC120798,PT10243,WBC,White Blood Cell Count,6.3,K/uL,4.5,11,N,STAT,2025-12-02 15:59,2025-12-02 16:12,2025-12-02 17:00
LAB749265,ENC120798,PT10243,HGB,Hemoglobin,14.3,g/dL,12,17.5,N,STAT,2025-12-02 15:41,2025-12-02 15:52,2025-12-02 16:44
LAB749266,ENC120798,PT10243,NA,Sodium,138,mmol/L,136,145,N,Routine,2025-12-02 15:31,2025-12-02 16:04,2025-12-02 18:58
LAB749267,ENC120798,PT10243,K,Potassium,3.9,mmol/L,3.5,5.1,N,STAT,2025-12-02 15:49,2025-12-02 15:56,2025-12-02 16:39
LAB749268,ENC120798,PT10243,A1C,Hemoglobin A1c,11.6,%,4,5.6,H,Routine,2025-12-02 16:00,2025-12-02 16:07,2025-12-03 17:30
LAB749269,ENC120803,PT13440,A1C,Hemoglobin A1c,9.2,%,4,5.6,H,Routine,2025-12-02 13:43,2025-12-02 14:04,2025-12-03 05:25
LAB749270,ENC120803,PT13440,GLU,Glucose,290,mg/dL,70,99,H,Routine,2025-12-02 13:35,2025-12-02 13:41,2025-12-02 16:28
LAB749271,ENC120803,PT13440,CREAT,Creatinine,0.85,mg/dL,0.6,1.3,N,Routine,2025-12-02 13:47,2025-12-02 13:55,2025-12-02 17:26
LAB749272,ENC120804,PT12744,GLU,Glucose,118,mg/dL,70,99,H,STAT,2025-12-02 16:43,2025-12-02 17:01,2025-12-02 17:32
LAB749273,ENC120804,PT12744,CREAT,Creatinine,0.69,mg/dL,0.6,1.3,N,Routine,2025-12-02 17:26,2025-12-02 17:35,2025-12-02 19:22
LAB749274,ENC120804,PT12744,WBC,White Blood Cell Count,15.5,K/uL,4.5,11,H,STAT,2025-12-02 16:24,2025-12-02 16:35,2025-12-02 17:07
LAB749275,ENC120804,PT12744,HGB,Hemoglobin,10.3,g/dL,12,17.5,L,Routine,2025-12-02 16:57,2025-12-02 17:07,2025-12-02 19:06
LAB749276,ENC120804,PT12744,NA,Sodium,137,mmol/L,136,145,N,STAT,2025-12-02 17:25,2025-12-02 17:47,2025-12-02 18:47
LAB749277,ENC120804,PT12744,K,Potassium,3.9,mmol/L,3.5,5.1,N,STAT,2025-12-02 16:32,2025-12-02 17:00,2025-12-02 17:39
LAB749278,ENC120807,PT13488,LDL,LDL Cholesterol,149,mg/dL,0,99,H,Routine,2025-12-02 14:52,2025-12-02 15:19,2025-12-03 04:21
LAB749279,ENC120807,PT13488,A1C,Hemoglobin A1c,7.6,%,4,5.6,H,Routine,2025-12-02 14:42,2025-12-02 14:49,2025-12-02 23:35
LAB749280,ENC120808,PT11256,GLU,Glucose,98,mg/dL,70,99,N,STAT,2025-12-02 15:28,2025-12-02 15:45,2025-12-02 17:05
LAB749281,ENC120808,PT11256,CREAT,Creatinine,1.27,mg/dL,0.6,1.3,N,STAT,2025-12-02 14:53,2025-12-02 15:18,2025-12-02 16:10
LAB749282,ENC120809,PT11977,A1C,Hemoglobin A1c,8.5,%,4,5.6,H,Routine,2025-12-02 15:13,2025-12-02 15:31,2025-12-03 16:19
LAB749283,ENC120809,PT11977,GLU,Glucose,197,mg/dL,70,99,H,Routine,2025-12-02 15:04,2025-12-02 15:12,2025-12-02 18:07
LAB749284,ENC120809,PT11977,CREAT,Creatinine,0.86,mg/dL,0.6,1.3,N,Routine,2025-12-02 15:03,2025-12-02 15:30,2025-12-02 17:35
LAB749285,ENC120814,PT10141,GLU,Glucose,100,mg/dL,70,99,H,STAT,2025-12-02 21:19,2025-12-02 21:30,2025-12-02 22:29
LAB749286,ENC120814,PT10141,CREAT,Creatinine,0.79,mg/dL,0.6,1.3,N,STAT,2025-12-02 20:28,2025-12-02 20:45,2025-12-02 21:15
LAB749287,ENC120814,PT10141,WBC,White Blood Cell Count,8.8,K/uL,4.5,11,N,Routine,2025-12-02 20:37,2025-12-02 20:46,2025-12-03 01:47
LAB749288,ENC120814,PT10141,HGB,Hemoglobin,11.4,g/dL,12,17.5,L,STAT,2025-12-02 20:35,2025-12-02 20:56,2025-12-02 21:37
LAB749289,ENC120814,PT10141,NA,Sodium,125,mmol/L,136,145,L,STAT,2025-12-02 21:05,2025-12-02 21:34,2025-12-02 22:08
LAB749290,ENC120814,PT10141,K,Potassium,4,mmol/L,3.5,5.1,N,STAT,2025-12-02 20:13,2025-12-02 20:41,2025-12-02 22:48
LAB749291,ENC120814,PT10141,BUN,Blood Urea Nitrogen,19,mg/dL,7,20,N,STAT,2025-12-02 21:22,2025-12-02 21:34,2025-12-02 22:09
LAB749292,ENC120814,PT10141,PLT,Platelet Count,243,K/uL,150,400,N,STAT,2025-12-02 21:13,2025-12-02 21:19,2025-12-02 21:54
LAB749293,ENC120815,PT10460,GLU,Glucose,97,mg/dL,70,99,N,Routine,2025-12-02 17:18,2025-12-02 17:49,2025-12-02 21:12
LAB749294,ENC120815,PT10460,CREAT,Creatinine,1.36,mg/dL,0.6,1.3,H,Routine,2025-12-02 16:41,2025-12-02 16:49,2025-12-02 21:34
LAB749295,ENC120815,PT10460,WBC,White Blood Cell Count,7.3,K/uL,4.5,11,N,Routine,2025-12-02 16:47,2025-12-02 17:19,2025-12-02 19:19
LAB749296,ENC120815,PT10460,HGB,Hemoglobin,12.1,g/dL,12,17.5,N,STAT,2025-12-02 17:22,2025-12-02 17:32,2025-12-02 17:57
LAB749297,ENC120816,PT13599,GLU,Glucose,123,mg/dL,70,99,H,Routine,2025-12-02 16:49,2025-12-02 17:09,2025-12-02 23:43
LAB749298,ENC120816,PT13599,CREAT,Creatinine,1.02,mg/dL,0.6,1.3,N,STAT,2025-12-02 16:59,2025-12-02 17:34,2025-12-02 18:55
LAB749299,ENC120816,PT13599,WBC,White Blood Cell Count,4.6,K/uL,4.5,11,N,STAT,2025-12-02 16:54,2025-12-02 17:10,2025-12-02 17:52
LAB749300,ENC120818,PT13677,GLU,Glucose,111,mg/dL,70,99,H,Routine,2025-12-02 21:20,2025-12-02 21:30,2025-12-03 00:25
LAB749301,ENC120818,PT13677,CREAT,Creatinine,1.53,mg/dL,0.6,1.3,H,Routine,2025-12-02 20:20,2025-12-02 20:33,2025-12-02 23:54
LAB749302,ENC120818,PT13677,WBC,White Blood Cell Count,12.4,K/uL,4.5,11,H,STAT,2025-12-02 21:18,2025-12-02 21:34,2025-12-02 22:52
LAB749303,ENC120818,PT13677,HGB,Hemoglobin,13.7,g/dL,12,17.5,N,STAT,2025-12-02 21:20,2025-12-02 21:31,2025-12-02 22:27
LAB749304,ENC120820,PT10452,GLU,Glucose,215,mg/dL,70,99,H,STAT,2025-12-02 23:44,2025-12-02 23:54,2025-12-03 00:17
LAB749305,ENC120820,PT10452,CREAT,Creatinine,2.73,mg/dL,0.6,1.3,H,Routine,2025-12-02 22:56,2025-12-02 23:08,2025-12-03 02:33
LAB749306,ENC120820,PT10452,WBC,White Blood Cell Count,5.8,K/uL,4.5,11,N,STAT,2025-12-02 23:44,2025-12-03 00:05,2025-12-03 00:55
LAB749307,ENC120820,PT10452,HGB,Hemoglobin,10.2,g/dL,12,17.5,L,Routine,2025-12-02 23:50,2025-12-03 00:08,2025-12-03 02:49
LAB749308,ENC120820,PT10452,NA,Sodium,140,mmol/L,136,145,N,Routine,2025-12-02 23:28,2025-12-02 23:46,2025-12-03 02:24
LAB749309,ENC120820,PT10452,K,Potassium,3.9,mmol/L,3.5,5.1,N,STAT,2025-12-02 22:58,2025-12-02 23:14,2025-12-03 00:33
LAB749310,ENC120820,PT10452,BUN,Blood Urea Nitrogen,20,mg/dL,7,20,N,STAT,2025-12-02 23:05,2025-12-02 23:09,2025-12-02 23:58
LAB749311,ENC120820,PT10452,PLT,Platelet Count,261,K/uL,150,400,N,STAT,2025-12-02 23:52,2025-12-02 23:58,2025-12-03 00:45
LAB749312,ENC120822,PT10419,GLU,Glucose,171,mg/dL,70,99,H,Routine,2025-12-03 01:13,2025-12-03 01:25,2025-12-03 03:49
LAB749313,ENC120822,PT10419,CREAT,Creatinine,0.83,mg/dL,0.6,1.3,N,Routine,2025-12-03 01:21,2025-12-03 01:31,2025-12-03 03:13
LAB749314,ENC120822,PT10419,WBC,White Blood Cell Count,9.8,K/uL,4.5,11,N,Routine,2025-12-03 01:12,2025-12-03 01:20,2025-12-03 05:04
LAB749315,ENC120822,PT10419,HGB,Hemoglobin,12.7,g/dL,12,17.5,N,STAT,2025-12-03 01:17,2025-12-03 01:48,2025-12-03 02:21
LAB749316,ENC120822,PT10419,NA,Sodium,140,mmol/L,136,145,N,Routine,2025-12-03 01:31,2025-12-03 01:45,2025-12-03 04:50
LAB749317,ENC120822,PT10419,K,Potassium,4.1,mmol/L,3.5,5.1,N,STAT,2025-12-03 01:06,2025-12-03 01:24,2025-12-03 02:14
LAB749318,ENC120822,PT10419,LACT,Lactate,2.7,mmol/L,0.5,2,H,STAT,2025-12-03 00:56,2025-12-03 01:05,2025-12-03 01:56
LAB749319,ENC120823,PT10523,GLU,Glucose,72,mg/dL,70,99,N,STAT,2025-12-03 01:03,2025-12-03 01:37,2025-12-03 02:40
LAB749320,ENC120823,PT10523,CREAT,Creatinine,1.38,mg/dL,0.6,1.3,H,Routine,2025-12-03 00:12,2025-12-03 00:46,2025-12-03 02:11
LAB749321,ENC120824,PT12665,GLU,Glucose,136,mg/dL,70,99,H,Routine,2025-12-03 01:27,2025-12-03 01:48,2025-12-03 03:41
LAB749322,ENC120824,PT12665,CREAT,Creatinine,0.87,mg/dL,0.6,1.3,N,STAT,2025-12-03 02:30,2025-12-03 02:47,2025-12-03 03:34
LAB749323,ENC120824,PT12665,WBC,White Blood Cell Count,7.3,K/uL,4.5,11,N,STAT,2025-12-03 01:50,2025-12-03 02:18,2025-12-03 02:49
LAB749324,ENC120824,PT12665,HGB,Hemoglobin,12.4,g/dL,12,17.5,N,STAT,2025-12-03 01:31,2025-12-03 01:58,2025-12-03 02:39
LAB749325,ENC120824,PT12665,NA,Sodium,137,mmol/L,136,145,N,Routine,2025-12-03 02:23,2025-12-03 02:31,2025-12-03 06:33
LAB749326,ENC120824,PT12665,K,Potassium,4,mmol/L,3.5,5.1,N,STAT,2025-12-03 02:31,2025-12-03 02:44,2025-12-03 03:28
LAB749327,ENC120825,PT10788,GLU,Glucose,124,mg/dL,70,99,H,STAT,2025-12-03 06:52,2025-12-03 07:15,2025-12-03 08:03
LAB749328,ENC120825,PT10788,CREAT,Creatinine,1.07,mg/dL,0.6,1.3,N,Routine,2025-12-03 06:45,2025-12-03 06:49,2025-12-03 11:36
LAB749329,ENC120825,PT10788,WBC,White Blood Cell Count,11.1,K/uL,4.5,11,H,Routine,2025-12-03 07:31,2025-12-03 07:46,2025-12-03 10:32
LAB749330,ENC120825,PT10788,HGB,Hemoglobin,17.5,g/dL,12,17.5,N,STAT,2025-12-03 06:39,2025-12-03 06:56,2025-12-03 07:46
LAB749331,ENC120826,PT10268,GLU,Glucose,80,mg/dL,70,99,N,STAT,2025-12-03 07:57,2025-12-03 08:11,2025-12-03 08:37
LAB749332,ENC120826,PT10268,CREAT,Creatinine,0.98,mg/dL,0.6,1.3,N,Routine,2025-12-03 07:27,2025-12-03 08:00,2025-12-03 10:38
LAB749333,ENC120826,PT10268,WBC,White Blood Cell Count,15.7,K/uL,4.5,11,H,STAT,2025-12-03 07:53,2025-12-03 08:07,2025-12-03 08:39
LAB749334,ENC120826,PT10268,HGB,Hemoglobin,14.5,g/dL,12,17.5,N,Routine,2025-12-03 07:56,2025-12-03 08:08,2025-12-03 14:24
LAB749335,ENC120827,PT12785,GLU,Glucose,135,mg/dL,70,99,H,Routine,2025-12-03 07:33,2025-12-03 07:50,2025-12-03 13:05
LAB749336,ENC120827,PT12785,CREAT,Creatinine,1.25,mg/dL,0.6,1.3,N,Routine,2025-12-03 07:27,2025-12-03 08:02,2025-12-03 12:23
LAB749337,ENC120827,PT12785,WBC,White Blood Cell Count,8.2,K/uL,4.5,11,N,STAT,2025-12-03 08:06,2025-12-03 08:22,2025-12-03 09:20
LAB749338,ENC120827,PT12785,HGB,Hemoglobin,15.7,g/dL,12,17.5,N,STAT,2025-12-03 07:33,2025-12-03 07:38,2025-12-03 08:44
LAB749339,ENC120828,PT10884,GLU,Glucose,97,mg/dL,70,99,N,Routine,2025-12-03 08:10,2025-12-03 08:45,2025-12-03 16:51
LAB749340,ENC120828,PT10884,CREAT,Creatinine,0.84,mg/dL,0.6,1.3,N,STAT,2025-12-03 08:37,2025-12-03 09:00,2025-12-03 10:11
LAB749341,ENC120828,PT10884,WBC,White Blood Cell Count,7.4,K/uL,4.5,11,N,Routine,2025-12-03 07:53,2025-12-03 08:18,2025-12-03 11:28
LAB749342,ENC120828,PT10884,HGB,Hemoglobin,13.2,g/dL,12,17.5,N,STAT,2025-12-03 08:12,2025-12-03 08:24,2025-12-03 09:06
LAB749343,ENC120830,PT10918,LDL,LDL Cholesterol,58,mg/dL,0,99,N,Routine,2025-12-03 08:23,2025-12-03 08:31,2025-12-03 19:02
LAB749344,ENC120830,PT10918,A1C,Hemoglobin A1c,5.3,%,4,5.6,N,Routine,2025-12-03 08:24,2025-12-03 08:55,2025-12-03 14:12
LAB749345,ENC120832,PT13632,GLU,Glucose,114,mg/dL,70,99,H,Routine,2025-12-03 15:04,2025-12-03 15:33,2025-12-03 20:36
LAB749346,ENC120832,PT13632,CREAT,Creatinine,1.05,mg/dL,0.6,1.3,N,STAT,2025-12-03 15:19,2025-12-03 15:41,2025-12-03 16:11
LAB749347,ENC120832,PT13632,WBC,White Blood Cell Count,15.6,K/uL,4.5,11,H,Routine,2025-12-03 15:03,2025-12-03 15:14,2025-12-03 17:40
LAB749348,ENC120832,PT13632,HGB,Hemoglobin,10.8,g/dL,12,17.5,L,Routine,2025-12-03 15:10,2025-12-03 15:24,2025-12-03 18:58
LAB749349,ENC120832,PT13632,NA,Sodium,137,mmol/L,136,145,N,STAT,2025-12-03 15:37,2025-12-03 16:05,2025-12-03 17:21
LAB749350,ENC120832,PT13632,K,Potassium,4.2,mmol/L,3.5,5.1,N,STAT,2025-12-03 15:18,2025-12-03 15:25,2025-12-03 16:02
LAB749351,ENC120833,PT10404,GLU,Glucose,155,mg/dL,70,99,H,Routine,2025-12-03 10:31,2025-12-03 10:44,2025-12-03 14:18
LAB749352,ENC120833,PT10404,CREAT,Creatinine,1.23,mg/dL,0.6,1.3,N,Routine,2025-12-03 10:24,2025-12-03 10:36,2025-12-03 13:17
LAB749353,ENC120833,PT10404,WBC,White Blood Cell Count,7.1,K/uL,4.5,11,N,STAT,2025-12-03 10:50,2025-12-03 11:07,2025-12-03 11:38
LAB749354,ENC120833,PT10404,HGB,Hemoglobin,14.9,g/dL,12,17.5,N,Routine,2025-12-03 10:27,2025-12-03 10:40,2025-12-03 16:27
LAB749355,ENC120833,PT10404,NA,Sodium,143,mmol/L,136,145,N,Routine,2025-12-03 11:06,2025-12-03 11:11,2025-12-03 14:08
LAB749356,ENC120833,PT10404,K,Potassium,4.4,mmol/L,3.5,5.1,N,STAT,2025-12-03 11:17,2025-12-03 11:22,2025-12-03 12:04
LAB749357,ENC120833,PT10404,TROP,"Troponin I, High Sensitivity",173,ng/L,0,34,H,STAT,2025-12-03 10:20,2025-12-03 10:49,2025-12-03 11:58
LAB749358,ENC120834,PT13465,GLU,Glucose,106,mg/dL,70,99,H,STAT,2025-12-03 14:27,2025-12-03 14:38,2025-12-03 15:30
LAB749359,ENC120834,PT13465,CREAT,Creatinine,2.42,mg/dL,0.6,1.3,H,Routine,2025-12-03 14:18,2025-12-03 14:42,2025-12-03 16:31
LAB749360,ENC120834,PT13465,WBC,White Blood Cell Count,5.6,K/uL,4.5,11,N,Routine,2025-12-03 15:07,2025-12-03 15:32,2025-12-03 17:12
LAB749361,ENC120834,PT13465,HGB,Hemoglobin,8.1,g/dL,12,17.5,L,STAT,2025-12-03 14:58,2025-12-03 15:16,2025-12-03 16:54
LAB749362,ENC120834,PT13465,NA,Sodium,124,mmol/L,136,145,L,STAT,2025-12-03 14:45,2025-12-03 15:08,2025-12-03 15:40
LAB749363,ENC120834,PT13465,K,Potassium,4.2,mmol/L,3.5,5.1,N,STAT,2025-12-03 14:47,2025-12-03 15:11,2025-12-03 15:40
LAB749364,ENC120834,PT13465,BUN,Blood Urea Nitrogen,16,mg/dL,7,20,N,STAT,2025-12-03 15:00,2025-12-03 15:35,2025-12-03 17:02
LAB749365,ENC120834,PT13465,PLT,Platelet Count,330,K/uL,150,400,N,STAT,2025-12-03 14:33,2025-12-03 14:59,2025-12-03 15:57
LAB749366,ENC120836,PT10385,A1C,Hemoglobin A1c,5.4,%,4,5.6,N,Routine,2025-12-03 10:45,2025-12-03 11:20,2025-12-03 23:08
LAB749367,ENC120836,PT10385,GLU,Glucose,120,mg/dL,70,99,H,Routine,2025-12-03 10:36,2025-12-03 10:46,2025-12-03 14:49
LAB749368,ENC120836,PT10385,CREAT,Creatinine,0.96,mg/dL,0.6,1.3,N,Routine,2025-12-03 10:35,2025-12-03 11:08,2025-12-03 12:24
LAB749369,ENC120838,PT13672,GLU,Glucose,119,mg/dL,70,99,H,STAT,2025-12-03 15:25,2025-12-03 15:54,2025-12-03 16:48
LAB749370,ENC120838,PT13672,CREAT,Creatinine,1.3,mg/dL,0.6,1.3,N,STAT,2025-12-03 15:37,2025-12-03 15:54,2025-12-03 16:48
LAB749371,ENC120838,PT13672,WBC,White Blood Cell Count,6,K/uL,4.5,11,N,STAT,2025-12-03 15:28,2025-12-03 15:38,2025-12-03 15:59
LAB749372,ENC120838,PT13672,HGB,Hemoglobin,12.4,g/dL,12,17.5,N,STAT,2025-12-03 15:54,2025-12-03 16:02,2025-12-03 16:31
LAB749373,ENC120840,PT10961,GLU,Glucose,70,mg/dL,70,99,N,STAT,2025-12-03 12:15,2025-12-03 12:21,2025-12-03 12:55
LAB749374,ENC120840,PT10961,CREAT,Creatinine,0.51,mg/dL,0.6,1.3,L,STAT,2025-12-03 12:05,2025-12-03 12:15,2025-12-03 13:30
LAB749375,ENC120840,PT10961,WBC,White Blood Cell Count,7,K/uL,4.5,11,N,STAT,2025-12-03 12:04,2025-12-03 12:12,2025-12-03 13:32
LAB749376,ENC120841,PT12333,GLU,Glucose,141,mg/dL,70,99,H,Routine,2025-12-03 15:06,2025-12-03 15:27,2025-12-03 17:08
LAB749377,ENC120841,PT12333,CREAT,Creatinine,1.68,mg/dL,0.6,1.3,H,STAT,2025-12-03 15:12,2025-12-03 15:17,2025-12-03 16:13
LAB749378,ENC120841,PT12333,WBC,White Blood Cell Count,6.7,K/uL,4.5,11,N,STAT,2025-12-03 15:23,2025-12-03 15:39,2025-12-03 17:08
LAB749379,ENC120841,PT12333,HGB,Hemoglobin,10,g/dL,12,17.5,L,STAT,2025-12-03 14:49,2025-12-03 15:00,2025-12-03 16:09
LAB749380,ENC120841,PT12333,NA,Sodium,137,mmol/L,136,145,N,Routine,2025-12-03 14:58,2025-12-03 15:12,2025-12-03 18:00
LAB749381,ENC120841,PT12333,K,Potassium,4.5,mmol/L,3.5,5.1,N,STAT,2025-12-03 15:23,2025-12-03 15:48,2025-12-03 16:33
LAB749382,ENC120841,PT12333,TROP,"Troponin I, High Sensitivity",263,ng/L,0,34,H,STAT,2025-12-03 15:21,2025-12-03 15:44,2025-12-03 17:09
LAB749383,ENC120842,PT13763,GLU,Glucose,113,mg/dL,70,99,H,Routine,2025-12-03 12:28,2025-12-03 12:33,2025-12-03 14:56
LAB749384,ENC120842,PT13763,CREAT,Creatinine,0.84,mg/dL,0.6,1.3,N,STAT,2025-12-03 11:48,2025-12-03 12:10,2025-12-03 12:40
LAB749385,ENC120842,PT13763,WBC,White Blood Cell Count,6.8,K/uL,4.5,11,N,STAT,2025-12-03 12:42,2025-12-03 13:11,2025-12-03 14:16
LAB749386,ENC120842,PT13763,HGB,Hemoglobin,13.1,g/dL,12,17.5,N,STAT,2025-12-03 11:43,2025-12-03 11:55,2025-12-03 13:06
LAB749387,ENC120843,PT11548,A1C,Hemoglobin A1c,5,%,4,5.6,N,Routine,2025-12-03 12:05,2025-12-03 12:12,2025-12-04 05:18
LAB749388,ENC120844,PT12113,LDL,LDL Cholesterol,124,mg/dL,0,99,H,Routine,2025-12-03 12:45,2025-12-03 13:06,2025-12-04 14:08
LAB749389,ENC120844,PT12113,A1C,Hemoglobin A1c,8.5,%,4,5.6,H,Routine,2025-12-03 12:26,2025-12-03 12:41,2025-12-04 05:58
LAB749390,ENC120848,PT11156,GLU,Glucose,100,mg/dL,70,99,H,STAT,2025-12-03 17:48,2025-12-03 17:57,2025-12-03 18:31
LAB749391,ENC120848,PT11156,CREAT,Creatinine,1,mg/dL,0.6,1.3,N,STAT,2025-12-03 17:16,2025-12-03 17:50,2025-12-03 18:15
LAB749392,ENC120848,PT11156,WBC,White Blood Cell Count,14.6,K/uL,4.5,11,H,Routine,2025-12-03 17:31,2025-12-03 18:02,2025-12-03 20:33
LAB749393,ENC120848,PT11156,HGB,Hemoglobin,16.3,g/dL,12,17.5,N,Routine,2025-12-03 17:58,2025-12-03 18:02,2025-12-03 19:36
LAB749394,ENC120848,PT11156,NA,Sodium,140,mmol/L,136,145,N,Routine,2025-12-03 17:56,2025-12-03 18:10,2025-12-03 19:27
LAB749395,ENC120848,PT11156,K,Potassium,4.6,mmol/L,3.5,5.1,N,STAT,2025-12-03 16:57,2025-12-03 17:16,2025-12-03 20:03
LAB749396,ENC120848,PT11156,BUN,Blood Urea Nitrogen,17,mg/dL,7,20,N,STAT,2025-12-03 17:08,2025-12-03 17:25,2025-12-03 18:36
LAB749397,ENC120848,PT11156,PLT,Platelet Count,244,K/uL,150,400,N,Routine,2025-12-03 17:06,2025-12-03 17:27,2025-12-03 19:23
LAB749398,ENC120849,PT10668,GLU,Glucose,115,mg/dL,70,99,H,Routine,2025-12-03 18:14,2025-12-03 18:21,2025-12-03 21:23
LAB749399,ENC120849,PT10668,CREAT,Creatinine,2.43,mg/dL,0.6,1.3,H,Routine,2025-12-03 18:27,2025-12-03 18:39,2025-12-04 01:18
LAB749400,ENC120849,PT10668,WBC,White Blood Cell Count,23.4,K/uL,4.5,11,H,STAT,2025-12-03 18:14,2025-12-03 18:49,2025-12-03 19:11
LAB749401,ENC120849,PT10668,HGB,Hemoglobin,9.8,g/dL,12,17.5,L,STAT,2025-12-03 17:38,2025-12-03 17:43,2025-12-03 18:37
LAB749402,ENC120849,PT10668,LACT,Lactate,2.6,mmol/L,0.5,2,H,STAT,2025-12-03 18:27,2025-12-03 18:47,2025-12-03 19:30
LAB749403,ENC120853,PT12203,LDL,LDL Cholesterol,127,mg/dL,0,99,H,Routine,2025-12-03 15:10,2025-12-03 15:26,2025-12-04 00:30
LAB749404,ENC120853,PT12203,TSH,Thyroid Stimulating Hormone,2.45,mIU/L,0.4,4,N,Routine,2025-12-03 15:08,2025-12-03 15:19,2025-12-03 23:19
LAB749405,ENC120858,PT12628,GLU,Glucose,120,mg/dL,70,99,H,STAT,2025-12-03 17:08,2025-12-03 17:18,2025-12-03 18:11
LAB749406,ENC120858,PT12628,CREAT,Creatinine,1.07,mg/dL,0.6,1.3,N,STAT,2025-12-03 16:41,2025-12-03 16:57,2025-12-03 17:45
LAB749407,ENC120858,PT12628,WBC,White Blood Cell Count,6.5,K/uL,4.5,11,N,STAT,2025-12-03 17:11,2025-12-03 17:35,2025-12-03 18:21
LAB749408,ENC120858,PT12628,HGB,Hemoglobin,13.7,g/dL,12,17.5,N,Routine,2025-12-03 16:37,2025-12-03 16:56,2025-12-03 18:11
LAB749409,ENC120859,PT10213,GLU,Glucose,125,mg/dL,70,99,H,STAT,2025-12-03 17:46,2025-12-03 17:57,2025-12-03 18:28
LAB749410,ENC120859,PT10213,CREAT,Creatinine,0.72,mg/dL,0.6,1.3,N,Routine,2025-12-03 17:35,2025-12-03 17:52,2025-12-03 20:45
LAB749411,ENC120859,PT10213,WBC,White Blood Cell Count,3.9,K/uL,4.5,11,L,Routine,2025-12-03 18:32,2025-12-03 19:07,2025-12-04 01:13
LAB749412,ENC120859,PT10213,HGB,Hemoglobin,17.4,g/dL,12,17.5,N,STAT,2025-12-03 18:27,2025-12-03 18:33,2025-12-03 19:03
LAB749413,ENC120862,PT13655,GLU,Glucose,91,mg/dL,70,99,N,STAT,2025-12-03 23:24,2025-12-03 23:38,2025-12-04 00:22
LAB749414,ENC120862,PT13655,CREAT,Creatinine,0.85,mg/dL,0.6,1.3,N,STAT,2025-12-03 23:24,2025-12-03 23:28,2025-12-04 00:04
LAB749415,ENC120862,PT13655,WBC,White Blood Cell Count,8.5,K/uL,4.5,11,N,Routine,2025-12-03 23:22,2025-12-03 23:49,2025-12-04 01:59
LAB749416,ENC120862,PT13655,HGB,Hemoglobin,14.7,g/dL,12,17.5,N,STAT,2025-12-03 22:56,2025-12-03 23:27,2025-12-04 00:22
LAB749417,ENC120862,PT13655,NA,Sodium,143,mmol/L,136,145,N,STAT,2025-12-03 23:36,2025-12-03 23:47,2025-12-04 00:18
LAB749418,ENC120862,PT13655,K,Potassium,4.1,mmol/L,3.5,5.1,N,STAT,2025-12-03 22:34,2025-12-03 22:52,2025-12-03 23:35
LAB749419,ENC120862,PT13655,A1C,Hemoglobin A1c,10.6,%,4,5.6,H,STAT,2025-12-03 22:39,2025-12-03 23:10,2025-12-03 23:32
LAB749420,ENC120865,PT13117,TROP,"Troponin I, High Sensitivity",5,ng/L,0,34,N,STAT,2025-12-04 02:07,2025-12-04 02:29,2025-12-04 03:19
LAB749421,ENC120866,PT13877,GLU,Glucose,163,mg/dL,70,99,H,Routine,2025-12-04 03:16,2025-12-04 03:38,2025-12-04 12:12
LAB749422,ENC120866,PT13877,CREAT,Creatinine,0.97,mg/dL,0.6,1.3,N,Routine,2025-12-04 03:53,2025-12-04 04:23,2025-12-04 06:43
LAB749423,ENC120866,PT13877,WBC,White Blood Cell Count,17.3,K/uL,4.5,11,H,Routine,2025-12-04 04:07,2025-12-04 04:42,2025-12-04 06:36
LAB749424,ENC120866,PT13877,HGB,Hemoglobin,15.2,g/dL,12,17.5,N,STAT,2025-12-04 04:14,2025-12-04 04:34,2025-12-04 05:14
LAB749425,ENC120867,PT10306,GLU,Glucose,105,mg/dL,70,99,H,Routine,2025-12-04 04:37,2025-12-04 04:42,2025-12-04 06:29
LAB749426,ENC120867,PT10306,CREAT,Creatinine,0.71,mg/dL,0.6,1.3,N,STAT,2025-12-04 04:07,2025-12-04 04:36,2025-12-04 05:18
LAB749427,ENC120867,PT10306,WBC,White Blood Cell Count,5.5,K/uL,4.5,11,N,Routine,2025-12-04 03:41,2025-12-04 04:16,2025-12-04 06:12
LAB749428,ENC120867,PT10306,HGB,Hemoglobin,14.4,g/dL,12,17.5,N,STAT,2025-12-04 03:45,2025-12-04 03:51,2025-12-04 04:18
LAB749429,ENC120868,PT12677,GLU,Glucose,112,mg/dL,70,99,H,STAT,2025-12-04 08:46,2025-12-04 08:55,2025-12-04 09:38
LAB749430,ENC120868,PT12677,CREAT,Creatinine,1.13,mg/dL,0.6,1.3,N,STAT,2025-12-04 08:17,2025-12-04 08:31,2025-12-04 09:24
LAB749431,ENC120868,PT12677,WBC,White Blood Cell Count,8.7,K/uL,4.5,11,N,STAT,2025-12-04 08:27,2025-12-04 08:53,2025-12-04 09:35
LAB749432,ENC120868,PT12677,HGB,Hemoglobin,12,g/dL,12,17.5,N,STAT,2025-12-04 08:45,2025-12-04 09:20,2025-12-04 10:07
LAB749433,ENC120869,PT13491,GLU,Glucose,123,mg/dL,70,99,H,STAT,2025-12-04 09:44,2025-12-04 09:50,2025-12-04 10:27
LAB749434,ENC120869,PT13491,CREAT,Creatinine,0.92,mg/dL,0.6,1.3,N,Routine,2025-12-04 09:54,2025-12-04 10:10,2025-12-04 13:37
LAB749435,ENC120869,PT13491,WBC,White Blood Cell Count,9.7,K/uL,4.5,11,N,Routine,2025-12-04 10:26,2025-12-04 10:49,2025-12-04 17:04
LAB749436,ENC120869,PT13491,HGB,Hemoglobin,13.7,g/dL,12,17.5,N,Routine,2025-12-04 10:15,2025-12-04 10:30,2025-12-04 16:10
LAB749437,ENC120871,PT10897,GLU,Glucose,107,mg/dL,70,99,H,STAT,2025-12-04 09:15,2025-12-04 09:46,2025-12-04 10:58
LAB749438,ENC120871,PT10897,CREAT,Creatinine,0.92,mg/dL,0.6,1.3,N,STAT,2025-12-04 09:40,2025-12-04 09:49,2025-12-04 10:28
LAB749439,ENC120874,PT11385,GLU,Glucose,113,mg/dL,70,99,H,STAT,2025-12-04 10:33,2025-12-04 11:04,2025-12-04 11:50
LAB749440,ENC120874,PT11385,CREAT,Creatinine,0.94,mg/dL,0.6,1.3,N,Routine,2025-12-04 11:01,2025-12-04 11:05,2025-12-04 14:04
LAB749441,ENC120874,PT11385,WBC,White Blood Cell Count,6.7,K/uL,4.5,11,N,STAT,2025-12-04 10:54,2025-12-04 11:17,2025-12-04 12:30
LAB749442,ENC120879,PT10499,GLU,Glucose,87,mg/dL,70,99,N,STAT,2025-12-04 11:42,2025-12-04 11:49,2025-12-04 12:44
LAB749443,ENC120879,PT10499,CREAT,Creatinine,1.03,mg/dL,0.6,1.3,N,STAT,2025-12-04 12:43,2025-12-04 12:52,2025-12-04 13:38
LAB749444,ENC120879,PT10499,WBC,White Blood Cell Count,5.7,K/uL,4.5,11,N,STAT,2025-12-04 12:25,2025-12-04 12:58,2025-12-04 14:11
LAB749445,ENC120879,PT10499,HGB,Hemoglobin,11.5,g/dL,12,17.5,L,Routine,2025-12-04 12:11,2025-12-04 12:32,2025-12-04 15:31
LAB749446,ENC120879,PT10499,NA,Sodium,140,mmol/L,136,145,N,STAT,2025-12-04 11:45,2025-12-04 12:10,2025-12-04 12:41
LAB749447,ENC120879,PT10499,K,Potassium,4.4,mmol/L,3.5,5.1,N,STAT,2025-12-04 12:20,2025-12-04 12:39,2025-12-04 13:31
LAB749448,ENC120879,PT10499,TROP,"Troponin I, High Sensitivity",1897,ng/L,0,34,H,STAT,2025-12-04 12:43,2025-12-04 13:11,2025-12-04 13:45
LAB749449,ENC120880,PT11261,GLU,Glucose,166,mg/dL,70,99,H,STAT,2025-12-04 16:09,2025-12-04 16:19,2025-12-04 16:57
LAB749450,ENC120880,PT11261,CREAT,Creatinine,1.7,mg/dL,0.6,1.3,H,Routine,2025-12-04 16:26,2025-12-04 16:32,2025-12-04 18:00
LAB749451,ENC120880,PT11261,WBC,White Blood Cell Count,21.4,K/uL,4.5,11,H,Routine,2025-12-04 15:59,2025-12-04 16:05,2025-12-04 20:00
LAB749452,ENC120880,PT11261,HGB,Hemoglobin,15.5,g/dL,12,17.5,N,STAT,2025-12-04 15:32,2025-12-04 15:37,2025-12-04 16:16
LAB749453,ENC120880,PT11261,NA,Sodium,137,mmol/L,136,145,N,STAT,2025-12-04 15:22,2025-12-04 15:32,2025-12-04 16:36
LAB749454,ENC120880,PT11261,K,Potassium,4.1,mmol/L,3.5,5.1,N,STAT,2025-12-04 15:53,2025-12-04 16:06,2025-12-04 16:54
LAB749455,ENC120880,PT11261,LACT,Lactate,2,mmol/L,0.5,2,N,STAT,2025-12-04 15:27,2025-12-04 15:50,2025-12-04 16:33
LAB749456,ENC120883,PT13067,GLU,Glucose,102,mg/dL,70,99,H,STAT,2025-12-04 18:02,2025-12-04 18:36,2025-12-04 19:25
LAB749457,ENC120883,PT13067,CREAT,Creatinine,0.83,mg/dL,0.6,1.3,N,STAT,2025-12-04 18:16,2025-12-04 18:37,2025-12-04 19:16
LAB749458,ENC120883,PT13067,WBC,White Blood Cell Count,7.7,K/uL,4.5,11,N,STAT,2025-12-04 17:31,2025-12-04 17:37,2025-12-04 18:03
LAB749459,ENC120883,PT13067,HGB,Hemoglobin,12.3,g/dL,12,17.5,N,Routine,2025-12-04 17:20,2025-12-04 17:44,2025-12-04 19:25
LAB749460,ENC120883,PT13067,INR,Prothrombin Time INR,1.2,ratio,0.8,1.2,N,Routine,2025-12-04 18:03,2025-12-04 18:32,2025-12-04 21:38
LAB749461,ENC120885,PT13499,GLU,Glucose,116,mg/dL,70,99,H,Routine,2025-12-04 13:13,2025-12-04 13:32,2025-12-04 17:25
LAB749462,ENC120885,PT13499,CREAT,Creatinine,0.88,mg/dL,0.6,1.3,N,STAT,2025-12-04 13:39,2025-12-04 13:56,2025-12-04 14:57
LAB749463,ENC120885,PT13499,WBC,White Blood Cell Count,6.2,K/uL,4.5,11,N,Routine,2025-12-04 12:51,2025-12-04 13:01,2025-12-04 16:57
LAB749464,ENC120885,PT13499,TROP,"Troponin I, High Sensitivity",55,ng/L,0,34,H,STAT,2025-12-04 13:32,2025-12-04 13:44,2025-12-04 14:49
LAB749465,ENC120885,PT13499,BNP,B-Type Natriuretic Peptide,360,pg/mL,0,100,H,STAT,2025-12-04 12:52,2025-12-04 13:03,2025-12-04 14:13
LAB749466,ENC120888,PT12433,GLU,Glucose,110,mg/dL,70,99,H,Routine,2025-12-04 18:04,2025-12-04 18:16,2025-12-04 20:16
LAB749467,ENC120888,PT12433,CREAT,Creatinine,1.16,mg/dL,0.6,1.3,N,STAT,2025-12-04 17:11,2025-12-04 17:42,2025-12-04 18:01
LAB749468,ENC120888,PT12433,WBC,White Blood Cell Count,9.7,K/uL,4.5,11,N,Routine,2025-12-04 17:15,2025-12-04 17:35,2025-12-04 22:18
LAB749469,ENC120888,PT12433,HGB,Hemoglobin,12.9,g/dL,12,17.5,N,STAT,2025-12-04 18:16,2025-12-04 18:30,2025-12-04 20:55
LAB749470,ENC120891,PT11131,GLU,Glucose,126,mg/dL,70,99,H,STAT,2025-12-04 18:49,2025-12-04 18:59,2025-12-04 19:36
LAB749471,ENC120891,PT11131,CREAT,Creatinine,0.98,mg/dL,0.6,1.3,N,Routine,2025-12-04 18:54,2025-12-04 19:17,2025-12-04 23:48
LAB749472,ENC120891,PT11131,WBC,White Blood Cell Count,4.7,K/uL,4.5,11,N,STAT,2025-12-04 18:48,2025-12-04 18:53,2025-12-04 20:47
LAB749473,ENC120891,PT11131,HGB,Hemoglobin,14.5,g/dL,12,17.5,N,STAT,2025-12-04 19:18,2025-12-04 19:53,2025-12-04 20:32
LAB749474,ENC120891,PT11131,TROP,"Troponin I, High Sensitivity",7,ng/L,0,34,N,STAT,2025-12-04 18:55,2025-12-04 19:13,2025-12-04 20:06
LAB749475,ENC120892,PT10673,LDL,LDL Cholesterol,170,mg/dL,0,99,H,Routine,2025-12-04 13:53,2025-12-04 14:06,2025-12-04 22:56
LAB749476,ENC120892,PT10673,A1C,Hemoglobin A1c,7.8,%,4,5.6,H,Routine,2025-12-04 13:59,2025-12-04 14:13,2025-12-05 11:46
LAB749477,ENC120893,PT12561,LDL,LDL Cholesterol,108,mg/dL,0,99,H,Routine,2025-12-04 14:10,2025-12-04 14:17,2025-12-05 05:27
LAB749478,ENC120893,PT12561,A1C,Hemoglobin A1c,6.4,%,4,5.6,H,Routine,2025-12-04 14:16,2025-12-04 14:38,2025-12-05 10:02
LAB749479,ENC120894,PT11337,GLU,Glucose,99,mg/dL,70,99,N,Routine,2025-12-04 17:52,2025-12-04 18:08,2025-12-04 21:23
LAB749480,ENC120894,PT11337,CREAT,Creatinine,1.21,mg/dL,0.6,1.3,N,STAT,2025-12-04 16:51,2025-12-04 17:16,2025-12-04 17:42
LAB749481,ENC120894,PT11337,WBC,White Blood Cell Count,6.3,K/uL,4.5,11,N,Routine,2025-12-04 17:00,2025-12-04 17:11,2025-12-04 19:33
LAB749482,ENC120894,PT11337,HGB,Hemoglobin,15,g/dL,12,17.5,N,STAT,2025-12-04 17:10,2025-12-04 17:31,2025-12-04 17:57
LAB749483,ENC120895,PT13853,GLU,Glucose,172,mg/dL,70,99,H,Routine,2025-12-04 15:35,2025-12-04 15:44,2025-12-04 21:13
LAB749484,ENC120895,PT13853,CREAT,Creatinine,0.77,mg/dL,0.6,1.3,N,Routine,2025-12-04 15:26,2025-12-04 15:47,2025-12-04 18:26
LAB749485,ENC120895,PT13853,WBC,White Blood Cell Count,8.7,K/uL,4.5,11,N,Routine,2025-12-04 15:24,2025-12-04 15:31,2025-12-04 17:40
LAB749486,ENC120895,PT13853,HGB,Hemoglobin,12,g/dL,12,17.5,N,STAT,2025-12-04 16:19,2025-12-04 16:28,2025-12-04 16:49
LAB749487,ENC120895,PT13853,BUN,Blood Urea Nitrogen,11,mg/dL,7,20,N,STAT,2025-12-04 15:27,2025-12-04 15:53,2025-12-04 16:09
LAB749488,ENC120895,PT13853,PLT,Platelet Count,283,K/uL,150,400,N,STAT,2025-12-04 15:44,2025-12-04 16:03,2025-12-04 16:28
LAB749489,ENC120899,PT10345,GLU,Glucose,94,mg/dL,70,99,N,Routine,2025-12-04 19:57,2025-12-04 20:12,2025-12-05 01:43
LAB749490,ENC120899,PT10345,CREAT,Creatinine,1.11,mg/dL,0.6,1.3,N,STAT,2025-12-04 19:59,2025-12-04 20:26,2025-12-04 21:34
LAB749491,ENC120899,PT10345,WBC,White Blood Cell Count,7.1,K/uL,4.5,11,N,STAT,2025-12-04 19:36,2025-12-04 20:07,2025-12-04 20:46
LAB749492,ENC120899,PT10345,HGB,Hemoglobin,14.5,g/dL,12,17.5,N,Routine,2025-12-04 20:05,2025-12-04 20:31,2025-12-04 23:39
LAB749493,ENC120899,PT10345,BUN,Blood Urea Nitrogen,15,mg/dL,7,20,N,STAT,2025-12-04 19:47,2025-12-04 20:00,2025-12-04 20:46
LAB749494,ENC120899,PT10345,PLT,Platelet Count,267,K/uL,150,400,N,STAT,2025-12-04 19:39,2025-12-04 19:52,2025-12-04 21:14
LAB749495,ENC120901,PT12879,GLU,Glucose,115,mg/dL,70,99,H,Routine,2025-12-04 17:58,2025-12-04 18:19,2025-12-04 21:46
LAB749496,ENC120901,PT12879,CREAT,Creatinine,1.16,mg/dL,0.6,1.3,N,STAT,2025-12-04 17:17,2025-12-04 17:48,2025-12-04 19:30
LAB749497,ENC120901,PT12879,WBC,White Blood Cell Count,11.4,K/uL,4.5,11,H,STAT,2025-12-04 17:22,2025-12-04 17:33,2025-12-04 18:28
LAB749498,ENC120901,PT12879,HGB,Hemoglobin,13,g/dL,12,17.5,N,STAT,2025-12-04 18:02,2025-12-04 18:34,2025-12-04 19:14
LAB749499,ENC120902,PT12412,GLU,Glucose,89,mg/dL,70,99,N,STAT,2025-12-04 20:04,2025-12-04 20:37,2025-12-04 21:02
LAB749500,ENC120902,PT12412,CREAT,Creatinine,0.78,mg/dL,0.6,1.3,N,STAT,2025-12-04 20:03,2025-12-04 20:35,2025-12-04 21:08
LAB749501,ENC120902,PT12412,WBC,White Blood Cell Count,10.1,K/uL,4.5,11,N,STAT,2025-12-04 20:01,2025-12-04 20:09,2025-12-04 21:12
LAB749502,ENC120902,PT12412,HGB,Hemoglobin,14.7,g/dL,12,17.5,N,Routine,2025-12-04 19:51,2025-12-04 20:04,2025-12-05 02:13
LAB749503,ENC120902,PT12412,BUN,Blood Urea Nitrogen,9,mg/dL,7,20,N,STAT,2025-12-04 19:38,2025-12-04 20:13,2025-12-04 21:13
LAB749504,ENC120902,PT12412,PLT,Platelet Count,268,K/uL,150,400,N,Routine,2025-12-04 20:05,2025-12-04 20:38,2025-12-04 21:37
LAB749505,ENC120902,PT12412,INR,Prothrombin Time INR,1,ratio,0.8,1.2,N,Routine,2025-12-04 20:18,2025-12-04 20:34,2025-12-04 22:16
LAB749506,ENC120903,PT10869,GLU,Glucose,87,mg/dL,70,99,N,Routine,2025-12-04 23:23,2025-12-04 23:51,2025-12-05 02:42
LAB749507,ENC120903,PT10869,CREAT,Creatinine,1.12,mg/dL,0.6,1.3,N,STAT,2025-12-04 22:28,2025-12-04 22:35,2025-12-04 23:23
LAB749508,ENC120903,PT10869,WBC,White Blood Cell Count,6.4,K/uL,4.5,11,N,STAT,2025-12-04 22:37,2025-12-04 23:10,2025-12-04 23:51
LAB749509,ENC120903,PT10869,HGB,Hemoglobin,14.1,g/dL,12,17.5,N,STAT,2025-12-04 23:14,2025-12-04 23:36,2025-12-05 00:16
LAB749510,ENC120903,PT10869,INR,Prothrombin Time INR,0.9,ratio,0.8,1.2,N,STAT,2025-12-04 23:23,2025-12-04 23:32,2025-12-05 00:17
LAB749511,ENC120905,PT10067,GLU,Glucose,96,mg/dL,70,99,N,STAT,2025-12-04 23:53,2025-12-05 00:00,2025-12-05 00:35
LAB749512,ENC120905,PT10067,CREAT,Creatinine,0.63,mg/dL,0.6,1.3,N,Routine,2025-12-05 00:23,2025-12-05 00:42,2025-12-05 04:01
LAB749513,ENC120905,PT10067,WBC,White Blood Cell Count,7.8,K/uL,4.5,11,N,Routine,2025-12-04 23:22,2025-12-04 23:35,2025-12-05 04:16
LAB749514,ENC120905,PT10067,HGB,Hemoglobin,12.5,g/dL,12,17.5,N,Routine,2025-12-04 23:34,2025-12-04 23:52,2025-12-05 04:39
LAB749515,ENC120906,PT12399,GLU,Glucose,117,mg/dL,70,99,H,Routine,2025-12-04 23:46,2025-12-05 00:03,2025-12-05 03:41
LAB749516,ENC120906,PT12399,CREAT,Creatinine,0.97,mg/dL,0.6,1.3,N,STAT,2025-12-05 00:32,2025-12-05 01:05,2025-12-05 01:52
LAB749517,ENC120906,PT12399,WBC,White Blood Cell Count,5.3,K/uL,4.5,11,N,STAT,2025-12-05 00:07,2025-12-05 00:17,2025-12-05 00:46
LAB749518,ENC120906,PT12399,HGB,Hemoglobin,14.8,g/dL,12,17.5,N,Routine,2025-12-05 00:52,2025-12-05 01:05,2025-12-05 03:54
LAB749519,ENC120906,PT12399,TROP,"Troponin I, High Sensitivity",90,ng/L,0,34,H,STAT,2025-12-05 00:28,2025-12-05 00:54,2025-12-05 01:59
LAB749520,ENC120906,PT12399,BNP,B-Type Natriuretic Peptide,3176,pg/mL,0,100,H,Routine,2025-12-05 00:20,2025-12-05 00:50,2025-12-05 02:36
LAB749521,ENC120907,PT12993,GLU,Glucose,197,mg/dL,70,99,H,Routine,2025-12-04 23:27,2025-12-04 23:35,2025-12-05 01:44
LAB749522,ENC120907,PT12993,CREAT,Creatinine,1.29,mg/dL,0.6,1.3,N,STAT,2025-12-05 00:02,2025-12-05 00:36,2025-12-05 01:27
LAB749523,ENC120907,PT12993,WBC,White Blood Cell Count,14.8,K/uL,4.5,11,H,Routine,2025-12-04 23:32,2025-12-04 23:56,2025-12-05 01:22
LAB749524,ENC120907,PT12993,HGB,Hemoglobin,14.9,g/dL,12,17.5,N,Routine,2025-12-04 23:29,2025-12-04 23:36,2025-12-05 01:44
LAB749525,ENC120908,PT13515,GLU,Glucose,92,mg/dL,70,99,N,STAT,2025-12-04 21:28,2025-12-04 21:49,2025-12-04 22:43
LAB749526,ENC120908,PT13515,CREAT,Creatinine,0.77,mg/dL,0.6,1.3,N,Routine,2025-12-04 21:23,2025-12-04 21:34,2025-12-05 01:22
LAB749527,ENC120908,PT13515,WBC,White Blood Cell Count,6.2,K/uL,4.5,11,N,STAT,2025-12-04 21:46,2025-12-04 21:50,2025-12-04 22:44
LAB749528,ENC120908,PT13515,HGB,Hemoglobin,12,g/dL,12,17.5,N,Routine,2025-12-04 21:39,2025-12-04 21:43,2025-12-05 02:23
LAB749529,ENC120910,PT10912,GLU,Glucose,113,mg/dL,70,99,H,Routine,2025-12-05 07:09,2025-12-05 07:19,2025-12-05 09:06
LAB749530,ENC120910,PT10912,CREAT,Creatinine,0.91,mg/dL,0.6,1.3,N,Routine,2025-12-05 07:39,2025-12-05 08:03,2025-12-05 09:40
LAB749531,ENC120910,PT10912,WBC,White Blood Cell Count,8.7,K/uL,4.5,11,N,STAT,2025-12-05 08:00,2025-12-05 08:07,2025-12-05 08:46
LAB749532,ENC120910,PT10912,HGB,Hemoglobin,13.1,g/dL,12,17.5,N,STAT,2025-12-05 07:06,2025-12-05 07:23,2025-12-05 08:23
LAB749533,ENC120915,PT10739,LDL,LDL Cholesterol,75,mg/dL,0,99,N,Routine,2025-12-05 08:42,2025-12-05 09:03,2025-12-06 14:51
LAB749534,ENC120915,PT10739,A1C,Hemoglobin A1c,6.5,%,4,5.6,H,Routine,2025-12-05 08:48,2025-12-05 09:05,2025-12-05 14:48
LAB749535,ENC120916,PT13097,WBC,White Blood Cell Count,7.8,K/uL,4.5,11,N,Routine,2025-12-05 08:52,2025-12-05 09:05,2025-12-05 13:03
LAB749536,ENC120916,PT13097,HGB,Hemoglobin,12.7,g/dL,12,17.5,N,Routine,2025-12-05 09:01,2025-12-05 09:19,2025-12-05 11:08
LAB749537,ENC120916,PT13097,PLT,Platelet Count,345,K/uL,150,400,N,Routine,2025-12-05 08:59,2025-12-05 09:04,2025-12-05 12:12
LAB749538,ENC120919,PT10437,GLU,Glucose,122,mg/dL,70,99,H,STAT,2025-12-05 10:53,2025-12-05 11:04,2025-12-05 11:54
LAB749539,ENC120919,PT10437,CREAT,Creatinine,0.77,mg/dL,0.6,1.3,N,STAT,2025-12-05 10:02,2025-12-05 10:35,2025-12-05 10:59
LAB749540,ENC120919,PT10437,TROP,"Troponin I, High Sensitivity",7,ng/L,0,34,N,STAT,2025-12-05 10:14,2025-12-05 10:23,2025-12-05 10:59
LAB749541,ENC120924,PT11778,GLU,Glucose,113,mg/dL,70,99,H,STAT,2025-12-05 11:07,2025-12-05 11:27,2025-12-05 12:29
LAB749542,ENC120924,PT11778,CREAT,Creatinine,1.43,mg/dL,0.6,1.3,H,Routine,2025-12-05 11:02,2025-12-05 11:33,2025-12-05 13:31
LAB749543,ENC120924,PT11778,WBC,White Blood Cell Count,7.4,K/uL,4.5,11,N,STAT,2025-12-05 11:16,2025-12-05 11:24,2025-12-05 12:13
LAB749544,ENC120924,PT11778,HGB,Hemoglobin,16.7,g/dL,12,17.5,N,STAT,2025-12-05 10:56,2025-12-05 11:00,2025-12-05 12:14
LAB749545,ENC120925,PT13271,GLU,Glucose,115,mg/dL,70,99,H,STAT,2025-12-05 15:07,2025-12-05 15:12,2025-12-05 16:11
LAB749546,ENC120925,PT13271,CREAT,Creatinine,0.85,mg/dL,0.6,1.3,N,STAT,2025-12-05 15:04,2025-12-05 15:33,2025-12-05 16:20
LAB749547,ENC120925,PT13271,WBC,White Blood Cell Count,5.1,K/uL,4.5,11,N,STAT,2025-12-05 14:37,2025-12-05 14:53,2025-12-05 15:27
LAB749548,ENC120925,PT13271,HGB,Hemoglobin,13.9,g/dL,12,17.5,N,Routine,2025-12-05 15:26,2025-12-05 16:00,2025-12-05 18:14
LAB749549,ENC120925,PT13271,TROP,"Troponin I, High Sensitivity",60,ng/L,0,34,H,STAT,2025-12-05 14:38,2025-12-05 15:05,2025-12-05 16:16
LAB749550,ENC120925,PT13271,BNP,B-Type Natriuretic Peptide,1768,pg/mL,0,100,H,Routine,2025-12-05 15:12,2025-12-05 15:18,2025-12-05 18:24
LAB749551,ENC120930,PT11278,LDL,LDL Cholesterol,114,mg/dL,0,99,H,Routine,2025-12-05 12:30,2025-12-05 12:57,2025-12-07 14:57
LAB749552,ENC120930,PT11278,TSH,Thyroid Stimulating Hormone,1.37,mIU/L,0.4,4,N,Routine,2025-12-05 12:34,2025-12-05 12:50,2025-12-06 14:41
LAB749553,ENC120932,PT13315,GLU,Glucose,114,mg/dL,70,99,H,Routine,2025-12-05 14:49,2025-12-05 15:09,2025-12-05 17:31
LAB749554,ENC120932,PT13315,CREAT,Creatinine,0.93,mg/dL,0.6,1.3,N,STAT,2025-12-05 15:25,2025-12-05 15:35,2025-12-05 16:03
LAB749555,ENC120932,PT13315,WBC,White Blood Cell Count,8.9,K/uL,4.5,11,N,STAT,2025-12-05 15:22,2025-12-05 15:41,2025-12-05 16:17
LAB749556,ENC120932,PT13315,HGB,Hemoglobin,14.4,g/dL,12,17.5,N,STAT,2025-12-05 14:58,2025-12-05 15:27,2025-12-05 16:01
LAB749557,ENC120933,PT13412,A1C,Hemoglobin A1c,7.1,%,4,5.6,H,Routine,2025-12-05 13:59,2025-12-05 14:15,2025-12-06 08:15
LAB749558,ENC120933,PT13412,GLU,Glucose,124,mg/dL,70,99,H,Routine,2025-12-05 13:52,2025-12-05 14:16,2025-12-05 18:28
LAB749559,ENC120933,PT13412,CREAT,Creatinine,1.03,mg/dL,0.6,1.3,N,Routine,2025-12-05 13:58,2025-12-05 14:19,2025-12-05 17:57
LAB749560,ENC120934,PT12718,WBC,White Blood Cell Count,6.1,K/uL,4.5,11,N,Routine,2025-12-05 13:56,2025-12-05 14:21,2025-12-05 16:00
LAB749561,ENC120934,PT12718,HGB,Hemoglobin,12.2,g/dL,12,17.5,N,Routine,2025-12-05 14:05,2025-12-05 14:14,2025-12-05 16:15
LAB749562,ENC120934,PT12718,PLT,Platelet Count,227,K/uL,150,400,N,Routine,2025-12-05 14:07,2025-12-05 14:24,2025-12-05 17:12
LAB749563,ENC120935,PT11237,A1C,Hemoglobin A1c,8.7,%,4,5.6,H,Routine,2025-12-05 14:11,2025-12-05 14:28,2025-12-06 00:03
LAB749564,ENC120935,PT11237,GLU,Glucose,130,mg/dL,70,99,H,Routine,2025-12-05 14:28,2025-12-05 14:35,2025-12-05 16:18
LAB749565,ENC120935,PT11237,CREAT,Creatinine,1.05,mg/dL,0.6,1.3,N,Routine,2025-12-05 14:14,2025-12-05 14:39,2025-12-05 22:14
LAB749566,ENC120942,PT11729,GLU,Glucose,148,mg/dL,70,99,H,Routine,2025-12-05 16:45,2025-12-05 17:05,2025-12-05 23:28
LAB749567,ENC120942,PT11729,CREAT,Creatinine,0.96,mg/dL,0.6,1.3,N,STAT,2025-12-05 16:01,2025-12-05 16:33,2025-12-05 17:16
LAB749568,ENC120950,PT11247,GLU,Glucose,113,mg/dL,70,99,H,STAT,2025-12-05 19:14,2025-12-05 19:33,2025-12-05 20:19
LAB749569,ENC120950,PT11247,CREAT,Creatinine,0.52,mg/dL,0.6,1.3,L,STAT,2025-12-05 19:18,2025-12-05 19:44,2025-12-05 20:33
LAB749570,ENC120950,PT11247,WBC,White Blood Cell Count,6,K/uL,4.5,11,N,Routine,2025-12-05 18:31,2025-12-05 18:43,2025-12-05 21:11
LAB749571,ENC120950,PT11247,HGB,Hemoglobin,14.9,g/dL,12,17.5,N,STAT,2025-12-05 19:10,2025-12-05 19:27,2025-12-05 20:14
LAB749572,ENC120951,PT10705,GLU,Glucose,104,mg/dL,70,99,H,Routine,2025-12-05 19:57,2025-12-05 20:15,2025-12-06 00:19
LAB749573,ENC120951,PT10705,CREAT,Creatinine,0.92,mg/dL,0.6,1.3,N,STAT,2025-12-05 20:23,2025-12-05 20:40,2025-12-05 21:16
LAB749574,ENC120951,PT10705,WBC,White Blood Cell Count,14.9,K/uL,4.5,11,H,STAT,2025-12-05 19:56,2025-12-05 20:16,2025-12-05 20:49
LAB749575,ENC120952,PT11178,GLU,Glucose,120,mg/dL,70,99,H,Routine,2025-12-05 21:39,2025-12-05 22:00,2025-12-06 01:09
LAB749576,ENC120952,PT11178,CREAT,Creatinine,1.06,mg/dL,0.6,1.3,N,Routine,2025-12-05 22:04,2025-12-05 22:10,2025-12-06 02:45
LAB749577,ENC120952,PT11178,WBC,White Blood Cell Count,8.3,K/uL,4.5,11,N,STAT,2025-12-05 21:57,2025-12-05 22:09,2025-12-05 22:48
LAB749578,ENC120952,PT11178,HGB,Hemoglobin,14.2,g/dL,12,17.5,N,Routine,2025-12-05 22:03,2025-12-05 22:08,2025-12-06 00:27
LAB749579,ENC120952,PT11178,NA,Sodium,139,mmol/L,136,145,N,STAT,2025-12-05 21:11,2025-12-05 21:40,2025-12-05 22:05
LAB749580,ENC120952,PT11178,K,Potassium,4,mmol/L,3.5,5.1,N,STAT,2025-12-05 21:16,2025-12-05 21:44,2025-12-05 22:22
LAB749581,ENC120955,PT11124,GLU,Glucose,130,mg/dL,70,99,H,Routine,2025-12-06 02:51,2025-12-06 02:58,2025-12-06 10:23
LAB749582,ENC120955,PT11124,CREAT,Creatinine,0.61,mg/dL,0.6,1.3,N,STAT,2025-12-06 03:37,2025-12-06 03:42,2025-12-06 04:17
LAB749583,ENC120955,PT11124,WBC,White Blood Cell Count,10.1,K/uL,4.5,11,N,Routine,2025-12-06 03:30,2025-12-06 04:05,2025-12-06 08:15
LAB749584,ENC120955,PT11124,HGB,Hemoglobin,16.7,g/dL,12,17.5,N,Routine,2025-12-06 03:13,2025-12-06 03:31,2025-12-06 06:02
LAB749585,ENC120956,PT12304,GLU,Glucose,99,mg/dL,70,99,N,STAT,2025-12-06 00:50,2025-12-06 01:11,2025-12-06 01:43
LAB749586,ENC120956,PT12304,CREAT,Creatinine,1.32,mg/dL,0.6,1.3,H,STAT,2025-12-06 01:00,2025-12-06 01:21,2025-12-06 02:03
LAB749587,ENC120956,PT12304,WBC,White Blood Cell Count,6.4,K/uL,4.5,11,N,Routine,2025-12-06 01:26,2025-12-06 01:57,2025-12-06 05:45
LAB749588,ENC120956,PT12304,HGB,Hemoglobin,9.3,g/dL,12,17.5,L,STAT,2025-12-06 00:38,2025-12-06 00:51,2025-12-06 01:49
LAB749589,ENC120956,PT12304,NA,Sodium,136,mmol/L,136,145,N,STAT,2025-12-06 01:22,2025-12-06 01:29,2025-12-06 02:09
LAB749590,ENC120956,PT12304,K,Potassium,3.9,mmol/L,3.5,5.1,N,STAT,2025-12-06 00:41,2025-12-06 00:48,2025-12-06 01:44
LAB749591,ENC120956,PT12304,TROP,"Troponin I, High Sensitivity",5,ng/L,0,34,N,STAT,2025-12-06 01:41,2025-12-06 02:11,2025-12-06 02:55
LAB749592,ENC120956,PT12304,BNP,B-Type Natriuretic Peptide,752,pg/mL,0,100,H,Routine,2025-12-06 01:21,2025-12-06 01:30,2025-12-06 04:18
LAB749593,ENC120957,PT13373,GLU,Glucose,104,mg/dL,70,99,H,STAT,2025-12-06 04:08,2025-12-06 04:41,2025-12-06 05:23
LAB749594,ENC120957,PT13373,CREAT,Creatinine,1.08,mg/dL,0.6,1.3,N,STAT,2025-12-06 03:50,2025-12-06 04:00,2025-12-06 04:54
LAB749595,ENC120957,PT13373,WBC,White Blood Cell Count,12,K/uL,4.5,11,H,STAT,2025-12-06 03:35,2025-12-06 03:48,2025-12-06 04:28
LAB749596,ENC120957,PT13373,HGB,Hemoglobin,11.6,g/dL,12,17.5,L,Routine,2025-12-06 04:22,2025-12-06 04:37,2025-12-06 06:39
LAB749597,ENC120957,PT13373,BUN,Blood Urea Nitrogen,12,mg/dL,7,20,N,STAT,2025-12-06 04:24,2025-12-06 04:45,2025-12-06 05:05
LAB749598,ENC120957,PT13373,PLT,Platelet Count,225,K/uL,150,400,N,Routine,2025-12-06 04:03,2025-12-06 04:34,2025-12-06 07:07
LAB749599,ENC120958,PT13577,GLU,Glucose,114,mg/dL,70,99,H,STAT,2025-12-06 03:26,2025-12-06 03:46,2025-12-06 05:29
LAB749600,ENC120958,PT13577,CREAT,Creatinine,0.75,mg/dL,0.6,1.3,N,STAT,2025-12-06 03:54,2025-12-06 04:14,2025-12-06 04:51
LAB749601,ENC120958,PT13577,WBC,White Blood Cell Count,10.9,K/uL,4.5,11,N,Routine,2025-12-06 04:21,2025-12-06 04:25,2025-12-06 05:23
LAB749602,ENC120959,PT10631,GLU,Glucose,103,mg/dL,70,99,H,Routine,2025-12-06 09:23,2025-12-06 09:47,2025-12-06 15:34
LAB749603,ENC120959,PT10631,CREAT,Creatinine,4.81,mg/dL,0.6,1.3,H,Routine,2025-12-06 10:00,2025-12-06 10:28,2025-12-06 15:29
LAB749604,ENC120959,PT10631,WBC,White Blood Cell Count,7.8,K/uL,4.5,11,N,Routine,2025-12-06 10:06,2025-12-06 10:30,2025-12-06 12:56
LAB749605,ENC120959,PT10631,HGB,Hemoglobin,13,g/dL,12,17.5,N,STAT,2025-12-06 10:13,2025-12-06 10:36,2025-12-06 11:39
LAB749606,ENC120959,PT10631,NA,Sodium,142,mmol/L,136,145,N,STAT,2025-12-06 09:39,2025-12-06 09:48,2025-12-06 10:50
LAB749607,ENC120959,PT10631,K,Potassium,5.3,mmol/L,3.5,5.1,H,STAT,2025-12-06 10:13,2025-12-06 10:40,2025-12-06 11:22
LAB749608,ENC120960,PT12890,GLU,Glucose,68,mg/dL,70,99,L,STAT,2025-12-06 10:41,2025-12-06 11:10,2025-12-06 11:58
LAB749609,ENC120960,PT12890,CREAT,Creatinine,0.77,mg/dL,0.6,1.3,N,STAT,2025-12-06 10:28,2025-12-06 10:45,2025-12-06 11:43
LAB749610,ENC120960,PT12890,WBC,White Blood Cell Count,9.3,K/uL,4.5,11,N,STAT,2025-12-06 10:31,2025-12-06 10:41,2025-12-06 11:32
LAB749611,ENC120960,PT12890,HGB,Hemoglobin,12.8,g/dL,12,17.5,N,Routine,2025-12-06 09:46,2025-12-06 09:56,2025-12-06 11:35
LAB749612,ENC120962,PT11083,GLU,Glucose,124,mg/dL,70,99,H,STAT,2025-12-06 09:14,2025-12-06 09:34,2025-12-06 10:26
LAB749613,ENC120962,PT11083,CREAT,Creatinine,0.87,mg/dL,0.6,1.3,N,STAT,2025-12-06 08:56,2025-12-06 09:28,2025-12-06 10:13
LAB749614,ENC120962,PT11083,WBC,White Blood Cell Count,5.1,K/uL,4.5,11,N,Routine,2025-12-06 09:14,2025-12-06 09:28,2025-12-06 12:58
LAB749615,ENC120962,PT11083,HGB,Hemoglobin,13.7,g/dL,12,17.5,N,STAT,2025-12-06 09:00,2025-12-06 09:07,2025-12-06 09:41
LAB749616,ENC120963,PT12729,GLU,Glucose,119,mg/dL,70,99,H,STAT,2025-12-06 14:09,2025-12-06 14:23,2025-12-06 15:26
LAB749617,ENC120963,PT12729,CREAT,Creatinine,0.79,mg/dL,0.6,1.3,N,Routine,2025-12-06 14:28,2025-12-06 14:52,2025-12-06 17:56
LAB749618,ENC120963,PT12729,WBC,White Blood Cell Count,11.3,K/uL,4.5,11,H,STAT,2025-12-06 15:05,2025-12-06 15:22,2025-12-06 15:57
LAB749619,ENC120963,PT12729,HGB,Hemoglobin,14.8,g/dL,12,17.5,N,STAT,2025-12-06 15:11,2025-12-06 15:24,2025-12-06 16:16
LAB749620,ENC120964,PT10550,GLU,Glucose,104,mg/dL,70,99,H,Routine,2025-12-06 14:28,2025-12-06 14:34,2025-12-06 17:27
LAB749621,ENC120964,PT10550,CREAT,Creatinine,1.18,mg/dL,0.6,1.3,N,STAT,2025-12-06 14:14,2025-12-06 14:25,2025-12-06 16:15
LAB749622,ENC120964,PT10550,WBC,White Blood Cell Count,18.5,K/uL,4.5,11,H,Routine,2025-12-06 14:32,2025-12-06 14:40,2025-12-06 17:09
LAB749623,ENC120964,PT10550,HGB,Hemoglobin,15,g/dL,12,17.5,N,Routine,2025-12-06 13:48,2025-12-06 14:22,2025-12-06 18:50
LAB749624,ENC120966,PT11374,TROP,"Troponin I, High Sensitivity",7,ng/L,0,34,N,STAT,2025-12-06 11:30,2025-12-06 11:40,2025-12-06 12:41
LAB749625,ENC120967,PT11678,GLU,Glucose,204,mg/dL,70,99,H,Routine,2025-12-06 12:20,2025-12-06 12:42,2025-12-06 13:48
LAB749626,ENC120967,PT11678,CREAT,Creatinine,0.92,mg/dL,0.6,1.3,N,STAT,2025-12-06 11:51,2025-12-06 12:04,2025-12-06 12:48
LAB749627,ENC120967,PT11678,WBC,White Blood Cell Count,21.5,K/uL,4.5,11,H,STAT,2025-12-06 12:10,2025-12-06 12:17,2025-12-06 13:16
LAB749628,ENC120967,PT11678,HGB,Hemoglobin,11.8,g/dL,12,17.5,L,Routine,2025-12-06 11:36,2025-12-06 11:54,2025-12-06 14:17
LAB749629,ENC120969,PT12455,GLU,Glucose,107,mg/dL,70,99,H,Routine,2025-12-06 13:18,2025-12-06 13:44,2025-12-06 15:52
LAB749630,ENC120969,PT12455,CREAT,Creatinine,0.99,mg/dL,0.6,1.3,N,STAT,2025-12-06 12:50,2025-12-06 12:58,2025-12-06 13:34
LAB749631,ENC120969,PT12455,WBC,White Blood Cell Count,8.7,K/uL,4.5,11,N,Routine,2025-12-06 13:22,2025-12-06 13:49,2025-12-06 18:12
LAB749632,ENC120969,PT12455,HGB,Hemoglobin,10.8,g/dL,12,17.5,L,STAT,2025-12-06 12:22,2025-12-06 12:55,2025-12-06 13:45
LAB749633,ENC120969,PT12455,NA,Sodium,122,mmol/L,136,145,L,Routine,2025-12-06 12:57,2025-12-06 13:11,2025-12-06 18:08
LAB749634,ENC120969,PT12455,K,Potassium,4.6,mmol/L,3.5,5.1,N,STAT,2025-12-06 13:08,2025-12-06 13:35,2025-12-06 14:10
LAB749635,ENC120970,PT13076,GLU,Glucose,118,mg/dL,70,99,H,Routine,2025-12-06 16:59,2025-12-06 17:08,2025-12-06 19:29
LAB749636,ENC120970,PT13076,CREAT,Creatinine,0.82,mg/dL,0.6,1.3,N,Routine,2025-12-06 16:49,2025-12-06 17:13,2025-12-06 18:37
LAB749637,ENC120970,PT13076,WBC,White Blood Cell Count,6.3,K/uL,4.5,11,N,Routine,2025-12-06 15:55,2025-12-06 16:01,2025-12-06 19:33
LAB749638,ENC120970,PT13076,HGB,Hemoglobin,11.1,g/dL,12,17.5,L,STAT,2025-12-06 16:37,2025-12-06 16:47,2025-12-06 17:15
LAB749639,ENC120970,PT13076,NA,Sodium,140,mmol/L,136,145,N,Routine,2025-12-06 17:01,2025-12-06 17:10,2025-12-06 19:16
LAB749640,ENC120970,PT13076,K,Potassium,4.1,mmol/L,3.5,5.1,N,STAT,2025-12-06 16:45,2025-12-06 17:13,2025-12-06 17:50
LAB749641,ENC120970,PT13076,INR,Prothrombin Time INR,1,ratio,0.8,1.2,N,STAT,2025-12-06 16:27,2025-12-06 16:41,2025-12-06 17:53
LAB749642,ENC120971,PT10399,GLU,Glucose,176,mg/dL,70,99,H,STAT,2025-12-06 17:30,2025-12-06 17:40,2025-12-06 18:06
LAB749643,ENC120971,PT10399,CREAT,Creatinine,0.81,mg/dL,0.6,1.3,N,Routine,2025-12-06 17:04,2025-12-06 17:18,2025-12-06 21:14
LAB749644,ENC120971,PT10399,WBC,White Blood Cell Count,7.8,K/uL,4.5,11,N,Routine,2025-12-06 16:30,2025-12-06 17:03,2025-12-06 22:44
LAB749645,ENC120971,PT10399,HGB,Hemoglobin,12.2,g/dL,12,17.5,N,Routine,2025-12-06 17:08,2025-12-06 17:25,2025-12-06 20:15
LAB749646,ENC120972,PT10721,GLU,Glucose,88,mg/dL,70,99,N,STAT,2025-12-06 20:28,2025-12-06 20:48,2025-12-06 21:26
LAB749647,ENC120972,PT10721,CREAT,Creatinine,0.94,mg/dL,0.6,1.3,N,Routine,2025-12-06 20:40,2025-12-06 20:51,2025-12-07 00:07
LAB749648,ENC120972,PT10721,WBC,White Blood Cell Count,9,K/uL,4.5,11,N,STAT,2025-12-06 20:45,2025-12-06 21:10,2025-12-06 22:17
LAB749649,ENC120972,PT10721,HGB,Hemoglobin,14.9,g/dL,12,17.5,N,STAT,2025-12-06 21:10,2025-12-06 21:18,2025-12-06 22:34
LAB749650,ENC120972,PT10721,NA,Sodium,139,mmol/L,136,145,N,STAT,2025-12-06 20:30,2025-12-06 20:45,2025-12-06 21:48
LAB749651,ENC120972,PT10721,K,Potassium,4.3,mmol/L,3.5,5.1,N,STAT,2025-12-06 20:57,2025-12-06 21:11,2025-12-06 22:02
LAB749652,ENC120973,PT13719,GLU,Glucose,168,mg/dL,70,99,H,Routine,2025-12-06 17:07,2025-12-06 17:30,2025-12-06 22:32
LAB749653,ENC120973,PT13719,CREAT,Creatinine,0.97,mg/dL,0.6,1.3,N,STAT,2025-12-06 16:58,2025-12-06 17:07,2025-12-06 18:19
LAB749654,ENC120973,PT13719,WBC,White Blood Cell Count,9,K/uL,4.5,11,N,STAT,2025-12-06 17:35,2025-12-06 17:47,2025-12-06 18:38
LAB749655,ENC120973,PT13719,HGB,Hemoglobin,13.4,g/dL,12,17.5,N,STAT,2025-12-06 17:06,2025-12-06 17:30,2025-12-06 19:09
LAB749656,ENC120974,PT10196,GLU,Glucose,102,mg/dL,70,99,H,Routine,2025-12-06 17:20,2025-12-06 17:48,2025-12-06 21:20
LAB749657,ENC120974,PT10196,CREAT,Creatinine,1.16,mg/dL,0.6,1.3,N,STAT,2025-12-06 18:16,2025-12-06 18:34,2025-12-06 19:41
LAB749658,ENC120974,PT10196,WBC,White Blood Cell Count,6.6,K/uL,4.5,11,N,STAT,2025-12-06 17:27,2025-12-06 17:53,2025-12-06 18:24
LAB749659,ENC120974,PT10196,HGB,Hemoglobin,8.2,g/dL,12,17.5,L,Routine,2025-12-06 17:41,2025-12-06 17:53,2025-12-06 20:04
LAB749660,ENC120974,PT10196,LACT,Lactate,1.8,mmol/L,0.5,2,N,STAT,2025-12-06 17:22,2025-12-06 17:57,2025-12-06 18:36
LAB749661,ENC120977,PT11988,GLU,Glucose,63,mg/dL,70,99,L,Routine,2025-12-06 23:18,2025-12-06 23:41,2025-12-07 00:50
LAB749662,ENC120977,PT11988,CREAT,Creatinine,1.29,mg/dL,0.6,1.3,N,STAT,2025-12-07 00:16,2025-12-07 00:44,2025-12-07 01:45
LAB749663,ENC120977,PT11988,WBC,White Blood Cell Count,6.9,K/uL,4.5,11,N,STAT,2025-12-06 23:35,2025-12-07 00:06,2025-12-07 02:18
LAB749664,ENC120977,PT11988,HGB,Hemoglobin,14.6,g/dL,12,17.5,N,STAT,2025-12-06 23:53,2025-12-07 00:13,2025-12-07 01:16
LAB749665,ENC120978,PT12368,GLU,Glucose,124,mg/dL,70,99,H,STAT,2025-12-06 23:26,2025-12-06 23:57,2025-12-07 00:41
LAB749666,ENC120978,PT12368,CREAT,Creatinine,1.2,mg/dL,0.6,1.3,N,STAT,2025-12-06 23:51,2025-12-07 00:13,2025-12-07 01:29
LAB749667,ENC120978,PT12368,WBC,White Blood Cell Count,6.6,K/uL,4.5,11,N,STAT,2025-12-06 23:56,2025-12-07 00:22,2025-12-07 01:39
LAB749668,ENC120978,PT12368,HGB,Hemoglobin,14.4,g/dL,12,17.5,N,STAT,2025-12-06 23:52,2025-12-07 00:27,2025-12-07 00:48
LAB749669,ENC120979,PT11149,GLU,Glucose,118,mg/dL,70,99,H,STAT,2025-12-07 04:53,2025-12-07 05:19,2025-12-07 05:49
LAB749670,ENC120979,PT11149,CREAT,Creatinine,1.11,mg/dL,0.6,1.3,N,STAT,2025-12-07 05:14,2025-12-07 05:29,2025-12-07 06:06
LAB749671,ENC120979,PT11149,WBC,White Blood Cell Count,14.9,K/uL,4.5,11,H,Routine,2025-12-07 04:56,2025-12-07 05:07,2025-12-07 10:00
LAB749672,ENC120979,PT11149,HGB,Hemoglobin,14.6,g/dL,12,17.5,N,STAT,2025-12-07 05:11,2025-12-07 05:43,2025-12-07 06:12
LAB749673,ENC120981,PT11435,GLU,Glucose,102,mg/dL,70,99,H,STAT,2025-12-07 11:06,2025-12-07 11:17,2025-12-07 12:24
LAB749674,ENC120981,PT11435,CREAT,Creatinine,1.7,mg/dL,0.6,1.3,H,STAT,2025-12-07 10:32,2025-12-07 10:56,2025-12-07 11:26
LAB749675,ENC120981,PT11435,WBC,White Blood Cell Count,5,K/uL,4.5,11,N,STAT,2025-12-07 10:23,2025-12-07 10:58,2025-12-07 11:49
LAB749676,ENC120981,PT11435,HGB,Hemoglobin,11.9,g/dL,12,17.5,L,STAT,2025-12-07 10:37,2025-12-07 10:50,2025-12-07 11:24
LAB749677,ENC120981,PT11435,NA,Sodium,142,mmol/L,136,145,N,STAT,2025-12-07 10:29,2025-12-07 10:51,2025-12-07 11:36
LAB749678,ENC120981,PT11435,K,Potassium,3.7,mmol/L,3.5,5.1,N,STAT,2025-12-07 10:19,2025-12-07 10:34,2025-12-07 11:03
LAB749679,ENC120981,PT11435,INR,Prothrombin Time INR,1.1,ratio,0.8,1.2,N,STAT,2025-12-07 11:26,2025-12-07 11:59,2025-12-07 12:59
LAB749680,ENC120983,PT10852,GLU,Glucose,86,mg/dL,70,99,N,STAT,2025-12-07 11:51,2025-12-07 12:18,2025-12-07 14:05
LAB749681,ENC120983,PT10852,CREAT,Creatinine,1.48,mg/dL,0.6,1.3,H,STAT,2025-12-07 12:42,2025-12-07 12:48,2025-12-07 13:50
LAB749682,ENC120983,PT10852,WBC,White Blood Cell Count,3.2,K/uL,4.5,11,L,STAT,2025-12-07 11:41,2025-12-07 12:06,2025-12-07 12:49
LAB749683,ENC120983,PT10852,HGB,Hemoglobin,15.4,g/dL,12,17.5,N,Routine,2025-12-07 11:47,2025-12-07 12:00,2025-12-07 15:30
LAB749684,ENC120983,PT10852,NA,Sodium,143,mmol/L,136,145,N,Routine,2025-12-07 12:29,2025-12-07 12:53,2025-12-07 14:54
LAB749685,ENC120983,PT10852,K,Potassium,4.4,mmol/L,3.5,5.1,N,STAT,2025-12-07 12:11,2025-12-07 12:41,2025-12-07 13:26
LAB749686,ENC120984,PT11122,GLU,Glucose,164,mg/dL,70,99,H,STAT,2025-12-07 13:39,2025-12-07 14:14,2025-12-07 14:56
LAB749687,ENC120984,PT11122,CREAT,Creatinine,1.78,mg/dL,0.6,1.3,H,STAT,2025-12-07 13:11,2025-12-07 13:39,2025-12-07 14:11
LAB749688,ENC120984,PT11122,WBC,White Blood Cell Count,14.9,K/uL,4.5,11,H,STAT,2025-12-07 13:27,2025-12-07 13:34,2025-12-07 14:11
LAB749689,ENC120984,PT11122,HGB,Hemoglobin,14.3,g/dL,12,17.5,N,STAT,2025-12-07 13:07,2025-12-07 13:28,2025-12-07 14:35
LAB749690,ENC120984,PT11122,BUN,Blood Urea Nitrogen,16,mg/dL,7,20,N,Routine,2025-12-07 13:12,2025-12-07 13:45,2025-12-07 14:28
LAB749691,ENC120984,PT11122,PLT,Platelet Count,148,K/uL,150,400,L,Routine,2025-12-07 13:13,2025-12-07 13:20,2025-12-07 17:00
LAB749692,ENC120984,PT11122,LACT,Lactate,2.8,mmol/L,0.5,2,H,STAT,2025-12-07 13:15,2025-12-07 13:32,2025-12-07 15:49
LAB749693,ENC120985,PT12525,GLU,Glucose,114,mg/dL,70,99,H,STAT,2025-12-07 11:47,2025-12-07 11:56,2025-12-07 12:45
LAB749694,ENC120985,PT12525,CREAT,Creatinine,0.84,mg/dL,0.6,1.3,N,Routine,2025-12-07 11:22,2025-12-07 11:34,2025-12-07 13:36
LAB749695,ENC120986,PT11452,GLU,Glucose,140,mg/dL,70,99,H,STAT,2025-12-07 12:32,2025-12-07 13:01,2025-12-07 14:21
LAB749696,ENC120986,PT11452,CREAT,Creatinine,0.61,mg/dL,0.6,1.3,N,Routine,2025-12-07 12:38,2025-12-07 13:10,2025-12-07 16:18
LAB749697,ENC120986,PT11452,WBC,White Blood Cell Count,6.4,K/uL,4.5,11,N,STAT,2025-12-07 11:55,2025-12-07 12:27,2025-12-07 13:23
LAB749698,ENC120986,PT11452,HGB,Hemoglobin,14.4,g/dL,12,17.5,N,STAT,2025-12-07 12:01,2025-12-07 12:13,2025-12-07 13:32
LAB749699,ENC120987,PT13305,GLU,Glucose,79,mg/dL,70,99,N,Routine,2025-12-07 17:07,2025-12-07 17:29,2025-12-07 18:48
LAB749700,ENC120987,PT13305,CREAT,Creatinine,0.97,mg/dL,0.6,1.3,N,Routine,2025-12-07 16:40,2025-12-07 17:08,2025-12-07 18:57
LAB749701,ENC120987,PT13305,WBC,White Blood Cell Count,10.2,K/uL,4.5,11,N,Routine,2025-12-07 17:10,2025-12-07 17:31,2025-12-07 20:41
LAB749702,ENC120987,PT13305,HGB,Hemoglobin,14.1,g/dL,12,17.5,N,STAT,2025-12-07 16:52,2025-12-07 17:12,2025-12-07 18:16
LAB749703,ENC120988,PT10532,GLU,Glucose,127,mg/dL,70,99,H,Routine,2025-12-07 15:27,2025-12-07 15:59,2025-12-07 17:24
LAB749704,ENC120988,PT10532,CREAT,Creatinine,0.54,mg/dL,0.6,1.3,L,STAT,2025-12-07 15:44,2025-12-07 16:16,2025-12-07 17:18
LAB749705,ENC120988,PT10532,WBC,White Blood Cell Count,6.1,K/uL,4.5,11,N,Routine,2025-12-07 15:35,2025-12-07 16:00,2025-12-07 18:25
LAB749706,ENC120988,PT10532,HGB,Hemoglobin,12.4,g/dL,12,17.5,N,Routine,2025-12-07 14:54,2025-12-07 15:29,2025-12-07 19:03
LAB749707,ENC120989,PT12485,GLU,Glucose,95,mg/dL,70,99,N,STAT,2025-12-07 15:00,2025-12-07 15:15,2025-12-07 16:04
LAB749708,ENC120989,PT12485,CREAT,Creatinine,1.09,mg/dL,0.6,1.3,N,Routine,2025-12-07 15:19,2025-12-07 15:52,2025-12-07 20:07
LAB749709,ENC120990,PT10971,GLU,Glucose,137,mg/dL,70,99,H,STAT,2025-12-07 17:52,2025-12-07 18:16,2025-12-07 19:29
LAB749710,ENC120990,PT10971,CREAT,Creatinine,1.22,mg/dL,0.6,1.3,N,STAT,2025-12-07 17:40,2025-12-07 18:14,2025-12-07 19:09
LAB749711,ENC120990,PT10971,WBC,White Blood Cell Count,11.5,K/uL,4.5,11,H,STAT,2025-12-07 17:35,2025-12-07 18:10,2025-12-07 18:24
LAB749712,ENC120990,PT10971,HGB,Hemoglobin,14.8,g/dL,12,17.5,N,STAT,2025-12-07 17:56,2025-12-07 18:08,2025-12-07 19:05
LAB749713,ENC120991,PT11968,GLU,Glucose,105,mg/dL,70,99,H,STAT,2025-12-07 20:29,2025-12-07 20:34,2025-12-07 21:25
LAB749714,ENC120991,PT11968,CREAT,Creatinine,0.81,mg/dL,0.6,1.3,N,STAT,2025-12-07 20:26,2025-12-07 21:01,2025-12-07 21:40
LAB749715,ENC120991,PT11968,WBC,White Blood Cell Count,8.5,K/uL,4.5,11,N,Routine,2025-12-07 20:01,2025-12-07 20:17,2025-12-08 01:41
LAB749716,ENC120991,PT11968,HGB,Hemoglobin,11.4,g/dL,12,17.5,L,Routine,2025-12-07 20:53,2025-12-07 21:28,2025-12-08 05:26
LAB749717,ENC120993,PT13726,GLU,Glucose,219,mg/dL,70,99,H,Routine,2025-12-07 23:54,2025-12-08 00:24,2025-12-08 02:22
LAB749718,ENC120993,PT13726,CREAT,Creatinine,1.13,mg/dL,0.6,1.3,N,Routine,2025-12-08 00:19,2025-12-08 00:35,2025-12-08 05:35
LAB749719,ENC120993,PT13726,WBC,White Blood Cell Count,8.3,K/uL,4.5,11,N,Routine,2025-12-08 00:26,2025-12-08 00:45,2025-12-08 04:46
LAB749720,ENC120993,PT13726,HGB,Hemoglobin,10.5,g/dL,12,17.5,L,Routine,2025-12-08 00:28,2025-12-08 00:55,2025-12-08 03:10
LAB749721,ENC120993,PT13726,NA,Sodium,136,mmol/L,136,145,N,STAT,2025-12-08 00:05,2025-12-08 00:22,2025-12-08 01:25
LAB749722,ENC120993,PT13726,K,Potassium,3.9,mmol/L,3.5,5.1,N,STAT,2025-12-08 00:37,2025-12-08 01:03,2025-12-08 01:59
LAB749723,ENC120995,PT10299,GLU,Glucose,138,mg/dL,70,99,H,STAT,2025-12-08 04:50,2025-12-08 05:21,2025-12-08 06:16
LAB749724,ENC120995,PT10299,CREAT,Creatinine,1.14,mg/dL,0.6,1.3,N,STAT,2025-12-08 04:10,2025-12-08 04:22,2025-12-08 04:59
LAB749725,ENC120996,PT11374,GLU,Glucose,98,mg/dL,70,99,N,STAT,2025-12-08 06:06,2025-12-08 06:32,2025-12-08 07:22
LAB749726,ENC120996,PT11374,CREAT,Creatinine,1,mg/dL,0.6,1.3,N,STAT,2025-12-08 05:43,2025-12-08 06:07,2025-12-08 06:31
LAB749727,ENC120996,PT11374,TROP,"Troponin I, High Sensitivity",8,ng/L,0,34,N,STAT,2025-12-08 05:24,2025-12-08 05:30,2025-12-08 06:08
LAB749728,ENC120997,PT12401,GLU,Glucose,294,mg/dL,70,99,H,STAT,2025-12-08 08:22,2025-12-08 08:39,2025-12-08 09:24
LAB749729,ENC120997,PT12401,CREAT,Creatinine,0.92,mg/dL,0.6,1.3,N,STAT,2025-12-08 07:49,2025-12-08 08:22,2025-12-08 09:09
LAB749730,ENC120997,PT12401,WBC,White Blood Cell Count,5,K/uL,4.5,11,N,STAT,2025-12-08 08:02,2025-12-08 08:07,2025-12-08 09:13
LAB749731,ENC120997,PT12401,HGB,Hemoglobin,9.3,g/dL,12,17.5,L,STAT,2025-12-08 07:47,2025-12-08 08:14,2025-12-08 09:42
LAB749732,ENC120997,PT12401,NA,Sodium,140,mmol/L,136,145,N,STAT,2025-12-08 08:16,2025-12-08 08:48,2025-12-08 09:33
LAB749733,ENC120997,PT12401,K,Potassium,4.3,mmol/L,3.5,5.1,N,STAT,2025-12-08 08:28,2025-12-08 08:34,2025-12-08 09:43
LAB749734,ENC120997,PT12401,LACT,Lactate,2.2,mmol/L,0.5,2,H,STAT,2025-12-08 08:18,2025-12-08 08:52,2025-12-08 09:35
LAB749735,ENC120997,PT12401,INR,Prothrombin Time INR,2.7,ratio,0.8,1.2,H,Routine,2025-12-08 08:40,2025-12-08 08:58,2025-12-08 12:37
LAB749736,ENC120999,PT12823,GLU,Glucose,117,mg/dL,70,99,H,STAT,2025-12-08 11:04,2025-12-08 11:23,2025-12-08 11:50
LAB749737,ENC120999,PT12823,CREAT,Creatinine,1.18,mg/dL,0.6,1.3,N,STAT,2025-12-08 11:03,2025-12-08 11:22,2025-12-08 12:22
LAB749738,ENC120999,PT12823,WBC,White Blood Cell Count,5,K/uL,4.5,11,N,STAT,2025-12-08 10:47,2025-12-08 11:09,2025-12-08 11:50
LAB749739,ENC120999,PT12823,HGB,Hemoglobin,15.4,g/dL,12,17.5,N,STAT,2025-12-08 10:15,2025-12-08 10:44,2025-12-08 11:49
LAB749740,ENC120999,PT12823,NA,Sodium,129,mmol/L,136,145,L,STAT,2025-12-08 10:41,2025-12-08 10:53,2025-12-08 11:56
LAB749741,ENC120999,PT12823,K,Potassium,4,mmol/L,3.5,5.1,N,STAT,2025-12-08 11:09,2025-12-08 11:27,2025-12-08 13:00
LAB749742,ENC121004,PT10739,LDL,LDL Cholesterol,112,mg/dL,0,99,H,Routine,2025-12-08 09:49,2025-12-08 10:13,2025-12-08 23:22
LAB749743,ENC121004,PT10739,A1C,Hemoglobin A1c,9.4,%,4,5.6,H,Routine,2025-12-08 09:36,2025-12-08 09:59,2025-12-09 01:48
LAB749744,ENC121009,PT10401,LDL,LDL Cholesterol,66,mg/dL,0,99,N,Routine,2025-12-08 10:48,2025-12-08 11:01,2025-12-08 20:38
LAB749745,ENC121009,PT10401,TSH,Thyroid Stimulating Hormone,1.01,mIU/L,0.4,4,N,Routine,2025-12-08 10:53,2025-12-08 11:20,2025-12-08 20:55
LAB749746,ENC121010,PT12249,A1C,Hemoglobin A1c,12.1,%,4,5.6,H,Routine,2025-12-08 11:12,2025-12-08 11:40,2025-12-09 12:14
LAB749747,ENC121010,PT12249,GLU,Glucose,345,mg/dL,70,99,H,Routine,2025-12-08 10:53,2025-12-08 11:17,2025-12-08 12:31
LAB749748,ENC121010,PT12249,CREAT,Creatinine,0.55,mg/dL,0.6,1.3,L,Routine,2025-12-08 11:09,2025-12-08 11:34,2025-12-08 14:55
LAB749749,ENC121011,PT12963,GLU,Glucose,116,mg/dL,70,99,H,STAT,2025-12-08 11:23,2025-12-08 11:45,2025-12-08 12:50
LAB749750,ENC121011,PT12963,CREAT,Creatinine,1.09,mg/dL,0.6,1.3,N,STAT,2025-12-08 11:18,2025-12-08 11:31,2025-12-08 12:58
LAB749751,ENC121011,PT12963,WBC,White Blood Cell Count,15.7,K/uL,4.5,11,H,STAT,2025-12-08 11:35,2025-12-08 11:48,2025-12-08 12:28
LAB749752,ENC121013,PT13092,GLU,Glucose,103,mg/dL,70,99,H,STAT,2025-12-08 16:00,2025-12-08 16:23,2025-12-08 16:57
LAB749753,ENC121013,PT13092,CREAT,Creatinine,1.13,mg/dL,0.6,1.3,N,Routine,2025-12-08 16:21,2025-12-08 16:49,2025-12-09 02:28
LAB749754,ENC121013,PT13092,WBC,White Blood Cell Count,5.6,K/uL,4.5,11,N,STAT,2025-12-08 16:26,2025-12-08 17:00,2025-12-08 17:47
LAB749755,ENC121013,PT13092,HGB,Hemoglobin,14.7,g/dL,12,17.5,N,STAT,2025-12-08 16:34,2025-12-08 16:39,2025-12-08 17:24
LAB749756,ENC121014,PT12528,WBC,White Blood Cell Count,4.6,K/uL,4.5,11,N,Routine,2025-12-08 11:35,2025-12-08 12:09,2025-12-08 15:12
LAB749757,ENC121014,PT12528,HGB,Hemoglobin,12.6,g/dL,12,17.5,N,Routine,2025-12-08 11:58,2025-12-08 12:02,2025-12-08 14:46
LAB749758,ENC121014,PT12528,PLT,Platelet Count,246,K/uL,150,400,N,Routine,2025-12-08 11:39,2025-12-08 11:46,2025-12-08 12:51
LAB749759,ENC121017,PT11462,GLU,Glucose,146,mg/dL,70,99,H,Routine,2025-12-08 17:05,2025-12-08 17:39,2025-12-08 19:21
LAB749760,ENC121017,PT11462,CREAT,Creatinine,0.84,mg/dL,0.6,1.3,N,Routine,2025-12-08 17:43,2025-12-08 18:17,2025-12-08 22:04
LAB749761,ENC121017,PT11462,WBC,White Blood Cell Count,13.4,K/uL,4.5,11,H,Routine,2025-12-08 17:54,2025-12-08 18:12,2025-12-08 23:24
LAB749762,ENC121017,PT11462,HGB,Hemoglobin,11.7,g/dL,12,17.5,L,STAT,2025-12-08 16:58,2025-12-08 17:27,2025-12-08 18:32
LAB749763,ENC121017,PT11462,NA,Sodium,138,mmol/L,136,145,N,Routine,2025-12-08 17:01,2025-12-08 17:19,2025-12-08 20:00
LAB749764,ENC121017,PT11462,K,Potassium,4,mmol/L,3.5,5.1,N,STAT,2025-12-08 17:17,2025-12-08 17:27,2025-12-08 17:49
LAB749765,ENC121019,PT12566,GLU,Glucose,233,mg/dL,70,99,H,STAT,2025-12-08 17:41,2025-12-08 18:00,2025-12-08 18:51
LAB749766,ENC121019,PT12566,CREAT,Creatinine,0.72,mg/dL,0.6,1.3,N,Routine,2025-12-08 16:55,2025-12-08 17:28,2025-12-08 19:48
LAB749767,ENC121019,PT12566,WBC,White Blood Cell Count,14.3,K/uL,4.5,11,H,STAT,2025-12-08 17:12,2025-12-08 17:28,2025-12-08 18:01
LAB749768,ENC121019,PT12566,HGB,Hemoglobin,14.7,g/dL,12,17.5,N,STAT,2025-12-08 16:57,2025-12-08 17:31,2025-12-08 18:06
LAB749769,ENC121020,PT13261,WBC,White Blood Cell Count,8.9,K/uL,4.5,11,N,Routine,2025-12-08 13:21,2025-12-08 13:32,2025-12-08 18:12
LAB749770,ENC121020,PT13261,HGB,Hemoglobin,9.8,g/dL,12,17.5,L,Routine,2025-12-08 13:21,2025-12-08 13:34,2025-12-08 15:35
LAB749771,ENC121020,PT13261,PLT,Platelet Count,245,K/uL,150,400,N,Routine,2025-12-08 13:19,2025-12-08 13:31,2025-12-08 18:46
LAB749772,ENC121021,PT13036,GLU,Glucose,98,mg/dL,70,99,N,STAT,2025-12-08 13:32,2025-12-08 13:37,2025-12-08 14:23
LAB749773,ENC121021,PT13036,CREAT,Creatinine,1.06,mg/dL,0.6,1.3,N,STAT,2025-12-08 14:21,2025-12-08 14:55,2025-12-08 15:35
LAB749774,ENC121021,PT13036,WBC,White Blood Cell Count,9,K/uL,4.5,11,N,STAT,2025-12-08 14:08,2025-12-08 14:25,2025-12-08 14:55
LAB749775,ENC121022,PT13312,GLU,Glucose,127,mg/dL,70,99,H,Routine,2025-12-08 14:00,2025-12-08 14:06,2025-12-08 16:07
LAB749776,ENC121022,PT13312,CREAT,Creatinine,1.36,mg/dL,0.6,1.3,H,STAT,2025-12-08 14:18,2025-12-08 14:35,2025-12-08 15:02
LAB749777,ENC121022,PT13312,WBC,White Blood Cell Count,3.3,K/uL,4.5,11,L,STAT,2025-12-08 14:33,2025-12-08 15:07,2025-12-08 15:52
LAB749778,ENC121022,PT13312,HGB,Hemoglobin,14,g/dL,12,17.5,N,Routine,2025-12-08 13:45,2025-12-08 14:14,2025-12-08 18:33
LAB749779,ENC121022,PT13312,NA,Sodium,139,mmol/L,136,145,N,STAT,2025-12-08 14:13,2025-12-08 14:25,2025-12-08 15:25
LAB749780,ENC121022,PT13312,K,Potassium,4.1,mmol/L,3.5,5.1,N,STAT,2025-12-08 13:46,2025-12-08 14:19,2025-12-08 15:10
LAB749781,ENC121022,PT13312,LACT,Lactate,5,mmol/L,0.5,2,HH,STAT,2025-12-08 13:57,2025-12-08 14:09,2025-12-08 14:52
LAB749782,ENC121023,PT13357,GLU,Glucose,134,mg/dL,70,99,H,Routine,2025-12-08 17:57,2025-12-08 18:27,2025-12-08 22:42
LAB749783,ENC121023,PT13357,CREAT,Creatinine,1.09,mg/dL,0.6,1.3,N,STAT,2025-12-08 18:01,2025-12-08 18:34,2025-12-08 18:56
LAB749784,ENC121023,PT13357,WBC,White Blood Cell Count,8.7,K/uL,4.5,11,N,STAT,2025-12-08 17:38,2025-12-08 17:59,2025-12-08 19:04
LAB749785,ENC121023,PT13357,HGB,Hemoglobin,13.5,g/dL,12,17.5,N,Routine,2025-12-08 17:32,2025-12-08 17:47,2025-12-08 22:13
LAB749786,ENC121023,PT13357,NA,Sodium,138,mmol/L,136,145,N,Routine,2025-12-08 18:02,2025-12-08 18:29,2025-12-08 22:06
LAB749787,ENC121023,PT13357,K,Potassium,4,mmol/L,3.5,5.1,N,STAT,2025-12-08 17:29,2025-12-08 18:04,2025-12-08 18:59
LAB749788,ENC121023,PT13357,TROP,"Troponin I, High Sensitivity",4585,ng/L,0,34,H,STAT,2025-12-08 18:13,2025-12-08 18:30,2025-12-08 19:24
LAB749789,ENC121026,PT11406,GLU,Glucose,159,mg/dL,70,99,H,STAT,2025-12-08 14:48,2025-12-08 15:18,2025-12-08 16:39
LAB749790,ENC121026,PT11406,CREAT,Creatinine,1.01,mg/dL,0.6,1.3,N,STAT,2025-12-08 14:57,2025-12-08 15:21,2025-12-08 15:56
LAB749791,ENC121026,PT11406,WBC,White Blood Cell Count,10,K/uL,4.5,11,N,STAT,2025-12-08 15:09,2025-12-08 15:36,2025-12-08 16:02
LAB749792,ENC121026,PT11406,HGB,Hemoglobin,15.5,g/dL,12,17.5,N,Routine,2025-12-08 14:14,2025-12-08 14:18,2025-12-08 17:36
LAB749793,ENC121026,PT11406,TROP,"Troponin I, High Sensitivity",9,ng/L,0,34,N,STAT,2025-12-08 14:32,2025-12-08 14:36,2025-12-08 15:04
LAB749794,ENC121027,PT13001,GLU,Glucose,111,mg/dL,70,99,H,Routine,2025-12-08 15:07,2025-12-08 15:28,2025-12-08 18:03
LAB749795,ENC121027,PT13001,CREAT,Creatinine,1.13,mg/dL,0.6,1.3,N,STAT,2025-12-08 15:13,2025-12-08 15:39,2025-12-08 16:26
LAB749796,ENC121027,PT13001,WBC,White Blood Cell Count,10.6,K/uL,4.5,11,N,STAT,2025-12-08 15:33,2025-12-08 15:52,2025-12-08 16:17
LAB749797,ENC121027,PT13001,TROP,"Troponin I, High Sensitivity",3,ng/L,0,34,N,STAT,2025-12-08 15:26,2025-12-08 15:59,2025-12-08 16:39
LAB749798,ENC121031,PT10502,GLU,Glucose,77,mg/dL,70,99,N,STAT,2025-12-08 18:28,2025-12-08 18:38,2025-12-08 19:38
LAB749799,ENC121031,PT10502,CREAT,Creatinine,0.77,mg/dL,0.6,1.3,N,STAT,2025-12-08 17:45,2025-12-08 18:15,2025-12-08 18:45
LAB749800,ENC121031,PT10502,WBC,White Blood Cell Count,15.7,K/uL,4.5,11,H,STAT,2025-12-08 18:14,2025-12-08 18:39,2025-12-08 19:10
LAB749801,ENC121031,PT10502,HGB,Hemoglobin,15.1,g/dL,12,17.5,N,STAT,2025-12-08 17:46,2025-12-08 18:08,2025-12-08 19:11
LAB749802,ENC121032,PT13555,TROP,"Troponin I, High Sensitivity",6,ng/L,0,34,N,STAT,2025-12-08 14:52,2025-12-08 15:04,2025-12-08 15:44
LAB749803,ENC121037,PT12683,GLU,Glucose,91,mg/dL,70,99,N,Routine,2025-12-08 16:05,2025-12-08 16:11,2025-12-08 17:55
LAB749804,ENC121037,PT12683,CREAT,Creatinine,1.09,mg/dL,0.6,1.3,N,Routine,2025-12-08 16:16,2025-12-08 16:46,2025-12-08 20:45
LAB749805,ENC121037,PT12683,WBC,White Blood Cell Count,7.6,K/uL,4.5,11,N,STAT,2025-12-08 16:52,2025-12-08 17:15,2025-12-08 18:07
LAB749806,ENC121037,PT12683,HGB,Hemoglobin,13.6,g/dL,12,17.5,N,STAT,2025-12-08 16:36,2025-12-08 17:10,2025-12-08 17:40
LAB749807,ENC121038,PT11501,GLU,Glucose,98,mg/dL,70,99,N,STAT,2025-12-08 16:41,2025-12-08 17:02,2025-12-08 18:14
LAB749808,ENC121038,PT11501,CREAT,Creatinine,1.18,mg/dL,0.6,1.3,N,STAT,2025-12-08 17:19,2025-12-08 17:53,2025-12-08 18:25
LAB749809,ENC121038,PT11501,WBC,White Blood Cell Count,9.2,K/uL,4.5,11,N,STAT,2025-12-08 17:11,2025-12-08 17:27,2025-12-08 18:16
LAB749810,ENC121038,PT11501,HGB,Hemoglobin,11.9,g/dL,12,17.5,L,STAT,2025-12-08 16:41,2025-12-08 17:14,2025-12-08 17:59
LAB749811,ENC121038,PT11501,NA,Sodium,144,mmol/L,136,145,N,STAT,2025-12-08 16:38,2025-12-08 16:45,2025-12-08 17:33
LAB749812,ENC121038,PT11501,K,Potassium,4.2,mmol/L,3.5,5.1,N,STAT,2025-12-08 17:21,2025-12-08 17:50,2025-12-08 18:57
LAB749813,ENC121040,PT11645,GLU,Glucose,120,mg/dL,70,99,H,STAT,2025-12-08 22:28,2025-12-08 22:33,2025-12-08 23:16
LAB749814,ENC121040,PT11645,CREAT,Creatinine,1.05,mg/dL,0.6,1.3,N,STAT,2025-12-08 22:19,2025-12-08 22:33,2025-12-08 23:05
LAB749815,ENC121040,PT11645,WBC,White Blood Cell Count,7.1,K/uL,4.5,11,N,STAT,2025-12-08 22:14,2025-12-08 22:46,2025-12-08 23:26
LAB749816,ENC121040,PT11645,HGB,Hemoglobin,14.2,g/dL,12,17.5,N,STAT,2025-12-08 21:58,2025-12-08 22:09,2025-12-08 23:00
LAB749817,ENC121040,PT11645,TROP,"Troponin I, High Sensitivity",9,ng/L,0,34,N,STAT,2025-12-08 21:35,2025-12-08 21:48,2025-12-08 22:44
LAB749818,ENC121042,PT11396,GLU,Glucose,107,mg/dL,70,99,H,Routine,2025-12-08 20:13,2025-12-08 20:43,2025-12-08 22:33
LAB749819,ENC121042,PT11396,CREAT,Creatinine,0.78,mg/dL,0.6,1.3,N,Routine,2025-12-08 20:53,2025-12-08 21:26,2025-12-08 22:35
LAB749820,ENC121042,PT11396,WBC,White Blood Cell Count,13.5,K/uL,4.5,11,H,STAT,2025-12-08 20:46,2025-12-08 20:51,2025-12-08 22:16
LAB749821,ENC121043,PT12199,GLU,Glucose,98,mg/dL,70,99,N,STAT,2025-12-08 23:44,2025-12-08 23:53,2025-12-09 00:35
LAB749822,ENC121043,PT12199,CREAT,Creatinine,0.88,mg/dL,0.6,1.3,N,Routine,2025-12-08 23:41,2025-12-09 00:01,2025-12-09 02:21
LAB749823,ENC121043,PT12199,WBC,White Blood Cell Count,3.8,K/uL,4.5,11,L,STAT,2025-12-09 00:16,2025-12-09 00:20,2025-12-09 01:15
LAB749824,ENC121043,PT12199,HGB,Hemoglobin,16.5,g/dL,12,17.5,N,Routine,2025-12-09 00:07,2025-12-09 00:19,2025-12-09 07:22
LAB749825,ENC121043,PT12199,TROP,"Troponin I, High Sensitivity",4,ng/L,0,34,N,STAT,2025-12-09 00:27,2025-12-09 00:36,2025-12-09 01:13
LAB749826,ENC121043,PT12199,BNP,B-Type Natriuretic Peptide,606,pg/mL,0,100,H,Routine,2025-12-08 23:42,2025-12-08 23:58,2025-12-09 02:11
LAB749827,ENC121044,PT10815,GLU,Glucose,120,mg/dL,70,99,H,Routine,2025-12-09 00:23,2025-12-09 00:42,2025-12-09 08:55
LAB749828,ENC121044,PT10815,CREAT,Creatinine,1.1,mg/dL,0.6,1.3,N,STAT,2025-12-09 01:07,2025-12-09 01:27,2025-12-09 02:17
LAB749829,ENC121044,PT10815,WBC,White Blood Cell Count,5.9,K/uL,4.5,11,N,STAT,2025-12-09 01:07,2025-12-09 01:16,2025-12-09 01:56
LAB749830,ENC121044,PT10815,HGB,Hemoglobin,11.7,g/dL,12,17.5,L,STAT,2025-12-09 01:15,2025-12-09 01:33,2025-12-09 02:32
LAB749831,ENC121044,PT10815,TROP,"Troponin I, High Sensitivity",57,ng/L,0,34,H,STAT,2025-12-09 00:46,2025-12-09 01:06,2025-12-09 01:32
LAB749832,ENC121044,PT10815,BNP,B-Type Natriuretic Peptide,661,pg/mL,0,100,H,STAT,2025-12-09 00:25,2025-12-09 00:42,2025-12-09 01:39
LAB749833,ENC121045,PT13818,GLU,Glucose,298,mg/dL,70,99,H,STAT,2025-12-08 21:33,2025-12-08 21:44,2025-12-08 22:45
LAB749834,ENC121045,PT13818,CREAT,Creatinine,1.07,mg/dL,0.6,1.3,N,STAT,2025-12-08 22:25,2025-12-08 22:55,2025-12-08 23:36
LAB749835,ENC121047,PT11296,GLU,Glucose,88,mg/dL,70,99,N,STAT,2025-12-09 00:02,2025-12-09 00:09,2025-12-09 00:55
LAB749836,ENC121047,PT11296,CREAT,Creatinine,0.57,mg/dL,0.6,1.3,L,STAT,2025-12-09 00:14,2025-12-09 00:43,2025-12-09 01:22
LAB749837,ENC121048,PT10307,GLU,Glucose,65,mg/dL,70,99,L,Routine,2025-12-09 04:23,2025-12-09 04:33,2025-12-09 18:07
LAB749838,ENC121048,PT10307,CREAT,Creatinine,1.02,mg/dL,0.6,1.3,N,STAT,2025-12-09 03:57,2025-12-09 04:23,2025-12-09 05:12
LAB749839,ENC121048,PT10307,WBC,White Blood Cell Count,14.6,K/uL,4.5,11,H,STAT,2025-12-09 04:19,2025-12-09 04:43,2025-12-09 05:22
LAB749840,ENC121048,PT10307,HGB,Hemoglobin,11.5,g/dL,12,17.5,L,Routine,2025-12-09 04:12,2025-12-09 04:38,2025-12-09 06:06
LAB749841,ENC121048,PT10307,NA,Sodium,137,mmol/L,136,145,N,Routine,2025-12-09 04:46,2025-12-09 05:09,2025-12-09 06:43
LAB749842,ENC121048,PT10307,K,Potassium,4.7,mmol/L,3.5,5.1,N,STAT,2025-12-09 04:03,2025-12-09 04:19,2025-12-09 04:50
LAB749843,ENC121049,PT11888,GLU,Glucose,118,mg/dL,70,99,H,STAT,2025-12-09 04:08,2025-12-09 04:40,2025-12-09 05:23
LAB749844,ENC121049,PT11888,CREAT,Creatinine,0.85,mg/dL,0.6,1.3,N,STAT,2025-12-09 03:16,2025-12-09 03:25,2025-12-09 04:11
LAB749845,ENC121049,PT11888,WBC,White Blood Cell Count,15.3,K/uL,4.5,11,H,Routine,2025-12-09 03:01,2025-12-09 03:13,2025-12-09 05:38
LAB749846,ENC121050,PT13400,GLU,Glucose,109,mg/dL,70,99,H,Routine,2025-12-09 08:38,2025-12-09 08:51,2025-12-09 13:18
LAB749847,ENC121050,PT13400,CREAT,Creatinine,0.7,mg/dL,0.6,1.3,N,Routine,2025-12-09 09:19,2025-12-09 09:41,2025-12-09 11:42
LAB749848,ENC121050,PT13400,WBC,White Blood Cell Count,8.9,K/uL,4.5,11,N,Routine,2025-12-09 09:17,2025-12-09 09:39,2025-12-09 11:55
LAB749849,ENC121050,PT13400,HGB,Hemoglobin,15.4,g/dL,12,17.5,N,Routine,2025-12-09 08:46,2025-12-09 08:54,2025-12-09 10:14
LAB749850,ENC121051,PT12404,GLU,Glucose,121,mg/dL,70,99,H,STAT,2025-12-09 08:23,2025-12-09 08:45,2025-12-09 09:10
LAB749851,ENC121051,PT12404,CREAT,Creatinine,1.08,mg/dL,0.6,1.3,N,Routine,2025-12-09 07:44,2025-12-09 07:51,2025-12-09 10:57
LAB749852,ENC121051,PT12404,WBC,White Blood Cell Count,7.2,K/uL,4.5,11,N,STAT,2025-12-09 08:07,2025-12-09 08:28,2025-12-09 09:08
LAB749853,ENC121051,PT12404,HGB,Hemoglobin,13.4,g/dL,12,17.5,N,STAT,2025-12-09 08:15,2025-12-09 08:38,2025-12-09 09:29
LAB749854,ENC121053,PT10553,GLU,Glucose,69,mg/dL,70,99,L,STAT,2025-12-09 11:50,2025-12-09 12:14,2025-12-09 14:37
LAB749855,ENC121053,PT10553,CREAT,Creatinine,0.46,mg/dL,0.6,1.3,L,Routine,2025-12-09 10:57,2025-12-09 11:09,2025-12-09 13:25
LAB749856,ENC121053,PT10553,WBC,White Blood Cell Count,10.3,K/uL,4.5,11,N,Routine,2025-12-09 11:08,2025-12-09 11:41,2025-12-09 16:54
LAB749857,ENC121053,PT10553,HGB,Hemoglobin,13.5,g/dL,12,17.5,N,STAT,2025-12-09 11:34,2025-12-09 11:59,2025-12-09 12:55
LAB749858,ENC121053,PT10553,LACT,Lactate,2,mmol/L,0.5,2,N,STAT,2025-12-09 11:15,2025-12-09 11:23,2025-12-09 12:41
LAB749859,ENC121055,PT10010,GLU,Glucose,154,mg/dL,70,99,H,STAT,2025-12-09 09:36,2025-12-09 10:03,2025-12-09 10:45
LAB749860,ENC121055,PT10010,CREAT,Creatinine,1.39,mg/dL,0.6,1.3,H,Routine,2025-12-09 09:23,2025-12-09 09:31,2025-12-09 13:53
LAB749861,ENC121055,PT10010,WBC,White Blood Cell Count,8.7,K/uL,4.5,11,N,STAT,2025-12-09 09:35,2025-12-09 10:01,2025-12-09 10:26
LAB749862,ENC121055,PT10010,HGB,Hemoglobin,13.2,g/dL,12,17.5,N,STAT,2025-12-09 09:23,2025-12-09 09:39,2025-12-09 10:12
LAB749863,ENC121056,PT10886,GLU,Glucose,117,mg/dL,70,99,H,Routine,2025-12-09 09:59,2025-12-09 10:20,2025-12-09 11:55
LAB749864,ENC121056,PT10886,CREAT,Creatinine,1.06,mg/dL,0.6,1.3,N,Routine,2025-12-09 10:02,2025-12-09 10:06,2025-12-09 11:35
LAB749865,ENC121056,PT10886,WBC,White Blood Cell Count,14,K/uL,4.5,11,H,Routine,2025-12-09 10:25,2025-12-09 10:46,2025-12-09 13:37
LAB749866,ENC121058,PT10752,GLU,Glucose,81,mg/dL,70,99,N,Routine,2025-12-09 09:33,2025-12-09 10:08,2025-12-09 12:50
LAB749867,ENC121058,PT10752,CREAT,Creatinine,0.34,mg/dL,0.6,1.3,L,Routine,2025-12-09 10:16,2025-12-09 10:22,2025-12-09 15:44
LAB749868,ENC121058,PT10752,WBC,White Blood Cell Count,6.1,K/uL,4.5,11,N,STAT,2025-12-09 09:47,2025-12-09 10:07,2025-12-09 11:41
LAB749869,ENC121058,PT10752,HGB,Hemoglobin,13.1,g/dL,12,17.5,N,Routine,2025-12-09 10:20,2025-12-09 10:37,2025-12-09 13:39
LAB749870,ENC121059,PT12174,GLU,Glucose,110,mg/dL,70,99,H,Routine,2025-12-09 11:51,2025-12-09 12:21,2025-12-09 14:20
LAB749871,ENC121059,PT12174,CREAT,Creatinine,1.05,mg/dL,0.6,1.3,N,STAT,2025-12-09 12:01,2025-12-09 12:21,2025-12-09 13:14
LAB749872,ENC121059,PT12174,WBC,White Blood Cell Count,5.1,K/uL,4.5,11,N,STAT,2025-12-09 11:35,2025-12-09 11:58,2025-12-09 12:45
LAB749873,ENC121059,PT12174,HGB,Hemoglobin,11.5,g/dL,12,17.5,L,STAT,2025-12-09 11:23,2025-12-09 11:28,2025-12-09 12:12
LAB749874,ENC121060,PT12454,GLU,Glucose,120,mg/dL,70,99,H,STAT,2025-12-09 14:55,2025-12-09 15:14,2025-12-09 16:30
LAB749875,ENC121060,PT12454,CREAT,Creatinine,0.77,mg/dL,0.6,1.3,N,Routine,2025-12-09 14:58,2025-12-09 15:29,2025-12-09 17:07
LAB749876,ENC121060,PT12454,WBC,White Blood Cell Count,15.9,K/uL,4.5,11,H,STAT,2025-12-09 13:56,2025-12-09 14:01,2025-12-09 14:38
LAB749877,ENC121060,PT12454,HGB,Hemoglobin,14.7,g/dL,12,17.5,N,Routine,2025-12-09 14:39,2025-12-09 15:12,2025-12-09 20:41
LAB749878,ENC121061,PT12125,A1C,Hemoglobin A1c,8.2,%,4,5.6,H,Routine,2025-12-09 10:10,2025-12-09 10:19,2025-12-09 21:14
LAB749879,ENC121062,PT13708,GLU,Glucose,107,mg/dL,70,99,H,Routine,2025-12-09 11:09,2025-12-09 11:41,2025-12-09 14:50
LAB749880,ENC121062,PT13708,CREAT,Creatinine,1.1,mg/dL,0.6,1.3,N,Routine,2025-12-09 11:25,2025-12-09 11:45,2025-12-09 21:08
LAB749881,ENC121065,PT10205,LDL,LDL Cholesterol,103,mg/dL,0,99,H,Routine,2025-12-09 10:54,2025-12-09 11:09,2025-12-10 12:41
LAB749882,ENC121065,PT10205,A1C,Hemoglobin A1c,7.7,%,4,5.6,H,Routine,2025-12-09 11:04,2025-12-09 11:20,2025-12-10 07:10
LAB749883,ENC121065,PT10205,TSH,Thyroid Stimulating Hormone,2.76,mIU/L,0.4,4,N,Routine,2025-12-09 10:53,2025-12-09 11:09,2025-12-10 04:57
LAB749884,ENC121067,PT11608,GLU,Glucose,107,mg/dL,70,99,H,STAT,2025-12-09 11:30,2025-12-09 11:36,2025-12-09 12:13
LAB749885,ENC121067,PT11608,CREAT,Creatinine,0.95,mg/dL,0.6,1.3,N,STAT,2025-12-09 11:12,2025-12-09 11:37,2025-12-09 12:47
LAB749886,ENC121067,PT11608,WBC,White Blood Cell Count,16.9,K/uL,4.5,11,H,STAT,2025-12-09 11:56,2025-12-09 12:04,2025-12-09 12:42
LAB749887,ENC121068,PT13326,GLU,Glucose,191,mg/dL,70,99,H,STAT,2025-12-09 14:19,2025-12-09 14:46,2025-12-09 15:21
LAB749888,ENC121068,PT13326,CREAT,Creatinine,2.14,mg/dL,0.6,1.3,H,STAT,2025-12-09 14:17,2025-12-09 14:29,2025-12-09 15:17
LAB749889,ENC121068,PT13326,WBC,White Blood Cell Count,24.8,K/uL,4.5,11,H,Routine,2025-12-09 14:21,2025-12-09 14:37,2025-12-09 16:56
LAB749890,ENC121068,PT13326,HGB,Hemoglobin,12.6,g/dL,12,17.5,N,Routine,2025-12-09 14:50,2025-12-09 15:13,2025-12-09 17:44
LAB749891,ENC121068,PT13326,LACT,Lactate,5.5,mmol/L,0.5,2,HH,STAT,2025-12-09 15:05,2025-12-09 15:16,2025-12-09 16:02
LAB749892,ENC121069,PT11604,GLU,Glucose,250,mg/dL,70,99,H,STAT,2025-12-09 16:12,2025-12-09 16:39,2025-12-09 17:27
LAB749893,ENC121069,PT11604,CREAT,Creatinine,0.59,mg/dL,0.6,1.3,L,STAT,2025-12-09 16:18,2025-12-09 16:38,2025-12-09 17:19
LAB749894,ENC121069,PT11604,WBC,White Blood Cell Count,8.3,K/uL,4.5,11,N,STAT,2025-12-09 15:44,2025-12-09 15:56,2025-12-09 16:47
LAB749895,ENC121069,PT11604,HGB,Hemoglobin,13.6,g/dL,12,17.5,N,STAT,2025-12-09 16:01,2025-12-09 16:31,2025-12-09 17:37
LAB749896,ENC121076,PT11413,GLU,Glucose,91,mg/dL,70,99,N,STAT,2025-12-09 14:47,2025-12-09 14:56,2025-12-09 15:42
LAB749897,ENC121076,PT11413,CREAT,Creatinine,1.06,mg/dL,0.6,1.3,N,STAT,2025-12-09 14:48,2025-12-09 14:54,2025-12-09 15:52
LAB749898,ENC121076,PT11413,WBC,White Blood Cell Count,12.3,K/uL,4.5,11,H,STAT,2025-12-09 15:01,2025-12-09 15:09,2025-12-09 15:43
LAB749899,ENC121077,PT13955,A1C,Hemoglobin A1c,5.8,%,4,5.6,H,Routine,2025-12-09 14:44,2025-12-09 15:08,2025-12-10 08:24
LAB749900,ENC121078,PT10783,GLU,Glucose,105,mg/dL,70,99,H,STAT,2025-12-09 16:23,2025-12-09 16:28,2025-12-09 17:10
LAB749901,ENC121078,PT10783,CREAT,Creatinine,1.5,mg/dL,0.6,1.3,H,Routine,2025-12-09 17:07,2025-12-09 17:31,2025-12-09 20:45
LAB749902,ENC121078,PT10783,WBC,White Blood Cell Count,5.1,K/uL,4.5,11,N,STAT,2025-12-09 17:21,2025-12-09 17:51,2025-12-09 18:33
LAB749903,ENC121078,PT10783,HGB,Hemoglobin,10.3,g/dL,12,17.5,L,STAT,2025-12-09 16:26,2025-12-09 16:43,2025-12-09 17:56
LAB749904,ENC121079,PT10950,GLU,Glucose,108,mg/dL,70,99,H,STAT,2025-12-09 16:20,2025-12-09 16:47,2025-12-09 17:12
LAB749905,ENC121079,PT10950,CREAT,Creatinine,0.55,mg/dL,0.6,1.3,L,STAT,2025-12-09 15:46,2025-12-09 16:12,2025-12-09 17:10
LAB749906,ENC121079,PT10950,WBC,White Blood Cell Count,8.2,K/uL,4.5,11,N,Routine,2025-12-09 16:08,2025-12-09 16:15,2025-12-09 17:33
LAB749907,ENC121080,PT12910,LDL,LDL Cholesterol,121,mg/dL,0,99,H,Routine,2025-12-09 16:22,2025-12-09 16:56,2025-12-10 06:58
LAB749908,ENC121080,PT12910,A1C,Hemoglobin A1c,5.2,%,4,5.6,N,Routine,2025-12-09 16:43,2025-12-09 17:15,2025-12-10 05:49
LAB749909,ENC121081,PT10351,GLU,Glucose,120,mg/dL,70,99,H,STAT,2025-12-09 20:09,2025-12-09 20:40,2025-12-09 21:16
LAB749910,ENC121081,PT10351,CREAT,Creatinine,2.05,mg/dL,0.6,1.3,H,Routine,2025-12-09 20:34,2025-12-09 20:45,2025-12-10 00:50
LAB749911,ENC121081,PT10351,WBC,White Blood Cell Count,14.4,K/uL,4.5,11,H,Routine,2025-12-09 20:09,2025-12-09 20:23,2025-12-09 22:55
LAB749912,ENC121081,PT10351,HGB,Hemoglobin,14.8,g/dL,12,17.5,N,Routine,2025-12-09 20:23,2025-12-09 20:42,2025-12-09 23:05
LAB749913,ENC121081,PT10351,LACT,Lactate,3.1,mmol/L,0.5,2,H,STAT,2025-12-09 20:19,2025-12-09 20:34,2025-12-09 22:07
LAB749914,ENC121084,PT13443,GLU,Glucose,113,mg/dL,70,99,H,STAT,2025-12-09 19:37,2025-12-09 19:42,2025-12-09 20:13
LAB749915,ENC121084,PT13443,CREAT,Creatinine,0.78,mg/dL,0.6,1.3,N,Routine,2025-12-09 20:14,2025-12-09 20:22,2025-12-10 01:42
LAB749916,ENC121084,PT13443,WBC,White Blood Cell Count,12.5,K/uL,4.5,11,H,STAT,2025-12-09 19:58,2025-12-09 20:02,2025-12-09 20:45
LAB749917,ENC121084,PT13443,HGB,Hemoglobin,14.6,g/dL,12,17.5,N,STAT,2025-12-09 19:23,2025-12-09 19:44,2025-12-09 20:27
LAB749918,ENC121085,PT11665,GLU,Glucose,104,mg/dL,70,99,H,STAT,2025-12-09 17:32,2025-12-09 17:45,2025-12-09 18:36
LAB749919,ENC121085,PT11665,CREAT,Creatinine,1.27,mg/dL,0.6,1.3,N,Routine,2025-12-09 17:02,2025-12-09 17:22,2025-12-09 20:44
LAB749920,ENC121086,PT12537,GLU,Glucose,196,mg/dL,70,99,H,Routine,2025-12-09 20:43,2025-12-09 21:01,2025-12-09 23:22
LAB749921,ENC121086,PT12537,CREAT,Creatinine,0.97,mg/dL,0.6,1.3,N,STAT,2025-12-09 20:07,2025-12-09 20:29,2025-12-09 21:09
LAB749922,ENC121086,PT12537,WBC,White Blood Cell Count,8,K/uL,4.5,11,N,Routine,2025-12-09 20:09,2025-12-09 20:28,2025-12-09 22:51
LAB749923,ENC121086,PT12537,HGB,Hemoglobin,14.9,g/dL,12,17.5,N,STAT,2025-12-09 20:54,2025-12-09 21:23,2025-12-09 22:00
LAB749924,ENC121086,PT12537,NA,Sodium,127,mmol/L,136,145,L,Routine,2025-12-09 20:40,2025-12-09 21:15,2025-12-10 00:34
LAB749925,ENC121086,PT12537,K,Potassium,4,mmol/L,3.5,5.1,N,STAT,2025-12-09 20:41,2025-12-09 20:58,2025-12-09 21:57
LAB749926,ENC121088,PT12951,GLU,Glucose,81,mg/dL,70,99,N,STAT,2025-12-09 19:08,2025-12-09 19:32,2025-12-09 20:43
LAB749927,ENC121088,PT12951,CREAT,Creatinine,1.29,mg/dL,0.6,1.3,N,Routine,2025-12-09 18:45,2025-12-09 18:57,2025-12-09 21:55
LAB749928,ENC121088,PT12951,WBC,White Blood Cell Count,6.2,K/uL,4.5,11,N,Routine,2025-12-09 18:29,2025-12-09 18:51,2025-12-09 22:05
LAB749929,ENC121088,PT12951,HGB,Hemoglobin,13.7,g/dL,12,17.5,N,STAT,2025-12-09 18:15,2025-12-09 18:26,2025-12-09 19:06
LAB749930,ENC121089,PT10270,GLU,Glucose,121,mg/dL,70,99,H,STAT,2025-12-09 18:50,2025-12-09 18:54,2025-12-09 20:10
LAB749931,ENC121089,PT10270,CREAT,Creatinine,0.97,mg/dL,0.6,1.3,N,STAT,2025-12-09 19:22,2025-12-09 19:42,2025-12-09 20:30
LAB749932,ENC121089,PT10270,WBC,White Blood Cell Count,8.6,K/uL,4.5,11,N,Routine,2025-12-09 19:14,2025-12-09 19:49,2025-12-09 23:29
LAB749933,ENC121089,PT10270,HGB,Hemoglobin,10.9,g/dL,12,17.5,L,STAT,2025-12-09 18:31,2025-12-09 18:56,2025-12-09 19:45
LAB749934,ENC121089,PT10270,BUN,Blood Urea Nitrogen,14,mg/dL,7,20,N,STAT,2025-12-09 19:20,2025-12-09 19:24,2025-12-09 20:06
LAB749935,ENC121089,PT10270,PLT,Platelet Count,297,K/uL,150,400,N,STAT,2025-12-09 18:30,2025-12-09 18:38,2025-12-09 19:27
LAB749936,ENC121089,PT10270,INR,Prothrombin Time INR,0.9,ratio,0.8,1.2,N,STAT,2025-12-09 18:20,2025-12-09 18:38,2025-12-09 19:10
LAB749937,ENC121090,PT11351,GLU,Glucose,97,mg/dL,70,99,N,STAT,2025-12-09 19:28,2025-12-09 19:39,2025-12-09 20:34
LAB749938,ENC121090,PT11351,CREAT,Creatinine,0.43,mg/dL,0.6,1.3,L,STAT,2025-12-09 19:41,2025-12-09 20:05,2025-12-09 20:33
LAB749939,ENC121090,PT11351,WBC,White Blood Cell Count,7.2,K/uL,4.5,11,N,STAT,2025-12-09 19:12,2025-12-09 19:41,2025-12-09 20:13
LAB749940,ENC121090,PT11351,HGB,Hemoglobin,15.2,g/dL,12,17.5,N,STAT,2025-12-09 19:10,2025-12-09 19:21,2025-12-09 21:02
LAB749941,ENC121091,PT11882,GLU,Glucose,110,mg/dL,70,99,H,Routine,2025-12-10 00:56,2025-12-10 01:05,2025-12-10 07:01
LAB749942,ENC121091,PT11882,CREAT,Creatinine,3.9,mg/dL,0.6,1.3,H,STAT,2025-12-10 00:39,2025-12-10 01:11,2025-12-10 01:58
LAB749943,ENC121091,PT11882,WBC,White Blood Cell Count,6.8,K/uL,4.5,11,N,STAT,2025-12-10 00:47,2025-12-10 01:09,2025-12-10 01:44
LAB749944,ENC121091,PT11882,HGB,Hemoglobin,10.4,g/dL,12,17.5,L,Routine,2025-12-10 00:44,2025-12-10 01:07,2025-12-10 02:54
LAB749945,ENC121091,PT11882,NA,Sodium,140,mmol/L,136,145,N,STAT,2025-12-10 00:35,2025-12-10 00:44,2025-12-10 01:31
LAB749946,ENC121091,PT11882,K,Potassium,5.5,mmol/L,3.5,5.1,H,STAT,2025-12-10 00:43,2025-12-10 00:53,2025-12-10 01:53
LAB749947,ENC121092,PT12759,GLU,Glucose,105,mg/dL,70,99,H,STAT,2025-12-10 02:26,2025-12-10 02:36,2025-12-10 03:12
LAB749948,ENC121092,PT12759,CREAT,Creatinine,0.89,mg/dL,0.6,1.3,N,Routine,2025-12-10 02:35,2025-12-10 02:40,2025-12-10 07:18
LAB749949,ENC121092,PT12759,WBC,White Blood Cell Count,7.5,K/uL,4.5,11,N,Routine,2025-12-10 01:38,2025-12-10 01:59,2025-12-10 05:47
LAB749950,ENC121092,PT12759,HGB,Hemoglobin,11.8,g/dL,12,17.5,L,STAT,2025-12-10 02:10,2025-12-10 02:18,2025-12-10 02:48
LAB749951,ENC121093,PT12952,GLU,Glucose,103,mg/dL,70,99,H,STAT,2025-12-10 08:47,2025-12-10 09:17,2025-12-10 09:59
LAB749952,ENC121093,PT12952,CREAT,Creatinine,1.15,mg/dL,0.6,1.3,N,Routine,2025-12-10 08:20,2025-12-10 08:44,2025-12-10 10:43
LAB749953,ENC121093,PT12952,WBC,White Blood Cell Count,8.2,K/uL,4.5,11,N,Routine,2025-12-10 08:39,2025-12-10 09:02,2025-12-10 11:11
LAB749954,ENC121093,PT12952,HGB,Hemoglobin,15.6,g/dL,12,17.5,N,Routine,2025-12-10 08:31,2025-12-10 08:52,2025-12-10 11:28
LAB749955,ENC121094,PT10978,GLU,Glucose,102,mg/dL,70,99,H,Routine,2025-12-10 06:51,2025-12-10 07:23,2025-12-10 11:04
LAB749956,ENC121094,PT10978,CREAT,Creatinine,1.24,mg/dL,0.6,1.3,N,STAT,2025-12-10 06:28,2025-12-10 06:59,2025-12-10 07:56
LAB749957,ENC121094,PT10978,WBC,White Blood Cell Count,10,K/uL,4.5,11,N,STAT,2025-12-10 05:56,2025-12-10 06:14,2025-12-10 07:12
LAB749958,ENC121094,PT10978,HGB,Hemoglobin,14,g/dL,12,17.5,N,STAT,2025-12-10 06:54,2025-12-10 07:13,2025-12-10 08:35
LAB749959,ENC121095,PT13811,GLU,Glucose,94,mg/dL,70,99,N,STAT,2025-12-10 06:56,2025-12-10 07:04,2025-12-10 08:27
LAB749960,ENC121095,PT13811,CREAT,Creatinine,1.14,mg/dL,0.6,1.3,N,Routine,2025-12-10 07:13,2025-12-10 07:22,2025-12-10 09:20
LAB749961,ENC121095,PT13811,WBC,White Blood Cell Count,11,K/uL,4.5,11,N,STAT,2025-12-10 06:41,2025-12-10 07:03,2025-12-10 07:34
LAB749962,ENC121095,PT13811,HGB,Hemoglobin,15.1,g/dL,12,17.5,N,Routine,2025-12-10 07:11,2025-12-10 07:24,2025-12-10 11:51
LAB749963,ENC121096,PT10177,GLU,Glucose,121,mg/dL,70,99,H,STAT,2025-12-10 08:04,2025-12-10 08:12,2025-12-10 08:40
LAB749964,ENC121096,PT10177,CREAT,Creatinine,0.93,mg/dL,0.6,1.3,N,STAT,2025-12-10 07:26,2025-12-10 07:59,2025-12-10 08:21
LAB749965,ENC121096,PT10177,WBC,White Blood Cell Count,11.7,K/uL,4.5,11,H,STAT,2025-12-10 08:02,2025-12-10 08:33,2025-12-10 09:29
LAB749966,ENC121096,PT10177,HGB,Hemoglobin,12.6,g/dL,12,17.5,N,Routine,2025-12-10 07:41,2025-12-10 08:11,2025-12-10 10:07
LAB749967,ENC121096,PT10177,NA,Sodium,142,mmol/L,136,145,N,STAT,2025-12-10 08:31,2025-12-10 08:35,2025-12-10 09:02
LAB749968,ENC121096,PT10177,K,Potassium,3.7,mmol/L,3.5,5.1,N,STAT,2025-12-10 08:12,2025-12-10 08:45,2025-12-10 09:06
LAB749969,ENC121096,PT10177,TROP,"Troponin I, High Sensitivity",645,ng/L,0,34,H,STAT,2025-12-10 08:08,2025-12-10 08:36,2025-12-10 09:19
LAB749970,ENC121097,PT11816,GLU,Glucose,214,mg/dL,70,99,H,STAT,2025-12-10 11:05,2025-12-10 11:16,2025-12-10 11:52
LAB749971,ENC121097,PT11816,CREAT,Creatinine,0.67,mg/dL,0.6,1.3,N,Routine,2025-12-10 11:47,2025-12-10 11:59,2025-12-10 16:33
LAB749972,ENC121097,PT11816,WBC,White Blood Cell Count,7.9,K/uL,4.5,11,N,STAT,2025-12-10 11:05,2025-12-10 11:13,2025-12-10 12:28
LAB749973,ENC121097,PT11816,HGB,Hemoglobin,12.2,g/dL,12,17.5,N,STAT,2025-12-10 11:06,2025-12-10 11:20,2025-12-10 12:13
LAB749974,ENC121097,PT11816,NA,Sodium,140,mmol/L,136,145,N,Routine,2025-12-10 12:00,2025-12-10 12:05,2025-12-10 15:30
LAB749975,ENC121097,PT11816,K,Potassium,3.9,mmol/L,3.5,5.1,N,STAT,2025-12-10 11:16,2025-12-10 11:38,2025-12-10 12:17
LAB749976,ENC121097,PT11816,TROP,"Troponin I, High Sensitivity",30,ng/L,0,34,N,STAT,2025-12-10 11:37,2025-12-10 11:56,2025-12-10 12:17
LAB749977,ENC121097,PT11816,BNP,B-Type Natriuretic Peptide,2157,pg/mL,0,100,H,STAT,2025-12-10 11:06,2025-12-10 11:40,2025-12-10 12:19
LAB749978,ENC121101,PT13575,GLU,Glucose,153,mg/dL,70,99,H,STAT,2025-12-10 10:06,2025-12-10 10:10,2025-12-10 10:33
LAB749979,ENC121101,PT13575,CREAT,Creatinine,0.59,mg/dL,0.6,1.3,L,Routine,2025-12-10 09:10,2025-12-10 09:17,2025-12-10 11:17
LAB749980,ENC121101,PT13575,WBC,White Blood Cell Count,17.2,K/uL,4.5,11,H,STAT,2025-12-10 10:12,2025-12-10 10:38,2025-12-10 11:08
LAB749981,ENC121101,PT13575,HGB,Hemoglobin,14.4,g/dL,12,17.5,N,STAT,2025-12-10 09:46,2025-12-10 09:55,2025-12-10 10:58
LAB749982,ENC121101,PT13575,NA,Sodium,142,mmol/L,136,145,N,STAT,2025-12-10 09:44,2025-12-10 10:17,2025-12-10 11:11
LAB749983,ENC121101,PT13575,K,Potassium,3.3,mmol/L,3.5,5.1,L,STAT,2025-12-10 09:34,2025-12-10 09:59,2025-12-10 10:37
LAB749984,ENC121101,PT13575,LACT,Lactate,4.6,mmol/L,0.5,2,HH,STAT,2025-12-10 09:55,2025-12-10 10:28,2025-12-10 11:17
LAB749985,ENC121103,PT10879,A1C,Hemoglobin A1c,8.3,%,4,5.6,H,Routine,2025-12-10 09:43,2025-12-10 09:52,2025-12-11 20:00
LAB749986,ENC121114,PT10900,LDL,LDL Cholesterol,147,mg/dL,0,99,H,Routine,2025-12-10 14:12,2025-12-10 14:27,2025-12-11 00:50
LAB749987,ENC121117,PT12048,LDL,LDL Cholesterol,134,mg/dL,0,99,H,Routine,2025-12-10 14:45,2025-12-10 14:57,2025-12-10 23:02
LAB749988,ENC121117,PT12048,TSH,Thyroid Stimulating Hormone,2.82,mIU/L,0.4,4,N,Routine,2025-12-10 14:59,2025-12-10 15:11,2025-12-11 01:34
LAB749989,ENC121119,PT10623,GLU,Glucose,105,mg/dL,70,99,H,STAT,2025-12-10 19:59,2025-12-10 20:05,2025-12-10 20:51
LAB749990,ENC121119,PT10623,CREAT,Creatinine,1.12,mg/dL,0.6,1.3,N,STAT,2025-12-10 19:34,2025-12-10 19:45,2025-12-10 20:39
LAB749991,ENC121119,PT10623,WBC,White Blood Cell Count,8.8,K/uL,4.5,11,N,STAT,2025-12-10 19:53,2025-12-10 20:26,2025-12-10 20:52
LAB749992,ENC121119,PT10623,HGB,Hemoglobin,13.7,g/dL,12,17.5,N,Routine,2025-12-10 20:07,2025-12-10 20:38,2025-12-10 22:56
LAB749993,ENC121125,PT13786,A1C,Hemoglobin A1c,10.5,%,4,5.6,H,Routine,2025-12-10 15:40,2025-12-10 15:44,2025-12-11 16:40
LAB749994,ENC121126,PT13370,LDL,LDL Cholesterol,123,mg/dL,0,99,H,Routine,2025-12-10 15:49,2025-12-10 16:17,2025-12-11 20:34
LAB749995,ENC121126,PT13370,A1C,Hemoglobin A1c,5.4,%,4,5.6,N,Routine,2025-12-10 15:37,2025-12-10 16:07,2025-12-11 08:50
LAB749996,ENC121129,PT11722,GLU,Glucose,123,mg/dL,70,99,H,STAT,2025-12-10 16:29,2025-12-10 16:42,2025-12-10 17:32
LAB749997,ENC121129,PT11722,CREAT,Creatinine,0.98,mg/dL,0.6,1.3,N,STAT,2025-12-10 17:00,2025-12-10 17:15,2025-12-10 18:54
LAB749998,ENC121130,PT12024,GLU,Glucose,107,mg/dL,70,99,H,STAT,2025-12-10 21:17,2025-12-10 21:41,2025-12-10 22:07
LAB749999,ENC121130,PT12024,CREAT,Creatinine,0.98,mg/dL,0.6,1.3,N,Routine,2025-12-10 20:44,2025-12-10 21:07,2025-12-11 00:04
LAB750000,ENC121130,PT12024,WBC,White Blood Cell Count,9.2,K/uL,4.5,11,N,STAT,2025-12-10 21:22,2025-12-10 21:35,2025-12-10 22:11
LAB750001,ENC121130,PT12024,HGB,Hemoglobin,17.2,g/dL,12,17.5,N,STAT,2025-12-10 21:18,2025-12-10 21:36,2025-12-10 22:13
LAB750002,ENC121130,PT12024,TROP,"Troponin I, High Sensitivity",12,ng/L,0,34,N,STAT,2025-12-10 20:34,2025-12-10 20:52,2025-12-10 22:01
LAB750003,ENC121132,PT13097,WBC,White Blood Cell Count,9.4,K/uL,4.5,11,N,Routine,2025-12-10 16:37,2025-12-10 16:51,2025-12-10 18:43
LAB750004,ENC121132,PT13097,HGB,Hemoglobin,9.1,g/dL,12,17.5,L,Routine,2025-12-10 16:21,2025-12-10 16:25,2025-12-10 19:52
LAB750005,ENC121132,PT13097,PLT,Platelet Count,289,K/uL,150,400,N,Routine,2025-12-10 16:33,2025-12-10 16:49,2025-12-10 19:42
LAB750006,ENC121133,PT11935,GLU,Glucose,74,mg/dL,70,99,N,Routine,2025-12-10 16:36,2025-12-10 17:09,2025-12-10 20:24
LAB750007,ENC121133,PT11935,CREAT,Creatinine,0.93,mg/dL,0.6,1.3,N,Routine,2025-12-10 16:41,2025-12-10 17:00,2025-12-10 23:18
LAB750008,ENC121133,PT11935,WBC,White Blood Cell Count,7.3,K/uL,4.5,11,N,STAT,2025-12-10 17:01,2025-12-10 17:31,2025-12-10 18:25
LAB750009,ENC121136,PT12941,GLU,Glucose,111,mg/dL,70,99,H,STAT,2025-12-11 00:10,2025-12-11 00:17,2025-12-11 00:45
LAB750010,ENC121136,PT12941,CREAT,Creatinine,0.39,mg/dL,0.6,1.3,L,STAT,2025-12-10 23:45,2025-12-10 23:58,2025-12-11 01:00
LAB750011,ENC121136,PT12941,WBC,White Blood Cell Count,6.8,K/uL,4.5,11,N,Routine,2025-12-10 23:37,2025-12-10 23:50,2025-12-11 01:25
LAB750012,ENC121136,PT12941,HGB,Hemoglobin,17.5,g/dL,12,17.5,N,STAT,2025-12-11 00:14,2025-12-11 00:20,2025-12-11 00:54
LAB750013,ENC121136,PT12941,NA,Sodium,138,mmol/L,136,145,N,STAT,2025-12-10 23:51,2025-12-10 23:58,2025-12-11 00:28
LAB750014,ENC121136,PT12941,K,Potassium,4.1,mmol/L,3.5,5.1,N,STAT,2025-12-10 23:14,2025-12-10 23:39,2025-12-11 00:50
LAB750015,ENC121137,PT13620,GLU,Glucose,105,mg/dL,70,99,H,Routine,2025-12-10 23:22,2025-12-10 23:27,2025-12-11 02:05
LAB750016,ENC121137,PT13620,CREAT,Creatinine,0.72,mg/dL,0.6,1.3,N,Routine,2025-12-10 23:28,2025-12-11 00:00,2025-12-11 03:09
LAB750017,ENC121137,PT13620,WBC,White Blood Cell Count,7.4,K/uL,4.5,11,N,Routine,2025-12-10 22:57,2025-12-10 23:22,2025-12-11 01:59
LAB750018,ENC121137,PT13620,HGB,Hemoglobin,12.6,g/dL,12,17.5,N,STAT,2025-12-10 23:14,2025-12-10 23:46,2025-12-11 00:52
LAB750019,ENC121137,PT13620,NA,Sodium,139,mmol/L,136,145,N,STAT,2025-12-10 23:47,2025-12-10 23:55,2025-12-11 00:33
LAB750020,ENC121137,PT13620,K,Potassium,4,mmol/L,3.5,5.1,N,STAT,2025-12-10 23:00,2025-12-10 23:23,2025-12-10 23:54
LAB750021,ENC121138,PT12990,GLU,Glucose,186,mg/dL,70,99,H,STAT,2025-12-10 22:51,2025-12-10 23:10,2025-12-11 00:24
LAB750022,ENC121138,PT12990,CREAT,Creatinine,1.28,mg/dL,0.6,1.3,N,Routine,2025-12-10 23:02,2025-12-10 23:36,2025-12-11 01:19
LAB750023,ENC121138,PT12990,WBC,White Blood Cell Count,21.9,K/uL,4.5,11,H,STAT,2025-12-10 23:32,2025-12-10 23:40,2025-12-11 00:18
LAB750024,ENC121138,PT12990,HGB,Hemoglobin,13.4,g/dL,12,17.5,N,STAT,2025-12-10 23:30,2025-12-10 23:58,2025-12-11 00:22
LAB750025,ENC121138,PT12990,NA,Sodium,136,mmol/L,136,145,N,STAT,2025-12-10 23:28,2025-12-10 23:40,2025-12-11 00:15
LAB750026,ENC121138,PT12990,K,Potassium,4,mmol/L,3.5,5.1,N,STAT,2025-12-10 23:42,2025-12-11 00:11,2025-12-11 00:56
LAB750027,ENC121138,PT12990,LACT,Lactate,1.8,mmol/L,0.5,2,N,STAT,2025-12-10 23:33,2025-12-10 23:58,2025-12-11 00:38
LAB750028,ENC121140,PT11624,LDL,LDL Cholesterol,114,mg/dL,0,99,H,Routine,2025-12-11 08:28,2025-12-11 08:40,2025-12-11 16:01
LAB750029,ENC121140,PT11624,A1C,Hemoglobin A1c,9.4,%,4,5.6,H,Routine,2025-12-11 08:41,2025-12-11 08:56,2025-12-11 23:32
LAB750030,ENC121142,PT13806,GLU,Glucose,143,mg/dL,70,99,H,Routine,2025-12-11 09:38,2025-12-11 09:45,2025-12-11 14:13
LAB750031,ENC121142,PT13806,CREAT,Creatinine,1,mg/dL,0.6,1.3,N,STAT,2025-12-11 09:14,2025-12-11 09:43,2025-12-11 10:29
LAB750032,ENC121142,PT13806,WBC,White Blood Cell Count,8.1,K/uL,4.5,11,N,Routine,2025-12-11 09:09,2025-12-11 09:25,2025-12-11 12:46
LAB750033,ENC121142,PT13806,HGB,Hemoglobin,15.4,g/dL,12,17.5,N,Routine,2025-12-11 08:52,2025-12-11 09:04,2025-12-11 14:15
LAB750034,ENC121145,PT13133,WBC,White Blood Cell Count,7.8,K/uL,4.5,11,N,Routine,2025-12-11 09:06,2025-12-11 09:34,2025-12-11 11:32
LAB750035,ENC121145,PT13133,HGB,Hemoglobin,9.7,g/dL,12,17.5,L,Routine,2025-12-11 09:08,2025-12-11 09:20,2025-12-11 12:23
LAB750036,ENC121145,PT13133,PLT,Platelet Count,205,K/uL,150,400,N,Routine,2025-12-11 09:15,2025-12-11 09:37,2025-12-11 11:31
LAB750037,ENC121146,PT10283,GLU,Glucose,143,mg/dL,70,99,H,Routine,2025-12-11 11:58,2025-12-11 12:17,2025-12-11 18:46
LAB750038,ENC121146,PT10283,CREAT,Creatinine,1.03,mg/dL,0.6,1.3,N,Routine,2025-12-11 11:42,2025-12-11 12:07,2025-12-11 19:27
LAB750039,ENC121146,PT10283,WBC,White Blood Cell Count,7.1,K/uL,4.5,11,N,STAT,2025-12-11 11:31,2025-12-11 11:38,2025-12-11 12:51
LAB750040,ENC121146,PT10283,HGB,Hemoglobin,14.5,g/dL,12,17.5,N,Routine,2025-12-11 11:31,2025-12-11 11:54,2025-12-11 15:57
LAB750041,ENC121146,PT10283,LACT,Lactate,2,mmol/L,0.5,2,N,STAT,2025-12-11 11:50,2025-12-11 11:59,2025-12-11 12:30
LAB750042,ENC121147,PT12577,GLU,Glucose,88,mg/dL,70,99,N,Routine,2025-12-11 10:14,2025-12-11 10:36,2025-12-11 11:33
LAB750043,ENC121147,PT12577,CREAT,Creatinine,1.21,mg/dL,0.6,1.3,N,STAT,2025-12-11 10:10,2025-12-11 10:29,2025-12-11 11:06
LAB750044,ENC121148,PT13719,GLU,Glucose,151,mg/dL,70,99,H,STAT,2025-12-11 13:22,2025-12-11 13:37,2025-12-11 14:15
LAB750045,ENC121148,PT13719,CREAT,Creatinine,1.02,mg/dL,0.6,1.3,N,Routine,2025-12-11 13:16,2025-12-11 13:35,2025-12-11 16:20
LAB750046,ENC121148,PT13719,WBC,White Blood Cell Count,7.4,K/uL,4.5,11,N,STAT,2025-12-11 13:23,2025-12-11 13:35,2025-12-11 14:04
LAB750047,ENC121148,PT13719,HGB,Hemoglobin,15.9,g/dL,12,17.5,N,Routine,2025-12-11 13:22,2025-12-11 13:48,2025-12-11 18:45
LAB750048,ENC121149,PT13964,GLU,Glucose,119,mg/dL,70,99,H,STAT,2025-12-11 10:47,2025-12-11 11:06,2025-12-11 12:09
LAB750049,ENC121149,PT13964,CREAT,Creatinine,0.73,mg/dL,0.6,1.3,N,STAT,2025-12-11 10:29,2025-12-11 10:42,2025-12-11 11:33
LAB750050,ENC121149,PT13964,WBC,White Blood Cell Count,6.3,K/uL,4.5,11,N,Routine,2025-12-11 10:01,2025-12-11 10:25,2025-12-11 12:16
LAB750051,ENC121149,PT13964,HGB,Hemoglobin,12.4,g/dL,12,17.5,N,STAT,2025-12-11 10:03,2025-12-11 10:24,2025-12-11 11:25
LAB750052,ENC121149,PT13964,NA,Sodium,141,mmol/L,136,145,N,Routine,2025-12-11 10:02,2025-12-11 10:23,2025-12-11 13:45
LAB750053,ENC121149,PT13964,K,Potassium,4.6,mmol/L,3.5,5.1,N,STAT,2025-12-11 10:52,2025-12-11 11:25,2025-12-11 11:52
LAB750054,ENC121150,PT12935,LDL,LDL Cholesterol,81,mg/dL,0,99,N,Routine,2025-12-11 10:05,2025-12-11 10:10,2025-12-12 00:47
LAB750055,ENC121153,PT13991,WBC,White Blood Cell Count,8.5,K/uL,4.5,11,N,Routine,2025-12-11 11:28,2025-12-11 11:43,2025-12-11 15:30
LAB750056,ENC121153,PT13991,HGB,Hemoglobin,12.1,g/dL,12,17.5,N,Routine,2025-12-11 11:13,2025-12-11 11:28,2025-12-11 16:26
LAB750057,ENC121153,PT13991,PLT,Platelet Count,166,K/uL,150,400,N,Routine,2025-12-11 11:15,2025-12-11 11:27,2025-12-11 12:08
LAB750058,ENC121154,PT11353,GLU,Glucose,129,mg/dL,70,99,H,STAT,2025-12-11 14:19,2025-12-11 14:39,2025-12-11 15:20
LAB750059,ENC121154,PT11353,CREAT,Creatinine,1.26,mg/dL,0.6,1.3,N,STAT,2025-12-11 14:28,2025-12-11 14:44,2025-12-11 15:08
LAB750060,ENC121154,PT11353,WBC,White Blood Cell Count,8.1,K/uL,4.5,11,N,STAT,2025-12-11 14:55,2025-12-11 15:02,2025-12-11 15:48
LAB750061,ENC121154,PT11353,HGB,Hemoglobin,17.8,g/dL,12,17.5,H,Routine,2025-12-11 14:58,2025-12-11 15:08,2025-12-11 17:52
LAB750062,ENC121156,PT11187,WBC,White Blood Cell Count,5.2,K/uL,4.5,11,N,Routine,2025-12-11 12:08,2025-12-11 12:31,2025-12-11 15:10
LAB750063,ENC121156,PT11187,HGB,Hemoglobin,10.6,g/dL,12,17.5,L,Routine,2025-12-11 12:02,2025-12-11 12:33,2025-12-11 13:48
LAB750064,ENC121156,PT11187,PLT,Platelet Count,141,K/uL,150,400,L,Routine,2025-12-11 12:07,2025-12-11 12:24,2025-12-11 15:27
LAB750065,ENC121158,PT13539,WBC,White Blood Cell Count,7.6,K/uL,4.5,11,N,Routine,2025-12-11 12:58,2025-12-11 13:30,2025-12-11 18:33
LAB750066,ENC121158,PT13539,HGB,Hemoglobin,14.1,g/dL,12,17.5,N,Routine,2025-12-11 12:56,2025-12-11 13:09,2025-12-11 15:17
LAB750067,ENC121158,PT13539,PLT,Platelet Count,295,K/uL,150,400,N,Routine,2025-12-11 12:41,2025-12-11 12:45,2025-12-11 14:43
LAB750068,ENC121159,PT13187,A1C,Hemoglobin A1c,10.4,%,4,5.6,H,Routine,2025-12-11 13:07,2025-12-11 13:28,2025-12-12 03:02
LAB750069,ENC121162,PT11934,GLU,Glucose,180,mg/dL,70,99,H,Routine,2025-12-11 14:29,2025-12-11 15:03,2025-12-11 17:12
LAB750070,ENC121162,PT11934,CREAT,Creatinine,0.96,mg/dL,0.6,1.3,N,Routine,2025-12-11 14:36,2025-12-11 14:42,2025-12-11 18:44
LAB750071,ENC121162,PT11934,WBC,White Blood Cell Count,14.5,K/uL,4.5,11,H,STAT,2025-12-11 13:39,2025-12-11 13:44,2025-12-11 14:55
LAB750072,ENC121162,PT11934,HGB,Hemoglobin,15.8,g/dL,12,17.5,N,STAT,2025-12-11 14:23,2025-12-11 14:47,2025-12-11 15:43
LAB750073,ENC121163,PT10761,LDL,LDL Cholesterol,99,mg/dL,0,99,N,Routine,2025-12-11 15:27,2025-12-11 15:56,2025-12-12 13:22
LAB750074,ENC121163,PT10761,A1C,Hemoglobin A1c,5.5,%,4,5.6,N,Routine,2025-12-11 15:07,2025-12-11 15:22,2025-12-12 19:21
LAB750075,ENC121164,PT10180,GLU,Glucose,167,mg/dL,70,99,H,Routine,2025-12-11 19:25,2025-12-11 19:58,2025-12-11 23:51
LAB750076,ENC121164,PT10180,CREAT,Creatinine,2.43,mg/dL,0.6,1.3,H,Routine,2025-12-11 20:10,2025-12-11 20:35,2025-12-11 23:08
LAB750077,ENC121164,PT10180,WBC,White Blood Cell Count,13.6,K/uL,4.5,11,H,STAT,2025-12-11 19:58,2025-12-11 20:27,2025-12-11 21:27
LAB750078,ENC121164,PT10180,HGB,Hemoglobin,12,g/dL,12,17.5,N,Routine,2025-12-11 19:45,2025-12-11 19:58,2025-12-11 21:21
LAB750079,ENC121164,PT10180,LACT,Lactate,3.5,mmol/L,0.5,2,H,STAT,2025-12-11 19:23,2025-12-11 19:29,2025-12-11 20:09
LAB750080,ENC121169,PT11577,A1C,Hemoglobin A1c,7.3,%,4,5.6,H,Routine,2025-12-11 16:53,2025-12-11 17:11,2025-12-12 18:10
LAB750081,ENC121170,PT11713,WBC,White Blood Cell Count,5.8,K/uL,4.5,11,N,Routine,2025-12-11 16:40,2025-12-11 16:58,2025-12-11 19:46
LAB750082,ENC121170,PT11713,HGB,Hemoglobin,8.3,g/dL,12,17.5,L,Routine,2025-12-11 17:00,2025-12-11 17:27,2025-12-11 20:36
LAB750083,ENC121170,PT11713,PLT,Platelet Count,243,K/uL,150,400,N,Routine,2025-12-11 16:40,2025-12-11 16:44,2025-12-11 21:15
LAB750084,ENC121171,PT13386,GLU,Glucose,154,mg/dL,70,99,H,Routine,2025-12-11 20:50,2025-12-11 21:13,2025-12-11 22:25
LAB750085,ENC121171,PT13386,CREAT,Creatinine,1.16,mg/dL,0.6,1.3,N,Routine,2025-12-11 20:58,2025-12-11 21:06,2025-12-12 00:07
LAB750086,ENC121171,PT13386,WBC,White Blood Cell Count,4.3,K/uL,4.5,11,L,STAT,2025-12-11 20:31,2025-12-11 21:03,2025-12-11 22:34
LAB750087,ENC121171,PT13386,HGB,Hemoglobin,11.6,g/dL,12,17.5,L,STAT,2025-12-11 20:09,2025-12-11 20:23,2025-12-11 21:00
LAB750088,ENC121171,PT13386,TROP,"Troponin I, High Sensitivity",7,ng/L,0,34,N,STAT,2025-12-11 20:09,2025-12-11 20:39,2025-12-11 21:22
LAB750089,ENC121171,PT13386,BNP,B-Type Natriuretic Peptide,606,pg/mL,0,100,H,STAT,2025-12-11 20:19,2025-12-11 20:35,2025-12-11 21:45
LAB750090,ENC121173,PT10184,GLU,Glucose,112,mg/dL,70,99,H,STAT,2025-12-11 21:29,2025-12-11 21:34,2025-12-11 22:18
LAB750091,ENC121173,PT10184,CREAT,Creatinine,0.95,mg/dL,0.6,1.3,N,Routine,2025-12-11 20:47,2025-12-11 21:17,2025-12-12 02:07
LAB750092,ENC121173,PT10184,WBC,White Blood Cell Count,5.1,K/uL,4.5,11,N,STAT,2025-12-11 20:34,2025-12-11 21:02,2025-12-11 21:53
LAB750093,ENC121173,PT10184,HGB,Hemoglobin,11.9,g/dL,12,17.5,L,STAT,2025-12-11 21:25,2025-12-11 21:41,2025-12-11 22:20
LAB750094,ENC121174,PT12291,GLU,Glucose,101,mg/dL,70,99,H,Routine,2025-12-12 00:33,2025-12-12 01:07,2025-12-12 03:57
LAB750095,ENC121174,PT12291,CREAT,Creatinine,0.8,mg/dL,0.6,1.3,N,STAT,2025-12-12 00:15,2025-12-12 00:33,2025-12-12 00:57
LAB750096,ENC121174,PT12291,WBC,White Blood Cell Count,16.4,K/uL,4.5,11,H,Routine,2025-12-11 23:48,2025-12-12 00:18,2025-12-12 02:30
LAB750097,ENC121174,PT12291,HGB,Hemoglobin,13.2,g/dL,12,17.5,N,Routine,2025-12-11 23:53,2025-12-11 23:57,2025-12-12 06:21
LAB750098,ENC121175,PT10722,GLU,Glucose,96,mg/dL,70,99,N,STAT,2025-12-12 02:48,2025-12-12 03:11,2025-12-12 03:53
LAB750099,ENC121175,PT10722,CREAT,Creatinine,1.22,mg/dL,0.6,1.3,N,STAT,2025-12-12 01:50,2025-12-12 02:18,2025-12-12 03:09
LAB750100,ENC121176,PT11968,GLU,Glucose,108,mg/dL,70,99,H,Routine,2025-12-12 09:56,2025-12-12 10:05,2025-12-12 11:53
LAB750101,ENC121176,PT11968,CREAT,Creatinine,1.04,mg/dL,0.6,1.3,N,STAT,2025-12-12 10:11,2025-12-12 10:41,2025-12-12 12:37
LAB750102,ENC121176,PT11968,WBC,White Blood Cell Count,11.5,K/uL,4.5,11,H,STAT,2025-12-12 10:33,2025-12-12 11:05,2025-12-12 12:04
LAB750103,ENC121176,PT11968,HGB,Hemoglobin,12.5,g/dL,12,17.5,N,STAT,2025-12-12 10:11,2025-12-12 10:29,2025-12-12 11:37
LAB750104,ENC121177,PT11758,GLU,Glucose,102,mg/dL,70,99,H,STAT,2025-12-12 08:37,2025-12-12 09:07,2025-12-12 10:06
LAB750105,ENC121177,PT11758,CREAT,Creatinine,0.81,mg/dL,0.6,1.3,N,STAT,2025-12-12 08:24,2025-12-12 08:34,2025-12-12 10:01
LAB750106,ENC121177,PT11758,TROP,"Troponin I, High Sensitivity",10,ng/L,0,34,N,STAT,2025-12-12 08:20,2025-12-12 08:48,2025-12-12 09:09
LAB750107,ENC121178,PT10609,GLU,Glucose,104,mg/dL,70,99,H,STAT,2025-12-12 09:01,2025-12-12 09:21,2025-12-12 10:06
LAB750108,ENC121178,PT10609,CREAT,Creatinine,0.89,mg/dL,0.6,1.3,N,Routine,2025-12-12 09:16,2025-12-12 09:48,2025-12-12 12:17
LAB750109,ENC121178,PT10609,WBC,White Blood Cell Count,9.9,K/uL,4.5,11,N,STAT,2025-12-12 09:14,2025-12-12 09:49,2025-12-12 10:12
LAB750110,ENC121178,PT10609,HGB,Hemoglobin,15.7,g/dL,12,17.5,N,Routine,2025-12-12 08:37,2025-12-12 09:07,2025-12-12 10:44
LAB750111,ENC121181,PT13862,A1C,Hemoglobin A1c,5.9,%,4,5.6,H,Routine,2025-12-12 09:29,2025-12-12 09:36,2025-12-12 21:45
LAB750112,ENC121183,PT10915,GLU,Glucose,199,mg/dL,70,99,H,STAT,2025-12-12 10:21,2025-12-12 10:50,2025-12-12 11:44
LAB750113,ENC121183,PT10915,CREAT,Creatinine,0.87,mg/dL,0.6,1.3,N,Routine,2025-12-12 10:45,2025-12-12 11:16,2025-12-12 16:19
LAB750114,ENC121183,PT10915,WBC,White Blood Cell Count,13.1,K/uL,4.5,11,H,STAT,2025-12-12 10:54,2025-12-12 11:01,2025-12-12 12:14
LAB750115,ENC121183,PT10915,HGB,Hemoglobin,15.3,g/dL,12,17.5,N,Routine,2025-12-12 10:25,2025-12-12 10:35,2025-12-12 13:12
LAB750116,ENC121183,PT10915,BUN,Blood Urea Nitrogen,8,mg/dL,7,20,N,STAT,2025-12-12 10:43,2025-12-12 11:16,2025-12-12 12:14
LAB750117,ENC121183,PT10915,PLT,Platelet Count,221,K/uL,150,400,N,STAT,2025-12-12 09:59,2025-12-12 10:24,2025-12-12 10:55
LAB750118,ENC121185,PT11398,LDL,LDL Cholesterol,134,mg/dL,0,99,H,Routine,2025-12-12 11:06,2025-12-12 11:12,2025-12-13 14:37
LAB750119,ENC121187,PT13161,A1C,Hemoglobin A1c,8.6,%,4,5.6,H,Routine,2025-12-12 11:20,2025-12-12 11:44,2025-12-12 23:37
LAB750120,ENC121188,PT12781,A1C,Hemoglobin A1c,7.4,%,4,5.6,H,Routine,2025-12-12 11:31,2025-12-12 11:54,2025-12-12 17:28
LAB750121,ENC121189,PT11764,A1C,Hemoglobin A1c,10.7,%,4,5.6,H,Routine,2025-12-12 11:57,2025-12-12 12:08,2025-12-12 18:56
LAB750122,ENC121190,PT10606,GLU,Glucose,92,mg/dL,70,99,N,Routine,2025-12-12 12:00,2025-12-12 12:24,2025-12-12 15:45
LAB750123,ENC121190,PT10606,CREAT,Creatinine,1.06,mg/dL,0.6,1.3,N,STAT,2025-12-12 11:53,2025-12-12 12:18,2025-12-12 12:51
LAB750124,ENC121190,PT10606,WBC,White Blood Cell Count,9,K/uL,4.5,11,N,STAT,2025-12-12 12:01,2025-12-12 12:19,2025-12-12 13:12
LAB750125,ENC121190,PT10606,HGB,Hemoglobin,13.4,g/dL,12,17.5,N,Routine,2025-12-12 12:28,2025-12-12 13:03,2025-12-12 18:10
LAB750126,ENC121190,PT10606,NA,Sodium,140,mmol/L,136,145,N,STAT,2025-12-12 12:39,2025-12-12 13:05,2025-12-12 14:00
LAB750127,ENC121190,PT10606,K,Potassium,4.1,mmol/L,3.5,5.1,N,STAT,2025-12-12 12:11,2025-12-12 12:30,2025-12-12 12:57
LAB750128,ENC121191,PT10280,LDL,LDL Cholesterol,180,mg/dL,0,99,H,Routine,2025-12-12 12:11,2025-12-12 12:45,2025-12-12 23:34
LAB750129,ENC121192,PT11034,GLU,Glucose,113,mg/dL,70,99,H,STAT,2025-12-12 17:00,2025-12-12 17:20,2025-12-12 18:25
LAB750130,ENC121192,PT11034,CREAT,Creatinine,0.99,mg/dL,0.6,1.3,N,Routine,2025-12-12 17:29,2025-12-12 18:04,2025-12-12 22:21
LAB750131,ENC121192,PT11034,WBC,White Blood Cell Count,13.9,K/uL,4.5,11,H,STAT,2025-12-12 16:44,2025-12-12 17:06,2025-12-12 17:48
LAB750132,ENC121192,PT11034,HGB,Hemoglobin,12.9,g/dL,12,17.5,N,STAT,2025-12-12 16:26,2025-12-12 16:32,2025-12-12 17:49
LAB750133,ENC121192,PT11034,NA,Sodium,138,mmol/L,136,145,N,STAT,2025-12-12 16:25,2025-12-12 16:29,2025-12-12 17:24
LAB750134,ENC121192,PT11034,K,Potassium,4.5,mmol/L,3.5,5.1,N,STAT,2025-12-12 17:18,2025-12-12 17:25,2025-12-12 18:29
LAB750135,ENC121195,PT10882,GLU,Glucose,121,mg/dL,70,99,H,Routine,2025-12-12 16:20,2025-12-12 16:32,2025-12-13 01:00
LAB750136,ENC121195,PT10882,CREAT,Creatinine,1.08,mg/dL,0.6,1.3,N,STAT,2025-12-12 16:39,2025-12-12 16:50,2025-12-12 17:40
LAB750137,ENC121195,PT10882,WBC,White Blood Cell Count,6.9,K/uL,4.5,11,N,Routine,2025-12-12 16:36,2025-12-12 16:41,2025-12-12 18:46
LAB750138,ENC121195,PT10882,HGB,Hemoglobin,13,g/dL,12,17.5,N,STAT,2025-12-12 16:33,2025-12-12 17:05,2025-12-12 17:44
LAB750139,ENC121195,PT10882,BUN,Blood Urea Nitrogen,18,mg/dL,7,20,N,Routine,2025-12-12 16:04,2025-12-12 16:31,2025-12-12 18:43
LAB750140,ENC121195,PT10882,PLT,Platelet Count,291,K/uL,150,400,N,Routine,2025-12-12 17:04,2025-12-12 17:25,2025-12-12 18:19
LAB750141,ENC121196,PT11981,A1C,Hemoglobin A1c,5.8,%,4,5.6,H,Routine,2025-12-12 13:52,2025-12-12 14:11,2025-12-13 06:40
LAB750142,ENC121197,PT12522,WBC,White Blood Cell Count,5.8,K/uL,4.5,11,N,Routine,2025-12-12 14:39,2025-12-12 15:09,2025-12-12 19:08
LAB750143,ENC121197,PT12522,HGB,Hemoglobin,12.8,g/dL,12,17.5,N,Routine,2025-12-12 14:21,2025-12-12 14:36,2025-12-12 18:01
LAB750144,ENC121197,PT12522,PLT,Platelet Count,222,K/uL,150,400,N,Routine,2025-12-12 14:33,2025-12-12 14:38,2025-12-12 16:38
LAB750145,ENC121199,PT10479,GLU,Glucose,111,mg/dL,70,99,H,Routine,2025-12-12 19:39,2025-12-12 19:54,2025-12-12 22:34
LAB750146,ENC121199,PT10479,CREAT,Creatinine,0.44,mg/dL,0.6,1.3,L,STAT,2025-12-12 19:32,2025-12-12 19:46,2025-12-12 20:54
LAB750147,ENC121199,PT10479,WBC,White Blood Cell Count,6.2,K/uL,4.5,11,N,STAT,2025-12-12 20:15,2025-12-12 20:47,2025-12-12 21:21
LAB750148,ENC121199,PT10479,HGB,Hemoglobin,14.1,g/dL,12,17.5,N,Routine,2025-12-12 20:07,2025-12-12 20:38,2025-12-12 22:21
LAB750149,ENC121200,PT11677,GLU,Glucose,104,mg/dL,70,99,H,STAT,2025-12-12 19:19,2025-12-12 19:33,2025-12-12 19:58
LAB750150,ENC121200,PT11677,CREAT,Creatinine,1.19,mg/dL,0.6,1.3,N,STAT,2025-12-12 19:59,2025-12-12 20:09,2025-12-12 20:44
LAB750151,ENC121200,PT11677,WBC,White Blood Cell Count,7.8,K/uL,4.5,11,N,STAT,2025-12-12 20:12,2025-12-12 20:32,2025-12-12 21:18
LAB750152,ENC121200,PT11677,HGB,Hemoglobin,13.2,g/dL,12,17.5,N,Routine,2025-12-12 19:43,2025-12-12 19:50,2025-12-12 21:55
LAB750153,ENC121200,PT11677,TROP,"Troponin I, High Sensitivity",47,ng/L,0,34,H,STAT,2025-12-12 19:36,2025-12-12 19:52,2025-12-12 20:36
LAB750154,ENC121200,PT11677,BNP,B-Type Natriuretic Peptide,949,pg/mL,0,100,H,Routine,2025-12-12 20:12,2025-12-12 20:37,2025-12-13 03:43
LAB750155,ENC121203,PT13780,LDL,LDL Cholesterol,58,mg/dL,0,99,N,Routine,2025-12-12 16:05,2025-12-12 16:15,2025-12-13 08:04
LAB750156,ENC121203,PT13780,A1C,Hemoglobin A1c,5.1,%,4,5.6,N,Routine,2025-12-12 15:52,2025-12-12 15:59,2025-12-13 05:51
LAB750157,ENC121205,PT11691,GLU,Glucose,193,mg/dL,70,99,H,STAT,2025-12-12 17:13,2025-12-12 17:29,2025-12-12 17:58
LAB750158,ENC121205,PT11691,CREAT,Creatinine,1.6,mg/dL,0.6,1.3,H,Routine,2025-12-12 16:59,2025-12-12 17:22,2025-12-12 19:59
LAB750159,ENC121205,PT11691,WBC,White Blood Cell Count,7.7,K/uL,4.5,11,N,STAT,2025-12-12 17:30,2025-12-12 17:42,2025-12-12 18:50
LAB750160,ENC121205,PT11691,HGB,Hemoglobin,10.8,g/dL,12,17.5,L,STAT,2025-12-12 17:13,2025-12-12 17:34,2025-12-12 18:21
LAB750161,ENC121205,PT11691,LACT,Lactate,4.1,mmol/L,0.5,2,HH,STAT,2025-12-12 16:29,2025-12-12 17:03,2025-12-12 18:48
LAB750162,ENC121206,PT11534,LDL,LDL Cholesterol,80,mg/dL,0,99,N,Routine,2025-12-12 16:40,2025-12-12 16:57,2025-12-13 11:30
LAB750163,ENC121208,PT11214,GLU,Glucose,107,mg/dL,70,99,H,STAT,2025-12-12 21:19,2025-12-12 21:50,2025-12-12 22:38
LAB750164,ENC121208,PT11214,CREAT,Creatinine,0.78,mg/dL,0.6,1.3,N,Routine,2025-12-12 21:21,2025-12-12 21:53,2025-12-12 23:24
LAB750165,ENC121208,PT11214,WBC,White Blood Cell Count,7.7,K/uL,4.5,11,N,STAT,2025-12-12 21:17,2025-12-12 21:22,2025-12-12 22:16
LAB750166,ENC121208,PT11214,HGB,Hemoglobin,16.3,g/dL,12,17.5,N,STAT,2025-12-12 21:39,2025-12-12 22:11,2025-12-12 22:49
LAB750167,ENC121208,PT11214,TROP,"Troponin I, High Sensitivity",362,ng/L,0,34,H,STAT,2025-12-12 21:14,2025-12-12 21:34,2025-12-12 23:11
LAB750168,ENC121209,PT11787,GLU,Glucose,122,mg/dL,70,99,H,Routine,2025-12-12 22:33,2025-12-12 23:05,2025-12-13 04:37
LAB750169,ENC121209,PT11787,CREAT,Creatinine,0.9,mg/dL,0.6,1.3,N,STAT,2025-12-12 22:53,2025-12-12 23:07,2025-12-12 23:30
LAB750170,ENC121209,PT11787,WBC,White Blood Cell Count,8.8,K/uL,4.5,11,N,STAT,2025-12-12 23:07,2025-12-12 23:31,2025-12-13 00:23
LAB750171,ENC121209,PT11787,HGB,Hemoglobin,12.7,g/dL,12,17.5,N,Routine,2025-12-12 22:18,2025-12-12 22:42,2025-12-13 01:16
LAB750172,ENC121209,PT11787,NA,Sodium,144,mmol/L,136,145,N,STAT,2025-12-12 22:42,2025-12-12 22:59,2025-12-13 00:12
LAB750173,ENC121209,PT11787,K,Potassium,5.1,mmol/L,3.5,5.1,N,STAT,2025-12-12 22:45,2025-12-12 22:59,2025-12-12 23:38
LAB750174,ENC121210,PT12947,GLU,Glucose,122,mg/dL,70,99,H,STAT,2025-12-12 19:22,2025-12-12 19:28,2025-12-12 20:16
LAB750175,ENC121210,PT12947,CREAT,Creatinine,3.63,mg/dL,0.6,1.3,H,STAT,2025-12-12 18:58,2025-12-12 19:03,2025-12-12 19:51
LAB750176,ENC121210,PT12947,WBC,White Blood Cell Count,7.5,K/uL,4.5,11,N,STAT,2025-12-12 19:22,2025-12-12 19:51,2025-12-12 21:16
LAB750177,ENC121210,PT12947,HGB,Hemoglobin,15.6,g/dL,12,17.5,N,STAT,2025-12-12 19:23,2025-12-12 19:48,2025-12-12 20:31
LAB750178,ENC121210,PT12947,NA,Sodium,139,mmol/L,136,145,N,STAT,2025-12-12 18:30,2025-12-12 18:39,2025-12-12 19:29
LAB750179,ENC121210,PT12947,K,Potassium,6.1,mmol/L,3.5,5.1,H,STAT,2025-12-12 18:19,2025-12-12 18:35,2025-12-12 19:25
LAB750180,ENC121212,PT13319,GLU,Glucose,110,mg/dL,70,99,H,Routine,2025-12-12 22:01,2025-12-12 22:10,2025-12-13 01:21
LAB750181,ENC121212,PT13319,CREAT,Creatinine,0.25,mg/dL,0.6,1.3,L,STAT,2025-12-12 21:41,2025-12-12 21:59,2025-12-12 22:33
LAB750182,ENC121212,PT13319,WBC,White Blood Cell Count,8.4,K/uL,4.5,11,N,Routine,2025-12-12 22:04,2025-12-12 22:11,2025-12-12 23:55
LAB750183,ENC121212,PT13319,HGB,Hemoglobin,11.5,g/dL,12,17.5,L,Routine,2025-12-12 21:38,2025-12-12 22:08,2025-12-13 00:43
LAB750184,ENC121214,PT10826,GLU,Glucose,68,mg/dL,70,99,L,Routine,2025-12-13 01:19,2025-12-13 01:46,2025-12-13 13:16
LAB750185,ENC121214,PT10826,CREAT,Creatinine,1.32,mg/dL,0.6,1.3,H,STAT,2025-12-13 00:50,2025-12-13 01:07,2025-12-13 01:39
LAB750186,ENC121214,PT10826,WBC,White Blood Cell Count,7.8,K/uL,4.5,11,N,STAT,2025-12-13 01:07,2025-12-13 01:14,2025-12-13 02:14
LAB750187,ENC121214,PT10826,HGB,Hemoglobin,13.3,g/dL,12,17.5,N,STAT,2025-12-13 01:30,2025-12-13 01:58,2025-12-13 02:33
LAB750188,ENC121214,PT10826,TROP,"Troponin I, High Sensitivity",389,ng/L,0,34,H,STAT,2025-12-13 01:26,2025-12-13 01:41,2025-12-13 02:17
LAB750189,ENC121215,PT10054,GLU,Glucose,112,mg/dL,70,99,H,STAT,2025-12-12 22:39,2025-12-12 22:59,2025-12-13 00:15
LAB750190,ENC121215,PT10054,CREAT,Creatinine,0.79,mg/dL,0.6,1.3,N,Routine,2025-12-12 22:17,2025-12-12 22:47,2025-12-13 02:51
LAB750191,ENC121215,PT10054,WBC,White Blood Cell Count,5.7,K/uL,4.5,11,N,Routine,2025-12-12 22:26,2025-12-12 22:45,2025-12-13 01:39
LAB750192,ENC121215,PT10054,HGB,Hemoglobin,12.9,g/dL,12,17.5,N,STAT,2025-12-12 22:32,2025-12-12 22:55,2025-12-12 23:23
LAB750193,ENC121216,PT11805,GLU,Glucose,111,mg/dL,70,99,H,STAT,2025-12-13 04:22,2025-12-13 04:40,2025-12-13 06:11
LAB750194,ENC121216,PT11805,CREAT,Creatinine,1.05,mg/dL,0.6,1.3,N,STAT,2025-12-13 05:08,2025-12-13 05:41,2025-12-13 06:07
LAB750195,ENC121216,PT11805,WBC,White Blood Cell Count,9.2,K/uL,4.5,11,N,STAT,2025-12-13 05:17,2025-12-13 05:33,2025-12-13 06:21
LAB750196,ENC121217,PT11242,GLU,Glucose,157,mg/dL,70,99,H,STAT,2025-12-13 05:10,2025-12-13 05:35,2025-12-13 06:38
LAB750197,ENC121217,PT11242,CREAT,Creatinine,0.84,mg/dL,0.6,1.3,N,STAT,2025-12-13 05:40,2025-12-13 05:55,2025-12-13 06:35
LAB750198,ENC121217,PT11242,WBC,White Blood Cell Count,10.7,K/uL,4.5,11,N,Routine,2025-12-13 05:22,2025-12-13 05:34,2025-12-13 16:06
LAB750199,ENC121217,PT11242,HGB,Hemoglobin,14.3,g/dL,12,17.5,N,Routine,2025-12-13 05:57,2025-12-13 06:24,2025-12-13 08:26
LAB750200,ENC121218,PT11115,GLU,Glucose,200,mg/dL,70,99,H,STAT,2025-12-13 08:57,2025-12-13 09:16,2025-12-13 10:11
LAB750201,ENC121218,PT11115,CREAT,Creatinine,0.83,mg/dL,0.6,1.3,N,Routine,2025-12-13 08:20,2025-12-13 08:45,2025-12-13 10:45
LAB750202,ENC121218,PT11115,WBC,White Blood Cell Count,10.7,K/uL,4.5,11,N,Routine,2025-12-13 08:56,2025-12-13 09:29,2025-12-13 11:32
LAB750203,ENC121218,PT11115,HGB,Hemoglobin,14.8,g/dL,12,17.5,N,STAT,2025-12-13 08:43,2025-12-13 09:11,2025-12-13 09:57
LAB750204,ENC121218,PT11115,TROP,"Troponin I, High Sensitivity",46,ng/L,0,34,H,STAT,2025-12-13 08:43,2025-12-13 08:59,2025-12-13 09:33
LAB750205,ENC121218,PT11115,BNP,B-Type Natriuretic Peptide,943,pg/mL,0,100,H,STAT,2025-12-13 08:22,2025-12-13 08:33,2025-12-13 09:21
LAB750206,ENC121219,PT13050,GLU,Glucose,120,mg/dL,70,99,H,Routine,2025-12-13 11:37,2025-12-13 12:00,2025-12-13 13:35
LAB750207,ENC121219,PT13050,CREAT,Creatinine,0.61,mg/dL,0.6,1.3,N,Routine,2025-12-13 12:13,2025-12-13 12:36,2025-12-13 15:58
LAB750208,ENC121219,PT13050,WBC,White Blood Cell Count,8.6,K/uL,4.5,11,N,Routine,2025-12-13 11:59,2025-12-13 12:30,2025-12-13 16:46
LAB750209,ENC121219,PT13050,HGB,Hemoglobin,12.4,g/dL,12,17.5,N,STAT,2025-12-13 12:26,2025-12-13 12:32,2025-12-13 13:19
LAB750210,ENC121219,PT13050,NA,Sodium,137,mmol/L,136,145,N,STAT,2025-12-13 12:26,2025-12-13 12:47,2025-12-13 13:36
LAB750211,ENC121219,PT13050,K,Potassium,4.5,mmol/L,3.5,5.1,N,STAT,2025-12-13 12:03,2025-12-13 12:25,2025-12-13 12:51
LAB750212,ENC121219,PT13050,TROP,"Troponin I, High Sensitivity",31,ng/L,0,34,N,STAT,2025-12-13 11:24,2025-12-13 11:51,2025-12-13 12:41
LAB750213,ENC121219,PT13050,BNP,B-Type Natriuretic Peptide,902,pg/mL,0,100,H,STAT,2025-12-13 11:58,2025-12-13 12:14,2025-12-13 12:49
LAB750214,ENC121221,PT12807,GLU,Glucose,116,mg/dL,70,99,H,STAT,2025-12-13 11:21,2025-12-13 11:35,2025-12-13 12:25
LAB750215,ENC121221,PT12807,CREAT,Creatinine,0.9,mg/dL,0.6,1.3,N,Routine,2025-12-13 11:27,2025-12-13 11:38,2025-12-13 12:49
LAB750216,ENC121221,PT12807,WBC,White Blood Cell Count,7,K/uL,4.5,11,N,Routine,2025-12-13 10:50,2025-12-13 11:19,2025-12-13 15:37
LAB750217,ENC121221,PT12807,HGB,Hemoglobin,15.3,g/dL,12,17.5,N,STAT,2025-12-13 11:07,2025-12-13 11:20,2025-12-13 11:57
LAB750218,ENC121223,PT11919,GLU,Glucose,116,mg/dL,70,99,H,STAT,2025-12-13 14:17,2025-12-13 14:32,2025-12-13 14:58
LAB750219,ENC121223,PT11919,CREAT,Creatinine,1,mg/dL,0.6,1.3,N,STAT,2025-12-13 14:50,2025-12-13 15:08,2025-12-13 15:44
LAB750220,ENC121223,PT11919,WBC,White Blood Cell Count,8.1,K/uL,4.5,11,N,Routine,2025-12-13 13:55,2025-12-13 14:11,2025-12-13 18:35
LAB750221,ENC121223,PT11919,HGB,Hemoglobin,14.6,g/dL,12,17.5,N,STAT,2025-12-13 14:46,2025-12-13 15:00,2025-12-13 16:00
LAB750222,ENC121223,PT11919,TROP,"Troponin I, High Sensitivity",54,ng/L,0,34,H,STAT,2025-12-13 14:40,2025-12-13 15:06,2025-12-13 15:46
LAB750223,ENC121223,PT11919,BNP,B-Type Natriuretic Peptide,815,pg/mL,0,100,H,STAT,2025-12-13 13:42,2025-12-13 13:55,2025-12-13 14:31
LAB750224,ENC121225,PT13884,GLU,Glucose,211,mg/dL,70,99,H,STAT,2025-12-13 16:12,2025-12-13 16:17,2025-12-13 16:46
LAB750225,ENC121225,PT13884,CREAT,Creatinine,0.67,mg/dL,0.6,1.3,N,Routine,2025-12-13 15:32,2025-12-13 15:52,2025-12-13 18:33
LAB750226,ENC121225,PT13884,WBC,White Blood Cell Count,8.2,K/uL,4.5,11,N,STAT,2025-12-13 16:18,2025-12-13 16:22,2025-12-13 16:56
LAB750227,ENC121225,PT13884,HGB,Hemoglobin,12.7,g/dL,12,17.5,N,STAT,2025-12-13 16:22,2025-12-13 16:43,2025-12-13 17:37
LAB750228,ENC121225,PT13884,NA,Sodium,137,mmol/L,136,145,N,Routine,2025-12-13 15:29,2025-12-13 16:00,2025-12-13 20:26
LAB750229,ENC121225,PT13884,K,Potassium,3.8,mmol/L,3.5,5.1,N,STAT,2025-12-13 15:33,2025-12-13 16:06,2025-12-13 16:48
LAB750230,ENC121225,PT13884,BUN,Blood Urea Nitrogen,7,mg/dL,7,20,N,STAT,2025-12-13 16:09,2025-12-13 16:24,2025-12-13 16:43
LAB750231,ENC121225,PT13884,PLT,Platelet Count,215,K/uL,150,400,N,STAT,2025-12-13 16:13,2025-12-13 16:25,2025-12-13 17:00
LAB750232,ENC121227,PT12101,GLU,Glucose,118,mg/dL,70,99,H,STAT,2025-12-13 17:32,2025-12-13 17:46,2025-12-13 18:21
LAB750233,ENC121227,PT12101,CREAT,Creatinine,1.13,mg/dL,0.6,1.3,N,STAT,2025-12-13 17:06,2025-12-13 17:32,2025-12-13 18:03
LAB750234,ENC121227,PT12101,WBC,White Blood Cell Count,8.4,K/uL,4.5,11,N,Routine,2025-12-13 17:24,2025-12-13 17:36,2025-12-13 20:43
LAB750235,ENC121227,PT12101,HGB,Hemoglobin,16.2,g/dL,12,17.5,N,STAT,2025-12-13 17:02,2025-12-13 17:28,2025-12-13 18:13
LAB750236,ENC121227,PT12101,TROP,"Troponin I, High Sensitivity",3,ng/L,0,34,N,STAT,2025-12-13 17:26,2025-12-13 17:53,2025-12-13 18:53
LAB750237,ENC121230,PT13261,GLU,Glucose,121,mg/dL,70,99,H,STAT,2025-12-13 19:14,2025-12-13 19:29,2025-12-13 20:12
LAB750238,ENC121230,PT13261,CREAT,Creatinine,1.14,mg/dL,0.6,1.3,N,STAT,2025-12-13 19:49,2025-12-13 20:07,2025-12-13 21:17
LAB750239,ENC121230,PT13261,WBC,White Blood Cell Count,17.9,K/uL,4.5,11,H,STAT,2025-12-13 19:15,2025-12-13 19:26,2025-12-13 20:22
LAB750240,ENC121230,PT13261,HGB,Hemoglobin,9.6,g/dL,12,17.5,L,STAT,2025-12-13 19:33,2025-12-13 19:58,2025-12-13 20:33
LAB750241,ENC121232,PT13999,GLU,Glucose,108,mg/dL,70,99,H,STAT,2025-12-13 22:28,2025-12-13 23:00,2025-12-13 23:35
LAB750242,ENC121232,PT13999,CREAT,Creatinine,2.69,mg/dL,0.6,1.3,H,Routine,2025-12-13 21:24,2025-12-13 21:43,2025-12-14 00:03
LAB750243,ENC121232,PT13999,WBC,White Blood Cell Count,12.7,K/uL,4.5,11,H,STAT,2025-12-13 21:22,2025-12-13 21:50,2025-12-13 22:24
LAB750244,ENC121233,PT11703,GLU,Glucose,86,mg/dL,70,99,N,Routine,2025-12-14 00:55,2025-12-14 01:17,2025-12-14 04:12
LAB750245,ENC121233,PT11703,CREAT,Creatinine,1.03,mg/dL,0.6,1.3,N,STAT,2025-12-14 00:59,2025-12-14 01:11,2025-12-14 02:00
LAB750246,ENC121233,PT11703,WBC,White Blood Cell Count,5.2,K/uL,4.5,11,N,STAT,2025-12-14 01:32,2025-12-14 01:56,2025-12-14 02:49
LAB750247,ENC121233,PT11703,HGB,Hemoglobin,5.4,g/dL,12,17.5,LL,Routine,2025-12-14 00:51,2025-12-14 01:14,2025-12-14 06:49
LAB750248,ENC121233,PT11703,BUN,Blood Urea Nitrogen,11,mg/dL,7,20,N,Routine,2025-12-14 01:48,2025-12-14 02:14,2025-12-14 13:01
LAB750249,ENC121233,PT11703,PLT,Platelet Count,174,K/uL,150,400,N,STAT,2025-12-14 01:07,2025-12-14 01:15,2025-12-14 01:44
LAB750250,ENC121233,PT11703,INR,Prothrombin Time INR,0.9,ratio,0.8,1.2,N,STAT,2025-12-14 01:20,2025-12-14 01:34,2025-12-14 02:33
LAB750251,ENC121234,PT10235,GLU,Glucose,95,mg/dL,70,99,N,STAT,2025-12-13 23:23,2025-12-13 23:53,2025-12-14 00:39
LAB750252,ENC121234,PT10235,CREAT,Creatinine,0.94,mg/dL,0.6,1.3,N,Routine,2025-12-13 22:45,2025-12-13 23:15,2025-12-14 03:38
LAB750253,ENC121234,PT10235,WBC,White Blood Cell Count,19.2,K/uL,4.5,11,H,STAT,2025-12-13 22:42,2025-12-13 23:06,2025-12-13 23:40
LAB750254,ENC121235,PT10026,GLU,Glucose,118,mg/dL,70,99,H,Routine,2025-12-14 08:10,2025-12-14 08:30,2025-12-14 09:59
LAB750255,ENC121235,PT10026,CREAT,Creatinine,1.11,mg/dL,0.6,1.3,N,STAT,2025-12-14 08:14,2025-12-14 08:35,2025-12-14 09:22
LAB750256,ENC121235,PT10026,WBC,White Blood Cell Count,6.6,K/uL,4.5,11,N,STAT,2025-12-14 08:13,2025-12-14 08:37,2025-12-14 10:07
LAB750257,ENC121235,PT10026,TROP,"Troponin I, High Sensitivity",7,ng/L,0,34,N,STAT,2025-12-14 08:40,2025-12-14 09:01,2025-12-14 09:34
LAB750258,ENC121236,PT10267,GLU,Glucose,142,mg/dL,70,99,H,Routine,2025-12-14 08:19,2025-12-14 08:51,2025-12-14 12:18
LAB750259,ENC121236,PT10267,CREAT,Creatinine,1.5,mg/dL,0.6,1.3,H,STAT,2025-12-14 08:19,2025-12-14 08:30,2025-12-14 09:11
LAB750260,ENC121236,PT10267,WBC,White Blood Cell Count,7.6,K/uL,4.5,11,N,STAT,2025-12-14 09:13,2025-12-14 09:17,2025-12-14 10:12
LAB750261,ENC121236,PT10267,HGB,Hemoglobin,14.5,g/dL,12,17.5,N,Routine,2025-12-14 08:18,2025-12-14 08:27,2025-12-14 13:17
LAB750262,ENC121236,PT10267,NA,Sodium,144,mmol/L,136,145,N,STAT,2025-12-14 08:03,2025-12-14 08:27,2025-12-14 09:08
LAB750263,ENC121236,PT10267,K,Potassium,3.6,mmol/L,3.5,5.1,N,STAT,2025-12-14 08:39,2025-12-14 08:43,2025-12-14 09:12
LAB750264,ENC121236,PT10267,LACT,Lactate,2.2,mmol/L,0.5,2,H,STAT,2025-12-14 08:03,2025-12-14 08:07,2025-12-14 09:02
LAB750265,ENC121237,PT12049,GLU,Glucose,136,mg/dL,70,99,H,STAT,2025-12-14 13:43,2025-12-14 14:08,2025-12-14 15:36
LAB750266,ENC121237,PT12049,CREAT,Creatinine,0.85,mg/dL,0.6,1.3,N,Routine,2025-12-14 12:54,2025-12-14 13:28,2025-12-14 19:47
LAB750267,ENC121237,PT12049,WBC,White Blood Cell Count,5.9,K/uL,4.5,11,N,STAT,2025-12-14 13:20,2025-12-14 13:35,2025-12-14 14:28
LAB750268,ENC121237,PT12049,HGB,Hemoglobin,14.3,g/dL,12,17.5,N,STAT,2025-12-14 13:38,2025-12-14 13:46,2025-12-14 14:35
LAB750269,ENC121238,PT12455,GLU,Glucose,121,mg/dL,70,99,H,Routine,2025-12-14 13:49,2025-12-14 13:56,2025-12-14 16:38
LAB750270,ENC121238,PT12455,CREAT,Creatinine,1.93,mg/dL,0.6,1.3,H,Routine,2025-12-14 13:23,2025-12-14 13:36,2025-12-14 18:18
LAB750271,ENC121238,PT12455,WBC,White Blood Cell Count,21.4,K/uL,4.5,11,H,STAT,2025-12-14 14:06,2025-12-14 14:31,2025-12-14 15:28
LAB750272,ENC121238,PT12455,HGB,Hemoglobin,10.1,g/dL,12,17.5,L,STAT,2025-12-14 14:04,2025-12-14 14:27,2025-12-14 15:27
LAB750273,ENC121238,PT12455,LACT,Lactate,3.1,mmol/L,0.5,2,H,STAT,2025-12-14 13:52,2025-12-14 14:20,2025-12-14 15:18
LAB750274,ENC121239,PT11003,GLU,Glucose,89,mg/dL,70,99,N,Routine,2025-12-14 12:59,2025-12-14 13:06,2025-12-14 14:57
LAB750275,ENC121239,PT11003,CREAT,Creatinine,0.52,mg/dL,0.6,1.3,L,Routine,2025-12-14 12:17,2025-12-14 12:44,2025-12-14 14:15
LAB750276,ENC121242,PT11608,GLU,Glucose,117,mg/dL,70,99,H,STAT,2025-12-14 16:09,2025-12-14 16:13,2025-12-14 17:03
LAB750277,ENC121242,PT11608,CREAT,Creatinine,1.17,mg/dL,0.6,1.3,N,Routine,2025-12-14 16:16,2025-12-14 16:22,2025-12-14 18:49
LAB750278,ENC121243,PT12544,GLU,Glucose,89,mg/dL,70,99,N,Routine,2025-12-14 18:03,2025-12-14 18:21,2025-12-14 20:47
LAB750279,ENC121243,PT12544,CREAT,Creatinine,1.12,mg/dL,0.6,1.3,N,STAT,2025-12-14 17:47,2025-12-14 18:20,2025-12-14 19:08
LAB750280,ENC121243,PT12544,WBC,White Blood Cell Count,7.7,K/uL,4.5,11,N,STAT,2025-12-14 18:18,2025-12-14 18:36,2025-12-14 19:04
LAB750281,ENC121243,PT12544,TROP,"Troponin I, High Sensitivity",3,ng/L,0,34,N,STAT,2025-12-14 17:39,2025-12-14 18:08,2025-12-14 18:49
LAB750282,ENC121245,PT12321,GLU,Glucose,99,mg/dL,70,99,N,STAT,2025-12-14 20:07,2025-12-14 20:15,2025-12-14 21:02
LAB750283,ENC121245,PT12321,CREAT,Creatinine,0.91,mg/dL,0.6,1.3,N,STAT,2025-12-14 20:06,2025-12-14 20:28,2025-12-14 21:19
LAB750284,ENC121245,PT12321,WBC,White Blood Cell Count,16.1,K/uL,4.5,11,H,Routine,2025-12-14 19:54,2025-12-14 20:04,2025-12-14 23:06
LAB750285,ENC121245,PT12321,HGB,Hemoglobin,10.6,g/dL,12,17.5,L,STAT,2025-12-14 19:30,2025-12-14 19:48,2025-12-14 20:33
LAB750286,ENC121245,PT12321,NA,Sodium,140,mmol/L,136,145,N,STAT,2025-12-14 20:12,2025-12-14 20:42,2025-12-14 21:26
LAB750287,ENC121245,PT12321,K,Potassium,4.1,mmol/L,3.5,5.1,N,STAT,2025-12-14 20:31,2025-12-14 20:53,2025-12-14 21:29
LAB750288,ENC121246,PT11171,GLU,Glucose,106,mg/dL,70,99,H,STAT,2025-12-14 21:26,2025-12-14 21:50,2025-12-14 22:42
LAB750289,ENC121246,PT11171,CREAT,Creatinine,0.96,mg/dL,0.6,1.3,N,STAT,2025-12-14 20:36,2025-12-14 20:52,2025-12-14 22:03
LAB750290,ENC121246,PT11171,WBC,White Blood Cell Count,7,K/uL,4.5,11,N,Routine,2025-12-14 20:30,2025-12-14 20:45,2025-12-15 00:19
LAB750291,ENC121246,PT11171,TROP,"Troponin I, High Sensitivity",3,ng/L,0,34,N,STAT,2025-12-14 20:30,2025-12-14 20:39,2025-12-14 21:54
LAB750292,ENC121247,PT11443,GLU,Glucose,105,mg/dL,70,99,H,STAT,2025-12-15 00:45,2025-12-15 01:19,2025-12-15 02:00
LAB750293,ENC121247,PT11443,CREAT,Creatinine,0.93,mg/dL,0.6,1.3,N,STAT,2025-12-15 00:54,2025-12-15 01:29,2025-12-15 02:57
LAB750294,ENC121247,PT11443,WBC,White Blood Cell Count,7.5,K/uL,4.5,11,N,STAT,2025-12-15 00:08,2025-12-15 00:24,2025-12-15 01:17
LAB750295,ENC121247,PT11443,HGB,Hemoglobin,15.8,g/dL,12,17.5,N,STAT,2025-12-15 00:33,2025-12-15 00:43,2025-12-15 01:39
LAB750296,ENC121247,PT11443,INR,Prothrombin Time INR,1.1,ratio,0.8,1.2,N,Routine,2025-12-15 00:54,2025-12-15 01:00,2025-12-15 04:28
LAB750297,ENC121248,PT11883,GLU,Glucose,149,mg/dL,70,99,H,STAT,2025-12-15 03:42,2025-12-15 04:01,2025-12-15 05:00
LAB750298,ENC121248,PT11883,CREAT,Creatinine,1.17,mg/dL,0.6,1.3,N,Routine,2025-12-15 04:13,2025-12-15 04:34,2025-12-15 10:43
LAB750299,ENC121248,PT11883,WBC,White Blood Cell Count,8.3,K/uL,4.5,11,N,Routine,2025-12-15 04:22,2025-12-15 04:32,2025-12-15 07:31
LAB750300,ENC121248,PT11883,HGB,Hemoglobin,14.7,g/dL,12,17.5,N,STAT,2025-12-15 03:38,2025-12-15 03:53,2025-12-15 04:23
LAB750301,ENC121249,PT10631,GLU,Glucose,106,mg/dL,70,99,H,Routine,2025-12-14 23:51,2025-12-15 00:08,2025-12-15 04:59
LAB750302,ENC121249,PT10631,CREAT,Creatinine,1.61,mg/dL,0.6,1.3,H,STAT,2025-12-14 23:51,2025-12-14 23:55,2025-12-15 01:15
LAB750303,ENC121249,PT10631,WBC,White Blood Cell Count,16,K/uL,4.5,11,H,Routine,2025-12-14 23:56,2025-12-15 00:19,2025-12-15 02:28
LAB750304,ENC121249,PT10631,HGB,Hemoglobin,7.3,g/dL,12,17.5,L,STAT,2025-12-14 23:40,2025-12-14 23:48,2025-12-15 00:31
LAB750305,ENC121250,PT12901,GLU,Glucose,112,mg/dL,70,99,H,STAT,2025-12-15 03:30,2025-12-15 03:40,2025-12-15 04:33
LAB750306,ENC121250,PT12901,CREAT,Creatinine,0.89,mg/dL,0.6,1.3,N,STAT,2025-12-15 03:26,2025-12-15 03:34,2025-12-15 04:37
LAB750307,ENC121250,PT12901,WBC,White Blood Cell Count,8.6,K/uL,4.5,11,N,STAT,2025-12-15 03:46,2025-12-15 03:52,2025-12-15 04:25
LAB750308,ENC121250,PT12901,HGB,Hemoglobin,14.7,g/dL,12,17.5,N,STAT,2025-12-15 02:47,2025-12-15 03:20,2025-12-15 03:54
LAB750309,ENC121252,PT13397,GLU,Glucose,124,mg/dL,70,99,H,STAT,2025-12-15 04:04,2025-12-15 04:09,2025-12-15 04:58
LAB750310,ENC121252,PT13397,CREAT,Creatinine,2.23,mg/dL,0.6,1.3,H,Routine,2025-12-15 04:03,2025-12-15 04:11,2025-12-15 10:33
LAB750311,ENC121252,PT13397,WBC,White Blood Cell Count,8.9,K/uL,4.5,11,N,STAT,2025-12-15 04:11,2025-12-15 04:23,2025-12-15 04:53
LAB750312,ENC121252,PT13397,TROP,"Troponin I, High Sensitivity",8,ng/L,0,34,N,STAT,2025-12-15 03:29,2025-12-15 03:59,2025-12-15 04:28
LAB750313,ENC121253,PT10822,GLU,Glucose,109,mg/dL,70,99,H,Routine,2025-12-15 08:03,2025-12-15 08:35,2025-12-15 12:59
LAB750314,ENC121253,PT10822,CREAT,Creatinine,0.92,mg/dL,0.6,1.3,N,Routine,2025-12-15 08:30,2025-12-15 08:50,2025-12-15 10:19
LAB750315,ENC121253,PT10822,WBC,White Blood Cell Count,24.9,K/uL,4.5,11,H,STAT,2025-12-15 08:28,2025-12-15 09:01,2025-12-15 09:31
LAB750316,ENC121253,PT10822,HGB,Hemoglobin,10.6,g/dL,12,17.5,L,STAT,2025-12-15 08:08,2025-12-15 08:15,2025-12-15 09:03
LAB750317,ENC121253,PT10822,NA,Sodium,141,mmol/L,136,145,N,STAT,2025-12-15 08:23,2025-12-15 08:40,2025-12-15 09:45
LAB750318,ENC121253,PT10822,K,Potassium,4.7,mmol/L,3.5,5.1,N,STAT,2025-12-15 07:30,2025-12-15 07:51,2025-12-15 08:55
LAB750319,ENC121255,PT11866,GLU,Glucose,106,mg/dL,70,99,H,Routine,2025-12-15 07:24,2025-12-15 07:37,2025-12-15 11:05
LAB750320,ENC121255,PT11866,CREAT,Creatinine,1.11,mg/dL,0.6,1.3,N,Routine,2025-12-15 08:00,2025-12-15 08:35,2025-12-15 09:58
LAB750321,ENC121255,PT11866,WBC,White Blood Cell Count,6.1,K/uL,4.5,11,N,Routine,2025-12-15 07:39,2025-12-15 07:46,2025-12-15 09:53
LAB750322,ENC121255,PT11866,HGB,Hemoglobin,13.6,g/dL,12,17.5,N,STAT,2025-12-15 08:28,2025-12-15 08:46,2025-12-15 09:43
LAB750323,ENC121256,PT13852,GLU,Glucose,132,mg/dL,70,99,H,Routine,2025-12-15 13:04,2025-12-15 13:34,2025-12-15 18:08
LAB750324,ENC121256,PT13852,CREAT,Creatinine,1.19,mg/dL,0.6,1.3,N,STAT,2025-12-15 13:42,2025-12-15 14:16,2025-12-15 15:20
LAB750325,ENC121256,PT13852,WBC,White Blood Cell Count,9.7,K/uL,4.5,11,N,STAT,2025-12-15 13:56,2025-12-15 14:17,2025-12-15 15:14
LAB750326,ENC121256,PT13852,HGB,Hemoglobin,14.9,g/dL,12,17.5,N,STAT,2025-12-15 13:46,2025-12-15 13:52,2025-12-15 14:28
LAB750327,ENC121257,PT10521,A1C,Hemoglobin A1c,5.6,%,4,5.6,N,Routine,2025-12-15 08:11,2025-12-15 08:37,2025-12-15 13:58
LAB750328,ENC121257,PT10521,GLU,Glucose,91,mg/dL,70,99,N,Routine,2025-12-15 08:12,2025-12-15 08:22,2025-12-15 11:21
LAB750329,ENC121257,PT10521,CREAT,Creatinine,0.95,mg/dL,0.6,1.3,N,Routine,2025-12-15 08:22,2025-12-15 08:41,2025-12-15 15:09
LAB750330,ENC121258,PT11727,GLU,Glucose,119,mg/dL,70,99,H,STAT,2025-12-15 09:24,2025-12-15 09:29,2025-12-15 10:16
LAB750331,ENC121258,PT11727,CREAT,Creatinine,0.68,mg/dL,0.6,1.3,N,STAT,2025-12-15 09:04,2025-12-15 09:12,2025-12-15 10:23
LAB750332,ENC121263,PT12685,GLU,Glucose,220,mg/dL,70,99,H,STAT,2025-12-15 13:04,2025-12-15 13:17,2025-12-15 13:51
LAB750333,ENC121263,PT12685,CREAT,Creatinine,1.53,mg/dL,0.6,1.3,H,STAT,2025-12-15 13:05,2025-12-15 13:37,2025-12-15 14:21
LAB750334,ENC121263,PT12685,WBC,White Blood Cell Count,3.8,K/uL,4.5,11,L,STAT,2025-12-15 13:01,2025-12-15 13:23,2025-12-15 14:16
LAB750335,ENC121263,PT12685,HGB,Hemoglobin,11.1,g/dL,12,17.5,L,STAT,2025-12-15 13:10,2025-12-15 13:31,2025-12-15 14:06
LAB750336,ENC121263,PT12685,NA,Sodium,133,mmol/L,136,145,L,STAT,2025-12-15 13:29,2025-12-15 13:51,2025-12-15 14:24
LAB750337,ENC121263,PT12685,K,Potassium,4,mmol/L,3.5,5.1,N,STAT,2025-12-15 12:58,2025-12-15 13:16,2025-12-15 14:29
LAB750338,ENC121263,PT12685,BUN,Blood Urea Nitrogen,14,mg/dL,7,20,N,Routine,2025-12-15 13:42,2025-12-15 14:04,2025-12-15 20:29
LAB750339,ENC121263,PT12685,PLT,Platelet Count,282,K/uL,150,400,N,STAT,2025-12-15 12:54,2025-12-15 13:13,2025-12-15 14:24
LAB750340,ENC121263,PT12685,LACT,Lactate,2.1,mmol/L,0.5,2,H,STAT,2025-12-15 13:40,2025-12-15 14:11,2025-12-15 15:00
LAB750341,ENC121267,PT13158,GLU,Glucose,86,mg/dL,70,99,N,STAT,2025-12-15 11:18,2025-12-15 11:31,2025-12-15 12:20
LAB750342,ENC121267,PT13158,CREAT,Creatinine,0.94,mg/dL,0.6,1.3,N,STAT,2025-12-15 11:17,2025-12-15 11:23,2025-12-15 11:50
LAB750343,ENC121267,PT13158,WBC,White Blood Cell Count,9.4,K/uL,4.5,11,N,Routine,2025-12-15 11:06,2025-12-15 11:10,2025-12-15 14:35
LAB750344,ENC121268,PT11449,GLU,Glucose,84,mg/dL,70,99,N,STAT,2025-12-15 14:31,2025-12-15 15:01,2025-12-15 15:30
LAB750345,ENC121268,PT11449,CREAT,Creatinine,1.27,mg/dL,0.6,1.3,N,STAT,2025-12-15 15:33,2025-12-15 16:00,2025-12-15 16:39
LAB750346,ENC121268,PT11449,WBC,White Blood Cell Count,4.8,K/uL,4.5,11,N,STAT,2025-12-15 14:54,2025-12-15 15:26,2025-12-15 17:20
LAB750347,ENC121268,PT11449,HGB,Hemoglobin,13,g/dL,12,17.5,N,STAT,2025-12-15 14:59,2025-12-15 15:29,2025-12-15 16:17
LAB750348,ENC121268,PT11449,NA,Sodium,137,mmol/L,136,145,N,STAT,2025-12-15 15:08,2025-12-15 15:28,2025-12-15 16:26
LAB750349,ENC121268,PT11449,K,Potassium,4.3,mmol/L,3.5,5.1,N,STAT,2025-12-15 14:55,2025-12-15 15:29,2025-12-15 16:05
LAB750350,ENC121271,PT10364,GLU,Glucose,236,mg/dL,70,99,H,STAT,2025-12-15 12:42,2025-12-15 13:06,2025-12-15 13:50
LAB750351,ENC121271,PT10364,CREAT,Creatinine,0.89,mg/dL,0.6,1.3,N,Routine,2025-12-15 12:56,2025-12-15 13:20,2025-12-15 15:22
LAB750352,ENC121271,PT10364,WBC,White Blood Cell Count,8.1,K/uL,4.5,11,N,STAT,2025-12-15 13:26,2025-12-15 13:44,2025-12-15 15:06
LAB750353,ENC121271,PT10364,HGB,Hemoglobin,14.1,g/dL,12,17.5,N,STAT,2025-12-15 12:24,2025-12-15 12:28,2025-12-15 13:45
LAB750354,ENC121272,PT10495,GLU,Glucose,93,mg/dL,70,99,N,Routine,2025-12-15 13:35,2025-12-15 13:47,2025-12-15 16:30
LAB750355,ENC121272,PT10495,CREAT,Creatinine,2.09,mg/dL,0.6,1.3,H,STAT,2025-12-15 12:55,2025-12-15 13:22,2025-12-15 13:53
LAB750356,ENC121275,PT11163,A1C,Hemoglobin A1c,5,%,4,5.6,N,Routine,2025-12-15 14:14,2025-12-15 14:27,2025-12-15 23:33
LAB750357,ENC121276,PT10900,GLU,Glucose,99,mg/dL,70,99,N,STAT,2025-12-15 14:41,2025-12-15 15:11,2025-12-15 16:05
LAB750358,ENC121276,PT10900,CREAT,Creatinine,0.96,mg/dL,0.6,1.3,N,STAT,2025-12-15 14:52,2025-12-15 15:23,2025-12-15 16:00
LAB750359,ENC121278,PT10893,LDL,LDL Cholesterol,73,mg/dL,0,99,N,Routine,2025-12-15 14:42,2025-12-15 15:11,2025-12-16 05:54
LAB750360,ENC121278,PT10893,A1C,Hemoglobin A1c,4.9,%,4,5.6,N,Routine,2025-12-15 14:51,2025-12-15 15:18,2025-12-16 04:30
LAB750361,ENC121280,PT10422,A1C,Hemoglobin A1c,8.9,%,4,5.6,H,Routine,2025-12-15 15:08,2025-12-15 15:14,2025-12-15 21:08
LAB750362,ENC121282,PT13804,LDL,LDL Cholesterol,142,mg/dL,0,99,H,Routine,2025-12-15 15:06,2025-12-15 15:34,2025-12-16 01:46
LAB750363,ENC121282,PT13804,TSH,Thyroid Stimulating Hormone,1.49,mIU/L,0.4,4,N,Routine,2025-12-15 15:28,2025-12-15 15:56,2025-12-17 07:20
LAB750364,ENC121287,PT11937,GLU,Glucose,80,mg/dL,70,99,N,Routine,2025-12-15 18:35,2025-12-15 19:00,2025-12-15 21:12
LAB750365,ENC121287,PT11937,CREAT,Creatinine,0.81,mg/dL,0.6,1.3,N,Routine,2025-12-15 17:37,2025-12-15 18:02,2025-12-15 19:25
LAB750366,ENC121287,PT11937,WBC,White Blood Cell Count,7.1,K/uL,4.5,11,N,STAT,2025-12-15 18:04,2025-12-15 18:08,2025-12-15 18:35
LAB750367,ENC121287,PT11937,HGB,Hemoglobin,14.2,g/dL,12,17.5,N,Routine,2025-12-15 18:23,2025-12-15 18:48,2025-12-16 01:34
LAB750368,ENC121290,PT11772,GLU,Glucose,188,mg/dL,70,99,H,STAT,2025-12-15 18:47,2025-12-15 18:58,2025-12-15 19:35
LAB750369,ENC121290,PT11772,CREAT,Creatinine,1.2,mg/dL,0.6,1.3,N,STAT,2025-12-15 19:35,2025-12-15 19:44,2025-12-15 20:19
LAB750370,ENC121290,PT11772,WBC,White Blood Cell Count,17,K/uL,4.5,11,H,STAT,2025-12-15 19:55,2025-12-15 20:30,2025-12-15 21:39
LAB750371,ENC121290,PT11772,HGB,Hemoglobin,14.6,g/dL,12,17.5,N,STAT,2025-12-15 19:21,2025-12-15 19:32,2025-12-15 20:12
LAB750372,ENC121290,PT11772,LACT,Lactate,1.4,mmol/L,0.5,2,N,STAT,2025-12-15 19:54,2025-12-15 20:23,2025-12-15 21:25
LAB750373,ENC121291,PT10444,GLU,Glucose,179,mg/dL,70,99,H,STAT,2025-12-15 20:15,2025-12-15 20:36,2025-12-15 22:09
LAB750374,ENC121291,PT10444,CREAT,Creatinine,2.08,mg/dL,0.6,1.3,H,Routine,2025-12-15 19:36,2025-12-15 20:01,2025-12-15 23:30
LAB750375,ENC121291,PT10444,WBC,White Blood Cell Count,16.7,K/uL,4.5,11,H,Routine,2025-12-15 19:45,2025-12-15 20:19,2025-12-16 01:44
LAB750376,ENC121292,PT11055,GLU,Glucose,86,mg/dL,70,99,N,STAT,2025-12-15 22:50,2025-12-15 22:56,2025-12-16 00:14
LAB750377,ENC121292,PT11055,CREAT,Creatinine,2.62,mg/dL,0.6,1.3,H,STAT,2025-12-15 22:33,2025-12-15 22:54,2025-12-15 23:08
LAB750378,ENC121292,PT11055,WBC,White Blood Cell Count,9.3,K/uL,4.5,11,N,STAT,2025-12-15 22:58,2025-12-15 23:16,2025-12-15 23:57
LAB750379,ENC121292,PT11055,HGB,Hemoglobin,9.3,g/dL,12,17.5,L,STAT,2025-12-15 22:48,2025-12-15 22:53,2025-12-15 23:52
LAB750380,ENC121293,PT10027,GLU,Glucose,93,mg/dL,70,99,N,Routine,2025-12-15 21:59,2025-12-15 22:08,2025-12-15 23:22
LAB750381,ENC121293,PT10027,CREAT,Creatinine,1.13,mg/dL,0.6,1.3,N,Routine,2025-12-15 22:41,2025-12-15 23:03,2025-12-16 01:56
LAB750382,ENC121293,PT10027,WBC,White Blood Cell Count,7.4,K/uL,4.5,11,N,STAT,2025-12-15 22:01,2025-12-15 22:13,2025-12-15 23:17
LAB750383,ENC121293,PT10027,HGB,Hemoglobin,11.4,g/dL,12,17.5,L,Routine,2025-12-15 22:06,2025-12-15 22:22,2025-12-16 00:00
LAB750384,ENC121293,PT10027,NA,Sodium,139,mmol/L,136,145,N,STAT,2025-12-15 21:53,2025-12-15 22:02,2025-12-15 22:48
LAB750385,ENC121293,PT10027,K,Potassium,4.4,mmol/L,3.5,5.1,N,STAT,2025-12-15 22:44,2025-12-15 23:13,2025-12-16 01:21
LAB750386,ENC121293,PT10027,BUN,Blood Urea Nitrogen,10,mg/dL,7,20,N,STAT,2025-12-15 22:46,2025-12-15 22:56,2025-12-15 23:46
LAB750387,ENC121293,PT10027,PLT,Platelet Count,221,K/uL,150,400,N,STAT,2025-12-15 22:13,2025-12-15 22:39,2025-12-15 23:25
LAB750388,ENC121294,PT11101,GLU,Glucose,147,mg/dL,70,99,H,STAT,2025-12-16 02:35,2025-12-16 03:03,2025-12-16 03:32
LAB750389,ENC121294,PT11101,CREAT,Creatinine,1.25,mg/dL,0.6,1.3,N,Routine,2025-12-16 02:39,2025-12-16 02:50,2025-12-16 05:10
LAB750390,ENC121294,PT11101,WBC,White Blood Cell Count,8.6,K/uL,4.5,11,N,STAT,2025-12-16 03:43,2025-12-16 04:09,2025-12-16 05:07
LAB750391,ENC121294,PT11101,HGB,Hemoglobin,14.5,g/dL,12,17.5,N,Routine,2025-12-16 03:18,2025-12-16 03:41,2025-12-16 06:32
LAB750392,ENC121294,PT11101,NA,Sodium,141,mmol/L,136,145,N,Routine,2025-12-16 02:59,2025-12-16 03:14,2025-12-16 06:48
LAB750393,ENC121294,PT11101,K,Potassium,4.1,mmol/L,3.5,5.1,N,STAT,2025-12-16 02:42,2025-12-16 02:49,2025-12-16 03:24
LAB750394,ENC121294,PT11101,BUN,Blood Urea Nitrogen,16,mg/dL,7,20,N,STAT,2025-12-16 03:35,2025-12-16 04:01,2025-12-16 04:33
LAB750395,ENC121294,PT11101,PLT,Platelet Count,254,K/uL,150,400,N,STAT,2025-12-16 03:00,2025-12-16 03:22,2025-12-16 03:45
LAB750396,ENC121295,PT11383,GLU,Glucose,96,mg/dL,70,99,N,STAT,2025-12-16 03:12,2025-12-16 03:46,2025-12-16 04:30
LAB750397,ENC121295,PT11383,CREAT,Creatinine,1.4,mg/dL,0.6,1.3,H,Routine,2025-12-16 03:26,2025-12-16 03:36,2025-12-16 04:55
LAB750398,ENC121295,PT11383,WBC,White Blood Cell Count,5.3,K/uL,4.5,11,N,STAT,2025-12-16 02:38,2025-12-16 02:54,2025-12-16 03:16
LAB750399,ENC121295,PT11383,HGB,Hemoglobin,11.6,g/dL,12,17.5,L,Routine,2025-12-16 03:39,2025-12-16 04:10,2025-12-16 07:36
LAB750400,ENC121296,PT10631,GLU,Glucose,115,mg/dL,70,99,H,STAT,2025-12-16 06:16,2025-12-16 06:37,2025-12-16 07:13
LAB750401,ENC121296,PT10631,CREAT,Creatinine,2.56,mg/dL,0.6,1.3,H,STAT,2025-12-16 06:53,2025-12-16 07:08,2025-12-16 08:03
LAB750402,ENC121296,PT10631,WBC,White Blood Cell Count,8,K/uL,4.5,11,N,STAT,2025-12-16 06:47,2025-12-16 07:20,2025-12-16 08:09
LAB750403,ENC121296,PT10631,HGB,Hemoglobin,11,g/dL,12,17.5,L,STAT,2025-12-16 07:06,2025-12-16 07:28,2025-12-16 08:49
LAB750404,ENC121296,PT10631,BUN,Blood Urea Nitrogen,11,mg/dL,7,20,N,Routine,2025-12-16 07:02,2025-12-16 07:21,2025-12-16 11:40
LAB750405,ENC121296,PT10631,PLT,Platelet Count,382,K/uL,150,400,N,STAT,2025-12-16 06:09,2025-12-16 06:31,2025-12-16 06:54
LAB750406,ENC121296,PT10631,INR,Prothrombin Time INR,2,ratio,0.8,1.2,H,Routine,2025-12-16 06:26,2025-12-16 06:36,2025-12-16 07:16
LAB750407,ENC121298,PT10070,GLU,Glucose,146,mg/dL,70,99,H,STAT,2025-12-16 08:08,2025-12-16 08:40,2025-12-16 09:13
LAB750408,ENC121298,PT10070,CREAT,Creatinine,1.32,mg/dL,0.6,1.3,H,STAT,2025-12-16 08:44,2025-12-16 08:49,2025-12-16 09:49
LAB750409,ENC121298,PT10070,WBC,White Blood Cell Count,5.9,K/uL,4.5,11,N,STAT,2025-12-16 08:33,2025-12-16 08:55,2025-12-16 10:21
LAB750410,ENC121298,PT10070,HGB,Hemoglobin,14.7,g/dL,12,17.5,N,Routine,2025-12-16 08:00,2025-12-16 08:24,2025-12-16 11:32
LAB750411,ENC121298,PT10070,NA,Sodium,140,mmol/L,136,145,N,STAT,2025-12-16 08:28,2025-12-16 08:50,2025-12-16 09:34
LAB750412,ENC121298,PT10070,K,Potassium,3.6,mmol/L,3.5,5.1,N,STAT,2025-12-16 08:20,2025-12-16 08:42,2025-12-16 09:40
LAB750413,ENC121299,PT12399,GLU,Glucose,111,mg/dL,70,99,H,STAT,2025-12-16 10:49,2025-12-16 11:09,2025-12-16 11:59
LAB750414,ENC121299,PT12399,CREAT,Creatinine,1.06,mg/dL,0.6,1.3,N,STAT,2025-12-16 10:49,2025-12-16 11:10,2025-12-16 12:14
LAB750415,ENC121299,PT12399,WBC,White Blood Cell Count,6.8,K/uL,4.5,11,N,Routine,2025-12-16 11:25,2025-12-16 11:50,2025-12-16 14:40
LAB750416,ENC121299,PT12399,HGB,Hemoglobin,17.2,g/dL,12,17.5,N,Routine,2025-12-16 11:16,2025-12-16 11:34,2025-12-16 13:40
LAB750417,ENC121299,PT12399,NA,Sodium,138,mmol/L,136,145,N,STAT,2025-12-16 10:51,2025-12-16 11:00,2025-12-16 11:58
LAB750418,ENC121299,PT12399,K,Potassium,4.6,mmol/L,3.5,5.1,N,STAT,2025-12-16 10:46,2025-12-16 10:56,2025-12-16 11:34
LAB750419,ENC121301,PT11112,A1C,Hemoglobin A1c,5.7,%,4,5.6,H,Routine,2025-12-16 09:43,2025-12-16 10:12,2025-12-17 01:53
LAB750420,ENC121304,PT13474,GLU,Glucose,87,mg/dL,70,99,N,Routine,2025-12-16 13:55,2025-12-16 14:16,2025-12-16 17:42
LAB750421,ENC121304,PT13474,CREAT,Creatinine,0.91,mg/dL,0.6,1.3,N,STAT,2025-12-16 13:54,2025-12-16 14:19,2025-12-16 14:57
LAB750422,ENC121304,PT13474,WBC,White Blood Cell Count,9,K/uL,4.5,11,N,STAT,2025-12-16 14:21,2025-12-16 14:38,2025-12-16 15:14
LAB750423,ENC121304,PT13474,HGB,Hemoglobin,14.4,g/dL,12,17.5,N,STAT,2025-12-16 14:15,2025-12-16 14:47,2025-12-16 15:46
LAB750424,ENC121304,PT13474,NA,Sodium,139,mmol/L,136,145,N,STAT,2025-12-16 14:20,2025-12-16 14:45,2025-12-16 15:53
LAB750425,ENC121304,PT13474,K,Potassium,4.2,mmol/L,3.5,5.1,N,STAT,2025-12-16 14:18,2025-12-16 14:37,2025-12-16 15:16
LAB750426,ENC121305,PT12091,GLU,Glucose,112,mg/dL,70,99,H,STAT,2025-12-16 11:30,2025-12-16 11:58,2025-12-16 12:55
LAB750427,ENC121305,PT12091,CREAT,Creatinine,1.01,mg/dL,0.6,1.3,N,Routine,2025-12-16 11:20,2025-12-16 11:52,2025-12-16 18:36
LAB750428,ENC121305,PT12091,WBC,White Blood Cell Count,10.2,K/uL,4.5,11,N,STAT,2025-12-16 11:12,2025-12-16 11:35,2025-12-16 12:15
LAB750429,ENC121305,PT12091,HGB,Hemoglobin,14.4,g/dL,12,17.5,N,Routine,2025-12-16 10:41,2025-12-16 10:51,2025-12-16 14:46
LAB750430,ENC121306,PT11577,GLU,Glucose,381,mg/dL,70,99,H,STAT,2025-12-16 11:46,2025-12-16 12:14,2025-12-16 13:35
LAB750431,ENC121306,PT11577,CREAT,Creatinine,0.71,mg/dL,0.6,1.3,N,STAT,2025-12-16 11:33,2025-12-16 11:57,2025-12-16 12:41
LAB750432,ENC121306,PT11577,WBC,White Blood Cell Count,9.5,K/uL,4.5,11,N,Routine,2025-12-16 11:48,2025-12-16 12:13,2025-12-16 15:09
LAB750433,ENC121306,PT11577,A1C,Hemoglobin A1c,12.8,%,4,5.6,H,Routine,2025-12-16 11:39,2025-12-16 11:58,2025-12-17 07:42
LAB750434,ENC121308,PT13177,A1C,Hemoglobin A1c,10.5,%,4,5.6,H,Routine,2025-12-16 11:14,2025-12-16 11:43,2025-12-17 06:13
LAB750435,ENC121308,PT13177,GLU,Glucose,347,mg/dL,70,99,H,Routine,2025-12-16 11:27,2025-12-16 11:59,2025-12-16 13:34
LAB750436,ENC121308,PT13177,CREAT,Creatinine,1.05,mg/dL,0.6,1.3,N,Routine,2025-12-16 11:28,2025-12-16 11:54,2025-12-16 13:48
LAB750437,ENC121310,PT12238,GLU,Glucose,124,mg/dL,70,99,H,STAT,2025-12-16 11:53,2025-12-16 12:23,2025-12-16 13:25
LAB750438,ENC121310,PT12238,CREAT,Creatinine,0.86,mg/dL,0.6,1.3,N,Routine,2025-12-16 11:20,2025-12-16 11:42,2025-12-16 13:13
LAB750439,ENC121315,PT12168,LDL,LDL Cholesterol,141,mg/dL,0,99,H,Routine,2025-12-16 12:36,2025-12-16 13:09,2025-12-17 01:02
LAB750440,ENC121315,PT12168,A1C,Hemoglobin A1c,5.9,%,4,5.6,H,Routine,2025-12-16 12:22,2025-12-16 12:52,2025-12-16 19:53
LAB750441,ENC121315,PT12168,TSH,Thyroid Stimulating Hormone,1.59,mIU/L,0.4,4,N,Routine,2025-12-16 12:42,2025-12-16 13:16,2025-12-17 17:00
LAB750442,ENC121316,PT11047,GLU,Glucose,102,mg/dL,70,99,H,STAT,2025-12-16 13:44,2025-12-16 14:10,2025-12-16 15:01
LAB750443,ENC121316,PT11047,CREAT,Creatinine,0.86,mg/dL,0.6,1.3,N,STAT,2025-12-16 13:12,2025-12-16 13:31,2025-12-16 13:58
LAB750444,ENC121316,PT11047,WBC,White Blood Cell Count,5.1,K/uL,4.5,11,N,STAT,2025-12-16 13:33,2025-12-16 14:07,2025-12-16 14:57
LAB750445,ENC121316,PT11047,HGB,Hemoglobin,14.2,g/dL,12,17.5,N,STAT,2025-12-16 13:17,2025-12-16 13:39,2025-12-16 14:19
LAB750446,ENC121316,PT11047,INR,Prothrombin Time INR,1,ratio,0.8,1.2,N,STAT,2025-12-16 13:21,2025-12-16 13:31,2025-12-16 14:05
LAB750447,ENC121322,PT13440,A1C,Hemoglobin A1c,7.6,%,4,5.6,H,Routine,2025-12-16 15:37,2025-12-16 15:45,2025-12-17 08:16
LAB750448,ENC121323,PT10715,A1C,Hemoglobin A1c,5.2,%,4,5.6,N,Routine,2025-12-16 16:01,2025-12-16 16:21,2025-12-17 00:07
LAB750449,ENC121323,PT10715,GLU,Glucose,85,mg/dL,70,99,N,Routine,2025-12-16 15:52,2025-12-16 16:00,2025-12-16 19:12
LAB750450,ENC121323,PT10715,CREAT,Creatinine,1.06,mg/dL,0.6,1.3,N,Routine,2025-12-16 16:12,2025-12-16 16:23,2025-12-16 19:20
LAB750451,ENC121325,PT13669,GLU,Glucose,114,mg/dL,70,99,H,STAT,2025-12-16 19:44,2025-12-16 19:51,2025-12-16 20:34
LAB750452,ENC121325,PT13669,CREAT,Creatinine,1.11,mg/dL,0.6,1.3,N,STAT,2025-12-16 19:49,2025-12-16 19:59,2025-12-16 20:34
LAB750453,ENC121325,PT13669,WBC,White Blood Cell Count,7.5,K/uL,4.5,11,N,STAT,2025-12-16 20:06,2025-12-16 20:10,2025-12-16 21:02
LAB750454,ENC121325,PT13669,HGB,Hemoglobin,14.6,g/dL,12,17.5,N,STAT,2025-12-16 20:18,2025-12-16 20:50,2025-12-16 22:01
LAB750455,ENC121325,PT13669,INR,Prothrombin Time INR,0.9,ratio,0.8,1.2,N,Routine,2025-12-16 20:09,2025-12-16 20:32,2025-12-17 04:36
LAB750456,ENC121326,PT10335,LDL,LDL Cholesterol,150,mg/dL,0,99,H,Routine,2025-12-16 16:33,2025-12-16 16:41,2025-12-16 22:24
LAB750457,ENC121326,PT10335,A1C,Hemoglobin A1c,5.1,%,4,5.6,N,Routine,2025-12-16 16:45,2025-12-16 16:57,2025-12-17 17:55
LAB750458,ENC121327,PT13185,GLU,Glucose,88,mg/dL,70,99,N,Routine,2025-12-16 18:56,2025-12-16 19:28,2025-12-16 23:05
LAB750459,ENC121327,PT13185,CREAT,Creatinine,1.04,mg/dL,0.6,1.3,N,STAT,2025-12-16 19:24,2025-12-16 19:36,2025-12-16 20:14
LAB750460,ENC121327,PT13185,WBC,White Blood Cell Count,3.2,K/uL,4.5,11,L,Routine,2025-12-16 19:58,2025-12-16 20:21,2025-12-16 21:01
LAB750461,ENC121327,PT13185,HGB,Hemoglobin,12.3,g/dL,12,17.5,N,STAT,2025-12-16 19:59,2025-12-16 20:27,2025-12-16 21:07
LAB750462,ENC121328,PT13110,GLU,Glucose,97,mg/dL,70,99,N,Routine,2025-12-16 22:42,2025-12-16 22:50,2025-12-17 02:04
LAB750463,ENC121328,PT13110,CREAT,Creatinine,0.76,mg/dL,0.6,1.3,N,Routine,2025-12-16 22:21,2025-12-16 22:44,2025-12-17 03:45
LAB750464,ENC121328,PT13110,WBC,White Blood Cell Count,5.8,K/uL,4.5,11,N,STAT,2025-12-16 22:35,2025-12-16 22:58,2025-12-16 23:20
LAB750465,ENC121328,PT13110,HGB,Hemoglobin,11.7,g/dL,12,17.5,L,STAT,2025-12-16 22:25,2025-12-16 22:54,2025-12-16 23:31
LAB750466,ENC121328,PT13110,INR,Prothrombin Time INR,1.2,ratio,0.8,1.2,N,STAT,2025-12-16 22:53,2025-12-16 23:20,2025-12-16 23:46
LAB750467,ENC121329,PT11345,GLU,Glucose,103,mg/dL,70,99,H,Routine,2025-12-16 22:14,2025-12-16 22:30,2025-12-17 01:56
LAB750468,ENC121329,PT11345,CREAT,Creatinine,0.94,mg/dL,0.6,1.3,N,Routine,2025-12-16 22:06,2025-12-16 22:17,2025-12-17 04:18
LAB750469,ENC121329,PT11345,WBC,White Blood Cell Count,8.5,K/uL,4.5,11,N,Routine,2025-12-16 21:39,2025-12-16 21:57,2025-12-16 23:09
LAB750470,ENC121329,PT11345,HGB,Hemoglobin,14.7,g/dL,12,17.5,N,STAT,2025-12-16 22:14,2025-12-16 22:35,2025-12-16 23:08
LAB750471,ENC121331,PT12548,GLU,Glucose,163,mg/dL,70,99,H,STAT,2025-12-16 22:41,2025-12-16 23:08,2025-12-17 00:24
LAB750472,ENC121331,PT12548,CREAT,Creatinine,1.08,mg/dL,0.6,1.3,N,STAT,2025-12-16 22:24,2025-12-16 22:44,2025-12-16 23:04
LAB750473,ENC121331,PT12548,WBC,White Blood Cell Count,2.7,K/uL,4.5,11,L,STAT,2025-12-16 23:19,2025-12-16 23:51,2025-12-17 00:40
LAB750474,ENC121331,PT12548,HGB,Hemoglobin,14.2,g/dL,12,17.5,N,STAT,2025-12-16 23:01,2025-12-16 23:16,2025-12-16 23:36
LAB750475,ENC121331,PT12548,INR,Prothrombin Time INR,1,ratio,0.8,1.2,N,Routine,2025-12-16 22:40,2025-12-16 22:56,2025-12-17 00:20
LAB750476,ENC121334,PT12159,GLU,Glucose,112,mg/dL,70,99,H,STAT,2025-12-16 21:37,2025-12-16 21:52,2025-12-16 22:28
LAB750477,ENC121334,PT12159,CREAT,Creatinine,0.79,mg/dL,0.6,1.3,N,STAT,2025-12-16 21:35,2025-12-16 21:48,2025-12-16 22:29
LAB750478,ENC121334,PT12159,WBC,White Blood Cell Count,9.5,K/uL,4.5,11,N,Routine,2025-12-16 21:44,2025-12-16 22:10,2025-12-17 00:07
LAB750479,ENC121334,PT12159,HGB,Hemoglobin,12.1,g/dL,12,17.5,N,Routine,2025-12-16 21:23,2025-12-16 21:47,2025-12-17 01:00
LAB750480,ENC121334,PT12159,TROP,"Troponin I, High Sensitivity",92,ng/L,0,34,H,STAT,2025-12-16 21:23,2025-12-16 21:40,2025-12-16 23:36
LAB750481,ENC121334,PT12159,BNP,B-Type Natriuretic Peptide,670,pg/mL,0,100,H,STAT,2025-12-16 21:47,2025-12-16 22:01,2025-12-16 22:30
LAB750482,ENC121335,PT11977,GLU,Glucose,120,mg/dL,70,99,H,STAT,2025-12-16 22:50,2025-12-16 23:13,2025-12-17 00:05
LAB750483,ENC121335,PT11977,CREAT,Creatinine,1.13,mg/dL,0.6,1.3,N,STAT,2025-12-16 22:14,2025-12-16 22:49,2025-12-16 23:37
LAB750484,ENC121335,PT11977,WBC,White Blood Cell Count,7.6,K/uL,4.5,11,N,Routine,2025-12-16 22:18,2025-12-16 22:50,2025-12-17 02:00
LAB750485,ENC121335,PT11977,HGB,Hemoglobin,10,g/dL,12,17.5,L,Routine,2025-12-16 22:43,2025-12-16 23:07,2025-12-17 01:05
LAB750486,ENC121335,PT11977,LACT,Lactate,3.2,mmol/L,0.5,2,H,STAT,2025-12-16 22:43,2025-12-16 23:15,2025-12-16 23:51
LAB750487,ENC121335,PT11977,INR,Prothrombin Time INR,1,ratio,0.8,1.2,N,STAT,2025-12-16 22:24,2025-12-16 22:48,2025-12-16 23:32
LAB750488,ENC121336,PT11576,GLU,Glucose,96,mg/dL,70,99,N,STAT,2025-12-16 19:45,2025-12-16 20:09,2025-12-16 21:02
LAB750489,ENC121336,PT11576,CREAT,Creatinine,0.99,mg/dL,0.6,1.3,N,Routine,2025-12-16 20:14,2025-12-16 20:42,2025-12-16 22:50
LAB750490,ENC121339,PT10337,GLU,Glucose,108,mg/dL,70,99,H,STAT,2025-12-17 02:00,2025-12-17 02:14,2025-12-17 02:56
LAB750491,ENC121339,PT10337,CREAT,Creatinine,0.85,mg/dL,0.6,1.3,N,Routine,2025-12-17 02:02,2025-12-17 02:23,2025-12-17 07:11
LAB750492,ENC121339,PT10337,WBC,White Blood Cell Count,9.8,K/uL,4.5,11,N,STAT,2025-12-17 01:07,2025-12-17 01:28,2025-12-17 02:53
LAB750493,ENC121339,PT10337,HGB,Hemoglobin,12.6,g/dL,12,17.5,N,Routine,2025-12-17 00:59,2025-12-17 01:19,2025-12-17 05:23
LAB750494,ENC121340,PT12752,TROP,"Troponin I, High Sensitivity",58,ng/L,0,34,H,STAT,2025-12-16 22:34,2025-12-16 22:44,2025-12-16 23:40
LAB750495,ENC121341,PT13586,GLU,Glucose,118,mg/dL,70,99,H,STAT,2025-12-16 22:26,2025-12-16 22:49,2025-12-17 00:04
LAB750496,ENC121341,PT13586,CREAT,Creatinine,0.88,mg/dL,0.6,1.3,N,STAT,2025-12-16 23:03,2025-12-16 23:13,2025-12-16 23:53
LAB750497,ENC121341,PT13586,WBC,White Blood Cell Count,13.8,K/uL,4.5,11,H,STAT,2025-12-16 22:20,2025-12-16 22:49,2025-12-16 23:26
LAB750498,ENC121342,PT10978,GLU,Glucose,98,mg/dL,70,99,N,STAT,2025-12-17 00:53,2025-12-17 01:10,2025-12-17 01:57
LAB750499,ENC121342,PT10978,CREAT,Creatinine,0.87,mg/dL,0.6,1.3,N,Routine,2025-12-17 01:21,2025-12-17 01:44,2025-12-17 08:07
LAB750500,ENC121342,PT10978,WBC,White Blood Cell Count,8.4,K/uL,4.5,11,N,STAT,2025-12-17 01:08,2025-12-17 01:36,2025-12-17 03:13
LAB750501,ENC121342,PT10978,HGB,Hemoglobin,15.1,g/dL,12,17.5,N,Routine,2025-12-17 00:45,2025-12-17 00:57,2025-12-17 05:41
LAB750502,ENC121343,PT13656,GLU,Glucose,15,mg/dL,70,99,LL,STAT,2025-12-17 05:17,2025-12-17 05:48,2025-12-17 06:22
LAB750503,ENC121343,PT13656,CREAT,Creatinine,0.75,mg/dL,0.6,1.3,N,STAT,2025-12-17 04:26,2025-12-17 04:37,2025-12-17 05:06
LAB750504,ENC121343,PT13656,WBC,White Blood Cell Count,5.6,K/uL,4.5,11,N,STAT,2025-12-17 04:57,2025-12-17 05:14,2025-12-17 05:35
LAB750505,ENC121343,PT13656,HGB,Hemoglobin,13.2,g/dL,12,17.5,N,STAT,2025-12-17 04:50,2025-12-17 05:11,2025-12-17 05:58
LAB750506,ENC121343,PT13656,TROP,"Troponin I, High Sensitivity",1038,ng/L,0,34,H,STAT,2025-12-17 04:53,2025-12-17 04:57,2025-12-17 05:41
LAB750507,ENC121347,PT10365,GLU,Glucose,85,mg/dL,70,99,N,STAT,2025-12-17 10:20,2025-12-17 10:46,2025-12-17 11:22
LAB750508,ENC121347,PT10365,CREAT,Creatinine,0.67,mg/dL,0.6,1.3,N,STAT,2025-12-17 10:06,2025-12-17 10:23,2025-12-17 11:55
LAB750509,ENC121348,PT11482,GLU,Glucose,96,mg/dL,70,99,N,Routine,2025-12-17 13:18,2025-12-17 13:39,2025-12-17 14:51
LAB750510,ENC121348,PT11482,CREAT,Creatinine,0.88,mg/dL,0.6,1.3,N,STAT,2025-12-17 12:53,2025-12-17 13:12,2025-12-17 14:05
LAB750511,ENC121348,PT11482,WBC,White Blood Cell Count,7.2,K/uL,4.5,11,N,STAT,2025-12-17 13:31,2025-12-17 13:42,2025-12-17 14:21
LAB750512,ENC121348,PT11482,HGB,Hemoglobin,13.1,g/dL,12,17.5,N,STAT,2025-12-17 13:39,2025-12-17 13:48,2025-12-17 14:53
LAB750513,ENC121351,PT13636,GLU,Glucose,126,mg/dL,70,99,H,STAT,2025-12-17 12:53,2025-12-17 13:19,2025-12-17 13:46
LAB750514,ENC121351,PT13636,CREAT,Creatinine,1.26,mg/dL,0.6,1.3,N,Routine,2025-12-17 13:36,2025-12-17 13:46,2025-12-17 16:25
LAB750515,ENC121351,PT13636,WBC,White Blood Cell Count,14.6,K/uL,4.5,11,H,STAT,2025-12-17 13:32,2025-12-17 13:45,2025-12-17 14:36
LAB750516,ENC121351,PT13636,HGB,Hemoglobin,9,g/dL,12,17.5,L,STAT,2025-12-17 13:54,2025-12-17 14:05,2025-12-17 15:05
LAB750517,ENC121351,PT13636,BUN,Blood Urea Nitrogen,19,mg/dL,7,20,N,STAT,2025-12-17 13:47,2025-12-17 14:07,2025-12-17 14:29
LAB750518,ENC121351,PT13636,PLT,Platelet Count,243,K/uL,150,400,N,Routine,2025-12-17 12:54,2025-12-17 13:09,2025-12-17 14:57
LAB750519,ENC121352,PT10570,A1C,Hemoglobin A1c,5,%,4,5.6,N,Routine,2025-12-17 11:08,2025-12-17 11:30,2025-12-17 17:16
LAB750520,ENC121353,PT12304,GLU,Glucose,111,mg/dL,70,99,H,STAT,2025-12-17 15:31,2025-12-17 15:55,2025-12-17 16:24
LAB750521,ENC121353,PT12304,CREAT,Creatinine,1.2,mg/dL,0.6,1.3,N,STAT,2025-12-17 14:42,2025-12-17 15:12,2025-12-17 15:44
LAB750522,ENC121353,PT12304,WBC,White Blood Cell Count,7.8,K/uL,4.5,11,N,Routine,2025-12-17 14:44,2025-12-17 15:00,2025-12-17 16:48
LAB750523,ENC121353,PT12304,HGB,Hemoglobin,9.3,g/dL,12,17.5,L,STAT,2025-12-17 15:35,2025-12-17 15:47,2025-12-17 16:20
LAB750524,ENC121353,PT12304,INR,Prothrombin Time INR,1,ratio,0.8,1.2,N,STAT,2025-12-17 15:17,2025-12-17 15:33,2025-12-17 15:54
LAB750525,ENC121357,PT12731,GLU,Glucose,210,mg/dL,70,99,H,STAT,2025-12-17 15:15,2025-12-17 15:20,2025-12-17 15:58
LAB750526,ENC121357,PT12731,CREAT,Creatinine,1.07,mg/dL,0.6,1.3,N,STAT,2025-12-17 15:55,2025-12-17 16:27,2025-12-17 17:12
LAB750527,ENC121357,PT12731,WBC,White Blood Cell Count,5.6,K/uL,4.5,11,N,STAT,2025-12-17 16:09,2025-12-17 16:37,2025-12-17 17:38
LAB750528,ENC121357,PT12731,HGB,Hemoglobin,14.6,g/dL,12,17.5,N,Routine,2025-12-17 15:10,2025-12-17 15:41,2025-12-17 18:27
LAB750529,ENC121357,PT12731,BUN,Blood Urea Nitrogen,8,mg/dL,7,20,N,STAT,2025-12-17 15:33,2025-12-17 15:41,2025-12-17 16:25
LAB750530,ENC121357,PT12731,PLT,Platelet Count,252,K/uL,150,400,N,STAT,2025-12-17 15:19,2025-12-17 15:44,2025-12-17 16:37
LAB750531,ENC121360,PT12049,LDL,LDL Cholesterol,106,mg/dL,0,99,H,Routine,2025-12-17 12:13,2025-12-17 12:23,2025-12-18 00:15
LAB750532,ENC121360,PT12049,A1C,Hemoglobin A1c,9.3,%,4,5.6,H,Routine,2025-12-17 12:07,2025-12-17 12:41,2025-12-18 01:13
LAB750533,ENC121362,PT10135,A1C,Hemoglobin A1c,9.4,%,4,5.6,H,Routine,2025-12-17 13:15,2025-12-17 13:19,2025-12-18 01:19
LAB750534,ENC121363,PT13243,A1C,Hemoglobin A1c,5.5,%,4,5.6,N,Routine,2025-12-17 13:25,2025-12-17 13:50,2025-12-17 19:01
LAB750535,ENC121364,PT12380,TROP,"Troponin I, High Sensitivity",6,ng/L,0,34,N,STAT,2025-12-17 13:49,2025-12-17 14:13,2025-12-17 15:06
LAB750536,ENC121365,PT13837,WBC,White Blood Cell Count,6.6,K/uL,4.5,11,N,Routine,2025-12-17 14:08,2025-12-17 14:13,2025-12-17 15:20
LAB750537,ENC121365,PT13837,HGB,Hemoglobin,14.4,g/dL,12,17.5,N,Routine,2025-12-17 14:11,2025-12-17 14:24,2025-12-17 21:09
LAB750538,ENC121365,PT13837,PLT,Platelet Count,250,K/uL,150,400,N,Routine,2025-12-17 14:29,2025-12-17 14:38,2025-12-17 16:58
LAB750539,ENC121367,PT13116,WBC,White Blood Cell Count,6.3,K/uL,4.5,11,N,Routine,2025-12-17 15:06,2025-12-17 15:39,2025-12-17 19:05
LAB750540,ENC121367,PT13116,HGB,Hemoglobin,10.4,g/dL,12,17.5,L,Routine,2025-12-17 15:07,2025-12-17 15:33,2025-12-17 16:44
LAB750541,ENC121367,PT13116,PLT,Platelet Count,352,K/uL,150,400,N,Routine,2025-12-17 15:07,2025-12-17 15:39,2025-12-17 18:04
LAB750542,ENC121368,PT12487,INR,Prothrombin Time INR,1,ratio,0.8,1.2,N,Routine,2025-12-17 15:35,2025-12-17 15:43,2025-12-17 20:15
LAB750543,ENC121371,PT12237,WBC,White Blood Cell Count,8.1,K/uL,4.5,11,N,Routine,2025-12-17 15:52,2025-12-17 16:24,2025-12-17 17:48
LAB750544,ENC121371,PT12237,HGB,Hemoglobin,12.2,g/dL,12,17.5,N,Routine,2025-12-17 16:07,2025-12-17 16:34,2025-12-17 21:11
LAB750545,ENC121371,PT12237,PLT,Platelet Count,200,K/uL,150,400,N,Routine,2025-12-17 16:04,2025-12-17 16:12,2025-12-17 20:29
LAB750546,ENC121373,PT12026,GLU,Glucose,115,mg/dL,70,99,H,STAT,2025-12-17 19:14,2025-12-17 19:18,2025-12-17 20:13
LAB750547,ENC121373,PT12026,CREAT,Creatinine,1.06,mg/dL,0.6,1.3,N,STAT,2025-12-17 19:57,2025-12-17 20:01,2025-12-17 21:13
LAB750548,ENC121373,PT12026,WBC,White Blood Cell Count,13.9,K/uL,4.5,11,H,STAT,2025-12-17 19:45,2025-12-17 20:16,2025-12-17 20:51
LAB750549,ENC121373,PT12026,HGB,Hemoglobin,12.3,g/dL,12,17.5,N,Routine,2025-12-17 19:58,2025-12-17 20:30,2025-12-18 02:09
LAB750550,ENC121373,PT12026,BUN,Blood Urea Nitrogen,16,mg/dL,7,20,N,STAT,2025-12-17 20:00,2025-12-17 20:09,2025-12-17 21:06
LAB750551,ENC121373,PT12026,PLT,Platelet Count,164,K/uL,150,400,N,STAT,2025-12-17 19:30,2025-12-17 19:41,2025-12-17 20:07
LAB750552,ENC121374,PT13101,GLU,Glucose,102,mg/dL,70,99,H,STAT,2025-12-17 19:32,2025-12-17 20:06,2025-12-17 20:54
LAB750553,ENC121374,PT13101,CREAT,Creatinine,1.15,mg/dL,0.6,1.3,N,STAT,2025-12-17 20:12,2025-12-17 20:25,2025-12-17 20:56
LAB750554,ENC121374,PT13101,WBC,White Blood Cell Count,6.1,K/uL,4.5,11,N,Routine,2025-12-17 20:16,2025-12-17 20:47,2025-12-17 22:16
LAB750555,ENC121374,PT13101,HGB,Hemoglobin,12.8,g/dL,12,17.5,N,Routine,2025-12-17 19:17,2025-12-17 19:31,2025-12-17 23:06
LAB750556,ENC121383,PT13391,GLU,Glucose,141,mg/dL,70,99,H,STAT,2025-12-18 02:22,2025-12-18 02:29,2025-12-18 02:53
LAB750557,ENC121383,PT13391,CREAT,Creatinine,1.32,mg/dL,0.6,1.3,H,STAT,2025-12-18 01:39,2025-12-18 01:44,2025-12-18 02:29
LAB750558,ENC121383,PT13391,WBC,White Blood Cell Count,7.3,K/uL,4.5,11,N,STAT,2025-12-18 02:14,2025-12-18 02:19,2025-12-18 02:43
LAB750559,ENC121383,PT13391,HGB,Hemoglobin,13.8,g/dL,12,17.5,N,Routine,2025-12-18 02:03,2025-12-18 02:31,2025-12-18 07:37
LAB750560,ENC121384,PT10726,GLU,Glucose,123,mg/dL,70,99,H,Routine,2025-12-18 00:56,2025-12-18 01:08,2025-12-18 02:55
LAB750561,ENC121384,PT10726,CREAT,Creatinine,0.9,mg/dL,0.6,1.3,N,STAT,2025-12-18 00:18,2025-12-18 00:49,2025-12-18 02:19
LAB750562,ENC121384,PT10726,WBC,White Blood Cell Count,9.1,K/uL,4.5,11,N,Routine,2025-12-18 00:54,2025-12-18 01:26,2025-12-18 03:07
LAB750563,ENC121386,PT13731,GLU,Glucose,110,mg/dL,70,99,H,STAT,2025-12-18 05:16,2025-12-18 05:42,2025-12-18 06:08
LAB750564,ENC121386,PT13731,CREAT,Creatinine,0.99,mg/dL,0.6,1.3,N,STAT,2025-12-18 04:59,2025-12-18 05:34,2025-12-18 06:00
LAB750565,ENC121386,PT13731,WBC,White Blood Cell Count,7.4,K/uL,4.5,11,N,Routine,2025-12-18 04:45,2025-12-18 04:59,2025-12-18 08:12
LAB750566,ENC121386,PT13731,HGB,Hemoglobin,13.1,g/dL,12,17.5,N,Routine,2025-12-18 05:16,2025-12-18 05:45,2025-12-18 09:17
LAB750567,ENC121388,PT13068,GLU,Glucose,104,mg/dL,70,99,H,STAT,2025-12-18 06:43,2025-12-18 07:11,2025-12-18 07:46
LAB750568,ENC121388,PT13068,CREAT,Creatinine,0.51,mg/dL,0.6,1.3,L,STAT,2025-12-18 06:55,2025-12-18 07:11,2025-12-18 07:50
LAB750569,ENC121388,PT13068,WBC,White Blood Cell Count,8.1,K/uL,4.5,11,N,Routine,2025-12-18 07:01,2025-12-18 07:26,2025-12-18 09:45
LAB750570,ENC121388,PT13068,HGB,Hemoglobin,14.3,g/dL,12,17.5,N,Routine,2025-12-18 07:06,2025-12-18 07:31,2025-12-18 10:23
LAB750571,ENC121388,PT13068,TROP,"Troponin I, High Sensitivity",490,ng/L,0,34,H,STAT,2025-12-18 07:08,2025-12-18 07:22,2025-12-18 09:03
LAB750572,ENC121389,PT12160,GLU,Glucose,140,mg/dL,70,99,H,STAT,2025-12-18 08:04,2025-12-18 08:08,2025-12-18 08:35
LAB750573,ENC121389,PT12160,CREAT,Creatinine,0.84,mg/dL,0.6,1.3,N,STAT,2025-12-18 08:01,2025-12-18 08:06,2025-12-18 09:10
LAB750574,ENC121389,PT12160,WBC,White Blood Cell Count,12.8,K/uL,4.5,11,H,Routine,2025-12-18 08:41,2025-12-18 08:45,2025-12-18 10:04
LAB750575,ENC121389,PT12160,HGB,Hemoglobin,14.3,g/dL,12,17.5,N,STAT,2025-12-18 08:21,2025-12-18 08:48,2025-12-18 09:26
LAB750576,ENC121389,PT12160,BUN,Blood Urea Nitrogen,13,mg/dL,7,20,N,STAT,2025-12-18 07:58,2025-12-18 08:21,2025-12-18 08:54
LAB750577,ENC121389,PT12160,PLT,Platelet Count,234,K/uL,150,400,N,Routine,2025-12-18 08:11,2025-12-18 08:43,2025-12-18 11:39
LAB750578,ENC121394,PT10033,GLU,Glucose,92,mg/dL,70,99,N,Routine,2025-12-18 11:07,2025-12-18 11:22,2025-12-18 14:34
LAB750579,ENC121394,PT10033,CREAT,Creatinine,0.64,mg/dL,0.6,1.3,N,Routine,2025-12-18 10:50,2025-12-18 10:55,2025-12-18 13:41
LAB750580,ENC121394,PT10033,WBC,White Blood Cell Count,7.7,K/uL,4.5,11,N,STAT,2025-12-18 10:25,2025-12-18 10:42,2025-12-18 11:15
LAB750581,ENC121394,PT10033,HGB,Hemoglobin,13,g/dL,12,17.5,N,STAT,2025-12-18 10:46,2025-12-18 11:13,2025-12-18 12:00
LAB750582,ENC121394,PT10033,TROP,"Troponin I, High Sensitivity",35,ng/L,0,34,H,STAT,2025-12-18 11:11,2025-12-18 11:19,2025-12-18 12:14
LAB750583,ENC121394,PT10033,BNP,B-Type Natriuretic Peptide,754,pg/mL,0,100,H,STAT,2025-12-18 11:12,2025-12-18 11:41,2025-12-18 12:33
LAB750584,ENC121395,PT12529,GLU,Glucose,88,mg/dL,70,99,N,Routine,2025-12-18 09:20,2025-12-18 09:48,2025-12-18 11:59
LAB750585,ENC121395,PT12529,CREAT,Creatinine,1.1,mg/dL,0.6,1.3,N,STAT,2025-12-18 09:54,2025-12-18 10:29,2025-12-18 11:27
LAB750586,ENC121395,PT12529,WBC,White Blood Cell Count,4.2,K/uL,4.5,11,L,STAT,2025-12-18 09:33,2025-12-18 09:53,2025-12-18 10:33
LAB750587,ENC121395,PT12529,HGB,Hemoglobin,12.5,g/dL,12,17.5,N,STAT,2025-12-18 09:36,2025-12-18 09:58,2025-12-18 10:37
LAB750588,ENC121397,PT13949,LDL,LDL Cholesterol,75,mg/dL,0,99,N,Routine,2025-12-18 10:09,2025-12-18 10:20,2025-12-18 20:10
LAB750589,ENC121398,PT10623,GLU,Glucose,107,mg/dL,70,99,H,STAT,2025-12-18 13:42,2025-12-18 13:57,2025-12-18 14:32
LAB750590,ENC121398,PT10623,CREAT,Creatinine,1.16,mg/dL,0.6,1.3,N,Routine,2025-12-18 13:11,2025-12-18 13:31,2025-12-18 16:23
LAB750591,ENC121398,PT10623,WBC,White Blood Cell Count,7.4,K/uL,4.5,11,N,STAT,2025-12-18 13:40,2025-12-18 13:48,2025-12-18 15:05
LAB750592,ENC121398,PT10623,HGB,Hemoglobin,12.2,g/dL,12,17.5,N,Routine,2025-12-18 13:51,2025-12-18 14:24,2025-12-18 19:02
LAB750593,ENC121398,PT10623,NA,Sodium,138,mmol/L,136,145,N,STAT,2025-12-18 14:10,2025-12-18 14:18,2025-12-18 15:20
LAB750594,ENC121398,PT10623,K,Potassium,3.9,mmol/L,3.5,5.1,N,STAT,2025-12-18 13:51,2025-12-18 14:19,2025-12-18 15:13
LAB750595,ENC121399,PT13572,A1C,Hemoglobin A1c,10.1,%,4,5.6,H,Routine,2025-12-18 10:17,2025-12-18 10:40,2025-12-18 19:28
LAB750596,ENC121399,PT13572,GLU,Glucose,271,mg/dL,70,99,H,Routine,2025-12-18 10:19,2025-12-18 10:43,2025-12-18 14:49
LAB750597,ENC121399,PT13572,CREAT,Creatinine,0.76,mg/dL,0.6,1.3,N,Routine,2025-12-18 10:05,2025-12-18 10:39,2025-12-18 14:13
LAB750598,ENC121401,PT10765,GLU,Glucose,108,mg/dL,70,99,H,STAT,2025-12-18 13:53,2025-12-18 14:12,2025-12-18 15:03
LAB750599,ENC121401,PT10765,CREAT,Creatinine,1,mg/dL,0.6,1.3,N,Routine,2025-12-18 14:07,2025-12-18 14:34,2025-12-18 16:06
LAB750600,ENC121401,PT10765,WBC,White Blood Cell Count,7.8,K/uL,4.5,11,N,Routine,2025-12-18 14:32,2025-12-18 15:03,2025-12-18 18:25
LAB750601,ENC121401,PT10765,HGB,Hemoglobin,16,g/dL,12,17.5,N,STAT,2025-12-18 14:35,2025-12-18 14:41,2025-12-18 14:55
LAB750602,ENC121403,PT11674,GLU,Glucose,89,mg/dL,70,99,N,Routine,2025-12-18 13:09,2025-12-18 13:30,2025-12-18 18:41
LAB750603,ENC121403,PT11674,CREAT,Creatinine,0.74,mg/dL,0.6,1.3,N,STAT,2025-12-18 13:11,2025-12-18 13:19,2025-12-18 13:56
LAB750604,ENC121403,PT11674,WBC,White Blood Cell Count,7.3,K/uL,4.5,11,N,STAT,2025-12-18 13:05,2025-12-18 13:20,2025-12-18 13:51
LAB750605,ENC121403,PT11674,HGB,Hemoglobin,10,g/dL,12,17.5,L,Routine,2025-12-18 13:12,2025-12-18 13:46,2025-12-18 16:16
LAB750606,ENC121404,PT10129,GLU,Glucose,98,mg/dL,70,99,N,Routine,2025-12-18 11:33,2025-12-18 12:06,2025-12-18 17:30
LAB750607,ENC121404,PT10129,CREAT,Creatinine,0.7,mg/dL,0.6,1.3,N,STAT,2025-12-18 11:39,2025-12-18 11:59,2025-12-18 12:26
LAB750608,ENC121406,PT13454,LDL,LDL Cholesterol,125,mg/dL,0,99,H,Routine,2025-12-18 12:17,2025-12-18 12:37,2025-12-19 02:16
LAB750609,ENC121406,PT13454,A1C,Hemoglobin A1c,8.2,%,4,5.6,H,Routine,2025-12-18 12:18,2025-12-18 12:31,2025-12-19 00:33
LAB750610,ENC121410,PT12510,GLU,Glucose,93,mg/dL,70,99,N,STAT,2025-12-18 14:31,2025-12-18 14:39,2025-12-18 15:41
LAB750611,ENC121410,PT12510,CREAT,Creatinine,0.79,mg/dL,0.6,1.3,N,Routine,2025-12-18 14:42,2025-12-18 14:49,2025-12-18 17:32
LAB750612,ENC121410,PT12510,WBC,White Blood Cell Count,10.6,K/uL,4.5,11,N,STAT,2025-12-18 15:00,2025-12-18 15:33,2025-12-18 16:30
LAB750613,ENC121410,PT12510,HGB,Hemoglobin,12.1,g/dL,12,17.5,N,Routine,2025-12-18 14:00,2025-12-18 14:28,2025-12-18 15:28
LAB750614,ENC121411,PT10562,GLU,Glucose,89,mg/dL,70,99,N,STAT,2025-12-18 16:14,2025-12-18 16:30,2025-12-18 17:31
LAB750615,ENC121411,PT10562,CREAT,Creatinine,0.89,mg/dL,0.6,1.3,N,STAT,2025-12-18 16:41,2025-12-18 17:02,2025-12-18 17:20
LAB750616,ENC121411,PT10562,WBC,White Blood Cell Count,3.8,K/uL,4.5,11,L,STAT,2025-12-18 17:14,2025-12-18 17:25,2025-12-18 17:44
LAB750617,ENC121411,PT10562,HGB,Hemoglobin,14.4,g/dL,12,17.5,N,Routine,2025-12-18 17:24,2025-12-18 17:54,2025-12-18 19:23
LAB750618,ENC121414,PT13550,LDL,LDL Cholesterol,148,mg/dL,0,99,H,Routine,2025-12-18 14:26,2025-12-18 14:36,2025-12-19 15:09
LAB750619,ENC121414,PT13550,A1C,Hemoglobin A1c,4.9,%,4,5.6,N,Routine,2025-12-18 14:43,2025-12-18 15:09,2025-12-19 04:18
LAB750620,ENC121419,PT13706,WBC,White Blood Cell Count,10.3,K/uL,4.5,11,N,Routine,2025-12-18 16:09,2025-12-18 16:18,2025-12-18 19:33
LAB750621,ENC121419,PT13706,HGB,Hemoglobin,13.2,g/dL,12,17.5,N,Routine,2025-12-18 16:14,2025-12-18 16:39,2025-12-18 23:03
LAB750622,ENC121419,PT13706,PLT,Platelet Count,325,K/uL,150,400,N,Routine,2025-12-18 15:59,2025-12-18 16:07,2025-12-18 17:34
LAB750623,ENC121420,PT12368,GLU,Glucose,61,mg/dL,70,99,L,STAT,2025-12-18 20:09,2025-12-18 20:35,2025-12-18 21:24
LAB750624,ENC121420,PT12368,CREAT,Creatinine,0.93,mg/dL,0.6,1.3,N,STAT,2025-12-18 20:01,2025-12-18 20:21,2025-12-18 20:47
LAB750625,ENC121420,PT12368,WBC,White Blood Cell Count,5.6,K/uL,4.5,11,N,STAT,2025-12-18 19:57,2025-12-18 20:03,2025-12-18 21:09
LAB750626,ENC121420,PT12368,HGB,Hemoglobin,15.5,g/dL,12,17.5,N,Routine,2025-12-18 19:58,2025-12-18 20:22,2025-12-18 21:54
LAB750627,ENC121421,PT11336,GLU,Glucose,102,mg/dL,70,99,H,Routine,2025-12-18 23:15,2025-12-18 23:34,2025-12-19 01:07
LAB750628,ENC121421,PT11336,CREAT,Creatinine,1.25,mg/dL,0.6,1.3,N,STAT,2025-12-18 23:28,2025-12-18 23:46,2025-12-19 00:18
LAB750629,ENC121421,PT11336,WBC,White Blood Cell Count,9.8,K/uL,4.5,11,N,Routine,2025-12-18 23:02,2025-12-18 23:09,2025-12-19 02:29
LAB750630,ENC121421,PT11336,HGB,Hemoglobin,15.9,g/dL,12,17.5,N,Routine,2025-12-18 22:32,2025-12-18 22:39,2025-12-19 02:09
LAB750631,ENC121422,PT10502,GLU,Glucose,103,mg/dL,70,99,H,STAT,2025-12-18 18:52,2025-12-18 18:59,2025-12-18 19:55
LAB750632,ENC121422,PT10502,CREAT,Creatinine,0.95,mg/dL,0.6,1.3,N,Routine,2025-12-18 18:37,2025-12-18 19:06,2025-12-18 21:00
LAB750633,ENC121423,PT10170,GLU,Glucose,90,mg/dL,70,99,N,Routine,2025-12-19 01:38,2025-12-19 02:04,2025-12-19 07:10
LAB750634,ENC121423,PT10170,CREAT,Creatinine,0.75,mg/dL,0.6,1.3,N,STAT,2025-12-19 01:24,2025-12-19 01:54,2025-12-19 02:57
LAB750635,ENC121423,PT10170,WBC,White Blood Cell Count,9.3,K/uL,4.5,11,N,STAT,2025-12-19 01:44,2025-12-19 02:07,2025-12-19 02:27
LAB750636,ENC121423,PT10170,HGB,Hemoglobin,12.7,g/dL,12,17.5,N,Routine,2025-12-19 01:05,2025-12-19 01:39,2025-12-19 06:13
LAB750637,ENC121424,PT10435,GLU,Glucose,127,mg/dL,70,99,H,STAT,2025-12-19 01:02,2025-12-19 01:37,2025-12-19 02:35
LAB750638,ENC121424,PT10435,CREAT,Creatinine,0.92,mg/dL,0.6,1.3,N,Routine,2025-12-19 00:03,2025-12-19 00:37,2025-12-19 02:18
LAB750639,ENC121424,PT10435,WBC,White Blood Cell Count,7.8,K/uL,4.5,11,N,Routine,2025-12-19 00:20,2025-12-19 00:55,2025-12-19 02:51
LAB750640,ENC121424,PT10435,HGB,Hemoglobin,13.3,g/dL,12,17.5,N,STAT,2025-12-19 00:09,2025-12-19 00:42,2025-12-19 01:41
LAB750641,ENC121425,PT13251,TROP,"Troponin I, High Sensitivity",7,ng/L,0,34,N,STAT,2025-12-18 21:43,2025-12-18 21:52,2025-12-18 22:20
LAB750642,ENC121426,PT12684,GLU,Glucose,114,mg/dL,70,99,H,Routine,2025-12-18 23:37,2025-12-19 00:00,2025-12-19 02:44
LAB750643,ENC121426,PT12684,CREAT,Creatinine,1.33,mg/dL,0.6,1.3,H,STAT,2025-12-18 23:31,2025-12-19 00:06,2025-12-19 01:27
LAB750644,ENC121426,PT12684,WBC,White Blood Cell Count,5.9,K/uL,4.5,11,N,Routine,2025-12-18 23:49,2025-12-18 23:58,2025-12-19 03:52
LAB750645,ENC121426,PT12684,HGB,Hemoglobin,13.9,g/dL,12,17.5,N,Routine,2025-12-18 23:46,2025-12-18 23:55,2025-12-19 02:26
LAB750646,ENC121429,PT11216,WBC,White Blood Cell Count,3.7,K/uL,4.5,11,L,Routine,2025-12-19 08:22,2025-12-19 08:55,2025-12-19 12:38
LAB750647,ENC121429,PT11216,HGB,Hemoglobin,13.5,g/dL,12,17.5,N,Routine,2025-12-19 08:42,2025-12-19 09:15,2025-12-19 11:23
LAB750648,ENC121429,PT11216,PLT,Platelet Count,295,K/uL,150,400,N,Routine,2025-12-19 08:35,2025-12-19 09:08,2025-12-19 10:11
LAB750649,ENC121432,PT13940,GLU,Glucose,107,mg/dL,70,99,H,STAT,2025-12-19 10:55,2025-12-19 11:19,2025-12-19 12:25
LAB750650,ENC121432,PT13940,CREAT,Creatinine,0.85,mg/dL,0.6,1.3,N,Routine,2025-12-19 10:24,2025-12-19 10:51,2025-12-19 12:45
LAB750651,ENC121432,PT13940,WBC,White Blood Cell Count,10.4,K/uL,4.5,11,N,STAT,2025-12-19 10:56,2025-12-19 11:17,2025-12-19 12:50
LAB750652,ENC121432,PT13940,HGB,Hemoglobin,12.3,g/dL,12,17.5,N,Routine,2025-12-19 10:43,2025-12-19 11:00,2025-12-19 14:22
LAB750653,ENC121435,PT11219,A1C,Hemoglobin A1c,6.4,%,4,5.6,H,Routine,2025-12-19 10:52,2025-12-19 10:56,2025-12-19 23:13
LAB750654,ENC121435,PT11219,GLU,Glucose,202,mg/dL,70,99,H,Routine,2025-12-19 10:36,2025-12-19 10:55,2025-12-19 12:52
LAB750655,ENC121435,PT11219,CREAT,Creatinine,0.54,mg/dL,0.6,1.3,L,Routine,2025-12-19 10:56,2025-12-19 11:15,2025-12-19 13:37
LAB750656,ENC121436,PT13920,GLU,Glucose,110,mg/dL,70,99,H,STAT,2025-12-19 16:03,2025-12-19 16:32,2025-12-19 17:58
LAB750657,ENC121436,PT13920,CREAT,Creatinine,0.88,mg/dL,0.6,1.3,N,STAT,2025-12-19 16:17,2025-12-19 16:26,2025-12-19 17:13
LAB750658,ENC121436,PT13920,WBC,White Blood Cell Count,21,K/uL,4.5,11,H,STAT,2025-12-19 16:40,2025-12-19 16:44,2025-12-19 17:51
LAB750659,ENC121436,PT13920,HGB,Hemoglobin,15.3,g/dL,12,17.5,N,STAT,2025-12-19 16:37,2025-12-19 16:56,2025-12-19 17:25
LAB750660,ENC121437,PT13599,GLU,Glucose,100,mg/dL,70,99,H,Routine,2025-12-19 12:19,2025-12-19 12:26,2025-12-19 13:26
LAB750661,ENC121437,PT13599,CREAT,Creatinine,1.01,mg/dL,0.6,1.3,N,Routine,2025-12-19 12:57,2025-12-19 13:06,2025-12-19 16:17
LAB750662,ENC121437,PT13599,WBC,White Blood Cell Count,8,K/uL,4.5,11,N,Routine,2025-12-19 12:35,2025-12-19 13:00,2025-12-19 16:50
LAB750663,ENC121437,PT13599,HGB,Hemoglobin,12.1,g/dL,12,17.5,N,STAT,2025-12-19 13:26,2025-12-19 13:37,2025-12-19 14:17
LAB750664,ENC121437,PT13599,TROP,"Troponin I, High Sensitivity",52,ng/L,0,34,H,STAT,2025-12-19 12:45,2025-12-19 12:51,2025-12-19 13:50
LAB750665,ENC121437,PT13599,BNP,B-Type Natriuretic Peptide,1031,pg/mL,0,100,H,Routine,2025-12-19 12:58,2025-12-19 13:07,2025-12-19 14:28
LAB750666,ENC121438,PT11056,GLU,Glucose,78,mg/dL,70,99,N,STAT,2025-12-19 13:24,2025-12-19 13:50,2025-12-19 14:51
LAB750667,ENC121438,PT11056,CREAT,Creatinine,0.58,mg/dL,0.6,1.3,L,Routine,2025-12-19 13:21,2025-12-19 13:26,2025-12-19 16:27
LAB750668,ENC121441,PT12873,A1C,Hemoglobin A1c,5.9,%,4,5.6,H,Routine,2025-12-19 13:49,2025-12-19 14:19,2025-12-19 22:09
LAB750669,ENC121441,PT12873,GLU,Glucose,138,mg/dL,70,99,H,Routine,2025-12-19 13:56,2025-12-19 14:00,2025-12-19 15:15
LAB750670,ENC121441,PT12873,CREAT,Creatinine,1,mg/dL,0.6,1.3,N,Routine,2025-12-19 13:38,2025-12-19 14:10,2025-12-19 18:59
LAB750671,ENC121442,PT10318,A1C,Hemoglobin A1c,11.4,%,4,5.6,H,Routine,2025-12-19 14:14,2025-12-19 14:26,2025-12-19 20:49
LAB750672,ENC121444,PT10575,GLU,Glucose,127,mg/dL,70,99,H,Routine,2025-12-19 18:40,2025-12-19 19:14,2025-12-19 21:42
LAB750673,ENC121444,PT10575,CREAT,Creatinine,1.27,mg/dL,0.6,1.3,N,STAT,2025-12-19 18:21,2025-12-19 18:51,2025-12-19 19:31
LAB750674,ENC121444,PT10575,WBC,White Blood Cell Count,9.1,K/uL,4.5,11,N,STAT,2025-12-19 18:46,2025-12-19 19:17,2025-12-19 20:04
LAB750675,ENC121444,PT10575,HGB,Hemoglobin,12.5,g/dL,12,17.5,N,Routine,2025-12-19 18:13,2025-12-19 18:22,2025-12-19 21:16
LAB750676,ENC121444,PT10575,NA,Sodium,144,mmol/L,136,145,N,STAT,2025-12-19 18:42,2025-12-19 18:57,2025-12-19 19:59
LAB750677,ENC121444,PT10575,K,Potassium,4.5,mmol/L,3.5,5.1,N,STAT,2025-12-19 18:47,2025-12-19 19:21,2025-12-19 19:52
LAB750678,ENC121447,PT10079,GLU,Glucose,100,mg/dL,70,99,H,Routine,2025-12-19 15:48,2025-12-19 16:13,2025-12-19 18:56
LAB750679,ENC121447,PT10079,CREAT,Creatinine,0.8,mg/dL,0.6,1.3,N,Routine,2025-12-19 16:05,2025-12-19 16:22,2025-12-19 21:13
LAB750680,ENC121447,PT10079,WBC,White Blood Cell Count,6.2,K/uL,4.5,11,N,Routine,2025-12-19 15:49,2025-12-19 15:55,2025-12-19 17:36
LAB750681,ENC121447,PT10079,TROP,"Troponin I, High Sensitivity",9,ng/L,0,34,N,STAT,2025-12-19 15:30,2025-12-19 15:35,2025-12-19 16:51
LAB750682,ENC121449,PT13178,LDL,LDL Cholesterol,208,mg/dL,0,99,H,Routine,2025-12-19 16:07,2025-12-19 16:18,2025-12-20 06:15
LAB750683,ENC121455,PT12673,GLU,Glucose,184,mg/dL,70,99,H,Routine,2025-12-19 17:15,2025-12-19 17:19,2025-12-19 21:23
LAB750684,ENC121455,PT12673,CREAT,Creatinine,0.57,mg/dL,0.6,1.3,L,STAT,2025-12-19 17:48,2025-12-19 18:17,2025-12-19 19:07
LAB750685,ENC121456,PT12537,GLU,Glucose,122,mg/dL,70,99,H,STAT,2025-12-19 20:52,2025-12-19 21:19,2025-12-19 21:35
LAB750686,ENC121456,PT12537,CREAT,Creatinine,1.12,mg/dL,0.6,1.3,N,STAT,2025-12-19 20:35,2025-12-19 20:42,2025-12-19 21:03
LAB750687,ENC121456,PT12537,WBC,White Blood Cell Count,14.6,K/uL,4.5,11,H,Routine,2025-12-19 20:48,2025-12-19 20:52,2025-12-19 23:22
LAB750688,ENC121456,PT12537,HGB,Hemoglobin,16,g/dL,12,17.5,N,STAT,2025-12-19 20:45,2025-12-19 21:01,2025-12-19 21:27
LAB750689,ENC121457,PT13416,GLU,Glucose,108,mg/dL,70,99,H,STAT,2025-12-19 18:38,2025-12-19 18:51,2025-12-19 19:20
LAB750690,ENC121457,PT13416,CREAT,Creatinine,1.09,mg/dL,0.6,1.3,N,STAT,2025-12-19 17:44,2025-12-19 17:51,2025-12-19 18:54
LAB750691,ENC121457,PT13416,WBC,White Blood Cell Count,17.5,K/uL,4.5,11,H,Routine,2025-12-19 18:03,2025-12-19 18:31,2025-12-19 20:18
LAB750692,ENC121458,PT12733,GLU,Glucose,88,mg/dL,70,99,N,STAT,2025-12-20 00:07,2025-12-20 00:24,2025-12-20 01:30
LAB750693,ENC121458,PT12733,CREAT,Creatinine,1.03,mg/dL,0.6,1.3,N,Routine,2025-12-19 23:45,2025-12-20 00:19,2025-12-20 02:05
LAB750694,ENC121458,PT12733,WBC,White Blood Cell Count,12,K/uL,4.5,11,H,STAT,2025-12-19 23:31,2025-12-19 23:44,2025-12-20 00:42
LAB750695,ENC121458,PT12733,HGB,Hemoglobin,16.3,g/dL,12,17.5,N,Routine,2025-12-19 23:49,2025-12-20 00:13,2025-12-20 02:40
LAB750696,ENC121458,PT12733,BUN,Blood Urea Nitrogen,18,mg/dL,7,20,N,STAT,2025-12-20 00:07,2025-12-20 00:16,2025-12-20 00:47
LAB750697,ENC121458,PT12733,PLT,Platelet Count,240,K/uL,150,400,N,STAT,2025-12-19 23:49,2025-12-20 00:10,2025-12-20 00:55
LAB750698,ENC121459,PT11002,GLU,Glucose,163,mg/dL,70,99,H,STAT,2025-12-19 22:16,2025-12-19 22:41,2025-12-19 23:20
LAB750699,ENC121459,PT11002,CREAT,Creatinine,0.94,mg/dL,0.6,1.3,N,STAT,2025-12-19 21:40,2025-12-19 21:58,2025-12-19 22:59
LAB750700,ENC121459,PT11002,WBC,White Blood Cell Count,5.7,K/uL,4.5,11,N,STAT,2025-12-19 21:55,2025-12-19 22:00,2025-12-19 22:31
LAB750701,ENC121459,PT11002,HGB,Hemoglobin,15.4,g/dL,12,17.5,N,STAT,2025-12-19 21:49,2025-12-19 22:12,2025-12-19 22:48
LAB750702,ENC121460,PT12211,GLU,Glucose,117,mg/dL,70,99,H,Routine,2025-12-19 19:56,2025-12-19 20:31,2025-12-19 22:32
LAB750703,ENC121460,PT12211,CREAT,Creatinine,0.93,mg/dL,0.6,1.3,N,STAT,2025-12-19 20:07,2025-12-19 20:38,2025-12-19 21:37
LAB750704,ENC121461,PT12325,GLU,Glucose,95,mg/dL,70,99,N,STAT,2025-12-20 00:07,2025-12-20 00:15,2025-12-20 00:47
LAB750705,ENC121461,PT12325,CREAT,Creatinine,0.92,mg/dL,0.6,1.3,N,STAT,2025-12-20 00:51,2025-12-20 01:15,2025-12-20 01:44
LAB750706,ENC121461,PT12325,WBC,White Blood Cell Count,7,K/uL,4.5,11,N,STAT,2025-12-20 00:29,2025-12-20 00:40,2025-12-20 01:32
LAB750707,ENC121461,PT12325,HGB,Hemoglobin,12.9,g/dL,12,17.5,N,STAT,2025-12-20 00:54,2025-12-20 01:18,2025-12-20 01:41
LAB750708,ENC121461,PT12325,NA,Sodium,138,mmol/L,136,145,N,STAT,2025-12-20 00:47,2025-12-20 00:52,2025-12-20 01:32
LAB750709,ENC121461,PT12325,K,Potassium,4.1,mmol/L,3.5,5.1,N,STAT,2025-12-20 00:41,2025-12-20 00:59,2025-12-20 01:34
LAB750710,ENC121463,PT11496,GLU,Glucose,95,mg/dL,70,99,N,STAT,2025-12-19 20:21,2025-12-19 20:45,2025-12-19 21:48
LAB750711,ENC121463,PT11496,CREAT,Creatinine,0.88,mg/dL,0.6,1.3,N,Routine,2025-12-19 20:08,2025-12-19 20:37,2025-12-20 00:49
LAB750712,ENC121463,PT11496,WBC,White Blood Cell Count,7.3,K/uL,4.5,11,N,STAT,2025-12-19 20:00,2025-12-19 20:11,2025-12-19 20:34
LAB750713,ENC121463,PT11496,HGB,Hemoglobin,15.1,g/dL,12,17.5,N,STAT,2025-12-19 20:26,2025-12-19 20:50,2025-12-19 21:31
LAB750714,ENC121463,PT11496,INR,Prothrombin Time INR,1.1,ratio,0.8,1.2,N,Routine,2025-12-19 20:43,2025-12-19 20:50,2025-12-19 22:35
LAB750715,ENC121464,PT13473,GLU,Glucose,85,mg/dL,70,99,N,STAT,2025-12-19 20:37,2025-12-19 21:04,2025-12-19 21:52
LAB750716,ENC121464,PT13473,CREAT,Creatinine,0.52,mg/dL,0.6,1.3,L,STAT,2025-12-19 20:26,2025-12-19 20:32,2025-12-19 21:05
LAB750717,ENC121464,PT13473,WBC,White Blood Cell Count,8.4,K/uL,4.5,11,N,STAT,2025-12-19 20:27,2025-12-19 20:56,2025-12-19 22:09
LAB750718,ENC121465,PT13653,GLU,Glucose,111,mg/dL,70,99,H,STAT,2025-12-19 22:39,2025-12-19 23:04,2025-12-19 23:28
LAB750719,ENC121465,PT13653,CREAT,Creatinine,1,mg/dL,0.6,1.3,N,STAT,2025-12-19 22:36,2025-12-19 22:57,2025-12-19 23:49
LAB750720,ENC121466,PT13029,GLU,Glucose,111,mg/dL,70,99,H,STAT,2025-12-20 00:54,2025-12-20 01:25,2025-12-20 02:26
LAB750721,ENC121466,PT13029,CREAT,Creatinine,0.49,mg/dL,0.6,1.3,L,Routine,2025-12-20 01:37,2025-12-20 01:55,2025-12-20 04:25
LAB750722,ENC121467,PT12904,GLU,Glucose,131,mg/dL,70,99,H,STAT,2025-12-20 01:43,2025-12-20 02:16,2025-12-20 03:01
LAB750723,ENC121467,PT12904,CREAT,Creatinine,1.06,mg/dL,0.6,1.3,N,STAT,2025-12-20 01:17,2025-12-20 01:47,2025-12-20 02:28
LAB750724,ENC121469,PT10052,TROP,"Troponin I, High Sensitivity",4,ng/L,0,34,N,STAT,2025-12-20 07:10,2025-12-20 07:21,2025-12-20 08:11
LAB750725,ENC121470,PT10567,GLU,Glucose,261,mg/dL,70,99,H,Routine,2025-12-20 06:37,2025-12-20 06:47,2025-12-20 10:26
LAB750726,ENC121470,PT10567,CREAT,Creatinine,1.14,mg/dL,0.6,1.3,N,STAT,2025-12-20 07:27,2025-12-20 07:40,2025-12-20 08:22
LAB750727,ENC121470,PT10567,WBC,White Blood Cell Count,5.7,K/uL,4.5,11,N,STAT,2025-12-20 06:58,2025-12-20 07:18,2025-12-20 08:13
LAB750728,ENC121470,PT10567,HGB,Hemoglobin,12.1,g/dL,12,17.5,N,STAT,2025-12-20 06:46,2025-12-20 06:58,2025-12-20 07:21
LAB750729,ENC121470,PT10567,TROP,"Troponin I, High Sensitivity",71,ng/L,0,34,H,STAT,2025-12-20 06:54,2025-12-20 07:14,2025-12-20 08:01
LAB750730,ENC121470,PT10567,BNP,B-Type Natriuretic Peptide,876,pg/mL,0,100,H,Routine,2025-12-20 07:02,2025-12-20 07:31,2025-12-20 09:33
LAB750731,ENC121471,PT10721,GLU,Glucose,88,mg/dL,70,99,N,STAT,2025-12-20 14:30,2025-12-20 14:36,2025-12-20 15:12
LAB750732,ENC121471,PT10721,CREAT,Creatinine,1.26,mg/dL,0.6,1.3,N,STAT,2025-12-20 14:45,2025-12-20 15:06,2025-12-20 15:45
LAB750733,ENC121471,PT10721,WBC,White Blood Cell Count,7.5,K/uL,4.5,11,N,STAT,2025-12-20 14:36,2025-12-20 14:54,2025-12-20 15:54
LAB750734,ENC121471,PT10721,HGB,Hemoglobin,14,g/dL,12,17.5,N,STAT,2025-12-20 15:11,2025-12-20 15:16,2025-12-20 15:34
LAB750735,ENC121471,PT10721,INR,Prothrombin Time INR,1,ratio,0.8,1.2,N,STAT,2025-12-20 14:15,2025-12-20 14:50,2025-12-20 15:28
LAB750736,ENC121472,PT10742,GLU,Glucose,126,mg/dL,70,99,H,Routine,2025-12-20 12:35,2025-12-20 12:49,2025-12-20 16:21
LAB750737,ENC121472,PT10742,CREAT,Creatinine,1.89,mg/dL,0.6,1.3,H,STAT,2025-12-20 11:59,2025-12-20 12:24,2025-12-20 13:03
LAB750738,ENC121472,PT10742,WBC,White Blood Cell Count,4.6,K/uL,4.5,11,N,STAT,2025-12-20 12:37,2025-12-20 13:02,2025-12-20 13:51
LAB750739,ENC121473,PT10786,GLU,Glucose,119,mg/dL,70,99,H,Routine,2025-12-20 15:15,2025-12-20 15:30,2025-12-20 16:55
LAB750740,ENC121473,PT10786,CREAT,Creatinine,0.94,mg/dL,0.6,1.3,N,STAT,2025-12-20 14:25,2025-12-20 14:44,2025-12-20 15:17
LAB750741,ENC121473,PT10786,WBC,White Blood Cell Count,4.5,K/uL,4.5,11,N,STAT,2025-12-20 15:29,2025-12-20 15:46,2025-12-20 16:38
LAB750742,ENC121473,PT10786,HGB,Hemoglobin,12.9,g/dL,12,17.5,N,STAT,2025-12-20 14:56,2025-12-20 15:20,2025-12-20 15:52
LAB750743,ENC121473,PT10786,NA,Sodium,141,mmol/L,136,145,N,STAT,2025-12-20 15:16,2025-12-20 15:35,2025-12-20 16:02
LAB750744,ENC121473,PT10786,K,Potassium,4.9,mmol/L,3.5,5.1,N,STAT,2025-12-20 15:27,2025-12-20 15:53,2025-12-20 16:31
LAB750745,ENC121474,PT10404,GLU,Glucose,95,mg/dL,70,99,N,STAT,2025-12-20 15:05,2025-12-20 15:38,2025-12-20 16:22
LAB750746,ENC121474,PT10404,CREAT,Creatinine,0.84,mg/dL,0.6,1.3,N,Routine,2025-12-20 15:04,2025-12-20 15:30,2025-12-20 22:10
LAB750747,ENC121474,PT10404,WBC,White Blood Cell Count,5.8,K/uL,4.5,11,N,Routine,2025-12-20 15:04,2025-12-20 15:26,2025-12-20 21:29
LAB750748,ENC121474,PT10404,HGB,Hemoglobin,16.7,g/dL,12,17.5,N,STAT,2025-12-20 15:01,2025-12-20 15:24,2025-12-20 16:28
LAB750749,ENC121474,PT10404,BUN,Blood Urea Nitrogen,15,mg/dL,7,20,N,STAT,2025-12-20 15:27,2025-12-20 15:53,2025-12-20 16:26
LAB750750,ENC121474,PT10404,PLT,Platelet Count,284,K/uL,150,400,N,STAT,2025-12-20 15:09,2025-12-20 15:16,2025-12-20 15:44
LAB750751,ENC121475,PT12980,GLU,Glucose,120,mg/dL,70,99,H,Routine,2025-12-20 15:45,2025-12-20 16:09,2025-12-20 17:40
LAB750752,ENC121475,PT12980,CREAT,Creatinine,1.26,mg/dL,0.6,1.3,N,STAT,2025-12-20 15:19,2025-12-20 15:32,2025-12-20 16:58
LAB750753,ENC121475,PT12980,WBC,White Blood Cell Count,9.2,K/uL,4.5,11,N,Routine,2025-12-20 15:48,2025-12-20 16:15,2025-12-20 22:38
LAB750754,ENC121475,PT12980,HGB,Hemoglobin,8.9,g/dL,12,17.5,L,Routine,2025-12-20 15:43,2025-12-20 15:55,2025-12-20 18:27
LAB750755,ENC121475,PT12980,INR,Prothrombin Time INR,1,ratio,0.8,1.2,N,Routine,2025-12-20 15:12,2025-12-20 15:31,2025-12-20 17:06
LAB750756,ENC121476,PT11641,GLU,Glucose,113,mg/dL,70,99,H,STAT,2025-12-20 14:10,2025-12-20 14:32,2025-12-20 15:41
LAB750757,ENC121476,PT11641,CREAT,Creatinine,0.83,mg/dL,0.6,1.3,N,Routine,2025-12-20 13:01,2025-12-20 13:16,2025-12-20 19:18
LAB750758,ENC121476,PT11641,WBC,White Blood Cell Count,9.9,K/uL,4.5,11,N,Routine,2025-12-20 13:57,2025-12-20 14:25,2025-12-20 16:23
LAB750759,ENC121477,PT12664,GLU,Glucose,103,mg/dL,70,99,H,STAT,2025-12-20 16:50,2025-12-20 17:20,2025-12-20 18:35
LAB750760,ENC121477,PT12664,CREAT,Creatinine,0.6,mg/dL,0.6,1.3,N,Routine,2025-12-20 16:04,2025-12-20 16:30,2025-12-20 18:07
LAB750761,ENC121477,PT12664,WBC,White Blood Cell Count,7.8,K/uL,4.5,11,N,STAT,2025-12-20 15:57,2025-12-20 16:22,2025-12-20 17:45
LAB750762,ENC121477,PT12664,HGB,Hemoglobin,16.6,g/dL,12,17.5,N,STAT,2025-12-20 16:37,2025-12-20 16:53,2025-12-20 17:27
LAB750763,ENC121478,PT13727,GLU,Glucose,91,mg/dL,70,99,N,Routine,2025-12-20 15:51,2025-12-20 16:06,2025-12-20 19:56
LAB750764,ENC121478,PT13727,CREAT,Creatinine,0.93,mg/dL,0.6,1.3,N,Routine,2025-12-20 15:10,2025-12-20 15:35,2025-12-20 17:09
LAB750765,ENC121478,PT13727,WBC,White Blood Cell Count,16.6,K/uL,4.5,11,H,Routine,2025-12-20 15:10,2025-12-20 15:28,2025-12-20 18:38
LAB750766,ENC121478,PT13727,HGB,Hemoglobin,13,g/dL,12,17.5,N,STAT,2025-12-20 15:46,2025-12-20 15:56,2025-12-20 16:27
LAB750767,ENC121479,PT12530,GLU,Glucose,73,mg/dL,70,99,N,STAT,2025-12-20 16:29,2025-12-20 16:44,2025-12-20 17:39
LAB750768,ENC121479,PT12530,CREAT,Creatinine,4.04,mg/dL,0.6,1.3,H,Routine,2025-12-20 16:03,2025-12-20 16:31,2025-12-20 18:46
LAB750769,ENC121479,PT12530,WBC,White Blood Cell Count,7.2,K/uL,4.5,11,N,STAT,2025-12-20 16:28,2025-12-20 16:53,2025-12-20 17:16
LAB750770,ENC121479,PT12530,HGB,Hemoglobin,11.4,g/dL,12,17.5,L,STAT,2025-12-20 16:04,2025-12-20 16:24,2025-12-20 17:02
LAB750771,ENC121479,PT12530,NA,Sodium,137,mmol/L,136,145,N,STAT,2025-12-20 15:44,2025-12-20 16:14,2025-12-20 16:46
LAB750772,ENC121479,PT12530,K,Potassium,5.2,mmol/L,3.5,5.1,H,STAT,2025-12-20 16:24,2025-12-20 16:31,2025-12-20 17:18
LAB750773,ENC121480,PT13565,GLU,Glucose,96,mg/dL,70,99,N,STAT,2025-12-20 20:08,2025-12-20 20:30,2025-12-20 21:50
LAB750774,ENC121480,PT13565,CREAT,Creatinine,0.61,mg/dL,0.6,1.3,N,Routine,2025-12-20 20:00,2025-12-20 20:13,2025-12-21 01:50
LAB750775,ENC121481,PT13770,GLU,Glucose,132,mg/dL,70,99,H,STAT,2025-12-20 21:23,2025-12-20 21:42,2025-12-20 22:22
LAB750776,ENC121481,PT13770,CREAT,Creatinine,0.97,mg/dL,0.6,1.3,N,Routine,2025-12-20 21:14,2025-12-20 21:40,2025-12-20 22:40
LAB750777,ENC121481,PT13770,WBC,White Blood Cell Count,2.9,K/uL,4.5,11,L,Routine,2025-12-20 20:57,2025-12-20 21:25,2025-12-21 02:32
LAB750778,ENC121481,PT13770,HGB,Hemoglobin,15.3,g/dL,12,17.5,N,STAT,2025-12-20 20:16,2025-12-20 20:42,2025-12-20 21:35
LAB750779,ENC121483,PT12354,TROP,"Troponin I, High Sensitivity",3,ng/L,0,34,N,STAT,2025-12-20 22:58,2025-12-20 23:17,2025-12-20 23:45
LAB750780,ENC121485,PT11127,GLU,Glucose,116,mg/dL,70,99,H,Routine,2025-12-21 01:14,2025-12-21 01:44,2025-12-21 03:48
LAB750781,ENC121485,PT11127,CREAT,Creatinine,1.04,mg/dL,0.6,1.3,N,Routine,2025-12-21 01:58,2025-12-21 02:31,2025-12-21 04:09
LAB750782,ENC121485,PT11127,WBC,White Blood Cell Count,8.4,K/uL,4.5,11,N,Routine,2025-12-21 01:53,2025-12-21 02:04,2025-12-21 04:22
LAB750783,ENC121485,PT11127,HGB,Hemoglobin,14.8,g/dL,12,17.5,N,Routine,2025-12-21 01:15,2025-12-21 01:37,2025-12-21 04:16
LAB750784,ENC121487,PT12597,GLU,Glucose,82,mg/dL,70,99,N,Routine,2025-12-21 05:46,2025-12-21 05:58,2025-12-21 08:23
LAB750785,ENC121487,PT12597,CREAT,Creatinine,1.12,mg/dL,0.6,1.3,N,STAT,2025-12-21 06:33,2025-12-21 06:58,2025-12-21 08:08
LAB750786,ENC121487,PT12597,WBC,White Blood Cell Count,7.1,K/uL,4.5,11,N,STAT,2025-12-21 05:28,2025-12-21 05:37,2025-12-21 06:10
LAB750787,ENC121487,PT12597,HGB,Hemoglobin,14.7,g/dL,12,17.5,N,Routine,2025-12-21 06:21,2025-12-21 06:45,2025-12-21 08:32
LAB750788,ENC121487,PT12597,INR,Prothrombin Time INR,1,ratio,0.8,1.2,N,Routine,2025-12-21 06:27,2025-12-21 06:55,2025-12-21 09:41
LAB750789,ENC121488,PT10197,GLU,Glucose,127,mg/dL,70,99,H,STAT,2025-12-21 07:21,2025-12-21 07:44,2025-12-21 08:13
LAB750790,ENC121488,PT10197,CREAT,Creatinine,1.27,mg/dL,0.6,1.3,N,Routine,2025-12-21 07:20,2025-12-21 07:31,2025-12-21 11:39
LAB750791,ENC121489,PT12945,GLU,Glucose,89,mg/dL,70,99,N,Routine,2025-12-21 13:40,2025-12-21 14:15,2025-12-21 16:29
LAB750792,ENC121489,PT12945,CREAT,Creatinine,0.99,mg/dL,0.6,1.3,N,Routine,2025-12-21 13:33,2025-12-21 13:56,2025-12-21 16:31
LAB750793,ENC121489,PT12945,WBC,White Blood Cell Count,5.5,K/uL,4.5,11,N,STAT,2025-12-21 13:01,2025-12-21 13:35,2025-12-21 14:30
LAB750794,ENC121489,PT12945,HGB,Hemoglobin,11.5,g/dL,12,17.5,L,STAT,2025-12-21 13:29,2025-12-21 13:54,2025-12-21 14:32
LAB750795,ENC121489,PT12945,BUN,Blood Urea Nitrogen,13,mg/dL,7,20,N,Routine,2025-12-21 13:32,2025-12-21 14:02,2025-12-21 22:20
LAB750796,ENC121489,PT12945,PLT,Platelet Count,265,K/uL,150,400,N,Routine,2025-12-21 13:20,2025-12-21 13:28,2025-12-21 15:28
LAB750797,ENC121489,PT12945,TROP,"Troponin I, High Sensitivity",7,ng/L,0,34,N,STAT,2025-12-21 13:09,2025-12-21 13:36,2025-12-21 14:30
LAB750798,ENC121489,PT12945,BNP,B-Type Natriuretic Peptide,305,pg/mL,0,100,H,Routine,2025-12-21 13:03,2025-12-21 13:13,2025-12-21 17:10
LAB750799,ENC121492,PT13767,GLU,Glucose,456,mg/dL,70,99,H,STAT,2025-12-21 13:42,2025-12-21 13:55,2025-12-21 15:15
LAB750800,ENC121492,PT13767,CREAT,Creatinine,1.66,mg/dL,0.6,1.3,H,Routine,2025-12-21 14:06,2025-12-21 14:21,2025-12-21 17:10
LAB750801,ENC121492,PT13767,WBC,White Blood Cell Count,3.5,K/uL,4.5,11,L,STAT,2025-12-21 13:59,2025-12-21 14:03,2025-12-21 14:56
LAB750802,ENC121492,PT13767,HGB,Hemoglobin,10.5,g/dL,12,17.5,L,STAT,2025-12-21 13:30,2025-12-21 13:42,2025-12-21 14:53
LAB750803,ENC121492,PT13767,NA,Sodium,139,mmol/L,136,145,N,Routine,2025-12-21 13:27,2025-12-21 13:33,2025-12-21 15:20
LAB750804,ENC121492,PT13767,K,Potassium,4.3,mmol/L,3.5,5.1,N,STAT,2025-12-21 13:15,2025-12-21 13:46,2025-12-21 14:39
LAB750805,ENC121492,PT13767,A1C,Hemoglobin A1c,12.7,%,4,5.6,H,STAT,2025-12-21 13:50,2025-12-21 14:00,2025-12-21 14:33
LAB750806,ENC121493,PT12464,GLU,Glucose,96,mg/dL,70,99,N,STAT,2025-12-21 14:47,2025-12-21 15:21,2025-12-21 15:56
LAB750807,ENC121493,PT12464,CREAT,Creatinine,0.79,mg/dL,0.6,1.3,N,STAT,2025-12-21 14:38,2025-12-21 15:05,2025-12-21 16:06
LAB750808,ENC121493,PT12464,WBC,White Blood Cell Count,11.5,K/uL,4.5,11,H,STAT,2025-12-21 14:01,2025-12-21 14:29,2025-12-21 15:04
LAB750809,ENC121493,PT12464,HGB,Hemoglobin,15.9,g/dL,12,17.5,N,Routine,2025-12-21 15:02,2025-12-21 15:21,2025-12-21 18:49
LAB750810,ENC121493,PT12464,NA,Sodium,136,mmol/L,136,145,N,STAT,2025-12-21 14:29,2025-12-21 15:04,2025-12-21 15:41
LAB750811,ENC121493,PT12464,K,Potassium,3.7,mmol/L,3.5,5.1,N,STAT,2025-12-21 14:43,2025-12-21 14:57,2025-12-21 15:23
LAB750812,ENC121494,PT13388,GLU,Glucose,118,mg/dL,70,99,H,STAT,2025-12-21 12:41,2025-12-21 13:07,2025-12-21 14:38
LAB750813,ENC121494,PT13388,CREAT,Creatinine,1.23,mg/dL,0.6,1.3,N,STAT,2025-12-21 12:00,2025-12-21 12:25,2025-12-21 13:44
LAB750814,ENC121494,PT13388,WBC,White Blood Cell Count,6.9,K/uL,4.5,11,N,STAT,2025-12-21 12:32,2025-12-21 13:07,2025-12-21 13:52
LAB750815,ENC121494,PT13388,HGB,Hemoglobin,15.6,g/dL,12,17.5,N,STAT,2025-12-21 12:58,2025-12-21 13:26,2025-12-21 14:09
LAB750816,ENC121494,PT13388,NA,Sodium,139,mmol/L,136,145,N,STAT,2025-12-21 13:01,2025-12-21 13:05,2025-12-21 13:25
LAB750817,ENC121494,PT13388,K,Potassium,3.8,mmol/L,3.5,5.1,N,STAT,2025-12-21 12:46,2025-12-21 13:08,2025-12-21 13:45
LAB750818,ENC121495,PT10297,GLU,Glucose,88,mg/dL,70,99,N,Routine,2025-12-21 16:26,2025-12-21 16:42,2025-12-21 17:43
LAB750819,ENC121495,PT10297,CREAT,Creatinine,0.75,mg/dL,0.6,1.3,N,Routine,2025-12-21 16:02,2025-12-21 16:11,2025-12-21 20:09
LAB750820,ENC121495,PT10297,WBC,White Blood Cell Count,7.5,K/uL,4.5,11,N,STAT,2025-12-21 16:35,2025-12-21 16:39,2025-12-21 17:05
LAB750821,ENC121495,PT10297,HGB,Hemoglobin,13.4,g/dL,12,17.5,N,STAT,2025-12-21 16:33,2025-12-21 16:51,2025-12-21 17:44
LAB750822,ENC121495,PT10297,TROP,"Troponin I, High Sensitivity",66,ng/L,0,34,H,STAT,2025-12-21 16:11,2025-12-21 16:19,2025-12-21 16:54
LAB750823,ENC121495,PT10297,BNP,B-Type Natriuretic Peptide,829,pg/mL,0,100,H,STAT,2025-12-21 16:54,2025-12-21 17:09,2025-12-21 18:08
LAB750824,ENC121497,PT13990,GLU,Glucose,83,mg/dL,70,99,N,STAT,2025-12-21 12:38,2025-12-21 12:55,2025-12-21 13:44
LAB750825,ENC121497,PT13990,CREAT,Creatinine,1.39,mg/dL,0.6,1.3,H,Routine,2025-12-21 13:18,2025-12-21 13:25,2025-12-21 14:22
LAB750826,ENC121497,PT13990,WBC,White Blood Cell Count,9.2,K/uL,4.5,11,N,STAT,2025-12-21 12:55,2025-12-21 13:00,2025-12-21 13:50
LAB750827,ENC121497,PT13990,HGB,Hemoglobin,12.6,g/dL,12,17.5,N,STAT,2025-12-21 13:22,2025-12-21 13:54,2025-12-21 14:15
LAB750828,ENC121500,PT13963,GLU,Glucose,123,mg/dL,70,99,H,STAT,2025-12-21 17:53,2025-12-21 18:01,2025-12-21 18:30
LAB750829,ENC121500,PT13963,CREAT,Creatinine,0.66,mg/dL,0.6,1.3,N,Routine,2025-12-21 17:01,2025-12-21 17:34,2025-12-21 19:52
LAB750830,ENC121500,PT13963,WBC,White Blood Cell Count,6.4,K/uL,4.5,11,N,Routine,2025-12-21 16:57,2025-12-21 17:06,2025-12-21 18:49
LAB750831,ENC121500,PT13963,HGB,Hemoglobin,13,g/dL,12,17.5,N,STAT,2025-12-21 16:57,2025-12-21 17:12,2025-12-21 17:54
LAB750832,ENC121500,PT13963,TROP,"Troponin I, High Sensitivity",7,ng/L,0,34,N,STAT,2025-12-21 17:17,2025-12-21 17:52,2025-12-21 18:45
LAB750833,ENC121500,PT13963,BNP,B-Type Natriuretic Peptide,1117,pg/mL,0,100,H,STAT,2025-12-21 17:35,2025-12-21 18:03,2025-12-21 19:31
LAB750834,ENC121501,PT11648,GLU,Glucose,102,mg/dL,70,99,H,Routine,2025-12-21 15:52,2025-12-21 16:01,2025-12-21 20:42
LAB750835,ENC121501,PT11648,CREAT,Creatinine,1.07,mg/dL,0.6,1.3,N,STAT,2025-12-21 15:35,2025-12-21 15:58,2025-12-21 16:28
LAB750836,ENC121501,PT11648,WBC,White Blood Cell Count,12,K/uL,4.5,11,H,Routine,2025-12-21 16:13,2025-12-21 16:29,2025-12-21 20:09
LAB750837,ENC121501,PT11648,HGB,Hemoglobin,13.8,g/dL,12,17.5,N,STAT,2025-12-21 16:34,2025-12-21 16:57,2025-12-21 17:14
LAB750838,ENC121503,PT11459,GLU,Glucose,116,mg/dL,70,99,H,Routine,2025-12-21 20:11,2025-12-21 20:39,2025-12-21 23:00
LAB750839,ENC121503,PT11459,CREAT,Creatinine,0.76,mg/dL,0.6,1.3,N,Routine,2025-12-21 19:39,2025-12-21 19:50,2025-12-21 22:37
LAB750840,ENC121503,PT11459,WBC,White Blood Cell Count,7,K/uL,4.5,11,N,STAT,2025-12-21 19:45,2025-12-21 20:03,2025-12-21 20:50
LAB750841,ENC121503,PT11459,HGB,Hemoglobin,13.6,g/dL,12,17.5,N,Routine,2025-12-21 19:31,2025-12-21 19:44,2025-12-21 22:33
LAB750842,ENC121504,PT11727,GLU,Glucose,108,mg/dL,70,99,H,STAT,2025-12-21 18:00,2025-12-21 18:30,2025-12-21 19:08
LAB750843,ENC121504,PT11727,CREAT,Creatinine,0.91,mg/dL,0.6,1.3,N,STAT,2025-12-21 18:19,2025-12-21 18:36,2025-12-21 19:12
LAB750844,ENC121504,PT11727,WBC,White Blood Cell Count,5.5,K/uL,4.5,11,N,STAT,2025-12-21 17:45,2025-12-21 18:05,2025-12-21 19:05
LAB750845,ENC121504,PT11727,HGB,Hemoglobin,15.2,g/dL,12,17.5,N,STAT,2025-12-21 18:08,2025-12-21 18:21,2025-12-21 18:50
LAB750846,ENC121504,PT11727,BUN,Blood Urea Nitrogen,11,mg/dL,7,20,N,STAT,2025-12-21 17:24,2025-12-21 17:33,2025-12-21 18:10
LAB750847,ENC121504,PT11727,PLT,Platelet Count,310,K/uL,150,400,N,Routine,2025-12-21 17:29,2025-12-21 17:51,2025-12-21 19:34
LAB750848,ENC121507,PT13014,GLU,Glucose,83,mg/dL,70,99,N,STAT,2025-12-22 02:31,2025-12-22 02:46,2025-12-22 03:40
LAB750849,ENC121507,PT13014,CREAT,Creatinine,0.71,mg/dL,0.6,1.3,N,Routine,2025-12-22 02:15,2025-12-22 02:34,2025-12-22 07:04
LAB750850,ENC121507,PT13014,WBC,White Blood Cell Count,5.2,K/uL,4.5,11,N,Routine,2025-12-22 02:26,2025-12-22 02:54,2025-12-22 05:20
LAB750851,ENC121507,PT13014,HGB,Hemoglobin,14,g/dL,12,17.5,N,STAT,2025-12-22 02:29,2025-12-22 02:55,2025-12-22 03:57
LAB750852,ENC121508,PT12993,GLU,Glucose,184,mg/dL,70,99,H,Routine,2025-12-22 06:01,2025-12-22 06:10,2025-12-22 11:09
LAB750853,ENC121508,PT12993,CREAT,Creatinine,1.01,mg/dL,0.6,1.3,N,STAT,2025-12-22 06:00,2025-12-22 06:11,2025-12-22 06:55
LAB750854,ENC121508,PT12993,WBC,White Blood Cell Count,8.3,K/uL,4.5,11,N,Routine,2025-12-22 06:17,2025-12-22 06:28,2025-12-22 07:45
LAB750855,ENC121508,PT12993,HGB,Hemoglobin,17,g/dL,12,17.5,N,Routine,2025-12-22 06:07,2025-12-22 06:17,2025-12-22 12:19
LAB750856,ENC121509,PT11542,GLU,Glucose,93,mg/dL,70,99,N,Routine,2025-12-22 06:45,2025-12-22 06:54,2025-12-22 07:45
LAB750857,ENC121509,PT11542,CREAT,Creatinine,2.25,mg/dL,0.6,1.3,H,Routine,2025-12-22 07:42,2025-12-22 08:10,2025-12-22 09:51
LAB750858,ENC121509,PT11542,WBC,White Blood Cell Count,10,K/uL,4.5,11,N,STAT,2025-12-22 06:50,2025-12-22 07:13,2025-12-22 07:55
LAB750859,ENC121511,PT10634,LDL,LDL Cholesterol,108,mg/dL,0,99,H,Routine,2025-12-22 08:10,2025-12-22 08:18,2025-12-22 23:47
LAB750860,ENC121513,PT12452,LDL,LDL Cholesterol,130,mg/dL,0,99,H,Routine,2025-12-22 09:01,2025-12-22 09:12,2025-12-23 04:36
LAB750861,ENC121514,PT13203,WBC,White Blood Cell Count,9.4,K/uL,4.5,11,N,Routine,2025-12-22 09:07,2025-12-22 09:40,2025-12-22 16:05
LAB750862,ENC121514,PT13203,HGB,Hemoglobin,11.3,g/dL,12,17.5,L,Routine,2025-12-22 09:09,2025-12-22 09:42,2025-12-22 11:51
LAB750863,ENC121514,PT13203,PLT,Platelet Count,264,K/uL,150,400,N,Routine,2025-12-22 08:56,2025-12-22 09:22,2025-12-22 10:43
LAB750864,ENC121518,PT13132,WBC,White Blood Cell Count,6.4,K/uL,4.5,11,N,Routine,2025-12-22 10:13,2025-12-22 10:42,2025-12-22 13:07
LAB750865,ENC121518,PT13132,HGB,Hemoglobin,13.1,g/dL,12,17.5,N,Routine,2025-12-22 10:04,2025-12-22 10:18,2025-12-22 11:42
LAB750866,ENC121518,PT13132,PLT,Platelet Count,286,K/uL,150,400,N,Routine,2025-12-22 10:13,2025-12-22 10:35,2025-12-22 13:10
LAB750867,ENC121519,PT12828,GLU,Glucose,103,mg/dL,70,99,H,STAT,2025-12-22 14:11,2025-12-22 14:35,2025-12-22 15:15
LAB750868,ENC121519,PT12828,CREAT,Creatinine,2.01,mg/dL,0.6,1.3,H,STAT,2025-12-22 15:05,2025-12-22 15:26,2025-12-22 16:07
LAB750869,ENC121519,PT12828,WBC,White Blood Cell Count,10.2,K/uL,4.5,11,N,STAT,2025-12-22 14:48,2025-12-22 15:05,2025-12-22 15:39
LAB750870,ENC121519,PT12828,HGB,Hemoglobin,10,g/dL,12,17.5,L,STAT,2025-12-22 14:43,2025-12-22 15:00,2025-12-22 15:44
LAB750871,ENC121519,PT12828,NA,Sodium,137,mmol/L,136,145,N,STAT,2025-12-22 15:13,2025-12-22 15:29,2025-12-22 16:37
LAB750872,ENC121519,PT12828,K,Potassium,4.2,mmol/L,3.5,5.1,N,STAT,2025-12-22 14:18,2025-12-22 14:53,2025-12-22 15:50
LAB750873,ENC121521,PT12494,A1C,Hemoglobin A1c,8.3,%,4,5.6,H,Routine,2025-12-22 10:57,2025-12-22 11:05,2025-12-23 06:56
LAB750874,ENC121521,PT12494,GLU,Glucose,398,mg/dL,70,99,H,Routine,2025-12-22 11:14,2025-12-22 11:47,2025-12-22 13:07
LAB750875,ENC121521,PT12494,CREAT,Creatinine,0.87,mg/dL,0.6,1.3,N,Routine,2025-12-22 10:50,2025-12-22 11:04,2025-12-22 12:40
LAB750876,ENC121523,PT13545,GLU,Glucose,168,mg/dL,70,99,H,STAT,2025-12-22 12:14,2025-12-22 12:36,2025-12-22 13:26
LAB750877,ENC121523,PT13545,CREAT,Creatinine,1.22,mg/dL,0.6,1.3,N,STAT,2025-12-22 11:22,2025-12-22 11:50,2025-12-22 12:20
LAB750878,ENC121523,PT13545,WBC,White Blood Cell Count,4.5,K/uL,4.5,11,N,STAT,2025-12-22 11:19,2025-12-22 11:29,2025-12-22 12:08
LAB750879,ENC121523,PT13545,HGB,Hemoglobin,11.5,g/dL,12,17.5,L,Routine,2025-12-22 11:46,2025-12-22 11:57,2025-12-22 12:55
LAB750880,ENC121524,PT10118,LDL,LDL Cholesterol,126,mg/dL,0,99,H,Routine,2025-12-22 11:34,2025-12-22 12:04,2025-12-23 02:48
LAB750881,ENC121524,PT10118,A1C,Hemoglobin A1c,5.3,%,4,5.6,N,Routine,2025-12-22 11:30,2025-12-22 11:44,2025-12-23 03:14
LAB750882,ENC121525,PT13087,GLU,Glucose,201,mg/dL,70,99,H,Routine,2025-12-22 12:19,2025-12-22 12:38,2025-12-22 18:25
LAB750883,ENC121525,PT13087,CREAT,Creatinine,1.07,mg/dL,0.6,1.3,N,Routine,2025-12-22 12:36,2025-12-22 12:43,2025-12-22 14:53
LAB750884,ENC121525,PT13087,WBC,White Blood Cell Count,5.9,K/uL,4.5,11,N,STAT,2025-12-22 12:31,2025-12-22 12:49,2025-12-22 13:35
LAB750885,ENC121525,PT13087,HGB,Hemoglobin,12.2,g/dL,12,17.5,N,STAT,2025-12-22 12:44,2025-12-22 13:00,2025-12-22 13:42
LAB750886,ENC121526,PT11720,GLU,Glucose,133,mg/dL,70,99,H,Routine,2025-12-22 16:16,2025-12-22 16:28,2025-12-22 19:41
LAB750887,ENC121526,PT11720,CREAT,Creatinine,0.9,mg/dL,0.6,1.3,N,STAT,2025-12-22 16:37,2025-12-22 17:06,2025-12-22 17:50
LAB750888,ENC121526,PT11720,WBC,White Blood Cell Count,8.7,K/uL,4.5,11,N,Routine,2025-12-22 16:25,2025-12-22 16:52,2025-12-22 18:42
LAB750889,ENC121526,PT11720,HGB,Hemoglobin,13.8,g/dL,12,17.5,N,STAT,2025-12-22 16:34,2025-12-22 16:45,2025-12-22 17:29
LAB750890,ENC121528,PT12352,LDL,LDL Cholesterol,150,mg/dL,0,99,H,Routine,2025-12-22 12:47,2025-12-22 13:07,2025-12-22 22:38
LAB750891,ENC121528,PT12352,TSH,Thyroid Stimulating Hormone,1.36,mIU/L,0.4,4,N,Routine,2025-12-22 12:45,2025-12-22 13:03,2025-12-22 21:13
LAB750892,ENC121529,PT13050,GLU,Glucose,140,mg/dL,70,99,H,STAT,2025-12-22 17:39,2025-12-22 17:49,2025-12-22 18:33
LAB750893,ENC121529,PT13050,CREAT,Creatinine,0.63,mg/dL,0.6,1.3,N,STAT,2025-12-22 17:32,2025-12-22 17:52,2025-12-22 18:34
LAB750894,ENC121529,PT13050,WBC,White Blood Cell Count,8.6,K/uL,4.5,11,N,Routine,2025-12-22 17:32,2025-12-22 17:50,2025-12-22 22:38
LAB750895,ENC121529,PT13050,HGB,Hemoglobin,14.1,g/dL,12,17.5,N,STAT,2025-12-22 16:35,2025-12-22 16:54,2025-12-22 17:17
LAB750896,ENC121529,PT13050,TROP,"Troponin I, High Sensitivity",4,ng/L,0,34,N,STAT,2025-12-22 16:49,2025-12-22 17:00,2025-12-22 17:34
LAB750897,ENC121529,PT13050,BNP,B-Type Natriuretic Peptide,353,pg/mL,0,100,H,Routine,2025-12-22 17:07,2025-12-22 17:15,2025-12-22 21:17
LAB750898,ENC121530,PT10750,GLU,Glucose,108,mg/dL,70,99,H,STAT,2025-12-22 14:21,2025-12-22 14:41,2025-12-22 15:41
LAB750899,ENC121530,PT10750,CREAT,Creatinine,2.4,mg/dL,0.6,1.3,H,Routine,2025-12-22 13:42,2025-12-22 13:50,2025-12-22 15:47
LAB750900,ENC121530,PT10750,TROP,"Troponin I, High Sensitivity",12,ng/L,0,34,N,STAT,2025-12-22 13:42,2025-12-22 13:57,2025-12-22 14:36
LAB750901,ENC121531,PT12884,GLU,Glucose,280,mg/dL,70,99,H,Routine,2025-12-22 14:21,2025-12-22 14:41,2025-12-22 16:56
LAB750902,ENC121531,PT12884,CREAT,Creatinine,1.27,mg/dL,0.6,1.3,N,Routine,2025-12-22 13:24,2025-12-22 13:35,2025-12-22 15:22
LAB750903,ENC121531,PT12884,WBC,White Blood Cell Count,6.1,K/uL,4.5,11,N,STAT,2025-12-22 14:27,2025-12-22 14:45,2025-12-22 15:25
LAB750904,ENC121531,PT12884,A1C,Hemoglobin A1c,10.6,%,4,5.6,H,Routine,2025-12-22 13:33,2025-12-22 13:51,2025-12-23 07:16
LAB750905,ENC121534,PT12604,GLU,Glucose,70,mg/dL,70,99,N,STAT,2025-12-22 14:26,2025-12-22 14:46,2025-12-22 15:39
LAB750906,ENC121534,PT12604,CREAT,Creatinine,1.16,mg/dL,0.6,1.3,N,STAT,2025-12-22 14:04,2025-12-22 14:26,2025-12-22 15:19
LAB750907,ENC121534,PT12604,WBC,White Blood Cell Count,7.9,K/uL,4.5,11,N,Routine,2025-12-22 14:37,2025-12-22 15:07,2025-12-22 18:57
LAB750908,ENC121534,PT12604,HGB,Hemoglobin,14.5,g/dL,12,17.5,N,Routine,2025-12-22 14:15,2025-12-22 14:33,2025-12-22 19:29
LAB750909,ENC121535,PT13143,GLU,Glucose,122,mg/dL,70,99,H,STAT,2025-12-22 15:02,2025-12-22 15:14,2025-12-22 15:54
LAB750910,ENC121535,PT13143,CREAT,Creatinine,2.57,mg/dL,0.6,1.3,H,STAT,2025-12-22 14:34,2025-12-22 14:45,2025-12-22 15:18
LAB750911,ENC121535,PT13143,WBC,White Blood Cell Count,13,K/uL,4.5,11,H,STAT,2025-12-22 14:58,2025-12-22 15:21,2025-12-22 16:10
LAB750912,ENC121535,PT13143,HGB,Hemoglobin,10.4,g/dL,12,17.5,L,Routine,2025-12-22 14:56,2025-12-22 15:09,2025-12-22 17:56
LAB750913,ENC121536,PT12765,WBC,White Blood Cell Count,8.4,K/uL,4.5,11,N,Routine,2025-12-22 14:13,2025-12-22 14:39,2025-12-22 16:56
LAB750914,ENC121536,PT12765,HGB,Hemoglobin,10.8,g/dL,12,17.5,L,Routine,2025-12-22 14:13,2025-12-22 14:32,2025-12-22 17:51
LAB750915,ENC121536,PT12765,PLT,Platelet Count,187,K/uL,150,400,N,Routine,2025-12-22 14:12,2025-12-22 14:21,2025-12-22 17:35
LAB750916,ENC121537,PT11436,GLU,Glucose,223,mg/dL,70,99,H,STAT,2025-12-22 15:03,2025-12-22 15:13,2025-12-22 16:09
LAB750917,ENC121537,PT11436,CREAT,Creatinine,0.88,mg/dL,0.6,1.3,N,STAT,2025-12-22 14:24,2025-12-22 14:53,2025-12-22 15:37
LAB750918,ENC121537,PT11436,A1C,Hemoglobin A1c,12.4,%,4,5.6,H,STAT,2025-12-22 14:15,2025-12-22 14:37,2025-12-22 15:19
LAB750919,ENC121538,PT10472,GLU,Glucose,119,mg/dL,70,99,H,STAT,2025-12-22 15:16,2025-12-22 15:23,2025-12-22 16:33
LAB750920,ENC121538,PT10472,CREAT,Creatinine,1.08,mg/dL,0.6,1.3,N,Routine,2025-12-22 14:34,2025-12-22 14:38,2025-12-22 23:08
LAB750921,ENC121538,PT10472,WBC,White Blood Cell Count,9.5,K/uL,4.5,11,N,STAT,2025-12-22 15:30,2025-12-22 15:47,2025-12-22 16:17
LAB750922,ENC121538,PT10472,HGB,Hemoglobin,13.9,g/dL,12,17.5,N,Routine,2025-12-22 14:37,2025-12-22 15:08,2025-12-22 17:15
LAB750923,ENC121539,PT10124,GLU,Glucose,104,mg/dL,70,99,H,STAT,2025-12-22 15:19,2025-12-22 15:43,2025-12-22 16:23
LAB750924,ENC121539,PT10124,CREAT,Creatinine,0.24,mg/dL,0.6,1.3,L,STAT,2025-12-22 15:03,2025-12-22 15:38,2025-12-22 16:28
LAB750925,ENC121540,PT10285,LDL,LDL Cholesterol,78,mg/dL,0,99,N,Routine,2025-12-22 14:55,2025-12-22 15:26,2025-12-23 05:19
LAB750926,ENC121540,PT10285,TSH,Thyroid Stimulating Hormone,1.87,mIU/L,0.4,4,N,Routine,2025-12-22 15:00,2025-12-22 15:07,2025-12-23 05:28
LAB750927,ENC121544,PT12684,LDL,LDL Cholesterol,189,mg/dL,0,99,H,Routine,2025-12-22 15:31,2025-12-22 15:38,2025-12-23 15:35
LAB750928,ENC121547,PT10593,LDL,LDL Cholesterol,122,mg/dL,0,99,H,Routine,2025-12-22 15:58,2025-12-22 16:16,2025-12-23 03:03
LAB750929,ENC121547,PT10593,A1C,Hemoglobin A1c,5.3,%,4,5.6,N,Routine,2025-12-22 15:43,2025-12-22 16:07,2025-12-23 00:51
LAB750930,ENC121547,PT10593,TSH,Thyroid Stimulating Hormone,1.13,mIU/L,0.4,4,N,Routine,2025-12-22 15:53,2025-12-22 16:07,2025-12-23 00:58
LAB750931,ENC121549,PT13280,GLU,Glucose,246,mg/dL,70,99,H,STAT,2025-12-22 16:50,2025-12-22 17:08,2025-12-22 17:45
LAB750932,ENC121549,PT13280,CREAT,Creatinine,0.82,mg/dL,0.6,1.3,N,Routine,2025-12-22 16:58,2025-12-22 17:08,2025-12-22 21:54
LAB750933,ENC121549,PT13280,WBC,White Blood Cell Count,8.8,K/uL,4.5,11,N,STAT,2025-12-22 16:22,2025-12-22 16:39,2025-12-22 17:24
LAB750934,ENC121549,PT13280,HGB,Hemoglobin,16,g/dL,12,17.5,N,STAT,2025-12-22 17:05,2025-12-22 17:36,2025-12-22 18:55
LAB750935,ENC121549,PT13280,NA,Sodium,138,mmol/L,136,145,N,Routine,2025-12-22 16:51,2025-12-22 17:00,2025-12-22 19:35
LAB750936,ENC121549,PT13280,K,Potassium,4.2,mmol/L,3.5,5.1,N,STAT,2025-12-22 16:49,2025-12-22 17:19,2025-12-22 17:38
LAB750937,ENC121551,PT13206,LDL,LDL Cholesterol,138,mg/dL,0,99,H,Routine,2025-12-22 16:58,2025-12-22 17:08,2025-12-23 06:03
LAB750938,ENC121552,PT12274,GLU,Glucose,113,mg/dL,70,99,H,STAT,2025-12-22 18:08,2025-12-22 18:38,2025-12-22 19:06
LAB750939,ENC121552,PT12274,CREAT,Creatinine,0.49,mg/dL,0.6,1.3,L,STAT,2025-12-22 17:51,2025-12-22 18:22,2025-12-22 19:43
LAB750940,ENC121552,PT12274,TROP,"Troponin I, High Sensitivity",16,ng/L,0,34,N,STAT,2025-12-22 17:12,2025-12-22 17:17,2025-12-22 18:02
LAB750941,ENC121555,PT12231,GLU,Glucose,102,mg/dL,70,99,H,STAT,2025-12-22 23:42,2025-12-23 00:13,2025-12-23 01:09
LAB750942,ENC121555,PT12231,CREAT,Creatinine,1.7,mg/dL,0.6,1.3,H,STAT,2025-12-22 23:31,2025-12-22 23:50,2025-12-23 00:14
LAB750943,ENC121555,PT12231,WBC,White Blood Cell Count,8.5,K/uL,4.5,11,N,STAT,2025-12-22 22:57,2025-12-22 23:11,2025-12-22 23:55
LAB750944,ENC121555,PT12231,HGB,Hemoglobin,12.2,g/dL,12,17.5,N,Routine,2025-12-22 22:40,2025-12-22 23:05,2025-12-23 00:56
LAB750945,ENC121555,PT12231,INR,Prothrombin Time INR,1,ratio,0.8,1.2,N,STAT,2025-12-22 23:28,2025-12-22 23:38,2025-12-23 01:00
LAB750946,ENC121556,PT11736,GLU,Glucose,123,mg/dL,70,99,H,STAT,2025-12-22 19:25,2025-12-22 19:57,2025-12-22 20:24
LAB750947,ENC121556,PT11736,CREAT,Creatinine,1.04,mg/dL,0.6,1.3,N,STAT,2025-12-22 19:32,2025-12-22 19:37,2025-12-22 20:41
LAB750948,ENC121556,PT11736,WBC,White Blood Cell Count,9.2,K/uL,4.5,11,N,STAT,2025-12-22 19:45,2025-12-22 20:11,2025-12-22 21:39
LAB750949,ENC121556,PT11736,HGB,Hemoglobin,14.7,g/dL,12,17.5,N,STAT,2025-12-22 20:10,2025-12-22 20:21,2025-12-22 20:51
LAB750950,ENC121559,PT13568,GLU,Glucose,82,mg/dL,70,99,N,STAT,2025-12-23 00:38,2025-12-23 00:44,2025-12-23 01:55
LAB750951,ENC121559,PT13568,CREAT,Creatinine,0.41,mg/dL,0.6,1.3,L,STAT,2025-12-23 00:57,2025-12-23 01:13,2025-12-23 01:43
LAB750952,ENC121559,PT13568,WBC,White Blood Cell Count,6.3,K/uL,4.5,11,N,STAT,2025-12-23 00:55,2025-12-23 01:15,2025-12-23 02:16
LAB750953,ENC121559,PT13568,HGB,Hemoglobin,12.9,g/dL,12,17.5,N,Routine,2025-12-23 01:44,2025-12-23 01:56,2025-12-23 05:17
LAB750954,ENC121560,PT13357,GLU,Glucose,75,mg/dL,70,99,N,Routine,2025-12-23 04:31,2025-12-23 04:57,2025-12-23 07:40
LAB750955,ENC121560,PT13357,CREAT,Creatinine,1.04,mg/dL,0.6,1.3,N,Routine,2025-12-23 04:27,2025-12-23 04:33,2025-12-23 07:10
LAB750956,ENC121560,PT13357,WBC,White Blood Cell Count,7.8,K/uL,4.5,11,N,Routine,2025-12-23 04:17,2025-12-23 04:21,2025-12-23 09:05
LAB750957,ENC121560,PT13357,HGB,Hemoglobin,14.3,g/dL,12,17.5,N,Routine,2025-12-23 03:34,2025-12-23 03:40,2025-12-23 08:26
LAB750958,ENC121561,PT13906,GLU,Glucose,121,mg/dL,70,99,H,Routine,2025-12-23 06:27,2025-12-23 06:47,2025-12-23 08:29
LAB750959,ENC121561,PT13906,CREAT,Creatinine,0.84,mg/dL,0.6,1.3,N,Routine,2025-12-23 06:40,2025-12-23 06:57,2025-12-23 09:33
LAB750960,ENC121561,PT13906,WBC,White Blood Cell Count,8.8,K/uL,4.5,11,N,STAT,2025-12-23 05:53,2025-12-23 05:57,2025-12-23 07:00
LAB750961,ENC121561,PT13906,HGB,Hemoglobin,13.6,g/dL,12,17.5,N,STAT,2025-12-23 06:46,2025-12-23 07:11,2025-12-23 07:28
LAB750962,ENC121562,PT13522,GLU,Glucose,117,mg/dL,70,99,H,STAT,2025-12-23 07:07,2025-12-23 07:30,2025-12-23 08:24
LAB750963,ENC121562,PT13522,CREAT,Creatinine,0.96,mg/dL,0.6,1.3,N,Routine,2025-12-23 07:21,2025-12-23 07:25,2025-12-23 13:49
LAB750964,ENC121562,PT13522,WBC,White Blood Cell Count,8.8,K/uL,4.5,11,N,STAT,2025-12-23 07:31,2025-12-23 07:36,2025-12-23 08:17
LAB750965,ENC121562,PT13522,HGB,Hemoglobin,13.6,g/dL,12,17.5,N,STAT,2025-12-23 07:10,2025-12-23 07:39,2025-12-23 08:30
LAB750966,ENC121563,PT12686,INR,Prothrombin Time INR,1.1,ratio,0.8,1.2,N,STAT,2025-12-23 08:22,2025-12-23 08:57,2025-12-23 09:47
LAB750967,ENC121564,PT11248,A1C,Hemoglobin A1c,6.4,%,4,5.6,H,Routine,2025-12-23 08:51,2025-12-23 09:06,2025-12-23 19:52
LAB750968,ENC121564,PT11248,GLU,Glucose,233,mg/dL,70,99,H,Routine,2025-12-23 08:40,2025-12-23 09:02,2025-12-23 10:27
LAB750969,ENC121564,PT11248,CREAT,Creatinine,1.29,mg/dL,0.6,1.3,N,Routine,2025-12-23 08:51,2025-12-23 09:02,2025-12-23 12:03
LAB750970,ENC121566,PT11568,LDL,LDL Cholesterol,121,mg/dL,0,99,H,Routine,2025-12-23 08:51,2025-12-23 09:08,2025-12-23 20:02
LAB750971,ENC121569,PT13332,GLU,Glucose,115,mg/dL,70,99,H,STAT,2025-12-23 11:41,2025-12-23 12:05,2025-12-23 13:32
LAB750972,ENC121569,PT13332,CREAT,Creatinine,1.23,mg/dL,0.6,1.3,N,STAT,2025-12-23 11:43,2025-12-23 11:48,2025-12-23 12:48
LAB750973,ENC121570,PT11056,GLU,Glucose,100,mg/dL,70,99,H,Routine,2025-12-23 10:50,2025-12-23 11:20,2025-12-23 16:39
LAB750974,ENC121570,PT11056,CREAT,Creatinine,0.3,mg/dL,0.6,1.3,L,Routine,2025-12-23 11:39,2025-12-23 12:06,2025-12-23 14:17
LAB750975,ENC121571,PT13542,GLU,Glucose,91,mg/dL,70,99,N,STAT,2025-12-23 11:37,2025-12-23 11:53,2025-12-23 12:44
LAB750976,ENC121571,PT13542,CREAT,Creatinine,0.61,mg/dL,0.6,1.3,N,STAT,2025-12-23 11:45,2025-12-23 12:16,2025-12-23 12:57
LAB750977,ENC121571,PT13542,WBC,White Blood Cell Count,6.5,K/uL,4.5,11,N,Routine,2025-12-23 11:22,2025-12-23 11:29,2025-12-23 14:35
LAB750978,ENC121571,PT13542,HGB,Hemoglobin,16.4,g/dL,12,17.5,N,Routine,2025-12-23 11:33,2025-12-23 12:07,2025-12-23 14:36
LAB750979,ENC121572,PT13067,GLU,Glucose,90,mg/dL,70,99,N,STAT,2025-12-23 11:18,2025-12-23 11:51,2025-12-23 12:29
LAB750980,ENC121572,PT13067,CREAT,Creatinine,0.83,mg/dL,0.6,1.3,N,Routine,2025-12-23 11:30,2025-12-23 11:45,2025-12-23 15:27
LAB750981,ENC121578,PT13922,GLU,Glucose,116,mg/dL,70,99,H,Routine,2025-12-23 12:56,2025-12-23 13:11,2025-12-23 15:42
LAB750982,ENC121578,PT13922,CREAT,Creatinine,0.6,mg/dL,0.6,1.3,N,Routine,2025-12-23 12:35,2025-12-23 12:48,2025-12-23 23:50
LAB750983,ENC121579,PT12581,GLU,Glucose,103,mg/dL,70,99,H,STAT,2025-12-23 12:33,2025-12-23 13:07,2025-12-23 13:30
LAB750984,ENC121579,PT12581,CREAT,Creatinine,1.07,mg/dL,0.6,1.3,N,Routine,2025-12-23 12:42,2025-12-23 13:14,2025-12-23 19:32
LAB750985,ENC121579,PT12581,WBC,White Blood Cell Count,5.8,K/uL,4.5,11,N,STAT,2025-12-23 12:49,2025-12-23 13:24,2025-12-23 14:07
LAB750986,ENC121579,PT12581,HGB,Hemoglobin,14.3,g/dL,12,17.5,N,STAT,2025-12-23 13:14,2025-12-23 13:21,2025-12-23 14:20
LAB750987,ENC121580,PT12869,GLU,Glucose,115,mg/dL,70,99,H,Routine,2025-12-23 16:03,2025-12-23 16:29,2025-12-23 19:08
LAB750988,ENC121580,PT12869,CREAT,Creatinine,1.03,mg/dL,0.6,1.3,N,STAT,2025-12-23 16:16,2025-12-23 16:27,2025-12-23 16:51
LAB750989,ENC121580,PT12869,WBC,White Blood Cell Count,6,K/uL,4.5,11,N,STAT,2025-12-23 15:40,2025-12-23 16:11,2025-12-23 17:36
LAB750990,ENC121580,PT12869,HGB,Hemoglobin,13.4,g/dL,12,17.5,N,Routine,2025-12-23 16:32,2025-12-23 17:06,2025-12-23 19:56
LAB750991,ENC121580,PT12869,TROP,"Troponin I, High Sensitivity",5,ng/L,0,34,N,STAT,2025-12-23 15:46,2025-12-23 16:21,2025-12-23 17:05
LAB750992,ENC121580,PT12869,BNP,B-Type Natriuretic Peptide,1111,pg/mL,0,100,H,Routine,2025-12-23 15:45,2025-12-23 16:12,2025-12-23 18:34
LAB750993,ENC121582,PT11328,GLU,Glucose,112,mg/dL,70,99,H,STAT,2025-12-23 16:38,2025-12-23 16:42,2025-12-23 17:09
LAB750994,ENC121582,PT11328,CREAT,Creatinine,2.69,mg/dL,0.6,1.3,H,STAT,2025-12-23 17:23,2025-12-23 17:58,2025-12-23 19:03
LAB750995,ENC121582,PT11328,WBC,White Blood Cell Count,21.1,K/uL,4.5,11,H,Routine,2025-12-23 17:21,2025-12-23 17:35,2025-12-23 21:12
LAB750996,ENC121582,PT11328,HGB,Hemoglobin,12.9,g/dL,12,17.5,N,Routine,2025-12-23 16:39,2025-12-23 16:59,2025-12-23 20:57
LAB750997,ENC121582,PT11328,LACT,Lactate,3.3,mmol/L,0.5,2,H,STAT,2025-12-23 17:32,2025-12-23 17:53,2025-12-23 19:10
LAB750998,ENC121585,PT13581,GLU,Glucose,264,mg/dL,70,99,H,STAT,2025-12-23 16:46,2025-12-23 17:17,2025-12-23 18:20
LAB750999,ENC121585,PT13581,CREAT,Creatinine,0.69,mg/dL,0.6,1.3,N,STAT,2025-12-23 16:11,2025-12-23 16:16,2025-12-23 17:00
LAB751000,ENC121585,PT13581,WBC,White Blood Cell Count,6.1,K/uL,4.5,11,N,Routine,2025-12-23 16:21,2025-12-23 16:36,2025-12-23 19:05
LAB751001,ENC121585,PT13581,HGB,Hemoglobin,11.7,g/dL,12,17.5,L,STAT,2025-12-23 17:05,2025-12-23 17:13,2025-12-23 18:33
LAB751002,ENC121587,PT13852,GLU,Glucose,112,mg/dL,70,99,H,STAT,2025-12-23 18:02,2025-12-23 18:28,2025-12-23 19:25
LAB751003,ENC121587,PT13852,CREAT,Creatinine,1.34,mg/dL,0.6,1.3,H,STAT,2025-12-23 17:28,2025-12-23 17:54,2025-12-23 19:04
LAB751004,ENC121587,PT13852,WBC,White Blood Cell Count,7.7,K/uL,4.5,11,N,Routine,2025-12-23 17:43,2025-12-23 17:51,2025-12-23 19:33
LAB751005,ENC121587,PT13852,HGB,Hemoglobin,15.2,g/dL,12,17.5,N,STAT,2025-12-23 17:45,2025-12-23 18:09,2025-12-23 18:49
LAB751006,ENC121588,PT12274,LDL,LDL Cholesterol,135,mg/dL,0,99,H,Routine,2025-12-23 14:32,2025-12-23 15:00,2025-12-24 07:51
LAB751007,ENC121589,PT11921,LDL,LDL Cholesterol,106,mg/dL,0,99,H,Routine,2025-12-23 14:36,2025-12-23 14:40,2025-12-24 03:02
LAB751008,ENC121589,PT11921,A1C,Hemoglobin A1c,5.6,%,4,5.6,N,Routine,2025-12-23 14:54,2025-12-23 15:18,2025-12-24 08:28
LAB751009,ENC121592,PT11201,GLU,Glucose,254,mg/dL,70,99,H,STAT,2025-12-23 16:19,2025-12-23 16:36,2025-12-23 17:16
LAB751010,ENC121592,PT11201,CREAT,Creatinine,0.7,mg/dL,0.6,1.3,N,STAT,2025-12-23 15:10,2025-12-23 15:21,2025-12-23 15:41
LAB751011,ENC121598,PT10471,GLU,Glucose,108,mg/dL,70,99,H,Routine,2025-12-23 19:41,2025-12-23 20:14,2025-12-24 00:48
LAB751012,ENC121598,PT10471,CREAT,Creatinine,1.15,mg/dL,0.6,1.3,N,STAT,2025-12-23 19:58,2025-12-23 20:10,2025-12-23 20:59
LAB751013,ENC121598,PT10471,WBC,White Blood Cell Count,5.3,K/uL,4.5,11,N,STAT,2025-12-23 20:06,2025-12-23 20:20,2025-12-23 20:40
LAB751014,ENC121598,PT10471,HGB,Hemoglobin,13.1,g/dL,12,17.5,N,STAT,2025-12-23 20:42,2025-12-23 21:16,2025-12-23 21:59
LAB751015,ENC121598,PT10471,BUN,Blood Urea Nitrogen,14,mg/dL,7,20,N,STAT,2025-12-23 20:31,2025-12-23 20:36,2025-12-23 21:28
LAB751016,ENC121598,PT10471,PLT,Platelet Count,364,K/uL,150,400,N,STAT,2025-12-23 20:02,2025-12-23 20:18,2025-12-23 21:12
LAB751017,ENC121598,PT10471,INR,Prothrombin Time INR,1,ratio,0.8,1.2,N,STAT,2025-12-23 20:08,2025-12-23 20:25,2025-12-23 21:21
LAB751018,ENC121600,PT11269,GLU,Glucose,108,mg/dL,70,99,H,Routine,2025-12-23 19:08,2025-12-23 19:12,2025-12-23 22:41
LAB751019,ENC121600,PT11269,CREAT,Creatinine,1.01,mg/dL,0.6,1.3,N,Routine,2025-12-23 18:55,2025-12-23 19:08,2025-12-23 21:05
LAB751020,ENC121600,PT11269,WBC,White Blood Cell Count,8.7,K/uL,4.5,11,N,STAT,2025-12-23 19:47,2025-12-23 20:05,2025-12-23 21:26
LAB751021,ENC121600,PT11269,HGB,Hemoglobin,12.1,g/dL,12,17.5,N,Routine,2025-12-23 19:02,2025-12-23 19:10,2025-12-23 23:23
LAB751022,ENC121602,PT11995,GLU,Glucose,98,mg/dL,70,99,N,Routine,2025-12-23 20:37,2025-12-23 20:53,2025-12-23 23:24
LAB751023,ENC121602,PT11995,CREAT,Creatinine,1.02,mg/dL,0.6,1.3,N,STAT,2025-12-23 20:58,2025-12-23 21:07,2025-12-23 22:33
LAB751024,ENC121602,PT11995,WBC,White Blood Cell Count,3.6,K/uL,4.5,11,L,STAT,2025-12-23 21:19,2025-12-23 21:47,2025-12-23 22:21
LAB751025,ENC121602,PT11995,HGB,Hemoglobin,14.5,g/dL,12,17.5,N,STAT,2025-12-23 20:41,2025-12-23 21:12,2025-12-23 21:54
LAB751026,ENC121602,PT11995,INR,Prothrombin Time INR,1,ratio,0.8,1.2,N,STAT,2025-12-23 21:17,2025-12-23 21:30,2025-12-23 22:10
LAB751027,ENC121605,PT13636,GLU,Glucose,83,mg/dL,70,99,N,STAT,2025-12-23 23:56,2025-12-24 00:16,2025-12-24 01:14
LAB751028,ENC121605,PT13636,CREAT,Creatinine,0.7,mg/dL,0.6,1.3,N,STAT,2025-12-24 00:32,2025-12-24 00:50,2025-12-24 01:19
LAB751029,ENC121605,PT13636,WBC,White Blood Cell Count,6.6,K/uL,4.5,11,N,STAT,2025-12-24 00:16,2025-12-24 00:34,2025-12-24 01:03
LAB751030,ENC121605,PT13636,HGB,Hemoglobin,11.1,g/dL,12,17.5,L,STAT,2025-12-24 00:00,2025-12-24 00:28,2025-12-24 01:11
LAB751031,ENC121605,PT13636,NA,Sodium,138,mmol/L,136,145,N,STAT,2025-12-23 23:27,2025-12-23 23:33,2025-12-24 00:04
LAB751032,ENC121605,PT13636,K,Potassium,4,mmol/L,3.5,5.1,N,STAT,2025-12-24 00:12,2025-12-24 00:28,2025-12-24 01:09
LAB751033,ENC121606,PT12399,GLU,Glucose,55,mg/dL,70,99,L,Routine,2025-12-24 01:13,2025-12-24 01:40,2025-12-24 07:55
LAB751034,ENC121606,PT12399,CREAT,Creatinine,0.87,mg/dL,0.6,1.3,N,STAT,2025-12-24 01:06,2025-12-24 01:39,2025-12-24 03:01
LAB751035,ENC121606,PT12399,WBC,White Blood Cell Count,14.6,K/uL,4.5,11,H,Routine,2025-12-24 01:17,2025-12-24 01:33,2025-12-24 04:02
LAB751036,ENC121606,PT12399,HGB,Hemoglobin,13.9,g/dL,12,17.5,N,Routine,2025-12-24 01:27,2025-12-24 01:47,2025-12-24 03:10
LAB751037,ENC121606,PT12399,BUN,Blood Urea Nitrogen,10,mg/dL,7,20,N,Routine,2025-12-24 01:05,2025-12-24 01:29,2025-12-24 05:43
LAB751038,ENC121606,PT12399,PLT,Platelet Count,223,K/uL,150,400,N,Routine,2025-12-24 01:51,2025-12-24 02:20,2025-12-24 09:03
LAB751039,ENC121608,PT13386,GLU,Glucose,156,mg/dL,70,99,H,STAT,2025-12-23 23:45,2025-12-23 23:55,2025-12-24 00:33
LAB751040,ENC121608,PT13386,CREAT,Creatinine,0.65,mg/dL,0.6,1.3,N,Routine,2025-12-23 23:45,2025-12-24 00:01,2025-12-24 02:55
LAB751041,ENC121608,PT13386,WBC,White Blood Cell Count,8.9,K/uL,4.5,11,N,STAT,2025-12-24 00:07,2025-12-24 00:28,2025-12-24 01:54
LAB751042,ENC121608,PT13386,HGB,Hemoglobin,12.7,g/dL,12,17.5,N,Routine,2025-12-24 00:44,2025-12-24 00:56,2025-12-24 03:35
LAB751043,ENC121608,PT13386,NA,Sodium,140,mmol/L,136,145,N,STAT,2025-12-23 23:51,2025-12-24 00:06,2025-12-24 00:58
LAB751044,ENC121608,PT13386,K,Potassium,4.4,mmol/L,3.5,5.1,N,STAT,2025-12-24 00:09,2025-12-24 00:40,2025-12-24 01:50
LAB751045,ENC121608,PT13386,TROP,"Troponin I, High Sensitivity",49,ng/L,0,34,H,STAT,2025-12-24 00:46,2025-12-24 01:16,2025-12-24 02:02
LAB751046,ENC121608,PT13386,BNP,B-Type Natriuretic Peptide,668,pg/mL,0,100,H,STAT,2025-12-24 00:19,2025-12-24 00:40,2025-12-24 02:06
LAB751047,ENC121609,PT11993,GLU,Glucose,76,mg/dL,70,99,N,Routine,2025-12-23 22:51,2025-12-23 23:20,2025-12-24 02:43
LAB751048,ENC121609,PT11993,CREAT,Creatinine,1.1,mg/dL,0.6,1.3,N,STAT,2025-12-23 22:56,2025-12-23 23:05,2025-12-24 00:02
LAB751049,ENC121609,PT11993,WBC,White Blood Cell Count,7.3,K/uL,4.5,11,N,STAT,2025-12-23 23:03,2025-12-23 23:25,2025-12-24 00:19
LAB751050,ENC121609,PT11993,HGB,Hemoglobin,14,g/dL,12,17.5,N,Routine,2025-12-23 23:45,2025-12-24 00:03,2025-12-24 02:19
LAB751051,ENC121609,PT11993,INR,Prothrombin Time INR,1.1,ratio,0.8,1.2,N,STAT,2025-12-23 23:06,2025-12-23 23:18,2025-12-24 00:35
LAB751052,ENC121610,PT13209,GLU,Glucose,93,mg/dL,70,99,N,STAT,2025-12-23 23:27,2025-12-23 23:43,2025-12-24 00:04
LAB751053,ENC121610,PT13209,CREAT,Creatinine,0.43,mg/dL,0.6,1.3,L,STAT,2025-12-23 23:22,2025-12-23 23:41,2025-12-24 01:02
LAB751054,ENC121610,PT13209,WBC,White Blood Cell Count,6.2,K/uL,4.5,11,N,STAT,2025-12-24 00:26,2025-12-24 00:51,2025-12-24 01:27
LAB751055,ENC121610,PT13209,HGB,Hemoglobin,12.4,g/dL,12,17.5,N,STAT,2025-12-24 00:05,2025-12-24 00:26,2025-12-24 00:54
LAB751056,ENC121611,PT12850,GLU,Glucose,152,mg/dL,70,99,H,STAT,2025-12-24 04:02,2025-12-24 04:20,2025-12-24 05:13
LAB751057,ENC121611,PT12850,CREAT,Creatinine,0.9,mg/dL,0.6,1.3,N,STAT,2025-12-24 04:14,2025-12-24 04:46,2025-12-24 05:36
LAB751058,ENC121611,PT12850,WBC,White Blood Cell Count,7.6,K/uL,4.5,11,N,Routine,2025-12-24 04:35,2025-12-24 04:48,2025-12-24 06:50
LAB751059,ENC121611,PT12850,HGB,Hemoglobin,15.8,g/dL,12,17.5,N,Routine,2025-12-24 04:30,2025-12-24 04:47,2025-12-24 07:12
LAB751060,ENC121612,PT13411,GLU,Glucose,99,mg/dL,70,99,N,STAT,2025-12-24 09:32,2025-12-24 10:03,2025-12-24 10:40
LAB751061,ENC121612,PT13411,CREAT,Creatinine,0.89,mg/dL,0.6,1.3,N,Routine,2025-12-24 10:08,2025-12-24 10:27,2025-12-24 12:23
LAB751062,ENC121612,PT13411,WBC,White Blood Cell Count,3.9,K/uL,4.5,11,L,STAT,2025-12-24 09:19,2025-12-24 09:54,2025-12-24 10:17
LAB751063,ENC121612,PT13411,HGB,Hemoglobin,14.3,g/dL,12,17.5,N,Routine,2025-12-24 09:20,2025-12-24 09:31,2025-12-24 11:30
LAB751064,ENC121612,PT13411,INR,Prothrombin Time INR,1.1,ratio,0.8,1.2,N,STAT,2025-12-24 09:59,2025-12-24 10:20,2025-12-24 11:02
LAB751065,ENC121613,PT10605,GLU,Glucose,140,mg/dL,70,99,H,Routine,2025-12-24 10:12,2025-12-24 10:27,2025-12-24 13:34
LAB751066,ENC121613,PT10605,CREAT,Creatinine,1.03,mg/dL,0.6,1.3,N,STAT,2025-12-24 09:57,2025-12-24 10:27,2025-12-24 11:30
LAB751067,ENC121613,PT10605,WBC,White Blood Cell Count,10.6,K/uL,4.5,11,N,STAT,2025-12-24 10:09,2025-12-24 10:34,2025-12-24 11:12
LAB751068,ENC121613,PT10605,HGB,Hemoglobin,14.2,g/dL,12,17.5,N,STAT,2025-12-24 09:51,2025-12-24 10:23,2025-12-24 10:51
LAB751069,ENC121613,PT10605,NA,Sodium,141,mmol/L,136,145,N,Routine,2025-12-24 09:43,2025-12-24 10:18,2025-12-24 11:54
LAB751070,ENC121613,PT10605,K,Potassium,4.3,mmol/L,3.5,5.1,N,STAT,2025-12-24 09:25,2025-12-24 09:46,2025-12-24 10:50
LAB751071,ENC121614,PT10430,GLU,Glucose,130,mg/dL,70,99,H,Routine,2025-12-24 10:22,2025-12-24 10:29,2025-12-24 13:03
LAB751072,ENC121614,PT10430,CREAT,Creatinine,1.12,mg/dL,0.6,1.3,N,STAT,2025-12-24 10:04,2025-12-24 10:19,2025-12-24 10:39
LAB751073,ENC121614,PT10430,WBC,White Blood Cell Count,13.1,K/uL,4.5,11,H,STAT,2025-12-24 10:52,2025-12-24 11:05,2025-12-24 11:59
LAB751074,ENC121614,PT10430,HGB,Hemoglobin,14.1,g/dL,12,17.5,N,Routine,2025-12-24 09:48,2025-12-24 10:13,2025-12-24 12:46
LAB751075,ENC121615,PT12033,WBC,White Blood Cell Count,5.6,K/uL,4.5,11,N,Routine,2025-12-24 09:13,2025-12-24 09:20,2025-12-24 10:20
LAB751076,ENC121615,PT12033,HGB,Hemoglobin,10.2,g/dL,12,17.5,L,Routine,2025-12-24 09:25,2025-12-24 09:37,2025-12-24 12:43
LAB751077,ENC121615,PT12033,PLT,Platelet Count,268,K/uL,150,400,N,Routine,2025-12-24 09:06,2025-12-24 09:31,2025-12-24 12:46
LAB751078,ENC121617,PT13956,GLU,Glucose,86,mg/dL,70,99,N,STAT,2025-12-24 10:33,2025-12-24 10:39,2025-12-24 11:38
LAB751079,ENC121617,PT13956,CREAT,Creatinine,0.83,mg/dL,0.6,1.3,N,STAT,2025-12-24 11:22,2025-12-24 11:34,2025-12-24 12:15
LAB751080,ENC121617,PT13956,WBC,White Blood Cell Count,7.4,K/uL,4.5,11,N,Routine,2025-12-24 10:51,2025-12-24 11:11,2025-12-24 14:58
LAB751081,ENC121618,PT10568,A1C,Hemoglobin A1c,5.6,%,4,5.6,N,Routine,2025-12-24 10:42,2025-12-24 10:48,2025-12-25 07:17
LAB751082,ENC121620,PT12893,GLU,Glucose,81,mg/dL,70,99,N,STAT,2025-12-24 15:35,2025-12-24 15:46,2025-12-24 16:13
LAB751083,ENC121620,PT12893,CREAT,Creatinine,0.88,mg/dL,0.6,1.3,N,STAT,2025-12-24 15:56,2025-12-24 16:19,2025-12-24 18:02
LAB751084,ENC121620,PT12893,WBC,White Blood Cell Count,8.3,K/uL,4.5,11,N,Routine,2025-12-24 16:11,2025-12-24 16:17,2025-12-24 18:40
LAB751085,ENC121620,PT12893,HGB,Hemoglobin,14.2,g/dL,12,17.5,N,Routine,2025-12-24 15:52,2025-12-24 16:22,2025-12-24 18:18
LAB751086,ENC121621,PT10877,WBC,White Blood Cell Count,9.2,K/uL,4.5,11,N,Routine,2025-12-24 13:00,2025-12-24 13:31,2025-12-24 16:14
LAB751087,ENC121621,PT10877,HGB,Hemoglobin,12.2,g/dL,12,17.5,N,Routine,2025-12-24 12:56,2025-12-24 13:20,2025-12-24 17:36
LAB751088,ENC121621,PT10877,PLT,Platelet Count,233,K/uL,150,400,N,Routine,2025-12-24 12:47,2025-12-24 12:59,2025-12-24 16:10
LAB751089,ENC121623,PT13774,GLU,Glucose,115,mg/dL,70,99,H,STAT,2025-12-24 13:40,2025-12-24 14:04,2025-12-24 14:51
LAB751090,ENC121623,PT13774,CREAT,Creatinine,1.55,mg/dL,0.6,1.3,H,Routine,2025-12-24 14:00,2025-12-24 14:35,2025-12-24 16:12
LAB751091,ENC121625,PT11240,GLU,Glucose,112,mg/dL,70,99,H,STAT,2025-12-24 18:26,2025-12-24 18:59,2025-12-24 19:41
LAB751092,ENC121625,PT11240,CREAT,Creatinine,1.24,mg/dL,0.6,1.3,N,STAT,2025-12-24 17:49,2025-12-24 17:55,2025-12-24 18:29
LAB751093,ENC121625,PT11240,WBC,White Blood Cell Count,11.1,K/uL,4.5,11,H,Routine,2025-12-24 18:25,2025-12-24 18:49,2025-12-25 03:42
LAB751094,ENC121625,PT11240,HGB,Hemoglobin,14.2,g/dL,12,17.5,N,Routine,2025-12-24 18:28,2025-12-24 18:50,2025-12-24 22:33
LAB751095,ENC121629,PT12929,GLU,Glucose,92,mg/dL,70,99,N,Routine,2025-12-24 15:03,2025-12-24 15:12,2025-12-24 19:33
LAB751096,ENC121629,PT12929,CREAT,Creatinine,0.92,mg/dL,0.6,1.3,N,Routine,2025-12-24 15:44,2025-12-24 16:12,2025-12-24 18:21
LAB751097,ENC121629,PT12929,WBC,White Blood Cell Count,10.3,K/uL,4.5,11,N,STAT,2025-12-24 14:42,2025-12-24 15:03,2025-12-24 15:57
LAB751098,ENC121629,PT12929,HGB,Hemoglobin,15.3,g/dL,12,17.5,N,STAT,2025-12-24 15:00,2025-12-24 15:29,2025-12-24 16:08
LAB751099,ENC121629,PT12929,NA,Sodium,140,mmol/L,136,145,N,STAT,2025-12-24 14:49,2025-12-24 15:24,2025-12-24 16:23
LAB751100,ENC121629,PT12929,K,Potassium,5,mmol/L,3.5,5.1,N,STAT,2025-12-24 14:46,2025-12-24 15:19,2025-12-24 16:33
LAB751101,ENC121629,PT12929,TROP,"Troponin I, High Sensitivity",99,ng/L,0,34,H,STAT,2025-12-24 15:04,2025-12-24 15:31,2025-12-24 16:15
LAB751102,ENC121630,PT12281,GLU,Glucose,118,mg/dL,70,99,H,STAT,2025-12-24 19:10,2025-12-24 19:27,2025-12-24 19:54
LAB751103,ENC121630,PT12281,CREAT,Creatinine,1.22,mg/dL,0.6,1.3,N,Routine,2025-12-24 18:44,2025-12-24 19:04,2025-12-25 01:06
LAB751104,ENC121630,PT12281,WBC,White Blood Cell Count,14.4,K/uL,4.5,11,H,Routine,2025-12-24 18:51,2025-12-24 19:00,2025-12-24 22:08
LAB751105,ENC121630,PT12281,HGB,Hemoglobin,15.2,g/dL,12,17.5,N,Routine,2025-12-24 18:25,2025-12-24 18:30,2025-12-24 20:05
LAB751106,ENC121632,PT13880,GLU,Glucose,213,mg/dL,70,99,H,STAT,2025-12-24 18:15,2025-12-24 18:29,2025-12-24 19:35
LAB751107,ENC121632,PT13880,CREAT,Creatinine,1.36,mg/dL,0.6,1.3,H,STAT,2025-12-24 18:39,2025-12-24 18:45,2025-12-24 19:37
LAB751108,ENC121632,PT13880,WBC,White Blood Cell Count,8.6,K/uL,4.5,11,N,Routine,2025-12-24 18:42,2025-12-24 18:50,2025-12-24 21:24
LAB751109,ENC121632,PT13880,HGB,Hemoglobin,13.5,g/dL,12,17.5,N,Routine,2025-12-24 18:46,2025-12-24 18:51,2025-12-24 23:20
LAB751110,ENC121632,PT13880,NA,Sodium,139,mmol/L,136,145,N,STAT,2025-12-24 18:34,2025-12-24 18:40,2025-12-24 19:46
LAB751111,ENC121632,PT13880,K,Potassium,4.6,mmol/L,3.5,5.1,N,STAT,2025-12-24 18:06,2025-12-24 18:10,2025-12-24 19:05
LAB751112,ENC121632,PT13880,INR,Prothrombin Time INR,1,ratio,0.8,1.2,N,Routine,2025-12-24 18:29,2025-12-24 18:51,2025-12-25 00:37
LAB751113,ENC121635,PT11622,LDL,LDL Cholesterol,101,mg/dL,0,99,H,Routine,2025-12-24 16:08,2025-12-24 16:35,2025-12-25 10:34
LAB751114,ENC121635,PT11622,A1C,Hemoglobin A1c,8.9,%,4,5.6,H,Routine,2025-12-24 16:25,2025-12-24 16:55,2025-12-25 01:44
LAB751115,ENC121636,PT12226,LDL,LDL Cholesterol,88,mg/dL,0,99,N,Routine,2025-12-24 16:41,2025-12-24 17:02,2025-12-25 01:35
LAB751116,ENC121637,PT13151,GLU,Glucose,104,mg/dL,70,99,H,Routine,2025-12-24 21:07,2025-12-24 21:39,2025-12-25 00:02
LAB751117,ENC121637,PT13151,CREAT,Creatinine,0.77,mg/dL,0.6,1.3,N,Routine,2025-12-24 22:12,2025-12-24 22:34,2025-12-24 23:55
LAB751118,ENC121637,PT13151,WBC,White Blood Cell Count,8.9,K/uL,4.5,11,N,Routine,2025-12-24 21:27,2025-12-24 21:31,2025-12-25 02:00
LAB751119,ENC121637,PT13151,HGB,Hemoglobin,11.7,g/dL,12,17.5,L,Routine,2025-12-24 21:14,2025-12-24 21:25,2025-12-25 00:05
LAB751120,ENC121637,PT13151,TROP,"Troponin I, High Sensitivity",8,ng/L,0,34,N,STAT,2025-12-24 21:34,2025-12-24 21:50,2025-12-24 23:08
LAB751121,ENC121637,PT13151,BNP,B-Type Natriuretic Peptide,915,pg/mL,0,100,H,STAT,2025-12-24 21:23,2025-12-24 21:37,2025-12-24 22:26
LAB751122,ENC121638,PT10051,GLU,Glucose,97,mg/dL,70,99,N,Routine,2025-12-24 19:47,2025-12-24 20:13,2025-12-24 22:08
LAB751123,ENC121638,PT10051,CREAT,Creatinine,0.67,mg/dL,0.6,1.3,N,STAT,2025-12-24 19:56,2025-12-24 20:12,2025-12-24 20:58
LAB751124,ENC121638,PT10051,WBC,White Blood Cell Count,9.3,K/uL,4.5,11,N,STAT,2025-12-24 19:53,2025-12-24 20:06,2025-12-24 20:42
LAB751125,ENC121638,PT10051,HGB,Hemoglobin,17.2,g/dL,12,17.5,N,Routine,2025-12-24 20:06,2025-12-24 20:34,2025-12-25 09:08
LAB751126,ENC121638,PT10051,NA,Sodium,141,mmol/L,136,145,N,STAT,2025-12-24 20:31,2025-12-24 21:05,2025-12-24 21:56
LAB751127,ENC121638,PT10051,K,Potassium,4.3,mmol/L,3.5,5.1,N,STAT,2025-12-24 19:51,2025-12-24 19:55,2025-12-24 20:45
LAB751128,ENC121639,PT11195,GLU,Glucose,131,mg/dL,70,99,H,STAT,2025-12-24 18:14,2025-12-24 18:48,2025-12-24 20:55
LAB751129,ENC121639,PT11195,CREAT,Creatinine,0.86,mg/dL,0.6,1.3,N,Routine,2025-12-24 17:51,2025-12-24 17:56,2025-12-24 23:58
LAB751130,ENC121639,PT11195,WBC,White Blood Cell Count,7.6,K/uL,4.5,11,N,STAT,2025-12-24 18:18,2025-12-24 18:31,2025-12-24 19:33
LAB751131,ENC121641,PT11717,GLU,Glucose,129,mg/dL,70,99,H,Routine,2025-12-24 19:20,2025-12-24 19:44,2025-12-24 23:29
LAB751132,ENC121641,PT11717,CREAT,Creatinine,0.75,mg/dL,0.6,1.3,N,STAT,2025-12-24 19:08,2025-12-24 19:32,2025-12-24 20:26
LAB751133,ENC121641,PT11717,WBC,White Blood Cell Count,7.3,K/uL,4.5,11,N,STAT,2025-12-24 19:51,2025-12-24 19:56,2025-12-24 20:20
LAB751134,ENC121641,PT11717,HGB,Hemoglobin,13.5,g/dL,12,17.5,N,STAT,2025-12-24 19:14,2025-12-24 19:30,2025-12-24 20:51
LAB751135,ENC121641,PT11717,NA,Sodium,140,mmol/L,136,145,N,STAT,2025-12-24 19:06,2025-12-24 19:16,2025-12-24 20:03
LAB751136,ENC121641,PT11717,K,Potassium,3.8,mmol/L,3.5,5.1,N,STAT,2025-12-24 19:25,2025-12-24 19:29,2025-12-24 20:14
LAB751137,ENC121642,PT10129,GLU,Glucose,105,mg/dL,70,99,H,Routine,2025-12-25 01:23,2025-12-25 01:32,2025-12-25 03:22
LAB751138,ENC121642,PT10129,CREAT,Creatinine,1.17,mg/dL,0.6,1.3,N,STAT,2025-12-25 00:31,2025-12-25 00:44,2025-12-25 01:32
LAB751139,ENC121642,PT10129,WBC,White Blood Cell Count,22.9,K/uL,4.5,11,H,STAT,2025-12-25 01:22,2025-12-25 01:34,2025-12-25 02:18
LAB751140,ENC121642,PT10129,HGB,Hemoglobin,12.8,g/dL,12,17.5,N,Routine,2025-12-25 00:59,2025-12-25 01:04,2025-12-25 04:57
LAB751141,ENC121642,PT10129,BUN,Blood Urea Nitrogen,13,mg/dL,7,20,N,STAT,2025-12-25 00:45,2025-12-25 01:06,2025-12-25 02:12
LAB751142,ENC121642,PT10129,PLT,Platelet Count,230,K/uL,150,400,N,STAT,2025-12-25 00:34,2025-12-25 00:57,2025-12-25 01:38
LAB751143,ENC121642,PT10129,LACT,Lactate,5.4,mmol/L,0.5,2,HH,STAT,2025-12-25 00:41,2025-12-25 00:59,2025-12-25 01:45
LAB751144,ENC121643,PT10384,GLU,Glucose,122,mg/dL,70,99,H,STAT,2025-12-25 00:11,2025-12-25 00:40,2025-12-25 01:11
LAB751145,ENC121643,PT10384,CREAT,Creatinine,0.81,mg/dL,0.6,1.3,N,STAT,2025-12-24 23:27,2025-12-24 23:41,2025-12-25 00:19
LAB751146,ENC121643,PT10384,WBC,White Blood Cell Count,5.8,K/uL,4.5,11,N,Routine,2025-12-25 00:00,2025-12-25 00:10,2025-12-25 04:47
LAB751147,ENC121643,PT10384,HGB,Hemoglobin,15,g/dL,12,17.5,N,STAT,2025-12-24 23:09,2025-12-24 23:41,2025-12-25 00:48
LAB751148,ENC121643,PT10384,TROP,"Troponin I, High Sensitivity",4,ng/L,0,34,N,STAT,2025-12-24 23:06,2025-12-24 23:37,2025-12-25 01:09
LAB751149,ENC121644,PT10611,GLU,Glucose,103,mg/dL,70,99,H,STAT,2025-12-25 05:45,2025-12-25 06:20,2025-12-25 07:03
LAB751150,ENC121644,PT10611,CREAT,Creatinine,0.86,mg/dL,0.6,1.3,N,STAT,2025-12-25 04:57,2025-12-25 05:30,2025-12-25 06:05
LAB751151,ENC121644,PT10611,WBC,White Blood Cell Count,7.5,K/uL,4.5,11,N,STAT,2025-12-25 05:18,2025-12-25 05:25,2025-12-25 05:54
LAB751152,ENC121644,PT10611,HGB,Hemoglobin,11.1,g/dL,12,17.5,L,STAT,2025-12-25 05:14,2025-12-25 05:48,2025-12-25 06:24
LAB751153,ENC121644,PT10611,NA,Sodium,142,mmol/L,136,145,N,STAT,2025-12-25 05:34,2025-12-25 05:43,2025-12-25 06:39
LAB751154,ENC121644,PT10611,K,Potassium,4.2,mmol/L,3.5,5.1,N,STAT,2025-12-25 04:56,2025-12-25 05:18,2025-12-25 06:23
LAB751155,ENC121645,PT12729,GLU,Glucose,94,mg/dL,70,99,N,STAT,2025-12-25 06:14,2025-12-25 06:43,2025-12-25 07:20
LAB751156,ENC121645,PT12729,CREAT,Creatinine,1.03,mg/dL,0.6,1.3,N,STAT,2025-12-25 06:52,2025-12-25 07:23,2025-12-25 08:40
LAB751157,ENC121645,PT12729,WBC,White Blood Cell Count,7.6,K/uL,4.5,11,N,Routine,2025-12-25 07:18,2025-12-25 07:44,2025-12-25 09:38
LAB751158,ENC121645,PT12729,HGB,Hemoglobin,13.8,g/dL,12,17.5,N,Routine,2025-12-25 06:57,2025-12-25 07:08,2025-12-25 10:58
LAB751159,ENC121647,PT13253,GLU,Glucose,98,mg/dL,70,99,N,Routine,2025-12-25 11:30,2025-12-25 11:57,2025-12-25 13:49
LAB751160,ENC121647,PT13253,CREAT,Creatinine,1.11,mg/dL,0.6,1.3,N,STAT,2025-12-25 11:41,2025-12-25 12:12,2025-12-25 12:50
LAB751161,ENC121647,PT13253,WBC,White Blood Cell Count,6.9,K/uL,4.5,11,N,STAT,2025-12-25 11:36,2025-12-25 11:40,2025-12-25 12:40
LAB751162,ENC121647,PT13253,HGB,Hemoglobin,13.4,g/dL,12,17.5,N,Routine,2025-12-25 11:27,2025-12-25 11:38,2025-12-25 14:05
LAB751163,ENC121647,PT13253,NA,Sodium,130,mmol/L,136,145,L,STAT,2025-12-25 11:44,2025-12-25 12:04,2025-12-25 12:39
LAB751164,ENC121647,PT13253,K,Potassium,4.4,mmol/L,3.5,5.1,N,STAT,2025-12-25 11:08,2025-12-25 11:40,2025-12-25 13:40
LAB751165,ENC121648,PT10004,GLU,Glucose,103,mg/dL,70,99,H,STAT,2025-12-25 12:05,2025-12-25 12:37,2025-12-25 13:06
LAB751166,ENC121648,PT10004,CREAT,Creatinine,1.18,mg/dL,0.6,1.3,N,STAT,2025-12-25 12:07,2025-12-25 12:30,2025-12-25 13:06
LAB751167,ENC121648,PT10004,WBC,White Blood Cell Count,7.5,K/uL,4.5,11,N,STAT,2025-12-25 11:16,2025-12-25 11:43,2025-12-25 12:41
LAB751168,ENC121648,PT10004,HGB,Hemoglobin,15,g/dL,12,17.5,N,STAT,2025-12-25 11:25,2025-12-25 11:47,2025-12-25 12:03
LAB751169,ENC121648,PT10004,NA,Sodium,145,mmol/L,136,145,N,Routine,2025-12-25 11:30,2025-12-25 12:00,2025-12-25 14:29
LAB751170,ENC121648,PT10004,K,Potassium,4.4,mmol/L,3.5,5.1,N,STAT,2025-12-25 12:11,2025-12-25 12:38,2025-12-25 13:39
LAB751171,ENC121649,PT10981,LDL,LDL Cholesterol,44,mg/dL,0,99,N,Routine,2025-12-25 08:08,2025-12-25 08:18,2025-12-25 23:32
LAB751172,ENC121650,PT10467,WBC,White Blood Cell Count,8.9,K/uL,4.5,11,N,Routine,2025-12-25 08:25,2025-12-25 08:36,2025-12-25 11:07
LAB751173,ENC121650,PT10467,HGB,Hemoglobin,13.6,g/dL,12,17.5,N,Routine,2025-12-25 08:23,2025-12-25 08:48,2025-12-25 11:07
LAB751174,ENC121650,PT10467,PLT,Platelet Count,223,K/uL,150,400,N,Routine,2025-12-25 08:30,2025-12-25 08:37,2025-12-25 12:19
LAB751175,ENC121651,PT13907,TROP,"Troponin I, High Sensitivity",15,ng/L,0,34,N,STAT,2025-12-25 09:27,2025-12-25 09:56,2025-12-25 10:54
LAB751176,ENC121653,PT10169,GLU,Glucose,110,mg/dL,70,99,H,STAT,2025-12-25 12:44,2025-12-25 13:03,2025-12-25 13:34
LAB751177,ENC121653,PT10169,CREAT,Creatinine,1.27,mg/dL,0.6,1.3,N,Routine,2025-12-25 12:34,2025-12-25 12:51,2025-12-25 14:32
LAB751178,ENC121653,PT10169,WBC,White Blood Cell Count,12.7,K/uL,4.5,11,H,Routine,2025-12-25 12:49,2025-12-25 13:20,2025-12-25 15:23
LAB751179,ENC121653,PT10169,HGB,Hemoglobin,14.8,g/dL,12,17.5,N,Routine,2025-12-25 13:26,2025-12-25 13:41,2025-12-25 18:06
LAB751180,ENC121653,PT10169,LACT,Lactate,3.7,mmol/L,0.5,2,H,STAT,2025-12-25 12:43,2025-12-25 12:58,2025-12-25 13:41
LAB751181,ENC121656,PT12946,GLU,Glucose,88,mg/dL,70,99,N,STAT,2025-12-25 10:14,2025-12-25 10:33,2025-12-25 11:17
LAB751182,ENC121656,PT12946,CREAT,Creatinine,0.76,mg/dL,0.6,1.3,N,STAT,2025-12-25 10:14,2025-12-25 10:25,2025-12-25 12:02
LAB751183,ENC121659,PT12224,WBC,White Blood Cell Count,11,K/uL,4.5,11,N,Routine,2025-12-25 11:11,2025-12-25 11:30,2025-12-25 14:52
LAB751184,ENC121659,PT12224,HGB,Hemoglobin,10.1,g/dL,12,17.5,L,Routine,2025-12-25 11:15,2025-12-25 11:47,2025-12-25 16:17
LAB751185,ENC121659,PT12224,PLT,Platelet Count,257,K/uL,150,400,N,Routine,2025-12-25 10:52,2025-12-25 11:16,2025-12-25 14:55
LAB751186,ENC121662,PT13669,GLU,Glucose,92,mg/dL,70,99,N,STAT,2025-12-25 14:24,2025-12-25 14:34,2025-12-25 15:20
LAB751187,ENC121662,PT13669,CREAT,Creatinine,0.81,mg/dL,0.6,1.3,N,STAT,2025-12-25 14:07,2025-12-25 14:11,2025-12-25 14:32
LAB751188,ENC121662,PT13669,WBC,White Blood Cell Count,8.1,K/uL,4.5,11,N,STAT,2025-12-25 14:39,2025-12-25 14:43,2025-12-25 15:07
LAB751189,ENC121662,PT13669,HGB,Hemoglobin,11.7,g/dL,12,17.5,L,STAT,2025-12-25 14:40,2025-12-25 14:53,2025-12-25 15:41
LAB751190,ENC121662,PT13669,BUN,Blood Urea Nitrogen,13,mg/dL,7,20,N,STAT,2025-12-25 13:52,2025-12-25 13:58,2025-12-25 15:20
LAB751191,ENC121662,PT13669,PLT,Platelet Count,243,K/uL,150,400,N,Routine,2025-12-25 13:52,2025-12-25 14:17,2025-12-25 16:50
LAB751192,ENC121662,PT13669,INR,Prothrombin Time INR,0.9,ratio,0.8,1.2,N,STAT,2025-12-25 14:15,2025-12-25 14:31,2025-12-25 15:06
LAB751193,ENC121668,PT10156,WBC,White Blood Cell Count,7.2,K/uL,4.5,11,N,Routine,2025-12-25 14:14,2025-12-25 14:32,2025-12-25 18:25
LAB751194,ENC121668,PT10156,HGB,Hemoglobin,16.3,g/dL,12,17.5,N,Routine,2025-12-25 13:55,2025-12-25 13:59,2025-12-25 20:31
LAB751195,ENC121668,PT10156,PLT,Platelet Count,231,K/uL,150,400,N,Routine,2025-12-25 13:59,2025-12-25 14:08,2025-12-25 20:17
LAB751196,ENC121676,PT12586,GLU,Glucose,133,mg/dL,70,99,H,Routine,2025-12-25 19:22,2025-12-25 19:41,2025-12-25 22:32
LAB751197,ENC121676,PT12586,CREAT,Creatinine,0.66,mg/dL,0.6,1.3,N,Routine,2025-12-25 20:18,2025-12-25 20:43,2025-12-25 23:37
LAB751198,ENC121676,PT12586,WBC,White Blood Cell Count,9.5,K/uL,4.5,11,N,Routine,2025-12-25 19:33,2025-12-25 20:08,2025-12-25 22:46
LAB751199,ENC121676,PT12586,HGB,Hemoglobin,13.3,g/dL,12,17.5,N,STAT,2025-12-25 20:01,2025-12-25 20:11,2025-12-25 20:47
LAB751200,ENC121678,PT12956,GLU,Glucose,73,mg/dL,70,99,N,STAT,2025-12-25 20:23,2025-12-25 20:35,2025-12-25 21:41
LAB751201,ENC121678,PT12956,CREAT,Creatinine,1.15,mg/dL,0.6,1.3,N,STAT,2025-12-25 19:31,2025-12-25 19:35,2025-12-25 20:11
LAB751202,ENC121678,PT12956,WBC,White Blood Cell Count,11.1,K/uL,4.5,11,H,Routine,2025-12-25 20:01,2025-12-25 20:14,2025-12-26 00:16
LAB751203,ENC121678,PT12956,HGB,Hemoglobin,13.1,g/dL,12,17.5,N,Routine,2025-12-25 19:34,2025-12-25 19:38,2025-12-25 22:35
LAB751204,ENC121678,PT12956,NA,Sodium,142,mmol/L,136,145,N,STAT,2025-12-25 20:28,2025-12-25 20:41,2025-12-25 21:47
LAB751205,ENC121678,PT12956,K,Potassium,4.3,mmol/L,3.5,5.1,N,STAT,2025-12-25 19:39,2025-12-25 20:14,2025-12-25 20:30
LAB751206,ENC121681,PT11246,GLU,Glucose,104,mg/dL,70,99,H,STAT,2025-12-25 20:26,2025-12-25 20:53,2025-12-25 21:22
LAB751207,ENC121681,PT11246,CREAT,Creatinine,1.25,mg/dL,0.6,1.3,N,Routine,2025-12-25 19:59,2025-12-25 20:34,2025-12-25 22:56
LAB751208,ENC121681,PT11246,WBC,White Blood Cell Count,5.4,K/uL,4.5,11,N,STAT,2025-12-25 19:41,2025-12-25 19:59,2025-12-25 21:01
LAB751209,ENC121681,PT11246,HGB,Hemoglobin,14.9,g/dL,12,17.5,N,Routine,2025-12-25 19:36,2025-12-25 19:45,2025-12-26 00:07
LAB751210,ENC121681,PT11246,BUN,Blood Urea Nitrogen,13,mg/dL,7,20,N,Routine,2025-12-25 20:26,2025-12-25 20:39,2025-12-26 02:15
LAB751211,ENC121681,PT11246,PLT,Platelet Count,277,K/uL,150,400,N,Routine,2025-12-25 20:26,2025-12-25 20:40,2025-12-26 00:47
LAB751212,ENC121683,PT12126,LDL,LDL Cholesterol,68,mg/dL,0,99,N,Routine,2025-12-25 16:05,2025-12-25 16:23,2025-12-26 07:52
LAB751213,ENC121683,PT12126,A1C,Hemoglobin A1c,5.6,%,4,5.6,N,Routine,2025-12-25 16:06,2025-12-25 16:37,2025-12-26 00:30
LAB751214,ENC121683,PT12126,TSH,Thyroid Stimulating Hormone,2.29,mIU/L,0.4,4,N,Routine,2025-12-25 16:20,2025-12-25 16:42,2025-12-26 02:10
LAB751215,ENC121684,PT13843,GLU,Glucose,114,mg/dL,70,99,H,STAT,2025-12-25 17:22,2025-12-25 17:51,2025-12-25 18:46
LAB751216,ENC121684,PT13843,CREAT,Creatinine,0.97,mg/dL,0.6,1.3,N,Routine,2025-12-25 17:23,2025-12-25 17:45,2025-12-25 21:17
LAB751217,ENC121684,PT13843,WBC,White Blood Cell Count,8.7,K/uL,4.5,11,N,Routine,2025-12-25 16:49,2025-12-25 17:09,2025-12-25 18:48
LAB751218,ENC121685,PT11479,GLU,Glucose,123,mg/dL,70,99,H,STAT,2025-12-25 16:35,2025-12-25 16:40,2025-12-25 17:20
LAB751219,ENC121685,PT11479,CREAT,Creatinine,0.78,mg/dL,0.6,1.3,N,Routine,2025-12-25 17:25,2025-12-25 18:00,2025-12-25 22:25
LAB751220,ENC121687,PT10568,GLU,Glucose,80,mg/dL,70,99,N,STAT,2025-12-25 17:49,2025-12-25 18:11,2025-12-25 19:22
LAB751221,ENC121687,PT10568,CREAT,Creatinine,1.12,mg/dL,0.6,1.3,N,STAT,2025-12-25 17:20,2025-12-25 17:51,2025-12-25 18:49
LAB751222,ENC121687,PT10568,WBC,White Blood Cell Count,9.7,K/uL,4.5,11,N,STAT,2025-12-25 17:39,2025-12-25 18:14,2025-12-25 18:48
LAB751223,ENC121687,PT10568,HGB,Hemoglobin,15.7,g/dL,12,17.5,N,Routine,2025-12-25 16:59,2025-12-25 17:24,2025-12-25 20:48
LAB751224,ENC121688,PT11166,GLU,Glucose,115,mg/dL,70,99,H,STAT,2025-12-25 17:49,2025-12-25 18:05,2025-12-25 18:46
LAB751225,ENC121688,PT11166,CREAT,Creatinine,1.36,mg/dL,0.6,1.3,H,Routine,2025-12-25 18:06,2025-12-25 18:10,2025-12-25 19:41
LAB751226,ENC121688,PT11166,WBC,White Blood Cell Count,10,K/uL,4.5,11,N,Routine,2025-12-25 17:34,2025-12-25 17:54,2025-12-25 19:55
LAB751227,ENC121689,PT11213,GLU,Glucose,104,mg/dL,70,99,H,STAT,2025-12-25 22:41,2025-12-25 23:01,2025-12-26 00:06
LAB751228,ENC121689,PT11213,CREAT,Creatinine,0.35,mg/dL,0.6,1.3,L,STAT,2025-12-25 22:00,2025-12-25 22:34,2025-12-25 23:09
LAB751229,ENC121689,PT11213,WBC,White Blood Cell Count,10.4,K/uL,4.5,11,N,STAT,2025-12-25 21:57,2025-12-25 22:27,2025-12-25 22:57
LAB751230,ENC121689,PT11213,HGB,Hemoglobin,12.1,g/dL,12,17.5,N,Routine,2025-12-25 22:01,2025-12-25 22:29,2025-12-26 00:54
LAB751231,ENC121689,PT11213,NA,Sodium,142,mmol/L,136,145,N,STAT,2025-12-25 22:28,2025-12-25 22:39,2025-12-25 23:46
LAB751232,ENC121689,PT11213,K,Potassium,5,mmol/L,3.5,5.1,N,STAT,2025-12-25 22:17,2025-12-25 22:39,2025-12-26 01:02
LAB751233,ENC121690,PT13008,GLU,Glucose,109,mg/dL,70,99,H,STAT,2025-12-26 01:02,2025-12-26 01:34,2025-12-26 02:11
LAB751234,ENC121690,PT13008,CREAT,Creatinine,1.01,mg/dL,0.6,1.3,N,STAT,2025-12-26 01:10,2025-12-26 01:15,2025-12-26 01:53
LAB751235,ENC121690,PT13008,WBC,White Blood Cell Count,5.4,K/uL,4.5,11,N,STAT,2025-12-26 01:00,2025-12-26 01:14,2025-12-26 02:02
LAB751236,ENC121690,PT13008,HGB,Hemoglobin,15.8,g/dL,12,17.5,N,STAT,2025-12-26 00:51,2025-12-26 01:17,2025-12-26 01:47
LAB751237,ENC121691,PT10566,GLU,Glucose,300,mg/dL,70,99,H,STAT,2025-12-25 22:14,2025-12-25 22:23,2025-12-25 22:54
LAB751238,ENC121691,PT10566,CREAT,Creatinine,0.78,mg/dL,0.6,1.3,N,STAT,2025-12-25 22:42,2025-12-25 22:47,2025-12-25 23:07
LAB751239,ENC121691,PT10566,WBC,White Blood Cell Count,4.7,K/uL,4.5,11,N,Routine,2025-12-25 22:51,2025-12-25 22:58,2025-12-26 02:52
LAB751240,ENC121691,PT10566,A1C,Hemoglobin A1c,9.3,%,4,5.6,H,Routine,2025-12-25 23:06,2025-12-25 23:25,2025-12-26 16:31
LAB751241,ENC121692,PT12023,GLU,Glucose,165,mg/dL,70,99,H,STAT,2025-12-25 23:29,2025-12-25 23:37,2025-12-26 00:21
LAB751242,ENC121692,PT12023,CREAT,Creatinine,0.87,mg/dL,0.6,1.3,N,Routine,2025-12-25 23:18,2025-12-25 23:40,2025-12-26 05:33
LAB751243,ENC121692,PT12023,WBC,White Blood Cell Count,13.4,K/uL,4.5,11,H,STAT,2025-12-26 00:01,2025-12-26 00:33,2025-12-26 01:15
LAB751244,ENC121692,PT12023,HGB,Hemoglobin,15.7,g/dL,12,17.5,N,STAT,2025-12-25 23:30,2025-12-25 23:35,2025-12-26 00:40
LAB751245,ENC121692,PT12023,NA,Sodium,137,mmol/L,136,145,N,STAT,2025-12-25 23:55,2025-12-26 00:22,2025-12-26 01:20
LAB751246,ENC121692,PT12023,K,Potassium,4.5,mmol/L,3.5,5.1,N,STAT,2025-12-25 23:34,2025-12-26 00:05,2025-12-26 01:04
LAB751247,ENC121692,PT12023,BUN,Blood Urea Nitrogen,13,mg/dL,7,20,N,STAT,2025-12-25 23:34,2025-12-25 23:50,2025-12-26 01:25
LAB751248,ENC121692,PT12023,PLT,Platelet Count,201,K/uL,150,400,N,STAT,2025-12-25 23:49,2025-12-26 00:12,2025-12-26 00:46
LAB751249,ENC121693,PT12860,GLU,Glucose,172,mg/dL,70,99,H,Routine,2025-12-26 02:48,2025-12-26 03:10,2025-12-26 04:53
LAB751250,ENC121693,PT12860,CREAT,Creatinine,0.52,mg/dL,0.6,1.3,L,Routine,2025-12-26 02:28,2025-12-26 02:42,2025-12-26 04:47
LAB751251,ENC121693,PT12860,WBC,White Blood Cell Count,6.7,K/uL,4.5,11,N,STAT,2025-12-26 02:18,2025-12-26 02:49,2025-12-26 03:16
LAB751252,ENC121693,PT12860,HGB,Hemoglobin,16.3,g/dL,12,17.5,N,STAT,2025-12-26 02:18,2025-12-26 02:46,2025-12-26 03:15
LAB751253,ENC121693,PT12860,BUN,Blood Urea Nitrogen,23,mg/dL,7,20,H,STAT,2025-12-26 02:25,2025-12-26 02:40,2025-12-26 03:33
LAB751254,ENC121693,PT12860,PLT,Platelet Count,213,K/uL,150,400,N,Routine,2025-12-26 02:40,2025-12-26 02:51,2025-12-26 08:01
LAB751255,ENC121693,PT12860,INR,Prothrombin Time INR,1.2,ratio,0.8,1.2,N,Routine,2025-12-26 01:52,2025-12-26 01:58,2025-12-26 04:23
LAB751256,ENC121694,PT10631,GLU,Glucose,116,mg/dL,70,99,H,STAT,2025-12-26 04:04,2025-12-26 04:35,2025-12-26 06:00
LAB751257,ENC121694,PT10631,CREAT,Creatinine,2.45,mg/dL,0.6,1.3,H,STAT,2025-12-26 04:19,2025-12-26 04:33,2025-12-26 05:12
LAB751258,ENC121694,PT10631,WBC,White Blood Cell Count,16.6,K/uL,4.5,11,H,Routine,2025-12-26 04:33,2025-12-26 04:54,2025-12-26 06:39
LAB751259,ENC121694,PT10631,HGB,Hemoglobin,10.8,g/dL,12,17.5,L,STAT,2025-12-26 03:42,2025-12-26 04:12,2025-12-26 04:50
LAB751260,ENC121694,PT10631,BUN,Blood Urea Nitrogen,14,mg/dL,7,20,N,Routine,2025-12-26 03:55,2025-12-26 04:00,2025-12-26 05:50
LAB751261,ENC121694,PT10631,PLT,Platelet Count,241,K/uL,150,400,N,Routine,2025-12-26 04:00,2025-12-26 04:15,2025-12-26 10:23
LAB751262,ENC121694,PT10631,LACT,Lactate,4.1,mmol/L,0.5,2,HH,STAT,2025-12-26 03:53,2025-12-26 04:28,2025-12-26 05:18
LAB751263,ENC121695,PT13757,GLU,Glucose,125,mg/dL,70,99,H,Routine,2025-12-26 06:33,2025-12-26 06:47,2025-12-26 08:19
LAB751264,ENC121695,PT13757,CREAT,Creatinine,0.73,mg/dL,0.6,1.3,N,Routine,2025-12-26 07:03,2025-12-26 07:20,2025-12-26 08:47
LAB751265,ENC121695,PT13757,WBC,White Blood Cell Count,6,K/uL,4.5,11,N,STAT,2025-12-26 06:04,2025-12-26 06:34,2025-12-26 06:59
LAB751266,ENC121695,PT13757,HGB,Hemoglobin,12.2,g/dL,12,17.5,N,Routine,2025-12-26 06:34,2025-12-26 06:54,2025-12-26 09:31
LAB751267,ENC121695,PT13757,BUN,Blood Urea Nitrogen,21,mg/dL,7,20,H,STAT,2025-12-26 06:28,2025-12-26 06:40,2025-12-26 07:10
LAB751268,ENC121695,PT13757,PLT,Platelet Count,155,K/uL,150,400,N,Routine,2025-12-26 06:07,2025-12-26 06:42,2025-12-26 09:02
LAB751269,ENC121697,PT12684,GLU,Glucose,112,mg/dL,70,99,H,STAT,2025-12-26 12:08,2025-12-26 12:30,2025-12-26 13:20
LAB751270,ENC121697,PT12684,CREAT,Creatinine,0.71,mg/dL,0.6,1.3,N,Routine,2025-12-26 11:37,2025-12-26 11:48,2025-12-26 13:04
LAB751271,ENC121697,PT12684,WBC,White Blood Cell Count,7.7,K/uL,4.5,11,N,STAT,2025-12-26 12:07,2025-12-26 12:24,2025-12-26 13:06
LAB751272,ENC121697,PT12684,HGB,Hemoglobin,11.6,g/dL,12,17.5,L,Routine,2025-12-26 12:24,2025-12-26 12:37,2025-12-26 14:05
LAB751273,ENC121697,PT12684,NA,Sodium,142,mmol/L,136,145,N,STAT,2025-12-26 12:05,2025-12-26 12:21,2025-12-26 12:58
LAB751274,ENC121697,PT12684,K,Potassium,4,mmol/L,3.5,5.1,N,STAT,2025-12-26 12:27,2025-12-26 12:47,2025-12-26 13:19
LAB751275,ENC121699,PT11271,GLU,Glucose,86,mg/dL,70,99,N,STAT,2025-12-26 11:30,2025-12-26 12:05,2025-12-26 12:27
LAB751276,ENC121699,PT11271,CREAT,Creatinine,1.1,mg/dL,0.6,1.3,N,Routine,2025-12-26 10:39,2025-12-26 11:03,2025-12-26 12:55
LAB751277,ENC121699,PT11271,WBC,White Blood Cell Count,8.2,K/uL,4.5,11,N,STAT,2025-12-26 10:33,2025-12-26 10:41,2025-12-26 11:54
LAB751278,ENC121699,PT11271,HGB,Hemoglobin,14.7,g/dL,12,17.5,N,Routine,2025-12-26 10:31,2025-12-26 10:35,2025-12-26 13:39
LAB751279,ENC121701,PT11783,GLU,Glucose,95,mg/dL,70,99,N,Routine,2025-12-26 09:41,2025-12-26 10:04,2025-12-26 12:26
LAB751280,ENC121701,PT11783,CREAT,Creatinine,0.7,mg/dL,0.6,1.3,N,Routine,2025-12-26 09:54,2025-12-26 10:05,2025-12-26 13:18
LAB751281,ENC121701,PT11783,WBC,White Blood Cell Count,6.4,K/uL,4.5,11,N,STAT,2025-12-26 09:28,2025-12-26 09:53,2025-12-26 11:11
LAB751282,ENC121704,PT10191,LDL,LDL Cholesterol,144,mg/dL,0,99,H,Routine,2025-12-26 10:58,2025-12-26 11:27,2025-12-26 19:38
LAB751283,ENC121705,PT10058,GLU,Glucose,162,mg/dL,70,99,H,Routine,2025-12-26 11:39,2025-12-26 12:00,2025-12-26 14:09
LAB751284,ENC121705,PT10058,CREAT,Creatinine,0.89,mg/dL,0.6,1.3,N,STAT,2025-12-26 11:36,2025-12-26 11:48,2025-12-26 12:19
LAB751285,ENC121705,PT10058,WBC,White Blood Cell Count,20.2,K/uL,4.5,11,H,STAT,2025-12-26 12:03,2025-12-26 12:07,2025-12-26 12:38
LAB751286,ENC121705,PT10058,HGB,Hemoglobin,13.5,g/dL,12,17.5,N,STAT,2025-12-26 11:09,2025-12-26 11:37,2025-12-26 12:20
LAB751287,ENC121705,PT10058,LACT,Lactate,3.9,mmol/L,0.5,2,H,STAT,2025-12-26 12:07,2025-12-26 12:22,2025-12-26 13:00
LAB751288,ENC121711,PT11884,GLU,Glucose,92,mg/dL,70,99,N,Routine,2025-12-26 19:23,2025-12-26 19:27,2025-12-26 21:25
LAB751289,ENC121711,PT11884,CREAT,Creatinine,0.98,mg/dL,0.6,1.3,N,Routine,2025-12-26 18:56,2025-12-26 19:02,2025-12-26 20:21
LAB751290,ENC121711,PT11884,WBC,White Blood Cell Count,6.5,K/uL,4.5,11,N,Routine,2025-12-26 19:31,2025-12-26 19:44,2025-12-26 22:34
LAB751291,ENC121711,PT11884,HGB,Hemoglobin,12.9,g/dL,12,17.5,N,Routine,2025-12-26 19:30,2025-12-26 19:56,2025-12-27 01:08
LAB751292,ENC121711,PT11884,NA,Sodium,141,mmol/L,136,145,N,Routine,2025-12-26 18:47,2025-12-26 19:11,2025-12-26 23:23
LAB751293,ENC121711,PT11884,K,Potassium,4.4,mmol/L,3.5,5.1,N,STAT,2025-12-26 19:12,2025-12-26 19:20,2025-12-26 20:10
LAB751294,ENC121711,PT11884,BUN,Blood Urea Nitrogen,11,mg/dL,7,20,N,Routine,2025-12-26 19:13,2025-12-26 19:19,2025-12-26 21:51
LAB751295,ENC121711,PT11884,PLT,Platelet Count,309,K/uL,150,400,N,Routine,2025-12-26 19:41,2025-12-26 20:15,2025-12-27 01:20
LAB751296,ENC121712,PT13477,A1C,Hemoglobin A1c,10.8,%,4,5.6,H,Routine,2025-12-26 14:30,2025-12-26 14:53,2025-12-27 04:54
LAB751297,ENC121715,PT10536,GLU,Glucose,100,mg/dL,70,99,H,STAT,2025-12-26 15:07,2025-12-26 15:30,2025-12-26 16:02
LAB751298,ENC121715,PT10536,CREAT,Creatinine,0.88,mg/dL,0.6,1.3,N,STAT,2025-12-26 15:43,2025-12-26 15:54,2025-12-26 16:41
LAB751299,ENC121715,PT10536,WBC,White Blood Cell Count,8.1,K/uL,4.5,11,N,Routine,2025-12-26 14:59,2025-12-26 15:05,2025-12-26 17:40
LAB751300,ENC121717,PT13412,A1C,Hemoglobin A1c,12.2,%,4,5.6,H,Routine,2025-12-26 16:35,2025-12-26 17:04,2025-12-27 13:54
LAB751301,ENC121718,PT12308,A1C,Hemoglobin A1c,8.9,%,4,5.6,H,Routine,2025-12-26 16:26,2025-12-26 17:00,2025-12-27 18:00
LAB751302,ENC121719,PT13673,GLU,Glucose,89,mg/dL,70,99,N,STAT,2025-12-26 23:04,2025-12-26 23:36,2025-12-27 00:13
LAB751303,ENC121719,PT13673,CREAT,Creatinine,0.95,mg/dL,0.6,1.3,N,Routine,2025-12-26 23:43,2025-12-27 00:00,2025-12-27 03:36
LAB751304,ENC121719,PT13673,WBC,White Blood Cell Count,7,K/uL,4.5,11,N,STAT,2025-12-26 23:19,2025-12-26 23:32,2025-12-27 00:42
LAB751305,ENC121719,PT13673,HGB,Hemoglobin,8.1,g/dL,12,17.5,L,Routine,2025-12-26 23:23,2025-12-26 23:29,2025-12-27 00:51
LAB751306,ENC121720,PT11295,GLU,Glucose,133,mg/dL,70,99,H,STAT,2025-12-26 20:40,2025-12-26 20:59,2025-12-26 22:07
LAB751307,ENC121720,PT11295,CREAT,Creatinine,0.7,mg/dL,0.6,1.3,N,STAT,2025-12-26 20:35,2025-12-26 21:07,2025-12-26 22:01
LAB751308,ENC121720,PT11295,WBC,White Blood Cell Count,7.4,K/uL,4.5,11,N,Routine,2025-12-26 20:22,2025-12-26 20:29,2025-12-27 01:40
LAB751309,ENC121720,PT11295,HGB,Hemoglobin,12.8,g/dL,12,17.5,N,STAT,2025-12-26 20:38,2025-12-26 20:56,2025-12-26 21:46
LAB751310,ENC121721,PT10722,GLU,Glucose,319,mg/dL,70,99,H,STAT,2025-12-26 22:00,2025-12-26 22:07,2025-12-26 22:35
LAB751311,ENC121721,PT10722,CREAT,Creatinine,0.95,mg/dL,0.6,1.3,N,STAT,2025-12-26 22:00,2025-12-26 22:04,2025-12-26 22:50
LAB751312,ENC121721,PT10722,WBC,White Blood Cell Count,8,K/uL,4.5,11,N,Routine,2025-12-26 22:04,2025-12-26 22:08,2025-12-27 01:16
LAB751313,ENC121721,PT10722,HGB,Hemoglobin,14.3,g/dL,12,17.5,N,STAT,2025-12-26 21:15,2025-12-26 21:33,2025-12-26 22:12
LAB751314,ENC121721,PT10722,NA,Sodium,142,mmol/L,136,145,N,Routine,2025-12-26 21:12,2025-12-26 21:39,2025-12-26 23:00
LAB751315,ENC121721,PT10722,K,Potassium,3.8,mmol/L,3.5,5.1,N,STAT,2025-12-26 22:07,2025-12-26 22:24,2025-12-26 23:10
LAB751316,ENC121721,PT10722,A1C,Hemoglobin A1c,13.2,%,4,5.6,H,STAT,2025-12-26 21:20,2025-12-26 21:43,2025-12-26 22:15
LAB751317,ENC121723,PT13039,GLU,Glucose,108,mg/dL,70,99,H,STAT,2025-12-27 02:36,2025-12-27 02:57,2025-12-27 03:22
LAB751318,ENC121723,PT13039,CREAT,Creatinine,0.76,mg/dL,0.6,1.3,N,STAT,2025-12-27 02:24,2025-12-27 02:39,2025-12-27 03:16
LAB751319,ENC121723,PT13039,WBC,White Blood Cell Count,9.1,K/uL,4.5,11,N,STAT,2025-12-27 01:58,2025-12-27 02:14,2025-12-27 03:18
LAB751320,ENC121723,PT13039,HGB,Hemoglobin,13.7,g/dL,12,17.5,N,STAT,2025-12-27 02:19,2025-12-27 02:30,2025-12-27 03:05
LAB751321,ENC121724,PT12154,GLU,Glucose,105,mg/dL,70,99,H,STAT,2025-12-27 02:40,2025-12-27 02:53,2025-12-27 03:34
LAB751322,ENC121724,PT12154,CREAT,Creatinine,0.96,mg/dL,0.6,1.3,N,Routine,2025-12-27 02:02,2025-12-27 02:36,2025-12-27 09:28
LAB751323,ENC121724,PT12154,WBC,White Blood Cell Count,8.6,K/uL,4.5,11,N,Routine,2025-12-27 01:51,2025-12-27 02:21,2025-12-27 06:08
LAB751324,ENC121724,PT12154,HGB,Hemoglobin,13.8,g/dL,12,17.5,N,Routine,2025-12-27 02:28,2025-12-27 02:45,2025-12-27 05:02
LAB751325,ENC121724,PT12154,NA,Sodium,141,mmol/L,136,145,N,STAT,2025-12-27 02:16,2025-12-27 02:34,2025-12-27 03:00
LAB751326,ENC121724,PT12154,K,Potassium,3.9,mmol/L,3.5,5.1,N,STAT,2025-12-27 02:45,2025-12-27 02:50,2025-12-27 03:48
LAB751327,ENC121724,PT12154,BUN,Blood Urea Nitrogen,19,mg/dL,7,20,N,Routine,2025-12-27 02:02,2025-12-27 02:07,2025-12-27 03:21
LAB751328,ENC121724,PT12154,PLT,Platelet Count,271,K/uL,150,400,N,STAT,2025-12-27 02:19,2025-12-27 02:32,2025-12-27 02:54
LAB751329,ENC121725,PT13031,GLU,Glucose,150,mg/dL,70,99,H,STAT,2025-12-27 03:41,2025-12-27 04:08,2025-12-27 04:48
LAB751330,ENC121725,PT13031,CREAT,Creatinine,1.04,mg/dL,0.6,1.3,N,STAT,2025-12-27 03:12,2025-12-27 03:30,2025-12-27 04:42
LAB751331,ENC121725,PT13031,WBC,White Blood Cell Count,7.8,K/uL,4.5,11,N,STAT,2025-12-27 03:55,2025-12-27 04:11,2025-12-27 05:44
LAB751332,ENC121727,PT10637,GLU,Glucose,105,mg/dL,70,99,H,Routine,2025-12-27 05:46,2025-12-27 06:20,2025-12-27 09:44
LAB751333,ENC121727,PT10637,CREAT,Creatinine,0.32,mg/dL,0.6,1.3,L,STAT,2025-12-27 05:51,2025-12-27 06:08,2025-12-27 06:44
LAB751334,ENC121727,PT10637,WBC,White Blood Cell Count,8.7,K/uL,4.5,11,N,Routine,2025-12-27 06:24,2025-12-27 06:34,2025-12-27 12:29
LAB751335,ENC121727,PT10637,HGB,Hemoglobin,14.1,g/dL,12,17.5,N,Routine,2025-12-27 06:17,2025-12-27 06:36,2025-12-27 10:11
LAB751336,ENC121727,PT10637,BUN,Blood Urea Nitrogen,18,mg/dL,7,20,N,STAT,2025-12-27 06:19,2025-12-27 06:35,2025-12-27 07:14
LAB751337,ENC121727,PT10637,PLT,Platelet Count,189,K/uL,150,400,N,Routine,2025-12-27 05:49,2025-12-27 06:19,2025-12-27 07:37
LAB751338,ENC121728,PT12266,GLU,Glucose,175,mg/dL,70,99,H,STAT,2025-12-27 11:48,2025-12-27 12:22,2025-12-27 12:48
LAB751339,ENC121728,PT12266,CREAT,Creatinine,0.82,mg/dL,0.6,1.3,N,Routine,2025-12-27 12:22,2025-12-27 12:54,2025-12-27 22:11
LAB751340,ENC121728,PT12266,WBC,White Blood Cell Count,10.4,K/uL,4.5,11,N,Routine,2025-12-27 12:45,2025-12-27 13:01,2025-12-27 17:25
LAB751341,ENC121728,PT12266,HGB,Hemoglobin,12.7,g/dL,12,17.5,N,Routine,2025-12-27 12:32,2025-12-27 12:53,2025-12-27 15:17
LAB751342,ENC121733,PT10487,GLU,Glucose,119,mg/dL,70,99,H,STAT,2025-12-27 10:43,2025-12-27 10:53,2025-12-27 11:45
LAB751343,ENC121733,PT10487,CREAT,Creatinine,1.04,mg/dL,0.6,1.3,N,Routine,2025-12-27 10:54,2025-12-27 11:13,2025-12-27 15:43
LAB751344,ENC121733,PT10487,WBC,White Blood Cell Count,4.4,K/uL,4.5,11,L,STAT,2025-12-27 10:38,2025-12-27 11:07,2025-12-27 11:52
LAB751345,ENC121734,PT11185,GLU,Glucose,108,mg/dL,70,99,H,Routine,2025-12-27 11:36,2025-12-27 11:41,2025-12-27 13:26
LAB751346,ENC121734,PT11185,CREAT,Creatinine,0.36,mg/dL,0.6,1.3,L,STAT,2025-12-27 10:33,2025-12-27 11:05,2025-12-27 11:42
LAB751347,ENC121735,PT10163,GLU,Glucose,92,mg/dL,70,99,N,STAT,2025-12-27 17:50,2025-12-27 18:11,2025-12-27 19:03
LAB751348,ENC121735,PT10163,CREAT,Creatinine,0.58,mg/dL,0.6,1.3,L,STAT,2025-12-27 17:50,2025-12-27 18:06,2025-12-27 18:40
LAB751349,ENC121735,PT10163,WBC,White Blood Cell Count,5.1,K/uL,4.5,11,N,Routine,2025-12-27 17:48,2025-12-27 18:15,2025-12-27 20:19
LAB751350,ENC121735,PT10163,HGB,Hemoglobin,11.3,g/dL,12,17.5,L,STAT,2025-12-27 17:25,2025-12-27 17:34,2025-12-27 18:05
LAB751351,ENC121736,PT11427,GLU,Glucose,90,mg/dL,70,99,N,STAT,2025-12-27 18:32,2025-12-27 19:04,2025-12-27 20:45
LAB751352,ENC121736,PT11427,CREAT,Creatinine,1.02,mg/dL,0.6,1.3,N,STAT,2025-12-27 19:10,2025-12-27 19:32,2025-12-27 20:22
LAB751353,ENC121736,PT11427,WBC,White Blood Cell Count,7.7,K/uL,4.5,11,N,Routine,2025-12-27 18:26,2025-12-27 18:54,2025-12-27 22:54
LAB751354,ENC121736,PT11427,HGB,Hemoglobin,12.1,g/dL,12,17.5,N,Routine,2025-12-27 18:25,2025-12-27 18:43,2025-12-27 20:34
LAB751355,ENC121737,PT12653,GLU,Glucose,275,mg/dL,70,99,H,STAT,2025-12-27 20:49,2025-12-27 21:19,2025-12-27 22:03
LAB751356,ENC121737,PT12653,CREAT,Creatinine,0.44,mg/dL,0.6,1.3,L,STAT,2025-12-27 20:52,2025-12-27 20:56,2025-12-27 21:25
LAB751357,ENC121737,PT12653,WBC,White Blood Cell Count,12.8,K/uL,4.5,11,H,STAT,2025-12-27 21:35,2025-12-27 21:40,2025-12-27 22:05
LAB751358,ENC121737,PT12653,HGB,Hemoglobin,11.8,g/dL,12,17.5,L,STAT,2025-12-27 20:52,2025-12-27 21:17,2025-12-27 21:54
LAB751359,ENC121738,PT10802,GLU,Glucose,106,mg/dL,70,99,H,Routine,2025-12-27 21:55,2025-12-27 22:05,2025-12-28 03:58
LAB751360,ENC121738,PT10802,CREAT,Creatinine,1.25,mg/dL,0.6,1.3,N,STAT,2025-12-27 20:56,2025-12-27 21:12,2025-12-27 21:55
LAB751361,ENC121738,PT10802,WBC,White Blood Cell Count,9.2,K/uL,4.5,11,N,Routine,2025-12-27 20:58,2025-12-27 21:28,2025-12-27 23:42
LAB751362,ENC121738,PT10802,HGB,Hemoglobin,13.5,g/dL,12,17.5,N,Routine,2025-12-27 21:08,2025-12-27 21:41,2025-12-28 04:12
LAB751363,ENC121738,PT10802,INR,Prothrombin Time INR,3,ratio,0.8,1.2,H,STAT,2025-12-27 21:54,2025-12-27 21:58,2025-12-27 22:21
LAB751364,ENC121739,PT10399,GLU,Glucose,54,mg/dL,70,99,L,STAT,2025-12-28 02:21,2025-12-28 02:31,2025-12-28 03:02
LAB751365,ENC121739,PT10399,CREAT,Creatinine,1.09,mg/dL,0.6,1.3,N,Routine,2025-12-28 01:39,2025-12-28 01:53,2025-12-28 05:27
LAB751366,ENC121739,PT10399,WBC,White Blood Cell Count,1.2,K/uL,4.5,11,L,STAT,2025-12-28 02:02,2025-12-28 02:26,2025-12-28 03:03
LAB751367,ENC121739,PT10399,HGB,Hemoglobin,13.6,g/dL,12,17.5,N,STAT,2025-12-28 02:11,2025-12-28 02:27,2025-12-28 03:42
LAB751368,ENC121739,PT10399,BUN,Blood Urea Nitrogen,11,mg/dL,7,20,N,STAT,2025-12-28 01:29,2025-12-28 01:55,2025-12-28 02:49
LAB751369,ENC121739,PT10399,PLT,Platelet Count,50,K/uL,150,400,L,Routine,2025-12-28 01:26,2025-12-28 01:54,2025-12-28 08:40
LAB751370,ENC121740,PT13687,GLU,Glucose,104,mg/dL,70,99,H,Routine,2025-12-28 00:29,2025-12-28 00:37,2025-12-28 06:15
LAB751371,ENC121740,PT13687,CREAT,Creatinine,0.97,mg/dL,0.6,1.3,N,STAT,2025-12-28 01:23,2025-12-28 01:29,2025-12-28 02:55
LAB751372,ENC121740,PT13687,WBC,White Blood Cell Count,14.7,K/uL,4.5,11,H,STAT,2025-12-28 01:24,2025-12-28 01:37,2025-12-28 01:52
LAB751373,ENC121742,PT12485,GLU,Glucose,73,mg/dL,70,99,N,Routine,2025-12-28 12:06,2025-12-28 12:41,2025-12-28 16:42
LAB751374,ENC121742,PT12485,CREAT,Creatinine,0.37,mg/dL,0.6,1.3,L,STAT,2025-12-28 13:00,2025-12-28 13:30,2025-12-28 14:01
LAB751375,ENC121742,PT12485,WBC,White Blood Cell Count,7.8,K/uL,4.5,11,N,STAT,2025-12-28 12:50,2025-12-28 13:04,2025-12-28 13:45
LAB751376,ENC121742,PT12485,HGB,Hemoglobin,12.7,g/dL,12,17.5,N,STAT,2025-12-28 12:18,2025-12-28 12:24,2025-12-28 13:05
LAB751377,ENC121742,PT12485,BUN,Blood Urea Nitrogen,13,mg/dL,7,20,N,STAT,2025-12-28 12:40,2025-12-28 13:06,2025-12-28 14:16
LAB751378,ENC121742,PT12485,PLT,Platelet Count,156,K/uL,150,400,N,STAT,2025-12-28 12:32,2025-12-28 12:56,2025-12-28 13:44
LAB751379,ENC121743,PT12514,GLU,Glucose,120,mg/dL,70,99,H,STAT,2025-12-28 12:46,2025-12-28 12:54,2025-12-28 13:44
LAB751380,ENC121743,PT12514,CREAT,Creatinine,0.57,mg/dL,0.6,1.3,L,STAT,2025-12-28 12:41,2025-12-28 13:15,2025-12-28 13:59
LAB751381,ENC121743,PT12514,WBC,White Blood Cell Count,5.8,K/uL,4.5,11,N,STAT,2025-12-28 12:02,2025-12-28 12:18,2025-12-28 12:37
LAB751382,ENC121743,PT12514,HGB,Hemoglobin,11.3,g/dL,12,17.5,L,STAT,2025-12-28 12:01,2025-12-28 12:06,2025-12-28 12:28
LAB751383,ENC121747,PT12753,GLU,Glucose,110,mg/dL,70,99,H,STAT,2025-12-28 18:50,2025-12-28 19:03,2025-12-28 20:07
LAB751384,ENC121747,PT12753,CREAT,Creatinine,0.54,mg/dL,0.6,1.3,L,STAT,2025-12-28 18:40,2025-12-28 18:44,2025-12-28 19:23
LAB751385,ENC121747,PT12753,WBC,White Blood Cell Count,9.3,K/uL,4.5,11,N,Routine,2025-12-28 19:11,2025-12-28 19:18,2025-12-29 01:17
LAB751386,ENC121747,PT12753,HGB,Hemoglobin,14.3,g/dL,12,17.5,N,STAT,2025-12-28 19:21,2025-12-28 19:54,2025-12-28 20:36
LAB751387,ENC121748,PT13958,GLU,Glucose,89,mg/dL,70,99,N,STAT,2025-12-28 19:50,2025-12-28 20:00,2025-12-28 21:04
LAB751388,ENC121748,PT13958,CREAT,Creatinine,0.69,mg/dL,0.6,1.3,N,STAT,2025-12-28 19:42,2025-12-28 20:04,2025-12-28 20:44
LAB751389,ENC121748,PT13958,WBC,White Blood Cell Count,4.6,K/uL,4.5,11,N,Routine,2025-12-28 20:15,2025-12-28 20:22,2025-12-28 22:06
LAB751390,ENC121748,PT13958,HGB,Hemoglobin,15.3,g/dL,12,17.5,N,STAT,2025-12-28 19:43,2025-12-28 20:13,2025-12-28 21:16
LAB751391,ENC121748,PT13958,INR,Prothrombin Time INR,0.9,ratio,0.8,1.2,N,Routine,2025-12-28 20:29,2025-12-28 20:57,2025-12-28 23:38
LAB751392,ENC121749,PT12594,GLU,Glucose,221,mg/dL,70,99,H,STAT,2025-12-28 18:33,2025-12-28 19:00,2025-12-28 20:35
LAB751393,ENC121749,PT12594,CREAT,Creatinine,1.23,mg/dL,0.6,1.3,N,Routine,2025-12-28 17:27,2025-12-28 17:33,2025-12-28 23:01
LAB751394,ENC121749,PT12594,WBC,White Blood Cell Count,11.6,K/uL,4.5,11,H,STAT,2025-12-28 17:56,2025-12-28 18:25,2025-12-28 19:36
LAB751395,ENC121749,PT12594,HGB,Hemoglobin,11.9,g/dL,12,17.5,L,STAT,2025-12-28 17:53,2025-12-28 18:28,2025-12-28 19:18
LAB751396,ENC121750,PT13284,GLU,Glucose,96,mg/dL,70,99,N,STAT,2025-12-28 18:13,2025-12-28 18:47,2025-12-28 19:24
LAB751397,ENC121750,PT13284,CREAT,Creatinine,0.97,mg/dL,0.6,1.3,N,STAT,2025-12-28 19:06,2025-12-28 19:24,2025-12-28 20:14
LAB751398,ENC121750,PT13284,WBC,White Blood Cell Count,5.8,K/uL,4.5,11,N,Routine,2025-12-28 19:08,2025-12-28 19:25,2025-12-28 23:47
LAB751399,ENC121750,PT13284,HGB,Hemoglobin,14.9,g/dL,12,17.5,N,Routine,2025-12-28 18:15,2025-12-28 18:31,2025-12-28 21:47
LAB751400,ENC121750,PT13284,TROP,"Troponin I, High Sensitivity",10,ng/L,0,34,N,STAT,2025-12-28 19:01,2025-12-28 19:33,2025-12-28 20:16
LAB751401,ENC121751,PT10842,GLU,Glucose,120,mg/dL,70,99,H,STAT,2025-12-28 23:05,2025-12-28 23:27,2025-12-29 00:33
LAB751402,ENC121751,PT10842,CREAT,Creatinine,1.17,mg/dL,0.6,1.3,N,Routine,2025-12-28 23:14,2025-12-28 23:22,2025-12-29 02:53
LAB751403,ENC121751,PT10842,WBC,White Blood Cell Count,3.3,K/uL,4.5,11,L,STAT,2025-12-28 23:28,2025-12-28 23:56,2025-12-29 00:39
LAB751404,ENC121751,PT10842,HGB,Hemoglobin,7.4,g/dL,12,17.5,L,STAT,2025-12-28 23:11,2025-12-28 23:41,2025-12-29 00:53
LAB751405,ENC121751,PT10842,TROP,"Troponin I, High Sensitivity",8,ng/L,0,34,N,STAT,2025-12-28 23:37,2025-12-28 23:58,2025-12-29 00:37
LAB751406,ENC121753,PT12333,GLU,Glucose,103,mg/dL,70,99,H,Routine,2025-12-29 03:34,2025-12-29 03:45,2025-12-29 05:02
LAB751407,ENC121753,PT12333,CREAT,Creatinine,0.91,mg/dL,0.6,1.3,N,Routine,2025-12-29 03:25,2025-12-29 03:31,2025-12-29 04:59
LAB751408,ENC121753,PT12333,WBC,White Blood Cell Count,9.7,K/uL,4.5,11,N,Routine,2025-12-29 03:02,2025-12-29 03:19,2025-12-29 06:04
LAB751409,ENC121753,PT12333,HGB,Hemoglobin,9.9,g/dL,12,17.5,L,STAT,2025-12-29 03:46,2025-12-29 04:12,2025-12-29 05:12
LAB751410,ENC121754,PT10994,GLU,Glucose,98,mg/dL,70,99,N,STAT,2025-12-29 03:07,2025-12-29 03:42,2025-12-29 04:09
LAB751411,ENC121754,PT10994,CREAT,Creatinine,0.37,mg/dL,0.6,1.3,L,Routine,2025-12-29 03:41,2025-12-29 04:05,2025-12-29 08:04
LAB751412,ENC121755,PT10714,GLU,Glucose,170,mg/dL,70,99,H,STAT,2025-12-29 05:54,2025-12-29 06:05,2025-12-29 06:49
LAB751413,ENC121755,PT10714,CREAT,Creatinine,0.92,mg/dL,0.6,1.3,N,STAT,2025-12-29 05:38,2025-12-29 06:12,2025-12-29 07:12
LAB751414,ENC121755,PT10714,WBC,White Blood Cell Count,7,K/uL,4.5,11,N,Routine,2025-12-29 05:33,2025-12-29 05:38,2025-12-29 08:16
LAB751415,ENC121755,PT10714,HGB,Hemoglobin,13.2,g/dL,12,17.5,N,Routine,2025-12-29 06:14,2025-12-29 06:44,2025-12-29 09:37
LAB751416,ENC121755,PT10714,NA,Sodium,140,mmol/L,136,145,N,STAT,2025-12-29 05:49,2025-12-29 06:17,2025-12-29 07:16
LAB751417,ENC121755,PT10714,K,Potassium,4.5,mmol/L,3.5,5.1,N,STAT,2025-12-29 05:39,2025-12-29 06:04,2025-12-29 06:53
LAB751418,ENC121755,PT10714,TROP,"Troponin I, High Sensitivity",78,ng/L,0,34,H,STAT,2025-12-29 05:42,2025-12-29 06:10,2025-12-29 06:43
LAB751419,ENC121756,PT10525,GLU,Glucose,113,mg/dL,70,99,H,STAT,2025-12-29 10:15,2025-12-29 10:25,2025-12-29 11:09
LAB751420,ENC121756,PT10525,CREAT,Creatinine,0.82,mg/dL,0.6,1.3,N,Routine,2025-12-29 10:49,2025-12-29 11:03,2025-12-29 14:41
LAB751421,ENC121756,PT10525,WBC,White Blood Cell Count,8.1,K/uL,4.5,11,N,STAT,2025-12-29 10:48,2025-12-29 11:07,2025-12-29 11:50
LAB751422,ENC121756,PT10525,HGB,Hemoglobin,12.6,g/dL,12,17.5,N,STAT,2025-12-29 10:52,2025-12-29 11:14,2025-12-29 12:10
LAB751423,ENC121756,PT10525,TROP,"Troponin I, High Sensitivity",35,ng/L,0,34,H,STAT,2025-12-29 10:19,2025-12-29 10:53,2025-12-29 11:41
LAB751424,ENC121756,PT10525,BNP,B-Type Natriuretic Peptide,577,pg/mL,0,100,H,Routine,2025-12-29 10:04,2025-12-29 10:30,2025-12-29 13:45
LAB751425,ENC121758,PT12099,A1C,Hemoglobin A1c,5.1,%,4,5.6,N,Routine,2025-12-29 08:57,2025-12-29 09:07,2025-12-29 22:41
LAB751426,ENC121758,PT12099,GLU,Glucose,126,mg/dL,70,99,H,Routine,2025-12-29 09:07,2025-12-29 09:18,2025-12-29 12:03
LAB751427,ENC121758,PT12099,CREAT,Creatinine,0.9,mg/dL,0.6,1.3,N,Routine,2025-12-29 08:52,2025-12-29 08:58,2025-12-29 12:41
LAB751428,ENC121761,PT11233,A1C,Hemoglobin A1c,7.1,%,4,5.6,H,Routine,2025-12-29 09:15,2025-12-29 09:40,2025-12-29 17:40
LAB751429,ENC121763,PT12405,A1C,Hemoglobin A1c,5.6,%,4,5.6,N,Routine,2025-12-29 09:35,2025-12-29 09:54,2025-12-29 21:06
LAB751430,ENC121764,PT11507,LDL,LDL Cholesterol,108,mg/dL,0,99,H,Routine,2025-12-29 09:39,2025-12-29 09:46,2025-12-29 22:03
LAB751431,ENC121764,PT11507,A1C,Hemoglobin A1c,5.1,%,4,5.6,N,Routine,2025-12-29 09:44,2025-12-29 10:07,2025-12-29 13:41
LAB751432,ENC121765,PT13371,GLU,Glucose,134,mg/dL,70,99,H,Routine,2025-12-29 13:51,2025-12-29 13:58,2025-12-29 15:33
LAB751433,ENC121765,PT13371,CREAT,Creatinine,1,mg/dL,0.6,1.3,N,STAT,2025-12-29 13:53,2025-12-29 14:10,2025-12-29 15:38
LAB751434,ENC121765,PT13371,WBC,White Blood Cell Count,7.7,K/uL,4.5,11,N,Routine,2025-12-29 13:44,2025-12-29 14:01,2025-12-29 17:17
LAB751435,ENC121765,PT13371,HGB,Hemoglobin,15.3,g/dL,12,17.5,N,Routine,2025-12-29 13:43,2025-12-29 14:05,2025-12-29 15:44
LAB751436,ENC121765,PT13371,NA,Sodium,139,mmol/L,136,145,N,Routine,2025-12-29 13:13,2025-12-29 13:36,2025-12-29 19:26
LAB751437,ENC121765,PT13371,K,Potassium,4,mmol/L,3.5,5.1,N,STAT,2025-12-29 13:14,2025-12-29 13:27,2025-12-29 14:33
LAB751438,ENC121765,PT13371,INR,Prothrombin Time INR,1.2,ratio,0.8,1.2,N,STAT,2025-12-29 14:00,2025-12-29 14:30,2025-12-29 15:28
LAB751439,ENC121766,PT13163,A1C,Hemoglobin A1c,10.9,%,4,5.6,H,Routine,2025-12-29 11:01,2025-12-29 11:17,2025-12-29 17:27
LAB751440,ENC121770,PT10568,LDL,LDL Cholesterol,63,mg/dL,0,99,N,Routine,2025-12-29 12:41,2025-12-29 13:14,2025-12-30 14:32
LAB751441,ENC121770,PT10568,A1C,Hemoglobin A1c,5.4,%,4,5.6,N,Routine,2025-12-29 12:31,2025-12-29 12:56,2025-12-29 22:20
LAB751442,ENC121770,PT10568,TSH,Thyroid Stimulating Hormone,3.01,mIU/L,0.4,4,N,Routine,2025-12-29 12:27,2025-12-29 12:53,2025-12-30 00:59
LAB751443,ENC121774,PT12744,WBC,White Blood Cell Count,5,K/uL,4.5,11,N,Routine,2025-12-29 13:38,2025-12-29 14:01,2025-12-29 17:42
LAB751444,ENC121774,PT12744,HGB,Hemoglobin,10.4,g/dL,12,17.5,L,Routine,2025-12-29 13:54,2025-12-29 14:10,2025-12-29 17:44
LAB751445,ENC121774,PT12744,PLT,Platelet Count,213,K/uL,150,400,N,Routine,2025-12-29 13:54,2025-12-29 14:04,2025-12-29 16:03
LAB751446,ENC121776,PT13250,LDL,LDL Cholesterol,107,mg/dL,0,99,H,Routine,2025-12-29 13:56,2025-12-29 14:23,2025-12-30 02:28
LAB751447,ENC121781,PT13319,GLU,Glucose,126,mg/dL,70,99,H,Routine,2025-12-29 15:46,2025-12-29 15:56,2025-12-29 18:07
LAB751448,ENC121781,PT13319,CREAT,Creatinine,0.35,mg/dL,0.6,1.3,L,STAT,2025-12-29 15:54,2025-12-29 16:26,2025-12-29 16:59
LAB751449,ENC121783,PT13242,A1C,Hemoglobin A1c,9.2,%,4,5.6,H,Routine,2025-12-29 15:54,2025-12-29 16:01,2025-12-30 06:55
LAB751450,ENC121785,PT10723,WBC,White Blood Cell Count,7.1,K/uL,4.5,11,N,Routine,2025-12-29 16:44,2025-12-29 16:58,2025-12-29 20:50
LAB751451,ENC121785,PT10723,HGB,Hemoglobin,13.3,g/dL,12,17.5,N,Routine,2025-12-29 16:21,2025-12-29 16:35,2025-12-29 17:52
LAB751452,ENC121785,PT10723,PLT,Platelet Count,113,K/uL,150,400,L,Routine,2025-12-29 16:42,2025-12-29 17:17,2025-12-29 19:03
LAB751453,ENC121786,PT10496,GLU,Glucose,100,mg/dL,70,99,H,Routine,2025-12-29 17:08,2025-12-29 17:36,2025-12-29 18:16
LAB751454,ENC121786,PT10496,CREAT,Creatinine,0.61,mg/dL,0.6,1.3,N,Routine,2025-12-29 17:40,2025-12-29 17:45,2025-12-29 21:55
LAB751455,ENC121786,PT10496,WBC,White Blood Cell Count,12.9,K/uL,4.5,11,H,Routine,2025-12-29 18:11,2025-12-29 18:21,2025-12-29 20:33
LAB751456,ENC121789,PT11738,GLU,Glucose,263,mg/dL,70,99,H,STAT,2025-12-30 00:20,2025-12-30 00:48,2025-12-30 02:16
LAB751457,ENC121789,PT11738,CREAT,Creatinine,1.04,mg/dL,0.6,1.3,N,Routine,2025-12-29 23:27,2025-12-29 23:59,2025-12-30 01:09
LAB751458,ENC121789,PT11738,WBC,White Blood Cell Count,4.8,K/uL,4.5,11,N,STAT,2025-12-29 23:58,2025-12-30 00:04,2025-12-30 00:47
LAB751459,ENC121789,PT11738,HGB,Hemoglobin,14.3,g/dL,12,17.5,N,Routine,2025-12-30 00:15,2025-12-30 00:22,2025-12-30 02:27
LAB751460,ENC121789,PT11738,INR,Prothrombin Time INR,1,ratio,0.8,1.2,N,STAT,2025-12-29 23:46,2025-12-30 00:00,2025-12-30 01:06
LAB751461,ENC121792,PT10855,GLU,Glucose,87,mg/dL,70,99,N,STAT,2025-12-29 21:52,2025-12-29 22:18,2025-12-29 23:32
LAB751462,ENC121792,PT10855,CREAT,Creatinine,0.62,mg/dL,0.6,1.3,N,STAT,2025-12-29 22:24,2025-12-29 22:41,2025-12-29 23:40
LAB751463,ENC121792,PT10855,WBC,White Blood Cell Count,7.9,K/uL,4.5,11,N,Routine,2025-12-29 22:10,2025-12-29 22:24,2025-12-29 23:51
LAB751464,ENC121792,PT10855,HGB,Hemoglobin,11.8,g/dL,12,17.5,L,Routine,2025-12-29 22:12,2025-12-29 22:22,2025-12-30 00:42
LAB751465,ENC121793,PT11574,GLU,Glucose,79,mg/dL,70,99,N,STAT,2025-12-29 22:04,2025-12-29 22:34,2025-12-29 23:29
LAB751466,ENC121793,PT11574,CREAT,Creatinine,1.02,mg/dL,0.6,1.3,N,Routine,2025-12-29 21:25,2025-12-29 21:51,2025-12-30 01:16
LAB751467,ENC121793,PT11574,TROP,"Troponin I, High Sensitivity",6,ng/L,0,34,N,STAT,2025-12-29 21:25,2025-12-29 21:56,2025-12-29 23:52
LAB751468,ENC121795,PT10183,TROP,"Troponin I, High Sensitivity",10,ng/L,0,34,N,STAT,2025-12-30 01:44,2025-12-30 01:56,2025-12-30 02:27
LAB751469,ENC121796,PT12007,LDL,LDL Cholesterol,186,mg/dL,0,99,H,Routine,2025-12-30 08:06,2025-12-30 08:20,2025-12-30 23:57
LAB751470,ENC121796,PT12007,A1C,Hemoglobin A1c,7,%,4,5.6,H,Routine,2025-12-30 08:15,2025-12-30 08:29,2025-12-30 18:36
LAB751471,ENC121798,PT12203,WBC,White Blood Cell Count,6.9,K/uL,4.5,11,N,Routine,2025-12-30 08:27,2025-12-30 08:55,2025-12-30 11:32
LAB751472,ENC121798,PT12203,HGB,Hemoglobin,10.2,g/dL,12,17.5,L,Routine,2025-12-30 08:17,2025-12-30 08:48,2025-12-30 10:43
LAB751473,ENC121798,PT12203,PLT,Platelet Count,184,K/uL,150,400,N,Routine,2025-12-30 08:23,2025-12-30 08:56,2025-12-30 10:57
LAB751474,ENC121802,PT12023,A1C,Hemoglobin A1c,6.8,%,4,5.6,H,Routine,2025-12-30 09:47,2025-12-30 09:53,2025-12-30 17:59
LAB751475,ENC121804,PT12621,A1C,Hemoglobin A1c,9,%,4,5.6,H,Routine,2025-12-30 10:14,2025-12-30 10:40,2025-12-30 19:17
LAB751476,ENC121804,PT12621,GLU,Glucose,323,mg/dL,70,99,H,Routine,2025-12-30 09:52,2025-12-30 10:07,2025-12-30 12:19
LAB751477,ENC121804,PT12621,CREAT,Creatinine,0.64,mg/dL,0.6,1.3,N,Routine,2025-12-30 10:03,2025-12-30 10:07,2025-12-30 13:49
LAB751478,ENC121805,PT12672,LDL,LDL Cholesterol,147,mg/dL,0,99,H,Routine,2025-12-30 10:00,2025-12-30 10:26,2025-12-31 13:49
LAB751479,ENC121805,PT12672,A1C,Hemoglobin A1c,5.1,%,4,5.6,N,Routine,2025-12-30 10:09,2025-12-30 10:34,2025-12-30 16:53
LAB751480,ENC121806,PT13229,GLU,Glucose,131,mg/dL,70,99,H,Routine,2025-12-30 16:17,2025-12-30 16:37,2025-12-30 19:06
LAB751481,ENC121806,PT13229,CREAT,Creatinine,1.26,mg/dL,0.6,1.3,N,STAT,2025-12-30 15:39,2025-12-30 16:11,2025-12-30 17:13
LAB751482,ENC121806,PT13229,WBC,White Blood Cell Count,5.1,K/uL,4.5,11,N,STAT,2025-12-30 15:27,2025-12-30 15:50,2025-12-30 16:33
LAB751483,ENC121806,PT13229,HGB,Hemoglobin,13.6,g/dL,12,17.5,N,Routine,2025-12-30 16:13,2025-12-30 16:42,2025-12-30 20:54
LAB751484,ENC121809,PT12823,LDL,LDL Cholesterol,132,mg/dL,0,99,H,Routine,2025-12-30 10:37,2025-12-30 10:44,2025-12-30 21:37
LAB751485,ENC121815,PT12763,LDL,LDL Cholesterol,88,mg/dL,0,99,N,Routine,2025-12-30 12:30,2025-12-30 12:51,2025-12-31 02:18
LAB751486,ENC121815,PT12763,A1C,Hemoglobin A1c,6.4,%,4,5.6,H,Routine,2025-12-30 12:32,2025-12-30 12:55,2025-12-30 23:21
LAB751487,ENC121815,PT12763,TSH,Thyroid Stimulating Hormone,2.93,mIU/L,0.4,4,N,Routine,2025-12-30 12:40,2025-12-30 12:46,2025-12-30 22:09
LAB751488,ENC121816,PT11361,LDL,LDL Cholesterol,139,mg/dL,0,99,H,Routine,2025-12-30 12:59,2025-12-30 13:09,2025-12-30 22:41
LAB751489,ENC121820,PT11452,TROP,"Troponin I, High Sensitivity",3,ng/L,0,34,N,STAT,2025-12-30 17:54,2025-12-30 18:02,2025-12-30 18:41
LAB751490,ENC121821,PT10591,GLU,Glucose,233,mg/dL,70,99,H,STAT,2025-12-30 19:01,2025-12-30 19:35,2025-12-30 20:42
LAB751491,ENC121821,PT10591,CREAT,Creatinine,0.74,mg/dL,0.6,1.3,N,STAT,2025-12-30 18:50,2025-12-30 19:11,2025-12-30 19:52
LAB751492,ENC121821,PT10591,WBC,White Blood Cell Count,13.4,K/uL,4.5,11,H,STAT,2025-12-30 19:35,2025-12-30 20:01,2025-12-30 20:35
LAB751493,ENC121821,PT10591,HGB,Hemoglobin,14.1,g/dL,12,17.5,N,STAT,2025-12-30 19:12,2025-12-30 19:47,2025-12-30 20:34
LAB751494,ENC121822,PT11310,GLU,Glucose,108,mg/dL,70,99,H,STAT,2025-12-30 22:27,2025-12-30 22:48,2025-12-30 23:32
LAB751495,ENC121822,PT11310,CREAT,Creatinine,1.12,mg/dL,0.6,1.3,N,Routine,2025-12-30 21:44,2025-12-30 22:16,2025-12-31 07:19
LAB751496,ENC121822,PT11310,WBC,White Blood Cell Count,13.4,K/uL,4.5,11,H,STAT,2025-12-30 22:02,2025-12-30 22:36,2025-12-30 23:29
LAB751497,ENC121830,PT12084,GLU,Glucose,102,mg/dL,70,99,H,Routine,2025-12-31 10:31,2025-12-31 10:50,2025-12-31 13:45
LAB751498,ENC121830,PT12084,CREAT,Creatinine,2.92,mg/dL,0.6,1.3,H,STAT,2025-12-31 10:51,2025-12-31 11:22,2025-12-31 12:25
LAB751499,ENC121830,PT12084,WBC,White Blood Cell Count,17.3,K/uL,4.5,11,H,STAT,2025-12-31 10:39,2025-12-31 10:59,2025-12-31 11:43
LAB751500,ENC121830,PT12084,HGB,Hemoglobin,10.7,g/dL,12,17.5,L,STAT,2025-12-31 10:03,2025-12-31 10:30,2025-12-31 11:06
LAB751501,ENC121832,PT12048,WBC,White Blood Cell Count,7,K/uL,4.5,11,N,Routine,2025-12-31 10:17,2025-12-31 10:42,2025-12-31 11:44
LAB751502,ENC121832,PT12048,HGB,Hemoglobin,14.5,g/dL,12,17.5,N,Routine,2025-12-31 10:29,2025-12-31 10:42,2025-12-31 12:23
LAB751503,ENC121832,PT12048,PLT,Platelet Count,141,K/uL,150,400,L,Routine,2025-12-31 10:13,2025-12-31 10:40,2025-12-31 12:04
LAB751504,ENC121835,PT12888,GLU,Glucose,192,mg/dL,70,99,H,Routine,2025-12-31 11:54,2025-12-31 12:24,2025-12-31 13:40
LAB751505,ENC121835,PT12888,CREAT,Creatinine,0.74,mg/dL,0.6,1.3,N,Routine,2025-12-31 12:07,2025-12-31 12:24,2025-12-31 15:06
LAB751506,ENC121841,PT12717,LDL,LDL Cholesterol,177,mg/dL,0,99,H,Routine,2025-12-31 12:28,2025-12-31 12:46,2025-12-31 23:42
LAB751507,ENC121843,PT13926,GLU,Glucose,110,mg/dL,70,99,H,Routine,2025-12-31 14:01,2025-12-31 14:32,2025-12-31 18:10
LAB751508,ENC121843,PT13926,CREAT,Creatinine,0.95,mg/dL,0.6,1.3,N,STAT,2025-12-31 13:31,2025-12-31 13:38,2025-12-31 14:40
LAB751509,ENC121843,PT13926,WBC,White Blood Cell Count,8.5,K/uL,4.5,11,N,STAT,2025-12-31 13:58,2025-12-31 14:18,2025-12-31 14:58
LAB751510,ENC121843,PT13926,HGB,Hemoglobin,13.9,g/dL,12,17.5,N,STAT,2025-12-31 13:34,2025-12-31 13:48,2025-12-31 14:16
LAB751511,ENC121843,PT13926,TROP,"Troponin I, High Sensitivity",6,ng/L,0,34,N,STAT,2025-12-31 13:21,2025-12-31 13:43,2025-12-31 14:29
LAB751512,ENC121845,PT12200,GLU,Glucose,116,mg/dL,70,99,H,STAT,2025-12-31 14:18,2025-12-31 14:27,2025-12-31 15:10
LAB751513,ENC121845,PT12200,CREAT,Creatinine,1.44,mg/dL,0.6,1.3,H,STAT,2025-12-31 14:03,2025-12-31 14:14,2025-12-31 14:58
LAB751514,ENC121845,PT12200,WBC,White Blood Cell Count,7.9,K/uL,4.5,11,N,Routine,2025-12-31 14:16,2025-12-31 14:23,2025-12-31 16:42
LAB751515,ENC121850,PT11981,A1C,Hemoglobin A1c,9.3,%,4,5.6,H,Routine,2025-12-31 15:50,2025-12-31 16:25,2026-01-01 00:27
LAB751516,ENC121850,PT11981,GLU,Glucose,287,mg/dL,70,99,H,Routine,2025-12-31 15:41,2025-12-31 16:07,2025-12-31 19:57
LAB751517,ENC121850,PT11981,CREAT,Creatinine,1.25,mg/dL,0.6,1.3,N,Routine,2025-12-31 15:42,2025-12-31 16:15,2025-12-31 18:23
LAB751518,ENC121851,PT13908,LDL,LDL Cholesterol,159,mg/dL,0,99,H,Routine,2025-12-31 15:58,2025-12-31 16:03,2026-01-02 03:00
LAB751519,ENC121851,PT13908,A1C,Hemoglobin A1c,5,%,4,5.6,N,Routine,2025-12-31 15:50,2025-12-31 16:16,2026-01-02 15:39
LAB751520,ENC121851,PT13908,TSH,Thyroid Stimulating Hormone,2.99,mIU/L,0.4,4,N,Routine,2025-12-31 15:54,2025-12-31 16:11,2026-01-01 02:35
LAB751521,ENC121854,PT10809,GLU,Glucose,203,mg/dL,70,99,H,STAT,2025-12-31 16:36,2025-12-31 17:09,2025-12-31 17:55
LAB751522,ENC121854,PT10809,CREAT,Creatinine,0.83,mg/dL,0.6,1.3,N,Routine,2025-12-31 16:58,2025-12-31 17:29,2025-12-31 22:19
LAB751523,ENC121855,PT13286,GLU,Glucose,96,mg/dL,70,99,N,STAT,2025-12-31 17:17,2025-12-31 17:31,2025-12-31 18:25
LAB751524,ENC121855,PT13286,CREAT,Creatinine,0.74,mg/dL,0.6,1.3,N,STAT,2025-12-31 17:17,2025-12-31 17:27,2025-12-31 18:48
LAB751525,ENC121856,PT10423,A1C,Hemoglobin A1c,6.9,%,4,5.6,H,Routine,2025-12-31 16:51,2025-12-31 17:03,2026-01-01 06:24
LAB751526,ENC121856,PT10423,GLU,Glucose,203,mg/dL,70,99,H,Routine,2025-12-31 16:46,2025-12-31 17:03,2025-12-31 19:25
LAB751527,ENC121856,PT10423,CREAT,Creatinine,0.88,mg/dL,0.6,1.3,N,Routine,2025-12-31 16:35,2025-12-31 16:46,2025-12-31 19:34
